data/wind_data/wind_24_6.json
{"header": {"parameterUnit": "KT", "parameterCategory": 2, "nx": 256, "ny": 198, "lo1": 44.73521041870117, "la1": -3.236724853515625, "lo2": 111.26478576660156, "la2": 43.468475341796875, "dx": 0.2609002888202667, "dy": -0.23708222806453705, "refTime": "2025-02-20 00:00:00", "forecastTime": 0, "parameterNumber": 2, "parameterNumberName": "eastward_wind"}, "data":
[rows 160 to 179 of 198, columns 0 to 44 of 256]
45.53370666503906,42.77839660644531,40.6381950378418,37.90824890136719,36.25264358520508,36.20174789428711,37.2580680847168,38.968963623046875,40.29173278808594,40.251976013183594,39.676387786865234,39.85112380981445,40.462066650390625,40.72883987426758,40.20496368408203,39.190555572509766,39.295841217041016,41.209712982177734,42.10615921020508,40.55519485473633,38.238075256347656,36.72587585449219,36.38693618774414,36.56110382080078,36.59111022949219,36.5562858581543,36.431278228759766,34.988609313964844,34.836055755615234,36.60627746582031,36.814292907714844,37.261009216308594,38.71217346191406,38.6781005859375,38.364219665527344,39.30257034301758,38.75605392456055,37.470943450927734,37.45335388183594,38.64664840698242,40.58079147338867,42.909034729003906,44.905555725097656,44.36759948730469,41.61112594604492
45.62429428100586,47.39653778076172,45.223106384277344,41.2498664855957,38.19267654418945,37.34444808959961,38.16925048828125,39.55976867675781,40.03411102294922,39.21860885620117,38.67287826538086,39.285037994384766,40.62940979003906,41.29759216308594,40.488765716552734,39.6633415222168,40.461692810058594,42.51652908325195,42.922664642333984,41.098388671875,38.826805114746094,37.521484375,37.254798889160156,37.14811706542969,36.93034744262695,38.03402328491211,38.90715026855469,37.35960388183594,36.1318359375,34.923370361328125,35.822017669677734,38.3671760559082,39.546695709228516,39.31997299194336,38.92208480834961,38.56557846069336,38.29962158203125,38.420433044433594,39.11474609375,40.81764221191406,42.7843132019043,43.84129333496094,42.97243118286133,40.752681732177734,38.71493148803711
45.034366607666016,48.01081085205078,47.0225830078125,43.96227264404297,41.64803695678711,41.01853942871094,41.14640808105469,40.7055778503418,39.61615753173828,38.46807861328125,37.90568542480469,39.094886779785156,41.34744644165039,41.673240661621094,40.141719818115234,39.542049407958984,41.302879333496094,44.22541427612305,43.234107971191406,39.813961029052734,37.31513977050781,36.372161865234375,36.03176498413086,36.98796844482422,39.846920013427734,40.68458938598633,38.513370513916016,36.965110778808594,37.72303771972656,37.8223991394043,38.066612243652344,39.760379791259766,40.756935119628906,40.33491897583008,39.516727447509766,39.34320831298828,39.73748016357422,39.82682418823242,40.17610168457031,41.832210540771484,43.001007080078125,42.220802307128906,40.520545959472656,39.175148010253906,39.130531311035156
45.192386627197266,46.65046310424805,45.857017517089844,44.69861602783203,44.29360580444336,44.86748123168945,44.8119010925293,43.14639663696289,40.940155029296875,38.900657653808594,38.71274948120117,41.91047286987305,44.13521194458008,42.69029998779297,40.43415451049805,39.724674224853516,42.83297348022461,45.25141525268555,41.79668045043945,38.026947021484375,36.00820541381836,35.06966781616211,37.2276496887207,40.73984146118164,39.858619689941406,38.971988677978516,38.78368377685547,38.95718002319336,40.692848205566406,41.47792053222656,40.63199234008789,40.6759033203125,41.476871490478516,41.63789749145508,40.97947692871094,40.47130584716797,40.33312225341797,40.132591247558594,40.324859619140625,41.35183334350586,41.87343215942383,41.00906753540039,39.827911376953125,39.54658126831055,40.771583557128906
45.69428253173828,44.84273147583008,43.46416473388672,43.62236404418945,44.93948745727539,46.51412582397461,47.01514434814453,45.862300872802734,43.54234313964844,41.24051284790039,43.58409118652344,47.078670501708984,46.345458984375,43.478336334228516,41.32435989379883,41.63919448852539,45.035030364990234,44.36064529418945,40.28792953491211,37.84172058105469,36.26882553100586,37.31491470336914,39.52490997314453,37.913414001464844,37.43699645996094,39.33114242553711,40.19701385498047,40.90553283691406,42.257301330566406,43.11903762817383,42.50456237792969,41.99149703979492,42.2637939453125,42.26777267456055,41.56538772583008,40.7899169921875,40.32442855834961,40.13387680053711,40.388755798339844,41.1179313659668,41.6154670715332,41.28889083862305,40.66054153442383,40.958072662353516,42.48874282836914
46.53413772583008,44.15827178955078,42.135250091552734,42.6665153503418,44.210060119628906,46.095794677734375,47.36991882324219,47.18891143798828,45.73527908325195,45.71699905395508,48.745262145996094,50.23477554321289,48.38850402832031,45.48074722290039,43.67678451538086,44.82514953613281,45.90726089477539,43.443397521972656,40.97620391845703,39.39451217651367,38.130680084228516,38.559471130371094,38.16469192504883,37.03944396972656,38.085182189941406,40.09479522705078,41.32843017578125,41.96202850341797,42.51506423950195,42.71116256713867,42.34828186035156,42.04690933227539,41.94294357299805,41.50724411010742,40.790374755859375,40.35770797729492,40.37129592895508,40.57682800292969,41.19189453125,42.13081359863281,42.9216194152832,43.06863021850586,42.60967254638672,42.622711181640625,43.6678352355957
47.74945831298828,45.018150329589844,42.92363357543945,43.39936065673828,44.201026916503906,45.834510803222656,47.11176681518555,47.17002487182617,47.33036804199219,49.17915344238281,51.229652404785156,52.01477813720703,51.3420295715332,49.24406433105469,47.783138275146484,48.161373138427734,46.732818603515625,44.63669967651367,43.168312072753906,41.78792953491211,40.42906188964844,39.124664306640625,38.10683822631836,38.1325798034668,39.38667297363281,41.15469741821289,42.344669342041016,42.43943405151367,42.030975341796875,41.78440475463867,41.66828155517578,41.4808464050293,41.179569244384766,40.84926986694336,40.65679168701172,40.75190734863281,41.1715202331543,41.91780090332031,43.023475646972656,44.114501953125,44.71611404418945,44.711875915527344,44.18677520751953,43.878448486328125,44.78874969482422
48.75189208984375,45.96727752685547,44.67243194580078,45.24090576171875,45.49384307861328,46.63890838623047,47.35630416870117,47.04545211791992,48.31945037841797,51.12715148925781,52.52679443359375,53.06849670410156,53.41303634643555,52.62764358520508,52.003665924072266,51.61370849609375,49.57136917114258,47.65082931518555,46.04866027832031,44.528724670410156,43.33943557739258,41.921775817871094,40.73966598510742,40.633323669433594,41.38125991821289,42.447242736816406,43.286834716796875,43.120445251464844,42.395877838134766,41.86015701293945,41.515541076660156,41.13542175292969,40.88329315185547,41.076873779296875,41.61128616333008,42.26754379272461,43.063899993896484,44.07172775268555,45.24211120605469,46.06511688232422,46.1212158203125,45.538143157958984,44.782012939453125,44.832393646240234,46.12513732910156
49.1248893737793,47.46749496459961,47.09040451049805,47.54754638671875,47.210994720458984,47.739280700683594,47.815834045410156,47.71219253540039,50.025482177734375,52.75623321533203,53.270938873291016,53.44434356689453,54.01908493041992,54.21941375732422,55.029335021972656,55.27225112915039,53.333900451660156,51.33404541015625,49.73070526123047,48.06100082397461,46.886512756347656,45.88229751586914,45.01115036010742,44.772010803222656,45.08266830444336,45.58308792114258,45.91817092895508,45.769718170166016,45.15943145751953,44.31927490234375,43.45879364013672,42.733909606933594,42.382484436035156,42.65675735473633,43.3923454284668,44.29317092895508,45.29201889038086,46.40913772583008,47.254638671875,47.42592239379883,46.771766662597656,45.72007751464844,45.248661041259766,46.11033248901367,47.10233688354492
49.282840728759766,49.090702056884766,49.5722770690918,50.11060333251953,49.35735321044922,49.127044677734375,48.76361846923828,49.13710021972656,51.388404846191406,53.142547607421875,53.12107467651367,52.95471954345703,53.27126693725586,54.27969741821289,56.3658447265625,56.94608688354492,54.7525634765625,53.17091751098633,52.20515060424805,51.11411666870117,50.206268310546875,49.472190856933594,48.92580032348633,48.70729446411133,48.89638900756836,49.34183883666992,49.686214447021484,49.64601135253906,49.14925003051758,48.32712173461914,47.34539794921875,46.442527770996094,45.95155715942383,45.950096130371094,46.317081451416016,46.99641799926758,47.74580383300781,48.282188415527344,48.222774505615234,47.61195373535156,46.56943893432617,45.722984313964844,46.05834197998047,47.16271209716797,47.92932891845703
49.76005554199219,50.435157775878906,51.20176696777344,51.93587112426758,51.54330062866211,51.224605560302734,50.85866165161133,51.18254470825195,52.449378967285156,53.19130325317383,52.97660827636719,52.58290481567383,52.846351623535156,54.77873992919922,57.27660369873047,56.68590545654297,54.27603530883789,53.3253173828125,53.088783264160156,52.623722076416016,52.09418487548828,51.56472396850586,51.097877502441406,50.78095626831055,50.8183708190918,51.25344467163086,51.817039489746094,52.030052185058594,51.695587158203125,50.93128967285156,49.98640823364258,49.10692596435547,48.47981643676758,48.13948440551758,48.161109924316406,48.462318420410156,48.75209426879883,48.596336364746094,48.0981330871582,47.46738815307617,46.769775390625,46.44929885864258,46.92427062988281,47.8536491394043,48.71106719970703
50.51336669921875,52.250953674316406,52.51652145385742,52.58681869506836,52.53915023803711,52.760284423828125,52.99641418457031,53.71221160888672,54.1096076965332,53.70259475708008,53.2254753112793,53.09123229980469,53.81614303588867,55.531044006347656,56.27904510498047,54.85213851928711,53.04998016357422,52.56560516357422,52.72379684448242,52.821624755859375,52.826881408691406,52.562416076660156,52.11400604248047,51.645694732666016,51.45611572265625,51.72087478637695,52.3035888671875,52.61726760864258,52.25716781616211,51.28913879394531,50.165374755859375,49.22574996948242,48.60767364501953,48.350807189941406,48.53858184814453,49.032737731933594,49.51679611206055,49.51249694824219,48.946014404296875,48.190582275390625,47.72679138183594,47.6342658996582,48.0865478515625,49.087318420410156,50.07026290893555
50.771018981933594,53.2194709777832,53.52053451538086,53.034488677978516,52.58855438232422,53.134971618652344,54.210235595703125,55.318084716796875,54.908233642578125,54.22040557861328,54.44235610961914,54.449520111083984,54.650657653808594,55.0723762512207,54.84209060668945,53.70146560668945,52.30344772338867,51.59695053100586,51.59304428100586,52.10953140258789,52.58358383178711,52.5814094543457,52.348365783691406,52.12471008300781,52.065738677978516,52.36053466796875,52.83147430419922,52.90172576904297,52.162147521972656,50.898590087890625,49.71687316894531,49.05529022216797,48.89284133911133,48.96422576904297,49.214473724365234,49.47603988647461,49.58323669433594,49.33171463012695,48.9145622253418,48.56339645385742,48.645469665527344,49.359901428222656,50.54936981201172,51.66201400756836,52.24085998535156
49.74160385131836,52.39993667602539,53.74108123779297,53.87917709350586,53.301025390625,53.7993049621582,54.26549530029297,54.585323333740234,54.523746490478516,54.83806228637695,55.579349517822266,55.600643157958984,55.38130187988281,55.126461029052734,54.76106643676758,53.866050720214844,52.41517639160156,51.2903938293457,51.05366134643555,51.5342903137207,51.891334533691406,51.84327697753906,51.78264236450195,51.919944763183594,52.17805099487305,52.669456481933594,53.18793869018555,53.2139778137207,52.46714782714844,51.223854064941406,50.014949798583984,49.166969299316406,48.766239166259766,48.81324005126953,49.251529693603516,49.829437255859375,50.35129928588867,50.61127853393555,50.7014274597168,50.853759765625,51.154624938964844,51.52024841308594,51.89237976074219,52.26573944091797,52.70545959472656
48.90767288208008,51.44630432128906,53.563377380371094,54.83032989501953,54.48766326904297,54.13580322265625,53.421051025390625,53.35539627075195,53.972408294677734,55.29002380371094,56.61557388305664,56.73171615600586,56.191917419433594,55.784515380859375,55.55189514160156,54.49041748046875,52.80431365966797,51.66495895385742,51.364158630371094,51.46236801147461,51.392940521240234,51.18553161621094,51.198246002197266,51.428768157958984,51.720054626464844,52.103790283203125,52.46470260620117,52.30751419067383,51.605735778808594,50.792091369628906,50.20524597167969,49.83916091918945,49.705413818359375,49.985206604003906,50.65826416015625,51.43803787231445,52.111881256103516,52.63862228393555,52.815704345703125,52.57887268066406,52.290245056152344,52.264522552490234,52.492855072021484,52.86653518676758,53.00952911376953
50.254974365234375,52.15122604370117,53.86842727661133,55.127235412597656,54.806976318359375,53.83488845825195,52.923152923583984,53.32474899291992,54.10347366333008,55.57061767578125,57.313018798828125,57.909820556640625,57.48412322998047,56.92432403564453,56.40153121948242,55.26056671142578,53.6759033203125,52.66440200805664,52.265567779541016,51.957244873046875,51.561004638671875,51.277801513671875,51.30635452270508,51.445377349853516,51.39797592163086,51.2176513671875,50.94514083862305,50.5655403137207,50.10538864135742,49.95525360107422,50.27361297607422,50.84024429321289,51.36735916137695,51.86057662963867,52.3853759765625,52.79140853881836,53.057228088378906,53.13534164428711,52.89103698730469,52.63108825683594,52.57727813720703,52.7702751159668,53.02662658691406,53.11184310913086,52.890071868896484
53.17560577392578,54.213783264160156,55.0698356628418,54.826534271240234,53.86853790283203,52.904754638671875,52.824520111083984,53.59709930419922,54.418556213378906,55.962364196777344,57.96745681762695,58.97278594970703,58.868927001953125,58.37106704711914,57.40278625488281,56.042423248291016,54.886314392089844,54.28749084472656,53.906028747558594,53.301673889160156,52.58860397338867,52.18827819824219,52.15773391723633,52.09422302246094,51.65849685668945,51.02615737915039,50.36740493774414,49.81132888793945,49.4973030090332,49.718685150146484,50.46971893310547,51.405269622802734,52.18400955200195,52.745059967041016,53.065948486328125,53.07377624511719,52.799713134765625,52.44321060180664,52.269432067871094,52.458526611328125,52.865211486816406,53.21842575073242,53.36323928833008,53.34503936767578,53.377716064453125
55.4920654296875,56.09623336791992,56.47544860839844,54.65205383300781,52.73678970336914,51.56807327270508,51.743656158447266,53.06754684448242,54.56687545776367,56.64665985107422,58.849281311035156,59.91950225830078,60.050628662109375,59.72608947753906,58.653438568115234,57.20507049560547,56.26068878173828,56.09635925292969,55.90611267089844,55.17690658569336,54.304779052734375,53.87018585205078,53.709468841552734,53.297367095947266,52.52607345581055,51.696163177490234,51.00560760498047,50.44886779785156,50.180824279785156,50.372276306152344,50.91239547729492,51.5866813659668,52.243003845214844,52.817813873291016,53.148197174072266,53.0876350402832,52.791648864746094,52.59326934814453,52.593135833740234,52.9899787902832,53.54256057739258,53.859405517578125,53.988037109375,54.04005813598633,53.95834732055664
56.62820816040039,59.55223083496094,59.39093017578125,56.460208892822266,53.056800842285156,50.5125617980957,50.695465087890625,52.47254943847656,54.59276580810547,56.92873001098633,59.043540954589844,60.26291275024414,60.631797790527344,60.74935531616211,60.272605895996094,59.100921630859375,58.105003356933594,57.739322662353516,57.43329620361328,56.873172760009766,56.42314147949219,56.15609359741211,55.680381774902344,54.74787139892578,53.589664459228516,52.592742919921875,51.993350982666016,51.65232849121094,51.4694709777832,51.483909606933594,51.756954193115234,52.216278076171875,52.74237060546875,53.21023941040039,53.533958435058594,53.543128967285156,53.33344268798828,53.187294006347656,53.295326232910156,53.80200958251953,54.34609603881836,54.588783264160156,54.60673141479492,54.44831466674805,54.053924560546875
57.717472076416016,62.36177444458008,62.1584358215332,59.11635208129883,54.62351608276367,52.224327087402344,52.07398986816406,52.56005859375,54.232784271240234,56.377891540527344,58.291526794433594,59.41099166870117,60.13896942138672,60.838279724121094,61.226051330566406,60.80839157104492,59.89048767089844,59.14934539794922,58.890621185302734,58.875457763671875,58.81891632080078,58.375343322753906,57.40164566040039,56.039772033691406,54.67635726928711,53.639339447021484,53.18062210083008,52.94546890258789,52.65739822387695,52.475555419921875,52.584739685058594,52.937469482421875,53.41241455078125,53.9488639831543,54.487396240234375,54.748592376708984,54.675045013427734,54.526275634765625,54.59763717651367,54.905723571777344,55.16904067993164,55.173377990722656,54.96747589111328,54.66188430786133,54.27204895019531
