data/wind_data/wind_8_9.json
{"header": {"parameterUnit": "KT", "parameterCategory": 2, "nx": 256, "ny": 198, "lo1": 44.73521041870117, "la1": -3.236724853515625, "lo2": 111.26478576660156, "la2": 43.468475341796875, "dx": 0.2609002888202667, "dy": -0.23708222806453705, "refTime": "2025-02-19 08:00:00", "forecastTime": 0, "parameterNumber": 2, "parameterNumberName": "eastward_wind"}, "data":
[rows 152 to 170 of 198, columns 86 to 128 of 256]
17.39390754699707,19.61518096923828,20.273574829101562,18.55766487121582,14.700505256652832,11.05907154083252,9.811640739440918,10.50482177734375,11.554443359375,11.608949661254883,10.471558570861816,9.594315528869629,10.10371208190918,11.872490882873535,13.924159049987793,15.183693885803223,15.182300567626953,14.206684112548828,12.642073631286621,10.152202606201172,6.932634353637695,4.058389663696289,3.0041496753692627,3.626570463180542,4.426407814025879,4.943706512451172,5.285955429077148,5.098981857299805,4.30721378326416,3.7682976722717285,3.6753387451171875,3.1314265727996826,1.6261200904846191,0.4139302670955658,1.3963990211486816,4.042918682098389,7.160072326660156,9.697006225585938,9.66481876373291,7.475989818572998,5.195205211639404,3.098694086074829,0.552818238735199
16.738338470458984,19.28792381286621,20.539155960083008,19.573808670043945,16.46548843383789,12.802228927612305,10.625557899475098,9.84632682800293,9.078272819519043,8.048348426818848,7.487247467041016,8.473808288574219,11.196995735168457,14.088665008544922,15.831298828125,16.09320640563965,15.098688125610352,13.870184898376465,12.860550880432129,11.320761680603027,8.510604858398438,5.331160545349121,3.3053433895111084,2.9199750423431396,3.498990297317505,4.309280872344971,4.802684307098389,4.830854415893555,4.596889495849609,4.922008991241455,5.344141960144043,4.303318977355957,1.872687578201294,0.5425878763198853,1.9947937726974487,4.987529277801514,8.161352157592773,9.298882484436035,7.632744789123535,5.161092758178711,2.6773228645324707,0.3505631685256958,-1.6753175258636475
17.137685775756836,18.58527183532715,20.158504486083984,19.872177124023438,17.155593872070312,14.018498420715332,12.097273826599121,10.580586433410645,8.759325981140137,7.533617973327637,7.762513160705566,10.013578414916992,13.130698204040527,15.384149551391602,16.579479217529297,16.61537742614746,15.302023887634277,13.564301490783691,12.277804374694824,11.161734580993652,9.335784912109375,6.841587543487549,4.163380146026611,2.634680986404419,3.0960776805877686,4.279066562652588,4.789754867553711,4.4220290184021,4.110576629638672,4.653083801269531,5.012393951416016,3.7058329582214355,1.570666790008545,1.1779756546020508,2.9518563747406006,5.716211795806885,7.514307022094727,6.794474124908447,4.88299036026001,3.280308485031128,1.6170780658721924,-0.25720056891441345,-2.156975746154785
18.851041793823242,19.35861587524414,20.504539489746094,18.986364364624023,15.699127197265625,13.825321197509766,13.514025688171387,12.861661911010742,11.127625465393066,9.771615028381348,10.322137832641602,12.086252212524414,13.747078895568848,15.095114707946777,16.171415328979492,16.29741859436035,15.067536354064941,13.163667678833008,11.57423210144043,10.52319622039795,9.74183464050293,8.747428894042969,7.077269077301025,5.628307819366455,5.557140350341797,5.9999165534973145,5.497384071350098,4.423247337341309,4.143570423126221,4.408451080322266,4.138092994689941,2.916863203048706,1.982311487197876,3.0061511993408203,4.816155910491943,5.677994251251221,4.7227983474731445,3.1518452167510986,2.80490779876709,3.0249974727630615,2.585026502609253,0.8371129631996155,-1.6417056322097778
20.20169448852539,21.230392456054688,21.22675323486328,18.022789001464844,15.10533332824707,14.537734031677246,14.828200340270996,14.26614761352539,12.872218132019043,12.056292533874512,12.585564613342285,13.595677375793457,14.546483993530273,15.478590965270996,15.734968185424805,14.715381622314453,12.95287036895752,11.329001426696777,9.955307006835938,9.06490421295166,9.474140167236328,10.557838439941406,10.4655122756958,9.159666061401367,8.134099006652832,7.465297222137451,6.649726867675781,6.335283279418945,6.533323764801025,5.949747085571289,4.590348720550537,3.5500569343566895,3.937376022338867,5.5558271408081055,6.289181232452393,4.793667316436768,2.2000324726104736,0.9062213897705078,1.9779356718063354,3.5975756645202637,3.9270119667053223,2.0222482681274414,-0.8661931753158569
20.40427017211914,22.135068893432617,21.94344139099121,19.986845016479492,18.630069732666016,17.4530029296875,15.594156265258789,13.667692184448242,12.561904907226562,12.722867965698242,13.898833274841309,15.271042823791504,16.380081176757812,16.679473876953125,14.947138786315918,11.620050430297852,9.030529975891113,7.550342082977295,6.2754411697387695,6.21539306640625,8.382685661315918,10.998550415039062,11.458948135375977,10.175481796264648,9.118562698364258,8.626371383666992,8.77318000793457,9.5459566116333,9.35574722290039,7.626229286193848,6.175384521484375,5.983273506164551,6.484805107116699,6.824094295501709,6.3703083992004395,4.4838948249816895,2.3303818702697754,1.4421653747558594,2.0574183464050293,3.470982789993286,4.088202476501465,2.436126470565796,-0.11596958339214325
20.513729095458984,22.45313835144043,23.109546661376953,23.190866470336914,22.844749450683594,20.81553840637207,17.502079010009766,14.605165481567383,13.066078186035156,13.30627155303955,14.980183601379395,17.034347534179688,18.234630584716797,17.263107299804688,13.553449630737305,9.463447570800781,7.279500484466553,5.7655415534973145,4.3318071365356445,4.806548595428467,7.230107307434082,9.700724601745605,10.45405387878418,10.077925682067871,9.838973999023438,10.128459930419922,11.024008750915527,11.500713348388672,10.354652404785156,8.70435905456543,8.223836898803711,8.337780952453613,7.835296154022217,6.936997890472412,6.19910192489624,5.176609516143799,4.201511859893799,3.4014360904693604,2.8412413597106934,2.946668863296509,2.71405291557312,1.3328498601913452,0.21946614980697632
21.43609046936035,23.34613037109375,24.30797004699707,25.119861602783203,25.24161148071289,23.680540084838867,20.677879333496094,17.45411491394043,15.252174377441406,14.837004661560059,16.173038482666016,18.180017471313477,18.771221160888672,16.258346557617188,11.926362037658691,8.936721801757812,7.517862796783447,6.306692123413086,5.369103908538818,5.855959892272949,7.659436225891113,9.437527656555176,10.220423698425293,10.238733291625977,10.271053314208984,10.875144004821777,11.817218780517578,11.775742530822754,10.575882911682129,9.726357460021973,9.43807315826416,8.716402053833008,7.758127212524414,7.217606544494629,6.514062881469727,5.129900932312012,3.7409350872039795,2.7626540660858154,1.822015643119812,0.9655252695083618,0.6107106804847717,0.7719138860702515,1.527347207069397
22.628332138061523,23.96392822265625,24.870878219604492,26.181663513183594,26.95756721496582,26.01561164855957,23.367237091064453,20.220041275024414,17.933185577392578,17.14794158935547,17.83515167236328,18.819616317749023,17.836462020874023,14.408537864685059,10.979700088500977,8.671526908874512,6.727546215057373,5.542913436889648,6.249368190765381,8.283945083618164,10.02432918548584,11.008255004882812,11.195012092590332,10.627023696899414,10.428793907165527,11.422836303710938,12.540719985961914,12.240110397338867,11.037692070007324,10.004712104797363,8.669163703918457,7.436601161956787,7.357406139373779,7.5106587409973145,5.6455817222595215,2.4874703884124756,-0.1786651462316513,-1.6794581413269043,-1.9005531072616577,-0.7355455160140991,1.5125168561935425,3.3172919750213623,3.9943606853485107
23.433809280395508,24.07976722717285,25.0635986328125,26.92324447631836,28.31958770751953,27.743268966674805,25.3863525390625,22.774120330810547,20.931583404541016,20.034414291381836,19.71907615661621,18.766862869262695,16.18730354309082,13.120216369628906,10.550284385681152,8.03203010559082,5.751139163970947,4.918680667877197,6.5211334228515625,9.194337844848633,11.05158519744873,12.081902503967285,12.09906005859375,11.208754539489746,11.12536907196045,12.556520462036133,13.641484260559082,12.922057151794434,11.06310749053955,8.957043647766113,6.856070041656494,6.020999431610107,6.706445693969727,5.961304664611816,2.4469377994537354,-0.5411492586135864,-3.059981107711792,-4.289374351501465,-2.4912500381469727,1.5977927446365356,5.779895782470703,6.750911235809326,5.598012447357178
24.012845993041992,24.12928009033203,24.952199935913086,26.940425872802734,28.79228973388672,28.833038330078125,27.21830177307129,25.41610336303711,24.006940841674805,22.675264358520508,20.949907302856445,18.305809020996094,15.183427810668945,12.561543464660645,10.230132102966309,7.932252883911133,6.401489734649658,6.2886834144592285,7.352395057678223,8.899566650390625,10.511140823364258,12.042461395263672,12.503520011901855,11.94314193725586,12.238407135009766,13.668693542480469,14.272663116455078,12.819690704345703,10.246981620788574,7.446423530578613,5.5712809562683105,5.348201751708984,5.338757038116455,3.275264024734497,0.8441228270530701,-0.5924139022827148,-2.85662841796875,-2.94754958152771,0.7155244946479797,6.124794960021973,8.608288764953613,7.9528937339782715,6.529087543487549
24.866374969482422,24.50082015991211,24.79585075378418,26.357524871826172,28.258516311645508,29.0284423828125,28.441417694091797,27.40092658996582,26.186262130737305,24.298372268676758,21.613067626953125,18.488649368286133,15.447334289550781,12.674793243408203,10.331368446350098,8.742230415344238,8.0982027053833,8.182930946350098,8.280800819396973,8.718077659606934,10.10820484161377,11.868393898010254,12.36205768585205,11.988679885864258,12.576319694519043,13.798519134521484,13.54853630065918,11.527400970458984,8.934258460998535,6.457332134246826,5.655472278594971,5.969452857971191,5.038278579711914,3.1823387145996094,2.2496156692504883,0.2500746250152588,-1.61328125,0.589536190032959,5.313566207885742,8.47323989868164,8.639915466308594,8.146453857421875,7.840917587280273
25.815168380737305,25.251249313354492,24.7688045501709,25.578758239746094,27.222551345825195,28.399505615234375,28.454050064086914,27.845521926879883,26.88933563232422,25.106687545776367,22.377944946289062,19.43855094909668,16.614107131958008,13.67496395111084,11.178431510925293,9.917519569396973,9.889060974121094,9.995973587036133,9.428415298461914,9.407515525817871,10.722708702087402,11.921154975891113,11.541207313537598,10.857091903686523,11.484240531921387,12.46574592590332,11.872037887573242,10.14222526550293,8.23095989227295,7.054515361785889,7.311856269836426,7.695286273956299,6.560031890869141,5.377710342407227,4.020482063293457,0.8130125403404236,1.1405240297317505,5.397850036621094,8.478944778442383,8.450907707214355,8.069988250732422,8.441624641418457,8.968341827392578
25.921428680419922,25.6829833984375,24.77257537841797,24.935861587524414,26.17391014099121,27.24110221862793,27.268342971801758,26.820520401000977,26.37840461730957,25.255285263061523,23.07765769958496,20.599082946777344,18.094038009643555,15.207006454467773,12.574397087097168,11.353407859802246,11.49794864654541,11.418001174926758,10.575483322143555,10.477590560913086,11.563614845275879,11.920819282531738,10.50391960144043,9.13129997253418,9.456371307373047,10.809043884277344,11.471303939819336,10.517154693603516,8.962026596069336,8.80774974822998,9.74992847442627,9.54953384399414,8.278629302978516,7.179011344909668,4.261752128601074,2.337705612182617,6.671706199645996,9.74542236328125,8.454052925109863,7.667211055755615,8.2061128616333,8.989521980285645,9.262469291687012
24.764747619628906,25.110980987548828,24.32076072692871,24.112455368041992,24.926837921142578,25.62415885925293,25.44839859008789,25.13657569885254,25.116533279418945,24.70846939086914,23.442541122436523,21.596088409423828,19.329498291015625,16.639854431152344,14.259818077087402,13.073199272155762,12.614856719970703,11.985376358032227,11.375463485717773,11.420153617858887,12.211251258850098,12.012276649475098,9.81042766571045,7.650634765625,7.685547828674316,10.08162784576416,12.11104679107666,11.556279182434082,10.133672714233398,10.262860298156738,10.680668830871582,10.181422233581543,9.343478202819824,7.088423728942871,3.9188449382781982,6.633159637451172,11.716772079467773,10.309122085571289,7.556584358215332,7.892909049987793,9.351119995117188,9.548415184020996,8.939369201660156
23.08550453186035,23.809003829956055,23.391008377075195,23.097570419311523,23.418283462524414,23.657609939575195,23.447072982788086,23.29664421081543,23.505531311035156,23.7752628326416,23.461196899414062,22.11677360534668,20.024879455566406,17.80839729309082,16.018550872802734,14.559205055236816,13.100722312927246,12.330342292785645,12.416664123535156,12.624964714050293,12.90903377532959,12.202972412109375,9.84841251373291,7.6054229736328125,7.499703884124756,9.442914962768555,11.077020645141602,11.480128288269043,11.298338890075684,10.599081993103027,9.872952461242676,10.254003524780273,9.810869216918945,6.441856384277344,5.773390769958496,11.440444946289062,12.919190406799316,9.251543998718262,7.853550434112549,9.660029411315918,10.41495132446289,9.007702827453613,8.002185821533203
21.520126342773438,22.74432945251465,23.000272750854492,22.585559844970703,21.81473731994629,21.131650924682617,21.000389099121094,21.466447830200195,22.269826889038086,23.132953643798828,23.34004020690918,22.27841567993164,20.479320526123047,18.888057708740234,17.432720184326172,15.418362617492676,13.64582633972168,13.491591453552246,14.184712409973145,14.253751754760742,13.791544914245605,12.892328262329102,11.322869300842285,9.639202117919922,8.609363555908203,8.358278274536133,9.305150032043457,11.140254974365234,11.664175987243652,10.311751365661621,9.905570030212402,11.13173770904541,9.747836112976074,6.935579299926758,9.174829483032227,13.98756217956543,12.649889945983887,9.025343894958496,8.755353927612305,10.796686172485352,10.918084144592285,8.994257926940918,7.995023250579834
19.768781661987305,21.95265007019043,23.127046585083008,22.489002227783203,20.36870574951172,18.261899948120117,17.781375885009766,18.984294891357422,20.895606994628906,22.563905715942383,23.123783111572266,22.32157325744629,21.033702850341797,19.910228729248047,18.328001022338867,16.24587631225586,15.08202838897705,15.382415771484375,15.948254585266113,15.668063163757324,14.872161865234375,14.385560989379883,13.855973243713379,12.371013641357422,9.923775672912598,8.102767944335938,8.862045288085938,11.094826698303223,11.721774101257324,10.797194480895996,11.149520874023438,11.746927261352539,9.591915130615234,8.871112823486328,12.79399585723877,15.960122108459473,13.94879150390625,10.977890014648438,10.153592109680176,11.193100929260254,11.613741874694824,10.544918060302734,9.380186080932617
18.03324317932129,20.481740951538086,22.405933380126953,22.27647590637207,19.660749435424805,16.301326751708984,14.954343795776367,16.27114486694336,18.92607307434082,21.394746780395508,22.64872169494629,22.594600677490234,21.87384605407715,20.673067092895508,18.920944213867188,17.46245765686035,16.875171661376953,16.71688461303711,16.56199073791504,16.25046730041504,15.92039966583252,15.881128311157227,15.56105899810791,13.813918113708496,10.933749198913574,9.11889934539795,9.844125747680664,11.89792251586914,12.347899436950684,11.593111038208008,11.923066139221191,11.664769172668457,10.0113525390625,11.321200370788574,16.156339645385742,18.348464965820312,16.66414451599121,14.116772651672363,12.26020336151123,11.47188663482666,11.646120071411133,11.976551055908203,11.7990083694458
