data/wind_data/wind_62_5.json
{"header": {"parameterUnit": "KT", "parameterCategory": 2, "nx": 256, "ny": 198, "lo1": 44.73521041870117, "la1": -3.236724853515625, "lo2": 111.26478576660156, "la2": 43.468475341796875, "dx": 0.2609002888202667, "dy": -0.23708222806453705, "refTime": "2025-02-21 14:00:00", "forecastTime": 0, "parameterNumber": 2, "parameterNumberName": "eastward_wind"}, "data":
[rows 76 to 94 of 198, columns 132 to 175 of 256]
8.823301315307617,8.438502311706543,8.831825256347656,9.19735050201416,9.714208602905273,10.820663452148438,12.06660270690918,12.412047386169434,12.816384315490723,12.574308395385742,12.291376113891602,12.109400749206543,11.836137771606445,11.585800170898438,11.762466430664062,12.257051467895508,12.80866527557373,13.119071960449219,13.295483589172363,13.602169036865234,14.16685676574707,14.78216552734375,15.379709243774414,15.787087440490723,16.138042449951172,16.54891014099121,17.06476593017578,17.17967414855957,17.391759872436523,17.649057388305664,18.110055923461914,18.578344345092773,18.873327255249023,19.010435104370117,18.919246673583984,18.719120025634766,18.35804557800293,17.97284507751465,17.645029067993164,17.44037628173828,17.462331771850586,17.63041877746582,17.78007698059082,17.750696182250977
9.026365280151367,8.681685447692871,9.094295501708984,9.502471923828125,9.584003448486328,10.04286003112793,11.218128204345703,12.227200508117676,12.773465156555176,13.065468788146973,12.62976360321045,12.507187843322754,12.706287384033203,12.84278678894043,12.939752578735352,13.082223892211914,13.202882766723633,13.194092750549316,13.26012897491455,13.529123306274414,14.148418426513672,14.893294334411621,15.535780906677246,15.881770133972168,16.029659271240234,16.36190414428711,16.963703155517578,17.295942306518555,17.46712875366211,17.548980712890625,17.796045303344727,18.27121925354004,18.728940963745117,19.057212829589844,19.087732315063477,18.7958927154541,18.360807418823242,18.00147819519043,17.73830223083496,17.62085723876953,17.646780014038086,17.76576042175293,17.90498161315918,17.999004364013672
8.312684059143066,8.145733833312988,8.892003059387207,9.326861381530762,9.302718162536621,9.442374229431152,10.095536231994629,11.589691162109375,11.586980819702148,12.754387855529785,13.136959075927734,12.875441551208496,13.116218566894531,13.707571983337402,14.05443000793457,14.124096870422363,13.912221908569336,13.538829803466797,13.377720832824707,13.69286060333252,14.419166564941406,15.253323554992676,15.756409645080566,16.021265029907227,16.068696975708008,16.21059799194336,16.6024169921875,17.06012725830078,17.29475975036621,17.440744400024414,17.58835792541504,17.863264083862305,18.161893844604492,18.578147888183594,18.774831771850586,18.562013626098633,18.10507583618164,17.779708862304688,17.67984962463379,17.74040412902832,17.840301513671875,17.947843551635742,18.06038475036621,18.168888092041016
7.904966831207275,8.046634674072266,8.37885856628418,8.471247673034668,8.717109680175781,10.276124954223633,11.558028221130371,12.65543270111084,11.213733673095703,11.42908763885498,13.748711585998535,13.518946647644043,13.158485412597656,13.543724060058594,13.740067481994629,13.783112525939941,13.939760208129883,14.147367477416992,14.140430450439453,14.217621803283691,14.698720932006836,15.555378913879395,15.938789367675781,16.065275192260742,16.108535766601562,16.118694305419922,16.266258239746094,16.557220458984375,16.78929901123047,17.092531204223633,17.415098190307617,17.623117446899414,17.770967483520508,18.050735473632812,18.213729858398438,18.067058563232422,17.62848472595215,17.300804138183594,17.31817626953125,17.591920852661133,17.852144241333008,18.013259887695312,18.11806869506836,18.22783660888672
8.599644660949707,9.28569507598877,9.061732292175293,9.162240982055664,8.417726516723633,10.328226089477539,12.811784744262695,14.371480941772461,14.787919998168945,11.846954345703125,13.753039360046387,14.624512672424316,14.145317077636719,13.55012035369873,12.685049057006836,12.626351356506348,13.363836288452148,14.469532012939453,14.98349380493164,14.84598445892334,14.733260154724121,15.253105163574219,15.69352912902832,15.764142990112305,15.80565357208252,15.713103294372559,15.610821723937988,15.721033096313477,15.990946769714355,16.416704177856445,16.988739013671875,17.248727798461914,17.483549118041992,17.709203720092773,17.6920108795166,17.43285369873047,16.98374366760254,16.69953727722168,16.781204223632812,17.13628387451172,17.536806106567383,17.799715042114258,17.919382095336914,18.06730079650879
8.414695739746094,9.386472702026367,9.35767936706543,9.280988693237305,8.965340614318848,9.271517753601074,10.720688819885254,12.735945701599121,16.104354858398438,15.991612434387207,15.3518648147583,16.317485809326172,16.036849975585938,15.304556846618652,13.498825073242188,13.290966987609863,13.539831161499023,14.23941707611084,14.812009811401367,14.574313163757324,14.171247482299805,14.43116283416748,15.038651466369629,15.239757537841797,15.138286590576172,14.884294509887695,14.59811782836914,14.583991050720215,14.841739654541016,15.351572036743164,16.020959854125977,16.479501724243164,16.928508758544922,17.300371170043945,17.300230026245117,16.88762092590332,16.309274673461914,16.02192497253418,16.158445358276367,16.55073356628418,17.019676208496094,17.34005355834961,17.509769439697266,17.704242706298828
7.606768608093262,8.075451850891113,8.570106506347656,8.641804695129395,8.842933654785156,7.96938419342041,8.494991302490234,11.00920295715332,13.328080177307129,17.12844467163086,16.88742446899414,17.0440616607666,17.706031799316406,18.38987159729004,17.4550838470459,16.573307037353516,14.660235404968262,13.265483856201172,13.204700469970703,12.97169303894043,12.8700532913208,13.442983627319336,14.276281356811523,14.62766170501709,14.327296257019043,13.887223243713379,13.60782241821289,13.53648567199707,13.686004638671875,14.07210922241211,14.649455070495605,15.264639854431152,15.955431938171387,16.605953216552734,16.81546401977539,16.352964401245117,15.659841537475586,15.298308372497559,15.38742733001709,15.789467811584473,16.293840408325195,16.661970138549805,16.89121437072754,17.10021209716797
7.35333251953125,7.081847667694092,7.384233474731445,7.57948112487793,7.692648887634277,7.421998023986816,8.151846885681152,10.714736938476562,13.397247314453125,14.993303298950195,16.321796417236328,17.746328353881836,18.509563446044922,18.998695373535156,20.490562438964844,18.84896469116211,14.632092475891113,12.313739776611328,11.699987411499023,11.160035133361816,11.617990493774414,12.840569496154785,13.825307846069336,14.161249160766602,13.725946426391602,13.164618492126465,12.885601043701172,12.767071723937988,12.812883377075195,12.993002891540527,13.303240776062012,13.93249797821045,14.888676643371582,15.720573425292969,16.000385284423828,15.608367919921875,15.037421226501465,14.698542594909668,14.636761665344238,14.884004592895508,15.275379180908203,15.62890911102295,15.906189918518066,16.124460220336914
8.104362487792969,7.433353424072266,7.17596435546875,6.734771251678467,7.251953601837158,8.059379577636719,8.802629470825195,10.717610359191895,14.419754981994629,14.840785026550293,13.026917457580566,18.204822540283203,20.04425048828125,18.789194107055664,18.763830184936523,17.359189987182617,13.615297317504883,12.513070106506348,11.827404975891113,10.583207130432129,11.258713722229004,13.048075675964355,14.08955192565918,14.137489318847656,13.520780563354492,12.916853904724121,12.530726432800293,12.272235870361328,12.18879222869873,12.106866836547852,12.180672645568848,12.89195728302002,14.070316314697266,15.016115188598633,15.22480297088623,14.789346694946289,14.36368179321289,14.087180137634277,13.848636627197266,13.826346397399902,13.942131996154785,14.157707214355469,14.490680694580078,14.832541465759277
9.062129974365234,8.610219955444336,7.779501438140869,6.645088195800781,7.383267402648926,9.048053741455078,9.959930419921875,11.26764965057373,15.041802406311035,16.435434341430664,14.789097785949707,19.867177963256836,21.686243057250977,19.539531707763672,16.976186752319336,14.908676147460938,13.753938674926758,13.293980598449707,12.317262649536133,11.052976608276367,11.710208892822266,13.33930492401123,14.125077247619629,14.024349212646484,13.361262321472168,12.749898910522461,12.358536720275879,12.0616455078125,11.873332023620605,11.559101104736328,11.479510307312012,12.196622848510742,13.508527755737305,14.460724830627441,14.5000638961792,13.968101501464844,13.578559875488281,13.315922737121582,13.015782356262207,12.825956344604492,12.718863487243652,12.840210914611816,13.2471342086792,13.744338989257812
9.172028541564941,9.371541976928711,8.578473091125488,7.423608303070068,7.37410306930542,8.806841850280762,10.074655532836914,11.554855346679688,14.997549057006836,16.481773376464844,17.483699798583984,20.22522735595703,21.962932586669922,20.368242263793945,18.814870834350586,15.599964141845703,13.640664100646973,12.329967498779297,11.813935279846191,12.226028442382812,13.402130126953125,13.715276718139648,13.564872741699219,13.35442066192627,12.89306354522705,12.460524559020996,12.26933479309082,12.075013160705566,11.808379173278809,11.408782005310059,11.356500625610352,11.978093147277832,13.002218246459961,13.576404571533203,13.516447067260742,13.145408630371094,12.873891830444336,12.696714401245117,12.503463745117188,12.328751564025879,12.204849243164062,12.387206077575684,12.842320442199707,13.384374618530273
9.055807113647461,9.492730140686035,8.95788860321045,8.325010299682617,8.111501693725586,8.886248588562012,10.168301582336426,12.043463706970215,15.183730125427246,16.824508666992188,17.83041000366211,20.24514389038086,22.192602157592773,20.537212371826172,20.10460662841797,17.69314193725586,13.65762996673584,10.583989143371582,10.69798469543457,13.337961196899414,15.38489055633545,15.063621520996094,14.201790809631348,13.649656295776367,13.065909385681152,12.543168067932129,12.331542015075684,12.085517883300781,11.701086044311523,11.462820053100586,11.339180946350098,11.796801567077637,12.531259536743164,12.76368236541748,12.661199569702148,12.508041381835938,12.383914947509766,12.343283653259277,12.215397834777832,12.025189399719238,11.97561264038086,12.269522666931152,12.755313873291016,13.225801467895508
8.327092170715332,9.102849960327148,8.91110610961914,8.576441764831543,8.724974632263184,9.350935935974121,10.702805519104004,12.721394538879395,15.513788223266602,17.226320266723633,17.05742073059082,18.56565284729004,20.646955490112305,19.486648559570312,20.891996383666992,20.52421760559082,14.807138442993164,10.2199125289917,10.547536849975586,12.948711395263672,14.45205307006836,14.221330642700195,14.573700904846191,15.122530937194824,14.472857475280762,13.198036193847656,12.502004623413086,11.939032554626465,11.324618339538574,11.204462051391602,11.048370361328125,11.340171813964844,12.009942054748535,12.291238784790039,12.084815979003906,11.78981876373291,11.681083679199219,11.708928108215332,11.71528434753418,11.770288467407227,12.040163040161133,12.567252159118652,13.005762100219727,13.142885208129883
7.235821723937988,8.348493576049805,8.87627124786377,8.733551025390625,8.8319730758667,9.703394889831543,10.964329719543457,12.365578651428223,15.252124786376953,16.91375160217285,16.194923400878906,17.43276596069336,18.698867797851562,17.636985778808594,19.301130294799805,21.335329055786133,16.682865142822266,11.91025447845459,10.975103378295898,11.4082670211792,11.541180610656738,12.23730754852295,13.745713233947754,15.382064819335938,15.165396690368652,13.690144538879395,12.606990814208984,11.658310890197754,10.91696548461914,10.800766944885254,10.651570320129395,10.684555053710938,11.152806282043457,11.410904884338379,11.09268856048584,10.698993682861328,10.671472549438477,10.912339210510254,11.340804100036621,11.963465690612793,12.787585258483887,13.572591781616211,13.911824226379395,13.730056762695312
6.871842861175537,7.173264503479004,9.29649829864502,9.31458854675293,8.870074272155762,9.744007110595703,10.987470626831055,11.614418029785156,14.35390567779541,15.880715370178223,16.321823120117188,15.692484855651855,17.674951553344727,16.665786743164062,15.29222297668457,16.614492416381836,15.774889945983887,12.82983112335205,11.503072738647461,10.712706565856934,10.341058731079102,11.59827995300293,12.789274215698242,14.088964462280273,13.953352928161621,13.196242332458496,12.522021293640137,11.579425811767578,11.063140869140625,10.990547180175781,10.423476219177246,10.010207176208496,10.365641593933105,10.731022834777832,10.572052955627441,10.460089683532715,10.625353813171387,11.035701751708984,11.697895050048828,12.646100997924805,13.77963924407959,14.659711837768555,14.972333908081055,14.774680137634277
8.365373611450195,6.84618616104126,8.948816299438477,10.317644119262695,9.31198787689209,9.946085929870605,10.754341125488281,11.217962265014648,13.149571418762207,15.005544662475586,15.456033706665039,14.348692893981934,18.2854061126709,15.24134635925293,13.079195976257324,12.674982070922852,13.372079849243164,11.908330917358398,12.225259780883789,12.842913627624512,11.195695877075195,11.76626968383789,11.843550682067871,11.378646850585938,11.610872268676758,12.531623840332031,12.411582946777344,12.014200210571289,12.053284645080566,11.58761215209961,10.42719554901123,9.938821792602539,10.516369819641113,11.161911010742188,11.40141487121582,11.543030738830566,11.653364181518555,11.941387176513672,12.553553581237793,13.445151329040527,14.509650230407715,15.35007381439209,15.609745025634766,15.359874725341797
9.631245613098145,9.173469543457031,8.415060043334961,10.60643482208252,10.075345993041992,10.544556617736816,10.898702621459961,11.275694847106934,11.823320388793945,14.158162117004395,14.31485652923584,14.295952796936035,16.273582458496094,13.37206745147705,11.506450653076172,11.67137336730957,11.39572525024414,10.682942390441895,11.765412330627441,13.438247680664062,12.297727584838867,11.963157653808594,11.017707824707031,9.992565155029297,10.860506057739258,12.742147445678711,13.11856460571289,13.062178611755371,13.25657844543457,12.395258903503418,10.877808570861816,10.460014343261719,11.223329544067383,12.020277976989746,12.418394088745117,12.635177612304688,12.633062362670898,12.709359169006348,13.172428131103516,13.95974063873291,14.8837890625,15.6370849609375,15.849388122558594,15.583561897277832
9.65109920501709,10.993316650390625,9.826821327209473,10.898327827453613,11.066202163696289,11.205785751342773,11.63222599029541,11.538897514343262,11.691503524780273,13.045948028564453,12.862251281738281,13.1327543258667,13.592665672302246,13.235493659973145,11.705653190612793,11.3159761428833,11.844207763671875,11.548845291137695,10.80662727355957,11.13121509552002,12.407693862915039,13.205312728881836,11.67212963104248,12.314745903015137,12.459680557250977,12.88776683807373,13.332281112670898,13.391613960266113,13.443347930908203,13.0675687789917,11.98383617401123,11.478113174438477,11.934931755065918,12.50670337677002,12.818860054016113,12.96980094909668,12.957684516906738,12.902155876159668,13.24016284942627,14.0260648727417,14.954797744750977,15.750584602355957,16.16876220703125,16.095556259155273
9.571283340454102,10.913363456726074,11.139190673828125,11.735408782958984,12.30373477935791,12.102737426757812,12.515023231506348,12.204412460327148,12.067034721374512,12.648597717285156,12.755295753479004,12.690479278564453,12.080122947692871,12.294869422912598,11.783007621765137,10.570073127746582,10.759849548339844,11.709792137145996,11.581571578979492,11.131601333618164,12.370723724365234,14.650506973266602,15.215356826782227,15.113716125488281,12.624885559082031,13.577908515930176,14.012913703918457,13.575340270996094,13.459949493408203,13.06282901763916,12.705973625183105,12.60324764251709,12.65700626373291,12.662140846252441,12.684391021728516,12.813661575317383,12.859617233276367,12.802203178405762,13.004997253417969,13.635812759399414,14.499425888061523,15.50906753540039,16.402435302734375,16.808029174804688
