data/wind_data/wind_4_4.json
{"header": {"parameterUnit": "KT", "parameterCategory": 2, "nx": 256, "ny": 198, "lo1": 44.73521041870117, "la1": -3.236724853515625, "lo2": 111.26478576660156, "la2": 43.468475341796875, "dx": 0.2609002888202667, "dy": -0.23708222806453705, "refTime": "2025-02-19 04:00:00", "forecastTime": 0, "parameterNumber": 2, "parameterNumberName": "eastward_wind"}, "data":
[rows 152 to 170 of 198, columns 88 to 131 of 256]
28.520748138427734,31.049467086791992,32.661277770996094,32.86730194091797,30.2688045501709,26.98660659790039,26.006025314331055,26.995588302612305,24.839942932128906,17.490039825439453,10.360880851745605,7.113259315490723,6.864809036254883,7.7945051193237305,6.511434078216553,1.3027925491333008,-1.0732234716415405,-0.4688314199447632,-0.1823914349079132,1.0143898725509644,3.8668224811553955,6.104918479919434,7.511214733123779,9.738414764404297,12.364883422851562,10.375116348266602,7.353332996368408,8.698670387268066,15.422645568847656,21.13391876220703,24.312572479248047,25.546478271484375,25.39645767211914,24.41449737548828,23.032827377319336,23.421358108520508,24.104564666748047,23.3852481842041,22.243722915649414,24.26469612121582,28.306798934936523,31.01658058166504,31.375215530395508,31.252317428588867
29.254335403442383,31.826587677001953,33.32493209838867,33.389034271240234,30.76161003112793,27.198375701904297,23.627073287963867,21.835962295532227,18.754379272460938,13.10499095916748,9.006782531738281,8.453733444213867,8.808942794799805,7.987790584564209,5.148096561431885,0.6175099611282349,-2.750072479248047,-2.1650233268737793,-1.065146803855896,-0.5809981822967529,1.3059080839157104,4.013216495513916,8.216179847717285,12.615975379943848,14.692270278930664,11.710081100463867,10.419763565063477,14.335396766662598,19.3353328704834,23.52642822265625,25.64449119567871,26.015045166015625,22.29935073852539,18.9803466796875,20.140371322631836,22.965641021728516,21.821359634399414,20.93414306640625,23.651107788085938,28.609718322753906,30.757091522216797,30.863983154296875,30.64236831665039,31.08560562133789
28.726539611816406,29.336408615112305,29.649003982543945,30.48417854309082,29.97337532043457,27.129281997680664,22.226747512817383,19.392629623413086,18.14239501953125,17.073556900024414,15.200233459472656,15.182777404785156,14.448885917663574,11.695718765258789,7.9711761474609375,5.94135046005249,3.473940134048462,1.8205676078796387,2.573951244354248,2.1113579273223877,2.4471964836120605,9.452875137329102,17.163387298583984,20.992849349975586,21.05681800842285,18.683847427368164,17.839614868164062,19.98221778869629,22.45267105102539,24.418970108032227,25.391481399536133,25.358341217041016,21.851974487304688,20.908510208129883,22.602291107177734,22.941932678222656,21.167335510253906,22.04582405090332,27.130603790283203,30.30943489074707,30.19232749938965,30.29702377319336,30.76222801208496,30.50260353088379
24.67246437072754,26.94332504272461,29.18012046813965,29.383522033691406,29.937044143676758,26.635251998901367,19.352670669555664,16.847318649291992,20.613941192626953,21.76263427734375,20.178075790405273,19.262632369995117,18.3647403717041,16.48077964782715,14.347898483276367,12.847885131835938,11.112479209899902,9.655142784118652,9.825414657592773,9.603809356689453,9.28077507019043,15.176417350769043,22.713836669921875,25.889039993286133,25.72853660583496,24.769014358520508,24.52562141418457,24.263566970825195,23.74474334716797,23.761104583740234,23.663991928100586,21.299209594726562,17.427719116210938,16.44182777404785,18.296424865722656,20.829418182373047,24.09560775756836,26.669092178344727,29.512414932250977,30.98611068725586,30.557817459106445,31.82276153564453,29.021305084228516,26.890716552734375
21.715831756591797,23.273534774780273,26.527036666870117,30.154111862182617,30.726106643676758,29.676456451416016,24.128292083740234,23.076778411865234,27.085824966430664,26.935335159301758,24.32618522644043,22.993017196655273,22.463581085205078,21.22397232055664,19.539857864379883,17.3651065826416,16.91331672668457,17.989479064941406,19.513328552246094,21.12489128112793,19.441965103149414,17.38022804260254,22.913286209106445,25.086294174194336,23.933198928833008,23.226421356201172,25.88296127319336,26.773223876953125,24.351301193237305,22.59212875366211,15.231743812561035,12.138494491577148,13.813446044921875,16.34213638305664,19.102426528930664,21.607437133789062,24.311805725097656,27.85101318359375,31.282957077026367,31.296180725097656,31.227901458740234,28.865365982055664,21.75914192199707,21.797470092773438
20.358083724975586,20.853775024414062,22.598888397216797,24.693607330322266,27.141721725463867,28.20777702331543,27.099077224731445,26.640148162841797,27.439151763916016,27.044490814208984,26.08403968811035,26.26927375793457,26.647485733032227,24.76729965209961,22.43219566345215,19.18842315673828,20.071388244628906,22.73333740234375,24.75876235961914,26.52370262145996,25.384958267211914,20.274578094482422,17.520864486694336,16.988624572753906,13.925105094909668,12.192821502685547,15.7832612991333,19.679994583129883,20.407217025756836,14.616141319274902,9.764866828918457,11.846235275268555,17.17974090576172,20.283885955810547,22.158519744873047,25.511882781982422,29.592479705810547,33.08524703979492,31.9548397064209,29.18370819091797,26.589162826538086,21.97633171081543,19.52834129333496,21.438343048095703
20.617639541625977,21.07941436767578,20.377952575683594,16.890256881713867,15.288809776306152,17.735889434814453,21.395095825195312,23.780441284179688,24.79067611694336,25.81574821472168,27.741737365722656,29.345932006835938,28.917217254638672,25.326889038085938,23.587547302246094,20.926706314086914,21.722532272338867,25.483060836791992,27.477357864379883,28.210126876831055,28.139963150024414,26.15769386291504,17.930192947387695,11.797311782836914,11.96481990814209,14.657915115356445,11.276968002319336,10.811100006103516,13.336875915527344,10.802410125732422,10.752205848693848,15.277235984802246,21.827533721923828,26.270902633666992,29.732816696166992,32.34283447265625,34.032657623291016,30.19170379638672,22.780059814453125,19.648330688476562,18.33123016357422,18.322694778442383,19.662521362304688,21.042232513427734
16.84813690185547,17.91017723083496,16.075416564941406,13.851064682006836,11.726140022277832,12.821001052856445,16.511240005493164,19.45926856994629,22.808040618896484,25.884981155395508,27.36316680908203,26.54043197631836,24.70435905456543,21.235626220703125,21.793411254882812,20.855472564697266,21.372106552124023,27.03701400756836,29.226335525512695,29.611995697021484,29.16105842590332,28.929113388061523,25.881853103637695,21.473236083984375,19.61932373046875,15.505128860473633,9.521150588989258,11.662879943847656,17.30650520324707,18.639118194580078,19.763202667236328,23.256277084350586,28.03618621826172,32.37061309814453,33.597251892089844,32.48204803466797,29.564207077026367,20.820327758789062,12.645699501037598,13.175687789916992,15.494911193847656,17.006328582763672,16.95310401916504,17.35710906982422
14.513995170593262,14.870914459228516,10.877527236938477,9.958465576171875,8.928683280944824,9.293225288391113,12.670866012573242,15.506474494934082,18.227699279785156,21.786457061767578,23.794511795043945,20.16659927368164,17.70064926147461,17.396970748901367,17.9066104888916,18.351192474365234,18.032670974731445,19.96919822692871,23.412273406982422,25.450166702270508,26.455102920532227,27.07944107055664,26.132444381713867,24.623586654663086,17.92741584777832,10.886747360229492,10.763293266296387,19.493419647216797,26.742477416992188,29.621450424194336,30.884244918823242,32.35395431518555,33.17955017089844,31.546884536743164,28.168994903564453,26.537446975708008,23.081296920776367,16.926902770996094,13.203561782836914,14.193281173706055,16.18837547302246,15.647988319396973,14.680878639221191,14.324322700500488
13.991541862487793,11.881550788879395,7.638538837432861,6.493047714233398,6.309508323669434,7.127329349517822,8.887178421020508,12.006010055541992,14.959609031677246,17.571887969970703,20.455312728881836,19.986059188842773,19.379640579223633,20.41429328918457,20.563051223754883,21.292495727539062,20.451679229736328,18.07948112487793,15.053853988647461,17.232192993164062,18.849424362182617,19.894407272338867,19.34062385559082,17.760623931884766,15.626790046691895,13.72061824798584,14.827288627624512,19.545555114746094,25.424551010131836,29.02157211303711,30.476486206054688,29.25722885131836,26.329601287841797,21.429183959960938,20.502891540527344,22.493696212768555,20.29448127746582,16.19869041442871,14.143355369567871,14.622367858886719,14.820237159729004,14.151461601257324,12.830202102661133,11.90938663482666
14.565069198608398,10.384411811828613,5.407845973968506,5.084582805633545,5.943777084350586,7.005606651306152,7.989338397979736,9.682134628295898,12.318011283874512,13.728238105773926,16.403833389282227,16.8669376373291,14.296712875366211,12.750877380371094,15.018533706665039,19.2890682220459,21.451053619384766,21.882680892944336,18.069820404052734,16.749406814575195,18.647367477416992,18.086803436279297,16.933765411376953,16.33213233947754,17.719715118408203,20.397869110107422,22.406171798706055,20.57807731628418,20.224367141723633,24.899658203125,25.954944610595703,25.2534236907959,20.948806762695312,18.259300231933594,19.82178497314453,18.728958129882812,14.831498146057129,13.518321990966797,13.408090591430664,12.676749229431152,14.434961318969727,13.018147468566895,11.121578216552734,11.167805671691895
14.16483211517334,9.554634094238281,4.881319522857666,5.103622913360596,6.623517036437988,7.69274377822876,8.810614585876465,10.168791770935059,11.264687538146973,11.934528350830078,12.758577346801758,13.030933380126953,10.174745559692383,9.373373031616211,11.658034324645996,15.454452514648438,17.128299713134766,20.59785270690918,21.875450134277344,20.44794464111328,20.104562759399414,19.361614227294922,18.72064971923828,18.468883514404297,19.8890380859375,21.53644561767578,23.776357650756836,22.6823673248291,22.85956573486328,24.754512786865234,24.34500503540039,21.144798278808594,18.110849380493164,18.59313201904297,18.165451049804688,12.93701171875,12.814427375793457,14.523443222045898,14.79658317565918,15.522756576538086,16.30046844482422,13.299410820007324,9.614251136779785,7.732468605041504
12.98955249786377,10.256802558898926,6.981785774230957,6.029932498931885,6.8836541175842285,8.23813533782959,9.493131637573242,10.624892234802246,10.63084888458252,10.27078914642334,9.285209655761719,9.639866828918457,8.85473346710205,9.538604736328125,12.004511833190918,15.25527572631836,15.738516807556152,16.06957244873047,18.043872833251953,18.972593307495117,17.937929153442383,16.86005210876465,15.93501091003418,16.46728515625,17.423315048217773,17.59151268005371,19.637451171875,21.619361877441406,23.573705673217773,23.86967658996582,20.92848014831543,13.931522369384766,16.193382263183594,19.93862533569336,13.999282836914062,13.233039855957031,14.111988067626953,14.309819221496582,16.13095474243164,15.461923599243164,12.041053771972656,9.177708625793457,8.100327491760254,9.502902030944824
13.700399398803711,13.273656845092773,11.808496475219727,9.638158798217773,8.191593170166016,8.701251983642578,9.555415153503418,10.054442405700684,10.457549095153809,9.792459487915039,8.166061401367188,7.602926731109619,6.582904815673828,8.168227195739746,11.222264289855957,14.285845756530762,14.005690574645996,11.173591613769531,10.924160957336426,13.716172218322754,14.004796981811523,13.461852073669434,12.866887092590332,13.353730201721191,14.411693572998047,15.869243621826172,17.93728256225586,20.400564193725586,21.483808517456055,21.271066665649414,16.486629486083984,10.789948463439941,14.88534927368164,18.995155334472656,14.428606986999512,12.769340515136719,14.101140975952148,15.847168922424316,15.948469161987305,11.655795097351074,5.857731819152832,3.998551607131958,3.025120973587036,2.6830384731292725
13.537055969238281,14.074470520019531,14.572371482849121,13.181811332702637,10.607624053955078,9.454514503479004,9.47269344329834,9.536581039428711,10.963201522827148,11.840108871459961,9.930445671081543,8.444880485534668,7.412752628326416,7.468900680541992,8.72607135772705,9.681977272033691,9.820488929748535,9.41626262664795,7.300675392150879,9.234512329101562,10.573193550109863,12.047337532043457,13.550185203552246,15.299745559692383,16.330846786499023,17.741037368774414,19.7887020111084,20.850772857666016,20.472915649414062,18.7817325592041,14.393145561218262,10.154455184936523,13.043105125427246,15.184333801269531,11.838884353637695,14.941487312316895,16.012331008911133,15.130460739135742,12.120079040527344,8.56448745727539,6.656345367431641,4.635171890258789,2.5701918601989746,0.5697144865989685
11.76811695098877,13.534953117370605,15.01345443725586,15.16649341583252,13.223135948181152,11.254082679748535,10.09572982788086,10.999518394470215,12.860058784484863,14.763065338134766,13.635042190551758,11.473409652709961,10.529293060302734,9.067950248718262,8.552268028259277,8.650461196899414,9.648075103759766,11.270895957946777,10.068390846252441,9.348563194274902,8.538451194763184,9.826582908630371,11.597344398498535,13.153158187866211,14.531648635864258,16.08284568786621,17.21220588684082,18.065277099609375,19.166715621948242,15.989294052124023,15.3794527053833,14.305551528930664,13.017184257507324,10.996453285217285,2.6446311473846436,17.371490478515625,15.760644912719727,11.116477966308594,11.22654914855957,10.941498756408691,8.143301010131836,5.578785419464111,3.258868932723999,0.6879540681838989
9.435576438903809,12.249516487121582,13.888130187988281,14.807565689086914,14.684789657592773,13.647967338562012,12.221570014953613,13.017539978027344,14.477967262268066,16.20669937133789,16.52660369873047,15.528526306152344,15.123845100402832,13.483970642089844,11.955301284790039,10.892436981201172,11.551350593566895,12.958173751831055,13.9877347946167,13.932705879211426,12.500482559204102,11.895849227905273,13.083538055419922,13.12867546081543,13.759865760803223,15.083761215209961,17.332002639770508,19.797977447509766,16.4111270904541,14.934059143066406,16.5720272064209,14.93160629272461,7.852331161499023,7.960638999938965,9.366349220275879,14.071151733398438,12.041403770446777,11.307671546936035,12.800143241882324,12.124296188354492,9.287286758422852,6.633786201477051,4.3766679763793945,2.654448986053467
6.887356758117676,8.730039596557617,11.938359260559082,13.568962097167969,14.659110069274902,14.878440856933594,14.463418960571289,14.778837203979492,14.989514350891113,16.13063621520996,17.16144561767578,18.14930534362793,18.737512588500977,18.248079299926758,16.250864028930664,13.927912712097168,13.30533504486084,13.960479736328125,16.225831985473633,17.852752685546875,18.31306266784668,18.837793350219727,18.252412796020508,16.842016220092773,14.731976509094238,16.0073184967041,18.69877815246582,20.65447235107422,18.93202018737793,18.88225555419922,20.021635055541992,11.806984901428223,5.148961067199707,8.576732635498047,13.807605743408203,14.516334533691406,12.176823616027832,12.548016548156738,13.635475158691406,12.815526008605957,10.533039093017578,8.042741775512695,5.95668363571167,5.131515026092529
7.053049564361572,6.6486124992370605,7.839680194854736,10.865559577941895,14.016069412231445,16.210952758789062,17.30242347717285,17.217498779296875,16.38360595703125,16.65339469909668,17.510238647460938,19.058528900146484,20.478242874145508,20.40172576904297,19.164548873901367,17.72173500061035,16.635623931884766,15.618546485900879,15.73537826538086,17.30864906311035,19.7099552154541,20.754682540893555,19.927927017211914,19.101009368896484,17.463693618774414,17.742582321166992,19.357593536376953,20.181007385253906,21.151264190673828,24.130136489868164,24.359498977661133,13.573786735534668,10.436624526977539,16.11260223388672,20.18781089782715,16.729764938354492,13.924863815307617,14.085680961608887,14.356354713439941,13.631335258483887,11.635096549987793,9.317853927612305,7.758383274078369,7.399265289306641
