data/wind_data/wind_25_8.json
{"header": {"parameterUnit": "KT", "parameterCategory": 2, "nx": 256, "ny": 198, "lo1": 44.73521041870117, "la1": -3.236724853515625, "lo2": 111.26478576660156, "la2": 43.468475341796875, "dx": 0.2609002888202667, "dy": -0.23708222806453705, "refTime": "2025-02-20 01:00:00", "forecastTime": 0, "parameterNumber": 2, "parameterNumberName": "eastward_wind"}, "data":
[rows 38 to 56 of 198, columns 176 to 219 of 256]
4.956213474273682,3.9568750858306885,2.533022403717041,1.270001769065857,0.19162921607494354,-0.29405897855758667,-0.5702332854270935,-1.2356725931167603,-2.5358853340148926,-3.7953085899353027,-5.200479984283447,-5.4615607261657715,-5.742361068725586,-7.451723098754883,-9.336649894714355,-10.441080093383789,-10.920162200927734,-11.874184608459473,-12.849183082580566,-12.353082656860352,-10.748995780944824,-8.98054027557373,-7.693009376525879,-5.778589248657227,-4.204280376434326,-1.8410773277282715,1.9159955978393555,3.845578670501709,2.4811062812805176,0.7183367609977722,-1.4203038215637207,-1.951905608177185,-0.9749330282211304,0.3035585880279541,2.0995612144470215,3.3430941104888916,5.11195707321167,5.902947902679443,5.315223217010498,5.409690856933594,6.749634265899658,8.320688247680664,12.17558765411377,15.820405960083008
4.867665767669678,4.341547966003418,3.485536575317383,1.9535789489746094,0.07525521516799927,-0.7496252059936523,-0.39610129594802856,0.14368022978305817,0.1265265792608261,-0.48488011956214905,-2.02500581741333,-2.2480599880218506,-2.4631834030151367,-4.243293285369873,-6.524590492248535,-8.087873458862305,-9.175596237182617,-10.724380493164062,-12.021491050720215,-11.728177070617676,-10.500776290893555,-9.41367244720459,-7.970996856689453,-6.031595230102539,-4.652628421783447,-3.0309224128723145,0.6545570492744446,3.1195876598358154,2.937485456466675,2.053828239440918,0.5448896884918213,-0.21159206330776215,0.7405683994293213,2.369809627532959,3.4425954818725586,3.7412919998168945,3.8449954986572266,1.9915910959243774,1.5373001098632812,3.429429292678833,7.4538350105285645,11.579803466796875,14.450911521911621,16.83536148071289
5.17355489730835,4.97475004196167,4.42545223236084,2.586520195007324,-0.2028241902589798,-1.6345144510269165,-0.9166427254676819,0.6784535646438599,2.032278060913086,1.7845957279205322,0.3771388530731201,0.493062287569046,0.26050058007240295,-1.665258765220642,-3.7413923740386963,-4.925166130065918,-6.126476287841797,-8.420848846435547,-10.692365646362305,-11.461006164550781,-10.93061351776123,-9.897017478942871,-7.843146800994873,-6.152001857757568,-4.880090713500977,-3.410505533218384,-0.4802877604961395,0.8417123556137085,1.3458271026611328,2.172457218170166,1.7778117656707764,1.6068276166915894,2.561413049697876,4.08573055267334,4.107578754425049,3.5822408199310303,1.598341941833496,-0.7781553864479065,-0.4724842607975006,3.607320785522461,9.639117240905762,13.980059623718262,16.187440872192383,14.33393383026123
6.956424236297607,6.75380277633667,5.612334251403809,3.706453561782837,0.6671524047851562,-1.672308087348938,-1.5011199712753296,0.2679991126060486,1.9725884199142456,2.3074512481689453,1.0671210289001465,1.2108371257781982,0.9609959125518799,-0.47131529450416565,-1.6081314086914062,-1.9000890254974365,-2.6211771965026855,-5.218801021575928,-8.590492248535156,-10.423652648925781,-10.62417221069336,-9.901213645935059,-8.07143497467041,-6.282902240753174,-4.349364280700684,-3.0287532806396484,-1.0480090379714966,-0.6988024711608887,-0.3128703534603119,0.7368522882461548,0.8459322452545166,1.827248215675354,3.466200351715088,4.57836389541626,4.646202564239502,4.074718475341797,1.5311830043792725,-0.8915300965309143,-0.572002112865448,4.1432576179504395,10.735754013061523,15.515228271484375,16.743810653686523,12.819801330566406
8.756300926208496,8.401188850402832,7.526398658752441,6.2420334815979,3.8963711261749268,1.1412135362625122,-0.6309231519699097,-0.4121103882789612,0.5861237645149231,1.564573049545288,1.5095330476760864,0.9758316278457642,-0.04952429234981537,-0.62950199842453,-0.6365390419960022,-0.11772698163986206,-0.31127190589904785,-2.326190233230591,-5.24928617477417,-7.381102085113525,-8.435013771057129,-9.02458667755127,-8.26375961303711,-6.328780651092529,-4.158656120300293,-2.833472490310669,-1.3933156728744507,-1.1082619428634644,-1.1252377033233643,-0.9071993231773376,-1.1318124532699585,0.007330757565796375,1.994489073753357,3.467560052871704,4.046085834503174,3.0513360500335693,0.8819716572761536,-0.6763925552368164,0.32522186636924744,5.207217216491699,10.687101364135742,15.661956787109375,16.56490707397461,13.894500732421875
9.553984642028809,8.732856750488281,8.38469409942627,8.243459701538086,7.174291133880615,5.122714996337891,2.45251727104187,0.5777702331542969,0.3371582627296448,1.4409396648406982,2.213928461074829,1.1551464796066284,-1.113157868385315,-1.7213579416275024,-1.0173919200897217,-0.1307297646999359,-0.15242286026477814,-0.9978072643280029,-1.79923415184021,-3.047003984451294,-4.946696758270264,-7.062658786773682,-7.755807876586914,-6.572675704956055,-5.263823509216309,-3.5172500610351562,-1.7651888132095337,-1.345679521560669,-1.292895793914795,-1.174406886100769,-1.9460992813110352,-1.8256722688674927,-0.20416362583637238,1.745375156402588,1.9749526977539062,0.5824508666992188,-0.758448600769043,-1.0501899719238281,0.934919536113739,6.086175441741943,10.936029434204102,15.47966194152832,17.295019149780273,15.632533073425293
10.948446273803711,9.347115516662598,8.192730903625488,7.861786365509033,7.80233097076416,7.297999858856201,6.1932525634765625,3.9975485801696777,2.0459468364715576,2.395920753479004,2.9773809909820557,1.7629791498184204,-1.0613020658493042,-2.38484525680542,-1.9712165594100952,-1.527358055114746,-1.3800232410430908,-1.2288275957107544,-0.7206451296806335,-0.6793983578681946,-2.1288323402404785,-4.757995128631592,-6.258831977844238,-6.183157920837402,-5.654064178466797,-4.136989116668701,-2.232182025909424,-1.7698500156402588,-1.2403738498687744,-0.6095027327537537,-1.4786365032196045,-2.5354721546173096,-2.2195708751678467,-0.5515344142913818,-0.04671415686607361,-1.4065061807632446,-2.1900627613067627,-1.3545703887939453,1.1988804340362549,5.890564441680908,11.764991760253906,15.737853050231934,16.34402847290039,14.811163902282715
13.236964225769043,11.147500038146973,8.67819595336914,6.970283508300781,6.890674114227295,7.132104873657227,7.604891300201416,7.524593353271484,5.520002841949463,3.876359224319458,3.184394121170044,2.4163739681243896,0.19841817021369934,-1.750322699546814,-2.2546157836914062,-2.3081865310668945,-1.680937647819519,-1.1404118537902832,-1.184524655342102,-1.3950355052947998,-1.2058162689208984,-2.6806037425994873,-4.2376508712768555,-4.721846103668213,-4.343016147613525,-3.5183379650115967,-2.448897123336792,-2.198173999786377,-1.4782066345214844,-0.8007028102874756,-1.2667484283447266,-2.4947941303253174,-3.6411094665527344,-2.5227386951446533,-0.9149918556213379,-1.803773045539856,-2.6421310901641846,-1.4514834880828857,1.0011147260665894,5.174435615539551,11.444931983947754,14.704896926879883,13.388236999511719,12.257695198059082
15.931004524230957,13.610462188720703,10.705087661743164,7.8543620109558105,6.854145050048828,7.0473952293396,7.4080681800842285,8.610687255859375,8.421158790588379,5.5234198570251465,3.30147385597229,2.6413636207580566,1.9979326725006104,0.5225904583930969,-0.8569566607475281,-1.850500464439392,-1.753973364830017,-1.624430775642395,-1.5511343479156494,-1.8812270164489746,-1.3313127756118774,-0.7935901880264282,-2.1948728561401367,-2.954507827758789,-2.7043421268463135,-2.1769869327545166,-1.7735620737075806,-1.8163803815841675,-1.5739467144012451,-1.403098464012146,-1.5422645807266235,-2.4322502613067627,-3.943046808242798,-3.0140440464019775,-0.46708306670188904,-0.3017880618572235,-1.3784617185592651,-1.2671489715576172,0.28568035364151,5.140512466430664,11.174712181091309,12.310808181762695,9.939845085144043,10.47877311706543
17.69585609436035,15.724798202514648,13.290709495544434,10.894075393676758,9.081757545471191,8.512990951538086,8.274230003356934,8.323351860046387,9.261231422424316,7.424126148223877,4.314556121826172,3.259528875350952,3.4799225330352783,2.753551721572876,0.5996899008750916,-1.4492559432983398,-2.3508481979370117,-2.3296971321105957,-2.167388677597046,-1.8768354654312134,-0.8220813870429993,0.43824633955955505,-0.3262922465801239,-1.3283597230911255,-1.729045033454895,-1.4194765090942383,-1.0367116928100586,-0.9077507853507996,-1.0532132387161255,-1.2513153553009033,-1.4126619100570679,-2.317148208618164,-3.2293829917907715,-1.9728460311889648,0.6145629286766052,1.3265312910079956,0.69289231300354,-0.4327652156352997,-0.5362119078636169,5.156448841094971,11.362760543823242,10.261746406555176,8.335441589355469,9.080007553100586
16.790489196777344,16.837615966796875,14.77054214477539,13.404521942138672,12.267727851867676,11.361865043640137,10.995121002197266,9.8416109085083,9.614429473876953,9.206888198852539,6.463852882385254,4.541928768157959,4.226093292236328,3.2932636737823486,0.6891729235649109,-1.301096796989441,-1.827031135559082,-2.454047441482544,-2.0556185245513916,-1.820225715637207,-0.16841287910938263,1.1421830654144287,1.0230305194854736,0.030305711552500725,-0.6587584614753723,-0.6489736437797546,-0.5953144431114197,-0.6768695116043091,-0.8883664608001709,-0.672396183013916,-0.40411391854286194,-1.1380743980407715,-1.7875930070877075,-0.7699341177940369,1.3976624011993408,2.214315891265869,2.141540288925171,0.6049256920814514,-0.44365742802619934,5.412064552307129,10.62868595123291,8.57125473022461,8.446924209594727,8.081686973571777
15.0947847366333,17.614164352416992,16.634916305541992,14.546814918518066,13.904541969299316,13.534761428833008,13.37320613861084,13.018023490905762,11.525078773498535,10.459111213684082,8.306279182434082,5.826722145080566,4.552677631378174,3.287027597427368,1.3875094652175903,0.03664768114686012,-0.851411759853363,-1.9090754985809326,-1.9771579504013062,-1.927555799484253,-0.06013571470975876,1.51706862449646,1.5342347621917725,0.9946605563163757,1.0104931592941284,0.9350663423538208,0.3172470033168793,-0.6624455451965332,-1.164116382598877,-0.41243401169776917,0.6158910989761353,0.3610912263393402,-0.38404136896133423,0.12150795757770538,1.9412108659744263,2.980522871017456,2.6336305141448975,0.89313143491745,0.7471728324890137,5.11830472946167,8.826408386230469,9.206371307373047,9.512557029724121,7.179798126220703
14.61017894744873,17.445119857788086,18.3747615814209,16.24516487121582,14.654688835144043,14.98561954498291,14.660355567932129,14.241631507873535,13.289170265197754,11.45107650756836,9.144729614257812,6.561061382293701,4.727930545806885,3.2327170372009277,1.8453744649887085,1.0037437677383423,0.11515490710735321,-0.990855872631073,-2.0558626651763916,-1.9721028804779053,-0.15047653019428253,1.4733715057373047,1.7201764583587646,1.7518643140792847,2.1001107692718506,2.382650852203369,1.8258591890335083,0.5294697880744934,-0.20064666867256165,0.35350775718688965,1.1494752168655396,0.9101136922836304,0.3753827214241028,0.8674139976501465,2.4868900775909424,3.4675657749176025,2.6050357818603516,1.2687386274337769,2.385101318359375,4.998281002044678,7.5594587326049805,8.830493927001953,7.778831481933594,4.863509178161621
11.65684700012207,13.853609085083008,16.02745819091797,15.81760311126709,14.207789421081543,14.738554000854492,15.96075439453125,14.776827812194824,13.005170822143555,11.491318702697754,9.461187362670898,6.95818567276001,4.86458158493042,3.3207483291625977,2.263150215148926,1.6708884239196777,1.149407148361206,0.4765600860118866,-0.6303776502609253,-0.587123453617096,0.05052296444773674,1.0223246812820435,2.0974528789520264,3.0424153804779053,3.1611785888671875,3.2134013175964355,3.2199320793151855,2.76033616065979,2.5661916732788086,2.8058245182037354,2.5441348552703857,1.56097412109375,0.8644795417785645,1.1926745176315308,2.2984981536865234,2.9042892456054688,2.380640745162964,2.4757742881774902,4.1371002197265625,6.072988510131836,7.736620903015137,6.618579387664795,3.7266416549682617,1.511211633682251
6.631904602050781,8.776934623718262,11.43635368347168,12.938488960266113,12.149711608886719,11.93807315826416,14.610973358154297,15.217765808105469,12.620305061340332,10.816372871398926,9.698429107666016,7.57623815536499,5.089345932006836,3.2949140071868896,2.4270174503326416,2.065253973007202,1.917070984840393,1.8424257040023804,1.6970930099487305,2.0160796642303467,1.6431334018707275,1.3615553379058838,2.6514055728912354,4.737646102905273,5.451375961303711,5.127578258514404,4.626680850982666,4.8661112785339355,5.263881206512451,5.626199245452881,5.230461120605469,3.8478291034698486,2.2995784282684326,1.2587751150131226,1.138057827949524,1.5943127870559692,2.2658772468566895,3.760927438735962,5.851450443267822,7.923651218414307,7.6952595710754395,4.58831787109375,1.3969637155532837,-0.6844764351844788
4.613383769989014,6.681128978729248,9.400975227355957,11.449991226196289,11.602459907531738,10.76285457611084,11.836349487304688,13.698330879211426,12.542314529418945,10.290692329406738,9.700121879577637,8.49954891204834,6.045520305633545,3.698044776916504,2.493105411529541,2.15853214263916,2.151304006576538,2.455334186553955,3.070561647415161,3.7017605304718018,3.805306911468506,3.7785418033599854,4.624512195587158,6.432732105255127,7.822516918182373,8.200617790222168,7.840221405029297,7.720449924468994,7.595020294189453,7.495009899139404,7.056269645690918,6.2071967124938965,4.5874152183532715,2.0226025581359863,0.3303118646144867,0.732129693031311,2.6197800636291504,4.908277988433838,7.214034557342529,8.519438743591309,7.311403274536133,5.214659690856934,2.664043426513672,-0.10942456126213074
5.351649284362793,7.068426609039307,9.872224807739258,11.717306137084961,12.348193168640137,12.273531913757324,11.63936996459961,12.0996732711792,12.270772933959961,10.318819046020508,9.282469749450684,8.841303825378418,7.384801387786865,5.198391437530518,3.526655435562134,2.925440788269043,2.8888657093048096,3.1787383556365967,3.81695818901062,4.321537971496582,4.837761402130127,5.767754554748535,6.954566478729248,8.34338665008545,9.60897159576416,10.643457412719727,11.388160705566406,11.38917350769043,10.704612731933594,9.550736427307129,8.010841369628906,6.686135768890381,5.497374057769775,3.1016814708709717,1.0278193950653076,1.285017728805542,2.9644954204559326,5.19114351272583,7.07655668258667,7.24928092956543,6.727968215942383,6.293095588684082,4.445104122161865,1.4808725118637085
6.368444442749023,7.377470970153809,9.751238822937012,11.96208667755127,13.127861022949219,13.862092971801758,13.085844039916992,12.136874198913574,11.74917984008789,10.349509239196777,8.966546058654785,8.57857608795166,8.232561111450195,7.144063472747803,5.758669376373291,4.869667053222656,4.594405174255371,4.534290313720703,4.658934116363525,5.0260329246521,5.375875473022461,5.98433780670166,7.071870803833008,8.54171085357666,10.030258178710938,11.516792297363281,12.98894214630127,13.524998664855957,12.824207305908203,11.185917854309082,9.251925468444824,7.087918758392334,5.176417350769043,3.733384847640991,2.8040454387664795,2.989131450653076,3.846308708190918,5.006378173828125,5.403438568115234,5.23404598236084,5.93759822845459,6.113356590270996,4.240644931793213,2.303915023803711
6.507257461547852,6.781588077545166,8.012103080749512,9.9306058883667,11.622004508972168,12.990089416503906,13.091962814331055,12.118240356445312,11.095710754394531,9.980210304260254,8.886016845703125,8.294901847839355,7.976062774658203,7.5121870040893555,6.998249053955078,6.561254978179932,6.2074360847473145,5.819640159606934,5.19729471206665,4.914448261260986,5.159660816192627,5.596372127532959,6.266130447387695,7.329324245452881,8.729996681213379,10.521120071411133,12.548552513122559,13.664987564086914,13.168525695800781,11.5007905960083,10.020074844360352,8.60348129272461,6.276592254638672,4.5925822257995605,4.5311689376831055,5.071267127990723,5.594908714294434,5.6407270431518555,4.879837989807129,4.529665946960449,5.353108882904053,5.4626383781433105,4.186920166015625,2.9246463775634766
