data/wind_data/wind_51_1.json
{"header": {"parameterUnit": "KT", "parameterCategory": 2, "nx": 256, "ny": 198, "lo1": 44.73521041870117, "la1": -3.236724853515625, "lo2": 111.26478576660156, "la2": 43.468475341796875, "dx": 0.2609002888202667, "dy": -0.23708222806453705, "refTime": "2025-02-21 03:00:00", "forecastTime": 0, "parameterNumber": 2, "parameterNumberName": "eastward_wind"}, "data":
[rows 19 to 37 of 198, columns 43 to 85 of 256]
-13.333196640014648,-14.001433372497559,-13.648061752319336,-12.905314445495605,-13.54271411895752,-11.652405738830566,-7.815730094909668,-5.159568786621094,-10.508682250976562,-14.671260833740234,-12.604565620422363,-12.421979904174805,-11.561227798461914,-8.808727264404297,-11.38636589050293,-15.526179313659668,-13.974648475646973,-9.260313987731934,-8.856385231018066,-11.690640449523926,-11.871114730834961,-9.922919273376465,-6.098020076751709,-4.339357852935791,-8.976633071899414,-13.001802444458008,-13.420069694519043,-13.377467155456543,-9.057010650634766,-7.53029727935791,-9.58278751373291,-10.329324722290039,-7.975815296173096,-9.669299125671387,-11.530370712280273,-11.107254981994629,-9.323762893676758,-9.791001319885254,-10.598271369934082,-7.871016502380371,-6.277830600738525,-10.23486614227295,-10.661515235900879
-14.387711524963379,-14.398558616638184,-12.974656105041504,-12.69304370880127,-13.276898384094238,-12.418829917907715,-11.301061630249023,-11.523283958435059,-11.476911544799805,-10.461158752441406,-10.89669418334961,-11.935215950012207,-12.941826820373535,-12.467060089111328,-13.244100570678711,-14.296110153198242,-12.033371925354004,-9.71381664276123,-9.26651382446289,-10.214360237121582,-12.175031661987305,-11.767965316772461,-8.64310359954834,-6.653871536254883,-9.497023582458496,-14.747536659240723,-13.460105895996094,-12.433050155639648,-8.320111274719238,-7.279340744018555,-12.053594589233398,-12.767064094543457,-8.747429847717285,-8.080950736999512,-8.214099884033203,-11.540457725524902,-12.63428020477295,-9.529949188232422,-8.376100540161133,-8.03958511352539,-8.796507835388184,-10.222135543823242,-7.483592987060547
-14.89743423461914,-12.459243774414062,-13.278436660766602,-13.864169120788574,-12.93773365020752,-13.49838924407959,-12.7711181640625,-11.891063690185547,-11.000261306762695,-9.584023475646973,-8.385685920715332,-9.555622100830078,-13.09615707397461,-13.939031600952148,-12.199235916137695,-9.469236373901367,-7.351831912994385,-10.967878341674805,-13.161336898803711,-11.935103416442871,-11.50269603729248,-8.857206344604492,-5.972755432128906,-8.51637077331543,-15.210729598999023,-14.657784461975098,-11.282308578491211,-11.618356704711914,-10.267840385437012,-11.126653671264648,-12.074479103088379,-10.240488052368164,-10.77645206451416,-9.714027404785156,-9.18210220336914,-10.299721717834473,-9.188480377197266,-8.521027565002441,-8.851630210876465,-10.52749252319336,-9.678427696228027,-7.353146553039551,-6.96761417388916
-14.735189437866211,-14.586222648620605,-14.222768783569336,-14.248241424560547,-12.511033058166504,-10.090675354003906,-10.85018253326416,-13.010452270507812,-11.90101432800293,-12.127948760986328,-11.828662872314453,-11.493096351623535,-13.33395767211914,-14.076523780822754,-11.297178268432617,-8.299480438232422,-7.93199348449707,-9.04777717590332,-12.535673141479492,-12.360401153564453,-10.74776840209961,-8.149994850158691,-4.496511459350586,-7.234724521636963,-15.055500984191895,-13.863801956176758,-11.966958045959473,-11.242851257324219,-11.511329650878906,-12.42086124420166,-11.253793716430664,-10.66436767578125,-11.552938461303711,-11.033357620239258,-10.058670997619629,-9.257627487182617,-7.080483913421631,-9.879178047180176,-10.956344604492188,-10.2169189453125,-10.133956909179688,-9.291117668151855,-9.398649215698242
-14.046332359313965,-14.048552513122559,-12.095013618469238,-12.765352249145508,-13.1945219039917,-11.275455474853516,-10.063346862792969,-12.175029754638672,-13.177090644836426,-12.489396095275879,-12.79712963104248,-11.931317329406738,-13.44953441619873,-13.261093139648438,-9.857595443725586,-9.649977684020996,-12.290301322937012,-10.857734680175781,-11.57406234741211,-12.542724609375,-10.753484725952148,-9.289667129516602,-10.221542358398438,-10.995643615722656,-13.281907081604004,-14.509564399719238,-13.089617729187012,-11.090383529663086,-11.93993091583252,-11.939952850341797,-11.448016166687012,-12.174260139465332,-11.668076515197754,-10.929096221923828,-10.89947509765625,-9.4801607131958,-8.787861824035645,-9.422771453857422,-10.917630195617676,-12.069220542907715,-9.395868301391602,-8.806053161621094,-8.821724891662598
-14.691854476928711,-13.585929870605469,-13.513671875,-13.524537086486816,-13.71693229675293,-14.582010269165039,-13.540060043334961,-13.19506549835205,-13.289709091186523,-13.337201118469238,-13.67901611328125,-12.63814926147461,-11.860684394836426,-11.990754127502441,-8.218023300170898,-6.60654878616333,-11.314958572387695,-12.912686347961426,-13.294758796691895,-11.744562149047852,-9.5650634765625,-10.78897762298584,-12.354951858520508,-11.587203025817871,-13.500367164611816,-13.412076950073242,-11.344331741333008,-11.48367977142334,-11.977126121520996,-11.45039176940918,-10.954670906066895,-10.826608657836914,-11.597686767578125,-12.759220123291016,-12.219731330871582,-9.99467658996582,-10.630965232849121,-10.199633598327637,-10.470943450927734,-11.549006462097168,-8.989771842956543,-8.57588005065918,-9.693939208984375
-12.701408386230469,-12.210820198059082,-12.76475715637207,-13.875832557678223,-14.817493438720703,-14.830236434936523,-14.163582801818848,-12.608759880065918,-12.440309524536133,-13.332144737243652,-13.733376502990723,-13.050832748413086,-11.535889625549316,-10.450493812561035,-7.349841117858887,-8.74453067779541,-10.823173522949219,-10.205020904541016,-10.432672500610352,-9.450258255004883,-10.934516906738281,-12.995617866516113,-11.94915771484375,-12.221402168273926,-12.483240127563477,-12.090433120727539,-11.458372116088867,-11.49853801727295,-11.944250106811523,-11.338181495666504,-11.297701835632324,-9.287468910217285,-10.556891441345215,-13.96628475189209,-12.836226463317871,-10.187783241271973,-11.820167541503906,-11.823492050170898,-10.17961311340332,-10.362247467041016,-9.29975700378418,-9.129464149475098,-11.448898315429688
-11.301275253295898,-12.855354309082031,-13.532618522644043,-14.131974220275879,-15.170087814331055,-13.973665237426758,-13.763821601867676,-13.474896430969238,-13.394983291625977,-13.53975772857666,-13.115760803222656,-12.917038917541504,-11.480228424072266,-9.104418754577637,-9.777656555175781,-11.84587574005127,-11.483287811279297,-8.097686767578125,-9.77692985534668,-11.600556373596191,-12.384193420410156,-12.126733779907227,-13.204182624816895,-12.27688217163086,-12.09608268737793,-11.694220542907715,-11.684926986694336,-11.599372863769531,-10.622456550598145,-11.610671043395996,-11.740140914916992,-12.111564636230469,-12.379878997802734,-11.304496765136719,-11.588621139526367,-12.5443754196167,-11.695703506469727,-9.789643287658691,-10.035162925720215,-11.217015266418457,-9.506595611572266,-10.636918067932129,-12.801775932312012
-7.317450046539307,-10.181086540222168,-14.397915840148926,-14.547455787658691,-14.847488403320312,-15.155186653137207,-13.658465385437012,-13.946203231811523,-14.913180351257324,-14.712729454040527,-13.924848556518555,-12.706493377685547,-11.878087043762207,-12.134458541870117,-10.87131404876709,-9.942220687866211,-11.321270942687988,-12.216622352600098,-10.945405960083008,-8.367597579956055,-11.645206451416016,-14.513392448425293,-11.838644027709961,-11.389461517333984,-12.648738861083984,-11.298547744750977,-11.55010986328125,-12.432669639587402,-11.240182876586914,-11.024028778076172,-11.619331359863281,-11.224985122680664,-11.280346870422363,-10.272261619567871,-10.853894233703613,-11.864562034606934,-11.186004638671875,-9.304954528808594,-10.242645263671875,-10.517128944396973,-9.395554542541504,-11.915631294250488,-12.360640525817871
-8.621857643127441,-6.988222122192383,-7.716549396514893,-11.693290710449219,-12.084847450256348,-13.894068717956543,-11.785632133483887,-11.90434455871582,-14.126474380493164,-14.892526626586914,-14.083917617797852,-13.945035934448242,-12.354602813720703,-12.238166809082031,-11.8905668258667,-9.922540664672852,-9.97376823425293,-11.70419692993164,-11.140504837036133,-11.255183219909668,-12.601632118225098,-12.779146194458008,-12.246456146240234,-12.466172218322754,-11.071456909179688,-10.910387992858887,-11.772170066833496,-11.321653366088867,-11.95307445526123,-12.673007011413574,-11.748744010925293,-11.09692096710205,-10.36466121673584,-11.671975135803223,-11.13192081451416,-11.22152328491211,-10.08502197265625,-10.404729843139648,-9.85394287109375,-8.53744125366211,-10.436720848083496,-11.946059226989746,-10.259062767028809
-10.336709022521973,-8.92290210723877,-7.772984504699707,-6.901049613952637,-10.960128784179688,-12.547266960144043,-14.61669635772705,-9.40354061126709,-10.283289909362793,-12.829021453857422,-12.811153411865234,-13.445220947265625,-13.60098934173584,-13.04601764678955,-12.698103904724121,-12.255341529846191,-12.60633659362793,-12.325531005859375,-12.231657981872559,-12.436943054199219,-12.182421684265137,-12.086477279663086,-12.461177825927734,-11.494549751281738,-10.921102523803711,-11.600740432739258,-11.711868286132812,-12.187851905822754,-13.297063827514648,-13.166116714477539,-12.45930004119873,-11.947623252868652,-10.564260482788086,-9.570298194885254,-10.276430130004883,-10.538101196289062,-10.078618049621582,-11.16483211517334,-11.723129272460938,-10.221745491027832,-10.877992630004883,-10.790956497192383,-9.010478973388672
-13.298391342163086,-10.073030471801758,-7.392325401306152,-5.115207672119141,-13.37266731262207,-16.922082901000977,-13.404271125793457,-9.706901550292969,-8.9949312210083,-12.477160453796387,-10.428543090820312,-15.081328392028809,-16.193675994873047,-12.74020004272461,-12.528942108154297,-13.733051300048828,-13.021282196044922,-10.722122192382812,-9.96267318725586,-12.754573822021484,-14.376845359802246,-13.012796401977539,-11.337830543518066,-12.271400451660156,-12.44506549835205,-11.2379732131958,-11.75361442565918,-13.438516616821289,-11.826855659484863,-11.793988227844238,-12.89443588256836,-12.244035720825195,-11.179316520690918,-10.795476913452148,-9.521005630493164,-9.936775207519531,-10.80306625366211,-10.158080101013184,-11.720685005187988,-10.090557098388672,-10.454463958740234,-10.11091423034668,-10.105753898620605
-13.242605209350586,-11.187813758850098,-8.712952613830566,-7.844588279724121,-14.995402336120605,-18.65925407409668,-13.155959129333496,-10.907014846801758,-11.432894706726074,-13.93496036529541,-14.94752025604248,-16.24106788635254,-14.681897163391113,-11.800891876220703,-9.791816711425781,-10.4495210647583,-12.186939239501953,-12.936260223388672,-12.791415214538574,-13.295731544494629,-15.06213665008545,-13.322793960571289,-10.405463218688965,-11.882789611816406,-12.147380828857422,-10.945694923400879,-12.595260620117188,-12.731407165527344,-11.460393905639648,-11.854519844055176,-11.415550231933594,-12.623150825500488,-12.126852035522461,-10.592828750610352,-9.367392539978027,-8.565242767333984,-8.909188270568848,-10.167473793029785,-9.488985061645508,-9.569971084594727,-9.715982437133789,-10.470426559448242,-9.890764236450195
-11.760835647583008,-12.794062614440918,-10.253876686096191,-9.2178316116333,-14.716845512390137,-16.748781204223633,-12.489493370056152,-8.989605903625488,-8.173320770263672,-11.33006763458252,-14.572550773620605,-14.483609199523926,-12.742942810058594,-10.190361976623535,-8.559684753417969,-6.558654308319092,-6.625522613525391,-10.1427583694458,-12.892875671386719,-15.856810569763184,-14.487055778503418,-12.209097862243652,-11.66649055480957,-12.502693176269531,-11.760577201843262,-11.680721282958984,-13.083351135253906,-11.930766105651855,-10.945493698120117,-10.358345031738281,-9.131428718566895,-11.641458511352539,-12.124467849731445,-10.943150520324707,-8.786504745483398,-8.879332542419434,-11.146105766296387,-10.854000091552734,-8.773778915405273,-9.073573112487793,-10.780718803405762,-10.797669410705566,-9.841572761535645
-12.731820106506348,-14.090283393859863,-11.120580673217773,-9.028969764709473,-12.20426082611084,-13.722575187683105,-11.061135292053223,-8.332950592041016,-7.4515790939331055,-13.901870727539062,-15.773473739624023,-11.385247230529785,-7.980307579040527,-9.789327621459961,-13.389935493469238,-9.93367862701416,-6.869421482086182,-9.739645957946777,-14.566106796264648,-15.557740211486816,-14.543449401855469,-13.299086570739746,-12.389252662658691,-12.568625450134277,-11.250139236450195,-11.670992851257324,-13.301020622253418,-11.227170944213867,-10.205300331115723,-11.064010620117188,-7.720765113830566,-7.7640581130981445,-10.063249588012695,-10.897549629211426,-11.33794116973877,-9.572916984558105,-9.876686096191406,-10.013435363769531,-8.597247123718262,-7.506577014923096,-8.860782623291016,-8.830201148986816,-8.221494674682617
-12.247807502746582,-14.248416900634766,-11.02096176147461,-9.376668930053711,-10.858136177062988,-10.169848442077637,-10.661956787109375,-12.345904350280762,-12.550511360168457,-13.878170013427734,-13.905463218688965,-11.232264518737793,-10.105530738830566,-11.677234649658203,-10.465746879577637,-10.16499137878418,-11.884235382080078,-13.917484283447266,-14.452081680297852,-14.645398139953613,-14.03185749053955,-12.837303161621094,-12.623804092407227,-13.031929016113281,-12.327359199523926,-11.851439476013184,-11.889472961425781,-9.778996467590332,-9.529317855834961,-10.177652359008789,-6.66143798828125,-5.036109447479248,-4.298342704772949,-9.5912446975708,-11.997684478759766,-10.88647174835205,-9.30263614654541,-7.2385334968566895,-7.576017379760742,-8.082657814025879,-7.100526809692383,-5.328993320465088,-4.740607261657715
-12.844528198242188,-14.930005073547363,-11.861933708190918,-10.720563888549805,-11.617777824401855,-10.96048355102539,-11.411103248596191,-13.38221549987793,-14.426742553710938,-12.793974876403809,-9.151776313781738,-7.784772872924805,-12.35863971710205,-11.569315910339355,-5.517339706420898,-6.422152042388916,-14.16921329498291,-12.902042388916016,-12.747635841369629,-14.592521667480469,-14.867842674255371,-14.01816177368164,-12.564517974853516,-12.384047508239746,-12.565346717834473,-11.962969779968262,-9.983919143676758,-6.711193084716797,-6.21243953704834,-8.86050796508789,-9.50161361694336,-6.401762962341309,-5.041718006134033,-11.627671241760254,-10.932541847229004,-9.507330894470215,-9.365988731384277,-8.20610237121582,-8.264134407043457,-6.499365329742432,-6.846053600311279,-7.441428184509277,-5.531363010406494
-14.595425605773926,-13.270825386047363,-12.26543140411377,-12.504559516906738,-11.796141624450684,-11.391855239868164,-11.574423789978027,-13.1087646484375,-14.153868675231934,-12.477447509765625,-9.446444511413574,-7.567397117614746,-10.522453308105469,-13.317803382873535,-8.589730262756348,-8.503929138183594,-15.62625503540039,-15.423498153686523,-13.4390230178833,-13.729426383972168,-14.526278495788574,-13.977778434753418,-12.332789421081543,-11.15241527557373,-12.205080032348633,-12.1910982131958,-9.736407279968262,-5.752536773681641,-4.7760539054870605,-11.887012481689453,-13.165589332580566,-8.990466117858887,-10.215484619140625,-13.377151489257812,-10.947854042053223,-8.46912956237793,-8.02707576751709,-7.714024543762207,-9.587818145751953,-6.387649059295654,-6.5716471672058105,-7.813330173492432,-9.031067848205566
-11.895456314086914,-11.700844764709473,-12.22864818572998,-12.310511589050293,-12.270929336547852,-12.893918991088867,-12.372174263000488,-12.862250328063965,-11.65629768371582,-9.569840431213379,-8.28599739074707,-11.36731243133545,-12.916217803955078,-10.219083786010742,-10.910356521606445,-14.659969329833984,-14.848418235778809,-13.759100914001465,-13.051011085510254,-13.297301292419434,-13.084540367126465,-12.423484802246094,-11.153450012207031,-10.659029960632324,-11.769115447998047,-12.186864852905273,-9.146296501159668,-8.72794246673584,-11.60414981842041,-11.571443557739258,-9.317670822143555,-7.907546520233154,-9.129342079162598,-9.465596199035645,-9.41093921661377,-8.48412036895752,-7.87780237197876,-6.470541477203369,-6.497445583343506,-7.57551383972168,-8.01697063446045,-6.701730251312256,-7.371063709259033
