data/wind_data/wind_70_6.json
{"header": {"parameterUnit": "KT", "parameterCategory": 2, "nx": 256, "ny": 198, "lo1": 44.73521041870117, "la1": -3.236724853515625, "lo2": 111.26478576660156, "la2": 43.468475341796875, "dx": 0.2609002888202667, "dy": -0.23708222806453705, "refTime": "2025-02-21 22:00:00", "forecastTime": 0, "parameterNumber": 2, "parameterNumberName": "eastward_wind"}, "data":
[rows 140 to 159 of 198, columns 132 to 175 of 256]
54.37957000732422,58.71553421020508,60.35065460205078,59.98223114013672,59.56428146362305,59.800140380859375,59.120018005371094,59.256935119628906,60.536861419677734,60.6694221496582,60.38374710083008,60.97260665893555,61.508949279785156,60.950347900390625,60.618770599365234,62.19636154174805,62.517826080322266,59.6317024230957,57.548988342285156,58.34482192993164,60.14399337768555,61.17017364501953,60.931968688964844,59.942691802978516,58.60954666137695,57.273780822753906,56.61956787109375,57.009735107421875,57.81886291503906,58.49625015258789,59.129051208496094,59.99639129638672,60.265472412109375,59.86368179321289,59.78966522216797,58.86044692993164,56.927833557128906,56.370880126953125,57.584415435791016,59.13376998901367,60.30396270751953,60.76502227783203,60.78616714477539,60.91571044921875
56.06563949584961,60.47145462036133,61.166500091552734,59.175174713134766,59.061553955078125,59.65131378173828,59.20846939086914,60.155941009521484,61.018001556396484,60.12586212158203,59.6165657043457,60.826141357421875,61.99418258666992,61.40372085571289,60.89903259277344,61.82623291015625,61.72262191772461,59.679969787597656,58.27724838256836,58.71512222290039,59.57645797729492,59.93929672241211,60.085723876953125,59.98262023925781,58.96141815185547,57.06058120727539,55.52911376953125,55.55891036987305,56.6944580078125,57.89630889892578,58.69026565551758,59.25581741333008,59.517826080322266,59.19692611694336,58.9618034362793,58.58163070678711,57.125370025634766,56.06492614746094,56.541961669921875,57.734130859375,58.85524368286133,59.646514892578125,60.10785675048828,60.4076042175293
58.00468826293945,60.669925689697266,59.432979583740234,57.974952697753906,59.59376907348633,59.858463287353516,58.99047088623047,59.953590393066406,60.609134674072266,59.6473388671875,59.26596450805664,60.866302490234375,62.17779541015625,61.83074951171875,61.432308197021484,61.21563720703125,60.30475616455078,59.36235046386719,59.149009704589844,59.7604866027832,60.166316986083984,59.67734909057617,59.09036636352539,58.67711639404297,57.86506652832031,56.5483512878418,55.37803268432617,54.93891525268555,55.55015182495117,56.97108840942383,58.21552658081055,58.70050048828125,58.4631462097168,57.98289489746094,57.89190673828125,57.48575210571289,56.24474334716797,55.43559265136719,55.62120819091797,56.2307243347168,56.910831451416016,57.475120544433594,57.65849685668945,57.181678771972656
58.24383544921875,57.790714263916016,57.67170715332031,59.3571891784668,60.301963806152344,58.826175689697266,58.28684616088867,59.85422134399414,60.70774459838867,59.83980941772461,59.61316680908203,60.9547004699707,61.70036315917969,61.55290985107422,61.55665588378906,61.391937255859375,60.32062911987305,59.059471130371094,58.8155632019043,59.65083694458008,60.25869369506836,59.50468063354492,57.86989212036133,56.60373306274414,56.081722259521484,55.578521728515625,54.7369270324707,53.918701171875,54.0036506652832,55.553470611572266,57.44984817504883,58.15688705444336,57.27473068237305,56.164791107177734,55.816917419433594,55.000850677490234,53.99595642089844,54.061981201171875,54.55144500732422,54.889583587646484,55.10647964477539,55.24190902709961,55.21651840209961,54.48088073730469
56.29886245727539,56.51346206665039,59.143009185791016,60.3903923034668,58.90767288208008,58.0860710144043,59.4249382019043,60.45891189575195,60.20091247558594,59.775543212890625,59.82306671142578,60.29234313964844,60.75475311279297,60.974491119384766,60.8480110168457,60.696693420410156,60.06522750854492,58.50236892700195,57.57051086425781,58.03727722167969,58.607139587402344,58.174644470214844,56.65089797973633,55.157649993896484,54.68208694458008,54.38735580444336,53.52539825439453,52.533485412597656,52.38498306274414,53.87096405029297,55.92609405517578,56.82386016845703,56.153812408447266,54.898006439208984,53.93000030517578,53.020484924316406,52.34333801269531,52.45492935180664,52.894752502441406,53.188934326171875,53.21879196166992,53.23796463012695,53.427642822265625,53.312538146972656
56.973567962646484,57.36373519897461,57.88376235961914,58.456573486328125,57.99751281738281,58.97149658203125,61.270347595214844,60.785396575927734,58.68968963623047,58.645965576171875,59.737239837646484,60.04393768310547,59.81001281738281,59.61211395263672,59.546627044677734,59.71971893310547,59.22178649902344,57.2938117980957,55.70338821411133,55.68442153930664,56.135406494140625,56.07888412475586,55.29542922973633,54.499244689941406,54.20024871826172,53.540164947509766,52.35230255126953,51.281063079833984,50.94965362548828,52.14888000488281,53.99384307861328,54.85626983642578,54.44587326049805,53.54664993286133,53.015663146972656,52.46181869506836,51.452781677246094,51.00506591796875,51.1929817199707,51.08210754394531,50.989540100097656,51.41842269897461,51.80228042602539,51.98142623901367
56.6112060546875,56.0115852355957,56.68583679199219,58.035614013671875,58.171688079833984,59.08028793334961,60.84435272216797,60.34650421142578,58.46631622314453,58.38272476196289,59.722412109375,59.879913330078125,58.709022521972656,57.78134536743164,57.89215087890625,58.396873474121094,57.5986442565918,55.27804183959961,53.696685791015625,53.75282669067383,54.23496627807617,54.543209075927734,54.409019470214844,53.79579544067383,53.215538024902344,52.435516357421875,51.72421646118164,51.18297576904297,50.29722213745117,50.22902297973633,51.568634033203125,52.815555572509766,53.11630630493164,52.73384094238281,52.33643341064453,51.78023910522461,50.47432327270508,49.60677719116211,49.801334381103516,49.60060119628906,49.13491439819336,49.46076202392578,49.74891662597656,49.91037368774414
56.571746826171875,55.99993896484375,56.71416473388672,57.82878494262695,57.66267395019531,57.65464782714844,58.59465026855469,59.30329513549805,59.20357131958008,59.18275451660156,59.49785614013672,58.85487365722656,57.011260986328125,55.85029220581055,56.11360168457031,56.5844841003418,55.10469436645508,52.23995590209961,51.23970031738281,52.374351501464844,53.32823181152344,53.79764938354492,54.25334167480469,53.413761138916016,51.47030258178711,50.363365173339844,51.038970947265625,51.79431915283203,50.136173248291016,48.15506362915039,49.13916015625,51.574302673339844,52.706424713134766,52.14756774902344,51.08238983154297,50.339656829833984,49.51051712036133,48.8287467956543,49.07114028930664,49.08772659301758,48.410282135009766,48.03476333618164,47.83207321166992,48.26527786254883
56.88261032104492,56.6837158203125,57.1041259765625,56.87749099731445,55.998252868652344,56.11249542236328,57.2303466796875,58.181297302246094,58.788509368896484,58.77099609375,58.294681549072266,57.587093353271484,55.63237380981445,53.55481719970703,53.38526916503906,54.39613723754883,53.0621452331543,49.79219436645508,48.87580871582031,50.85069274902344,52.67947769165039,53.42316818237305,53.822044372558594,52.635684967041016,49.67488098144531,48.20128631591797,49.702049255371094,51.03056716918945,49.71696472167969,47.83599090576172,48.52766418457031,50.735755920410156,51.937599182128906,51.54841232299805,50.282203674316406,49.249053955078125,49.258705139160156,49.582889556884766,49.452667236328125,48.88005065917969,48.18033981323242,47.70612716674805,47.47040939331055,48.07419204711914
55.646217346191406,55.91225814819336,56.5768928527832,56.028114318847656,54.66776657104492,54.58289337158203,55.977210998535156,57.24728012084961,57.88568115234375,57.827796936035156,56.74884033203125,55.24790954589844,53.195186614990234,51.09857940673828,50.916221618652344,52.37343978881836,52.025054931640625,49.62775802612305,47.960914611816406,48.74021530151367,50.95333480834961,52.37690353393555,52.31407928466797,50.773399353027344,48.53192901611328,47.58143615722656,48.40520095825195,49.267364501953125,49.300357818603516,49.01899719238281,49.318702697753906,50.13782501220703,50.91920852661133,51.029884338378906,50.017765045166016,48.91184997558594,49.24041748046875,50.20735549926758,49.94169998168945,48.675315856933594,47.82133102416992,47.951629638671875,48.20126724243164,48.08829116821289
52.751583099365234,54.1168327331543,55.01760482788086,53.397789001464844,51.486656188964844,52.682861328125,56.04648971557617,57.1789665222168,56.12801742553711,55.40250015258789,54.542388916015625,52.36957931518555,50.41193389892578,49.933135986328125,50.35637283325195,50.852294921875,50.45767593383789,49.80508041381836,49.15438461303711,48.05437469482422,48.004966735839844,49.15348815917969,49.4457893371582,48.70820617675781,48.119224548339844,47.852325439453125,48.02910232543945,48.91844940185547,49.6527214050293,49.54545211791992,49.336570739746094,49.81351852416992,50.67097091674805,50.730674743652344,49.705448150634766,48.880680084228516,49.12931442260742,50.01413345336914,50.202423095703125,48.991416931152344,47.6196174621582,47.63683319091797,48.01041793823242,47.11103439331055
50.627262115478516,50.999168395996094,51.41959762573242,50.99102783203125,50.172733306884766,51.270633697509766,54.79838562011719,55.65337371826172,53.78549575805664,52.883914947509766,52.3187255859375,50.553470611572266,49.16226577758789,49.312232971191406,49.58613586425781,49.341182708740234,48.83648681640625,48.89455032348633,49.124210357666016,47.55064010620117,45.24264144897461,44.873443603515625,46.0533447265625,47.43021011352539,48.568702697753906,48.65611267089844,48.606815338134766,49.575897216796875,49.726722717285156,48.66010284423828,48.42959213256836,49.45446014404297,50.49227523803711,50.495426177978516,49.5986213684082,48.844581604003906,48.89957046508789,49.522430419921875,50.00389862060547,49.11491012573242,47.09084701538086,45.99656295776367,45.911964416503906,44.91360092163086
49.32529067993164,48.310752868652344,48.17072296142578,49.09663772583008,50.16352462768555,51.52041244506836,53.031375885009766,52.22350311279297,49.9196891784668,49.10015869140625,49.77759552001953,50.1939697265625,49.47339630126953,48.50296401977539,48.18551254272461,48.25892639160156,48.00946044921875,47.44451904296875,46.98051834106445,46.22733688354492,44.786380767822266,43.75020980834961,44.29229736328125,46.458587646484375,48.724021911621094,49.4051399230957,49.636260986328125,49.96730422973633,48.825557708740234,47.42620849609375,48.085899353027344,49.447444915771484,49.809085845947266,49.42359924316406,49.214542388916016,49.142581939697266,49.026126861572266,49.00627899169922,49.00334548950195,48.20424270629883,45.8098030090332,43.42279815673828,42.55147171020508,41.81376647949219
47.259117126464844,46.4813232421875,46.797428131103516,48.26267623901367,50.15049362182617,50.91688537597656,50.01279830932617,48.21891403198242,46.594215393066406,45.934181213378906,46.870697021484375,48.36507797241211,48.15040588378906,47.13529586791992,47.053619384765625,47.298030853271484,46.77602005004883,45.819190979003906,45.267704010009766,45.16004943847656,44.910037994384766,44.5660285949707,44.68031311035156,46.34958267211914,48.67896270751953,49.20807647705078,49.16447830200195,49.31818389892578,48.43799591064453,47.69761276245117,48.21653747558594,48.89279556274414,48.7956657409668,48.59400177001953,49.02472686767578,49.243160247802734,48.61540985107422,47.80923080444336,47.25632858276367,46.441017150878906,44.24571228027344,41.29180145263672,39.66350555419922,39.31388854980469
45.177391052246094,45.222476959228516,46.35721969604492,47.690589904785156,48.89346694946289,48.88506317138672,47.20759582519531,45.092891693115234,44.00703811645508,44.298377990722656,45.81235122680664,47.25773239135742,46.358665466308594,44.67554473876953,45.20375061035156,46.17490005493164,45.42105484008789,44.578670501708984,45.03236770629883,45.38779830932617,44.73720169067383,44.54167938232422,44.94227600097656,46.51910400390625,48.802467346191406,49.079376220703125,47.73545455932617,47.91221618652344,48.47280502319336,48.42060089111328,48.597660064697266,49.02543640136719,48.7994384765625,48.33264923095703,48.40052032470703,48.19252395629883,47.21862030029297,46.03482437133789,45.25515365600586,44.38443374633789,42.5475959777832,39.86308670043945,38.03166198730469,37.83738327026367
42.841617584228516,42.91557693481445,44.904781341552734,46.504119873046875,46.73539733886719,46.85089111328125,46.042083740234375,43.631500244140625,41.90824890136719,42.31836700439453,44.3481330871582,45.70235061645508,44.40861129760742,42.752845764160156,43.66873550415039,45.24150085449219,44.99153518676758,44.266544342041016,44.824562072753906,45.44455337524414,44.73118591308594,44.284156799316406,45.32867431640625,46.91184616088867,48.1844596862793,48.3891487121582,47.807472229003906,47.62437057495117,47.88726043701172,48.24384307861328,48.74992752075195,49.149078369140625,48.832576751708984,48.23891830444336,47.96883010864258,47.20071029663086,45.76947021484375,44.04905319213867,42.880306243896484,41.75089645385742,40.18893051147461,38.166812896728516,36.230987548828125,34.934913635253906
39.587425231933594,40.721946716308594,43.42667770385742,44.26852798461914,45.11105728149414,46.524696350097656,45.948734283447266,42.692317962646484,39.832881927490234,39.796104431152344,42.093597412109375,43.5703239440918,42.81774139404297,42.330291748046875,43.40708541870117,44.48241424560547,44.650718688964844,44.5009651184082,44.681888580322266,44.84624481201172,44.764305114746094,44.90177536010742,45.77507400512695,47.37370300292969,48.63496017456055,48.33473587036133,47.340267181396484,47.220062255859375,47.678348541259766,47.89645767211914,48.311248779296875,48.81458282470703,48.61283874511719,48.01955795288086,47.597503662109375,46.265384674072266,43.85630416870117,41.4942626953125,40.016929626464844,38.55060577392578,36.835731506347656,35.0073127746582,32.69342041015625,30.22215461730957
37.54483413696289,40.42122268676758,42.132022857666016,42.46747970581055,43.73190689086914,45.181243896484375,44.7259407043457,42.097625732421875,39.51960372924805,39.05710220336914,40.18235397338867,41.18491744995117,41.38539505004883,42.08516311645508,43.22686767578125,43.8609504699707,44.37962341308594,44.71622848510742,44.655086517333984,44.6514892578125,45.03062438964844,45.513084411621094,46.26540756225586,47.68252182006836,48.72422409057617,48.30503463745117,47.55259323120117,47.609283447265625,47.68234634399414,47.1954345703125,47.19563293457031,47.928192138671875,48.31327438354492,47.81180953979492,46.3952522277832,43.799156188964844,40.674346923828125,38.59090042114258,37.532100677490234,35.841453552246094,33.42583084106445,30.968873977661133,27.97749137878418,25.667659759521484
38.05155944824219,41.17445755004883,41.10908889770508,40.92845153808594,41.90592575073242,41.88874816894531,41.81155776977539,41.824214935302734,40.593475341796875,39.76831817626953,40.13020706176758,40.95965576171875,41.044795989990234,40.739898681640625,41.5328254699707,43.0326042175293,44.3087043762207,44.902278900146484,44.843666076660156,44.91689682006836,45.36750411987305,45.72039031982422,46.46236038208008,48.00437927246094,48.62420654296875,47.692230224609375,47.24658203125,47.740577697753906,47.56318664550781,46.584617614746094,46.20589065551758,46.73851013183594,47.47494888305664,47.01801681518555,44.31281280517578,40.18955612182617,36.85034942626953,35.46257400512695,35.126487731933594,33.120384216308594,29.931217193603516,26.929241180419922,23.239730834960938,21.199249267578125
39.72097396850586,40.81351852416992,38.95653533935547,38.98807907104492,39.36194610595703,38.5342903137207,39.810516357421875,41.86905288696289,41.80256652832031,41.095863342285156,40.774173736572266,41.13273620605469,41.173213958740234,40.4427490234375,40.75985336303711,42.42191696166992,43.65234375,44.18547439575195,44.75697326660156,45.429386138916016,46.00242614746094,46.24079513549805,46.687744140625,47.87120819091797,48.22990036010742,47.06124496459961,46.37077713012695,46.655033111572266,46.347381591796875,45.542633056640625,45.29058837890625,45.4785270690918,45.73165512084961,44.926204681396484,41.63571548461914,36.96785354614258,33.55244827270508,33.23486328125,33.10413360595703,29.603897094726562,25.238964080810547,21.24972915649414,16.497344970703125,15.421119689941406
