data/wind_data/wind_53_5.json
{"header": {"parameterUnit": "KT", "parameterCategory": 2, "nx": 256, "ny": 198, "lo1": 44.73521041870117, "la1": -3.236724853515625, "lo2": 111.26478576660156, "la2": 43.468475341796875, "dx": 0.2609002888202667, "dy": -0.23708222806453705, "refTime": "2025-02-21 05:00:00", "forecastTime": 0, "parameterNumber": 2, "parameterNumberName": "eastward_wind"}, "data":
[rows 19 to 37 of 198, columns 0 to 43 of 256]
-10.32119083404541,-10.5359525680542,-10.20179271697998,-9.056374549865723,-6.83339262008667,-7.539252281188965,-7.6656575202941895,-8.01330852508545,-8.375551223754883,-8.236454963684082,-7.695847034454346,-7.265247821807861,-7.284401893615723,-7.549563884735107,-7.746346950531006,-7.855715274810791,-7.763635158538818,-7.271116256713867,-6.4905476570129395,-6.158509254455566,-6.813298225402832,-7.500633716583252,-8.344511032104492,-9.93192195892334,-10.85996150970459,-11.079512596130371,-11.049637794494629,-11.238776206970215,-11.405860900878906,-11.205381393432617,-11.339774131774902,-11.673007011413574,-10.95549488067627,-11.117374420166016,-11.925996780395508,-12.284751892089844,-11.735562324523926,-11.84170913696289,-11.11286735534668,-10.250313758850098,-10.963285446166992,-12.038932800292969,-12.685667037963867,-13.304797172546387
-10.707233428955078,-10.901569366455078,-10.670804023742676,-9.952576637268066,-8.701047897338867,-9.449850082397461,-9.768128395080566,-10.205589294433594,-10.336470603942871,-9.9808931350708,-9.484949111938477,-8.900099754333496,-8.53329849243164,-8.55178451538086,-8.701462745666504,-8.832860946655273,-8.828524589538574,-8.56332778930664,-8.19566535949707,-8.049994468688965,-8.55417537689209,-9.628594398498535,-11.161089897155762,-12.932897567749023,-13.925457000732422,-13.594220161437988,-12.862743377685547,-12.14771842956543,-11.847530364990234,-11.8892183303833,-12.228693008422852,-12.42923355102539,-12.455886840820312,-12.821481704711914,-13.551675796508789,-15.527881622314453,-14.355167388916016,-12.766067504882812,-11.907190322875977,-11.656286239624023,-11.434170722961426,-12.259004592895508,-13.140474319458008,-13.966249465942383
-11.023490905761719,-11.434664726257324,-11.41956901550293,-11.060696601867676,-10.575197219848633,-11.527676582336426,-11.962491035461426,-12.579014778137207,-12.548609733581543,-12.000259399414062,-11.545327186584473,-10.963947296142578,-10.597604751586914,-10.53729248046875,-10.59401798248291,-10.665307998657227,-10.728704452514648,-10.660408020019531,-10.458558082580566,-10.386820793151855,-10.896377563476562,-11.91779613494873,-13.315572738647461,-14.833565711975098,-15.556548118591309,-14.878854751586914,-13.827410697937012,-13.03317928314209,-12.684273719787598,-12.560148239135742,-12.593198776245117,-12.754961013793945,-13.186830520629883,-13.864984512329102,-14.58936882019043,-15.460087776184082,-14.769832611083984,-11.622516632080078,-11.854092597961426,-12.742717742919922,-12.639952659606934,-12.69221305847168,-13.39883804321289,-14.202308654785156
-11.409287452697754,-12.216757774353027,-12.331235885620117,-12.250581741333008,-12.34118366241455,-13.586763381958008,-14.333687782287598,-15.175453186035156,-15.120345115661621,-14.284247398376465,-13.787795066833496,-13.201370239257812,-13.083784103393555,-13.00586986541748,-12.868269920349121,-12.812989234924316,-12.809246063232422,-12.798186302185059,-12.622631072998047,-12.458710670471191,-12.70074462890625,-13.493368148803711,-14.513062477111816,-15.360020637512207,-15.903190612792969,-15.9600830078125,-15.437536239624023,-14.878782272338867,-14.500012397766113,-14.076590538024902,-13.488905906677246,-13.288410186767578,-13.710604667663574,-14.011528968811035,-13.892510414123535,-13.901493072509766,-13.43298053741455,-11.776164054870605,-12.029586791992188,-13.753396034240723,-13.22732162475586,-13.637939453125,-13.898229598999023,-14.586787223815918
-11.96996784210205,-13.003768920898438,-13.32618522644043,-13.665018081665039,-14.605772972106934,-15.940972328186035,-16.879079818725586,-17.56353187561035,-17.26274299621582,-16.49345588684082,-15.838583946228027,-15.404634475708008,-15.263242721557617,-15.079198837280273,-14.903972625732422,-14.610701560974121,-14.24683666229248,-14.02237319946289,-13.8418550491333,-13.938446998596191,-14.274967193603516,-14.841370582580566,-15.28082275390625,-15.53768253326416,-15.64153003692627,-15.519967079162598,-15.419074058532715,-15.13634967803955,-14.926352500915527,-14.62155818939209,-14.179655075073242,-14.138733863830566,-14.239544868469238,-13.9480619430542,-13.466729164123535,-13.307720184326172,-13.22111701965332,-13.189363479614258,-13.759885787963867,-13.974743843078613,-13.645873069763184,-14.06826400756836,-14.902238845825195,-15.087406158447266
-12.618803977966309,-13.820552825927734,-14.436202049255371,-15.296616554260254,-17.0843563079834,-18.32396125793457,-19.10001564025879,-19.122133255004883,-18.585899353027344,-18.13067054748535,-17.725154876708984,-17.462339401245117,-17.183818817138672,-16.93244743347168,-16.604631423950195,-16.225460052490234,-15.770837783813477,-15.504661560058594,-15.604018211364746,-15.766321182250977,-15.863435745239258,-15.892114639282227,-15.863003730773926,-15.78278923034668,-15.805598258972168,-15.973587989807129,-16.097986221313477,-15.822324752807617,-15.605916976928711,-15.205004692077637,-14.9070405960083,-14.513392448425293,-14.228487014770508,-14.29064655303955,-14.717369079589844,-14.804272651672363,-14.03823184967041,-13.20881462097168,-13.72061824798584,-14.48872184753418,-14.882797241210938,-14.653080940246582,-15.859320640563965,-15.675558090209961
-13.226536750793457,-14.564159393310547,-15.474593162536621,-16.827686309814453,-19.20669937133789,-20.20899772644043,-20.601526260375977,-20.14109992980957,-19.44850730895996,-19.300832748413086,-19.34648895263672,-19.294166564941406,-18.971111297607422,-18.596834182739258,-18.287681579589844,-17.87055778503418,-17.373348236083984,-17.108957290649414,-17.543682098388672,-17.862337112426758,-17.89582061767578,-17.441930770874023,-17.053224563598633,-16.80672264099121,-16.86335563659668,-17.018735885620117,-17.00350570678711,-16.500606536865234,-15.838699340820312,-15.416205406188965,-15.195732116699219,-14.953118324279785,-14.788793563842773,-15.011260986328125,-15.315031051635742,-14.874167442321777,-14.00391960144043,-14.039924621582031,-15.309061050415039,-15.90615463256836,-15.633115768432617,-15.618477821350098,-17.080278396606445,-16.304832458496094
-13.981267929077148,-15.3497314453125,-16.427892684936523,-18.07086944580078,-20.66526985168457,-21.622947692871094,-21.974729537963867,-21.173213958740234,-20.13381576538086,-20.006914138793945,-20.43623161315918,-20.77157211303711,-20.73847007751465,-20.439428329467773,-20.088483810424805,-19.72955894470215,-19.205413818359375,-18.899492263793945,-18.947988510131836,-19.06237030029297,-19.096227645874023,-18.72449493408203,-18.44139289855957,-18.170835494995117,-18.10699462890625,-17.957195281982422,-17.656715393066406,-17.262529373168945,-16.846446990966797,-16.498611450195312,-16.31424331665039,-16.3547420501709,-16.67115020751953,-17.082874298095703,-17.22394371032715,-16.809011459350586,-16.25063705444336,-16.036182403564453,-16.040681838989258,-15.82698917388916,-16.25322723388672,-17.275470733642578,-17.75206756591797,-17.464929580688477
-15.056930541992188,-16.325773239135742,-17.369976043701172,-18.903823852539062,-21.449234008789062,-22.653358459472656,-22.88456153869629,-21.9953556060791,-20.974323272705078,-20.816062927246094,-21.280986785888672,-21.952428817749023,-22.207902908325195,-22.0568790435791,-21.815086364746094,-21.423437118530273,-20.967552185058594,-20.405109405517578,-20.093482971191406,-19.941362380981445,-20.008453369140625,-20.01207733154297,-20.03546905517578,-19.908906936645508,-19.811105728149414,-19.747156143188477,-19.642789840698242,-19.46867561340332,-19.176965713500977,-18.897396087646484,-18.67645835876465,-18.695425033569336,-18.927600860595703,-19.25290870666504,-19.065629959106445,-18.265588760375977,-17.2454833984375,-16.629566192626953,-16.540372848510742,-16.868366241455078,-17.390718460083008,-18.20917510986328,-18.869609832763672,-19.204538345336914
-16.001266479492188,-17.27794075012207,-18.262958526611328,-19.426349639892578,-21.86261749267578,-23.280536651611328,-23.074787139892578,-22.40860366821289,-21.927099227905273,-21.958717346191406,-22.28059196472168,-22.68224334716797,-22.905954360961914,-22.84347915649414,-22.73491859436035,-22.63997459411621,-22.257644653320312,-21.737808227539062,-21.515825271606445,-21.421733856201172,-21.458799362182617,-21.54227066040039,-21.7292537689209,-21.87325096130371,-22.067901611328125,-22.28420066833496,-22.41714096069336,-22.30843162536621,-22.010255813598633,-21.544130325317383,-20.81584358215332,-19.968992233276367,-19.357343673706055,-19.289676666259766,-19.291147232055664,-19.077789306640625,-18.878278732299805,-19.183605194091797,-19.606815338134766,-19.631223678588867,-19.39482879638672,-19.5773868560791,-20.822111129760742,-22.3007869720459
-16.86638832092285,-18.192668914794922,-19.040603637695312,-19.843137741088867,-22.23079490661621,-23.316020965576172,-22.675582885742188,-22.628250122070312,-22.71091651916504,-22.916080474853516,-23.04278564453125,-23.121715545654297,-23.241748809814453,-23.416879653930664,-23.35887336730957,-23.237651824951172,-23.25652313232422,-23.06484031677246,-22.88954734802246,-22.802642822265625,-22.737796783447266,-22.932491302490234,-23.35118293762207,-23.705495834350586,-23.88981819152832,-24.014856338500977,-24.10736846923828,-23.93169593811035,-23.430910110473633,-22.788238525390625,-22.009613037109375,-21.110088348388672,-20.499868392944336,-20.647048950195312,-21.197078704833984,-21.535297393798828,-21.59319496154785,-21.951868057250977,-22.576549530029297,-22.71245574951172,-22.14736557006836,-21.359237670898438,-21.210369110107422,-21.830549240112305
-17.412670135498047,-18.438886642456055,-19.343042373657227,-20.40185546875,-22.400001525878906,-22.628982543945312,-22.04002571105957,-22.653623580932617,-22.979602813720703,-23.27968406677246,-23.475536346435547,-23.66077423095703,-23.82431411743164,-23.88442611694336,-23.658754348754883,-23.67449188232422,-23.93177032470703,-24.003662109375,-23.873546600341797,-23.675010681152344,-23.631187438964844,-23.98113441467285,-24.620275497436523,-24.954185485839844,-24.84815216064453,-24.593982696533203,-24.65839958190918,-24.745441436767578,-24.50185775756836,-24.043859481811523,-23.742395401000977,-23.618762969970703,-23.40561294555664,-23.242820739746094,-23.463489532470703,-23.937969207763672,-24.138330459594727,-24.346227645874023,-24.98038673400879,-25.437379837036133,-25.01097297668457,-23.878557205200195,-22.918729782104492,-22.520402908325195
-17.5574893951416,-18.070444107055664,-19.244949340820312,-21.238933563232422,-22.32097053527832,-21.413049697875977,-21.370059967041016,-22.254249572753906,-22.596324920654297,-22.953859329223633,-23.49480438232422,-24.083009719848633,-24.324392318725586,-24.13180923461914,-23.82735824584961,-23.929668426513672,-24.406763076782227,-24.707155227661133,-24.546396255493164,-24.233596801757812,-24.191631317138672,-24.61458969116211,-25.392724990844727,-26.043058395385742,-25.973060607910156,-25.483171463012695,-25.34078598022461,-25.632381439208984,-25.873022079467773,-25.892791748046875,-25.967815399169922,-26.149843215942383,-26.082223892211914,-25.622419357299805,-25.306312561035156,-25.453805923461914,-25.70101547241211,-25.93012237548828,-26.32027816772461,-26.74590492248535,-26.764127731323242,-26.26137924194336,-25.595720291137695,-25.129898071289062
-17.486040115356445,-18.218799591064453,-19.42983627319336,-21.412527084350586,-21.660232543945312,-20.371376037597656,-20.680789947509766,-21.501665115356445,-21.90084457397461,-22.483959197998047,-23.29303741455078,-24.014347076416016,-24.25059700012207,-24.05377769470215,-23.840993881225586,-24.02136993408203,-24.581098556518555,-25.10482406616211,-25.190675735473633,-24.99834632873535,-24.917821884155273,-25.187602996826172,-25.944194793701172,-26.686872482299805,-26.843891143798828,-26.391313552856445,-26.016023635864258,-26.246559143066406,-26.824064254760742,-27.184457778930664,-27.29839324951172,-27.429275512695312,-27.484909057617188,-27.29343032836914,-26.94025230407715,-26.776233673095703,-26.65727424621582,-26.48495864868164,-26.587909698486328,-27.140830993652344,-27.607452392578125,-27.599279403686523,-27.24332046508789,-26.90341567993164
-17.062767028808594,-18.530588150024414,-19.915525436401367,-20.978302001953125,-20.68259048461914,-19.788911819458008,-20.11258888244629,-20.702978134155273,-21.08888053894043,-21.865936279296875,-22.816726684570312,-23.517053604125977,-23.74174690246582,-23.7388973236084,-23.732898712158203,-23.893539428710938,-24.358840942382812,-24.99261474609375,-25.319944381713867,-25.30129623413086,-25.210254669189453,-25.26325798034668,-25.809391021728516,-26.558019638061523,-27.01304054260254,-26.946374893188477,-26.688549041748047,-26.908849716186523,-27.492467880249023,-27.963275909423828,-28.127073287963867,-28.211488723754883,-28.2789306640625,-28.252429962158203,-28.024137496948242,-27.747161865234375,-27.50874137878418,-27.388208389282227,-27.498693466186523,-27.94402503967285,-28.215227127075195,-28.439842224121094,-28.4996395111084,-28.621522903442383
-16.8377628326416,-18.748205184936523,-20.30618667602539,-20.797039031982422,-20.25681495666504,-19.55453872680664,-19.874597549438477,-20.118087768554688,-20.402667999267578,-21.20386505126953,-22.135343551635742,-22.85234260559082,-23.204729080200195,-23.33207130432129,-23.39967155456543,-23.626874923706055,-24.06268310546875,-24.553775787353516,-24.934497833251953,-25.033281326293945,-24.96169090270996,-25.15337562561035,-25.72597885131836,-26.4565486907959,-26.9361515045166,-26.95965003967285,-26.947330474853516,-27.344205856323242,-27.949262619018555,-28.4630069732666,-28.690471649169922,-28.7458438873291,-28.631439208984375,-28.42518424987793,-28.292552947998047,-28.38218879699707,-28.432098388671875,-28.333255767822266,-28.15256690979004,-28.16749382019043,-28.236623764038086,-28.477262496948242,-28.991315841674805,-29.342479705810547
-16.876758575439453,-19.168306350708008,-20.794328689575195,-20.923171997070312,-20.32733917236328,-19.417165756225586,-19.830615997314453,-19.912965774536133,-20.03400230407715,-20.677824020385742,-21.413005828857422,-22.04674530029297,-22.497135162353516,-22.72014617919922,-22.946836471557617,-23.348825454711914,-23.814998626708984,-24.14199447631836,-24.332313537597656,-24.490903854370117,-24.66402244567871,-25.016231536865234,-25.656633377075195,-26.34575653076172,-26.792341232299805,-26.8444766998291,-26.90459632873535,-27.3094482421875,-27.936655044555664,-28.4091796875,-28.65080451965332,-28.757591247558594,-28.643869400024414,-28.38601303100586,-28.370817184448242,-28.622896194458008,-28.752412796020508,-28.555919647216797,-28.243106842041016,-28.08083724975586,-28.185556411743164,-28.433624267578125,-28.876489639282227,-29.245210647583008
-17.271738052368164,-19.813358306884766,-21.547754287719727,-21.399843215942383,-20.4393310546875,-19.13619613647461,-19.592477798461914,-19.94646644592285,-19.943767547607422,-20.258136749267578,-20.677080154418945,-21.116107940673828,-21.50533103942871,-21.856475830078125,-22.39148712158203,-23.076448440551758,-23.447071075439453,-23.520841598510742,-23.50901222229004,-23.71299171447754,-24.141090393066406,-24.721769332885742,-25.373558044433594,-25.9419002532959,-26.35310173034668,-26.584178924560547,-26.79034996032715,-27.093904495239258,-27.647932052612305,-28.034927368164062,-28.40190315246582,-28.672367095947266,-28.64993667602539,-28.313575744628906,-28.15843963623047,-28.427640914916992,-28.747377395629883,-28.70098304748535,-28.42757225036621,-28.318696975708008,-28.469585418701172,-28.680652618408203,-28.96001625061035,-29.278688430786133
-18.14442253112793,-20.693099975585938,-22.177032470703125,-21.824800491333008,-20.396499633789062,-18.654157638549805,-19.042278289794922,-19.869455337524414,-20.031532287597656,-19.96221160888672,-19.832536697387695,-19.917495727539062,-20.22834587097168,-20.774991989135742,-21.577899932861328,-22.431100845336914,-22.918371200561523,-23.03160285949707,-23.01681137084961,-23.010040283203125,-23.410430908203125,-24.030136108398438,-24.75522232055664,-25.4847469329834,-26.05072593688965,-26.35968589782715,-26.60642433166504,-26.974552154541016,-27.413646697998047,-27.72414779663086,-28.094619750976562,-28.486888885498047,-28.632946014404297,-28.393918991088867,-28.058443069458008,-28.017986297607422,-28.316709518432617,-28.669647216796875,-28.82859992980957,-28.819799423217773,-28.75670051574707,-28.787641525268555,-28.90903091430664,-29.272014617919922
