data/wind_data/wind_Surface_47.json
{"header": {"parameterUnit": "KT", "parameterCategory": 2, "nx": 255, "ny": 198, "lo1": 44.73521041870117, "la1": -3.236724853515625, "lo2": 111.26478576660156, "la2": 43.468475341796875, "dx": 0.26192745566368103, "dy": -0.23708222806453705, "refTime": "2025-02-20 23:00:00", "forecastTime": 0, "parameterNumber": 3, "parameterNumberName": "northward_wind"}, "data":
[rows 76 to 94 of 198, columns 86 to 128 of 255]
-8.251360893249512,-8.60776138305664,-8.983806610107422,-9.44424819946289,-9.828851699829102,-10.150348663330078,-10.640934944152832,-11.208806037902832,-11.999408721923828,-12.620099067687988,-13.376205444335938,-13.882465362548828,-14.057892799377441,-14.021795272827148,-13.943492889404297,-13.525139808654785,-14.130016326904297,-14.66405200958252,-14.790087699890137,-15.434218406677246,-15.547300338745117,-14.552364349365234,-11.485681533813477,-1.1387418508529663,-0.937330424785614,-1.0390328168869019,-0.47014370560646057,0.07223735004663467,-0.3169253468513489,-0.3259541094303131,0.15965349972248077,-0.1795525997877121,-1.5635111331939697,-1.488081932067871,-1.8777843713760376,-1.3760168552398682,-0.9070813655853271,-0.3275645971298218,-0.22217805683612823,0.25535041093826294,0.7858424782752991,1.3313599824905396,1.7950778007507324
-8.653349876403809,-9.003026008605957,-9.296452522277832,-9.587637901306152,-9.700111389160156,-10.097984313964844,-10.580739974975586,-11.117104530334473,-11.847493171691895,-12.861900329589844,-13.5910005569458,-14.23466682434082,-14.445479393005371,-14.511167526245117,-14.300439834594727,-14.080227851867676,-14.555708885192871,-15.146709442138672,-15.897805213928223,-16.66012954711914,-16.8322696685791,-15.57516098022461,-11.190723419189453,-0.9902798533439636,-1.425083041191101,-2.9574315547943115,-3.6618990898132324,-1.86212158203125,0.5176618695259094,-0.9254875779151917,-1.4282195568084717,1.4372246265411377,3.8037662506103516,4.234211444854736,3.7706332206726074,3.0352120399475098,2.206205129623413,1.9734570980072021,1.5574054718017578,1.4765158891677856,1.6835228204727173,1.7457562685012817,1.25630521774292
-9.58078670501709,-9.717392921447754,-9.881827354431152,-10.023405075073242,-10.037982940673828,-10.307886123657227,-10.541715621948242,-11.162281036376953,-12.028583526611328,-12.90648078918457,-13.698402404785156,-14.450187683105469,-14.366168022155762,-14.463241577148438,-14.695858001708984,-14.788553237915039,-15.11712646484375,-15.66168212890625,-16.702186584472656,-17.47037696838379,-17.689739227294922,-15.892110824584961,-10.673343658447266,-2.234672784805298,-2.195695400238037,-5.3151350021362305,-6.874799728393555,-4.222103118896484,-2.685969352722168,-4.37752103805542,-4.523043632507324,-1.5193289518356323,4.016870975494385,4.983142375946045,4.6759934425354,3.9957802295684814,2.7744479179382324,2.5389513969421387,3.1943376064300537,3.55142879486084,3.1958444118499756,3.043586015701294,2.4335579872131348
-10.149158477783203,-10.224565505981445,-10.194755554199219,-10.396939277648926,-10.441642761230469,-10.729226112365723,-10.719995498657227,-11.354157447814941,-12.132550239562988,-12.853394508361816,-13.615402221679688,-14.613953590393066,-14.425981521606445,-14.552435874938965,-14.927809715270996,-15.251848220825195,-15.59273624420166,-16.028060913085938,-17.023326873779297,-17.77528953552246,-17.62596321105957,-15.316536903381348,-9.674113273620605,-2.1984610557556152,-2.0979044437408447,-5.82783317565918,-7.8465142250061035,-6.899051666259766,-7.843150615692139,-6.750601291656494,-4.174047946929932,-2.927142381668091,-1.8568304777145386,-1.2080436944961548,-0.9704671502113342,-0.6282936334609985,-1.0607757568359375,-0.5733322501182556,1.6281695365905762,3.2671432495117188,4.06714391708374,4.6452317237854,4.7931599617004395
-10.230185508728027,-10.286185264587402,-10.340397834777832,-10.443663597106934,-10.74233341217041,-11.121549606323242,-11.229095458984375,-11.58525562286377,-12.012450218200684,-12.98380184173584,-13.699627876281738,-14.486741065979004,-14.474234580993652,-14.658796310424805,-15.015979766845703,-15.461180686950684,-15.858275413513184,-16.176769256591797,-16.855470657348633,-17.458858489990234,-16.861549377441406,-14.290688514709473,-8.327507972717285,-2.5825822353363037,-3.9903175830841064,-6.401427745819092,-7.634611129760742,-8.287701606750488,-8.093419075012207,-6.598311901092529,-2.4115469455718994,0.40469950437545776,0.12815989553928375,-1.075374722480774,-2.6586661338806152,-2.751147985458374,-2.6347949504852295,-2.251213550567627,-1.1704392433166504,0.8538049459457397,3.7392778396606445,4.64166784286499,5.0099639892578125
-10.046524047851562,-10.14450454711914,-10.442719459533691,-10.614023208618164,-11.211807250976562,-11.389622688293457,-11.873125076293945,-12.039875030517578,-12.252034187316895,-13.235431671142578,-14.109760284423828,-14.426959991455078,-14.45955753326416,-14.575191497802734,-14.95787239074707,-15.420347213745117,-15.739567756652832,-16.034423828125,-16.504825592041016,-16.691234588623047,-15.724800109863281,-12.731965065002441,-8.162736892700195,-3.6824021339416504,-5.2775654792785645,-6.267585754394531,-6.147508144378662,-6.053767204284668,-6.203969478607178,-5.509619235992432,-3.090607166290283,0.25823190808296204,3.8338310718536377,2.7249748706817627,0.5801219344139099,0.8425412774085999,0.749724805355072,0.6287018060684204,1.0442912578582764,2.1905410289764404,3.45806884765625,3.530214548110962,4.324187278747559
-9.744376182556152,-9.901283264160156,-10.281070709228516,-10.75382137298584,-11.432783126831055,-11.630593299865723,-12.297625541687012,-12.557159423828125,-12.932296752929688,-13.709921836853027,-14.439319610595703,-14.40368938446045,-14.323302268981934,-14.38492202758789,-14.855616569519043,-15.022059440612793,-15.08319091796875,-15.368952751159668,-15.934345245361328,-15.888946533203125,-14.610468864440918,-10.927395820617676,-7.003387928009033,-3.128760814666748,-3.75899338722229,-3.886375665664673,-4.6671319007873535,-3.5937132835388184,-3.1274101734161377,-3.8825392723083496,-4.881031036376953,-4.934018135070801,-1.7015268802642822,-1.3261537551879883,-0.7941869497299194,2.3814306259155273,4.465643882751465,4.508328914642334,4.386466026306152,4.579410552978516,4.127922058105469,3.18814754486084,4.2486252784729
-9.228671073913574,-9.475630760192871,-9.822845458984375,-10.27055549621582,-11.056397438049316,-11.573062896728516,-12.341696739196777,-12.923829078674316,-13.64283561706543,-14.312417984008789,-14.551534652709961,-14.553247451782227,-14.209238052368164,-14.224180221557617,-14.740614891052246,-14.656290054321289,-14.52407169342041,-14.254594802856445,-14.798951148986816,-15.097356796264648,-13.809414863586426,-9.5598783493042,-4.0671210289001465,-3.27396559715271,-3.1966097354888916,-1.6541844606399536,-1.671791911125183,-1.9371196031570435,-2.25885009765625,-5.178466320037842,-6.294490337371826,-6.87420129776001,-7.398049354553223,-7.717703819274902,-6.081617832183838,-3.75382924079895,0.6953500509262085,3.4655401706695557,4.7770891189575195,4.913414001464844,4.169395446777344,3.4278512001037598,4.456601142883301
-8.644386291503906,-9.06628704071045,-9.3339204788208,-9.729100227355957,-10.694625854492188,-11.319747924804688,-12.238873481750488,-13.163329124450684,-14.044517517089844,-14.37009334564209,-14.19332504272461,-14.25202751159668,-14.352109909057617,-14.098625183105469,-14.578880310058594,-14.585163116455078,-14.668750762939453,-13.493266105651855,-13.476914405822754,-14.141213417053223,-12.947929382324219,-9.044013023376465,-3.424234390258789,-3.917780876159668,-3.299077272415161,-1.3509730100631714,-0.65751051902771,-2.027883529663086,-3.963707685470581,-6.603701114654541,-7.28137731552124,-7.467800617218018,-7.476613998413086,-7.043089389801025,-6.783961296081543,-6.448710918426514,-4.732052803039551,-1.5103665590286255,2.5100955963134766,4.558385372161865,3.791563034057617,3.563887357711792,4.1399688720703125
-8.372550010681152,-8.821477890014648,-9.130178451538086,-9.790879249572754,-11.01726245880127,-11.742082595825195,-12.543413162231445,-13.424681663513184,-13.935946464538574,-13.649572372436523,-13.630154609680176,-14.051421165466309,-14.168220520019531,-13.980244636535645,-13.84077262878418,-14.402034759521484,-14.554960250854492,-13.109206199645996,-12.718790054321289,-12.929741859436035,-11.555739402770996,-8.227176666259766,-2.7089130878448486,-2.24009370803833,-2.6774141788482666,-3.7755866050720215,-4.545690536499023,-5.280381202697754,-6.6237874031066895,-7.491306304931641,-6.929130554199219,-6.35636043548584,-5.244755268096924,-3.987097978591919,-2.6235764026641846,-1.5343233346939087,-1.3264811038970947,-1.7636473178863525,0.12834428250789642,5.073218822479248,6.223768711090088,6.353214740753174,5.537254810333252
-8.37314224243164,-8.931889533996582,-9.438121795654297,-10.438650131225586,-11.919879913330078,-12.926033020019531,-13.480337142944336,-13.740781784057617,-13.589296340942383,-13.17103385925293,-13.691242218017578,-13.9926118850708,-13.9710054397583,-13.622856140136719,-13.242695808410645,-13.586837768554688,-13.58292293548584,-12.894806861877441,-11.84838581085205,-12.169466018676758,-9.982414245605469,-6.774481773376465,-1.6335229873657227,-0.22982430458068848,-2.0222957134246826,-5.993138790130615,-8.048286437988281,-8.071244239807129,-7.26656436920166,-5.965576648712158,-4.66179084777832,-3.88415265083313,-1.5986546277999878,0.7704057693481445,2.3639800548553467,3.0273571014404297,1.961608648300171,-0.2754863202571869,-1.3810607194900513,0.9328838586807251,4.315228462219238,5.825707912445068,5.65813684463501
-8.373059272766113,-9.188752174377441,-10.044669151306152,-11.412203788757324,-12.897249221801758,-14.101123809814453,-14.291926383972168,-14.133695602416992,-13.728650093078613,-13.688231468200684,-14.05451488494873,-14.065177917480469,-14.256781578063965,-13.907894134521484,-12.997897148132324,-12.510809898376465,-12.392739295959473,-12.276190757751465,-11.635611534118652,-11.436201095581055,-9.253628730773926,-5.073060989379883,-1.048734426498413,0.3858284652233124,-2.249244451522827,-6.511995792388916,-8.316246032714844,-6.911107540130615,-4.791510581970215,-2.9233803749084473,-0.4142354726791382,0.28206905722618103,0.059404581785202026,0.8812385201454163,1.8995450735092163,1.9024165868759155,-0.20921608805656433,-3.1863958835601807,-4.960635185241699,-5.6498613357543945,-5.37137508392334,-4.4387030601501465,-3.9928479194641113
-8.287359237670898,-9.25457763671875,-10.492959022521973,-12.057775497436523,-13.359312057495117,-14.4369535446167,-14.469595909118652,-14.556600570678711,-14.248366355895996,-14.394091606140137,-14.346571922302246,-14.493322372436523,-14.903475761413574,-14.456406593322754,-12.874011993408203,-11.220210075378418,-11.358419418334961,-11.596046447753906,-12.216747283935547,-11.300405502319336,-9.745638847351074,-4.254673957824707,-1.283361792564392,-2.680821180343628,-5.8757476806640625,-6.865747451782227,-6.808913707733154,-5.307188987731934,-1.6194993257522583,-0.09941018372774124,0.29021501541137695,-1.9404749870300293,-4.674335956573486,-5.067831516265869,-5.201085567474365,-5.195601940155029,-5.581395149230957,-6.462022304534912,-7.456335544586182,-7.2505011558532715,-6.045746803283691,-6.497599124908447,-6.871949195861816
-8.128544807434082,-9.120809555053711,-10.39207649230957,-11.919342041015625,-13.209165573120117,-14.423723220825195,-14.37169075012207,-14.424844741821289,-14.447370529174805,-14.580897331237793,-14.628361701965332,-14.732410430908203,-15.015256881713867,-14.370935440063477,-12.627198219299316,-9.942366600036621,-9.939810752868652,-10.904996871948242,-11.787614822387695,-11.855146408081055,-10.99960708618164,-5.005656719207764,-4.040935039520264,-6.925904750823975,-7.8216872215271,-5.311726093292236,-4.706135272979736,-4.269313812255859,-3.507892608642578,-4.247229099273682,-5.561315059661865,-7.237617492675781,-8.082789421081543,-7.857881546020508,-7.908766269683838,-8.638991355895996,-9.2216215133667,-8.871703147888184,-8.384556770324707,-7.685534954071045,-5.352232456207275,-2.5778708457946777,-1.596871018409729
-7.963398456573486,-8.915703773498535,-10.021133422851562,-11.380715370178223,-12.556845664978027,-13.392735481262207,-13.534624099731445,-13.671757698059082,-14.464081764221191,-14.932053565979004,-15.043196678161621,-15.195012092590332,-15.049702644348145,-13.786148071289062,-11.769097328186035,-9.558022499084473,-9.569419860839844,-10.043645858764648,-10.837361335754395,-11.652024269104004,-11.487456321716309,-5.565316677093506,-4.350574493408203,-5.799293518066406,-5.2938761711120605,-5.244499206542969,-4.5253095626831055,-4.886757850646973,-6.220364093780518,-6.61850118637085,-7.727847576141357,-8.152030944824219,-7.9799275398254395,-7.884963512420654,-7.907275676727295,-8.148056983947754,-8.39111042022705,-7.691244602203369,-7.736420154571533,-8.000136375427246,-6.878917217254639,-4.453852653503418,-1.7963634729385376
-7.773199081420898,-8.74360466003418,-9.891824722290039,-11.002790451049805,-11.71662712097168,-12.192524909973145,-12.276253700256348,-13.063072204589844,-14.358943939208984,-14.956872940063477,-15.053817749023438,-15.44698715209961,-14.588155746459961,-12.695131301879883,-10.634929656982422,-10.394742012023926,-10.402082443237305,-10.027046203613281,-10.448370933532715,-11.08215618133545,-10.82914924621582,-5.27269983291626,-2.477449417114258,-3.4645135402679443,-4.212253093719482,-6.110378742218018,-6.446110725402832,-6.285262584686279,-5.4725494384765625,-4.107011795043945,-4.491963863372803,-5.712851047515869,-6.851478576660156,-7.173155307769775,-7.532418251037598,-6.994687557220459,-6.216969966888428,-5.3831048011779785,-5.869112491607666,-6.148934364318848,-6.894683837890625,-6.550960540771484,-4.912608623504639
-7.740499496459961,-8.791509628295898,-9.991362571716309,-10.967873573303223,-11.329532623291016,-11.624183654785156,-11.722661972045898,-12.63361644744873,-13.778743743896484,-14.666406631469727,-14.663244247436523,-14.66028118133545,-13.66280746459961,-11.767766952514648,-10.361384391784668,-10.939396858215332,-11.290237426757812,-10.620925903320312,-9.847766876220703,-10.14341926574707,-9.64991569519043,-6.39962911605835,-1.960153341293335,-2.2646677494049072,-3.5109617710113525,-6.105710506439209,-7.287479877471924,-6.593231201171875,-3.3294689655303955,0.8215270042419434,0.6749029159545898,-1.0397772789001465,-2.524991035461426,-3.2363030910491943,-3.433925151824951,-2.74526047706604,-0.9031482934951782,-0.13566918671131134,-1.9951070547103882,-4.2442307472229,-5.4241414070129395,-6.618531227111816,-4.998579502105713
-8.042099952697754,-9.14319133758545,-10.123838424682617,-10.90233325958252,-11.235949516296387,-11.207812309265137,-11.579174041748047,-12.13332462310791,-13.080836296081543,-13.566901206970215,-13.610699653625488,-12.79063892364502,-11.992940902709961,-12.123600959777832,-11.873641967773438,-11.371190071105957,-11.037543296813965,-11.034443855285645,-9.812882423400879,-9.080321311950684,-8.139599800109863,-6.26753044128418,-1.995521903038025,-0.7418030500411987,-1.4030320644378662,-3.8631885051727295,-6.5976057052612305,-6.468933582305908,-4.178212642669678,1.0601587295532227,3.229304075241089,2.7441627979278564,2.3592817783355713,2.310709238052368,1.988777756690979,1.0803070068359375,1.516066074371338,3.0460026264190674,2.288559675216675,-0.23485291004180908,-4.546520709991455,-6.0498881340026855,-5.621751308441162
-8.181966781616211,-9.13521957397461,-9.832563400268555,-10.445079803466797,-10.746770858764648,-10.53078842163086,-11.306863784790039,-11.874710083007812,-12.263320922851562,-12.38257884979248,-11.225133895874023,-10.045950889587402,-7.840580940246582,-9.756902694702148,-10.453028678894043,-9.560198783874512,-8.005671501159668,-10.8191499710083,-10.687934875488281,-9.225332260131836,-7.106906414031982,-4.810210227966309,-2.5333142280578613,0.028320040553808212,0.7264110445976257,-0.40539535880088806,-3.9937744140625,-5.80833101272583,-4.260250568389893,-0.10490664094686508,3.8731093406677246,4.395297050476074,2.710941791534424,2.0627212524414062,1.064754843711853,-2.856949806213379,-4.8972039222717285,-3.377594470977783,-2.240739345550537,-2.727275848388672,-5.227132797241211,-5.9897990226745605,-7.391214370727539
