data/wind_data/wind_3_2.json
{"header": {"parameterUnit": "KT", "parameterCategory": 2, "nx": 256, "ny": 198, "lo1": 44.73521041870117, "la1": -3.236724853515625, "lo2": 111.26478576660156, "la2": 43.468475341796875, "dx": 0.2609002888202667, "dy": -0.23708222806453705, "refTime": "2025-02-19 03:00:00", "forecastTime": 0, "parameterNumber": 2, "parameterNumberName": "eastward_wind"}, "data":
[rows 76 to 94 of 198, columns 0 to 42 of 256]
-4.416184902191162,-4.512501239776611,-4.394179344177246,-5.287825584411621,-7.809456825256348,-8.223437309265137,-6.118081569671631,-2.6837332248687744,-0.0937194898724556,2.4117679595947266,5.2206950187683105,5.931621551513672,4.025320053100586,2.6394264698028564,0.6488568782806396,-0.8391806483268738,-0.43036118149757385,-0.5535833239555359,-1.8065885305404663,-3.876145362854004,-5.415291786193848,-5.343225002288818,-4.257038116455078,-3.701409101486206,-4.3211188316345215,-4.506453514099121,-3.4200336933135986,-2.9287915229797363,-2.814201593399048,-2.1767425537109375,-1.435381293296814,-0.7652096748352051,-0.05121121555566788,0.400511771440506,0.5506153702735901,0.9050316214561462,1.1519758701324463,0.6181663870811462,-0.2342180758714676,-0.6102446913719177,-0.9736648797988892,-1.5752418041229248,-2.2183144092559814
-2.529160261154175,-3.6200311183929443,-5.0842461585998535,-7.468234062194824,-11.68602180480957,-11.100341796875,-9.482060432434082,-6.809640884399414,-4.124138355255127,-0.9196487665176392,2.5759854316711426,3.5118906497955322,2.3493776321411133,1.955191969871521,0.4604494273662567,-0.36261314153671265,-0.7625502943992615,-2.5444278717041016,-3.8785688877105713,-5.176900386810303,-5.7775750160217285,-4.495450496673584,-3.3234128952026367,-4.114582538604736,-4.82257080078125,-4.105627536773682,-3.919862747192383,-4.124829292297363,-3.7801239490509033,-3.241706371307373,-2.777472734451294,-2.1475143432617188,-1.4279669523239136,-0.6936743259429932,0.41697803139686584,1.5323150157928467,1.9944167137145996,2.01373553276062,1.7266713380813599,1.1796725988388062,0.6079230308532715,-0.3368840515613556,-1.4719326496124268
-2.1892242431640625,-4.679123401641846,-6.484659671783447,-9.3543701171875,-13.190444946289062,-14.163402557373047,-13.97045612335205,-12.134651184082031,-9.479195594787598,-6.211582183837891,-3.175111770629883,-3.4094998836517334,-3.9364161491394043,-1.5212939977645874,0.1052672266960144,-0.5090247392654419,-2.956256151199341,-4.704028606414795,-5.06079626083374,-4.712166786193848,-3.737513780593872,-3.3851029872894287,-3.405552864074707,-5.186740875244141,-5.779651165008545,-5.255823135375977,-5.322354793548584,-5.7641282081604,-5.669999599456787,-5.083864688873291,-4.595667362213135,-4.303022861480713,-3.5829646587371826,-2.378648281097412,-0.7649420499801636,-0.15902289748191833,0.9729593992233276,0.912140965461731,-0.12598145008087158,0.5360751748085022,1.4271517992019653,1.0689953565597534,-0.3988657295703888
-4.236196994781494,-5.17805290222168,-7.581704616546631,-10.738616943359375,-13.734845161437988,-16.15370750427246,-16.29757308959961,-15.008027076721191,-12.694334030151367,-10.750036239624023,-9.226995468139648,-9.234563827514648,-8.241026878356934,-5.165155410766602,-3.2429585456848145,-4.352099418640137,-6.122713565826416,-5.3617072105407715,-4.153522491455078,-2.433685302734375,-0.5410922765731812,-1.5970568656921387,-3.996263027191162,-5.746574878692627,-7.114715099334717,-7.359571933746338,-7.517210960388184,-7.274656295776367,-7.028816223144531,-6.442784309387207,-5.245871067047119,-3.3225369453430176,-3.032487154006958,-3.6058425903320312,-2.4198060035705566,-0.9137610197067261,-0.6203559041023254,-0.7451277375221252,-1.109081506729126,-0.2629467248916626,0.38601282238960266,1.170967936515808,0.49534302949905396
-6.477024555206299,-7.442727088928223,-9.302446365356445,-12.087546348571777,-14.791215896606445,-17.58961296081543,-18.679582595825195,-18.38858413696289,-16.276288986206055,-14.00499439239502,-12.580183982849121,-12.11821460723877,-10.781854629516602,-8.60548210144043,-7.594602108001709,-7.191238880157471,-6.094579219818115,-3.7431743144989014,-1.992032527923584,-0.7847475409507751,-0.31208521127700806,-1.356797218322754,-3.8659088611602783,-4.136171340942383,-3.9271578788757324,-7.823516845703125,-9.542617797851562,-7.842814922332764,-7.298159122467041,-6.011964797973633,-4.614412307739258,-2.5270674228668213,-0.7947377562522888,-2.320697546005249,-1.9294928312301636,-0.8033608794212341,-2.24468731880188,-2.6057636737823486,-2.4836254119873047,-1.1755965948104858,0.15751484036445618,0.3379470109939575,1.1844189167022705
-7.141672134399414,-8.81351375579834,-10.83828353881836,-12.846274375915527,-16.01603126525879,-18.310548782348633,-20.447315216064453,-22.11696434020996,-21.835758209228516,-19.476093292236328,-16.58028793334961,-14.44583511352539,-12.778430938720703,-11.202486991882324,-10.024075508117676,-8.580870628356934,-6.696372985839844,-4.764482498168945,-3.2588396072387695,-2.2430286407470703,-2.8294668197631836,-4.5785675048828125,-5.120051860809326,-2.950915813446045,0.039623063057661057,1.8799471855163574,-0.6594787836074829,-1.7874212265014648,-2.4594500064849854,-2.7513561248779297,-1.6684256792068481,-1.1369038820266724,0.6723819971084595,0.16703103482723236,0.23858052492141724,1.9404405355453491,-1.4449409246444702,-3.8825178146362305,-2.9913840293884277,-1.2032779455184937,0.4474611282348633,-0.3963892161846161,0.2464490532875061
-7.091299533843994,-9.233339309692383,-11.586956977844238,-13.536449432373047,-16.624805450439453,-18.676191329956055,-20.752967834472656,-23.198057174682617,-24.781850814819336,-24.344345092773438,-22.11935043334961,-19.617704391479492,-17.755945205688477,-16.073623657226562,-14.188410758972168,-12.476322174072266,-11.161694526672363,-9.535996437072754,-7.0274128913879395,-4.559164524078369,-3.2714109420776367,-2.5286340713500977,-1.719359040260315,-0.8841453790664673,0.5145007967948914,2.7924513816833496,4.801487922668457,5.431368350982666,4.574465274810791,2.8140666484832764,1.4092262983322144,1.0894745588302612,1.4248008728027344,2.956321954727173,2.8633038997650146,3.231684446334839,0.9764547348022461,-2.436065912246704,-0.7437850832939148,-0.40521201491355896,0.9068968892097473,0.09199734032154083,-0.4934718608856201
-7.843780517578125,-9.658919334411621,-11.841991424560547,-13.944840431213379,-16.909238815307617,-19.08802604675293,-20.639930725097656,-22.61724090576172,-24.476049423217773,-25.725505828857422,-25.93636131286621,-24.991436004638672,-23.258460998535156,-21.234352111816406,-19.129802703857422,-17.35413932800293,-15.88453197479248,-14.161587715148926,-11.480023384094238,-8.175848007202148,-5.477746486663818,-3.2131457328796387,-1.2913610935211182,-0.3441903591156006,-1.0553829669952393,-1.5724904537200928,1.7108656167984009,5.296516418457031,7.318450450897217,8.085500717163086,7.7520432472229,6.572592735290527,4.04534912109375,4.2328314781188965,4.789053916931152,3.7060396671295166,2.600478172302246,-0.03092294931411743,1.414273977279663,0.4825519025325775,1.4563138484954834,1.0766520500183105,0.11364888399839401
-8.947545051574707,-10.11579418182373,-12.13961410522461,-14.30267333984375,-17.217540740966797,-18.90625762939453,-20.296199798583984,-22.04686737060547,-23.38113021850586,-24.221942901611328,-24.682785034179688,-24.673583984375,-23.989500045776367,-22.770381927490234,-21.038572311401367,-19.13654136657715,-17.674196243286133,-16.796630859375,-15.66230583190918,-13.610508918762207,-11.361949920654297,-8.886112213134766,-5.915058612823486,-3.874014139175415,-3.651047706604004,-3.413632869720459,-1.0187550783157349,2.7449519634246826,6.197376728057861,8.799870491027832,10.071653366088867,9.876138687133789,8.178752899169922,6.198117733001709,5.6461286544799805,4.105445384979248,3.325683355331421,2.3361077308654785,2.2977294921875,0.42596712708473206,0.8865445852279663,1.8451441526412964,1.2340688705444336
-9.454146385192871,-10.239164352416992,-12.006978034973145,-14.065277099609375,-16.840682983398438,-17.933870315551758,-19.63926124572754,-21.31476593017578,-22.329673767089844,-23.075456619262695,-23.675369262695312,-23.64946937561035,-23.037321090698242,-22.19392204284668,-21.051652908325195,-19.852405548095703,-18.986268997192383,-18.58136749267578,-18.203353881835938,-17.215051651000977,-15.611760139465332,-13.559228897094727,-11.023545265197754,-8.579670906066895,-6.7636637687683105,-4.822499752044678,-2.422013998031616,0.5978325605392456,3.6747148036956787,6.402194023132324,8.466008186340332,9.381855010986328,8.777464866638184,6.976377964019775,5.734170913696289,4.641292572021484,3.4153428077697754,3.022299289703369,1.0741100311279297,-0.6420913338661194,-0.12622593343257904,1.9520620107650757,2.0243234634399414
-9.37170696258545,-10.12311840057373,-11.53775405883789,-13.368943214416504,-16.05186653137207,-17.36678695678711,-19.041906356811523,-20.577392578125,-21.64213752746582,-22.57574462890625,-22.96230125427246,-22.639341354370117,-22.067594528198242,-21.597013473510742,-20.939640045166016,-20.12805938720703,-19.345766067504883,-18.823352813720703,-18.53696632385254,-17.988189697265625,-16.9339542388916,-15.597909927368164,-13.978033065795898,-11.877565383911133,-9.582648277282715,-7.2713494300842285,-4.981901168823242,-2.6899497509002686,-0.40057969093322754,1.9006084203720093,4.255488872528076,6.289552211761475,7.074176788330078,6.357419013977051,5.424710273742676,4.686861515045166,3.576205015182495,3.564868450164795,1.22213613986969,-0.9201020002365112,0.09762357920408249,2.165585517883301,2.6506903171539307
-9.914361000061035,-10.331303596496582,-11.628803253173828,-13.467633247375488,-16.18431282043457,-17.73758316040039,-18.90463638305664,-19.990259170532227,-20.896591186523438,-21.943445205688477,-22.41325569152832,-22.043304443359375,-21.356861114501953,-20.935638427734375,-20.690448760986328,-20.29294776916504,-19.66416358947754,-19.00954246520996,-18.48638343811035,-17.971105575561523,-17.244338989257812,-16.422574996948242,-15.498144149780273,-14.12053394317627,-12.255934715270996,-10.22518539428711,-8.246854782104492,-6.423056602478027,-4.744824409484863,-3.1149377822875977,-0.7273748517036438,2.100005626678467,3.875551462173462,4.343100070953369,4.2808027267456055,3.979322671890259,3.938697338104248,5.458853721618652,5.659854412078857,3.621007204055786,1.9384737014770508,3.306793212890625,3.6098809242248535
-11.350485801696777,-11.68228530883789,-12.647613525390625,-14.70897102355957,-17.21560287475586,-18.337047576904297,-18.95148277282715,-19.512977600097656,-19.996267318725586,-20.728588104248047,-21.301158905029297,-21.329471588134766,-20.903121948242188,-20.509750366210938,-20.299434661865234,-20.158355712890625,-19.90319061279297,-19.37649917602539,-18.645326614379883,-17.9229736328125,-17.349445343017578,-16.828052520751953,-16.202682495117188,-15.385664939880371,-14.31259536743164,-12.900134086608887,-11.22240161895752,-9.544015884399414,-8.152812957763672,-7.130706310272217,-5.689627647399902,-3.394001007080078,-1.0856568813323975,0.8286817669868469,2.270616292953491,3.2225096225738525,4.458980560302734,6.7319536209106445,8.877334594726562,8.7520751953125,5.822757720947266,4.564272880554199,4.67545747756958
-13.327119827270508,-13.438592910766602,-14.59054946899414,-16.527448654174805,-18.22100067138672,-18.952980041503906,-19.268712997436523,-19.625648498535156,-19.764232635498047,-19.955554962158203,-20.159875869750977,-20.179012298583984,-19.98744010925293,-19.811498641967773,-19.754030227661133,-19.69510841369629,-19.615097045898438,-19.499773025512695,-19.062519073486328,-18.29756736755371,-17.636625289916992,-17.170408248901367,-16.6321964263916,-15.955606460571289,-15.128095626831055,-14.149127006530762,-12.752080917358398,-11.137330055236816,-9.74665355682373,-8.650390625,-7.6799092292785645,-6.892479419708252,-5.440169334411621,-2.8234145641326904,0.35024353861808777,3.6039087772369385,5.55554723739624,7.305663108825684,9.699853897094727,10.801443099975586,8.990528106689453,5.947971343994141,5.009450435638428
-15.64361572265625,-15.421479225158691,-16.100845336914062,-17.717653274536133,-19.512493133544922,-19.870168685913086,-20.00990104675293,-20.01317596435547,-19.778045654296875,-19.55516242980957,-19.38408088684082,-19.113195419311523,-18.778568267822266,-18.73543357849121,-18.984769821166992,-19.018339157104492,-19.0216121673584,-19.242177963256836,-19.267934799194336,-18.878446578979492,-18.29766273498535,-17.84287452697754,-17.441734313964844,-16.87592315673828,-16.148862838745117,-15.312707901000977,-14.00130844116211,-12.148384094238281,-10.316561698913574,-9.032087326049805,-8.149198532104492,-7.597126483917236,-6.764456272125244,-4.499866008758545,-0.8041747212409973,3.4841806888580322,6.067853927612305,7.198320388793945,9.274994850158691,10.888282775878906,10.461443901062012,7.7298736572265625,5.601268291473389
-17.335683822631836,-16.801376342773438,-16.840951919555664,-18.594945907592773,-20.59806251525879,-20.73343276977539,-20.79339027404785,-20.426496505737305,-19.941247940063477,-19.53855323791504,-19.16509437561035,-18.51173210144043,-17.75005531311035,-17.57194709777832,-17.86792755126953,-17.992290496826172,-18.175416946411133,-18.458751678466797,-18.704978942871094,-18.81040382385254,-18.603673934936523,-18.394298553466797,-18.30126190185547,-18.04184341430664,-17.542613983154297,-16.908239364624023,-15.91694164276123,-14.175500869750977,-11.824088096618652,-9.43161678314209,-8.00635051727295,-7.362890243530273,-6.413400173187256,-4.366861820220947,-1.1037193536758423,2.7359347343444824,5.538802146911621,7.530581951141357,9.627532958984375,10.329727172851562,10.062610626220703,7.922428607940674,5.35459041595459
-18.182483673095703,-17.72028160095215,-18.028108596801758,-19.805866241455078,-21.228439331054688,-21.16529083251953,-21.11578369140625,-20.579296112060547,-20.062219619750977,-19.720922470092773,-19.39714813232422,-18.7442684173584,-17.790000915527344,-17.143239974975586,-16.9915828704834,-16.98697853088379,-17.094257354736328,-17.21510124206543,-17.492128372192383,-17.917755126953125,-18.16923713684082,-18.375255584716797,-18.650245666503906,-18.794517517089844,-18.61492156982422,-18.2401180267334,-17.667821884155273,-16.60614776611328,-14.881439208984375,-12.45880126953125,-9.864155769348145,-8.128059387207031,-6.851938724517822,-5.075655460357666,-2.2544896602630615,1.3940082788467407,5.002511978149414,7.448815822601318,8.55361557006836,8.931892395019531,8.885027885437012,7.142106056213379,5.213585376739502
-18.325227737426758,-17.68712043762207,-18.71209144592285,-20.649246215820312,-21.011449813842773,-20.337743759155273,-20.22047233581543,-19.897340774536133,-19.604684829711914,-19.38931655883789,-19.30459213256836,-19.097976684570312,-18.47452163696289,-17.630178451538086,-17.048891067504883,-16.75614356994629,-16.47722053527832,-16.231584548950195,-16.311716079711914,-16.735231399536133,-17.20231056213379,-17.56668472290039,-18.009981155395508,-18.58655548095703,-19.04456901550293,-19.12775993347168,-18.672061920166016,-17.838909149169922,-16.881423950195312,-15.574077606201172,-13.51406192779541,-11.205342292785645,-8.849607467651367,-6.152083873748779,-3.3822977542877197,-0.9987597465515137,1.6535933017730713,4.1069817543029785,5.902403354644775,6.770590305328369,7.008152484893799,6.203923225402832,5.210897445678711
-17.743534088134766,-16.801362991333008,-17.986286163330078,-19.79667091369629,-19.568405151367188,-18.94597053527832,-18.56051254272461,-18.57524871826172,-18.916257858276367,-18.83292007446289,-18.88256072998047,-19.02290916442871,-18.841922760009766,-18.185876846313477,-17.536827087402344,-17.095258712768555,-16.660898208618164,-16.134052276611328,-15.743814468383789,-15.70499038696289,-16.000356674194336,-16.356060028076172,-16.723352432250977,-17.331703186035156,-18.19540023803711,-18.876903533935547,-18.950420379638672,-18.46281623840332,-17.753904342651367,-17.044178009033203,-16.111906051635742,-14.670452117919922,-12.514691352844238,-9.218613624572754,-5.037808418273926,-1.801209807395935,0.019398462027311325,1.3725864887237549,2.902486801147461,4.663745403289795,5.284040451049805,5.178012847900391,5.249138832092285
