data/wind_data/wind_49_7.json
{"header": {"parameterUnit": "KT", "parameterCategory": 2, "nx": 256, "ny": 198, "lo1": 44.73521041870117, "la1": -3.236724853515625, "lo2": 111.26478576660156, "la2": 43.468475341796875, "dx": 0.2609002888202667, "dy": -0.23708222806453705, "refTime": "2025-02-21 01:00:00", "forecastTime": 0, "parameterNumber": 2, "parameterNumberName": "eastward_wind"}, "data":
[rows 140 to 159 of 198, columns 176 to 219 of 256]
63.463768005371094,64.44222259521484,65.3956069946289,66.92224884033203,68.5215072631836,68.6175308227539,67.73430633544922,67.7197494506836,68.28724670410156,68.29884338378906,68.2640151977539,68.90237426757812,70.11629486083984,71.67969512939453,73.59400177001953,75.72498321533203,77.7958755493164,79.6070327758789,81.1070556640625,82.51680755615234,83.89160919189453,84.79047393798828,85.14350891113281,85.6346664428711,86.96060943603516,88.99421691894531,90.8662338256836,91.7250747680664,91.69854736328125,92.09860229492188,93.54397583007812,95.36448669433594,96.41639709472656,96.24854278564453,95.75467681884766,95.98751831054688,97.29595184326172,99.1683120727539,100.3956527709961,100.47913360595703,100.11193084716797,99.65030670166016,99.52156066894531,99.79344177246094
60.4977912902832,60.9234619140625,61.98162841796875,63.8910026550293,65.05443572998047,64.71170806884766,64.04387664794922,64.11358642578125,64.6458740234375,65.42129516601562,66.21212005615234,66.80162811279297,67.41805267333984,68.3796157836914,70.00640106201172,72.39627838134766,75.07845306396484,77.3014907836914,78.94200134277344,80.37091064453125,81.48270416259766,82.01793670654297,82.18057250976562,82.57217407226562,83.80313110351562,85.98993682861328,88.3389663696289,89.68074035644531,89.81021881103516,89.86360931396484,90.59659576416016,91.9724349975586,93.76272583007812,94.89163208007812,94.83155059814453,94.62161254882812,95.24161529541016,96.65485382080078,97.91333770751953,98.26380920410156,98.21271514892578,98.0339126586914,97.65045928955078,97.32526397705078
56.53244400024414,56.4127082824707,57.46074295043945,59.56802749633789,61.10261154174805,61.34681701660156,60.92900466918945,60.75893020629883,61.37736892700195,62.508689880371094,63.598148345947266,64.37776947021484,64.90713500976562,65.38389587402344,66.55286407470703,68.84955596923828,71.66165924072266,74.21034240722656,76.30013275146484,77.8106460571289,78.55342102050781,78.74404907226562,78.9092025756836,79.4865951538086,80.86693572998047,83.07697296142578,85.50262451171875,87.12372589111328,87.66952514648438,87.8750228881836,88.24097442626953,88.85572052001953,90.00894165039062,91.47661590576172,92.40709686279297,92.679443359375,92.99388122558594,93.8053970336914,94.56470489501953,94.68042755126953,94.58010864257812,94.59481811523438,94.5324478149414,94.45501708984375
53.32514190673828,53.632259368896484,54.54743194580078,56.160648345947266,57.53696823120117,57.92832565307617,57.764034271240234,57.96898651123047,58.795257568359375,59.98171615600586,61.32895278930664,62.445125579833984,62.783199310302734,62.83196258544922,63.818939208984375,65.9537582397461,68.53526306152344,71.21862030029297,73.49690246582031,74.638427734375,74.84229278564453,74.93898010253906,75.46448516845703,76.54681396484375,78.27000427246094,80.61853790283203,82.89910888671875,84.36199951171875,85.17993927001953,85.74620056152344,86.04456329345703,86.18202209472656,86.61236572265625,87.66849517822266,88.92876434326172,89.79582214355469,90.3746109008789,90.94932556152344,91.09910583496094,90.61127471923828,90.2137680053711,90.41593170166016,90.990478515625,91.83018493652344
51.98666000366211,52.594703674316406,52.757591247558594,53.06624984741211,53.8345947265625,54.51941680908203,54.828582763671875,55.08283615112305,55.90806579589844,57.424583435058594,58.92387771606445,59.632041931152344,59.70029067993164,60.22751998901367,61.794883728027344,63.761348724365234,65.90436553955078,68.40176391601562,70.04602813720703,70.46578979492188,70.68485260009766,71.36310577392578,72.53946685791016,74.18588256835938,76.33744049072266,78.5660400390625,80.1292495727539,81.09327697753906,82.03865814208984,82.90083312988281,83.5252685546875,83.96186828613281,84.27511596679688,84.69535064697266,85.50259399414062,86.4771499633789,87.33984375,88.02043914794922,88.05778503417969,87.38971710205078,86.92206573486328,87.286865234375,88.30712890625,89.84248352050781
50.8043212890625,51.14517593383789,50.71571350097656,50.48431396484375,51.105567932128906,51.77793502807617,51.86968231201172,52.16583251953125,53.245323181152344,54.473567962646484,55.066734313964844,55.5872802734375,56.70997619628906,57.976234436035156,58.932498931884766,60.21181106567383,62.43619155883789,64.5263900756836,65.49879455566406,66.15709686279297,67.42822265625,69.08434295654297,70.72511291503906,72.58675384521484,74.75642395019531,76.39125061035156,77.25448608398438,78.1454849243164,79.38399505615234,80.54671478271484,81.59908294677734,82.52296447753906,82.7822494506836,82.50531005859375,82.60127258300781,83.35643005371094,84.28238677978516,85.07884979248047,85.49990844726562,85.38961791992188,85.24508666992188,85.77743530273438,87.0839614868164,88.77397155761719
49.340721130371094,49.38127899169922,48.95774459838867,48.82537078857422,49.30157470703125,49.56352996826172,49.58977508544922,50.2895622253418,51.50320816040039,52.58071517944336,53.43391418457031,54.50761032104492,55.589599609375,56.208744049072266,56.725982666015625,57.86014175415039,59.37056350708008,60.62066650390625,61.77323532104492,63.451416015625,65.73809051513672,67.72640991210938,69.16707611083984,70.71700286865234,72.40426635742188,73.7664794921875,75.06553649902344,76.40966796875,77.41645812988281,78.37860107421875,79.72228240966797,80.89916229248047,81.01569366455078,80.24589538574219,79.7685317993164,80.2036361694336,81.0448989868164,81.92498016357422,82.98660278320312,83.83853149414062,84.00908660888672,84.34623718261719,85.9297866821289,88.12723541259766
48.46451187133789,47.74494934082031,47.10875701904297,47.104278564453125,47.51555252075195,48.00513458251953,48.73300552368164,49.87230682373047,51.265316009521484,52.65220260620117,53.760498046875,54.422672271728516,54.796852111816406,55.232357025146484,55.7168083190918,55.890869140625,56.10799026489258,57.131690979003906,59.092220306396484,61.740543365478516,64.4166259765625,65.9849853515625,66.68345642089844,67.72337341308594,69.20039367675781,70.82057189941406,72.68115997314453,74.2139892578125,75.04032135009766,75.82579803466797,77.1693344116211,78.58206939697266,78.86251068115234,77.73308563232422,76.59153747558594,76.58995819091797,77.41329193115234,78.66326141357422,80.60758209228516,82.38680267333984,82.38126373291016,81.75115966796875,83.13768768310547,86.13956451416016
48.08058166503906,46.628204345703125,46.19635009765625,46.64192199707031,47.07944107055664,47.58940887451172,48.48162078857422,49.76633834838867,51.3079833984375,52.625667572021484,53.45957946777344,54.08216857910156,54.705726623535156,54.88462829589844,54.03581237792969,52.82235336303711,52.70785140991211,54.48262023925781,57.45924377441406,60.511837005615234,62.723819732666016,63.60797119140625,63.95956802368164,65.0046615600586,66.79389953613281,68.80558013916016,70.61406707763672,71.87638854980469,72.80301666259766,73.88356018066406,75.34060668945312,76.63355255126953,76.69514465332031,75.35159301757812,73.84256744384766,73.37422943115234,74.08319091796875,75.74757385253906,78.50537872314453,80.93379211425781,80.67082977294922,78.97879791259766,79.64933776855469,82.86515808105469
47.367923736572266,46.18444061279297,46.14405059814453,46.49375915527344,47.176082611083984,48.21573257446289,48.988861083984375,49.50164794921875,50.105587005615234,50.77406692504883,51.901206970214844,53.749359130859375,54.841087341308594,54.1660041809082,52.2608757019043,50.9189567565918,51.75004959106445,54.537235260009766,57.58180236816406,59.50340270996094,60.45752716064453,61.275634765625,62.200565338134766,63.54957962036133,65.59429168701172,67.72667694091797,69.2420883178711,70.24881744384766,71.3637466430664,72.95826721191406,74.78787994384766,75.92633056640625,75.48329162597656,73.74597930908203,72.04171752929688,71.50558471679688,72.33787536621094,74.39144897460938,77.3934326171875,79.54032135009766,79.06778717041016,77.32322692871094,77.52349090576172,80.14369201660156
46.76760482788086,46.12601089477539,45.87492370605469,46.29505920410156,47.874183654785156,49.475284576416016,49.99320602416992,49.7497673034668,49.40315628051758,49.68394470214844,51.105499267578125,52.87759780883789,53.635738372802734,53.163787841796875,52.28165817260742,52.106937408447266,53.081298828125,54.875823974609375,56.655296325683594,57.94886016845703,59.00252151489258,60.376380920410156,61.689292907714844,62.93136978149414,64.91873931884766,67.00414276123047,68.20651245117188,69.09160614013672,70.59737396240234,72.75627136230469,74.83281707763672,75.70333862304688,74.55925750732422,72.05403900146484,70.0624771118164,69.9618911743164,71.69355010986328,74.53008270263672,77.3270034790039,78.28852081298828,77.24057006835938,76.00655364990234,76.33020782470703,78.41729736328125
46.55208206176758,46.48445129394531,46.61997985839844,46.98258972167969,48.166053771972656,49.5091667175293,50.37740707397461,50.69891357421875,50.54490280151367,50.36404800415039,50.6212272644043,51.70225524902344,52.874839782714844,53.01744842529297,52.6720085144043,52.97442626953125,53.743629455566406,54.86164474487305,56.526302337646484,58.29586410522461,59.542659759521484,60.38483810424805,60.91139221191406,62.105098724365234,64.45771026611328,66.33978271484375,66.89436340332031,67.54584503173828,69.43089294433594,71.7933120727539,73.56842803955078,73.9555435180664,72.2062759399414,69.0938949584961,67.08007049560547,67.96196746826172,71.2801513671875,75.08658599853516,77.18508911132812,76.86941528320312,75.46439361572266,74.49246215820312,74.9444351196289,77.06198120117188
46.263885498046875,46.52318572998047,48.04776382446289,48.899749755859375,49.3397216796875,50.05251693725586,50.87994384765625,51.59376907348633,51.786155700683594,51.16996765136719,50.86017608642578,51.59308624267578,52.44968032836914,52.57920837402344,52.599124908447266,53.35481262207031,54.60556411743164,56.26929473876953,57.80036926269531,59.001258850097656,59.758460998535156,60.09236526489258,60.49460983276367,61.953956604003906,64.08533477783203,65.2909164428711,65.43562316894531,65.9643325805664,67.87335205078125,70.30335998535156,71.86915588378906,71.981201171875,70.23368835449219,67.14979553222656,65.33724975585938,66.92591857910156,71.54041290283203,75.94082641601562,76.83329772949219,75.46243286132812,74.31269836425781,73.55423736572266,73.83096313476562,75.96571350097656
46.936153411865234,46.899131774902344,48.67790222167969,50.0775032043457,50.63694763183594,50.96330261230469,51.49541091918945,52.12638854980469,52.26028823852539,52.04798889160156,52.13137435913086,52.60378646850586,52.8504638671875,52.88290786743164,53.3444709777832,54.66149139404297,56.165897369384766,57.30241775512695,58.09214782714844,58.94741439819336,59.830440521240234,60.57565689086914,61.443565368652344,62.700313568115234,63.940120697021484,64.60921478271484,65.0315170288086,65.91361236572266,67.45475769042969,69.28846740722656,70.67906951904297,70.98861694335938,69.6214828491211,66.9356689453125,65.54422760009766,67.78509521484375,72.69373321533203,76.27900695800781,76.02423095703125,74.47511291503906,73.82085418701172,73.21318054199219,73.17862701416016,75.0146255493164
47.642791748046875,47.205909729003906,48.79970932006836,50.75109100341797,51.87236785888672,52.213218688964844,52.31306838989258,52.452274322509766,52.53460693359375,52.70153045654297,53.43349075317383,54.20479965209961,54.12120819091797,53.671566009521484,54.302284240722656,55.78118133544922,56.528079986572266,56.34660720825195,56.49898910522461,57.66620635986328,59.13864517211914,60.22209167480469,61.064876556396484,61.97971725463867,62.90629959106445,63.7462043762207,64.4882583618164,65.1569595336914,66.02814483642578,67.39826202392578,68.7257308959961,69.41031646728516,68.77469635009766,66.8150863647461,66.251708984375,69.7726058959961,74.51679229736328,75.95093536376953,74.64764404296875,73.66419982910156,73.48686218261719,72.9780044555664,72.69962310791016,73.82705688476562
49.000186920166016,48.306514739990234,49.14884948730469,51.029869079589844,52.60496520996094,53.41331100463867,53.69891357421875,53.74430465698242,53.85315704345703,54.28737258911133,55.074928283691406,55.43801498413086,54.91341781616211,54.58936309814453,55.172760009765625,55.85856628417969,55.52140426635742,54.656009674072266,54.8380241394043,56.391517639160156,58.24688720703125,59.573551177978516,60.3012580871582,60.755149841308594,61.50042724609375,62.57410430908203,63.375431060791016,63.52041244506836,63.84856414794922,65.12666320800781,66.69448852539062,67.88420867919922,67.93033599853516,66.58502960205078,66.76795196533203,70.78903198242188,74.6327133178711,74.83511352539062,74.0064697265625,73.84017944335938,73.29212951660156,72.8365478515625,73.19759368896484,73.67098999023438
49.58567810058594,49.15979766845703,49.618309020996094,51.11675262451172,52.843231201171875,53.90229415893555,54.108856201171875,54.17036819458008,54.70988845825195,55.58843994140625,55.96720504760742,55.33433532714844,54.6533088684082,54.76049041748047,55.23599624633789,55.21452331542969,54.64777374267578,54.41020584106445,55.152252197265625,56.59005355834961,57.98115539550781,58.94843292236328,59.46628189086914,59.86801528930664,60.75037384033203,61.837039947509766,62.50128936767578,62.78099822998047,63.244171142578125,64.38420867919922,65.85186004638672,67.0806884765625,67.19284057617188,66.12947845458984,67.14627838134766,70.77210998535156,72.98954772949219,73.02044677734375,73.5642318725586,74.3526840209961,73.3489761352539,72.28895568847656,73.41184997558594,73.94474792480469
49.01018524169922,49.091251373291016,49.596282958984375,50.81943893432617,52.336143493652344,53.28009796142578,53.52524185180664,53.88928985595703,54.837921142578125,55.7011604309082,55.425601959228516,54.67292022705078,54.83895492553711,55.57258224487305,55.839229583740234,55.63510513305664,55.507389068603516,55.61891174316406,55.793426513671875,56.158233642578125,56.74012756347656,57.461578369140625,57.995750427246094,58.43992233276367,59.4203987121582,60.657955169677734,61.59929275512695,62.43925476074219,63.204444885253906,63.94082260131836,64.97017669677734,65.85879516601562,65.6736831665039,64.63935089111328,65.86135864257812,68.83203125,70.04219818115234,70.2312240600586,71.42874908447266,72.8762435913086,72.28652954101562,70.62751770019531,71.52018737792969,72.66854095458984
47.85481262207031,48.35069274902344,49.14676284790039,50.28214645385742,51.36962127685547,52.16936492919922,52.837066650390625,53.50516891479492,54.13920974731445,54.31560134887695,54.21133041381836,54.65131759643555,55.5670051574707,56.105411529541016,56.06232833862305,56.11814498901367,56.27399826049805,55.83395004272461,55.1629524230957,55.17919158935547,55.8609504699707,56.711326599121094,57.16193389892578,57.47653579711914,58.38528060913086,59.15983963012695,58.7852668762207,58.65977096557617,59.83790969848633,61.25559616088867,62.25425338745117,62.75174331665039,62.467437744140625,62.08614730834961,63.635231018066406,66.41852569580078,68.34223937988281,69.64278411865234,70.79468536376953,71.5877456665039,71.16429901123047,69.39253234863281,69.17678833007812,70.44535064697266
47.16331100463867,47.635276794433594,48.55529022216797,49.59223556518555,50.398799896240234,51.37858200073242,52.43098831176758,52.73570251464844,52.25003433227539,51.93752670288086,52.57949447631836,53.822303771972656,54.82899475097656,54.8899040222168,54.75346374511719,55.18178176879883,55.317752838134766,54.518733978271484,54.13798522949219,54.83130645751953,55.7521858215332,56.47141647338867,56.65471267700195,56.32921600341797,56.42185974121094,56.55449676513672,56.11711502075195,56.75659942626953,59.082279205322266,60.94623947143555,61.16523361206055,61.05910110473633,61.28053665161133,62.024513244628906,64.04999542236328,66.3906021118164,68.31387329101562,70.14461517333984,70.8559799194336,70.25756072998047,69.39451599121094,68.28270721435547,67.716552734375,68.422607421875
