data/wind_data/wind_29_7.json
{"header": {"parameterUnit": "KT", "parameterCategory": 2, "nx": 256, "ny": 198, "lo1": 44.73521041870117, "la1": -3.236724853515625, "lo2": 111.26478576660156, "la2": 43.468475341796875, "dx": 0.2609002888202667, "dy": -0.23708222806453705, "refTime": "2025-02-20 05:00:00", "forecastTime": 0, "parameterNumber": 2, "parameterNumberName": "eastward_wind"}, "data":
[rows 60 to 79 of 198, columns 88 to 131 of 256]
9.198355674743652,9.096691131591797,9.019070625305176,8.91739559173584,8.870226860046387,8.885796546936035,8.915484428405762,8.841842651367188,8.64369010925293,8.442244529724121,8.365182876586914,8.365318298339844,8.279922485351562,8.071456909179688,7.818790912628174,7.658576488494873,7.715312480926514,7.968628883361816,8.08049488067627,7.873012065887451,7.6467180252075195,7.728114604949951,8.215777397155762,8.988704681396484,9.726492881774902,9.992829322814941,9.828741073608398,9.545783042907715,9.091421127319336,8.529743194580078,8.238787651062012,8.502406120300293,8.932341575622559,8.725269317626953,8.007783889770508,7.5831122398376465,7.6593852043151855,7.747892379760742,7.607524871826172,7.477923393249512,7.738026142120361,8.073793411254883,8.016392707824707,7.833926200866699
10.704618453979492,10.450552940368652,10.283926963806152,10.16715145111084,10.088869094848633,10.057188987731934,10.087566375732422,10.146086692810059,10.156004905700684,10.073073387145996,9.949124336242676,9.831949234008789,9.746417045593262,9.589116096496582,9.502257347106934,9.423498153686523,9.387734413146973,9.597046852111816,9.796859741210938,9.714436531066895,9.331964492797852,9.049242973327637,9.053183555603027,9.512476921081543,10.365560531616211,11.086418151855469,11.25102710723877,10.99589729309082,10.603683471679688,9.941282272338867,9.264617919921875,9.238700866699219,9.793046951293945,10.143900871276855,9.69961929321289,8.866925239562988,8.499847412109375,8.675633430480957,8.79550552368164,8.59988021850586,8.605070114135742,8.923079490661621,9.177289962768555,9.216381072998047
12.555306434631348,12.112946510314941,11.805543899536133,11.58995246887207,11.413787841796875,11.290122985839844,11.250267028808594,11.326515197753906,11.499776840209961,11.676478385925293,11.695920944213867,11.534025192260742,11.338051795959473,11.156778335571289,11.110967636108398,11.22208309173584,11.382182121276855,11.520635604858398,11.640158653259277,11.594895362854004,11.266530990600586,10.806048393249512,10.378494262695312,10.338955879211426,10.86375617980957,11.688265800476074,12.29122543334961,12.45882511138916,12.349403381347656,11.759867668151855,10.754616737365723,10.170820236206055,10.420296669006348,11.011345863342285,11.258332252502441,10.779640197753906,9.948841094970703,9.574149131774902,9.852622032165527,10.126996040344238,10.06843376159668,9.958412170410156,10.00550651550293,10.155009269714355
14.424407958984375,14.024026870727539,13.668366432189941,13.364236831665039,13.078615188598633,12.8371000289917,12.639782905578613,12.581052780151367,12.755085945129395,13.091055870056152,13.359707832336426,13.344347953796387,13.078746795654297,12.81230354309082,12.678241729736328,12.800189018249512,13.15040111541748,13.482514381408691,13.65484619140625,13.65139102935791,13.396662712097168,12.879243850708008,12.171974182128906,11.586512565612793,11.534920692443848,12.07339859008789,12.823822975158691,13.443074226379395,13.843137741088867,13.750670433044434,12.868755340576172,11.706659317016602,11.20893383026123,11.452227592468262,12.010764122009277,12.363641738891602,12.064718246459961,11.343705177307129,11.012593269348145,11.271568298339844,11.537842750549316,11.511594772338867,11.32568645477295,11.25678539276123
16.072877883911133,15.823803901672363,15.558305740356445,15.318363189697266,15.091745376586914,14.856226921081543,14.582205772399902,14.311192512512207,14.229936599731445,14.453313827514648,14.808221817016602,14.991321563720703,14.863991737365723,14.591645240783691,14.397854804992676,14.398161888122559,14.67531681060791,15.150777816772461,15.556414604187012,15.72727108001709,15.561544418334961,15.060128211975098,14.299261093139648,13.404739379882812,12.747178077697754,12.624960899353027,13.117758750915527,13.926377296447754,14.786273002624512,15.297039031982422,15.020843505859375,13.935821533203125,12.819401741027832,12.323609352111816,12.445900917053223,13.0165433883667,13.541281700134277,13.460295677185059,12.902506828308105,12.524378776550293,12.582656860351562,12.822906494140625,12.926447868347168,12.84003734588623
17.76162338256836,17.531902313232422,17.325653076171875,17.185033798217773,17.129596710205078,17.101749420166016,16.966556549072266,16.628705978393555,16.218311309814453,16.027925491333008,16.169321060180664,16.422651290893555,16.506868362426758,16.387788772583008,16.242040634155273,16.187171936035156,16.297197341918945,16.667724609375,17.174728393554688,17.59978485107422,17.70389175415039,17.289255142211914,16.509002685546875,15.566692352294922,14.662830352783203,14.01959228515625,13.820687294006348,14.310153007507324,15.358927726745605,16.131481170654297,16.32659912109375,15.9765043258667,15.063307762145996,14.085474014282227,13.51691722869873,13.581252098083496,14.145342826843262,14.624167442321777,14.630191802978516,14.286553382873535,13.946205139160156,13.926025390625,14.195577621459961,14.377882957458496
19.881742477416992,19.678913116455078,19.460552215576172,19.293764114379883,19.24936294555664,19.34273338317871,19.423076629638672,19.24535369873047,18.76799774169922,18.219682693481445,17.887157440185547,17.863176345825195,17.963388442993164,17.986825942993164,17.990083694458008,18.063404083251953,18.181142807006836,18.374746322631836,18.72671890258789,19.1824951171875,19.55799674987793,19.493690490722656,18.838485717773438,17.931697845458984,17.12310791015625,16.319246292114258,15.428709030151367,15.180222511291504,15.985737800598145,16.75699234008789,16.88935089111328,16.967256546020508,16.939456939697266,16.377822875976562,15.446054458618164,14.813270568847656,14.881922721862793,15.311216354370117,15.585695266723633,15.640337944030762,15.547502517700195,15.439281463623047,15.519682884216309,15.69432258605957
22.00503921508789,22.049476623535156,22.008834838867188,21.896297454833984,21.78266143798828,21.7386417388916,21.751708984375,21.659120559692383,21.290687561035156,20.692554473876953,20.095172882080078,19.725444793701172,19.6213321685791,19.61394691467285,19.587142944335938,19.66575050354004,19.937437057495117,20.278711318969727,20.567426681518555,20.853506088256836,21.18449592590332,21.346158981323242,20.99539566040039,20.304988861083984,19.7825927734375,19.24858856201172,18.067899703979492,16.946252822875977,16.920310974121094,17.421451568603516,17.390405654907227,17.275081634521484,17.68022346496582,18.10651206970215,17.802976608276367,16.875446319580078,16.226028442382812,16.27400016784668,16.52140235900879,16.625154495239258,16.70871353149414,16.886577606201172,17.11832046508789,17.294511795043945
23.95150375366211,24.025861740112305,24.1981258392334,24.343595504760742,24.40380859375,24.369340896606445,24.22498321533203,23.938640594482422,23.46233558654785,22.83196258544922,22.190011978149414,21.692445755004883,21.438827514648438,21.39316177368164,21.36505126953125,21.309871673583984,21.47005271911621,21.93326187133789,22.44704246520996,22.784692764282227,22.973787307739258,23.035654067993164,22.795352935791016,22.407394409179688,22.247913360595703,22.07860565185547,21.156591415405273,19.734498977661133,18.805749893188477,18.515037536621094,18.179349899291992,17.70189666748047,17.81374740600586,18.68626594543457,19.376562118530273,19.108617782592773,18.32074737548828,17.878725051879883,17.875484466552734,17.937252044677734,17.945463180541992,18.080204010009766,18.417949676513672,18.84522247314453
25.835500717163086,25.746505737304688,25.79340934753418,25.97467613220215,26.243141174316406,26.507009506225586,26.628841400146484,26.454669952392578,25.932086944580078,25.1292667388916,24.2721004486084,23.61488914489746,23.27250862121582,23.196733474731445,23.207075119018555,23.172548294067383,23.2224063873291,23.571060180664062,24.144800186157227,24.61690902709961,24.8005428314209,24.723154067993164,24.472713470458984,24.299333572387695,24.41132354736328,24.469215393066406,23.90620994567871,22.79034996032715,21.632156372070312,20.64385223388672,19.835268020629883,19.076305389404297,18.558576583862305,18.84075164794922,19.839683532714844,20.53835678100586,20.414230346679688,19.943256378173828,19.661535263061523,19.66145133972168,19.713214874267578,19.715116500854492,19.815641403198242,20.1684513092041
27.606510162353516,27.38770294189453,27.255279541015625,27.24418067932129,27.38295555114746,27.674907684326172,28.038169860839844,28.31073570251465,28.315275192260742,27.898332595825195,27.056859970092773,26.04888916015625,25.29972267150879,25.029767990112305,25.057931900024414,25.114126205444336,25.191991806030273,25.460189819335938,25.95256996154785,26.451963424682617,26.583106994628906,26.313886642456055,26.018495559692383,26.048948287963867,26.366334915161133,26.609106063842773,26.334959030151367,25.462173461914062,24.446617126464844,23.443761825561523,22.472795486450195,21.641258239746094,20.816322326660156,20.179601669311523,20.2777099609375,21.061681747436523,21.707883834838867,21.763931274414062,21.521560668945312,21.4190673828125,21.570987701416016,21.747486114501953,21.798864364624023,21.91680908203125
29.606430053710938,29.29840087890625,28.928173065185547,28.672517776489258,28.579816818237305,28.648414611816406,28.884307861328125,29.24947738647461,29.62644386291504,29.81363868713379,29.599504470825195,28.880401611328125,27.91288185119629,27.210540771484375,26.996318817138672,27.060121536254883,27.207860946655273,27.469579696655273,27.889493942260742,28.358774185180664,28.47073745727539,28.048704147338867,27.614072799682617,27.619291305541992,27.997665405273438,28.440542221069336,28.574302673339844,28.01618766784668,27.031625747680664,26.1514949798584,25.428665161132812,24.782175064086914,24.049226760864258,23.116701126098633,22.328962326049805,22.07161521911621,22.456586837768555,22.984167098999023,23.098506927490234,23.048646926879883,23.20124053955078,23.5361328125,23.864362716674805,24.129419326782227
31.24221420288086,31.320384979248047,31.188356399536133,30.870616912841797,30.496305465698242,30.222185134887695,30.157564163208008,30.33473777770996,30.67869758605957,31.043018341064453,31.244197845458984,31.07754135131836,30.461389541625977,29.67462158203125,29.168184280395508,29.072248458862305,29.20488739013672,29.47461700439453,29.901636123657227,30.337265014648438,30.3880672454834,29.900562286376953,29.38909339904785,29.383960723876953,29.729631423950195,30.13117790222168,30.394718170166016,30.181522369384766,29.534408569335938,28.891082763671875,28.359758377075195,27.890348434448242,27.346290588378906,26.58673667907715,25.71725845336914,24.82147789001465,24.186227798461914,24.16362190246582,24.43733787536621,24.608713150024414,24.790075302124023,25.10332679748535,25.5335636138916,26.064476013183594
33.03865051269531,32.95589828491211,33.05495834350586,33.19414520263672,33.15207290649414,32.85448455810547,32.46113204956055,32.209136962890625,32.2215461730957,32.44932556152344,32.73653793334961,32.88004684448242,32.66300964355469,32.0654296875,31.447847366333008,31.178401947021484,31.22453498840332,31.456666946411133,31.90279769897461,32.351524353027344,32.33644485473633,31.750234603881836,31.147247314453125,31.17308235168457,31.703121185302734,32.18148422241211,32.33582305908203,32.072662353515625,31.6293888092041,31.381441116333008,31.16301918029785,30.802753448486328,30.385744094848633,29.874671936035156,29.252574920654297,28.461402893066406,27.445077896118164,26.581937789916992,26.244930267333984,26.280427932739258,26.436500549316406,26.69952392578125,27.0788516998291,27.675325393676758
35.93562316894531,35.66939163208008,35.499637603759766,35.51213455200195,35.60338592529297,35.60905075073242,35.44534683227539,35.137657165527344,34.79725646972656,34.5692024230957,34.536865234375,34.63737106323242,34.662193298339844,34.376625061035156,33.83161544799805,33.423397064208984,33.3538932800293,33.530941009521484,33.913917541503906,34.35776901245117,34.39793395996094,33.81330490112305,33.0610466003418,32.83509063720703,33.37648010253906,34.284358978271484,34.706974029541016,34.29490280151367,33.719642639160156,33.583187103271484,33.63762283325195,33.45847702026367,33.08262252807617,32.682769775390625,32.30509948730469,31.870634078979492,31.17310333251953,30.13873291015625,29.132080078125,28.53818130493164,28.359786987304688,28.440467834472656,28.698963165283203,29.255367279052734
38.92824935913086,39.098567962646484,39.144996643066406,39.06755065917969,38.84373092651367,38.51039505004883,38.15156936645508,37.8165283203125,37.50347137451172,37.22780990600586,37.0427131652832,36.96332931518555,36.9080810546875,36.722774505615234,36.314414978027344,35.86940383911133,35.68804931640625,35.83088302612305,36.16920852661133,36.490379333496094,36.46769332885742,35.92021560668945,35.18728256225586,34.75555419921875,34.96131896972656,36.005096435546875,36.96379089355469,36.83209228515625,36.15690994262695,35.831512451171875,35.909271240234375,36.0225944519043,35.88973617553711,35.43939208984375,34.932411193847656,34.588340759277344,34.302101135253906,33.733924865722656,32.76223373413086,31.648794174194336,30.81393814086914,30.452844619750977,30.538501739501953,30.976163864135742
41.11717987060547,41.566410064697266,42.01624298095703,42.34797286987305,42.41197204589844,42.142799377441406,41.58480453491211,40.856689453125,40.12996292114258,39.561466217041016,39.20850372314453,39.03812026977539,38.94939041137695,38.826168060302734,38.5917854309082,38.285560607910156,38.085792541503906,38.18907165527344,38.59061050415039,39.001583099365234,38.99070739746094,38.38125228881836,37.484676361083984,36.818721771240234,36.73335266113281,37.484397888183594,38.67980194091797,39.25944900512695,38.96308898925781,38.375980377197266,38.06951141357422,38.20179748535156,38.490352630615234,38.426246643066406,37.905906677246094,37.330081939697266,36.97523880004883,36.72413635253906,36.22834396362305,35.231292724609375,33.99138641357422,33.07698440551758,32.805885314941406,33.09181213378906
43.235862731933594,43.74794387817383,44.239105224609375,44.579933166503906,44.697566986083984,44.60492706298828,44.33047103881836,43.86162185668945,43.204593658447266,42.45503616333008,41.754390716552734,41.19845962524414,40.81805419921875,40.557247161865234,40.33177947998047,40.14952087402344,40.06446075439453,40.17322540283203,40.597007751464844,41.221736907958984,41.598411560058594,41.32969665527344,40.45437240600586,39.47530746459961,39.01988220214844,39.26725387573242,40.02796936035156,40.99480438232422,41.5954704284668,41.37398910522461,40.723167419433594,40.415733337402344,40.59590530395508,40.806156158447266,40.66268539428711,40.21925354003906,39.7230224609375,39.36708450317383,39.09327697753906,38.58898162841797,37.61812973022461,36.505855560302734,35.772796630859375,35.7142219543457
44.963294982910156,45.605003356933594,46.23511505126953,46.663021087646484,46.811710357666016,46.74110412597656,46.53390121459961,46.236228942871094,45.840084075927734,45.3273811340332,44.69062805175781,43.960105895996094,43.24031066894531,42.63689041137695,42.164306640625,41.83857727050781,41.72385787963867,41.817317962646484,42.16315460205078,42.798500061035156,43.45401382446289,43.705413818359375,43.314971923828125,42.4275016784668,41.76134490966797,41.75084686279297,42.01105499267578,42.50562286376953,43.34004211425781,43.91068649291992,43.77671432495117,43.364288330078125,43.15419387817383,43.06599807739258,42.894981384277344,42.64059066772461,42.2907600402832,41.89608383178711,41.5650634765625,41.261714935302734,40.80355453491211,40.08246612548828,39.28889083862305,38.83442306518555
46.357810974121094,46.82991409301758,47.39550018310547,47.91651153564453,48.28975296020508,48.476951599121094,48.471065521240234,48.27985382080078,47.94374084472656,47.52995300292969,47.08211898803711,46.588531494140625,46.01841354370117,45.38701248168945,44.72614669799805,44.123756408691406,43.74586868286133,43.675113677978516,43.89198684692383,44.388668060302734,44.98937225341797,45.38768768310547,45.34602737426758,44.808082580566406,44.28706359863281,44.264312744140625,44.39734649658203,44.55268096923828,44.94171142578125,45.582820892333984,46.16902542114258,46.328372955322266,46.136131286621094,45.84580612182617,45.49844741821289,45.14838409423828,44.80070877075195,44.416221618652344,44.01482009887695,43.6450309753418,43.401634216308594,43.167076110839844,42.74122619628906,42.233062744140625
