data/wind_data/wind_13_6.json
{"header": {"parameterUnit": "KT", "parameterCategory": 2, "nx": 256, "ny": 198, "lo1": 44.73521041870117, "la1": -3.236724853515625, "lo2": 111.26478576660156, "la2": 43.468475341796875, "dx": 0.2609002888202667, "dy": -0.23708222806453705, "refTime": "2025-02-19 13:00:00", "forecastTime": 0, "parameterNumber": 2, "parameterNumberName": "eastward_wind"}, "data":
[rows 140 to 159 of 198, columns 0 to 43 of 256]
62.98979187011719,63.184085845947266,63.4932975769043,63.918357849121094,64.35975646972656,65.1954345703125,66.10363006591797,66.89836883544922,67.47427368164062,67.77672576904297,67.81282043457031,67.70845031738281,67.6495132446289,67.73986053466797,67.95494842529297,68.21485900878906,68.50457000732422,68.8299331665039,69.15231323242188,69.56805419921875,70.29999542236328,70.82848358154297,70.58243560791016,70.70862579345703,71.24173736572266,71.11177062988281,71.10881042480469,71.09160614013672,69.54273223876953,67.46734619140625,66.76882934570312,66.79049682617188,66.56079864501953,66.21685791015625,65.57398223876953,64.75369262695312,64.1624984741211,63.51778793334961,63.137969970703125,63.12601089477539,63.41303634643555,64.08060455322266,64.92463684082031,65.45880126953125
58.410064697265625,59.17933654785156,59.899314880371094,60.608585357666016,61.26180648803711,62.161739349365234,63.0860481262207,63.9091911315918,64.58042907714844,64.93728637695312,64.91630554199219,64.72085571289062,64.55387878417969,64.50778198242188,64.63187408447266,64.8427734375,65.10570526123047,65.42948150634766,65.76426696777344,66.18406677246094,66.91020202636719,67.42491149902344,67.33101654052734,67.52852630615234,67.82936096191406,67.39195251464844,67.0257797241211,66.4672622680664,64.67721557617188,63.27835464477539,63.10007095336914,62.9832878112793,62.90032958984375,62.8079719543457,61.779457092285156,60.81254577636719,60.724735260009766,60.2751579284668,59.667022705078125,59.94407272338867,61.017173767089844,62.212867736816406,63.1256217956543,63.94654846191406
52.691307067871094,53.92616271972656,55.021148681640625,56.11860656738281,57.349609375,58.71185302734375,60.049827575683594,61.255126953125,62.17957305908203,62.625633239746094,62.58517074584961,62.290863037109375,61.969608306884766,61.73885726928711,61.677330017089844,61.716758728027344,61.82612228393555,62.07280731201172,62.2713508605957,62.6414794921875,63.371524810791016,63.65939712524414,63.594818115234375,63.75458526611328,63.681640625,62.786163330078125,61.87215805053711,61.031394958496094,60.01477813720703,59.53894805908203,59.306907653808594,59.01115798950195,59.036380767822266,59.032447814941406,58.0924072265625,57.46591567993164,57.777950286865234,57.97297286987305,57.75206756591797,59.06827163696289,61.15928649902344,62.51946258544922,62.987770080566406,63.62873458862305
45.936302185058594,47.1187858581543,48.28147506713867,49.45737075805664,51.02989196777344,52.809425354003906,54.69102096557617,56.52971649169922,57.994991302490234,58.84088134765625,59.09164047241211,59.04527282714844,58.9559211730957,58.914024353027344,58.91644287109375,58.84105682373047,58.679439544677734,58.703983306884766,58.742523193359375,58.91867446899414,59.35553741455078,59.408077239990234,59.376224517822266,59.30915451049805,58.55833435058594,57.36279296875,56.675445556640625,56.28751754760742,55.84517288208008,55.680389404296875,55.5032958984375,55.316253662109375,55.35277557373047,55.43920135498047,55.41495895385742,55.835365295410156,56.952392578125,58.001861572265625,58.19218444824219,59.503944396972656,61.60544967651367,62.6044921875,62.69688034057617,63.378517150878906
40.523292541503906,41.11680221557617,42.0589599609375,43.012210845947266,44.348323822021484,46.210121154785156,48.3342399597168,50.50394058227539,52.330387115478516,53.598655700683594,54.24930191040039,54.41572189331055,54.419715881347656,54.39857864379883,54.34590530395508,54.319828033447266,54.338783264160156,54.51321792602539,54.63994216918945,54.69841003417969,54.882240295410156,54.88181686401367,54.78579330444336,54.506256103515625,53.7071533203125,52.82369613647461,52.51881790161133,52.324859619140625,52.11223220825195,52.11620330810547,52.240055084228516,52.520999908447266,53.10481643676758,54.127342224121094,55.3062629699707,56.375694274902344,57.46615982055664,58.55253219604492,59.047245025634766,59.86273193359375,61.471778869628906,62.51176834106445,62.82404327392578,63.66169357299805
36.42238235473633,36.21260070800781,36.85543441772461,37.713279724121094,38.41835021972656,40.08629608154297,42.33635711669922,44.548885345458984,46.251983642578125,47.307796478271484,47.879859924316406,48.24356460571289,48.65555953979492,48.89291000366211,48.81399917602539,48.80506896972656,49.135643005371094,49.63296127319336,50.07001876831055,50.460086822509766,50.69728088378906,50.588096618652344,50.5118408203125,50.4221305847168,50.045692443847656,49.54753494262695,49.50130844116211,49.632102966308594,49.712432861328125,50.0488395690918,50.915897369384766,51.958927154541016,53.020633697509766,54.66908264160156,56.145591735839844,57.11214828491211,57.9947624206543,59.0402717590332,59.91767883300781,60.68219757080078,61.826507568359375,62.86760711669922,63.38240432739258,64.17108154296875
34.53605270385742,33.49210739135742,33.63662338256836,34.13288116455078,33.90931701660156,34.931400299072266,36.870418548583984,38.95296096801758,40.700721740722656,42.11112594604492,43.386775970458984,44.48997497558594,45.553550720214844,46.270286560058594,45.91180419921875,45.2535285949707,45.31277847290039,45.77690505981445,46.287113189697266,46.95272445678711,47.267356872558594,47.18816375732422,47.45513916015625,47.77351379394531,47.72898483276367,47.600990295410156,48.08311462402344,48.68999481201172,49.278236389160156,50.45146560668945,51.83064270019531,52.54298400878906,53.5760612487793,55.39557647705078,56.8544807434082,57.820220947265625,58.74655532836914,59.727699279785156,60.56983184814453,61.35883331298828,62.431556701660156,63.48069763183594,64.03213500976562,64.73131561279297
36.4542121887207,34.81953811645508,34.34252166748047,33.97211837768555,33.235389709472656,33.63673782348633,34.79133605957031,36.197654724121094,37.74416732788086,39.52581787109375,41.346168518066406,42.80906295776367,44.07550811767578,44.90717315673828,44.427486419677734,43.30131149291992,43.07296371459961,43.55768585205078,43.961585998535156,44.53266525268555,45.0389404296875,45.3780517578125,46.05490493774414,46.66915512084961,46.8428840637207,47.247535705566406,48.22330093383789,49.092525482177734,50.37708282470703,52.090782165527344,53.10374450683594,53.34733581542969,54.216182708740234,55.86703109741211,57.281089782714844,58.26519012451172,59.30101013183594,60.29484558105469,60.89945983886719,61.60454559326172,62.97072982788086,64.10003662109375,64.56012725830078,65.24945831298828
39.66265106201172,37.94904708862305,37.21590042114258,36.368526458740234,35.87441635131836,36.066898345947266,36.411197662353516,36.70649719238281,37.363346099853516,38.9477653503418,40.68976974487305,41.69258499145508,42.36431884765625,42.75245666503906,42.461666107177734,42.035072326660156,42.16169357299805,42.55178451538086,42.91180419921875,43.67141342163086,44.400508880615234,44.889892578125,45.847862243652344,46.874786376953125,47.35788345336914,48.00477600097656,49.18700408935547,50.29298400878906,51.956565856933594,53.2926025390625,53.65520095825195,53.99961471557617,54.91514587402344,56.16047286987305,57.206539154052734,58.132240295410156,59.34051513671875,60.651954650878906,61.275760650634766,61.81153869628906,63.42280960083008,64.65579223632812,65.03506469726562,65.80535888671875
40.876930236816406,39.58020782470703,39.138912200927734,38.69310760498047,38.92477798461914,39.39175796508789,39.549163818359375,39.359249114990234,39.528995513916016,40.4826545715332,41.30366516113281,41.654930114746094,42.16878890991211,42.435176849365234,42.225425720214844,42.21791458129883,42.544002532958984,42.89213943481445,43.470367431640625,44.450767517089844,45.17045974731445,45.82460021972656,47.08402633666992,48.26423263549805,48.65779113769531,48.96089553833008,50.56723403930664,52.10737228393555,52.569095611572266,53.083580017089844,53.9107666015625,54.68169403076172,55.331565856933594,56.073116302490234,56.98069763183594,58.0864372253418,59.45175552368164,60.981178283691406,61.908477783203125,62.37521743774414,63.71720504760742,65.14505004882812,65.83721923828125,66.6490707397461
41.28230667114258,40.37812805175781,40.2780647277832,40.38129425048828,41.18940353393555,42.04236602783203,42.44740295410156,42.516082763671875,42.65797424316406,42.96486282348633,42.92348861694336,42.62809371948242,42.775169372558594,43.1845588684082,43.465946197509766,43.591983795166016,43.6170539855957,43.70296859741211,44.22463607788086,45.331905364990234,46.555301666259766,47.60892868041992,48.626155853271484,49.40819549560547,49.09859085083008,50.09296417236328,52.1787109375,52.437076568603516,52.3431396484375,53.07012176513672,54.09375762939453,54.905738830566406,55.58363342285156,56.55002975463867,57.694358825683594,58.89802551269531,60.30514907836914,61.73472213745117,62.752708435058594,63.43857955932617,64.50043487548828,65.85640716552734,66.95799255371094,67.85955810546875
42.510990142822266,41.28657913208008,41.253971099853516,41.747314453125,42.67182159423828,43.812652587890625,44.61378860473633,45.210914611816406,45.68693923950195,45.75115966796875,45.351810455322266,44.759002685546875,44.27124786376953,44.0421257019043,44.18569564819336,44.57332992553711,44.817909240722656,44.57118606567383,44.81808853149414,46.31779479980469,48.23930740356445,49.25049591064453,49.61159133911133,49.604278564453125,49.76422119140625,51.721370697021484,52.758113861083984,52.23067855834961,52.141361236572266,52.994205474853516,54.13539123535156,55.31005096435547,56.66893005371094,58.22770690917969,59.63977813720703,60.760799407958984,61.84700012207031,63.02505874633789,64.12476348876953,65.0052490234375,65.8878173828125,66.96270751953125,68.03244018554688,68.88619995117188
44.55375671386719,42.430931091308594,42.135677337646484,42.691104888916016,43.762054443359375,44.89371871948242,45.5982666015625,46.43342590332031,47.32404708862305,47.76688766479492,47.741790771484375,47.445594787597656,46.916587829589844,46.203983306884766,45.83082962036133,46.08396530151367,46.43494415283203,46.03296661376953,46.10692596435547,47.886287689208984,49.93042755126953,50.540443420410156,50.06621551513672,50.14952087402344,51.444297790527344,52.87583923339844,52.77256393432617,52.12403869628906,52.39412307739258,53.51456832885742,55.04294967651367,56.859439849853516,58.822208404541016,60.60988998413086,61.9129524230957,62.82318115234375,63.72258758544922,64.78348541259766,65.85399627685547,66.67215728759766,67.24372863769531,67.86839294433594,68.65592956542969,69.38003540039062
46.68233108520508,44.02016830444336,43.34723663330078,43.66604995727539,44.40034103393555,45.45329284667969,46.062007904052734,46.95274353027344,48.07756423950195,48.77968978881836,49.07592010498047,49.3227424621582,49.3216667175293,48.9556884765625,48.64985656738281,48.72657012939453,48.53841781616211,47.82990264892578,48.1854248046875,50.11103820800781,51.90774154663086,51.67938232421875,50.62643814086914,51.3907585144043,52.80292892456055,53.23160934448242,52.87876892089844,52.78990936279297,53.652435302734375,55.14278030395508,57.00886535644531,59.14179611206055,61.19194030761719,62.8288688659668,63.94089126586914,64.77967834472656,65.65260314941406,66.55089569091797,67.3172378540039,67.82327270507812,68.14704895019531,68.53533935546875,69.07266998291016,69.59576416015625
48.87260055541992,46.59259033203125,45.67123794555664,45.3475341796875,45.41902160644531,46.05156707763672,46.63381576538086,47.451942443847656,48.644840240478516,49.664066314697266,50.279212951660156,50.64140701293945,50.77972412109375,50.84794616699219,50.80982971191406,50.318702697753906,49.6004524230957,49.420719146728516,50.44361877441406,52.3270149230957,53.48125457763672,52.6996955871582,51.47905731201172,51.865692138671875,53.2240104675293,53.95655059814453,53.911285400390625,54.25461959838867,55.578399658203125,57.32759094238281,59.250457763671875,61.35694885253906,63.3289909362793,64.80516052246094,65.7350845336914,66.41536712646484,67.08414459228516,67.6803970336914,68.13343048095703,68.5074462890625,68.9120101928711,69.3504867553711,69.7069091796875,69.87162017822266
50.8282470703125,49.00033187866211,48.08899688720703,47.16470718383789,46.7408561706543,47.11761474609375,47.55011749267578,48.09393310546875,49.36640167236328,50.78162384033203,51.619110107421875,51.928218841552734,51.97529220581055,51.87114334106445,51.52467727661133,51.02059555053711,50.711891174316406,50.953094482421875,52.1731071472168,54.00711441040039,54.83312225341797,53.68935775756836,52.3323860168457,52.70341110229492,54.20161056518555,55.131195068359375,55.419437408447266,56.26301574707031,57.89403533935547,59.65655517578125,61.40825271606445,63.41140365600586,65.4033432006836,66.6978988647461,67.2074203491211,67.4844970703125,67.87142944335938,68.29150390625,68.70370483398438,69.26432800292969,69.89173126220703,70.2419204711914,70.14886474609375,69.72074127197266
51.955284118652344,50.228759765625,49.28263854980469,48.18695068359375,47.71306228637695,48.1092643737793,48.32976531982422,48.768611907958984,50.15069580078125,51.826663970947266,52.883628845214844,53.18832015991211,53.02791213989258,52.587913513183594,52.11837387084961,51.96464157104492,51.96799850463867,52.24299621582031,53.566612243652344,55.4930305480957,56.07414245605469,54.74016571044922,53.66193389892578,54.21138381958008,55.48585510253906,56.30672836303711,57.052555084228516,58.52116775512695,60.33643341064453,61.952144622802734,63.568092346191406,65.59066772460938,67.43614959716797,68.12679290771484,68.02899932861328,68.07337188720703,68.4791030883789,68.9736099243164,69.42575073242188,69.99839782714844,70.4312515258789,70.245361328125,69.50764465332031,68.57382202148438
52.63471603393555,50.377769470214844,49.294288635253906,48.43280792236328,48.059322357177734,48.56960678100586,48.93781280517578,49.671085357666016,51.24195861816406,53.1380500793457,54.22295379638672,54.10564041137695,53.57455825805664,53.34019470214844,53.40395736694336,53.606109619140625,53.53548812866211,53.62000274658203,55.0151481628418,56.75046157836914,56.91118240356445,55.93404769897461,55.506736755371094,56.08641052246094,56.86050033569336,57.39743423461914,58.5987434387207,60.68075942993164,62.723419189453125,64.29071044921875,65.9971923828125,67.96279907226562,69.09233093261719,68.8281478881836,68.42451477050781,68.67791748046875,69.1954574584961,69.5662612915039,69.71870422363281,69.76155853271484,69.53585052490234,68.77949523925781,67.72962188720703,66.66069030761719
53.87925720214844,51.411216735839844,50.08503723144531,49.12221908569336,48.44195556640625,48.543983459472656,49.03761672973633,50.121299743652344,51.91543197631836,53.88492965698242,54.4472541809082,53.66229248046875,53.248260498046875,53.86309814453125,54.86360549926758,55.413185119628906,55.18355941772461,55.28973388671875,56.62655258178711,57.63469696044922,57.79440689086914,57.7346076965332,57.70039749145508,57.78965759277344,58.06532287597656,58.88529586791992,60.71357727050781,63.16532516479492,65.13924407958984,66.52726745605469,68.19960021972656,69.70978546142578,69.92532348632812,69.25433349609375,69.1358871459961,69.39290618896484,69.18814086914062,68.8814468383789,68.63557434082031,68.17974090576172,67.5470962524414,66.70854949951172,65.68225860595703,64.6432113647461
55.772308349609375,53.82415771484375,52.789588928222656,51.4981575012207,50.7973518371582,51.2477912902832,52.01877975463867,53.03806686401367,54.22502899169922,54.96977615356445,54.558780670166016,53.782569885253906,53.8704948425293,55.081031799316406,56.47773361206055,57.12714385986328,56.963871002197266,57.2607536315918,58.198848724365234,58.71452331542969,59.041072845458984,59.03135681152344,58.7593994140625,58.743839263916016,59.60751724243164,61.8416633605957,64.6536636352539,66.48985290527344,67.26461791992188,68.14099884033203,69.40509796142578,70.15034484863281,70.29188537597656,70.24685668945312,69.99293518066406,69.06946563720703,67.86656188964844,67.26835632324219,66.82720947265625,66.26380920410156,65.64591217041016,64.85295104980469,64.00896453857422,63.13808059692383
