data/wind_data/wind_49_1.json
{"header": {"parameterUnit": "KT", "parameterCategory": 2, "nx": 256, "ny": 198, "lo1": 44.73521041870117, "la1": -3.236724853515625, "lo2": 111.26478576660156, "la2": 43.468475341796875, "dx": 0.2609002888202667, "dy": -0.23708222806453705, "refTime": "2025-02-21 01:00:00", "forecastTime": 0, "parameterNumber": 2, "parameterNumberName": "eastward_wind"}, "data":
[rows 0 to 18 of 198, columns 86 to 128 of 256]
-1.5698063373565674,-1.0951385498046875,-0.6312040686607361,-0.17586886882781982,0.24798662960529327,0.6672980189323425,1.2160502672195435,1.7987635135650635,2.215080499649048,2.541717767715454,2.8028903007507324,3.077455759048462,3.5180370807647705,3.883709669113159,3.981607437133789,4.0968098640441895,4.363070011138916,4.5429487228393555,4.563661098480225,4.648548126220703,4.830672264099121,4.936150550842285,4.964199542999268,5.056978702545166,5.211795806884766,5.480624198913574,5.809868812561035,5.963749408721924,6.070681095123291,6.441390037536621,6.786899566650391,6.7116379737854,6.404886722564697,5.888338565826416,5.37430477142334,4.990243434906006,4.811168670654297,4.924880027770996,5.127884864807129,5.386813640594482,5.610228538513184,5.780883312225342,5.970685005187988
-2.050868272781372,-1.5223008394241333,-1.0850502252578735,-0.6987887620925903,-0.21961991488933563,0.34583568572998047,0.9483882784843445,1.5166699886322021,1.8126004934310913,2.0196046829223633,2.353890895843506,2.7294669151306152,3.2009475231170654,3.6568028926849365,3.8380191326141357,3.886842966079712,3.998936176300049,4.132406711578369,4.179927825927734,4.275196075439453,4.442147254943848,4.487562656402588,4.459405422210693,4.507571697235107,4.641127109527588,4.878618240356445,5.196784496307373,5.467226505279541,5.675594806671143,6.076363563537598,6.393161773681641,6.065070629119873,5.517814636230469,5.033426761627197,4.428876876831055,3.6848673820495605,3.430979013442993,3.9369852542877197,4.581789016723633,5.149709701538086,5.551666736602783,5.710244655609131,5.594331741333008
-2.532435655593872,-2.004145383834839,-1.519861102104187,-1.1508234739303589,-0.6896059513092041,-0.01164083369076252,0.6018909215927124,1.078500747680664,1.3650455474853516,1.6666245460510254,2.1283960342407227,2.635249376296997,3.043417453765869,3.4554121494293213,3.7264676094055176,3.778170108795166,3.6794700622558594,3.683102607727051,3.7899928092956543,3.9399282932281494,4.142602443695068,4.177900314331055,4.009478569030762,3.986950635910034,4.1558332443237305,4.3324384689331055,4.454825401306152,4.874773025512695,5.264912128448486,5.393943786621094,5.194458484649658,4.6548542976379395,4.345614433288574,4.413207054138184,4.201623439788818,3.5401322841644287,3.2922582626342773,3.5942625999450684,3.9624757766723633,4.280117034912109,4.5778069496154785,4.728577613830566,4.6949567794799805
-2.5774335861206055,-2.1768100261688232,-1.8634040355682373,-1.650692343711853,-1.3934460878372192,-0.3888873755931854,0.4828549921512604,0.9731630086898804,1.089303970336914,1.4463703632354736,2.025832414627075,2.7844908237457275,3.2195401191711426,3.499485969543457,3.585557699203491,3.557358741760254,3.439180374145508,3.4858245849609375,3.7236459255218506,3.8154489994049072,3.9534525871276855,3.972823143005371,3.333362579345703,3.204868793487549,3.263289213180542,3.658339262008667,3.311012029647827,4.08584451675415,4.356624126434326,4.259673595428467,3.50344181060791,2.706981658935547,2.7445850372314453,3.052145481109619,3.0061557292938232,2.530247449874878,2.553403615951538,2.6936614513397217,2.967432737350464,2.901827573776245,3.1063830852508545,2.9835612773895264,3.1003947257995605
-0.9000646471977234,-1.6777377128601074,-2.739694118499756,-2.6552557945251465,-2.9102752208709717,-0.5425542593002319,1.146026849746704,2.4261081218719482,1.938504695892334,2.3980047702789307,2.2356929779052734,3.137270927429199,3.780395269393921,3.6970040798187256,2.8565163612365723,1.4800366163253784,2.6815052032470703,3.84100604057312,5.181439399719238,4.644140720367432,3.793102979660034,5.07443380355835,-0.3739844262599945,1.9370121955871582,-0.1638435274362564,3.9861032962799072,-2.279869556427002,1.7997047901153564,-0.18613049387931824,0.14796173572540283,-1.4079551696777344,-2.0072221755981445,-1.679874062538147,-2.236630439758301,-1.789072871208191,-2.1402664184570312,-1.1956640481948853,-1.259292483329773,0.02907850407063961,-0.7209543585777283,0.5452110171318054,-0.7621015310287476,-0.11719203740358353
-0.8808760643005371,-1.696972370147705,-2.868107557296753,-2.973618984222412,-2.2851216793060303,-0.09755928069353104,0.585564136505127,2.5126285552978516,1.304563045501709,2.4824118614196777,2.745440721511841,3.6879007816314697,3.5578715801239014,3.791984796524048,1.2575292587280273,1.9829647541046143,3.668259859085083,4.480955600738525,4.816688060760498,4.274784088134766,3.7240500450134277,3.2041802406311035,-7.64867639541626,2.1065592765808105,-0.5504136681556702,1.2523921728134155,-4.425324440002441,2.8189563751220703,-3.1296236515045166,-1.1246289014816284,-3.003476619720459,-2.0871245861053467,-2.2642159461975098,-1.657500982284546,-0.9559615254402161,-1.8107818365097046,-0.7946421504020691,-1.096453309059143,-0.13448888063430786,-0.8581899404525757,0.40217792987823486,-0.9503494501113892,0.8252390027046204
0.09932900220155716,0.37073594331741333,-4.481377124786377,-3.977900743484497,-1.9411120414733887,-0.35817450284957886,-0.5412522554397583,0.4168943464756012,-1.0161998271942139,2.5635879039764404,4.970569133758545,4.620783805847168,3.187648296356201,3.5816361904144287,1.3271112442016602,0.5244970321655273,0.032718244940042496,2.66229510307312,3.378690481185913,3.1509292125701904,5.232441425323486,-0.10970304161310196,-5.473094463348389,-1.2946826219558716,-4.3395891189575195,6.947235584259033,-2.1139588356018066,-0.5019859075546265,-4.5524582862854,-3.261314630508423,-4.247672080993652,-3.955465793609619,-3.4309723377227783,-2.68843674659729,-2.0393166542053223,-2.5900819301605225,-1.5822432041168213,-2.000065326690674,-1.2048871517181396,-2.376451253890991,-0.6325643062591553,-1.9715447425842285,0.04237962141633034
3.241438865661621,-1.0926494598388672,-4.8787078857421875,-3.529057264328003,-2.277254819869995,0.01008062157779932,-1.6623059511184692,-4.029496192932129,-3.7537264823913574,4.258260250091553,4.490259647369385,3.4282333850860596,8.609884262084961,3.173288345336914,-0.3336610496044159,-2.9202466011047363,0.622542142868042,0.5281440019607544,3.443507671356201,0.8169142603874207,1.8161218166351318,-0.8866237998008728,-4.227262496948242,-2.0270941257476807,-2.676227569580078,1.5564008951187134,1.9556790590286255,-1.2518339157104492,-6.8226118087768555,-3.983959436416626,-4.465376853942871,-4.35281229019165,-4.0198540687561035,-3.28073787689209,-3.0213358402252197,-2.8724944591522217,-2.4585585594177246,-2.34875226020813,-2.1209607124328613,-2.9090421199798584,-2.175586700439453,-1.7427747249603271,0.848145067691803
-0.9237000942230225,-3.0594892501831055,-5.591272354125977,-3.699934482574463,-1.3584495782852173,1.7659673690795898,-6.600889682769775,-4.973945140838623,-6.344081401824951,4.308693885803223,2.0928385257720947,6.407145023345947,12.29616928100586,-4.273499488830566,1.2457865476608276,-0.7255714535713196,-0.24501658976078033,-1.4762470722198486,-0.35010963678359985,-5.417187690734863,0.9872544407844543,-0.5838850736618042,-1.628314733505249,-3.3566207885742188,-4.982622146606445,-3.0354814529418945,0.1794692575931549,-3.225430965423584,-4.641183853149414,-5.694032669067383,-3.517001152038574,-5.158331394195557,-4.29867696762085,-3.923882246017456,-3.317469835281372,-3.2853951454162598,-2.8083391189575195,-2.501404047012329,-2.3306851387023926,-2.4126453399658203,-1.7951207160949707,-0.9457751512527466,-1.335034728050232
-5.443985939025879,-3.5703370571136475,-3.8313121795654297,-5.193562030792236,-3.2045533657073975,-1.7428125143051147,-7.387187480926514,-4.901647567749023,-3.160813331604004,-0.011989898048341274,2.423546075820923,4.505403995513916,1.2030181884765625,-1.7470089197158813,-1.0749634504318237,-2.040616512298584,-1.9163966178894043,-2.4731593132019043,-4.040087699890137,-8.476049423217773,1.379356026649475,-1.1332520246505737,-1.7218297719955444,-11.528807640075684,-3.8856565952301025,-2.6990647315979004,-1.5715436935424805,-0.9011537432670593,-5.172856330871582,-4.434142112731934,-5.345095634460449,-4.970437526702881,-4.418139457702637,-4.29451322555542,-3.0254271030426025,-3.774132013320923,-2.274275064468384,-2.804361581802368,-2.2933287620544434,-2.509575843811035,-1.893514633178711,-2.8406128883361816,-1.7969071865081787
-4.92030668258667,-6.173698425292969,-4.283617973327637,-2.8473455905914307,-0.5325252413749695,1.4185765981674194,-7.375875473022461,-3.1894569396972656,-1.342821478843689,-1.4345476627349854,2.5975935459136963,-1.7845733165740967,-5.256745338439941,-2.769739866256714,-2.216794490814209,-3.1110990047454834,-2.4763519763946533,-5.103827953338623,-6.927174091339111,-4.824433326721191,-1.656048059463501,-8.259060859680176,-7.819913387298584,-8.554777145385742,-1.9398306608200073,-3.7893428802490234,-3.25775408744812,-1.0017293691635132,-1.403956651687622,-7.708801746368408,-4.187978267669678,-5.768909931182861,-4.4989013671875,-5.105990886688232,-3.1856539249420166,-5.0771098136901855,-2.260953426361084,-3.0381672382354736,-2.2890312671661377,-2.795620918273926,-1.7228842973709106,-3.959075927734375,-2.426865339279175
-1.719480037689209,-4.404082775115967,-5.344274997711182,0.13557972013950348,-2.2992279529571533,-4.619377613067627,-7.04078483581543,-0.560425341129303,1.8886268138885498,-0.896189272403717,0.6848959922790527,-0.592268168926239,-6.6739726066589355,-4.743778228759766,-3.887263774871826,-3.767683744430542,-2.413194417953491,-1.771755576133728,-0.48288077116012573,-7.096514701843262,-7.998783588409424,-9.934603691101074,-6.289662837982178,-2.1945207118988037,-5.749255657196045,-4.162126541137695,-3.63795804977417,-1.3053150177001953,-1.7017912864685059,-8.288047790527344,-4.4073872566223145,-6.0783467292785645,-4.664665699005127,-5.446873664855957,-3.8206021785736084,-6.016106605529785,-4.724864959716797,-2.917598009109497,-2.7614145278930664,-2.8224611282348633,-2.913297176361084,-3.859177350997925,-2.549895763397217
1.5451042652130127,-3.737445592880249,-6.111680030822754,-2.6412432193756104,-5.227252006530762,-5.209311485290527,-3.4613125324249268,-4.286478042602539,-0.41746875643730164,-1.8638136386871338,-3.044107675552368,-4.508954048156738,-8.820320129394531,-5.49772310256958,-5.302645206451416,-3.387678861618042,0.35450130701065063,-1.924983263015747,0.31769582629203796,-7.582579135894775,-12.256196975708008,-8.192548751831055,-4.115261554718018,2.014238119125366,-7.017951965332031,-3.862924814224243,-0.7344600558280945,-1.5173054933547974,-2.8385393619537354,-6.187703609466553,-7.364292144775391,-7.265413284301758,-4.3639092445373535,-5.031106472015381,-7.180199146270752,-7.120448112487793,-5.7377800941467285,-4.241596698760986,-3.0737380981445312,-2.4392826557159424,-4.042097091674805,-2.8839383125305176,-2.803250312805176
-2.426478385925293,-6.780086994171143,-5.285370349884033,-3.7204883098602295,-5.335658073425293,-4.78941011428833,-5.22794771194458,-6.817995548248291,-5.5984110832214355,-3.5759153366088867,-6.467868328094482,-5.144649028778076,-8.49510669708252,-3.6578547954559326,-4.22264289855957,-3.4485440254211426,0.1391061544418335,-1.773808479309082,-6.023548603057861,-10.988240242004395,-10.13422966003418,-8.455270767211914,-7.505039215087891,6.738940238952637,-4.087376594543457,-2.727200746536255,2.0915369987487793,-0.14578551054000854,-1.975978970527649,-6.679734230041504,-9.371334075927734,-6.405964374542236,-3.0587100982666016,-6.153843879699707,-9.755529403686523,-7.7254743576049805,-7.684666633605957,-5.054965972900391,-3.6250641345977783,-2.7056941986083984,-4.064080238342285,-3.39693284034729,-3.6620113849639893
-4.35074520111084,-8.008390426635742,-4.40107536315918,-2.821824312210083,-6.059932708740234,-7.580151557922363,-6.227056980133057,-6.599127292633057,-7.5418620109558105,-5.369717597961426,-6.154748439788818,-6.425844669342041,-6.256007194519043,-4.842422008514404,-2.543640375137329,-2.147272825241089,-2.5478322505950928,-6.282176971435547,-9.863365173339844,-9.283788681030273,-8.180377960205078,-7.12206506729126,-4.149559497833252,-1.4009751081466675,-4.153905391693115,2.3836746215820312,0.9563460350036621,-8.616289138793945,-9.790385246276855,-6.2652106285095215,-8.429877281188965,-3.8253061771392822,-0.8550891876220703,-13.537027359008789,-9.768218040466309,-10.153669357299805,-7.964412212371826,-5.158945083618164,-5.2536468505859375,-3.121828079223633,-0.9459862112998962,-5.299167156219482,-4.911993026733398
-4.284137725830078,-8.779681205749512,-4.392658233642578,-1.8032714128494263,-8.473739624023438,-8.86212158203125,-5.159617900848389,-6.168653964996338,-7.033644676208496,-6.4384379386901855,-6.824137210845947,-6.998280048370361,-5.604400157928467,-4.189610004425049,-2.7621994018554688,-1.3992455005645752,-4.081162452697754,-11.602071762084961,-11.131586074829102,-8.339568138122559,-7.338314533233643,-6.384426116943359,-3.9341697692871094,-3.4302737712860107,-3.0375008583068848,-1.3388347625732422,-2.6431498527526855,-9.453628540039062,-7.570598602294922,-4.480841159820557,-4.31085729598999,-7.21206521987915,-7.14218282699585,-11.206685066223145,-11.26379680633545,-8.380783081054688,-7.91481876373291,-6.313433647155762,-5.66290807723999,-3.6122517585754395,-2.7879104614257812,-6.769920825958252,-3.764895439147949
-5.012553691864014,-9.524945259094238,-5.033421516418457,-5.544753074645996,-9.93474292755127,-7.683575630187988,-4.690300464630127,-5.068836688995361,-6.75806188583374,-7.2365498542785645,-7.667788505554199,-7.101052761077881,-5.026824951171875,-3.6499388217926025,-3.583073139190674,-4.208704948425293,-5.92352294921875,-8.250137329101562,-9.842948913574219,-8.468154907226562,-6.287491321563721,-5.711721897125244,-4.472378253936768,-3.721140146255493,-3.9767801761627197,-3.430706739425659,-6.19876766204834,-7.847201824188232,-3.730900287628174,-3.1865828037261963,-2.700350522994995,-8.03126335144043,-12.838147163391113,-12.47450065612793,-9.316410064697266,-6.890869617462158,-5.631796836853027,-6.9814910888671875,-7.567870616912842,-4.839059352874756,-7.571208477020264,-9.507866859436035,-7.1179986000061035
-4.730476379394531,-7.532985687255859,-7.462621212005615,-8.17115592956543,-7.8414506912231445,-6.308103561401367,-5.552568435668945,-5.072209358215332,-7.073462009429932,-7.959298610687256,-6.598022937774658,-5.698031425476074,-4.944873332977295,-4.072109699249268,-3.8474323749542236,-4.423928737640381,-5.051522731781006,-7.156154155731201,-8.219782829284668,-7.179844856262207,-6.376286506652832,-5.583620071411133,-4.326240062713623,-4.784971237182617,-5.080962657928467,-5.765420913696289,-4.880756378173828,-4.485814571380615,-3.6038684844970703,-3.90220308303833,-5.993439674377441,-8.532106399536133,-11.457284927368164,-11.574542999267578,-10.69710636138916,-6.01038122177124,-4.5613694190979,-6.04195499420166,-8.855852127075195,-8.631470680236816,-7.127927780151367,-10.572029113769531,-6.300212860107422
-4.456437587738037,-6.310220241546631,-10.221214294433594,-8.583840370178223,-5.371579647064209,-5.392098426818848,-6.627130031585693,-7.790154457092285,-6.975866794586182,-7.946171283721924,-6.267406940460205,-6.003666877746582,-4.939724922180176,-3.9136409759521484,-4.162432670593262,-4.627208232879639,-5.189348220825195,-7.198873519897461,-7.783666133880615,-5.647365570068359,-5.618129253387451,-5.36037015914917,-5.918097972869873,-4.681515693664551,-4.529603481292725,-4.110854625701904,-3.6628735065460205,-4.035196781158447,-5.685174942016602,-5.843902111053467,-7.391378879547119,-8.554107666015625,-9.865694999694824,-10.770340919494629,-10.577505111694336,-7.871515274047852,-6.307649612426758,-4.516254901885986,-7.1277618408203125,-11.003045082092285,-10.881331443786621,-7.622438907623291,-4.6210527420043945
