data/wind_data/wind_50_8.json
{"header": {"parameterUnit": "KT", "parameterCategory": 2, "nx": 256, "ny": 198, "lo1": 44.73521041870117, "la1": -3.236724853515625, "lo2": 111.26478576660156, "la2": 43.468475341796875, "dx": 0.2609002888202667, "dy": -0.23708222806453705, "refTime": "2025-02-21 02:00:00", "forecastTime": 0, "parameterNumber": 2, "parameterNumberName": "eastward_wind"}, "data":
[rows 171 to 189 of 198, columns 132 to 175 of 256]
36.77033233642578,36.80655288696289,37.217613220214844,37.20453643798828,36.625083923339844,36.14060592651367,36.28822708129883,37.028297424316406,37.92623519897461,38.58216094970703,38.88229751586914,38.87978744506836,38.70948028564453,38.52064514160156,38.56450271606445,38.863990783691406,39.03489685058594,38.8432502746582,38.41758728027344,37.68790054321289,36.388427734375,34.65628433227539,33.331459045410156,33.2045783996582,33.99472427368164,34.73347854614258,34.88644027709961,34.45554733276367,33.793941497802734,33.44751739501953,33.60528564453125,33.819820404052734,33.44271469116211,32.49555969238281,31.931520462036133,32.636783599853516,33.9072380065918,34.287479400634766,33.156192779541016,31.495271682739258,31.11251449584961,32.738853454589844,35.33171463012695,37.33401107788086
35.387454986572266,35.58543395996094,36.16340255737305,36.48929977416992,36.18141555786133,35.67575454711914,35.54684829711914,35.95970153808594,36.69767761230469,37.47065734863281,38.122493743896484,38.46813201904297,38.45760726928711,38.103614807128906,37.656742095947266,37.37510681152344,37.24034118652344,37.19396209716797,37.2571907043457,37.09523010253906,36.14616775512695,34.32938003540039,32.715789794921875,32.48648452758789,33.30460739135742,33.9743766784668,33.998897552490234,33.71889114379883,33.56192398071289,33.65769958496094,33.61341857910156,33.166690826416016,32.6019172668457,32.349578857421875,32.536285400390625,32.9897575378418,33.34186935424805,33.17506790161133,32.26005554199219,31.305309295654297,31.52169418334961,33.40960693359375,36.023345947265625,37.78620529174805
34.3698844909668,34.60845947265625,35.18290710449219,35.71794891357422,35.876808166503906,35.664363861083984,35.397850036621094,35.31325149536133,35.614994049072266,36.38758850097656,37.428260803222656,38.221927642822266,38.379600524902344,37.835601806640625,36.930789947509766,36.18975830078125,35.77680969238281,35.53986358642578,35.50337219238281,35.47281265258789,34.80021667480469,33.240665435791016,31.968313217163086,32.04920196533203,32.949398040771484,33.52154541015625,33.484947204589844,33.44035720825195,33.835025787353516,34.314231872558594,33.91985321044922,32.66083526611328,31.90614128112793,32.48334503173828,33.57066345214844,33.916385650634766,33.15577697753906,31.960905075073242,31.08866310119629,30.95152473449707,31.758928298950195,33.68645477294922,36.053497314453125,37.43983840942383
34.046321868896484,34.117366790771484,34.46663284301758,34.9298210144043,35.438045501708984,35.71723175048828,35.6505126953125,35.25662612915039,34.95523452758789,35.37958908081055,36.53673553466797,37.72355651855469,38.19951629638672,37.681671142578125,36.50025939941406,35.4136848449707,34.75767517089844,34.22560119628906,33.83564758300781,33.718746185302734,33.26758575439453,32.01288604736328,31.038854598999023,31.350337982177734,32.44633483886719,33.09583282470703,33.02592849731445,33.09699249267578,33.70588302612305,34.09730529785156,33.37626266479492,32.06167984008789,31.65314292907715,32.629058837890625,33.90342712402344,34.114376068115234,33.005149841308594,31.474842071533203,30.525569915771484,30.507246017456055,31.421375274658203,33.15956115722656,35.06084060668945,36.12375259399414
34.26483154296875,34.20077133178711,34.28865432739258,34.459075927734375,34.7956657409668,35.242462158203125,35.53083801269531,35.37385940551758,34.92682647705078,34.861846923828125,35.62665557861328,36.83601760864258,37.657806396484375,37.430118560791016,36.227657318115234,34.90713119506836,34.0931396484375,33.49229431152344,32.91891860961914,32.63888168334961,32.29237747192383,31.236492156982422,30.15989112854004,30.325334548950195,31.596328735351562,32.59444046020508,32.725364685058594,32.76720428466797,33.171791076660156,33.132198333740234,32.172607421875,31.209409713745117,31.402448654174805,32.61630630493164,33.65758514404297,33.55409622192383,32.34872055053711,30.874948501586914,29.950687408447266,29.980249404907227,30.915964126586914,32.416648864746094,33.91789627075195,34.85597229003906
34.49677276611328,34.45431900024414,34.63543701171875,34.67293167114258,34.56705093383789,34.62194061279297,34.88037872314453,35.030555725097656,34.9096794128418,34.80172348022461,35.1617317199707,35.9915885925293,36.778316497802734,36.86156463623047,36.009437561035156,34.72853088378906,33.760467529296875,33.13380432128906,32.565528869628906,32.14796447753906,31.824203491210938,30.965003967285156,29.856605529785156,29.809446334838867,30.988243103027344,32.1763916015625,32.65672302246094,32.908260345458984,33.12580108642578,32.63337326049805,31.461219787597656,30.71282386779785,31.250051498413086,32.49631118774414,33.28157424926758,32.9952278137207,31.67584800720215,30.011659622192383,29.16219139099121,29.6597957611084,31.100261688232422,32.84573745727539,34.202537536621094,34.42717361450195
34.90095138549805,34.711856842041016,34.944923400878906,35.115081787109375,34.903873443603516,34.52409744262695,34.3737678527832,34.543418884277344,34.810359954833984,34.99922561645508,35.244590759277344,35.6407470703125,36.038352966308594,36.15933609008789,35.77574920654297,34.84213638305664,33.719547271728516,32.812686920166016,32.15928649902344,31.758913040161133,31.51558494567871,30.943361282348633,30.083986282348633,29.899534225463867,30.64013671875,31.665571212768555,32.46769332885742,33.007286071777344,33.22594451904297,32.79093551635742,31.90477752685547,31.4039306640625,31.667531967163086,32.46110534667969,33.1049919128418,32.671669006347656,30.876707077026367,29.010730743408203,28.82785987854004,30.376237869262695,32.48015594482422,34.068763732910156,34.49778747558594,33.625244140625
35.38076400756836,35.085044860839844,35.16190719604492,35.471900939941406,35.5338020324707,35.13294219970703,34.56842041015625,34.36650848388672,34.61468505859375,34.96505355834961,35.201560974121094,35.30202865600586,35.375885009765625,35.465946197509766,35.39196014404297,34.7779541015625,33.58491516113281,32.40372848510742,31.65731430053711,31.298709869384766,31.149734497070312,30.961788177490234,30.560096740722656,30.230632781982422,30.33174705505371,31.02715492248535,32.05877685546875,32.896854400634766,33.142967224121094,32.78118133544922,32.35893249511719,32.4815559387207,32.93605422973633,33.07228088378906,32.597293853759766,31.340730667114258,29.535690307617188,28.463224411010742,29.32200813293457,31.591081619262695,33.69588851928711,34.51317596435547,34.04125213623047,32.774269104003906
35.6715087890625,35.52687072753906,35.37055969238281,35.591400146484375,35.94989776611328,35.89153289794922,35.33661651611328,34.79011535644531,34.67756652832031,34.851802825927734,34.9164924621582,34.71312713623047,34.46844482421875,34.48015594482422,34.60463333129883,34.290802001953125,33.30048370361328,32.122249603271484,31.271785736083984,30.820112228393555,30.711610794067383,30.776004791259766,30.823326110839844,30.73164939880371,30.551254272460938,30.748558044433594,31.55670928955078,32.45377731323242,32.805728912353516,32.61186599731445,32.57880401611328,33.20722961425781,33.887062072753906,33.534183502197266,31.96548080444336,29.883413314819336,28.347700119018555,28.33744239807129,29.989660263061523,32.38650894165039,34.11587905883789,34.39785385131836,33.488155364990234,31.964195251464844
35.45853042602539,35.67624282836914,35.43961715698242,35.41873550415039,35.764739990234375,36.05376434326172,35.92228698730469,35.497554779052734,35.17268371582031,35.0268669128418,34.82414245605469,34.38767623901367,33.89242172241211,33.63003921508789,33.61014175415039,33.44309616088867,32.8736457824707,32.039947509765625,31.178054809570312,30.42961883544922,30.045833587646484,30.169984817504883,30.648521423339844,31.150480270385742,31.417644500732422,31.519033432006836,31.63565444946289,31.726282119750977,31.778200149536133,32.09331130981445,32.84272003173828,33.838722229003906,34.389129638671875,33.59565734863281,31.380495071411133,28.96516227722168,27.907257080078125,28.68891716003418,30.71452522277832,32.85154342651367,34.02870559692383,33.88876724243164,32.66475296020508,30.790924072265625
34.65950393676758,35.19921112060547,35.118587493896484,35.036888122558594,35.257389068603516,35.5824089050293,35.76100158691406,35.7515754699707,35.653541564941406,35.37419891357422,34.88411331176758,34.29378128051758,33.670162200927734,33.03673553466797,32.505401611328125,32.18185806274414,32.01969528198242,31.74456787109375,31.153764724731445,30.361568450927734,29.72040557861328,29.63387680053711,30.300743103027344,31.440279006958008,32.45563888549805,32.711055755615234,32.12966537475586,31.222326278686523,30.857555389404297,31.540285110473633,32.851016998291016,34.02295684814453,34.3292236328125,33.24701690673828,31.10132598876953,29.024091720581055,28.292404174804688,29.241085052490234,31.1221923828125,32.85515594482422,33.657405853271484,33.108455657958984,31.274425506591797,28.885759353637695
33.3060417175293,34.24613952636719,34.682891845703125,34.799617767333984,34.8495979309082,34.91091537475586,35.0590934753418,35.3253173828125,35.512184143066406,35.246795654296875,34.553653717041016,33.69511413574219,32.90651321411133,32.16910171508789,31.37763214111328,30.75996208190918,30.67694854736328,30.972515106201172,31.072059631347656,30.664230346679688,30.0059871673584,29.714752197265625,30.316133499145508,31.644865036010742,32.84981918334961,33.1108512878418,32.461631774902344,31.601804733276367,31.256269454956055,31.641515731811523,32.490989685058594,33.31379318237305,33.44026565551758,32.54560470581055,31.059818267822266,29.80175018310547,29.516088485717773,30.3486270904541,31.782333374023438,33.072574615478516,33.354156494140625,32.02204513549805,29.493568420410156,26.996122360229492
31.87697410583496,32.97949981689453,33.79311752319336,34.196651458740234,34.245330810546875,34.12437057495117,34.16670227050781,34.472007751464844,34.61775588989258,34.20509719848633,33.35498809814453,32.44886779785156,31.642030715942383,31.053030014038086,30.629154205322266,30.28000259399414,30.18587875366211,30.479520797729492,30.820011138916016,30.77924346923828,30.491436004638672,30.391902923583984,30.76894760131836,31.519556045532227,32.2056884765625,32.5656623840332,32.759849548339844,32.85205078125,32.673980712890625,32.28144454956055,32.016090393066406,31.974641799926758,31.902755737304688,31.63588523864746,31.216049194335938,30.923194885253906,31.126977920532227,31.754411697387695,32.53311538696289,33.07072830200195,32.629878997802734,30.783235549926758,28.25144386291504,26.345163345336914
30.42875862121582,31.23626708984375,31.949941635131836,32.46754837036133,32.78557586669922,33.004676818847656,33.23908615112305,33.35437774658203,33.13287353515625,32.60687255859375,31.994171142578125,31.371620178222656,30.667766571044922,30.109535217285156,29.99146842956543,30.212785720825195,30.4883975982666,30.630630493164062,30.576404571533203,30.455026626586914,30.468965530395508,30.631027221679688,30.908226013183594,31.2822265625,31.675552368164062,32.1365966796875,32.742149353027344,33.22866439819336,33.216129302978516,32.76940155029297,32.188228607177734,31.693634033203125,31.430246353149414,31.379056930541992,31.445770263671875,31.74466896057129,32.33292007446289,32.8697624206543,33.10386657714844,32.9315299987793,31.8643798828125,29.813098907470703,27.78520393371582,26.858718872070312
28.40224266052246,28.58614158630371,29.124385833740234,29.901819229125977,30.876007080078125,31.781055450439453,32.184688568115234,32.00135040283203,31.671070098876953,31.457841873168945,31.18701171875,30.611528396606445,29.855010986328125,29.3505916595459,29.43383026123047,29.93181800842285,30.384552001953125,30.512205123901367,30.311317443847656,30.04906463623047,29.974903106689453,30.15291976928711,30.543319702148438,31.0206241607666,31.45851707458496,31.81235122680664,32.098594665527344,32.35349655151367,32.698665618896484,33.09526824951172,33.2437629699707,32.974586486816406,32.44953918457031,32.01312255859375,32.064170837402344,32.66749954223633,33.38119125366211,33.72117233276367,33.54399871826172,32.769813537597656,31.218774795532227,29.350738525390625,28.1199893951416,27.839466094970703
26.599252700805664,26.243322372436523,26.710119247436523,27.84385871887207,29.152984619140625,30.01277732849121,30.148176193237305,29.987634658813477,30.08512306213379,30.331541061401367,30.301057815551758,29.87400245666504,29.302257537841797,28.94487953186035,29.012130737304688,29.361873626708984,29.72519302368164,29.94319725036621,29.848615646362305,29.470151901245117,29.135177612304688,29.16086196899414,29.57036018371582,30.128726959228516,30.578027725219727,30.77742576599121,30.838226318359375,31.130720138549805,31.95408821105957,33.020652770996094,33.67334747314453,33.538124084472656,32.961483001708984,32.689170837402344,33.10070037841797,33.88307571411133,34.412811279296875,34.24735641479492,33.49248123168945,32.35792922973633,30.951839447021484,29.681955337524414,28.9752254486084,28.723217010498047
25.793777465820312,25.476537704467773,25.767070770263672,26.413253784179688,26.97724151611328,27.28925132751465,27.47469711303711,27.736957550048828,28.184823989868164,28.67987823486328,29.00703239440918,29.101282119750977,28.912189483642578,28.56806755065918,28.391088485717773,28.516782760620117,28.775245666503906,28.891511917114258,28.759735107421875,28.3531494140625,27.845754623413086,27.62097930908203,27.84671401977539,28.368581771850586,28.879688262939453,29.21857261657715,29.54368782043457,30.135297775268555,31.0623722076416,32.03152084350586,32.58219528198242,32.59886169433594,32.55430221557617,32.96113967895508,33.763179779052734,34.42341613769531,34.24457550048828,33.29334259033203,32.20868682861328,31.369365692138672,30.722238540649414,30.145620346069336,29.57426643371582,29.04392433166504
24.919536590576172,24.917537689208984,25.00133514404297,25.02559471130371,25.048450469970703,25.288297653198242,25.597421646118164,25.78958511352539,26.15342140197754,26.837949752807617,27.691682815551758,28.493770599365234,28.800086975097656,28.43352508544922,27.86575698852539,27.586267471313477,27.553213119506836,27.519527435302734,27.318315505981445,26.838642120361328,26.236543655395508,25.923667907714844,26.072668075561523,26.527585983276367,27.034076690673828,27.531644821166992,28.17522430419922,29.031269073486328,29.979572296142578,30.82599449157715,31.409170150756836,31.777629852294922,32.21179962158203,32.85749816894531,33.388668060302734,33.10786437988281,32.0723991394043,31.004356384277344,30.334989547729492,30.04544448852539,29.991567611694336,29.917551040649414,29.514881134033203,28.77692222595215
23.394968032836914,23.38541603088379,23.77241325378418,23.980167388916016,24.048419952392578,24.24810791015625,24.273014068603516,24.314207077026367,24.826934814453125,25.769912719726562,26.993213653564453,28.28534698486328,29.065088272094727,28.861257553100586,28.100696563720703,27.429096221923828,26.94047737121582,26.543907165527344,26.104286193847656,25.543365478515625,25.071409225463867,24.951101303100586,25.13255500793457,25.454627990722656,25.815650939941406,26.218015670776367,26.799718856811523,27.674392700195312,28.728961944580078,29.679039001464844,30.384687423706055,30.953842163085938,31.46477508544922,31.77828598022461,31.572681427001953,30.821687698364258,29.95904541015625,29.39755630493164,29.220386505126953,29.31235122680664,29.459156036376953,29.340118408203125,28.680347442626953,27.658811569213867
