data/wind_data/wind_70_4.json
{"header": {"parameterUnit": "KT", "parameterCategory": 2, "nx": 256, "ny": 198, "lo1": 44.73521041870117, "la1": -3.236724853515625, "lo2": 111.26478576660156, "la2": 43.468475341796875, "dx": 0.2609002888202667, "dy": -0.23708222806453705, "refTime": "2025-02-21 22:00:00", "forecastTime": 0, "parameterNumber": 2, "parameterNumberName": "eastward_wind"}, "data":
[rows 100 to 119 of 198, columns 43 to 85 of 256]
21.8808650970459,21.35025405883789,21.368013381958008,22.300201416015625,23.338151931762695,23.725955963134766,23.56049156188965,23.152963638305664,22.892414093017578,22.995590209960938,23.264368057250977,24.10039710998535,25.8123836517334,26.340713500976562,25.218141555786133,23.88589096069336,22.755294799804688,21.947092056274414,21.785884857177734,22.014833450317383,22.250999450683594,22.3266544342041,22.13374900817871,21.7852783203125,21.56277084350586,21.56394386291504,21.585716247558594,21.344703674316406,20.771236419677734,20.142961502075195,19.296249389648438,18.32587242126465,18.109153747558594,18.758146286010742,19.631311416625977,20.419301986694336,21.00234031677246,20.8591251373291,20.075096130371094,19.121171951293945,18.48020362854004,18.35079574584961,18.812923431396484
22.727951049804688,23.708965301513672,24.50303077697754,25.537307739257812,26.729108810424805,26.664854049682617,25.477920532226562,24.496610641479492,24.5905818939209,25.186599731445312,25.84515953063965,27.721477508544922,29.424108505249023,28.8313045501709,26.349435806274414,24.8306827545166,24.135034561157227,23.698537826538086,23.560876846313477,23.54945945739746,23.493886947631836,23.246816635131836,22.876989364624023,22.520126342773438,22.255321502685547,22.114065170288086,22.05598258972168,21.650068283081055,20.795639038085938,20.041324615478516,19.180227279663086,18.253355026245117,17.724428176879883,17.991058349609375,18.569772720336914,19.383136749267578,20.506141662597656,21.548376083374023,21.709945678710938,20.368555068969727,18.57032585144043,17.834753036499023,18.326274871826172
23.542781829833984,23.897418975830078,24.995655059814453,27.049272537231445,28.790605545043945,29.15856170654297,28.29199981689453,27.101804733276367,26.785945892333984,26.84917640686035,27.506147384643555,30.38729476928711,31.619752883911133,29.455848693847656,26.431766510009766,24.897064208984375,24.25086784362793,24.07071876525879,24.160734176635742,24.181119918823242,24.176321029663086,24.026348114013672,23.70266342163086,23.420230865478516,23.136211395263672,22.787044525146484,22.40271759033203,21.9257755279541,21.026832580566406,20.228178024291992,19.349702835083008,18.773313522338867,19.6624813079834,20.500009536743164,20.79922866821289,21.048803329467773,22.302915573120117,25.110660552978516,26.31891632080078,24.967506408691406,22.69930076599121,21.322847366333008,20.79510498046875
25.964946746826172,25.87550926208496,25.914701461791992,27.447158813476562,29.091533660888672,29.958099365234375,29.681373596191406,28.93523597717285,28.419918060302734,27.303804397583008,28.026819229125977,29.94806671142578,28.93075942993164,26.528657913208008,25.176082611083984,24.496946334838867,23.87346839904785,23.650936126708984,23.678382873535156,23.626874923706055,23.586042404174805,23.61384391784668,23.68834686279297,23.78853988647461,23.633686065673828,23.222835540771484,22.805774688720703,22.42802619934082,22.0338077545166,21.500534057617188,20.690410614013672,20.763444900512695,20.851642608642578,20.506935119628906,23.235422134399414,25.756689071655273,25.105287551879883,24.587453842163086,25.726112365722656,28.129993438720703,29.903316497802734,30.28290557861328,29.94774627685547
28.034772872924805,28.306575775146484,28.213712692260742,28.73139190673828,29.433900833129883,30.75628662109375,31.397850036621094,29.983783721923828,28.16264533996582,26.465499877929688,26.639671325683594,27.821496963500977,26.438457489013672,25.03289031982422,24.930892944335938,24.864810943603516,24.465845108032227,24.0846004486084,23.810203552246094,23.636980056762695,23.644390106201172,23.849281311035156,24.17951774597168,24.378110885620117,24.223915100097656,23.834579467773438,23.536518096923828,23.451997756958008,23.387657165527344,23.259382247924805,23.217041015625,23.214984893798828,23.029888153076172,23.779937744140625,25.034759521484375,25.171405792236328,25.346595764160156,25.848745346069336,25.983200073242188,26.79212760925293,27.30824851989746,27.605587005615234,28.86797523498535
29.684965133666992,30.229833602905273,29.951234817504883,29.139842987060547,30.49952507019043,31.879087448120117,30.157150268554688,27.794668197631836,26.464143753051758,25.23918342590332,24.788822174072266,25.69367218017578,25.98650550842285,25.75330924987793,25.849613189697266,26.098947525024414,26.031566619873047,25.582380294799805,24.977313995361328,24.550647735595703,24.509305953979492,24.869428634643555,25.443222045898438,25.890851974487305,25.952531814575195,25.661190032958984,25.29901885986328,25.05034828186035,24.84768295288086,24.48690414428711,24.140268325805664,24.063119888305664,24.133630752563477,24.447542190551758,24.599023818969727,24.386699676513672,24.36286163330078,24.547727584838867,25.735292434692383,27.69892692565918,28.657970428466797,28.110496520996094,27.36768913269043
31.580434799194336,31.514690399169922,30.028345108032227,30.364356994628906,31.248079299926758,30.538562774658203,29.36204719543457,28.416000366210938,27.55443000793457,26.566490173339844,25.83439064025879,26.01140594482422,26.5704402923584,26.829437255859375,26.934873580932617,27.189287185668945,27.355022430419922,27.293855667114258,27.09067153930664,26.778610229492188,26.61537742614746,26.86990737915039,27.356679916381836,27.71886444091797,27.793359756469727,27.58643341064453,27.189655303955078,26.668216705322266,26.04730224609375,25.43474578857422,24.90648651123047,24.36727523803711,23.966203689575195,23.627099990844727,22.99451446533203,22.725135803222656,23.504528045654297,24.992202758789062,26.744068145751953,28.194046020507812,28.823083877563477,29.136165618896484,29.12875747680664
32.839019775390625,32.2993278503418,31.610698699951172,32.07074737548828,31.327951431274414,30.496417999267578,30.29319953918457,30.06024169921875,29.55038833618164,28.75733757019043,27.976726531982422,27.733095169067383,28.010635375976562,28.201993942260742,28.021942138671875,27.799388885498047,27.785375595092773,28.057430267333984,28.557811737060547,29.032503128051758,29.39118003845215,29.670089721679688,29.797475814819336,29.68702507019043,29.350862503051758,28.833717346191406,28.110279083251953,27.18366813659668,26.21099090576172,25.33858871459961,24.292142868041992,23.411481857299805,23.36451530456543,23.477148056030273,23.15861701965332,23.01681900024414,23.968782424926758,26.50650405883789,29.55206871032715,31.234323501586914,30.91514778137207,29.493375778198242,28.042499542236328
33.49162673950195,33.39309310913086,33.59339141845703,32.69001770019531,31.858888626098633,31.935548782348633,32.142879486083984,32.0413818359375,31.63096809387207,30.8797607421875,29.990449905395508,29.508594512939453,29.67422103881836,29.98480796813965,29.75513458251953,29.073074340820312,28.550086975097656,28.48851203918457,28.907697677612305,29.697620391845703,30.71356201171875,31.589954376220703,31.97144317626953,31.69729232788086,30.886281967163086,29.87213897705078,28.89240264892578,27.928085327148438,26.730541229248047,25.14015769958496,23.430580139160156,22.987829208374023,23.933435440063477,25.04047966003418,25.71499252319336,26.37915802001953,28.00702476501465,30.531646728515625,32.223121643066406,32.267127990722656,31.141138076782227,29.410350799560547,27.761459350585938
34.383445739746094,34.99946594238281,34.7556266784668,33.27886199951172,32.896759033203125,33.34759521484375,33.79711151123047,33.75946807861328,33.4281120300293,32.800743103027344,31.843435287475586,31.05916976928711,30.914955139160156,31.163745880126953,31.13042640686035,30.621997833251953,29.902130126953125,29.50558090209961,29.790569305419922,30.677459716796875,31.86728858947754,32.92047882080078,33.53787612915039,33.35612487792969,32.14775848388672,30.320667266845703,28.451738357543945,26.73200798034668,25.38433074951172,24.761764526367188,25.068817138671875,26.080659866333008,27.255552291870117,28.1610050201416,29.01097869873047,30.43568992614746,32.91288757324219,34.992881774902344,35.45991134643555,34.92327117919922,33.95444869995117,32.60832214355469,31.295387268066406
35.50066375732422,36.30171585083008,35.744300842285156,34.505523681640625,34.2996940612793,34.85195541381836,35.39119338989258,35.46858215332031,35.288700103759766,34.755130767822266,33.806793212890625,32.77938461303711,32.24721145629883,32.18962097167969,32.14961242675781,31.898128509521484,31.40519142150879,30.97493553161621,31.165992736816406,32.04909133911133,33.22825241088867,34.36806106567383,35.2282829284668,35.32500457763672,34.290870666503906,32.32107162475586,30.263507843017578,28.788497924804688,28.171951293945312,28.552921295166016,29.584758758544922,30.343910217285156,30.34343910217285,30.12445640563965,30.20227813720703,31.22644805908203,33.232398986816406,34.76704406738281,35.69811248779297,35.94510269165039,35.692928314208984,35.250972747802734,34.712677001953125
36.9570198059082,37.5316162109375,37.39006042480469,36.722084045410156,36.363948822021484,36.55940246582031,36.983821868896484,37.338539123535156,37.42524337768555,37.17115783691406,36.5612678527832,35.65745162963867,34.79875183105469,34.417484283447266,34.509117126464844,34.71641540527344,34.58119583129883,34.12660598754883,33.911712646484375,34.232177734375,34.93332290649414,35.64925003051758,36.055824279785156,35.86208724975586,34.80404281616211,33.25139236450195,32.28449249267578,32.37941360473633,32.70784378051758,32.99834442138672,32.8862190246582,31.818056106567383,30.47379493713379,30.202266693115234,30.79073143005371,32.089134216308594,33.1854248046875,34.21710205078125,34.880516052246094,35.05099105834961,35.14421463012695,35.01567077636719,34.41159439086914
38.84395217895508,39.00062561035156,39.51372146606445,39.040740966796875,38.3780517578125,38.01820755004883,38.15419006347656,38.690547943115234,39.293365478515625,39.63340759277344,39.49263381958008,38.904884338378906,38.0384635925293,37.26802062988281,37.04402542114258,37.39372253417969,37.80862808227539,37.864131927490234,37.70722961425781,37.74081802368164,37.89386749267578,37.81251525878906,37.29967498779297,36.5789909362793,36.40070724487305,36.75929641723633,36.61704635620117,35.726478576660156,34.12885665893555,32.52176284790039,31.20884895324707,29.87466812133789,29.09105110168457,29.507593154907227,31.053068161010742,33.66019821166992,35.913604736328125,36.99034118652344,37.008583068847656,36.829673767089844,36.62299346923828,36.1639289855957,35.64649200439453
40.05365753173828,40.04835891723633,40.96504211425781,41.1934700012207,40.94047546386719,40.50477981567383,40.25606155395508,40.47862243652344,41.090572357177734,41.69696044921875,41.834022521972656,41.426090240478516,40.802024841308594,40.09272384643555,39.69199752807617,39.736881256103516,40.09371566772461,40.681461334228516,41.38882827758789,41.94771957397461,42.223594665527344,41.89224624633789,40.95964813232422,40.08918380737305,40.1790657043457,40.07778549194336,38.11709213256836,35.135494232177734,32.894432067871094,31.869613647460938,31.713911056518555,31.839664459228516,32.08715057373047,32.551727294921875,32.9892463684082,33.94999313354492,35.56855392456055,36.95592498779297,37.38379669189453,37.26683807373047,36.9201774597168,36.832332611083984,37.385799407958984
39.07537841796875,39.15005111694336,40.44140625,41.76588821411133,42.36711883544922,42.54253005981445,42.63373565673828,42.83766174316406,43.210166931152344,43.61414337158203,43.82450866699219,43.76750564575195,43.32789993286133,42.79927062988281,42.41935729980469,42.11381530761719,42.188018798828125,42.86579132080078,43.706520080566406,44.45625686645508,45.03562927246094,45.17926025390625,44.67653274536133,43.74050521850586,42.996463775634766,42.00269317626953,39.9488525390625,37.58485794067383,36.00467300415039,35.63840866088867,36.468753814697266,37.44333267211914,37.44464111328125,36.57477951049805,36.19461441040039,36.60383987426758,37.93041229248047,39.22697830200195,38.948585510253906,37.68040084838867,36.525543212890625,36.50107192993164,37.32804489135742
36.526222229003906,37.21001434326172,38.61266326904297,40.55915069580078,41.634727478027344,42.031211853027344,42.468910217285156,43.260005950927734,44.28081130981445,45.095252990722656,45.60291290283203,45.886619567871094,45.848812103271484,45.22892379760742,44.666961669921875,44.26531219482422,44.16781997680664,44.44989776611328,44.9597282409668,46.091957092285156,46.859195709228516,46.31172180175781,45.13569259643555,44.68475341796875,45.046356201171875,45.2696418762207,44.19061279296875,42.38031768798828,41.18446731567383,40.98807144165039,41.28675842285156,41.18733215332031,39.72050094604492,37.333377838134766,36.08869934082031,36.125335693359375,37.17334747314453,38.166046142578125,38.018394470214844,37.05984878540039,36.196136474609375,36.320770263671875,36.874942779541016
33.91562271118164,35.49613571166992,36.74909591674805,38.0517578125,38.87944412231445,39.05168151855469,38.950279235839844,39.695777893066406,41.62247085571289,43.31755447387695,44.45732498168945,45.33536148071289,46.00152587890625,46.10993194580078,46.06421661376953,46.0181884765625,45.77442169189453,45.35908126831055,45.151432037353516,46.426605224609375,47.39530563354492,46.42859649658203,45.17934799194336,44.73966979980469,45.14702606201172,46.01170349121094,46.04230499267578,44.88721466064453,43.58131408691406,42.62485885620117,41.51357650756836,40.0791015625,38.74873733520508,37.2770881652832,36.451053619384766,36.247982025146484,36.6743049621582,37.063480377197266,36.64990234375,35.77376937866211,35.37916946411133,35.77756118774414,35.734256744384766
31.770702362060547,33.46638870239258,34.46647644042969,35.00005340576172,35.2056770324707,35.07804870605469,34.49504089355469,34.974632263183594,36.68711471557617,38.98725891113281,40.8781623840332,42.36717987060547,43.2956428527832,43.680416107177734,43.44334030151367,42.91444778442383,42.05005645751953,41.465641021728516,42.27964782714844,44.31624221801758,45.43070602416992,45.380523681640625,44.36103057861328,43.21097183227539,42.997657775878906,43.454288482666016,43.88435745239258,43.84003829956055,43.13087463378906,41.90082931518555,40.392337799072266,39.24764633178711,38.783485412597656,38.013187408447266,37.07398223876953,36.561458587646484,36.561519622802734,36.96725082397461,36.79438781738281,36.10201644897461,35.599857330322266,35.627891540527344,35.043766021728516
30.069826126098633,31.611774444580078,32.233177185058594,32.171485900878906,31.877025604248047,31.80550193786621,31.79473876953125,32.76639938354492,33.5145263671875,35.46833801269531,37.95309829711914,39.39883041381836,39.770511627197266,39.03550338745117,38.13584899902344,37.917903900146484,37.79658126831055,37.94986343383789,39.24757766723633,40.90875244140625,41.60885238647461,40.84612274169922,39.04096603393555,37.97426223754883,38.52483367919922,39.673648834228516,40.717716217041016,41.52058792114258,41.620025634765625,40.92924880981445,40.175357818603516,39.754512786865234,39.272525787353516,38.2250862121582,37.041141510009766,37.00252151489258,37.1348762512207,37.547786712646484,37.3194465637207,36.506526947021484,35.78471755981445,35.45255661010742,34.64266586303711
28.01426887512207,29.360593795776367,29.82110023498535,29.62150001525879,29.6370849609375,29.891277313232422,30.368408203125,31.407804489135742,31.480051040649414,33.148250579833984,35.77565383911133,37.01797103881836,37.05931091308594,36.366722106933594,35.931331634521484,36.321205139160156,36.8017578125,37.15906524658203,37.42497634887695,37.248992919921875,36.30577850341797,34.92368698120117,33.81131362915039,33.84217834472656,35.023468017578125,36.254981994628906,37.32691192626953,38.8116569519043,39.9228630065918,40.0283317565918,39.73495864868164,38.90604019165039,38.003456115722656,37.30830764770508,36.71139144897461,37.304630279541016,37.960243225097656,38.19505310058594,37.838130950927734,37.03399658203125,36.2506217956543,35.51900863647461,34.308109283447266
