data/wind_data/wind_44_2.json
{"header": {"parameterUnit": "KT", "parameterCategory": 2, "nx": 256, "ny": 198, "lo1": 44.73521041870117, "la1": -3.236724853515625, "lo2": 111.26478576660156, "la2": 43.468475341796875, "dx": 0.2609002888202667, "dy": -0.23708222806453705, "refTime": "2025-02-20 20:00:00", "forecastTime": 0, "parameterNumber": 2, "parameterNumberName": "eastward_wind"}, "data":
[rows 114 to 132 of 198, columns 129 to 171 of 256]
10.546404838562012,11.691919326782227,12.244110107421875,11.428065299987793,13.967490196228027,10.332313537597656,2.503291368484497,-1.7128089666366577,-6.297209739685059,-8.432751655578613,-9.830406188964844,-11.304285049438477,-12.269044876098633,-12.398371696472168,-12.210254669189453,-11.988426208496094,-11.731685638427734,-11.182363510131836,-9.53937816619873,-7.168991565704346,-4.820154190063477,-2.521533489227295,-0.5209614634513855,0.8959624171257019,0.03471269831061363,-2.721985101699829,-3.508578062057495,-3.0687029361724854,-2.958000898361206,-3.057521343231201,-3.4151103496551514,-4.136414527893066,-4.768893718719482,-5.149992942810059,-4.913198471069336,-4.206505298614502,-4.236788272857666,-5.692255973815918,-7.507647514343262,-8.126593589782715,-8.077983856201172,-8.756258964538574,-9.605389595031738
11.974739074707031,12.558964729309082,12.282940864562988,11.854219436645508,13.808066368103027,9.789257049560547,1.1155933141708374,-4.276465892791748,-7.892750263214111,-9.58321762084961,-10.48353385925293,-10.957301139831543,-10.528329849243164,-10.15868091583252,-10.065797805786133,-9.914689064025879,-9.449607849121094,-8.585251808166504,-6.848466396331787,-4.661069393157959,-2.6628940105438232,-0.6566665768623352,1.4997150897979736,3.2506093978881836,3.178067207336426,1.6650277376174927,1.0986988544464111,1.5320080518722534,1.9862139225006104,1.7001482248306274,0.786690890789032,-0.16169044375419617,-1.254996418952942,-2.165724754333496,-2.470264196395874,-2.1772541999816895,-2.0771255493164062,-3.050664186477661,-5.3202362060546875,-6.709117412567139,-6.9543328285217285,-6.88122034072876,-7.637462615966797
13.827286720275879,13.524750709533691,12.448081970214844,11.02580451965332,10.438237190246582,5.377822399139404,-1.9805970191955566,-6.0929856300354,-8.456132888793945,-9.68494987487793,-10.195272445678711,-9.592137336730957,-8.863900184631348,-8.630816459655762,-8.834065437316895,-9.069735527038574,-8.857288360595703,-7.785802364349365,-5.756545543670654,-3.783215284347534,-1.9735329151153564,-0.05240350216627121,2.124337911605835,3.8381896018981934,4.133602619171143,3.8065237998962402,3.7069151401519775,3.9300081729888916,4.458024978637695,4.966880798339844,4.935744762420654,4.0772905349731445,3.0501186847686768,2.0727083683013916,1.046798586845398,0.7532352209091187,0.7263404130935669,0.4847504794597626,-0.8200909495353699,-2.2230825424194336,-4.271317958831787,-6.021767616271973,-8.129337310791016
13.925389289855957,13.548175811767578,12.603630065917969,8.497509002685547,4.35875940322876,1.0160688161849976,-4.374396800994873,-6.837481498718262,-8.637125015258789,-10.103492736816406,-10.135391235351562,-9.115407943725586,-8.519140243530273,-8.589241027832031,-9.066105842590332,-9.322739601135254,-8.999410629272461,-7.481378555297852,-5.154647350311279,-3.381371021270752,-1.7852998971939087,-0.013568837195634842,1.7721027135849,3.1398918628692627,3.9055588245391846,4.531619548797607,4.782839775085449,4.846393585205078,5.431202411651611,6.308622360229492,6.7742133140563965,6.259416103363037,5.288827419281006,4.304226398468018,3.1704823970794678,2.0969247817993164,2.112985610961914,1.80807363986969,2.155099630355835,2.2320573329925537,0.7752506732940674,-1.063766598701477,-2.24814510345459
12.29086685180664,12.40405559539795,10.885251998901367,5.048597812652588,0.9470324516296387,-0.8467468023300171,-7.071572303771973,-10.31684684753418,-11.393696784973145,-10.187822341918945,-9.704243659973145,-9.06476879119873,-9.114409446716309,-9.449398040771484,-9.8080472946167,-9.637556076049805,-8.848699569702148,-6.985021114349365,-4.8336896896362305,-3.447925090789795,-2.5697989463806152,-1.278240442276001,0.26680272817611694,2.072633743286133,3.791470527648926,4.936378479003906,5.430788516998291,5.988453388214111,6.69681453704834,7.107236862182617,7.7471795082092285,8.29057502746582,8.170782089233398,7.092310428619385,6.701632499694824,5.9949235916137695,5.185309886932373,4.200606346130371,6.571972846984863,5.639116287231445,4.345673561096191,5.1378631591796875,6.332099914550781
9.941290855407715,9.996658325195312,6.662999153137207,1.2913211584091187,-0.8014984726905823,-4.808906555175781,-7.489975452423096,-9.165450096130371,-13.337516784667969,-15.625791549682617,-15.372594833374023,-12.820454597473145,-9.66172981262207,-9.079354286193848,-9.48989486694336,-9.350953102111816,-8.393643379211426,-6.721083641052246,-5.302082061767578,-4.283848762512207,-3.49130916595459,-2.65543794631958,-0.9518624544143677,1.2958426475524902,3.190300941467285,4.674792766571045,5.824288845062256,6.371855735778809,7.256104469299316,7.584686756134033,8.038490295410156,9.140447616577148,10.49440860748291,10.117866516113281,8.270707130432129,7.0544939041137695,5.162286281585693,6.015581130981445,6.964442253112793,5.676570415496826,4.081231117248535,5.320887565612793,8.552292823791504
7.990166187286377,6.13698148727417,-1.941835641860962,-7.262012481689453,-9.166257858276367,-10.229917526245117,-11.198458671569824,-14.188421249389648,-17.101455688476562,-18.173015594482422,-17.16061019897461,-14.883526802062988,-12.667410850524902,-11.136635780334473,-10.8186616897583,-10.476115226745605,-9.344639778137207,-7.761971473693848,-6.294250011444092,-4.919657230377197,-3.7469468116760254,-2.4338724613189697,-0.45407354831695557,1.725023865699768,3.7548751831054688,4.993140697479248,6.019388198852539,6.477101802825928,7.184969425201416,7.790017127990723,9.190716743469238,11.282720565795898,15.40584945678711,15.77958869934082,11.739623069763184,10.453635215759277,10.203267097473145,12.1379976272583,5.396355628967285,4.0317606925964355,7.956910133361816,12.813558578491211,16.978605270385742
7.850710391998291,3.931532382965088,-8.63010025024414,-13.986180305480957,-18.13213348388672,-18.27988052368164,-17.626781463623047,-18.198564529418945,-17.094459533691406,-16.12660026550293,-14.377080917358398,-12.816389083862305,-9.0393648147583,-9.552157402038574,-13.455617904663086,-12.613985061645508,-10.406925201416016,-7.8800883293151855,-5.461720943450928,-3.568514347076416,-2.2753660678863525,-0.363918662071228,1.602349042892456,4.23099946975708,6.667189598083496,8.046487808227539,8.690215110778809,7.695129871368408,8.228825569152832,8.895188331604004,11.398802757263184,15.138630867004395,22.980789184570312,16.747541427612305,6.908655166625977,8.382649421691895,14.292396545410156,20.279682159423828,11.299431800842285,7.930849552154541,17.93143081665039,28.31913948059082,29.68165397644043
8.25589656829834,7.909268856048584,-4.164889335632324,-11.374277114868164,-11.981761932373047,-10.15493392944336,-11.277762413024902,-14.45351791381836,-12.676260948181152,-11.814830780029297,-11.639370918273926,-8.88119125366211,-6.251381874084473,4.674086093902588,-5.637065887451172,-9.122653007507324,-7.051081657409668,-3.5936803817749023,0.11887239664793015,2.7179954051971436,3.507195234298706,4.335817337036133,4.05841064453125,5.0306620597839355,7.307891845703125,9.808279991149902,11.812230110168457,11.436805725097656,10.597161293029785,10.484283447265625,13.699675559997559,19.548908233642578,26.73712921142578,20.836061477661133,7.4861159324646,7.847343921661377,18.137250900268555,30.150699615478516,20.409957885742188,5.186428070068359,17.11016845703125,31.33621597290039,33.68516159057617
7.227447509765625,5.05230712890625,-1.8690285682678223,-8.089742660522461,-8.26053524017334,-4.821169376373291,-4.758829116821289,-6.649277210235596,-7.849450588226318,-9.467068672180176,-9.472148895263672,-7.11919641494751,-3.3269312381744385,14.31074333190918,5.5401740074157715,-1.8394290208816528,-0.583096981048584,2.9676437377929688,6.288344383239746,9.437041282653809,9.43759822845459,6.249327182769775,3.54626727104187,3.0708775520324707,4.9078240394592285,8.406279563903809,11.61987018585205,14.110641479492188,14.47663688659668,14.294290542602539,15.30835247039795,19.67733383178711,27.523008346557617,33.25885009765625,9.612022399902344,4.577719688415527,19.387073516845703,31.4764404296875,30.689599990844727,15.276917457580566,18.384613037109375,25.07759666442871,30.41265296936035
0.5660868883132935,-8.45510482788086,-13.817928314208984,-17.395662307739258,-19.87867546081543,-20.872554779052734,-19.84420394897461,-16.50505256652832,-14.335989952087402,-11.791751861572266,-8.172100067138672,-6.892775535583496,-5.691291332244873,10.735133171081543,14.796884536743164,5.73139762878418,4.742859840393066,7.011777400970459,10.52906322479248,13.07698917388916,15.354331016540527,9.262910842895508,3.974184036254883,5.370876312255859,8.803771018981934,11.378064155578613,12.85715389251709,14.347801208496094,16.832841873168945,18.926353454589844,19.532155990600586,23.520395278930664,33.141143798828125,34.895606994628906,28.404939651489258,16.2100887298584,20.088533401489258,27.53394317626953,27.03945541381836,27.091306686401367,26.806570053100586,28.283811569213867,28.79090118408203
-8.709600448608398,-19.840496063232422,-23.52425765991211,-26.389690399169922,-27.385526657104492,-24.54633331298828,-21.96432876586914,-20.724246978759766,-19.452157974243164,-16.343505859375,-9.933658599853516,-5.2417755126953125,-0.6342343688011169,12.813957214355469,12.497832298278809,3.4610602855682373,3.437455415725708,7.013852119445801,10.74252700805664,13.143110275268555,16.573373794555664,17.643295288085938,15.987975120544434,15.445481300354004,16.88071060180664,17.04136848449707,16.468936920166016,14.868254661560059,21.296062469482422,26.35350227355957,28.12774085998535,31.16463279724121,33.79424285888672,33.94736099243164,31.656557083129883,30.730867385864258,29.2087345123291,27.527523040771484,26.057161331176758,27.326087951660156,30.933490753173828,35.80414581298828,31.427974700927734
-14.512083053588867,-22.307395935058594,-24.21596336364746,-25.104419708251953,-24.183937072753906,-19.9499454498291,-16.360960006713867,-16.123292922973633,-18.189180374145508,-17.025876998901367,-12.76070785522461,-6.574203014373779,2.4008915424346924,11.046252250671387,6.225409507751465,0.4054352939128876,1.1934256553649902,10.735873222351074,17.522661209106445,16.224660873413086,15.292133331298828,18.885026931762695,19.813819885253906,19.325088500976562,19.198610305786133,17.37811851501465,16.723127365112305,18.522676467895508,23.873987197875977,27.422170639038086,29.254383087158203,31.121328353881836,31.98590660095215,29.79242515563965,29.973251342773438,31.180248260498047,28.700532913208008,24.344877243041992,22.850183486938477,26.69869613647461,32.19877624511719,34.729583740234375,34.135955810546875
-16.622228622436523,-20.34564971923828,-21.143535614013672,-20.752853393554688,-20.949325561523438,-16.740379333496094,-8.924785614013672,-7.057977676391602,-10.569459915161133,-10.400275230407715,-9.809526443481445,-8.277931213378906,2.4410529136657715,8.853021621704102,1.9469736814498901,-2.0047173500061035,5.029616355895996,14.596683502197266,23.53459930419922,27.09795379638672,22.448152542114258,17.050655364990234,19.9503231048584,25.45888900756836,25.859071731567383,19.066612243652344,16.679725646972656,19.381208419799805,22.594524383544922,25.819089889526367,28.214672088623047,29.42159652709961,30.91799545288086,30.66656494140625,31.9735107421875,34.081092834472656,33.67804718017578,31.033409118652344,30.65882110595703,31.40904426574707,32.30609893798828,33.15955352783203,31.24798583984375
-19.229848861694336,-19.271806716918945,-16.76198387145996,-13.928898811340332,-12.341651916503906,-7.371053695678711,-2.3873414993286133,-2.1880886554718018,-4.64594030380249,-2.1620266437530518,-3.428480863571167,-4.91727876663208,2.7406322956085205,9.861781120300293,7.124502182006836,3.6619787216186523,5.953034400939941,11.969924926757812,19.03285026550293,26.807188034057617,29.061784744262695,26.029850006103516,25.04340171813965,29.18211555480957,29.480066299438477,26.672597885131836,26.0686092376709,24.142330169677734,21.646339416503906,23.993412017822266,28.068031311035156,31.17021942138672,33.270469665527344,33.317134857177734,33.05044174194336,33.66376495361328,30.81997299194336,28.8356876373291,30.364959716796875,30.22728157043457,30.39351463317871,32.091590881347656,31.060787200927734
-19.087678909301758,-17.36332130432129,-13.633736610412598,-7.344912528991699,-5.696773052215576,-0.46485117077827454,5.052281856536865,7.159097671508789,3.8782284259796143,2.72672176361084,0.8357710242271423,-2.2403674125671387,0.5130040645599365,-1.031988501548767,-1.155875563621521,-0.01311468705534935,3.0358734130859375,5.223629951477051,9.838167190551758,19.191062927246094,28.010461807250977,32.0823974609375,31.70452308654785,28.051862716674805,24.872760772705078,22.4577693939209,21.240678787231445,19.965038299560547,20.00789451599121,21.734079360961914,27.799501419067383,33.298980712890625,33.92498016357422,30.547744750976562,28.855085372924805,28.37856674194336,28.20081329345703,30.410720825195312,31.777692794799805,31.508399963378906,32.648685455322266,34.36811065673828,35.00141525268555
-18.609928131103516,-15.494244575500488,-11.451590538024902,-3.789963722229004,-2.179645538330078,1.9678999185562134,-3.2246897220611572,-4.049614906311035,-0.8599416613578796,2.221148729324341,4.42180871963501,-3.1763486862182617,-6.455110549926758,-9.164607048034668,-12.028146743774414,-4.252654552459717,3.2498302459716797,6.333530902862549,8.846781730651855,17.862993240356445,24.90726089477539,35.66756820678711,25.562801361083984,12.334588050842285,10.986061096191406,12.53320026397705,15.221748352050781,20.592870712280273,24.332334518432617,24.904075622558594,29.00918197631836,34.86089324951172,34.19001388549805,29.200796127319336,28.769725799560547,30.332921981811523,31.01020050048828,31.916994094848633,29.58771514892578,28.31563377380371,29.043237686157227,28.501842498779297,29.270429611206055
-15.144609451293945,-5.410804271697998,-3.6907355785369873,-6.316395282745361,-10.235716819763184,-13.181697845458984,-15.3418550491333,-9.457929611206055,-2.8960766792297363,12.414024353027344,18.18292808532715,11.222237586975098,-4.576310157775879,-12.465900421142578,-13.460384368896484,-8.003792762756348,1.4255387783050537,7.407826900482178,13.355571746826172,20.66371726989746,29.69732666015625,28.904808044433594,17.220897674560547,13.684915542602539,17.02193260192871,19.678348541259766,22.40296173095703,26.837017059326172,31.08136749267578,33.673248291015625,35.499874114990234,37.73222351074219,39.433101654052734,38.98434066772461,35.68930435180664,31.647470474243164,29.590211868286133,30.448101043701172,31.023944854736328,29.437990188598633,27.693315505981445,24.990365982055664,21.884368896484375
-5.2833404541015625,2.7076845169067383,4.197311878204346,2.5234529972076416,-2.9711685180664062,-5.20370626449585,0.6032434105873108,7.396694660186768,14.967226028442383,28.038055419921875,32.537811279296875,15.956672668457031,-7.244983673095703,-14.178742408752441,-12.800418853759766,-0.6287046074867249,5.714873790740967,11.899950981140137,17.517515182495117,23.028057098388672,22.039703369140625,19.60991668701172,18.860055923461914,20.65082550048828,23.3538761138916,25.240070343017578,28.139463424682617,31.281570434570312,33.97705841064453,36.70183181762695,38.0212516784668,38.37904739379883,39.21476364135742,38.4573860168457,33.5882568359375,28.826372146606445,27.91691017150879,27.801624298095703,25.77422332763672,24.910573959350586,23.76326560974121,23.495223999023438,24.19259262084961
