data/wind_data/wind_20_8.json
{"header": {"parameterUnit": "KT", "parameterCategory": 2, "nx": 256, "ny": 198, "lo1": 44.73521041870117, "la1": -3.236724853515625, "lo2": 111.26478576660156, "la2": 43.468475341796875, "dx": 0.2609002888202667, "dy": -0.23708222806453705, "refTime": "2025-02-19 20:00:00", "forecastTime": 0, "parameterNumber": 2, "parameterNumberName": "eastward_wind"}, "data":
[rows 0 to 18 of 198, columns 132 to 175 of 256]
-10.892364501953125,-10.2329740524292,-10.099360466003418,-10.207961082458496,-10.158783912658691,-10.03473949432373,-9.775490760803223,-9.545815467834473,-9.695298194885254,-9.476227760314941,-8.093672752380371,-7.227761268615723,-7.696661949157715,-8.196187019348145,-8.492120742797852,-8.451322555541992,-8.027511596679688,-7.452171802520752,-6.748316764831543,-6.415114402770996,-6.406609058380127,-6.575868129730225,-6.903563976287842,-7.326693058013916,-7.697430610656738,-7.538960933685303,-7.147245407104492,-6.556879997253418,-6.556363105773926,-8.523140907287598,-10.312544822692871,-10.655962944030762,-10.240826606750488,-8.928204536437988,-8.113066673278809,-8.242950439453125,-8.388558387756348,-8.473116874694824,-8.079471588134766,-7.245814800262451,-7.622453212738037,-8.88254165649414,-8.962100982666016,-8.40079402923584
-10.25047779083252,-9.91638469696045,-9.532218933105469,-9.53861141204834,-9.838973045349121,-9.898200035095215,-10.14529037475586,-10.55866527557373,-10.136592864990234,-9.119059562683105,-8.033236503601074,-7.82683801651001,-8.450243949890137,-8.555950164794922,-8.500679969787598,-8.493946075439453,-7.985292434692383,-7.165235996246338,-6.448358058929443,-5.942930221557617,-5.514843940734863,-5.700360298156738,-6.20732307434082,-6.310001850128174,-6.501976490020752,-6.750034332275391,-6.627402305603027,-6.3845343589782715,-6.485600471496582,-7.046447277069092,-7.251613140106201,-7.20902681350708,-7.471338272094727,-6.786895751953125,-6.052357196807861,-6.3003387451171875,-5.869401931762695,-5.146932601928711,-4.619787216186523,-3.685044527053833,-3.944209575653076,-5.1899895668029785,-5.271797180175781,-5.233314037322998
-10.385025024414062,-10.22213363647461,-10.043514251708984,-10.080872535705566,-10.02008056640625,-9.660346031188965,-9.603202819824219,-9.839348793029785,-9.409494400024414,-8.65420913696289,-8.646280288696289,-9.110615730285645,-9.148344993591309,-8.674042701721191,-8.234740257263184,-8.199109077453613,-8.260804176330566,-8.111166000366211,-7.83396577835083,-7.068290710449219,-6.086659908294678,-5.6385087966918945,-5.437845706939697,-5.514695644378662,-5.733527183532715,-5.528000354766846,-5.337741374969482,-5.580636024475098,-5.836792469024658,-5.769897937774658,-5.389217376708984,-4.950297832489014,-4.860766887664795,-4.50431489944458,-3.8274426460266113,-3.3431239128112793,-2.583250045776367,-1.8692647218704224,-1.7469866275787354,-2.0780882835388184,-3.2991933822631836,-4.684844017028809,-4.968637466430664,-5.274166107177734
-10.360185623168945,-10.131098747253418,-9.887192726135254,-9.731246948242188,-9.296741485595703,-8.878900527954102,-8.819962501525879,-8.823586463928223,-8.491754531860352,-8.155444145202637,-8.630227088928223,-9.19236946105957,-9.083311080932617,-8.827535629272461,-8.65290641784668,-8.850817680358887,-9.535025596618652,-10.223834037780762,-10.718321800231934,-10.516100883483887,-10.01095962524414,-9.53950309753418,-8.85374641418457,-8.685470581054688,-9.072931289672852,-8.560236930847168,-7.70576286315918,-7.664034366607666,-7.936505317687988,-7.91119384765625,-7.702071666717529,-7.010524749755859,-5.777721881866455,-4.477381229400635,-3.35201096534729,-2.1002864837646484,-0.9352567195892334,-0.27443641424179077,-0.5400835275650024,-1.8342660665512085,-3.752758026123047,-5.358181476593018,-5.995534420013428,-6.211095333099365
-7.570379734039307,-8.15415096282959,-8.337626457214355,-7.877289772033691,-7.327370643615723,-6.9331746101379395,-6.792914867401123,-6.921809673309326,-6.77017068862915,-5.82107400894165,-5.566771507263184,-6.6387505531311035,-8.037062644958496,-8.984557151794434,-9.531561851501465,-10.124730110168457,-11.405489921569824,-12.904547691345215,-14.924266815185547,-16.747879028320312,-17.67295265197754,-17.8863468170166,-18.534225463867188,-19.64937400817871,-21.503509521484375,-22.63483428955078,-22.360876083374023,-21.487499237060547,-21.009456634521484,-21.25363540649414,-21.64055824279785,-21.244823455810547,-20.071380615234375,-18.072912216186523,-15.12143611907959,-11.883891105651855,-8.99573040008545,-6.553234100341797,-4.7169342041015625,-4.2370734214782715,-4.729577541351318,-5.285917282104492,-5.487307548522949,-5.100460529327393
-7.299834728240967,-7.7663655281066895,-8.089685440063477,-7.85821533203125,-7.472238063812256,-6.929120063781738,-6.564238548278809,-6.6423139572143555,-6.935483932495117,-6.969513416290283,-7.113002300262451,-7.590974807739258,-8.234224319458008,-8.825342178344727,-9.152107238769531,-9.663859367370605,-10.337706565856934,-10.395753860473633,-10.680068969726562,-11.623513221740723,-12.705745697021484,-12.222107887268066,-12.077939987182617,-12.469862937927246,-13.466896057128906,-14.972060203552246,-15.41270923614502,-15.03100872039795,-14.797049522399902,-15.09533405303955,-15.466544151306152,-15.364794731140137,-15.382753372192383,-16.084835052490234,-17.006980895996094,-17.075408935546875,-16.070852279663086,-14.256287574768066,-11.955286026000977,-10.029720306396484,-8.67866039276123,-7.64420223236084,-6.843111991882324,-5.875607490539551
-6.461952209472656,-6.48496150970459,-7.036830902099609,-7.468654632568359,-7.266261577606201,-6.607322692871094,-6.5728559494018555,-7.446240425109863,-7.665937423706055,-7.345210552215576,-7.116982460021973,-7.59103536605835,-8.310280799865723,-8.674907684326172,-8.725910186767578,-9.075712203979492,-9.732913970947266,-10.653742790222168,-12.031763076782227,-13.21728515625,-14.266387939453125,-14.90951919555664,-15.915792465209961,-16.46190643310547,-17.214004516601562,-17.695552825927734,-17.54738426208496,-17.266550064086914,-17.3200740814209,-17.677156448364258,-17.700376510620117,-17.128814697265625,-16.353700637817383,-16.0474853515625,-16.406213760375977,-17.26215362548828,-18.22001838684082,-18.536373138427734,-17.7611026763916,-15.976591110229492,-13.98330307006836,-12.212743759155273,-10.743751525878906,-9.520817756652832
-5.8080363273620605,-6.046685695648193,-6.914899826049805,-7.612479209899902,-7.563110828399658,-7.141529083251953,-6.987130165100098,-8.012871742248535,-8.690163612365723,-8.132682800292969,-7.633647441864014,-8.316959381103516,-9.287423133850098,-9.784499168395996,-9.760529518127441,-9.900724411010742,-9.882495880126953,-9.608287811279297,-10.138138771057129,-10.8490571975708,-11.737401008605957,-12.777920722961426,-13.517130851745605,-14.519876480102539,-15.921346664428711,-16.449392318725586,-16.26041030883789,-16.257041931152344,-16.611000061035156,-16.78516960144043,-16.511096954345703,-15.914400100708008,-15.656736373901367,-15.84626293182373,-16.260162353515625,-16.840856552124023,-17.709959030151367,-19.069860458374023,-19.49884033203125,-19.265989303588867,-18.13389015197754,-16.47369956970215,-14.766549110412598,-13.796545028686523
-6.029359340667725,-6.2661824226379395,-6.751575946807861,-7.496647357940674,-7.6594672203063965,-7.532284259796143,-7.647280216217041,-8.692831993103027,-9.088614463806152,-8.40695571899414,-8.13342571258545,-8.787504196166992,-9.435922622680664,-9.883689880371094,-10.111584663391113,-10.540106773376465,-10.755661010742188,-10.402605056762695,-10.412285804748535,-11.297140121459961,-12.530068397521973,-13.709471702575684,-13.985815048217773,-14.6248197555542,-15.886436462402344,-16.555692672729492,-16.324068069458008,-16.208969116210938,-16.61428451538086,-16.79046058654785,-16.41707420349121,-15.862445831298828,-15.668378829956055,-15.83851146697998,-16.200469970703125,-16.682785034179688,-17.297229766845703,-17.944223403930664,-18.696794509887695,-19.225753784179688,-18.982635498046875,-18.193492889404297,-17.62889289855957,-17.535287857055664
-6.406613826751709,-6.555685997009277,-6.808305263519287,-7.024115085601807,-6.861125946044922,-7.862602233886719,-7.8528289794921875,-8.047022819519043,-8.555943489074707,-8.84227466583252,-8.73852252960205,-9.073147773742676,-9.324800491333008,-9.61046028137207,-9.853134155273438,-10.034089088439941,-10.17506217956543,-9.938701629638672,-9.901902198791504,-10.603719711303711,-11.62743854522705,-12.635489463806152,-13.12123966217041,-13.497177124023438,-14.48669147491455,-15.610709190368652,-15.838051795959473,-15.687407493591309,-15.896090507507324,-16.087316513061523,-15.860650062561035,-15.56974983215332,-15.397854804992676,-15.375567436218262,-15.671070098876953,-16.282947540283203,-16.739261627197266,-17.2034969329834,-17.657760620117188,-17.907560348510742,-17.766611099243164,-17.644577026367188,-18.005130767822266,-18.487844467163086
-5.57125186920166,-5.792956829071045,-6.824362277984619,-6.84558629989624,-6.853297710418701,-8.222718238830566,-7.032098293304443,-6.980305194854736,-8.189305305480957,-8.4063081741333,-8.313082695007324,-8.57139778137207,-8.597501754760742,-8.753055572509766,-9.186548233032227,-9.551790237426758,-9.873077392578125,-10.117805480957031,-10.066903114318848,-10.269967079162598,-10.348901748657227,-10.927491188049316,-11.75353717803955,-12.31367015838623,-13.026284217834473,-14.354153633117676,-15.436700820922852,-15.693816184997559,-15.681138038635254,-15.563904762268066,-15.242277145385742,-14.799786567687988,-14.400266647338867,-14.292557716369629,-14.773233413696289,-15.53281307220459,-15.949910163879395,-16.236234664916992,-16.387203216552734,-16.47954750061035,-16.339853286743164,-16.21259117126465,-16.845218658447266,-17.687536239624023
-4.595963954925537,-4.30680513381958,-4.817928314208984,-5.550755977630615,-7.04865026473999,-7.4844770431518555,-5.769313335418701,-5.918466091156006,-7.513985633850098,-7.6190924644470215,-7.473575115203857,-8.189738273620605,-8.081472396850586,-8.178807258605957,-8.23716926574707,-8.474599838256836,-8.947290420532227,-9.631091117858887,-9.94822883605957,-9.82390308380127,-9.413434982299805,-9.488191604614258,-10.186812400817871,-10.888042449951172,-11.457447052001953,-12.849803924560547,-14.634270668029785,-15.599993705749512,-15.45425033569336,-14.931852340698242,-14.43089485168457,-13.765604019165039,-13.027934074401855,-12.907140731811523,-13.639097213745117,-14.480107307434082,-15.077986717224121,-15.309942245483398,-15.177005767822266,-15.236750602722168,-15.202861785888672,-15.31036376953125,-16.037715911865234,-16.505647659301758
-5.0892839431762695,-4.4782795906066895,-3.784917116165161,-5.1454758644104,-6.597286224365234,-6.34473991394043,-4.786135196685791,-5.266892433166504,-6.9921555519104,-7.102104187011719,-7.168914794921875,-7.631687164306641,-7.738502025604248,-7.5805983543396,-7.349946022033691,-7.318434238433838,-7.4898176193237305,-8.189499855041504,-8.96614933013916,-9.394548416137695,-9.409463882446289,-9.37038516998291,-9.622127532958984,-9.867806434631348,-10.118683815002441,-11.185521125793457,-13.062071800231934,-14.34697151184082,-14.288284301757812,-13.923430442810059,-13.687079429626465,-13.194207191467285,-12.207785606384277,-11.819412231445312,-12.334699630737305,-12.861656188964844,-13.524008750915527,-14.27965259552002,-14.659093856811523,-14.582174301147461,-14.746819496154785,-15.50076961517334,-15.820219039916992,-15.45274829864502
-5.065078258514404,-4.70732307434082,-3.907928466796875,-4.499836444854736,-5.0727458000183105,-5.137359142303467,-5.013043403625488,-5.363574504852295,-5.695035457611084,-5.6921305656433105,-6.205222129821777,-6.818814754486084,-7.203921794891357,-6.80704402923584,-6.251421928405762,-6.245948791503906,-6.569870471954346,-6.7732744216918945,-7.5560383796691895,-8.577221870422363,-9.421280860900879,-9.76795482635498,-9.846611976623535,-9.829778671264648,-9.921833992004395,-10.425711631774902,-11.585468292236328,-12.481254577636719,-12.375407218933105,-12.188526153564453,-12.390610694885254,-12.184111595153809,-11.26461410522461,-10.679365158081055,-10.954460144042969,-11.290907859802246,-11.696023941040039,-13.006207466125488,-14.327771186828613,-14.81415843963623,-14.784794807434082,-15.358502388000488,-15.70423412322998,-14.99516487121582
-4.789857387542725,-4.947391986846924,-4.771029949188232,-4.930734157562256,-5.229465007781982,-4.746024131774902,-4.888099193572998,-4.871436595916748,-4.524482250213623,-4.751521587371826,-5.554326057434082,-6.576016426086426,-6.865477085113525,-6.185998916625977,-5.117055892944336,-5.06264591217041,-6.006335735321045,-6.273989200592041,-6.762484073638916,-7.798736572265625,-9.027813911437988,-9.634252548217773,-9.546830177307129,-9.54636287689209,-10.015990257263184,-10.666402816772461,-11.33394718170166,-11.409794807434082,-10.678586959838867,-10.072591781616211,-10.459095001220703,-10.640486717224121,-10.037245750427246,-9.756155967712402,-9.5130615234375,-10.279573440551758,-10.800923347473145,-12.005475997924805,-13.434569358825684,-15.15791130065918,-15.143231391906738,-14.346477508544922,-15.107864379882812,-15.093539237976074
-4.1947021484375,-4.659121990203857,-5.404191970825195,-6.001185894012451,-6.065126419067383,-5.251065731048584,-4.661457538604736,-4.411401271820068,-5.172351837158203,-5.771355628967285,-6.0016279220581055,-6.384941577911377,-6.531578063964844,-6.020743370056152,-4.7032341957092285,-4.804266452789307,-5.621779918670654,-5.862252712249756,-5.86926794052124,-6.460626602172852,-7.889217853546143,-8.770811080932617,-8.495373725891113,-8.104541778564453,-8.540983200073242,-9.566373825073242,-10.38414478302002,-10.342628479003906,-9.672500610351562,-9.042491912841797,-9.180400848388672,-9.620731353759766,-9.706418991088867,-9.764076232910156,-9.811590194702148,-9.346994400024414,-9.822968482971191,-10.891470909118652,-12.622780799865723,-14.75393295288086,-15.251298904418945,-14.456426620483398,-14.19356632232666,-13.778341293334961
-4.273576259613037,-4.435655117034912,-4.745797634124756,-5.667178630828857,-5.777642250061035,-5.141503810882568,-4.715099334716797,-4.765056133270264,-5.208247661590576,-5.312638282775879,-6.109440803527832,-7.228866100311279,-6.7457098960876465,-5.662055492401123,-4.739643096923828,-4.9493818283081055,-5.287899017333984,-5.26183557510376,-4.799572467803955,-4.733335494995117,-6.192984104156494,-7.629953384399414,-7.738637447357178,-7.084735870361328,-6.819072723388672,-7.412147521972656,-7.872792720794678,-7.978464126586914,-8.463037490844727,-8.33194637298584,-8.496541976928711,-8.859349250793457,-8.936739921569824,-9.876913070678711,-10.792550086975098,-9.775291442871094,-9.261613845825195,-10.04809284210205,-12.068976402282715,-13.9264554977417,-14.26038646697998,-13.809333801269531,-14.010780334472656,-13.245946884155273
-5.177487373352051,-4.951013565063477,-4.173731803894043,-4.333787441253662,-4.439394474029541,-4.381747722625732,-4.81382942199707,-5.781254291534424,-6.708682060241699,-6.365206241607666,-6.0453572273254395,-6.341729640960693,-6.474783420562744,-5.974404811859131,-5.001341342926025,-5.0230021476745605,-4.721714973449707,-4.801109790802002,-4.057108402252197,-3.4588050842285156,-4.289237976074219,-5.82562255859375,-7.11972713470459,-7.2216057777404785,-6.316385269165039,-6.108368396759033,-5.762387275695801,-5.746426582336426,-6.742634296417236,-7.597087860107422,-7.960079193115234,-8.602517127990723,-8.842121124267578,-8.975796699523926,-9.853141784667969,-9.751012802124023,-9.59605598449707,-9.475258827209473,-11.338876724243164,-13.300138473510742,-13.4976806640625,-13.099106788635254,-13.531949996948242,-13.443020820617676
-5.466686725616455,-5.288812160491943,-3.6761913299560547,-2.671112060546875,-3.200387954711914,-4.248547077178955,-4.651398181915283,-5.827769756317139,-7.650423526763916,-6.829229831695557,-5.4575276374816895,-5.814632892608643,-6.120806694030762,-5.9365644454956055,-4.970321178436279,-4.856959819793701,-4.574466228485107,-4.0906171798706055,-3.4022269248962402,-2.7977888584136963,-2.570668935775757,-3.325589179992676,-5.3025336265563965,-6.0286478996276855,-5.547059535980225,-4.848814487457275,-4.624505043029785,-5.467704772949219,-3.967961311340332,-5.826408863067627,-8.148494720458984,-6.902513027191162,-8.034517288208008,-8.461153984069824,-8.399162292480469,-8.804515838623047,-9.539460182189941,-9.887682914733887,-11.596034049987793,-13.270295143127441,-13.286144256591797,-12.557157516479492,-12.503035545349121,-13.591546058654785
