data/wind_data/wind_12_0.json
{"header": {"parameterUnit": "KT", "parameterCategory": 2, "nx": 255, "ny": 198, "lo1": 44.73521041870117, "la1": -3.236724853515625, "lo2": 111.26478576660156, "la2": 43.468475341796875, "dx": 0.26192745566368103, "dy": -0.23708222806453705, "refTime": "2025-02-19 12:00:00", "forecastTime": 0, "parameterNumber": 2, "parameterNumberName": "eastward_wind"}, "data":
[rows 57 to 75 of 198, columns 129 to 171 of 255]
-8.455533981323242,-8.824935913085938,-10.388594627380371,-10.25397777557373,-8.983748435974121,-8.011524200439453,-8.133736610412598,-7.00212287902832,-6.099483489990234,-5.761366844177246,-5.24175500869751,-5.3538994789123535,-5.086904525756836,-5.193597316741943,-5.032730579376221,-5.058805465698242,-5.051768779754639,-5.2931671142578125,-5.647464752197266,-5.980869293212891,-6.134755611419678,-6.13597297668457,-6.1258721351623535,-6.223528861999512,-6.245170593261719,-6.127322673797607,-5.977764129638672,-5.997890949249268,-6.194142818450928,-6.387081623077393,-6.523636341094971,-6.690333843231201,-6.940598011016846,-7.2409281730651855,-7.4945969581604,-7.656552314758301,-7.763670444488525,-7.793795108795166,-7.688934326171875,-7.554284572601318,-7.454909801483154,-7.279117584228516,-7.11252498626709
-8.193859100341797,-8.340578079223633,-9.828048706054688,-10.122023582458496,-8.504434585571289,-7.72012996673584,-8.311100006103516,-7.092257499694824,-6.126815319061279,-5.778253078460693,-5.08327579498291,-5.041325092315674,-4.55470085144043,-4.5777387619018555,-4.42363166809082,-4.544966220855713,-4.490728378295898,-4.591511249542236,-4.877284526824951,-5.383638858795166,-5.82324743270874,-5.992455959320068,-5.958391189575195,-5.987215518951416,-6.020262241363525,-6.003310203552246,-5.917715072631836,-5.832407474517822,-5.8290114402771,-5.908796310424805,-6.043842792510986,-6.22402286529541,-6.463010311126709,-6.702187538146973,-6.93310546875,-7.152587413787842,-7.30219841003418,-7.414362907409668,-7.478435039520264,-7.449759006500244,-7.353608131408691,-7.187147617340088,-7.032899856567383
-8.763988494873047,-8.619759559631348,-9.087569236755371,-9.450377464294434,-8.181355476379395,-7.314203262329102,-7.939455986022949,-6.6951212882995605,-6.300309181213379,-5.8489885330200195,-5.393028259277344,-5.060202121734619,-4.407089710235596,-4.205874919891357,-3.9393253326416016,-4.008269309997559,-3.9442479610443115,-3.9968910217285156,-4.122715950012207,-4.604651927947998,-5.293890476226807,-5.823329925537109,-5.950478553771973,-5.895333290100098,-5.866894721984863,-5.844664096832275,-5.783900737762451,-5.6824049949646,-5.608330726623535,-5.616231918334961,-5.667639255523682,-5.808761119842529,-6.039088726043701,-6.2282304763793945,-6.376117706298828,-6.574141979217529,-6.767402648925781,-6.9489617347717285,-7.102048873901367,-7.153341293334961,-7.0890936851501465,-6.928338050842285,-6.752781867980957
-8.704427719116211,-8.246213912963867,-8.281023025512695,-9.02119255065918,-8.569465637207031,-7.562665939331055,-6.947089672088623,-6.905594825744629,-6.598183631896973,-5.779580116271973,-5.698257923126221,-5.075011730194092,-4.584895610809326,-4.155592441558838,-3.7591984272003174,-3.505251407623291,-3.451338052749634,-3.4910998344421387,-3.699660062789917,-4.11954927444458,-4.689269065856934,-5.341874599456787,-5.823953628540039,-5.955776214599609,-5.876242160797119,-5.742925643920898,-5.632861137390137,-5.478927135467529,-5.351115703582764,-5.354466438293457,-5.42657995223999,-5.539670944213867,-5.684769153594971,-5.8104424476623535,-5.886237621307373,-6.020321369171143,-6.219478607177734,-6.4349212646484375,-6.612782955169678,-6.695215702056885,-6.658175945281982,-6.558130741119385,-6.421136856079102
-8.719711303710938,-7.288690567016602,-7.648403167724609,-8.613470077514648,-8.42041301727295,-7.339591026306152,-6.295906066894531,-6.93223237991333,-6.109838485717773,-5.839725017547607,-5.6857991218566895,-5.130258560180664,-4.7704997062683105,-4.317223072052002,-3.8241169452667236,-3.3277957439422607,-3.203850746154785,-3.2501220703125,-3.5467920303344727,-3.8594324588775635,-4.267364025115967,-4.870577812194824,-5.507165431976318,-5.874040126800537,-5.929687976837158,-5.706635475158691,-5.429343223571777,-5.207796573638916,-5.022605895996094,-4.928058624267578,-4.94739294052124,-5.094239711761475,-5.328788757324219,-5.4842681884765625,-5.497250080108643,-5.516153335571289,-5.639681339263916,-5.850252151489258,-6.059720039367676,-6.188492298126221,-6.198348045349121,-6.131123065948486,-6.006646156311035
-8.31957721710205,-7.758484363555908,-7.855340957641602,-8.429327964782715,-8.45159912109375,-7.804732322692871,-7.116466045379639,-6.938225746154785,-6.098756313323975,-5.847193717956543,-5.3699421882629395,-5.211279392242432,-4.728182792663574,-4.327572345733643,-3.8387551307678223,-3.4466774463653564,-3.304788112640381,-3.3231723308563232,-3.4867703914642334,-3.7509050369262695,-4.237820148468018,-4.738243103027344,-5.219759941101074,-5.597244739532471,-5.763856410980225,-5.679109573364258,-5.370265007019043,-5.054199695587158,-4.862457752227783,-4.739505767822266,-4.64878511428833,-4.661667346954346,-4.847075939178467,-5.07444953918457,-5.161391735076904,-5.118234157562256,-5.080600261688232,-5.206825256347656,-5.439093112945557,-5.644031047821045,-5.791787624359131,-5.799040794372559,-5.629325866699219
-8.253254890441895,-8.240601539611816,-7.733384132385254,-8.216559410095215,-8.826123237609863,-8.287837028503418,-7.472641944885254,-6.913427352905273,-6.414241313934326,-5.831583023071289,-5.164837837219238,-4.9745774269104,-4.276249885559082,-3.998659133911133,-3.54378080368042,-3.4157423973083496,-3.3337604999542236,-3.459221839904785,-3.6099483966827393,-3.911884069442749,-4.35894775390625,-4.792487621307373,-5.191036224365234,-5.442229270935059,-5.516167640686035,-5.47003698348999,-5.304442882537842,-5.0277228355407715,-4.746803283691406,-4.547806262969971,-4.4180169105529785,-4.374950885772705,-4.4560770988464355,-4.602892875671387,-4.6987104415893555,-4.701725959777832,-4.678140640258789,-4.732241153717041,-4.895266056060791,-5.104710102081299,-5.313674449920654,-5.441875457763672,-5.352321624755859
-7.514035701751709,-7.593894004821777,-7.504568099975586,-8.362419128417969,-8.869485855102539,-8.192724227905273,-7.335866451263428,-6.959130764007568,-6.586491584777832,-5.820711135864258,-4.999587535858154,-4.666329383850098,-4.036905765533447,-3.6932194232940674,-3.254826545715332,-3.3666703701019287,-3.381118059158325,-3.5667145252227783,-3.649942636489868,-3.9306888580322266,-4.423354148864746,-4.934875965118408,-5.263836860656738,-5.390590667724609,-5.375336647033691,-5.1954851150512695,-5.000269412994385,-4.838343143463135,-4.629796028137207,-4.3763628005981445,-4.202408313751221,-4.1939520835876465,-4.240061283111572,-4.2559661865234375,-4.249627113342285,-4.290432453155518,-4.360479831695557,-4.448540687561035,-4.53214168548584,-4.669869899749756,-4.859949588775635,-5.0205793380737305,-5.060028076171875
-6.777174472808838,-7.258820056915283,-8.005030632019043,-7.984469413757324,-8.492765426635742,-8.153541564941406,-7.49868631362915,-7.253070831298828,-6.609745502471924,-5.780359268188477,-4.965978145599365,-4.573809623718262,-3.9999020099639893,-3.664679765701294,-3.161428689956665,-3.2371878623962402,-3.308126449584961,-3.6167430877685547,-3.7848856449127197,-4.101195812225342,-4.477687358856201,-4.880643367767334,-5.126608848571777,-5.18086576461792,-5.115082740783691,-4.916899681091309,-4.691218376159668,-4.518402099609375,-4.387519359588623,-4.2522149085998535,-4.11080265045166,-4.092179775238037,-4.1192121505737305,-4.076781749725342,-4.065677642822266,-4.145912170410156,-4.227309226989746,-4.282294750213623,-4.247075080871582,-4.2304253578186035,-4.375889301300049,-4.559340953826904,-4.684323787689209
-6.911386013031006,-7.775171756744385,-8.312808990478516,-8.004595756530762,-8.59891128540039,-8.570422172546387,-7.8734893798828125,-7.568999767303467,-6.749284267425537,-5.918320178985596,-5.00439453125,-4.563216209411621,-3.8831727504730225,-3.534721851348877,-3.083635091781616,-3.174288272857666,-3.29251766204834,-3.6451425552368164,-3.90741229057312,-4.275371074676514,-4.646132469177246,-4.955458641052246,-5.0471720695495605,-4.960331439971924,-4.725528240203857,-4.463383674621582,-4.29571008682251,-4.223767280578613,-4.210277557373047,-4.1908183097839355,-4.119076728820801,-4.061473369598389,-4.036243438720703,-4.007481098175049,-3.9778480529785156,-4.073517799377441,-4.210580825805664,-4.230373382568359,-4.070094108581543,-3.8505890369415283,-3.8401641845703125,-3.9948782920837402,-4.182482719421387
-7.00951623916626,-8.213761329650879,-8.62984848022461,-9.444597244262695,-9.372751235961914,-8.873400688171387,-8.2169771194458,-7.771724700927734,-6.974027633666992,-6.0177483558654785,-5.172333717346191,-4.666280269622803,-3.8100783824920654,-3.3610422611236572,-2.8774731159210205,-3.0243239402770996,-3.245126962661743,-3.6983354091644287,-3.974463939666748,-4.290334224700928,-4.572373867034912,-4.781196117401123,-4.864532947540283,-4.8004841804504395,-4.575713634490967,-4.30339241027832,-4.120768070220947,-4.066102504730225,-4.10089111328125,-4.1344146728515625,-4.150216579437256,-4.179181098937988,-4.186825275421143,-4.138099670410156,-4.018389701843262,-4.014559745788574,-4.098731994628906,-4.088737487792969,-3.9102137088775635,-3.623075485229492,-3.44887375831604,-3.471238613128662,-3.7042670249938965
-6.263180732727051,-9.27108097076416,-9.129639625549316,-9.639520645141602,-9.6802396774292,-8.976483345031738,-8.462984085083008,-7.813982009887695,-7.18461275100708,-6.038021087646484,-5.248981475830078,-4.718316555023193,-3.8594698905944824,-3.3392298221588135,-2.7997846603393555,-2.8369364738464355,-3.073622226715088,-3.592099189758301,-3.9502718448638916,-4.182580947875977,-4.265387535095215,-4.330042839050293,-4.383706092834473,-4.421792030334473,-4.387933254241943,-4.25945520401001,-4.146386623382568,-4.122619152069092,-4.155058860778809,-4.1917524337768555,-4.21549129486084,-4.357989311218262,-4.591959476470947,-4.6208648681640625,-4.365460395812988,-4.174906253814697,-4.099114894866943,-3.939817428588867,-3.6725966930389404,-3.3565995693206787,-3.1134133338928223,-3.051525115966797,-3.299530267715454
-5.786377906799316,-8.564142227172852,-9.47335147857666,-9.386011123657227,-9.359384536743164,-9.175627708435059,-8.557910919189453,-7.823250770568848,-7.177846908569336,-5.894586086273193,-5.106783390045166,-4.609048366546631,-3.855339765548706,-3.4698617458343506,-2.9019298553466797,-2.8271725177764893,-2.8795828819274902,-3.2927255630493164,-3.6062369346618652,-3.837233781814575,-3.8894388675689697,-3.853048801422119,-3.8639676570892334,-3.9855563640594482,-4.121249675750732,-4.201347827911377,-4.233439922332764,-4.287312030792236,-4.334092617034912,-4.328883171081543,-4.295603275299072,-4.355187892913818,-4.551965236663818,-4.752662181854248,-4.813569068908691,-4.615735054016113,-4.2365336418151855,-3.893056869506836,-3.683880567550659,-3.450014352798462,-3.1157963275909424,-2.880267858505249,-2.9945290088653564
-4.734270095825195,-6.837065696716309,-9.01710319519043,-10.279837608337402,-10.074941635131836,-10.386809349060059,-10.689169883728027,-8.24671459197998,-7.104394435882568,-5.847506999969482,-4.668684482574463,-4.29175329208374,-3.7575957775115967,-3.570049524307251,-3.118851661682129,-2.8999524116516113,-2.777580738067627,-2.8993730545043945,-3.073148012161255,-3.249774217605591,-3.3490254878997803,-3.42106294631958,-3.51857328414917,-3.761558771133423,-4.0722174644470215,-4.257926940917969,-4.389910697937012,-4.5135369300842285,-4.577205657958984,-4.568563461303711,-4.492382049560547,-4.46813440322876,-4.52353572845459,-4.630069732666016,-4.879610061645508,-4.9651265144348145,-4.601588249206543,-3.9973809719085693,-3.817125082015991,-3.9009509086608887,-3.672849655151367,-3.3447983264923096,-3.1160922050476074
-2.7724170684814453,-5.982079029083252,-8.852645874023438,-10.390779495239258,-10.66144847869873,-10.531288146972656,-10.835803031921387,-8.515402793884277,-7.131511688232422,-5.401390075683594,-4.511964321136475,-3.9307732582092285,-3.4002857208251953,-3.4317166805267334,-3.118025541305542,-2.9719560146331787,-2.6153337955474854,-2.5851550102233887,-2.5387675762176514,-2.667250394821167,-2.796535015106201,-2.974703073501587,-3.1992909908294678,-3.5869646072387695,-4.046011924743652,-4.375036716461182,-4.58298921585083,-4.750967025756836,-4.863797187805176,-4.901444911956787,-4.826199054718018,-4.678320407867432,-4.534395217895508,-4.4594807624816895,-4.5079779624938965,-4.765564918518066,-4.857921123504639,-4.436768054962158,-4.217756271362305,-4.372298717498779,-4.400880813598633,-4.146927833557129,-3.656475782394409
-0.7389598488807678,-5.282212734222412,-9.015501976013184,-9.714585304260254,-10.322967529296875,-9.162318229675293,-7.634906768798828,-7.686078071594238,-6.594630718231201,-5.1614251136779785,-4.258224964141846,-3.4788873195648193,-3.1999449729919434,-3.1845102310180664,-2.9849154949188232,-2.65877103805542,-2.4510796070098877,-2.2521746158599854,-2.202009439468384,-2.2560625076293945,-2.4670543670654297,-2.685743570327759,-2.9460675716400146,-3.2989189624786377,-3.7910571098327637,-4.224371433258057,-4.539361476898193,-4.8015851974487305,-5.001228332519531,-5.1346330642700195,-5.1595563888549805,-4.995907306671143,-4.702304840087891,-4.451207160949707,-4.368029594421387,-4.42265510559082,-4.6175360679626465,-4.814676761627197,-4.8484721183776855,-4.887986660003662,-4.976114749908447,-4.752516746520996,-4.211626052856445
0.7835111618041992,-4.465746879577637,-8.544730186462402,-8.36661434173584,-9.236523628234863,-8.496697425842285,-7.566665172576904,-7.563645839691162,-6.327966213226318,-4.590433597564697,-3.8339011669158936,-3.4930758476257324,-2.908576250076294,-2.6261420249938965,-2.4957566261291504,-2.4411182403564453,-2.1849522590637207,-2.039271831512451,-1.963081955909729,-2.033428430557251,-2.2484731674194336,-2.544020652770996,-2.8062691688537598,-3.1271655559539795,-3.5219287872314453,-3.915447473526001,-4.248595237731934,-4.53219747543335,-4.785123348236084,-5.034036159515381,-5.216920852661133,-5.231315612792969,-5.022439002990723,-4.673717498779297,-4.438558101654053,-4.3689374923706055,-4.476147174835205,-4.75802755355835,-5.091914176940918,-5.334137439727783,-5.386410236358643,-5.1518659591674805,-4.602921962738037
2.4535093307495117,-3.203105926513672,-7.683502197265625,-7.100632667541504,-8.243020057678223,-8.134515762329102,-6.936483383178711,-4.935602188110352,-3.5296528339385986,-3.242169141769409,-3.193267822265625,-2.6267662048339844,-2.126601457595825,-2.1047847270965576,-2.1115834712982178,-1.8608689308166504,-1.9232815504074097,-1.884661316871643,-1.8910852670669556,-1.9489967823028564,-2.092834234237671,-2.341400623321533,-2.597288131713867,-2.9737210273742676,-3.4203779697418213,-3.801754951477051,-4.03604793548584,-4.173189640045166,-4.40859317779541,-4.718579292297363,-5.020698070526123,-5.231412887573242,-5.247839450836182,-5.019571304321289,-4.689862251281738,-4.434556007385254,-4.3935136795043945,-4.603550910949707,-5.017190456390381,-5.456113338470459,-5.64074182510376,-5.4254279136657715,-4.844494342803955
1.9758079051971436,-4.4260077476501465,-6.956770896911621,-5.062449932098389,-6.196193695068359,-6.7344536781311035,-5.847975254058838,-3.9751524925231934,-2.7286360263824463,-2.6658689975738525,-2.425809144973755,-2.4215915203094482,-2.3500921726226807,-1.7167123556137085,-1.3759160041809082,-1.5187153816223145,-1.5615198612213135,-1.6747112274169922,-1.8633671998977661,-1.9387024641036987,-2.027724027633667,-2.1850268840789795,-2.394047737121582,-2.7712268829345703,-3.308659076690674,-3.723625421524048,-3.9458909034729004,-3.969897508621216,-4.049760818481445,-4.310530185699463,-4.680246829986572,-5.0424418449401855,-5.236814022064209,-5.145077228546143,-4.870006084442139,-4.519158840179443,-4.314971446990967,-4.401266098022461,-4.727019309997559,-5.254519462585449,-5.635172367095947,-5.524652004241943,-5.002682209014893
