data/wind_data/wind_2025-02-19_03.json
{"header": {"parameterUnit": "KT", "parameterCategory": 2, "nx": 255, "ny": 198, "lo1": 44.73521041870117, "la1": -3.236724853515625, "lo2": 111.26478576660156, "la2": 43.468475341796875, "dx": 0.26192745566368103, "dy": -0.23708222806453705, "refTime": "2025-02-19 03:00:00", "forecastTime": 0, "parameterNumber": 3, "parameterNumberName": "northward_wind"}, "data":
[rows 152 to 170 of 198, columns 0 to 42 of 255]
-3.022900104522705,-3.838164806365967,-3.035305976867676,-0.4656510055065155,1.691838264465332,0.8382171392440796,0.874862790107727,0.9117254614830017,-0.22572273015975952,-1.6642500162124634,-1.658270239830017,0.6408156752586365,2.121487617492676,2.814150810241699,3.45137619972229,3.5440728664398193,6.0893073081970215,6.46800422668457,5.819965839385986,0.3348286747932434,0.7586703896522522,2.8857412338256836,6.082991600036621,9.895869255065918,8.503485679626465,3.781644344329834,-0.9078112244606018,2.0857791900634766,4.376369476318359,4.5438947677612305,3.699547290802002,2.4969398975372314,0.6153834462165833,-0.4271685481071472,0.6500952243804932,2.9130055904388428,5.888625621795654,6.457025527954102,5.780795097351074,4.548407077789307,2.0573275089263916,0.22991347312927246,-0.5990639925003052
-2.239258289337158,-3.4654176235198975,-3.995173454284668,-1.7423642873764038,2.4477367401123047,3.3301033973693848,2.5705134868621826,0.622484028339386,-0.6280995607376099,-1.8398898839950562,-2.6772937774658203,-2.2929606437683105,-2.320159673690796,-1.2509894371032715,1.384442925453186,3.424232006072998,2.4732401371002197,1.780484914779663,3.1522839069366455,1.0215097665786743,3.339203357696533,4.067174911499023,6.881430149078369,8.548340797424316,5.21531343460083,-0.38586896657943726,-3.384253740310669,-0.21965254843235016,1.1811195611953735,0.630936861038208,0.0392317920923233,-1.5531117916107178,-4.5457329750061035,-5.289875507354736,-3.1176319122314453,-2.312802791595459,-1.2578450441360474,-0.3410953879356384,0.2551147937774658,1.2555289268493652,1.0907068252563477,-0.44944295287132263,-2.4620766639709473
-1.664812445640564,-3.5778839588165283,-5.113432884216309,-4.632599830627441,1.0584659576416016,4.421004295349121,1.9067214727401733,-1.3517400026321411,-1.6788548231124878,0.1209363341331482,0.1779477298259735,-1.635573148727417,-3.0387258529663086,-0.7087486386299133,5.53336763381958,5.449923992156982,1.0609930753707886,-1.5163824558258057,2.806150197982788,5.995471954345703,7.421571731567383,6.169610500335693,2.9178121089935303,-0.3437437415122986,-2.572726011276245,-3.8125693798065186,-3.097214698791504,-1.005051851272583,0.8739594221115112,1.6238462924957275,1.1010547876358032,-1.2933602333068848,-5.494410037994385,-7.051336288452148,-6.706883907318115,-6.2851738929748535,-6.040802478790283,-5.57393217086792,-4.704800128936768,-2.459329843521118,-1.2574344873428345,-2.360410690307617,-4.444960117340088
-1.3756848573684692,-3.331498622894287,-5.137520790100098,-5.813199520111084,-1.1553055047988892,2.439301013946533,1.9244929552078247,0.7772409319877625,-0.9733627438545227,1.341247320175171,3.404370069503784,4.822564601898193,3.9508635997772217,3.0687079429626465,5.348208904266357,4.178848743438721,-1.3643088340759277,-1.373159646987915,0.29992398619651794,1.807581901550293,2.780733346939087,0.26173168420791626,-4.11027717590332,-6.3146233558654785,-5.717655181884766,-4.0494866371154785,-1.689384937286377,-0.32534927129745483,-0.44669875502586365,-0.8326295018196106,-2.3695592880249023,-3.7982864379882812,-4.629770278930664,-4.864553928375244,-5.330867290496826,-6.879395008087158,-8.037734985351562,-7.997392177581787,-7.383077621459961,-5.91083288192749,-4.279558181762695,-4.026674747467041,-4.969001293182373
-1.4353606700897217,-2.605468511581421,-3.630817413330078,-4.246991157531738,-1.9748671054840088,0.5955917835235596,2.3429954051971436,2.293137550354004,-0.02684992551803589,0.6838106513023376,4.077236175537109,5.9914326667785645,6.61118745803833,5.652653217315674,3.19248104095459,-2.56581449508667,-3.8511784076690674,-2.8367414474487305,-3.705416202545166,-3.3917815685272217,-2.794163465499878,-4.699287414550781,-6.6991119384765625,-6.503513813018799,-5.214560508728027,-3.719642162322998,-2.6830601692199707,-3.9937756061553955,-7.032476902008057,-8.304444313049316,-8.681272506713867,-8.44832706451416,-7.250443935394287,-4.881987571716309,-5.176390647888184,-6.874284267425537,-7.998429298400879,-8.24038314819336,-8.002992630004883,-8.036747932434082,-7.256439685821533,-6.309085845947266,-5.6208109855651855
-1.6696349382400513,-2.154877185821533,-2.1208927631378174,-3.5866904258728027,-4.4452080726623535,-1.7110638618469238,-0.516615629196167,-1.2556371688842773,-1.4123574495315552,-0.522060751914978,1.9170958995819092,2.539588689804077,4.485818386077881,5.866179466247559,3.6009953022003174,-1.7422873973846436,-0.8433114886283875,0.5699136257171631,1.0750732421875,1.0287760496139526,0.7354881167411804,-0.519982099533081,-3.6809234619140625,-4.157542705535889,-4.038320064544678,-3.9679551124572754,-6.812890529632568,-7.985472202301025,-8.572563171386719,-8.299488067626953,-7.355991363525391,-7.026387691497803,-7.350924015045166,-7.685906410217285,-7.445118427276611,-6.836658000946045,-5.378291130065918,-3.0250136852264404,-4.064973831176758,-7.284212589263916,-8.754044532775879,-8.485086441040039,-7.6139750480651855
-1.8186522722244263,-1.607559084892273,-1.6528903245925903,-2.8753981590270996,-4.668601036071777,-2.7993459701538086,-0.617445170879364,-0.34080398082733154,1.5253421068191528,2.026740074157715,1.939645767211914,0.4392830431461334,2.4554004669189453,3.9852914810180664,4.822022914886475,5.24219274520874,6.682114124298096,7.826112270355225,9.88927936553955,10.887550354003906,7.856173515319824,3.404719829559326,-0.5889300107955933,-4.749016284942627,-7.1343092918396,-7.832682132720947,-9.887188911437988,-8.239371299743652,-7.099765777587891,-4.9871392250061035,-2.8747692108154297,-1.5244351625442505,-2.908562421798706,-6.3362884521484375,-6.826716899871826,-3.3436989784240723,-0.6118083596229553,0.7968115210533142,-0.9730268716812134,-4.4093241691589355,-5.591650009155273,-7.558810234069824,-9.089557647705078
-1.5932108163833618,-1.473453402519226,-1.4754421710968018,-1.1313021183013916,-0.8282706141471863,0.3611663579940796,3.930713415145874,6.864150524139404,5.750763416290283,3.345010995864868,2.990809440612793,3.5201480388641357,3.3892745971679688,2.755457639694214,4.229474067687988,7.096182346343994,8.642226219177246,9.053006172180176,9.010522842407227,7.3482279777526855,5.2333269119262695,1.4179797172546387,-3.045811653137207,-7.2042717933654785,-8.703315734863281,-9.493934631347656,-8.282722473144531,-5.841592311859131,-2.319192409515381,0.7027681469917297,2.0087239742279053,3.526042938232422,3.778270959854126,0.592756986618042,-0.8464529514312744,-0.48545515537261963,-1.1531784534454346,0.6953242421150208,-0.04264214634895325,-1.505855679512024,-1.7924460172653198,-4.621367931365967,-5.9023942947387695
-1.2827874422073364,-3.285160779953003,-2.532414436340332,-0.8955047130584717,2.771942377090454,6.206982612609863,9.004910469055176,10.193737030029297,7.7206573486328125,0.7554600834846497,-1.4845538139343262,2.5224289894104004,4.653195858001709,3.1667115688323975,4.460456848144531,5.413270950317383,5.108211517333984,4.029321670532227,2.238734483718872,-0.9167947173118591,-0.6252723336219788,-1.295294165611267,-3.8133771419525146,-5.675418376922607,-4.148808002471924,1.3627578020095825,2.49838924407959,3.0894339084625244,5.222995281219482,7.78931188583374,8.454371452331543,8.569710731506348,7.852968215942383,6.302545547485352,4.814265251159668,0.43415987491607666,-5.886474132537842,-3.5527901649475098,-1.5447373390197754,-1.4475209712982178,-0.9129924774169922,-1.0096474885940552,-2.0283455848693848
-0.8824787735939026,-4.597050189971924,-3.6963088512420654,-1.3357497453689575,4.577070236206055,7.604285717010498,6.139837741851807,7.037751197814941,6.4643449783325195,-0.9100509881973267,-4.537266731262207,-1.9342715740203857,3.0966451168060303,3.7086713314056396,5.547630786895752,5.75684928894043,4.612057685852051,4.533086776733398,3.844264507293701,0.6378559470176697,0.12208415567874908,1.1405028104782104,0.957827627658844,1.9231706857681274,5.218193054199219,9.058045387268066,11.323427200317383,11.013415336608887,9.909425735473633,9.494465827941895,8.119208335876465,7.154940605163574,7.766662120819092,7.327600002288818,6.118444919586182,3.4693799018859863,-3.8304684162139893,-5.982105731964111,-5.129239559173584,-2.6199820041656494,0.4594295620918274,3.1031317710876465,1.5265735387802124
-0.6997990608215332,-3.6149678230285645,-1.8126873970031738,1.1219230890274048,4.473674774169922,3.5772440433502197,3.1510074138641357,2.774247169494629,1.4494975805282593,-0.0852380096912384,0.035680826753377914,-0.3216085731983185,3.887593984603882,6.423781871795654,7.313042640686035,7.818561553955078,8.965940475463867,9.931656837463379,10.518158912658691,7.627747535705566,4.773993015289307,5.753518104553223,7.94907808303833,10.70254135131836,11.542388916015625,9.647215843200684,9.016902923583984,6.892345428466797,5.553197860717773,2.0990209579467773,0.4457646310329437,1.0453470945358276,3.93963623046875,4.972107410430908,5.919619560241699,6.976776599884033,3.3499269485473633,-1.1519678831100464,-3.647934675216675,-1.5299960374832153,0.7249625325202942,2.4139413833618164,1.3230247497558594
-0.6178467273712158,-0.3172455132007599,1.4216588735580444,4.106520175933838,5.305030822753906,4.3385467529296875,5.137702465057373,2.4881443977355957,1.8412257432937622,4.5216569900512695,6.280450344085693,6.298109531402588,8.386297225952148,10.652695655822754,9.075883865356445,10.45700740814209,12.34180736541748,9.595392227172852,10.938612937927246,13.432263374328613,11.385390281677246,10.008210182189941,11.974482536315918,9.311171531677246,6.68870210647583,3.620924711227417,0.5306697487831116,-2.144465446472168,-3.0508224964141846,-4.430624008178711,-4.290486812591553,-3.847537040710449,0.2839132845401764,4.093878746032715,5.064855098724365,7.069345474243164,7.470545768737793,6.315335273742676,4.155005931854248,3.050880193710327,1.9415788650512695,-0.3037596046924591,-2.037994861602783
0.39461058378219604,1.674333930015564,2.6899192333221436,4.610701084136963,6.024291038513184,6.515449047088623,5.708550930023193,5.847527980804443,8.277813911437988,10.708205223083496,9.1007719039917,8.605563163757324,10.16226577758789,11.222155570983887,10.787724494934082,10.227123260498047,7.314120292663574,3.4913766384124756,7.01804256439209,10.611626625061035,12.99626350402832,10.13731575012207,7.735978603363037,3.700239896774292,-0.9993011951446533,-1.8368268013000488,-2.6027708053588867,-2.372568130493164,-1.0434049367904663,-0.9938204884529114,-1.5159733295440674,-2.6781370639801025,-3.239459753036499,-2.3877763748168945,-0.574854850769043,3.1919212341308594,6.4848785400390625,7.511828899383545,8.083185195922852,6.108832359313965,4.490771770477295,2.509483575820923,-0.23552489280700684
1.23935067653656,2.4351086616516113,2.6482932567596436,3.1824629306793213,5.443740367889404,6.0979695320129395,5.38851261138916,7.925674915313721,10.58985424041748,8.523039817810059,3.470816135406494,3.8320248126983643,5.60061502456665,7.4902520179748535,7.037056922912598,3.4838507175445557,1.222830891609192,2.0644991397857666,5.549552917480469,6.402578353881836,8.566399574279785,5.8115315437316895,1.8518320322036743,-0.20128603279590607,-1.39785897731781,-1.158780574798584,0.4124523401260376,1.4064807891845703,1.7649545669555664,1.120671033859253,-0.14013275504112244,-1.1658589839935303,-2.7065422534942627,-4.4781084060668945,-5.810657978057861,-5.100208282470703,-2.7869341373443604,-1.87741219997406,1.3399580717086792,6.345770359039307,6.37235689163208,5.772111892700195,4.8628153800964355
1.2671266794204712,2.603208065032959,2.8495984077453613,4.290952682495117,8.83297348022461,5.019420623779297,3.53448224067688,4.813695430755615,4.045910358428955,-0.5449926257133484,-3.6390490531921387,-1.689907193183899,2.4178049564361572,3.960385799407959,0.5901957154273987,-0.18167844414710999,1.448702096939087,2.610729217529297,3.2790164947509766,2.5988168716430664,2.4491939544677734,0.9671363234519958,-1.9197452068328857,0.26092803478240967,2.3164892196655273,1.8827877044677734,2.2675838470458984,2.6139309406280518,2.4712061882019043,1.5631442070007324,0.27994370460510254,-0.6989931464195251,-2.148144006729126,-3.3769471645355225,-4.839831829071045,-5.8297319412231445,-4.149707794189453,-4.379323482513428,-3.714813232421875,0.38770586252212524,4.366216659545898,7.686186790466309,5.5042595863342285
1.3702874183654785,1.7504512071609497,3.005592107772827,5.283171653747559,10.672856330871582,5.9071807861328125,3.0790529251098633,1.9074063301086426,-0.34115561842918396,-2.6192195415496826,-3.4088709354400635,-2.725351572036743,-0.5356900095939636,0.5617170333862305,0.6824214458465576,4.028528213500977,3.137355089187622,0.6678359508514404,-0.5623859763145447,2.217667579650879,1.5637702941894531,0.8017333745956421,1.8881206512451172,3.3240044116973877,3.6539907455444336,3.316257953643799,3.5413877964019775,3.55574893951416,3.3186545372009277,2.4478068351745605,1.195371150970459,-0.259328693151474,-2.137362003326416,-3.597229480743408,-4.195863246917725,-3.6722466945648193,-3.66548752784729,-3.2668378353118896,-2.360290288925171,-1.6157501935958862,0.6926349401473999,4.219546318054199,4.8271636962890625
1.3066266775131226,0.7982189059257507,2.358067750930786,4.3342061042785645,8.09498119354248,10.035489082336426,8.758367538452148,7.333967208862305,3.762685775756836,3.2693827152252197,1.4859352111816406,-1.4747271537780762,-1.3012336492538452,1.3767151832580566,4.0268778800964355,4.8728461265563965,1.5155807733535767,-3.105219841003418,-3.4336764812469482,1.5773707628250122,4.370113372802734,5.313267230987549,5.340673923492432,5.145768165588379,4.893136978149414,4.497774124145508,4.54862117767334,4.274341106414795,3.615342855453491,2.7889609336853027,1.6168159246444702,0.18453052639961243,-1.479516863822937,-2.9349615573883057,-3.563516616821289,-3.9377565383911133,-4.3626179695129395,-4.189825057983398,-2.613054037094116,-0.6758728623390198,0.7388334274291992,3.0651907920837402,5.773806095123291
1.673394799232483,0.990158200263977,1.892778754234314,2.8973288536071777,5.149013519287109,8.98647403717041,15.42490291595459,10.255099296569824,6.699055194854736,5.643305778503418,4.0705885887146,0.5815783143043518,0.9258243441581726,6.02945613861084,9.087545394897461,5.10255765914917,-2.8954803943634033,-7.541965961456299,-3.064505100250244,1.518026351928711,5.532962322235107,6.841454982757568,6.939689636230469,6.829629421234131,6.433805465698242,5.939019680023193,5.35941743850708,4.675640106201172,3.6668453216552734,2.853039026260376,1.6790716648101807,0.3724595010280609,-0.9632554054260254,-2.2162604331970215,-3.075932264328003,-3.817831516265869,-4.546929359436035,-4.486190319061279,-3.3049657344818115,-1.4140222072601318,0.39970022439956665,3.104815721511841,5.005063056945801
2.0144829750061035,2.2083749771118164,3.036252021789551,3.3944032192230225,3.028698682785034,2.3411829471588135,5.91580057144165,5.648575305938721,3.532601833343506,5.0353474617004395,7.273759841918945,5.922823429107666,4.288279056549072,7.423206806182861,10.54741096496582,5.538039207458496,-8.843940734863281,-8.456196784973145,-0.9349889755249023,2.9170522689819336,5.828349590301514,7.232218265533447,7.949647903442383,7.981439590454102,7.679530143737793,7.3977885246276855,6.5522589683532715,5.1922078132629395,4.133293151855469,3.0777766704559326,1.6788851022720337,0.23450572788715363,-0.7794496417045593,-1.4967145919799805,-2.2625138759613037,-3.2581913471221924,-4.259376049041748,-4.160150051116943,-3.060504674911499,-2.2724010944366455,-2.740229845046997,-1.9216203689575195,0.6406747102737427
