data/wind_data/wind_2025-02-19_03.json
{"header": {"parameterUnit": "KT", "parameterCategory": 2, "nx": 255, "ny": 198, "lo1": 44.73521041870117, "la1": -3.236724853515625, "lo2": 111.26478576660156, "la2": 43.468475341796875, "dx": 0.26192745566368103, "dy": -0.23708222806453705, "refTime": "2025-02-19 03:00:00", "forecastTime": 0, "parameterNumber": 3, "parameterNumberName": "northward_wind"}, "data":
[rows 0 to 18 of 198, columns 43 to 85 of 255]
-11.164443016052246,-10.942212104797363,-10.70599365234375,-10.607715606689453,-10.520910263061523,-10.363433837890625,-10.25572395324707,-10.344294548034668,-10.306389808654785,-10.059109687805176,-9.793095588684082,-9.475883483886719,-9.156564712524414,-8.94933032989502,-8.849440574645996,-8.839184761047363,-8.547410011291504,-8.143848419189453,-8.11219596862793,-8.128199577331543,-7.821649074554443,-7.523249626159668,-7.6105217933654785,-7.730709552764893,-7.705723762512207,-7.581953048706055,-7.269219398498535,-6.911050796508789,-6.5233330726623535,-6.15848445892334,-5.779414176940918,-5.5804362297058105,-5.512388706207275,-5.599213123321533,-5.784770488739014,-5.636666297912598,-5.232425212860107,-4.7914862632751465,-4.355600833892822,-4.125256061553955,-4.042126655578613,-4.165561199188232,-4.3985490798950195
-11.196643829345703,-11.168367385864258,-11.068982124328613,-10.89315414428711,-10.739279747009277,-10.601300239562988,-10.51894760131836,-10.630949974060059,-10.524273872375488,-10.185468673706055,-9.891674041748047,-9.647517204284668,-9.435075759887695,-9.334371566772461,-9.200687408447266,-9.06407642364502,-8.751616477966309,-8.372021675109863,-8.363781929016113,-8.43962287902832,-8.283112525939941,-8.067575454711914,-7.917209148406982,-7.751989364624023,-7.5406694412231445,-7.3669304847717285,-7.228931427001953,-6.989271640777588,-6.604400634765625,-6.214379787445068,-5.793071746826172,-5.504705905914307,-5.318802356719971,-5.269239902496338,-5.310216426849365,-5.296064853668213,-5.197624683380127,-4.909797668457031,-4.539018630981445,-4.240288257598877,-4.024866104125977,-4.086207389831543,-4.2491350173950195
-11.037409782409668,-11.097354888916016,-11.193758964538574,-11.19235610961914,-11.15755558013916,-11.156449317932129,-11.066492080688477,-11.05649185180664,-10.860360145568848,-10.396035194396973,-10.053983688354492,-10.041613578796387,-9.95361042022705,-9.641094207763672,-9.374398231506348,-9.210967063903809,-9.093788146972656,-8.960283279418945,-8.794408798217773,-8.620534896850586,-8.658300399780273,-8.643228530883789,-8.134073257446289,-7.564854621887207,-7.080577850341797,-6.772718906402588,-6.770253658294678,-6.717018127441406,-6.42884635925293,-6.107789516448975,-5.823534965515137,-5.450962066650391,-5.081521987915039,-4.846553325653076,-4.709524631500244,-4.79458475112915,-4.976428031921387,-4.931980609893799,-4.725868225097656,-4.37614631652832,-4.063493728637695,-4.014505386352539,-4.021658897399902
-10.873723983764648,-10.79564380645752,-10.974992752075195,-11.212569236755371,-11.419474601745605,-11.707365989685059,-11.538856506347656,-11.320252418518066,-11.168450355529785,-10.7755126953125,-10.279991149902344,-10.109884262084961,-10.233707427978516,-9.956038475036621,-9.502989768981934,-9.27329158782959,-9.279317855834961,-9.158575057983398,-9.010367393493652,-8.62187385559082,-8.619795799255371,-8.653443336486816,-7.933006286621094,-7.12612771987915,-6.439115524291992,-5.942688941955566,-5.80283784866333,-5.977236270904541,-6.037245273590088,-5.798802375793457,-5.694250583648682,-5.341250896453857,-4.917954921722412,-4.547868251800537,-4.175297737121582,-4.228989601135254,-4.62898588180542,-4.846460342407227,-4.760441303253174,-4.395783424377441,-4.15944242477417,-3.952453374862671,-3.7039499282836914
-10.635046005249023,-10.429417610168457,-10.432873725891113,-10.684109687805176,-11.092443466186523,-11.380169868469238,-11.291677474975586,-11.225226402282715,-10.979180335998535,-10.660292625427246,-10.227042198181152,-9.766603469848633,-9.762755393981934,-9.858438491821289,-9.647149085998535,-9.393328666687012,-9.196642875671387,-8.76282787322998,-8.216075897216797,-7.871976852416992,-8.002633094787598,-7.564688205718994,-6.954471111297607,-6.535622596740723,-5.912158012390137,-5.354339599609375,-5.0399675369262695,-5.147958278656006,-5.4925031661987305,-5.3428192138671875,-5.281063079833984,-4.987020969390869,-4.733082294464111,-4.43555212020874,-4.004746913909912,-3.92767596244812,-4.299470901489258,-4.5712385177612305,-4.554058074951172,-4.401793479919434,-4.273777484893799,-4.026124954223633,-3.70621395111084
-10.475531578063965,-10.413662910461426,-10.378059387207031,-10.614029884338379,-10.68858814239502,-10.838092803955078,-10.806414604187012,-10.93033504486084,-10.819998741149902,-10.571465492248535,-10.327230453491211,-9.840906143188477,-9.507460594177246,-9.860453605651855,-9.860576629638672,-9.557035446166992,-9.148258209228516,-8.636685371398926,-7.910558700561523,-7.428135871887207,-6.950604438781738,-5.903894901275635,-5.746884346008301,-5.792412757873535,-5.101977825164795,-4.56962776184082,-4.393548965454102,-4.572545051574707,-5.041524410247803,-4.859829902648926,-4.762128829956055,-4.626717567443848,-4.62811279296875,-4.501978874206543,-4.215303421020508,-4.07025146484375,-4.2086896896362305,-4.410799026489258,-4.495091915130615,-4.480751991271973,-4.273837566375732,-3.966468095779419,-3.7064473628997803
-10.035557746887207,-10.301010131835938,-10.338032722473145,-10.655290603637695,-10.546072006225586,-10.659663200378418,-10.60374927520752,-10.491299629211426,-10.4729585647583,-10.574042320251465,-10.627872467041016,-10.449795722961426,-10.137907981872559,-10.105710983276367,-9.883997917175293,-9.417709350585938,-9.019868850708008,-8.565454483032227,-8.007822036743164,-7.37354850769043,-6.261857032775879,-4.935314178466797,-4.4287190437316895,-4.416845321655273,-3.530888319015503,-3.228956937789917,-3.3866379261016846,-3.9030323028564453,-4.395160675048828,-4.185060501098633,-4.130416393280029,-4.231535911560059,-4.411252498626709,-4.452452182769775,-4.376034736633301,-4.247973442077637,-4.228621959686279,-4.401394844055176,-4.563549041748047,-4.393698215484619,-4.0128045082092285,-3.5553719997406006,-3.2044458389282227
-8.987531661987305,-9.517934799194336,-9.652725219726562,-10.200149536132812,-10.345565795898438,-10.318375587463379,-10.240997314453125,-10.090994834899902,-9.976958274841309,-10.205698013305664,-10.567493438720703,-10.793402671813965,-10.622815132141113,-10.008299827575684,-9.464691162109375,-8.876094818115234,-8.431037902832031,-7.906261920928955,-7.363307476043701,-6.971456527709961,-6.091656684875488,-4.542150497436523,-2.834747076034546,-2.48244571685791,-2.0979926586151123,-2.321471691131592,-2.603682041168213,-2.947747230529785,-3.239720582962036,-3.119270086288452,-3.235363483428955,-3.5089497566223145,-3.870279550552368,-4.120055675506592,-4.236618995666504,-4.124346733093262,-4.01960563659668,-4.0991597175598145,-4.273835182189941,-4.118198871612549,-3.646928310394287,-3.099707841873169,-2.562953233718872
-7.561708927154541,-8.278336524963379,-8.748151779174805,-9.693775177001953,-10.05018424987793,-9.980063438415527,-9.88901138305664,-10.04827880859375,-9.963181495666504,-9.817888259887695,-9.958075523376465,-10.230027198791504,-10.178378105163574,-9.634899139404297,-9.138383865356445,-8.535990715026855,-7.898448944091797,-7.311441898345947,-6.772747993469238,-6.171526908874512,-5.344688415527344,-3.9674935340881348,-2.1178982257843018,-1.299658179283142,-1.795310139656067,-2.2543392181396484,-2.3806686401367188,-2.120708703994751,-2.027385950088501,-1.9415407180786133,-2.345762014389038,-2.653818368911743,-3.1211373805999756,-3.4907662868499756,-3.8591482639312744,-3.909440755844116,-3.6845579147338867,-3.626330852508545,-3.6690335273742676,-3.5271823406219482,-3.102259635925293,-2.5925755500793457,-1.8553868532180786
-6.295074939727783,-6.941531181335449,-7.710949897766113,-8.741206169128418,-9.386079788208008,-9.542008399963379,-9.502284049987793,-9.701826095581055,-9.513885498046875,-9.193537712097168,-9.059789657592773,-9.161712646484375,-9.169456481933594,-9.131423950195312,-9.143455505371094,-8.608579635620117,-7.851248741149902,-7.0705647468566895,-5.9268951416015625,-4.719888687133789,-4.038541793823242,-3.500612735748291,-2.559062957763672,-1.7915383577346802,-2.1078245639801025,-2.250025749206543,-2.274482011795044,-1.7565186023712158,-1.3942666053771973,-1.2740591764450073,-1.6393394470214844,-1.8902161121368408,-2.282301902770996,-2.684904098510742,-3.244560718536377,-3.518052577972412,-3.244368553161621,-3.021914005279541,-2.8328256607055664,-2.5946340560913086,-2.307955741882324,-2.0379159450531006,-1.3565447330474854
-5.531740665435791,-5.733158111572266,-6.603250026702881,-7.386218070983887,-8.143206596374512,-8.664870262145996,-8.794442176818848,-8.668143272399902,-8.511824607849121,-8.646553039550781,-8.664226531982422,-8.558185577392578,-8.494281768798828,-8.49969482421875,-8.422277450561523,-7.866337776184082,-7.524456977844238,-7.021059989929199,-5.410557746887207,-3.9211010932922363,-3.624295949935913,-3.884411573410034,-3.8892033100128174,-4.1142168045043945,-2.688903570175171,-1.5049171447753906,-1.5395396947860718,-1.343965768814087,-1.2836326360702515,-1.1309360265731812,-1.1108369827270508,-1.2728791236877441,-1.4436872005462646,-2.0199623107910156,-2.5289549827575684,-2.6988582611083984,-2.6053574085235596,-2.3845064640045166,-2.2061686515808105,-2.0502452850341797,-1.829806923866272,-1.747633934020996,-1.4642434120178223
-4.763973236083984,-4.832507133483887,-5.499533653259277,-6.154834270477295,-6.849668979644775,-7.674627304077148,-8.100933074951172,-7.881584167480469,-7.937005043029785,-8.433816909790039,-8.531933784484863,-8.187661170959473,-8.017292976379395,-7.755738735198975,-7.062485694885254,-6.344421863555908,-6.356594562530518,-6.700067043304443,-6.064904689788818,-4.895802974700928,-4.946653842926025,-5.217885971069336,-5.788184642791748,-6.523004055023193,-3.8577029705047607,-0.7564030885696411,-0.1428055316209793,-0.49097588658332825,-1.286867618560791,-1.2199664115905762,-0.9138256311416626,-0.508370578289032,-0.6664992570877075,-1.7863733768463135,-2.1606051921844482,-2.008875608444214,-2.062917470932007,-1.9457457065582275,-1.9872808456420898,-1.8266730308532715,-1.5841147899627686,-1.4812206029891968,-1.5752249956130981
-4.065670967102051,-4.3453569412231445,-4.82314395904541,-5.6875128746032715,-6.2272443771362305,-7.10317325592041,-7.872355937957764,-7.973784446716309,-8.150446891784668,-8.360296249389648,-8.267078399658203,-7.8831562995910645,-7.844113349914551,-7.805505752563477,-6.9533305168151855,-5.828151226043701,-5.488795757293701,-5.822780609130859,-6.742070198059082,-6.93751335144043,-7.23780632019043,-7.09359884262085,-7.683469772338867,-7.807516098022461,-5.706594467163086,-2.107264995574951,0.18388640880584717,-0.6550022959709167,-2.135920286178589,-2.0080056190490723,-1.7280398607254028,-1.0057095289230347,-1.412911295890808,-2.60038161277771,-2.813079833984375,-2.643054485321045,-2.2752904891967773,-1.7895256280899048,-1.9355040788650513,-2.010586738586426,-1.885574460029602,-1.4483590126037598,-1.8354361057281494
-3.899895668029785,-4.241811275482178,-5.033550262451172,-6.1426897048950195,-6.507662296295166,-7.097213268280029,-7.997840881347656,-8.376337051391602,-8.315028190612793,-8.158702850341797,-8.108803749084473,-7.969913482666016,-7.989882469177246,-8.226509094238281,-7.9849958419799805,-6.750606060028076,-5.597409725189209,-5.768500328063965,-6.818622589111328,-8.097481727600098,-8.963704109191895,-9.641292572021484,-9.440646171569824,-8.64281177520752,-7.97571325302124,-5.685035228729248,-3.2657597064971924,-3.166214942932129,-4.15479850769043,-3.392604351043701,-3.288203001022339,-3.226881504058838,-3.665149688720703,-3.9115846157073975,-3.98138165473938,-3.6671762466430664,-2.6208581924438477,-1.973870038986206,-2.231839418411255,-2.728288412094116,-2.8007495403289795,-2.2068517208099365,-2.228909730911255
-4.3868632316589355,-4.8607892990112305,-6.103936195373535,-6.831644535064697,-7.004329681396484,-7.314186096191406,-8.016888618469238,-8.516595840454102,-8.277338027954102,-7.96754789352417,-7.977801322937012,-7.949659824371338,-7.587679862976074,-7.283426284790039,-7.663592338562012,-7.41201639175415,-6.70452356338501,-7.200403213500977,-7.220937728881836,-7.947903633117676,-9.292648315429688,-11.344560623168945,-10.675193786621094,-9.724566459655762,-10.414973258972168,-9.474091529846191,-8.697113037109375,-6.741486549377441,-6.213909149169922,-5.245151519775391,-5.112823963165283,-5.257166862487793,-5.617366313934326,-5.154534339904785,-4.755919933319092,-3.8532211780548096,-2.5496106147766113,-2.429533004760742,-2.8521974086761475,-3.103914976119995,-3.047459840774536,-2.6666016578674316,-2.644484758377075
-5.416525840759277,-5.8539137840271,-6.818685054779053,-6.732342720031738,-6.715688228607178,-6.810194492340088,-7.458907604217529,-8.208850860595703,-8.333940505981445,-8.067745208740234,-7.781117916107178,-7.481805801391602,-6.71201229095459,-6.017729759216309,-6.275933742523193,-7.217794895172119,-8.04080581665039,-8.078447341918945,-7.7296366691589355,-7.848942756652832,-9.022653579711914,-10.501858711242676,-11.060721397399902,-11.367298126220703,-11.952333450317383,-11.185362815856934,-10.234800338745117,-7.9817795753479,-6.852815628051758,-6.689418315887451,-6.733861923217773,-6.68227481842041,-6.827622413635254,-6.195413112640381,-5.088978290557861,-3.8602936267852783,-2.6477859020233154,-2.7786734104156494,-3.250424861907959,-3.3565664291381836,-2.981519937515259,-2.8309738636016846,-3.7917263507843018
-6.1671857833862305,-6.011306285858154,-6.327526569366455,-6.070863723754883,-6.193656921386719,-6.0585455894470215,-6.454476833343506,-7.158855438232422,-7.702014923095703,-7.796588897705078,-7.412643909454346,-7.098794460296631,-6.798629283905029,-6.689076900482178,-6.486440181732178,-7.275343894958496,-7.80640172958374,-7.83803129196167,-8.324860572814941,-8.710810661315918,-9.075472831726074,-9.426419258117676,-10.677058219909668,-11.348116874694824,-11.211079597473145,-10.12408447265625,-8.18875503540039,-6.480306625366211,-5.863465309143066,-6.083579063415527,-6.960503578186035,-7.1099138259887695,-7.050052165985107,-6.392191410064697,-5.337347030639648,-4.307033538818359,-3.3178961277008057,-3.3629066944122314,-3.727825880050659,-4.019843101501465,-4.153469085693359,-4.720273017883301,-5.022626876831055
-6.7093305587768555,-5.618022441864014,-5.288692474365234,-5.5726776123046875,-5.975393295288086,-5.601574420928955,-5.555085182189941,-5.9070305824279785,-6.418426990509033,-6.780096054077148,-6.943436622619629,-7.033233165740967,-7.246470928192139,-7.4827728271484375,-7.414405345916748,-7.233804702758789,-6.9861273765563965,-7.454094409942627,-8.26552677154541,-9.148534774780273,-9.308878898620605,-9.491259574890137,-9.941068649291992,-10.180760383605957,-10.023980140686035,-8.866035461425781,-6.7294793128967285,-5.0018134117126465,-5.624301433563232,-6.430372714996338,-7.226301670074463,-6.964790344238281,-6.753693580627441,-6.1623616218566895,-5.755624294281006,-4.94800329208374,-4.308227062225342,-4.343791484832764,-4.591043472290039,-4.998567581176758,-5.656009674072266,-6.165606498718262,-5.713873863220215
-7.565733432769775,-5.869460582733154,-4.927541255950928,-5.230688571929932,-5.663112640380859,-5.113042831420898,-4.904794216156006,-5.185452938079834,-5.586414813995361,-5.983321666717529,-6.495994567871094,-6.718844413757324,-6.675512790679932,-6.73768949508667,-7.131146430969238,-6.931435585021973,-6.8061370849609375,-7.13262939453125,-7.487146377563477,-8.239714622497559,-8.82997989654541,-8.993451118469238,-8.884305000305176,-9.258354187011719,-9.740102767944336,-9.005921363830566,-7.567430019378662,-6.0223798751831055,-7.5435309410095215,-8.604401588439941,-8.015582084655762,-7.021133899688721,-6.572777271270752,-6.250038146972656,-6.182652950286865,-5.659761905670166,-5.242485523223877,-5.2025146484375,-5.253273010253906,-5.906675338745117,-6.585707664489746,-6.532768249511719,-6.065755844116211
