data/wind_data/wind_47_2.json
{"header": {"parameterUnit": "KT", "parameterCategory": 2, "nx": 256, "ny": 198, "lo1": 44.73521041870117, "la1": -3.236724853515625, "lo2": 111.26478576660156, "la2": 43.468475341796875, "dx": 0.2609002888202667, "dy": -0.23708222806453705, "refTime": "2025-02-20 23:00:00", "forecastTime": 0, "parameterNumber": 2, "parameterNumberName": "eastward_wind"}, "data":
[rows 38 to 56 of 198, columns 129 to 171 of 256]
-8.031291961669922,-5.57731294631958,-4.9561638832092285,-6.842050075531006,-7.163449764251709,-5.537571907043457,-1.812090277671814,-4.6758623123168945,-10.179313659667969,-12.637836456298828,-12.81546401977539,-14.64099407196045,-15.831306457519531,-12.009092330932617,-9.492911338806152,-10.88643741607666,-11.642516136169434,-12.209691047668457,-12.312627792358398,-13.151849746704102,-12.447309494018555,-12.636723518371582,-12.712644577026367,-14.659224510192871,-17.32328224182129,-17.68443489074707,-18.508779525756836,-16.391136169433594,-13.20151138305664,-12.220270156860352,-15.553110122680664,-17.90374755859375,-17.784894943237305,-18.13465118408203,-16.285289764404297,-15.469980239868164,-14.641313552856445,-14.51695442199707,-16.531848907470703,-16.270721435546875,-14.68025016784668,-14.264310836791992,-16.656909942626953
-11.920366287231445,-9.300459861755371,-6.948333740234375,-5.99129581451416,-4.830561637878418,-4.53025484085083,-2.9716439247131348,-2.549025058746338,-5.259947299957275,-14.0022554397583,-13.400733947753906,-13.582319259643555,-15.99280834197998,-14.154207229614258,-9.893925666809082,-10.883309364318848,-12.403359413146973,-12.656940460205078,-11.73137092590332,-12.946319580078125,-12.578943252563477,-13.74789810180664,-13.465786933898926,-14.63004207611084,-14.836360931396484,-13.429827690124512,-15.031987190246582,-15.299400329589844,-12.332165718078613,-12.339975357055664,-16.72281837463379,-18.472503662109375,-18.49717903137207,-18.594547271728516,-17.265249252319336,-15.259281158447266,-13.323992729187012,-12.718449592590332,-11.731313705444336,-12.296577453613281,-11.998784065246582,-13.361607551574707,-15.571907043457031
-14.485377311706543,-12.697944641113281,-10.73857593536377,-8.250280380249023,-6.018357276916504,-4.832463264465332,-3.206907033920288,-2.0753750801086426,-8.371245384216309,-14.740862846374512,-13.440252304077148,-15.38160514831543,-17.351816177368164,-11.74600887298584,-12.488819122314453,-14.122171401977539,-13.48910903930664,-13.374691009521484,-11.56983470916748,-11.882323265075684,-13.43577766418457,-15.197134971618652,-15.347489356994629,-14.595802307128906,-13.954941749572754,-11.82245922088623,-11.687219619750977,-14.579806327819824,-11.682619094848633,-9.99707317352295,-12.66663646697998,-16.316930770874023,-16.110063552856445,-11.615038871765137,-11.945374488830566,-13.55711841583252,-12.527216911315918,-14.383440971374512,-13.47801399230957,-11.596687316894531,-8.779143333435059,-13.1172513961792,-11.715107917785645
-14.382370948791504,-13.114814758300781,-12.708547592163086,-11.582797050476074,-9.81344985961914,-7.990653038024902,-7.39603328704834,-9.00338077545166,-13.88369369506836,-17.213638305664062,-13.089033126831055,-12.932126998901367,-15.6708345413208,-10.50826644897461,-15.163829803466797,-13.506258964538574,-12.398529052734375,-12.202268600463867,-13.76288890838623,-11.243559837341309,-12.967649459838867,-14.103313446044922,-13.746861457824707,-13.621952056884766,-13.452595710754395,-13.979098320007324,-12.84549617767334,-13.54552936553955,-11.15011978149414,-11.779728889465332,-12.711224555969238,-11.322138786315918,-13.236239433288574,-10.023991584777832,-13.062566757202148,-17.0618839263916,-10.648622512817383,-15.98636245727539,-17.979801177978516,-18.233182907104492,-18.123456954956055,-15.574000358581543,-11.124510765075684
-13.933687210083008,-14.016735076904297,-13.923920631408691,-12.912114143371582,-11.642053604125977,-11.43330192565918,-13.09975814819336,-16.882787704467773,-19.757558822631836,-16.5223445892334,-12.571592330932617,-14.408977508544922,-13.663808822631836,-10.413485527038574,-13.879356384277344,-14.0830078125,-12.663182258605957,-13.902922630310059,-14.291084289550781,-12.82822036743164,-11.959075927734375,-12.067160606384277,-12.118620872497559,-12.9732666015625,-14.667276382446289,-15.994400978088379,-14.416875839233398,-12.11100959777832,-13.665521621704102,-18.6738338470459,-16.675737380981445,-10.415870666503906,-14.843111038208008,-19.646678924560547,-19.327312469482422,-16.860044479370117,-15.196358680725098,-18.503742218017578,-19.10469627380371,-16.759748458862305,-18.148527145385742,-18.664995193481445,-14.07066822052002
-13.634923934936523,-14.457012176513672,-15.548285484313965,-15.84206771850586,-14.566598892211914,-15.272789001464844,-18.207130432128906,-19.123924255371094,-18.71286392211914,-18.659130096435547,-17.249256134033203,-12.501187324523926,-11.78832721710205,-11.144659042358398,-14.3864107131958,-14.500699996948242,-13.367254257202148,-15.746087074279785,-16.13567543029785,-14.503334045410156,-12.089855194091797,-12.201919555664062,-13.725915908813477,-15.168953895568848,-17.12211799621582,-17.35671043395996,-14.029090881347656,-10.931122779846191,-12.972794532775879,-17.57949447631836,-15.805961608886719,-11.736361503601074,-14.040600776672363,-17.425418853759766,-16.77640724182129,-19.593456268310547,-20.507732391357422,-20.58980369567871,-20.436899185180664,-20.967613220214844,-21.809541702270508,-20.19210433959961,-18.332660675048828
-14.015911102294922,-14.461220741271973,-14.640495300292969,-16.868377685546875,-18.40889549255371,-19.621213912963867,-20.079566955566406,-19.556560516357422,-18.12732696533203,-16.642122268676758,-15.478320121765137,-12.474502563476562,-11.770890235900879,-11.86662769317627,-12.377483367919922,-13.22977066040039,-14.442333221435547,-14.398813247680664,-14.194038391113281,-14.877497673034668,-13.686169624328613,-12.500991821289062,-14.560797691345215,-16.60976219177246,-16.125057220458984,-15.643393516540527,-14.318999290466309,-13.050049781799316,-14.256857872009277,-16.626718521118164,-14.355181694030762,-12.260746002197266,-14.430270195007324,-18.005399703979492,-18.64534568786621,-21.14354705810547,-21.22724151611328,-17.928266525268555,-16.42482566833496,-19.03486442565918,-21.927534103393555,-21.5656681060791,-20.237207412719727
-14.62092113494873,-13.774681091308594,-14.224397659301758,-16.34333038330078,-18.957630157470703,-20.310672760009766,-19.473548889160156,-18.465147018432617,-18.065536499023438,-17.297710418701172,-15.534761428833008,-12.883875846862793,-12.466087341308594,-12.903569221496582,-12.938787460327148,-13.521699905395508,-13.80685043334961,-12.719803810119629,-14.41274356842041,-16.732929229736328,-16.047698974609375,-12.433786392211914,-11.530641555786133,-15.267492294311523,-16.636032104492188,-15.76439380645752,-15.944469451904297,-15.832837104797363,-15.647354125976562,-15.089337348937988,-14.276606559753418,-13.500678062438965,-15.054951667785645,-18.81999969482422,-18.13780975341797,-18.695165634155273,-17.11490249633789,-12.37455940246582,-11.255072593688965,-14.576910972595215,-16.900598526000977,-16.54409408569336,-16.185747146606445
-14.937318801879883,-12.752481460571289,-13.914993286132812,-16.66851043701172,-19.03078842163086,-19.682662963867188,-19.44925308227539,-19.006221771240234,-18.374549865722656,-16.948688507080078,-13.866539001464844,-11.442804336547852,-11.47552490234375,-13.031610488891602,-15.881299018859863,-13.737248420715332,-12.201556205749512,-13.976265907287598,-16.853466033935547,-18.184154510498047,-14.28669548034668,-13.778693199157715,-13.086095809936523,-14.438960075378418,-15.321504592895508,-14.069123268127441,-15.59396743774414,-15.8325777053833,-13.248635292053223,-12.041535377502441,-14.82425308227539,-15.772318840026855,-15.324928283691406,-15.875834465026855,-14.669219970703125,-14.670026779174805,-14.76309585571289,-15.3607759475708,-18.391775131225586,-17.897371292114258,-13.591930389404297,-13.406362533569336,-17.144044876098633
-15.088650703430176,-14.098823547363281,-14.00049877166748,-15.828160285949707,-17.535045623779297,-19.300050735473633,-19.682388305664062,-18.066383361816406,-16.92828369140625,-15.643458366394043,-13.366866111755371,-10.932501792907715,-9.916479110717773,-12.653406143188477,-14.891545295715332,-14.622139930725098,-13.130878448486328,-13.970409393310547,-15.409953117370605,-13.971837043762207,-12.692459106445312,-13.97346305847168,-14.745190620422363,-14.532732009887695,-13.686939239501953,-12.185749053955078,-12.05219554901123,-13.952041625976562,-13.655732154846191,-12.921441078186035,-14.591580390930176,-17.80608367919922,-15.044778823852539,-12.498810768127441,-11.637354850769043,-11.372635841369629,-15.31234073638916,-20.994796752929688,-22.126663208007812,-19.14434814453125,-17.735620498657227,-20.599016189575195,-18.852943420410156
-14.341379165649414,-14.35245132446289,-12.919248580932617,-13.884905815124512,-15.828666687011719,-17.585153579711914,-18.058250427246094,-15.664584159851074,-13.959338188171387,-13.714192390441895,-14.664393424987793,-15.278677940368652,-14.435057640075684,-11.720694541931152,-11.131332397460938,-15.26191234588623,-15.741133689880371,-10.79533863067627,-12.553876876831055,-14.425004959106445,-13.911002159118652,-13.598647117614746,-14.822158813476562,-16.225431442260742,-14.689138412475586,-13.193458557128906,-13.104426383972168,-13.262786865234375,-14.5082426071167,-14.298042297363281,-14.04780387878418,-14.316651344299316,-12.295184135437012,-11.438122749328613,-16.01409339904785,-12.211559295654297,-12.978995323181152,-18.016111373901367,-17.893226623535156,-17.843507766723633,-19.092798233032227,-20.202407836914062,-18.786352157592773
-14.345654487609863,-13.851502418518066,-12.263752937316895,-13.50572681427002,-15.947235107421875,-17.067960739135742,-16.24519920349121,-14.331143379211426,-13.189937591552734,-11.648921012878418,-14.430817604064941,-17.340410232543945,-13.747437477111816,-12.318303108215332,-12.84548568725586,-15.4227876663208,-14.82297420501709,-11.618253707885742,-12.62226676940918,-15.015395164489746,-14.291047096252441,-13.51834487915039,-13.603233337402344,-14.142670631408691,-14.425454139709473,-14.96245002746582,-14.712034225463867,-13.517034530639648,-13.060805320739746,-14.546075820922852,-14.549433708190918,-13.241377830505371,-13.875932693481445,-17.088430404663086,-18.656827926635742,-14.302938461303711,-13.15106201171875,-15.138076782226562,-14.566160202026367,-16.153831481933594,-17.286462783813477,-15.66747760772705,-15.10371208190918
-13.799586296081543,-14.518722534179688,-14.060117721557617,-13.483041763305664,-13.81845474243164,-14.467469215393066,-14.611000061035156,-16.04133415222168,-15.14148235321045,-13.68207836151123,-12.72081470489502,-12.603139877319336,-12.580219268798828,-12.31219482421875,-12.952960968017578,-13.742444038391113,-12.54215145111084,-11.469111442565918,-12.466950416564941,-12.576764106750488,-13.259819030761719,-15.085783958435059,-14.46463394165039,-13.374135971069336,-14.309791564941406,-15.69433879852295,-16.823841094970703,-12.860586166381836,-11.07912826538086,-13.932130813598633,-15.28829574584961,-14.306005477905273,-13.00304126739502,-13.833694458007812,-15.791787147521973,-16.250715255737305,-14.727505683898926,-11.785115242004395,-10.936230659484863,-14.728795051574707,-18.278974533081055,-15.306633949279785,-13.444134712219238
-13.175698280334473,-14.006317138671875,-15.71544075012207,-15.145936012268066,-12.195613861083984,-10.940869331359863,-12.207849502563477,-14.696815490722656,-14.331451416015625,-13.74178695678711,-12.215155601501465,-10.66678524017334,-10.336259841918945,-11.210586547851562,-12.213780403137207,-12.360857009887695,-12.600237846374512,-13.419245719909668,-13.315958023071289,-11.354557037353516,-10.472415924072266,-12.432134628295898,-16.41134262084961,-16.6557559967041,-13.163701057434082,-14.155478477478027,-16.607385635375977,-11.4776611328125,-10.108083724975586,-12.595230102539062,-14.05623722076416,-13.997562408447266,-14.464533805847168,-14.73155689239502,-14.493491172790527,-14.824285507202148,-10.840706825256348,-12.187499046325684,-16.06468963623047,-14.266378402709961,-17.975690841674805,-14.930668830871582,-13.988066673278809
-13.710672378540039,-13.300743103027344,-14.995388984680176,-15.766809463500977,-14.073941230773926,-11.537931442260742,-11.063028335571289,-12.295234680175781,-14.04139518737793,-15.433687210083008,-14.2891206741333,-12.63531494140625,-12.301469802856445,-11.94565200805664,-11.694452285766602,-12.364895820617676,-12.337238311767578,-11.532706260681152,-12.975680351257324,-13.674565315246582,-10.598409652709961,-9.837957382202148,-13.519039154052734,-15.822986602783203,-15.931461334228516,-16.50009536743164,-13.487089157104492,-12.451273918151855,-12.366238594055176,-11.452603340148926,-13.57537841796875,-14.21650505065918,-14.601912498474121,-13.304364204406738,-10.424094200134277,-11.954313278198242,-16.63447380065918,-18.070632934570312,-15.370065689086914,-13.56046199798584,-15.3104887008667,-15.091748237609863,-15.109947204589844
-13.45088005065918,-12.945822715759277,-14.725723266601562,-15.476373672485352,-13.49193286895752,-12.019065856933594,-11.091167449951172,-11.495565414428711,-13.29055118560791,-14.145554542541504,-13.43564224243164,-10.874992370605469,-11.622940063476562,-11.762510299682617,-11.473930358886719,-10.56171703338623,-9.805997848510742,-9.99581527709961,-9.476947784423828,-10.18953800201416,-11.755573272705078,-12.568720817565918,-13.39471435546875,-15.162379264831543,-15.648239135742188,-14.363592147827148,-14.13875961303711,-15.69398307800293,-14.822534561157227,-11.625407218933105,-10.57633113861084,-12.74261474609375,-13.408036231994629,-12.922869682312012,-12.859197616577148,-12.177220344543457,-15.628604888916016,-17.257596969604492,-14.293458938598633,-13.9769287109375,-16.065826416015625,-14.428133010864258,-14.679752349853516
-12.60915756225586,-12.73635482788086,-13.821162223815918,-15.320962905883789,-14.337322235107422,-11.09639835357666,-10.68416976928711,-11.35661506652832,-12.49610710144043,-12.068541526794434,-12.32486343383789,-12.357308387756348,-12.488898277282715,-12.709617614746094,-9.888635635375977,-8.389761924743652,-9.537049293518066,-9.980525970458984,-8.427999496459961,-8.70846176147461,-11.677531242370605,-13.077815055847168,-12.492767333984375,-11.363763809204102,-11.533334732055664,-13.399712562561035,-14.715771675109863,-15.765670776367188,-15.515028953552246,-13.237884521484375,-11.108019828796387,-11.717903137207031,-12.398118019104004,-12.673562049865723,-13.652814865112305,-12.718749046325684,-13.983094215393066,-15.662622451782227,-15.199239730834961,-15.012706756591797,-14.77992057800293,-14.408862113952637,-14.367860794067383
-15.519323348999023,-15.535799026489258,-14.343647956848145,-14.587867736816406,-14.593228340148926,-13.089301109313965,-11.306502342224121,-12.584954261779785,-11.870508193969727,-11.3156099319458,-13.090678215026855,-14.617783546447754,-13.012872695922852,-11.109664916992188,-11.567174911499023,-12.291853904724121,-12.033075332641602,-10.050472259521484,-8.419868469238281,-9.840877532958984,-10.01738452911377,-11.354674339294434,-12.25826644897461,-12.293618202209473,-12.373790740966797,-13.24228572845459,-14.391456604003906,-13.710135459899902,-12.99438190460205,-13.539192199707031,-13.28950309753418,-12.547049522399902,-11.339625358581543,-10.897963523864746,-12.551227569580078,-14.494100570678711,-14.907720565795898,-14.716395378112793,-14.449840545654297,-13.952925682067871,-13.740034103393555,-13.917489051818848,-13.377314567565918
-19.769067764282227,-18.64502716064453,-15.30562686920166,-15.01342487335205,-15.125945091247559,-13.895129203796387,-13.280362129211426,-13.397709846496582,-11.95862102508545,-11.112874984741211,-11.813899993896484,-12.774526596069336,-12.551265716552734,-13.06838607788086,-13.933563232421875,-11.203286170959473,-9.127493858337402,-11.329877853393555,-13.408232688903809,-11.9400053024292,-10.290278434753418,-9.727862358093262,-12.86655330657959,-13.640716552734375,-10.726921081542969,-11.423458099365234,-11.8477144241333,-9.445169448852539,-10.570147514343262,-14.387401580810547,-13.1056489944458,-13.11844253540039,-12.794853210449219,-11.863239288330078,-14.305014610290527,-17.058595657348633,-15.1373291015625,-15.001145362854004,-13.898567199707031,-13.141627311706543,-14.375386238098145,-14.576927185058594,-13.791178703308105
