data/wind_data/wind_23_2.json
{"header": {"parameterUnit": "KT", "parameterCategory": 2, "nx": 256, "ny": 198, "lo1": 44.73521041870117, "la1": -3.236724853515625, "lo2": 111.26478576660156, "la2": 43.468475341796875, "dx": 0.2609002888202667, "dy": -0.23708222806453705, "refTime": "2025-02-19 23:00:00", "forecastTime": 0, "parameterNumber": 2, "parameterNumberName": "eastward_wind"}, "data":
[rows 133 to 151 of 198, columns 129 to 171 of 256]
-11.09958267211914,-5.453939437866211,5.425348281860352,10.075380325317383,4.683837890625,-0.3704874813556671,-0.5105799436569214,1.3886536359786987,1.7091859579086304,4.65341854095459,9.176291465759277,10.94871711730957,3.7070958614349365,2.357884407043457,6.289944648742676,14.50929069519043,19.483787536621094,21.673179626464844,18.00449562072754,14.862350463867188,17.77451515197754,19.951011657714844,20.33348274230957,20.57848358154297,20.50990867614746,20.473037719726562,21.05672836303711,21.126285552978516,20.61623764038086,20.006816864013672,17.42348861694336,15.474425315856934,15.43674373626709,16.15294647216797,17.844074249267578,19.043840408325195,19.58313751220703,20.6677188873291,20.31053924560547,22.12161636352539,21.718475341796875,16.661212921142578,16.732534408569336
-3.82124400138855,0.620266854763031,2.6637628078460693,5.024500846862793,7.102965831756592,4.461460113525391,3.7337841987609863,6.810449123382568,9.687870025634766,13.593449592590332,12.708874702453613,12.313552856445312,11.493904113769531,10.450021743774414,12.927274703979492,16.916492462158203,17.894411087036133,17.948713302612305,19.235973358154297,20.595487594604492,21.45339012145996,22.213302612304688,22.4182071685791,21.342317581176758,20.80137825012207,21.494478225708008,21.976539611816406,20.763139724731445,19.53813362121582,18.683801651000977,16.980993270874023,16.991504669189453,17.72564125061035,17.696430206298828,18.425519943237305,20.111263275146484,21.553789138793945,20.416118621826172,18.095985412597656,17.319005966186523,18.992589950561523,20.184473037719727,18.975690841674805
-3.8408451080322266,-6.912160396575928,-6.322668075561523,-1.8652423620224,5.744801044464111,13.1680269241333,10.492356300354004,16.033266067504883,24.665340423583984,20.657533645629883,11.250015258789062,11.199153900146484,15.239520072937012,16.257356643676758,17.22751235961914,18.088228225708008,18.496400833129883,20.846940994262695,23.403186798095703,23.75927734375,22.625171661376953,22.569833755493164,21.889286041259766,20.803237915039062,21.41025733947754,22.40932273864746,22.67547035217285,21.73479652404785,20.89446449279785,19.208093643188477,17.916759490966797,18.46731185913086,18.802865982055664,18.67353630065918,19.00226593017578,17.575403213500977,16.04977035522461,15.320587158203125,16.609638214111328,17.162761688232422,16.93431282043457,17.563261032104492,17.55964469909668
-6.750720500946045,-8.965662002563477,-7.797422885894775,-1.2105298042297363,4.997653484344482,9.592360496520996,15.271815299987793,23.39141273498535,19.101211547851562,9.992531776428223,6.703719139099121,10.721179962158203,15.077686309814453,17.011756896972656,18.2614803314209,19.622539520263672,21.2789249420166,23.159711837768555,24.771310806274414,23.972888946533203,22.13336753845215,21.57343292236328,20.62002944946289,20.50104331970215,21.90778350830078,23.393892288208008,23.93545150756836,22.46726417541504,19.682836532592773,17.804580688476562,17.971874237060547,17.352745056152344,16.316518783569336,16.681652069091797,17.06886863708496,18.80196189880371,18.52341079711914,14.756593704223633,13.756372451782227,15.380627632141113,14.438581466674805,13.475322723388672,15.275274276733398
-14.688790321350098,-8.028311729431152,-2.3975577354431152,1.7195345163345337,13.695963859558105,21.162357330322266,22.839889526367188,13.134943962097168,4.970547199249268,0.42416831851005554,4.6242828369140625,11.984804153442383,16.351951599121094,18.63768196105957,19.91122055053711,21.835031509399414,23.060102462768555,23.15679931640625,22.8267765045166,21.137081146240234,20.139629364013672,19.181737899780273,17.674331665039062,19.51817512512207,23.011005401611328,24.412296295166016,23.5063533782959,21.05868148803711,18.583894729614258,16.827896118164062,15.467073440551758,13.958398818969727,13.93972110748291,14.779523849487305,15.5779390335083,18.30975914001465,14.173567771911621,10.710219383239746,11.138903617858887,11.387030601501465,11.626952171325684,9.34837532043457,13.064947128295898
3.547240972518921,3.3590846061706543,6.6576642990112305,16.14006805419922,26.234819412231445,26.657272338867188,10.732246398925781,1.3827427625656128,-0.34361356496810913,1.5451312065124512,7.925113201141357,14.244658470153809,17.92698860168457,20.293397903442383,21.64620590209961,23.9390926361084,23.53595542907715,23.15044403076172,22.189064025878906,20.774015426635742,20.8470458984375,20.935827255249023,20.985164642333984,19.16942596435547,18.293560028076172,17.392738342285156,17.335237503051758,19.30999183654785,18.894617080688477,16.072568893432617,14.931455612182617,15.010895729064941,15.091434478759766,14.55858325958252,16.84656524658203,18.095386505126953,15.01340389251709,13.455214500427246,12.872404098510742,14.122041702270508,12.002070426940918,10.900191307067871,13.345348358154297
4.2920355796813965,10.76012134552002,11.925844192504883,11.834707260131836,10.785042762756348,7.852964401245117,0.34646621346473694,0.5880241990089417,0.9101611375808716,4.754852294921875,12.457141876220703,18.30524253845215,21.264846801757812,20.669933319091797,21.148115158081055,23.019649505615234,24.051532745361328,21.933395385742188,17.983062744140625,18.562904357910156,20.08851432800293,22.47256088256836,20.954683303833008,18.798954010009766,17.16066551208496,16.712507247924805,16.199840545654297,16.798704147338867,16.479631423950195,13.754694938659668,12.449682235717773,12.395027160644531,12.827754974365234,15.75837230682373,18.372936248779297,18.174253463745117,16.865766525268555,15.783587455749512,16.519350051879883,14.276324272155762,11.843281745910645,13.131692886352539,17.26254653930664
-0.7945436239242554,2.572755813598633,2.9700236320495605,-2.089663028717041,-7.152796745300293,-5.114011287689209,-0.6017423272132874,2.4872758388519287,3.999699592590332,10.981392860412598,17.719032287597656,20.34634780883789,20.844648361206055,20.719018936157227,21.15838050842285,21.25065803527832,22.228788375854492,20.16620445251465,17.674823760986328,18.081090927124023,19.311853408813477,17.933889389038086,16.582637786865234,16.506061553955078,15.615571022033691,15.616436958312988,14.562673568725586,13.87583065032959,15.114397048950195,15.553232192993164,14.476628303527832,13.67863941192627,15.717976570129395,19.00299644470215,20.51449966430664,20.31892967224121,18.87420082092285,17.273046493530273,16.592641830444336,16.772615432739258,14.364999771118164,13.998024940490723,17.252094268798828
-0.8076751232147217,0.38439279794692993,0.4528076946735382,-3.123513698577881,-7.770645618438721,-6.383546829223633,1.0952279567718506,4.580630779266357,9.603986740112305,16.57097816467285,20.17447280883789,19.09435272216797,20.031185150146484,20.72857093811035,21.44402503967285,21.75059700012207,20.273698806762695,16.916728973388672,16.22077178955078,19.02973747253418,20.170658111572266,18.064037322998047,15.653359413146973,14.89008903503418,15.269913673400879,16.015724182128906,16.165985107421875,16.131528854370117,18.419965744018555,20.95030403137207,20.557540893554688,19.125104904174805,18.88958168029785,20.111318588256836,20.12981414794922,19.072097778320312,17.470542907714844,16.90033531188965,15.940750122070312,15.72770881652832,16.182254791259766,13.98117446899414,13.877140998840332
0.5987390279769897,2.7888572216033936,3.454509973526001,1.5582911968231201,-1.2817916870117188,1.5892364978790283,6.878088474273682,9.325246810913086,15.073773384094238,17.897165298461914,13.723299026489258,16.15847396850586,21.345001220703125,21.138202667236328,18.72836685180664,19.236507415771484,18.844276428222656,17.547504425048828,17.92067527770996,19.630878448486328,20.818134307861328,20.747764587402344,19.795873641967773,18.937576293945312,19.49641990661621,20.574291229248047,20.3602352142334,19.929475784301758,20.771642684936523,21.025928497314453,20.309181213378906,19.175485610961914,17.69613265991211,17.59092903137207,18.08368682861328,18.055850982666016,17.037443161010742,15.296184539794922,14.18017578125,13.53566837310791,13.950854301452637,14.73900032043457,14.589998245239258
2.6452019214630127,6.456358432769775,6.41949987411499,5.894069671630859,7.692246913909912,12.414637565612793,9.256601333618164,8.652433395385742,11.354328155517578,8.37901782989502,9.530134201049805,17.349584579467773,22.49738883972168,18.584121704101562,14.952225685119629,16.355960845947266,18.431699752807617,19.56059455871582,20.430377960205078,20.963205337524414,22.410917282104492,22.86118507385254,21.612621307373047,19.9610538482666,18.592363357543945,18.364540100097656,20.117271423339844,21.257184982299805,19.459280014038086,16.642425537109375,14.94441032409668,12.936790466308594,11.55031967163086,13.613092422485352,17.95014190673828,20.773462295532227,19.80441665649414,17.937259674072266,16.479642868041992,14.798784255981445,14.41812515258789,15.211771011352539,16.523237228393555
4.9290056228637695,8.287253379821777,7.895763874053955,9.198244094848633,15.622232437133789,12.1936616897583,1.6869487762451172,3.370788812637329,7.402247428894043,9.424178123474121,14.349751472473145,21.08941650390625,19.53182601928711,14.57198429107666,13.036669731140137,14.886563301086426,16.995494842529297,18.60344886779785,19.634681701660156,20.427831649780273,20.029212951660156,18.131711959838867,17.404834747314453,15.95095157623291,15.686408042907715,17.467758178710938,19.23800277709961,18.655193328857422,15.717290878295898,12.243624687194824,12.133609771728516,12.788636207580566,12.063070297241211,13.600735664367676,16.70359992980957,17.949542999267578,17.087413787841797,16.029685974121094,15.684056282043457,17.416786193847656,19.134777069091797,18.82379722595215,17.792625427246094
7.321880340576172,10.347901344299316,11.229918479919434,13.934096336364746,9.097721099853516,-0.7409233450889587,2.730100154876709,7.6568074226379395,9.372937202453613,12.072073936462402,17.889381408691406,17.553239822387695,11.182300567626953,9.614462852478027,11.070650100708008,13.30624771118164,15.417635917663574,17.440237045288086,18.357210159301758,18.41480255126953,18.192319869995117,15.753446578979492,14.010682106018066,13.630175590515137,14.828093528747559,16.913854598999023,17.69994354248047,16.455846786499023,15.729735374450684,15.402223587036133,14.778604507446289,13.69409465789795,12.942756652832031,13.274130821228027,14.21567440032959,14.15302562713623,13.387063026428223,12.9056978225708,13.345836639404297,17.328250885009766,20.07315444946289,18.434940338134766,17.524293899536133
9.967327117919922,13.01928997039795,10.881255149841309,6.47859001159668,2.0515613555908203,3.9458377361297607,9.94959545135498,13.795162200927734,12.586849212646484,12.752957344055176,15.989781379699707,13.630280494689941,9.816935539245605,9.558106422424316,11.709254264831543,14.095754623413086,15.949515342712402,17.0032958984375,17.52722930908203,18.147937774658203,19.002304077148438,16.42400550842285,13.24533748626709,13.011458396911621,14.639591217041016,16.06142807006836,16.128103256225586,15.50871467590332,16.355138778686523,17.343080520629883,17.443233489990234,17.306859970092773,15.187812805175781,14.227753639221191,14.226242065429688,14.004416465759277,13.394999504089355,13.596617698669434,15.306037902832031,19.293424606323242,18.404949188232422,12.618932723999023,11.853551864624023
10.465141296386719,9.173069953918457,5.977560520172119,5.851399898529053,7.989582061767578,11.719746589660645,10.333121299743652,9.327982902526855,8.095917701721191,9.23575210571289,12.314297676086426,13.450672149658203,11.347589492797852,10.024740219116211,11.828404426574707,14.854839324951172,15.055216789245605,14.483513832092285,13.99285888671875,16.475011825561523,19.65683937072754,18.78618049621582,15.445047378540039,15.589406967163086,17.656728744506836,18.617826461791992,19.21998405456543,19.99407958984375,19.871639251708984,19.327177047729492,17.69232940673828,18.003883361816406,18.403409957885742,17.03506088256836,16.258197784423828,17.627962112426758,18.841232299804688,18.764263153076172,18.487735748291016,18.879104614257812,14.799471855163574,7.101958751678467,7.184477806091309
10.41568660736084,10.23529052734375,8.847905158996582,11.922919273376465,8.89859676361084,1.9657151699066162,-0.04360685497522354,0.725029706954956,3.7313616275787354,8.847899436950684,12.798418998718262,13.936263084411621,12.44434642791748,11.465761184692383,13.264433860778809,16.803966522216797,16.944849014282227,13.579777717590332,12.693419456481934,18.040220260620117,20.86501693725586,20.395849227905273,18.63821792602539,19.0778751373291,20.329126358032227,20.15100860595703,21.541606903076172,22.860595703125,21.351613998413086,14.862812995910645,13.613164901733398,17.51197052001953,19.220441818237305,17.599565505981445,18.072978973388672,20.556955337524414,22.817262649536133,24.29207992553711,19.550233840942383,14.844771385192871,12.829930305480957,9.255208015441895,7.078164100646973
12.520462036132812,9.367902755737305,5.675570487976074,7.5808305740356445,2.3892855644226074,0.3998758792877197,3.1073460578918457,4.032042503356934,4.484576225280762,6.750066757202148,9.238055229187012,10.591383934020996,11.361042022705078,12.662775039672852,14.51335620880127,17.558046340942383,19.42011070251465,16.128215789794922,14.676983833312988,18.42603874206543,21.210147857666016,23.544578552246094,18.989322662353516,15.676082611083984,16.033985137939453,17.480167388916016,18.603073120117188,19.624675750732422,13.686910629272461,8.919960021972656,11.184844017028809,13.99808406829834,15.258026123046875,16.37945556640625,18.929658889770508,21.386932373046875,22.731470108032227,27.49909782409668,22.565824508666992,14.740715026855469,13.71711254119873,16.264331817626953,13.301431655883789
8.860780715942383,5.399969100952148,7.2531232833862305,9.26876163482666,7.540883541107178,8.601249694824219,10.716789245605469,9.497182846069336,7.135519981384277,6.198126792907715,7.780795574188232,9.437743186950684,10.318266868591309,12.455331802368164,15.751038551330566,19.17332649230957,20.46120834350586,18.458118438720703,17.937942504882812,20.447751998901367,21.7708683013916,22.889127731323242,20.92875099182129,14.667563438415527,12.454021453857422,13.404534339904785,15.488414764404297,15.03099250793457,12.695382118225098,12.327184677124023,13.478754997253418,15.12679386138916,16.537734985351562,17.938840866088867,19.498136520385742,21.2836856842041,23.06341552734375,28.515581130981445,26.286638259887695,19.092302322387695,18.501310348510742,19.967737197875977,19.130958557128906
2.154606819152832,6.290558338165283,9.445497512817383,10.67671012878418,11.364408493041992,13.771190643310547,15.081522941589355,13.06540298461914,9.835771560668945,7.786714553833008,9.595531463623047,11.525711059570312,11.4531831741333,14.008048057556152,18.76875877380371,20.845073699951172,19.204856872558594,19.288175582885742,21.243810653686523,23.26882553100586,22.544445037841797,20.632780075073242,21.74469757080078,20.3348445892334,14.568313598632812,11.514293670654297,12.315323829650879,15.032397270202637,18.547670364379883,20.43701171875,20.337284088134766,20.60074806213379,20.93161392211914,20.902488708496094,21.230634689331055,21.58759307861328,22.52126121520996,26.50489044189453,26.994050979614258,24.314653396606445,24.51968002319336,23.34941291809082,19.484140396118164
