data/wind_data/wind_11_4.json
{"header": {"parameterUnit": "KT", "parameterCategory": 2, "nx": 256, "ny": 198, "lo1": 44.73521041870117, "la1": -3.236724853515625, "lo2": 111.26478576660156, "la2": 43.468475341796875, "dx": 0.2609002888202667, "dy": -0.23708222806453705, "refTime": "2025-02-19 11:00:00", "forecastTime": 0, "parameterNumber": 2, "parameterNumberName": "eastward_wind"}, "data":
[rows 95 to 113 of 198, columns 88 to 131 of 256]
19.576736450195312,19.949872970581055,20.55122184753418,21.422273635864258,22.39183235168457,23.274988174438477,23.88680648803711,24.348846435546875,24.772356033325195,25.67329216003418,27.09075927734375,28.35367774963379,29.52594757080078,29.520862579345703,29.067487716674805,28.275672912597656,25.708181381225586,23.89689064025879,23.756750106811523,24.264772415161133,25.267047882080078,26.913021087646484,28.943349838256836,30.723773956298828,31.84811782836914,32.24370574951172,32.02439880371094,31.67249298095703,31.48097801208496,31.225299835205078,30.82642364501953,30.47507095336914,30.743179321289062,31.33101463317871,31.7785587310791,31.63251495361328,31.29867935180664,31.36094856262207,32.018463134765625,33.020172119140625,34.43477249145508,35.86479949951172,36.112064361572266,36.388519287109375
20.708425521850586,20.830062866210938,21.088478088378906,21.786592483520508,22.82246971130371,24.056232452392578,25.18752098083496,25.754087448120117,25.7926082611084,26.008087158203125,27.045045852661133,28.383516311645508,28.78516387939453,28.215415954589844,26.739206314086914,27.42155647277832,28.848697662353516,27.813947677612305,26.712928771972656,26.72702407836914,27.00424575805664,27.642871856689453,28.882137298583984,30.454498291015625,31.767744064331055,32.26227951049805,32.20259094238281,32.235538482666016,32.446678161621094,32.62834548950195,32.76094055175781,32.623783111572266,32.14653396606445,31.999958038330078,32.555816650390625,33.25688552856445,33.51485824584961,33.75474166870117,33.705718994140625,33.75407409667969,34.03058624267578,35.699405670166016,37.19449996948242,37.13780975341797
22.47947120666504,22.695236206054688,22.844772338867188,23.277727127075195,23.888715744018555,24.71817398071289,25.790494918823242,26.322690963745117,26.12741470336914,26.262075424194336,27.276935577392578,28.432111740112305,28.91680908203125,28.46769142150879,27.870534896850586,27.736806869506836,29.13875961303711,30.41746711730957,29.91237449645996,29.638639450073242,29.638994216918945,29.535991668701172,30.005578994750977,31.031496047973633,32.307403564453125,33.159454345703125,33.67887878417969,34.11864471435547,34.3906135559082,34.543033599853516,34.891441345214844,35.08954620361328,34.76930618286133,34.21664047241211,34.0630989074707,34.30760192871094,34.58302307128906,34.93638610839844,35.39928436279297,35.60641098022461,34.99425506591797,35.47771453857422,36.74467086791992,36.910789489746094
24.404664993286133,24.990047454833984,25.500717163085938,26.002269744873047,26.19203758239746,26.29720115661621,26.511173248291016,26.514556884765625,25.909250259399414,25.96419906616211,27.144807815551758,28.376867294311523,28.5556583404541,28.03511619567871,28.19228172302246,29.51881980895996,31.1123104095459,32.44416046142578,32.234195709228516,31.978513717651367,31.85120964050293,31.62862205505371,31.931589126586914,33.09407043457031,34.063232421875,34.64421081542969,35.36466979980469,35.73728561401367,35.611778259277344,35.342769622802734,35.907222747802734,36.84113693237305,36.839149475097656,36.10995864868164,35.58740234375,35.34407043457031,35.2733268737793,35.46648025512695,36.182865142822266,36.24907302856445,35.816192626953125,35.20347213745117,35.039859771728516,35.650028228759766
26.476131439208984,26.96428108215332,27.573650360107422,28.09272575378418,28.153606414794922,27.784305572509766,27.722930908203125,27.441476821899414,26.425973892211914,25.869937896728516,26.688806533813477,27.817584991455078,27.806499481201172,27.807214736938477,28.858448028564453,30.35897445678711,31.750207901000977,33.418121337890625,33.98540496826172,33.9417610168457,33.389156341552734,33.29862594604492,33.76290512084961,34.82784652709961,35.80354309082031,36.08412551879883,36.41665267944336,36.68692398071289,36.68424987792969,36.39072036743164,36.2850341796875,37.2711181640625,37.66556167602539,36.684814453125,36.11710739135742,36.1595573425293,36.06290054321289,35.89080047607422,36.00434112548828,36.132057189941406,35.56769943237305,34.17866897583008,33.1593132019043,34.08736801147461
28.405338287353516,28.55043601989746,28.708251953125,28.732879638671875,28.589397430419922,28.11351203918457,28.402435302734375,29.03142547607422,28.33133888244629,27.044416427612305,26.59280776977539,26.687528610229492,27.19697380065918,28.18094253540039,29.614328384399414,30.874372482299805,31.471691131591797,32.63814926147461,33.93844223022461,34.368614196777344,35.11983108520508,34.996665954589844,35.34483337402344,36.3944091796875,37.27085876464844,37.28047180175781,37.18773651123047,37.44621658325195,37.907737731933594,38.27119827270508,37.32733917236328,36.66847229003906,37.18907928466797,36.81501770019531,36.56490707397461,36.97492218017578,37.095130920410156,36.39142608642578,35.37181854248047,35.17787170410156,34.4378776550293,34.30455780029297,34.10934829711914,34.304046630859375
29.846179962158203,29.799283981323242,29.51019859313965,28.947986602783203,28.43149185180664,27.788667678833008,28.27787208557129,29.61525535583496,29.82242202758789,28.55434799194336,26.99553108215332,26.662599563598633,27.553159713745117,29.0487003326416,30.209806442260742,30.947998046875,31.387062072753906,31.80417823791504,33.40396499633789,33.976104736328125,35.74932098388672,37.10503005981445,37.59990310668945,38.09638977050781,38.60867691040039,38.642635345458984,38.401466369628906,38.34819412231445,38.67951202392578,38.84540557861328,38.68121337890625,37.309757232666016,37.49967575073242,37.9053840637207,37.56462097167969,37.599815368652344,37.69988250732422,36.70151138305664,35.1403923034668,34.38787841796875,34.83210372924805,35.52034378051758,34.27537536621094,33.21638107299805
30.57202911376953,30.45611000061035,30.08333969116211,29.272851943969727,28.493335723876953,27.717355728149414,27.873815536499023,28.957700729370117,30.538421630859375,30.97168731689453,29.36859703063965,28.147933959960938,28.85517120361328,30.22889518737793,31.271150588989258,31.741342544555664,31.551218032836914,31.46355628967285,32.761810302734375,34.450477600097656,35.982215881347656,38.32253646850586,39.345726013183594,39.535911560058594,39.73476791381836,39.6041145324707,39.248695373535156,38.90174102783203,38.91908264160156,39.2076301574707,39.89087677001953,40.27913284301758,40.192874908447266,39.93101501464844,38.427696228027344,37.9504508972168,38.01728820800781,37.29581069946289,36.25144958496094,35.444114685058594,35.548038482666016,35.79134750366211,34.628883361816406,31.684520721435547
30.589859008789062,30.31197166442871,29.986555099487305,29.43004608154297,28.573854446411133,27.66759490966797,27.846887588500977,28.224571228027344,29.937170028686523,31.945890426635742,31.296689987182617,30.630109786987305,31.22414207458496,32.12811279296875,32.69974136352539,32.753990173339844,31.793519973754883,30.871967315673828,32.028526306152344,33.97278594970703,35.9760856628418,38.086036682128906,39.390811920166016,40.09599304199219,40.5986213684082,40.3901252746582,40.07455062866211,40.022647857666016,40.56621170043945,41.99018478393555,43.048744201660156,43.74385070800781,43.31095886230469,41.9005126953125,39.73564529418945,38.434043884277344,37.769832611083984,36.86564254760742,37.5941047668457,37.09977722167969,35.80113220214844,35.70882797241211,34.583736419677734,31.86200523376465
30.428571701049805,29.75690269470215,29.460588455200195,29.22109603881836,28.657794952392578,28.10272216796875,27.807079315185547,28.4066104888916,29.066959381103516,29.58898162841797,30.032018661499023,30.765783309936523,32.235626220703125,33.75368881225586,34.18662643432617,33.52712631225586,32.28828430175781,31.246381759643555,31.95294952392578,32.99013900756836,33.87001037597656,36.44087600708008,37.88250732421875,39.347293853759766,41.064571380615234,41.64032745361328,41.749629974365234,42.206085205078125,43.332889556884766,44.973541259765625,45.740779876708984,45.5319709777832,44.64146423339844,42.59185791015625,40.006263732910156,38.90375900268555,38.594337463378906,38.03504180908203,38.24720764160156,37.84829330444336,36.794803619384766,36.18259048461914,34.89078140258789,32.20095443725586
30.96202850341797,29.765399932861328,29.232885360717773,29.145891189575195,28.967622756958008,28.52490234375,28.50394630432129,28.530353546142578,28.74759864807129,29.49699592590332,30.788795471191406,32.07900619506836,33.186485290527344,33.949867248535156,33.841209411621094,33.33285903930664,32.97847366333008,33.1713752746582,33.53078079223633,33.7025032043457,33.56230163574219,35.06015396118164,35.75476837158203,36.814476013183594,39.311370849609375,41.0835075378418,41.50954055786133,41.545806884765625,42.11430358886719,43.339942932128906,43.65176773071289,43.173553466796875,42.5129280090332,41.299888610839844,39.51362991333008,38.39131164550781,37.57474136352539,36.919979095458984,37.94194030761719,37.57253646850586,36.69493865966797,36.905696868896484,35.53723907470703,32.0424690246582
31.724140167236328,30.327604293823242,29.600494384765625,29.487274169921875,29.559188842773438,29.27643585205078,28.990163803100586,28.82590675354004,28.775022506713867,29.727949142456055,31.758350372314453,33.583961486816406,34.588809967041016,33.720489501953125,32.32112121582031,32.1965446472168,33.19084548950195,34.55480194091797,35.23698425292969,34.27215576171875,32.86273956298828,32.799522399902344,34.723148345947266,31.63651466369629,33.42898941040039,36.35091018676758,36.60840606689453,35.642547607421875,35.92768859863281,37.468116760253906,38.1114501953125,37.53837966918945,37.417598724365234,37.608116149902344,36.972286224365234,36.39813232421875,37.0062255859375,37.297977447509766,36.69751739501953,36.085269927978516,34.7020263671875,32.57383728027344,30.653696060180664,28.105876922607422
31.749643325805664,30.389375686645508,29.602392196655273,29.487913131713867,29.90326499938965,30.039901733398438,29.7028751373291,29.677474975585938,30.110841751098633,31.073406219482422,32.84532165527344,34.585411071777344,35.758663177490234,35.04881286621094,32.46089553833008,31.645397186279297,33.14563751220703,34.87062454223633,35.55408477783203,35.13298034667969,33.75895690917969,33.113826751708984,33.76317596435547,31.65776252746582,28.66408348083496,28.973121643066406,28.76085090637207,28.302440643310547,29.822751998901367,32.844215393066406,34.454689025878906,33.87957000732422,33.05620574951172,33.26015090942383,33.21681594848633,33.2690544128418,33.898983001708984,33.480499267578125,33.58786392211914,33.70054244995117,32.29484558105469,29.1518497467041,26.493743896484375,25.478994369506836
31.6986026763916,30.121335983276367,28.9781551361084,28.879894256591797,29.6137752532959,30.2059268951416,30.420515060424805,31.2098388671875,32.19680404663086,33.052860260009766,34.45059585571289,35.52528762817383,36.010562896728516,36.69839096069336,35.23921203613281,33.087860107421875,33.05723571777344,34.56098175048828,35.899166107177734,36.18467330932617,35.259605407714844,34.179378509521484,33.0005989074707,32.60255813598633,25.131221771240234,24.153358459472656,25.299604415893555,27.231597900390625,28.996252059936523,31.592527389526367,33.417091369628906,33.39688491821289,31.488338470458984,30.138381958007812,29.30073356628418,29.170635223388672,28.84941864013672,28.832962036132812,30.111663818359375,30.697189331054688,29.214231491088867,26.210891723632812,24.26483917236328,24.472122192382812
31.840402603149414,30.13054847717285,28.7109317779541,28.409914016723633,29.029212951660156,30.09996223449707,31.353355407714844,32.8068733215332,34.15584182739258,35.323692321777344,35.740177154541016,36.1419792175293,35.4642219543457,35.895172119140625,36.91236114501953,36.18752670288086,34.89992904663086,35.06165313720703,36.594085693359375,37.27116394042969,36.70276641845703,34.8189811706543,33.88324737548828,33.532188415527344,31.492589950561523,30.94830322265625,30.30777359008789,31.379152297973633,31.114721298217773,31.706539154052734,32.53870391845703,33.284000396728516,30.80896759033203,27.153026580810547,25.2235107421875,24.415420532226562,23.421939849853516,25.404874801635742,27.573562622070312,29.50579833984375,28.002140045166016,24.70582389831543,23.615095138549805,23.338645935058594
32.40544128417969,30.65825843811035,29.570709228515625,29.262704849243164,29.709444046020508,30.988990783691406,32.830169677734375,34.72136306762695,36.157840728759766,37.18906784057617,37.74437713623047,37.50655746459961,36.203853607177734,34.63108825683594,35.2110595703125,36.81892776489258,37.5689582824707,37.68696212768555,38.22772979736328,38.343536376953125,37.602867126464844,36.13272476196289,35.24717330932617,34.62138748168945,33.316184997558594,29.96470069885254,29.923397064208984,30.90416717529297,30.90302276611328,31.23654556274414,31.577341079711914,30.675485610961914,28.201770782470703,23.777408599853516,21.597768783569336,21.00066375732422,22.25745964050293,24.66185188293457,26.83942222595215,27.735193252563477,24.594852447509766,22.971588134765625,22.371074676513672,23.485549926757812
34.14796447753906,32.387359619140625,31.41721534729004,31.197660446166992,31.617324829101562,33.06185531616211,35.17736053466797,36.992637634277344,38.25828170776367,38.91716766357422,39.27478790283203,39.33470916748047,38.37058639526367,36.16709518432617,34.892417907714844,35.51289367675781,37.55886459350586,39.83363342285156,40.97401428222656,40.31074142456055,38.88103103637695,37.46299743652344,36.7115478515625,35.76007080078125,33.64879608154297,31.790193557739258,31.167186737060547,30.92658042907715,30.215858459472656,30.1416015625,29.02105712890625,26.098020553588867,23.8277645111084,21.220788955688477,19.972211837768555,19.893047332763672,21.276222229003906,23.455923080444336,25.31777572631836,25.699966430664062,23.452777862548828,22.606271743774414,22.19297981262207,23.963024139404297
35.904441833496094,34.1832389831543,33.20118713378906,32.788177490234375,33.879764556884766,35.93116760253906,38.18424987792969,40.07622528076172,40.98604965209961,41.241371154785156,41.50081253051758,41.4392204284668,40.75580596923828,38.804351806640625,36.813228607177734,36.366729736328125,37.00447082519531,39.564208984375,42.57973098754883,42.7649040222168,40.969451904296875,39.143310546875,37.94191360473633,36.09744644165039,33.44342803955078,30.88555908203125,30.176122665405273,30.711889266967773,30.2795467376709,28.64563751220703,25.19009017944336,22.183616638183594,21.121763229370117,21.72162437438965,20.787919998168945,19.46697998046875,21.14637565612793,23.562744140625,26.46490478515625,25.726442337036133,22.81915855407715,22.462995529174805,22.916349411010742,23.740022659301758
36.853248596191406,35.496585845947266,34.096561431884766,33.97184753417969,35.80425262451172,38.83897399902344,41.80960464477539,43.622947692871094,43.787811279296875,43.447509765625,43.68242263793945,43.84677505493164,43.154441833496094,41.074527740478516,38.75413131713867,37.820213317871094,37.99858474731445,39.68285369873047,42.65193557739258,44.1146354675293,42.90938949584961,40.818111419677734,39.225887298583984,36.82280731201172,34.01539611816406,31.07691192626953,29.8363037109375,31.134296417236328,30.3284969329834,26.487321853637695,23.88283348083496,21.425830841064453,20.685808181762695,21.777212142944336,20.702045440673828,20.060150146484375,21.67998504638672,24.265947341918945,26.575481414794922,24.637720108032227,22.432531356811523,22.350597381591797,23.28559684753418,23.749189376831055
