data/wind_data/wind_53_9.json
{"header": {"parameterUnit": "KT", "parameterCategory": 2, "nx": 256, "ny": 198, "lo1": 44.73521041870117, "la1": -3.236724853515625, "lo2": 111.26478576660156, "la2": 43.468475341796875, "dx": 0.2609002888202667, "dy": -0.23708222806453705, "refTime": "2025-02-21 05:00:00", "forecastTime": 0, "parameterNumber": 2, "parameterNumberName": "eastward_wind"}, "data":
[rows 38 to 56 of 198, columns 132 to 175 of 256]
21.044750213623047,19.950937271118164,19.443986892700195,19.451763153076172,19.701929092407227,19.77313232421875,19.307769775390625,18.225906372070312,17.143970489501953,16.40947151184082,16.255624771118164,16.50245475769043,15.782689094543457,15.318254470825195,15.376215934753418,14.892403602600098,15.050917625427246,15.139132499694824,15.716970443725586,17.668685913085938,19.428762435913086,20.273231506347656,20.39816665649414,19.653982162475586,17.551963806152344,16.425580978393555,16.463809967041016,16.791994094848633,16.14910125732422,14.55377197265625,13.438685417175293,13.467050552368164,14.206072807312012,15.582929611206055,16.58517074584961,17.605445861816406,17.7478084564209,17.319955825805664,18.025165557861328,20.39920425415039,21.210773468017578,20.32744789123535,20.3779239654541,21.156272888183594
20.558917999267578,19.81135368347168,19.38536262512207,19.35021209716797,19.473661422729492,19.190387725830078,18.488325119018555,17.645610809326172,16.756893157958984,16.053104400634766,15.702489852905273,16.053247451782227,16.070152282714844,15.620135307312012,15.777731895446777,15.325934410095215,14.892341613769531,15.07888126373291,15.853288650512695,17.436002731323242,19.366657257080078,20.413244247436523,19.693479537963867,18.234193801879883,16.672670364379883,15.70930290222168,15.763922691345215,15.790687561035156,15.447190284729004,14.527920722961426,14.042542457580566,13.626304626464844,13.813620567321777,15.135895729064941,16.119157791137695,17.083698272705078,18.246973037719727,18.31308364868164,17.944578170776367,18.94099998474121,19.929067611694336,19.407991409301758,19.177141189575195,20.19745635986328
20.55684471130371,19.95363426208496,19.32723617553711,18.980106353759766,18.90277671813965,18.522817611694336,18.026304244995117,17.59885025024414,16.797941207885742,15.833827018737793,15.362025260925293,15.64280891418457,16.248119354248047,16.228925704956055,16.03409194946289,15.37173843383789,14.895097732543945,15.420064926147461,16.14656639099121,17.886951446533203,19.87299346923828,19.975191116333008,18.26467514038086,16.820465087890625,16.058135986328125,15.51416301727295,15.12718677520752,14.948564529418945,15.005698204040527,14.835938453674316,14.70431900024414,14.384164810180664,14.235417366027832,15.019234657287598,16.04993438720703,16.722288131713867,17.718358993530273,18.50102996826172,18.383012771606445,17.944700241088867,17.990453720092773,18.1239013671875,18.1800594329834,18.818126678466797
21.077234268188477,20.397016525268555,19.484418869018555,18.75729751586914,18.43695068359375,18.2618465423584,18.31891632080078,18.1491641998291,17.260601043701172,16.217023849487305,15.43385124206543,15.433281898498535,16.202383041381836,16.7799015045166,16.453458786010742,15.361122131347656,14.748064994812012,15.61159896850586,17.1064395904541,18.823667526245117,19.545969009399414,18.935222625732422,17.55899429321289,16.618635177612305,16.069194793701172,15.560903549194336,14.856659889221191,14.481977462768555,14.893986701965332,15.317476272583008,15.052705764770508,14.513873100280762,14.475818634033203,15.177216529846191,15.996475219726562,16.298988342285156,16.58119010925293,17.652742385864258,18.531078338623047,17.816286087036133,16.959938049316406,17.18376350402832,17.188230514526367,17.277021408081055
21.691844940185547,20.920063018798828,19.790969848632812,18.799121856689453,18.25363540649414,18.244535446166992,18.61748695373535,18.711029052734375,18.027902603149414,16.906885147094727,15.752950668334961,15.610347747802734,16.56878662109375,17.230754852294922,16.74139404296875,15.492844581604004,14.985339164733887,15.980243682861328,17.791397094726562,18.973369598388672,18.89664077758789,18.046659469604492,17.33365249633789,17.024648666381836,16.40747833251953,15.302385330200195,14.373137474060059,14.16761302947998,14.909741401672363,15.80197525024414,15.486215591430664,14.476614952087402,14.25811767578125,14.900382041931152,15.519682884216309,15.515114784240723,15.281704902648926,16.3957462310791,18.215152740478516,18.2210693359375,17.169288635253906,16.8699951171875,16.674285888671875,16.595415115356445
20.99801254272461,20.41826820373535,19.479459762573242,18.55742073059082,18.054466247558594,18.068971633911133,18.426654815673828,18.63805389404297,18.22860336303711,17.195077896118164,16.14333152770996,16.27399253845215,17.28763198852539,17.588878631591797,16.835275650024414,15.643580436706543,15.402745246887207,16.261539459228516,17.486013412475586,18.295394897460938,18.315990447998047,17.83737564086914,17.32186508178711,17.002172470092773,16.06156349182129,14.765702247619629,13.98803424835205,14.421213150024414,15.82021713256836,16.953472137451172,16.441499710083008,14.844255447387695,14.008279800415039,14.162543296813965,14.316214561462402,14.008260726928711,14.156384468078613,15.39502239227295,17.583694458007812,18.40682601928711,18.066537857055664,17.398910522460938,16.85223388671875,16.527036666870117
18.884944915771484,18.469772338867188,17.951385498046875,17.426040649414062,17.23021125793457,17.368818283081055,17.731468200683594,17.950973510742188,17.37091636657715,16.744956970214844,16.52790069580078,16.99213218688965,17.77826499938965,17.839622497558594,16.899431228637695,15.645476341247559,15.546425819396973,16.27398681640625,16.84432601928711,17.401643753051758,17.874174118041992,17.89142608642578,17.229900360107422,16.477008819580078,15.469680786132812,14.506210327148438,14.126702308654785,15.108698844909668,17.044981002807617,18.374521255493164,17.534826278686523,15.361172676086426,13.900141716003418,13.56696891784668,13.195533752441406,12.703293800354004,13.379133224487305,14.581454277038574,16.76472282409668,18.27250099182129,18.90741539001465,18.605833053588867,17.9946231842041,17.341154098510742
17.07032585144043,16.466487884521484,16.0540771484375,15.789946556091309,15.910407066345215,16.398836135864258,16.859237670898438,17.133365631103516,16.668964385986328,16.15949249267578,16.29933738708496,16.757123947143555,17.440032958984375,17.844661712646484,17.1476993560791,15.720946311950684,15.511402130126953,15.967520713806152,16.19537353515625,16.74137306213379,17.455018997192383,17.617721557617188,16.968395233154297,15.983345031738281,15.246748924255371,14.809082984924316,14.702313423156738,15.678038597106934,17.451950073242188,18.97869300842285,18.333131790161133,16.048381805419922,14.328441619873047,13.438477516174316,12.868707656860352,12.660964965820312,12.97260856628418,13.969036102294922,16.151695251464844,18.116676330566406,19.255502700805664,19.66901969909668,19.514074325561523,19.242712020874023
16.795820236206055,16.017467498779297,15.465816497802734,15.121288299560547,15.002849578857422,15.46525764465332,16.18693733215332,16.43691062927246,16.192583084106445,15.826848030090332,15.719274520874023,15.895779609680176,16.374589920043945,17.056825637817383,17.163347244262695,16.16568946838379,15.60726261138916,15.663313865661621,15.457268714904785,15.722599983215332,16.428102493286133,16.818899154663086,16.47634506225586,15.942865371704102,15.62220573425293,15.483715057373047,15.513386726379395,15.988304138183594,17.182470321655273,18.715015411376953,18.779436111450195,17.02808952331543,15.266047477722168,13.92343807220459,13.165276527404785,13.061380386352539,13.151469230651855,13.734482765197754,15.569838523864746,17.54363441467285,19.138277053833008,20.19194221496582,21.00255012512207,21.59027671813965
17.3492431640625,16.680208206176758,16.07522201538086,15.509296417236328,14.917855262756348,14.931686401367188,15.37972640991211,15.77087116241455,15.589104652404785,15.466139793395996,15.411126136779785,14.910429000854492,14.997343063354492,16.027021408081055,16.790081024169922,16.454444885253906,15.75493049621582,15.288320541381836,14.649677276611328,14.428264617919922,14.952239990234375,15.706846237182617,16.02876853942871,16.200428009033203,16.338825225830078,16.386507034301758,16.205827713012695,15.962908744812012,16.714771270751953,18.312305450439453,19.087112426757812,18.120567321777344,16.43670082092285,14.775214195251465,13.600714683532715,13.204679489135742,13.207476615905762,13.645611763000488,15.006794929504395,16.662260055541992,18.756967544555664,20.753944396972656,22.623722076416016,23.521596908569336
17.793285369873047,17.411928176879883,16.721406936645508,15.513545036315918,14.350921630859375,14.00134563446045,14.267599105834961,14.766939163208008,14.86170482635498,14.968445777893066,15.134481430053711,14.616649627685547,14.170886993408203,15.412309646606445,16.58561134338379,16.635618209838867,15.915851593017578,15.072078704833984,14.10659122467041,13.400945663452148,13.743514060974121,14.962098121643066,15.857474327087402,16.32436752319336,16.732017517089844,16.98234748840332,16.5184326171875,15.759347915649414,16.127836227416992,17.78891944885254,19.1573486328125,18.821195602416992,17.321836471557617,15.699850082397461,14.270350456237793,13.165841102600098,12.860835075378418,13.268885612487793,14.526691436767578,16.316722869873047,18.89148712158203,21.77861976623535,24.136920928955078,24.199495315551758
17.677593231201172,17.41791343688965,16.8730525970459,15.496326446533203,13.537046432495117,12.563039779663086,12.747247695922852,13.354324340820312,13.698884010314941,14.02309513092041,14.746895790100098,14.708456993103027,14.203975677490234,15.108722686767578,16.395729064941406,16.681840896606445,16.158411026000977,15.349250793457031,14.383207321166992,13.35575008392334,13.418127059936523,14.697356224060059,16.016313552856445,16.444164276123047,16.73423957824707,17.015085220336914,16.57792091369629,15.566225051879883,15.410490989685059,16.915313720703125,18.497236251831055,18.484140396118164,17.418872833251953,16.116209030151367,14.968034744262695,13.569199562072754,12.794370651245117,13.019449234008789,14.279993057250977,16.2414608001709,18.946504592895508,22.178813934326172,24.445667266845703,23.944963455200195
16.88149642944336,16.722875595092773,16.32070541381836,15.214092254638672,13.315659523010254,12.04134464263916,11.788139343261719,11.992262840270996,12.20147705078125,12.584775924682617,13.727869033813477,14.770852088928223,14.592009544372559,14.905824661254883,15.772521018981934,16.326322555541992,16.350421905517578,15.960111618041992,15.294005393981934,14.26843547821045,13.808475494384766,14.875118255615234,16.367706298828125,16.725971221923828,16.734458923339844,16.88300895690918,16.59543228149414,15.521355628967285,14.899689674377441,15.878403663635254,17.14475440979004,17.193147659301758,16.64949607849121,15.81766414642334,15.238801002502441,14.394360542297363,13.475839614868164,13.168899536132812,14.056418418884277,15.917268753051758,18.224708557128906,21.21077537536621,23.64609146118164,23.778656005859375
15.356671333312988,15.436795234680176,15.087004661560059,14.511510848999023,13.24587631225586,12.264772415161133,11.764361381530762,11.276267051696777,11.011362075805664,11.500070571899414,12.62226390838623,14.23145580291748,14.827637672424316,14.893672943115234,15.2947359085083,16.00117301940918,16.36263656616211,16.234342575073242,15.965904235839844,15.216764450073242,14.623924255371094,15.198936462402344,16.395456314086914,16.889305114746094,16.791704177856445,16.70509910583496,16.45904541015625,15.55451488494873,14.698832511901855,14.923992156982422,15.638497352600098,15.863170623779297,15.672677040100098,15.360876083374023,15.136455535888672,14.654579162597656,13.675313949584961,13.123061180114746,13.929866790771484,15.504197120666504,17.236000061035156,19.84603500366211,22.35854721069336,23.328109741210938
13.222423553466797,13.600193977355957,13.7130765914917,13.268916130065918,12.42728328704834,12.047333717346191,11.890251159667969,11.280298233032227,10.755725860595703,11.198588371276855,11.987393379211426,13.358282089233398,14.734700202941895,15.197509765625,15.549383163452148,16.075544357299805,16.291471481323242,16.062891006469727,15.955307960510254,15.65234661102295,15.311307907104492,15.417667388916016,16.085163116455078,16.580631256103516,16.54334259033203,16.293277740478516,15.97165298461914,15.332602500915527,14.514824867248535,14.198348999023438,14.434481620788574,14.764841079711914,15.201168060302734,15.372770309448242,15.055343627929688,14.301705360412598,13.233842849731445,12.90480899810791,13.673786163330078,14.703378677368164,16.26402473449707,18.918304443359375,21.248586654663086,22.44081687927246
10.986639976501465,11.620511054992676,11.975808143615723,11.805932998657227,10.887470245361328,10.730785369873047,11.012846946716309,11.316046714782715,11.214020729064941,11.40250015258789,11.927750587463379,12.80656623840332,14.318384170532227,15.434321403503418,16.091596603393555,16.36332130432129,16.1300048828125,15.693167686462402,15.592098236083984,15.565589904785156,15.507521629333496,15.568674087524414,15.76189136505127,15.926973342895508,15.871922492980957,15.59399127960205,15.219461441040039,14.708510398864746,14.08879566192627,13.65320110321045,13.612651824951172,13.760124206542969,14.592782974243164,15.533008575439453,15.656315803527832,14.645354270935059,13.191224098205566,12.673429489135742,13.020898818969727,13.81822395324707,15.672590255737305,18.34242820739746,20.452953338623047,21.473773956298828
8.63341999053955,9.289562225341797,9.894099235534668,9.831258773803711,9.225996017456055,8.893502235412598,9.398948669433594,10.447049140930176,11.131830215454102,11.674345970153809,12.110867500305176,12.625619888305664,13.763959884643555,15.30726432800293,16.27953338623047,16.347726821899414,15.843917846679688,15.38626480102539,15.31250286102295,15.357549667358398,15.391822814941406,15.52568531036377,15.523041725158691,15.277146339416504,15.068748474121094,14.884761810302734,14.63186264038086,14.23741340637207,13.691021919250488,13.267377853393555,13.098306655883789,13.011223793029785,13.612706184387207,15.037151336669922,16.194427490234375,15.65412425994873,14.094573020935059,13.026468276977539,12.672891616821289,13.18159008026123,15.10655689239502,17.615577697753906,19.38266372680664,20.286705017089844
6.234071731567383,6.769162178039551,7.6571807861328125,8.084524154663086,7.957428455352783,7.675304412841797,8.185220718383789,9.305808067321777,10.565698623657227,11.602453231811523,12.36810302734375,12.735438346862793,13.461854934692383,14.85223388671875,15.914754867553711,16.049903869628906,15.560456275939941,15.232126235961914,15.214373588562012,15.205748558044434,15.161879539489746,15.243071556091309,15.223748207092285,14.89229679107666,14.535630226135254,14.462172508239746,14.459247589111328,14.248312950134277,13.824604034423828,13.435815811157227,13.087000846862793,12.714824676513672,12.768693923950195,13.890945434570312,15.52772331237793,15.955863952636719,15.150500297546387,13.991402626037598,12.888496398925781,12.67071533203125,14.157764434814453,16.392757415771484,17.817026138305664,18.51578140258789
4.369734764099121,4.7952656745910645,5.723625183105469,6.679145812988281,7.288524627685547,7.385467052459717,7.724316596984863,8.643782615661621,9.865147590637207,11.041459083557129,12.029972076416016,12.635973930358887,13.22146224975586,14.204790115356445,15.03548812866211,15.403410911560059,15.287074089050293,15.073665618896484,14.995530128479004,14.981884956359863,14.861653327941895,14.873384475708008,14.881475448608398,14.605363845825195,14.202154159545898,14.197153091430664,14.281766891479492,14.335766792297363,14.198463439941406,13.909326553344727,13.425342559814453,12.754451751708984,12.269200325012207,12.590496063232422,13.75095272064209,14.763533592224121,15.138191223144531,14.672103881835938,13.319011688232422,12.432975769042969,13.2588529586792,15.039825439453125,16.230113983154297,16.654857635498047
