data/wind_data/wind_38_1.json
{"header": {"parameterUnit": "KT", "parameterCategory": 2, "nx": 256, "ny": 198, "lo1": 44.73521041870117, "la1": -3.236724853515625, "lo2": 111.26478576660156, "la2": 43.468475341796875, "dx": 0.2609002888202667, "dy": -0.23708222806453705, "refTime": "2025-02-20 14:00:00", "forecastTime": 0, "parameterNumber": 2, "parameterNumberName": "eastward_wind"}, "data":
[rows 76 to 94 of 198, columns 129 to 171 of 256]
-10.425931930541992,-10.699268341064453,-7.874337673187256,-6.956371784210205,-7.161540508270264,-5.699504852294922,-4.383707523345947,-2.873610019683838,-3.212869882583618,-3.9468183517456055,-5.067399024963379,-3.086153030395508,-3.0873372554779053,-2.627063751220703,-3.849789619445801,-5.207057952880859,-3.6082708835601807,-3.851189136505127,-3.9936306476593018,-4.52967643737793,-4.183609962463379,-5.052457332611084,-4.88395357131958,-5.076117992401123,-5.155718803405762,-4.8800129890441895,-5.486539840698242,-5.9089741706848145,-6.444398403167725,-6.376959323883057,-6.541775703430176,-6.811960697174072,-6.494655132293701,-7.036592960357666,-5.973702430725098,-6.648941516876221,-7.123339653015137,-6.546041965484619,-7.072018623352051,-7.272611618041992,-7.643777847290039,-7.893916606903076,-8.226845741271973
-9.040346145629883,-9.615577697753906,-7.251917839050293,-6.827348232269287,-7.777520656585693,-6.027321815490723,-3.9545373916625977,-2.3313937187194824,-4.2849836349487305,-5.495586395263672,-5.556122303009033,-3.29064679145813,-3.462315082550049,-2.4846930503845215,-4.139261722564697,-3.3063905239105225,-4.317290782928467,-2.770873785018921,-3.8553600311279297,-3.3151204586029053,-4.375119686126709,-4.558378219604492,-4.197391033172607,-4.309247970581055,-5.036103248596191,-4.6011199951171875,-5.529872894287109,-5.47958517074585,-6.250067710876465,-6.613348960876465,-5.909911155700684,-7.368334770202637,-6.169651031494141,-5.84598445892334,-6.676131248474121,-6.08911657333374,-7.631646156311035,-6.592161178588867,-6.774594306945801,-6.996878147125244,-7.334749221801758,-7.377104759216309,-7.468074798583984
-7.1527485847473145,-9.617242813110352,-7.393780708312988,-6.8529815673828125,-6.8912858963012695,-5.961284160614014,-3.846348524093628,-2.1073577404022217,-5.298920631408691,-6.699674606323242,-5.374364852905273,-3.7908215522766113,-3.151127576828003,-4.085747241973877,-4.880092144012451,-3.182765007019043,-4.822562217712402,-2.8366034030914307,-2.9237613677978516,-2.129451274871826,-3.493905782699585,-3.8661978244781494,-4.301226615905762,-3.879225254058838,-4.947286605834961,-4.82871675491333,-5.812272548675537,-5.6960554122924805,-5.731990337371826,-6.476931095123291,-7.038605213165283,-6.488519191741943,-6.002171516418457,-5.92380428314209,-5.658318996429443,-6.664864540100098,-7.561463832855225,-7.0386962890625,-7.060114860534668,-6.783452033996582,-6.893302917480469,-6.609888553619385,-6.462530136108398
-5.380269527435303,-7.0565690994262695,-6.670097351074219,-6.299614429473877,-6.11767053604126,-6.085381031036377,-3.90777325630188,-3.328749418258667,-4.866699695587158,-5.813415050506592,-4.9572434425354,-4.9320969581604,-3.7302377223968506,-6.873851776123047,-5.051539897918701,-3.297013759613037,-2.5517499446868896,-3.1425912380218506,-1.8154518604278564,-1.8210740089416504,-1.1144777536392212,-3.1517131328582764,-3.8184542655944824,-4.749126434326172,-4.668354034423828,-4.933526515960693,-5.584659099578857,-6.028340816497803,-6.304416656494141,-5.79369592666626,-5.672260284423828,-5.974975109100342,-5.98192834854126,-6.36759090423584,-5.160655975341797,-6.255539894104004,-7.322153568267822,-7.085605144500732,-7.065098762512207,-6.43923807144165,-6.409164905548096,-6.141452312469482,-5.791306972503662
-3.167322874069214,-5.666893005371094,-6.2796478271484375,-4.409362316131592,-4.4643402099609375,-5.863064765930176,-3.494375467300415,-3.7903809547424316,-2.9279818534851074,-3.2364535331726074,-3.0517942905426025,-5.242847919464111,-4.102035045623779,-9.383953094482422,-6.515617370605469,-2.6972100734710693,1.227371096611023,-1.4511808156967163,-2.012988567352295,-1.6760294437408447,0.028211763128638268,-1.6396968364715576,-3.054779291152954,-4.736431121826172,-5.128195285797119,-5.551432132720947,-5.829859733581543,-5.50278902053833,-6.613277435302734,-5.149204254150391,-5.450075149536133,-6.703461170196533,-6.091995716094971,-5.941223621368408,-5.72470235824585,-5.971218109130859,-6.367550849914551,-7.068737030029297,-6.678409576416016,-6.422797679901123,-6.082090854644775,-6.043872833251953,-5.616464614868164
-0.9390786290168762,-3.5969603061676025,-4.5163397789001465,-2.417099714279175,-2.9620537757873535,-5.2328338623046875,-3.49592661857605,-3.025357246398926,-1.3241151571273804,-0.08217441290616989,-2.52793550491333,-3.790834903717041,-3.3345754146575928,-7.226187229156494,-8.3034029006958,-1.935497522354126,0.5289624333381653,1.6079145669937134,0.543330192565918,-0.8546940684318542,-0.26677802205085754,-0.7403116822242737,-1.596739411354065,-4.312856674194336,-5.130597114562988,-5.865066051483154,-6.182022571563721,-6.310216426849365,-5.531158924102783,-5.502785682678223,-5.414846420288086,-5.859869956970215,-5.81484842300415,-5.681163787841797,-5.6661810874938965,-5.302865982055664,-5.921182155609131,-6.8334059715271,-6.378363609313965,-6.443450927734375,-6.098307132720947,-5.945356369018555,-5.5864787101745605
-0.2668069005012512,-1.8125207424163818,-1.4812495708465576,-2.030360221862793,-0.6645596027374268,-3.854801654815674,-3.273149013519287,-1.444970965385437,-1.9748351573944092,1.8682610988616943,-1.746938943862915,-1.266830563545227,-3.198740243911743,-4.264108180999756,-6.305451393127441,-4.778770923614502,-0.9309267997741699,1.552993893623352,4.2023024559021,-0.13810376822948456,0.04894024506211281,-0.7028690576553345,-1.0040757656097412,-2.7516050338745117,-4.9931817054748535,-5.457214832305908,-6.470393657684326,-6.567385196685791,-5.4693779945373535,-5.455115795135498,-5.764374256134033,-4.4721903800964355,-5.394108295440674,-5.746209621429443,-4.801848411560059,-4.975003719329834,-5.99653959274292,-6.254711627960205,-6.298310279846191,-6.18829345703125,-5.972410678863525,-5.813823699951172,-5.335816383361816
1.3819905519485474,-0.44013628363609314,1.1944196224212646,1.1057100296020508,-1.8282403945922852,-1.599928855895996,-1.9874993562698364,-1.5580497980117798,-3.2818329334259033,0.32167232036590576,-0.7676305174827576,0.38214167952537537,0.3159591257572174,-1.7424125671386719,-5.914202690124512,-4.8359479904174805,-3.3859703540802,1.092347264289856,4.911609649658203,-0.0054956162348389626,-1.428647756576538,0.20059481263160706,-1.2482445240020752,-1.4078617095947266,-3.818575620651245,-4.571799278259277,-5.746917247772217,-6.186368465423584,-5.900014877319336,-5.198023796081543,-5.629895210266113,-4.683558464050293,-5.195156097412109,-5.258722305297852,-4.461224555969238,-4.843191623687744,-5.984035015106201,-6.0365095138549805,-6.216953754425049,-6.067582130432129,-5.8600568771362305,-5.467820644378662,-4.977208614349365
1.348803997039795,4.2778849601745605,1.4715441465377808,2.596723794937134,-2.7175307273864746,3.712308406829834,-0.760809063911438,-3.748483180999756,-3.125847816467285,-1.9835093021392822,-1.6459429264068604,1.494016408920288,4.277989864349365,3.6069064140319824,-4.2759175300598145,-4.554738521575928,-4.372081279754639,0.3941172957420349,2.476966619491577,-1.3550007343292236,-3.794581174850464,-1.5257512331008911,-0.04706038534641266,-0.5299293994903564,-1.8884904384613037,-2.628769874572754,-4.216464996337891,-5.355339527130127,-5.912352085113525,-4.963891506195068,-5.264033317565918,-4.929026126861572,-4.674285411834717,-5.4155988693237305,-4.658411026000977,-4.686605930328369,-6.0757646560668945,-6.029348373413086,-6.275387763977051,-6.078028202056885,-5.81382942199707,-5.4203643798828125,-4.732126712799072
0.9101940393447876,3.0284247398376465,1.7900291681289673,1.6323314905166626,-2.011064291000366,1.5064135789871216,-3.0594959259033203,-3.6365365982055664,-2.9859001636505127,-3.0020806789398193,-1.6386159658432007,2.1589903831481934,5.7289910316467285,5.843533515930176,2.7402968406677246,-1.8078314065933228,-3.240255832672119,-1.2525086402893066,-1.5896390676498413,-3.3282902240753174,-4.283773422241211,-3.4465715885162354,-1.3073230981826782,1.0704783201217651,0.03422001376748085,-0.3275991380214691,-1.893926978111267,-4.035274982452393,-5.38043212890625,-5.0867133140563965,-4.953088760375977,-4.574573516845703,-4.875823020935059,-4.879618167877197,-4.728110313415527,-4.954355716705322,-5.971584320068359,-6.252014636993408,-6.440421104431152,-6.32220983505249,-5.87556266784668,-5.28277063369751,-4.437934875488281
2.707089900970459,-0.9926815629005432,0.28641921281814575,0.854765772819519,-3.7511301040649414,0.4946075975894928,-2.911482810974121,-0.8339152336120605,-1.9170215129852295,-2.6002438068389893,-0.1439100205898285,1.884773850440979,5.391032695770264,6.695622444152832,8.23819637298584,4.296502590179443,-2.374755620956421,-5.533624649047852,-4.411710262298584,-4.366414546966553,-4.335644245147705,-7.317158222198486,-1.9751962423324585,4.085257530212402,2.967528820037842,1.2229559421539307,0.21970804035663605,-2.2703537940979004,-4.357477188110352,-5.1115617752075195,-4.855341911315918,-4.357597351074219,-5.237034797668457,-4.473565578460693,-4.6770806312561035,-4.972912311553955,-5.732147693634033,-6.218334674835205,-6.487759113311768,-6.317660808563232,-5.991883754730225,-5.561498165130615,-4.988026142120361
2.1054141521453857,-0.7887380719184875,0.012248057872056961,-0.902252197265625,-3.428720712661743,1.1631762981414795,0.6190361380577087,-0.6658769845962524,-4.324803829193115,-1.554875135421753,2.396019697189331,4.736475944519043,6.009143829345703,7.619588851928711,9.353147506713867,8.167856216430664,-3.761852264404297,-9.214180946350098,-6.473272800445557,-4.355504512786865,-4.104527950286865,-6.088329315185547,-1.4619805812835693,4.696479320526123,3.1287965774536133,1.4155343770980835,0.9577155113220215,-0.7134388089179993,-2.9113287925720215,-4.400660037994385,-4.685577869415283,-4.529385566711426,-4.943362712860107,-4.473901271820068,-4.595733642578125,-5.0227556228637695,-5.544579982757568,-5.9501872062683105,-6.141292572021484,-6.163974761962891,-6.229332447052002,-5.728053569793701,-3.427727460861206
3.314711570739746,1.2756117582321167,1.485971450805664,0.2417568415403366,1.4923022985458374,3.600139617919922,-0.6755301356315613,-1.52470862865448,-5.481486797332764,-1.404768705368042,2.9732396602630615,7.003167629241943,6.7545695304870605,7.824054718017578,8.01363754272461,12.705708503723145,-0.8843312859535217,-9.619179725646973,-6.103471755981445,-4.974423408508301,-3.261179208755493,-2.322075605392456,0.1398741900920868,4.181751251220703,1.0928388833999634,-0.885796844959259,0.8949952125549316,0.4863779842853546,-1.5630412101745605,-3.1909852027893066,-4.1898193359375,-4.477828025817871,-4.3296074867248535,-4.418618679046631,-4.649541854858398,-5.259135723114014,-5.5727949142456055,-5.704676151275635,-5.552297115325928,-5.409268379211426,-5.480288982391357,-5.109837055206299,-2.934161901473999
3.9762449264526367,1.4208834171295166,2.744067907333374,0.5498846769332886,3.9316751956939697,1.4910551309585571,1.4377785921096802,-1.957623839378357,-4.313467979431152,-0.8871301412582397,3.3192102909088135,7.5792975425720215,7.678768634796143,7.92432165145874,6.897697448730469,13.650415420532227,-0.8505303859710693,-9.786664009094238,-6.456637382507324,-7.553786754608154,-4.5285444259643555,-3.023634672164917,1.83644700050354,3.4657938480377197,-0.883383572101593,-1.6109858751296997,1.0823930501937866,1.0228196382522583,-0.5297580361366272,-2.718763828277588,-3.6761865615844727,-3.5607330799102783,-4.021575450897217,-3.9812121391296387,-4.668053150177002,-5.255674839019775,-5.395679950714111,-5.23145055770874,-4.961337089538574,-4.868454456329346,-5.277589797973633,-5.162832736968994,-2.840059995651245
4.780805587768555,3.173426866531372,3.820681095123291,-1.0981895923614502,5.489171981811523,1.5172158479690552,-0.2688697874546051,0.3059079647064209,-1.7406882047653198,0.18760474026203156,2.099177837371826,4.34887170791626,6.25371789932251,9.272483825683594,8.504928588867188,13.027470588684082,-0.38872280716896057,-8.138618469238281,-9.489954948425293,-9.324645042419434,-6.504841327667236,-5.385284423828125,2.820838212966919,3.156250476837158,-0.8475392460823059,-1.0143418312072754,0.14853717386722565,1.013293981552124,0.39953160285949707,-0.6204298138618469,-2.8025460243225098,-2.8935317993164062,-3.2993760108947754,-4.012069225311279,-4.426513671875,-4.972459316253662,-5.00709867477417,-4.6662797927856445,-4.3230509757995605,-4.538353443145752,-4.92250394821167,-4.813340187072754,-3.1866791248321533
5.16942834854126,2.421159267425537,2.9284684658050537,2.4809322357177734,2.0182394981384277,-2.267911911010742,-0.2845930755138397,0.699287474155426,1.1896448135375977,2.504307508468628,3.335404872894287,4.5223774909973145,7.5594964027404785,8.79588794708252,5.665163040161133,8.931000709533691,-1.3300639390945435,-7.361450672149658,-9.942742347717285,-8.809693336486816,-7.155289649963379,-6.281723499298096,0.485562264919281,3.0542361736297607,0.812872052192688,0.5750861763954163,-0.7173924446105957,0.9977185130119324,1.385686993598938,0.37588566541671753,-1.927154779434204,-2.881059408187866,-3.2638347148895264,-3.33143949508667,-4.500676155090332,-4.320230960845947,-4.551149845123291,-4.0338850021362305,-3.931602716445923,-4.02553129196167,-4.435615539550781,-4.384899616241455,-3.077728509902954
4.543530464172363,3.131931781768799,3.2202975749969482,1.6758975982666016,-1.7198156118392944,-3.0104782581329346,0.8631123304367065,1.1193478107452393,2.6833689212799072,5.347373962402344,5.360776901245117,4.742080211639404,6.3693366050720215,6.5086188316345215,5.739258289337158,9.474679946899414,-1.418652892112732,-10.37806224822998,-6.658434867858887,-6.941240310668945,-4.808297157287598,-4.566128730773926,-1.1168495416641235,1.6034256219863892,-0.045565586537122726,0.3517308533191681,-1.6517657041549683,1.5365263223648071,1.4925079345703125,1.0952646732330322,-2.3006350994110107,-2.644092559814453,-2.8501293659210205,-3.665963649749756,-3.6821682453155518,-4.109544277191162,-4.2102203369140625,-3.947457790374756,-3.676095724105835,-3.736098527908325,-3.8978192806243896,-3.818274974822998,-2.529188632965088
2.858795404434204,5.003541946411133,1.4404395818710327,1.6351912021636963,-1.361646294593811,-1.6164441108703613,-0.9412888288497925,1.521535873413086,3.193413019180298,6.770750045776367,5.9724225997924805,4.40930700302124,3.6294655799865723,3.394672393798828,2.885676383972168,3.735421657562256,3.1263058185577393,-9.366814613342285,-5.482248783111572,-2.3123624324798584,-1.5145132541656494,-2.143385887145996,-2.0604968070983887,-2.337989330291748,-2.3252487182617188,0.4727126657962799,-0.4639241099357605,2.0849225521087646,1.2568093538284302,1.319887399673462,-2.376655340194702,-2.8386263847351074,-2.806497573852539,-2.9989821910858154,-3.9451675415039062,-4.0776190757751465,-4.084702014923096,-4.19623327255249,-3.938876152038574,-3.5607504844665527,-3.364011764526367,-3.172084331512451,-1.8685235977172852
-0.3679640591144562,5.241703033447266,2.438429355621338,0.6737942695617676,-0.4831557869911194,-0.39345794916152954,-2.3154008388519287,2.2135164737701416,6.91349458694458,8.20462703704834,5.733780384063721,1.6668955087661743,1.9440821409225464,1.9568884372711182,3.243276357650757,2.39412522315979,3.842194080352783,-7.357444763183594,-3.1040260791778564,-1.327578067779541,-2.740776300430298,-4.968544960021973,-5.123392105102539,-5.6189961433410645,-2.720109224319458,0.7139512896537781,-1.3181133270263672,2.0205113887786865,0.9703623056411743,2.5453054904937744,-2.278477430343628,-3.1574795246124268,-3.226555109024048,-3.1946489810943604,-4.888926029205322,-3.929654598236084,-4.612495422363281,-4.461968898773193,-4.015796184539795,-2.905536413192749,-2.6281354427337646,-2.3615050315856934,-1.2765955924987793
