data/wind_data/wind_2_7.json
{"header": {"parameterUnit": "KT", "parameterCategory": 2, "nx": 256, "ny": 198, "lo1": 44.73521041870117, "la1": -3.236724853515625, "lo2": 111.26478576660156, "la2": 43.468475341796875, "dx": 0.2609002888202667, "dy": -0.23708222806453705, "refTime": "2025-02-19 02:00:00", "forecastTime": 0, "parameterNumber": 2, "parameterNumberName": "eastward_wind"}, "data":
[rows 0 to 19 of 198, columns 176 to 219 of 256]
-15.279247283935547,-14.592400550842285,-15.79503345489502,-17.951759338378906,-18.632408142089844,-18.06448745727539,-16.62984848022461,-17.007984161376953,-17.65443992614746,-17.72836685180664,-17.81964111328125,-17.199129104614258,-15.417776107788086,-14.419197082519531,-15.096630096435547,-15.318962097167969,-14.92154598236084,-15.167372703552246,-17.026994705200195,-19.04572868347168,-19.11170768737793,-18.147924423217773,-17.783660888671875,-16.881515502929688,-14.750303268432617,-15.178372383117676,-15.700095176696777,-16.106855392456055,-16.693511962890625,-16.42092514038086,-15.959981918334961,-16.77606964111328,-16.73647689819336,-14.772167205810547,-14.484152793884277,-17.08053970336914,-18.82819938659668,-19.185867309570312,-19.822484970092773,-21.996417999267578,-23.387069702148438,-23.051279067993164,-21.149446487426758,-19.437673568725586
-16.391986846923828,-16.1010684967041,-17.327783584594727,-18.414928436279297,-17.531627655029297,-17.568683624267578,-17.59012222290039,-17.665433883666992,-18.226537704467773,-17.93145751953125,-17.313554763793945,-16.57115364074707,-15.300792694091797,-14.50849437713623,-14.396751403808594,-13.948309898376465,-13.92164421081543,-15.131661415100098,-17.017675399780273,-18.586650848388672,-18.443828582763672,-17.903076171875,-16.649860382080078,-15.260965347290039,-14.228287696838379,-15.181074142456055,-15.96988582611084,-16.6709041595459,-17.491497039794922,-17.973217010498047,-18.405445098876953,-18.498201370239258,-17.15106201171875,-15.25484848022461,-15.582666397094727,-19.137144088745117,-21.15462303161621,-21.172561645507812,-20.881702423095703,-21.080041885375977,-21.990848541259766,-21.60270881652832,-19.22127342224121,-15.512846946716309
-16.1633358001709,-17.04010581970215,-17.346542358398438,-16.98490333557129,-16.362564086914062,-16.86693000793457,-18.545015335083008,-19.21729278564453,-19.592453002929688,-18.876083374023438,-17.636978149414062,-17.16444969177246,-16.769367218017578,-16.349838256835938,-15.879206657409668,-15.146615028381348,-14.88012409210205,-15.677461624145508,-15.862822532653809,-15.683290481567383,-15.639229774475098,-15.513361930847168,-15.332839965820312,-15.256385803222656,-15.172377586364746,-16.263376235961914,-16.597305297851562,-16.320579528808594,-16.721111297607422,-16.90359878540039,-17.1964054107666,-17.827089309692383,-17.432889938354492,-16.467693328857422,-17.30690574645996,-18.14031982421875,-18.02622413635254,-17.74474334716797,-17.098230361938477,-15.564614295959473,-14.767379760742188,-12.503884315490723,-9.334601402282715,-6.877056121826172
-14.081853866577148,-15.900951385498047,-16.17650032043457,-15.857694625854492,-15.762371063232422,-16.267696380615234,-18.706926345825195,-20.251665115356445,-19.412673950195312,-18.148517608642578,-16.92388343811035,-16.40544891357422,-17.10605812072754,-17.97702980041504,-18.219472885131836,-18.375240325927734,-18.206707000732422,-17.238311767578125,-15.386879920959473,-13.809226036071777,-13.28921890258789,-14.043530464172363,-15.108908653259277,-16.09676742553711,-16.578039169311523,-17.13307762145996,-17.385128021240234,-16.23887825012207,-16.153902053833008,-16.58295249938965,-15.780831336975098,-15.990286827087402,-17.00332260131836,-16.613544464111328,-16.330778121948242,-17.00690460205078,-17.477697372436523,-16.075729370117188,-13.98808765411377,-10.270119667053223,-7.512381553649902,-5.804230213165283,-4.692284107208252,-5.923433780670166
-7.754367351531982,-10.055562019348145,-13.56735897064209,-14.58239459991455,-15.463296890258789,-17.198240280151367,-18.373353958129883,-17.59292984008789,-16.923276901245117,-16.323835372924805,-16.145565032958984,-16.55083656311035,-18.367488861083984,-20.359073638916016,-21.105281829833984,-20.964065551757812,-19.78147315979004,-18.03388214111328,-15.680756568908691,-13.722237586975098,-13.979543685913086,-14.753555297851562,-15.30873966217041,-16.88922882080078,-18.350933074951172,-18.24447250366211,-18.317302703857422,-19.246440887451172,-18.661413192749023,-18.00967025756836,-16.772127151489258,-17.215330123901367,-17.367488861083984,-15.803593635559082,-15.83362865447998,-17.75371551513672,-20.77890396118164,-20.885087966918945,-16.603147506713867,-11.30457878112793,-8.069748878479004,-8.413673400878906,-11.202837944030762,-17.261173248291016
-8.054939270019531,-7.722167491912842,-9.538708686828613,-11.755303382873535,-15.404165267944336,-16.381725311279297,-18.098054885864258,-19.535293579101562,-18.08661651611328,-16.5183162689209,-15.152631759643555,-15.766507148742676,-17.070138931274414,-17.309282302856445,-17.205455780029297,-17.380313873291016,-17.24524688720703,-16.279207229614258,-14.626252174377441,-12.865129470825195,-13.176957130432129,-15.22491455078125,-16.83315658569336,-18.18372917175293,-18.8306941986084,-18.000015258789062,-18.171459197998047,-19.581655502319336,-18.95716094970703,-17.740402221679688,-17.881914138793945,-18.247861862182617,-17.353382110595703,-15.357227325439453,-14.871929168701172,-17.024837493896484,-22.61725425720215,-25.1224422454834,-21.944162368774414,-18.360883712768555,-18.00141143798828,-18.521638870239258,-18.643321990966797,-21.51369285583496
-11.419508934020996,-10.049680709838867,-10.710165023803711,-11.22656536102295,-13.607015609741211,-15.00517749786377,-16.267419815063477,-17.975017547607422,-17.284465789794922,-15.572494506835938,-14.911698341369629,-14.353215217590332,-15.377945899963379,-15.17548656463623,-14.882157325744629,-13.484813690185547,-12.829339027404785,-13.10754108428955,-14.129844665527344,-13.908217430114746,-13.140507698059082,-14.112464904785156,-16.19542694091797,-17.179065704345703,-16.965492248535156,-17.686580657958984,-17.762807846069336,-16.8751220703125,-16.2262020111084,-15.985623359680176,-16.243579864501953,-16.26580810546875,-14.366264343261719,-12.246596336364746,-16.84079360961914,-23.77747917175293,-27.556865692138672,-26.561704635620117,-22.93185806274414,-19.74911880493164,-17.90151023864746,-17.542631149291992,-17.06356430053711,-18.00681495666504
-12.058164596557617,-12.630996704101562,-13.694718360900879,-13.274888038635254,-13.26363468170166,-14.198796272277832,-14.77503490447998,-14.221514701843262,-14.444275856018066,-13.238665580749512,-15.442472457885742,-12.469477653503418,-14.170910835266113,-13.442821502685547,-12.839390754699707,-13.057644844055176,-12.844708442687988,-12.297901153564453,-13.420772552490234,-14.994887351989746,-14.679347038269043,-13.683733940124512,-13.37646484375,-13.653718948364258,-14.473197937011719,-16.400136947631836,-17.06470489501953,-15.808990478515625,-15.084091186523438,-14.686726570129395,-14.763389587402344,-15.594588279724121,-14.446057319641113,-14.98915958404541,-21.230335235595703,-25.369462966918945,-25.509815216064453,-23.203174591064453,-20.733577728271484,-16.6365909576416,-12.461109161376953,-12.829193115234375,-15.443831443786621,-16.913192749023438
-13.71367359161377,-14.656347274780273,-16.178422927856445,-13.539763450622559,-10.796985626220703,-12.046934127807617,-12.63018798828125,-12.241209030151367,-11.044452667236328,-13.992117881774902,-13.758923530578613,-10.892751693725586,-12.440385818481445,-13.961846351623535,-12.210657119750977,-12.569281578063965,-12.79434871673584,-13.411593437194824,-12.710051536560059,-13.10892105102539,-13.828436851501465,-13.903939247131348,-14.600971221923828,-15.491527557373047,-16.316049575805664,-17.195871353149414,-16.635244369506836,-16.230833053588867,-17.31927490234375,-17.264310836791992,-15.45605754852295,-17.362037658691406,-20.20010757446289,-22.428977966308594,-22.841163635253906,-22.199174880981445,-19.716312408447266,-15.655084609985352,-14.837905883789062,-14.681436538696289,-13.463134765625,-14.803976058959961,-16.1878604888916,-17.332231521606445
-13.638885498046875,-13.326839447021484,-14.047514915466309,-13.512613296508789,-12.048011779785156,-12.147968292236328,-12.893775939941406,-11.66843032836914,-10.026434898376465,-10.794928550720215,-11.832019805908203,-10.118653297424316,-12.48129653930664,-15.045601844787598,-11.420373916625977,-14.519082069396973,-13.407295227050781,-13.567741394042969,-13.434446334838867,-11.383214950561523,-11.718337059020996,-12.969168663024902,-15.031289100646973,-17.831546783447266,-17.97730255126953,-17.458667755126953,-17.42668342590332,-17.65089988708496,-18.6729736328125,-18.947311401367188,-17.102434158325195,-17.632244110107422,-22.053951263427734,-23.53059959411621,-21.057680130004883,-19.2214412689209,-15.590826988220215,-11.346921920776367,-12.16370677947998,-14.264245986938477,-16.367353439331055,-15.162818908691406,-15.339585304260254,-17.73532485961914
-11.658596992492676,-9.843026161193848,-10.689827919006348,-12.855229377746582,-13.640000343322754,-13.343658447265625,-12.914377212524414,-12.461008071899414,-11.432741165161133,-10.10944652557373,-9.191902160644531,-8.407116889953613,-8.745540618896484,-13.734088897705078,-16.60031509399414,-14.784892082214355,-14.556029319763184,-13.631460189819336,-12.923413276672363,-10.896882057189941,-10.20367431640625,-10.912546157836914,-13.301862716674805,-16.447736740112305,-17.698225021362305,-19.30576515197754,-20.320497512817383,-19.870275497436523,-19.251258850097656,-18.75208282470703,-16.90296173095703,-16.761716842651367,-20.162322998046875,-20.210750579833984,-17.070810317993164,-14.52534008026123,-12.026080131530762,-14.328126907348633,-15.564364433288574,-15.837900161743164,-16.710783004760742,-14.583251953125,-14.808048248291016,-17.835975646972656
-8.992894172668457,-6.921999931335449,-7.754161834716797,-10.608275413513184,-11.192859649658203,-10.352498054504395,-10.3480224609375,-11.392988204956055,-11.880474090576172,-10.561431884765625,-8.42456340789795,-8.366486549377441,-9.663837432861328,-13.54387092590332,-16.27324104309082,-16.34076499938965,-15.60698413848877,-14.387443542480469,-12.18923282623291,-9.812464714050293,-9.806018829345703,-10.766875267028809,-11.707015037536621,-12.658623695373535,-14.976007461547852,-19.853172302246094,-19.55488395690918,-16.715883255004883,-16.970115661621094,-16.79623031616211,-15.838004112243652,-15.22541618347168,-16.455039978027344,-16.356971740722656,-13.503451347351074,-11.404598236083984,-12.381274223327637,-18.603801727294922,-18.971921920776367,-16.52263832092285,-16.200037002563477,-15.91209602355957,-17.038772583007812,-18.486122131347656
-6.529361724853516,-5.311875343322754,-7.568534851074219,-9.295564651489258,-8.588754653930664,-6.953943252563477,-8.07250690460205,-9.571239471435547,-9.272730827331543,-9.019136428833008,-8.211406707763672,-9.474159240722656,-11.236841201782227,-12.927133560180664,-14.222198486328125,-16.371641159057617,-17.020734786987305,-15.263110160827637,-11.344573974609375,-9.042667388916016,-10.099823951721191,-11.592101097106934,-10.992279052734375,-10.005026817321777,-12.80938720703125,-16.657909393310547,-16.186357498168945,-13.089262008666992,-13.175189018249512,-14.004975318908691,-14.677862167358398,-13.722792625427246,-12.903884887695312,-11.971055030822754,-10.772045135498047,-13.162480354309082,-17.515731811523438,-21.818334579467773,-21.60875701904297,-18.283050537109375,-18.08969497680664,-19.768260955810547,-20.445110321044922,-20.407146453857422
-5.600588798522949,-5.25335693359375,-7.905543327331543,-8.797374725341797,-8.068703651428223,-8.038714408874512,-8.632232666015625,-9.264081001281738,-8.868314743041992,-8.14943790435791,-8.270941734313965,-9.948518753051758,-11.256975173950195,-11.968565940856934,-13.504947662353516,-15.775436401367188,-17.46064567565918,-15.481050491333008,-11.393255233764648,-10.309720039367676,-10.442193984985352,-11.221935272216797,-11.934357643127441,-12.577533721923828,-13.522619247436523,-14.076273918151855,-12.847705841064453,-11.430069923400879,-11.658111572265625,-12.15442943572998,-13.544356346130371,-13.38611125946045,-12.189766883850098,-12.132513999938965,-14.036696434020996,-18.206745147705078,-21.667083740234375,-22.927438735961914,-22.631559371948242,-19.829486846923828,-20.175790786743164,-22.207618713378906,-22.672643661499023,-21.90227699279785
-6.625191688537598,-6.848473072052002,-8.417820930480957,-8.786720275878906,-7.642524719238281,-7.066308498382568,-8.301701545715332,-8.40637493133545,-8.205141067504883,-7.757034778594971,-8.74768352508545,-9.406365394592285,-10.569445610046387,-12.155611991882324,-13.703763008117676,-15.145673751831055,-15.935038566589355,-15.890117645263672,-14.124112129211426,-13.332417488098145,-12.06950855255127,-11.454765319824219,-12.607569694519043,-13.994935035705566,-13.68496322631836,-12.654346466064453,-10.709531784057617,-10.60407543182373,-10.947526931762695,-10.956975936889648,-12.24671459197998,-14.124567031860352,-15.047330856323242,-17.402488708496094,-20.204490661621094,-22.780410766601562,-24.250370025634766,-23.969728469848633,-23.701326370239258,-22.389738082885742,-22.291851043701172,-22.79234504699707,-22.65833282470703,-22.13535499572754
-7.948727607727051,-8.579484939575195,-8.973933219909668,-8.38205623626709,-6.1749958992004395,-6.155257701873779,-8.553977012634277,-9.1808500289917,-9.115911483764648,-9.177689552307129,-8.707611083984375,-8.448169708251953,-9.244108200073242,-12.257617950439453,-14.3723783493042,-15.005992889404297,-15.556437492370605,-14.900617599487305,-15.010029792785645,-15.31418228149414,-14.39335823059082,-11.140389442443848,-9.806647300720215,-12.538976669311523,-14.019606590270996,-11.923961639404297,-9.628178596496582,-11.57148265838623,-12.6397123336792,-12.10649585723877,-12.550572395324707,-14.767738342285156,-17.22920799255371,-20.764789581298828,-23.472965240478516,-24.389198303222656,-24.604110717773438,-24.052749633789062,-23.509841918945312,-22.785314559936523,-22.491254806518555,-21.970134735107422,-20.613296508789062,-20.88327407836914
-9.002754211425781,-10.516669273376465,-10.49842643737793,-9.205487251281738,-8.360780715942383,-9.74769401550293,-10.403543472290039,-11.11260986328125,-11.191690444946289,-10.576874732971191,-9.849200248718262,-9.780550003051758,-10.228224754333496,-12.21924877166748,-14.63481616973877,-15.00680160522461,-14.737229347229004,-14.030319213867188,-13.448668479919434,-13.706418991088867,-13.680451393127441,-10.853530883789062,-7.0380859375,-8.646554946899414,-11.019801139831543,-10.449653625488281,-10.28186321258545,-12.252554893493652,-12.960658073425293,-12.691980361938477,-12.881359100341797,-14.57787036895752,-16.15813636779785,-18.177824020385742,-20.49331283569336,-21.972244262695312,-21.635683059692383,-20.850492477416992,-20.46057891845703,-20.671201705932617,-20.36504364013672,-20.479280471801758,-19.130525588989258,-19.6722469329834
-9.738213539123535,-11.069332122802734,-11.344944953918457,-10.704103469848633,-9.987069129943848,-10.010563850402832,-11.094079971313477,-11.700233459472656,-11.396153450012207,-9.901951789855957,-9.780656814575195,-11.312422752380371,-12.540528297424316,-12.816333770751953,-14.06815242767334,-14.954030990600586,-14.53077220916748,-13.127306938171387,-12.500909805297852,-12.580985069274902,-12.47724723815918,-10.006080627441406,-6.68263578414917,-7.617321014404297,-9.388072967529297,-10.571684837341309,-12.140175819396973,-11.584980010986328,-10.430551528930664,-10.229269027709961,-11.67526912689209,-13.157588005065918,-13.925602912902832,-15.351621627807617,-18.927167892456055,-20.22821044921875,-19.465307235717773,-19.134531021118164,-18.73383903503418,-19.291772842407227,-19.1195011138916,-20.218236923217773,-20.765193939208984,-22.226890563964844
-10.230855941772461,-10.337400436401367,-10.624755859375,-11.157482147216797,-10.030927658081055,-8.742083549499512,-10.756525993347168,-11.728567123413086,-10.671527862548828,-8.41141414642334,-8.411832809448242,-10.476446151733398,-12.358046531677246,-13.553982734680176,-14.185864448547363,-14.669609069824219,-14.04940414428711,-12.476334571838379,-11.757771492004395,-11.612666130065918,-11.813460350036621,-10.697556495666504,-10.030293464660645,-10.8043212890625,-11.7952241897583,-11.849339485168457,-12.913125991821289,-11.162055969238281,-9.78608226776123,-9.978742599487305,-12.361924171447754,-13.66740894317627,-14.541827201843262,-17.880821228027344,-21.677898406982422,-21.635622024536133,-21.275745391845703,-21.613420486450195,-20.789745330810547,-19.82056999206543,-19.26253890991211,-20.63851547241211,-23.323957443237305,-24.647140502929688
-9.74564266204834,-8.8922700881958,-9.067150115966797,-10.032925605773926,-8.644001960754395,-7.987115859985352,-9.114267349243164,-10.416498184204102,-9.235960960388184,-7.336574077606201,-7.967252254486084,-10.037005424499512,-12.164133071899414,-14.51738452911377,-15.326321601867676,-14.644826889038086,-13.345914840698242,-12.058538436889648,-10.92890739440918,-11.165558815002441,-12.193323135375977,-13.360616683959961,-13.782824516296387,-14.391918182373047,-14.356982231140137,-13.041629791259766,-12.967477798461914,-12.068710327148438,-11.429265975952148,-11.386921882629395,-13.666213989257812,-16.328998565673828,-19.074968338012695,-22.874481201171875,-24.62464141845703,-23.946592330932617,-24.437726974487305,-24.67844581604004,-23.222576141357422,-21.106643676757812,-20.04213523864746,-21.89336585998535,-25.36820411682129,-25.07176971435547
