data/wind_data/wind_2025-02-20_21.json
{"header": {"parameterUnit": "KT", "parameterCategory": 2, "nx": 255, "ny": 198, "lo1": 44.73521041870117, "la1": -3.236724853515625, "lo2": 111.26478576660156, "la2": 43.468475341796875, "dx": 0.26192745566368103, "dy": -0.23708222806453705, "refTime": "2025-02-20 21:00:00", "forecastTime": 0, "parameterNumber": 2, "parameterNumberName": "eastward_wind"}, "data":
[rows 76 to 94 of 198, columns 43 to 85 of 255]
-4.047550201416016,-4.558956146240234,-4.304068565368652,-3.7340800762176514,-4.1799798011779785,-5.0466108322143555,-3.5593931674957275,-2.6080589294433594,-3.774142265319824,-4.036564826965332,-3.861733913421631,-3.6937968730926514,-4.079313278198242,-4.467992305755615,-4.080894947052002,-3.105346202850342,-2.662003517150879,-3.040611743927002,-4.667397499084473,-5.7204270362854,-6.102418899536133,-7.153711795806885,-8.016997337341309,-8.667630195617676,-8.822273254394531,-8.640798568725586,-8.18718433380127,-7.642728805541992,-7.186428546905518,-6.912151336669922,-6.8416242599487305,-6.944918632507324,-7.062766075134277,-6.974415302276611,-6.72950553894043,-6.380257606506348,-5.957286357879639,-5.49107551574707,-5.1463942527771,-5.007755279541016,-4.728609561920166,-4.338019371032715,-4.008065223693848
-2.7922089099884033,-3.729074478149414,-3.6939592361450195,-3.4588191509246826,-3.6974339485168457,-3.781741142272949,-2.4356112480163574,-2.218036413192749,-3.278106927871704,-2.9944989681243896,-2.7797131538391113,-3.3542933464050293,-3.878035306930542,-3.6878650188446045,-3.338726282119751,-2.812479019165039,-2.5033657550811768,-3.550330638885498,-4.826515197753906,-5.6383161544799805,-6.289022445678711,-6.958584308624268,-7.757585525512695,-8.370553016662598,-8.43775749206543,-8.280845642089844,-7.830891132354736,-7.369706153869629,-7.126894950866699,-7.001532077789307,-7.098766326904297,-7.249267101287842,-7.148283004760742,-7.098574638366699,-6.934337139129639,-6.465904712677002,-6.02447509765625,-5.633354663848877,-5.243370056152344,-4.78101921081543,-4.35638427734375,-4.0021796226501465,-3.7599220275878906
-1.3483054637908936,-2.7678937911987305,-3.414450168609619,-3.0092735290527344,-2.930779457092285,-2.1815736293792725,-1.6952300071716309,-2.3261406421661377,-2.972560405731201,-2.8253321647644043,-2.5901899337768555,-2.889122486114502,-3.3487911224365234,-3.107804298400879,-2.856523036956787,-3.253720998764038,-3.6278247833251953,-4.463688373565674,-5.027346611022949,-5.51845645904541,-6.129175662994385,-6.788947105407715,-7.386594295501709,-7.737679481506348,-7.915399074554443,-7.9677557945251465,-7.849628448486328,-7.507928371429443,-7.152892589569092,-7.022726058959961,-6.840983867645264,-6.670166015625,-6.765131950378418,-6.949523448944092,-6.848865985870361,-6.587039947509766,-6.332134246826172,-5.938362121582031,-5.411812782287598,-4.818512439727783,-4.173643112182617,-3.666816473007202,-3.3639652729034424
-1.6175228357315063,-2.3772363662719727,-3.007103681564331,-2.460890293121338,-2.239504337310791,-1.8365226984024048,-1.8890354633331299,-2.9241068363189697,-3.4816384315490723,-3.163841962814331,-2.7179372310638428,-2.737234354019165,-3.1538937091827393,-3.38370943069458,-3.5070745944976807,-4.007352352142334,-4.421377182006836,-4.937515735626221,-5.379575252532959,-5.703152179718018,-6.054185390472412,-6.588063716888428,-7.202246189117432,-7.61456823348999,-7.748134613037109,-7.591338157653809,-7.409394264221191,-7.263427734375,-7.0152812004089355,-6.847515106201172,-6.6855926513671875,-6.52658748626709,-6.534797191619873,-6.668644428253174,-6.757107734680176,-6.630182266235352,-6.40038537979126,-6.152015209197998,-5.61950159072876,-4.8235554695129395,-3.9201297760009766,-3.1697070598602295,-2.6740036010742188
-2.0751278400421143,-2.2066686153411865,-2.644987106323242,-2.279906749725342,-2.117382526397705,-2.3603785037994385,-2.787346601486206,-3.4699110984802246,-3.5579543113708496,-3.323195457458496,-3.059455633163452,-3.13765287399292,-3.363483190536499,-3.6395771503448486,-3.915203809738159,-4.317025661468506,-4.725049018859863,-5.015518665313721,-5.298004627227783,-5.583654403686523,-6.041535377502441,-6.7337751388549805,-7.258090019226074,-7.419439315795898,-7.480781555175781,-7.552218914031982,-7.442246913909912,-7.214628219604492,-7.000858306884766,-6.793265342712402,-6.629947662353516,-6.411412715911865,-6.173681735992432,-6.097499847412109,-6.08286714553833,-6.053079128265381,-6.0285420417785645,-5.848233699798584,-5.439766883850098,-4.693033695220947,-3.6360414028167725,-2.674624443054199,-2.036259889602661
-2.206129550933838,-2.35200572013855,-2.5713160037994385,-2.490849494934082,-2.5085532665252686,-3.0032742023468018,-3.4134521484375,-3.6914374828338623,-3.5233869552612305,-3.2917346954345703,-3.1154768466949463,-3.194641590118408,-3.4157402515411377,-3.6942873001098633,-4.075741767883301,-4.525411128997803,-4.913524150848389,-5.147794723510742,-5.4375996589660645,-5.800605297088623,-6.215873718261719,-6.8020477294921875,-7.262267589569092,-7.475123882293701,-7.483384132385254,-7.304736614227295,-7.151246547698975,-7.002678394317627,-6.912939071655273,-6.934444904327393,-6.804758071899414,-6.439971923828125,-6.088540554046631,-5.829325199127197,-5.588170051574707,-5.489384651184082,-5.502862453460693,-5.465535640716553,-5.21707820892334,-4.430283069610596,-3.3442866802215576,-2.506714344024658,-1.8938357830047607
-0.9057119488716125,-0.8393718004226685,-2.088909387588501,-2.603046417236328,-2.867586612701416,-3.5148415565490723,-3.82727313041687,-3.8334217071533203,-3.5401365756988525,-3.3212506771087646,-3.159874677658081,-3.1537272930145264,-3.284205436706543,-3.599961280822754,-4.0627031326293945,-4.5389404296875,-4.991755962371826,-5.322362899780273,-5.563121795654297,-5.8301682472229,-6.301015853881836,-6.894906044006348,-7.315205097198486,-7.477431297302246,-7.288162708282471,-6.9648118019104,-6.759730815887451,-6.827973365783691,-7.082330703735352,-7.152274131774902,-6.9665632247924805,-6.589120388031006,-6.106260776519775,-5.68768835067749,-5.388209342956543,-5.191799163818359,-5.1623992919921875,-5.125828742980957,-4.824813365936279,-4.178630352020264,-3.290456533432007,-2.473463296890259,-1.8959345817565918
-1.5395216941833496,-0.0014056763611733913,-0.5383608341217041,-2.4496212005615234,-3.2957630157470703,-3.731353521347046,-3.897710084915161,-3.8445544242858887,-3.6848702430725098,-3.4666976928710938,-3.3198704719543457,-3.3118886947631836,-3.4772226810455322,-3.822887420654297,-4.267566204071045,-4.700891494750977,-4.979016304016113,-5.199940204620361,-5.526854991912842,-6.005575180053711,-6.569929122924805,-7.072935104370117,-7.3634419441223145,-7.298968315124512,-6.978020668029785,-6.747207164764404,-6.736403942108154,-6.775730133056641,-6.880352020263672,-7.063051700592041,-7.088103771209717,-6.6899261474609375,-6.058383464813232,-5.638946056365967,-5.351838111877441,-5.124406814575195,-5.09393310546875,-5.0098490715026855,-4.734007358551025,-4.253645896911621,-3.4788784980773926,-2.719440460205078,-2.0122735500335693
-2.756333589553833,-0.9736787676811218,-0.7757799029350281,-2.521091938018799,-3.4020133018493652,-3.5206708908081055,-3.74630069732666,-3.715625524520874,-3.6360037326812744,-3.5632190704345703,-3.5628726482391357,-3.6316652297973633,-3.8195278644561768,-4.23744010925293,-4.614077091217041,-4.797847270965576,-4.916482925415039,-5.174935340881348,-5.497178077697754,-6.013465881347656,-6.751440048217773,-7.227315425872803,-7.257564544677734,-7.093744277954102,-6.939451217651367,-6.815187454223633,-6.748794078826904,-6.758048057556152,-6.8240437507629395,-6.907214164733887,-6.8331146240234375,-6.541745662689209,-6.141274452209473,-5.712385654449463,-5.332211017608643,-5.038983345031738,-4.982820510864258,-5.01033353805542,-4.796581268310547,-4.531877517700195,-3.9582695960998535,-3.0384974479675293,-2.1171600818634033
-2.934296131134033,-1.9198745489120483,-1.4575448036193848,-2.966623306274414,-3.4006667137145996,-3.393594980239868,-3.475780963897705,-3.3900411128997803,-3.5863969326019287,-3.5967354774475098,-3.794254779815674,-4.022674083709717,-4.350821018218994,-4.691310882568359,-4.904938220977783,-4.91676664352417,-4.970217704772949,-5.172813415527344,-5.513360977172852,-6.138614654541016,-6.7859368324279785,-7.113773822784424,-7.201940536499023,-7.177011966705322,-7.108146667480469,-6.876924514770508,-6.677811145782471,-6.7529377937316895,-6.850408554077148,-6.865610599517822,-6.738631248474121,-6.3658061027526855,-5.841427326202393,-5.345842361450195,-5.028470039367676,-4.783927917480469,-4.760597229003906,-5.049139976501465,-5.21575403213501,-4.969577312469482,-4.140730857849121,-3.125967264175415,-2.1056323051452637
-2.8360514640808105,-2.3666696548461914,-1.9971805810928345,-2.0069363117218018,-1.7945212125778198,-1.6311419010162354,-2.718742847442627,-3.0990822315216064,-3.3581175804138184,-3.657273530960083,-3.964590549468994,-4.363116264343262,-4.812207221984863,-5.045129776000977,-5.048865795135498,-5.0205979347229,-5.138672351837158,-5.3559489250183105,-5.754595756530762,-6.335460186004639,-6.76759672164917,-6.928873062133789,-6.986211776733398,-6.963129997253418,-6.918869972229004,-6.844851493835449,-6.752983570098877,-6.78474760055542,-6.779008865356445,-6.678767204284668,-6.379909992218018,-5.819064140319824,-5.221105098724365,-4.836694717407227,-4.676408290863037,-4.66603946685791,-5.007839679718018,-5.429467678070068,-5.437255859375,-5.062856674194336,-4.254741668701172,-3.182603120803833,-2.0074899196624756
-2.9875402450561523,-2.5555496215820312,-2.330503225326538,-2.6382012367248535,-1.7363905906677246,-0.6935874819755554,-0.7749728560447693,-2.095560312271118,-3.1704251766204834,-3.7782270908355713,-4.175741195678711,-4.687604904174805,-5.112516403198242,-5.312311172485352,-5.339362621307373,-5.356470584869385,-5.475454330444336,-5.716628074645996,-6.12833309173584,-6.596063137054443,-6.814887046813965,-6.850397109985352,-6.853326320648193,-6.856603145599365,-6.807678699493408,-6.675277233123779,-6.63955020904541,-6.7439093589782715,-6.7687788009643555,-6.512878894805908,-6.004853248596191,-5.455740451812744,-4.899614334106445,-4.496376037597656,-4.4859466552734375,-4.755176067352295,-5.217863082885742,-5.577045440673828,-5.565554618835449,-5.114760398864746,-4.235535144805908,-3.1704962253570557,-1.863407015800476
-3.3907363414764404,-2.884995937347412,-2.970479965209961,-3.2205417156219482,-2.4474475383758545,-0.711656928062439,-0.3291648328304291,-1.8667556047439575,-3.244786500930786,-3.8708009719848633,-4.374294281005859,-4.865281105041504,-5.174067974090576,-5.356661319732666,-5.434664249420166,-5.539724826812744,-5.73462438583374,-6.099528789520264,-6.495785713195801,-6.685491561889648,-6.679816246032715,-6.599836349487305,-6.440368175506592,-6.408287048339844,-6.410168647766113,-6.285955429077148,-6.464052677154541,-6.838451862335205,-6.837641716003418,-6.40212345123291,-5.71649694442749,-5.074090003967285,-4.6381916999816895,-4.483929634094238,-4.796382427215576,-5.388685703277588,-5.8235554695129395,-5.985466480255127,-5.832118511199951,-5.2772626876831055,-4.35989236831665,-3.1680409908294678,-1.6976759433746338
-3.8237791061401367,-3.2509677410125732,-3.1145524978637695,-3.038790225982666,-2.3453710079193115,-0.9670792818069458,-0.49841922521591187,-2.0680556297302246,-3.3970353603363037,-4.093733787536621,-4.65791130065918,-4.929917335510254,-5.146755695343018,-5.266916751861572,-5.397947311401367,-5.739086151123047,-6.184594631195068,-6.487745761871338,-6.662145137786865,-6.705224514007568,-6.528913497924805,-6.289552688598633,-6.070773124694824,-5.889782905578613,-5.901694297790527,-6.161746978759766,-6.55879545211792,-6.727306842803955,-6.44871187210083,-5.921133041381836,-5.2700514793396,-4.650476932525635,-4.481565952301025,-4.816990852355957,-5.2505412101745605,-5.632435321807861,-6.0566020011901855,-6.505307674407959,-6.523870944976807,-5.700832366943359,-4.333839416503906,-2.8649466037750244,-1.320193886756897
-4.0430588722229,-3.35601806640625,-2.7326533794403076,-2.323814868927002,-2.080493688583374,-1.552708387374878,-1.0628823041915894,-2.17878794670105,-3.5548229217529297,-4.234325408935547,-4.702354431152344,-5.001910209655762,-5.054286479949951,-5.154194355010986,-5.396838665008545,-5.807217121124268,-6.231049537658691,-6.570462226867676,-6.725708961486816,-6.603793621063232,-6.210499286651611,-5.688905715942383,-5.445132255554199,-5.536323547363281,-5.792072772979736,-6.160523414611816,-6.52687406539917,-6.589613437652588,-6.114401340484619,-5.313394546508789,-4.647756099700928,-4.318203449249268,-4.403774261474609,-4.954232215881348,-5.509871482849121,-5.838155269622803,-6.3926568031311035,-6.893980026245117,-6.515701770782471,-5.405935287475586,-3.9018166065216064,-2.257953643798828,-0.7323947548866272
-4.019705772399902,-3.2702126502990723,-2.5185670852661133,-2.0093278884887695,-1.8973294496536255,-1.734947919845581,-1.5549482107162476,-2.973353147506714,-3.859590530395508,-4.459733009338379,-4.933373928070068,-4.811938762664795,-5.042858123779297,-5.217857837677002,-5.493303298950195,-5.900720119476318,-6.334586143493652,-6.678220748901367,-6.710618019104004,-6.335903167724609,-5.758252143859863,-5.365110397338867,-5.241785049438477,-5.2914018630981445,-5.481790065765381,-5.7761945724487305,-6.0504865646362305,-5.942991733551025,-5.371038436889648,-4.760539531707764,-4.342487812042236,-4.224325656890869,-4.413309574127197,-4.739476680755615,-5.162349224090576,-5.638583660125732,-6.0622076988220215,-6.244812965393066,-5.850854396820068,-4.869464874267578,-3.430880308151245,-1.7166796922683716,-0.08167308568954468
-4.067460060119629,-3.403594493865967,-2.541776418685913,-2.1488633155822754,-2.0324976444244385,-1.5413103103637695,-1.1954779624938965,-2.2916150093078613,-4.284243106842041,-3.338439702987671,-4.183417797088623,-4.588545322418213,-4.921138286590576,-5.171100616455078,-5.372811794281006,-5.672534465789795,-6.252041816711426,-6.682401180267334,-6.610378265380859,-6.035846710205078,-5.449642181396484,-5.079926013946533,-5.0075364112854,-5.0478515625,-5.0322065353393555,-4.9881696701049805,-4.938351154327393,-4.884272575378418,-4.6982598304748535,-4.405232906341553,-4.173406600952148,-4.17915153503418,-4.3748040199279785,-4.50746488571167,-4.5934600830078125,-4.828917026519775,-5.140305519104004,-5.300722599029541,-5.050726890563965,-4.219364643096924,-2.7608277797698975,-1.0307809114456177,0.6287165880203247
-4.117645740509033,-3.5288515090942383,-2.864258289337158,-2.5717391967773438,-2.4422338008880615,-1.716430902481079,-1.3446476459503174,-2.407487392425537,-2.879845380783081,-3.0148873329162598,-4.098769187927246,-4.455114364624023,-4.693583965301514,-5.112572193145752,-5.179322242736816,-5.6249613761901855,-6.180976867675781,-6.521057605743408,-6.2412848472595215,-5.785654544830322,-5.395440101623535,-5.048079490661621,-4.825332164764404,-4.706732749938965,-4.556281089782715,-4.322122573852539,-4.115599155426025,-4.0244221687316895,-3.934135675430298,-3.8632540702819824,-3.8655967712402344,-3.921905279159546,-3.9946584701538086,-4.019639492034912,-3.9468605518341064,-3.9874212741851807,-4.236791610717773,-4.415157318115234,-4.178135871887207,-3.4190948009490967,-1.938507080078125,-0.172392338514328,1.4322667121887207
-3.3390495777130127,-3.424278736114502,-3.2206616401672363,-2.977158546447754,-2.94765305519104,-2.636600971221924,-2.8350603580474854,-3.928952932357788,-4.018560409545898,-3.3257226943969727,-2.8634283542633057,-3.9225873947143555,-4.336426258087158,-4.7110772132873535,-5.123819828033447,-5.643857479095459,-6.120341777801514,-6.266345977783203,-5.926912307739258,-5.49446964263916,-5.196106433868408,-4.9936394691467285,-4.765729904174805,-4.454833507537842,-3.976012706756592,-3.5776150226593018,-3.3783655166625977,-3.2734811305999756,-3.2528035640716553,-3.291288375854492,-3.370166778564453,-3.448040723800659,-3.5045015811920166,-3.508272171020508,-3.4432783126831055,-3.4904139041900635,-3.732640504837036,-3.9143078327178955,-3.556485652923584,-2.5765833854675293,-0.959646999835968,0.7926286458969116,2.2881951332092285
