data/wind_data/wind_27_5.json
{"header": {"parameterUnit": "KT", "parameterCategory": 2, "nx": 256, "ny": 198, "lo1": 44.73521041870117, "la1": -3.236724853515625, "lo2": 111.26478576660156, "la2": 43.468475341796875, "dx": 0.2609002888202667, "dy": -0.23708222806453705, "refTime": "2025-02-20 03:00:00", "forecastTime": 0, "parameterNumber": 2, "parameterNumberName": "eastward_wind"}, "data":
[rows 57 to 75 of 198, columns 44 to 87 of 256]
-9.288976669311523,-9.597557067871094,-9.819586753845215,-10.007331848144531,-10.15207290649414,-10.237311363220215,-10.268022537231445,-10.363912582397461,-10.460824966430664,-10.521477699279785,-10.59256649017334,-10.658609390258789,-10.661178588867188,-10.581575393676758,-10.602278709411621,-10.682756423950195,-10.620183944702148,-10.3771390914917,-10.223976135253906,-10.189167022705078,-10.21646499633789,-10.43642520904541,-10.808128356933594,-11.211273193359375,-11.559757232666016,-11.732657432556152,-11.76612663269043,-11.699713706970215,-11.484064102172852,-11.094411849975586,-10.830809593200684,-10.776395797729492,-10.844938278198242,-10.848389625549316,-10.853256225585938,-10.885871887207031,-10.85462474822998,-10.796920776367188,-10.835798263549805,-10.703075408935547,-10.117047309875488,-9.457427978515625,-9.047091484069824,-8.733734130859375
-8.048569679260254,-8.332996368408203,-8.563813209533691,-8.772119522094727,-8.968353271484375,-9.14377212524414,-9.32577896118164,-9.521069526672363,-9.652297019958496,-9.713981628417969,-9.815271377563477,-9.950414657592773,-9.999083518981934,-10.007098197937012,-9.99809741973877,-9.938693046569824,-9.845416069030762,-9.699060440063477,-9.525537490844727,-9.42670726776123,-9.48283576965332,-9.670843124389648,-9.96284008026123,-10.32836627960205,-10.647555351257324,-10.846163749694824,-10.957123756408691,-10.918828964233398,-10.657236099243164,-10.296465873718262,-10.061626434326172,-10.046778678894043,-10.123900413513184,-10.159292221069336,-10.087998390197754,-9.98160171508789,-9.834124565124512,-9.586650848388672,-9.43871784210205,-9.322930335998535,-8.988752365112305,-8.41063117980957,-7.834207057952881,-7.430622577667236
-6.752805709838867,-7.071144104003906,-7.365630626678467,-7.62722110748291,-7.8753228187561035,-8.151443481445312,-8.475502967834473,-8.786616325378418,-9.006498336791992,-9.108817100524902,-9.150348663330078,-9.19192123413086,-9.248990058898926,-9.314534187316895,-9.330279350280762,-9.276966094970703,-9.156967163085938,-9.00179672241211,-8.860437393188477,-8.80545425415039,-8.902027130126953,-9.078092575073242,-9.244571685791016,-9.386492729187012,-9.510872840881348,-9.735730171203613,-10.046789169311523,-10.130461692810059,-9.881023406982422,-9.596972465515137,-9.419692993164062,-9.343605995178223,-9.301729202270508,-9.21780776977539,-9.07214069366455,-8.848555564880371,-8.776476860046387,-8.60919189453125,-8.328310012817383,-8.127711296081543,-7.896103858947754,-7.393591403961182,-6.814754962921143,-6.258497714996338
-5.6176652908325195,-5.959641456604004,-6.3293890953063965,-6.673980712890625,-7.012556552886963,-7.379449367523193,-7.779715538024902,-8.165979385375977,-8.48213005065918,-8.656917572021484,-8.65129280090332,-8.533788681030273,-8.441043853759766,-8.437418937683105,-8.479931831359863,-8.512138366699219,-8.471837043762207,-8.362960815429688,-8.262839317321777,-8.289765357971191,-8.444717407226562,-8.612091064453125,-8.721090316772461,-8.751022338867188,-8.767521858215332,-8.844808578491211,-8.973884582519531,-9.033321380615234,-8.982355117797852,-8.917614936828613,-8.72904109954834,-8.457895278930664,-8.325699806213379,-8.33559513092041,-8.251908302307129,-7.970897674560547,-7.618025302886963,-7.313601016998291,-7.093496322631836,-6.8725266456604,-6.60250186920166,-6.284028053283691,-5.766222953796387,-5.182824611663818
-4.852124214172363,-5.173637866973877,-5.553510665893555,-5.922434329986572,-6.244379043579102,-6.569043159484863,-6.9358720779418945,-7.320193767547607,-7.701605796813965,-7.995258331298828,-8.124972343444824,-8.084416389465332,-7.931338787078857,-7.773336410522461,-7.6721296310424805,-7.598581790924072,-7.5479817390441895,-7.563523292541504,-7.639824390411377,-7.740444660186768,-7.867833614349365,-8.01502513885498,-8.116096496582031,-8.111973762512207,-8.132787704467773,-8.248620986938477,-8.281556129455566,-8.181653022766113,-8.09080696105957,-7.975924491882324,-7.790588855743408,-7.5999627113342285,-7.467981338500977,-7.380068302154541,-7.2586212158203125,-6.958281993865967,-6.6266679763793945,-6.21435022354126,-5.776854038238525,-5.460366249084473,-5.231602191925049,-4.881505966186523,-4.4503865242004395,-3.9781112670898438
-4.225815296173096,-4.479187965393066,-4.769782543182373,-5.085444450378418,-5.3655500411987305,-5.5751495361328125,-5.783148288726807,-6.052750587463379,-6.398690700531006,-6.756388187408447,-7.019871711730957,-7.156665802001953,-7.1545586585998535,-7.048763751983643,-6.924238204956055,-6.840680122375488,-6.817434310913086,-6.8503804206848145,-6.913229465484619,-6.982790946960449,-7.092648029327393,-7.222647190093994,-7.332131385803223,-7.379228115081787,-7.469205379486084,-7.6096320152282715,-7.651415824890137,-7.551651477813721,-7.388876438140869,-7.210031986236572,-6.948390007019043,-6.712151527404785,-6.550163269042969,-6.321410179138184,-6.087105751037598,-5.8517045974731445,-5.570101261138916,-5.145044326782227,-4.649470329284668,-4.318655014038086,-4.09647798538208,-3.7369041442871094,-3.3517696857452393,-2.969482660293579
-3.2352631092071533,-3.417799472808838,-3.5923986434936523,-3.7734498977661133,-3.9569714069366455,-4.119167804718018,-4.2550458908081055,-4.4266204833984375,-4.6590094566345215,-4.945459365844727,-5.2539381980896,-5.515673637390137,-5.678828716278076,-5.751284599304199,-5.7650604248046875,-5.821555137634277,-5.91554594039917,-5.987783432006836,-6.032247066497803,-6.089020729064941,-6.184604644775391,-6.280300140380859,-6.333952903747559,-6.411252975463867,-6.587489604949951,-6.79199743270874,-6.880773067474365,-6.791503429412842,-6.663699626922607,-6.480277061462402,-6.202381610870361,-5.897099018096924,-5.611006736755371,-5.320647239685059,-5.057170867919922,-4.759398460388184,-4.396226406097412,-3.9755539894104004,-3.6047043800354004,-3.253859519958496,-2.9824137687683105,-2.6394426822662354,-2.3173675537109375,-1.9816468954086304
-1.8072125911712646,-1.930071234703064,-2.041834592819214,-2.1329448223114014,-2.2462780475616455,-2.41807222366333,-2.603637456893921,-2.777977705001831,-2.9318270683288574,-3.0961451530456543,-3.311458110809326,-3.546311140060425,-3.748208522796631,-3.9262356758117676,-4.093153476715088,-4.2618184089660645,-4.44307804107666,-4.604141712188721,-4.6975226402282715,-4.71142053604126,-4.7142415046691895,-4.775279998779297,-4.966385841369629,-5.254600524902344,-5.50176477432251,-5.645761489868164,-5.726067543029785,-5.7474775314331055,-5.722714424133301,-5.562542915344238,-5.259645938873291,-4.968327045440674,-4.761439323425293,-4.525778293609619,-4.234426498413086,-3.836482286453247,-3.4866318702697754,-3.133849620819092,-2.7749814987182617,-2.434880256652832,-2.1047565937042236,-1.722123146057129,-1.3034125566482544,-0.8594989776611328
-0.5475189089775085,-0.6344380378723145,-0.7150819897651672,-0.7571685910224915,-0.8716437816619873,-1.1446455717086792,-1.516326904296875,-1.836455225944519,-1.9977457523345947,-2.053539514541626,-2.101048469543457,-2.1688570976257324,-2.2403485774993896,-2.3200900554656982,-2.422766923904419,-2.5275919437408447,-2.627901315689087,-2.7507987022399902,-2.837249517440796,-2.800360918045044,-2.722602367401123,-2.7357077598571777,-2.9265170097351074,-3.2939565181732178,-3.740542411804199,-4.112776756286621,-4.330934524536133,-4.39274787902832,-4.4171366691589355,-4.241142749786377,-3.9426815509796143,-3.6817069053649902,-3.4889485836029053,-3.341082811355591,-3.2090389728546143,-3.0379018783569336,-2.794722557067871,-2.506852865219116,-2.1105833053588867,-1.6846834421157837,-1.2693994045257568,-0.8304668664932251,-0.38686245679855347,0.06115597113966942
0.1196325346827507,0.005128295626491308,-0.08396213501691818,-0.13278548419475555,-0.2384682148694992,-0.5307269096374512,-0.9877033233642578,-1.4204323291778564,-1.6309611797332764,-1.6619234085083008,-1.6271905899047852,-1.5894309282302856,-1.5531450510025024,-1.5054426193237305,-1.4583015441894531,-1.4080398082733154,-1.3392579555511475,-1.2554248571395874,-1.1542301177978516,-1.0146561861038208,-0.8724166750907898,-0.8013560771942139,-0.858254611492157,-1.1022251844406128,-1.54011869430542,-2.06160831451416,-2.490056276321411,-2.742922782897949,-2.8284707069396973,-2.6981263160705566,-2.4607369899749756,-2.183152914047241,-1.9110279083251953,-1.7697160243988037,-1.725769281387329,-1.7228895425796509,-1.6691491603851318,-1.5793156623840332,-1.362452745437622,-0.9680356979370117,-0.5008863806724548,-0.009837698191404343,0.4591037631034851,0.9114130735397339
0.6940105557441711,0.624443769454956,0.5480692386627197,0.4534929394721985,0.2826847434043884,-0.0013285467866808176,-0.35380613803863525,-0.6761866807937622,-0.8237902522087097,-0.8267305493354797,-0.7963403463363647,-0.7835339903831482,-0.7788048982620239,-0.7622798681259155,-0.7321693897247314,-0.6740118265151978,-0.5745121240615845,-0.40938669443130493,-0.21918414533138275,-0.016902323812246323,0.19881485402584076,0.3979891240596771,0.5149326920509338,0.4775431752204895,0.2662844657897949,-0.09438721090555191,-0.48696666955947876,-0.7723458409309387,-0.8835199475288391,-0.8294454216957092,-0.6751125454902649,-0.4799979329109192,-0.2908705174922943,-0.13011087477207184,-0.05561734735965729,-0.09648600220680237,-0.1542993187904358,-0.16619804501533508,-0.08690803498029709,0.12497907876968384,0.4631274342536926,0.890480101108551,1.3899013996124268,1.8595833778381348
2.0956554412841797,2.0925471782684326,2.147106170654297,2.0812125205993652,1.8259353637695312,1.4657195806503296,1.1258971691131592,0.9018054604530334,0.8378148078918457,0.855190098285675,0.8567134737968445,0.8055551648139954,0.7204309105873108,0.6274662613868713,0.5401431322097778,0.46973004937171936,0.46514004468917847,0.5368963479995728,0.6319886445999146,0.7385804057121277,0.8660857677459717,1.0106780529022217,1.1615568399429321,1.2645220756530762,1.2777438163757324,1.1856478452682495,1.0681910514831543,1.0296584367752075,1.0983917713165283,1.2072075605392456,1.315327525138855,1.4206171035766602,1.503787875175476,1.545101523399353,1.5366191864013672,1.4717751741409302,1.3463417291641235,1.2710782289505005,1.3186219930648804,1.465881109237671,1.7047877311706543,2.057518243789673,2.497246026992798,2.9254493713378906
4.017640590667725,4.000884056091309,4.108922481536865,4.125627040863037,3.932663679122925,3.567359685897827,3.196610927581787,2.984160900115967,2.94925594329834,2.9745030403137207,2.960596799850464,2.861217498779297,2.682806968688965,2.4868528842926025,2.3163833618164062,2.1597471237182617,2.0555310249328613,2.0097434520721436,1.9877679347991943,1.9604319334030151,1.9287054538726807,1.8803759813308716,1.850001335144043,1.8604241609573364,1.8995180130004883,1.9734615087509155,2.112422466278076,2.334261417388916,2.6276438236236572,2.918768882751465,3.1363024711608887,3.2534360885620117,3.3010897636413574,3.2981631755828857,3.242133140563965,3.0748674869537354,2.8656246662139893,2.70234751701355,2.652684450149536,2.769047737121582,3.0275304317474365,3.3856732845306396,3.798576593399048,4.241032600402832
5.188109874725342,5.311033248901367,5.44005012512207,5.478475570678711,5.352104187011719,5.103536128997803,4.864119052886963,4.778238773345947,4.842030048370361,4.954282760620117,5.001873016357422,4.880306720733643,4.600470066070557,4.279101371765137,4.038045883178711,3.864523410797119,3.731146812438965,3.6420652866363525,3.558462381362915,3.457481861114502,3.306760549545288,3.091520309448242,2.863311767578125,2.687340497970581,2.6351537704467773,2.7495768070220947,3.0195207595825195,3.391835927963257,3.825214385986328,4.24246883392334,4.562303066253662,4.719111919403076,4.768460750579834,4.763697624206543,4.736741065979004,4.660510540008545,4.515253067016602,4.333216667175293,4.1620283126831055,4.192099094390869,4.477968692779541,4.909117221832275,5.390917778015137,5.8476409912109375
5.81997537612915,6.0753679275512695,6.253544330596924,6.292672157287598,6.216816425323486,6.119546890258789,6.102008819580078,6.20858097076416,6.420316696166992,6.655881881713867,6.803629398345947,6.719483852386475,6.372405052185059,5.885102272033691,5.46220588684082,5.2077202796936035,5.069117546081543,4.9616193771362305,4.843968391418457,4.682160377502441,4.469659328460693,4.197120189666748,3.8882014751434326,3.6025571823120117,3.4452829360961914,3.515148401260376,3.8108060359954834,4.268777847290039,4.808789253234863,5.333815574645996,5.752382755279541,5.9781036376953125,5.9882965087890625,5.885312080383301,5.797112464904785,5.789492607116699,5.902061462402344,6.017458438873291,6.01816463470459,6.020659923553467,6.237279415130615,6.671379089355469,7.228262424468994,7.7896928787231445
6.9326491355896,7.179837226867676,7.2756428718566895,7.218707084655762,7.147802829742432,7.204800605773926,7.414413928985596,7.7142133712768555,8.02645492553711,8.279715538024902,8.409688949584961,8.339265823364258,8.019988059997559,7.506861209869385,6.955487251281738,6.533346176147461,6.280416011810303,6.085779190063477,5.876984119415283,5.63876485824585,5.376147747039795,5.092637062072754,4.806992530822754,4.562747955322266,4.419950485229492,4.429991245269775,4.646191120147705,5.046785354614258,5.584810733795166,6.162867546081543,6.676908016204834,7.011746883392334,7.105012893676758,6.9851789474487305,6.8057861328125,6.754116535186768,6.9513397216796875,7.2944207191467285,7.684692859649658,8.039767265319824,8.375219345092773,8.802336692810059,9.328412055969238,9.890685081481934
8.497928619384766,8.717159271240234,8.718855857849121,8.556292533874512,8.44223690032959,8.553874015808105,8.897177696228027,9.334291458129883,9.712793350219727,9.926461219787598,9.923697471618652,9.727375030517578,9.382746696472168,8.952123641967773,8.492900848388672,8.078558921813965,7.752270698547363,7.460052013397217,7.156247138977051,6.835305213928223,6.5060272216796875,6.192378520965576,5.929583549499512,5.74899435043335,5.662684917449951,5.693976402282715,5.850522518157959,6.1494951248168945,6.571553707122803,7.050373077392578,7.5036234855651855,7.829794883728027,7.986651420593262,7.987646102905273,7.925271511077881,7.932328701019287,8.103777885437012,8.472151756286621,9.050691604614258,9.731886863708496,10.389310836791992,10.99571704864502,11.57031536102295,12.10632038116455
10.044468879699707,10.250319480895996,10.245718955993652,10.128891944885254,10.083674430847168,10.236462593078613,10.584444046020508,10.996853828430176,11.30077838897705,11.388371467590332,11.248230934143066,10.962174415588379,10.617609977722168,10.27657413482666,9.962808609008789,9.671188354492188,9.383532524108887,9.080142974853516,8.737638473510742,8.39845085144043,8.087566375732422,7.805102348327637,7.563631057739258,7.390131950378418,7.2989044189453125,7.295948505401611,7.392523765563965,7.608579158782959,7.916902542114258,8.244718551635742,8.523303985595703,8.705365180969238,8.8084716796875,8.894235610961914,9.015534400939941,9.20191478729248,9.474544525146484,9.860077857971191,10.437250137329102,11.2069673538208,12.035346984863281,12.817971229553223,13.505476951599121,14.079713821411133
11.4256591796875,11.608037948608398,11.647371292114258,11.671205520629883,11.796380996704102,12.03423023223877,12.324322700500488,12.56003189086914,12.618224143981934,12.469161033630371,12.20443058013916,11.938485145568848,11.728776931762695,11.571463584899902,11.435052871704102,11.265351295471191,11.019023895263672,10.684836387634277,10.300467491149902,9.944938659667969,9.694207191467285,9.546735763549805,9.456931114196777,9.382529258728027,9.299249649047852,9.23141860961914,9.228946685791016,9.33252239227295,9.517614364624023,9.696100234985352,9.793937683105469,9.806889533996582,9.803256034851074,9.878857612609863,10.097877502441406,10.447793960571289,10.869492530822754,11.3370943069458,11.913248062133789,12.650256156921387,13.51134204864502,14.353803634643555,15.045147895812988,15.561086654663086
