data/wind_data/wind_1_0.json
{"header": {"parameterUnit": "KT", "parameterCategory": 2, "nx": 255, "ny": 198, "lo1": 44.73521041870117, "la1": -3.236724853515625, "lo2": 111.26478576660156, "la2": 43.468475341796875, "dx": 0.26192745566368103, "dy": -0.23708222806453705, "refTime": "2025-02-19 01:00:00", "forecastTime": 0, "parameterNumber": 3, "parameterNumberName": "northward_wind"}, "data":
[rows 95 to 113 of 198, columns 86 to 128 of 255]
-7.545896530151367,-8.018442153930664,-8.704618453979492,-9.38272476196289,-10.468626022338867,-11.143590927124023,-11.057138442993164,-11.3528470993042,-12.111473083496094,-11.942248344421387,-9.02188777923584,-5.928755283355713,-5.912369251251221,-6.073631286621094,-6.060563087463379,-5.8766398429870605,-5.78582763671875,-5.852409839630127,-8.494684219360352,-8.303960800170898,-7.89992094039917,-4.5228776931762695,-3.437344551086426,-1.7199064493179321,1.4691749811172485,3.8582706451416016,3.6916565895080566,1.4951428174972534,-0.8859683275222778,-2.189347982406616,-2.9108364582061768,-3.5297648906707764,-3.519491195678711,-2.381588935852051,-2.1244089603424072,-4.143931865692139,-5.291771411895752,-5.783962726593018,-6.222196102142334,-5.933388710021973,-5.213339805603027,-4.581619739532471,-3.930365800857544
-8.86726188659668,-9.675264358520508,-9.924468994140625,-10.353385925292969,-11.02398681640625,-11.627386093139648,-11.657407760620117,-12.078834533691406,-13.121794700622559,-11.331141471862793,-6.061347961425781,-5.574610233306885,-5.177280426025391,-5.0276970863342285,-4.532189846038818,-3.9440908432006836,-4.231537342071533,-5.042566776275635,-5.870388984680176,-8.301484107971191,-8.219030380249023,-4.974130153656006,-4.585057735443115,-3.64128041267395,-2.7726449966430664,-1.7827879190444946,-1.6694796085357666,-1.869346022605896,-3.7647109031677246,-5.301395893096924,-5.621796607971191,-5.907223224639893,-5.538711071014404,-4.726103782653809,-3.733035087585449,-3.602004051208496,-4.309821605682373,-4.158679962158203,-5.254563331604004,-6.178224086761475,-6.060401916503906,-5.8908162117004395,-5.326175689697266
-8.407546997070312,-9.564101219177246,-10.213459968566895,-10.934598922729492,-11.255223274230957,-11.465075492858887,-10.954825401306152,-11.293062210083008,-11.097517013549805,-7.182215213775635,-6.164389610290527,-5.566832542419434,-4.834934234619141,-4.429960250854492,-4.006026268005371,-3.9133689403533936,-4.10193395614624,-4.508849143981934,-4.838581085205078,-5.3646697998046875,-8.301410675048828,-5.145037651062012,-4.430593967437744,-3.5346527099609375,-3.278773546218872,-3.3276989459991455,-5.054776191711426,-5.05298376083374,-5.224361896514893,-5.277404308319092,-4.899406909942627,-3.2011778354644775,-1.3528145551681519,-1.0948234796524048,-2.1240456104278564,-2.6416752338409424,-2.736419200897217,-2.128848075866699,-1.5420235395431519,-2.65356183052063,-4.959445953369141,-5.860668659210205,-5.5716872215271
-6.6640825271606445,-7.830083847045898,-9.252802848815918,-10.483129501342773,-10.993934631347656,-11.060233116149902,-10.691326141357422,-9.465629577636719,-6.306482315063477,-5.321483135223389,-5.675120830535889,-5.348621845245361,-4.815676212310791,-4.737349987030029,-4.794719696044922,-4.829501152038574,-4.492678165435791,-4.143376350402832,-4.600711345672607,-6.153482437133789,-7.825819492340088,-4.480277061462402,-3.614860773086548,-2.7271883487701416,-0.9914094805717468,0.49607202410697937,-0.5365573763847351,-2.501918315887451,-3.409778594970703,-2.5716617107391357,-0.3772449493408203,1.758588433265686,2.465012788772583,1.9929043054580688,-0.2302396297454834,-1.8747198581695557,-1.885387897491455,-0.9114813804626465,-0.10526721924543381,-0.4750332236289978,-2.2742862701416016,-3.2687370777130127,-4.225375175476074
-5.114377021789551,-6.3086113929748535,-7.663558006286621,-9.246207237243652,-10.115760803222656,-10.583020210266113,-10.689241409301758,-6.569601058959961,-6.033387660980225,-5.183047771453857,-4.798885822296143,-3.808730125427246,-4.140793323516846,-4.460935115814209,-4.959846019744873,-4.99761438369751,-4.49561882019043,-3.859630823135376,-4.537479400634766,-5.213366508483887,-6.382587909698486,-4.152272701263428,-3.6790425777435303,-4.379526615142822,-3.1373212337493896,-0.7038257122039795,1.138008713722229,0.02013804391026497,-1.4824419021606445,-1.762602686882019,-1.2708537578582764,-0.6771999597549438,-0.40673065185546875,-0.2684463858604431,-1.7918964624404907,-1.8456915616989136,-1.302420973777771,-0.5199840664863586,0.23380376398563385,0.9616298675537109,0.4681682288646698,0.7270464897155762,-0.13972273468971252
-4.3174943923950195,-5.25474739074707,-6.20143985748291,-7.680744171142578,-8.626229286193848,-9.518037796020508,-9.804230690002441,-6.955393314361572,-8.727607727050781,-5.706930637359619,-4.369583606719971,-2.9261207580566406,-2.863649845123291,-3.677590847015381,-4.230508327484131,-3.961996078491211,-4.133121967315674,-3.3995771408081055,-4.549026966094971,-5.164778709411621,-4.707583427429199,-4.849523067474365,-4.441425800323486,-4.895430564880371,-4.988142967224121,-4.133996486663818,-2.115084171295166,-2.4906234741210938,-3.7722980976104736,-4.737573146820068,-5.397040843963623,-5.47907018661499,-5.091744422912598,-4.176653861999512,-4.2236199378967285,-3.1395888328552246,-2.438997507095337,-1.7179648876190186,-0.18736758828163147,1.3021286725997925,0.005025516264140606,0.7981504201889038,2.249610662460327
-3.652027130126953,-4.348005294799805,-5.039381504058838,-6.069813251495361,-6.981912136077881,-7.870420455932617,-8.62514877319336,-9.653336524963379,-8.924595832824707,-7.041825294494629,-5.3435869216918945,-3.4268646240234375,-2.9268882274627686,-3.1431491374969482,-3.058668851852417,-2.686539649963379,-3.006047010421753,-3.6163442134857178,-5.14409065246582,-5.753896236419678,-4.837770462036133,-5.33868408203125,-4.938640594482422,-3.9599578380584717,-3.5041403770446777,-3.792306661605835,-3.2255215644836426,-3.5435118675231934,-4.50090217590332,-5.423197269439697,-5.781072616577148,-5.59204626083374,-5.206230640411377,-4.9810285568237305,-4.273514747619629,-4.258768558502197,-4.35968542098999,-3.8694961071014404,-2.529719352722168,-1.687012791633606,-2.952787160873413,-1.8496495485305786,1.143982172012329
-2.786015748977661,-3.7918548583984375,-4.545064449310303,-5.326312065124512,-5.968002796173096,-6.566693305969238,-7.454325199127197,-8.981860160827637,-6.415472984313965,-6.0326690673828125,-7.141143321990967,-4.4141106605529785,-4.2062530517578125,-3.07646107673645,-1.9858932495117188,-1.9174292087554932,-3.0772032737731934,-4.572018146514893,-5.443142414093018,-5.48016881942749,-5.060581684112549,-5.26468563079834,-5.357884407043457,-3.512714147567749,-1.4133235216140747,-1.8038713932037354,-1.73799729347229,-2.040518283843994,-2.062471866607666,-2.458587408065796,-3.3494858741760254,-3.451176166534424,-3.342419147491455,-3.3716928958892822,-2.0313880443573,-3.273287534713745,-4.511833667755127,-4.5210747718811035,-3.3903732299804688,-3.170687675476074,-4.02047872543335,-3.836751937866211,-2.2721071243286133
-2.292973279953003,-3.5442192554473877,-4.334125518798828,-5.246275901794434,-5.662753582000732,-5.668849945068359,-4.712646961212158,-5.023130893707275,-5.151758670806885,-5.403974533081055,-5.371303558349609,-4.88455057144165,-5.020642280578613,-4.059845924377441,-2.9071006774902344,-3.3680367469787598,-4.455907821655273,-5.767533779144287,-5.992348670959473,-5.308375835418701,-4.864011287689209,-5.257074356079102,-5.36550235748291,-4.185153007507324,-2.037680149078369,-0.8659969568252563,-0.8844079375267029,-1.6077369451522827,-1.7787196636199951,-1.5164612531661987,-1.959155797958374,-1.6680701971054077,-1.1229379177093506,-0.7410369515419006,0.8710210919380188,-0.8579326868057251,-2.35888409614563,-2.7813169956207275,-2.271024465560913,-2.581717014312744,-3.681600332260132,-4.301333904266357,-4.258840560913086
-1.1396490335464478,-2.2634835243225098,-3.1524691581726074,-4.347284317016602,-5.140452861785889,-4.42445707321167,-3.7888083457946777,-2.531940221786499,-2.014472246170044,-2.397681951522827,-2.84157657623291,-3.7573513984680176,-4.007350444793701,-4.051818370819092,-4.682258129119873,-5.6399149894714355,-6.346197605133057,-5.787858009338379,-5.617042541503906,-4.835434913635254,-4.839570045471191,-4.959972381591797,-4.939266204833984,-4.539130687713623,-3.9670445919036865,-1.7179360389709473,-1.138347864151001,-1.5028194189071655,-2.270479679107666,-3.1226296424865723,-3.31866717338562,-1.612837553024292,-0.7445473670959473,0.44069987535476685,1.6013355255126953,0.06227482110261917,-0.6502006649971008,-0.7867456078529358,-0.7385965585708618,-1.69490647315979,-2.6268792152404785,-3.1556150913238525,-4.429999828338623
1.3685250282287598,0.44344866275787354,-0.6496250629425049,-1.9201490879058838,-3.4227793216705322,-2.6513900756835938,-2.1006276607513428,-0.8373941779136658,-0.6258254647254944,-1.0561847686767578,-1.6768139600753784,-2.728626012802124,-2.480297565460205,-2.3207762241363525,-3.728348731994629,-5.2395453453063965,-5.295111179351807,-5.467406272888184,-4.771819591522217,-4.42151403427124,-4.195943832397461,-4.424520492553711,-4.41007137298584,-4.706353664398193,-4.979989051818848,-3.395681858062744,-1.8382824659347534,-1.3371360301971436,-1.8272196054458618,-3.6547486782073975,-3.997220039367676,-2.8823421001434326,-0.6859639883041382,0.9013743996620178,1.2098021507263184,0.7450956106185913,0.31097471714019775,-0.04631832614541054,-0.1254817098379135,-1.0983306169509888,-1.7434325218200684,-1.4392050504684448,-2.161752462387085
2.4597485065460205,2.181462526321411,1.661939024925232,0.9446926116943359,-0.7617116570472717,-1.2246149778366089,-0.8103454113006592,-0.31892091035842896,-1.100943684577942,-1.5089868307113647,-1.6858086585998535,-2.4757273197174072,-2.6835834980010986,-2.4745514392852783,-3.1513469219207764,-3.6187684535980225,-4.491327285766602,-4.9127912521362305,-4.464312553405762,-4.366678237915039,-4.333132266998291,-4.246979713439941,-4.608417510986328,-5.062011241912842,-5.26756477355957,-4.386591911315918,-3.0523695945739746,-2.5028676986694336,-2.5115973949432373,-4.169866561889648,-4.577188968658447,-3.765410900115967,0.08358436077833176,1.7039438486099243,1.6463018655776978,1.8818656206130981,1.2819820642471313,0.42131680250167847,-0.016646649688482285,-0.7713378667831421,-1.4580458402633667,-0.7469940781593323,-0.27446696162223816
1.7854331731796265,2.1274852752685547,2.4706242084503174,2.346264123916626,1.212282657623291,-0.014171058312058449,-0.3766903281211853,-0.31777501106262207,-1.2916752099990845,-1.7267231941223145,-1.9067351818084717,-2.534398317337036,-3.6748087406158447,-3.8260350227355957,-3.8505587577819824,-3.744739055633545,-3.592209815979004,-3.7488949298858643,-4.12395715713501,-4.175904750823975,-3.9399874210357666,-4.385765075683594,-4.532126426696777,-4.32554817199707,-5.526149749755859,-4.91572380065918,-4.7766313552856445,-4.692965984344482,-4.060824394226074,-4.426886081695557,-4.42948055267334,-3.523008346557617,-0.3033302128314972,1.3982175588607788,1.5154917240142822,1.3301515579223633,0.732785701751709,0.3215929865837097,-0.31733882427215576,-1.5232638120651245,-2.2104570865631104,-1.6534616947174072,-0.5317776799201965
2.1706042289733887,2.1579477787017822,2.1471967697143555,2.3584237098693848,1.9794056415557861,0.6454220414161682,-0.1426868736743927,-0.2709348499774933,-1.2104707956314087,-2.093949556350708,-2.4990227222442627,-3.093930721282959,-4.589877128601074,-3.7661831378936768,-3.6565399169921875,-3.792253017425537,-2.8320868015289307,-3.1338860988616943,-3.4649903774261475,-3.1002860069274902,-2.94612717628479,-3.3129849433898926,-4.037567615509033,-4.155680179595947,-5.446940898895264,-5.221999645233154,-5.701995849609375,-5.178413391113281,-4.552312850952148,-4.163188457489014,-4.279901027679443,-3.7550196647644043,-2.2995707988739014,-0.8469551801681519,-0.09472258388996124,0.1201976090669632,0.3806253671646118,1.209328055381775,0.7352524995803833,-1.5610496997833252,-3.0794694423675537,-2.544323205947876,-1.0362746715545654
2.8270537853240967,2.491684913635254,2.9172720909118652,3.073547601699829,2.750520944595337,1.413967490196228,0.5345625281333923,0.6086976528167725,-0.18377315998077393,-1.5698002576828003,-2.5355417728424072,-3.7133357524871826,-5.282674312591553,-4.09581995010376,-3.4112045764923096,-3.1926815509796143,-2.749358654022217,-2.1104447841644287,-2.042778253555298,-1.279870629310608,-1.2951966524124146,-0.7397240996360779,-1.2862975597381592,-3.0528571605682373,-4.5727081298828125,-4.012460231781006,-4.415820121765137,-3.5361733436584473,-3.1578609943389893,-3.10900616645813,-3.9274096488952637,-4.634943962097168,-4.370028972625732,-3.234184741973877,-1.1804293394088745,0.7061043381690979,1.4257683753967285,1.598535418510437,1.4532970190048218,-0.21829423308372498,-2.0179879665374756,-1.7081931829452515,-0.6910592317581177
1.230371356010437,1.712074875831604,3.4894027709960938,4.428366661071777,4.256207466125488,3.5489630699157715,2.3316454887390137,2.4528086185455322,1.6998021602630615,0.2873394787311554,-1.4147615432739258,-3.0582470893859863,-4.487207412719727,-3.9053735733032227,-3.389557123184204,-3.109193801879883,-3.022091865539551,-1.8118624687194824,0.17056651413440704,1.8275643587112427,2.7976174354553223,3.3646600246429443,2.5308423042297363,0.8328247666358948,-1.9935706853866577,-2.3329927921295166,-2.7448506355285645,-2.141280174255371,-2.091522693634033,-2.0935888290405273,-2.853088140487671,-4.187697887420654,-4.961641788482666,-4.217696189880371,-1.6373106241226196,0.36339184641838074,0.60008704662323,-0.23100028932094574,-0.4669775068759918,-0.04655298963189125,-0.6166554689407349,-1.0251134634017944,-0.7164813280105591
0.2862008213996887,2.1970860958099365,3.9036834239959717,5.971892833709717,6.297787189483643,5.7501444816589355,3.957439661026001,3.1599552631378174,2.5690104961395264,1.841648817062378,0.17842844128608704,-1.7426795959472656,-2.6599903106689453,-2.6661336421966553,-2.1675117015838623,-2.610069513320923,-3.5927584171295166,-3.1778414249420166,0.5740605592727661,3.482862710952759,4.387136936187744,4.666824817657471,4.894233226776123,4.958789825439453,3.6866753101348877,-0.4356013536453247,-1.350400686264038,-1.5377769470214844,-1.909987449645996,-1.3134196996688843,-1.7302913665771484,-2.994678258895874,-3.9389021396636963,-3.916325330734253,-1.551857829093933,-0.9193437695503235,-0.7146572470664978,-0.8413102626800537,-1.1256194114685059,-0.17933382093906403,0.1310960352420807,-1.1839730739593506,-1.3098679780960083
1.8307571411132812,3.1560885906219482,3.90492582321167,6.356484413146973,6.5467023849487305,5.418112277984619,4.216124057769775,3.395801305770874,3.388369083404541,2.8149149417877197,1.6668171882629395,-0.24365319311618805,-1.2061642408370972,-0.9079397320747375,0.2055264115333557,-0.021715203300118446,-2.61991810798645,-3.0303831100463867,-0.3478473424911499,2.445875883102417,1.6367906332015991,2.030008554458618,4.669399738311768,5.97083854675293,6.17266845703125,2.3192477226257324,-0.06752482801675797,-0.858292281627655,-1.6685185432434082,-1.2657486200332642,-1.2252700328826904,-1.8407951593399048,-2.7192270755767822,-3.1507129669189453,-2.338622808456421,-0.9690300822257996,-0.1675839126110077,-0.33096447587013245,0.028395842760801315,0.6853252053260803,0.3323417007923126,-0.8051072955131531,-0.9991620182991028
1.8477691411972046,1.18966543674469,0.9661310911178589,3.6744132041931152,5.348668575286865,4.391574382781982,3.614588975906372,3.862173557281494,4.205314636230469,3.6633269786834717,2.6874594688415527,1.4600261449813843,0.7743685245513916,0.9545093774795532,2.5419652462005615,1.805824875831604,-1.9501827955245972,-2.862670660018921,-1.3276143074035645,1.580112338066101,0.5706372857093811,0.3307906985282898,1.8484026193618774,4.641451358795166,5.867709159851074,4.68115234375,1.470211386680603,0.04133191704750061,-1.3505653142929077,-1.5138492584228516,-1.4550480842590332,-1.649325966835022,-2.4904351234436035,-2.9915690422058105,-2.638216257095337,-2.1034841537475586,-0.10583432763814926,0.3906310796737671,0.7087812423706055,1.2188172340393066,0.3220100700855255,-0.19354985654354095,-0.5575999617576599
