data/wind_data/wind_9_2.json
{"header": {"parameterUnit": "KT", "parameterCategory": 2, "nx": 256, "ny": 198, "lo1": 44.73521041870117, "la1": -3.236724853515625, "lo2": 111.26478576660156, "la2": 43.468475341796875, "dx": 0.2609002888202667, "dy": -0.23708222806453705, "refTime": "2025-02-19 09:00:00", "forecastTime": 0, "parameterNumber": 2, "parameterNumberName": "eastward_wind"}, "data":
[rows 38 to 56 of 198, columns 0 to 42 of 256]
-10.97676944732666,-12.007235527038574,-12.046661376953125,-11.757394790649414,-12.106734275817871,-11.970805168151855,-11.621720314025879,-11.833333015441895,-11.689289093017578,-11.678277015686035,-11.613410949707031,-12.00795841217041,-12.347616195678711,-12.478987693786621,-12.76413631439209,-13.574288368225098,-14.791252136230469,-14.133752822875977,-16.7611026763916,-18.704570770263672,-14.421859741210938,-13.861186981201172,-14.521989822387695,-13.572324752807617,-14.98291015625,-14.575613021850586,-14.192483901977539,-13.671150207519531,-13.44250202178955,-13.564129829406738,-13.733870506286621,-13.657736778259277,-12.8758544921875,-11.838033676147461,-11.354265213012695,-11.585840225219727,-12.007375717163086,-12.653131484985352,-13.20572280883789,-13.709129333496094,-14.077520370483398,-14.142374038696289,-14.108304977416992
-10.104704856872559,-11.037226676940918,-11.161055564880371,-11.26699161529541,-11.839828491210938,-11.35444164276123,-10.973904609680176,-11.486151695251465,-11.781968116760254,-11.929165840148926,-11.758028984069824,-12.092151641845703,-12.388776779174805,-12.278348922729492,-11.824707984924316,-12.685293197631836,-13.976750373840332,-14.899286270141602,-15.438667297363281,-18.150800704956055,-16.722169876098633,-12.910823822021484,-14.157038688659668,-13.508995056152344,-13.838152885437012,-14.006675720214844,-13.387289047241211,-12.523398399353027,-12.200334548950195,-12.365506172180176,-12.475932121276855,-13.150653839111328,-13.046401023864746,-12.069953918457031,-11.41905403137207,-11.801013946533203,-12.56707763671875,-13.431629180908203,-14.243437767028809,-14.584793090820312,-14.498717308044434,-14.44620132446289,-14.289960861206055
-9.185896873474121,-9.979198455810547,-10.149550437927246,-10.354909896850586,-11.021227836608887,-10.289941787719727,-10.019198417663574,-10.670005798339844,-11.261332511901855,-11.672528266906738,-11.587353706359863,-11.710373878479004,-11.782459259033203,-11.806275367736816,-11.743749618530273,-11.865052223205566,-12.977441787719727,-14.604933738708496,-14.42502212524414,-16.385072708129883,-18.3964900970459,-14.023341178894043,-12.531883239746094,-13.560173034667969,-12.659745216369629,-13.190435409545898,-13.065815925598145,-12.163939476013184,-11.623617172241211,-11.520781517028809,-11.545892715454102,-12.112618446350098,-11.909107208251953,-11.387750625610352,-11.68726634979248,-12.640777587890625,-13.58208179473877,-14.72927188873291,-15.295119285583496,-15.362861633300781,-14.907224655151367,-14.352726936340332,-14.137540817260742
-8.556581497192383,-8.92938232421875,-8.932453155517578,-9.167424201965332,-9.798171043395996,-9.245553970336914,-9.04546070098877,-9.685444831848145,-10.105612754821777,-10.778326988220215,-11.164083480834961,-11.150847434997559,-11.047120094299316,-11.319754600524902,-11.636274337768555,-12.246819496154785,-13.4828462600708,-14.307082176208496,-14.903706550598145,-15.318729400634766,-17.508108139038086,-16.338090896606445,-11.914815902709961,-12.544949531555176,-11.858294486999512,-11.859601020812988,-12.327863693237305,-11.629064559936523,-11.26749324798584,-11.411478042602539,-11.033655166625977,-11.000483512878418,-10.909689903259277,-10.898149490356445,-11.954549789428711,-13.766968727111816,-14.75446891784668,-15.29168701171875,-15.272631645202637,-15.151229858398438,-14.828347206115723,-14.296255111694336,-13.887665748596191
-7.818202018737793,-7.880677700042725,-7.683461666107178,-7.974604606628418,-8.632869720458984,-8.43840217590332,-8.225630760192871,-8.703902244567871,-9.109207153320312,-10.082006454467773,-10.693477630615234,-10.760168075561523,-10.722373962402344,-10.845128059387207,-11.0475435256958,-11.746806144714355,-12.909976959228516,-13.919057846069336,-14.572625160217285,-14.082010269165039,-15.154033660888672,-16.47880744934082,-13.053074836730957,-11.571572303771973,-11.912737846374512,-10.997468948364258,-11.209990501403809,-11.226906776428223,-10.878252029418945,-11.043135643005371,-10.920090675354004,-10.815118789672852,-10.958198547363281,-11.301224708557129,-12.229941368103027,-14.458459854125977,-15.172860145568848,-14.787800788879395,-14.658320426940918,-14.689512252807617,-14.539664268493652,-14.102441787719727,-13.762778282165527
-7.255730628967285,-7.217894554138184,-6.942075252532959,-7.3064374923706055,-7.931159973144531,-7.98296594619751,-7.895051002502441,-8.121123313903809,-8.702535629272461,-9.945823669433594,-10.29806900024414,-10.599257469177246,-11.159369468688965,-11.004735946655273,-10.779611587524414,-11.160842895507812,-11.563645362854004,-12.320290565490723,-13.117262840270996,-14.403400421142578,-14.238909721374512,-15.441373825073242,-15.551246643066406,-11.597434997558594,-11.165973663330078,-11.418314933776855,-10.188121795654297,-10.714383125305176,-10.611405372619629,-10.719545364379883,-10.93215274810791,-10.88753604888916,-11.1948881149292,-11.475378036499023,-12.038336753845215,-13.961601257324219,-14.561838150024414,-14.132340431213379,-14.247013092041016,-14.295391082763672,-13.99598217010498,-13.457353591918945,-13.042437553405762
-7.463903427124023,-7.832498550415039,-7.459476947784424,-7.356448650360107,-7.424170970916748,-7.6846923828125,-7.817996501922607,-8.138516426086426,-8.699560165405273,-9.988348007202148,-10.76294231414795,-10.94092082977295,-10.865982055664062,-10.767637252807617,-10.580385208129883,-10.761469841003418,-10.398799896240234,-10.474910736083984,-11.088386535644531,-12.396522521972656,-14.718192100524902,-13.893904685974121,-15.118063926696777,-13.43018913269043,-10.176512718200684,-11.705792427062988,-10.227917671203613,-10.364448547363281,-10.474003791809082,-10.391646385192871,-10.742654800415039,-10.971044540405273,-11.356728553771973,-11.350921630859375,-12.076287269592285,-13.278801918029785,-13.692402839660645,-13.866170883178711,-13.870091438293457,-13.674467086791992,-13.396200180053711,-12.802398681640625,-11.991354942321777
-7.52640962600708,-7.791071891784668,-7.615707874298096,-7.0754313468933105,-6.7447991371154785,-7.351398468017578,-8.224991798400879,-8.494941711425781,-8.89822769165039,-9.602831840515137,-9.958539962768555,-10.530052185058594,-10.469630241394043,-10.497170448303223,-9.894168853759766,-9.780179023742676,-10.520730972290039,-10.091455459594727,-10.723089218139648,-12.193416595458984,-12.976472854614258,-13.202271461486816,-13.278854370117188,-14.425286293029785,-10.758415222167969,-10.57686710357666,-11.121601104736328,-10.080621719360352,-10.751226425170898,-10.084882736206055,-10.742583274841309,-11.995892524719238,-11.999462127685547,-11.143128395080566,-12.03757095336914,-12.969841003417969,-13.379243850708008,-13.688642501831055,-13.448396682739258,-13.062159538269043,-12.806302070617676,-12.304357528686523,-11.44770622253418
-6.572442054748535,-6.7747344970703125,-6.47988748550415,-6.136050224304199,-6.4154438972473145,-7.32431697845459,-7.9286627769470215,-8.288915634155273,-8.198370933532715,-7.990397930145264,-8.064737319946289,-8.923810958862305,-9.070453643798828,-9.199366569519043,-9.034479141235352,-9.343305587768555,-10.620854377746582,-11.831535339355469,-11.921829223632812,-11.697624206542969,-12.253829956054688,-12.924939155578613,-12.085328102111816,-13.329017639160156,-12.3569917678833,-8.987554550170898,-11.513559341430664,-9.982576370239258,-10.380853652954102,-9.85223388671875,-10.75922679901123,-11.845820426940918,-11.722444534301758,-10.721957206726074,-11.316984176635742,-12.419050216674805,-13.036865234375,-13.243657112121582,-13.073610305786133,-12.823599815368652,-12.501679420471191,-11.924072265625,-11.128838539123535
-5.639209747314453,-5.6985368728637695,-5.5895819664001465,-5.67678165435791,-5.933418273925781,-6.594008922576904,-6.677294731140137,-6.9247565269470215,-6.482749938964844,-6.517270088195801,-6.755492210388184,-7.758880138397217,-8.596553802490234,-9.611376762390137,-9.356176376342773,-9.094478607177734,-10.969231605529785,-12.967658996582031,-11.872723579406738,-11.403186798095703,-12.01780891418457,-12.379581451416016,-11.989203453063965,-11.748496055603027,-13.498464584350586,-9.249458312988281,-10.949668884277344,-11.283984184265137,-9.62232494354248,-10.494449615478516,-12.304309844970703,-11.771486282348633,-10.479581832885742,-9.815132141113281,-10.59510326385498,-11.538609504699707,-12.270567893981934,-12.723245620727539,-12.684825897216797,-12.58989429473877,-12.357604026794434,-11.693859100341797,-10.877857208251953
-5.333906650543213,-5.6350998878479,-5.8073039054870605,-5.744683265686035,-5.236659049987793,-4.836496353149414,-4.815441131591797,-5.222275257110596,-5.522878646850586,-5.578455924987793,-5.633407115936279,-6.232782363891602,-7.186518669128418,-8.198972702026367,-8.63526439666748,-9.760909080505371,-11.65789794921875,-11.621460914611816,-11.160273551940918,-11.224710464477539,-11.535733222961426,-11.563024520874023,-11.802993774414062,-10.575974464416504,-11.871813774108887,-10.981182098388672,-7.8027119636535645,-11.018563270568848,-9.670771598815918,-11.439949035644531,-11.868247985839844,-11.190841674804688,-9.751754760742188,-9.550307273864746,-10.22653579711914,-11.215846061706543,-12.126523971557617,-12.581549644470215,-12.432016372680664,-12.106441497802734,-11.667617797851562,-11.009296417236328,-10.1348237991333
-4.611854076385498,-5.109069347381592,-5.099483013153076,-4.398761749267578,-3.533628225326538,-3.524005174636841,-3.1610426902770996,-3.7023651599884033,-4.246954917907715,-4.530143737792969,-5.000301837921143,-5.606123447418213,-6.172257423400879,-7.277009963989258,-8.161478996276855,-9.868017196655273,-11.19638442993164,-11.059863090515137,-11.00221061706543,-10.932948112487793,-10.997365951538086,-11.30333137512207,-11.520682334899902,-10.529483795166016,-10.304672241210938,-13.47601318359375,-6.548813819885254,-9.522543907165527,-8.572333335876465,-10.791346549987793,-11.024371147155762,-10.74445915222168,-9.501863479614258,-9.728412628173828,-10.706216812133789,-11.514848709106445,-12.144665718078613,-12.257997512817383,-11.769044876098633,-10.873369216918945,-9.836465835571289,-9.30443286895752,-9.075093269348145
-2.6159749031066895,-2.3397881984710693,-2.074317693710327,-1.7769438028335571,-1.1658039093017578,-2.6257307529449463,-1.890791416168213,-1.9561092853546143,-1.691127896308899,-2.0308585166931152,-3.948889970779419,-5.756019115447998,-6.214193820953369,-6.798765659332275,-7.550837516784668,-9.308967590332031,-10.126992225646973,-10.12899398803711,-10.387353897094727,-10.353788375854492,-10.525262832641602,-10.1604585647583,-11.125982284545898,-9.069632530212402,-10.0372953414917,-12.170710563659668,-6.009746551513672,-9.013315200805664,-8.237802505493164,-10.36728286743164,-9.976141929626465,-10.05241870880127,-9.451765060424805,-9.785054206848145,-10.589152336120605,-11.145833969116211,-11.432433128356934,-11.066515922546387,-10.163280487060547,-8.989927291870117,-7.967824459075928,-7.679030418395996,-8.050812721252441
0.014795723371207714,2.9027740955352783,1.5015366077423096,-0.6297737956047058,-2.2644693851470947,-1.9324824810028076,0.8230018615722656,0.09687986224889755,3.1513500213623047,2.664475440979004,-2.3016109466552734,-5.568306922912598,-6.0302557945251465,-6.234898567199707,-7.601010799407959,-8.525871276855469,-9.077605247497559,-9.602579116821289,-9.729032516479492,-9.406050682067871,-9.551372528076172,-10.035420417785645,-11.444876670837402,-9.439448356628418,-9.188858985900879,-10.721500396728516,-6.445108413696289,-8.736875534057617,-8.841821670532227,-10.293816566467285,-9.457751274108887,-9.320209503173828,-9.288771629333496,-9.182368278503418,-9.356912612915039,-9.956148147583008,-10.39045524597168,-9.850678443908691,-8.734136581420898,-7.994455814361572,-7.822929382324219,-7.9979400634765625,-8.164185523986816
-1.4146329164505005,2.9188714027404785,0.5938396453857422,-0.7385862469673157,-0.4400750994682312,-0.30286651849746704,-0.8147016763687134,0.0872337818145752,3.6560401916503906,3.1256461143493652,-0.9602808952331543,-4.9897780418396,-5.975822925567627,-6.420001029968262,-7.725813388824463,-8.023968696594238,-8.407526016235352,-8.561704635620117,-9.244786262512207,-9.441312789916992,-9.877127647399902,-10.691533088684082,-11.231810569763184,-10.306049346923828,-8.625633239746094,-9.530545234680176,-9.979472160339355,-7.5816216468811035,-10.983294486999512,-10.261490821838379,-9.550374984741211,-9.12197494506836,-8.845718383789062,-8.223312377929688,-8.389993667602539,-9.71307373046875,-10.38722038269043,-9.202832221984863,-7.590846538543701,-8.27135944366455,-9.6143159866333,-9.529961585998535,-9.354866027832031
-4.141040802001953,-4.741357803344727,-3.1206107139587402,-1.5293724536895752,-1.6232805252075195,-2.8249402046203613,-3.6007490158081055,-0.15602447092533112,-1.91666579246521,-3.157691240310669,-0.8671951293945312,-4.965165138244629,-4.024576663970947,-6.037041664123535,-6.174859046936035,-6.619422435760498,-7.1562981605529785,-5.627994537353516,-6.720160007476807,-8.364306449890137,-10.992931365966797,-11.815421104431152,-10.648198127746582,-10.157092094421387,-9.88995361328125,-7.824160099029541,-10.397851943969727,-7.04058313369751,-11.03318977355957,-9.854692459106445,-9.110274314880371,-9.112287521362305,-8.379568099975586,-7.240678310394287,-7.496925354003906,-9.003031730651855,-9.897822380065918,-9.360416412353516,-8.38377571105957,-9.821794509887695,-11.355260848999023,-10.431938171386719,-10.217673301696777
-7.936647415161133,-8.793110847473145,-7.888587951660156,-6.335867404937744,-2.5910887718200684,-3.5237529277801514,-2.5498459339141846,-2.867689609527588,-2.5178816318511963,-5.03256368637085,-5.723832607269287,-5.295039653778076,-3.659445285797119,-4.330070972442627,-4.982854843139648,-5.77591609954834,-5.869454383850098,-3.0930376052856445,-3.0781991481781006,-2.9004838466644287,-9.127702713012695,-10.950516700744629,-9.156543731689453,-10.48262882232666,-7.457041263580322,-7.478916168212891,-10.384355545043945,-8.040614128112793,-9.480231285095215,-8.152512550354004,-8.175830841064453,-8.55502986907959,-8.076025009155273,-7.518571376800537,-8.08549690246582,-9.319718360900879,-10.320073127746582,-10.359612464904785,-10.04344654083252,-9.55269718170166,-9.044970512390137,-9.17837142944336,-8.95399284362793
-10.498809814453125,-11.09131145477295,-11.020730018615723,-11.117411613464355,-11.140565872192383,-8.858419418334961,-6.220423221588135,-4.412034511566162,-2.3194758892059326,-1.8016891479492188,-4.247032165527344,-2.376084566116333,-1.3894762992858887,-1.0621013641357422,-4.126219272613525,-4.930686950683594,-4.133861541748047,-0.2972816824913025,0.664628267288208,0.14234840869903564,-9.475966453552246,-9.308274269104004,-8.823941230773926,-10.958406448364258,-8.088135719299316,-7.333859920501709,-10.69880485534668,-8.468308448791504,-7.6715779304504395,-7.192447185516357,-9.092748641967773,-7.853210926055908,-8.589149475097656,-9.408980369567871,-9.995251655578613,-9.892064094543457,-10.324942588806152,-10.698248863220215,-10.435833930969238,-10.00851821899414,-9.862608909606934,-9.818507194519043,-8.87868881225586
-11.380914688110352,-11.942093849182129,-11.875685691833496,-12.017314910888672,-12.423355102539062,-12.308722496032715,-9.26891803741455,-7.818910121917725,-6.544083118438721,-5.684940814971924,-4.767065525054932,-4.554947853088379,-3.2250654697418213,-1.872383713722229,-1.6774909496307373,-3.1502907276153564,-3.232390880584717,-2.848011016845703,-4.539915561676025,-8.159598350524902,-10.21382999420166,-8.800423622131348,-6.915881633758545,-9.458683013916016,-8.63514232635498,-9.088233947753906,-10.39362621307373,-8.425701141357422,-7.670709609985352,-8.205810546875,-9.523956298828125,-8.511454582214355,-9.564582824707031,-10.68576431274414,-10.612936973571777,-10.093608856201172,-10.090694427490234,-10.98926830291748,-11.426292419433594,-11.82270622253418,-12.152093887329102,-12.282362937927246,-11.518427848815918
