data/wind_data/wind_71_9.json
{"header": {"parameterUnit": "KT", "parameterCategory": 2, "nx": 256, "ny": 198, "lo1": 44.73521041870117, "la1": -3.236724853515625, "lo2": 111.26478576660156, "la2": 43.468475341796875, "dx": 0.2609002888202667, "dy": -0.23708222806453705, "refTime": "2025-02-21 23:00:00", "forecastTime": 0, "parameterNumber": 2, "parameterNumberName": "eastward_wind"}, "data":
[rows 152 to 170 of 198, columns 44 to 87 of 256]
27.853103637695312,23.872413635253906,19.737627029418945,15.017416954040527,10.432004928588867,8.300138473510742,8.477215766906738,9.678046226501465,16.04833221435547,22.82126808166504,25.86667251586914,24.48992347717285,22.339794158935547,22.758378982543945,24.854135513305664,28.001558303833008,32.026241302490234,32.77082061767578,29.6151065826416,27.651384353637695,28.735107421875,28.57624626159668,24.141979217529297,19.377819061279297,19.629915237426758,22.774795532226562,24.550682067871094,23.372194290161133,20.459300994873047,18.847972869873047,19.916093826293945,22.56195068359375,24.166540145874023,22.691396713256836,19.62936019897461,17.525352478027344,17.465150833129883,19.130414962768555,20.64445686340332,21.36553382873535,21.255699157714844,20.778364181518555,21.081867218017578,20.970321655273438
24.626115798950195,21.320064544677734,18.100557327270508,14.704280853271484,12.139690399169922,9.846165657043457,9.325510025024414,12.658900260925293,17.925296783447266,23.66160774230957,27.28379249572754,25.704179763793945,22.16861343383789,20.74074935913086,22.84491539001465,27.812002182006836,31.819936752319336,30.187389373779297,26.423973083496094,25.87670135498047,26.733694076538086,24.223201751708984,19.00115394592285,17.852746963500977,21.293455123901367,24.10087776184082,23.499608993530273,20.34427261352539,17.567302703857422,17.25400161743164,18.697406768798828,20.459440231323242,21.07374382019043,19.405115127563477,16.591426849365234,15.249429702758789,16.51181411743164,19.634004592895508,21.953948974609375,21.349199295043945,19.30329704284668,19.178945541381836,21.171913146972656,21.474302291870117
22.1617431640625,21.30841636657715,19.521820068359375,17.30702018737793,14.938480377197266,11.282269477844238,10.243995666503906,12.850635528564453,16.732816696166992,21.883651733398438,26.63722801208496,27.412086486816406,25.239992141723633,23.72439956665039,25.795555114746094,30.325763702392578,31.45802116394043,27.614076614379883,24.722198486328125,24.44718360900879,22.174137115478516,17.679616928100586,16.141128540039062,19.17557716369629,22.570966720581055,23.13541030883789,20.747154235839844,17.645797729492188,16.253454208374023,16.532989501953125,17.13542938232422,17.529165267944336,17.319194793701172,15.960989952087402,14.333025932312012,14.504239082336426,17.094144821166992,20.640121459960938,22.4822940826416,20.30018424987793,17.22136116027832,17.852848052978516,20.67986297607422,20.67023277282715
23.262807846069336,24.171863555908203,23.095735549926758,20.997028350830078,16.89214324951172,11.609816551208496,9.941902160644531,10.561518669128418,13.004721641540527,17.864044189453125,23.02644920349121,25.443666458129883,25.431615829467773,26.602397918701172,30.934022903442383,34.125789642333984,30.34292221069336,24.46010971069336,23.1126651763916,23.33086585998535,19.61812973022461,15.596527099609375,16.24321937561035,19.45484733581543,21.28762435913086,20.56938934326172,18.59825325012207,17.24039649963379,16.705963134765625,16.16596794128418,15.565832138061523,15.153051376342773,14.592069625854492,13.64705753326416,13.139269828796387,14.665993690490723,18.153165817260742,21.359939575195312,22.098169326782227,19.833797454833984,17.84321403503418,18.74816131591797,20.42241668701172,19.248098373413086
23.670021057128906,25.455968856811523,25.372621536254883,23.32353973388672,19.700876235961914,15.74736499786377,12.27255916595459,9.861616134643555,9.919035911560059,13.605644226074219,18.9675350189209,23.15605926513672,25.93408203125,30.12822151184082,36.087318420410156,35.760231018066406,26.675697326660156,20.007963180541992,21.13826560974121,23.201078414916992,21.067461013793945,18.222047805786133,18.042274475097656,19.265724182128906,19.661481857299805,18.806184768676758,17.82906723022461,17.47637367248535,17.049917221069336,16.141075134277344,15.306676864624023,14.479249954223633,13.335915565490723,12.322742462158203,12.53139877319336,15.280718803405762,19.44840431213379,21.73678207397461,21.406848907470703,20.2060546875,20.208988189697266,20.99565887451172,20.410907745361328,17.625844955444336
20.026853561401367,23.762954711914062,25.690641403198242,25.10832405090332,22.912500381469727,19.806842803955078,16.857234954833984,15.127727508544922,14.188139915466309,14.981947898864746,18.24767303466797,22.656808853149414,27.813888549804688,34.9216423034668,40.271507263183594,34.778282165527344,22.923139572143555,17.739356994628906,20.171449661254883,22.885969161987305,22.92422103881836,21.942182540893555,21.230459213256836,20.800729751586914,20.185117721557617,19.029293060302734,17.86338996887207,17.286901473999023,16.972911834716797,16.54142189025879,15.746664047241211,14.159533500671387,12.229430198669434,11.210244178771973,12.22855281829834,15.93733024597168,20.71339988708496,22.274076461791992,21.283023834228516,20.724651336669922,21.50942611694336,22.04181480407715,20.08939552307129,16.30266571044922
19.279821395874023,23.53473472595215,26.16295623779297,26.09954261779785,24.018802642822266,21.752765655517578,20.73520851135254,20.09783935546875,18.511693954467773,17.369644165039062,18.865352630615234,23.206628799438477,30.35213279724121,39.1217041015625,41.20545959472656,32.97734069824219,23.32257080078125,19.41400146484375,20.390979766845703,22.71318244934082,24.384300231933594,24.656240463256836,23.65458869934082,22.43024253845215,21.517465591430664,20.277626037597656,18.56800651550293,17.251914978027344,16.716815948486328,16.281883239746094,15.029820442199707,12.85329818725586,10.835944175720215,10.408242225646973,12.28298568725586,16.202241897583008,21.060932159423828,22.94277572631836,21.890308380126953,20.742633819580078,21.02872085571289,21.969213485717773,20.49408721923828,16.42707633972168
23.132322311401367,26.3112735748291,28.26367950439453,27.439132690429688,24.687562942504883,22.829917907714844,22.888076782226562,22.413354873657227,19.92066192626953,18.51858901977539,21.02454376220703,26.931913375854492,34.54511642456055,39.80632781982422,37.648338317871094,30.953472137451172,25.635608673095703,22.61491584777832,21.946041107177734,23.471969604492188,25.381017684936523,25.943525314331055,24.946496963500977,23.574678421020508,22.68499755859375,21.594482421875,19.50656509399414,17.124691009521484,15.427855491638184,14.075114250183105,12.477422714233398,10.807085990905762,9.907353401184082,10.50512409210205,12.719483375549316,16.12867546081543,20.347089767456055,23.05755043029785,22.382349014282227,20.473405838012695,20.467784881591797,22.242713928222656,21.827566146850586,17.57207679748535
25.24758529663086,29.064132690429688,31.070980072021484,29.43242073059082,25.973464965820312,23.796852111816406,22.99816131591797,21.03813362121582,18.602157592773438,19.894487380981445,25.48670196533203,32.80662536621094,36.579952239990234,35.147361755371094,31.52589988708496,29.1567325592041,27.427579879760742,24.753684997558594,23.17287826538086,23.9633731842041,25.788097381591797,26.797264099121094,26.2017879486084,24.848079681396484,23.679880142211914,22.14215850830078,19.42138671875,15.925359725952148,12.754668235778809,10.682422637939453,9.72342586517334,9.508235931396484,10.025275230407715,11.360359191894531,13.305025100708008,15.896037101745605,19.2514705657959,22.170854568481445,22.228445053100586,20.680662155151367,20.9355525970459,23.032377243041992,23.17243766784668,19.3564395904541
26.71128273010254,31.20919418334961,32.85697937011719,31.107175827026367,28.094892501831055,24.861854553222656,21.19071388244629,18.044065475463867,18.169816970825195,22.966102600097656,30.75684356689453,35.80648422241211,33.84724426269531,29.71177864074707,28.50505828857422,29.261615753173828,27.844449996948242,24.546977996826172,23.049476623535156,24.226335525512695,26.594118118286133,28.07925033569336,27.709434509277344,26.328998565673828,24.63163948059082,22.017704010009766,18.21626091003418,13.832625389099121,10.262226104736328,8.771055221557617,8.937424659729004,9.826948165893555,10.92189884185791,12.003321647644043,13.330354690551758,15.385265350341797,18.24370574951172,20.962779998779297,21.87987518310547,21.430694580078125,21.958887100219727,23.599084854125977,23.823631286621094,21.102746963500977
28.161832809448242,32.042625427246094,33.2590217590332,32.22089385986328,29.952369689941406,25.901729583740234,20.828481674194336,18.39504051208496,20.82773208618164,26.993547439575195,33.32463455200195,34.48044967651367,31.31848907470703,29.102190017700195,29.27332878112793,29.368642807006836,27.12796974182129,23.949832916259766,22.8144588470459,24.480281829833984,27.490459442138672,29.4586238861084,29.284332275390625,27.748422622680664,25.279891967773438,21.504087448120117,16.791927337646484,12.324605941772461,9.66012191772461,9.163159370422363,9.879166603088379,11.102599143981934,12.06194019317627,12.26440715789795,12.543646812438965,14.11413288116455,17.127988815307617,20.123565673828125,21.694204330444336,22.24012565612793,22.954753875732422,23.866056442260742,23.852224349975586,21.56574821472168
28.146394729614258,30.907432556152344,32.22711944580078,31.98099708557129,30.147541046142578,26.6884822845459,23.2849178314209,22.694746017456055,25.583576202392578,29.899002075195312,33.098243713378906,33.7847785949707,32.499420166015625,30.28839874267578,28.71415901184082,28.417255401611328,27.612226486206055,24.75665283203125,22.753629684448242,24.31919288635254,27.982982635498047,30.602453231811523,30.70676612854004,28.86178207397461,25.46200942993164,20.733278274536133,15.814438819885254,12.168309211730957,10.488798141479492,10.249380111694336,10.957771301269531,12.249494552612305,13.10881233215332,12.83145523071289,12.402099609375,13.34933090209961,16.159807205200195,19.24468994140625,21.101776123046875,22.168455123901367,23.260692596435547,23.973554611206055,23.457504272460938,20.837467193603516
27.410503387451172,29.088327407836914,30.114036560058594,30.161130905151367,28.910655975341797,26.878734588623047,25.964582443237305,27.108047485351562,29.23274803161621,31.625469207763672,34.35441207885742,35.85261535644531,33.81151580810547,29.850893020629883,27.82281494140625,28.079856872558594,27.320547103881836,24.305322647094727,22.481164932250977,24.44966697692871,28.420799255371094,31.20424461364746,31.392955780029297,29.388090133666992,25.466808319091797,20.300094604492188,15.769135475158691,13.125696182250977,11.727885246276855,11.087084770202637,11.720049858093262,13.028454780578613,13.716362953186035,13.411409378051758,13.275489807128906,14.295202255249023,16.384288787841797,18.444608688354492,19.73470115661621,20.784862518310547,22.320884704589844,23.503108978271484,22.870555877685547,20.187925338745117
26.481534957885742,27.363698959350586,28.019746780395508,28.219772338867188,27.675363540649414,27.109418869018555,27.603866577148438,28.89995574951172,30.61561393737793,33.36471176147461,36.02799987792969,35.57712173461914,32.11597442626953,29.255247116088867,28.710500717163086,28.489755630493164,26.347047805786133,23.282503128051758,22.37899398803711,24.77495574951172,28.444286346435547,30.843778610229492,30.99180793762207,29.0596981048584,25.274845123291016,20.540708541870117,16.77086639404297,14.776043891906738,13.461920738220215,12.588516235351562,12.917287826538086,13.70190143585205,13.789816856384277,13.495577812194824,13.86117935180664,15.219489097595215,16.75284767150879,17.615581512451172,17.99722671508789,18.843868255615234,20.76381492614746,22.573768615722656,22.187236785888672,19.71795082092285
27.2635440826416,27.792564392089844,28.096744537353516,28.05150032043457,27.677248001098633,27.507150650024414,27.69881248474121,28.47568130493164,30.633007049560547,33.338951110839844,33.814395904541016,32.0313835144043,30.32861328125,29.920503616333008,29.980932235717773,28.878934860229492,26.067367553710938,23.132999420166016,22.508670806884766,24.54867935180664,27.33175277709961,29.1334228515625,29.243711471557617,27.40072250366211,24.054311752319336,20.403348922729492,17.718589782714844,16.250041961669922,15.176567077636719,14.347352981567383,14.093969345092773,13.890336036682129,13.355154037475586,13.112470626831055,13.429763793945312,14.17845630645752,15.063720703125,15.730006217956543,16.31198501586914,17.48863983154297,19.59363555908203,21.387290954589844,20.912878036499023,18.681180953979492
29.265396118164062,29.604394912719727,29.604297637939453,29.451873779296875,29.086702346801758,28.257465362548828,27.330833435058594,27.834976196289062,29.74748420715332,30.417221069335938,29.3454647064209,28.52986717224121,28.945951461791992,29.750690460205078,29.894792556762695,28.74473762512207,25.974416732788086,23.038602828979492,22.300106048583984,23.6961612701416,25.344388961791992,26.158905029296875,25.859676361083984,24.053409576416016,21.249500274658203,18.724632263183594,17.102737426757812,16.09685516357422,15.423707008361816,14.988812446594238,14.243927955627441,13.090276718139648,12.216702461242676,12.037755012512207,12.02267074584961,11.731087684631348,11.684907913208008,12.40864086151123,13.951200485229492,16.138051986694336,18.414276123046875,19.54353904724121,18.52212142944336,16.463947296142578
30.541362762451172,30.72840118408203,30.498157501220703,30.742094039916992,30.848731994628906,29.645740509033203,28.580596923828125,29.681825637817383,31.095596313476562,30.18654441833496,28.284032821655273,27.515827178955078,27.808053970336914,28.229785919189453,28.511878967285156,27.951801300048828,25.636198043823242,22.88495635986328,22.090595245361328,22.99599266052246,23.710525512695312,23.261964797973633,21.811779022216797,19.71879005432129,17.58005142211914,15.990859985351562,15.234055519104004,15.436298370361328,15.930906295776367,15.4154052734375,13.348496437072754,11.07950210571289,10.239964485168457,10.565788269042969,10.682631492614746,9.807367324829102,8.877889633178711,9.374110221862793,11.587201118469238,14.584616661071777,16.927562713623047,17.33628273010254,15.655264854431152,13.483644485473633
30.01424217224121,30.947975158691406,31.387731552124023,31.932680130004883,31.30510902404785,29.764053344726562,30.160005569458008,32.745277404785156,34.01066589355469,32.39952850341797,29.929058074951172,28.485652923583984,27.679222106933594,27.074527740478516,26.93316078186035,26.565366744995117,24.90138816833496,22.658206939697266,21.735422134399414,22.228548049926758,22.67415428161621,21.608675003051758,18.912883758544922,16.129894256591797,14.329834938049316,13.702144622802734,14.486108779907227,15.908974647521973,16.130237579345703,13.927570343017578,10.54686450958252,8.674975395202637,8.8527193069458,9.44014835357666,9.194972038269043,8.148353576660156,7.413885593414307,8.22070026397705,10.649020195007324,13.519015312194824,15.397027969360352,15.322210311889648,13.547210693359375,11.477542877197266
28.429609298706055,29.91746711730957,31.449356079101562,31.57463836669922,29.903057098388672,29.274494171142578,31.601675033569336,34.622745513916016,35.54140090942383,34.12500762939453,31.696773529052734,29.4952392578125,27.628461837768555,25.967206954956055,25.000516891479492,24.531522750854492,23.551776885986328,21.962080001831055,20.91617774963379,21.087329864501953,21.73690414428711,20.838088989257812,17.539474487304688,13.911084175109863,12.221145629882812,12.737207412719727,14.023276329040527,14.307748794555664,12.80105972290039,10.101778984069824,8.05891227722168,7.566813945770264,7.3804192543029785,6.745633125305176,6.023873805999756,5.66990327835083,6.225883960723877,8.13132381439209,10.97169303894043,13.368440628051758,14.288955688476562,13.702086448669434,12.29385757446289,10.871013641357422
