data/wind_data/wind_38_6.json
{"header": {"parameterUnit": "KT", "parameterCategory": 2, "nx": 256, "ny": 198, "lo1": 44.73521041870117, "la1": -3.236724853515625, "lo2": 111.26478576660156, "la2": 43.468475341796875, "dx": 0.2609002888202667, "dy": -0.23708222806453705, "refTime": "2025-02-20 14:00:00", "forecastTime": 0, "parameterNumber": 2, "parameterNumberName": "eastward_wind"}, "data":
[rows 40 to 59 of 198, columns 176 to 219 of 256]
-12.155167579650879,-12.058712005615234,-10.893597602844238,-9.606584548950195,-8.627113342285156,-7.953044891357422,-7.616086006164551,-7.104039669036865,-6.5317463874816895,-6.809535980224609,-7.863725662231445,-9.003186225891113,-9.768601417541504,-10.431574821472168,-10.879644393920898,-11.36877727508545,-12.039280891418457,-12.330055236816406,-11.021709442138672,-9.381070137023926,-10.847805976867676,-13.679625511169434,-14.389720916748047,-14.572275161743164,-14.960610389709473,-15.055424690246582,-14.427518844604492,-13.450637817382812,-12.26345443725586,-11.177490234375,-10.700984954833984,-10.711732864379883,-10.181024551391602,-9.472023010253906,-9.25460433959961,-8.740191459655762,-8.348838806152344,-7.936336040496826,-7.463558197021484,-7.282777309417725,-8.564020156860352,-9.663300514221191,-9.283839225769043,-6.14631986618042
-12.025240898132324,-11.585206985473633,-10.335440635681152,-9.227263450622559,-8.44753646850586,-8.106223106384277,-7.752171516418457,-7.128021717071533,-6.298211097717285,-6.407296657562256,-6.9954023361206055,-8.415963172912598,-9.203991889953613,-9.792024612426758,-9.696242332458496,-9.973347663879395,-10.993610382080078,-11.594229698181152,-10.823787689208984,-9.60731315612793,-10.783061027526855,-12.709754943847656,-13.217475891113281,-13.335620880126953,-13.52718734741211,-13.624651908874512,-13.288763046264648,-12.26882266998291,-10.701275825500488,-10.02155590057373,-10.185135841369629,-9.965378761291504,-9.294543266296387,-9.060192108154297,-9.084245681762695,-8.386069297790527,-8.265151023864746,-7.2948174476623535,-7.291099548339844,-7.531696796417236,-8.777328491210938,-9.669973373413086,-9.343854904174805,-7.113936424255371
-11.293717384338379,-10.886441230773926,-9.951149940490723,-9.177929878234863,-8.72659969329834,-8.366085052490234,-8.305150032043457,-7.705916881561279,-6.423033714294434,-6.071936130523682,-6.2114949226379395,-7.600973606109619,-8.544315338134766,-8.930806159973145,-8.587225914001465,-8.350695610046387,-9.297725677490234,-10.708014488220215,-11.028749465942383,-10.168081283569336,-10.157400131225586,-11.074898719787598,-11.78325080871582,-12.268206596374512,-12.643353462219238,-12.912023544311523,-11.928973197937012,-10.384017944335938,-9.48218822479248,-9.238354682922363,-9.477874755859375,-9.33840274810791,-8.685354232788086,-8.36082935333252,-8.6517972946167,-7.827853679656982,-7.091572284698486,-6.565990447998047,-5.021273612976074,-3.9621551036834717,-4.440483093261719,-6.247999668121338,-6.366168975830078,-3.7876062393188477
-10.503284454345703,-9.946260452270508,-9.438408851623535,-9.358536720275879,-9.349297523498535,-8.504490852355957,-8.245210647583008,-8.034459114074707,-7.021683692932129,-6.107583522796631,-5.757237911224365,-6.674884796142578,-7.768124103546143,-8.410791397094727,-8.032027244567871,-7.279739856719971,-7.43641996383667,-9.252180099487305,-10.614275932312012,-10.15694808959961,-9.205859184265137,-9.332858085632324,-10.393967628479004,-12.036537170410156,-12.435013771057129,-10.05083179473877,-10.076767921447754,-8.841493606567383,-8.69209098815918,-8.061120986938477,-8.317014694213867,-8.310530662536621,-7.487682342529297,-6.675930976867676,-6.929451942443848,-6.534475803375244,-5.487630367279053,-4.231640815734863,-3.301274061203003,-1.4151312112808228,-0.6911075711250305,-3.143920660018921,-2.001826286315918,-1.0924148559570312
-9.942298889160156,-8.919838905334473,-8.796817779541016,-8.844561576843262,-9.61962890625,-8.835371971130371,-8.12191390991211,-7.5313873291015625,-6.647975444793701,-5.178360462188721,-4.943038463592529,-5.278470993041992,-6.275819301605225,-7.234508514404297,-7.412471294403076,-6.909200191497803,-6.571647644042969,-7.60400390625,-9.133569717407227,-9.090191841125488,-8.1395845413208,-7.978836536407471,-8.729646682739258,-9.046186447143555,-8.847855567932129,-8.856863021850586,-9.82610034942627,-6.706351280212402,-6.3623247146606445,-6.631793022155762,-7.249991416931152,-7.3149189949035645,-6.818235397338867,-5.459139347076416,-4.998202323913574,-4.294144630432129,-3.250270128250122,-1.8148804903030396,-1.177478313446045,-0.11673667281866074,-0.6846582293510437,-1.2566168308258057,-2.020136833190918,-2.9204437732696533
-9.137819290161133,-7.720251560211182,-8.251961708068848,-7.819629669189453,-9.12026596069336,-9.203975677490234,-8.158942222595215,-7.047599792480469,-5.865260124206543,-4.511921405792236,-3.819654703140259,-3.7745978832244873,-4.056519508361816,-5.028173446655273,-6.130819320678711,-6.415562629699707,-6.19920015335083,-6.441395282745361,-7.201175212860107,-7.231103897094727,-6.707582473754883,-6.518216609954834,-6.760018348693848,-5.892489433288574,-6.272040367126465,-11.677474975585938,-6.8727569580078125,-3.234905958175659,-4.813057899475098,-5.269742965698242,-6.593443393707275,-5.74803352355957,-5.660772323608398,-4.689917087554932,-4.098677635192871,-2.0788631439208984,-1.3938074111938477,0.162199467420578,1.0734831094741821,1.1828399896621704,-0.13746844232082367,-1.904835820198059,-2.720289945602417,-1.7529616355895996
-9.613750457763672,-8.649621963500977,-7.8498454093933105,-7.80590295791626,-9.172699928283691,-9.162034034729004,-8.389816284179688,-7.060190200805664,-5.866771697998047,-4.942979335784912,-4.047125339508057,-3.6013576984405518,-3.337193250656128,-3.644967794418335,-4.59564208984375,-5.744913578033447,-6.00768518447876,-5.761291027069092,-5.71405553817749,-5.488824367523193,-5.081916332244873,-4.931344509124756,-4.792059421539307,-3.464254140853882,-2.5955581665039062,-7.5331010818481445,-8.930882453918457,-2.5602152347564697,-4.551414489746094,-5.757556438446045,-5.403202056884766,-4.078589916229248,-3.732670545578003,-3.1313626766204834,-3.242316722869873,-1.0681818723678589,-0.8111509084701538,0.872562825679779,2.212599754333496,2.332824468612671,1.2539831399917603,-0.9450056552886963,-1.8308131694793701,-1.8524850606918335
-12.390959739685059,-11.532519340515137,-10.260932922363281,-9.62248706817627,-9.358731269836426,-9.389422416687012,-9.209061622619629,-8.021409034729004,-6.811001300811768,-6.007411956787109,-5.632777214050293,-5.0173516273498535,-4.684860706329346,-4.753926753997803,-4.861780643463135,-5.3031463623046875,-5.456843852996826,-5.179664611816406,-4.9130401611328125,-4.5069122314453125,-3.9792160987854004,-3.6077845096588135,-3.0453736782073975,-1.6773490905761719,-0.12746383249759674,-2.5452449321746826,-8.588865280151367,-7.024317264556885,-3.9474306106567383,-3.182152271270752,-4.856764793395996,-3.7988522052764893,-2.978167772293091,-1.8202331066131592,-1.0541914701461792,0.5878617763519287,1.1595383882522583,1.4191133975982666,1.2849739789962769,1.8230870962142944,1.9738800525665283,0.4721822440624237,1.6313265562057495,-1.4581795930862427
-14.74727725982666,-14.185134887695312,-12.562941551208496,-11.0361328125,-10.495020866394043,-10.800287246704102,-11.158278465270996,-10.31425952911377,-9.260932922363281,-8.45703125,-7.9196858406066895,-7.185681343078613,-7.051793575286865,-7.514136791229248,-7.358996391296387,-6.415591716766357,-5.374831676483154,-4.6031975746154785,-4.251364707946777,-3.753405809402466,-3.279613494873047,-2.9280505180358887,-1.9579628705978394,-0.7239300608634949,-0.05723262578248978,-1.0782687664031982,-6.220189571380615,-7.302419185638428,-4.132091999053955,-1.3647068738937378,-2.388176441192627,-2.1320807933807373,-2.2408041954040527,-1.803977131843567,-0.21783798933029175,1.7384657859802246,2.866687059402466,3.435213804244995,2.675677537918091,2.1338062286376953,1.6350858211517334,2.483287811279297,4.182671546936035,2.7817060947418213
-15.645387649536133,-14.738553047180176,-13.008536338806152,-11.970172882080078,-12.26331901550293,-12.29501724243164,-11.840364456176758,-12.016005516052246,-10.694656372070312,-9.847963333129883,-9.162652015686035,-8.64728832244873,-8.442639350891113,-8.986486434936523,-9.381824493408203,-8.282663345336914,-6.178163051605225,-4.3646039962768555,-3.5039479732513428,-3.0165531635284424,-2.6323790550231934,-2.3426053524017334,-1.3517240285873413,-0.14465859532356262,0.224546879529953,0.17236100137233734,-1.6137621402740479,-3.034456253051758,-0.9568877816200256,-0.9414273500442505,-1.4345343112945557,-0.31280481815338135,0.2358890324831009,-0.043110743165016174,0.7938053011894226,2.5023090839385986,3.41336727142334,3.734584331512451,3.4466769695281982,3.268218755722046,2.7185728549957275,3.5990750789642334,4.413201808929443,1.6492128372192383
-15.537884712219238,-14.221341133117676,-12.791823387145996,-12.52712345123291,-13.054539680480957,-12.44037914276123,-11.413322448730469,-12.489365577697754,-11.244549751281738,-10.300540924072266,-9.439282417297363,-9.129806518554688,-9.13212776184082,-9.536893844604492,-10.130346298217773,-9.5642728805542,-7.552491188049316,-5.2441020011901855,-3.515131950378418,-2.484952688217163,-1.7578636407852173,-1.458401083946228,-0.831973671913147,0.3012229800224304,1.3568190336227417,2.1098732948303223,2.1014790534973145,2.1001405715942383,5.545792102813721,3.3885350227355957,0.5823126435279846,1.2862505912780762,2.5179879665374756,2.8235366344451904,3.538015365600586,5.252557754516602,6.082738399505615,5.539809703826904,3.81733775138855,3.2793304920196533,4.069934844970703,4.963974475860596,4.66915225982666,-0.6574804186820984
-14.680459022521973,-13.601517677307129,-11.866948127746582,-10.781813621520996,-11.185210227966309,-11.57280158996582,-10.470901489257812,-11.368155479431152,-10.434499740600586,-9.79931926727295,-9.005130767822266,-8.912524223327637,-9.023470878601074,-9.224898338317871,-9.686570167541504,-9.664721488952637,-8.258795738220215,-6.2762908935546875,-4.4658098220825195,-3.1540770530700684,-1.961979627609253,-0.8877352476119995,-0.1679360568523407,0.8833140730857849,2.1024887561798096,3.2110981941223145,4.016380310058594,5.022603988647461,6.969516754150391,5.382944107055664,4.004030704498291,4.20440673828125,4.3266801834106445,5.228737831115723,6.197383403778076,6.694490432739258,7.4841532707214355,7.342266082763672,6.060305595397949,5.024583339691162,5.707332611083984,8.58633041381836,2.366645574569702,0.9129452705383301
-13.180564880371094,-12.825919151306152,-11.389259338378906,-9.887497901916504,-9.333012580871582,-9.814718246459961,-10.099482536315918,-9.362875938415527,-9.596611022949219,-8.826722145080566,-8.50318431854248,-8.439915657043457,-8.050862312316895,-7.936476707458496,-8.332816123962402,-8.783646583557129,-8.064071655273438,-6.210326194763184,-4.634831428527832,-3.371412754058838,-2.5904459953308105,-1.677331566810608,-0.6010156273841858,0.8154205679893494,2.222503900527954,3.4520561695098877,4.434455871582031,5.284512996673584,6.557374000549316,5.28328800201416,5.193241119384766,5.871794700622559,5.033620834350586,6.040024757385254,7.203306198120117,7.16864013671875,7.599965572357178,8.060711860656738,7.486259460449219,7.062448501586914,8.193525314331055,7.976400852203369,1.5628631114959717,2.7614212036132812
-11.270085334777832,-11.561600685119629,-10.757960319519043,-9.507453918457031,-8.889490127563477,-8.782756805419922,-8.447431564331055,-8.143600463867188,-8.285270690917969,-7.413559436798096,-7.739348888397217,-7.523624420166016,-6.937599182128906,-6.474156856536865,-6.886959075927734,-7.100863933563232,-6.989709854125977,-5.584571361541748,-4.118161201477051,-2.8219425678253174,-2.46858286857605,-2.280287504196167,-1.3238844871520996,0.4438433051109314,2.007071018218994,2.5790529251098633,2.536949872970581,3.148071050643921,4.19642448425293,3.723968982696533,4.704166889190674,5.089547634124756,4.754891395568848,5.1471266746521,6.651726245880127,6.610892295837402,7.092907428741455,8.100130081176758,8.684322357177734,8.805400848388672,9.378324508666992,7.263067245483398,4.557404518127441,4.146144390106201
-9.56450366973877,-10.087738037109375,-9.597585678100586,-9.059837341308594,-8.964948654174805,-7.611164569854736,-6.661725997924805,-6.693817615509033,-6.744612216949463,-6.828369140625,-7.100003242492676,-6.800785541534424,-5.970536708831787,-5.372326850891113,-5.687583923339844,-5.987277030944824,-5.500553607940674,-4.720945835113525,-3.4119484424591064,-2.116995334625244,-1.717576265335083,-2.151167392730713,-1.837722897529602,-0.33985042572021484,1.1668345928192139,1.5886931419372559,1.588206171989441,1.9641408920288086,2.0503501892089844,2.9823262691497803,3.7312045097351074,3.742180824279785,4.1604485511779785,4.573852062225342,5.278313636779785,5.7343668937683105,5.968294143676758,7.148089408874512,8.531784057617188,8.770004272460938,7.424672603607178,6.857635498046875,7.55242919921875,6.039694309234619
-8.340103149414062,-8.450095176696777,-8.186537742614746,-7.99302864074707,-8.605690002441406,-6.1596550941467285,-6.28297758102417,-5.447508335113525,-5.706358432769775,-5.8511552810668945,-6.294897556304932,-6.13586950302124,-5.3037800788879395,-4.697599411010742,-4.668932914733887,-4.739333629608154,-4.3022780418396,-3.810560941696167,-2.9163594245910645,-1.7537550926208496,-1.1206004619598389,-1.351257562637329,-1.447746992111206,-0.6761308312416077,0.5064252614974976,1.2210242748260498,1.6475300788879395,1.891693115234375,1.690721869468689,2.3160417079925537,1.8077244758605957,2.872694492340088,2.79807448387146,3.4062414169311523,3.9174978733062744,4.442460060119629,4.8076958656311035,5.664648056030273,6.105465888977051,6.605650424957275,6.125486373901367,6.190134048461914,6.33175802230835,6.15295934677124
-6.959185600280762,-6.362371921539307,-6.469482421875,-6.522112846374512,-6.357854843139648,-5.919209957122803,-5.271082401275635,-5.057317733764648,-4.7251410484313965,-4.980536937713623,-4.699306488037109,-4.85046911239624,-4.344420909881592,-3.766892671585083,-3.3434112071990967,-3.1280434131622314,-2.994469165802002,-2.701805353164673,-2.2705202102661133,-1.5241918563842773,-0.8176007270812988,-0.6155362725257874,-0.7182344794273376,-0.42391401529312134,0.3705381155014038,1.2160840034484863,1.8625893592834473,2.1565513610839844,2.0474822521209717,2.488537549972534,2.2595911026000977,2.0642709732055664,1.8991515636444092,2.5862865447998047,2.762676954269409,2.944079637527466,3.2815840244293213,3.769989490509033,3.950169086456299,4.779687404632568,5.084421634674072,4.467277526855469,4.516112327575684,4.333160877227783
-5.440914154052734,-4.452449798583984,-4.434629917144775,-4.571434020996094,-4.723104953765869,-4.333176612854004,-4.309449195861816,-4.057145595550537,-3.8456995487213135,-3.628593921661377,-3.257502794265747,-3.274571657180786,-3.0292422771453857,-2.560917377471924,-1.8619987964630127,-1.4412635564804077,-1.5514436960220337,-1.5617344379425049,-1.2894468307495117,-0.8347055912017822,-0.4151022136211395,0.010974225588142872,0.1710340678691864,0.25262251496315,0.8691750168800354,1.5627814531326294,1.8388359546661377,1.956935167312622,2.7880868911743164,3.4401798248291016,3.503053903579712,2.480790853500366,3.2494008541107178,3.9130094051361084,3.0746266841888428,2.4236090183258057,2.0066072940826416,1.7053802013397217,2.023175001144409,3.375286102294922,4.311678409576416,3.37056565284729,2.9421050548553467,2.6142139434814453
-3.8223581314086914,-2.71781587600708,-2.674812078475952,-2.875732421875,-2.9555811882019043,-2.686544418334961,-2.640489101409912,-2.2058258056640625,-2.362009048461914,-2.1122171878814697,-1.8194102048873901,-1.5853140354156494,-1.5480015277862549,-1.2471100091934204,-0.5313342809677124,-0.05110177397727966,-0.08623091131448746,-0.21173089742660522,-0.1142810806632042,0.12090060859918594,0.24234414100646973,0.6541253328323364,1.2132107019424438,1.4515668153762817,1.933430790901184,2.603243827819824,2.785966634750366,2.768975257873535,3.213960886001587,4.31555700302124,4.5680952072143555,3.8389575481414795,5.026853561401367,5.7818779945373535,5.003658294677734,4.051149368286133,2.8999781608581543,1.670801043510437,1.0550353527069092,2.0666654109954834,3.8500518798828125,3.2747294902801514,2.235914468765259,0.9763100147247314
-2.438878059387207,-1.1654704809188843,-0.9436096549034119,-1.2647725343704224,-1.4084880352020264,-0.9898967742919922,-0.5855974555015564,-0.4689991772174835,-0.6158859133720398,-0.33036282658576965,-0.01157404761761427,0.12404464185237885,0.19133946299552917,0.41285163164138794,0.8529772758483887,1.3089646100997925,1.5658940076828003,1.5717295408248901,1.6400974988937378,1.6285673379898071,1.5208792686462402,1.8988515138626099,2.3291499614715576,2.4196853637695312,2.7995715141296387,3.8121492862701416,4.530060291290283,4.627327919006348,4.629493713378906,5.113168239593506,5.74336576461792,5.122461318969727,5.320676803588867,4.874749660491943,4.755926132202148,5.028857231140137,4.417553424835205,3.166132688522339,1.741657018661499,1.6811366081237793,3.5943527221679688,4.7152228355407715,3.643437147140503,2.6093742847442627
