data/wind_data/wind_3_8.json
{"header": {"parameterUnit": "KT", "parameterCategory": 2, "nx": 256, "ny": 198, "lo1": 44.73521041870117, "la1": -3.236724853515625, "lo2": 111.26478576660156, "la2": 43.468475341796875, "dx": 0.2609002888202667, "dy": -0.23708222806453705, "refTime": "2025-02-19 03:00:00", "forecastTime": 0, "parameterNumber": 2, "parameterNumberName": "eastward_wind"}, "data":
[rows 133 to 151 of 198, columns 88 to 131 of 256]
61.11884307861328,59.25252914428711,57.791141510009766,56.855045318603516,56.4637336730957,57.91203689575195,61.02589416503906,63.020240783691406,62.83899688720703,62.72368621826172,63.44347381591797,63.5096549987793,62.71916961669922,61.54570388793945,59.59902572631836,56.884620666503906,54.596858978271484,53.82398223876953,54.57010269165039,56.270591735839844,58.21794891357422,59.5795783996582,59.724613189697266,58.38028335571289,55.924617767333984,53.50921630859375,52.191715240478516,52.115394592285156,52.73585891723633,53.28779602050781,52.938720703125,51.814483642578125,50.9427490234375,50.431766510009766,49.71084213256836,49.01496124267578,49.16011428833008,50.24898147583008,51.413761138916016,51.963748931884766,52.610145568847656,54.13600540161133,55.93272399902344,56.963584899902344
61.38547134399414,58.691349029541016,59.266326904296875,60.95079803466797,61.096282958984375,61.43304443359375,64.01893615722656,66.49896240234375,66.69605255126953,65.62349700927734,64.62701416015625,63.8741455078125,63.489768981933594,63.203125,62.0966911315918,59.85275650024414,57.26187515258789,55.33809280395508,54.683311462402344,55.374488830566406,56.64414978027344,57.48393249511719,57.5687255859375,56.98072052001953,55.90150833129883,54.943538665771484,54.63445281982422,54.78415298461914,54.763206481933594,53.74140167236328,51.7559814453125,50.44009017944336,50.44691467285156,50.74319076538086,50.75571060180664,50.9167594909668,51.622047424316406,52.58620071411133,52.89761734008789,52.725040435791016,53.38302993774414,55.061492919921875,56.68833923339844,57.841915130615234
60.3189811706543,58.664344787597656,60.912025451660156,64.5080337524414,66.01437377929688,66.00343322753906,66.98211669921875,68.44636535644531,68.9383773803711,68.44581604003906,67.27347564697266,65.81555938720703,64.80448913574219,64.44548034667969,64.03968811035156,63.00115203857422,61.35816192626953,59.07870864868164,56.62006378173828,55.19444274902344,55.209251403808594,55.91383743286133,56.509273529052734,56.749427795410156,56.8898811340332,57.213233947753906,57.33961486816406,56.5683708190918,54.73411560058594,52.220558166503906,50.40463638305664,50.545623779296875,51.95656204223633,53.08222961425781,53.2733039855957,53.029701232910156,53.286590576171875,53.97261428833008,54.10144805908203,53.75226974487305,54.211483001708984,55.830108642578125,57.6915283203125,58.81227111816406
57.25122833251953,56.93687438964844,62.052642822265625,67.43563079833984,69.5873031616211,69.48857879638672,69.18962860107422,69.17610931396484,69.4987564086914,70.19737243652344,70.25695037841797,69.17918395996094,67.93519592285156,67.21624755859375,66.48715209960938,65.08798217773438,63.1443977355957,60.84683609008789,58.37336730957031,56.536685943603516,56.02898406982422,56.53924560546875,57.316768646240234,58.16603088378906,59.31783676147461,60.44725036621094,60.36684036254883,58.37821960449219,55.08411407470703,52.267024993896484,51.968929290771484,54.034034729003906,56.125797271728516,56.534461975097656,55.417442321777344,54.09579086303711,53.76288604736328,54.36381149291992,54.94035339355469,55.07576370239258,55.382118225097656,56.558685302734375,58.43224334716797,59.59269332885742
56.70305633544922,57.23038864135742,63.606651306152344,69.01490783691406,70.65091705322266,70.63433074951172,70.45697784423828,70.09271240234375,70.36378479003906,71.77364349365234,72.88502502441406,72.63146209716797,71.55757141113281,70.06964874267578,67.9057388305664,65.23051452636719,62.82318878173828,61.04725646972656,59.642391204833984,58.376373291015625,57.446353912353516,57.21394729614258,57.923282623291016,59.614463806152344,61.79693603515625,63.24159622192383,62.53677749633789,59.46156692504883,55.77656555175781,54.320716857910156,56.063865661621094,58.79717254638672,59.94811248779297,58.71337890625,56.155616760253906,54.11957931518555,53.75828552246094,54.54591369628906,55.151527404785156,55.23478317260742,55.59813690185547,56.89019775390625,58.579410552978516,59.26737594604492
58.497108459472656,59.1359977722168,63.77128982543945,67.53960418701172,69.12836456298828,70.30110168457031,71.15325927734375,71.12461853027344,71.482421875,72.71650695800781,73.77173614501953,74.05746459960938,73.42941284179688,71.43152618408203,68.4289779663086,65.52788543701172,63.35022735595703,61.88569259643555,60.742835998535156,59.320472717285156,57.68749237060547,57.00989532470703,58.24060821533203,60.82762908935547,63.19031524658203,63.82039260864258,61.96857452392578,58.529544830322266,56.16254425048828,56.849510192871094,59.51645278930664,61.665645599365234,61.8663215637207,59.849613189697266,56.976192474365234,54.97649002075195,54.635398864746094,54.908897399902344,54.818634033203125,54.99440383911133,55.92618179321289,57.27504348754883,58.728858947753906,59.133296966552734
61.87362289428711,60.750553131103516,62.196292877197266,64.73995971679688,67.10563659667969,69.22985076904297,70.58814239501953,70.99361419677734,71.65302276611328,72.53842163085938,73.08267211914062,73.34188842773438,72.85519409179688,71.29107666015625,69.17704010009766,67.07876586914062,65.02486419677734,63.06119918823242,61.18293762207031,59.03763198852539,57.04581832885742,56.709869384765625,58.41415786743164,60.68443298339844,62.08568572998047,62.070953369140625,60.5325927734375,58.43282699584961,57.60453796386719,58.309207916259766,59.509727478027344,60.76469421386719,61.60974884033203,61.31875991821289,59.58005142211914,57.419673919677734,56.09393310546875,55.50749588012695,55.437957763671875,56.31303024291992,57.40656280517578,57.748626708984375,57.86809539794922,58.09064865112305
65.11259460449219,62.788997650146484,61.720733642578125,62.75713348388672,65.12496948242188,67.68912506103516,69.11558532714844,69.49675750732422,70.2898941040039,71.14541625976562,71.2031478881836,70.85120391845703,70.43506622314453,69.95960998535156,69.29229736328125,68.13745880126953,66.3985366821289,64.1901626586914,61.50794219970703,58.60520935058594,56.73787307739258,56.91887283325195,58.36852264404297,59.69500732421875,60.51331329345703,60.98603820800781,60.70946502685547,59.90229034423828,59.03135299682617,58.241455078125,58.15679931640625,59.064659118652344,60.29599380493164,60.91725158691406,60.38888168334961,59.1651611328125,57.9007453918457,56.802921295166016,56.46861267089844,57.278682708740234,57.72554397583008,57.028045654296875,56.60260772705078,56.94331359863281
63.74574661254883,61.449424743652344,59.946868896484375,60.332332611083984,62.4000358581543,65.36963653564453,67.30205535888672,67.68084716796875,68.0630111694336,68.42263793945312,68.0875015258789,67.59638214111328,67.7052993774414,68.36172485351562,68.67271423339844,67.97196960449219,66.49372863769531,64.41551971435547,61.639198303222656,58.92149353027344,57.46207046508789,57.42399597167969,58.0841064453125,59.09966278076172,60.58479309082031,61.778099060058594,61.640201568603516,60.44235610961914,58.94753646850586,57.8485221862793,57.41856002807617,57.56759262084961,58.04762649536133,58.34801483154297,58.172794342041016,57.763389587402344,56.741085052490234,55.18374252319336,54.86359786987305,56.14419937133789,56.84815979003906,56.425193786621094,56.19793701171875,56.46195983886719
57.612937927246094,55.703369140625,54.95465087890625,55.886444091796875,58.39306640625,61.698997497558594,64.01912689208984,64.80946350097656,65.04711151123047,64.91413116455078,64.25157928466797,63.6218376159668,64.18557739257812,65.74966430664062,66.8737564086914,66.81525421142578,65.9680404663086,64.50084686279297,62.43864440917969,60.24075698852539,58.4203987121582,57.28989028930664,57.173248291015625,58.46135330200195,60.74309158325195,61.90312576293945,60.79615020751953,58.98861312866211,58.144954681396484,57.92658996582031,57.29985809326172,56.68757629394531,56.37933349609375,55.83065414428711,55.03371810913086,54.68196487426758,54.28306198120117,53.41388702392578,53.558204650878906,54.81124496459961,55.61979675292969,55.72879409790039,55.37103271484375,55.3864631652832
52.51582717895508,51.271812438964844,50.83473205566406,51.70183563232422,53.718414306640625,56.482452392578125,58.973907470703125,60.3406982421875,60.75619888305664,60.37560272216797,59.58270263671875,59.33869171142578,60.560638427734375,62.77017593383789,64.55406188964844,65.2712631225586,65.08907318115234,64.15172576904297,62.3305778503418,59.75605392456055,57.311805725097656,56.110164642333984,56.44479751586914,58.0031623840332,59.692657470703125,59.515995025634766,57.55986785888672,56.07503128051758,56.445377349853516,57.22465515136719,56.92816925048828,55.9118766784668,54.47367477416992,52.85216522216797,51.80571746826172,52.23342514038086,53.16720199584961,53.22614669799805,53.55891799926758,54.50720977783203,55.00460433959961,55.43206787109375,55.671993255615234,56.003173828125
52.124576568603516,51.10647964477539,50.19525146484375,50.02548599243164,50.74090576171875,52.35087966918945,54.01841354370117,55.05978775024414,55.69916915893555,55.737030029296875,55.262847900390625,55.37472915649414,56.88559341430664,59.33182144165039,61.461612701416016,62.575382232666016,62.7901611328125,62.17509841918945,60.31438446044922,57.63835525512695,55.973331451416016,56.251590728759766,57.41926193237305,58.45036697387695,58.470481872558594,56.729915618896484,54.32331848144531,53.461483001708984,54.90274429321289,56.502479553222656,56.61440658569336,55.01591873168945,52.36712646484375,50.288307189941406,50.05013656616211,51.66242980957031,53.41716766357422,53.7546272277832,54.06157302856445,55.481285095214844,56.77352523803711,57.1623420715332,57.2642936706543,57.577877044677734
53.814151763916016,52.46232604980469,51.03938674926758,50.257118225097656,50.2545280456543,50.807071685791016,51.33047103881836,51.98101806640625,52.857147216796875,53.046966552734375,52.47422790527344,52.10021209716797,52.65113830566406,54.076873779296875,55.54410171508789,56.56719207763672,57.32383728027344,57.419586181640625,56.172847747802734,54.50724792480469,54.505577087402344,56.42311096191406,58.20419692993164,58.43453598022461,57.28385543823242,55.3615837097168,53.817195892333984,54.03325271606445,55.94709777832031,57.599361419677734,56.867740631103516,53.7904167175293,50.539329528808594,49.065284729003906,49.796905517578125,51.6476936340332,53.00428009033203,53.802330017089844,55.24305725097656,57.6981201171875,59.59684371948242,59.65312194824219,58.48353576660156,57.781494140625
54.39324951171875,52.66310119628906,51.30370330810547,50.59520721435547,50.49113845825195,50.659603118896484,50.70149230957031,51.02444076538086,51.725502014160156,51.84037780761719,50.620574951171875,48.725040435791016,47.53227996826172,47.640689849853516,48.37103271484375,49.12852096557617,49.969749450683594,50.32582092285156,49.89496612548828,49.914981842041016,51.98173141479492,55.49449920654297,57.47661209106445,56.93691635131836,55.3658332824707,54.02898025512695,53.93772506713867,55.45280075073242,57.380855560302734,57.9461784362793,55.97426223754883,52.880455017089844,50.575050354003906,49.67045593261719,50.27943801879883,51.670501708984375,53.02649688720703,55.007774353027344,57.9670295715332,60.50819396972656,61.535369873046875,60.971290588378906,58.9288330078125,57.354095458984375
53.23152160644531,51.52553176879883,50.39174270629883,50.10121154785156,50.42839050292969,50.838844299316406,50.90749740600586,50.913299560546875,51.194889068603516,50.95261001586914,49.06804275512695,46.34303665161133,44.556434631347656,44.21154022216797,44.353294372558594,44.481693267822266,44.594661712646484,44.436275482177734,44.52714538574219,46.038795471191406,49.47642135620117,53.16644287109375,54.611183166503906,53.70596694946289,51.98957061767578,51.15894317626953,52.52704620361328,54.99687194824219,56.107635498046875,55.49249267578125,54.17449188232422,52.994197845458984,51.981040954589844,51.28614807128906,51.67652130126953,52.953060150146484,54.506046295166016,56.646636962890625,59.261722564697266,61.19817352294922,61.78887176513672,60.68627166748047,58.34822463989258,56.673980712890625
52.00393295288086,50.40876007080078,49.96825408935547,50.56208801269531,51.2181396484375,51.33940124511719,51.1082649230957,50.91035079956055,50.7681770324707,50.05859375,48.31846618652344,46.297027587890625,45.10432434082031,44.549442291259766,44.13079071044922,43.922637939453125,43.552268981933594,42.907405853271484,42.9451789855957,44.5561408996582,47.523284912109375,50.196876525878906,51.07710647583008,50.23488998413086,48.796993255615234,48.748878479003906,50.65389633178711,52.23591613769531,52.263458251953125,52.02756118774414,52.504608154296875,52.93119430541992,52.573673248291016,52.16587448120117,52.67432403564453,53.534114837646484,54.30011749267578,55.36457443237305,56.83415985107422,58.309635162353516,59.01265335083008,57.91256332397461,55.67393493652344,53.69867706298828
51.46247863769531,50.72399139404297,51.53827667236328,52.990814208984375,53.459293365478516,52.53820037841797,51.458988189697266,50.825408935546875,50.04343032836914,49.05442428588867,48.33689498901367,47.79476547241211,47.250404357910156,46.679161071777344,46.41130828857422,46.337833404541016,45.62592315673828,44.59950637817383,44.450782775878906,45.44459533691406,47.00992965698242,48.282894134521484,48.562747955322266,47.838985443115234,47.043941497802734,47.49567794799805,48.73076248168945,49.386871337890625,49.6850471496582,50.356727600097656,51.29646682739258,51.95018005371094,51.946136474609375,52.03104782104492,52.96171951293945,53.90666961669922,54.17352294921875,54.33287811279297,55.29587173461914,56.56509780883789,56.64863967895508,54.496829986572266,51.445560455322266,48.855098724365234
51.5742073059082,51.69721603393555,53.20320510864258,54.7591438293457,54.89677047729492,53.235836029052734,51.299034118652344,50.28584671020508,49.38039016723633,48.49287414550781,48.26676940917969,48.49540710449219,48.71082305908203,48.736610412597656,48.80025100708008,48.64313507080078,47.78551483154297,46.9092903137207,46.96620559692383,47.462432861328125,47.57318115234375,47.25535583496094,46.82501983642578,46.40166473388672,46.35513687133789,47.11497497558594,48.040592193603516,48.61906814575195,49.25166702270508,50.043331146240234,50.95160675048828,51.74028778076172,51.59043502807617,51.40837860107422,52.558475494384766,54.1903076171875,54.82699966430664,55.03608703613281,55.48276901245117,55.1990852355957,53.30622482299805,50.07826232910156,47.04631423950195,44.5290412902832
51.259864807128906,51.73943328857422,53.30924987792969,54.43304443359375,54.07667922973633,51.943965911865234,50.02445983886719,49.54423141479492,49.47123336791992,48.94088363647461,48.310028076171875,48.42564392089844,49.20967483520508,49.72733688354492,49.632057189941406,49.107906341552734,48.53135299682617,48.62379455566406,49.31623840332031,49.275604248046875,48.138343811035156,46.96959686279297,46.51803207397461,46.50462341308594,46.785682678222656,47.56538391113281,48.50257110595703,49.29627990722656,49.89118194580078,50.063987731933594,50.689754486083984,52.13774871826172,52.39204788208008,51.870235443115234,52.93967819213867,54.66458511352539,55.11833190917969,54.86696243286133,53.777767181396484,51.516441345214844,48.77231216430664,46.20918655395508,43.939430236816406,41.31352615356445
