data/wind_data/wind_41_4.json
{"header": {"parameterUnit": "KT", "parameterCategory": 2, "nx": 256, "ny": 198, "lo1": 44.73521041870117, "la1": -3.236724853515625, "lo2": 111.26478576660156, "la2": 43.468475341796875, "dx": 0.2609002888202667, "dy": -0.23708222806453705, "refTime": "2025-02-20 17:00:00", "forecastTime": 0, "parameterNumber": 2, "parameterNumberName": "eastward_wind"}, "data":
[rows 133 to 151 of 198, columns 44 to 87 of 256]
48.80961990356445,45.78074264526367,45.455928802490234,45.82451248168945,50.13038635253906,47.5060920715332,44.38351058959961,43.8264274597168,41.26066970825195,39.49715805053711,38.13188934326172,37.608482360839844,38.53611755371094,40.71525192260742,43.66537094116211,45.31177520751953,45.91618728637695,44.63128662109375,41.45413589477539,39.753143310546875,39.72453308105469,40.52798843383789,41.18352127075195,41.90016555786133,42.578514099121094,42.339534759521484,42.905906677246094,44.63438034057617,43.96479034423828,36.47560501098633,25.781566619873047,19.1544246673584,18.73337173461914,19.470855712890625,19.486968994140625,19.828975677490234,20.30148696899414,21.848350524902344,23.12508201599121,23.51849365234375,23.910490036010742,24.37500762939453,24.882678985595703,23.391698837280273
40.38750076293945,42.160953521728516,43.28401184082031,45.41999816894531,47.443389892578125,43.374359130859375,43.892005920410156,41.87003707885742,39.51148986816406,37.985328674316406,37.0216178894043,37.036495208740234,38.282569885253906,40.45762634277344,43.03515625,44.0970458984375,44.6275634765625,42.87474822998047,40.045108795166016,38.9940071105957,39.396453857421875,39.818077087402344,39.50064468383789,39.810020446777344,39.99571990966797,38.819271087646484,37.74949264526367,35.72898483276367,30.46066665649414,22.434167861938477,17.74407196044922,17.898561477661133,19.463165283203125,19.164274215698242,18.463319778442383,19.059959411621094,20.471662521362305,21.666547775268555,21.495555877685547,20.957277297973633,21.76812171936035,23.240514755249023,24.224590301513672,24.568187713623047
41.332427978515625,42.15571975708008,43.05146026611328,46.146087646484375,42.47174835205078,41.34092712402344,41.42971420288086,38.39299774169922,36.2947998046875,35.007633209228516,34.57218933105469,35.27371597290039,36.5443115234375,38.20743179321289,39.875274658203125,41.06883239746094,41.3939208984375,40.27340316772461,38.438880920410156,37.71537399291992,37.675357818603516,37.12746810913086,36.16877746582031,35.44672775268555,34.473690032958984,33.39924240112305,32.96840286254883,29.469276428222656,20.863229751586914,14.963191986083984,14.772577285766602,16.133901596069336,16.661762237548828,16.833080291748047,17.782649993896484,18.830669403076172,19.325145721435547,19.10736656188965,18.673696517944336,19.631404876708984,21.242366790771484,22.721160888671875,24.184452056884766,25.0365047454834
42.92314910888672,43.80241394042969,45.68461227416992,43.69593048095703,41.432132720947266,40.73320770263672,36.2971305847168,33.17048263549805,32.20439147949219,31.99329948425293,32.19464111328125,32.785430908203125,33.482276916503906,34.3378791809082,35.91353988647461,36.72575759887695,37.498046875,36.974002838134766,36.30078125,35.825439453125,33.882755279541016,31.680259704589844,30.4100399017334,29.505125045776367,28.71118927001953,28.274913787841797,26.626340866088867,21.48196792602539,16.3147029876709,14.047255516052246,12.94961929321289,13.193999290466309,14.866318702697754,16.665929794311523,17.341522216796875,16.71383285522461,16.501937866210938,17.241573333740234,18.56158447265625,20.614913940429688,22.392234802246094,23.781692504882812,25.25803565979004,26.04680061340332
46.46356964111328,46.26149368286133,42.99966812133789,41.407249450683594,38.76067352294922,33.946170806884766,30.92284393310547,29.92538070678711,29.64011573791504,29.80727195739746,30.1382999420166,30.160120010375977,30.065685272216797,30.917537689208984,32.535648345947266,34.03096389770508,34.779598236083984,33.90105438232422,33.16446304321289,30.935096740722656,27.44277572631836,25.534893035888672,24.617643356323242,23.713356018066406,23.1130428314209,21.516111373901367,18.363000869750977,16.26275634765625,14.24670696258545,11.11707592010498,10.702390670776367,12.606653213500977,14.958582878112793,15.954638481140137,15.461213111877441,15.335992813110352,16.369348526000977,18.249696731567383,20.58104133605957,22.483055114746094,23.56688117980957,24.429967880249023,25.60235595703125,26.012956619262695
43.23480987548828,42.6600341796875,40.24232482910156,34.0597038269043,29.151885986328125,26.746074676513672,26.306350708007812,26.25017547607422,26.286911010742188,26.532941818237305,26.80712127685547,26.83380699157715,26.884611129760742,27.853368759155273,29.710159301757812,31.841930389404297,32.07170486450195,31.469491958618164,29.387155532836914,25.12970542907715,21.9208927154541,21.045000076293945,20.87250328063965,20.453636169433594,18.812158584594727,15.95925521850586,13.747400283813477,11.948868751525879,9.124518394470215,8.410542488098145,9.715676307678223,12.534902572631836,14.438974380493164,14.547659873962402,14.461893081665039,15.72868824005127,17.889118194580078,20.16871452331543,22.2169189453125,23.077600479125977,23.639253616333008,24.171205520629883,24.468002319335938,24.76609992980957
31.48895263671875,30.66343879699707,26.38058090209961,22.768047332763672,20.3592586517334,19.665531158447266,19.92913818359375,21.00278663635254,21.696380615234375,21.903684616088867,22.388198852539062,22.975099563598633,23.897594451904297,25.30859375,27.300907135009766,29.156543731689453,29.549072265625,28.562646865844727,26.062705993652344,22.284202575683594,20.180482864379883,19.23993682861328,18.183513641357422,16.85529136657715,13.965643882751465,10.548195838928223,8.28003215789795,7.018278121948242,7.282291412353516,8.704658508300781,11.594558715820312,14.350204467773438,14.198050498962402,13.519889831542969,14.756404876708984,17.163923263549805,19.699251174926758,21.39027976989746,21.68260383605957,21.843721389770508,22.685558319091797,23.296783447265625,23.35945701599121,24.046955108642578
15.058466911315918,14.001469612121582,13.738065719604492,13.11070442199707,13.320096015930176,14.402562141418457,16.215557098388672,17.702861785888672,17.6416072845459,17.769229888916016,18.574840545654297,19.509449005126953,20.339113235473633,21.486740112304688,23.502731323242188,25.64223861694336,27.079389572143555,26.57693862915039,23.55390739440918,20.357839584350586,16.911561965942383,14.066073417663574,12.518465042114258,10.100541114807129,7.009029865264893,5.730390548706055,6.020898818969727,7.106736183166504,9.409655570983887,12.384893417358398,14.570253372192383,13.917611122131348,12.377010345458984,13.438966751098633,16.370637893676758,18.76021957397461,19.990751266479492,20.191795349121094,20.16994857788086,21.01313018798828,21.866113662719727,22.09855842590332,22.65056037902832,24.010223388671875
10.589436531066895,8.613031387329102,6.921281337738037,6.736758708953857,9.42342758178711,14.444175720214844,17.015535354614258,16.47492027282715,15.592845916748047,15.380509376525879,15.511761665344238,15.782583236694336,16.272727966308594,17.60809898376465,20.30585289001465,23.687175750732422,25.83831787109375,23.9077205657959,20.455947875976562,14.61059284210205,8.90438175201416,7.5168538093566895,6.338831424713135,4.804061412811279,4.75351619720459,6.201112270355225,8.549761772155762,11.606926918029785,14.274227142333984,15.062031745910645,13.613709449768066,12.021159172058105,12.48408031463623,14.949872016906738,17.396652221679688,18.1767635345459,18.61380958557129,19.083078384399414,19.95600700378418,20.71614646911621,20.236589431762695,20.771406173706055,22.685396194458008,24.135360717773438
13.83597183227539,11.769598960876465,10.496076583862305,10.911130905151367,11.170376777648926,12.981765747070312,15.99826431274414,15.323715209960938,14.24825668334961,14.860982894897461,15.338421821594238,15.455222129821777,15.96066951751709,17.731266021728516,21.00503921508789,23.52689552307129,23.95673942565918,21.63483428955078,14.729166030883789,5.939922332763672,4.4860334396362305,5.225665092468262,5.1192803382873535,6.236241340637207,7.4119720458984375,9.491266250610352,13.056142807006836,15.029672622680664,14.40636157989502,12.47489070892334,11.412370681762695,11.728642463684082,12.751133918762207,14.722345352172852,15.889728546142578,16.465133666992188,17.473636627197266,19.503671646118164,20.870723724365234,20.41383934020996,19.868349075317383,20.779579162597656,22.220108032226562,23.560819625854492
14.691847801208496,14.753774642944336,14.451711654663086,14.232450485229492,14.288917541503906,13.664669036865234,13.649049758911133,13.870771408081055,14.079983711242676,15.443934440612793,16.858686447143555,17.213830947875977,17.353811264038086,19.046367645263672,22.829631805419922,23.66933250427246,23.127376556396484,17.467681884765625,7.496165752410889,2.180530309677124,4.302618980407715,5.071217060089111,5.697795391082764,6.668583869934082,7.79958438873291,10.624743461608887,12.944278717041016,11.9227876663208,10.379598617553711,10.260065078735352,11.27549934387207,11.902578353881836,13.224392890930176,14.383147239685059,15.444408416748047,17.25760841369629,18.124862670898438,18.790874481201172,19.844280242919922,21.23564910888672,22.002904891967773,22.15605354309082,22.168424606323242,23.15357208251953
12.771458625793457,14.099775314331055,14.915228843688965,14.894912719726562,13.802691459655762,11.636387825012207,11.829585075378418,12.193199157714844,12.895428657531738,15.252113342285156,18.354772567749023,20.015825271606445,20.517793655395508,20.907621383666992,22.335798263549805,21.992633819580078,19.951181411743164,11.656999588012695,4.713437557220459,3.994810104370117,5.26977014541626,4.6861467361450195,5.022200584411621,5.605053901672363,6.399280548095703,8.472867965698242,9.511215209960938,9.219630241394043,9.567402839660645,11.364659309387207,12.240616798400879,12.951746940612793,14.033503532409668,15.328291893005371,16.793363571166992,17.45722770690918,17.639423370361328,18.165128707885742,19.85232162475586,21.12366485595703,22.03988265991211,22.207942962646484,21.51789093017578,22.306591033935547
12.464890480041504,13.595234870910645,15.555367469787598,13.362295150756836,9.830737113952637,8.394998550415039,8.922286033630371,10.466329574584961,12.060670852661133,14.747993469238281,18.078458786010742,20.344806671142578,21.341066360473633,21.181325912475586,20.007360458374023,18.89550018310547,15.749058723449707,9.25639533996582,6.424312591552734,5.9942626953125,4.690914154052734,4.074577331542969,4.634200572967529,4.928747653961182,5.412265300750732,6.922877311706543,7.974374771118164,8.592362403869629,10.683701515197754,12.351573944091797,13.604412078857422,13.580803871154785,15.021707534790039,15.383583068847656,15.860127449035645,16.940523147583008,17.526477813720703,18.20255470275879,19.483787536621094,20.503149032592773,21.107831954956055,20.420242309570312,19.48062515258789,19.905494689941406
13.191215515136719,13.925905227661133,14.948173522949219,13.489973068237305,9.126657485961914,8.633636474609375,9.558879852294922,10.450126647949219,12.20584487915039,14.89958381652832,17.16997718811035,18.623985290527344,19.711013793945312,20.374622344970703,17.48677635192871,15.380067825317383,12.023799896240234,8.107190132141113,6.533201694488525,4.699681758880615,3.1087844371795654,3.733363389968872,4.848119258880615,5.170004844665527,5.783875465393066,6.76151704788208,7.894562721252441,8.587446212768555,10.804283142089844,12.462782859802246,14.542980194091797,12.533723831176758,12.965847969055176,15.450288772583008,16.34416389465332,17.461345672607422,17.616512298583984,17.393898010253906,18.0466365814209,19.36751365661621,21.5926513671875,22.46225929260254,21.364173889160156,19.66962242126465
13.323318481445312,13.8671236038208,13.001238822937012,10.888944625854492,9.457477569580078,11.254375457763672,11.016368865966797,10.723426818847656,10.819561004638672,10.732563018798828,11.767548561096191,14.321371078491211,17.152082443237305,19.009323120117188,14.347715377807617,10.298135757446289,8.230633735656738,6.584109783172607,6.217652320861816,5.605642318725586,5.810769557952881,6.015506744384766,5.7398681640625,5.992647647857666,6.575292587280273,7.110000133514404,8.754197120666504,9.650815963745117,11.300930976867676,12.02083969116211,10.995890617370605,9.591197967529297,11.760427474975586,15.348727226257324,17.2445011138916,17.381799697875977,15.91843032836914,15.470114707946777,16.466854095458984,18.84475326538086,21.96196937561035,23.906841278076172,23.93838119506836,26.003511428833008
11.551674842834473,13.269464492797852,11.259739875793457,7.035797119140625,7.693042278289795,10.619854927062988,9.511523246765137,7.973430156707764,6.746243476867676,6.385825157165527,8.307321548461914,11.380460739135742,12.326032638549805,9.49084758758545,4.592756271362305,7.076045513153076,6.843769073486328,6.548802852630615,6.431806564331055,6.347933292388916,8.28181266784668,9.12962818145752,7.909395694732666,6.734289646148682,6.96084451675415,8.673748016357422,10.925335884094238,13.02010440826416,12.371403694152832,9.636948585510254,8.82275390625,10.185564041137695,12.400092124938965,15.282470703125,16.78754425048828,15.690781593322754,14.632535934448242,14.92744255065918,16.357147216796875,18.48433494567871,21.379396438598633,23.72777557373047,26.15547752380371,28.15043830871582
9.168304443359375,12.22513198852539,9.957200050354004,5.503594875335693,6.9800872802734375,8.583508491516113,6.3028388023376465,5.210239410400391,4.9628190994262695,5.1850104331970215,6.3684210777282715,6.624903202056885,3.673865556716919,0.13005973398685455,1.3059099912643433,6.041380882263184,5.688021183013916,5.270411014556885,4.406868934631348,4.899076461791992,7.316625118255615,9.555275917053223,9.315865516662598,7.760523319244385,8.077359199523926,10.429750442504883,13.759583473205566,13.95313835144043,10.629257202148438,10.432065963745117,11.647114753723145,12.901864051818848,14.197905540466309,15.141103744506836,15.74467658996582,14.750994682312012,14.448185920715332,14.715176582336426,16.780019760131836,18.848865509033203,20.554433822631836,23.09310531616211,26.749156951904297,30.222217559814453
8.244377136230469,9.707320213317871,7.731454849243164,4.836110591888428,6.166177749633789,6.392629146575928,4.697619438171387,4.811041355133057,5.782339096069336,6.253731727600098,4.852329730987549,0.7991988658905029,-0.09887152910232544,0.9418895840644836,5.021653175354004,7.129489898681641,6.179076671600342,5.835801601409912,4.273541450500488,4.651341915130615,7.179190158843994,9.870038986206055,9.480541229248047,8.713264465332031,10.013510704040527,12.812820434570312,13.526658058166504,10.104726791381836,10.202407836914062,12.353322982788086,13.077898979187012,14.013860702514648,14.58733081817627,13.973740577697754,13.78744125366211,13.645061492919922,14.034093856811523,15.068001747131348,17.18283462524414,19.303529739379883,21.06132698059082,23.465667724609375,26.44670867919922,29.048311233520508
7.85936164855957,6.699570655822754,4.651552677154541,3.1083872318267822,5.282415866851807,5.538586616516113,4.929586887359619,6.149579048156738,7.796477794647217,6.2750244140625,1.7285813093185425,0.19996826350688934,2.411403179168701,5.5224409103393555,8.273209571838379,8.083475112915039,7.099989414215088,7.312393665313721,6.615258693695068,6.63583517074585,8.296777725219727,9.594221115112305,9.100541114807129,8.873017311096191,10.604330062866211,12.003077507019043,11.425326347351074,11.502233505249023,11.610085487365723,12.270177841186523,13.345539093017578,14.276494979858398,13.796070098876953,12.65603256225586,12.67673110961914,13.282408714294434,14.278923988342285,15.59857177734375,17.521095275878906,19.4586181640625,21.997161865234375,24.521337509155273,24.912551879882812,25.0411319732666
