data/wind_data/wind_8_2.json
{"header": {"parameterUnit": "KT", "parameterCategory": 2, "nx": 256, "ny": 198, "lo1": 44.73521041870117, "la1": -3.236724853515625, "lo2": 111.26478576660156, "la2": 43.468475341796875, "dx": 0.2609002888202667, "dy": -0.23708222806453705, "refTime": "2025-02-19 08:00:00", "forecastTime": 0, "parameterNumber": 2, "parameterNumberName": "eastward_wind"}, "data":
[rows 57 to 75 of 198, columns 43 to 85 of 256]
-10.498494148254395,-9.623720169067383,-9.406745910644531,-9.627991676330566,-9.741731643676758,-10.475003242492676,-10.925020217895508,-11.308234214782715,-11.73965835571289,-12.113773345947266,-12.1873197555542,-11.977766036987305,-11.756189346313477,-11.921937942504883,-12.34681224822998,-12.625186920166016,-12.520337104797363,-12.0847749710083,-11.97139835357666,-11.58358383178711,-11.23177433013916,-10.744956970214844,-10.206687927246094,-9.69864559173584,-8.877426147460938,-8.113222122192383,-7.565523147583008,-7.438436508178711,-7.157021999359131,-6.686127662658691,-6.316847801208496,-5.893904209136963,-6.058202266693115,-6.570576190948486,-6.870433330535889,-6.783257007598877,-6.452812194824219,-5.9988508224487305,-5.9218549728393555,-5.767117500305176,-5.656366348266602,-5.586725234985352,-5.3130598068237305
-10.758830070495605,-10.29194164276123,-9.756067276000977,-10.136978149414062,-10.45609188079834,-10.967727661132812,-11.42078685760498,-11.782767295837402,-12.141292572021484,-12.650571823120117,-13.02883529663086,-13.055413246154785,-12.748547554016113,-12.462237358093262,-12.470192909240723,-12.50806999206543,-12.285062789916992,-12.125065803527832,-12.105254173278809,-12.018961906433105,-11.928357124328613,-11.63341236114502,-11.104804039001465,-10.628965377807617,-10.159272193908691,-9.45806884765625,-8.72574520111084,-8.07758903503418,-7.4372382164001465,-7.044085502624512,-6.602340221405029,-6.533030033111572,-7.062038898468018,-8.197488784790039,-8.551896095275879,-8.297501564025879,-8.093250274658203,-8.000394821166992,-7.8088860511779785,-7.507787227630615,-7.362121105194092,-7.488553047180176,-7.171551704406738
-10.992396354675293,-10.985452651977539,-10.73900032043457,-10.594850540161133,-10.795064926147461,-11.3759183883667,-12.081316947937012,-12.506293296813965,-12.74504566192627,-13.16598129272461,-13.660035133361816,-14.020064353942871,-13.962702751159668,-13.603161811828613,-13.18089771270752,-12.844695091247559,-12.61502742767334,-12.453417778015137,-12.359338760375977,-12.332250595092773,-12.221776008605957,-12.134892463684082,-12.019572257995605,-11.641655921936035,-11.056303977966309,-10.556550979614258,-10.001118659973145,-9.111984252929688,-8.214461326599121,-7.718967437744141,-7.629811763763428,-7.804457187652588,-8.277121543884277,-8.643277168273926,-8.665839195251465,-8.735941886901855,-9.001521110534668,-9.248021125793457,-9.400619506835938,-9.333863258361816,-9.006227493286133,-8.692204475402832,-8.479851722717285
-11.328731536865234,-11.38663387298584,-11.390218734741211,-11.330002784729004,-11.467936515808105,-11.958133697509766,-12.631500244140625,-13.169205665588379,-13.456602096557617,-13.696688652038574,-14.005854606628418,-14.349162101745605,-14.500734329223633,-14.285852432250977,-13.872660636901855,-13.469243049621582,-13.184447288513184,-13.019536018371582,-12.9468355178833,-12.913169860839844,-12.746111869812012,-12.398104667663574,-12.150848388671875,-12.116266250610352,-11.922472953796387,-11.449767112731934,-10.86640453338623,-10.316981315612793,-9.793027877807617,-9.456257820129395,-9.36012077331543,-9.176044464111328,-8.76390552520752,-8.487796783447266,-8.43906307220459,-8.493522644042969,-8.43653392791748,-8.514453887939453,-8.702377319335938,-8.806446075439453,-8.71809196472168,-8.487468719482422,-8.178657531738281
-11.40676498413086,-11.29092025756836,-11.402238845825195,-11.488655090332031,-11.780908584594727,-12.29171085357666,-12.886289596557617,-13.347576141357422,-13.652005195617676,-13.82141399383545,-13.910585403442383,-14.027316093444824,-14.215974807739258,-14.32054328918457,-14.21875286102295,-13.919624328613281,-13.611300468444824,-13.421157836914062,-13.3411865234375,-13.338626861572266,-13.272293090820312,-12.952397346496582,-12.505636215209961,-12.267847061157227,-12.056533813476562,-11.680244445800781,-11.242852210998535,-10.920336723327637,-10.734148025512695,-10.567766189575195,-10.155688285827637,-9.7337646484375,-9.41003704071045,-9.109359741210938,-8.930187225341797,-8.817718505859375,-8.60701847076416,-8.465495109558105,-8.474349021911621,-8.634932518005371,-8.695655822753906,-8.550203323364258,-8.32372760772705
-11.750770568847656,-11.873200416564941,-11.983603477478027,-12.075779914855957,-12.23068904876709,-12.520769119262695,-12.833142280578613,-13.143716812133789,-13.453356742858887,-13.666604042053223,-13.715027809143066,-13.651711463928223,-13.681333541870117,-13.834321975708008,-13.997333526611328,-14.053790092468262,-14.009282112121582,-13.871118545532227,-13.642977714538574,-13.437777519226074,-13.367841720581055,-13.332324028015137,-13.218643188476562,-13.000441551208496,-12.69873332977295,-12.214491844177246,-11.69559097290039,-11.382075309753418,-11.20944595336914,-11.101155281066895,-10.96193790435791,-10.802850723266602,-10.55355453491211,-10.13538932800293,-9.610151290893555,-9.120424270629883,-8.673940658569336,-8.421893119812012,-8.395637512207031,-8.501486778259277,-8.603747367858887,-8.47451400756836,-8.178982734680176
-12.154515266418457,-12.399152755737305,-12.484477996826172,-12.44444751739502,-12.43026065826416,-12.574087142944336,-12.79741382598877,-13.01895523071289,-13.249117851257324,-13.406412124633789,-13.437255859375,-13.394060134887695,-13.404970169067383,-13.485197067260742,-13.581089973449707,-13.743693351745605,-13.983899116516113,-14.099760055541992,-13.973217964172363,-13.704804420471191,-13.481913566589355,-13.389171600341797,-13.443470001220703,-13.488762855529785,-13.326188087463379,-12.929924011230469,-12.488381385803223,-12.163357734680176,-11.906251907348633,-11.680549621582031,-11.461405754089355,-11.268890380859375,-11.046964645385742,-10.683797836303711,-10.141736030578613,-9.492883682250977,-8.90101432800293,-8.553262710571289,-8.514514923095703,-8.578272819519043,-8.702231407165527,-8.69798755645752,-8.457622528076172
-11.908681869506836,-12.245094299316406,-12.46782112121582,-12.51019287109375,-12.458528518676758,-12.547236442565918,-12.814811706542969,-13.024116516113281,-13.075972557067871,-13.062739372253418,-13.092548370361328,-13.183455467224121,-13.30344009399414,-13.38305950164795,-13.379562377929688,-13.425495147705078,-13.62520980834961,-13.825562477111816,-13.867140769958496,-13.75584888458252,-13.592801094055176,-13.470586776733398,-13.51104736328125,-13.662667274475098,-13.625130653381348,-13.245357513427734,-12.753116607666016,-12.428206443786621,-12.213465690612793,-12.023907661437988,-11.82863998413086,-11.56596565246582,-11.280473709106445,-10.919699668884277,-10.408504486083984,-9.877215385437012,-9.461322784423828,-9.202098846435547,-9.083969116210938,-9.026569366455078,-9.062394142150879,-9.126371383666992,-9.077082633972168
-11.47061538696289,-11.871546745300293,-12.229381561279297,-12.447524070739746,-12.507942199707031,-12.561847686767578,-12.784834861755371,-12.987908363342285,-12.948399543762207,-12.739721298217773,-12.637855529785156,-12.812211036682129,-13.109957695007324,-13.312830924987793,-13.367918014526367,-13.331249237060547,-13.301067352294922,-13.321671485900879,-13.34837818145752,-13.3854341506958,-13.441240310668945,-13.477571487426758,-13.585984230041504,-13.733589172363281,-13.724756240844727,-13.409950256347656,-12.876629829406738,-12.403387069702148,-12.12702465057373,-11.963279724121094,-11.8468017578125,-11.661914825439453,-11.39354419708252,-11.062634468078613,-10.643409729003906,-10.244185447692871,-9.983566284179688,-9.835545539855957,-9.737566947937012,-9.581659317016602,-9.431788444519043,-9.40660572052002,-9.435404777526855
-10.925909042358398,-11.263496398925781,-11.665667533874512,-12.084012985229492,-12.399840354919434,-12.554296493530273,-12.679545402526855,-12.78194808959961,-12.772940635681152,-12.64038372039795,-12.512354850769043,-12.567168235778809,-12.815573692321777,-13.052443504333496,-13.207797050476074,-13.23559284210205,-13.111207962036133,-12.92517375946045,-12.805159568786621,-12.842896461486816,-12.995010375976562,-13.2119140625,-13.475984573364258,-13.672796249389648,-13.650713920593262,-13.371020317077637,-12.93821907043457,-12.475502967834473,-12.135390281677246,-11.950055122375488,-11.797335624694824,-11.565875053405762,-11.262666702270508,-10.960267066955566,-10.695344924926758,-10.43935489654541,-10.200303077697754,-10.015029907226562,-9.879737854003906,-9.721610069274902,-9.617344856262207,-9.669888496398926,-9.820304870605469
-10.23846435546875,-10.488625526428223,-10.86266803741455,-11.374627113342285,-11.902264595031738,-12.281064987182617,-12.467597007751465,-12.47118854522705,-12.403749465942383,-12.380094528198242,-12.429017066955566,-12.555810928344727,-12.702467918395996,-12.784607887268066,-12.87047290802002,-12.952573776245117,-12.894344329833984,-12.682802200317383,-12.486876487731934,-12.461259841918945,-12.556231498718262,-12.73777961730957,-12.987679481506348,-13.199015617370605,-13.266518592834473,-13.13586711883545,-12.868526458740234,-12.493639945983887,-12.141048431396484,-11.919262886047363,-11.731194496154785,-11.426751136779785,-11.048070907592773,-10.732673645019531,-10.548188209533691,-10.407665252685547,-10.18066120147705,-9.93492317199707,-9.738689422607422,-9.6920804977417,-9.81837272644043,-10.082657814025879,-10.21783447265625
-9.62164306640625,-9.87502670288086,-10.139453887939453,-10.5304594039917,-11.068169593811035,-11.62037181854248,-12.00046443939209,-12.138516426086426,-12.118865966796875,-12.099878311157227,-12.21308708190918,-12.441363334655762,-12.613471031188965,-12.638152122497559,-12.63161849975586,-12.673897743225098,-12.644012451171875,-12.4876708984375,-12.337252616882324,-12.300963401794434,-12.330204010009766,-12.382128715515137,-12.459219932556152,-12.540099143981934,-12.595290184020996,-12.574831008911133,-12.453323364257812,-12.224910736083984,-11.969569206237793,-11.761115074157715,-11.525849342346191,-11.172354698181152,-10.790214538574219,-10.528752326965332,-10.430292129516602,-10.377252578735352,-10.159852027893066,-9.848130226135254,-9.736896514892578,-9.973410606384277,-10.36052417755127,-10.72984790802002,-10.84585952758789
-9.046358108520508,-9.446885108947754,-9.663351058959961,-9.874639511108398,-10.260846138000488,-10.79538345336914,-11.303206443786621,-11.646451950073242,-11.84001350402832,-11.933394432067871,-12.019597053527832,-12.151211738586426,-12.269366264343262,-12.334921836853027,-12.393973350524902,-12.442595481872559,-12.417143821716309,-12.302291870117188,-12.194138526916504,-12.189817428588867,-12.225157737731934,-12.205290794372559,-12.141709327697754,-12.090083122253418,-12.045161247253418,-11.95053768157959,-11.763422012329102,-11.559449195861816,-11.45987319946289,-11.441495895385742,-11.31029224395752,-10.953446388244629,-10.55642318725586,-10.36212158203125,-10.413779258728027,-10.530183792114258,-10.48306655883789,-10.249542236328125,-10.153119087219238,-10.42716121673584,-10.862061500549316,-11.242873191833496,-11.414321899414062
-8.151007652282715,-8.701153755187988,-9.06492805480957,-9.304311752319336,-9.613506317138672,-10.075669288635254,-10.58657455444336,-11.009208679199219,-11.318938255310059,-11.553481101989746,-11.710126876831055,-11.790444374084473,-11.842534065246582,-11.920296669006348,-12.06039810180664,-12.195672988891602,-12.221780776977539,-12.15100383758545,-12.061283111572266,-12.054728507995605,-12.07571029663086,-12.014232635498047,-11.881814956665039,-11.744379997253418,-11.641464233398438,-11.490274429321289,-11.233938217163086,-10.976805686950684,-10.86126708984375,-10.889829635620117,-10.91644287109375,-10.783100128173828,-10.50974178314209,-10.316850662231445,-10.362367630004883,-10.580740928649902,-10.834115028381348,-11.034806251525879,-11.14946460723877,-11.258578300476074,-11.412577629089355,-11.635052680969238,-11.884483337402344
-7.186859607696533,-7.614696979522705,-8.030157089233398,-8.442131042480469,-8.893956184387207,-9.400843620300293,-9.889362335205078,-10.309768676757812,-10.633654594421387,-10.879617691040039,-11.077263832092285,-11.241357803344727,-11.390973091125488,-11.530980110168457,-11.698927879333496,-11.8923921585083,-12.00000286102295,-11.999194145202637,-11.954940795898438,-11.905162811279297,-11.817030906677246,-11.640933990478516,-11.423476219177246,-11.23303508758545,-11.085028648376465,-10.962004661560059,-10.826212882995605,-10.695598602294922,-10.600647926330566,-10.5272798538208,-10.49742603302002,-10.542915344238281,-10.589919090270996,-10.577502250671387,-10.583468437194824,-10.736001968383789,-11.05941390991211,-11.4810152053833,-11.81740665435791,-11.922628402709961,-11.838278770446777,-11.817036628723145,-11.98880386352539
-6.30474328994751,-6.706003665924072,-7.03922176361084,-7.4285359382629395,-7.955733776092529,-8.536030769348145,-9.02998161315918,-9.447423934936523,-9.837926864624023,-10.165497779846191,-10.418911933898926,-10.663766860961914,-10.932419776916504,-11.155198097229004,-11.311840057373047,-11.473461151123047,-11.604747772216797,-11.6913480758667,-11.711182594299316,-11.616347312927246,-11.420902252197266,-11.163962364196777,-10.90774917602539,-10.683553695678711,-10.497300148010254,-10.375910758972168,-10.351689338684082,-10.395377159118652,-10.42721176147461,-10.371308326721191,-10.278497695922852,-10.337845802307129,-10.60549545288086,-10.906091690063477,-11.053340911865234,-11.093010902404785,-11.250765800476074,-11.588987350463867,-11.879034042358398,-11.896207809448242,-11.729637145996094,-11.717818260192871,-12.012584686279297
-5.144144535064697,-5.709505081176758,-6.2209577560424805,-6.690750598907471,-7.140815734863281,-7.601596355438232,-8.057631492614746,-8.521706581115723,-8.999863624572754,-9.44946002960205,-9.80881404876709,-10.127813339233398,-10.49845027923584,-10.817585945129395,-10.99907398223877,-11.103800773620605,-11.156570434570312,-11.173913955688477,-11.1469087600708,-11.007540702819824,-10.75679874420166,-10.49398422241211,-10.301525115966797,-10.174139022827148,-10.078590393066406,-10.032308578491211,-10.054132461547852,-10.126214027404785,-10.193359375,-10.184207916259766,-10.125428199768066,-10.191208839416504,-10.513511657714844,-10.993257522583008,-11.351244926452637,-11.423800468444824,-11.360231399536133,-11.42525863647461,-11.575628280639648,-11.561137199401855,-11.436027526855469,-11.548845291137695,-12.066420555114746
-4.125004768371582,-4.633764266967773,-5.18240213394165,-5.7336578369140625,-6.251705646514893,-6.720218181610107,-7.186153888702393,-7.706856727600098,-8.261697769165039,-8.7594575881958,-9.141854286193848,-9.486686706542969,-9.883566856384277,-10.27579402923584,-10.567632675170898,-10.744275093078613,-10.803277015686035,-10.738788604736328,-10.544071197509766,-10.247942924499512,-9.940924644470215,-9.687169075012207,-9.547735214233398,-9.548210144042969,-9.642065048217773,-9.759883880615234,-9.847472190856934,-9.897122383117676,-9.936720848083496,-9.959172248840332,-9.992402076721191,-10.15052604675293,-10.480690956115723,-10.89095401763916,-11.2172212600708,-11.327681541442871,-11.227890014648438,-11.120915412902832,-11.175004005432129,-11.300435066223145,-11.4380464553833,-11.767784118652344,-12.379189491271973
-3.3997936248779297,-3.837125539779663,-4.294661998748779,-4.768096446990967,-5.25750732421875,-5.7427778244018555,-6.257626056671143,-6.891233444213867,-7.562192916870117,-8.095743179321289,-8.458020210266113,-8.742207527160645,-9.056708335876465,-9.443609237670898,-9.821478843688965,-10.107992172241211,-10.257981300354004,-10.261427879333496,-10.09766674041748,-9.792619705200195,-9.439295768737793,-9.1268310546875,-8.936098098754883,-8.917010307312012,-9.044364929199219,-9.221394538879395,-9.356734275817871,-9.464815139770508,-9.6012544631958,-9.765602111816406,-9.927558898925781,-10.16261100769043,-10.5081787109375,-10.845787048339844,-11.057669639587402,-11.122248649597168,-11.064615249633789,-10.964249610900879,-10.995170593261719,-11.2184419631958,-11.60154914855957,-12.139996528625488,-12.729809761047363
