data/wind_data/wind_32_3.json
{"header": {"parameterUnit": "KT", "parameterCategory": 2, "nx": 256, "ny": 198, "lo1": 44.73521041870117, "la1": -3.236724853515625, "lo2": 111.26478576660156, "la2": 43.468475341796875, "dx": 0.2609002888202667, "dy": -0.23708222806453705, "refTime": "2025-02-20 08:00:00", "forecastTime": 0, "parameterNumber": 2, "parameterNumberName": "eastward_wind"}, "data":
[rows 60 to 79 of 198, columns 86 to 128 of 256]
-12.68111801147461,-12.75633430480957,-12.947948455810547,-13.119915008544922,-13.203595161437988,-13.013105392456055,-12.550189971923828,-12.214762687683105,-12.029561996459961,-11.853659629821777,-11.67786693572998,-11.8517427444458,-12.505261421203613,-13.13434886932373,-13.682072639465332,-14.079703330993652,-14.056339263916016,-13.707395553588867,-13.3715181350708,-13.223812103271484,-12.830724716186523,-11.808817863464355,-10.77927017211914,-10.007853507995605,-9.503445625305176,-9.733499526977539,-10.650533676147461,-12.481618881225586,-14.014005661010742,-14.54355239868164,-15.506098747253418,-20.631752014160156,-21.414777755737305,-9.40048885345459,-11.351613998413086,-12.656752586364746,-12.9382963180542,-12.847471237182617,-13.008384704589844,-14.272411346435547,-14.444511413574219,-15.510010719299316,-15.648900985717773
-11.912774085998535,-11.641974449157715,-11.50002670288086,-11.503353118896484,-11.524880409240723,-11.300365447998047,-11.052431106567383,-10.970072746276855,-10.91431713104248,-10.905447959899902,-11.060894966125488,-11.488811492919922,-11.90335750579834,-12.244791984558105,-12.686417579650879,-13.032266616821289,-13.186798095703125,-13.250059127807617,-13.162833213806152,-12.885358810424805,-12.495782852172852,-11.841618537902832,-10.876185417175293,-9.728423118591309,-9.126402854919434,-9.142196655273438,-9.808564186096191,-11.491762161254883,-13.409438133239746,-14.541147232055664,-16.366952896118164,-20.795143127441406,-20.96989631652832,-10.894612312316895,-9.063742637634277,-11.679998397827148,-12.066682815551758,-12.456128120422363,-13.001861572265625,-13.649099349975586,-12.573918342590332,-12.76286792755127,-13.78320026397705
-11.165035247802734,-10.776076316833496,-10.37509536743164,-10.052568435668945,-9.962374687194824,-9.730005264282227,-9.596833229064941,-9.528055191040039,-9.615631103515625,-9.879413604736328,-10.271912574768066,-10.609150886535645,-10.842453956604004,-10.996968269348145,-11.184019088745117,-11.438331604003906,-11.815858840942383,-12.203603744506836,-12.407795906066895,-12.35175895690918,-11.903494834899902,-11.251943588256836,-10.354283332824707,-9.454737663269043,-8.70151138305664,-8.312398910522461,-8.938438415527344,-10.512345314025879,-12.228583335876465,-13.571045875549316,-16.20509910583496,-19.629688262939453,-17.575538635253906,-8.908578872680664,-9.756693840026855,-10.198868751525879,-11.328104019165039,-12.680496215820312,-13.405126571655273,-12.548605918884277,-11.256800651550293,-10.672750473022461,-11.06939697265625
-10.45371150970459,-9.877066612243652,-9.373478889465332,-9.035332679748535,-8.783056259155273,-8.528264999389648,-8.229830741882324,-7.95576810836792,-7.914247035980225,-8.096287727355957,-8.486937522888184,-8.909021377563477,-9.235995292663574,-9.445112228393555,-9.599653244018555,-9.916706085205078,-10.376583099365234,-10.871110916137695,-11.304788589477539,-11.505476951599121,-11.125527381896973,-10.266688346862793,-9.492437362670898,-8.805793762207031,-8.116575241088867,-7.6786909103393555,-8.142362594604492,-9.846481323242188,-11.44965934753418,-12.595634460449219,-16.207202911376953,-18.78882598876953,-10.78848648071289,-2.0520503520965576,-9.90672779083252,-9.362226486206055,-11.034615516662598,-13.177382469177246,-13.781911849975586,-12.38965892791748,-11.289441108703613,-8.993085861206055,-8.502629280090332
-9.648128509521484,-8.972613334655762,-8.387415885925293,-8.042268753051758,-7.855703353881836,-7.610574722290039,-7.167366981506348,-6.685879707336426,-6.3242878913879395,-6.135537147521973,-6.322453498840332,-6.9968156814575195,-7.873429298400879,-8.342822074890137,-8.358623504638672,-8.389678955078125,-8.72411060333252,-9.203715324401855,-9.617916107177734,-9.831531524658203,-9.669282913208008,-9.284610748291016,-8.729655265808105,-8.131216049194336,-7.639904975891113,-7.316096305847168,-7.566992282867432,-9.26723575592041,-10.963111877441406,-12.481243133544922,-16.069133758544922,-13.900516510009766,-2.993075132369995,-6.993747234344482,-9.414589881896973,-8.925536155700684,-11.294265747070312,-13.116788864135742,-13.335391998291016,-12.001569747924805,-11.185652732849121,-9.062474250793457,-7.59318733215332
-8.835653305053711,-8.1753511428833,-7.4217143058776855,-6.755436897277832,-6.61527681350708,-6.642824649810791,-6.367095947265625,-5.879383563995361,-5.3790602684021,-4.901944637298584,-4.611550331115723,-4.654094219207764,-5.343636989593506,-6.508453845977783,-7.289342403411865,-7.285789489746094,-7.071613311767578,-7.199694633483887,-7.566621780395508,-7.79780387878418,-7.862890720367432,-7.877659797668457,-7.764957904815674,-7.475216388702393,-7.177242755889893,-6.997758388519287,-7.539069175720215,-9.422696113586426,-10.988534927368164,-12.869049072265625,-16.628082275390625,-12.751970291137695,-4.04910135269165,-7.163101673126221,-8.276065826416016,-8.443063735961914,-10.442667007446289,-11.50063705444336,-11.987564086914062,-12.413439750671387,-11.363542556762695,-9.09718132019043,-8.35138988494873
-8.149298667907715,-7.457470893859863,-6.672545909881592,-5.886702060699463,-5.547633647918701,-5.58998441696167,-5.440627574920654,-5.050124645233154,-4.663680553436279,-4.15843391418457,-3.7253193855285645,-3.357342481613159,-3.168430805206299,-3.4411604404449463,-4.091833114624023,-4.762105464935303,-5.213040351867676,-5.463016986846924,-5.7983832359313965,-6.253830909729004,-6.529937267303467,-6.583657264709473,-6.819778919219971,-6.962588310241699,-6.887847423553467,-6.747366428375244,-7.929136753082275,-9.53720760345459,-10.580327033996582,-13.27901554107666,-15.952225685119629,-6.1760640144348145,-3.23158860206604,-8.323798179626465,-4.147644519805908,-6.916311740875244,-8.875039100646973,-10.36876106262207,-10.466246604919434,-10.766205787658691,-11.09350299835205,-9.745809555053711,-8.804014205932617
-7.248420715332031,-6.612329959869385,-5.922425270080566,-5.212423324584961,-4.736889839172363,-4.598251819610596,-4.420110702514648,-4.128538608551025,-3.8147940635681152,-3.4452059268951416,-3.1305127143859863,-2.85349440574646,-2.3971359729766846,-1.8703582286834717,-1.5948519706726074,-1.7697149515151978,-2.412604570388794,-3.429302453994751,-4.471943378448486,-5.255808353424072,-5.766246795654297,-5.989713668823242,-6.119498252868652,-6.363514423370361,-6.441255569458008,-6.837884426116943,-8.419109344482422,-9.370682716369629,-10.231582641601562,-13.083107948303223,-10.945951461791992,-1.6264597177505493,-8.624369621276855,-7.520540237426758,-5.066946983337402,-5.782351970672607,-7.933151721954346,-8.681015968322754,-9.163168907165527,-8.8080415725708,-10.057698249816895,-10.0956449508667,-9.251608848571777
-6.373657703399658,-5.8348188400268555,-5.244537353515625,-4.671764850616455,-4.233501434326172,-3.924220561981201,-3.644148349761963,-3.392359733581543,-3.147326946258545,-2.813075304031372,-2.5496370792388916,-2.425283670425415,-2.2418291568756104,-1.72245192527771,-0.973434329032898,-0.4242631196975708,-0.5069835186004639,-1.3351686000823975,-2.461091995239258,-3.437344789505005,-4.126781463623047,-4.591391086578369,-4.959341526031494,-5.402602195739746,-6.027202606201172,-6.904379367828369,-8.278435707092285,-9.024880409240723,-9.756731033325195,-13.328740119934082,-11.252387046813965,-4.924655914306641,-8.125845909118652,-8.744139671325684,-8.530996322631836,-5.757828235626221,-6.665707588195801,-7.231179237365723,-7.895567417144775,-7.326612949371338,-8.747969627380371,-9.02331829071045,-8.792808532714844
-5.745863437652588,-5.374172210693359,-4.816946506500244,-4.325735092163086,-3.9495837688446045,-3.567016839981079,-3.200222969055176,-2.958913564682007,-2.779099225997925,-2.564227342605591,-2.3308591842651367,-2.1520705223083496,-2.039503335952759,-1.854430079460144,-1.34933602809906,-0.612444281578064,-0.13879743218421936,-0.3422992527484894,-0.9754943251609802,-1.5807936191558838,-2.174494981765747,-2.800969362258911,-3.2609775066375732,-3.897714138031006,-5.104179382324219,-6.196384429931641,-6.946951389312744,-7.381882190704346,-8.8200101852417,-12.215110778808594,-9.393383026123047,-5.300482749938965,-6.588459014892578,-7.381423473358154,-8.181327819824219,-4.977665424346924,-5.120542526245117,-5.575448036193848,-6.3373332023620605,-6.62677001953125,-7.662528991699219,-8.195792198181152,-8.518674850463867
-5.1260786056518555,-4.878335952758789,-4.4062113761901855,-4.039331912994385,-3.7233002185821533,-3.362952947616577,-3.010620594024658,-2.749504566192627,-2.5919864177703857,-2.481563091278076,-2.3779797554016113,-2.239184856414795,-2.0551116466522217,-1.8595644235610962,-1.6235061883926392,-1.2150907516479492,-0.6611250042915344,-0.3698563873767853,-0.4905599057674408,-0.6969788670539856,-1.0972588062286377,-1.6924844980239868,-2.088226079940796,-2.7557945251464844,-3.9386842250823975,-4.812302112579346,-4.915543079376221,-5.515576362609863,-8.442412376403809,-9.819005012512207,-5.87391996383667,-4.740732669830322,-5.0754594802856445,-5.6771087646484375,-6.94656229019165,-5.363592624664307,-3.107877254486084,-4.083196640014648,-5.021484375,-5.388497352600098,-6.480937480926514,-7.228341102600098,-7.823127746582031
-4.492520332336426,-4.265514850616455,-3.9073033332824707,-3.6438984870910645,-3.371415138244629,-3.091855049133301,-2.8300364017486572,-2.6032230854034424,-2.419984817504883,-2.3167710304260254,-2.2647664546966553,-2.2165935039520264,-2.0958216190338135,-1.8870320320129395,-1.6644930839538574,-1.4890838861465454,-1.1969585418701172,-0.7247241735458374,-0.40624698996543884,-0.2766817808151245,-0.5122182965278625,-0.8698514699935913,-1.0993573665618896,-1.7660963535308838,-2.425694704055786,-2.5691170692443848,-3.988554000854492,-7.472795486450195,-9.638474464416504,-7.0674543380737305,-4.72721529006958,-6.927505016326904,-4.266114234924316,-3.8581655025482178,-5.475213527679443,-5.606443881988525,-3.5654237270355225,-4.09157133102417,-3.5235817432403564,-4.112511157989502,-4.886250019073486,-5.929869174957275,-6.8563551902771
-3.8784396648406982,-3.707947015762329,-3.4984326362609863,-3.3150737285614014,-3.099508285522461,-2.901346206665039,-2.694749593734741,-2.4762206077575684,-2.294689416885376,-2.165565252304077,-2.1066887378692627,-2.1018521785736084,-2.0422520637512207,-1.868047833442688,-1.6467543840408325,-1.5080384016036987,-1.4250109195709229,-1.09957754611969,-0.5826542377471924,-0.18416687846183777,-0.015832936391234398,0.07011160999536514,-0.15054632723331451,-0.8686491847038269,-1.0110348463058472,-1.6107007265090942,-6.208025932312012,-14.18105697631836,-4.91129207611084,-4.932462692260742,-6.008292198181152,-5.345895767211914,-5.450827121734619,-3.8123223781585693,-2.135953187942505,-3.1179919242858887,-4.89937686920166,-3.8211162090301514,-3.0706143379211426,-3.9463932514190674,-3.7108616828918457,-4.139951705932617,-5.413382053375244
-3.4111177921295166,-3.385557174682617,-3.286719799041748,-3.186385154724121,-3.118699789047241,-3.0447638034820557,-2.9068732261657715,-2.71234130859375,-2.5092692375183105,-2.3475160598754883,-2.278784990310669,-2.3363022804260254,-2.3848390579223633,-2.2039551734924316,-1.8065521717071533,-1.4810528755187988,-1.3420490026474,-1.1955820322036743,-0.818316638469696,-0.2769176959991455,0.3640173077583313,0.7850638031959534,0.5476973056793213,0.10750681161880493,-0.7961581945419312,-3.9558277130126953,-9.651636123657227,-11.346617698669434,-2.0109646320343018,-6.909017562866211,-4.878683090209961,-5.266176223754883,-4.971201419830322,-5.172615051269531,-3.1717755794525146,-1.196702241897583,-2.611201047897339,-1.6594661474227905,-1.6998980045318604,-3.2940316200256348,-3.4045052528381348,-3.3276796340942383,-4.0912041664123535
-3.4057698249816895,-3.3693487644195557,-3.3399925231933594,-3.395845890045166,-3.463841676712036,-3.4800541400909424,-3.393714189529419,-3.2339401245117188,-3.0577733516693115,-2.911078929901123,-2.8779702186584473,-3.026536464691162,-3.228292942047119,-3.143247604370117,-2.5613410472869873,-1.732189655303955,-1.1462764739990234,-0.8283941745758057,-0.48275026679039,0.004632886964827776,0.6873146295547485,0.9797902703285217,0.8953045010566711,0.8376713395118713,-1.9603767395019531,-8.75482177734375,-14.112553596496582,-4.399240493774414,-4.335618495941162,-5.459750175476074,-4.9986677169799805,-4.5456976890563965,-4.685375213623047,-5.018373966217041,-3.736356258392334,-1.5114699602127075,-1.9431004524230957,-1.1441665887832642,-0.6551810503005981,-1.4220012426376343,-2.2059757709503174,-2.5188112258911133,-3.387392520904541
-3.8254592418670654,-3.789440631866455,-3.82263445854187,-3.9347872734069824,-4.053301811218262,-4.078536510467529,-3.9785680770874023,-3.8311820030212402,-3.698793888092041,-3.626582145690918,-3.6820144653320312,-3.8949055671691895,-4.169011116027832,-4.241896629333496,-3.752307653427124,-2.6340889930725098,-1.373993158340454,-0.5062569975852966,0.1428470015525818,0.7785225510597229,1.2064111232757568,0.9504972696304321,0.5374832153320312,1.150538444519043,-5.654905319213867,-15.000177383422852,-4.500843524932861,-3.732055902481079,-0.9350418448448181,-2.0811538696289062,-1.9300681352615356,-1.9830477237701416,-2.3855323791503906,-1.8719719648361206,-1.024760127067566,-1.3860032558441162,-2.3561031818389893,-0.5284777879714966,0.30699846148490906,-0.1460086703300476,-0.6767705082893372,-1.174660325050354,-2.361963987350464
-4.610776901245117,-4.5904388427734375,-4.633873462677002,-4.733898162841797,-4.8090009689331055,-4.787662982940674,-4.672719478607178,-4.523387908935547,-4.386489391326904,-4.32824182510376,-4.407341003417969,-4.582031726837158,-4.761891841888428,-4.870152950286865,-4.644329071044922,-3.7690649032592773,-2.337362051010132,-0.8796917796134949,0.14417457580566406,0.9673610329627991,1.2231168746948242,0.5222322344779968,0.23397506773471832,-0.019673166796565056,-10.88569450378418,-7.449553966522217,-3.556821823120117,0.08827976882457733,2.9612410068511963,2.550105333328247,1.489694356918335,1.5938259363174438,1.4574381113052368,1.250133752822876,0.6298396587371826,0.32114896178245544,-0.3083497881889343,0.0056888647377491,-0.0887419730424881,-0.5090558528900146,-0.9941681623458862,-1.0471099615097046,-1.1083662509918213
-5.568566799163818,-5.607692718505859,-5.620537757873535,-5.610324382781982,-5.5517258644104,-5.455868721008301,-5.337302207946777,-5.1849284172058105,-5.00213623046875,-4.852460861206055,-4.820315361022949,-4.889729022979736,-4.943607330322266,-4.8787665367126465,-4.683231353759766,-4.263763427734375,-3.3509771823883057,-1.9198856353759766,-0.5255669951438904,0.2749011516571045,0.3774316906929016,-0.5590277910232544,-0.5584630966186523,-1.0789366960525513,-10.12390422821045,-5.479828834533691,-4.889159202575684,0.22875887155532837,6.175891399383545,6.8341898918151855,5.796162128448486,4.981411933898926,4.293094635009766,3.793588161468506,2.883190155029297,1.480148196220398,-0.010432600975036621,-0.3648907542228699,-1.0507429838180542,-1.3904433250427246,-1.4978538751602173,-1.950061559677124,-0.8536462783813477
-6.259642601013184,-6.354669094085693,-6.3688154220581055,-6.281820774078369,-6.101998329162598,-5.908920764923096,-5.726679801940918,-5.5210957527160645,-5.245198726654053,-4.927342891693115,-4.685842037200928,-4.624483585357666,-4.641020774841309,-4.450236797332764,-4.0585479736328125,-3.77164363861084,-3.5222702026367188,-2.795154571533203,-1.4449084997177124,-0.35991811752319336,-0.45043566823005676,-1.5893319845199585,-1.622255563735962,-3.1416540145874023,-10.45845890045166,-5.753010272979736,-0.5854620337486267,5.814303874969482,7.911722183227539,7.761839866638184,6.928188800811768,6.132181167602539,5.795809745788574,4.9719014167785645,3.5575449466705322,2.1230483055114746,0.64849853515625,-0.13680632412433624,-1.0512350797653198,-1.308383822441101,-1.4278231859207153,-1.697713851928711,-0.34447556734085083
-6.3417840003967285,-6.447394847869873,-6.496605396270752,-6.420144557952881,-6.218411445617676,-5.97183895111084,-5.723248481750488,-5.45930814743042,-5.107863903045654,-4.637193202972412,-4.151195526123047,-3.875580310821533,-3.8471806049346924,-3.731703281402588,-3.2915914058685303,-2.8563599586486816,-2.798133373260498,-2.828023910522461,-2.1963717937469482,-0.8081299066543579,-0.4800240397453308,-1.5917599201202393,-2.1205923557281494,-4.612485885620117,-9.552091598510742,-0.5151007175445557,-2.398087501525879,4.7596049308776855,8.171066284179688,7.769198417663574,7.2591633796691895,6.933421611785889,6.503631591796875,5.117011547088623,3.3254270553588867,2.5180094242095947,2.27191424369812,1.8336775302886963,0.8781871795654297,0.03404849022626877,-0.27725496888160706,0.03619275614619255,0.9238007068634033
