data/wind_data/wind_62_3.json
{"header": {"parameterUnit": "KT", "parameterCategory": 2, "nx": 256, "ny": 198, "lo1": 44.73521041870117, "la1": -3.236724853515625, "lo2": 111.26478576660156, "la2": 43.468475341796875, "dx": 0.2609002888202667, "dy": -0.23708222806453705, "refTime": "2025-02-21 14:00:00", "forecastTime": 0, "parameterNumber": 2, "parameterNumberName": "eastward_wind"}, "data":
[rows 152 to 170 of 198, columns 88 to 131 of 256]
29.544227600097656,28.041654586791992,26.609224319458008,26.740053176879883,20.306346893310547,12.984947204589844,12.360125541687012,12.162449836730957,11.107020378112793,5.494379997253418,0.3702288568019867,-3.1557834148406982,-3.687859296798706,-2.511584997177124,-5.563325881958008,-6.872490406036377,-7.836404323577881,-8.594051361083984,-5.815152645111084,-4.005645751953125,-5.211063861846924,-4.636134147644043,-3.19110369682312,-2.955669403076172,-4.742147922515869,-5.657074451446533,-5.948189735412598,-5.404313564300537,5.211571216583252,14.882927894592285,19.46263885498047,20.174612045288086,19.427608489990234,17.68624496459961,19.05797004699707,19.740198135375977,20.84082794189453,21.04714012145996,22.189054489135742,23.65837287902832,29.18470001220703,37.33926010131836,42.59292984008789,43.34405517578125
31.21055793762207,32.182342529296875,30.145444869995117,29.67991828918457,25.217403411865234,15.923558235168457,9.217034339904785,6.2326788902282715,2.8906099796295166,-3.6312856674194336,-4.6015777587890625,-3.3812637329101562,-5.115913391113281,-3.7150938510894775,-3.452763557434082,-6.363742828369141,-9.216606140136719,-6.570184230804443,-3.9270763397216797,-5.90084171295166,-5.799631595611572,-5.6524977684021,-5.2663750648498535,-5.72020149230957,-7.887890815734863,-5.642788410186768,-3.5375454425811768,2.048501968383789,11.511981964111328,17.04960823059082,18.40394401550293,19.659679412841797,16.445791244506836,15.40646743774414,18.23744010925293,24.18388557434082,25.529949188232422,22.563350677490234,21.91713523864746,30.656036376953125,39.36563491821289,43.63615417480469,45.62849807739258,45.5938720703125
29.611696243286133,29.017803192138672,28.616849899291992,29.551755905151367,21.412212371826172,10.723986625671387,2.6321663856506348,0.7066637873649597,6.34071683883667,6.713452339172363,0.5761055946350098,0.7418981790542603,-1.0121371746063232,-4.532500267028809,-3.737105369567871,-5.078631401062012,-5.111335277557373,-3.0664687156677246,-3.671790361404419,-8.075136184692383,-8.390567779541016,-3.7297754287719727,0.14774993062019348,0.7047967910766602,-2.506598711013794,1.0010347366333008,6.1226983070373535,12.041617393493652,15.860495567321777,17.18608856201172,18.796072006225586,18.757925033569336,16.48771095275879,18.814844131469727,23.135515213012695,29.526670455932617,25.347612380981445,21.239229202270508,28.46504020690918,39.718536376953125,43.538970947265625,44.725059509277344,46.32160949707031,46.03227233886719
27.18948745727539,25.56275749206543,25.633686065673828,28.343563079833984,25.326860427856445,12.702497482299805,4.248510837554932,6.59949254989624,9.601959228515625,11.26063060760498,5.777660369873047,2.527285099029541,1.4939920902252197,-3.1456265449523926,-4.371522903442383,-4.680832386016846,-4.805092811584473,-3.7037625312805176,-3.066636800765991,-4.793762683868408,-5.590346336364746,-0.5238805413246155,8.743346214294434,12.826591491699219,12.245147705078125,12.98063850402832,14.861730575561523,15.884528160095215,15.734070777893066,17.595165252685547,19.13620376586914,17.04776954650879,16.79763412475586,18.258804321289062,22.533634185791016,27.983028411865234,29.433856964111328,31.14412498474121,38.849029541015625,43.8466911315918,44.78908920288086,45.940555572509766,46.301025390625,43.808563232421875
23.65281867980957,22.709688186645508,24.192506790161133,25.32602882385254,26.31877899169922,21.107980728149414,12.106945991516113,9.020672798156738,9.817551612854004,10.882312774658203,9.296319961547852,7.742853164672852,7.2726731300354,5.505298614501953,1.23219633102417,-3.140869140625,-2.6638875007629395,-0.21463844180107117,2.756018877029419,4.552163124084473,1.2130051851272583,0.34170112013816833,6.779521465301514,12.143312454223633,9.639034271240234,14.290704727172852,17.623947143554688,16.151016235351562,14.974806785583496,18.067869186401367,15.385910987854004,16.584720611572266,17.525636672973633,16.338836669921875,18.458593368530273,27.760055541992188,35.58370590209961,41.35932159423828,44.802345275878906,44.34219741821289,43.79902267456055,43.7200927734375,42.061988830566406,38.16957092285156
23.158811569213867,21.151229858398438,21.48878288269043,15.047656059265137,3.897144079208374,7.052359580993652,8.14696216583252,7.904760360717773,8.729874610900879,10.471091270446777,13.194354057312012,15.238323211669922,15.226037979125977,13.970544815063477,7.48688268661499,-0.571407675743103,0.34543246030807495,5.104191303253174,8.351869583129883,11.018108367919922,9.59957504272461,4.2243146896362305,3.1126708984375,6.395331382751465,4.350890636444092,5.201038837432861,8.535000801086426,12.38200569152832,15.994471549987793,16.935279846191406,16.59088134765625,15.203024864196777,19.058656692504883,23.204452514648438,28.89740753173828,37.33699417114258,43.065162658691406,45.90859603881836,45.15202331542969,42.026309967041016,40.10054016113281,38.825233459472656,36.99702072143555,34.68128967285156
11.262886047363281,13.159411430358887,6.619669437408447,-0.6295721530914307,4.0804972648620605,7.240231037139893,9.006454467773438,9.484956741333008,8.247934341430664,11.046820640563965,15.549674987792969,17.894821166992188,16.54485321044922,14.780981063842773,13.678364753723145,7.4380202293396,6.413963794708252,10.364665985107422,10.736428260803223,11.19015884399414,12.70988941192627,10.538804054260254,4.620194435119629,3.8591396808624268,5.444162845611572,8.127830505371094,7.718855857849121,6.8674163818359375,11.204944610595703,15.932891845703125,16.7329044342041,18.15974998474121,25.937393188476562,33.22623825073242,38.90252685546875,42.73238754272461,44.6239013671875,44.69904327392578,41.51568603515625,36.78425216674805,34.589847564697266,33.91739273071289,33.20877456665039,30.84764289855957
4.47014856338501,4.30158805847168,1.0394463539123535,5.350937843322754,11.499958992004395,11.36696720123291,10.80498218536377,8.884615898132324,8.357471466064453,13.691349029541016,16.911916732788086,14.572089195251465,14.041385650634766,10.882620811462402,13.40943431854248,10.723106384277344,9.539042472839355,11.389411926269531,11.590826988220215,11.44210433959961,12.953049659729004,14.119157791137695,13.412864685058594,11.625860214233398,11.07370376586914,10.662612915039062,9.108880996704102,7.8820576667785645,14.692785263061523,19.240619659423828,20.721832275390625,25.466798782348633,32.22053146362305,37.480140686035156,39.80320739746094,40.372222900390625,40.52201843261719,40.78070068359375,36.97545623779297,31.409276962280273,29.328393936157227,27.992408752441406,27.53670310974121,25.77904510498047
2.2999134063720703,4.496644020080566,5.573876857757568,10.360414505004883,14.439590454101562,15.393850326538086,12.583051681518555,9.681562423706055,9.71264362335205,12.44486141204834,13.944905281066895,10.606575965881348,9.782215118408203,10.740340232849121,11.556674003601074,12.34710693359375,11.837928771972656,11.918861389160156,11.903365135192871,12.304000854492188,13.00893497467041,14.35668659210205,14.972628593444824,16.22787094116211,13.28082275390625,11.048930168151855,11.490412712097168,16.5700740814209,24.54220962524414,27.94182014465332,30.02735137939453,34.08296203613281,38.080780029296875,39.25735855102539,37.15079116821289,35.67757797241211,36.178382873535156,37.04744338989258,32.71260070800781,27.80274200439453,24.981042861938477,23.580154418945312,23.492643356323242,22.543874740600586
5.764154434204102,8.22870922088623,6.547049045562744,8.610873222351074,12.7033109664917,16.501283645629883,15.454336166381836,11.764023780822754,9.342799186706543,10.070664405822754,10.700443267822266,8.96890640258789,8.425114631652832,9.843195915222168,10.824851989746094,11.82870101928711,12.382125854492188,11.68723201751709,12.65880012512207,13.97520637512207,14.463610649108887,15.7483491897583,15.125638008117676,14.27279281616211,12.748994827270508,12.212361335754395,15.613722801208496,20.67393684387207,24.844579696655273,28.727582931518555,32.50554656982422,37.054080963134766,38.811279296875,35.32372283935547,31.61629295349121,31.48080825805664,32.464256286621094,32.473876953125,29.946813583374023,26.004606246948242,22.986703872680664,23.64937400817871,22.429025650024414,24.01052474975586
6.482170104980469,9.577651977539062,8.180145263671875,8.06506633758545,9.789188385009766,13.712324142456055,15.777311325073242,13.72389030456543,10.727583885192871,10.116519927978516,9.999774932861328,9.38117790222168,9.707831382751465,11.207659721374512,12.377028465270996,13.067607879638672,12.848426818847656,11.788376808166504,13.234642028808594,14.717653274536133,15.205659866333008,15.766642570495605,16.74791717529297,16.77951431274414,17.73763656616211,20.57145118713379,24.521347045898438,22.27596092224121,22.242856979370117,28.13390350341797,35.05010986328125,38.88135528564453,34.325439453125,29.321800231933594,28.74448013305664,29.3680419921875,27.998044967651367,28.005630493164062,30.37784767150879,28.80357551574707,27.530866622924805,28.670669555664062,24.68853759765625,29.869264602661133
11.736428260803223,13.454636573791504,12.26252555847168,9.845596313476562,8.696029663085938,10.831246376037598,13.113675117492676,13.004203796386719,11.881010055541992,11.1278715133667,10.42164421081543,11.035435676574707,11.948482513427734,12.724464416503906,13.705586433410645,14.755168914794922,14.151349067687988,12.441671371459961,13.414457321166992,15.208760261535645,15.790257453918457,16.401098251342773,17.845775604248047,19.62455940246582,22.686290740966797,25.345949172973633,27.928865432739258,23.75063705444336,25.52587890625,32.1182861328125,38.83409881591797,36.310184478759766,27.0020694732666,25.719045639038086,26.887128829956055,25.061769485473633,24.29729461669922,28.33652687072754,32.40620422363281,34.06455993652344,33.1732063293457,29.830490112304688,26.91315269470215,20.20015525817871
16.749101638793945,14.978293418884277,12.256752014160156,9.405619621276855,7.5066986083984375,8.428950309753418,10.453178405761719,11.179166793823242,10.418919563293457,9.650079727172852,9.374641418457031,11.27253532409668,12.931862831115723,13.584453582763672,14.27084732055664,14.946186065673828,14.51344108581543,13.835461616516113,15.290807723999023,16.494226455688477,17.216066360473633,18.204633712768555,18.990985870361328,20.6516056060791,23.30108070373535,26.08686065673828,25.36537742614746,25.13711166381836,29.298673629760742,34.18144989013672,38.717689514160156,30.656461715698242,21.680585861206055,21.483108520507812,24.0299072265625,24.237443923950195,24.988113403320312,27.948652267456055,30.960201263427734,32.538856506347656,30.16077423095703,26.21501350402832,24.289718627929688,22.974925994873047
14.372919082641602,11.866741180419922,9.045220375061035,7.01876974105835,6.3322553634643555,7.404282093048096,9.149085998535156,10.195910453796387,9.66525650024414,9.428020477294922,9.576205253601074,11.091954231262207,12.817597389221191,13.878118515014648,14.787020683288574,14.986995697021484,14.369706153869629,15.05335521697998,16.665996551513672,18.189407348632812,19.207233428955078,19.143253326416016,19.60123062133789,21.85947036743164,24.50046730041504,25.710432052612305,25.016273498535156,25.501644134521484,30.02704620361328,33.243438720703125,34.667869567871094,25.946739196777344,21.74410057067871,19.65074920654297,21.61800193786621,25.30541229248047,26.07135772705078,25.320362091064453,25.43035888671875,24.55678939819336,21.678903579711914,18.632732391357422,17.089200973510742,16.039527893066406
10.13823413848877,8.499723434448242,6.2643914222717285,5.154818058013916,5.781981945037842,7.29778528213501,8.950263977050781,10.098124504089355,9.878908157348633,10.717576026916504,11.516829490661621,12.829322814941406,14.236783027648926,14.939919471740723,14.560863494873047,14.492521286010742,16.12839698791504,17.407527923583984,17.860240936279297,18.806787490844727,18.977783203125,18.768688201904297,20.467817306518555,22.924596786499023,24.310300827026367,24.022777557373047,23.045663833618164,25.30864143371582,30.764081954956055,30.197757720947266,28.323915481567383,24.910003662109375,21.52749252319336,19.316184997558594,26.282901763916016,28.165775299072266,23.36241912841797,19.32332420349121,16.066377639770508,13.330703735351562,11.83935832977295,10.650185585021973,9.90591812133789,10.53265380859375
6.520180702209473,6.531806945800781,5.844992637634277,5.063195705413818,5.760897636413574,7.220096111297607,8.738835334777832,9.474945068359375,9.217662811279297,10.467011451721191,12.394474029541016,14.045403480529785,15.193249702453613,15.462287902832031,14.215564727783203,15.209656715393066,17.416950225830078,17.585477828979492,17.656200408935547,18.583343505859375,18.19010353088379,19.25882339477539,21.858091354370117,23.59393310546875,23.286054611206055,21.88942527770996,21.339282989501953,25.146547317504883,31.37616539001465,26.959041595458984,24.22408103942871,26.264589309692383,23.261682510375977,23.238813400268555,26.93202781677246,22.271318435668945,13.33242130279541,9.459405899047852,9.299581527709961,9.713156700134277,8.59160041809082,7.863804340362549,8.685914039611816,9.822233200073242
5.778371810913086,5.842700004577637,5.968250751495361,5.953091621398926,6.066999435424805,6.751241683959961,7.406775951385498,7.793915748596191,7.670583248138428,9.733621597290039,12.353428840637207,14.10385513305664,15.340723991394043,15.320834159851074,14.130558967590332,15.774858474731445,17.415054321289062,16.938552856445312,16.93703269958496,17.61012077331543,17.666227340698242,20.166641235351562,22.914899826049805,23.449438095092773,21.782485961914062,19.655174255371094,20.748779296875,25.827293395996094,28.912494659423828,23.964962005615234,24.581310272216797,24.355504989624023,23.53072166442871,26.641128540039062,22.914485931396484,14.771708488464355,7.4667277336120605,5.6518635749816895,6.548259735107422,7.057611465454102,6.138997554779053,6.204259872436523,7.521376132965088,8.327354431152344
5.990518093109131,6.438353538513184,6.577144622802734,6.716257572174072,5.821046352386475,5.694064140319824,6.610596656799316,6.5010504722595215,6.5218305587768555,9.21791934967041,12.040458679199219,14.18369197845459,14.743515014648438,13.438666343688965,13.589912414550781,15.631749153137207,16.87788963317871,16.331151962280273,16.246047973632812,16.142087936401367,17.068666458129883,19.32061767578125,22.290630340576172,22.7220458984375,19.963470458984375,18.12115478515625,20.62976837158203,25.120302200317383,25.721376419067383,25.805999755859375,24.35017967224121,19.1738224029541,23.821664810180664,27.20751190185547,22.068511962890625,11.459012985229492,4.291609764099121,3.932408332824707,5.25829553604126,5.60929536819458,5.350006580352783,5.888243198394775,6.869343280792236,6.637754440307617
4.424454689025879,4.532054424285889,5.107052326202393,6.4584503173828125,6.385031223297119,6.125010967254639,6.412586688995361,6.3321452140808105,7.064162254333496,9.335196495056152,11.91821575164795,14.041996002197266,13.789857864379883,12.41451358795166,13.891925811767578,15.836424827575684,16.182289123535156,16.248186111450195,16.535736083984375,16.513790130615234,16.868515014648438,19.120582580566406,21.686969757080078,21.810108184814453,17.25701141357422,17.083911895751953,20.193557739257812,22.89002227783203,24.970239639282227,25.848247528076172,16.747352600097656,9.883940696716309,17.074827194213867,21.440181732177734,17.699522018432617,8.733172416687012,4.063358306884766,4.017858505249023,5.076169490814209,4.95760440826416,4.62542724609375,4.867457866668701,4.22714900970459,2.3950071334838867
