data/wind_data/wind_13_5.json
{"header": {"parameterUnit": "KT", "parameterCategory": 2, "nx": 256, "ny": 198, "lo1": 44.73521041870117, "la1": -3.236724853515625, "lo2": 111.26478576660156, "la2": 43.468475341796875, "dx": 0.2609002888202667, "dy": -0.23708222806453705, "refTime": "2025-02-19 13:00:00", "forecastTime": 0, "parameterNumber": 2, "parameterNumberName": "eastward_wind"}, "data":
[rows 0 to 18 of 198, columns 132 to 175 of 256]
-6.1858673095703125,-5.544910430908203,-4.887483596801758,-4.291737079620361,-4.080437660217285,-4.1534318923950195,-4.547374725341797,-5.0261712074279785,-5.357534885406494,-5.569042205810547,-5.616556644439697,-5.561012268066406,-5.391977310180664,-5.288591384887695,-5.3214030265808105,-5.2622880935668945,-5.0820512771606445,-4.860175609588623,-4.602665901184082,-4.45634651184082,-4.3856353759765625,-4.1751885414123535,-3.847930431365967,-3.316498041152954,-2.7736237049102783,-2.7299129962921143,-2.9003472328186035,-3.0997886657714844,-3.116438627243042,-2.5144917964935303,-1.937808632850647,-1.8696144819259644,-1.612267255783081,-0.8165261745452881,-0.25469687581062317,-0.16363617777824402,0.1556687355041504,0.7870621085166931,1.5320370197296143,2.377474546432495,3.0256094932556152,3.513885974884033,4.030848503112793,4.534229755401611
-6.039749622344971,-5.351477146148682,-4.626275539398193,-3.860403299331665,-3.4592952728271484,-3.4592244625091553,-3.762197494506836,-4.107656002044678,-4.510672092437744,-4.953754901885986,-5.237570285797119,-5.275428771972656,-5.034235000610352,-4.910755157470703,-4.978031635284424,-4.74392032623291,-4.254331111907959,-3.9150266647338867,-3.6975932121276855,-3.5096428394317627,-3.3462939262390137,-3.2014875411987305,-2.942497730255127,-2.413456439971924,-1.9935413599014282,-2.1672396659851074,-2.6039717197418213,-2.940258264541626,-2.806882858276367,-2.032132148742676,-1.4841268062591553,-1.3252205848693848,-0.7639285922050476,0.148068368434906,0.5063750147819519,0.4222729504108429,0.7299391031265259,1.335523247718811,1.9043985605239868,2.478912115097046,3.0934994220733643,3.6537821292877197,4.114109516143799,4.593897819519043
-5.827166557312012,-5.0440897941589355,-4.302730083465576,-3.5247225761413574,-2.9449572563171387,-2.6737444400787354,-2.829803705215454,-3.114478588104248,-3.451873302459717,-3.819399118423462,-4.0328369140625,-4.050825119018555,-3.855620861053467,-3.856238842010498,-4.152368068695068,-4.060211658477783,-3.5189428329467773,-3.1300923824310303,-2.9648139476776123,-2.868340015411377,-2.724886655807495,-2.3484957218170166,-1.798863172531128,-1.4675542116165161,-1.5242481231689453,-1.7103419303894043,-1.8746674060821533,-2.0011098384857178,-1.741811990737915,-1.1435695886611938,-0.7176016569137573,-0.33963915705680847,0.3354250192642212,1.1006089448928833,1.2653077840805054,1.0950137376785278,1.3852132558822632,1.8260215520858765,2.117455005645752,2.5118539333343506,3.259114980697632,4.0754194259643555,4.518613338470459,4.878993988037109
-5.497735500335693,-4.661744117736816,-3.958617687225342,-3.268479108810425,-2.6423304080963135,-2.1579530239105225,-2.1160476207733154,-2.2913894653320312,-2.495495080947876,-2.726306915283203,-2.8641467094421387,-2.8927016258239746,-2.8043570518493652,-2.923173427581787,-3.333505153656006,-3.3071794509887695,-2.774453639984131,-2.434875011444092,-2.330678939819336,-2.269890785217285,-2.107182025909424,-1.5199000835418701,-0.8183509111404419,-0.7070600986480713,-1.051592469215393,-1.0957101583480835,-0.8872484564781189,-0.7696702480316162,-0.41075071692466736,0.05175592750310898,0.3967854678630829,0.902098536491394,1.6096924543380737,2.1570303440093994,2.250415325164795,2.1153981685638428,2.23185396194458,2.348989248275757,2.3888657093048096,2.670166254043579,3.4150705337524414,4.3525390625,4.855387210845947,5.154549598693848
-4.2753376960754395,-3.7283260822296143,-3.403426170349121,-3.1806225776672363,-2.921560049057007,-2.540886163711548,-2.2493059635162354,-2.1578428745269775,-2.3538355827331543,-2.6407594680786133,-2.6887478828430176,-2.6394541263580322,-2.696599245071411,-2.7997024059295654,-2.808199405670166,-2.656590461730957,-2.3901774883270264,-2.0840253829956055,-1.7642861604690552,-1.5689783096313477,-1.4762908220291138,-1.0967473983764648,-0.5702263712882996,-0.14534854888916016,-0.18090519309043884,-0.17041213810443878,0.23327337205410004,0.2020459622144699,0.8820862174034119,1.287170648574829,1.710403561592102,2.4037368297576904,2.844034194946289,2.9043848514556885,2.637031078338623,2.5267457962036133,2.7092764377593994,2.7603437900543213,2.857149600982666,3.239677906036377,3.8028600215911865,4.5283203125,4.8150224685668945,5.301895618438721
-3.8789467811584473,-3.324836254119873,-3.0662176609039307,-2.9474055767059326,-2.6173453330993652,-2.047592878341675,-1.564077615737915,-1.3017245531082153,-1.8358739614486694,-2.544865846633911,-2.634944200515747,-2.400515556335449,-2.361820697784424,-2.3608014583587646,-2.197984218597412,-1.8830928802490234,-1.6037989854812622,-1.2093547582626343,-0.9188105463981628,-0.7374356389045715,-0.6361513137817383,-0.4128604829311371,-0.018364278599619865,0.6457670331001282,1.017993688583374,1.3462663888931274,1.5358632802963257,1.7226072549819946,1.8926146030426025,2.069436550140381,2.435981273651123,3.2897300720214844,3.7728376388549805,3.5601515769958496,3.0028750896453857,2.7662534713745117,2.9098269939422607,3.041609764099121,3.2796857357025146,3.7236459255218506,4.188610553741455,4.739118576049805,5.072364807128906,5.6082916259765625
-4.175989627838135,-3.8918020725250244,-3.644045352935791,-3.1015851497650146,-2.3763022422790527,-1.766767144203186,-1.2053859233856201,-0.875037431716919,-1.1259504556655884,-1.731948733329773,-1.9420416355133057,-1.7649199962615967,-1.7480907440185547,-1.7115122079849243,-1.6234469413757324,-1.3557946681976318,-1.1003460884094238,-0.8169686198234558,-0.5662597417831421,-0.35788947343826294,0.03652167692780495,0.3516712486743927,0.7560860514640808,1.3443183898925781,1.981096625328064,2.5694544315338135,2.6877033710479736,2.6517159938812256,2.7830729484558105,2.915639877319336,2.9684412479400635,3.344507932662964,3.8120899200439453,3.9172024726867676,3.6952850818634033,3.412447929382324,3.308779716491699,3.4067296981811523,3.7002315521240234,4.176680088043213,4.558605194091797,4.854348659515381,5.273055076599121,5.7998528480529785
-4.852519512176514,-4.667369842529297,-4.264552116394043,-3.5904459953308105,-2.927910327911377,-2.4401230812072754,-1.811903476715088,-1.3305021524429321,-1.03006112575531,-0.9072102904319763,-0.8125730752944946,-0.709662139415741,-0.7687974572181702,-0.8591775894165039,-0.8520539402961731,-0.8099966049194336,-0.8245959281921387,-0.8640304207801819,-0.6100486516952515,-0.2854401469230652,0.23290695250034332,0.778899610042572,1.3524291515350342,1.9134671688079834,2.5886242389678955,3.133601188659668,3.274494171142578,3.319301128387451,3.434412717819214,3.2964344024658203,3.099292516708374,3.100524425506592,3.4202001094818115,3.869164228439331,4.150821208953857,4.022563457489014,3.799225091934204,3.9100728034973145,4.264771461486816,4.763758659362793,4.99934196472168,5.149714946746826,5.613694190979004,6.256279945373535
-5.138585567474365,-4.841598987579346,-4.432372093200684,-3.8889379501342773,-3.2604851722717285,-2.732632637023926,-2.1229474544525146,-1.4852079153060913,-0.9088024497032166,-0.4700615406036377,-0.07594022154808044,0.19446776807308197,0.31387919187545776,0.1295551061630249,0.09512098133563995,0.03375115245580673,-0.29444044828414917,-0.45280930399894714,-0.30902406573295593,-0.01480482891201973,0.5746555924415588,1.354447603225708,1.907942771911621,2.34525203704834,2.987934112548828,3.37113094329834,3.4492030143737793,3.457991361618042,3.459484338760376,3.396232843399048,3.2651188373565674,3.3587329387664795,3.6013615131378174,4.02813196182251,4.491525173187256,4.409719467163086,4.157392501831055,4.324429512023926,4.790633678436279,5.24830436706543,5.4568190574646,5.525491237640381,5.9330949783325195,6.689581871032715
-4.729571342468262,-4.513784408569336,-4.335261344909668,-3.8564932346343994,-3.0487658977508545,-2.359827995300293,-1.6109601259231567,-0.9578438401222229,-0.48092132806777954,-0.07433386147022247,0.3183932602405548,0.7250573635101318,0.931921124458313,0.8573703765869141,0.8171670436859131,0.8821441531181335,0.5789579153060913,0.29968246817588806,0.38304221630096436,0.8051947355270386,1.4557387828826904,2.2876052856445312,2.693913698196411,2.9208576679229736,3.3725838661193848,3.5973098278045654,3.321589708328247,3.0581679344177246,3.2390220165252686,3.700025796890259,3.9736101627349854,4.243912220001221,4.594013214111328,5.001364231109619,5.333878993988037,4.963467121124268,4.655171871185303,4.68806791305542,5.263988971710205,5.711160659790039,5.863283157348633,5.949212551116943,6.232193470001221,6.7712249755859375
-4.204013824462891,-4.113576412200928,-3.9574687480926514,-3.4111781120300293,-2.3042733669281006,-1.9647271633148193,-1.228200912475586,-0.46432042121887207,0.03350001201033592,0.42189735174179077,0.7515226006507874,0.9096011519432068,0.9402883052825928,0.9719455242156982,1.2092323303222656,1.5577632188796997,1.4232035875320435,1.1109459400177002,1.1459990739822388,1.6912232637405396,2.3663523197174072,3.0612354278564453,3.5029242038726807,3.659257173538208,4.02614164352417,4.151909828186035,3.3581039905548096,2.845883369445801,3.4078915119171143,4.347533226013184,4.959470272064209,5.284094333648682,5.736115455627441,6.1501359939575195,6.286487579345703,5.884613037109375,5.301947593688965,5.259336948394775,5.872604846954346,6.3760247230529785,6.508787155151367,6.645492076873779,6.566277980804443,6.6661763191223145
-3.7046122550964355,-3.697589874267578,-3.2297723293304443,-2.665534496307373,-1.3649927377700806,-3.332700490951538,-1.523511528968811,-0.4545477330684662,0.2854592204093933,0.8567776679992676,1.1698609590530396,1.1714202165603638,0.9889453649520874,0.7724594473838806,1.053859829902649,1.582236409187317,1.7327877283096313,1.6669056415557861,1.7751859426498413,2.2997543811798096,2.951472282409668,3.528373956680298,3.975064992904663,4.256810665130615,4.5651021003723145,4.718047142028809,4.274381637573242,3.8133082389831543,4.265125751495361,5.190974235534668,5.884146213531494,6.2385125160217285,6.634051322937012,6.905330181121826,6.989108562469482,6.778514862060547,6.416291236877441,6.317829132080078,6.588397979736328,7.066657066345215,7.202137470245361,7.039179801940918,6.795490741729736,6.886041164398193
-3.554255485534668,-3.2347805500030518,-2.52579927444458,-1.9911680221557617,-1.5173860788345337,-1.645379900932312,-1.3060827255249023,-0.7236775755882263,0.15135081112384796,0.8594346046447754,1.2882349491119385,1.5442618131637573,1.4255740642547607,1.179168701171875,0.9631948471069336,1.256964921951294,1.6320278644561768,1.8081529140472412,2.0252814292907715,2.4797818660736084,3.0482993125915527,3.62508225440979,4.047770977020264,4.5023884773254395,4.944758892059326,5.193000793457031,5.177857398986816,5.065694332122803,5.399255275726318,5.983765125274658,6.607038974761963,6.970532417297363,7.203439235687256,7.3816070556640625,7.475274085998535,7.611301898956299,7.532452583312988,7.382813930511475,7.328664302825928,7.597435474395752,7.620044708251953,7.233928203582764,7.152171611785889,7.41693639755249
-2.8521761894226074,-2.8729562759399414,-2.4179611206054688,-2.1089422702789307,-1.6188706159591675,-1.503685712814331,-1.3006172180175781,-0.9444162845611572,-0.12763595581054688,0.7347437739372253,1.1947189569473267,1.4731793403625488,1.6412135362625122,1.8269292116165161,1.5697414875030518,1.4266589879989624,1.6011427640914917,1.7841858863830566,1.858108639717102,2.1971311569213867,2.6588709354400635,3.3647775650024414,4.041263103485107,4.7130818367004395,5.277150630950928,5.564398288726807,5.624415874481201,5.764420986175537,6.137655258178711,6.6133928298950195,7.166723251342773,7.505917072296143,7.734194278717041,7.895715713500977,8.032731056213379,8.18471622467041,8.041934967041016,7.953063488006592,7.868262767791748,8.030381202697754,8.234946250915527,7.897436141967773,7.880314350128174,7.849484920501709
-2.280404806137085,-2.230010509490967,-2.156968593597412,-2.048872947692871,-1.775373935699463,-1.5743274688720703,-1.1353527307510376,-0.8186800479888916,-0.2757626473903656,0.5368886590003967,1.0091208219528198,1.205865740776062,1.679640769958496,2.0745034217834473,2.076448917388916,1.8680576086044312,1.7514013051986694,1.8101006746292114,1.7620047330856323,1.7757595777511597,2.2560200691223145,3.162646532058716,4.094592094421387,4.981289386749268,5.686577320098877,6.038339614868164,6.146818161010742,6.257706642150879,6.56267786026001,7.331519603729248,7.9735212326049805,8.251007080078125,8.28763198852539,8.34162712097168,8.404048919677734,8.377114295959473,7.9322686195373535,8.502147674560547,8.411211013793945,8.651183128356934,8.876197814941406,8.644082069396973,8.467924118041992,7.806922912597656
-1.8113980293273926,-1.8754701614379883,-2.0074689388275146,-2.1382839679718018,-2.0124895572662354,-2.1946918964385986,-1.2875914573669434,-0.4369284510612488,0.013150719925761223,0.3102031946182251,0.8873794674873352,1.1292017698287964,1.5747284889221191,2.024747610092163,1.940880298614502,1.9657008647918701,1.9595434665679932,2.1229395866394043,2.059774398803711,1.8876430988311768,2.312833547592163,3.384860038757324,4.559107303619385,5.617713451385498,6.2946062088012695,6.484862327575684,6.492893695831299,6.670711517333984,7.16209077835083,8.06618881225586,8.925915718078613,9.104655265808105,8.581863403320312,8.828876495361328,8.737855911254883,8.64017391204834,8.676360130310059,8.89311408996582,8.791595458984375,9.037259101867676,9.180082321166992,8.91337776184082,8.674335479736328,7.920883655548096
-1.733891487121582,-1.7787221670150757,-2.082974910736084,-2.4301249980926514,-2.560603380203247,-2.8768184185028076,-1.6313600540161133,-0.3744094669818878,0.27341821789741516,0.4390885531902313,0.8174086213111877,1.010392189025879,1.1551764011383057,0.9596768617630005,1.2531241178512573,2.2322726249694824,2.428469657897949,2.5504207611083984,2.421905994415283,2.289773464202881,2.7750792503356934,3.9475083351135254,5.277599811553955,6.385432243347168,6.8722124099731445,6.7860541343688965,6.643064498901367,6.906343936920166,7.6073737144470215,8.547358512878418,9.376641273498535,9.224440574645996,8.904387474060059,9.121788024902344,9.368278503417969,9.146369934082031,9.337457656860352,9.498529434204102,9.276456832885742,8.31926441192627,9.34115982055664,8.734162330627441,8.596980094909668,8.291464805603027
-2.0403425693511963,-2.1943304538726807,-2.558382034301758,-3.0366599559783936,-3.185295820236206,-3.211190700531006,-1.7199991941452026,-0.5796931385993958,0.060048896819353104,0.4264863431453705,0.887420654296875,0.7168555855751038,1.0810269117355347,1.5483384132385254,2.2021586894989014,2.323643207550049,2.872371196746826,2.9642724990844727,2.8625683784484863,2.9640142917633057,3.540239095687866,4.698765277862549,5.874616622924805,6.812295913696289,7.095995903015137,6.926605224609375,6.852938652038574,7.242754936218262,7.958804607391357,8.772642135620117,9.599569320678711,9.804776191711426,9.073884010314941,9.7448148727417,9.70846939086914,9.315669059753418,9.431899070739746,9.803559303283691,9.664027214050293,9.031695365905762,8.020758628845215,8.496140480041504,8.757925987243652,8.196953773498535
-2.6009459495544434,-2.579115390777588,-2.70676326751709,-3.023653745651245,-3.145543098449707,-2.8647024631500244,-1.7389951944351196,-0.7748937606811523,0.12452297657728195,0.6314629912376404,0.8047300577163696,0.9533606171607971,1.1694719791412354,1.7166545391082764,2.4004647731781006,2.590709686279297,3.0509657859802246,3.283862590789795,3.403977155685425,3.603384017944336,4.272435665130615,5.268782138824463,6.140095233917236,6.774961948394775,7.044628143310547,7.014580249786377,7.153214931488037,7.756942272186279,8.494958877563477,8.910191535949707,9.184825897216797,9.973751068115234,10.133401870727539,9.746487617492676,9.50324535369873,9.197372436523438,9.423240661621094,9.566875457763672,9.605209350585938,8.995955467224121,8.055438041687012,8.196198463439941,8.622794151306152,8.453974723815918
