data/wind_data/wind_46_8.json
{"header": {"parameterUnit": "KT", "parameterCategory": 2, "nx": 256, "ny": 198, "lo1": 44.73521041870117, "la1": -3.236724853515625, "lo2": 111.26478576660156, "la2": 43.468475341796875, "dx": 0.2609002888202667, "dy": -0.23708222806453705, "refTime": "2025-02-20 22:00:00", "forecastTime": 0, "parameterNumber": 2, "parameterNumberName": "eastward_wind"}, "data":
[rows 114 to 132 of 198, columns 176 to 219 of 256]
63.24891662597656,61.52022933959961,60.55464553833008,60.51481628417969,60.867835998535156,61.22243881225586,61.62586212158203,62.53428649902344,63.536720275878906,63.77846908569336,63.02213668823242,61.879268646240234,60.755619049072266,59.428306579589844,57.83163833618164,57.411964416503906,59.64923095703125,63.39479446411133,61.67820739746094,54.179405212402344,47.48100662231445,44.2611198425293,43.82380294799805,45.199913024902344,47.16404342651367,48.11699676513672,46.37770080566406,43.659271240234375,43.5154914855957,45.925254821777344,48.37981414794922,49.67506790161133,50.74225997924805,51.9948616027832,52.976322174072266,54.03126525878906,52.43014144897461,48.183319091796875,45.639808654785156,45.69514083862305,44.00743865966797,38.714988708496094,36.73419189453125,39.73766326904297
62.847007751464844,61.20485305786133,59.82221603393555,59.121604919433594,59.352561950683594,60.4017448425293,61.63875961303711,62.632049560546875,63.22581100463867,62.90934371948242,62.04352569580078,61.545143127441406,61.6681022644043,61.623050689697266,60.19453811645508,58.64541244506836,59.04985427856445,61.61143493652344,62.424320220947266,57.66901779174805,50.65747833251953,45.35083770751953,43.16640090942383,44.44302749633789,47.21636199951172,49.133060455322266,48.21730422973633,44.7119140625,42.586631774902344,43.921295166015625,46.83363342285156,48.813785552978516,50.219940185546875,52.65352249145508,55.88720703125,57.318382263183594,53.059814453125,48.0100212097168,47.74782180786133,49.236358642578125,46.66288375854492,40.19334411621094,36.71302795410156,38.646385192871094
61.139896392822266,60.5899543762207,59.848941802978516,59.15132141113281,59.053348541259766,59.63531494140625,60.685523986816406,61.854000091552734,62.84093475341797,62.801055908203125,61.68470001220703,61.022090911865234,61.264034271240234,62.007904052734375,62.070823669433594,60.839237213134766,59.398643493652344,59.637794494628906,61.13309860229492,60.1895637512207,55.26578140258789,49.377113342285156,45.26068115234375,44.85506820678711,47.226993560791016,49.51558303833008,49.58184814453125,46.501976013183594,43.31345748901367,43.5906867980957,46.19316101074219,48.0993537902832,48.77452087402344,51.64132308959961,57.365814208984375,60.90727233886719,55.69575500488281,48.94674301147461,48.27946090698242,50.484413146972656,48.643436431884766,42.51288604736328,38.007266998291016,38.69408416748047
58.93539810180664,59.663597106933594,60.14923095703125,59.95738983154297,59.34821319580078,58.658023834228516,58.84633255004883,60.290016174316406,61.91688919067383,62.58039474487305,62.004337310791016,61.02602767944336,60.698848724365234,61.54477310180664,62.920169830322266,62.95956039428711,61.350318908691406,59.84095001220703,59.95363235473633,60.93046951293945,59.61344909667969,55.1654052734375,50.14435958862305,47.50160598754883,48.1118049621582,49.563045501708984,49.276248931884766,46.809669494628906,44.55818557739258,45.13996505737305,47.14363479614258,48.48490905761719,48.0555419921875,50.07490921020508,56.28818130493164,62.04444885253906,58.80520248413086,51.60741424560547,48.77264404296875,49.262393951416016,48.90570831298828,46.186527252197266,42.486473083496094,41.66984176635742
59.32121658325195,59.98488235473633,61.02540969848633,61.220130920410156,59.80206298828125,57.683631896972656,57.19789505004883,58.83788299560547,60.65072250366211,61.55133819580078,61.88639450073242,61.68131637573242,61.03190994262695,61.059906005859375,62.3905143737793,63.44340133666992,62.97998046875,61.4295654296875,60.42477035522461,60.94923782348633,61.85847854614258,60.318260192871094,56.14625549316406,52.14307403564453,50.46756362915039,49.73979949951172,47.8679084777832,45.85426712036133,45.33356475830078,46.34461975097656,47.349510192871094,48.127288818359375,47.66898727416992,48.9505729675293,54.39346694946289,60.82373046875,60.442298889160156,54.12862014770508,49.554046630859375,48.7279052734375,49.849002838134766,50.74808120727539,49.683021545410156,48.071128845214844
60.12540054321289,61.248905181884766,62.506961822509766,62.31664276123047,60.15019607543945,57.89011764526367,57.441829681396484,58.57728576660156,60.04302978515625,61.23979568481445,62.03738784790039,62.07508850097656,61.019676208496094,59.99384689331055,60.498504638671875,62.233734130859375,63.46944808959961,62.94042205810547,61.419708251953125,60.97271728515625,62.29632568359375,63.088890075683594,60.644474029541016,56.67912292480469,53.532470703125,50.66383743286133,47.182228088378906,44.946624755859375,45.736392974853516,47.656761169433594,48.64643478393555,48.63314437866211,48.020896911621094,48.82440185546875,52.98558807373047,58.32973861694336,59.520263671875,55.04233169555664,50.90342330932617,51.340911865234375,54.45130157470703,56.264766693115234,56.060829162597656,54.26897048950195
58.9353141784668,61.61506271362305,62.743370056152344,61.39899444580078,59.46430587768555,58.96567916870117,59.45258331298828,60.13182830810547,60.9680061340332,61.48250961303711,61.40108871459961,60.71574020385742,59.72613525390625,58.89322280883789,59.13957595825195,60.83775329589844,62.91615295410156,64.0042724609375,63.58540725708008,62.79155731201172,63.10883712768555,63.8167839050293,62.742733001708984,59.91513442993164,56.329795837402344,52.54008865356445,49.00302505493164,46.538028717041016,47.377479553222656,49.77880859375,51.07735824584961,50.24562454223633,48.677974700927734,48.26766586303711,50.6939697265625,55.11930847167969,57.59126281738281,55.183780670166016,52.804195404052734,54.67325210571289,58.54521179199219,59.90476989746094,58.47616195678711,55.95661544799805
57.03327941894531,60.66387176513672,61.50715255737305,59.984806060791016,59.54878234863281,60.716156005859375,61.76251983642578,62.72964096069336,62.900699615478516,61.18001937866211,59.46550369262695,58.73308181762695,58.090110778808594,57.70650100708008,58.13738250732422,59.630672454833984,61.939971923828125,64.122314453125,65.21248626708984,64.72008514404297,63.448448181152344,62.77721405029297,62.85689926147461,62.20149230957031,59.9901123046875,56.97066879272461,54.16606903076172,51.78776168823242,50.92080307006836,51.78801727294922,52.5688362121582,51.226043701171875,48.31504821777344,46.16700744628906,47.51749038696289,52.944068908691406,57.07380294799805,55.41374588012695,53.99350357055664,56.59777069091797,59.591976165771484,60.383453369140625,59.125484466552734,56.221126556396484
55.23417282104492,58.08162307739258,58.55450439453125,58.550846099853516,60.33033752441406,62.635257720947266,64.224609375,65.04046630859375,62.57630920410156,58.420021057128906,57.29529571533203,58.07503890991211,57.27082824707031,55.92282485961914,56.40446472167969,58.45587921142578,60.85756301879883,62.91093826293945,64.32243347167969,64.63092041015625,63.500831604003906,62.31959533691406,62.612796783447266,63.8241081237793,63.84507369995117,61.99207305908203,59.1347541809082,56.366920471191406,54.32878875732422,53.20277404785156,52.54301452636719,50.922401428222656,47.385013580322266,43.95513916015625,46.18001174926758,53.63249588012695,58.63331604003906,56.453800201416016,54.08715057373047,55.93490219116211,58.40864181518555,59.63566207885742,59.6512565612793,57.786502838134766
54.753849029541016,55.13436508178711,54.38713073730469,56.30742263793945,59.76240539550781,62.65559768676758,64.70295715332031,64.45915985107422,61.17948913574219,57.99102783203125,57.562198638916016,58.19355010986328,57.36134719848633,55.777984619140625,55.68571090698242,57.316162109375,59.40082550048828,61.10246276855469,62.348114013671875,63.253475189208984,63.609344482421875,63.35648727416992,63.48617935180664,64.7361068725586,65.83427429199219,64.82884979248047,62.22869873046875,59.50699996948242,56.77267837524414,53.9247932434082,51.972625732421875,50.35738754272461,47.13420104980469,44.428680419921875,47.70146560668945,55.6676139831543,60.68857192993164,58.281219482421875,54.459686279296875,54.77682113647461,56.89711380004883,58.198638916015625,58.60139846801758,58.28032302856445
54.42924118041992,52.445404052734375,50.613853454589844,53.151214599609375,56.42508316040039,58.810306549072266,62.00911331176758,63.7061653137207,61.148162841796875,57.99653244018555,57.88928985595703,58.93185043334961,58.28388977050781,56.405975341796875,55.76499938964844,57.34946823120117,59.37793731689453,60.25711441040039,60.46487808227539,61.21215057373047,62.61372375488281,63.60868453979492,64.20883178710938,65.5988540649414,66.92160034179688,66.03288269042969,63.76251983642578,61.42669677734375,58.30295944213867,54.7442741394043,52.070472717285156,49.84833908081055,47.35349655151367,47.21073913574219,50.97052764892578,57.24885559082031,61.48196029663086,60.01911544799805,56.35783767700195,55.28867721557617,56.103240966796875,56.660213470458984,56.72597885131836,57.038307189941406
54.74513626098633,50.44647979736328,46.59196472167969,49.302001953125,53.259979248046875,55.38984680175781,58.294403076171875,60.74977111816406,59.30306625366211,56.913780212402344,57.097389221191406,58.169124603271484,57.58888626098633,56.07182312011719,56.09358596801758,57.964935302734375,59.5202751159668,59.64667510986328,59.37937927246094,59.91453170776367,61.17173767089844,62.280250549316406,63.64545440673828,66.23178100585938,68.02530670166016,66.7182846069336,64.82498168945312,63.659908294677734,60.97947692871094,57.43086242675781,53.950408935546875,50.404544830322266,48.54668045043945,49.848846435546875,53.045379638671875,57.56132888793945,61.54620361328125,61.367820739746094,58.30690002441406,56.90093994140625,56.8297233581543,56.0280647277832,55.171451568603516,55.448429107666016
54.391143798828125,48.97320556640625,44.349388122558594,46.73723602294922,51.17461395263672,52.86683654785156,53.81182098388672,55.61128616333008,56.146907806396484,55.374855041503906,55.250675201416016,55.62830352783203,55.410099029541016,55.34187698364258,56.6622200012207,58.632850646972656,59.27566146850586,58.66377639770508,58.75297927856445,59.864906311035156,60.82184600830078,61.3211669921875,63.08538818359375,66.43177795410156,68.3082046508789,67.33824920654297,66.93238830566406,67.07748413085938,64.8141860961914,60.72418975830078,56.116615295410156,51.992034912109375,50.254974365234375,51.080379486083984,53.43305206298828,56.902462005615234,60.65279006958008,62.15435791015625,59.93330383300781,57.65385437011719,56.89213562011719,56.17573165893555,55.62677764892578,55.244354248046875
52.25193786621094,48.04560470581055,44.096858978271484,44.864288330078125,47.917137145996094,49.38404083251953,50.09467315673828,51.98967742919922,53.48289489746094,52.81540298461914,51.66767501831055,51.72003936767578,53.02446746826172,55.13505554199219,57.37472152709961,58.695228576660156,58.41679763793945,57.83185958862305,58.942955017089844,60.85294723510742,61.3544921875,61.04301071166992,62.833251953125,66.0810546875,67.53741455078125,67.61537170410156,69.17385864257812,69.77790832519531,65.6323013305664,60.28816223144531,56.859275817871094,53.83222579956055,51.08233642578125,50.56393051147461,53.02040100097656,56.62088394165039,60.185516357421875,62.70553207397461,61.359764099121094,57.76082229614258,54.90325927734375,54.70823287963867,56.52155303955078,55.93790054321289
49.32285690307617,46.748836517333984,43.05979537963867,41.916099548339844,43.48161697387695,45.882076263427734,48.527523040771484,50.88880157470703,51.59253692626953,50.34487533569336,49.05736541748047,49.703636169433594,52.31501388549805,55.231258392333984,57.22134780883789,58.005584716796875,57.6293830871582,57.40122604370117,58.92201614379883,61.027523040771484,61.34703063964844,61.17766571044922,63.038970947265625,65.18096160888672,66.0820541381836,67.57552337646484,70.01646423339844,69.6172866821289,64.59408569335938,59.277435302734375,56.696414947509766,55.31712341308594,52.71514129638672,51.388519287109375,53.485748291015625,56.67005920410156,59.31753921508789,61.932029724121094,61.789329528808594,57.33399963378906,52.13801574707031,52.47328186035156,56.314537048339844,55.77847671508789
46.7579460144043,43.84152603149414,39.9587287902832,38.951297760009766,40.87260437011719,44.16754150390625,47.75177764892578,49.96367645263672,50.22318649291992,49.30769348144531,48.377662658691406,49.037742614746094,51.719879150390625,54.713478088378906,56.423362731933594,57.09183883666992,57.404022216796875,57.723270416259766,58.6392936706543,59.985774993896484,60.58205795288086,61.4399528503418,63.379459381103516,64.38302612304688,64.89176940917969,66.82936096191406,68.67835998535156,68.31865692138672,65.11968994140625,60.89472961425781,57.762420654296875,56.424598693847656,55.22966384887695,54.92378616333008,56.19961929321289,57.379940032958984,57.69933319091797,59.71067428588867,60.9554328918457,56.787235260009766,50.216190338134766,50.695308685302734,55.95744705200195,56.03888702392578
43.22441864013672,39.01388931274414,36.89232635498047,38.1746940612793,40.48423767089844,43.09501266479492,45.79037857055664,47.9160270690918,49.147361755371094,49.16088104248047,48.463584899902344,48.84149932861328,51.03453826904297,53.634639739990234,55.268184661865234,56.39736557006836,57.629356384277344,58.43635177612305,58.71691131591797,59.05448913574219,59.60402297973633,60.99716567993164,62.9155158996582,63.43197250366211,63.22945785522461,64.30499267578125,65.86300659179688,66.5255126953125,65.84669494628906,63.70043182373047,60.57293701171875,58.17524337768555,57.47087860107422,58.20075988769531,59.357139587402344,59.27339172363281,57.486812591552734,57.7972412109375,59.328819274902344,56.896644592285156,50.730751037597656,51.02487564086914,57.32990646362305,56.9608268737793
38.89751052856445,35.42177200317383,36.005699157714844,38.66123580932617,40.6424674987793,42.70994186401367,45.12062454223633,46.897857666015625,47.719993591308594,47.65621566772461,47.64189147949219,48.70981216430664,51.04740905761719,53.47190856933594,54.879756927490234,55.95119857788086,57.729881286621094,59.392921447753906,59.66987228393555,58.92557144165039,58.61042785644531,59.70049285888672,61.29582977294922,61.51060104370117,60.76932907104492,60.89991760253906,62.26915740966797,64.16300201416016,65.68114471435547,65.7730712890625,63.42801284790039,60.50334548950195,59.52565383911133,60.16818618774414,60.78705978393555,60.414249420166016,58.189483642578125,56.562950134277344,56.752220153808594,56.053890228271484,51.94696044921875,52.393455505371094,58.76362991333008,57.951148986816406
37.0605583190918,35.240108489990234,35.9766960144043,38.0627326965332,40.09973907470703,42.58171463012695,45.1044921875,46.28800964355469,46.35521697998047,46.42425537109375,47.014339447021484,48.307674407958984,50.569183349609375,52.923824310302734,54.469146728515625,55.80702209472656,57.887489318847656,60.03434753417969,60.57514572143555,59.13798522949219,57.64305877685547,57.8290901184082,58.910884857177734,58.85453414916992,57.91962814331055,58.01460266113281,59.58723449707031,62.12794876098633,64.75386810302734,66.31024169921875,64.65425872802734,61.500762939453125,60.4002799987793,61.352542877197266,61.8665657043457,61.00393295288086,58.670188903808594,56.17158508300781,54.81401824951172,53.88395309448242,52.151206970214844,53.737220764160156,59.662654876708984,59.37086486816406
