data/wind_data/wind_55_3.json
{"header": {"parameterUnit": "KT", "parameterCategory": 2, "nx": 256, "ny": 198, "lo1": 44.73521041870117, "la1": -3.236724853515625, "lo2": 111.26478576660156, "la2": 43.468475341796875, "dx": 0.2609002888202667, "dy": -0.23708222806453705, "refTime": "2025-02-21 07:00:00", "forecastTime": 0, "parameterNumber": 2, "parameterNumberName": "eastward_wind"}, "data":
[rows 114 to 132 of 198, columns 176 to 219 of 256]
17.696313858032227,16.37477684020996,15.351140975952148,14.868481636047363,13.254352569580078,10.565408706665039,14.00617504119873,12.26805305480957,12.190526962280273,16.55253791809082,20.021041870117188,20.672780990600586,20.694551467895508,22.76896095275879,16.86043930053711,20.919754028320312,14.05781078338623,21.24662971496582,20.41229820251465,14.0142183303833,15.450211524963379,17.421483993530273,14.540497779846191,5.505096435546875,5.517975330352783,11.066650390625,13.860265731811523,10.10025405883789,12.362048149108887,20.0362606048584,24.144451141357422,18.999948501586914,15.85062313079834,18.225658416748047,22.917484283447266,26.062545776367188,26.2148494720459,22.26250648498535,17.87251091003418,20.342426300048828,21.675762176513672,21.7390079498291,19.709312438964844,20.105419158935547
18.54461669921875,18.16794776916504,18.057844161987305,18.14238739013672,18.211212158203125,17.014812469482422,17.242162704467773,16.665128707885742,17.58925437927246,21.363752365112305,23.204051971435547,23.16774559020996,22.754812240600586,22.747827529907227,22.92893409729004,24.64793586730957,25.991138458251953,20.94521713256836,22.141693115234375,11.527653694152832,11.759943008422852,16.047521591186523,15.82111930847168,3.3685266971588135,7.012592315673828,14.255684852600098,13.254390716552734,9.181987762451172,10.77359390258789,17.29680061340332,23.372753143310547,24.3916015625,19.82191276550293,18.66697120666504,21.11733627319336,24.773880004882812,25.156919479370117,20.348678588867188,19.496761322021484,21.392601013183594,25.31846809387207,21.503877639770508,16.614158630371094,19.482215881347656
18.860912322998047,19.295774459838867,20.001760482788086,20.512765884399414,21.025222778320312,21.735858917236328,22.08933448791504,22.04510498046875,23.056373596191406,24.568382263183594,25.897274017333984,26.341691970825195,24.692588806152344,23.730831146240234,24.089279174804688,23.964712142944336,28.94297218322754,18.088096618652344,20.980018615722656,18.012142181396484,14.132087707519531,15.837189674377441,16.345947265625,11.364456176757812,12.283586502075195,16.568111419677734,14.767328262329102,11.132854461669922,12.339427947998047,17.416635513305664,23.905683517456055,26.246368408203125,23.12293815612793,21.026159286499023,19.98065948486328,23.69743537902832,22.478641510009766,20.597869873046875,19.789337158203125,23.447956085205078,29.926475524902344,30.061357498168945,22.914613723754883,19.259645462036133
19.360122680664062,20.76078987121582,22.048513412475586,22.705270767211914,22.83011245727539,22.915340423583984,22.998140335083008,23.452056884765625,24.54513931274414,25.598508834838867,26.680706024169922,26.83716583251953,25.023967742919922,24.176416397094727,23.790695190429688,23.66342544555664,27.644702911376953,18.197933197021484,17.941476821899414,21.2689208984375,22.28890037536621,21.798215866088867,18.89866065979004,15.803255081176758,9.161416053771973,13.016921043395996,16.440858840942383,13.28308391571045,13.134197235107422,18.23015785217285,24.47524642944336,27.366559982299805,24.51434326171875,22.454633712768555,20.775854110717773,23.75216293334961,21.793516159057617,19.424171447753906,20.62898063659668,21.42844009399414,24.4404354095459,28.31079864501953,21.451580047607422,18.74207305908203
19.421628952026367,20.60719871520996,21.691293716430664,22.606409072875977,23.289308547973633,23.68311309814453,24.07525634765625,24.586444854736328,25.13892364501953,25.603429794311523,26.589553833007812,26.859092712402344,25.12299919128418,23.863191604614258,22.721385955810547,24.11505126953125,24.87905502319336,23.75141143798828,20.182329177856445,16.802467346191406,20.876310348510742,22.823972702026367,18.642425537109375,14.861174583435059,14.733378410339355,18.977941513061523,21.614789962768555,16.730758666992188,15.052595138549805,18.573318481445312,23.659008026123047,27.5916748046875,27.354612350463867,27.248451232910156,30.327392578125,30.675567626953125,28.02179527282715,21.98326301574707,19.931453704833984,22.4070987701416,21.425567626953125,19.632204055786133,23.40521240234375,28.240049362182617
20.54506492614746,21.482101440429688,21.079734802246094,20.62275505065918,21.19428253173828,21.785280227661133,22.897188186645508,24.211101531982422,25.124528884887695,24.74550437927246,24.95511245727539,26.120750427246094,26.58026885986328,26.307762145996094,25.80865478515625,25.44102668762207,25.768760681152344,24.8135929107666,21.488750457763672,19.597768783569336,19.796415328979492,14.135984420776367,10.902989387512207,14.566461563110352,18.476465225219727,18.59516143798828,22.045888900756836,18.471961975097656,16.3516902923584,18.795181274414062,23.528398513793945,28.64491081237793,29.226726531982422,29.889963150024414,33.03980255126953,32.267494201660156,29.882753372192383,26.429149627685547,24.43208122253418,27.78658676147461,24.0272274017334,22.407039642333984,27.616092681884766,30.546340942382812
15.080289840698242,18.267227172851562,18.899900436401367,17.736787796020508,19.13353157043457,20.576025009155273,22.2652587890625,21.60858917236328,20.62431526184082,19.418758392333984,21.486684799194336,24.001066207885742,23.74210548400879,23.588924407958984,23.90960693359375,23.681167602539062,23.339818954467773,21.826858520507812,19.75705337524414,18.785017013549805,17.608219146728516,6.491189956665039,4.309502601623535,15.118096351623535,18.749177932739258,20.273391723632812,17.425973892211914,12.490782737731934,14.799123764038086,19.073379516601562,24.08563232421875,29.021554946899414,29.797231674194336,30.70384979248047,32.70576858520508,31.864259719848633,29.946252822875977,25.812435150146484,22.604066848754883,25.84898567199707,21.50360107421875,22.949012756347656,27.483327865600586,27.0491886138916
12.826791763305664,16.31707191467285,16.055458068847656,13.497687339782715,15.29384708404541,17.998382568359375,22.14008140563965,25.107540130615234,19.02605628967285,13.692259788513184,14.114228248596191,17.607942581176758,15.875020027160645,13.157870292663574,12.0773344039917,12.933929443359375,14.171356201171875,15.407912254333496,14.657965660095215,15.5048246383667,12.925811767578125,5.4274821281433105,11.031681060791016,19.50446891784668,15.42282772064209,19.440948486328125,18.516151428222656,16.963274002075195,17.006389617919922,20.11079216003418,24.793149948120117,27.9586181640625,29.6279239654541,31.155685424804688,31.843368530273438,31.736326217651367,28.307870864868164,22.439708709716797,17.8397274017334,20.722042083740234,19.361785888671875,18.780794143676758,24.6048641204834,23.15039825439453
15.234265327453613,16.443119049072266,15.914884567260742,13.30182933807373,13.070640563964844,17.985130310058594,17.24518394470215,26.960704803466797,23.9947452545166,12.259785652160645,6.765233516693115,7.153865337371826,5.947935581207275,9.05754280090332,3.8749396800994873,3.159123659133911,5.975996494293213,9.241637229919434,11.525010108947754,12.584052085876465,13.692164421081543,13.988073348999023,14.640427589416504,20.631580352783203,19.175756454467773,22.022781372070312,21.075767517089844,19.038509368896484,18.320581436157227,20.979965209960938,25.206016540527344,27.87567901611328,30.469005584716797,30.459941864013672,30.01043701171875,29.86481285095215,24.399492263793945,17.396326065063477,16.720603942871094,19.266529083251953,20.290163040161133,15.003803253173828,19.834693908691406,20.17109489440918
16.155668258666992,18.165416717529297,16.109424591064453,16.085752487182617,16.650840759277344,20.288787841796875,17.548723220825195,24.153854370117188,27.134714126586914,9.034815788269043,2.2688674926757812,5.488927841186523,11.69202995300293,12.216544151306152,8.887299537658691,5.894165992736816,5.332942485809326,6.430678367614746,8.5574312210083,10.52549934387207,11.484469413757324,11.557126998901367,11.6322603225708,19.31262969970703,16.051382064819336,19.09699058532715,20.83579444885254,17.710548400878906,18.37822914123535,22.008642196655273,24.795873641967773,27.478525161743164,29.32731056213379,27.678808212280273,26.495479583740234,26.29887580871582,19.437183380126953,12.246105194091797,11.915750503540039,14.992938041687012,17.74281120300293,13.702038764953613,12.713658332824707,15.295087814331055
17.15532112121582,17.934297561645508,16.504638671875,18.182716369628906,19.05430030822754,19.607587814331055,16.763795852661133,22.56996726989746,8.46931266784668,0.5300648212432861,2.308112621307373,6.2480292320251465,7.2882399559021,4.938655853271484,5.144980430603027,7.393259525299072,8.855463981628418,8.613426208496094,7.992863655090332,7.541773796081543,6.427412033081055,6.838775157928467,8.888175010681152,13.395512580871582,19.589242935180664,15.072504997253418,15.579987525939941,19.580869674682617,21.967222213745117,22.738039016723633,23.611244201660156,25.764604568481445,25.91628074645996,22.9559326171875,21.7237548828125,22.57758140563965,14.5161714553833,9.404156684875488,15.62289047241211,14.240944862365723,15.260513305664062,12.306436538696289,5.63488245010376,11.1873779296875
14.581244468688965,14.655082702636719,13.754672050476074,14.65075397491455,17.767520904541016,18.136974334716797,17.555883407592773,15.90234375,11.056269645690918,13.147268295288086,7.113533973693848,5.958218097686768,5.828115940093994,4.949059009552002,6.149212837219238,4.951477527618408,4.9915771484375,5.185336589813232,5.56090784072876,3.852125406265259,3.328274965286255,6.812633514404297,10.386938095092773,13.05306625366211,16.68102264404297,12.230052947998047,17.54176139831543,15.797151565551758,19.950824737548828,21.317625045776367,21.69537925720215,22.38572883605957,20.694780349731445,17.767995834350586,17.97237777709961,19.349451065063477,11.673127174377441,8.407169342041016,13.324747085571289,10.375801086425781,11.471108436584473,7.030828475952148,6.113677501678467,10.545960426330566
15.370800971984863,16.2305850982666,18.70391845703125,20.111282348632812,19.533742904663086,19.113807678222656,16.670278549194336,18.3852481842041,15.282661437988281,17.24652099609375,18.69257926940918,15.943360328674316,14.924799919128418,6.504428863525391,9.04538345336914,7.459845066070557,2.417895555496216,3.12060809135437,4.35878849029541,2.753798484802246,2.461754322052002,4.148993492126465,11.714461326599121,14.627165794372559,12.431548118591309,11.361251831054688,11.988386154174805,18.378162384033203,24.87833595275879,20.737003326416016,18.862367630004883,18.454029083251953,15.545798301696777,13.068038940429688,13.749335289001465,18.2403507232666,11.28313159942627,9.098518371582031,10.338659286499023,6.996111869812012,9.151790618896484,2.6904594898223877,9.870241165161133,9.737170219421387
17.41596031188965,17.451269149780273,18.54697036743164,18.19768714904785,17.792572021484375,16.76397705078125,16.35428237915039,14.749760627746582,16.472734451293945,15.307400703430176,18.908720016479492,19.92803382873535,21.008655548095703,19.08692741394043,11.703691482543945,3.267850160598755,-2.2604825496673584,-6.287618160247803,9.832328796386719,3.848325490951538,-3.437960624694824,-1.9081674814224243,7.896524906158447,15.373369216918945,13.998952865600586,12.254537582397461,14.842741966247559,20.855579376220703,18.50126838684082,16.827787399291992,17.460037231445312,16.25281524658203,13.162769317626953,10.173858642578125,8.919015884399414,15.6237154006958,11.862995147705078,9.870101928710938,8.95747184753418,6.392690658569336,8.017372131347656,7.4067063331604,12.90200138092041,11.419114112854004
16.038013458251953,16.053102493286133,16.081077575683594,16.056978225708008,15.67956256866455,15.801836967468262,16.229280471801758,15.52723503112793,16.06614875793457,13.763463020324707,14.56710433959961,13.915178298950195,20.336257934570312,22.592180252075195,15.672138214111328,3.9137749671936035,-2.105353832244873,-0.3857711851596832,3.214862823486328,3.7132315635681152,-4.920929431915283,0.17328111827373505,11.304256439208984,14.448850631713867,15.393397331237793,15.118878364562988,17.160737991333008,17.099380493164062,11.286417961120605,12.057977676391602,15.351263046264648,15.835271835327148,10.370339393615723,8.56673812866211,9.374532699584961,14.2527437210083,13.627243995666504,10.105107307434082,10.285797119140625,7.28414249420166,8.47752571105957,9.647798538208008,9.196385383605957,9.609345436096191
16.4765682220459,14.935298919677734,13.957725524902344,14.074084281921387,13.808794975280762,14.742535591125488,14.073476791381836,17.870309829711914,24.565561294555664,25.771352767944336,23.36200714111328,19.494823455810547,21.162677764892578,22.181020736694336,17.83490753173828,10.179221153259277,1.6708797216415405,-0.9753003716468811,-1.4466360807418823,5.969907283782959,5.100257396697998,8.16903018951416,12.806761741638184,15.439915657043457,16.59918212890625,14.204964637756348,11.319048881530762,10.025205612182617,7.814207077026367,11.330000877380371,16.700647354125977,12.426382064819336,8.35003662109375,7.361721038818359,8.956253051757812,11.953857421875,13.12414836883545,11.075255393981934,12.310912132263184,10.229488372802734,12.004365921020508,11.558816909790039,11.500812530517578,8.874062538146973
15.491025924682617,11.067585945129395,14.652046203613281,20.420610427856445,21.064380645751953,18.31428337097168,20.457378387451172,26.152267456054688,29.33073616027832,28.488718032836914,24.565460205078125,19.436386108398438,18.53132438659668,20.965072631835938,19.01865005493164,16.25147247314453,11.700389862060547,3.4399938583374023,2.7751569747924805,8.152881622314453,13.366425514221191,15.036587715148926,15.538613319396973,15.854830741882324,13.398149490356445,16.022890090942383,14.210400581359863,10.597664833068848,12.539645195007324,11.216151237487793,12.187100410461426,8.261027336120605,7.381817817687988,6.843359470367432,11.476454734802246,16.401111602783203,15.230683326721191,12.53005599975586,13.898895263671875,12.173013687133789,12.057772636413574,11.195691108703613,13.217928886413574,12.091900825500488
13.605193138122559,12.157759666442871,12.953349113464355,16.007709503173828,18.996150970458984,21.958629608154297,23.823375701904297,26.481521606445312,29.712587356567383,29.39923858642578,25.822959899902344,18.317514419555664,16.61713409423828,20.26495361328125,22.396488189697266,17.236940383911133,18.317012786865234,9.577338218688965,7.223515033721924,9.57387924194336,15.136795997619629,16.091318130493164,15.449663162231445,15.044013977050781,14.376721382141113,8.911251068115234,9.446310043334961,11.937097549438477,17.975786209106445,13.278215408325195,9.921435356140137,7.1693878173828125,5.520665645599365,10.384242057800293,12.997665405273438,12.137792587280273,12.770689964294434,13.213252067565918,12.461602210998535,11.840171813964844,10.165177345275879,10.129024505615234,10.04883861541748,10.133368492126465
11.787759780883789,10.749641418457031,8.19255542755127,11.446303367614746,16.055749893188477,20.43606185913086,24.146764755249023,26.59714698791504,27.48775863647461,25.054935455322266,20.317195892333984,16.03508186340332,13.712122917175293,18.123422622680664,18.083816528320312,15.478825569152832,18.03904151916504,12.332279205322266,10.024530410766602,12.884810447692871,14.531530380249023,16.273595809936523,17.494775772094727,15.855097770690918,18.02968978881836,10.283661842346191,9.080676078796387,14.153565406799316,17.166181564331055,14.519543647766113,9.152365684509277,7.886946201324463,5.375096797943115,11.435528755187988,15.38697624206543,12.378578186035156,13.252751350402832,12.43503189086914,11.308744430541992,9.22314453125,8.25589370727539,8.103964805603027,7.3854265213012695,7.944455623626709
