data/wind_data/wind_Surface_5.json
{"header": {"parameterUnit": "KT", "parameterCategory": 2, "nx": 255, "ny": 198, "lo1": 44.73521041870117, "la1": -3.236724853515625, "lo2": 111.26478576660156, "la2": 43.468475341796875, "dx": 0.26192745566368103, "dy": -0.23708222806453705, "refTime": "2025-02-19 05:00:00", "forecastTime": 0, "parameterNumber": 2, "parameterNumberName": "eastward_wind"}, "data":
[rows 19 to 37 of 198, columns 43 to 85 of 255]
-9.516979217529297,-9.527337074279785,-10.284906387329102,-10.910684585571289,-10.772781372070312,-10.717138290405273,-10.846590042114258,-10.806598663330078,-10.4022216796875,-9.937376976013184,-9.343876838684082,-8.531679153442383,-7.854617118835449,-7.9200873374938965,-8.50627326965332,-8.704341888427734,-8.448697090148926,-8.512629508972168,-8.566296577453613,-7.994726657867432,-7.33809232711792,-6.979496479034424,-6.785263538360596,-6.865147590637207,-7.274524211883545,-7.477324962615967,-7.012073993682861,-5.920657634735107,-4.909264087677002,-4.424546718597412,-4.553603172302246,-5.422418117523193,-6.64079475402832,-7.620890140533447,-8.478523254394531,-9.211706161499023,-9.109515190124512,-8.59887409210205,-8.422290802001953,-8.553021430969238,-8.213850021362305,-7.186473846435547,-7.01448917388916
-9.825592041015625,-9.660460472106934,-10.214835166931152,-10.968228340148926,-10.8505220413208,-10.645987510681152,-10.658686637878418,-10.763999938964844,-10.49118423461914,-10.131720542907715,-9.753703117370605,-9.234307289123535,-8.614320755004883,-8.917841911315918,-9.690301895141602,-9.402061462402344,-8.824833869934082,-8.773500442504883,-8.351578712463379,-7.505821704864502,-7.17380952835083,-7.147728443145752,-6.643661975860596,-6.393411159515381,-7.345210075378418,-8.032012939453125,-7.248477458953857,-5.802803039550781,-4.9918389320373535,-4.708279609680176,-4.693359375,-6.020591735839844,-8.0250244140625,-9.037885665893555,-9.019828796386719,-9.109684944152832,-9.345425605773926,-9.05234146118164,-8.878630638122559,-8.978894233703613,-8.670228958129883,-7.635920524597168,-7.375701904296875
-9.898580551147461,-10.119681358337402,-10.48343276977539,-10.814754486083984,-10.946585655212402,-10.695782661437988,-10.471973419189453,-10.295019149780273,-10.231247901916504,-10.31151008605957,-10.179696083068848,-9.906793594360352,-9.53033447265625,-9.606598854064941,-10.06735897064209,-9.863150596618652,-9.435667037963867,-9.106170654296875,-8.447639465332031,-7.838547706604004,-7.498380661010742,-7.025300025939941,-6.283116340637207,-5.446894645690918,-5.666581153869629,-6.903094291687012,-6.926971435546875,-6.110617637634277,-5.680229663848877,-4.970862865447998,-4.608674049377441,-6.236791610717773,-8.747700691223145,-9.671820640563965,-9.487322807312012,-9.91242790222168,-10.381739616394043,-9.68397331237793,-9.162310600280762,-9.451719284057617,-8.979236602783203,-8.005229949951172,-7.953368663787842
-9.561954498291016,-9.728208541870117,-10.285316467285156,-10.793574333190918,-11.190088272094727,-10.987728118896484,-10.458911895751953,-9.654167175292969,-9.550132751464844,-10.110198020935059,-10.534939765930176,-10.509096145629883,-10.18014907836914,-10.058842658996582,-10.11242961883545,-10.043356895446777,-9.735630989074707,-9.184046745300293,-8.629264831542969,-8.307177543640137,-8.000015258789062,-7.459329605102539,-6.774724006652832,-6.1615824699401855,-5.641883850097656,-5.5807318687438965,-6.402584552764893,-7.485169410705566,-7.393784999847412,-5.959465026855469,-4.836907386779785,-5.273616313934326,-7.315150260925293,-9.380834579467773,-10.173349380493164,-10.534727096557617,-10.839673042297363,-10.347024917602539,-9.738970756530762,-9.753512382507324,-9.313568115234375,-8.673158645629883,-8.3521089553833
-9.46577262878418,-9.456317901611328,-9.990396499633789,-10.837139129638672,-11.366581916809082,-11.241156578063965,-10.44176959991455,-9.390040397644043,-9.105191230773926,-9.661986351013184,-10.229373931884766,-10.468490600585938,-10.357275009155273,-10.328659057617188,-10.591117858886719,-10.550127029418945,-10.151371955871582,-9.628680229187012,-9.100369453430176,-8.898666381835938,-8.832283973693848,-8.352971076965332,-7.32504940032959,-6.56435489654541,-6.612510681152344,-7.132853984832764,-8.079874992370605,-8.831733703613281,-8.324302673339844,-6.831449031829834,-5.525501728057861,-5.296815872192383,-6.580232620239258,-8.76384162902832,-10.328835487365723,-10.88878345489502,-11.148005485534668,-10.79365062713623,-10.242262840270996,-9.931146621704102,-9.438838005065918,-8.80179500579834,-8.653190612792969
-9.4324369430542,-9.507478713989258,-9.868487358093262,-10.61218547821045,-11.275229454040527,-11.272687911987305,-10.58920669555664,-9.724151611328125,-9.306023597717285,-9.364076614379883,-9.736621856689453,-10.19373893737793,-10.410109519958496,-10.552647590637207,-10.779451370239258,-10.792210578918457,-10.541346549987793,-10.250185012817383,-9.918610572814941,-9.626989364624023,-9.43066120147705,-9.030808448791504,-8.322543144226074,-7.689635753631592,-7.520922660827637,-7.938287734985352,-8.935524940490723,-9.42936897277832,-9.001863479614258,-8.055060386657715,-6.802367687225342,-6.227892875671387,-6.813504219055176,-8.197542190551758,-9.600231170654297,-10.487086296081543,-10.86733341217041,-10.708086013793945,-10.193060874938965,-9.806628227233887,-9.331883430480957,-9.014451026916504,-8.921628952026367
-9.151573181152344,-9.432149887084961,-9.753939628601074,-10.562599182128906,-11.159767150878906,-11.031213760375977,-10.553767204284668,-10.063232421875,-9.604207038879395,-9.299116134643555,-9.420269966125488,-9.948419570922852,-10.611696243286133,-10.992940902709961,-11.03254508972168,-10.918207168579102,-10.566732406616211,-10.48706340789795,-10.350778579711914,-10.134578704833984,-9.860836029052734,-9.551443099975586,-9.054034233093262,-8.394474029541016,-8.012598991394043,-8.125329971313477,-8.619636535644531,-8.964062690734863,-8.857043266296387,-8.371191024780273,-7.489786148071289,-6.94334077835083,-7.103054046630859,-7.6982741355896,-8.740981101989746,-9.95508098602295,-10.862418174743652,-10.999451637268066,-10.360725402832031,-9.786728858947754,-9.289809226989746,-9.112381935119629,-9.08548355102539
-8.986380577087402,-9.48084545135498,-9.38387680053711,-9.249671936035156,-10.315156936645508,-10.883550643920898,-10.278120040893555,-9.924370765686035,-9.671401023864746,-9.44989013671875,-9.665050506591797,-10.123384475708008,-10.64854621887207,-11.084502220153809,-11.334674835205078,-11.261255264282227,-10.948196411132812,-10.724380493164062,-10.62664794921875,-10.471696853637695,-10.179803848266602,-9.807015419006348,-9.28825855255127,-8.684585571289062,-8.141818046569824,-8.093611717224121,-8.713976860046387,-9.260502815246582,-9.428353309631348,-9.217177391052246,-8.668444633483887,-8.31036376953125,-8.129605293273926,-8.012105941772461,-8.458911895751953,-9.499435424804688,-10.560685157775879,-11.01091194152832,-10.510193824768066,-9.851394653320312,-9.285563468933105,-9.223691940307617,-9.300349235534668
-9.043421745300293,-9.182271003723145,-8.701457977294922,-8.245718002319336,-9.236584663391113,-10.460381507873535,-10.039159774780273,-9.273880958557129,-9.0872802734375,-9.27881145477295,-9.739913940429688,-10.176530838012695,-10.561528205871582,-11.047417640686035,-11.345307350158691,-11.147866249084473,-11.109576225280762,-10.894543647766113,-10.712587356567383,-10.488465309143066,-10.244121551513672,-9.949233055114746,-9.49307632446289,-8.897361755371094,-8.543006896972656,-8.65916919708252,-8.940967559814453,-9.239015579223633,-9.480233192443848,-9.479889869689941,-9.262429237365723,-8.98413372039795,-8.812616348266602,-8.658995628356934,-8.755516052246094,-9.357635498046875,-10.120451927185059,-10.64954948425293,-10.5740327835083,-9.887939453125,-9.283796310424805,-8.986211776733398,-9.097549438476562
-9.244429588317871,-9.322674751281738,-9.13376235961914,-8.712220191955566,-8.155684471130371,-8.848910331726074,-9.776202201843262,-9.208977699279785,-8.625876426696777,-8.917268753051758,-9.235739707946777,-9.724723815917969,-10.271200180053711,-10.813559532165527,-11.22495174407959,-11.28725528717041,-11.51469898223877,-11.29968547821045,-10.789495468139648,-10.234143257141113,-9.881969451904297,-9.645072937011719,-9.334622383117676,-9.036029815673828,-8.867803573608398,-8.848586082458496,-8.92359447479248,-9.109125137329102,-9.469259262084961,-9.791335105895996,-9.684724807739258,-9.213068008422852,-8.94456958770752,-9.068026542663574,-9.24383544921875,-9.355378150939941,-9.608466148376465,-9.988889694213867,-10.147501945495605,-9.785977363586426,-9.061355590820312,-8.659173011779785,-8.652671813964844
-10.033103942871094,-9.924814224243164,-10.143184661865234,-10.05129337310791,-9.025125503540039,-8.374452590942383,-8.259112358093262,-8.366719245910645,-8.744128227233887,-9.039546012878418,-8.721400260925293,-8.77099895477295,-9.710057258605957,-10.375000953674316,-10.910554885864258,-11.289544105529785,-11.508585929870605,-11.354907035827637,-10.777982711791992,-10.084796905517578,-9.534414291381836,-9.176905632019043,-9.001830101013184,-9.063682556152344,-9.169119834899902,-9.098527908325195,-8.934367179870605,-8.942205429077148,-9.293140411376953,-9.742866516113281,-9.828369140625,-9.461528778076172,-9.1582670211792,-9.206879615783691,-9.278413772583008,-9.18537712097168,-9.223631858825684,-9.486309051513672,-9.6009521484375,-9.399358749389648,-8.943982124328613,-8.62161636352539,-8.51141357421875
-10.062175750732422,-10.016544342041016,-10.149112701416016,-10.478954315185547,-10.219764709472656,-9.351487159729004,-8.268767356872559,-7.307040214538574,-7.4134111404418945,-8.75782299041748,-8.742122650146484,-8.43147087097168,-9.219670295715332,-9.594904899597168,-10.032312393188477,-10.547507286071777,-10.891192436218262,-10.88861083984375,-10.370723724365234,-9.694501876831055,-9.20213508605957,-8.970075607299805,-8.88340950012207,-8.991800308227539,-9.220215797424316,-9.310467720031738,-9.239879608154297,-9.228440284729004,-9.384880065917969,-9.530295372009277,-9.512093544006348,-9.361458778381348,-9.313836097717285,-9.389845848083496,-9.338635444641113,-9.162054061889648,-9.128975868225098,-9.199616432189941,-9.095032691955566,-8.918190956115723,-8.854262351989746,-8.773622512817383,-8.562613487243652
-9.84810733795166,-9.907678604125977,-9.503929138183594,-9.51164436340332,-9.578487396240234,-9.507893562316895,-9.219566345214844,-8.612616539001465,-7.747751712799072,-7.700019359588623,-8.674089431762695,-9.008011817932129,-9.05817985534668,-9.04388427734375,-9.11270809173584,-9.648070335388184,-10.103373527526855,-10.290635108947754,-9.864357948303223,-9.274518013000488,-8.995831489562988,-8.937911987304688,-8.946014404296875,-8.915136337280273,-8.963139533996582,-9.298672676086426,-9.568650245666504,-9.731295585632324,-9.719075202941895,-9.420183181762695,-9.191006660461426,-9.050182342529297,-9.126961708068848,-9.287820816040039,-9.320322036743164,-9.25586223602295,-9.215812683105469,-9.100325584411621,-8.80780029296875,-8.615045547485352,-8.727859497070312,-8.808232307434082,-8.625571250915527
-9.327659606933594,-10.202244758605957,-9.541664123535156,-8.813874244689941,-9.04397201538086,-9.228318214416504,-8.836484909057617,-8.357939720153809,-8.133341789245605,-8.24564266204834,-8.47224235534668,-8.87621784210205,-8.945060729980469,-8.862957000732422,-8.566166877746582,-8.287479400634766,-9.02042007446289,-9.753949165344238,-9.560174942016602,-8.997309684753418,-8.970075607299805,-9.054434776306152,-8.906951904296875,-8.920839309692383,-9.138803482055664,-9.386282920837402,-9.450654983520508,-9.762221336364746,-9.928829193115234,-9.704652786254883,-9.430728912353516,-9.105742454528809,-9.073648452758789,-9.169146537780762,-9.151829719543457,-9.132628440856934,-9.174393653869629,-9.052970886230469,-8.730090141296387,-8.529535293579102,-8.60246753692627,-8.716894149780273,-8.730698585510254
-8.343013763427734,-9.382564544677734,-9.540891647338867,-9.330448150634766,-9.272467613220215,-9.056292533874512,-8.68217658996582,-7.854016304016113,-7.3745222091674805,-7.570529937744141,-8.034805297851562,-8.638188362121582,-9.515649795532227,-9.733357429504395,-8.867488861083984,-7.682706356048584,-7.426689147949219,-7.844923496246338,-8.446065902709961,-8.592451095581055,-8.859783172607422,-9.477313995361328,-9.158967971801758,-8.904380798339844,-9.133307456970215,-9.33913516998291,-9.468232154846191,-9.641919136047363,-9.784125328063965,-9.877991676330566,-9.765240669250488,-9.574732780456543,-9.506168365478516,-9.489420890808105,-9.340899467468262,-9.13280963897705,-9.028648376464844,-8.984930038452148,-8.826220512390137,-8.617566108703613,-8.4789457321167,-8.447598457336426,-8.601737976074219
-7.867480278015137,-8.990437507629395,-9.331464767456055,-9.47240161895752,-9.41775894165039,-8.93132209777832,-7.969663143157959,-7.1665239334106445,-6.907531261444092,-7.066006183624268,-7.655768394470215,-8.656837463378906,-9.872421264648438,-10.394234657287598,-9.753085136413574,-8.820137977600098,-7.86488151550293,-6.962136745452881,-6.65353536605835,-7.011828422546387,-7.239855766296387,-8.723189353942871,-9.774374961853027,-8.768120765686035,-8.508891105651855,-8.999571800231934,-9.276193618774414,-9.449268341064453,-9.61203384399414,-9.70210075378418,-9.835317611694336,-9.937915802001953,-9.957895278930664,-9.803427696228027,-9.590577125549316,-9.340253829956055,-9.067787170410156,-8.914738655090332,-8.801886558532715,-8.562445640563965,-8.202447891235352,-7.968238830566406,-8.093238830566406
-7.5611066818237305,-8.78222370147705,-9.432244300842285,-9.409289360046387,-8.93558120727539,-8.145914077758789,-7.207268238067627,-6.629636764526367,-6.595656871795654,-6.9841179847717285,-7.871753692626953,-9.232985496520996,-10.257057189941406,-10.456771850585938,-10.281707763671875,-9.691078186035156,-8.748629570007324,-8.598413467407227,-7.965022087097168,-7.204097747802734,-7.398414611816406,-8.399589538574219,-9.52527904510498,-9.083619117736816,-7.861231327056885,-7.697010517120361,-8.305656433105469,-9.14260196685791,-9.605880737304688,-9.434033393859863,-9.502532958984375,-9.697280883789062,-9.920269966125488,-9.886781692504883,-9.732237815856934,-9.466737747192383,-9.100533485412598,-8.953240394592285,-8.864691734313965,-8.51427173614502,-7.957159519195557,-7.616608619689941,-7.614297389984131
-7.912667751312256,-8.717469215393066,-9.204915046691895,-8.954586029052734,-8.200145721435547,-7.283737659454346,-6.444370269775391,-6.0027360916137695,-6.247895240783691,-7.173325538635254,-8.289785385131836,-9.247395515441895,-9.949551582336426,-10.413235664367676,-10.835394859313965,-10.913434028625488,-10.058938980102539,-8.57657241821289,-7.560314655303955,-8.572113037109375,-10.08016300201416,-9.9688720703125,-8.958950996398926,-8.553486824035645,-8.161816596984863,-6.9843549728393555,-6.635856628417969,-7.323184013366699,-8.521574020385742,-9.147085189819336,-8.967604637145996,-9.046516418457031,-9.483461380004883,-9.886005401611328,-9.871943473815918,-9.480297088623047,-9.104926109313965,-8.910873413085938,-8.763465881347656,-8.399336814880371,-7.901566982269287,-7.509937286376953,-7.2357964515686035
-8.185539245605469,-8.511798858642578,-8.931254386901855,-8.62298583984375,-7.769632816314697,-6.940240383148193,-6.23906135559082,-5.879578113555908,-6.413810729980469,-7.855653285980225,-9.117984771728516,-9.528306007385254,-9.619756698608398,-10.095908164978027,-10.613241195678711,-10.538103103637695,-10.218207359313965,-9.523680686950684,-8.820087432861328,-8.369376182556152,-8.104412078857422,-8.02299976348877,-8.254237174987793,-8.168680191040039,-8.111600875854492,-7.3230390548706055,-5.65632438659668,-5.12724494934082,-6.232412338256836,-7.774209022521973,-8.499590873718262,-8.916462898254395,-9.25024127960205,-9.60512638092041,-9.826505661010742,-9.483768463134766,-9.045175552368164,-8.731595039367676,-8.494534492492676,-8.177042007446289,-7.887592315673828,-7.60574197769165,-7.1490373611450195
