data/wind_data/wind_Surface_47.json
{"header": {"parameterUnit": "KT", "parameterCategory": 2, "nx": 255, "ny": 198, "lo1": 44.73521041870117, "la1": -3.236724853515625, "lo2": 111.26478576660156, "la2": 43.468475341796875, "dx": 0.26192745566368103, "dy": -0.23708222806453705, "refTime": "2025-02-20 23:00:00", "forecastTime": 0, "parameterNumber": 2, "parameterNumberName": "eastward_wind"}, "data":
[rows 76 to 94 of 198, columns 129 to 171 of 255]
-2.259622097015381,-1.3586723804473877,-0.6117475628852844,-0.554592490196228,-0.508945643901825,-0.8985467553138733,-1.0282304286956787,-1.1187382936477661,-1.9106504917144775,-2.4374969005584717,-2.115811347961426,-2.6061813831329346,-2.3209095001220703,-2.6898679733276367,-4.03242826461792,-3.920670986175537,-3.1351921558380127,-2.829913377761841,-2.76721453666687,-3.543409824371338,-3.5226612091064453,-3.378749132156372,-3.5927786827087402,-3.6157941818237305,-3.5186944007873535,-3.297396421432495,-2.7744998931884766,-3.0430972576141357,-3.0128211975097656,-2.681684732437134,-3.13216233253479,-3.098700761795044,-3.108778476715088,-3.5927462577819824,-4.256494045257568,-4.301969051361084,-3.7365381717681885,-3.698045015335083,-3.4428393840789795,-2.895399332046509,-2.414754629135132,-1.7516335248947144,-1.1088653802871704
-1.5425734519958496,-0.862602174282074,-1.451965570449829,-1.360620141029358,-0.6863436698913574,-0.7471609115600586,-1.028853178024292,-1.8900763988494873,-3.079660177230835,-3.336069345474243,-2.9479715824127197,-2.507035493850708,-1.8713687658309937,-1.5160096883773804,-1.797739028930664,-3.031214952468872,-2.6203575134277344,-1.6053941249847412,-1.3590080738067627,-1.886915922164917,-2.468144416809082,-2.37808895111084,-2.900815725326538,-3.614382266998291,-3.538482904434204,-3.4913828372955322,-3.2813916206359863,-3.7873752117156982,-3.293065309524536,-2.5763425827026367,-2.7755026817321777,-2.267116069793701,-2.4470882415771484,-3.3062243461608887,-4.013163089752197,-4.430091381072998,-3.4674246311187744,-3.174114942550659,-3.3030450344085693,-2.4452338218688965,-1.787444829940796,-1.008661150932312,-0.31358104944229126
-1.8688969612121582,-1.792662262916565,-2.5395925045013428,-1.5805394649505615,-0.5345055460929871,-0.517808198928833,-1.1042283773422241,-2.33739972114563,-3.163095712661743,-3.5230515003204346,-3.7422049045562744,-3.004655122756958,-2.893953323364258,-3.4273338317871094,-2.642481803894043,-2.0447890758514404,-1.646885633468628,-0.8894789218902588,-0.0685170590877533,0.09544628113508224,-0.9140209555625916,-1.2862613201141357,-2.092602252960205,-3.0661964416503906,-2.99487566947937,-3.7136030197143555,-4.247460842132568,-3.060173988342285,-2.729417324066162,-2.5637712478637695,-1.7018150091171265,-1.7430223226547241,-2.3998172283172607,-3.3129003047943115,-3.8407833576202393,-4.075779438018799,-3.234384775161743,-2.773810625076294,-2.696094274520874,-1.7325209379196167,-1.0130085945129395,-0.29243773221969604,0.3139462172985077
-1.5803226232528687,-1.6989587545394897,-2.3848445415496826,-1.8464945554733276,-0.6958927512168884,-0.4361839294433594,-1.2416719198226929,-1.8935960531234741,-2.093841552734375,-3.2060203552246094,-4.934764385223389,-5.221839427947998,-4.135605812072754,-2.860295295715332,-1.6366887092590332,-0.9002274870872498,0.00966507289558649,0.5197904109954834,0.9633015990257263,1.2474603652954102,0.5514149069786072,-0.08420056104660034,-0.9712055921554565,-2.2548751831054688,-2.8606388568878174,-2.9567131996154785,-3.446181297302246,-3.282411575317383,-1.9186443090438843,-1.520406723022461,-1.6099425554275513,-1.3848356008529663,-2.075774669647217,-3.0889525413513184,-3.5739588737487793,-3.381425142288208,-3.1059677600860596,-2.575216054916382,-1.7523993253707886,-0.9676716327667236,-0.2729344069957733,0.27018195390701294,0.7350177764892578
-2.1410930156707764,-1.5666825771331787,-1.636474847793579,-1.5794306993484497,-0.7536097168922424,-0.27060776948928833,-1.116865873336792,-1.3143260478973389,-0.9595694541931152,-1.9995367527008057,-3.7518091201782227,-5.3994622230529785,-5.3600993156433105,-3.9032018184661865,-1.6413652896881104,0.6074602603912354,2.0592150688171387,2.6257529258728027,2.732923984527588,2.539072036743164,1.4241896867752075,0.2746811509132385,-0.011365160346031189,-1.186374306678772,-2.0868499279022217,-1.9819490909576416,-3.212287187576294,-2.6521570682525635,-0.9542191028594971,-0.7025868892669678,-0.4425094425678253,-0.7069790959358215,-1.3989324569702148,-2.085397243499756,-3.0126826763153076,-2.8911328315734863,-2.704719066619873,-1.9917575120925903,-1.0725528001785278,-0.2870023250579834,0.20609721541404724,0.6008997559547424,1.0915621519088745
-2.843409538269043,-1.5660849809646606,-0.44265955686569214,-0.11323723196983337,0.008368362672626972,-0.13637545704841614,-0.8361637592315674,-0.6472641229629517,-0.16761702299118042,-0.9686247110366821,-1.1190743446350098,-1.951530933380127,-5.303468227386475,-4.5234456062316895,-0.6867551207542419,3.344200372695923,4.391985893249512,2.8717570304870605,3.0141825675964355,4.248874187469482,2.525563955307007,1.347853660583496,0.01952255517244339,-0.3556215763092041,-1.6803021430969238,-1.9723869562149048,-0.8246452808380127,-1.369319200515747,0.985916256904602,0.7758848071098328,0.2877539098262787,0.7361384630203247,-0.6466506123542786,-1.6730444431304932,-2.323897361755371,-2.27858567237854,-2.088062286376953,-1.530997395515442,-0.6568236351013184,0.15074490010738373,0.5993527770042419,0.8657594919204712,1.336372971534729
-1.5359526872634888,-0.2520235776901245,0.6826575398445129,0.905160129070282,0.7027806639671326,0.24480608105659485,-0.2276378720998764,-0.405612587928772,-0.3503149151802063,-0.43424147367477417,1.0226774215698242,2.5178582668304443,-1.5438178777694702,-6.027695178985596,-4.450570583343506,1.1213706731796265,5.237429141998291,5.96615743637085,4.355484485626221,3.379234552383423,3.421795129776001,2.0486931800842285,-0.13795165717601776,0.9609336853027344,-0.0943770557641983,-2.0334997177124023,-0.07107476890087128,0.12411732971668243,1.4180763959884644,1.6061670780181885,1.7458655834197998,1.5908925533294678,-0.011824801564216614,-1.2076112031936646,-1.3436565399169922,-1.2405365705490112,-1.4880266189575195,-0.8557982444763184,-0.24148716032505035,0.5389305353164673,0.924569845199585,1.1382105350494385,1.6244175434112549
1.3491379022598267,1.9834849834442139,1.4758081436157227,0.8081157803535461,0.39727771282196045,0.477449506521225,0.008723660372197628,-0.8211312890052795,-0.9198445677757263,-0.44896790385246277,1.3171882629394531,3.157334566116333,2.290065050125122,-3.092759132385254,-5.527075290679932,-2.1317763328552246,4.914097785949707,7.407588481903076,6.008570671081543,2.8827433586120605,1.2235991954803467,2.4089086055755615,1.4920318126678467,0.6485472917556763,-0.25657418370246887,-1.5255439281463623,0.4709550440311432,0.6365191340446472,1.2870128154754639,2.702718496322632,2.7234153747558594,2.3311405181884766,0.9016875624656677,-0.5990427732467651,-0.2087167501449585,0.08757390081882477,-0.6023644804954529,-0.020746001973748207,0.40797364711761475,1.037135362625122,1.4442379474639893,1.569739580154419,1.8335740566253662
3.547201156616211,3.919872522354126,2.8335154056549072,0.9029108881950378,0.0038150958716869354,0.07781078666448593,-0.13836491107940674,-0.7298306226730347,-1.2489558458328247,-0.9371933937072754,0.9376866221427917,3.535896062850952,3.0142390727996826,-1.1191437244415283,-4.865259170532227,-4.135639190673828,2.9850635528564453,7.986375331878662,6.560993194580078,2.800541639328003,0.23656772077083588,1.1764533519744873,2.322343111038208,1.346904993057251,0.38048577308654785,-0.7190852761268616,0.11007560789585114,1.4294438362121582,1.5001853704452515,2.178083896636963,3.463538885116577,2.8913114070892334,1.501794457435608,0.9987674355506897,1.0603697299957275,0.9392970204353333,0.6532613635063171,0.8977558612823486,1.1945613622665405,1.6390794515609741,1.9353511333465576,1.914523959159851,2.1839165687561035
3.202544689178467,3.433907985687256,1.7255778312683105,0.34937357902526855,-0.575036883354187,-0.908351480960846,-0.6539583206176758,-0.8094733953475952,-1.3284574747085571,-0.7623047828674316,0.721254289150238,2.0450150966644287,3.1856226921081543,0.32512328028678894,-3.8900527954101562,-3.3407509326934814,1.3896054029464722,6.891532897949219,6.366968154907227,1.9829068183898926,0.33774274587631226,1.130245327949524,1.1497656106948853,1.7015464305877686,0.9202010631561279,0.3274950385093689,0.7345874309539795,2.152775287628174,1.2847601175308228,1.379621148109436,3.055959939956665,3.4201197624206543,2.909428119659424,2.2123970985412598,2.1715118885040283,1.9375044107437134,1.828495740890503,1.7954797744750977,1.9842699766159058,2.295316696166992,2.4007208347320557,2.3610455989837646,2.5825469493865967
1.25845468044281,1.4823681116104126,-1.3407862186431885,-1.513462781906128,-1.0739408731460571,-1.4258099794387817,-1.4312410354614258,-1.3707292079925537,-1.2705389261245728,-0.584696888923645,0.4550055265426636,0.5327839255332947,2.066246271133423,3.3411896228790283,0.6476916074752808,-2.087573766708374,0.1888779252767563,5.0108561515808105,6.1949143409729,2.4578607082366943,0.023522211238741875,0.7976632118225098,-0.18026359379291534,-0.4627819359302521,0.16567745804786682,1.093866229057312,1.4695695638656616,0.6500307321548462,0.1292446255683899,1.3995225429534912,2.9253156185150146,3.4835245609283447,3.73618221282959,3.3879644870758057,3.2013888359069824,2.8574836254119873,2.6925048828125,2.615022897720337,2.5746781826019287,2.649549722671509,2.782611131668091,2.9362411499023438,3.1266918182373047
-2.9696407318115234,-3.4727091789245605,-2.3141627311706543,-0.35538211464881897,-0.9051743149757385,-1.7585828304290771,-2.2002017498016357,-2.28525972366333,-2.422468662261963,-1.317503571510315,1.3267003297805786,2.277069091796875,2.3614351749420166,3.4567928314208984,3.4929299354553223,1.061434268951416,-0.1706043928861618,2.738556385040283,4.593034744262695,2.360774040222168,-0.2933115065097809,-0.05534662678837776,-0.4826068878173828,-0.5164833664894104,-0.008155157789587975,0.7972287535667419,1.6729769706726074,0.7528237700462341,1.1646127700805664,1.5858832597732544,2.4215521812438965,4.3950042724609375,4.356522083282471,4.059463977813721,3.5894694328308105,3.0738558769226074,2.80423641204834,2.851419687271118,2.8919410705566406,3.0388896465301514,3.3964450359344482,3.7100002765655518,3.994969129562378
-0.27611875534057617,-2.982652425765991,-2.018049478530884,1.0422170162200928,-0.04200403019785881,-1.7653535604476929,-1.9771640300750732,-2.1643474102020264,-2.7403130531311035,-1.3980023860931396,2.065978765487671,3.6640732288360596,3.153197765350342,3.024975538253784,4.309051990509033,4.971510410308838,1.7293661832809448,0.641627311706543,1.5899608135223389,0.3884478211402893,-0.5223813056945801,-1.46337890625,-1.1855120658874512,0.8799550533294678,1.0745171308517456,-0.4631316065788269,0.4524480104446411,0.7063590884208679,-0.01028008945286274,2.6354293823242188,3.9200916290283203,4.116445541381836,4.707564353942871,4.021666526794434,3.30747127532959,2.7900373935699463,2.5695953369140625,2.7462878227233887,3.060148000717163,3.431473970413208,3.9577534198760986,4.54619026184082,5.0542731285095215
-0.5860880613327026,0.3618957996368408,0.6492374539375305,0.2517186105251312,-0.4668213725090027,-1.8356152772903442,-2.375584840774536,-1.8883305788040161,-1.516451358795166,0.05776449292898178,2.1470959186553955,2.308875322341919,2.488487720489502,3.8845412731170654,6.795492172241211,7.936040878295898,3.1573684215545654,-0.15974420309066772,-0.691554605960846,-1.47239351272583,-1.3146660327911377,-1.9724767208099365,-0.872870683670044,0.6884194612503052,0.23941917717456818,-0.874763548374176,-0.2333303838968277,0.3089088797569275,0.5346866846084595,3.0084009170532227,4.266213893890381,4.37742805480957,4.30194616317749,4.028359413146973,3.2904999256134033,2.6600286960601807,2.541193962097168,2.7159194946289062,3.0608859062194824,3.4411745071411133,4.139608383178711,5.079678535461426,5.752342700958252
0.7865522503852844,1.8882132768630981,1.284075379371643,-1.3246947526931763,-3.3990590572357178,-2.677478551864624,-1.5434004068374634,-0.5397671461105347,0.546164870262146,0.9460881948471069,0.13954851031303406,0.22121357917785645,2.3710196018218994,5.100396156311035,8.624978065490723,8.09627628326416,2.9115936756134033,-0.6076266169548035,-2.7533388137817383,-3.685741662979126,-2.7133610248565674,-1.6239981651306152,-0.0811195969581604,0.2562878131866455,-0.6109911203384399,-0.2322125881910324,-0.09975416213274002,0.19030123949050903,1.0278406143188477,2.9744980335235596,4.556933879852295,4.414526462554932,3.8668229579925537,3.681734561920166,3.5992367267608643,3.0644965171813965,2.875643491744995,2.9044859409332275,3.1044139862060547,3.214040756225586,3.8495495319366455,5.173807144165039,6.169238567352295
-0.39688822627067566,1.7418049573898315,-0.17468804121017456,-4.185144901275635,-4.4644775390625,-2.7835800647735596,-1.3982563018798828,0.5287811160087585,2.191582441329956,1.0788733959197998,-1.1684569120407104,0.25245121121406555,3.071953296661377,4.2314348220825195,7.281721115112305,7.486758232116699,3.521742820739746,0.7120591402053833,-0.8317777514457703,-3.5328524112701416,-3.6760239601135254,-2.214776039123535,-0.36761125922203064,-0.5263974666595459,-0.8068248629570007,0.1448134183883667,-0.21843454241752625,-0.652924656867981,0.36964839696884155,2.097429037094116,3.3421168327331543,3.9787256717681885,4.0391669273376465,3.6586785316467285,3.339348793029785,3.6545162200927734,3.626009702682495,3.146719217300415,3.1850578784942627,3.3233659267425537,3.8934707641601562,5.138759613037109,6.417878150939941
1.038308024406433,0.874108612537384,-0.5971851944923401,-4.029989242553711,-4.400172710418701,-3.0942044258117676,-2.497347116470337,-1.3472070693969727,2.2751235961914062,4.094390869140625,3.5003883838653564,3.0270750522613525,3.4640188217163086,3.0793304443359375,4.850250244140625,6.6926445960998535,4.103682041168213,-0.357590913772583,-0.5073926448822021,-1.2710210084915161,-2.0685646533966064,-1.3056832551956177,-1.0242500305175781,-2.5388941764831543,-2.2274348735809326,-0.9361440539360046,-0.6842182874679565,-1.4758739471435547,-1.6477205753326416,0.20214122533798218,1.7045680284500122,2.5263845920562744,3.9801132678985596,4.458064079284668,3.860219955444336,4.122259616851807,4.334567546844482,3.6850876808166504,3.3358709812164307,3.421889543533325,4.1878180503845215,5.408290863037109,6.469978332519531
-0.19135242700576782,-1.6385279893875122,-0.6025363206863403,-0.9616650938987732,-3.4498801231384277,-4.15121603012085,-3.293933629989624,-1.966875433921814,1.170462727546692,4.2171783447265625,5.498199462890625,5.171548843383789,4.076958656311035,2.4932308197021484,2.1203975677490234,2.9186277389526367,0.3109027147293091,-3.191889762878418,-3.4582207202911377,-2.6144840717315674,-2.3187649250030518,-2.051711082458496,-3.1797380447387695,-4.319757461547852,-3.7988550662994385,-2.0551278591156006,-0.1517716646194458,-1.7347007989883423,-2.90446138381958,1.1679526567459106,2.5236082077026367,1.343077301979065,2.612351894378662,3.991399049758911,4.4205474853515625,5.180683135986328,4.684390544891357,4.343310832977295,4.037590503692627,3.6971242427825928,4.381722450256348,5.548948764801025,6.225188255310059
0.3409419357776642,0.11421927064657211,1.305662989616394,2.2530248165130615,0.10487916320562363,-2.985167980194092,-3.6571199893951416,-2.292591094970703,0.8855665326118469,3.2362937927246094,4.006210803985596,4.502808570861816,3.8258423805236816,1.7377673387527466,0.7869813442230225,-1.0665080547332764,-4.1738080978393555,-5.5010504722595215,-5.229362487792969,-4.980015277862549,-5.270072937011719,-5.942856788635254,-6.473273277282715,-6.642025947570801,-5.051721096038818,-3.102755069732666,-1.6648753881454468,-2.816012382507324,-2.9940340518951416,0.7732545137405396,3.349011182785034,3.789088249206543,4.096684455871582,4.276495933532715,4.543148994445801,4.952343463897705,4.528346538543701,4.615574359893799,4.79923677444458,4.428885459899902,4.669421195983887,5.533264636993408,6.169847011566162
