data/wind_data/wind_20_1.json
{"header": {"parameterUnit": "KT", "parameterCategory": 2, "nx": 256, "ny": 198, "lo1": 44.73521041870117, "la1": -3.236724853515625, "lo2": 111.26478576660156, "la2": 43.468475341796875, "dx": 0.2609002888202667, "dy": -0.23708222806453705, "refTime": "2025-02-19 20:00:00", "forecastTime": 0, "parameterNumber": 2, "parameterNumberName": "eastward_wind"}, "data":
[rows 38 to 56 of 198, columns 86 to 128 of 256]
-6.930261135101318,-8.023674011230469,-6.502084732055664,-6.012392520904541,-5.203446865081787,-3.061110496520996,-4.730350017547607,-4.567729949951172,-4.166838645935059,-4.2152204513549805,-3.386207103729248,-2.785426139831543,-2.7666425704956055,-2.972899913787842,0.4035002291202545,-4.801438331604004,0.7238320708274841,-3.6366608142852783,0.9683160185813904,-1.5330791473388672,0.5196336507797241,-0.1332462579011917,1.916528582572937,1.610550880432129,3.251033067703247,3.69779109954834,3.7098312377929688,3.3169522285461426,2.867354393005371,1.8391040563583374,1.523490309715271,1.120078682899475,0.8127960562705994,0.34209588170051575,0.23505498468875885,0.3602588474750519,0.5039860606193542,0.5285460948944092,0.7145194411277771,0.8745631575584412,0.9422520399093628,0.08383151143789291,-1.9882177114486694
-7.587368011474609,-8.332130432128906,-6.181502342224121,-6.043335914611816,-4.6635966300964355,-3.1570775508880615,-4.407749176025391,-4.466587066650391,-3.3763773441314697,-4.329899311065674,-2.769944906234741,-2.8017208576202393,-1.119419813156128,-3.3403306007385254,-0.6794300675392151,-2.4042930603027344,-0.7585439682006836,-2.0796148777008057,0.3658357262611389,-1.4741156101226807,1.4774887561798096,0.3602878153324127,2.116251230239868,2.6118786334991455,3.7632029056549072,4.284142971038818,4.686330318450928,4.2541375160217285,3.360546350479126,2.4502391815185547,1.7679823637008667,1.2507472038269043,1.0189638137817383,0.5529006123542786,0.17077840864658356,0.2248729020357132,0.7713455557823181,1.1362169981002808,0.9395474195480347,0.6305283904075623,0.2613692283630371,-0.15105395019054413,-2.1785671710968018
-7.553088188171387,-8.353266716003418,-6.408801555633545,-5.0955305099487305,-3.467650890350342,-3.60775089263916,-4.011528015136719,-3.9071712493896484,-2.635925531387329,-3.08624267578125,-2.4523258209228516,-1.9422430992126465,-1.7318413257598877,-1.521051287651062,-1.6399688720703125,-0.17577606439590454,-1.2045042514801025,-0.4537905752658844,-0.3119959533214569,-0.08756806701421738,0.9236730337142944,1.031732201576233,2.153459310531616,2.936560869216919,3.9831743240356445,4.473243713378906,5.152783393859863,4.660425662994385,3.8432705402374268,3.085864543914795,2.5535929203033447,2.0599327087402344,1.5732628107070923,1.0216981172561646,0.31975629925727844,0.2400943636894226,0.75829017162323,1.4485644102096558,1.3784910440444946,0.6868035197257996,-0.554043173789978,-0.4881417453289032,-2.6736223697662354
-7.403953552246094,-9.106463432312012,-6.856231212615967,-4.662057399749756,-2.9799845218658447,-4.202650547027588,-2.7147505283355713,-3.517531394958496,-2.826857328414917,-1.0039905309677124,-0.5636614561080933,-1.0193897485733032,-3.6836793422698975,0.8438726663589478,-3.023926258087158,0.9267045259475708,-0.7969282269477844,0.7182621359825134,0.3075346052646637,0.9207926988601685,1.99003005027771,1.9016447067260742,2.879591703414917,2.8986525535583496,4.181536674499512,4.490241050720215,5.221770763397217,4.9882941246032715,4.3702921867370605,3.749129056930542,3.1723899841308594,2.73384952545166,2.1773409843444824,1.6454602479934692,0.7894120216369629,0.5743825435638428,0.8286645412445068,1.8279638290405273,2.0663135051727295,1.7805923223495483,0.16711242496967316,-0.03057190217077732,-3.1023969650268555
-10.047558784484863,-8.983882904052734,-7.265089988708496,-4.837292671203613,-3.8214688301086426,-2.7438814640045166,-1.7159110307693481,-4.162140369415283,-1.9616219997406006,-2.7677435874938965,1.8583838939666748,-2.649789810180664,-2.204801321029663,0.508966326713562,-2.7297050952911377,1.3116941452026367,0.04089340567588806,1.5757564306259155,0.980976939201355,1.6776525974273682,2.1899654865264893,2.5755515098571777,3.1029934883117676,3.0273709297180176,3.78543758392334,4.282703399658203,4.958285331726074,5.040936470031738,4.656800746917725,4.068075656890869,3.5889925956726074,3.134486675262451,2.5651137828826904,2.0339670181274414,1.4613094329833984,1.191793441772461,1.0276787281036377,2.1985228061676025,2.015033006668091,3.3249874114990234,3.0291144847869873,1.9393669366836548,-2.953768491744995
-9.093738555908203,-7.961279392242432,-5.790549278259277,-4.267952919006348,-3.1618947982788086,-1.3384860754013062,-1.072679042816162,-4.213715553283691,-2.2995760440826416,-3.1112959384918213,-0.2785789966583252,-1.8995896577835083,-0.24726492166519165,-0.7221004962921143,-0.5376719236373901,0.6961468458175659,0.9357601404190063,2.077063798904419,1.4716815948486328,2.3265023231506348,2.3351542949676514,3.4194793701171875,3.836729049682617,3.4178426265716553,3.840240240097046,3.8594095706939697,4.537022590637207,4.821770191192627,4.672553539276123,4.08933162689209,3.7004780769348145,3.104527473449707,2.929405450820923,2.1251373291015625,2.2437446117401123,1.5627598762512207,2.047945022583008,1.5900262594223022,0.3448631465435028,2.412435531616211,2.7852423191070557,3.3601877689361572,-1.40362548828125
-7.820859432220459,-6.301814556121826,-3.7635555267333984,-1.1325470209121704,-2.6432228088378906,-1.3137189149856567,1.1315529346466064,-3.3524038791656494,-2.816823720932007,-2.663238525390625,-0.2679003179073334,1.7193650007247925,0.07151761651039124,0.3020403981208801,1.6674200296401978,-0.24770742654800415,1.7178767919540405,2.1167964935302734,1.8466880321502686,2.225968837738037,2.476017951965332,4.161713600158691,4.074254512786865,3.6028478145599365,3.9644789695739746,3.7903451919555664,4.256512641906738,4.514605522155762,4.432446002960205,3.9929490089416504,3.491145372390747,2.8965985774993896,2.609159231185913,2.3182272911071777,2.5628554821014404,2.259310483932495,2.7512621879577637,-3.1306300163269043,-2.791219711303711,1.2371145486831665,5.016519546508789,5.195052623748779,0.03270215913653374
-5.394780158996582,-3.358403205871582,-2.6064233779907227,-0.24728502333164215,-1.9169429540634155,-1.8530935049057007,1.8173378705978394,-2.164215564727783,-4.100322246551514,-0.566986083984375,1.5856355428695679,4.635202407836914,-0.3877207636833191,0.47143736481666565,0.7446329593658447,1.728973627090454,1.0566240549087524,2.731529951095581,2.0279154777526855,2.6288633346557617,2.317161798477173,4.756544589996338,3.406609058380127,3.496049165725708,3.895915985107422,3.5629427433013916,3.8779003620147705,3.9772839546203613,3.8707265853881836,3.8565289974212646,3.3925693035125732,3.0100083351135254,1.9550741910934448,2.74334454536438,1.7275177240371704,4.168878078460693,-1.8620325326919556,-4.586983680725098,-2.5374696254730225,3.9940185546875,7.688318729400635,5.349236965179443,4.544771671295166
-4.414436340332031,0.2926138937473297,-3.949075698852539,-3.2869248390197754,-0.9573983550071716,-2.2715423107147217,0.4623247981071472,-1.0803544521331787,-3.815699815750122,-0.07985151559114456,2.6268861293792725,3.3474295139312744,-0.8254016041755676,1.2756510972976685,0.32855287194252014,3.0255770683288574,1.9140576124191284,3.962639570236206,3.2405223846435547,4.214366436004639,2.1437764167785645,4.167400360107422,3.0206363201141357,4.726109981536865,3.1366167068481445,3.066455841064453,3.78191876411438,3.6859617233276367,3.1818325519561768,3.4016871452331543,3.1913464069366455,2.361449718475342,2.461106300354004,1.6584404706954956,3.014244556427002,1.8191819190979004,-4.728073596954346,-2.9828426837921143,-2.4248502254486084,5.839656352996826,8.822834968566895,4.3299078941345215,7.593989372253418
-3.619316577911377,-1.1705299615859985,-4.4955220222473145,-2.723134756088257,-1.862486481666565,-2.257856845855713,0.3263062536716461,-0.8851343989372253,-0.9319114685058594,-0.6078667044639587,3.2023327350616455,0.7183202505111694,1.8550013303756714,1.3961986303329468,1.9088027477264404,2.29986310005188,3.885024070739746,4.914318561553955,4.478381156921387,3.379293441772461,2.688170909881592,2.937166690826416,3.409801959991455,3.873159170150757,3.6810619831085205,3.991161346435547,3.8085992336273193,4.030409812927246,3.2826015949249268,2.6967647075653076,2.8743247985839844,1.436835765838623,3.080263376235962,0.7895695567131042,3.655526638031006,-4.082813739776611,-6.515934944152832,-5.705573081970215,0.8213147521018982,5.845827579498291,5.918342590332031,2.448164939880371,7.6990861892700195
-3.847323417663574,-4.068252086639404,-3.5551507472991943,-2.6262755393981934,-2.0306172370910645,-1.4052077531814575,0.8928704857826233,-0.21559225022792816,0.9119996428489685,-0.20045991241931915,1.1517970561981201,2.0293476581573486,2.676114559173584,2.236821174621582,2.4116692543029785,3.3280251026153564,4.862733840942383,5.196575164794922,4.756467342376709,4.0209245681762695,2.7685956954956055,2.6648361682891846,2.987053394317627,3.319455623626709,3.9287045001983643,5.41867733001709,4.552189826965332,4.07614278793335,4.178696155548096,3.395245313644409,3.8138082027435303,3.037635326385498,3.3193845748901367,1.2300679683685303,1.5592577457427979,-4.448224067687988,-3.9676878452301025,-4.780438423156738,1.7070255279541016,3.4392154216766357,5.525310516357422,2.9999845027923584,6.397190570831299
-4.038820266723633,-3.2220635414123535,-3.0400357246398926,-3.4438087940216064,-0.915907084941864,-1.9588876962661743,-0.5715882778167725,0.9693150520324707,-0.44318491220474243,1.8037358522415161,-0.24559254944324493,3.287709951400757,2.5423238277435303,3.3391871452331543,3.028575897216797,4.031210422515869,4.72778844833374,4.745054721832275,5.577061176300049,4.6407036781311035,4.745967388153076,2.996142864227295,3.2380030155181885,3.756664514541626,4.063549995422363,4.770236492156982,4.658169746398926,5.036567211151123,4.556123733520508,4.4222869873046875,4.063474178314209,5.038923740386963,3.9527809619903564,2.269012212753296,0.9313043355941772,-6.610019207000732,-3.9178032875061035,-4.812682151794434,-0.7953798770904541,4.160306930541992,6.240131855010986,4.976356029510498,5.5986714363098145
-4.1114888191223145,-1.1954602003097534,-1.8692588806152344,-4.4507951736450195,2.1467363834381104,-2.352816104888916,-1.9751417636871338,2.7864952087402344,-3.064453601837158,3.407315492630005,-0.9137174487113953,3.453005313873291,3.591952323913574,3.4161152839660645,4.0514326095581055,4.321180820465088,4.716782093048096,4.8433003425598145,4.999240398406982,5.83089017868042,5.971182823181152,4.784982681274414,3.9334704875946045,4.448271751403809,3.6885933876037598,4.408373832702637,4.420358180999756,6.6853766441345215,5.747813701629639,4.783759117126465,2.170043706893921,6.032068252563477,2.771151304244995,4.721968173980713,-0.1323663741350174,-5.081752777099609,-2.3423287868499756,-8.6305513381958,-3.536874294281006,4.515870571136475,7.336896896362305,6.010185718536377,5.88038969039917
-1.796677827835083,-2.9291563034057617,-2.0674455165863037,-4.009614944458008,1.8518239259719849,-2.1050920486450195,-3.2210171222686768,3.719944715499878,-3.6762521266937256,3.6961276531219482,-1.0170111656188965,3.2278997898101807,3.739229440689087,4.735670566558838,4.780246734619141,4.512640476226807,4.669229030609131,5.3856401443481445,5.3421220779418945,5.723292827606201,5.0292487144470215,5.42677116394043,5.422224044799805,4.701013088226318,3.856886148452759,3.726886034011841,5.400297164916992,5.93241024017334,6.165767192840576,6.231139659881592,3.6337428092956543,5.86704158782959,2.6417644023895264,6.485133171081543,0.4482651650905609,-4.860811710357666,-2.99074125289917,-7.502416610717773,-6.505056858062744,4.760875701904297,8.076688766479492,6.778437614440918,4.276724815368652
-2.6627116203308105,-4.861454010009766,-2.9245736598968506,-2.779012680053711,-2.4836270809173584,-1.0520225763320923,-1.6329014301300049,0.4085232615470886,-0.2418055236339569,2.0909199714660645,0.5895581245422363,2.9258928298950195,3.129777193069458,6.0464301109313965,4.953932285308838,2.868434190750122,5.435613632202148,5.065803050994873,5.753414630889893,4.696475982666016,4.65539026260376,5.117844581604004,5.622491836547852,4.795753002166748,4.923256874084473,5.143808364868164,6.411901950836182,4.6115288734436035,4.8456878662109375,7.752739429473877,8.133687973022461,6.975508213043213,4.8703389167785645,7.885559558868408,1.7008699178695679,-6.567826747894287,-3.144285202026367,-3.826108455657959,-3.9564566612243652,3.512242317199707,6.105202674865723,5.487298011779785,0.824937641620636
-4.824291706085205,-3.5936877727508545,-2.6174843311309814,-3.039713144302368,-1.979407548904419,-0.6043744683265686,-0.4319412410259247,0.8326200842857361,0.8706647753715515,2.2964301109313965,0.1408463716506958,4.842618465423584,2.7528557777404785,3.7109076976776123,3.817305326461792,4.284356594085693,4.583112716674805,4.860218524932861,5.609388828277588,5.62695837020874,5.176641464233398,4.1513285636901855,3.639782190322876,6.063100814819336,4.872795104980469,5.671060562133789,6.863033771514893,5.975217819213867,3.956037759780884,8.272770881652832,11.361931800842285,7.099721431732178,3.7790186405181885,8.10299015045166,-0.0009071380482055247,-4.831616401672363,-2.41146183013916,1.7689415216445923,2.0376663208007812,2.652930736541748,3.1925437450408936,4.123589515686035,-0.010330182500183582
-4.217164993286133,-3.571298360824585,-1.377125859260559,-4.144491195678711,-0.4569196105003357,0.4054497480392456,-1.0274994373321533,2.0538482666015625,0.4726039171218872,2.9998371601104736,-0.928071141242981,5.377783298492432,2.7695140838623047,2.922269105911255,4.579302787780762,4.672099590301514,5.014664173126221,5.58319091796875,4.660916805267334,5.927073001861572,4.669740676879883,4.2543416023254395,4.388265132904053,6.255759239196777,5.308004856109619,5.07384729385376,6.837752342224121,5.374258518218994,5.204722881317139,7.409145832061768,6.144561767578125,7.197875499725342,4.250606536865234,-2.8351314067840576,-4.7847113609313965,-1.1074779033660889,-0.8066600561141968,1.2157198190689087,1.9942337274551392,0.9049586057662964,1.2556906938552856,2.7858757972717285,-2.1141583919525146
-4.325995445251465,-2.4617760181427,-2.8062851428985596,-2.1888957023620605,-2.035694122314453,0.7508235573768616,0.157027468085289,-1.8314204216003418,2.202498435974121,0.7598414421081543,1.6914855241775513,2.506331443786621,2.25870943069458,4.977243423461914,5.040037155151367,4.6968913078308105,5.490839004516602,5.707458972930908,5.068998336791992,5.0179123878479,4.7885260581970215,6.070004463195801,5.69272518157959,5.444685935974121,5.777754783630371,6.266099452972412,5.740233898162842,5.080902099609375,5.167353630065918,5.554371356964111,4.983597755432129,7.423161029815674,3.014780282974243,0.09048297256231308,-0.8493913412094116,1.6928625106811523,0.42047110199928284,2.1685688495635986,1.2643786668777466,-3.187505006790161,-0.9966906905174255,-0.24220797419548035,-5.783854007720947
-3.6066582202911377,-1.1788923740386963,-4.633026599884033,-0.03596528619527817,-2.1234495639801025,-0.9143388271331787,-1.1550148725509644,0.5598870515823364,0.9159924387931824,-0.3892779052257538,2.6393065452575684,1.441543698310852,3.8268940448760986,4.372673988342285,5.208868503570557,5.113844871520996,5.25996732711792,5.230858325958252,5.0770769119262695,5.828784942626953,5.129795551300049,6.307685375213623,7.2029314041137695,5.535347938537598,4.885812282562256,6.563347816467285,5.917640209197998,3.6478917598724365,5.15518856048584,5.640158176422119,5.812304496765137,5.516297817230225,0.8156797885894775,4.27698278427124,1.922598958015442,-2.0445950031280518,-2.106046676635742,1.6019666194915771,0.012406897731125355,-4.298038005828857,0.49601972103118896,1.6894150972366333,-7.384335994720459
