data/wind_data/wind_10_6.json
{"header": {"parameterUnit": "KT", "parameterCategory": 2, "nx": 256, "ny": 198, "lo1": 44.73521041870117, "la1": -3.236724853515625, "lo2": 111.26478576660156, "la2": 43.468475341796875, "dx": 0.2609002888202667, "dy": -0.23708222806453705, "refTime": "2025-02-19 10:00:00", "forecastTime": 0, "parameterNumber": 2, "parameterNumberName": "eastward_wind"}, "data":
[rows 100 to 119 of 198, columns 88 to 131 of 256]
89.2653579711914,89.0547866821289,88.83475494384766,88.66410064697266,88.57154083251953,88.65396881103516,88.91401672363281,89.19845581054688,89.50677490234375,89.77860260009766,89.99363708496094,90.11003875732422,90.10381317138672,89.90984344482422,89.60562896728516,89.46312713623047,89.5439453125,89.66126251220703,89.98160552978516,90.79652404785156,91.9289779663086,93.09342956542969,93.84233093261719,94.05429077148438,94.2740478515625,94.64937591552734,95.03907012939453,95.276611328125,95.20966339111328,95.00569152832031,94.70758819580078,94.25821685791016,94.06034851074219,94.44268035888672,94.75912475585938,94.57633972167969,94.2646255493164,94.15656280517578,94.06844329833984,93.98107147216797,94.15113067626953,94.34603881835938,94.23564147949219,93.5765151977539
92.17247772216797,91.86561584472656,91.5992660522461,91.40557098388672,91.25872039794922,91.20404815673828,91.12227630615234,90.97246551513672,91.1650619506836,91.90215301513672,92.84428405761719,93.51283264160156,93.76915740966797,93.70767974853516,93.40929412841797,93.02796173095703,92.80132293701172,92.82240295410156,93.14611053466797,93.88352966308594,94.83243560791016,95.71680450439453,96.4282455444336,96.73383331298828,96.90064239501953,97.1707992553711,97.55278778076172,97.88178253173828,97.90357208251953,97.68212127685547,97.50593566894531,97.11055755615234,96.51800537109375,96.08483123779297,95.91803741455078,95.63353729248047,95.18033599853516,94.77637481689453,94.43346405029297,94.17807006835938,94.08888244628906,94.08132934570312,94.05999755859375,93.85287475585938
95.03459167480469,94.79585266113281,94.64112091064453,94.47764587402344,94.20491027832031,94.04552459716797,94.04313659667969,93.74559783935547,93.30964660644531,93.58910369873047,94.65235900878906,95.74059295654297,96.38099670410156,96.70967102050781,96.83146667480469,96.64397430419922,96.31326293945312,96.13825225830078,96.33308410644531,97.02428436279297,97.8228988647461,98.24415588378906,98.43346405029297,98.63864135742188,98.84320068359375,99.16363525390625,99.58267211914062,99.8967514038086,99.90264129638672,99.6149673461914,99.30602264404297,99.05155181884766,98.51567840576172,97.72901916503906,97.03987121582031,96.3074951171875,95.69546508789062,95.13495635986328,94.51890563964844,94.15812683105469,94.05145263671875,93.820068359375,93.4754409790039,93.18187713623047
97.9510269165039,97.85787200927734,97.79755401611328,97.6469955444336,97.32760620117188,96.92272186279297,96.75731658935547,96.74002075195312,96.36402893066406,96.11085510253906,96.71805572509766,97.77740478515625,98.53669738769531,99.00806427001953,99.34029388427734,99.35515594482422,99.0760269165039,98.90653991699219,99.02653503417969,99.46427154541016,100.04557037353516,100.27540588378906,100.17754364013672,100.125,100.29126739501953,100.67460632324219,101.08596801757812,101.2573013305664,101.05229949951172,100.60783386230469,100.22793579101562,99.85711669921875,99.28305053710938,98.62049865722656,97.90352630615234,97.12909698486328,96.28466796875,95.26307678222656,94.04830932617188,93.41702270507812,93.3975601196289,93.12026977539062,92.5872573852539,92.05970764160156
100.36631774902344,100.4929428100586,100.57649230957031,100.47513580322266,100.18031311035156,99.83814239501953,99.57640838623047,99.54985046386719,99.5634536743164,99.42341613769531,99.55669403076172,100.04586791992188,100.56929016113281,101.09720611572266,101.63370513916016,101.78082275390625,101.46805572509766,101.15807342529297,101.20639038085938,101.57072448730469,101.96023559570312,102.13714599609375,101.972900390625,101.62055206298828,101.59859466552734,102.03313446044922,102.44901275634766,102.39427947998047,101.78196716308594,100.96367645263672,100.44682312011719,100.07581329345703,99.48957061767578,98.89627838134766,98.40367126464844,97.7171630859375,96.77919006347656,95.49932098388672,93.94245910644531,92.91248321533203,92.5538101196289,92.01704406738281,91.16727447509766,90.30670166015625
102.17127990722656,102.11029052734375,102.01988220214844,102.02236938476562,102.04393005371094,102.01872253417969,101.96772003173828,101.9892807006836,102.0762710571289,102.17509460449219,102.40416717529297,102.80152130126953,103.18590545654297,103.4894027709961,103.82886505126953,103.99790954589844,103.79450988769531,103.45359802246094,103.411376953125,103.7538070678711,104.05316925048828,104.13383483886719,104.01280975341797,103.3640365600586,102.79757690429688,102.98088073730469,103.38201141357422,103.22330474853516,102.29537200927734,101.12979888916016,100.38201141357422,99.94302368164062,99.39257049560547,98.89698791503906,98.54106903076172,97.91108703613281,96.81575012207031,95.45477294921875,94.04280090332031,93.10729217529297,92.54369354248047,91.50363159179688,89.90987396240234,88.24158477783203
104.22758483886719,103.71615600585938,103.25314331054688,103.081298828125,103.13306427001953,103.19791412353516,103.30142211914062,103.57723236083984,103.99293518066406,104.3232421875,104.58580780029297,104.94561004638672,105.36481475830078,105.73579406738281,105.99937438964844,106.06407165527344,105.8355941772461,105.40214538574219,105.08041381835938,105.12505340576172,105.18769073486328,105.02132415771484,104.97663879394531,104.54890441894531,103.57596588134766,103.02002716064453,103.2078628540039,103.11248779296875,102.1689682006836,100.90692901611328,100.0762939453125,99.61971282958984,99.1141128540039,98.65121459960938,98.28582763671875,97.57605743408203,96.39965057373047,95.1852035522461,94.0767822265625,93.17501831054688,92.55510711669922,91.47856140136719,89.3890609741211,87.02861785888672
106.0323486328125,105.32745361328125,104.81758880615234,104.59884643554688,104.44099426269531,104.22669982910156,104.14762115478516,104.4228286743164,105.06219482421875,105.72307586669922,106.1542739868164,106.38302612304688,106.42973327636719,106.43819427490234,106.54523468017578,106.64022064208984,106.57147979736328,106.19794464111328,105.55339813232422,105.21294403076172,105.26038360595703,105.15210723876953,104.85365295410156,104.58477020263672,103.80308532714844,102.84732818603516,102.46723937988281,102.23248291015625,101.40778350830078,100.20878601074219,99.30081176757812,98.80847930908203,98.42357635498047,98.06835174560547,97.70443725585938,97.07494354248047,96.07147979736328,94.90254211425781,93.72994995117188,92.80180358886719,92.21720123291016,91.29365539550781,89.32289123535156,86.96466827392578
106.48828887939453,105.73932647705078,105.32852935791016,105.25228881835938,105.17984771728516,104.91026306152344,104.62548828125,104.68983459472656,105.27142333984375,105.97251892089844,106.322509765625,106.3187255859375,106.0374526977539,105.60258483886719,105.35968780517578,105.3121109008789,105.27206420898438,105.10612487792969,104.82633209228516,104.72824096679688,105.07199096679688,105.42826080322266,105.09390258789062,104.37804412841797,103.63068389892578,102.69073486328125,102.06034088134766,101.71493530273438,100.93582153320312,99.61669158935547,98.3825912475586,97.63984680175781,97.26549530029297,97.08382415771484,96.93817138671875,96.60652160644531,95.8651123046875,94.7131576538086,93.32483673095703,92.16961669921875,91.58509063720703,90.82466888427734,89.16677856445312,87.28271484375
106.32166290283203,105.76509857177734,105.55839538574219,105.6728286743164,105.73797607421875,105.4544906616211,104.93315887451172,104.57029724121094,104.67037200927734,105.0938949584961,105.33103942871094,105.19744873046875,104.8919448852539,104.47035217285156,104.18785858154297,104.28845977783203,104.48251342773438,104.49563598632812,104.47895812988281,104.7283935546875,105.40472412109375,106.14458465576172,105.9742202758789,104.90933990478516,103.77079772949219,102.87899017333984,102.33367919921875,101.95793151855469,101.2542724609375,99.88362884521484,98.2402572631836,96.97606658935547,96.33070373535156,96.18741607666016,96.20358276367188,96.12455749511719,95.53728485107422,94.28157043457031,92.72605895996094,91.3730239868164,90.74288940429688,90.09661865234375,88.72604370117188,87.10785675048828
106.42449951171875,106.19235229492188,106.19821166992188,106.31004333496094,106.24462890625,105.86263275146484,105.32648468017578,104.8830337524414,104.67682647705078,104.77225494384766,105.00728607177734,105.12594604492188,105.0783462524414,104.83820343017578,104.5225830078125,104.56417083740234,104.88133239746094,105.05919647216797,105.05316925048828,105.14228820800781,105.60515594482422,106.32022094726562,106.4197769165039,105.60601043701172,104.48329162597656,103.42930603027344,102.80579376220703,102.51277923583984,101.89592742919922,100.63805389404297,98.9279556274414,97.2181167602539,96.07527923583984,95.64956665039062,95.5409164428711,95.39820098876953,94.76718139648438,93.38526153564453,91.73084259033203,90.33507537841797,89.5416259765625,88.81481170654297,87.50178527832031,85.69419860839844
106.634521484375,106.58934020996094,106.57135009765625,106.33363342285156,105.76773834228516,105.16575622558594,104.7654037475586,104.4891128540039,104.30229949951172,104.41996765136719,104.93753051757812,105.53826141357422,105.83912658691406,105.67627716064453,105.16683959960938,104.7647705078125,104.68302917480469,104.7160873413086,104.64521789550781,104.55426025390625,104.75244903564453,105.3788833618164,105.79100036621094,105.43865966796875,104.6785659790039,103.78988647460938,102.97230529785156,102.4353256225586,101.8324203491211,100.72972869873047,99.17862701416016,97.52125549316406,96.11769104003906,95.20803833007812,94.812744140625,94.50215911865234,93.51839447021484,91.74707794189453,89.9572982788086,88.7605209350586,87.99772644042969,86.94817352294922,85.17028045654297,82.81117248535156
106.25736236572266,106.20204162597656,106.10934448242188,105.58917999267578,104.59297943115234,103.72734832763672,103.4205093383789,103.3449478149414,103.2602310180664,103.40443420410156,103.9727554321289,104.68325805664062,105.1789321899414,105.3382797241211,105.13934326171875,104.7167739868164,104.28023529052734,103.92546081542969,103.63821411132812,103.48897552490234,103.69998931884766,104.2426986694336,104.69925689697266,104.67668151855469,104.16809844970703,103.28546905517578,102.23342895507812,101.3946304321289,100.77454376220703,99.88018798828125,98.53713989257812,97.01307678222656,95.46424865722656,94.25826263427734,93.83232879638672,93.32640075683594,91.6809310913086,89.39984130859375,87.47624969482422,86.46153259277344,85.74005889892578,84.42521667480469,82.41277313232422,79.99443054199219
105.48765563964844,105.64798736572266,105.78995513916016,104.94903564453125,103.56614685058594,102.7375259399414,102.61066436767578,102.60535430908203,102.47824096679688,102.50323486328125,102.98478698730469,103.76589965820312,104.5638427734375,105.26904296875,105.6219711303711,105.3707504272461,104.62626647949219,103.81995391845703,103.22460174560547,102.94975280761719,103.14854431152344,103.6072769165039,103.90665435791016,103.86083984375,103.37642669677734,102.40496063232422,101.02841186523438,99.78511810302734,99.04902648925781,98.29740142822266,97.12749481201172,95.69953918457031,94.07809448242188,92.71882629394531,92.03413391113281,91.11886596679688,89.1854248046875,86.85093688964844,84.94998168945312,83.81948852539062,82.9406509399414,81.64778900146484,79.88009643554688,77.89178466796875
105.05233001708984,105.5832290649414,105.58931732177734,104.48673248291016,103.2738037109375,102.85128021240234,102.91606140136719,102.84290313720703,102.50252532958984,102.18450164794922,102.45989990234375,103.4330825805664,104.65938568115234,105.77687072753906,106.43714141845703,106.14188385009766,104.94756317138672,103.67549896240234,102.9001235961914,102.6386489868164,102.8149642944336,103.16996765136719,103.28807067871094,103.01445007324219,102.3590087890625,101.212890625,99.5921630859375,98.04978942871094,97.04947662353516,96.36458587646484,95.44597625732422,94.03933715820312,92.19886016845703,90.49776458740234,89.32318878173828,88.114013671875,86.45763397216797,84.72351837158203,83.14287567138672,81.74740600585938,80.530517578125,79.24665832519531,77.78304290771484,76.30213928222656
104.65373992919922,105.45338439941406,105.06491088867188,103.75186157226562,102.74034881591797,102.58638000488281,102.8097915649414,102.87874603271484,102.64778900146484,102.3360595703125,102.43770599365234,103.19917297363281,104.3388442993164,105.4712905883789,106.1297836303711,105.65290069580078,104.13801574707031,102.6992416381836,102.05172729492188,101.93830871582031,102.0489730834961,102.1748275756836,101.9918441772461,101.49966430664062,100.7537612915039,99.61419677734375,97.9996566772461,96.46566772460938,95.43412017822266,94.6660385131836,93.68603515625,92.21770477294922,90.18392944335938,88.002197265625,86.34864807128906,85.19730377197266,84.23737335205078,83.29312896728516,82.08833312988281,80.70893859863281,79.37334442138672,77.98928833007812,76.63319396972656,75.5200424194336
104.85079193115234,105.3837890625,104.41812133789062,102.8891830444336,101.76528930664062,101.33333587646484,101.45562744140625,101.72122955322266,101.82714080810547,101.90715026855469,102.13037109375,102.57891845703125,103.3726577758789,104.3441162109375,104.89990997314453,104.28083801269531,102.72587585449219,101.42576599121094,101.01828002929688,100.99974060058594,100.91558074951172,100.76313781738281,100.42427825927734,99.87781524658203,99.07145690917969,97.95389556884766,96.57786560058594,95.33577728271484,94.43211364746094,93.53035736083984,92.27055358886719,90.55064392089844,88.38934326171875,86.17831420898438,84.47801208496094,83.52661895751953,83.08077239990234,82.5406494140625,81.7407455444336,80.85797119140625,79.73682403564453,78.26404571533203,76.82670593261719,75.8415756225586
106.01895141601562,106.1363754272461,104.23605346679688,102.0223388671875,100.53199005126953,100.10612487792969,100.46622467041016,100.90068817138672,101.0926742553711,101.35407257080078,101.8065414428711,102.26484680175781,102.80480194091797,103.47274780273438,104.02883911132812,103.46708679199219,101.96110534667969,100.74991607666016,100.47306060791016,100.46758270263672,100.25533294677734,99.98390197753906,99.62361145019531,98.979736328125,97.9496078491211,96.72808074951172,95.56922149658203,94.53966522216797,93.60779571533203,92.61338806152344,91.2479248046875,89.4186782836914,87.35066223144531,85.5564956665039,84.4008560180664,83.68934631347656,82.973388671875,82.22429656982422,81.71582794189453,81.26683807373047,80.41020202636719,79.08260345458984,77.77597045898438,76.93506622314453
107.08289337158203,107.32202911376953,104.52193450927734,101.64031219482422,100.02455139160156,99.85456085205078,100.67770385742188,101.43438720703125,101.69608306884766,102.00690460205078,102.56224060058594,102.97315979003906,103.28282928466797,103.70652770996094,104.20307159423828,103.7397689819336,102.23973846435547,101.0798568725586,100.81861114501953,100.82443237304688,100.55206298828125,100.09398651123047,99.3512954711914,98.68672180175781,97.93878936767578,96.79019927978516,95.2927017211914,93.66182708740234,92.29624938964844,91.29855346679688,90.13423156738281,88.47947692871094,86.85816192626953,85.78568267822266,85.08434295654297,84.30298614501953,83.28697967529297,82.30949401855469,81.5589370727539,80.85386657714844,80.13402557373047,79.35285949707031,78.50371551513672,77.63352966308594
108.47236633300781,108.92939758300781,105.43199157714844,102.54212951660156,101.06214141845703,100.53031158447266,101.19866180419922,102.3346176147461,102.94898986816406,103.2450180053711,103.61849212646484,103.85626983642578,103.89036560058594,104.15817260742188,104.65155029296875,104.35086059570312,103.03568267822266,101.99185943603516,101.72697448730469,101.56818389892578,100.99929809570312,100.36985778808594,99.30364227294922,98.98057556152344,98.86859893798828,97.90404510498047,95.51610565185547,92.9015121459961,91.42748260498047,90.60107421875,89.38643646240234,87.74854278564453,86.64250183105469,86.02490997314453,85.18685150146484,84.0959243774414,83.14606475830078,82.21156311035156,81.32390594482422,80.54508972167969,79.66216278076172,78.65444946289062,77.58495330810547,76.52802276611328
