data/wind_data/wind_21_6.json
{"header": {"parameterUnit": "KT", "parameterCategory": 2, "nx": 256, "ny": 198, "lo1": 44.73521041870117, "la1": -3.236724853515625, "lo2": 111.26478576660156, "la2": 43.468475341796875, "dx": 0.2609002888202667, "dy": -0.23708222806453705, "refTime": "2025-02-19 21:00:00", "forecastTime": 0, "parameterNumber": 2, "parameterNumberName": "eastward_wind"}, "data":
[rows 140 to 159 of 198, columns 180 to 224 of 256]
54.9847297668457,55.42082977294922,55.65064239501953,55.4777717590332,56.145870208740234,57.699974060058594,58.96290588378906,59.70661163330078,59.99517059326172,60.12552261352539,60.52510070800781,60.90700149536133,60.55576705932617,59.357032775878906,57.895957946777344,57.254425048828125,57.02813720703125,55.602664947509766,52.572330474853516,49.890830993652344,49.75740432739258,51.42481231689453,53.32352066040039,55.003292083740234,55.462039947509766,54.42236328125,53.21760559082031,52.89662551879883,53.801551818847656,55.06536865234375,56.04432678222656,57.74606704711914,59.80801010131836,60.48957443237305,59.54835891723633,58.753421783447266,58.24736022949219,55.8353271484375,52.05691909790039,51.685909271240234,54.15601348876953,55.22721481323242,54.25828170776367,53.900997161865234,54.101619720458984
54.869773864746094,55.6854362487793,56.30394744873047,57.10049057006836,58.313846588134766,59.18608856201172,59.0713996887207,58.261932373046875,57.977943420410156,58.63037109375,59.709232330322266,60.36640167236328,59.928619384765625,58.769649505615234,57.3043212890625,55.66611862182617,53.44609069824219,50.44169616699219,48.0325813293457,48.14561462402344,50.38277053833008,52.66570281982422,54.09262466430664,55.12801742553711,55.368133544921875,54.924224853515625,54.4809455871582,53.2877311706543,51.925804138183594,52.61336135864258,54.14661407470703,55.527835845947266,57.005699157714844,57.53533935546875,56.5793342590332,56.216285705566406,56.457035064697266,54.24647521972656,49.439449310302734,47.39542770385742,49.446903228759766,51.777137756347656,52.103515625,51.842926025390625,51.90034103393555
55.96636199951172,57.243717193603516,57.33096694946289,57.10684585571289,57.24119567871094,57.18458557128906,57.01206970214844,57.62129592895508,58.96175003051758,60.16708755493164,60.72775650024414,60.414100646972656,59.0138053894043,57.1734619140625,55.29032897949219,52.5879020690918,49.319969177246094,47.129188537597656,47.161949157714844,49.434104919433594,52.14738845825195,53.60520935058594,54.204856872558594,54.720191955566406,55.01911926269531,55.09016036987305,54.4932746887207,52.36323165893555,50.03526306152344,50.28068542480469,52.07374572753906,53.7158088684082,55.24696350097656,56.50053405761719,56.37233352661133,55.91071319580078,55.8931770324707,53.92670822143555,49.696231842041016,46.8333625793457,47.3070182800293,48.77457809448242,48.71221160888672,47.94541931152344,47.914180755615234
56.27885818481445,56.39599609375,56.18192672729492,56.29817581176758,56.66078567504883,57.11974334716797,57.71106719970703,58.442901611328125,59.26580810546875,59.66205596923828,59.2873420715332,58.31090545654297,56.55200958251953,54.368404388427734,52.01176071166992,48.84431076049805,46.20607376098633,46.21759796142578,48.03877258300781,50.38833999633789,52.272216796875,52.87000274658203,53.49504089355469,54.607025146484375,54.85796356201172,54.23603820800781,53.3065071105957,51.68693542480469,49.81390380859375,49.29372787475586,50.685951232910156,52.71464538574219,54.3438606262207,55.64154052734375,56.22618103027344,55.94414138793945,55.10107421875,53.95482635498047,51.99304962158203,49.46875762939453,48.14126968383789,48.18819046020508,47.00106430053711,45.12882995605469,45.12205505371094
55.37828826904297,56.09349060058594,56.70211410522461,57.128753662109375,57.33535385131836,57.2921257019043,57.06951141357422,57.0904655456543,57.54132080078125,57.70564270019531,56.906944274902344,55.31348419189453,53.217811584472656,50.99485397338867,48.8529167175293,46.5736198425293,45.53752899169922,46.96818923950195,49.22264099121094,51.14304733276367,52.682865142822266,53.16641616821289,53.038299560546875,53.54609298706055,53.621795654296875,52.80680465698242,52.21517562866211,51.509803771972656,50.556434631347656,50.12145233154297,50.740867614746094,52.62791061401367,54.462913513183594,55.393463134765625,55.61994934082031,55.43749237060547,54.174617767333984,52.59816360473633,52.217071533203125,51.99477767944336,50.354576110839844,48.81367111206055,46.765811920166016,43.84599304199219,43.01885223388672
55.192359924316406,55.933135986328125,56.212005615234375,56.0739631652832,55.811988830566406,55.588600158691406,55.4676513671875,55.750301361083984,56.12409973144531,55.83796691894531,54.69194793701172,52.940555572509766,51.0251350402832,49.459861755371094,48.473426818847656,47.62942886352539,47.347816467285156,48.973751068115234,51.37007522583008,52.97774887084961,53.95938491821289,53.52146911621094,51.312320709228516,49.541561126708984,49.541446685791016,50.01002502441406,50.557289123535156,51.03245544433594,51.394535064697266,51.55736541748047,51.93659973144531,53.10346603393555,54.65309143066406,55.43333435058594,55.56230163574219,55.29003143310547,54.12711715698242,52.99473190307617,52.90216827392578,53.27406692504883,52.23899459838867,49.941402435302734,46.450279235839844,42.794921875,42.48414993286133
53.474029541015625,53.954524993896484,54.085330963134766,54.33442306518555,54.854400634765625,55.324363708496094,55.55171585083008,55.41934585571289,54.67234802246094,53.45256805419922,52.32461166381836,51.43651580810547,50.681846618652344,50.21329879760742,50.09402084350586,50.256385803222656,50.79346466064453,52.107879638671875,53.52104568481445,53.61235809326172,52.64634323120117,50.79376220703125,47.60466003417969,45.14679718017578,45.910221099853516,47.993919372558594,49.407169342041016,50.35935974121094,51.607479095458984,52.707420349121094,53.27267837524414,53.76657485961914,54.60960006713867,55.367923736572266,55.86093521118164,55.60826873779297,54.53144454956055,54.11343002319336,54.44804382324219,54.71548080444336,53.88713455200195,51.522159576416016,47.65708923339844,43.737667083740234,43.35237121582031
51.196685791015625,51.9490966796875,52.77275466918945,53.88278579711914,54.710819244384766,55.05307388305664,55.10813522338867,54.31404113769531,52.619991302490234,51.190330505371094,50.908626556396484,51.3000602722168,51.63676834106445,51.9707145690918,52.45321273803711,53.23118591308594,54.10115432739258,54.289608001708984,53.48408126831055,51.7608757019043,50.116878509521484,49.299564361572266,48.51173782348633,47.70671463012695,47.69071578979492,48.67961502075195,49.85599899291992,50.30194091796875,50.58745193481445,51.91361999511719,53.69291687011719,54.66250228881836,54.99067687988281,55.297576904296875,55.86782455444336,56.003929138183594,55.20242691040039,54.93171691894531,55.27116775512695,55.47783660888672,55.067771911621094,53.40257263183594,50.12045669555664,46.185821533203125,44.86285400390625
49.12069320678711,50.100799560546875,51.84983825683594,53.704498291015625,54.55644607543945,54.46579360961914,53.58661651611328,52.06586837768555,50.70670700073242,50.31766128540039,51.11430358886719,52.53435134887695,53.63445281982422,54.23120880126953,54.941810607910156,55.96554946899414,56.281463623046875,54.9133186340332,52.61282730102539,51.030208587646484,50.95088577270508,51.85780715942383,52.52848434448242,52.56134796142578,52.38072967529297,52.25016403198242,51.93354797363281,51.01579284667969,49.90203857421875,49.60106658935547,51.20341491699219,53.46552658081055,54.909427642822266,55.66061019897461,56.05634689331055,56.06003952026367,55.527992248535156,55.046695709228516,55.3924674987793,56.020774841308594,56.28956604003906,55.78468322753906,53.10457229614258,49.02500915527344,46.68253707885742
48.28701400756836,49.82776641845703,51.689727783203125,53.05302047729492,53.282379150390625,52.45386505126953,51.18779373168945,50.39274978637695,50.477359771728516,51.33777618408203,52.8741455078125,54.795406341552734,56.20435333251953,56.544925689697266,56.7330436706543,57.40920639038086,57.27102279663086,55.52325439453125,53.391693115234375,52.5543212890625,53.52632141113281,55.06928253173828,55.479549407958984,54.72062683105469,54.06930160522461,53.979610443115234,53.61974334716797,52.28294372558594,50.22647476196289,48.48853302001953,48.56869125366211,50.52233123779297,53.07000732421875,55.15642547607422,56.20793914794922,56.54403305053711,56.25685501098633,55.402122497558594,55.2252197265625,56.09122085571289,56.97157669067383,57.26402282714844,55.68834686279297,51.96261215209961,48.631961822509766
48.250587463378906,49.989078521728516,51.39357376098633,52.22842788696289,51.97396469116211,51.01334762573242,50.51689910888672,51.22199630737305,52.69295120239258,54.25300216674805,55.650169372558594,56.87244415283203,57.66276550292969,57.352943420410156,56.51797866821289,56.72136306762695,57.183692932128906,56.36956024169922,55.14278030395508,54.8876953125,55.77949523925781,57.1828498840332,57.46734619140625,56.526126861572266,55.923885345458984,56.04676818847656,55.807987213134766,54.77864456176758,53.3751220703125,51.29924774169922,49.03578186035156,48.46336364746094,50.137977600097656,52.90050506591797,55.4320068359375,57.05722427368164,57.475120544433594,56.99235916137695,56.27675247192383,56.09470748901367,56.69936752319336,57.514137268066406,57.0477294921875,54.416412353515625,50.4661865234375
48.16667556762695,49.747798919677734,51.247337341308594,52.29547119140625,52.52690505981445,52.393795013427734,52.967674255371094,54.61747360229492,56.34859085083008,57.14300537109375,57.04535675048828,56.87039566040039,57.0107536315918,56.548126220703125,55.618736267089844,55.8493766784668,56.79428482055664,56.76164245605469,56.394710540771484,56.72739791870117,57.59076690673828,58.71147537231445,59.30491638183594,59.100746154785156,58.76544189453125,58.50051498413086,58.16402816772461,57.61671829223633,56.79446792602539,55.24799728393555,52.38355255126953,49.432498931884766,48.716670989990234,50.777931213378906,54.05036163330078,56.82857894897461,58.250972747802734,58.62881851196289,58.29387664794922,57.105838775634766,56.24814224243164,56.683109283447266,56.90877914428711,55.616050720214844,52.13654327392578
49.758724212646484,50.68879318237305,51.435638427734375,52.22248840332031,53.13333511352539,54.13473129272461,55.27023696899414,56.46428298950195,57.19443130493164,57.09095001220703,56.405887603759766,55.9355583190918,56.13542938232422,56.05810546875,55.41975021362305,55.414825439453125,55.948036193847656,56.20191192626953,56.70411682128906,57.80937194824219,59.12957763671875,60.2034912109375,60.96748733520508,61.46501922607422,61.63419723510742,61.25148391723633,60.473854064941406,59.75736618041992,59.28193664550781,57.65089797973633,54.17924118041992,51.553001403808594,51.16435623168945,51.96186828613281,53.31299591064453,55.15957260131836,57.01790237426758,58.38453674316406,59.16161346435547,58.75312042236328,57.220603942871094,56.179161071777344,56.142147064208984,55.65351867675781,53.16706848144531
48.23418045043945,48.84530258178711,49.22964096069336,49.9127311706543,51.04971694946289,52.40312957763672,53.64558410644531,54.56697082519531,55.19049072265625,55.55073928833008,55.72032165527344,56.02299118041992,56.466670989990234,56.40589904785156,55.5127067565918,55.062923431396484,55.607154846191406,56.50218200683594,57.71561813354492,59.14405059814453,60.49219512939453,61.42605972290039,62.240840911865234,63.11063003540039,63.43292236328125,62.93022537231445,61.966182708740234,61.03119659423828,60.35331344604492,58.149208068847656,54.23543167114258,52.38726043701172,53.626075744628906,55.69342041015625,56.47021484375,55.872413635253906,55.42583084106445,56.017818450927734,57.269935607910156,58.44248580932617,58.36037826538086,57.0210075378418,56.023075103759766,55.2956657409668,53.510032653808594
47.30812072753906,48.14918899536133,48.38467025756836,48.63230895996094,49.43207931518555,50.621978759765625,52.048248291015625,53.48976135253906,54.69495391845703,55.6690559387207,56.62919616699219,57.541080474853516,58.0783805847168,57.77357864379883,56.5977668762207,56.032344818115234,56.657318115234375,57.858375549316406,59.33256149291992,60.813846588134766,62.078250885009766,63.00507354736328,63.83320617675781,64.61518096923828,64.6423568725586,63.71347427368164,62.454463958740234,61.159812927246094,60.201297760009766,58.03949737548828,54.201011657714844,53.40049362182617,56.580448150634766,60.12953567504883,61.13616180419922,59.47610855102539,56.74243927001953,54.968746185302734,54.753448486328125,56.168331146240234,57.930335998535156,58.07345199584961,56.785709381103516,55.46783447265625,54.07488250732422
46.790767669677734,47.634464263916016,47.91785430908203,48.23002243041992,49.18347930908203,50.616188049316406,52.2626953125,54.00152587890625,55.69168472290039,57.17395782470703,58.227901458740234,58.80243682861328,59.146034240722656,59.00878143310547,58.131446838378906,57.581207275390625,58.110713958740234,59.4488639831543,61.1124382019043,62.877498626708984,64.3479232788086,64.9802474975586,65.1702880859375,65.5327377319336,65.51441192626953,64.42434692382812,62.72244644165039,61.03987503051758,59.80078887939453,58.332801818847656,55.28044128417969,54.69361877441406,59.25381851196289,64.53900909423828,65.71932220458984,63.09313201904297,59.471920013427734,56.5321044921875,54.420936584472656,54.50278854370117,56.92726516723633,58.79048156738281,58.174129486083984,56.4422607421875,54.950889587402344
46.58149719238281,47.850677490234375,49.09587860107422,50.45454788208008,51.773624420166016,53.01966857910156,54.446834564208984,56.06371307373047,57.69422149658203,58.934661865234375,59.15608215332031,58.79262924194336,58.95200729370117,59.3540153503418,59.14973068237305,58.96308135986328,59.78494644165039,61.317710876464844,63.058441162109375,64.7350082397461,65.95787048339844,66.11054992675781,65.1966323852539,64.70687866210938,65.28623962402344,65.21996307373047,63.608253479003906,61.75166320800781,60.33077621459961,58.807838439941406,56.109317779541016,55.70637512207031,60.3365478515625,66.21285247802734,67.54784393310547,64.52359008789062,60.61322784423828,57.13608932495117,54.71392822265625,54.78075408935547,56.59766387939453,58.26327896118164,58.724029541015625,57.8731575012207,56.47528839111328
46.6690559387207,48.24297332763672,50.25643539428711,52.083839416503906,53.15302658081055,53.84443283081055,54.970703125,56.3394889831543,57.61008834838867,58.37827682495117,58.20327377319336,58.20193099975586,59.29096984863281,60.26203536987305,60.203922271728516,60.39177703857422,61.513919830322266,62.811248779296875,64.09136199951172,65.07675170898438,65.35285949707031,65.3488998413086,64.74759674072266,64.27976989746094,64.9677963256836,65.46746826171875,64.76393127441406,63.80735778808594,62.42253875732422,59.34087371826172,55.57418441772461,55.51105880737305,60.09051513671875,65.20600891113281,65.89427947998047,63.645973205566406,61.00621795654297,57.03217697143555,54.412635803222656,56.255775451660156,57.45821762084961,57.07794952392578,57.81889343261719,58.33344650268555,57.63141632080078
48.80988311767578,50.445892333984375,52.532657623291016,54.27625274658203,54.91730880737305,54.873130798339844,54.936588287353516,55.11415100097656,55.863739013671875,56.98396682739258,57.3652229309082,58.3394889831543,60.24966049194336,61.069026947021484,60.81767654418945,61.449913024902344,62.53065490722656,63.13127517700195,63.86387634277344,64.34343719482422,63.895294189453125,64.27327728271484,64.90283203125,64.83648681640625,65.33824157714844,66.0882339477539,66.0151138305664,65.5982666015625,63.95732879638672,59.80674743652344,55.7027473449707,55.06825637817383,58.916133880615234,63.31627655029297,63.33137893676758,61.68436050415039,60.74492645263672,57.663116455078125,54.3985481262207,56.40696716308594,58.32294464111328,57.05113220214844,56.687191009521484,57.4554443359375,58.08345031738281
50.351444244384766,51.67158508300781,54.462066650390625,57.08561325073242,57.81716537475586,56.882789611816406,55.69755935668945,55.020076751708984,55.2241096496582,56.221160888671875,56.689659118652344,58.191829681396484,60.926307678222656,61.92334747314453,61.24089431762695,61.79008483886719,62.6357421875,62.570865631103516,63.19818115234375,63.96852111816406,63.38978958129883,63.8392448425293,65.50310516357422,65.63983154296875,65.67597198486328,66.52510070800781,66.90641021728516,66.21421813964844,63.57857131958008,59.46941375732422,56.389442443847656,55.6433219909668,57.71806335449219,60.75286865234375,61.46238327026367,60.92605209350586,60.68280029296875,59.105796813964844,55.90740966796875,55.78158950805664,57.67000198364258,57.049076080322266,56.018428802490234,56.888954162597656,58.548336029052734
