data/wind_data/wind_23_7.json
{"header": {"parameterUnit": "KT", "parameterCategory": 2, "nx": 256, "ny": 198, "lo1": 44.73521041870117, "la1": -3.236724853515625, "lo2": 111.26478576660156, "la2": 43.468475341796875, "dx": 0.2609002888202667, "dy": -0.23708222806453705, "refTime": "2025-02-19 23:00:00", "forecastTime": 0, "parameterNumber": 2, "parameterNumberName": "eastward_wind"}, "data":
[rows 120 to 139 of 198, columns 132 to 175 of 256]
102.61151123046875,103.84674835205078,104.62940979003906,104.19850158691406,102.93894958496094,101.6845932006836,100.79334259033203,100.2518539428711,100.12761688232422,100.2525863647461,100.27870178222656,100.42459869384766,101.24159240722656,102.33021545410156,102.52801513671875,101.51361846923828,100.05635070800781,99.00247192382812,98.64031219482422,98.60750579833984,98.30694580078125,97.46502685546875,96.22335815429688,94.9745101928711,94.02020263671875,93.34992980957031,92.76805877685547,92.3016128540039,92.11393737792969,92.0102310180664,91.66473388671875,91.1269760131836,90.93319702148438,91.5484390258789,92.67814636230469,93.3255615234375,92.85969543457031,91.97476959228516,91.64556884765625,92.20223999023438,93.70880126953125,94.84557342529297,94.06305694580078,92.04537200927734
102.42173767089844,103.44488525390625,104.00540924072266,103.63008117675781,102.7467269897461,102.00177764892578,101.38042449951172,100.81893920898438,100.5704345703125,100.38081359863281,100.16170501708984,100.38719940185547,101.18203735351562,101.7822265625,101.50566101074219,100.52500915527344,99.50155639648438,98.97412872314453,98.96070861816406,98.9612808227539,98.51840209960938,97.50247192382812,96.2227554321289,95.2454605102539,94.8022232055664,94.49763488769531,93.93421173095703,93.29740142822266,92.88501739501953,92.3121566772461,91.39105224609375,91.18771362304688,92.27272033691406,93.27996063232422,93.16192626953125,92.62948608398438,92.01705932617188,91.0374984741211,90.48320770263672,91.52287292480469,93.80036163330078,95.11085510253906,94.10408782958984,91.92920684814453
102.1395492553711,102.7717514038086,102.9997329711914,102.65631103515625,102.1500015258789,101.91556549072266,101.69742584228516,101.1333236694336,100.69107055664062,100.52953338623047,100.26602935791016,100.03124237060547,100.19183349609375,100.42150115966797,100.19969177246094,99.54438781738281,98.8585433959961,98.54046630859375,98.54576873779297,98.46051788330078,98.06525421142578,97.28767395019531,96.28752899169922,95.66773986816406,95.64580535888672,95.64082336425781,95.18487548828125,94.59590911865234,93.78492736816406,92.00666809082031,90.47840881347656,91.75531005859375,94.47371673583984,94.94309997558594,92.89633178710938,91.60771179199219,91.77528381347656,90.59507751464844,89.16902923583984,90.79124450683594,93.78777313232422,94.78724670410156,93.49401092529297,91.40846252441406
101.16781616210938,101.27101135253906,101.01530456542969,100.67304992675781,100.7029800415039,101.11642456054688,101.39715576171875,101.11944580078125,100.5546875,100.0986557006836,99.6395263671875,99.1378173828125,98.87454223632812,98.863525390625,98.80792999267578,98.4681167602539,97.95172882080078,97.64091491699219,97.62088775634766,97.58586120605469,97.3325424194336,96.83338165283203,96.27615356445312,96.0402603149414,96.18367767333984,96.23902130126953,96.00247955322266,95.81333923339844,94.62359619140625,91.56951141357422,90.25508880615234,93.22547912597656,96.16056823730469,95.1480941772461,92.06488800048828,91.82025146484375,92.77272033691406,90.47715759277344,88.27985382080078,91.1457290649414,95.06861114501953,95.4567642211914,93.10383605957031,90.2155990600586
98.98577117919922,99.09737396240234,98.58421325683594,98.13877868652344,98.54105377197266,99.55389404296875,100.22040557861328,100.0288314819336,99.33145141601562,98.67424011230469,98.2061767578125,97.83878326416016,97.53111267089844,97.3988037109375,97.40267181396484,97.12555694580078,96.52687072753906,96.20294952392578,96.39021301269531,96.58502960205078,96.43672943115234,96.11101531982422,95.95498657226562,96.12738800048828,96.29399871826172,96.10203552246094,96.06256866455078,96.31600952148438,94.98486328125,91.60414123535156,91.16861724853516,94.56503295898438,96.10568237304688,94.39330291748047,92.16222381591797,92.51887512207031,93.7034683227539,91.87042236328125,89.83826446533203,92.44189453125,96.23160552978516,96.54754638671875,93.12232208251953,88.94927978515625
96.33905792236328,96.22218322753906,95.931884765625,95.54136657714844,95.90723419189453,97.09270477294922,97.94236755371094,97.76589965820312,96.98722076416016,96.28622436523438,95.98593139648438,95.95820617675781,95.90574645996094,95.79342651367188,95.55379486083984,95.00289154052734,94.3915023803711,94.26809692382812,94.773681640625,95.35240173339844,95.4545669555664,95.3469009399414,95.49525451660156,95.77800750732422,95.48226165771484,94.92648315429688,95.2873764038086,95.76888275146484,94.90190124511719,92.67914581298828,91.83868408203125,94.10663604736328,95.66493225097656,94.86154174804688,93.8148193359375,93.4353256225586,92.94459533691406,91.83122253417969,92.05447387695312,94.87356567382812,97.3453598022461,96.79743194580078,93.14405059814453,89.11187744140625
94.95657348632812,94.26045227050781,93.55083465576172,93.02166748046875,93.4077377319336,94.53263854980469,95.15757751464844,94.82937622070312,94.17738342285156,93.79879760742188,93.92874145507812,94.30967712402344,94.38274383544922,93.95941162109375,93.17162322998047,92.21373748779297,91.53760528564453,91.7329330444336,92.93582916259766,94.21478271484375,94.67123413085938,94.66019439697266,94.55475616455078,94.2462158203125,93.66761016845703,93.37593078613281,93.91929626464844,94.4620132446289,94.19734954833984,93.23503875732422,92.77315521240234,93.98829650878906,95.27392578125,95.21632385253906,94.35041809082031,93.24604797363281,92.15716552734375,91.66712188720703,93.227294921875,96.47748565673828,98.39282989501953,96.98267364501953,93.1878433227539,90.1223373413086
94.22540283203125,93.70303344726562,92.45220184326172,91.40582275390625,91.41712188720703,92.00953674316406,92.2099380493164,91.90061950683594,91.63337707519531,91.90135955810547,92.70330810546875,93.44415283203125,93.35834503173828,92.32304382324219,90.79086303710938,89.2388916015625,88.53177642822266,89.59490966796875,91.71324920654297,93.19905090332031,93.60576629638672,93.40653991699219,92.87863159179688,92.50506591796875,92.32109069824219,91.80048370361328,91.69530487060547,92.73566436767578,93.82453155517578,93.94072723388672,93.46961212158203,93.46102905273438,94.14976501464844,94.49163055419922,93.65020751953125,92.55657196044922,92.1953125,92.34121704101562,93.7148208618164,96.4065933227539,97.8724365234375,96.0270767211914,92.39095306396484,90.755859375
93.23245239257812,93.29778289794922,92.55582427978516,91.2604751586914,90.3936996459961,90.036376953125,89.84671783447266,89.76505279541016,90.11585998535156,91.01991271972656,92.20419311523438,92.98422241210938,92.62223052978516,90.99169921875,88.80094909667969,86.99408721923828,86.56552124023438,88.17668151855469,90.8699722290039,92.51300811767578,92.47218322753906,91.59197235107422,90.6851806640625,90.3232192993164,90.5006103515625,90.84917449951172,91.36351013183594,92.12212371826172,92.8625717163086,93.30445098876953,93.09822845458984,92.7314682006836,93.2286148071289,93.54999542236328,92.44559478759766,91.41097259521484,91.60572052001953,92.20626831054688,93.44940948486328,95.5160903930664,96.42557525634766,94.65313720703125,92.00018310546875,91.13072204589844
92.38423156738281,92.68965148925781,92.6298599243164,91.55927276611328,89.8854751586914,88.77656555175781,88.70186614990234,89.16940307617188,89.80242156982422,90.60908508300781,91.45516204833984,91.68938446044922,90.62753295898438,88.50059509277344,86.49993896484375,85.57687377929688,85.864990234375,88.0768051147461,91.44667053222656,92.32418823242188,90.22282409667969,88.74446868896484,89.18836975097656,90.13631439208984,90.6718521118164,90.86665344238281,90.88130950927734,91.05216979980469,91.79948425292969,92.52935791015625,92.29442596435547,91.81267547607422,92.24598693847656,92.77010345458984,92.2460708618164,91.36070251464844,90.9879379272461,91.2083740234375,92.20252227783203,93.78849792480469,94.67987823486328,93.91937255859375,92.27188873291016,91.1752700805664
91.75083923339844,92.15483856201172,91.62397003173828,90.61001586914062,89.64825439453125,88.96751403808594,88.61589813232422,88.60613250732422,89.0124282836914,89.86015319824219,90.55712127685547,90.2405014038086,88.55257415771484,86.43290710449219,85.54283905029297,86.23710632324219,87.21504974365234,88.87716674804688,91.18994903564453,90.9244155883789,88.50674438476562,87.68711853027344,88.83964538574219,90.25724792480469,91.05278778076172,91.21379089355469,90.84514617919922,90.54012298583984,91.09258270263672,91.78804779052734,91.47350311279297,90.90399169921875,91.33423614501953,92.27436828613281,92.44751739501953,91.78347778320312,91.18782043457031,91.26917266845703,91.82510375976562,92.44664001464844,92.8662109375,92.74335479736328,92.01979064941406,91.30548858642578
90.94449615478516,91.33162689208984,90.74896240234375,89.7986068725586,89.12651062011719,88.6063461303711,88.19287109375,88.20550537109375,88.93302154541016,90.109130859375,90.55498504638672,89.37666320800781,87.10623168945312,85.56864929199219,86.46676635742188,88.3896484375,88.53577423095703,88.04161834716797,88.9590835571289,89.55059051513672,88.55152130126953,87.64974975585938,88.12249755859375,89.40383911132812,90.64414978027344,91.42151641845703,91.40833282470703,90.8965072631836,90.69589233398438,90.742431640625,90.3458480834961,89.95891571044922,90.63787078857422,91.9423828125,92.4737548828125,91.93637084960938,91.1479263305664,90.97875213623047,91.38414001464844,91.67286682128906,91.6517105102539,91.63237762451172,91.51991271972656,91.44068145751953
90.30762481689453,90.79251098632812,90.25303649902344,89.0251693725586,88.05699920654297,87.77823638916016,87.7322006225586,87.86798858642578,88.55883026123047,89.44989776611328,89.20311737060547,87.35398864746094,85.18553161621094,85.04835510253906,87.30268096923828,88.82947540283203,87.715087890625,86.6370849609375,87.46035766601562,88.3182144165039,88.00044250488281,87.69686889648438,88.23863220214844,89.31117248535156,90.44747924804688,91.09635162353516,91.08528137207031,90.70845794677734,90.06201934814453,89.24974822998047,88.79141235351562,89.08345031738281,90.28690338134766,91.57530212402344,91.71449279785156,90.85360717773438,90.10939025878906,90.19114685058594,90.73564910888672,91.05805969238281,90.94743347167969,90.79640197753906,91.02702331542969,91.51654815673828
89.25106811523438,90.22594451904297,89.8875961303711,88.38877868652344,86.82099914550781,86.2018814086914,86.36556243896484,86.88990020751953,87.36849975585938,87.32485961914062,86.20691680908203,84.17761993408203,83.04134368896484,84.34671020507812,86.54830932617188,86.99118041992188,85.94233703613281,85.11320495605469,85.26856994628906,86.18534088134766,87.35004425048828,88.25497436523438,88.66958618164062,88.98570251464844,89.45135498046875,89.61833953857422,89.28846740722656,88.77149200439453,88.3105697631836,88.03012084960938,87.87006378173828,88.00006103515625,88.80038452148438,89.82600402832031,90.11314392089844,89.58026885986328,89.1928939819336,89.5101547241211,90.15142822265625,90.67521667480469,90.88621520996094,90.82685089111328,91.00366973876953,91.63641357421875
87.95590209960938,88.92755889892578,88.43413543701172,86.56739044189453,84.65953063964844,84.36624145507812,85.72126007080078,86.90497589111328,86.5661392211914,85.11628723144531,82.66795349121094,80.47509002685547,80.70530700683594,82.69721984863281,84.4977798461914,85.33332061767578,84.96012878417969,83.61869812011719,83.00776672363281,84.31029510498047,86.3354263305664,87.34492492675781,87.25269317626953,87.04232025146484,87.23590850830078,87.35665130615234,86.94911193847656,86.46814727783203,86.4712905883789,86.70820617675781,86.79953002929688,86.92435455322266,87.31104278564453,87.91691589355469,88.36680603027344,88.39408874511719,88.40153503417969,88.90779876708984,89.81298065185547,90.48240661621094,90.6667251586914,90.55354309082031,90.7138671875,91.05586242675781
86.19965362548828,86.66944885253906,85.67143249511719,83.80831909179688,82.94062805175781,84.13595581054688,85.79619598388672,85.86285400390625,84.31819152832031,81.95426177978516,79.51641845703125,78.68640899658203,79.5274887084961,80.61079406738281,81.71417236328125,82.8150405883789,82.561279296875,81.03894805908203,80.75138092041016,82.7689208984375,84.77964782714844,85.02674865722656,84.44422149658203,84.3709487915039,84.96082305908203,85.43130493164062,85.22054290771484,84.80668640136719,84.8331298828125,85.18617248535156,85.60572814941406,85.96136474609375,86.10655212402344,86.32405090332031,86.79171752929688,87.23216247558594,87.58629608154297,88.3132553100586,89.25638580322266,89.71566772460938,89.60801696777344,89.09716796875,89.19865417480469,89.82926177978516
83.09241485595703,82.31363677978516,81.2055435180664,81.24427795410156,83.0836181640625,84.9632797241211,85.11597442626953,83.38006591796875,80.74583435058594,78.19461822509766,76.77179718017578,76.61638641357422,77.13668823242188,78.2253189086914,80.110107421875,81.5038070678711,80.54437255859375,78.5424575805664,78.96044158935547,81.73222351074219,83.57144165039062,83.28681945800781,82.48177337646484,82.46951293945312,83.15995788574219,83.7062759399414,83.54425811767578,83.17809295654297,83.39032745361328,84.24053192138672,85.08369445800781,85.2945327758789,85.0463638305664,85.05897521972656,85.32415771484375,85.64859008789062,86.39219665527344,87.62112426757812,88.23238372802734,87.9050064086914,87.08228302001953,86.46014404296875,87.28265380859375,87.9638442993164
79.84571838378906,78.55839538574219,79.22703552246094,82.19532012939453,83.96842193603516,83.2542724609375,81.6317138671875,79.29957580566406,76.87537384033203,75.56402587890625,75.33605194091797,75.46957397460938,76.03416442871094,77.81187438964844,79.9605941772461,80.01213836669922,77.58586883544922,76.22518920898438,78.23422241210938,81.34940338134766,82.50822448730469,81.64900970458984,80.65863037109375,80.65301513671875,81.27574920654297,81.73835754394531,81.89163208007812,82.3284912109375,83.1174545288086,83.68575286865234,84.04966735839844,84.21421813964844,84.06796264648438,83.86709594726562,83.53705596923828,83.82027435302734,85.15918731689453,86.74251556396484,86.75049591064453,85.45069122314453,84.65580749511719,84.83397674560547,85.89002990722656,87.1867446899414
76.63681030273438,77.27474212646484,80.37281036376953,82.4957046508789,81.726318359375,80.03749084472656,78.06610870361328,75.70182800292969,74.66107177734375,75.36149597167969,76.13114929199219,76.14729309082031,76.38185119628906,77.69768524169922,78.61873626708984,77.39351654052734,75.37559509277344,75.5271987915039,78.22614288330078,80.66962432861328,80.98175811767578,79.92890167236328,78.93524169921875,78.82192993164062,79.42350769042969,79.96138000488281,80.394287109375,81.35810089111328,82.51362609863281,82.68551635742188,82.547119140625,82.98792266845703,83.2265396118164,82.42042541503906,81.2279281616211,81.65718078613281,84.18668365478516,85.99209594726562,85.59880828857422,84.34796142578125,83.82874298095703,83.90260314941406,84.15483093261719,84.87450408935547
77.5325927734375,78.07164764404297,78.9908447265625,79.46298217773438,78.7603530883789,76.96572875976562,74.43587493896484,73.35598754882812,74.73201751708984,76.48838806152344,76.89423370361328,76.2373046875,75.96199798583984,76.48439025878906,76.68434143066406,75.80155181884766,74.90475463867188,75.88671112060547,78.40370178222656,79.75176239013672,79.18032836914062,78.06339263916016,77.25141906738281,77.13118743896484,77.81298828125,78.61149597167969,79.15531158447266,79.91706848144531,80.9436264038086,81.48358917236328,81.5538330078125,81.63099670410156,81.79133605957031,81.61951446533203,80.93610382080078,80.99453735351562,82.58312225341797,84.1651382446289,84.37466430664062,83.76895141601562,83.26541137695312,82.8693618774414,82.38874053955078,82.31253814697266
