data/wind_data/wind_Surface_21.json
{"header": {"parameterUnit": "KT", "parameterCategory": 2, "nx": 255, "ny": 198, "lo1": 44.73521041870117, "la1": -3.236724853515625, "lo2": 111.26478576660156, "la2": 43.468475341796875, "dx": 0.26192745566368103, "dy": -0.23708222806453705, "refTime": "2025-02-19 21:00:00", "forecastTime": 0, "parameterNumber": 2, "parameterNumberName": "eastward_wind"}, "data":
[rows 19 to 37 of 198, columns 86 to 128 of 255]
-4.528576850891113,-5.12247371673584,-5.2392168045043945,-4.575451850891113,-3.5177462100982666,-2.4857521057128906,-1.3452130556106567,-0.23164236545562744,-2.1749491691589355,-4.929220199584961,-5.278302192687988,-4.077427387237549,-3.892066478729248,-3.7072556018829346,-1.5458347797393799,-1.3509544134140015,-2.903911590576172,-3.1916441917419434,-1.4152889251708984,-0.7824253439903259,-2.477644443511963,-4.004766464233398,-5.7333879470825195,-5.479159832000732,-2.440507650375366,-2.10870361328125,-6.083243370056152,-6.140493869781494,-1.8168102502822876,-1.8685251474380493,-5.695197105407715,-7.323544502258301,-5.359683513641357,-3.2198326587677,-2.3566017150878906,-1.562421202659607,-1.6346980333328247,-2.787484645843506,-3.1321072578430176,-3.0621631145477295,-2.867297410964966,-3.2306642532348633,-3.206251859664917
-5.59628438949585,-5.608030796051025,-4.85964822769165,-3.4656455516815186,-2.289299964904785,-2.6900782585144043,-2.87351393699646,-1.837159514427185,-2.880486249923706,-4.747690677642822,-5.710864543914795,-5.833047866821289,-5.122535228729248,-3.9877355098724365,-2.2343714237213135,-0.6259342432022095,-2.082655429840088,-5.8572564125061035,-4.917078018188477,-2.2744977474212646,-3.443164110183716,-3.570239543914795,-2.7267026901245117,-5.023416042327881,-6.111644268035889,-5.318161487579346,-4.501441478729248,-3.062525987625122,-4.556482315063477,-6.592483997344971,-6.060854911804199,-5.163275241851807,-4.259209632873535,-2.868180751800537,-2.4084110260009766,-3.8240809440612793,-6.226024627685547,-2.86814284324646,-1.1934130191802979,-4.294393539428711,-2.271881103515625,-1.1150407791137695,-2.3139922618865967
-5.6092119216918945,-5.266804218292236,-4.401473045349121,-3.2810802459716797,-2.7219760417938232,-3.1566457748413086,-2.0212900638580322,-0.11301366984844208,-1.1371163129806519,-3.59955096244812,-6.264300346374512,-7.723215103149414,-6.447021961212158,-4.550673484802246,-3.416987895965576,-2.540910005569458,-3.1397008895874023,-5.360313892364502,-5.568437576293945,-5.0370893478393555,-5.535027980804443,-3.8807923793792725,-1.1048916578292847,-4.577793121337891,-8.44416332244873,-7.743056774139404,-6.051080226898193,-4.135087966918945,-5.129413604736328,-6.833715438842773,-5.731171607971191,-3.3450653553009033,-4.463754177093506,-3.8240602016448975,-1.6532373428344727,-3.3808486461639404,-5.213224411010742,-4.903632640838623,-3.0746982097625732,-3.0487325191497803,-4.800504207611084,-3.503746271133423,-1.8028579950332642
-4.727878093719482,-5.199682712554932,-5.431772232055664,-4.543755054473877,-3.2972354888916016,-2.1644439697265625,-0.5375080108642578,1.345753788948059,1.0110485553741455,-3.9142208099365234,-7.72847843170166,-8.191919326782227,-7.301738739013672,-5.476351737976074,-4.609977722167969,-4.195305347442627,-3.8438377380371094,-4.39168119430542,-6.293989181518555,-7.451627254486084,-7.000661373138428,-5.419145584106445,-4.441730976104736,-5.849888324737549,-7.195215702056885,-8.032021522521973,-7.530017852783203,-6.060875415802002,-6.126353740692139,-5.5168538093566895,-3.372248411178589,-1.0860636234283447,-2.591392993927002,-2.9966325759887695,-2.542834758758545,-4.425447940826416,-4.690840721130371,-4.7777228355407715,-4.127051830291748,-3.4131603240966797,-4.1572089195251465,-4.432007789611816,-3.5912840366363525
-4.667846202850342,-5.600448131561279,-6.123456001281738,-4.725180625915527,-2.435337781906128,-1.0180140733718872,0.06146050617098808,0.1173814982175827,-3.3905649185180664,-7.1574177742004395,-8.668601036071777,-8.785327911376953,-7.5567426681518555,-6.235383033752441,-5.30483341217041,-5.025486469268799,-5.130493640899658,-5.173388481140137,-5.740090847015381,-6.775063991546631,-6.471187114715576,-5.456964492797852,-5.747445583343506,-7.942371845245361,-8.411640167236328,-8.20413589477539,-7.251978874206543,-6.071736812591553,-7.117494583129883,-6.0434794425964355,-2.0369064807891846,2.2457375526428223,-0.8895394206047058,-5.9074578285217285,-4.204963684082031,-3.416435480117798,-4.5926432609558105,-4.14372444152832,-3.603182077407837,-3.3307056427001953,-3.692924976348877,-3.916959285736084,-3.736995220184326
-6.169261932373047,-5.932516574859619,-5.096505165100098,-3.9173426628112793,-2.6199700832366943,-1.3241767883300781,-0.7055374383926392,-4.08847713470459,-6.96636438369751,-7.809355735778809,-8.435916900634766,-8.24034309387207,-8.216992378234863,-7.0823974609375,-5.909898281097412,-5.556416034698486,-5.691182613372803,-5.980659008026123,-6.509818077087402,-6.522485733032227,-6.128283977508545,-6.491318225860596,-8.371790885925293,-9.564254760742188,-9.015592575073242,-8.451040267944336,-7.520029544830322,-6.811877727508545,-6.408154010772705,-4.958569526672363,-1.8560556173324585,0.6028758883476257,-1.5219415426254272,-2.98732590675354,-1.5957245826721191,-2.5062365531921387,-4.283217906951904,-3.4639389514923096,-2.2938127517700195,-2.832826852798462,-3.611721992492676,-4.533355236053467,-5.064728736877441
-6.428584098815918,-5.525406837463379,-4.721187591552734,-4.3975911140441895,-3.887794017791748,-3.372433662414551,-3.491854190826416,-5.628659725189209,-7.3184919357299805,-7.484501361846924,-8.259830474853516,-8.826197624206543,-8.241216659545898,-7.467789649963379,-6.924553394317627,-6.360742092132568,-6.44314432144165,-6.47074556350708,-6.576425552368164,-7.228163242340088,-7.684977054595947,-7.544461250305176,-7.643566131591797,-8.40494441986084,-8.62666130065918,-7.939967632293701,-7.778068542480469,-7.217474937438965,-5.711940288543701,-4.6182074546813965,-3.7817935943603516,-2.7008438110351562,-1.508097529411316,-0.7194945812225342,-0.0844060406088829,-1.4282852411270142,-3.118530035018921,-1.462661623954773,-0.9137332439422607,-2.582247018814087,-3.743231773376465,-5.753467559814453,-6.885884761810303
-5.769835948944092,-5.557826042175293,-5.533698558807373,-5.2023701667785645,-4.524930953979492,-4.461391925811768,-5.236013889312744,-6.118887901306152,-6.59811544418335,-7.525574684143066,-8.378649711608887,-8.141438484191895,-7.7303619384765625,-7.525074481964111,-7.2500319480896,-6.987336158752441,-7.151461124420166,-7.484426975250244,-7.904858589172363,-8.463855743408203,-8.7794828414917,-8.457104682922363,-8.14236831665039,-8.114768981933594,-7.858186721801758,-7.54427433013916,-7.077447891235352,-6.2067036628723145,-5.57604455947876,-5.728938102722168,-5.472280502319336,-2.835172414779663,-0.6824779510498047,-1.924905776977539,-1.9208747148513794,-1.7436449527740479,-2.4409279823303223,0.2892118990421295,0.336989164352417,-2.088982582092285,-3.913343906402588,-6.271747589111328,-7.398435592651367
-5.5139899253845215,-5.697538375854492,-5.742793083190918,-5.48205041885376,-4.997577667236328,-4.724878311157227,-5.729535102844238,-6.580822944641113,-6.649912357330322,-7.526577949523926,-8.12267017364502,-7.6595377922058105,-7.354499816894531,-6.9058732986450195,-6.561859130859375,-6.758514881134033,-7.095503807067871,-7.685041427612305,-8.39881420135498,-8.731027603149414,-8.630754470825195,-8.4176025390625,-7.858230113983154,-7.546420574188232,-7.303153038024902,-5.713178634643555,-4.353591442108154,-4.7091474533081055,-6.699540615081787,-7.640661239624023,-5.9798150062561035,-4.293163299560547,-3.268082857131958,-2.525439739227295,-2.996999979019165,-3.322922468185425,-1.8444170951843262,-0.037194203585386276,-2.151683807373047,-4.619226455688477,-5.596199989318848,-3.516885757446289,-1.7678579092025757
-5.116196155548096,-5.371607303619385,-5.982341289520264,-6.2210211753845215,-6.03018045425415,-5.527482509613037,-6.077427864074707,-7.2994256019592285,-7.4553632736206055,-7.7991108894348145,-8.356301307678223,-7.6505608558654785,-6.963994979858398,-6.273400783538818,-6.008898735046387,-6.253661632537842,-6.482200622558594,-7.124306678771973,-7.519152641296387,-7.949339389801025,-8.704607009887695,-8.94701099395752,-8.19801139831543,-7.079996585845947,-5.783113956451416,-3.744154930114746,-2.513791799545288,-5.80603551864624,-9.609341621398926,-7.6742987632751465,-3.8759214878082275,-3.5201022624969482,-4.5901079177856445,-3.4289145469665527,-3.084380626678467,-3.1065549850463867,-2.588625907897949,-2.875831127166748,-2.32456636428833,-2.4518609046936035,-2.7658169269561768,-2.9483370780944824,-2.8457601070404053
-5.889232635498047,-5.811245441436768,-6.171222686767578,-6.805331707000732,-7.065024375915527,-6.790464401245117,-6.774007320404053,-7.075321197509766,-7.542351245880127,-8.000657081604004,-7.980936050415039,-7.586559772491455,-6.816411018371582,-6.097142219543457,-5.987699031829834,-5.964460849761963,-6.135582447052002,-6.6343536376953125,-6.850960731506348,-6.940512657165527,-7.416186332702637,-8.307014465332031,-8.406067848205566,-7.003969669342041,-5.691518306732178,-5.283610820770264,-6.347383499145508,-8.190164566040039,-8.389575958251953,-6.764580249786377,-4.921195030212402,-4.297048091888428,-4.617333889007568,-3.8500492572784424,-2.604738235473633,-2.467881917953491,-2.5131824016571045,-2.4279696941375732,-2.1287615299224854,-2.283461093902588,-2.704836130142212,-1.7530646324157715,-1.3925939798355103
-6.612538814544678,-6.568611145019531,-6.727858543395996,-7.091667175292969,-7.208162307739258,-7.19856071472168,-7.207001209259033,-7.012037754058838,-7.153218746185303,-7.701943397521973,-7.450758934020996,-6.779749870300293,-6.2007856369018555,-5.816969394683838,-5.593051433563232,-5.652726173400879,-6.077000141143799,-6.252074241638184,-6.496650218963623,-6.936742305755615,-7.160919666290283,-7.2537641525268555,-7.431692123413086,-7.062718391418457,-6.307999610900879,-6.287864685058594,-6.8245849609375,-7.288907051086426,-6.689298629760742,-5.615151405334473,-5.252778053283691,-4.687163352966309,-3.9367730617523193,-3.653348922729492,-3.414299964904785,-2.660224199295044,-2.192843437194824,-1.8666834831237793,-1.5175303220748901,-1.6250920295715332,-2.016629457473755,-1.8689672946929932,-1.2517915964126587
-6.738552093505859,-6.517024040222168,-6.820643424987793,-7.081625461578369,-6.705713272094727,-6.480364799499512,-6.3733720779418945,-6.618839740753174,-6.8218536376953125,-6.878030300140381,-6.602534294128418,-5.964262008666992,-5.88203239440918,-5.490632057189941,-5.050839900970459,-5.337723731994629,-5.600290298461914,-5.739277362823486,-5.890149116516113,-6.117927074432373,-6.425927639007568,-6.515320301055908,-6.359096050262451,-6.172769546508789,-6.271089553833008,-6.587862968444824,-6.4710469245910645,-6.2373270988464355,-5.737513065338135,-5.003804683685303,-4.57763671875,-4.322187900543213,-3.918867349624634,-3.6287753582000732,-3.579449415206909,-2.9793598651885986,-2.5237302780151367,-1.4734565019607544,-0.4961724281311035,-0.1412462592124939,0.121349036693573,0.22961260378360748,-0.06617604196071625
-6.766167163848877,-6.64378547668457,-6.399251461029053,-6.534592151641846,-6.448179721832275,-5.937929630279541,-5.36260461807251,-5.767630100250244,-6.457059383392334,-6.365725994110107,-5.790727615356445,-5.431056499481201,-5.261806488037109,-4.688437461853027,-4.651451587677002,-4.684875011444092,-4.7331366539001465,-5.063486099243164,-5.1367011070251465,-5.10671854019165,-5.152283668518066,-5.127692222595215,-5.069795608520508,-5.085012912750244,-5.78127384185791,-6.314859390258789,-5.622197151184082,-5.259209156036377,-5.234612464904785,-4.916018486022949,-4.224615097045898,-4.076625823974609,-3.90887713432312,-3.309161901473999,-3.350705146789551,-3.023505210876465,-2.214590549468994,-1.012420415878296,0.07697968930006027,0.6187294125556946,0.9791273474693298,1.3903042078018188,1.1298145055770874
-6.924497604370117,-6.992743492126465,-6.882914066314697,-6.612077236175537,-6.127450942993164,-5.680507659912109,-5.09773588180542,-5.114231586456299,-5.684640884399414,-6.076740741729736,-5.452386856079102,-4.592820644378662,-4.568398475646973,-4.202116966247559,-3.8816683292388916,-3.705894708633423,-3.8473129272460938,-4.3744049072265625,-4.389708518981934,-4.063716411590576,-3.69527268409729,-3.4915802478790283,-3.5646467208862305,-3.7145447731018066,-4.078117370605469,-4.759213447570801,-4.274836540222168,-3.5118958950042725,-3.594407796859741,-3.633216381072998,-2.965898036956787,-3.0727195739746094,-3.1927027702331543,-2.7103257179260254,-2.590590000152588,-2.4724388122558594,-1.8343428373336792,-0.7551169395446777,0.15897022187709808,0.5658012628555298,0.6950139403343201,1.3243262767791748,1.1985496282577515
-6.679128646850586,-6.958578109741211,-7.030376434326172,-6.741225242614746,-6.332154750823975,-5.770500659942627,-5.387762069702148,-4.7255144119262695,-4.244042873382568,-4.978736400604248,-4.8487653732299805,-3.6731910705566406,-3.9042551517486572,-3.929074287414551,-3.324922800064087,-3.1391797065734863,-3.043488025665283,-3.2289299964904785,-3.048218011856079,-2.5900392532348633,-2.2636661529541016,-2.0477535724639893,-1.9991990327835083,-2.197553873062134,-2.3286187648773193,-2.3484349250793457,-1.9344018697738647,-1.4903645515441895,-1.7303428649902344,-1.6978405714035034,-0.9316808581352234,-1.174859642982483,-1.619057297706604,-1.7060636281967163,-1.8490501642227173,-1.8383845090866089,-0.8067235946655273,-0.15824414789676666,0.04006847366690636,0.2675449252128601,0.1755116879940033,0.28905487060546875,-0.08182205259799957
-6.447356700897217,-6.679262161254883,-6.779682159423828,-6.248194217681885,-5.6797590255737305,-5.4785895347595215,-5.1158318519592285,-4.401238441467285,-3.558070421218872,-3.5835907459259033,-4.110739707946777,-3.1890249252319336,-2.9413609504699707,-3.3389334678649902,-2.9895126819610596,-2.496504306793213,-1.9354054927825928,-1.8834165334701538,-1.741299033164978,-1.1271973848342896,-0.8000999689102173,-0.7698757648468018,-0.5583698749542236,-0.6430124640464783,-0.7703642249107361,-0.7609230875968933,0.06654802709817886,0.3611792027950287,-0.5103756785392761,0.11839712411165237,0.8735857605934143,0.639168918132782,0.4781912863254547,0.2144097089767456,-0.24460645020008087,-0.7225911021232605,-0.8394445776939392,-0.12742789089679718,0.3011188209056854,0.08345554769039154,-0.3025667369365692,-0.9365167617797852,-1.494495153427124
-6.413505554199219,-6.681858539581299,-6.4247565269470215,-5.724446773529053,-4.657969951629639,-4.651991367340088,-4.946376323699951,-4.632532119750977,-3.6468420028686523,-2.699361562728882,-3.4242286682128906,-3.390319585800171,-2.7471442222595215,-2.532121419906616,-2.64898943901062,-1.9242032766342163,-1.128777027130127,-1.1399381160736084,-1.0334036350250244,-0.6932266354560852,-0.14532293379306793,0.0018374222563579679,0.4474296271800995,0.7306250929832458,0.7417174577713013,0.8026615381240845,1.0439757108688354,1.6728073358535767,1.1927040815353394,1.5342473983764648,2.2451906204223633,1.5195977687835693,1.356169581413269,1.1807076930999756,0.9123597741127014,0.2000679075717926,-0.3198183476924896,-0.10493870824575424,0.24224664270877838,0.22830399870872498,-0.19774827361106873,-1.1918340921401978,-2.17996883392334
-7.122997760772705,-6.840945720672607,-6.129233360290527,-5.4408488273620605,-3.8426499366760254,-3.9103519916534424,-4.139962196350098,-3.8047618865966797,-4.048696517944336,-3.27398419380188,-2.976165771484375,-3.0847370624542236,-2.820720672607422,-1.5473451614379883,-2.1195054054260254,-1.85333251953125,-1.0222218036651611,-0.8400719165802002,-0.4641076326370239,-0.6044276356697083,-0.08671809732913971,0.27313539385795593,0.9328460097312927,1.4041892290115356,1.8689290285110474,1.743270754814148,1.813604712486267,1.7162582874298096,1.9238909482955933,1.9260671138763428,1.7719595432281494,1.7446264028549194,1.495938777923584,1.4028807878494263,1.2402962446212769,0.9146829843521118,0.3817795217037201,0.145709827542305,0.15883460640907288,0.1459273248910904,-0.14260391891002655,-1.01399827003479,-2.113154649734497
