data/wind_data/wind_0_4.json
{"header": {"parameterUnit": "KT", "parameterCategory": 2, "nx": 256, "ny": 198, "lo1": 44.73521041870117, "la1": -3.236724853515625, "lo2": 111.26478576660156, "la2": 43.468475341796875, "dx": 0.2609002888202667, "dy": -0.23708222806453705, "refTime": "2025-02-19 00:00:00", "forecastTime": 0, "parameterNumber": 2, "parameterNumberName": "eastward_wind"}, "data":
[rows 0 to 18 of 198, columns 176 to 219 of 256]
3.973257064819336,3.407172918319702,4.2446513175964355,5.114933967590332,4.831055641174316,5.325698375701904,6.101311206817627,6.682371616363525,7.124901294708252,8.121363639831543,8.331291198730469,7.822896957397461,7.67261266708374,7.682014465332031,7.532439231872559,7.53579568862915,8.112390518188477,8.800000190734863,9.265702247619629,8.838062286376953,9.048428535461426,9.183687210083008,8.719613075256348,9.474580764770508,10.228429794311523,10.407073974609375,10.694686889648438,10.78223991394043,12.064840316772461,13.249551773071289,15.424966812133789,17.334148406982422,18.13540267944336,18.58831787109375,18.935565948486328,17.90298080444336,16.575428009033203,16.282978057861328,18.46822738647461,21.91444206237793,23.126209259033203,21.728357315063477,20.571956634521484,22.02933120727539
4.391033172607422,3.6560044288635254,3.8603529930114746,4.950150489807129,4.941319942474365,5.090096473693848,6.335220813751221,7.179256916046143,7.624253749847412,8.003253936767578,8.359548568725586,8.257262229919434,8.091156959533691,8.351460456848145,8.163999557495117,8.067121505737305,8.515968322753906,8.783815383911133,9.216832160949707,9.516221046447754,9.388309478759766,9.762249946594238,9.832164764404297,10.277958869934082,10.707188606262207,10.309857368469238,10.252412796020508,10.929945945739746,12.767051696777344,14.064655303955078,15.227886199951172,16.133899688720703,16.368135452270508,16.977893829345703,17.500673294067383,17.03996467590332,16.970012664794922,18.732595443725586,19.925350189208984,21.5126953125,22.023303985595703,20.81439781188965,21.160533905029297,23.202743530273438
4.7020039558410645,4.083526134490967,4.166868209838867,4.872996807098389,4.795596122741699,5.77704381942749,6.894432544708252,7.529314041137695,8.19984245300293,8.190164566040039,8.619802474975586,8.667044639587402,8.300162315368652,8.490288734436035,8.38382625579834,8.215060234069824,8.493658065795898,8.614507675170898,9.13946533203125,9.498055458068848,9.681632995605469,10.53804874420166,11.290857315063477,11.973993301391602,12.187426567077637,11.469003677368164,9.978519439697266,9.78063678741455,10.992273330688477,11.970232009887695,13.033751487731934,14.714664459228516,15.564702987670898,15.491415977478027,15.772266387939453,16.09461784362793,16.426305770874023,17.19341278076172,18.272031784057617,20.02678108215332,21.186330795288086,22.045507431030273,22.89936065673828,24.63690948486328
5.168027400970459,4.810245513916016,5.226421356201172,4.897302150726318,4.467630863189697,5.925666809082031,7.177351951599121,7.777666091918945,8.455859184265137,8.126692771911621,8.763702392578125,9.187307357788086,8.618425369262695,8.454193115234375,8.561431884765625,8.519196510314941,8.690950393676758,8.902503967285156,9.134147644042969,9.083589553833008,9.131381034851074,9.703463554382324,10.732561111450195,11.745038986206055,11.957186698913574,11.742923736572266,10.974771499633789,10.60623836517334,11.010038375854492,11.973104476928711,12.833426475524902,14.303426742553711,15.113668441772461,15.417603492736816,15.805948257446289,16.02797508239746,15.980566024780273,16.393630981445312,18.28961944580078,20.182966232299805,20.909378051757812,24.091381072998047,24.874658584594727,23.932083129882812
5.104945659637451,5.15818452835083,5.0502610206604,4.526308059692383,4.672754764556885,6.046881198883057,7.229092597961426,7.385984420776367,7.521966457366943,7.813422203063965,8.932073593139648,9.375051498413086,8.909059524536133,8.871598243713379,9.086362838745117,9.040038108825684,9.14991283416748,9.227720260620117,9.143514633178711,9.161147117614746,9.01676082611084,9.639941215515137,10.614173889160156,11.157073974609375,11.263435363769531,11.198280334472656,11.568270683288574,11.216719627380371,11.495290756225586,13.069347381591797,14.314291954040527,16.126441955566406,17.173686981201172,16.987918853759766,16.833696365356445,16.84697151184082,16.905807495117188,16.938678741455078,17.90643882751465,20.02231216430664,23.250396728515625,25.57289695739746,25.02964973449707,24.921045303344727
4.060147285461426,4.734397888183594,4.45937967300415,4.3780388832092285,4.929751396179199,5.672529220581055,6.485281467437744,6.873736381530762,6.881321430206299,7.389224052429199,8.502848625183105,8.740435600280762,8.694523811340332,9.454432487487793,9.85867977142334,9.535011291503906,9.583779335021973,9.753524780273438,9.882774353027344,10.084783554077148,9.500575065612793,9.50135612487793,9.825507164001465,10.304434776306152,10.52414321899414,10.915700912475586,12.075106620788574,11.59414005279541,12.030181884765625,13.685805320739746,15.367137908935547,16.83448028564453,16.45219612121582,15.3358736038208,15.448644638061523,15.65710163116455,15.727616310119629,16.136537551879883,16.811813354492188,21.318801879882812,25.68853187561035,26.28166389465332,24.489412307739258,24.638710021972656
2.861327648162842,4.087625503540039,4.5554914474487305,4.628293991088867,4.708061218261719,4.862235069274902,5.99506139755249,6.626558780670166,6.69382381439209,7.343012809753418,8.041533470153809,8.163636207580566,8.395812034606934,9.664737701416016,10.380511283874512,9.984664916992188,9.76887321472168,10.050302505493164,10.392779350280762,10.630687713623047,10.224053382873535,9.924532890319824,9.912643432617188,10.281661987304688,10.696438789367676,10.623051643371582,10.978313446044922,10.986679077148438,11.890780448913574,12.87153148651123,13.951264381408691,14.461429595947266,14.119569778442383,14.098004341125488,14.787233352661133,14.798261642456055,15.156560897827148,16.23435401916504,17.542457580566406,22.633655548095703,24.84773063659668,26.438386917114258,24.758514404296875,22.7841796875
2.162916421890259,3.325137138366699,4.0936279296875,4.808139324188232,4.791562557220459,4.609490394592285,5.788317680358887,6.220099925994873,6.514901161193848,7.685246467590332,8.307937622070312,8.32934856414795,8.567893981933594,9.66261100769043,10.974052429199219,10.88919448852539,10.213910102844238,10.206721305847168,10.465958595275879,10.858467102050781,10.89413833618164,10.91964340209961,10.785064697265625,10.775786399841309,10.661253929138184,10.557581901550293,10.707449913024902,11.198578834533691,12.589369773864746,13.249706268310547,13.056890487670898,13.484905242919922,13.793577194213867,13.757404327392578,14.331817626953125,15.355073928833008,16.648027420043945,16.965700149536133,18.5129337310791,23.220951080322266,24.573469161987305,25.55573272705078,24.891542434692383,23.826995849609375
1.7031164169311523,2.742994546890259,3.9987618923187256,5.163721561431885,5.332082271575928,5.18390417098999,5.736366271972656,5.899500370025635,6.055184364318848,7.429037570953369,8.324304580688477,8.55516242980957,8.689432144165039,9.824482917785645,11.205534934997559,11.375594139099121,10.581820487976074,10.344193458557129,10.582588195800781,11.067956924438477,11.183720588684082,11.325308799743652,11.440166473388672,11.384451866149902,10.948177337646484,10.747489929199219,11.308167457580566,11.946955680847168,13.123127937316895,13.598788261413574,12.976232528686523,13.440926551818848,13.891426086425781,14.160192489624023,15.30996036529541,16.53092384338379,17.529062271118164,17.882244110107422,19.387462615966797,22.188249588012695,23.986534118652344,24.905879974365234,24.83238410949707,23.794567108154297
1.8944847583770752,2.9418158531188965,4.477704048156738,5.47252893447876,5.492953300476074,5.749519348144531,5.74205207824707,6.063891887664795,5.982077598571777,7.17172384262085,8.327934265136719,8.376968383789062,8.379063606262207,9.43446159362793,10.617542266845703,10.836983680725098,10.490102767944336,9.976003646850586,10.277448654174805,11.211857795715332,11.29443359375,10.926305770874023,11.10217571258545,11.153803825378418,10.654191970825195,10.743400573730469,12.047172546386719,12.703051567077637,13.630997657775879,13.658365249633789,13.183032989501953,13.219619750976562,14.330626487731934,15.054747581481934,15.831228256225586,16.01239776611328,16.43084716796875,17.801483154296875,19.724573135375977,21.364561080932617,22.19746208190918,22.75587272644043,22.358638763427734,21.046154022216797
2.645080089569092,3.1482365131378174,4.915004253387451,5.703635215759277,5.551509857177734,5.889461994171143,5.847760200500488,6.423263072967529,6.3954339027404785,6.878012657165527,7.919713973999023,8.07465648651123,8.430102348327637,8.734918594360352,9.234734535217285,9.61549186706543,9.92418098449707,9.687488555908203,9.77328109741211,10.963217735290527,11.501313209533691,10.962583541870117,10.261052131652832,10.111987113952637,10.047043800354004,10.450310707092285,12.087749481201172,13.582011222839355,13.88875675201416,13.071916580200195,13.211301803588867,13.28952693939209,14.529287338256836,15.191009521484375,15.35785961151123,15.2568941116333,16.246572494506836,18.387039184570312,19.728843688964844,20.258594512939453,21.0074520111084,21.6131649017334,21.313289642333984,19.385364532470703
3.5022900104522705,3.3689093589782715,4.805117130279541,5.503171920776367,5.563963413238525,5.7049880027771,6.147464275360107,6.728528022766113,6.822874069213867,6.526767253875732,7.541073322296143,8.77344799041748,8.899011611938477,8.219769477844238,8.329440116882324,9.100479125976562,9.605660438537598,10.017254829406738,10.325605392456055,10.806318283081055,11.582048416137695,11.575029373168945,10.574421882629395,10.121164321899414,10.585375785827637,10.816193580627441,11.613152503967285,13.48019027709961,13.539045333862305,12.874198913574219,13.298572540283203,13.500186920166016,14.343990325927734,14.7492094039917,14.829141616821289,15.108081817626953,16.84507942199707,19.347030639648438,20.16381072998047,20.51731300354004,20.955894470214844,20.570899963378906,22.471994400024414,16.127195358276367
3.2312653064727783,3.8726634979248047,4.221328258514404,4.632040977478027,5.190798759460449,5.5734381675720215,6.439570903778076,6.857091426849365,6.608128547668457,6.426501274108887,7.486342906951904,8.66049575805664,8.69615650177002,8.12312126159668,8.124244689941406,8.902375221252441,9.92851734161377,10.805459022521973,11.228839874267578,11.254711151123047,11.52866268157959,11.85632038116455,11.573461532592773,11.131990432739258,11.348213195800781,11.316305160522461,11.731308937072754,13.120413780212402,13.309286117553711,13.458016395568848,13.631207466125488,13.60641860961914,14.133727073669434,14.519673347473145,14.24885368347168,15.137927055358887,17.221607208251953,18.875314712524414,19.5712833404541,19.59035873413086,18.744216918945312,19.387178421020508,23.782182693481445,19.4680233001709
2.7567903995513916,3.670475959777832,3.628100872039795,3.6218037605285645,4.369084358215332,5.493492603302002,6.163394927978516,6.173480987548828,6.590635299682617,6.478448867797852,7.015449047088623,7.604595184326172,8.568242073059082,8.963849067687988,9.02192497253418,9.585342407226562,10.488286018371582,11.011058807373047,11.23253059387207,11.811102867126465,12.490599632263184,12.040807723999023,11.50617790222168,11.657872200012207,12.019429206848145,11.851166725158691,11.901895523071289,12.690049171447754,12.959588050842285,13.328518867492676,13.774930000305176,13.949145317077637,14.377765655517578,14.889151573181152,14.643768310546875,16.33424949645996,17.825729370117188,17.645524978637695,17.144805908203125,17.428869247436523,17.51589584350586,19.34833526611328,24.006555557250977,21.453269958496094
2.624845027923584,3.5712809562683105,3.3757224082946777,3.7380449771881104,4.3660969734191895,5.246097564697266,5.761623382568359,6.393435955047607,6.7299113273620605,6.08715295791626,6.242468357086182,7.029651641845703,8.503837585449219,9.631564140319824,10.176026344299316,10.497359275817871,10.166060447692871,10.504791259765625,11.447967529296875,12.451879501342773,12.628973960876465,11.872774124145508,11.171822547912598,11.74526309967041,12.521941184997559,12.619121551513672,11.924046516418457,11.671817779541016,12.242816925048828,13.479055404663086,14.23100471496582,14.662076950073242,14.667878150939941,14.81086540222168,15.6579008102417,17.689285278320312,18.280338287353516,16.37923812866211,15.920069694519043,16.78386878967285,16.903724670410156,18.1104679107666,20.32421112060547,19.57793426513672
2.5567820072174072,3.65128231048584,3.64192533493042,4.397377967834473,4.866032123565674,5.440404415130615,5.81303596496582,6.1504645347595215,5.903204441070557,5.538945198059082,6.307750701904297,7.3270463943481445,8.106271743774414,9.210391998291016,10.253933906555176,10.750946044921875,10.418900489807129,10.272063255310059,10.539390563964844,11.67490005493164,11.646166801452637,11.515144348144531,10.972771644592285,11.664287567138672,12.339030265808105,12.955198287963867,12.108372688293457,11.108708381652832,11.819902420043945,13.91959285736084,14.916962623596191,15.08630657196045,14.893594741821289,14.674317359924316,15.66787052154541,18.295690536499023,18.502277374267578,15.912728309631348,14.64892578125,15.168008804321289,17.598207473754883,19.161270141601562,20.566503524780273,15.195296287536621
2.7628023624420166,3.814300537109375,4.282240867614746,5.210241794586182,5.997146129608154,5.837024211883545,5.134342193603516,5.287454128265381,5.365664482116699,5.719054222106934,7.156351566314697,8.483661651611328,9.167747497558594,9.329497337341309,10.028816223144531,10.836896896362305,11.149824142456055,10.510236740112305,10.089138984680176,10.486642837524414,10.475552558898926,11.355535507202148,10.732046127319336,11.196785926818848,12.172137260437012,13.051753044128418,12.15136432647705,11.289092063903809,12.265195846557617,14.215559005737305,15.02910041809082,14.907297134399414,15.08981704711914,15.347423553466797,15.663028717041016,16.542720794677734,16.55768394470215,15.482874870300293,14.519463539123535,14.80551815032959,18.771841049194336,20.116281509399414,22.172992706298828,16.71558380126953
3.5378165245056152,4.137091636657715,5.023900508880615,5.721113204956055,6.2552289962768555,5.688391208648682,4.993025779724121,5.409726142883301,5.766654968261719,7.398054599761963,8.993486404418945,9.327045440673828,9.041180610656738,8.920713424682617,10.088078498840332,11.405033111572266,11.944382667541504,11.381414413452148,10.723694801330566,10.242426872253418,9.68903636932373,11.01511287689209,10.660002708435059,11.032167434692383,12.848710060119629,13.362238883972168,12.81613826751709,12.897931098937988,13.81785774230957,14.4852933883667,14.868849754333496,14.79556941986084,14.882973670959473,15.262715339660645,15.325077056884766,14.795050621032715,14.614727020263672,14.963232040405273,15.35881519317627,16.49619483947754,17.0092716217041,17.250545501708984,14.745967864990234,20.636619567871094
3.6439168453216553,3.906170606613159,4.932989597320557,5.508606433868408,6.153011322021484,5.461012363433838,5.337021350860596,6.098386287689209,7.056360244750977,8.447606086730957,8.9299898147583,8.50507926940918,9.282039642333984,9.57009220123291,9.786242485046387,11.446348190307617,12.640256881713867,12.082338333129883,11.131691932678223,10.430371284484863,10.471768379211426,11.04015064239502,10.848837852478027,11.946636199951172,13.737547874450684,14.30859375,14.253888130187988,13.985702514648438,14.549966812133789,14.659879684448242,14.374290466308594,14.014761924743652,14.314281463623047,14.467009544372559,15.003463745117188,15.19575309753418,15.084836959838867,15.880457878112793,15.924200057983398,16.11149787902832,15.522348403930664,14.28740119934082,13.87342643737793,13.764311790466309
