data/wind_data/wind_39_5.json
{"header": {"parameterUnit": "KT", "parameterCategory": 2, "nx": 256, "ny": 198, "lo1": 44.73521041870117, "la1": -3.236724853515625, "lo2": 111.26478576660156, "la2": 43.468475341796875, "dx": 0.2609002888202667, "dy": -0.23708222806453705, "refTime": "2025-02-20 15:00:00", "forecastTime": 0, "parameterNumber": 2, "parameterNumberName": "eastward_wind"}, "data":
[rows 19 to 37 of 198, columns 176 to 219 of 256]
3.221296548843384,5.059119701385498,4.885140895843506,5.42469596862793,6.3405232429504395,8.67851448059082,8.341684341430664,7.670042514801025,8.159778594970703,8.937252044677734,8.729412078857422,8.242692947387695,8.383862495422363,9.010525703430176,9.347481727600098,9.248891830444336,9.685140609741211,10.15378189086914,9.935373306274414,9.672691345214844,9.80130386352539,10.235332489013672,10.591350555419922,10.325409889221191,9.630109786987305,9.29139232635498,9.759923934936523,10.35661792755127,12.326423645019531,14.28915786743164,15.872725486755371,15.129703521728516,12.974303245544434,11.845663070678711,11.387407302856445,11.337747573852539,11.994827270507812,12.427213668823242,12.754410743713379,13.533135414123535,13.642099380493164,12.136222839355469,10.029509544372559,8.51831340789795
3.1679537296295166,3.145911931991577,4.600768089294434,4.962156772613525,6.110908508300781,8.419017791748047,7.897784233093262,8.105466842651367,7.932817459106445,8.524945259094238,8.402549743652344,7.980140686035156,8.104122161865234,8.736933708190918,9.053901672363281,8.995365142822266,9.570392608642578,10.119197845458984,9.957991600036621,9.560922622680664,9.583389282226562,10.061671257019043,10.572915077209473,10.379526138305664,9.64377498626709,9.142340660095215,9.087363243103027,9.663363456726074,12.153152465820312,16.17142105102539,12.906523704528809,12.129115104675293,10.271164894104004,9.761364936828613,9.834821701049805,10.45263957977295,11.019091606140137,11.643431663513184,12.404601097106934,12.797012329101562,12.249990463256836,10.1118803024292,8.480600357055664,7.529578685760498
3.3674824237823486,3.7228987216949463,4.9994215965271,4.872244834899902,5.593391418457031,7.151916980743408,7.60651159286499,8.192688941955566,7.790814399719238,7.98760986328125,7.8978800773620605,8.027830123901367,8.429372787475586,8.674966812133789,8.538345336914062,8.754899978637695,9.505207061767578,9.961400985717773,9.722650527954102,9.273154258728027,9.567917823791504,10.517513275146484,11.03950309753418,10.58524227142334,10.000032424926758,9.307605743408203,9.095382690429688,9.834955215454102,11.82913875579834,14.048542022705078,6.1114301681518555,3.0492775440216064,4.392283916473389,7.614049911499023,10.115947723388672,11.098946571350098,11.17219066619873,11.345495223999023,11.24401569366455,11.173148155212402,11.054865837097168,8.882821083068848,7.813163757324219,6.886965274810791
3.778393268585205,3.3682305812835693,4.431282043457031,5.438664436340332,6.265946865081787,6.552880764007568,6.931179046630859,7.257626533508301,6.9215006828308105,7.652468681335449,7.794147491455078,8.020759582519531,8.415881156921387,8.314070701599121,8.075657844543457,8.523005485534668,9.34032154083252,9.663056373596191,9.579615592956543,9.564151763916016,10.158222198486328,11.094746589660645,11.37551212310791,11.101459503173828,10.410127639770508,9.203473091125488,8.284464836120605,9.895349502563477,8.830568313598633,3.3680243492126465,1.3645023107528687,4.624290466308594,7.9559173583984375,11.4891357421875,12.417922973632812,11.807354927062988,11.290018081665039,10.824601173400879,10.310401916503906,9.457727432250977,8.645553588867188,8.16991901397705,7.662191390991211,6.082698822021484
3.82783579826355,3.639026641845703,3.508497953414917,4.631255626678467,6.119455814361572,6.591826438903809,6.536983966827393,6.921700477600098,7.199834823608398,7.900473117828369,8.180388450622559,8.401676177978516,8.550289154052734,8.199346542358398,8.023429870605469,8.496549606323242,9.245753288269043,9.748682975769043,10.118561744689941,10.467033386230469,11.007609367370605,11.588340759277344,11.811923027038574,11.947175025939941,10.869373321533203,8.678960800170898,7.805521488189697,9.137646675109863,13.456788063049316,13.114075660705566,11.494925498962402,12.607483863830566,14.292452812194824,14.163284301757812,12.59235954284668,11.480608940124512,10.498428344726562,9.01116943359375,9.09619140625,8.006768226623535,7.469254493713379,7.586420059204102,7.2057366371154785,4.97352409362793
3.509079933166504,3.384747266769409,3.4177050590515137,3.785895347595215,4.831003665924072,5.879398822784424,6.669891357421875,7.539278030395508,7.465618133544922,7.96085786819458,8.375585556030273,8.628364562988281,8.667651176452637,8.111673355102539,8.138389587402344,8.74924373626709,9.498270034790039,10.206512451171875,10.789397239685059,11.175880432128906,11.50536060333252,11.83597183227539,12.136013984680176,12.496071815490723,10.868639945983887,8.993319511413574,9.034442901611328,10.1868257522583,11.09882926940918,10.464249610900879,10.359578132629395,12.0650053024292,12.892711639404297,12.697894096374512,12.103203773498535,11.053686141967773,9.274826049804688,6.503820896148682,8.45281982421875,6.131198883056641,6.392506122589111,6.544711589813232,6.210984230041504,4.435294151306152
2.685622453689575,3.31921124458313,3.5753402709960938,4.160927772521973,5.177861213684082,6.15739631652832,7.254275321960449,7.835300445556641,7.474910736083984,8.0101900100708,8.101491928100586,8.01533031463623,8.511896133422852,8.157690048217773,8.200324058532715,8.729730606079102,9.4452543258667,10.24685287475586,11.013839721679688,11.534024238586426,11.609600067138672,11.78796672821045,12.450961112976074,12.054817199707031,10.522401809692383,9.841136932373047,5.858638763427734,7.222654342651367,8.26488971710205,9.285280227661133,10.16353988647461,11.078227996826172,11.86087417602539,12.241809844970703,11.4065580368042,9.95544147491455,8.15285587310791,7.1246657371521,7.305293560028076,6.593341827392578,5.635444641113281,5.5777997970581055,4.41115665435791,3.917816162109375
2.456584930419922,2.823117971420288,3.664954423904419,4.3310346603393555,5.684052467346191,6.730719089508057,7.120497226715088,7.0419487953186035,7.292108535766602,7.591552257537842,7.433696269989014,7.155157566070557,7.9226975440979,8.013497352600098,8.258306503295898,8.709005355834961,9.289700508117676,9.958313941955566,10.831196784973145,11.30690860748291,11.411218643188477,11.596075057983398,12.57984733581543,10.799188613891602,11.681283950805664,3.8506112098693848,-4.128874778747559,0.8305555582046509,4.466602325439453,6.97438907623291,8.431095123291016,8.985638618469238,9.690409660339355,10.493605613708496,9.843146324157715,8.289566993713379,7.479246616363525,7.35709285736084,6.997584342956543,6.584888935089111,6.6481733322143555,5.495551586151123,3.8590776920318604,3.965895652770996
1.6323930025100708,3.0065112113952637,4.346959114074707,3.816147565841675,5.367496013641357,6.211420059204102,6.397862911224365,6.043590545654297,6.298132419586182,6.696379661560059,6.535595417022705,5.932821750640869,6.884519100189209,7.628602981567383,8.143462181091309,8.359268188476562,8.557965278625488,9.141961097717285,9.746893882751465,10.108183860778809,9.848100662231445,10.551921844482422,11.505081176757812,12.288996696472168,5.184072017669678,0.0007097259513102472,-1.9419403076171875,1.1771018505096436,3.5469534397125244,5.0718889236450195,5.866327285766602,6.844114303588867,7.863491058349609,8.821883201599121,8.966866493225098,7.979084014892578,7.086389064788818,7.095699787139893,7.155276775360107,7.496729373931885,6.368574619293213,5.313575744628906,3.982558488845825,4.008764743804932
0.8575229048728943,5.145510196685791,3.685781240463257,3.6326754093170166,4.739868640899658,4.5119123458862305,4.859436511993408,4.9793829917907715,5.000916957855225,5.2399797439575195,5.017707347869873,4.571132183074951,5.128096103668213,6.222002983093262,7.126641750335693,7.356751918792725,7.413150787353516,7.659857749938965,7.499904155731201,7.623623847961426,7.994110107421875,9.35330867767334,9.081033706665039,6.223816871643066,3.957143545150757,1.2247837781906128,0.7693469524383545,2.064415216445923,2.491119384765625,3.7300033569335938,4.786080360412598,5.684727191925049,6.474649906158447,7.448829650878906,8.353004455566406,8.18265438079834,7.331684589385986,6.642470836639404,6.829516887664795,7.5204877853393555,6.623723030090332,5.173964023590088,4.149794101715088,4.244865417480469
1.857820749282837,4.367189407348633,2.941783905029297,3.18953800201416,3.0303473472595215,2.9119298458099365,3.1484625339508057,2.929334878921509,2.8481998443603516,2.9742677211761475,2.8751261234283447,2.9370369911193848,3.342500925064087,4.465281963348389,5.554795742034912,6.02538537979126,6.1400017738342285,5.834588050842285,5.588829517364502,5.087007522583008,7.3360161781311035,8.716378211975098,6.802576541900635,0.3135673999786377,0.3086293637752533,0.3605487644672394,0.4731464982032776,1.796428918838501,2.82365083694458,3.6402812004089355,4.010650634765625,4.356847286224365,5.359118461608887,6.997517108917236,8.12957763671875,7.417571067810059,6.689969539642334,6.290500640869141,5.72271728515625,5.720988750457764,5.010458946228027,4.939050674438477,4.640389919281006,4.287064552307129
1.3970147371292114,0.5572090744972229,1.8584222793579102,0.4901805520057678,0.8521928787231445,1.0167911052703857,1.0812036991119385,0.5457233190536499,0.513782262802124,0.8677549362182617,0.9897721409797668,1.4100369215011597,2.0587382316589355,3.019150495529175,4.109372615814209,4.930475234985352,4.991044521331787,4.2176194190979,4.297491073608398,3.972825050354004,6.108696937561035,8.49434757232666,6.725429534912109,4.064880847930908,0.2537687122821808,0.7658999562263489,1.8522323369979858,2.4740540981292725,3.109259843826294,3.319258689880371,3.4421355724334717,4.0066819190979,5.34779167175293,7.093088626861572,7.26131010055542,6.110522747039795,5.895430088043213,5.998808860778809,4.981091499328613,3.974283456802368,4.379108905792236,4.384001731872559,4.085064888000488,3.9503705501556396
0.06262046843767166,-0.7327591776847839,-1.2979530096054077,-1.1956499814987183,-0.8069055080413818,0.09253211319446564,-0.7748806476593018,-1.1328083276748657,-0.6828314661979675,-0.27669769525527954,0.041243866086006165,0.7540825009346008,1.3793771266937256,1.8656121492385864,2.8210222721099854,3.7412779331207275,3.9150948524475098,3.7730157375335693,4.0704474449157715,4.001532077789307,3.4356038570404053,3.8533294200897217,3.619619846343994,2.759664535522461,2.3455090522766113,2.57249116897583,2.774630546569824,2.9845805168151855,3.205544948577881,2.9699716567993164,3.4611191749572754,4.483864784240723,5.894287586212158,7.655526638031006,7.263844966888428,6.588865280151367,5.530363082885742,4.968752861022949,3.9396746158599854,3.5042381286621094,3.8336751461029053,3.493245840072632,3.1873083114624023,3.30295991897583
-2.3689286708831787,-2.3746047019958496,-2.388062000274658,-2.12302827835083,-1.3698374032974243,-1.014717698097229,-1.5777302980422974,-2.488981246948242,-1.3429640531539917,-0.711068332195282,-0.28163760900497437,0.39970850944519043,0.8732267618179321,1.2561030387878418,1.9486061334609985,2.6974918842315674,3.110872268676758,3.653270721435547,4.079721450805664,3.0957584381103516,3.4057586193084717,3.9482879638671875,4.972762107849121,4.565090179443359,3.3102331161499023,2.4815258979797363,2.768477439880371,3.1732211112976074,3.092447519302368,2.9393653869628906,3.3102941513061523,4.383845806121826,5.4727277755737305,6.1844964027404785,5.239516735076904,4.291399002075195,3.4641997814178467,2.8329954147338867,2.995657205581665,4.479160308837891,4.022772789001465,2.207078695297241,1.5795063972473145,2.0404398441314697
-3.277155876159668,-3.2455737590789795,-3.282883405685425,-2.901931047439575,-2.229369878768921,-2.2449376583099365,-2.8197579383850098,-3.1068718433380127,-2.1559107303619385,-0.9672470092773438,-0.5320035815238953,-0.17597226798534393,0.328267902135849,1.1768866777420044,1.5058072805404663,2.1024138927459717,2.814774990081787,3.460765838623047,3.75905179977417,3.610971450805664,3.180358648300171,3.2918944358825684,2.765170097351074,1.2833529710769653,1.070574402809143,1.789160966873169,2.4857659339904785,2.942528247833252,3.0552353858947754,2.8822498321533203,3.105027675628662,4.198650360107422,4.298000335693359,3.2457566261291504,2.2998600006103516,2.0802783966064453,2.411378860473633,2.3659098148345947,3.4223146438598633,3.547351360321045,2.157228469848633,1.4633196592330933,0.9152277708053589,0.2992018163204193
-3.388701915740967,-3.3861396312713623,-3.6212427616119385,-3.347287893295288,-3.0771477222442627,-3.1924588680267334,-3.5007266998291016,-3.1297266483306885,-1.9951003789901733,-1.1274536848068237,-1.255557894706726,-1.1312036514282227,0.381678968667984,0.804459810256958,1.0356106758117676,1.7336515188217163,2.492439031600952,2.849838972091675,2.6584084033966064,2.4256904125213623,2.3722705841064453,1.840351939201355,0.911855161190033,0.8419695496559143,1.6718132495880127,2.3624460697174072,2.00700044631958,1.6509333848953247,2.065119504928589,2.5942656993865967,3.0208096504211426,3.668691396713257,3.226383924484253,2.1549999713897705,1.7676538228988647,1.7449886798858643,1.929539442062378,1.7692010402679443,1.2027578353881836,0.5887897610664368,0.5889450311660767,1.2636257410049438,0.4242316782474518,-0.3436990976333618
-3.218506336212158,-3.5961570739746094,-3.8713040351867676,-3.5914227962493896,-3.51898193359375,-3.558565139770508,-3.4934942722320557,-2.681488513946533,-1.7337713241577148,-1.3264607191085815,-1.751663327217102,-1.5632336139678955,-0.24907022714614868,0.4877496659755707,0.8015939593315125,0.9349163174629211,1.2569471597671509,1.8389925956726074,1.8738669157028198,1.4462887048721313,1.511537790298462,1.3737832307815552,1.1529207229614258,1.4115952253341675,2.5433855056762695,2.9021034240722656,1.96259343624115,0.9050502777099609,1.2337737083435059,2.0295181274414062,2.4827170372009277,2.0633859634399414,1.2393757104873657,0.8095602989196777,0.9365798830986023,1.4090040922164917,1.2624084949493408,0.6191944479942322,0.35700350999832153,0.5140276551246643,0.8786529302597046,0.5751834511756897,0.0030432133935391903,-0.16588573157787323
-3.739908456802368,-3.686703681945801,-3.956758737564087,-3.629714012145996,-3.1359691619873047,-3.3123395442962646,-3.54650616645813,-2.80482816696167,-1.651260256767273,-1.058037281036377,-1.8543524742126465,-2.093447685241699,-0.9648900032043457,0.6387761235237122,0.22448226809501648,-0.2913150191307068,0.07212508469820023,1.093584418296814,0.9629388451576233,0.3598145544528961,0.8761982321739197,1.677996039390564,2.0778160095214844,2.288731813430786,3.051579475402832,3.0429275035858154,2.1741435527801514,1.2579869031906128,0.942956268787384,1.2603720426559448,1.5995628833770752,0.9746295809745789,0.43002498149871826,0.2709897458553314,0.6088942885398865,0.9886499047279358,0.918679416179657,0.613474428653717,0.7064155340194702,0.7809414267539978,0.5146805644035339,0.6938537955284119,0.5949432253837585,0.23444291949272156
-3.6783270835876465,-3.747812271118164,-4.100774765014648,-3.7769858837127686,-3.0129175186157227,-2.6798157691955566,-2.7697455883026123,-2.821702480316162,-1.8328276872634888,-1.0894758701324463,-1.7573362588882446,-1.809203863143921,-1.4440659284591675,-0.3364669680595398,-0.7388604879379272,-1.1879996061325073,-0.6692548990249634,0.19485162198543549,0.038163669407367706,-0.5177582502365112,0.1476922184228897,1.7294063568115234,2.61482834815979,2.407430410385132,2.3526642322540283,1.7097886800765991,0.7735174298286438,0.38302081823349,0.49546271562576294,0.831610918045044,1.1127331256866455,-0.14621034264564514,-0.6200668215751648,-0.13266132771968842,0.819398820400238,1.0431100130081177,0.3333728015422821,-0.14806850254535675,0.23569175601005554,0.5859631896018982,0.6768099665641785,1.257952332496643,1.268993616104126,0.2980669140815735
