data/wind_data/wind_47_9.json
{"header": {"parameterUnit": "KT", "parameterCategory": 2, "nx": 256, "ny": 198, "lo1": 44.73521041870117, "la1": -3.236724853515625, "lo2": 111.26478576660156, "la2": 43.468475341796875, "dx": 0.2609002888202667, "dy": -0.23708222806453705, "refTime": "2025-02-20 23:00:00", "forecastTime": 0, "parameterNumber": 2, "parameterNumberName": "eastward_wind"}, "data":
[rows 0 to 18 of 198, columns 0 to 42 of 256]
20.378734588623047,20.651870727539062,20.668212890625,20.426721572875977,20.610679626464844,21.124797821044922,21.28590965270996,21.27302360534668,21.630891799926758,22.14105224609375,22.381752014160156,22.622934341430664,23.3201904296875,23.935880661010742,23.8992977142334,23.69623374938965,23.59149169921875,23.362409591674805,22.96178436279297,22.31599235534668,21.34438133239746,20.484394073486328,19.77785301208496,19.546733856201172,19.799699783325195,20.34037971496582,21.08930015563965,21.223522186279297,20.979413986206055,21.045085906982422,21.19698143005371,21.128740310668945,20.927553176879883,20.565380096435547,20.238235473632812,20.12251853942871,20.287151336669922,20.91459846496582,21.583415985107422,22.120386123657227,22.611448287963867,23.06064224243164,23.477466583251953
20.97113800048828,21.068912506103516,21.071983337402344,20.560941696166992,20.805164337158203,21.54932403564453,21.946531295776367,22.068286895751953,22.220659255981445,22.816356658935547,23.74921417236328,24.566448211669922,25.263145446777344,25.583768844604492,25.336803436279297,24.75336265563965,24.18269920349121,23.800596237182617,23.475454330444336,22.960514068603516,22.301904678344727,21.911144256591797,21.571029663085938,21.158140182495117,20.726299285888672,20.493547439575195,20.676406860351562,20.810771942138672,21.079984664916992,21.620466232299805,22.022624969482422,22.132240295410156,21.832120895385742,21.259004592895508,20.90392303466797,20.79718780517578,20.559083938598633,20.446399688720703,21.060293197631836,21.8662109375,22.265291213989258,22.812801361083984,23.66089630126953
21.639558792114258,20.352144241333008,20.500829696655273,20.96493148803711,21.655275344848633,22.36797523498535,22.812307357788086,23.052560806274414,23.325199127197266,23.925064086914062,24.842496871948242,25.691539764404297,26.236268997192383,26.476200103759766,26.4411563873291,26.136655807495117,25.65731430053711,25.091543197631836,24.455589294433594,23.836904525756836,23.310178756713867,22.968143463134766,22.60108184814453,22.059810638427734,21.425521850585938,20.986116409301758,20.997241973876953,21.190303802490234,21.471254348754883,21.820964813232422,22.068265914916992,22.070911407470703,21.75572967529297,21.498754501342773,21.48370361328125,21.40033531188965,21.185077667236328,21.14813232421875,21.622604370117188,22.364439010620117,22.834138870239258,23.23379898071289,23.782888412475586
22.215486526489258,19.955562591552734,20.221603393554688,21.07000732421875,22.34467124938965,23.212753295898438,23.67222023010254,23.937808990478516,24.265336990356445,24.948087692260742,25.93817710876465,26.827754974365234,27.303091049194336,27.433284759521484,27.406152725219727,27.318666458129883,27.107528686523438,26.48332405090332,25.57604217529297,24.964988708496094,24.571636199951172,24.05864715576172,23.365034103393555,22.55879783630371,21.718727111816406,21.135391235351562,21.08446502685547,21.402565002441406,21.80190658569336,22.08445167541504,22.247880935668945,22.315885543823242,22.183881759643555,22.198156356811523,22.50090217590332,22.68870735168457,22.738487243652344,22.953304290771484,23.40534782409668,24.06840705871582,24.638219833374023,25.032516479492188,25.324617385864258
22.544918060302734,20.7548828125,20.90513038635254,21.697589874267578,22.617977142333984,23.14084815979004,23.68956184387207,24.158212661743164,24.591278076171875,25.31986427307129,26.31824493408203,27.29863929748535,28.03447151184082,28.384061813354492,28.295921325683594,28.002716064453125,27.781723022460938,27.38389778137207,26.782812118530273,26.11935043334961,25.363840103149414,24.493688583374023,23.462968826293945,22.303762435913086,21.25071907043457,20.448156356811523,20.25359535217285,20.628175735473633,21.278488159179688,22.12466049194336,23.18887710571289,24.35407257080078,25.381284713745117,26.055194854736328,26.307395935058594,26.317626953125,26.38091278076172,26.847671508789062,27.859922409057617,29.22308921813965,30.514188766479492,31.39914894104004,31.944555282592773
22.886228561401367,21.617862701416016,21.8037109375,22.354154586791992,23.138103485107422,23.385543823242188,23.625835418701172,23.86301040649414,24.14299774169922,24.796777725219727,25.527915954589844,25.969104766845703,26.019121170043945,25.866031646728516,25.741243362426758,25.776409149169922,25.92891502380371,25.942569732666016,25.744112014770508,25.341707229614258,24.735673904418945,24.00907325744629,23.433835983276367,23.167522430419922,23.328563690185547,23.52079200744629,23.59037971496582,23.662940979003906,23.830074310302734,24.285402297973633,25.209747314453125,26.476768493652344,27.7374210357666,28.674367904663086,29.071489334106445,28.83612060546875,28.101621627807617,27.398555755615234,27.478431701660156,28.45816993713379,29.918821334838867,31.242231369018555,32.335289001464844
23.317617416381836,22.223529815673828,22.440996170043945,22.7423095703125,23.479406356811523,23.30337905883789,23.21649932861328,23.371070861816406,23.635637283325195,24.276988983154297,24.88148307800293,24.97917366027832,24.437480926513672,23.717058181762695,23.36737823486328,23.568017959594727,24.09913444519043,24.53363037109375,24.65758514404297,24.657930374145508,24.654809951782227,24.73627471923828,24.942380905151367,25.389768600463867,25.93674659729004,26.24045181274414,26.317310333251953,26.393373489379883,26.593093872070312,26.92413902282715,27.515274047851562,28.366979598999023,29.25528335571289,30.015132904052734,30.477596282958984,30.460983276367188,29.962305068969727,29.323253631591797,29.20110321044922,29.782188415527344,30.786640167236328,31.565536499023438,31.96506118774414
23.774330139160156,22.327299118041992,22.317428588867188,22.406587600708008,23.468608856201172,23.16385841369629,22.735532760620117,22.919525146484375,23.294260025024414,23.98223876953125,24.73788070678711,25.176673889160156,24.994565963745117,24.442459106445312,24.070344924926758,24.239337921142578,24.905860900878906,25.53756332397461,25.990816116333008,26.307891845703125,26.612051010131836,27.10225486755371,27.613256454467773,28.124685287475586,28.56632423400879,28.9108829498291,29.17386817932129,29.193147659301758,29.082481384277344,29.083948135375977,29.29741096496582,29.721393585205078,30.312637329101562,30.92378807067871,31.289573669433594,31.179481506347656,30.675458908081055,30.262237548828125,30.31708335876465,30.931201934814453,31.711349487304688,32.27897644042969,32.52732467651367
24.278209686279297,21.713359832763672,21.510576248168945,21.63260841369629,23.242809295654297,23.179365158081055,22.596830368041992,22.696304321289062,23.076007843017578,23.759231567382812,24.677459716796875,25.549779891967773,26.003021240234375,26.031700134277344,26.012189865112305,26.305118560791016,26.924942016601562,27.78080940246582,28.30034065246582,28.643505096435547,28.880287170410156,29.126493453979492,29.50082015991211,29.902114868164062,30.342273712158203,30.651954650878906,30.714181900024414,30.504140853881836,30.271419525146484,30.27333641052246,30.42424774169922,30.709178924560547,31.159849166870117,31.571828842163086,31.621402740478516,31.26474380493164,30.855302810668945,30.756572723388672,31.172273635864258,31.927597045898438,32.51679611206055,32.69194793701172,32.53042221069336
24.461557388305664,21.34670066833496,20.959623336791992,21.041135787963867,22.87916374206543,23.1037654876709,22.48501968383789,22.514602661132812,22.812286376953125,23.38134765625,24.189815521240234,25.066930770874023,25.771039962768555,26.24222183227539,26.70456314086914,27.4156436920166,28.32672691345215,29.215288162231445,29.695682525634766,29.881690979003906,29.86226463317871,29.87430191040039,30.121057510375977,30.364660263061523,30.49003028869629,30.42014503479004,30.24944496154785,30.21732521057129,30.17485237121582,30.137739181518555,30.168481826782227,30.491518020629883,31.00213050842285,31.30571746826172,31.196651458740234,30.80738639831543,30.69585418701172,31.045068740844727,31.75139045715332,32.30681228637695,32.43907165527344,32.25558090209961,32.03297805786133
24.291189193725586,21.29920196533203,20.86518096923828,20.763545989990234,22.39500617980957,22.76729965209961,22.210180282592773,22.170085906982422,22.42423439025879,22.87595558166504,23.436521530151367,23.994625091552734,24.570201873779297,25.156553268432617,25.869110107421875,26.887161254882812,28.0588436126709,29.02751350402832,29.609962463378906,29.570878982543945,29.44596290588379,29.425765991210938,29.455013275146484,29.319284439086914,28.978479385375977,28.60306167602539,28.41122817993164,28.55602264404297,28.634477615356445,28.635324478149414,28.712804794311523,29.076656341552734,29.63170623779297,30.051532745361328,30.244321823120117,30.338674545288086,30.664398193359375,31.248233795166016,31.733097076416016,31.712398529052734,31.291553497314453,30.78881072998047,30.60469627380371
24.246387481689453,21.586315155029297,21.132171630859375,20.8187313079834,21.853696823120117,22.292020797729492,21.871667861938477,21.80462074279785,22.10416030883789,22.494840621948242,22.775468826293945,22.954578399658203,23.15035057067871,23.439964294433594,23.965740203857422,24.89837646484375,26.076793670654297,27.09049415588379,27.74420928955078,28.069747924804688,28.094457626342773,28.006986618041992,27.838523864746094,27.554719924926758,27.1201229095459,26.86404037475586,26.7359561920166,26.663928985595703,26.627933502197266,26.761337280273438,26.87560272216797,27.135393142700195,27.82659149169922,28.770828247070312,29.545793533325195,30.04292106628418,30.348979949951172,30.535367965698242,30.467967987060547,30.121103286743164,29.604310989379883,29.174022674560547,29.12256622314453
24.333499908447266,21.976163864135742,21.523273468017578,21.17923355102539,21.83525276184082,22.294788360595703,21.910064697265625,21.681394577026367,21.87929916381836,22.177650451660156,22.265932083129883,22.111787796020508,21.858400344848633,21.681882858276367,21.82662010192871,22.490449905395508,23.568649291992188,24.72868537902832,25.64826774597168,26.198925018310547,26.338056564331055,26.222776412963867,26.161405563354492,26.11539077758789,25.70418357849121,25.312559127807617,25.02779769897461,24.854578018188477,24.880292892456055,25.125465393066406,25.42036247253418,25.82966423034668,26.879776000976562,28.229469299316406,29.013517379760742,29.12297248840332,28.83822250366211,28.437997817993164,28.17319107055664,27.996923446655273,27.751863479614258,27.552135467529297,27.622955322265625
24.757741928100586,22.087854385375977,21.763198852539062,21.587326049804688,22.372234344482422,22.978368759155273,22.61427116394043,22.07349395751953,21.887897491455078,21.86071014404297,21.741117477416992,21.475032806396484,21.095670700073242,20.766389846801758,20.721933364868164,21.166221618652344,22.096542358398438,23.228811264038086,24.15994644165039,24.688507080078125,24.929800033569336,25.019573211669922,25.002704620361328,24.779809951782227,24.240591049194336,23.659732818603516,23.264379501342773,23.381206512451172,23.79130744934082,24.157629013061523,24.83139419555664,25.56905174255371,26.585803985595703,27.523761749267578,27.699411392211914,27.149646759033203,26.365591049194336,25.7465763092041,25.591110229492188,25.687847137451172,25.665603637695312,25.547853469848633,25.62233543395996
25.3833065032959,22.305076599121094,21.679250717163086,21.397384643554688,22.36844825744629,23.31084632873535,23.110321044921875,22.45328712463379,22.00164222717285,21.698001861572266,21.41747283935547,21.177305221557617,20.966903686523438,20.765634536743164,20.671112060546875,20.866622924804688,21.455406188964844,22.32832908630371,23.230375289916992,23.858688354492188,24.10517120361328,24.019994735717773,23.702526092529297,23.354890823364258,22.955158233642578,22.623294830322266,22.387928009033203,22.70989418029785,22.96997833251953,23.559860229492188,24.74268913269043,25.614253997802734,26.029083251953125,26.05177879333496,25.61810874938965,24.73786735534668,23.956396102905273,23.4136962890625,23.196910858154297,23.289173126220703,23.378093719482422,23.26058006286621,23.142135620117188
25.50908851623535,22.53114128112793,21.270776748657227,20.453996658325195,21.31079864501953,22.492979049682617,22.50287628173828,22.059091567993164,21.87432861328125,21.810977935791016,21.66297149658203,21.466196060180664,21.265865325927734,21.015010833740234,20.81623077392578,20.89360237121582,21.336292266845703,22.049850463867188,22.800167083740234,23.229358673095703,23.18959617614746,22.88798713684082,22.70199203491211,22.841129302978516,22.96054458618164,22.61069107055664,22.289655685424805,22.525907516479492,22.784513473510742,23.487287521362305,24.65778350830078,25.40846061706543,25.134801864624023,24.17350196838379,23.406068801879883,22.35660743713379,21.641077041625977,21.2978572845459,21.015470504760742,21.096755981445312,21.407100677490234,21.467496871948242,21.33447265625
25.343135833740234,22.39718246459961,20.660778045654297,19.23758888244629,19.612876892089844,20.659597396850586,20.719484329223633,20.66792869567871,21.159536361694336,21.75562858581543,22.071922302246094,22.077045440673828,21.808977127075195,21.39027976989746,21.183073043823242,21.413698196411133,21.988882064819336,22.53144645690918,22.810747146606445,22.831533432006836,22.694366455078125,22.582866668701172,22.886381149291992,23.374584197998047,23.42160415649414,22.90696907043457,22.551048278808594,22.50093650817871,22.954914093017578,23.978599548339844,24.590253829956055,24.789505004882812,24.012737274169922,22.458471298217773,21.278114318847656,20.416908264160156,19.73261070251465,19.525266647338867,19.360227584838867,19.523263931274414,20.045917510986328,20.40319061279297,20.623119354248047
25.18812370300293,21.5819091796875,19.6865291595459,18.07220458984375,18.026897430419922,18.57695960998535,18.436716079711914,18.775287628173828,19.936784744262695,21.225250244140625,22.13053321838379,22.534194946289062,22.447874069213867,22.145673751831055,22.10780143737793,22.547861099243164,23.15599822998047,23.371442794799805,23.166271209716797,22.977590560913086,23.01227569580078,23.15684700012207,23.568220138549805,24.02950668334961,23.988292694091797,23.25235366821289,22.658405303955078,22.66621971130371,23.14597511291504,23.965364456176758,24.014442443847656,23.56962776184082,22.608469009399414,21.46575927734375,20.26262092590332,19.596515655517578,19.043926239013672,18.730119705200195,18.316877365112305,18.29123306274414,18.974271774291992,19.527700424194336,19.84114646911621
25.086084365844727,20.54364013671875,18.911029815673828,17.501237869262695,17.57925033569336,17.637081146240234,17.108261108398438,17.560546875,19.034286499023438,20.678245544433594,21.846542358398438,22.541948318481445,22.876462936401367,23.01384162902832,23.232036590576172,23.65932273864746,24.085460662841797,24.087934494018555,23.693035125732422,23.47644805908203,23.729202270507812,24.16998863220215,24.615474700927734,24.872848510742188,24.531312942504883,23.544042587280273,22.708629608154297,22.540699005126953,22.924489974975586,23.024667739868164,22.61924934387207,22.228620529174805,21.786439895629883,20.722036361694336,20.67466163635254,20.054561614990234,19.109323501586914,18.364072799682617,17.677804946899414,17.426137924194336,18.071617126464844,18.543254852294922,18.645496368408203
