data/wind_data/wind_13_9.json
{"header": {"parameterUnit": "KT", "parameterCategory": 2, "nx": 256, "ny": 198, "lo1": 44.73521041870117, "la1": -3.236724853515625, "lo2": 111.26478576660156, "la2": 43.468475341796875, "dx": 0.2609002888202667, "dy": -0.23708222806453705, "refTime": "2025-02-19 13:00:00", "forecastTime": 0, "parameterNumber": 2, "parameterNumberName": "eastward_wind"}, "data":
[rows 114 to 132 of 198, columns 172 to 214 of 256]
-0.4256119132041931,-0.2385539412498474,0.4438837468624115,1.0572116374969482,1.3673200607299805,1.5552656650543213,1.5444835424423218,1.3426748514175415,1.0148364305496216,-0.059132304042577744,-1.6423699855804443,-2.8635618686676025,-4.09808874130249,-4.986809730529785,-5.134024143218994,-4.942996978759766,-4.865336894989014,-4.3294878005981445,-2.9147017002105713,-1.5367406606674194,2.168215751647949,4.2312188148498535,2.569779872894287,1.3448313474655151,0.8941702246665955,1.3939387798309326,2.7027668952941895,3.6282784938812256,3.819160223007202,4.3910627365112305,4.944025993347168,5.4929280281066895,6.479936599731445,7.5428948402404785,7.6445488929748535,6.547947406768799,5.352293968200684,4.497834205627441,3.838738203048706,4.10733699798584,5.897904396057129,6.356897830963135,3.6200242042541504
-1.006052851676941,-0.91336989402771,-1.0691258907318115,-1.1507751941680908,-0.5857851505279541,0.30059486627578735,0.9008948802947998,0.9014337658882141,0.46141690015792847,-0.5769327282905579,-1.928762435913086,-2.7934749126434326,-3.7143282890319824,-4.755899906158447,-4.787949562072754,-4.0818963050842285,-3.7046399116516113,-3.4469120502471924,-2.1815690994262695,-0.25742393732070923,1.9820789098739624,4.548343181610107,3.679724931716919,2.9211039543151855,2.148510217666626,1.5499660968780518,1.7476025819778442,2.430288553237915,3.7718541622161865,5.7685675621032715,6.1347150802612305,5.652026176452637,5.730342388153076,6.5860090255737305,7.527209758758545,7.3659491539001465,5.929046630859375,4.304826736450195,3.424412488937378,3.998936653137207,6.054463863372803,5.081542491912842,2.1117191314697266
-0.4617241621017456,-0.2538956105709076,-0.9362007975578308,-1.592896580696106,-1.3744348287582397,-0.40924009680747986,0.6370437145233154,0.9501979947090149,0.47008681297302246,-0.37962403893470764,-1.1550118923187256,-1.6202194690704346,-2.852001190185547,-4.50592565536499,-4.882335186004639,-4.097694396972656,-3.324262857437134,-2.899273633956909,-1.7934160232543945,0.28466999530792236,1.5878480672836304,3.6530706882476807,4.797306060791016,4.493014335632324,3.7463107109069824,2.493730306625366,1.0220673084259033,0.7488960027694702,2.947218179702759,6.549716472625732,7.60016393661499,6.427082538604736,5.401559829711914,5.759500980377197,7.1279802322387695,7.229286193847656,5.883645057678223,4.483236312866211,3.502387523651123,4.445947647094727,5.712517738342285,4.195267200469971,2.665839672088623
-0.6770541071891785,0.20137648284435272,-0.04723870009183884,-0.6744849681854248,-0.8587361574172974,-0.08592113852500916,1.091035008430481,1.6709197759628296,1.4440573453903198,1.1810224056243896,0.8781152367591858,0.02864798903465271,-2.1564722061157227,-4.643108367919922,-5.592237949371338,-5.245622158050537,-4.466982364654541,-3.5406553745269775,-2.1642954349517822,0.16000549495220184,2.139038562774658,3.1929595470428467,4.021402835845947,3.873020648956299,3.1371688842773438,2.215545654296875,0.8270993828773499,0.4948172867298126,2.444406032562256,5.961716175079346,7.697333812713623,6.996654987335205,5.784061431884766,5.4813737869262695,5.652294635772705,5.3101806640625,4.939005374908447,4.6428704261779785,4.219545364379883,5.69127893447876,5.3814496994018555,4.16115140914917,4.915498733520508
-1.6558905839920044,0.06238861009478569,0.5085358023643494,0.08812125772237778,-0.3410927355289459,0.31233659386634827,1.7406213283538818,2.915156364440918,3.1985490322113037,3.026892900466919,2.5036351680755615,0.9064609408378601,-2.0330052375793457,-4.720645904541016,-6.088173866271973,-6.578778266906738,-6.233596324920654,-5.090097427368164,-3.1024062633514404,-0.22427335381507874,2.0119118690490723,2.576108694076538,1.344602108001709,0.5424014925956726,0.6842085123062134,1.0727821588516235,1.1056503057479858,1.5232627391815186,2.9098291397094727,5.466012954711914,6.438889503479004,6.128387928009033,5.685413360595703,5.036749839782715,4.0526275634765625,4.113035202026367,5.296669960021973,5.539747714996338,5.33948278427124,5.869011878967285,5.816488265991211,5.430736064910889,7.325085163116455
-1.8180155754089355,0.49498090147972107,1.268524408340454,0.6045387387275696,-0.3442895710468292,-0.013169473968446255,1.6292600631713867,3.863771677017212,5.365461349487305,5.22526216506958,3.7832489013671875,1.4452403783798218,-1.4656668901443481,-3.918144702911377,-6.13492488861084,-7.859687328338623,-8.041587829589844,-6.514247417449951,-4.061866760253906,-1.6980514526367188,-0.38735777139663696,-0.35846927762031555,-1.205822229385376,-1.6695866584777832,-0.746131181716919,0.684414803981781,1.6267883777618408,2.0896201133728027,3.2826716899871826,4.789740085601807,5.360990524291992,6.021512985229492,5.2121758460998535,3.375159502029419,2.2281084060668945,3.773209571838379,6.608234405517578,7.297706127166748,6.934769630432129,6.081697940826416,6.787871360778809,7.07229471206665,8.419984817504883
-1.4275846481323242,1.0304479598999023,1.917586326599121,1.0159169435501099,-0.31542107462882996,-0.41200703382492065,1.0861091613769531,3.7514450550079346,5.96575927734375,6.201042175292969,4.725629806518555,2.378011465072632,-0.25385725498199463,-2.639392137527466,-5.655427932739258,-8.524978637695312,-9.358542442321777,-8.235877990722656,-6.265660285949707,-4.846494674682617,-4.018214225769043,-2.7811081409454346,-1.726080298423767,-1.8047949075698853,-0.5867265462875366,1.3266096115112305,2.4155163764953613,3.000127077102661,3.556091785430908,4.156706809997559,4.642819404602051,3.7433083057403564,2.5755019187927246,1.3929072618484497,1.3732978105545044,4.3444671630859375,8.235069274902344,9.414169311523438,8.864432334899902,7.329728603363037,8.276144027709961,8.720635414123535,7.6597418785095215
-0.6415000557899475,0.9630265831947327,1.3802845478057861,0.45323196053504944,-0.36134210228919983,0.24330678582191467,1.6287610530853271,3.0623087882995605,4.513584136962891,5.1532697677612305,4.407188892364502,2.5093026161193848,0.4167605936527252,-1.063332200050354,-3.3926382064819336,-6.89471435546875,-9.142305374145508,-9.868722915649414,-9.204265594482422,-7.475281238555908,-5.368526458740234,-2.739863634109497,-0.6066259145736694,-0.7286394834518433,-0.9050618410110474,0.3176950216293335,1.6409132480621338,2.858388900756836,3.1233768463134766,2.8275675773620605,2.3641974925994873,1.339039921760559,-0.04798736050724983,0.06099984049797058,2.2133748531341553,5.811886787414551,10.12493896484375,10.882633209228516,9.8695068359375,8.54011344909668,9.539260864257812,9.968676567077637,7.426419734954834
0.3889019787311554,1.0397073030471802,1.079970359802246,0.3153415322303772,-0.36331793665885925,0.4725841283798218,1.8766002655029297,2.6148757934570312,2.966421604156494,2.9292852878570557,2.392699718475342,1.4287372827529907,0.11675778776407242,-0.6726786494255066,-1.3004823923110962,-3.309666156768799,-6.241634368896484,-8.57193660736084,-8.9576997756958,-7.096720218658447,-4.374265193939209,-1.8562893867492676,-0.07657358795404434,-0.20918096601963043,-1.5517535209655762,-1.6515859365463257,-1.044130563735962,0.21019792556762695,1.6143066883087158,1.420936107635498,0.014500715769827366,-0.35632559657096863,-0.7051137685775757,0.2505532503128052,3.7715752124786377,7.984133243560791,11.791909217834473,11.688836097717285,10.270126342773438,9.864635467529297,10.844548225402832,10.947955131530762,7.79472017288208
2.2228686809539795,2.1127724647521973,2.2334485054016113,1.6152647733688354,0.3388513922691345,0.1970750391483307,0.8710493445396423,1.3410345315933228,1.620702862739563,1.6086195707321167,0.8686420917510986,-0.04101778194308281,-0.7429566979408264,-1.0751497745513916,-1.1014882326126099,-1.3868049383163452,-2.994269371032715,-5.3477959632873535,-6.107760429382324,-5.139954566955566,-3.5788934230804443,-1.936948537826538,-0.5298240184783936,-0.908295214176178,-2.675241231918335,-3.4554336071014404,-3.378823757171631,-2.071906089782715,-0.5180603265762329,0.1871807873249054,-0.2745463252067566,-1.484898567199707,-1.7166727781295776,1.6611614227294922,7.592237949371338,11.482685089111328,12.306981086730957,11.307971000671387,10.092184066772461,10.377557754516602,11.687925338745117,11.859674453735352,8.056580543518066
3.8294432163238525,4.289694786071777,4.426769733428955,3.2471604347229004,0.5335606336593628,-0.5487647652626038,0.045058105140924454,0.43832919001579285,0.36413875222206116,0.9690553545951843,0.4079023599624634,-1.7534345388412476,-2.9771203994750977,-3.4295170307159424,-2.1353578567504883,0.1435311734676361,0.07014067471027374,-2.251448392868042,-3.9540202617645264,-4.4277448654174805,-3.923600912094116,-2.96274733543396,-2.2318789958953857,-2.3600070476531982,-2.629364252090454,-2.0437140464782715,-1.9790338277816772,-1.9576183557510376,-1.542076826095581,-1.6023991107940674,-1.6716228723526,-2.03782320022583,-0.44752320647239685,5.070909023284912,9.355569839477539,9.637676239013672,9.63053035736084,10.78019905090332,10.653097152709961,10.829673767089844,12.054943084716797,12.123991012573242,9.117263793945312
3.1328442096710205,4.843825340270996,5.489288806915283,3.794607400894165,0.211442232131958,-1.5593355894088745,-0.9329144954681396,0.24853765964508057,0.4637433588504791,0.30436718463897705,-0.4639360308647156,-2.735262632369995,-3.3448433876037598,-3.6682684421539307,-2.480394124984741,0.6501307487487793,1.9688574075698853,-0.6856284141540527,-3.4725236892700195,-4.095764636993408,-3.6544713973999023,-3.733485221862793,-4.099327087402344,-3.8280580043792725,-2.91904616355896,-0.541780412197113,2.3768067359924316,0.8421080112457275,-0.9787387251853943,-2.228922128677368,-2.5368425846099854,-1.3677446842193604,1.9993640184402466,5.971147060394287,7.191282749176025,6.867210865020752,7.7763166427612305,10.78740406036377,11.5156831741333,11.398748397827148,11.496566772460938,10.916975021362305,9.493176460266113
2.7102792263031006,4.108354091644287,3.9333152770996094,2.5148983001708984,-0.2751302719116211,-2.1761419773101807,-1.5931217670440674,0.03423798084259033,0.5254520177841187,-0.3311900198459625,-0.6388267278671265,-1.5289748907089233,-2.120521068572998,-2.4641592502593994,-2.3627617359161377,-0.19841787219047546,0.9378969669342041,0.1451430469751358,-1.4430550336837769,-2.1384925842285156,-2.654646873474121,-3.6544437408447266,-4.179462432861328,-3.9765262603759766,-3.2325780391693115,-1.0725599527359009,3.277153730392456,3.8471529483795166,0.9939049482345581,-0.9744665622711182,-1.729766607284546,-0.4801405966281891,1.7578243017196655,3.508455991744995,2.887312173843384,3.51627516746521,7.59235143661499,10.306775093078613,10.236159324645996,9.861577033996582,7.664937496185303,8.002449035644531,10.796249389648438
2.515913486480713,3.0841031074523926,1.9813446998596191,0.5625489354133606,-0.661891520023346,-0.9318408370018005,-0.4855797588825226,0.2685821056365967,0.17734435200691223,-0.42757660150527954,-0.38010933995246887,-0.40130144357681274,-0.9629963636398315,-0.960066556930542,-0.42324861884117126,0.3261772394180298,-0.5462597608566284,-1.1744580268859863,-0.5815988779067993,-0.34809476137161255,-1.607691764831543,-3.3302717208862305,-3.578584909439087,-3.023390054702759,-2.3863377571105957,-0.8015817403793335,1.9752117395401,3.539271831512451,3.6327569484710693,1.846379280090332,-0.5792771577835083,-0.5649626851081848,0.06944508850574493,-0.38848236203193665,-0.08233372122049332,3.2137062549591064,6.700974464416504,7.0954766273498535,5.9124956130981445,4.6761603355407715,3.3800342082977295,7.757760047912598,13.987213134765625
2.1191375255584717,2.1716504096984863,1.2982958555221558,-0.0791381374001503,-0.9467743635177612,-0.15310393273830414,1.3387327194213867,1.0994089841842651,0.23907598853111267,0.24724270403385162,0.11738210171461105,-0.6838639974594116,-1.9127998352050781,-1.735941767692566,0.4785444736480713,2.73237681388855,0.7283861637115479,-2.5910210609436035,-2.90860915184021,-1.3792873620986938,-1.710300087928772,-3.4189960956573486,-3.6346259117126465,-2.6073992252349854,-2.274087429046631,-1.4903374910354614,0.6171141862869263,2.547105073928833,4.741069793701172,4.573751926422119,0.35695403814315796,-2.5162606239318848,-2.169621706008911,-0.36695054173469543,1.9475914239883423,3.8453831672668457,5.037712574005127,5.451414108276367,3.286284923553467,1.2658820152282715,2.490313768386841,7.632143020629883,14.979530334472656
2.7832980155944824,2.5936803817749023,2.183164119720459,0.8523007035255432,-0.8384758830070496,-1.339295506477356,0.37925997376441956,2.3940675258636475,2.12905216217041,1.5578491687774658,1.2732982635498047,-0.6519529223442078,-2.415181875228882,-2.442087173461914,-0.4512602984905243,2.101166009902954,2.1066198348999023,-1.4089213609695435,-3.5875084400177,-2.6921629905700684,-2.152500867843628,-3.334653377532959,-3.9142370223999023,-2.7553985118865967,-1.632967233657837,-1.437027096748352,-0.2636350989341736,2.3571090698242188,4.906984806060791,3.5462708473205566,-0.30097275972366333,-3.833967685699463,-2.219761848449707,2.176793336868286,4.120156764984131,3.5327539443969727,3.5675923824310303,4.01605749130249,3.0178048610687256,1.3534743785858154,3.002485990524292,6.845194339752197,14.679227828979492
3.26708984375,4.24777364730835,4.1436448097229,1.9790159463882446,-0.7403162717819214,-1.9100313186645508,0.0932634025812149,3.3189072608947754,3.426117181777954,2.229276418685913,2.450674057006836,0.7309014797210693,-1.8861427307128906,-2.2035984992980957,-0.972832441329956,0.5059716701507568,1.1534503698349,-0.5844151377677917,-2.2546160221099854,-1.6589299440383911,-1.2107305526733398,-2.6817455291748047,-4.138676643371582,-3.796534538269043,-1.7471469640731812,-0.657469630241394,-0.9277796149253845,0.49809736013412476,2.175584316253662,1.3387978076934814,-1.384870171546936,-2.147369384765625,-0.4690534770488739,2.1075403690338135,2.937840461730957,2.3194644451141357,1.560013771057129,2.2596023082733154,2.805432081222534,2.4251105785369873,3.433223009109497,6.658298015594482,13.87137508392334
3.2747550010681152,4.734143257141113,4.387982368469238,2.9462034702301025,1.2365391254425049,0.25404688715934753,1.443488597869873,2.9473750591278076,3.535689353942871,2.7887649536132812,2.3579440116882324,2.0082569122314453,0.4408901333808899,-0.6705684065818787,-1.0711363554000854,-0.8488301634788513,-0.5922611355781555,-0.6221529245376587,-0.7588966488838196,0.03788740187883377,0.2537778913974762,-1.3579343557357788,-3.39380145072937,-4.0160980224609375,-2.138153553009033,-0.27331671118736267,-0.8943737745285034,-1.5863008499145508,-1.114587426185608,-0.279438316822052,0.2285582274198532,0.8621054291725159,0.602695882320404,0.8986776471138,2.4880635738372803,3.7486910820007324,2.9702842235565186,1.88904869556427,1.4958616495132446,1.8481965065002441,3.5017921924591064,7.057524681091309,12.737201690673828
3.7315213680267334,3.688779592514038,2.595155715942383,2.179440975189209,3.3678197860717773,3.5790069103240967,2.9576289653778076,2.371128797531128,2.472222089767456,2.85749888420105,2.0190043449401855,1.070732831954956,1.5739988088607788,2.102128744125366,0.4421004354953766,-1.8951466083526611,-2.338681697845459,-1.0559272766113281,0.1974872350692749,1.1242121458053589,1.540273666381836,0.13758781552314758,-2.413583517074585,-3.869758129119873,-3.3572542667388916,-2.0810623168945312,-1.4277935028076172,-1.0221703052520752,-0.13741028308868408,0.6943194270133972,1.3196755647659302,1.2775498628616333,0.6524220108985901,1.609700322151184,4.268828392028809,5.607420444488525,4.147924900054932,1.7982059717178345,0.7170951962471008,0.9799070954322815,2.9202933311462402,6.392819881439209,10.527952194213867
