data/wind_data/wind_51_7.json
{"header": {"parameterUnit": "KT", "parameterCategory": 2, "nx": 256, "ny": 198, "lo1": 44.73521041870117, "la1": -3.236724853515625, "lo2": 111.26478576660156, "la2": 43.468475341796875, "dx": 0.2609002888202667, "dy": -0.23708222806453705, "refTime": "2025-02-21 03:00:00", "forecastTime": 0, "parameterNumber": 2, "parameterNumberName": "eastward_wind"}, "data":
[rows 40 to 59 of 198, columns 88 to 131 of 256]
0.7763477563858032,0.8367661237716675,0.8502098321914673,0.8110557794570923,0.5644291639328003,0.2509099841117859,-0.09464191645383835,-0.530309796333313,-0.7923123240470886,-0.7789524793624878,-0.6938847899436951,-0.817842960357666,-1.1962945461273193,-1.61421799659729,-2.059699773788452,-2.4342689514160156,-2.528090715408325,-2.363560914993286,-1.9383785724639893,-1.4090994596481323,-0.995059609413147,-0.4783294200897217,0.13236558437347412,0.9184213280677795,1.6986361742019653,1.7210944890975952,1.0020852088928223,0.8843568563461304,1.6756329536437988,2.5972840785980225,3.0796360969543457,3.2591135501861572,2.994124412536621,2.676687479019165,2.7080605030059814,3.124049186706543,3.281900644302368,2.8961215019226074,2.9189302921295166,3.3345136642456055,4.323633670806885,5.569758892059326,6.1895856857299805,4.704140663146973
0.1349322646856308,0.12462387979030609,0.20341114699840546,0.29411834478378296,0.22121550142765045,0.03198021277785301,-0.14433927834033966,-0.26408225297927856,-0.39062243700027466,-0.6207948327064514,-0.8151511549949646,-0.9983301758766174,-1.2760844230651855,-1.5645803213119507,-1.9623547792434692,-2.3293380737304688,-2.4771625995635986,-2.4987053871154785,-2.1967556476593018,-1.5624867677688599,-0.948671817779541,-0.44338807463645935,-0.16583608090877533,0.12425917387008667,0.5631683468818665,0.766631543636322,0.3565702736377716,0.14028377830982208,0.6354072690010071,1.1657893657684326,1.2729723453521729,1.3242604732513428,1.2964521646499634,1.1237645149230957,1.2773154973983765,2.0171923637390137,2.652420997619629,2.7357075214385986,2.6813950538635254,3.2072970867156982,4.156971454620361,5.125075817108154,5.572197437286377,4.298747539520264
-0.010520687326788902,-0.022018656134605408,-0.08054965734481812,-0.0760645717382431,-0.06979178637266159,-0.18392974138259888,-0.23785239458084106,-0.1422600895166397,-0.16160370409488678,-0.45738208293914795,-0.9152121543884277,-1.331797480583191,-1.6489043235778809,-1.8767098188400269,-1.9974384307861328,-1.9963970184326172,-2.0490410327911377,-2.17193341255188,-2.1339564323425293,-1.803523302078247,-1.3652575016021729,-1.0163921117782593,-0.9875661134719849,-1.3779982328414917,-1.468646764755249,-1.1692980527877808,-0.8934488296508789,-0.7075366377830505,-0.24227313697338104,-0.01956273429095745,-0.19330458343029022,-0.24849963188171387,0.0001026039753924124,0.2615640461444855,0.5884982943534851,1.3907357454299927,2.337686777114868,2.7113630771636963,2.4877841472625732,2.649285078048706,3.252974033355713,3.9620563983917236,4.3250861167907715,3.515737771987915
0.4245723783969879,0.28045377135276794,0.10209108889102936,0.06537353992462158,0.13704170286655426,0.050474219024181366,-0.08486833423376083,-0.03562047705054283,-0.029748445376753807,-0.32531872391700745,-0.8533822894096375,-1.3832471370697021,-1.7723182439804077,-1.8991985321044922,-1.6886894702911377,-1.438484787940979,-1.4892408847808838,-1.7909067869186401,-2.034297227859497,-2.088083028793335,-2.0767745971679688,-2.059210777282715,-2.165937900543213,-2.580348253250122,-2.4402003288269043,-2.1248245239257812,-1.7918877601623535,-1.5323765277862549,-1.2738221883773804,-1.2245599031448364,-1.4293767213821411,-1.8268706798553467,-1.7671676874160767,-0.9501408934593201,-0.1026993840932846,0.5978041291236877,1.2502597570419312,1.56071937084198,1.2203667163848877,0.9398819804191589,1.2145596742630005,1.9205431938171387,2.772430419921875,3.203756332397461
0.9191409349441528,0.6262210011482239,0.3129137456417084,0.3141804039478302,0.513760507106781,0.4873804748058319,0.22080092132091522,0.14960679411888123,0.2336030900478363,0.0449291467666626,-0.4396296739578247,-0.9239233136177063,-1.2886114120483398,-1.3411866426467896,-1.07096266746521,-0.8109347224235535,-0.8963945508003235,-1.4568002223968506,-2.0732922554016113,-2.376741409301758,-2.5599513053894043,-2.8086555004119873,-3.0021252632141113,-3.1398568153381348,-2.7940289974212646,-1.9883991479873657,-1.9587688446044922,-2.2968506813049316,-2.444434642791748,-2.3818585872650146,-2.3827924728393555,-2.9392776489257812,-3.3665266036987305,-2.5252020359039307,-1.1551014184951782,-0.45238029956817627,-0.45707616209983826,-0.5213502645492554,-0.8177556991577148,-1.1097012758255005,-0.9273005127906799,0.0006906883791089058,1.4696195125579834,2.944003105163574
1.1097328662872314,0.8418218493461609,0.4838014245033264,0.30449730157852173,0.4781140983104706,0.6100138425827026,0.5076912641525269,0.4430692493915558,0.5402166247367859,0.4986277222633362,0.23184829950332642,-0.1814262717962265,-0.5908886790275574,-0.6829617023468018,-0.4941166341304779,-0.26894429326057434,-0.39415547251701355,-1.0913546085357666,-1.9895906448364258,-2.553368330001831,-2.752290725708008,-2.9955344200134277,-3.2770943641662598,-3.3237974643707275,-3.4952802658081055,-2.4836645126342773,-1.30938720703125,-2.426142930984497,-2.9990906715393066,-2.8865578174591064,-2.7921719551086426,-3.0952064990997314,-3.6760518550872803,-3.4801344871520996,-2.2471234798431396,-1.234492301940918,-1.395877480506897,-1.9438133239746094,-2.3763160705566406,-2.698965549468994,-2.5485117435455322,-1.545149803161621,0.16950422525405884,1.7691341638565063
0.9704882502555847,0.7770094275474548,0.5461565256118774,0.3021200895309448,0.24948590993881226,0.3678496479988098,0.5133743286132812,0.6414676904678345,0.7355144619941711,0.7973730564117432,0.8180686831474304,0.5901450514793396,0.15436683595180511,-0.05086469277739525,-0.007284052670001984,0.02835223637521267,-0.09825387597084045,-0.6403200030326843,-1.5566643476486206,-2.2942609786987305,-2.6202361583709717,-2.8798372745513916,-3.158076763153076,-2.95381760597229,-2.8395543098449707,-2.5574207305908203,-0.8726367950439453,-1.357455849647522,-2.321782112121582,-2.5047316551208496,-2.504786252975464,-2.680086851119995,-3.19699764251709,-3.6048619747161865,-3.051548480987549,-1.8227331638336182,-1.387366533279419,-2.1834325790405273,-3.076768398284912,-3.5372772216796875,-3.6137337684631348,-3.042954444885254,-1.6443790197372437,-0.15189097821712494
0.8100457191467285,0.6719344854354858,0.5662667155265808,0.5891129374504089,0.49611762166023254,0.3579910397529602,0.48023051023483276,0.730731189250946,0.7911189794540405,0.8646067380905151,1.1489183902740479,1.2495977878570557,1.014818549156189,0.7337870001792908,0.5301347970962524,0.3421381115913391,0.03848954662680626,-0.3669331669807434,-1.0160446166992188,-1.697044014930725,-2.166344165802002,-2.626462459564209,-2.930126905441284,-2.5659735202789307,-1.6928813457489014,-0.9829578399658203,-0.022419679909944534,0.08715266734361649,-0.7268456816673279,-1.3153424263000488,-1.4630472660064697,-1.8814473152160645,-2.4769253730773926,-3.1917693614959717,-3.4698987007141113,-2.538102865219116,-1.6881794929504395,-2.1152260303497314,-3.2006754875183105,-3.872941732406616,-4.212283134460449,-4.247097015380859,-3.4252915382385254,-2.0061445236206055
1.0694199800491333,1.0556983947753906,1.0388718843460083,1.0536916255950928,0.9866424798965454,0.8135128021240234,0.8435651659965515,1.0413669347763062,1.0844603776931763,1.109804630279541,1.3207658529281616,1.5888631343841553,1.7312681674957275,1.5826672315597534,1.228668212890625,0.8499715328216553,0.3408680856227875,-0.16645760834217072,-0.6555600166320801,-1.110862135887146,-1.5661132335662842,-2.0826492309570312,-2.527519702911377,-2.365692138671875,-1.299512505531311,0.13025692105293274,1.080916166305542,1.4722576141357422,1.1986117362976074,0.5682307481765747,-0.007874874398112297,-0.7867277264595032,-1.3616583347320557,-2.3299922943115234,-3.3078246116638184,-3.1854145526885986,-2.6084320545196533,-2.610013961791992,-3.446866273880005,-4.267358779907227,-4.724802017211914,-4.899879455566406,-4.420461177825928,-3.139868974685669
1.8507767915725708,1.9640815258026123,2.0041427612304688,1.869968295097351,1.6251122951507568,1.4043141603469849,1.3138221502304077,1.414254069328308,1.6081393957138062,1.8091357946395874,1.8365908861160278,1.9359463453292847,2.2269985675811768,2.301257371902466,2.037383794784546,1.6056677103042603,1.0007867813110352,0.36243388056755066,-0.29448622465133667,-0.738746166229248,-1.0236752033233643,-1.3687511682510376,-1.8134891986846924,-1.9236303567886353,-1.221856951713562,0.10789012908935547,1.366375207901001,2.2226061820983887,2.595741033554077,2.508277416229248,1.8137813806533813,0.5414989590644836,-0.11589954048395157,-1.1111533641815186,-2.600508451461792,-3.4122045040130615,-3.275222063064575,-3.2440974712371826,-4.025117874145508,-5.130155563354492,-5.593620777130127,-5.504075050354004,-5.016640663146973,-3.869108200073242
2.728800058364868,2.929194688796997,3.0489962100982666,2.8959529399871826,2.5574331283569336,2.2081449031829834,1.9179385900497437,1.835731029510498,2.0247530937194824,2.3250763416290283,2.59188175201416,2.732390880584717,2.891608238220215,3.001319408416748,2.977482795715332,2.6615145206451416,1.9923349618911743,1.1948702335357666,0.39289647340774536,-0.22357261180877686,-0.5254226922988892,-0.6960545778274536,-0.8941614627838135,-1.0344165563583374,-0.72707599401474,0.1269821673631668,1.2163866758346558,2.3088085651397705,3.123538017272949,3.6457271575927734,3.344338893890381,2.056330442428589,1.1822717189788818,0.27820131182670593,-1.588541865348816,-3.039130926132202,-3.2311928272247314,-3.175663471221924,-4.1783294677734375,-5.770177364349365,-6.475306987762451,-6.1694416999816895,-5.550153732299805,-4.522397041320801
3.371727466583252,3.7362444400787354,3.9396400451660156,3.8664181232452393,3.56986665725708,3.0703043937683105,2.6903209686279297,2.6525542736053467,2.732128381729126,2.810009479522705,3.035867691040039,3.31935453414917,3.6217260360717773,3.8527028560638428,4.039141654968262,3.813197374343872,3.1661529541015625,2.287487745285034,1.4722999334335327,0.8384084701538086,0.4101269543170929,0.14164264500141144,0.09454289823770523,0.146839901804924,0.27347299456596375,0.5762767791748047,1.267370581626892,2.209581136703491,3.140204429626465,3.905026912689209,4.111962795257568,3.3761370182037354,2.486196994781494,1.6902962923049927,-0.06127089634537697,-1.879502773284912,-2.518467426300049,-2.2225170135498047,-3.125575304031372,-5.187866687774658,-6.428783416748047,-6.213773727416992,-5.398539066314697,-4.305880546569824
3.846019744873047,4.2261433601379395,4.643784523010254,4.803252696990967,4.665396690368652,4.22123384475708,3.7821643352508545,3.655834913253784,3.6915688514709473,3.7396957874298096,3.7362611293792725,3.8460652828216553,4.068548202514648,4.423673152923584,4.884974956512451,4.950657367706299,4.549482345581055,3.7440154552459717,2.8602843284606934,2.1880171298980713,1.7083959579467773,1.3420730829238892,1.1786104440689087,1.254150390625,1.3295905590057373,1.3895132541656494,1.6988189220428467,2.392490863800049,3.076580286026001,3.6751887798309326,4.160201549530029,4.08169412612915,3.6617722511291504,2.978940010070801,1.81513512134552,0.1753961145877838,-1.0804437398910522,-0.852196991443634,-1.0266470909118652,-2.996556282043457,-4.80164098739624,-5.096398830413818,-4.199381351470947,-2.9081764221191406
4.707024574279785,4.854193210601807,5.247082710266113,5.586914539337158,5.708208084106445,5.537362098693848,5.259537696838379,5.011261940002441,4.918118000030518,4.875391006469727,4.865149021148682,4.866958141326904,4.781723976135254,4.884044647216797,5.159855842590332,5.511955261230469,5.7242817878723145,5.446983814239502,4.784818649291992,3.959479570388794,3.185495138168335,2.645163059234619,2.461942195892334,2.4052717685699463,2.256716728210449,2.233384609222412,2.507460594177246,2.9910757541656494,3.329986810684204,3.521314859390259,3.796494245529175,4.257665157318115,4.540210247039795,4.096890449523926,3.451474666595459,2.5150203704833984,1.1985390186309814,0.705484926700592,1.1446332931518555,0.20634141564369202,-1.5790095329284668,-2.5616018772125244,-2.097233533859253,-0.965370774269104
5.956186294555664,5.986805438995361,6.148565769195557,6.383869647979736,6.528499126434326,6.562955379486084,6.5976948738098145,6.5781636238098145,6.4706902503967285,6.34508752822876,6.314826488494873,6.200361251831055,5.942969799041748,5.768104553222656,5.648995876312256,5.818033218383789,6.224822044372559,6.421393871307373,6.383008003234863,6.062746047973633,5.389859676361084,4.528878688812256,4.043529510498047,3.7985033988952637,3.46781849861145,3.2372779846191406,3.4712631702423096,3.8670787811279297,3.907386302947998,3.628021001815796,3.574207305908203,4.169876575469971,4.912322044372559,5.012884616851807,4.679975509643555,4.284149169921875,3.7716755867004395,2.821438789367676,2.82338809967041,3.0646183490753174,2.208061456680298,0.9023334980010986,0.5908851027488708,1.184966802597046
7.033308029174805,7.184768199920654,7.467446804046631,7.577927112579346,7.432606220245361,7.288837909698486,7.472085952758789,7.835761070251465,7.98677921295166,7.962122917175293,7.963653087615967,7.709586143493652,7.3203277587890625,7.033774375915527,6.752038955688477,6.678439617156982,6.871737480163574,7.010651588439941,7.072823524475098,7.183498859405518,7.160958290100098,6.710015296936035,6.017769813537598,5.479556560516357,5.083981513977051,4.690334320068359,4.620213985443115,4.752312660217285,4.62833309173584,4.097168445587158,3.7848825454711914,4.135901927947998,4.911189556121826,5.599266529083252,5.721031188964844,5.570260047912598,5.751193523406982,5.160030364990234,4.487284183502197,4.921180248260498,5.145360469818115,4.246062278747559,3.270181655883789,3.190089464187622
7.775434494018555,8.041519165039062,8.561396598815918,8.83806037902832,8.604060173034668,8.227132797241211,8.235841751098633,8.567358016967773,8.933307647705078,9.340659141540527,9.625716209411621,9.442153930664062,8.93520450592041,8.4995756149292,8.185159683227539,8.049126625061035,8.09976863861084,8.064315795898438,7.933483600616455,7.890312671661377,7.930626392364502,7.951295852661133,7.697366237640381,7.226317882537842,6.7826619148254395,6.4099602699279785,6.1162800788879395,5.802540302276611,5.412494659423828,4.914839267730713,4.542789459228516,4.677526473999023,5.107080936431885,5.935099124908447,6.655420303344727,6.838232517242432,7.311973571777344,7.2457051277160645,6.379718780517578,6.3644890785217285,7.003596782684326,6.841213703155518,5.735476970672607,4.914729118347168
8.66308879852295,8.815134048461914,9.289167404174805,9.585800170898438,9.441496849060059,9.122855186462402,9.07168960571289,9.23662281036377,9.473763465881348,9.984013557434082,10.65417766571045,11.00072956085205,10.810898780822754,10.352554321289062,9.891327857971191,9.659530639648438,9.612415313720703,9.524947166442871,9.352566719055176,9.071532249450684,8.69660758972168,8.5672607421875,8.587636947631836,8.470657348632812,8.228407859802246,8.053844451904297,7.84223747253418,7.334776878356934,6.551199436187744,5.935315132141113,5.681831359863281,5.878090858459473,6.093478679656982,6.536686420440674,7.446699619293213,8.07020092010498,8.713849067687988,9.108848571777344,8.512709617614746,8.03201675415039,8.421106338500977,8.699850082397461,7.947852611541748,6.71995210647583
9.7700834274292,9.906376838684082,10.225824356079102,10.322052001953125,10.000144958496094,9.59695053100586,9.62619686126709,9.968852996826172,10.224393844604492,10.53242015838623,11.093303680419922,11.642983436584473,12.05465316772461,12.18447494506836,11.993748664855957,11.683789253234863,11.463807106018066,11.275607109069824,11.033469200134277,10.570663452148438,9.927522659301758,9.436453819274902,9.208593368530273,9.119729995727539,9.19932746887207,9.420455932617188,9.585698127746582,9.316555976867676,8.357457160949707,7.349414825439453,6.941461086273193,7.2472615242004395,7.632655143737793,7.81500244140625,8.385139465332031,9.03465747833252,9.67055606842041,10.381196022033691,10.494415283203125,10.093856811523438,9.974313735961914,10.143620491027832,9.84074878692627,8.72441577911377
10.637229919433594,10.99033260345459,11.41467571258545,11.514066696166992,11.03627872467041,10.363810539245605,10.13854694366455,10.479180335998535,10.95908260345459,11.438342094421387,11.910860061645508,12.251690864562988,12.599284172058105,13.036343574523926,13.402975082397461,13.578743934631348,13.560725212097168,13.377355575561523,12.973506927490234,12.237531661987305,11.38522720336914,10.781550407409668,10.305135726928711,9.761503219604492,9.70698356628418,10.262456893920898,10.94519329071045,11.253907203674316,10.64126205444336,9.495981216430664,8.654208183288574,8.570900917053223,8.952741622924805,9.210433006286621,9.551825523376465,9.955118179321289,10.296158790588379,10.959444999694824,11.707662582397461,11.948395729064941,11.801466941833496,11.690762519836426,11.538619041442871,10.814237594604492
