data/wind_data/wind_9_1.json
{"header": {"parameterUnit": "KT", "parameterCategory": 2, "nx": 256, "ny": 198, "lo1": 44.73521041870117, "la1": -3.236724853515625, "lo2": 111.26478576660156, "la2": 43.468475341796875, "dx": 0.2609002888202667, "dy": -0.23708222806453705, "refTime": "2025-02-19 09:00:00", "forecastTime": 0, "parameterNumber": 2, "parameterNumberName": "eastward_wind"}, "data":
[rows 152 to 170 of 198, columns 43 to 85 of 256]
0.02232132852077484,2.747075319290161,-0.04877353087067604,2.1120498180389404,4.227887153625488,1.4165366888046265,1.6741399765014648,3.6663970947265625,8.41053295135498,3.9000165462493896,2.582326650619507,1.7903718948364258,3.151900053024292,3.6678333282470703,2.5839359760284424,2.9240894317626953,2.863389730453491,-0.5636132955551147,-5.8163628578186035,-4.942144393920898,-1.7676434516906738,-1.2581599950790405,-1.2002482414245605,-2.44358491897583,-2.538973093032837,-2.2179086208343506,0.5541402101516724,4.375709533691406,4.559729099273682,5.975815773010254,3.5417778491973877,3.7035460472106934,6.266473293304443,5.55901575088501,2.941115617752075,3.8546245098114014,7.285264492034912,5.535035610198975,1.9170554876327515,0.037125520408153534,-0.49634087085723877,-2.233903169631958,-5.5433807373046875
-0.4515105187892914,1.448277235031128,-0.2715415358543396,3.3013925552368164,1.8387962579727173,5.676143169403076,-0.798895537853241,3.407675266265869,6.7360615730285645,3.4868950843811035,3.1613810062408447,1.2992125749588013,2.9862611293792725,1.966183066368103,3.650209426879883,2.041134834289551,4.175561428070068,-4.591710567474365,-6.17711877822876,-4.613949775695801,-2.188119649887085,-3.6033380031585693,-6.847912311553955,-8.496892929077148,-7.233506202697754,-6.607334613800049,-5.454379081726074,-1.2502223253250122,1.3254708051681519,3.080207109451294,2.064704656600952,1.1706712245941162,4.476008415222168,4.250528335571289,6.02154541015625,3.82743763923645,4.863834857940674,5.803969860076904,4.6320576667785645,2.8813207149505615,0.450609415769577,-1.9914703369140625,-5.452491760253906
-0.0057997633703053,0.21908119320869446,0.7311713099479675,2.510659694671631,2.6521527767181396,6.630406856536865,-2.304971933364868,2.3028228282928467,3.4229960441589355,5.469102382659912,-0.2149849832057953,1.309006929397583,1.1776715517044067,1.041419506072998,1.387603521347046,4.397540092468262,1.9666900634765625,-4.732619285583496,-5.5012736320495605,-4.148019313812256,-4.217270374298096,-6.281942367553711,-10.321866035461426,-9.25070858001709,-5.336727142333984,-3.943588972091675,-2.4421184062957764,0.6176450848579407,3.6427688598632812,3.4973556995391846,3.8367927074432373,3.1599483489990234,4.087921619415283,5.972707748413086,8.448531150817871,6.674971580505371,3.1683237552642822,5.276959419250488,10.52956485748291,7.756319046020508,-2.14035964012146,-4.1429266929626465,-6.6146626472473145
0.08367760479450226,-0.24671883881092072,1.3251813650131226,1.6677961349487305,4.292590141296387,2.0402488708496094,1.1888214349746704,1.7870371341705322,3.5887863636016846,2.4139187335968018,0.16942869126796722,0.38879525661468506,-1.5377885103225708,0.2907387912273407,4.152165412902832,4.814241886138916,0.05918051674962044,-1.6504170894622803,-3.8891079425811768,-3.8119447231292725,-5.525528430938721,-7.138621807098389,-9.732712745666504,-8.557655334472656,-4.4909539222717285,-3.3651249408721924,0.5668750405311584,3.4983625411987305,5.140737056732178,7.0405378341674805,9.214155197143555,8.8507080078125,6.521975994110107,6.84690523147583,7.964648723602295,8.193063735961914,4.714367866516113,4.329132080078125,13.73825740814209,7.647175312042236,0.2491200715303421,-1.114561676979065,-5.927771091461182
-0.22800850868225098,1.0772931575775146,1.1940335035324097,4.233368873596191,3.774972438812256,2.60345196723938,1.0037612915039062,1.8372509479522705,0.8228849768638611,1.5491046905517578,2.7491865158081055,3.5696728229522705,0.1129671111702919,-0.029505262151360512,3.0967087745666504,4.018022537231445,-0.3378373384475708,1.8067958354949951,-0.5156499147415161,-3.4866445064544678,-6.483922481536865,-5.145442485809326,-6.997165679931641,-5.560035705566406,-5.060476303100586,-5.0944671630859375,-0.7752949595451355,2.6765546798706055,4.833748817443848,5.425997257232666,7.820248603820801,5.591678142547607,4.094952583312988,5.635654449462891,5.27796745300293,5.31308126449585,4.074515342712402,3.1311233043670654,7.668621063232422,3.5580945014953613,4.468235015869141,5.947075366973877,-0.19145552814006805
0.039424825459718704,1.6592310667037964,2.473836660385132,6.06398344039917,5.421475887298584,1.8901424407958984,3.1948587894439697,3.633514165878296,1.5953271389007568,1.719024896621704,3.766195774078369,0.6222313642501831,0.4353639781475067,0.33647620677948,0.45102792978286743,0.7245031595230103,2.128427743911743,3.5129737854003906,3.0558979511260986,-2.9863154888153076,-5.6335368156433105,-3.618391275405884,-5.334359645843506,-4.4328508377075195,-4.425899982452393,-4.687618732452393,-3.8387868404388428,-1.287135362625122,0.988523006439209,1.0604966878890991,0.09074434638023376,1.158048152923584,0.3869842290878296,0.9265101552009583,0.43584150075912476,0.020448187366127968,1.951324701309204,1.3575294017791748,1.7144241333007812,4.8731513023376465,6.806375980377197,-1.5399938821792603,-3.0092110633850098
0.8288984894752502,1.0368106365203857,5.588992118835449,4.527363300323486,4.167211532592773,3.3729608058929443,4.964182376861572,1.8105015754699707,0.6451036334037781,0.6627259254455566,0.6937866806983948,0.743519127368927,1.1168485879898071,2.5745139122009277,2.0208709239959717,2.3788368701934814,3.708768606185913,4.334063529968262,3.667004346847534,-1.4295085668563843,-3.662703037261963,-1.2249486446380615,-4.612767696380615,-3.357821226119995,-3.7901999950408936,-3.237103223800659,-1.5404777526855469,-5.363285541534424,-2.959906816482544,-1.4932878017425537,-2.774181365966797,-1.5541048049926758,0.513737678527832,1.2169967889785767,1.4516785144805908,0.345393568277359,2.3601748943328857,4.712888717651367,2.7455663681030273,1.3031902313232422,2.939258098602295,0.905326783657074,0.602889358997345
0.7017388939857483,1.2337044477462769,2.464789628982544,3.4247488975524902,3.0645828247070312,2.2346434593200684,3.308746099472046,1.2371854782104492,0.3520389199256897,-0.4336838722229004,0.6086702942848206,-0.08260463178157806,2.854478359222412,3.2472167015075684,3.844165802001953,1.8202060461044312,3.780998706817627,3.2490744590759277,4.490455627441406,-0.39260122179985046,-1.1841466426849365,-1.2671018838882446,-3.015890121459961,-2.6757991313934326,-2.4107589721679688,-2.13077449798584,0.2362958937883377,-0.7557916641235352,-6.153749465942383,-1.9628119468688965,-3.266820192337036,-1.58293616771698,-0.029647603631019592,1.681005835533142,4.061182022094727,5.8838372230529785,4.61985969543457,6.517338275909424,1.4321324825286865,0.13912589848041534,1.906144618988037,2.7316880226135254,4.770552635192871
2.9058024883270264,-0.22764810919761658,-0.6017725467681885,0.6012721657752991,-0.5211021304130554,2.7820358276367188,1.145172357559204,-0.9875003099441528,-0.4471772015094757,-0.3132098615169525,2.155704975128174,0.900944709777832,4.777348518371582,3.389566659927368,4.172863006591797,-0.2344493567943573,3.790541410446167,3.206040382385254,4.838347911834717,-0.5842229127883911,-0.1650635451078415,-2.0502915382385254,-1.6224082708358765,-1.5311508178710938,-0.5115564465522766,-1.1639927625656128,2.626455068588257,1.2578788995742798,-1.3624448776245117,-4.500402927398682,-4.958060264587402,-2.5930848121643066,-1.6819130182266235,0.9992743134498596,3.826838970184326,6.122298240661621,5.156734943389893,4.024176120758057,2.9478254318237305,4.181013107299805,6.119288921356201,5.222692012786865,5.61885404586792
1.4571516513824463,-3.3837928771972656,-1.8202433586120605,-1.276790738105774,4.034339904785156,1.128435492515564,0.9973498582839966,-0.6385396718978882,0.9888232350349426,1.6381745338439941,2.929788589477539,3.5846455097198486,4.208396911621094,4.568018913269043,-1.9929890632629395,0.09499890357255936,3.5346150398254395,4.557007312774658,3.176804780960083,-1.7743511199951172,-1.1993886232376099,-0.962374746799469,-0.7459571361541748,-0.17707139253616333,0.5995946526527405,0.4052354395389557,3.2271125316619873,0.1237928569316864,0.6766520142555237,-0.7356072068214417,-2.2228095531463623,-5.419597148895264,-0.6713880896568298,-1.0509953498840332,1.391647458076477,3.2043256759643555,3.131333112716675,2.9143691062927246,4.7519683837890625,4.392714500427246,7.422813892364502,3.040790557861328,2.8544986248016357
-1.123323917388916,-2.805600881576538,-1.276115894317627,0.7908205986022949,4.974625587463379,3.159893751144409,3.8651788234710693,-0.23903310298919678,2.3802897930145264,3.398772716522217,3.6360421180725098,4.764500617980957,5.603800296783447,-1.9280413389205933,-0.2680498957633972,3.2601282596588135,4.461198329925537,2.879627227783203,-0.45509254932403564,-3.0835485458374023,-1.4031033515930176,0.47953683137893677,0.4532545804977417,0.9207860231399536,0.44335857033729553,2.542884349822998,2.019200086593628,2.0470361709594727,0.38833877444267273,-0.9574602246284485,2.050905466079712,-2.9229483604431152,-0.03322862088680267,-5.921018123626709,-0.6885300278663635,1.6912689208984375,3.0215003490448,2.595609188079834,3.537637710571289,3.7543272972106934,5.039443492889404,0.5153073668479919,0.7924661636352539
-3.405343770980835,-0.9807095527648926,0.2298186719417572,3.8178977966308594,6.406245708465576,5.506710529327393,3.4056458473205566,1.0424641370773315,4.983602523803711,6.0614237785339355,6.0872273445129395,5.167457580566406,1.694682240486145,2.4659323692321777,3.877141237258911,5.490294456481934,-0.7949018478393555,-4.036990642547607,-2.319841146469116,-4.073166847229004,0.008722834289073944,1.127076268196106,-0.942646861076355,1.7502140998840332,0.3451542258262634,3.068058967590332,2.052772045135498,3.1895341873168945,2.033050537109375,1.4117556810379028,1.9717024564743042,0.6768104434013367,2.087999105453491,-6.125333786010742,-2.580775260925293,1.3708688020706177,4.1034159660339355,1.961018443107605,3.727186918258667,2.322477102279663,3.3611559867858887,-0.5663834810256958,-1.1228656768798828
-0.5133864879608154,-1.5575153827667236,2.6666147708892822,2.2980456352233887,3.6290299892425537,1.9670478105545044,1.3822861909866333,3.7950003147125244,5.288971900939941,6.84957218170166,6.289010047912598,3.675018787384033,4.339652061462402,6.253045082092285,2.9578464031219482,-3.1829066276550293,-6.455598831176758,-5.440023899078369,-3.39875864982605,-0.8530093431472778,-0.8776550889015198,1.207845687866211,-0.371188223361969,1.7092794179916382,1.1686536073684692,1.724249005317688,2.946913719177246,3.949781656265259,3.558903455734253,3.4623684883117676,2.8483738899230957,2.805715322494507,2.353713035583496,-1.0527763366699219,-3.510714054107666,1.2095507383346558,3.843698263168335,3.7851624488830566,3.8235232830047607,1.779503583908081,3.6044089794158936,1.396721363067627,1.6797112226486206
3.0477123260498047,-1.0332857370376587,2.251976490020752,1.4677155017852783,1.4255043268203735,1.8798151016235352,3.305773973464966,6.368445873260498,7.748434543609619,5.425487041473389,5.002723693847656,5.482925891876221,7.039363861083984,0.8794423937797546,-4.34876012802124,-6.813056468963623,-5.707370758056641,-5.187758922576904,-2.0134873390197754,-1.634518027305603,1.1677567958831787,-1.7545684576034546,1.7410097122192383,0.9372285604476929,2.176971197128296,1.3825560808181763,2.840799331665039,3.485900402069092,4.437639236450195,4.501784801483154,5.100033283233643,3.6694631576538086,4.161199569702148,3.063356399536133,-1.3691827058792114,1.9337010383605957,2.259913206100464,4.633072853088379,6.252452373504639,4.587675094604492,3.9977035522460938,4.972549915313721,5.9860968589782715
3.7904067039489746,3.999837636947632,3.6083004474639893,3.9603893756866455,2.622239828109741,4.280348300933838,4.475417613983154,6.114987373352051,6.369937419891357,4.853310585021973,5.631408214569092,7.767645835876465,-4.039129257202148,-7.1654953956604,-8.003580093383789,-7.1152024269104,-5.651569366455078,-5.3055100440979,-1.5634325742721558,-2.029588460922241,0.9570274353027344,-1.2025471925735474,2.634953260421753,0.6406466364860535,2.7222440242767334,1.1526745557785034,2.4726638793945312,2.7784230709075928,4.038268566131592,4.924625873565674,5.734608173370361,6.090056419372559,4.936362266540527,6.268326282501221,2.3515145778656006,2.388784408569336,1.9220166206359863,4.469522953033447,8.47913646697998,6.533470153808594,6.2125244140625,5.213520526885986,7.720729827880859
4.199334621429443,7.251058578491211,4.545963287353516,6.029223918914795,5.997692108154297,7.134994983673096,7.0345563888549805,4.040560245513916,3.694462537765503,4.8585896492004395,9.165276527404785,-2.6271491050720215,-7.986860752105713,-7.215794563293457,-7.614795207977295,-6.4533538818359375,-5.484645366668701,-4.071921348571777,-3.4019570350646973,-0.14080782234668732,-1.469414234161377,0.74266517162323,3.297239303588867,1.6076083183288574,2.78283953666687,1.0894279479980469,2.60947847366333,2.5006089210510254,3.9840035438537598,4.4171929359436035,6.651382923126221,6.345190048217773,7.605734825134277,6.161815166473389,7.498739719390869,3.164470911026001,1.2076904773712158,3.1102283000946045,8.035321235656738,7.048643112182617,9.120976448059082,5.100428104400635,6.397409915924072
4.5086774826049805,5.656981468200684,3.324420690536499,4.358392238616943,3.738090753555298,6.325046062469482,4.79636287689209,3.932157516479492,7.802433013916016,7.089400768280029,-2.1935994625091553,-6.965673446655273,-6.704531192779541,-6.793569564819336,-7.408343315124512,-5.023870468139648,-5.097634315490723,-3.144080638885498,-3.573762893676758,-1.8444929122924805,-0.5966145396232605,2.7213268280029297,2.479996919631958,4.203793048858643,1.0042511224746704,2.079167366027832,2.9344704151153564,3.0255813598632812,4.047712802886963,4.470986843109131,6.1570916175842285,5.931178569793701,8.51838207244873,6.598873615264893,8.254776000976562,6.977766990661621,2.4954042434692383,1.5431607961654663,5.2734551429748535,7.893418788909912,6.970758438110352,7.481068134307861,-0.4407915771007538
2.6772096157073975,2.699493646621704,1.1501171588897705,1.9026914834976196,2.3614981174468994,4.82850456237793,6.985604286193848,7.692989826202393,1.4898499250411987,-6.931516170501709,-7.544384002685547,-7.186885356903076,-8.072608947753906,-7.466731548309326,-6.170556545257568,-5.082342147827148,-2.3780267238616943,-4.571376323699951,-4.036832332611084,0.46622559428215027,-0.8448584675788879,5.054752826690674,0.01093615498393774,4.213412284851074,0.9233030676841736,3.4279117584228516,3.4989919662475586,4.226151943206787,4.241628170013428,4.630965709686279,5.084235191345215,5.558550834655762,6.607830047607422,7.171670913696289,7.50055456161499,9.653860092163086,6.415608882904053,0.8781009316444397,2.309763193130493,4.330348968505859,3.622706413269043,3.477979898452759,0.7941287159919739
1.9373278617858887,3.347750186920166,1.4213223457336426,3.594651937484741,1.790088176727295,8.047611236572266,3.6583611965179443,-6.295907020568848,-8.143421173095703,-9.149510383605957,-7.863119602203369,-8.167451858520508,-7.743352890014648,-6.125154495239258,-5.520640850067139,-4.638416767120361,-2.288719654083252,-6.003493309020996,0.18591617047786713,-1.8528255224227905,3.0680975914001465,-0.3751072883605957,2.4424996376037598,1.260658621788025,3.9143872261047363,3.6014292240142822,4.497587203979492,4.625772476196289,5.020828723907471,4.980804920196533,5.321193695068359,4.215393543243408,6.66225004196167,5.5723395347595215,8.083268165588379,7.1525678634643555,9.3909330368042,4.253342628479004,2.2879621982574463,-0.34927695989608765,2.3833935260772705,1.1399261951446533,6.856594085693359
