data/wind_data/wind_46_4.json
{"header": {"parameterUnit": "KT", "parameterCategory": 2, "nx": 256, "ny": 198, "lo1": 44.73521041870117, "la1": -3.236724853515625, "lo2": 111.26478576660156, "la2": 43.468475341796875, "dx": 0.2609002888202667, "dy": -0.23708222806453705, "refTime": "2025-02-20 22:00:00", "forecastTime": 0, "parameterNumber": 2, "parameterNumberName": "eastward_wind"}, "data":
[rows 133 to 151 of 198, columns 44 to 87 of 256]
45.9708251953125,46.923370361328125,47.644874572753906,48.66378402709961,52.66317367553711,54.60231018066406,44.66688919067383,41.62363052368164,37.95707321166992,35.57667922973633,33.598785400390625,34.57495880126953,38.73057174682617,43.607810974121094,48.4996452331543,51.956119537353516,51.117393493652344,47.30889129638672,40.828643798828125,34.37181091308594,31.260507583618164,31.120656967163086,31.49069595336914,31.61589241027832,31.66202735900879,31.68235206604004,31.692609786987305,31.797916412353516,32.44023895263672,33.28446960449219,33.42696762084961,32.7342643737793,31.75354766845703,31.628084182739258,31.91305160522461,31.671117782592773,30.51988983154297,28.65215301513672,26.69410514831543,25.46945571899414,25.39275360107422,25.99925994873047,28.971704483032227,32.1068000793457
40.141273498535156,42.59685134887695,43.57389450073242,44.90878677368164,51.392730712890625,45.530052185058594,43.57976150512695,44.18581008911133,41.57484436035156,37.4405517578125,32.90865707397461,31.37151527404785,33.91962814331055,39.07895278930664,44.88636016845703,48.725223541259766,49.15622329711914,45.29145812988281,38.17463684082031,32.311279296875,30.230379104614258,30.3280029296875,30.88490104675293,31.371549606323242,31.65860366821289,31.72154426574707,31.637853622436523,31.867416381835938,32.6672248840332,32.968666076660156,32.212303161621094,31.568035125732422,31.47064208984375,31.81109046936035,31.6720027923584,30.432039260864258,28.272085189819336,25.70429229736328,23.78633689880371,22.710968017578125,22.668848037719727,24.223730087280273,27.57063102722168,30.613964080810547
38.48569107055664,39.07341384887695,40.20960235595703,43.5446662902832,47.23141860961914,38.066261291503906,38.17657470703125,38.84228515625,38.2215690612793,35.90528106689453,32.861026763916016,31.354835510253906,32.55471420288086,36.27998352050781,40.872459411621094,44.35908508300781,45.82143020629883,43.11698532104492,36.36902618408203,31.42567253112793,30.015073776245117,30.180925369262695,30.698749542236328,31.33254051208496,31.75676727294922,32.13405227661133,32.55302429199219,32.88899230957031,32.813751220703125,31.85489845275879,30.60523796081543,30.551860809326172,31.220720291137695,31.611923217773438,31.028226852416992,29.86886215209961,27.842418670654297,24.72578239440918,23.065959930419922,23.2562198638916,23.59572410583496,23.114503860473633,24.982412338256836,28.44243812561035
36.26500701904297,37.4702262878418,39.43651580810547,43.14072036743164,36.951534271240234,30.484153747558594,32.30840301513672,33.99552536010742,35.22185134887695,35.32612609863281,34.46684646606445,33.52983093261719,33.38743591308594,35.02349090576172,38.13606643676758,40.776824951171875,42.030494689941406,39.17791748046875,34.37985610961914,31.470170974731445,30.658607482910156,30.747257232666016,31.14681053161621,31.855680465698242,32.353763580322266,32.4841194152832,32.7645263671875,33.02672576904297,32.43337631225586,30.811555862426758,29.83163833618164,30.20284652709961,30.93809700012207,31.172595977783203,30.516023635864258,29.17580795288086,27.04682159423828,24.211849212646484,22.415416717529297,23.557769775390625,25.924999237060547,25.672151565551758,24.70395851135254,25.655929565429688
35.55997085571289,37.45109558105469,38.422847747802734,33.788841247558594,28.887067794799805,30.09865379333496,31.447179794311523,33.0725212097168,35.00753402709961,36.27317428588867,36.566104888916016,36.02263259887695,34.979347229003906,35.023380279541016,36.92158508300781,38.37420654296875,37.929073333740234,35.426368713378906,33.27658462524414,32.122745513916016,31.54966926574707,31.25480842590332,31.39838409423828,31.74603271484375,31.85626220703125,32.1806640625,32.60238265991211,32.40623474121094,31.099781036376953,29.986330032348633,30.050579071044922,29.80010414123535,29.364234924316406,29.181669235229492,28.99916648864746,28.439319610595703,26.796079635620117,24.153697967529297,21.96451759338379,22.69808578491211,26.226383209228516,28.39484405517578,26.33985137939453,22.779298782348633
35.933963775634766,34.3411865234375,25.32929801940918,22.55820083618164,27.064294815063477,29.138723373413086,30.550199508666992,32.56349182128906,34.89519119262695,36.483917236328125,36.96999740600586,36.50003433227539,35.57476806640625,35.244808197021484,36.03485870361328,36.409156799316406,35.44832992553711,33.939884185791016,33.07294464111328,32.6915168762207,32.12070083618164,31.49709129333496,31.469785690307617,31.58026695251465,31.490232467651367,31.577571868896484,31.901992797851562,31.563230514526367,30.38589859008789,29.626110076904297,28.835723876953125,27.137887954711914,26.484392166137695,26.865812301635742,27.020767211914062,26.738872528076172,25.499113082885742,23.29625701904297,20.751070022583008,19.32588768005371,20.08186912536621,20.36754608154297,19.64957618713379,19.11130714416504
31.755895614624023,20.59402084350586,16.21640396118164,24.482942581176758,28.777713775634766,30.3841495513916,30.857452392578125,32.185997009277344,34.499393463134766,36.091854095458984,36.40373611450195,36.149261474609375,36.11653137207031,36.2255744934082,36.43161392211914,35.847320556640625,34.349609375,33.16281509399414,33.02373123168945,32.87240219116211,32.05712127685547,31.4113712310791,31.28465461730957,30.982925415039062,31.034976959228516,31.631202697753906,31.58853530883789,30.278226852416992,28.72403907775879,27.73627281188965,25.58795738220215,23.763954162597656,23.763755798339844,24.280494689941406,24.24822425842285,23.760774612426758,22.299640655517578,19.644445419311523,16.505266189575195,14.156177520751953,13.716403007507324,14.617631912231445,16.117650985717773,17.8275089263916
21.505380630493164,16.881877899169922,23.48381233215332,28.31499671936035,29.7972469329834,31.367523193359375,32.45357894897461,33.80091857910156,35.32429504394531,35.876609802246094,36.06787872314453,36.53860855102539,37.24863052368164,37.55458068847656,37.08062744140625,35.23677444458008,33.35664367675781,32.90059280395508,32.80928421020508,31.929275512695312,30.984365463256836,30.699186325073242,30.56069564819336,30.51209831237793,30.73525619506836,30.573911666870117,29.2049617767334,27.419809341430664,26.19120979309082,24.764183044433594,23.145137786865234,22.33782958984375,22.182092666625977,22.02133560180664,21.73638916015625,20.84439468383789,18.589937210083008,15.282983779907227,12.543835639953613,11.803906440734863,13.03524398803711,14.96485710144043,16.928394317626953,18.175594329833984
20.99260139465332,21.390644073486328,26.727558135986328,30.035892486572266,31.88621711730957,33.89314651489258,35.750370025634766,37.15739059448242,37.46647262573242,36.74460983276367,36.49204635620117,37.02753448486328,37.55864715576172,37.00485610961914,35.52395248413086,33.433650970458984,32.067596435546875,31.451457977294922,30.971689224243164,30.172304153442383,29.907072067260742,29.800689697265625,29.460651397705078,29.15172004699707,28.35342788696289,26.6351375579834,25.477848052978516,24.511587142944336,23.524097442626953,22.84905433654785,22.39405059814453,21.771203994750977,20.721431732177734,19.048336029052734,18.340240478515625,17.760589599609375,14.84565544128418,11.852059364318848,11.284027099609375,12.403274536132812,14.17509937286377,15.749820709228516,16.997129440307617,17.589847564697266
21.530189514160156,24.234800338745117,25.904489517211914,26.80510139465332,27.814945220947266,29.987415313720703,34.04116439819336,37.57832717895508,38.166893005371094,37.193538665771484,37.02471923828125,37.25462341308594,36.63514709472656,35.18690872192383,33.192543029785156,30.85835838317871,29.31800651550293,29.197385787963867,29.015010833740234,28.468027114868164,28.07158660888672,27.178298950195312,26.543851852416992,25.76106834411621,24.00118637084961,22.821741104125977,22.561296463012695,21.792951583862305,21.133785247802734,21.81081771850586,22.72353172302246,21.498554229736328,17.737939834594727,13.8135404586792,12.881640434265137,13.89919376373291,12.5798978805542,11.1778564453125,12.018790245056152,13.263358116149902,14.07875919342041,14.47263240814209,15.285507202148438,16.885482788085938
13.720913887023926,14.51823616027832,14.707544326782227,14.895210266113281,15.04721736907959,18.471349716186523,24.46814727783203,30.033870697021484,32.83786392211914,33.8098030090332,35.167510986328125,36.134674072265625,35.75440216064453,34.46151351928711,31.938034057617188,29.4104061126709,28.061002731323242,27.1682071685791,25.638023376464844,24.303876876831055,23.082792282104492,22.22086524963379,21.729684829711914,20.83880615234375,20.233173370361328,20.76740074157715,20.970163345336914,20.445356369018555,20.340656280517578,21.712894439697266,22.477983474731445,19.945049285888672,14.40018367767334,10.47597599029541,11.025436401367188,12.32478141784668,11.730218887329102,11.326807975769043,12.259955406188965,13.12499713897705,13.280738830566406,14.049355506896973,15.561893463134766,17.06537437438965
1.0421150922775269,1.3738811016082764,3.5378811359405518,5.699582099914551,7.878171443939209,11.533245086669922,14.918975830078125,18.5803279876709,22.377727508544922,25.960086822509766,29.307720184326172,31.32470703125,31.50603675842285,30.773719787597656,29.441682815551758,27.34711456298828,24.94301414489746,21.703746795654297,19.300289154052734,18.12457847595215,17.566123962402344,17.19261932373047,16.8021240234375,16.92323875427246,17.014902114868164,17.4470272064209,18.390169143676758,18.974777221679688,19.509077072143555,20.676305770874023,21.666549682617188,17.46229362487793,11.206493377685547,9.58154010772705,10.57656478881836,10.861736297607422,10.628211975097656,9.935766220092773,11.415899276733398,15.021429061889648,15.989139556884766,15.498479843139648,16.029102325439453,16.38133430480957
2.837855100631714,4.090240001678467,8.361205101013184,11.228078842163086,11.787174224853516,11.502681732177734,10.850544929504395,10.307842254638672,13.25955867767334,17.530014038085938,20.38703155517578,21.15406608581543,21.090042114257812,21.36555290222168,21.073081970214844,19.38535499572754,17.773540496826172,16.0736141204834,14.532011985778809,13.545002937316895,13.398825645446777,13.60183334350586,14.602914810180664,16.003835678100586,15.50444221496582,14.4230318069458,14.794272422790527,15.19212532043457,17.721281051635742,20.86606788635254,22.810239791870117,18.160770416259766,10.890697479248047,9.289746284484863,9.092864036560059,8.744328498840332,8.760293960571289,9.409453392028809,12.111549377441406,16.407630920410156,19.60464096069336,18.048542022705078,14.980149269104004,15.92219352722168
3.5867724418640137,4.600570201873779,9.579272270202637,13.559284210205078,14.435002326965332,14.790146827697754,15.379631042480469,13.479625701904297,11.828017234802246,12.258407592773438,13.03351879119873,14.103074073791504,15.187760353088379,15.2196044921875,14.127925872802734,13.974682807922363,14.813105583190918,13.576668739318848,11.64767837524414,10.885028839111328,11.409708023071289,12.490803718566895,13.91779613494873,15.081645965576172,14.430445671081543,13.041549682617188,12.335847854614258,12.008926391601562,14.958585739135742,18.434621810913086,21.626453399658203,20.908309936523438,14.191031455993652,10.305774688720703,9.137449264526367,8.908699035644531,9.127029418945312,10.111126899719238,12.829766273498535,15.757981300354004,17.174617767333984,16.403974533081055,14.10367488861084,14.754528999328613
3.1330204010009766,5.926000595092773,10.350147247314453,12.672181129455566,13.413973808288574,13.7390775680542,15.8615083694458,16.915918350219727,16.15782928466797,14.996015548706055,14.44007682800293,15.15047836303711,16.000703811645508,15.090338706970215,12.683223724365234,16.1561279296875,15.2256441116333,11.547201156616211,9.133456230163574,9.311763763427734,10.86962604522705,12.641867637634277,13.258702278137207,12.527743339538574,11.569345474243164,11.281376838684082,11.86491870880127,12.04331111907959,12.437827110290527,13.331467628479004,16.52143096923828,21.837629318237305,19.68111228942871,13.232025146484375,10.268139839172363,9.165251731872559,9.579275131225586,10.81655216217041,12.236315727233887,13.048529624938965,13.345388412475586,13.785818099975586,13.904898643493652,14.400236129760742
5.776949882507324,7.917579174041748,9.816683769226074,11.347704887390137,11.968957901000977,12.573860168457031,14.550474166870117,15.950788497924805,16.678905487060547,17.649993896484375,18.233190536499023,17.771841049194336,16.515478134155273,15.544178009033203,15.954182624816895,18.00895118713379,14.689724922180176,10.364925384521484,8.201787948608398,8.944305419921875,10.880477905273438,12.522375106811523,12.643013000488281,10.995967864990234,9.352810859680176,9.89986515045166,12.131183624267578,13.507476806640625,13.60692310333252,13.682598114013672,13.812569618225098,15.979034423828125,16.953136444091797,15.377970695495605,13.011067390441895,11.020218849182129,11.11203670501709,11.159652709960938,10.172353744506836,11.2542085647583,11.966229438781738,12.710448265075684,13.335554122924805,13.883214950561523
8.912262916564941,10.870255470275879,10.983712196350098,11.003878593444824,11.78781795501709,12.782522201538086,13.095314025878906,13.188664436340332,13.487483978271484,14.659459114074707,15.636916160583496,15.910064697265625,16.85141372680664,16.440481185913086,18.863840103149414,19.28557014465332,15.034053802490234,10.7366943359375,8.885222434997559,9.490330696105957,10.882691383361816,11.998563766479492,12.713763236999512,12.195296287536621,10.826404571533203,12.021062850952148,14.595614433288574,16.541507720947266,16.983245849609375,16.03558349609375,14.764963150024414,13.380821228027344,13.861297607421875,15.725098609924316,15.946133613586426,13.429696083068848,11.003809928894043,10.218396186828613,9.468693733215332,11.266412734985352,12.928102493286133,13.56198787689209,13.704387664794922,14.086690902709961
10.391613006591797,12.899676322937012,14.856621742248535,13.891201972961426,13.142084121704102,12.352151870727539,10.8951416015625,9.58979320526123,9.271183967590332,10.127367973327637,11.670477867126465,13.610759735107422,14.862746238708496,17.36744499206543,19.45707893371582,18.255615234375,14.435900688171387,10.838786125183105,9.434062004089355,9.707521438598633,10.897650718688965,11.484855651855469,11.369637489318848,10.5638427734375,9.552295684814453,10.01216983795166,10.050265312194824,9.600912094116211,10.315828323364258,12.046418190002441,13.548857688903809,13.720426559448242,14.260368347167969,15.116241455078125,14.872323989868164,12.251331329345703,9.736763954162598,9.56455135345459,10.049006462097168,11.71609115600586,13.503717422485352,15.154824256896973,16.097454071044922,15.931014060974121
11.429238319396973,13.989927291870117,16.781959533691406,14.50363826751709,12.070135116577148,9.600503921508789,5.631031036376953,3.743131399154663,4.467219829559326,6.50362491607666,7.473999977111816,9.83803939819336,12.76911449432373,14.759902000427246,15.331053733825684,15.317451477050781,13.649625778198242,11.28235912322998,9.645279884338379,8.538460731506348,8.646924018859863,8.982234001159668,9.335335731506348,8.668069839477539,7.853157043457031,8.046927452087402,6.625109672546387,4.874688625335693,5.98508882522583,9.026592254638672,11.78123664855957,13.766826629638672,15.501089096069336,15.269247055053711,12.758936882019043,10.096370697021484,8.972718238830566,9.461226463317871,11.34212875366211,13.096513748168945,14.2001314163208,15.82614517211914,17.787506103515625,18.248367309570312
