data/wind_data/wind_Surface_10.json
{"header": {"parameterUnit": "KT", "parameterCategory": 2, "nx": 255, "ny": 198, "lo1": 44.73521041870117, "la1": -3.236724853515625, "lo2": 111.26478576660156, "la2": 43.468475341796875, "dx": 0.26192745566368103, "dy": -0.23708222806453705, "refTime": "2025-02-19 10:00:00", "forecastTime": 0, "parameterNumber": 2, "parameterNumberName": "eastward_wind"}, "data":
[rows 38 to 56 of 198, columns 0 to 42 of 255]
-8.771675109863281,-9.50593090057373,-9.577970504760742,-10.017303466796875,-9.407418251037598,-9.037422180175781,-9.074409484863281,-8.704689979553223,-8.763188362121582,-8.581096649169922,-8.743330001831055,-9.010283470153809,-9.419342041015625,-9.958580017089844,-11.10744857788086,-12.882396697998047,-14.596376419067383,-14.26663589477539,-10.470906257629395,-9.013999938964844,-11.091817855834961,-10.753646850585938,-10.61801528930664,-10.81125259399414,-10.60563850402832,-10.787948608398438,-10.63695240020752,-10.369009971618652,-9.668331146240234,-8.881153106689453,-8.457022666931152,-8.49036979675293,-8.701919555664062,-8.940722465515137,-9.255023002624512,-9.311935424804688,-9.16069221496582,-9.207976341247559,-9.345107078552246,-9.225067138671875,-8.793173789978027,-8.455196380615234,-8.195547103881836
-8.709627151489258,-9.053085327148438,-9.205170631408691,-9.882403373718262,-9.372634887695312,-8.888090133666992,-8.907365798950195,-8.800345420837402,-8.898505210876465,-8.658663749694824,-8.765388488769531,-9.044275283813477,-9.343610763549805,-9.58234977722168,-10.245284080505371,-11.921810150146484,-14.008551597595215,-15.120909690856934,-12.94481372833252,-9.14929485321045,-10.354667663574219,-11.419869422912598,-10.452614784240723,-10.791179656982422,-10.613859176635742,-10.397866249084473,-10.24603271484375,-10.014033317565918,-9.67166805267334,-9.15967082977295,-8.667989730834961,-8.597049713134766,-9.081584930419922,-9.179278373718262,-9.02834701538086,-9.049821853637695,-9.496506690979004,-9.754338264465332,-9.663824081420898,-9.410079956054688,-9.091611862182617,-8.78402042388916,-8.55190372467041
-8.126112937927246,-8.227743148803711,-8.452624320983887,-9.25510311126709,-8.694323539733887,-8.095063209533691,-8.1927490234375,-8.386884689331055,-8.846514701843262,-8.67296314239502,-8.71967601776123,-8.875092506408691,-9.040534973144531,-9.1738920211792,-9.635732650756836,-10.548506736755371,-12.06360912322998,-13.624785423278809,-13.622218132019043,-10.449629783630371,-9.236376762390137,-11.488922119140625,-10.936409950256348,-10.544109344482422,-10.530120849609375,-9.848674774169922,-9.549968719482422,-9.330672264099121,-9.286341667175293,-9.083257675170898,-8.728501319885254,-8.708797454833984,-9.155220985412598,-9.272369384765625,-9.097382545471191,-9.413418769836426,-9.85283374786377,-9.924699783325195,-9.823233604431152,-9.602058410644531,-9.254687309265137,-8.872549057006836,-8.640763282775879
-7.296707630157471,-7.288871765136719,-7.4080915451049805,-8.17396068572998,-7.563778877258301,-7.095271110534668,-7.335060119628906,-7.483664035797119,-8.214221954345703,-8.420364379882812,-8.489822387695312,-8.392008781433105,-8.490370750427246,-8.605549812316895,-8.972134590148926,-10.076949119567871,-11.527302742004395,-13.114203453063965,-14.229385375976562,-12.6376953125,-9.656331062316895,-10.75638484954834,-11.457260131835938,-10.283666610717773,-10.218164443969727,-9.619606971740723,-9.044836044311523,-8.919098854064941,-8.899303436279297,-8.725966453552246,-8.561885833740234,-8.83299446105957,-9.670502662658691,-9.57724666595459,-9.295774459838867,-9.648874282836914,-10.109206199645996,-10.226156234741211,-10.100676536560059,-9.76868724822998,-9.429430961608887,-9.062368392944336,-8.681026458740234
-6.5396728515625,-6.3613505363464355,-6.325713157653809,-7.027968406677246,-6.637619495391846,-6.557644844055176,-6.9805216789245605,-7.016543865203857,-7.696170330047607,-8.191743850708008,-8.420699119567871,-8.160201072692871,-8.11658763885498,-8.190956115722656,-8.535672187805176,-9.541938781738281,-10.856595993041992,-12.337146759033203,-14.146265029907227,-14.804474830627441,-12.046985626220703,-10.114296913146973,-10.918734550476074,-10.350045204162598,-9.807438850402832,-9.697115898132324,-8.95895004272461,-8.689386367797852,-8.84512710571289,-8.65368938446045,-8.58389949798584,-8.832386016845703,-9.467253684997559,-9.657958984375,-9.391797065734863,-9.72714900970459,-10.283647537231445,-10.370950698852539,-10.215100288391113,-9.959870338439941,-9.693617820739746,-9.298212051391602,-8.731493949890137
-6.0795979499816895,-5.769896984100342,-5.6094584465026855,-6.153451919555664,-6.09307861328125,-6.460063457489014,-6.889934539794922,-7.04405403137207,-7.663297176361084,-8.084003448486328,-8.548195838928223,-8.665675163269043,-8.723804473876953,-8.55012321472168,-8.23682689666748,-8.802384376525879,-9.811918258666992,-11.217548370361328,-13.617581367492676,-15.35049057006836,-14.207867622375488,-10.246991157531738,-9.185393333435059,-10.067237854003906,-9.438081741333008,-9.40596866607666,-9.186887741088867,-8.846036911010742,-9.136592864990234,-8.95963191986084,-9.028624534606934,-9.12869930267334,-9.281277656555176,-9.87295150756836,-9.82073974609375,-9.791544914245605,-10.138822555541992,-10.201814651489258,-10.152621269226074,-10.052541732788086,-9.865220069885254,-9.567137718200684,-9.054281234741211
-6.397528648376465,-6.1585283279418945,-5.728332042694092,-5.861339092254639,-5.75999641418457,-6.517205715179443,-6.986787796020508,-7.169517517089844,-7.989414691925049,-8.23008918762207,-8.64745807647705,-9.00679874420166,-9.068082809448242,-8.67537784576416,-8.08115291595459,-7.989369869232178,-8.485840797424316,-9.457701683044434,-11.291618347167969,-12.75583553314209,-14.012737274169922,-12.213139533996582,-7.987949848175049,-8.848653793334961,-9.43736457824707,-8.592122077941895,-9.008187294006348,-8.785730361938477,-9.022377014160156,-9.043435096740723,-8.877043724060059,-9.007152557373047,-9.232498168945312,-9.447699546813965,-9.58750057220459,-9.590780258178711,-9.759323120117188,-9.94035530090332,-10.026017189025879,-10.034704208374023,-9.99262809753418,-10.010917663574219,-9.719311714172363
-6.5884785652160645,-6.3675947189331055,-5.807578086853027,-5.832881927490234,-5.829329967498779,-6.762147426605225,-7.340155124664307,-7.2775397300720215,-7.85136079788208,-8.050484657287598,-8.402313232421875,-8.862269401550293,-9.110833168029785,-8.528070449829102,-8.146318435668945,-8.055988311767578,-8.067529678344727,-8.814628601074219,-9.838445663452148,-11.401554107666016,-12.761418342590332,-12.570049285888672,-9.090570449829102,-7.59338903427124,-9.2615327835083,-8.18617057800293,-8.555769920349121,-8.963085174560547,-8.822151184082031,-8.87884521484375,-8.44253158569336,-8.653759002685547,-9.032767295837402,-9.223359107971191,-9.189360618591309,-9.283136367797852,-9.456201553344727,-9.707741737365723,-9.922218322753906,-10.016575813293457,-9.992009162902832,-9.920695304870605,-9.799786567687988
-5.886622905731201,-5.301233291625977,-4.877712726593018,-5.7273969650268555,-6.01802921295166,-6.61825704574585,-7.210789203643799,-6.834599494934082,-6.720560073852539,-7.0488996505737305,-7.255064010620117,-7.645167350769043,-8.279162406921387,-7.8776469230651855,-7.5585174560546875,-8.17661190032959,-9.578058242797852,-9.893310546875,-9.753775596618652,-10.879228591918945,-12.151976585388184,-13.072760581970215,-11.85295581817627,-7.746237754821777,-8.56258487701416,-8.881307601928711,-7.917403221130371,-8.654958724975586,-8.351242065429688,-8.170828819274902,-8.07786750793457,-8.56500244140625,-8.971508979797363,-9.032278060913086,-8.772090911865234,-8.706316947937012,-8.973164558410645,-9.394913673400879,-9.721613883972168,-9.875682830810547,-9.84977912902832,-9.716862678527832,-9.496430397033691
-4.965497016906738,-4.485836982727051,-4.4251017570495605,-5.567164897918701,-5.697251319885254,-5.543807029724121,-5.971399307250977,-5.805196285247803,-4.9605913162231445,-5.024390697479248,-5.661222457885742,-6.344391822814941,-8.03973388671875,-8.342134475708008,-7.732471466064453,-8.661160469055176,-10.490263938903809,-10.69212818145752,-10.031465530395508,-9.955803871154785,-11.172574996948242,-12.092376708984375,-11.841933250427246,-8.688761711120605,-7.14493465423584,-8.400260925292969,-7.67899751663208,-7.900193214416504,-7.844518661499023,-7.430648326873779,-7.7126264572143555,-8.327634811401367,-8.834973335266113,-8.711726188659668,-8.399957656860352,-8.44340991973877,-8.830552101135254,-9.285944938659668,-9.58283519744873,-9.712372779846191,-9.609787940979004,-9.264274597167969,-8.791717529296875
-4.425734043121338,-4.729680061340332,-5.069282531738281,-5.479939937591553,-4.778512001037598,-3.867820978164673,-3.992358446121216,-4.259967803955078,-4.265871047973633,-4.146557807922363,-4.413834571838379,-5.018375396728516,-6.287272930145264,-7.0690999031066895,-8.005491256713867,-9.532575607299805,-10.588348388671875,-10.34656047821045,-9.778663635253906,-9.706524848937988,-10.478182792663574,-11.586609840393066,-12.448416709899902,-10.5536470413208,-5.5384745597839355,-6.448052883148193,-7.851169109344482,-7.273466110229492,-7.522246360778809,-7.021954536437988,-7.483175754547119,-8.171893119812012,-8.777908325195312,-8.36385726928711,-8.162215232849121,-8.431426048278809,-8.8620023727417,-9.165018081665039,-9.258338928222656,-9.238836288452148,-8.977815628051758,-8.595078468322754,-8.361335754394531
-3.390076160430908,-4.378835201263428,-4.551702499389648,-3.362842082977295,-2.879042387008667,-2.3643088340759277,-2.056600570678711,-2.9351701736450195,-3.3077874183654785,-3.534257173538208,-3.9725210666656494,-4.557770729064941,-5.455953598022461,-6.368834018707275,-7.829070091247559,-9.109123229980469,-9.699692726135254,-9.989757537841797,-9.567495346069336,-9.49600887298584,-9.886536598205566,-10.705644607543945,-11.616241455078125,-10.4277925491333,-5.279621601104736,-5.221816062927246,-7.320926666259766,-6.728177070617676,-7.1659746170043945,-6.623219013214111,-7.140913009643555,-7.832400321960449,-8.460206985473633,-8.056537628173828,-8.051179885864258,-8.448901176452637,-8.739441871643066,-8.727852821350098,-8.648719787597656,-8.573334693908691,-8.342483520507812,-8.373773574829102,-8.415711402893066
-0.37374088168144226,-0.7844067811965942,-1.446255087852478,-1.8048549890518188,-1.4171160459518433,-0.6653031706809998,-0.885586678981781,-0.43888792395591736,-0.5629711151123047,-1.0892107486724854,-3.2329063415527344,-5.17561674118042,-5.3991498947143555,-6.075518608093262,-7.5895256996154785,-8.96265983581543,-9.266674995422363,-9.791699409484863,-9.745105743408203,-9.488938331604004,-9.429733276367188,-10.31013298034668,-11.078973770141602,-9.788352966308594,-5.482840538024902,-5.777337551116943,-6.955388069152832,-6.171239852905273,-6.682501792907715,-6.15105676651001,-6.536062240600586,-7.125739574432373,-7.826911926269531,-7.766135215759277,-7.8991522789001465,-8.224373817443848,-8.468944549560547,-8.391139030456543,-8.25302791595459,-8.273946762084961,-8.448925971984863,-8.543173789978027,-8.115630149841309
2.283689022064209,3.224123477935791,1.6278266906738281,-2.505817413330078,-0.8940773010253906,0.9375048279762268,-0.5678778886795044,1.8028587102890015,4.830666542053223,3.409339666366577,-3.3297574520111084,-5.570448875427246,-4.946771144866943,-6.359952926635742,-8.015978813171387,-8.87205982208252,-9.427449226379395,-9.463517189025879,-9.308924674987793,-9.39659309387207,-9.469512939453125,-10.203779220581055,-11.305401802062988,-10.278958320617676,-7.047141075134277,-6.391472816467285,-7.289686679840088,-6.214058876037598,-6.148382663726807,-6.064977645874023,-6.277824401855469,-6.525990962982178,-7.02573299407959,-7.385538578033447,-7.38815975189209,-7.581048965454102,-8.387603759765625,-9.012768745422363,-8.793317794799805,-8.207025527954102,-7.953519344329834,-7.823605060577393,-7.549149990081787
-0.5865869522094727,1.7844611406326294,1.987423062324524,0.3623577356338501,1.3130168914794922,-0.6521124839782715,-2.932105541229248,0.6798350214958191,5.247254371643066,5.316025257110596,-3.0708560943603516,-5.79253625869751,-5.406798839569092,-7.190309047698975,-8.128849983215332,-8.857897758483887,-9.093069076538086,-9.443251609802246,-9.654858589172363,-10.026394844055176,-10.335865020751953,-10.869845390319824,-11.382927894592285,-11.485147476196289,-9.8258695602417,-6.536360263824463,-6.951676368713379,-6.5766119956970215,-5.570570468902588,-6.216870307922363,-6.052903652191162,-6.439932823181152,-7.261756420135498,-7.6490654945373535,-7.029332637786865,-7.082763671875,-8.503427505493164,-9.530988693237305,-8.738072395324707,-7.576306343078613,-7.326107025146484,-7.156953811645508,-7.006511688232422
-5.885502815246582,-3.6486194133758545,-1.146558403968811,-2.075773000717163,-3.3560945987701416,-3.7163310050964355,-4.132148742675781,-3.572845458984375,-0.804458498954773,0.5722626447677612,-2.5485012531280518,-4.661079406738281,-4.9070000648498535,-6.355397701263428,-7.606253147125244,-7.754925727844238,-7.723521709442139,-6.977430820465088,-7.103978633880615,-9.153803825378418,-11.512337684631348,-11.520883560180664,-10.54468822479248,-10.87636947631836,-10.128792762756348,-6.5861592292785645,-5.9180684089660645,-6.599350929260254,-5.260809898376465,-6.262127876281738,-6.189734935760498,-6.558093070983887,-7.709812164306641,-8.177687644958496,-7.543337345123291,-7.46652889251709,-8.14840030670166,-8.655028343200684,-8.115641593933105,-7.248354911804199,-7.13338565826416,-7.033617973327637,-6.743006706237793
-8.272737503051758,-7.692276954650879,-7.664616584777832,-10.604122161865234,-10.133719444274902,-7.450664043426514,-7.235923767089844,-7.45932674407959,-5.942990779876709,-4.0533905029296875,-3.9570577144622803,-3.710249185562134,-3.232757568359375,-3.4996445178985596,-5.2564697265625,-6.182281970977783,-5.155719757080078,-1.851027488708496,0.7528457045555115,-4.517138481140137,-10.312689781188965,-10.789471626281738,-10.496614456176758,-10.836125373840332,-10.747029304504395,-6.159930229187012,-5.500660419464111,-6.1719584465026855,-5.323570251464844,-6.216792583465576,-6.534897804260254,-7.09212589263916,-7.5542449951171875,-7.7934465408325195,-7.57444429397583,-7.467039108276367,-7.419458389282227,-7.447751522064209,-7.497251987457275,-7.2623114585876465,-6.800595760345459,-6.747303485870361,-6.899967670440674
-9.695206642150879,-9.861039161682129,-9.815232276916504,-9.700274467468262,-9.625741958618164,-9.74445915222168,-9.07144546508789,-8.45341682434082,-8.100120544433594,-6.267354488372803,-5.708054065704346,-5.078925132751465,-3.0152640342712402,-1.9100357294082642,-1.8225200176239014,-2.2046236991882324,-2.090533971786499,0.922229528427124,3.880225419998169,-4.194149971008301,-10.823596954345703,-9.746810913085938,-10.220802307128906,-11.342235565185547,-10.165181159973145,-4.29744815826416,-3.705106496810913,-5.989548206329346,-5.702975273132324,-6.128453731536865,-6.344649791717529,-7.103828430175781,-6.7948102951049805,-6.87319803237915,-7.11298131942749,-7.306971073150635,-7.372136116027832,-7.581214427947998,-7.495889186859131,-7.089191436767578,-6.508984088897705,-6.3495774269104,-6.533314228057861
-10.23766040802002,-10.671624183654785,-10.914078712463379,-11.398402214050293,-10.686177253723145,-10.409602165222168,-9.945480346679688,-8.852712631225586,-8.806153297424316,-8.856833457946777,-7.756648540496826,-7.053718566894531,-6.609431743621826,-4.4930195808410645,-2.015254020690918,-0.2698037624359131,-1.586896300315857,-1.9777483940124512,-2.0530688762664795,-5.110554218292236,-5.817531108856201,-2.978787899017334,-6.130934238433838,-10.490523338317871,-8.80881404876709,-3.081707239151001,-2.105034828186035,-4.859856605529785,-4.666945934295654,-5.652838230133057,-6.3481974601745605,-6.87795352935791,-6.427924156188965,-6.237175941467285,-6.474009990692139,-7.117995738983154,-7.660722255706787,-7.634364604949951,-7.073473930358887,-6.437885284423828,-6.096060752868652,-5.971645355224609,-6.314831256866455
