data/wind_data/wind_68_5.json
{"header": {"parameterUnit": "KT", "parameterCategory": 2, "nx": 256, "ny": 198, "lo1": 44.73521041870117, "la1": -3.236724853515625, "lo2": 111.26478576660156, "la2": 43.468475341796875, "dx": 0.2609002888202667, "dy": -0.23708222806453705, "refTime": "2025-02-21 20:00:00", "forecastTime": 0, "parameterNumber": 2, "parameterNumberName": "eastward_wind"}, "data":
[rows 114 to 132 of 198, columns 88 to 131 of 256]
50.30339050292969,49.53187561035156,48.03425979614258,46.06195068359375,43.71528244018555,41.91012954711914,41.46010971069336,41.853759765625,42.008419036865234,41.50077438354492,40.57342529296875,39.81757354736328,39.65168762207031,39.82126235961914,39.9646110534668,40.21577453613281,40.55038833618164,40.69243621826172,40.5963249206543,40.44174575805664,40.55485153198242,40.729713439941406,40.70396423339844,40.857425689697266,41.006534576416016,40.771278381347656,40.30717086791992,39.575904846191406,38.079986572265625,36.21812438964844,34.877872467041016,34.109642028808594,33.282936096191406,31.937280654907227,30.701997756958008,29.95301055908203,29.71687889099121,29.85707664489746,29.525251388549805,28.391788482666016,27.187950134277344,26.324159622192383,25.82461166381836,25.76894760131836
46.015098571777344,45.635799407958984,44.83854675292969,43.754356384277344,42.36802673339844,41.03312683105469,40.24966049194336,39.96875762939453,39.98887634277344,40.11753463745117,40.271995544433594,40.638370513916016,41.252708435058594,41.80302810668945,42.102561950683594,42.30238723754883,42.41829299926758,42.19679260253906,41.742950439453125,41.27699279785156,40.93758010864258,40.76179504394531,40.608154296875,40.45854187011719,40.28606033325195,39.942626953125,39.57260513305664,39.342918395996094,38.889060974121094,37.8057975769043,36.383296966552734,35.115760803222656,34.059574127197266,32.69362258911133,31.04892349243164,29.994001388549805,30.023426055908203,30.570585250854492,30.59812355041504,29.79647445678711,28.538240432739258,27.15193748474121,25.91355323791504,25.101242065429688
42.18751525878906,42.11592483520508,41.85494613647461,41.33134460449219,40.41416549682617,39.31986999511719,38.57107925415039,38.447547912597656,38.991695404052734,39.878204345703125,40.721771240234375,41.465354919433594,42.19749450683594,42.83365249633789,43.33977508544922,43.778099060058594,44.07699966430664,44.05961608886719,43.53744125366211,42.590545654296875,41.67335891723633,41.155155181884766,40.9852180480957,40.748661041259766,40.151065826416016,39.404502868652344,38.902130126953125,38.99496841430664,39.42560958862305,38.98207092285156,37.21674728393555,35.2140998840332,33.76835632324219,32.37226104736328,30.791746139526367,30.054433822631836,30.499948501586914,31.00701904296875,30.710731506347656,29.982433319091797,29.139528274536133,27.825992584228516,26.063756942749023,24.454030990600586
39.67104721069336,39.299049377441406,39.034706115722656,38.660255432128906,37.84038162231445,36.86577224731445,36.460201263427734,36.84768295288086,37.67732620239258,38.60761260986328,39.554996490478516,40.641319274902344,41.9209098815918,43.1741943359375,44.11997985839844,44.62517166137695,44.76429748535156,44.78439712524414,44.54164505004883,43.77870559692383,42.750972747802734,41.98135757446289,41.64006423950195,41.26852035522461,40.37638473510742,39.20774459838867,38.276817321777344,38.24101638793945,38.86821365356445,38.49610900878906,36.3456916809082,33.78955078125,32.302921295166016,31.310863494873047,30.183597564697266,29.798992156982422,30.47649383544922,30.8287296295166,29.96100616455078,28.860233306884766,28.28350830078125,27.418046951293945,25.636316299438477,23.544315338134766
37.58251190185547,37.112548828125,36.764930725097656,36.44437026977539,35.881717681884766,35.312198638916016,35.132659912109375,35.422569274902344,36.04947280883789,36.83863830566406,37.86317825317383,39.31371307373047,41.022613525390625,42.497745513916016,43.40607452392578,43.810997009277344,44.01328659057617,44.349334716796875,44.7035026550293,44.56904983520508,43.828697204589844,42.96529769897461,42.343685150146484,41.72918701171875,40.606807708740234,38.92815399169922,37.322654724121094,36.81639862060547,37.24470901489258,36.83879470825195,34.513607025146484,31.754066467285156,30.54111099243164,30.121341705322266,29.344202041625977,28.899335861206055,29.286211013793945,29.51888084411621,28.60410499572754,27.140117645263672,26.178409576416016,25.321212768554688,23.924345016479492,22.313928604125977
35.88928985595703,35.48210144042969,35.25337600708008,34.89499282836914,34.19657516479492,33.59156036376953,33.35158157348633,33.44906234741211,33.808746337890625,34.496307373046875,35.676883697509766,37.302093505859375,39.00209045410156,40.26973342895508,40.97351837158203,41.39821243286133,41.76654815673828,42.22355651855469,42.836029052734375,43.33382797241211,43.30750274658203,42.81689453125,42.25986099243164,41.64246368408203,40.32893753051758,38.11457061767578,36.04681396484375,35.38097381591797,35.716392517089844,35.09231185913086,32.53749084472656,29.892438888549805,29.042821884155273,28.90765380859375,28.340843200683594,27.762210845947266,27.38286018371582,26.947938919067383,26.2015323638916,24.85423469543457,23.400455474853516,22.50821304321289,21.895339965820312,21.23258399963379
34.41600036621094,33.94280242919922,33.304866790771484,32.25281524658203,31.287372589111328,30.967187881469727,31.10112190246582,31.248104095458984,31.369436264038086,31.88097381591797,32.91167068481445,34.18141174316406,35.32366180419922,36.09232711791992,36.63682556152344,37.19478225708008,37.63837432861328,38.037044525146484,38.70573425292969,39.5869140625,40.24736404418945,40.50338363647461,40.4765625,40.03173828125,38.73234176635742,36.82606506347656,35.33485794067383,34.79231262207031,34.603816986083984,33.25725555419922,30.579364776611328,28.448625564575195,28.00489044189453,27.991605758666992,27.43178939819336,26.607460021972656,25.373477935791016,24.092971801757812,23.30805206298828,22.397602081298828,21.424612045288086,21.302427291870117,21.22593116760254,20.613971710205078
32.84557342529297,31.94600486755371,30.52859878540039,29.064449310302734,28.32811164855957,28.502445220947266,29.06315803527832,29.32442283630371,29.471912384033203,30.05837059020996,30.995452880859375,31.845029830932617,32.43339920043945,32.79042434692383,33.1537971496582,33.67376708984375,34.194725036621094,34.84206008911133,35.716304779052734,36.59186935424805,37.29087448120117,37.72647476196289,37.71748733520508,37.19343185424805,36.5443115234375,36.193660736083984,35.87816619873047,35.110130310058594,33.930259704589844,31.78470230102539,29.138147354125977,27.628414154052734,27.396711349487305,27.366453170776367,26.911117553710938,26.105533599853516,24.89912986755371,23.804048538208008,23.490402221679688,23.0731143951416,22.414304733276367,21.98052978515625,21.255699157714844,20.95753288269043
30.63134002685547,29.095884323120117,27.0490665435791,25.650470733642578,25.8382511138916,27.038625717163086,28.23581886291504,28.944894790649414,29.74355697631836,30.881364822387695,31.890981674194336,32.368526458740234,32.55370330810547,32.4664421081543,32.39516830444336,32.852291107177734,33.79676818847656,34.88935470581055,35.61600875854492,35.74433517456055,35.63134765625,35.559364318847656,35.47700500488281,35.39694595336914,35.861976623535156,36.759090423583984,36.87466812133789,35.49697494506836,33.4130744934082,30.75566864013672,28.104829788208008,27.09414291381836,27.164718627929688,27.283945083618164,27.949541091918945,28.402204513549805,27.105390548706055,25.06195831298828,24.245441436767578,24.628469467163086,24.886531829833984,23.914974212646484,22.456708908081055,22.257844924926758
29.1094913482666,26.966915130615234,25.418006896972656,25.23993682861328,26.499534606933594,28.328140258789062,29.911766052246094,30.996437072753906,31.95238494873047,32.8514518737793,33.424556732177734,33.43811798095703,33.06821060180664,31.912866592407227,31.244260787963867,32.12282943725586,33.520870208740234,34.674095153808594,35.142486572265625,34.811561584472656,34.168052673339844,33.996822357177734,34.66325378417969,35.64738082885742,36.57359313964844,37.41209411621094,37.407169342041016,35.47636032104492,32.395145416259766,29.229347229003906,26.67455291748047,26.114360809326172,26.64236831665039,27.132291793823242,28.139684677124023,28.791309356689453,27.605791091918945,25.612321853637695,24.71409034729004,24.97159194946289,25.243488311767578,24.729820251464844,24.073413848876953,24.429752349853516
29.608701705932617,28.071788787841797,27.264257431030273,27.7850341796875,29.34132957458496,31.335655212402344,33.034122467041016,33.67970275878906,33.3746452331543,32.718666076660156,32.04286193847656,31.15044403076172,29.721263885498047,27.84629249572754,27.85148048400879,29.821062088012695,31.146831512451172,31.837873458862305,32.53364944458008,32.90752029418945,32.580772399902344,32.35439682006836,33.27964401245117,34.7051887512207,35.82291030883789,37.01449966430664,37.54994201660156,35.041114807128906,30.310945510864258,26.535890579223633,24.68207550048828,24.73149299621582,25.68282127380371,26.612091064453125,27.160552978515625,26.841352462768555,25.526763916015625,24.22767448425293,23.997268676757812,24.438196182250977,24.952695846557617,25.295515060424805,25.657764434814453,26.371810913085938
30.380077362060547,30.094017028808594,29.744186401367188,30.132076263427734,31.392471313476562,33.195186614990234,34.49078369140625,34.32883834838867,32.7336540222168,30.334346771240234,28.177047729492188,26.341381072998047,25.06297492980957,24.96000862121582,26.820310592651367,28.604839324951172,28.57343864440918,28.38692855834961,28.948856353759766,29.86212730407715,30.143815994262695,29.943180084228516,30.323850631713867,31.71026611328125,33.6024284362793,35.3050651550293,35.62845993041992,32.667720794677734,28.275941848754883,25.43172836303711,24.139324188232422,24.024492263793945,24.81356430053711,25.659990310668945,25.587400436401367,24.53215217590332,23.393264770507812,23.059032440185547,23.466386795043945,24.18824577331543,25.087814331054688,25.81476402282715,26.348487854003906,26.937458038330078
30.11724853515625,29.441987991333008,29.286893844604492,30.302793502807617,31.525720596313477,32.32889175415039,32.38443374633789,31.979551315307617,30.611061096191406,28.295318603515625,27.011350631713867,26.64697265625,26.57379913330078,27.414936065673828,29.175708770751953,29.767181396484375,28.363731384277344,26.976009368896484,26.189573287963867,26.637542724609375,27.51944351196289,27.756216049194336,27.881731033325195,28.775699615478516,30.2174015045166,30.977508544921875,30.350107192993164,28.240259170532227,25.45476531982422,23.12887191772461,21.883684158325195,22.18041229248047,23.453397750854492,24.494308471679688,24.353885650634766,23.489538192749023,23.752805709838867,24.824493408203125,25.486608505249023,25.59303092956543,25.612579345703125,25.786354064941406,26.355344772338867,27.560985565185547
30.979347229003906,29.65105438232422,29.12234878540039,30.163284301757812,31.4401798248291,31.72971534729004,30.862794876098633,30.4074649810791,30.387500762939453,31.039644241333008,32.619205474853516,33.83732986450195,33.68220138549805,33.103057861328125,33.42219543457031,33.09050369262695,30.542314529418945,27.652706146240234,25.52960205078125,24.809362411499023,25.60369300842285,26.59478187561035,26.54289436340332,26.1115665435791,25.762989044189453,24.434951782226562,22.38678741455078,21.549983978271484,21.2108154296875,20.353132247924805,20.100595474243164,21.138948440551758,22.491920471191406,23.950605392456055,24.054555892944336,22.83091163635254,22.86871337890625,23.837617874145508,24.504880905151367,24.880491256713867,25.085803985595703,25.542221069335938,26.80340003967285,28.555757522583008
35.095638275146484,33.94649887084961,33.25613784790039,33.45962142944336,34.2330322265625,34.86494064331055,35.244903564453125,36.04681396484375,37.587764739990234,39.31657028198242,40.08320999145508,39.835060119628906,38.72970962524414,36.922855377197266,36.07002639770508,35.499507904052734,33.11244583129883,30.161890029907227,27.58709144592285,24.674057006835938,23.586776733398438,24.632423400878906,24.12915802001953,21.564109802246094,19.144121170043945,17.46723175048828,16.470651626586914,16.4891357421875,17.86862564086914,18.69686508178711,19.06395149230957,20.003192901611328,21.759994506835938,23.836200714111328,23.929452896118164,22.58807945251465,22.304439544677734,23.006370544433594,23.773300170898438,24.42329978942871,25.182222366333008,26.179845809936523,27.382036209106445,28.54037857055664
37.07860565185547,37.690467834472656,38.98707580566406,40.859397888183594,41.714637756347656,42.46773910522461,43.58469009399414,45.232608795166016,46.77217483520508,46.523651123046875,44.131248474121094,41.21408462524414,38.76470947265625,36.74517822265625,35.951515197753906,36.11977005004883,35.60276794433594,34.415489196777344,32.53950119018555,28.44396209716797,23.979429244995117,22.4012393951416,21.175142288208008,18.58228874206543,16.985506057739258,16.629261016845703,16.140687942504883,15.725076675415039,16.860124588012695,18.363441467285156,19.66510009765625,20.889501571655273,22.295379638671875,23.735498428344727,23.697824478149414,23.235431671142578,23.977754592895508,24.9199161529541,25.454265594482422,25.90305519104004,26.241878509521484,26.580041885375977,27.21609878540039,27.751203536987305
41.66712951660156,43.23430252075195,43.1684455871582,43.43976974487305,43.157962799072266,43.37572479248047,44.47182846069336,46.16758346557617,47.51866912841797,46.92021179199219,44.54618835449219,42.1801643371582,40.60805892944336,39.50053024291992,38.89277648925781,39.07696533203125,38.433677673339844,37.42727279663086,37.031734466552734,34.975345611572266,29.681900024414062,24.998916625976562,23.152198791503906,20.938234329223633,19.055395126342773,18.653839111328125,17.768503189086914,16.366928100585938,16.79061508178711,18.408477783203125,20.057939529418945,21.150365829467773,21.782642364501953,22.33139419555664,22.95734977722168,24.226131439208984,26.382568359375,27.60552406311035,27.60102081298828,27.004133224487305,26.3538875579834,26.42253875732422,26.90074348449707,27.399370193481445
40.57907485961914,41.19729995727539,40.70954513549805,40.949893951416016,41.49538803100586,42.14406967163086,42.966800689697266,44.27341079711914,45.69932174682617,46.224365234375,44.84886169433594,43.30097961425781,42.25840759277344,41.3502082824707,40.68775939941406,40.3228645324707,39.37187194824219,38.221988677978516,38.14094161987305,38.147830963134766,35.740421295166016,29.764122009277344,24.035303115844727,21.905038833618164,21.716846466064453,21.366300582885742,19.345609664916992,16.89443588256836,16.908550262451172,18.352590560913086,19.498435974121094,20.52950096130371,21.486427307128906,22.352840423583984,23.670900344848633,25.9229679107666,28.188989639282227,28.804471969604492,27.78477668762207,26.431121826171875,25.853883743286133,26.15134620666504,26.805648803710938,28.09467887878418
38.105186462402344,38.06196594238281,37.3313102722168,37.931209564208984,39.5516357421875,40.296180725097656,40.642982482910156,41.72994613647461,43.439884185791016,44.43769836425781,43.18061065673828,41.2889404296875,40.045738220214844,39.36233139038086,39.05854415893555,38.95576095581055,38.48100280761719,38.1682014465332,38.53412628173828,37.53153991699219,34.62419891357422,32.981990814208984,31.518892288208008,27.194541931152344,22.60552406311035,20.78354263305664,20.102685928344727,19.694456100463867,20.279361724853516,21.0777645111084,21.384052276611328,22.070573806762695,23.392393112182617,24.85405158996582,26.670127868652344,28.43062973022461,29.32898712158203,28.633739471435547,26.897790908813477,25.382938385009766,24.958513259887695,26.1647891998291,28.7642822265625,31.10922622680664
