data/wind_data/wind_70_5.json
{"header": {"parameterUnit": "KT", "parameterCategory": 2, "nx": 256, "ny": 198, "lo1": 44.73521041870117, "la1": -3.236724853515625, "lo2": 111.26478576660156, "la2": 43.468475341796875, "dx": 0.2609002888202667, "dy": -0.23708222806453705, "refTime": "2025-02-21 22:00:00", "forecastTime": 0, "parameterNumber": 2, "parameterNumberName": "eastward_wind"}, "data":
[rows 114 to 132 of 198, columns 176 to 219 of 256]
35.149024963378906,36.499107360839844,37.97331237792969,38.937557220458984,38.972164154052734,38.616249084472656,37.7750358581543,37.04512405395508,37.57404327392578,38.375511169433594,37.95577621459961,36.758182525634766,35.63475799560547,34.85704803466797,34.84872055053711,36.04545974731445,37.18061447143555,37.519142150878906,37.521202087402344,37.29206466674805,37.4854621887207,37.825782775878906,37.698551177978516,38.491947174072266,39.90341567993164,40.68050003051758,40.55098342895508,41.59400177001953,45.729774475097656,49.37632369995117,49.253116607666016,48.23661804199219,49.6551513671875,51.25022888183594,52.1982421875,52.6831169128418,50.34383773803711,48.52827453613281,49.86990737915039,52.228172302246094,51.82352066040039,48.35879135131836,48.35774230957031,52.139251708984375
37.137176513671875,38.316802978515625,39.575374603271484,40.315650939941406,40.145565032958984,39.47587203979492,38.58407974243164,38.19231033325195,38.856788635253906,39.355472564697266,38.421871185302734,37.04139709472656,35.70210647583008,34.61916732788086,33.818016052246094,33.57979965209961,33.54010772705078,34.676170349121094,37.04261779785156,37.551151275634766,37.19365692138672,37.19392776489258,37.28683853149414,38.19841766357422,39.57969665527344,40.554107666015625,41.326698303222656,42.384368896484375,45.459136962890625,49.712730407714844,51.088783264160156,49.603084564208984,49.87625503540039,51.66322708129883,53.84103012084961,54.33955001831055,50.65987014770508,49.25968933105469,51.63617706298828,53.72174072265625,51.90039825439453,48.426368713378906,49.2496223449707,52.650360107421875
39.58873748779297,40.736595153808594,41.592796325683594,41.87002944946289,41.618263244628906,41.06870651245117,40.357139587402344,39.930686950683594,39.83938217163086,38.960453033447266,36.676658630371094,35.10225296020508,34.4528694152832,33.96146011352539,33.10586166381836,31.88249397277832,31.079347610473633,32.444366455078125,36.102840423583984,37.931392669677734,37.18148422241211,36.51417922973633,36.510040283203125,37.0816535949707,37.91624450683594,38.61930847167969,40.018917083740234,42.2027473449707,45.35087585449219,49.407997131347656,51.557308197021484,50.3057975769043,49.96836471557617,51.846893310546875,54.62958908081055,55.07354736328125,51.143882751464844,50.01628112792969,52.88511276245117,54.00468063354492,51.64247131347656,49.28239440917969,50.55668640136719,52.97690200805664
42.18638610839844,43.389339447021484,44.01567840576172,44.002349853515625,43.63367462158203,43.15469741821289,42.336307525634766,40.822967529296875,38.874786376953125,36.29960632324219,33.585262298583984,32.12324523925781,31.966459274291992,32.140838623046875,32.42184066772461,32.72597122192383,32.656593322753906,33.20232009887695,35.6906623840332,37.55229187011719,37.633628845214844,36.476806640625,35.56575393676758,35.21417999267578,36.52571487426758,37.462196350097656,38.412811279296875,40.215057373046875,43.4393310546875,47.44051742553711,50.27149963378906,49.854190826416016,49.62299346923828,51.6932487487793,54.281070709228516,54.94784164428711,51.35020065307617,49.759132385253906,52.69163513183594,52.85341262817383,50.612571716308594,49.89663314819336,50.549896240234375,52.411338806152344
44.56745910644531,45.951419830322266,46.734283447265625,46.72320556640625,46.23472213745117,45.34383773803711,43.43463897705078,40.02202224731445,36.149757385253906,33.24135971069336,31.482728958129883,30.650598526000977,30.555387496948242,31.199573516845703,32.4208869934082,33.96698760986328,35.0477294921875,35.28508758544922,36.304378509521484,37.80542755126953,38.08462142944336,36.93210220336914,34.152427673339844,32.753719329833984,35.243255615234375,37.12020492553711,37.525917053222656,38.46795654296875,40.930381774902344,43.848548889160156,46.73908233642578,47.07345962524414,46.79600143432617,49.333778381347656,52.049903869628906,52.68852996826172,50.55162048339844,48.29656219482422,50.46711730957031,50.50724792480469,48.56904983520508,49.23068618774414,50.24404525756836,51.82023239135742
46.34053039550781,47.604454040527344,48.72404479980469,48.83481216430664,47.57392501831055,44.88427734375,41.07814407348633,36.336822509765625,31.987407684326172,29.90932846069336,29.579492568969727,30.133939743041992,30.732656478881836,31.511716842651367,32.934959411621094,34.53950119018555,35.51392364501953,35.96024703979492,36.38197708129883,37.215633392333984,38.086585998535156,36.803985595703125,35.44137191772461,34.82209777832031,36.74135208129883,37.13917541503906,36.24058151245117,36.816307067871094,39.01596450805664,41.206573486328125,44.07054138183594,44.9478645324707,44.45317840576172,46.57639694213867,48.58970260620117,49.24515914916992,48.18706130981445,44.69782257080078,46.30839538574219,48.1423454284668,44.743377685546875,45.87790298461914,48.82732009887695,50.52693557739258
45.351768493652344,45.47203063964844,45.47574234008789,45.221336364746094,43.22514724731445,37.805908203125,32.60737228393555,29.50872802734375,27.716506958007812,27.5377197265625,28.212886810302734,29.645889282226562,31.414478302001953,32.84563446044922,34.26514434814453,35.255767822265625,35.63847732543945,35.68805694580078,35.38252258300781,35.401824951171875,35.91913604736328,35.88948440551758,35.757835388183594,35.4968147277832,35.33800506591797,33.99420928955078,31.999616622924805,34.857215881347656,38.605403900146484,40.9847297668457,43.248619079589844,44.01692581176758,43.106014251708984,43.57964324951172,44.51664733886719,45.96671676635742,44.42887878417969,38.85222625732422,39.53828430175781,43.857601165771484,41.20882797241211,40.286895751953125,43.8095588684082,47.85132598876953
38.97392272949219,38.43747329711914,36.14365768432617,35.53314971923828,37.3740119934082,34.08724594116211,29.84705352783203,28.733922958374023,28.403799057006836,29.350086212158203,30.11985969543457,30.6555118560791,32.31745529174805,33.99980163574219,34.73713302612305,34.740543365478516,34.59401321411133,34.32435989379883,33.6893424987793,32.81821060180664,32.69789505004883,33.02116012573242,33.22582244873047,33.80080032348633,32.69727325439453,32.76072692871094,33.91680145263672,35.844146728515625,38.099491119384766,39.90997314453125,41.21613693237305,41.4687385559082,40.50815963745117,39.610130310058594,41.2377815246582,43.321250915527344,39.483436584472656,32.68653106689453,33.253700256347656,35.8166389465332,36.77162170410156,35.743228912353516,36.52001953125,41.84330368041992
35.16874313354492,32.36311721801758,28.63343048095703,28.149154663085938,31.329286575317383,35.600372314453125,31.046621322631836,31.662975311279297,32.56684494018555,32.67598342895508,33.31855010986328,33.590553283691406,33.181095123291016,33.49574279785156,33.85573196411133,34.1104621887207,34.15251922607422,33.74869918823242,32.8531608581543,32.145469665527344,32.17205810546875,31.95534896850586,32.5576171875,33.26774978637695,32.616416931152344,34.13825225830078,35.87302017211914,36.97284698486328,37.532554626464844,37.631874084472656,37.24060821533203,37.606292724609375,37.13407516479492,35.969993591308594,37.95477294921875,40.332664489746094,33.685874938964844,27.45307731628418,28.475025177001953,30.052654266357422,33.17195510864258,34.02278137207031,30.6898250579834,34.6894416809082
30.52341079711914,26.84937858581543,29.738300323486328,31.40427589416504,32.233680725097656,34.8090934753418,42.58428192138672,37.795570373535156,32.31196594238281,35.29905319213867,36.56876754760742,36.245452880859375,34.61452865600586,31.975006103515625,30.30791473388672,30.383596420288086,31.119552612304688,31.449077606201172,31.459758758544922,31.4743709564209,31.475961685180664,31.879045486450195,32.6207389831543,32.51725387573242,32.43040466308594,34.71215057373047,36.69385528564453,38.03078079223633,38.015865325927734,36.399845123291016,35.158935546875,35.33116912841797,33.96767044067383,31.571380615234375,33.529884338378906,36.99042510986328,31.2891845703125,28.37312126159668,31.157184600830078,32.444618225097656,34.44660949707031,35.00613021850586,30.715700149536133,33.9719352722168
35.999656677246094,32.36448669433594,36.340633392333984,36.12619400024414,35.79808044433594,36.89208984375,39.94675064086914,51.47041320800781,36.06450653076172,36.957454681396484,38.891117095947266,37.73390579223633,34.3590087890625,29.17715835571289,25.92229461669922,26.271146774291992,28.31853675842285,29.554075241088867,29.659908294677734,30.129226684570312,30.758949279785156,31.201950073242188,31.923280715942383,32.56142807006836,34.4456901550293,34.59545135498047,35.79778289794922,39.37936019897461,37.975284576416016,34.29530715942383,33.0389518737793,32.938865661621094,29.311328887939453,27.200063705444336,32.03953552246094,37.8777961730957,36.68097686767578,33.3967170715332,33.75178909301758,35.07994842529297,36.727867126464844,35.43486022949219,32.60060501098633,35.827518463134766
44.61308670043945,41.339107513427734,42.23074722290039,42.010032653808594,40.35955810546875,40.322505950927734,40.203346252441406,46.841331481933594,43.76401901245117,40.074947357177734,42.98090362548828,41.40913391113281,35.88321304321289,28.637834548950195,24.809785842895508,25.786962509155273,26.780664443969727,28.2884578704834,29.151199340820312,30.273649215698242,30.997285842895508,30.71017837524414,31.172740936279297,33.07782745361328,34.452552795410156,34.302947998046875,34.22666931152344,35.90715408325195,33.93043518066406,28.38008689880371,29.235506057739258,30.428539276123047,27.52132797241211,29.679990768432617,35.44887924194336,41.83251953125,43.1705207824707,39.53533172607422,37.76906967163086,38.4470100402832,38.95716094970703,35.88612747192383,33.09040832519531,35.57027053833008
45.310279846191406,45.47528076171875,45.36177444458008,43.92870330810547,42.847923278808594,43.28794479370117,43.468894958496094,45.37678146362305,47.37428665161133,42.91397476196289,44.425899505615234,43.483760833740234,38.75226974487305,30.026596069335938,26.1336727142334,29.176082611083984,29.474639892578125,28.261987686157227,28.88081932067871,30.956335067749023,32.407081604003906,32.86127853393555,32.552371978759766,33.035465240478516,33.89146423339844,32.98591613769531,31.648841857910156,33.177886962890625,26.530742645263672,20.847108840942383,27.586238861083984,31.287912368774414,30.379262924194336,33.92770004272461,39.087860107421875,45.19810104370117,47.8265495300293,44.24784469604492,41.32286834716797,39.99730682373047,40.269081115722656,35.98012161254883,30.51871109008789,31.912532806396484
48.49173355102539,48.70078659057617,48.340057373046875,47.33500671386719,48.314422607421875,49.857757568359375,50.29530334472656,49.33417892456055,49.36786651611328,48.166748046875,47.11079025268555,48.41257858276367,46.49935531616211,34.77819061279297,29.110586166381836,32.1633186340332,33.149383544921875,30.96401023864746,29.03673553466797,30.70662498474121,33.56001281738281,35.269981384277344,35.27304458618164,34.885009765625,33.354888916015625,30.766611099243164,31.468341827392578,33.06102752685547,23.4106502532959,21.483869552612305,29.122573852539062,33.36231994628906,33.12273406982422,35.80094528198242,39.8322639465332,45.399658203125,48.764801025390625,45.85364532470703,41.11903762817383,37.4665641784668,35.538726806640625,33.708221435546875,28.72214126586914,24.63195037841797
49.19263458251953,50.55195236206055,51.826988220214844,52.51148223876953,52.72694396972656,53.09214782714844,53.795127868652344,53.04678726196289,51.97590255737305,51.9933967590332,51.674354553222656,49.50322723388672,49.02162170410156,43.003746032714844,34.589813232421875,34.14944076538086,34.499515533447266,32.0914421081543,29.44622230529785,30.785781860351562,34.65867614746094,37.9079475402832,39.523311614990234,40.98746109008789,38.96940994262695,34.126216888427734,34.99894332885742,32.706504821777344,28.75658416748047,29.20289421081543,31.200237274169922,32.153316497802734,33.25645446777344,35.902862548828125,39.478858947753906,43.12293243408203,44.944705963134766,42.437931060791016,36.1942253112793,31.504783630371094,30.094036102294922,30.714157104492188,28.661151885986328,18.008113861083984
47.71261978149414,48.09605026245117,49.54574966430664,50.278114318847656,49.75053787231445,50.15630340576172,51.85797882080078,52.7012939453125,52.918949127197266,52.68244934082031,50.794830322265625,46.2340202331543,41.663230895996094,39.16825485229492,33.87102508544922,33.538047790527344,34.80827331542969,33.099464416503906,31.86939239501953,32.510223388671875,35.902076721191406,39.93268585205078,43.48090744018555,47.71133804321289,45.035011291503906,38.67393112182617,36.41149139404297,34.171504974365234,33.99785232543945,35.6014289855957,30.720169067382812,28.609731674194336,31.40482521057129,33.4874267578125,36.12443542480469,38.74772262573242,39.961158752441406,38.003623962402344,31.669557571411133,28.03742790222168,28.927160263061523,33.894004821777344,30.153751373291016,21.899444580078125
46.927059173583984,44.968971252441406,45.79740905761719,48.59355926513672,50.71016311645508,51.28831481933594,50.975929260253906,50.670352935791016,50.786224365234375,49.5246467590332,46.77214813232422,42.13919448852539,35.410762786865234,30.766464233398438,31.76732635498047,35.65031051635742,35.3952522277832,34.49506759643555,34.40268325805664,35.1015510559082,35.81203079223633,38.79190444946289,43.83124923706055,50.255271911621094,46.81841278076172,35.97700119018555,35.150508880615234,34.66350173950195,37.7879638671875,35.039756774902344,27.854228973388672,27.6651554107666,30.317588806152344,31.339418411254883,32.16655731201172,34.22560119628906,35.61418151855469,34.5240364074707,29.915098190307617,27.435340881347656,29.91180992126465,37.269798278808594,36.162384033203125,25.761926651000977
48.238162994384766,44.82339859008789,44.25953674316406,46.17727279663086,47.8692626953125,48.44365692138672,48.30144500732422,47.87138748168945,47.0638542175293,43.546791076660156,39.930904388427734,37.93208312988281,33.034324645996094,32.50425720214844,33.67794418334961,34.6345329284668,33.53129577636719,36.57794952392578,38.9661865234375,39.300655364990234,38.08042526245117,38.472511291503906,42.12712860107422,48.60875701904297,42.416141510009766,37.53369903564453,39.37358856201172,42.45285415649414,39.53683090209961,32.686004638671875,28.86761474609375,29.574970245361328,31.05585479736328,30.97702407836914,29.35472297668457,29.64675521850586,29.381025314331055,29.13175392150879,28.58677864074707,27.525588989257812,30.586767196655273,37.93305587768555,40.10504150390625,25.643199920654297
47.33204650878906,44.679752349853516,40.84884262084961,39.38043975830078,39.34070587158203,40.638729095458984,42.30746078491211,42.15828323364258,39.92841339111328,38.48630142211914,35.75279998779297,34.3387451171875,34.081565856933594,34.160701751708984,32.89025115966797,31.875402450561523,34.30391311645508,36.8730583190918,39.483375549316406,41.74897766113281,40.17062759399414,39.62471008300781,42.077613830566406,44.94609451293945,40.72687911987305,40.759307861328125,43.90290451049805,42.99113464355469,36.350921630859375,32.514469146728516,30.995513916015625,30.323257446289062,31.083337783813477,31.4964542388916,30.149686813354492,28.083332061767578,26.258377075195312,26.67732048034668,25.97316551208496,25.167312622070312,29.302528381347656,36.22932815551758,38.856746673583984,25.63311004638672
