data/wind_data/wind_16_5.json
{"header": {"parameterUnit": "KT", "parameterCategory": 2, "nx": 256, "ny": 198, "lo1": 44.73521041870117, "la1": -3.236724853515625, "lo2": 111.26478576660156, "la2": 43.468475341796875, "dx": 0.2609002888202667, "dy": -0.23708222806453705, "refTime": "2025-02-19 16:00:00", "forecastTime": 0, "parameterNumber": 2, "parameterNumberName": "eastward_wind"}, "data":
[rows 76 to 94 of 198, columns 0 to 43 of 256]
21.11701202392578,21.09589385986328,20.330102920532227,19.770309448242188,20.05558967590332,18.963342666625977,17.652647018432617,17.05451011657715,17.13322639465332,17.598905563354492,17.856796264648438,18.011215209960938,18.570049285888672,19.322446823120117,19.67129898071289,19.062728881835938,19.05598258972168,18.283903121948242,16.802860260009766,16.509592056274414,17.14507484436035,16.36572265625,15.593362808227539,14.589632987976074,13.872154235839844,13.476422309875488,13.023253440856934,12.716682434082031,12.146871566772461,11.609513282775879,11.515012741088867,11.459090232849121,11.174466133117676,10.699827194213867,10.356027603149414,10.45705509185791,10.550651550292969,10.464841842651367,10.205598831176758,9.880416870117188,9.727149963378906,9.619634628295898,9.375690460205078,9.012606620788574
22.098352432250977,19.954208374023438,18.337661743164062,18.5790958404541,19.662952423095703,18.773983001708984,17.49222755432129,17.052377700805664,17.349624633789062,18.106098175048828,18.835493087768555,18.99099349975586,18.58031463623047,18.636852264404297,18.869386672973633,18.95564079284668,19.126201629638672,19.511119842529297,19.217973709106445,18.45819854736328,18.851167678833008,18.408815383911133,17.17367935180664,15.914713859558105,15.891470909118652,16.097436904907227,15.55459976196289,15.005158424377441,14.405349731445312,14.167699813842773,14.424140930175781,14.534159660339355,14.189805030822754,13.334417343139648,12.4063720703125,11.637210845947266,11.195741653442383,11.094852447509766,11.095664978027344,11.069324493408203,11.120768547058105,11.152300834655762,10.948598861694336,10.634868621826172
21.933687210083008,17.769731521606445,15.963916778564453,17.31989860534668,19.48834800720215,18.8768310546875,17.56301498413086,17.258953094482422,17.6982479095459,18.582624435424805,19.350502014160156,19.786941528320312,19.53713035583496,18.83721351623535,18.544036865234375,18.53983497619629,18.722793579101562,19.20375633239746,19.66364288330078,19.18330955505371,18.84003448486328,18.811988830566406,18.139392852783203,17.424638748168945,17.713134765625,18.328292846679688,17.89728546142578,17.089887619018555,16.81892204284668,16.713953018188477,16.611404418945312,16.492238998413086,16.002376556396484,15.319302558898926,15.112198829650879,14.325399398803711,12.990089416503906,12.528057098388672,13.114444732666016,13.521824836730957,12.972957611083984,12.412911415100098,12.161991119384766,12.04159164428711
22.482311248779297,19.55350685119629,17.63422203063965,18.246295928955078,20.204774856567383,19.758548736572266,18.357088088989258,17.869863510131836,18.194477081298828,18.963159561157227,19.455909729003906,19.398574829101562,19.534793853759766,19.042463302612305,18.199201583862305,18.507062911987305,19.19881248474121,19.081388473510742,19.249034881591797,19.501379013061523,19.37934684753418,19.477434158325195,19.252580642700195,18.634624481201172,18.739213943481445,19.661842346191406,19.592897415161133,18.63160514831543,18.305517196655273,17.864559173583984,17.120336532592773,16.905672073364258,16.59172821044922,16.7004451751709,17.075233459472656,16.601055145263672,15.77048110961914,15.51311206817627,16.42291259765625,17.32523536682129,16.16637420654297,14.020636558532715,13.158544540405273,13.16599178314209
23.932106018066406,22.007335662841797,20.544588088989258,20.194435119628906,20.71501922607422,20.10086441040039,18.9146728515625,18.50726318359375,18.751514434814453,19.051828384399414,18.94061279296875,18.565874099731445,18.486581802368164,18.45149040222168,18.45787239074707,19.188453674316406,19.73729705810547,19.436492919921875,19.5299015045166,20.077407836914062,20.425983428955078,20.809999465942383,20.829700469970703,20.07504653930664,19.36750602722168,19.580921173095703,19.913301467895508,19.5794677734375,19.09078598022461,18.536643981933594,17.7037353515625,17.69376564025879,17.703554153442383,17.790903091430664,17.983001708984375,18.13175392150879,17.746185302734375,17.316774368286133,17.82886505126953,18.94768524169922,18.416048049926758,15.945218086242676,14.324597358703613,14.101641654968262
25.403724670410156,24.007923126220703,22.81903076171875,21.940074920654297,21.088031768798828,20.129512786865234,19.385353088378906,19.489505767822266,19.656339645385742,19.2674617767334,18.48488426208496,18.065109252929688,18.271709442138672,18.674793243408203,19.318864822387695,19.891708374023438,19.713499069213867,18.963058471679688,18.958824157714844,19.684053421020508,20.429325103759766,21.20963478088379,21.664682388305664,21.327655792236328,20.613924026489258,19.93683433532715,19.5050106048584,19.592605590820312,19.54558563232422,19.267759323120117,18.358680725097656,17.49315643310547,17.491424560546875,18.467609405517578,19.712753295898438,19.769874572753906,18.98859977722168,17.983516693115234,18.06354331970215,19.319910049438477,18.998281478881836,17.060277938842773,15.287861824035645,14.681337356567383
26.88074493408203,25.952817916870117,25.038013458251953,23.947664260864258,22.50682830810547,21.38514518737793,20.75580406188965,20.743988037109375,20.535377502441406,19.939687728881836,19.084205627441406,18.72983741760254,19.19997215270996,19.91073226928711,20.701902389526367,21.037975311279297,20.56894874572754,19.994319915771484,19.811878204345703,20.097318649291992,20.63653564453125,21.4072208404541,21.95126724243164,22.167823791503906,21.724037170410156,20.766756057739258,20.190418243408203,20.162607192993164,20.33890724182129,20.516992568969727,20.65572166442871,20.625905990600586,20.317611694335938,19.48147964477539,19.937747955322266,20.876941680908203,20.667743682861328,19.011425018310547,18.259241104125977,18.613353729248047,18.57212257385254,17.466259002685547,16.333024978637695,15.691999435424805
28.696256637573242,27.576967239379883,26.685909271240234,25.691184997558594,24.46326446533203,23.41788101196289,22.43722152709961,21.843597412109375,21.511974334716797,21.21031951904297,20.753978729248047,20.409805297851562,20.678329467773438,21.301185607910156,21.868398666381836,22.11077880859375,22.010522842407227,21.829849243164062,21.747207641601562,21.957523345947266,22.09566307067871,22.033376693725586,22.114728927612305,22.4603271484375,22.093416213989258,21.270341873168945,20.953269958496094,21.0251522064209,21.627229690551758,22.252382278442383,22.648927688598633,22.401762008666992,21.934349060058594,21.456310272216797,20.808683395385742,20.915569305419922,20.683582305908203,18.95522117614746,18.064924240112305,18.595687866210938,18.673463821411133,18.091535568237305,17.45254898071289,17.024185180664062
30.240764617919922,28.58001136779785,27.377355575561523,26.3602352142334,25.4290714263916,24.561389923095703,23.569067001342773,22.8519229888916,22.651779174804688,22.58980369567871,22.38605499267578,22.055212020874023,22.019006729125977,22.393177032470703,22.676136016845703,22.78519630432129,22.929716110229492,22.9660587310791,22.897640228271484,22.950233459472656,23.098773956298828,23.181474685668945,23.310720443725586,23.570148468017578,23.306964874267578,22.702045440673828,22.304441452026367,22.198997497558594,22.633907318115234,23.230928421020508,23.844064712524414,24.034992218017578,23.690412521362305,23.046953201293945,22.323759078979492,22.016281127929688,21.88263511657715,20.37851333618164,19.183866500854492,19.911394119262695,19.62908935546875,18.74469566345215,18.136932373046875,17.943359375
29.931238174438477,27.570682525634766,26.256277084350586,25.722618103027344,24.954593658447266,24.464120864868164,24.11239242553711,23.85686683654785,23.779666900634766,23.761632919311523,23.658300399780273,23.388206481933594,23.145652770996094,23.148788452148438,23.22994613647461,23.377275466918945,23.733001708984375,24.035846710205078,24.097797393798828,23.96799087524414,23.855878829956055,23.883718490600586,23.975297927856445,24.255584716796875,24.484540939331055,24.30348777770996,23.99819564819336,23.947261810302734,24.21040153503418,24.495092391967773,24.75887107849121,24.778629302978516,24.49639892578125,24.066261291503906,23.346092224121094,22.767379760742188,22.681859970092773,22.122770309448242,20.479793548583984,20.50469970703125,21.232587814331055,20.721696853637695,19.71303367614746,19.58580207824707
28.77691650390625,25.521516799926758,24.295930862426758,24.556049346923828,24.09542465209961,24.200254440307617,24.48036003112793,24.66077995300293,24.753917694091797,24.85027313232422,24.909852981567383,24.780881881713867,24.487648010253906,24.249359130859375,24.124513626098633,24.164785385131836,24.47293472290039,24.876190185546875,25.118776321411133,25.070119857788086,24.796323776245117,24.585771560668945,24.576101303100586,24.77483367919922,24.96275520324707,24.97987174987793,25.032480239868164,25.07308578491211,25.0992488861084,25.19603729248047,25.354448318481445,25.473398208618164,25.437305450439453,25.17350959777832,24.672260284423828,24.07125473022461,23.728361129760742,23.568937301635742,23.03215217590332,22.365686416625977,22.39432144165039,22.097017288208008,20.555612564086914,19.880212783813477
27.57419776916504,24.64687156677246,23.51114845275879,23.66827964782715,23.15845489501953,23.8280086517334,24.76933479309082,25.301013946533203,25.467872619628906,25.60760498046875,25.839717864990234,26.030956268310547,26.00994300842285,25.8496150970459,25.68815803527832,25.6348819732666,25.751619338989258,25.98008918762207,26.196701049804688,26.28510093688965,26.090517044067383,25.73105239868164,25.560489654541016,25.69342613220215,25.85530662536621,25.899892807006836,25.95914077758789,25.960182189941406,25.955293655395508,25.959569931030273,25.93716049194336,25.981727600097656,26.010778427124023,25.919675827026367,25.595678329467773,25.11040496826172,24.767438888549805,24.546646118164062,24.34958267211914,24.119915008544922,23.995988845825195,23.872756958007812,22.489309310913086,20.470813751220703
26.463783264160156,24.768516540527344,23.689563751220703,23.291746139526367,22.422836303710938,23.23297691345215,24.87429428100586,26.004535675048828,26.37868309020996,26.50161361694336,26.7247371673584,27.020877838134766,27.207128524780273,27.25007438659668,27.22016716003418,27.198577880859375,27.23956298828125,27.38085174560547,27.591869354248047,27.764131546020508,27.695898056030273,27.380474090576172,27.114328384399414,27.070539474487305,27.145559310913086,27.214033126831055,27.19246482849121,27.108373641967773,27.117233276367188,27.0902156829834,26.92999839782715,26.8120059967041,26.769861221313477,26.71319007873535,26.348146438598633,25.902402877807617,25.625165939331055,25.32788848876953,25.09699249267578,24.8322811126709,24.44765853881836,24.427457809448242,24.237886428833008,22.15398406982422
27.773990631103516,26.16058349609375,25.285690307617188,25.043439865112305,24.066038131713867,24.277145385742188,25.780460357666016,27.259145736694336,28.015304565429688,28.262216567993164,28.4095458984375,28.5648136138916,28.61726951599121,28.567596435546875,28.52218246459961,28.499256134033203,28.527395248413086,28.687334060668945,28.93602752685547,29.14800453186035,29.175199508666992,29.00695037841797,28.770427703857422,28.565214157104492,28.453556060791016,28.403728485107422,28.278770446777344,28.09292221069336,28.01451301574707,27.86907386779785,27.672887802124023,27.654359817504883,27.64280128479004,27.454160690307617,26.983491897583008,26.512313842773438,26.194652557373047,25.937198638916016,25.698450088500977,25.4925479888916,25.194324493408203,24.865509033203125,24.911413192749023,24.30980682373047
30.60026741027832,28.868864059448242,28.217185974121094,28.376564025878906,27.59344482421875,27.20415496826172,27.85257339477539,28.97028923034668,29.893966674804688,30.357898712158203,30.49264144897461,30.454505920410156,30.257997512817383,29.975261688232422,29.77318000793457,29.677064895629883,29.65667724609375,29.753829956054688,29.934083938598633,30.08203125,30.13371467590332,30.111778259277344,30.033981323242188,29.84625816345215,29.5767822265625,29.340938568115234,29.119220733642578,28.921924591064453,28.73784828186035,28.50445556640625,28.43470001220703,28.516660690307617,28.542638778686523,28.228126525878906,27.618366241455078,27.151277542114258,27.063121795654297,26.738658905029297,26.258739471435547,26.129535675048828,26.120973587036133,25.940906524658203,25.681814193725586,25.49876594543457
32.270687103271484,31.142423629760742,30.813783645629883,31.09326934814453,30.68498420715332,30.16522216796875,30.184289932250977,30.71472930908203,31.464679718017578,31.98378562927246,32.095882415771484,31.945842742919922,31.693477630615234,31.372241973876953,31.06203269958496,30.83258628845215,30.67691993713379,30.618654251098633,30.649316787719727,30.68837547302246,30.718172073364258,30.77805519104004,30.82838249206543,30.725727081298828,30.472068786621094,30.2428035736084,30.068395614624023,29.908924102783203,29.688308715820312,29.497655868530273,29.47771644592285,29.50165557861328,29.51077651977539,29.071975708007812,28.617931365966797,28.537681579589844,28.083538055419922,27.214754104614258,26.923067092895508,27.192441940307617,27.17607307434082,26.88400650024414,26.639137268066406,26.52496337890625
33.474857330322266,33.05842208862305,33.01920700073242,33.315650939941406,33.30918884277344,32.87322235107422,32.54550552368164,32.57038497924805,32.92823028564453,33.24443435668945,33.286354064941406,33.134037017822266,32.91504669189453,32.64931106567383,32.33512496948242,32.016632080078125,31.745891571044922,31.567523956298828,31.457311630249023,31.377431869506836,31.383005142211914,31.50343132019043,31.61484718322754,31.55423927307129,31.36313247680664,31.217802047729492,31.184864044189453,31.118284225463867,30.933752059936523,30.729551315307617,30.595991134643555,30.532499313354492,30.398216247558594,30.03907012939453,30.039907455444336,29.926191329956055,28.690956115722656,27.39422607421875,27.76818084716797,28.569351196289062,28.47441291809082,27.89987564086914,27.526010513305664,27.527315139770508
35.273460388183594,34.969451904296875,34.99697494506836,35.385826110839844,35.57577133178711,35.2618522644043,34.88423156738281,34.6434211730957,34.560279846191406,34.498233795166016,34.458412170410156,34.41047286987305,34.22917175292969,33.92182540893555,33.56361770629883,33.203792572021484,32.913082122802734,32.73820877075195,32.61684799194336,32.489253997802734,32.423919677734375,32.48632049560547,32.5701904296875,32.52156066894531,32.34133529663086,32.14445877075195,32.10129928588867,32.14109420776367,32.0908203125,32.000709533691406,31.906570434570312,31.738941192626953,31.526514053344727,31.333290100097656,31.35960578918457,31.067779541015625,29.67084503173828,28.597349166870117,29.025897979736328,29.613357543945312,29.454296112060547,28.86442756652832,28.495677947998047,28.549161911010742
37.50475311279297,37.06045913696289,36.99688720703125,37.47200012207031,37.56224822998047,37.14453125,36.82933044433594,36.609493255615234,36.322383880615234,35.995079040527344,35.88904571533203,35.92157745361328,35.76393127441406,35.40068435668945,34.98041534423828,34.571250915527344,34.21590805053711,33.98979568481445,33.89434814453125,33.83539581298828,33.756568908691406,33.68842697143555,33.63189697265625,33.5291748046875,33.33219528198242,33.05805969238281,32.907752990722656,32.95567321777344,33.008689880371094,33.176513671875,33.323020935058594,33.11860275268555,32.92198181152344,32.85335159301758,32.733734130859375,32.42103576660156,31.528602600097656,30.448732376098633,30.19200325012207,30.468059539794922,30.131370544433594,29.438030242919922,29.130624771118164,29.434385299682617
