data/wind_data/wind_67_5.json
{"header": {"parameterUnit": "KT", "parameterCategory": 2, "nx": 256, "ny": 198, "lo1": 44.73521041870117, "la1": -3.236724853515625, "lo2": 111.26478576660156, "la2": 43.468475341796875, "dx": 0.2609002888202667, "dy": -0.23708222806453705, "refTime": "2025-02-21 19:00:00", "forecastTime": 0, "parameterNumber": 2, "parameterNumberName": "eastward_wind"}, "data":
[rows 0 to 18 of 198, columns 0 to 43 of 256]
-6.363226413726807,-7.176352024078369,-7.794053554534912,-8.19147777557373,-8.627242088317871,-9.073970794677734,-9.321072578430176,-9.455008506774902,-9.819104194641113,-10.244690895080566,-10.434220314025879,-10.438874244689941,-10.178451538085938,-9.835515975952148,-9.656686782836914,-9.356510162353516,-8.706612586975098,-8.071393013000488,-7.580012321472168,-7.225024700164795,-7.028529167175293,-6.922641754150391,-6.913971900939941,-6.686391830444336,-6.234400272369385,-5.872241973876953,-5.5731892585754395,-5.2255635261535645,-4.816210746765137,-4.186920166015625,-3.4752860069274902,-2.9939191341400146,-2.624596357345581,-2.2528135776519775,-1.99250066280365,-1.990126609802246,-2.033414363861084,-1.9513474702835083,-1.9978562593460083,-2.3179008960723877,-2.554532051086426,-2.5824532508850098,-2.8026278018951416,-3.271324634552002
-7.219533443450928,-8.773564338684082,-9.072755813598633,-9.114538192749023,-9.52647590637207,-10.025703430175781,-10.12520694732666,-10.095662117004395,-10.313041687011719,-10.688926696777344,-11.146860122680664,-11.282591819763184,-10.764506340026855,-10.241742134094238,-10.078924179077148,-9.636723518371582,-8.639678955078125,-7.755251884460449,-7.188619136810303,-7.007925510406494,-7.055108547210693,-6.8250017166137695,-6.523274898529053,-6.295280933380127,-6.045058250427246,-5.753479480743408,-5.4649481773376465,-5.1880879402160645,-4.747972011566162,-4.088730812072754,-3.474823236465454,-3.110334634780884,-2.89764666557312,-2.6639275550842285,-2.4313669204711914,-2.457531690597534,-2.533116102218628,-2.427098274230957,-2.569425344467163,-2.992694139480591,-3.2475359439849854,-3.3091750144958496,-3.582277536392212,-4.06495475769043
-8.138068199157715,-9.950196266174316,-10.227165222167969,-10.248269081115723,-10.359770774841309,-10.493244171142578,-10.351296424865723,-10.304908752441406,-10.621581077575684,-11.038834571838379,-11.241198539733887,-11.08729076385498,-10.706839561462402,-10.368224143981934,-10.097864151000977,-9.496295928955078,-8.463493347167969,-7.601513862609863,-7.072988986968994,-6.947408676147461,-7.018915176391602,-6.77936315536499,-6.504100322723389,-6.4410481452941895,-6.399665832519531,-6.098126411437988,-5.691015720367432,-5.472247123718262,-5.1804704666137695,-4.594326019287109,-3.9641005992889404,-3.579129934310913,-3.3803060054779053,-3.125647783279419,-2.8026113510131836,-2.7561793327331543,-2.845158576965332,-2.8030478954315186,-3.0641889572143555,-3.692234754562378,-4.143017292022705,-4.338715553283691,-4.67034912109375,-5.147902488708496
-9.164722442626953,-10.694467544555664,-10.953632354736328,-10.690770149230957,-10.175134658813477,-9.914670944213867,-9.39258861541748,-9.568881034851074,-10.159170150756836,-10.512958526611328,-10.680971145629883,-10.55349063873291,-10.465904235839844,-10.405633926391602,-10.048304557800293,-9.276122093200684,-8.3388032913208,-7.627906799316406,-7.1892194747924805,-7.061840534210205,-7.030350685119629,-6.7661943435668945,-6.56536865234375,-6.57761287689209,-6.558328151702881,-6.240329742431641,-5.894766330718994,-5.797030448913574,-5.619589805603027,-5.103261470794678,-4.471490383148193,-4.0862603187561035,-3.93782639503479,-3.74579119682312,-3.4126925468444824,-3.3167333602905273,-3.4994542598724365,-3.743264675140381,-4.356849193572998,-5.252017498016357,-5.865390300750732,-6.1521897315979,-6.4067206382751465,-6.716327667236328
-10.433980941772461,-11.222760200500488,-11.238741874694824,-10.353739738464355,-8.51014232635498,-7.715590953826904,-6.262664794921875,-7.18220329284668,-7.859177589416504,-7.690313816070557,-8.8361234664917,-9.729482650756836,-10.054367065429688,-10.116389274597168,-9.656121253967285,-8.948185920715332,-8.58246898651123,-8.455002784729004,-8.241850852966309,-7.754945278167725,-7.131278991699219,-6.800512790679932,-6.783222675323486,-6.534869194030762,-5.933711528778076,-5.442792892456055,-5.498177528381348,-5.763634204864502,-5.736245155334473,-5.477298736572266,-5.181009292602539,-5.012801170349121,-5.248682498931885,-5.695527076721191,-5.974338531494141,-6.291928768157959,-6.848630905151367,-7.787540435791016,-9.233174324035645,-10.271727561950684,-10.299795150756836,-9.95441722869873,-9.600831031799316,-9.409950256347656
-11.327961921691895,-11.77588176727295,-11.587980270385742,-10.803071975708008,-9.63715648651123,-8.900238990783691,-6.848846912384033,-8.073746681213379,-8.623818397521973,-8.3428955078125,-9.941695213317871,-10.537090301513672,-10.491900444030762,-10.249424934387207,-9.333430290222168,-8.421534538269043,-8.349761009216309,-8.814112663269043,-9.125184059143066,-8.777976989746094,-7.943476676940918,-7.266035079956055,-6.913792610168457,-6.554216384887695,-6.152897357940674,-5.932374000549316,-5.958324909210205,-6.058451175689697,-6.197986125946045,-6.237695693969727,-6.137673377990723,-6.216650485992432,-6.711622714996338,-7.147852420806885,-7.125540256500244,-7.104342937469482,-7.348708629608154,-7.766272068023682,-8.538413047790527,-9.201618194580078,-9.302741050720215,-9.134160995483398,-8.801608085632324,-9.101959228515625
-11.579222679138184,-12.045536041259766,-11.776505470275879,-10.708829879760742,-8.674603462219238,-8.321921348571777,-7.120514392852783,-6.54409646987915,-7.657810688018799,-8.017992973327637,-8.773270606994629,-9.351031303405762,-9.352548599243164,-9.321669578552246,-8.8734769821167,-8.340282440185547,-8.23275089263916,-8.179784774780273,-8.365717887878418,-8.469690322875977,-8.194798469543457,-7.693370819091797,-7.224456787109375,-6.963878631591797,-6.860450744628906,-6.94005012512207,-7.012097358703613,-6.972847938537598,-6.931873798370361,-6.836458683013916,-6.771659851074219,-7.012444019317627,-7.366851806640625,-7.444364547729492,-7.351927280426025,-7.530563831329346,-7.9453582763671875,-8.45001220703125,-9.109515190124512,-9.636486053466797,-9.63399600982666,-9.5485200881958,-9.845019340515137,-10.781654357910156
-11.706910133361816,-11.791274070739746,-11.614611625671387,-10.81906509399414,-9.291001319885254,-8.262595176696777,-7.114344120025635,-7.229190826416016,-8.070403099060059,-8.83365535736084,-8.528485298156738,-8.429039001464844,-8.34914493560791,-8.513707160949707,-8.365145683288574,-8.224514961242676,-7.922828197479248,-7.64884090423584,-7.859948635101318,-7.925471782684326,-8.095819473266602,-8.160300254821777,-8.168512344360352,-8.1273193359375,-8.125879287719727,-8.192657470703125,-8.104494094848633,-7.683633804321289,-7.279243469238281,-7.0376434326171875,-6.932857990264893,-6.978748321533203,-6.9858078956604,-6.955338001251221,-7.109760761260986,-7.489145755767822,-8.008605003356934,-8.6849365234375,-9.463371276855469,-9.841056823730469,-9.591655731201172,-9.68536376953125,-10.77492904663086,-12.17902946472168
-11.766722679138184,-11.143394470214844,-11.020721435546875,-10.63803768157959,-9.415430068969727,-8.270576477050781,-7.378824710845947,-7.529840469360352,-7.97078275680542,-8.616803169250488,-8.242980003356934,-7.635905742645264,-7.8560872077941895,-7.948132514953613,-7.563899517059326,-7.779520034790039,-7.169532299041748,-7.252309799194336,-7.672134876251221,-7.691515922546387,-8.134136199951172,-8.485993385314941,-8.841658592224121,-8.950553894042969,-8.928984642028809,-8.775043487548828,-8.50717830657959,-7.899343490600586,-7.3442769050598145,-7.051968574523926,-6.859006404876709,-6.536783218383789,-6.198678016662598,-6.3152313232421875,-6.966158390045166,-7.676459312438965,-8.453346252441406,-9.597333908081055,-10.73316764831543,-10.80860710144043,-10.340785026550293,-10.780932426452637,-12.23415470123291,-13.281871795654297
-12.04842758178711,-11.162492752075195,-10.767391204833984,-10.525988578796387,-9.64676570892334,-8.214622497558594,-7.734946250915527,-7.808552265167236,-8.060977935791016,-8.439826965332031,-8.127226829528809,-7.613402843475342,-7.52527379989624,-7.291578769683838,-6.665311813354492,-6.47188138961792,-6.220890045166016,-6.989453315734863,-7.081828594207764,-7.456001281738281,-8.1595458984375,-8.47494125366211,-8.790085792541504,-8.977190017700195,-8.976517677307129,-8.795126914978027,-8.442821502685547,-7.826167106628418,-7.229703426361084,-6.874835968017578,-6.561241149902344,-5.9863433837890625,-5.626858234405518,-6.071455001831055,-7.085904121398926,-7.905938148498535,-8.82891845703125,-10.17529010772705,-11.196921348571777,-11.039016723632812,-11.034099578857422,-12.039021492004395,-13.454008102416992,-13.798563957214355
-12.581625938415527,-11.729191780090332,-10.792019844055176,-10.18423843383789,-9.222826957702637,-8.064934730529785,-7.716752529144287,-7.942342281341553,-8.002357482910156,-8.088427543640137,-7.963703155517578,-7.704214096069336,-7.264832973480225,-6.752762794494629,-5.86911153793335,-4.923231601715088,-5.6281352043151855,-6.771371364593506,-6.400837421417236,-7.308852195739746,-7.703788757324219,-8.00428295135498,-8.154754638671875,-8.42224407196045,-8.258764266967773,-8.41063404083252,-7.99777889251709,-7.447656154632568,-6.893846035003662,-6.518855571746826,-6.203627586364746,-5.811437129974365,-5.773058891296387,-6.428027153015137,-7.235947132110596,-8.18952751159668,-9.206966400146484,-10.683412551879883,-11.241881370544434,-11.308018684387207,-11.960469245910645,-13.08043098449707,-13.894214630126953,-13.58935832977295
-12.904952049255371,-12.091958999633789,-10.94463062286377,-10.030502319335938,-9.002840042114258,-8.093167304992676,-7.6100311279296875,-7.63250207901001,-7.556553840637207,-7.436132907867432,-7.512551784515381,-7.773313999176025,-7.434159278869629,-6.454060077667236,-5.395723342895508,-5.1505208015441895,-6.133543491363525,-6.512147903442383,-5.861154556274414,-7.2588372230529785,-7.12479305267334,-7.570066928863525,-7.627363204956055,-8.030468940734863,-7.867568492889404,-8.335846900939941,-8.104352951049805,-7.624709129333496,-7.173306941986084,-6.7254719734191895,-6.420066833496094,-6.309351921081543,-6.705434322357178,-7.507113933563232,-8.328319549560547,-9.432738304138184,-9.953049659729004,-11.32429027557373,-11.387510299682617,-11.946118354797363,-12.879570007324219,-13.672877311706543,-14.188425064086914,-13.875712394714355
-13.043691635131836,-12.404023170471191,-11.326507568359375,-10.223856925964355,-9.05611801147461,-8.193479537963867,-7.726629257202148,-7.497541427612305,-7.228456020355225,-7.016352653503418,-7.1579389572143555,-7.497429847717285,-7.376681327819824,-6.673384666442871,-6.164980888366699,-5.996635913848877,-6.072885990142822,-6.1129469871521,-6.06734561920166,-7.22263765335083,-7.264210224151611,-7.245182991027832,-8.215948104858398,-8.255329132080078,-8.660734176635742,-8.881697654724121,-8.945817947387695,-8.691052436828613,-8.183924674987793,-7.461267948150635,-7.326187610626221,-7.859799385070801,-8.810993194580078,-9.756335258483887,-10.450106620788574,-10.85280704498291,-11.119916915893555,-11.642058372497559,-11.767080307006836,-12.620420455932617,-13.912792205810547,-14.618402481079102,-14.879755020141602,-14.553580284118652
-13.303230285644531,-12.93177318572998,-11.911011695861816,-10.594711303710938,-9.199931144714355,-8.589407920837402,-8.124828338623047,-7.684272766113281,-7.33885383605957,-7.354977130889893,-7.56963586807251,-7.691286087036133,-7.691614627838135,-7.191174507141113,-6.657668113708496,-6.727311134338379,-6.957643985748291,-6.583512783050537,-6.426580905914307,-7.209866523742676,-7.5269951820373535,-7.80206298828125,-9.037595748901367,-9.776960372924805,-9.35279655456543,-9.403119087219238,-9.710339546203613,-9.721921920776367,-9.338944435119629,-8.839315414428711,-9.288867950439453,-10.064462661743164,-11.006381034851074,-11.977653503417969,-12.36476993560791,-12.0869722366333,-11.813077926635742,-11.869331359863281,-12.3528470993042,-13.405138969421387,-14.718892097473145,-15.353605270385742,-15.734458923339844,-15.913898468017578
-13.631917953491211,-13.513976097106934,-12.58641529083252,-11.119892120361328,-9.511123657226562,-9.038451194763184,-8.666177749633789,-8.216291427612305,-7.95739221572876,-8.2128267288208,-8.388669967651367,-8.377704620361328,-8.341090202331543,-8.176557540893555,-8.034295082092285,-8.189735412597656,-8.36296558380127,-7.884316444396973,-7.491644859313965,-7.78303861618042,-8.128145217895508,-8.838172912597656,-9.975364685058594,-10.029099464416504,-9.208548545837402,-9.716485977172852,-9.646084785461426,-10.328282356262207,-10.651263236999512,-10.6242036819458,-11.182578086853027,-11.617781639099121,-12.363463401794434,-13.023694038391113,-13.230937004089355,-12.795077323913574,-12.279948234558105,-12.280006408691406,-13.013589859008789,-14.197463989257812,-15.511931419372559,-16.383392333984375,-16.971879959106445,-17.213712692260742
-13.813729286193848,-13.867096900939941,-13.039630889892578,-11.649490356445312,-10.135858535766602,-9.864654541015625,-9.32229232788086,-9.064207077026367,-8.802681922912598,-8.995147705078125,-9.089062690734863,-9.366579055786133,-9.792479515075684,-9.952241897583008,-9.733351707458496,-9.438568115234375,-9.259997367858887,-8.925209045410156,-8.702311515808105,-8.902177810668945,-9.2406005859375,-10.090109825134277,-10.29516315460205,-9.584650993347168,-9.458951950073242,-9.437178611755371,-9.73830795288086,-11.521467208862305,-11.848759651184082,-12.342872619628906,-12.579980850219727,-12.880973815917969,-13.569160461425781,-13.7505521774292,-13.538765907287598,-13.007675170898438,-12.540185928344727,-12.692034721374512,-13.632823944091797,-14.92563247680664,-16.286094665527344,-17.39345932006836,-18.056196212768555,-18.110387802124023
-13.99941635131836,-14.04243278503418,-13.476995468139648,-12.399040222167969,-11.277931213378906,-11.09809398651123,-10.33483600616455,-10.50546646118164,-10.020195007324219,-9.951958656311035,-9.873617172241211,-10.390069007873535,-11.06821346282959,-11.283309936523438,-10.975489616394043,-10.285825729370117,-9.730281829833984,-9.653725624084473,-9.996862411499023,-10.622806549072266,-11.113160133361816,-11.425127029418945,-10.951766967773438,-9.923911094665527,-9.422403335571289,-10.373373985290527,-11.61047077178955,-12.901632308959961,-12.507660865783691,-13.658612251281738,-13.681591987609863,-14.04896068572998,-14.55266284942627,-14.341349601745605,-13.795836448669434,-13.186179161071777,-12.79651927947998,-13.057194709777832,-13.987200736999512,-15.21349811553955,-16.592191696166992,-17.88918685913086,-18.859615325927734,-18.982192993164062
-14.628172874450684,-14.653624534606934,-14.34214973449707,-13.488022804260254,-12.717628479003906,-12.501914978027344,-11.903633117675781,-12.346590995788574,-11.734442710876465,-11.46285629272461,-11.213033676147461,-11.562071800231934,-11.825325965881348,-11.707347869873047,-11.394091606140137,-10.794008255004883,-10.392348289489746,-10.763689041137695,-11.605362892150879,-12.330463409423828,-12.47973918914795,-12.16634464263916,-11.454708099365234,-10.88282585144043,-11.386309623718262,-12.808063507080078,-13.434370040893555,-13.550079345703125,-13.188161849975586,-14.660246849060059,-14.601003646850586,-15.19601821899414,-15.573992729187012,-15.219559669494629,-14.55373764038086,-13.834329605102539,-13.509245872497559,-13.66783332824707,-14.222126960754395,-15.140235900878906,-16.468809127807617,-17.854522705078125,-18.790691375732422,-18.881160736083984
-15.511630058288574,-15.562479019165039,-15.339010238647461,-14.651336669921875,-14.207132339477539,-14.06358528137207,-13.942164421081543,-14.455257415771484,-14.005136489868164,-13.86108112335205,-13.462722778320312,-13.38034439086914,-13.149822235107422,-12.630757331848145,-12.188870429992676,-11.947856903076172,-11.9870023727417,-12.278478622436523,-12.517788887023926,-12.436361312866211,-12.432751655578613,-12.686663627624512,-12.71536922454834,-12.918926239013672,-13.875758171081543,-14.686772346496582,-14.00301742553711,-13.9237699508667,-14.561455726623535,-15.688304901123047,-15.867844581604004,-16.42251205444336,-16.682151794433594,-16.247207641601562,-15.640560150146484,-15.008060455322266,-14.755898475646973,-14.62458610534668,-14.683760643005371,-15.457657814025879,-16.691970825195312,-17.74601173400879,-18.283748626708984,-18.65093994140625
