data/wind_data/wind_12_2.json
{"header": {"parameterUnit": "KT", "parameterCategory": 2, "nx": 256, "ny": 198, "lo1": 44.73521041870117, "la1": -3.236724853515625, "lo2": 111.26478576660156, "la2": 43.468475341796875, "dx": 0.2609002888202667, "dy": -0.23708222806453705, "refTime": "2025-02-19 12:00:00", "forecastTime": 0, "parameterNumber": 2, "parameterNumberName": "eastward_wind"}, "data":
[rows 38 to 56 of 198, columns 129 to 171 of 256]
-2.593127727508545,-0.9675136804580688,1.4467662572860718,3.143784761428833,2.558067798614502,0.6531934142112732,0.6468817591667175,5.812270164489746,0.5614988803863525,-3.8543343544006348,-2.7305572032928467,-7.018624782562256,-11.33197021484375,-11.856852531433105,-11.73242473602295,-9.717192649841309,-9.977568626403809,-9.389466285705566,-10.377761840820312,-11.01901626586914,-11.058951377868652,-11.527702331542969,-11.30906867980957,-11.263081550598145,-10.97287368774414,-10.706055641174316,-10.374710083007812,-10.15417766571045,-10.287736892700195,-10.408474922180176,-10.59600830078125,-11.048102378845215,-11.119558334350586,-11.106229782104492,-10.860167503356934,-11.153726577758789,-11.399850845336914,-10.739160537719727,-10.346918106079102,-9.815075874328613,-9.719252586364746,-10.282405853271484,-10.580329895019531
-4.331024169921875,-3.6824185848236084,-2.4240589141845703,-0.6196707487106323,0.8397646546363831,1.6757742166519165,2.002063751220703,4.259762763977051,0.18050871789455414,-1.764413833618164,1.1971793174743652,-3.5804436206817627,-8.285074234008789,-9.242624282836914,-10.607513427734375,-9.596598625183105,-9.517206192016602,-9.241476058959961,-9.960750579833984,-10.658245086669922,-10.785621643066406,-10.971905708312988,-11.205519676208496,-10.909953117370605,-10.725897789001465,-10.652318000793457,-10.537519454956055,-10.121557235717773,-10.070801734924316,-10.32080364227295,-10.302488327026367,-10.511041641235352,-10.89104175567627,-11.429909706115723,-11.521697044372559,-11.485733985900879,-11.665703773498535,-11.033242225646973,-10.26546573638916,-10.144932746887207,-10.675919532775879,-11.057526588439941,-10.785478591918945
-4.703259468078613,-3.84158992767334,-2.7428958415985107,-0.5414941906929016,2.363661766052246,2.720675230026245,3.6767070293426514,4.066164970397949,-2.904691696166992,-6.427937984466553,-4.4489898681640625,-6.298964500427246,-7.672394275665283,-8.24354362487793,-9.21120834350586,-9.55846881866455,-9.107892990112305,-9.47053337097168,-9.488941192626953,-9.975446701049805,-10.200563430786133,-10.255746841430664,-10.44902515411377,-10.48464584350586,-10.286930084228516,-10.286809921264648,-10.365968704223633,-10.074734687805176,-9.41256046295166,-10.38186264038086,-10.333272933959961,-9.946002960205078,-10.577385902404785,-11.341825485229492,-11.343527793884277,-11.257536888122559,-11.78398609161377,-11.927949905395508,-11.16575813293457,-10.959456443786621,-11.355792045593262,-11.123815536499023,-10.882068634033203
-5.933412551879883,-4.878993511199951,-3.537081241607666,-1.1432199478149414,2.4266669750213623,3.6026229858398438,4.727502346038818,-4.0666422843933105,-8.499634742736816,-8.75419807434082,-6.6817779541015625,-7.836013317108154,-6.608829975128174,-8.248459815979004,-7.592757225036621,-9.207904815673828,-8.726137161254883,-9.250238418579102,-9.217310905456543,-9.40249252319336,-9.537487030029297,-9.545585632324219,-9.757573127746582,-9.748637199401855,-9.516674041748047,-9.88392448425293,-10.269481658935547,-10.052947998046875,-9.275956153869629,-10.08448314666748,-9.971071243286133,-9.392927169799805,-10.058748245239258,-10.876955032348633,-11.408132553100586,-11.703551292419434,-12.063121795654297,-12.564347267150879,-12.872553825378418,-12.244396209716797,-11.140398025512695,-10.720311164855957,-10.982795715332031
-7.51777458190918,-6.905083656311035,-5.4200005531311035,-3.6959328651428223,-0.9243136048316956,-1.0244189500808716,-6.588955879211426,-5.807659149169922,-9.510948181152344,-8.304350852966309,-9.004229545593262,-8.983208656311035,-8.748661041259766,-10.168498039245605,-7.2848429679870605,-8.221304893493652,-8.324073791503906,-8.608907699584961,-9.101203918457031,-9.092782020568848,-9.312677383422852,-9.165717124938965,-9.451552391052246,-9.662066459655762,-9.592406272888184,-9.502488136291504,-9.303081512451172,-9.351621627807617,-9.87109375,-9.868647575378418,-9.287251472473145,-8.818123817443848,-9.375295639038086,-10.270763397216797,-11.100010871887207,-11.733734130859375,-12.070747375488281,-12.371200561523438,-12.460021018981934,-12.426826477050781,-12.26461410522461,-12.13520336151123,-11.612712860107422
-7.904578685760498,-7.9411139488220215,-7.272459506988525,-7.528697490692139,-7.437199592590332,-7.737757682800293,-6.737762451171875,-8.13776969909668,-9.338589668273926,-10.065998077392578,-9.32531452178955,-8.478128433227539,-6.920834541320801,-7.396602630615234,-7.306469440460205,-5.877056121826172,-6.68430757522583,-7.692476749420166,-8.697320938110352,-8.953333854675293,-9.103668212890625,-9.21066665649414,-9.270320892333984,-9.335918426513672,-9.463913917541504,-9.24422550201416,-8.848555564880371,-8.5997953414917,-9.058403015136719,-9.571261405944824,-9.19922161102295,-8.68440055847168,-8.854905128479004,-9.600192070007324,-10.46173095703125,-11.282145500183105,-11.816266059875488,-12.211067199707031,-12.437154769897461,-12.601601600646973,-12.8171968460083,-12.984945297241211,-12.95113468170166
-8.499006271362305,-8.969075202941895,-8.747547149658203,-9.097975730895996,-9.20317268371582,-9.298040390014648,-9.047102928161621,-7.582491874694824,-9.043368339538574,-8.49034595489502,-5.89099645614624,-6.700826168060303,-8.819190979003906,-7.142842769622803,-7.954217433929443,-6.646111011505127,-7.038626670837402,-7.466355800628662,-7.959460258483887,-8.494768142700195,-8.827835083007812,-9.243671417236328,-9.415685653686523,-9.363080978393555,-9.106826782226562,-8.775090217590332,-8.588616371154785,-8.63252067565918,-8.808699607849121,-8.915886878967285,-8.914576530456543,-8.639395713806152,-8.455840110778809,-8.866584777832031,-9.60591983795166,-10.429710388183594,-11.193394660949707,-11.798189163208008,-12.242956161499023,-12.637205123901367,-12.96467113494873,-13.166241645812988,-13.13341236114502
-9.493088722229004,-10.030420303344727,-10.24894905090332,-10.407840728759766,-10.47889232635498,-10.881219863891602,-10.484204292297363,-7.285951614379883,-10.039875030517578,-9.940386772155762,-8.073478698730469,-7.782272815704346,-8.52011775970459,-7.9048566818237305,-7.282984256744385,-7.462126731872559,-7.708738327026367,-8.290202140808105,-8.227997779846191,-7.884641170501709,-7.689551830291748,-8.163990020751953,-8.963662147521973,-9.367692947387695,-9.071805000305176,-8.405721664428711,-8.083277702331543,-8.202695846557617,-8.396753311157227,-8.596914291381836,-8.611538887023926,-8.383752822875977,-8.151836395263672,-8.268397331237793,-8.82851791381836,-9.633492469787598,-10.538132667541504,-11.343743324279785,-11.769381523132324,-12.06200122833252,-12.564471244812012,-13.282159805297852,-13.721360206604004
-9.648262977600098,-9.9473237991333,-10.034749031066895,-10.338412284851074,-10.532339096069336,-11.187126159667969,-10.90737247467041,-7.726544380187988,-8.170181274414062,-7.569329738616943,-7.610933303833008,-9.863346099853516,-7.697280406951904,-9.173539161682129,-7.107410907745361,-8.095074653625488,-7.829207897186279,-8.685995101928711,-8.775056838989258,-8.400303840637207,-7.7181315422058105,-7.6001811027526855,-8.136953353881836,-8.609713554382324,-8.529273986816406,-7.736490249633789,-7.74864387512207,-7.9037675857543945,-8.172269821166992,-8.307278633117676,-8.363771438598633,-8.251420021057129,-7.957400321960449,-7.847127914428711,-8.1691312789917,-8.911657333374023,-9.852279663085938,-10.809806823730469,-11.429788589477539,-11.624902725219727,-11.973150253295898,-12.750460624694824,-13.59157657623291
-9.187972068786621,-9.733312606811523,-10.316102027893066,-10.397953987121582,-11.329800605773926,-11.416016578674316,-11.473114013671875,-10.822182655334473,-10.451528549194336,-10.251940727233887,-7.893687725067139,-9.418010711669922,-7.471785545349121,-8.662731170654297,-7.070127964019775,-8.502256393432617,-7.693917751312256,-7.981360912322998,-8.087703704833984,-7.982037544250488,-9.639168739318848,-9.431282997131348,-8.16141128540039,-9.076335906982422,-8.748083114624023,-7.868147850036621,-8.175545692443848,-8.113143920898438,-8.196767807006836,-8.190320014953613,-8.369972229003906,-8.28882884979248,-8.038923263549805,-7.810795307159424,-7.90334415435791,-8.282979011535645,-9.107696533203125,-10.07586669921875,-10.990644454956055,-11.451559066772461,-11.629756927490234,-12.011021614074707,-12.904891967773438
-8.970312118530273,-7.961174011230469,-11.044867515563965,-10.824564933776855,-11.811458587646484,-10.64498519897461,-9.938382148742676,-7.976926326751709,-6.489664554595947,-9.122859954833984,-9.405133247375488,-7.785103797912598,-8.6005220413208,-7.0603556632995605,-7.592967987060547,-8.675271034240723,-7.5265936851501465,-6.9200520515441895,-6.801368236541748,-7.525785446166992,-11.129312515258789,-10.140161514282227,-8.462188720703125,-9.562851905822754,-8.906564712524414,-8.41619873046875,-8.658209800720215,-8.727653503417969,-8.734678268432617,-8.627866744995117,-8.669225692749023,-8.55096435546875,-8.400903701782227,-8.065427780151367,-7.988795280456543,-8.00532341003418,-8.48590087890625,-9.133109092712402,-9.973219871520996,-10.697010040283203,-11.120429039001465,-11.459354400634766,-12.084203720092773
-7.571317672729492,-7.155316352844238,-10.154962539672852,-10.236661911010742,-9.547063827514648,-7.964349269866943,-7.367598533630371,-8.311104774475098,-9.17290210723877,-9.048321723937988,-8.758694648742676,-8.637554168701172,-7.782520294189453,-7.885390758514404,-7.9800286293029785,-7.631366729736328,-7.2082085609436035,-6.9480133056640625,-7.954761505126953,-9.595250129699707,-10.136545181274414,-8.857586860656738,-9.035253524780273,-8.381139755249023,-8.423964500427246,-8.650550842285156,-8.876952171325684,-8.917677879333496,-9.094598770141602,-9.152135848999023,-8.912164688110352,-8.938232421875,-8.847723960876465,-8.346336364746094,-8.14114761352539,-7.935410022735596,-8.13318920135498,-8.516674041748047,-8.944372177124023,-9.538203239440918,-10.169198989868164,-10.82903003692627,-11.58443832397461
-10.194633483886719,-9.823602676391602,-7.260968208312988,-10.803827285766602,-9.78097915649414,-9.595320701599121,-9.754508018493652,-10.012231826782227,-9.207502365112305,-8.768388748168945,-8.494994163513184,-7.875083923339844,-7.187463283538818,-7.0864763259887695,-7.323768138885498,-6.893183708190918,-6.573032379150391,-6.846089839935303,-8.780572891235352,-8.99926471710205,-7.657681941986084,-8.701261520385742,-8.481382369995117,-8.360481262207031,-7.773604869842529,-8.228728294372559,-8.722738265991211,-8.88298225402832,-9.081533432006836,-9.249279022216797,-9.362494468688965,-9.183229446411133,-9.100793838500977,-8.75956916809082,-8.32800579071045,-7.89039421081543,-7.863724708557129,-8.167299270629883,-8.54557991027832,-8.769027709960938,-9.14731216430664,-9.910216331481934,-10.881280899047852
-7.97670316696167,-6.8850321769714355,-5.0706095695495605,-8.95320987701416,-9.890290260314941,-9.750022888183594,-9.465048789978027,-9.268678665161133,-8.841336250305176,-8.34782600402832,-8.196247100830078,-7.640196323394775,-6.934942722320557,-6.782279968261719,-6.690584659576416,-6.066959857940674,-5.837385177612305,-7.0146589279174805,-9.383282661437988,-8.982346534729004,-7.342701435089111,-7.326516628265381,-8.438779830932617,-8.683487892150879,-7.410654544830322,-8.004866600036621,-8.500810623168945,-8.787369728088379,-8.980957984924316,-9.151629447937012,-9.409334182739258,-9.473259925842285,-9.269733428955078,-9.103825569152832,-8.47250747680664,-7.9711833000183105,-7.6697564125061035,-7.806881904602051,-8.106860160827637,-8.481242179870605,-8.742656707763672,-9.176600456237793,-9.816604614257812
-9.027359962463379,-9.470772743225098,-8.983087539672852,-7.9556097984313965,-9.103035926818848,-8.928821563720703,-9.287321090698242,-9.3637113571167,-8.36819839477539,-7.998970031738281,-7.467092514038086,-7.02736234664917,-6.55561637878418,-6.573721408843994,-6.4576029777526855,-6.218052864074707,-6.32824182510376,-6.980838775634766,-6.905829906463623,-7.05679178237915,-8.494843482971191,-7.594016075134277,-7.256260871887207,-7.941848278045654,-8.21522045135498,-7.948724746704102,-8.127662658691406,-8.59065055847168,-8.772295951843262,-8.977916717529297,-9.263016700744629,-9.544692993164062,-9.627365112304688,-9.251057624816895,-8.786674499511719,-8.285004615783691,-7.86280632019043,-7.676514148712158,-7.870491027832031,-8.199385643005371,-8.528834342956543,-8.82413101196289,-9.140861511230469
-9.528382301330566,-9.636563301086426,-10.109793663024902,-10.862035751342773,-10.458085060119629,-7.347372055053711,-8.519539833068848,-9.309675216674805,-7.599960803985596,-7.946305751800537,-6.716695785522461,-6.555876731872559,-6.34356164932251,-6.5442214012146,-6.66547155380249,-6.5626397132873535,-6.668556213378906,-6.998660087585449,-7.218244552612305,-7.495110511779785,-7.348356246948242,-6.140722274780273,-6.628934860229492,-8.369450569152832,-8.320761680603027,-7.634334564208984,-7.37664794921875,-7.780104160308838,-8.22028636932373,-8.662273406982422,-9.221883773803711,-9.516032218933105,-9.543792724609375,-9.400744438171387,-9.04550838470459,-8.744873046875,-8.397201538085938,-7.8956685066223145,-7.7429914474487305,-7.8996262550354,-8.147981643676758,-8.359034538269043,-8.743368148803711
-10.342704772949219,-10.552571296691895,-10.094239234924316,-10.35655403137207,-8.748245239257812,-5.672046184539795,-7.841196537017822,-8.969766616821289,-7.74425745010376,-7.962340831756592,-6.642517566680908,-6.64845609664917,-6.499632358551025,-6.621304512023926,-6.641861915588379,-6.38813591003418,-6.340831756591797,-6.745734691619873,-7.138806343078613,-7.589174270629883,-6.085233688354492,-5.458271026611328,-7.075972080230713,-8.02762222290039,-8.370089530944824,-7.705789566040039,-7.129842758178711,-7.279542446136475,-7.6860527992248535,-8.298913955688477,-9.11506175994873,-9.450014114379883,-9.366318702697754,-9.235655784606934,-9.127296447753906,-8.970633506774902,-8.810068130493164,-8.384902000427246,-7.961589336395264,-7.813651084899902,-7.823411464691162,-7.871712684631348,-8.224573135375977
-11.474987983703613,-11.31604290008545,-11.265144348144531,-12.00536060333252,-10.42967414855957,-6.680405139923096,-8.183706283569336,-9.054242134094238,-8.134607315063477,-8.258221626281738,-7.597132682800293,-7.308936595916748,-7.15662145614624,-6.9218854904174805,-6.635740756988525,-6.038159370422363,-5.601103782653809,-5.890634059906006,-6.452895641326904,-6.53620719909668,-6.227436542510986,-6.381839275360107,-6.957706928253174,-7.610757827758789,-8.081117630004883,-8.00903606414795,-7.166831970214844,-6.895410060882568,-7.411953926086426,-7.789856910705566,-8.661712646484375,-9.225737571716309,-9.147374153137207,-9.038132667541504,-9.094858169555664,-9.204154014587402,-9.108388900756836,-8.8045015335083,-8.32674503326416,-7.803970813751221,-7.6269755363464355,-7.704129695892334,-7.8511061668396
-12.03625774383545,-11.152178764343262,-9.89035415649414,-6.5805134773254395,-5.080108642578125,-5.753292560577393,-9.729461669921875,-9.35352611541748,-8.630290031433105,-8.566244125366211,-8.445362091064453,-8.271066665649414,-8.125517845153809,-7.832760810852051,-7.380160331726074,-6.806578636169434,-6.399131774902344,-6.364511966705322,-6.639775276184082,-6.9207963943481445,-6.880255699157715,-6.770521640777588,-6.839487075805664,-6.966107368469238,-7.124940395355225,-7.334045886993408,-7.183417320251465,-6.72631311416626,-6.994709491729736,-7.308994770050049,-8.124865531921387,-8.897223472595215,-8.868664741516113,-9.028067588806152,-9.276796340942383,-9.496344566345215,-9.453926086425781,-9.167853355407715,-8.685941696166992,-8.035919189453125,-7.561009407043457,-7.587162017822266,-7.771365165710449
