data/wind_data/wind_22_7.json
{"header": {"parameterUnit": "KT", "parameterCategory": 2, "nx": 256, "ny": 198, "lo1": 44.73521041870117, "la1": -3.236724853515625, "lo2": 111.26478576660156, "la2": 43.468475341796875, "dx": 0.2609002888202667, "dy": -0.23708222806453705, "refTime": "2025-02-19 22:00:00", "forecastTime": 0, "parameterNumber": 2, "parameterNumberName": "eastward_wind"}, "data":
[rows 100 to 119 of 198, columns 132 to 175 of 256]
90.16377258300781,89.85650634765625,89.83480072021484,89.93123626708984,89.96940612792969,89.76187133789062,89.10059356689453,87.95977783203125,86.64968872070312,85.441162109375,84.43978881835938,83.74674987792969,83.22573852539062,82.502685546875,81.59876251220703,80.91487121582031,80.7569580078125,80.83894348144531,81.11656188964844,82.01272583007812,83.4357681274414,84.34809875488281,84.12269592285156,83.49454498291016,83.55094909667969,84.36338806152344,85.05882263183594,84.91634368896484,84.39962005615234,84.44210815429688,85.12727355957031,85.6905288696289,85.57772064208984,85.0099868774414,84.43148803710938,84.02412414550781,83.7880630493164,83.66377258300781,83.53960418701172,83.30319213867188,82.89382934570312,82.30838012695312,81.62384033203125,80.93122100830078
92.44305419921875,91.8927230834961,91.81524658203125,92.15904235839844,92.50984954833984,92.36592102050781,91.55023956298828,90.20421600341797,88.69440460205078,87.53365325927734,86.88477325439453,86.37461853027344,85.64046478271484,84.5593490600586,83.44702911376953,82.69062805175781,82.3836898803711,82.25061798095703,82.12322235107422,82.36898040771484,83.42963409423828,84.8604736328125,85.59015655517578,85.26960754394531,84.83421325683594,85.0680923461914,85.81137084960938,86.33169555664062,86.43035125732422,86.63198852539062,87.13339233398438,87.45478057861328,87.22783660888672,86.60540008544922,85.89025115966797,85.27165985107422,84.92930603027344,84.92488861083984,84.99049377441406,84.79670715332031,84.29814910888672,83.70207977294922,83.17799377441406,82.65331268310547
94.94076538085938,94.42839050292969,94.15791320800781,94.30601501464844,94.617919921875,94.58300018310547,93.96856689453125,92.82899475097656,91.35340118408203,90.01737976074219,89.30843353271484,88.88309478759766,88.1496353149414,87.07481384277344,85.88259887695312,84.76702117919922,84.07637023925781,83.9376449584961,83.8935546875,83.7294921875,83.94835662841797,84.87291717529297,85.9881362915039,86.40641784667969,86.14508056640625,85.9922103881836,86.35233306884766,87.01055145263672,87.58415222167969,88.0687484741211,88.52811431884766,88.77446746826172,88.63178253173828,88.08023071289062,87.23316192626953,86.38152313232422,85.90940856933594,85.89652252197266,85.94625091552734,85.71344757080078,85.25420379638672,84.81558227539062,84.46174621582031,83.95838165283203
97.01494598388672,96.9442138671875,96.77371978759766,96.59102630615234,96.40074157714844,96.077880859375,95.57469940185547,94.87140655517578,93.88565826416016,92.71129608154297,91.7161865234375,90.96918487548828,90.09870147705078,89.04947662353516,88.05589294433594,87.1060791015625,86.0840835571289,85.38227081298828,85.34718322753906,85.44937133789062,85.29354095458984,85.43541717529297,86.2138900756836,87.05623626708984,87.44490814208984,87.48870849609375,87.48684692382812,87.72437286376953,88.19622802734375,88.69157409667969,89.14706420898438,89.50402069091797,89.59877014160156,89.22747039794922,88.3628158569336,87.30751037597656,86.6368179321289,86.50055694580078,86.49785614013672,86.26302337646484,85.89550018310547,85.66421508789062,85.48627471923828,84.96353912353516
98.74725341796875,99.02833557128906,99.07447814941406,98.7379379272461,98.11849212646484,97.38770294189453,96.69900512695312,96.12650299072266,95.56715393066406,94.83529663085938,93.87788391113281,92.7743148803711,91.56307983398438,90.40135955810547,89.49931335449219,88.80052185058594,87.98456573486328,87.12464904785156,86.79581451416016,86.97132110595703,86.90523529052734,86.60706329345703,86.78115844726562,87.57914733886719,88.52149200439453,89.05599975585938,88.97608184814453,88.67481231689453,88.57572174072266,88.76265716552734,89.22468566894531,89.74969482421875,89.99087524414062,89.7766342163086,89.08502197265625,88.10490417480469,87.30762481689453,87.02584075927734,86.99400329589844,86.83353424072266,86.50947570800781,86.27493286132812,86.15348815917969,85.74568176269531
100.62153625488281,100.93412780761719,101.08598327636719,100.83333587646484,100.15848541259766,99.2482681274414,98.21382141113281,97.23890686035156,96.56257629394531,96.07837677001953,95.40866088867188,94.3349838256836,92.95470428466797,91.6540298461914,90.72347259521484,90.12519073486328,89.55880737304688,88.8482666015625,88.2891845703125,88.16150665283203,88.08038330078125,87.73159790039062,87.58598327636719,88.2289047241211,89.50827026367188,90.5946044921875,90.70779418945312,89.87500762939453,88.90662384033203,88.5959243774414,89.08837890625,89.8275375366211,90.27926635742188,90.18763732910156,89.52816009521484,88.50120544433594,87.58643341064453,87.22129821777344,87.30345916748047,87.34281921386719,87.16199493408203,86.83193969726562,86.55693054199219,86.23505401611328
102.60076904296875,102.95391082763672,103.24091339111328,103.29048156738281,102.89271545410156,101.9805679321289,100.59984588623047,99.01669311523438,97.70624542236328,96.87751770019531,96.23328399658203,95.33154296875,94.10485076904297,92.92211151123047,92.10823059082031,91.66645050048828,91.36137390136719,90.8319320678711,90.1203842163086,89.58937072753906,89.20191955566406,88.68447875976562,88.30048370361328,88.7022705078125,90.01708221435547,91.54475402832031,92.1922836303711,91.46449279785156,90.03672790527344,89.07357025146484,89.16223907470703,89.86883544921875,90.47543334960938,90.53839874267578,89.98574829101562,88.94451141357422,87.8408203125,87.22305297851562,87.23849487304688,87.45094299316406,87.49675750732422,87.27167510986328,86.85720825195312,86.414794921875
105.01268768310547,105.22127532958984,105.46552276611328,105.682373046875,105.55937957763672,104.73728942871094,103.20316314697266,101.2823715209961,99.4676742553711,98.08057403564453,97.0086441040039,95.99878692626953,95.04259490966797,94.34806823730469,93.92437744140625,93.67347717285156,93.44615936279297,93.01809692382812,92.35029602050781,91.64765930175781,91.04798126220703,90.3999252319336,89.72032165527344,89.56803894042969,90.43262481689453,91.80721282958984,92.70899963378906,92.62251281738281,91.70074462890625,90.59988403320312,90.05802154541016,90.14274597167969,90.44027709960938,90.62055206298828,90.4674301147461,89.71973419189453,88.5392837524414,87.57891082763672,87.2377700805664,87.32005310058594,87.46614837646484,87.43128204345703,87.11714172363281,86.6734848022461
106.7190933227539,106.82192993164062,106.885009765625,106.9554214477539,106.8114242553711,106.10848999023438,104.76852416992188,103.0091781616211,101.1789779663086,99.55680847167969,98.14298248291016,96.89523315429688,96.06566619873047,95.90409088134766,96.11527252197266,96.17631530761719,95.84520721435547,95.21711730957031,94.50055694580078,93.81774139404297,93.27446746826172,92.85435485839844,92.28722381591797,91.66583251953125,91.59050750732422,92.17361450195312,92.95246124267578,93.33218383789062,92.97174835205078,92.06271362304688,91.26805877685547,90.9353256225586,90.92320251464844,91.03746795654297,91.08318328857422,90.63882446289062,89.4684829711914,88.0528335571289,87.20701599121094,87.13518524169922,87.5234603881836,87.8599624633789,87.74803924560547,87.17404174804688
106.5820083618164,106.55239868164062,106.39595031738281,106.24891662597656,105.95149230957031,105.30264282226562,104.27115631103516,103.00800323486328,101.61570739746094,100.16728210449219,98.75973510742188,97.5837631225586,96.9142837524414,96.98590087890625,97.55992889404297,97.98140716552734,97.7031478881836,97.01016235351562,96.22490692138672,95.35704040527344,94.58177947998047,94.35189056396484,94.5965805053711,94.57887268066406,93.95844268798828,93.31312561035156,93.27217102050781,93.68113708496094,93.86785125732422,93.44523620605469,92.64154815673828,91.8873062133789,91.46000671386719,91.37053680419922,91.38844299316406,91.12370300292969,90.15934753417969,88.68339538574219,87.52102661132812,87.2533950805664,87.6698989868164,88.23052978515625,88.33467864990234,87.79706573486328
105.4619140625,105.29362487792969,104.8648452758789,104.5029525756836,104.13135528564453,103.51921081542969,102.62059783935547,101.60043334960938,100.52810668945312,99.32329559326172,98.02159881591797,96.97014617919922,96.48644256591797,96.63811492919922,97.2350082397461,97.79131317138672,97.6045150756836,96.9212646484375,96.40042877197266,95.98470306396484,95.40796661376953,95.0222396850586,95.28463745117188,95.85122680664062,95.68077087402344,94.5586929321289,93.5325927734375,93.40247344970703,93.79397583007812,93.86203002929688,93.36741638183594,92.673583984375,92.04891967773438,91.5432357788086,91.1590576171875,90.75839233398438,90.02613830566406,88.99504852294922,88.05925750732422,87.6572036743164,87.87589263916016,88.39439392089844,88.69554138183594,88.43876647949219
104.0895004272461,103.89236450195312,103.39551544189453,102.94000244140625,102.5025863647461,101.83869171142578,100.88485717773438,99.81177520751953,98.71421813964844,97.54823303222656,96.44459533691406,95.66905212402344,95.32035064697266,95.35179138183594,95.70198059082031,96.1690444946289,96.26573181152344,95.8411865234375,95.39635467529297,95.23102569580078,95.14300537109375,95.00167846679688,94.99806213378906,95.171875,95.0560302734375,94.27520751953125,93.17615509033203,92.57510375976562,92.7709732055664,93.07149505615234,92.87010955810547,92.27677917480469,91.72893524169922,91.39704132080078,91.11111450195312,90.67351531982422,89.9930419921875,89.21946716308594,88.67738342285156,88.50399780273438,88.43814086914062,88.36283874511719,88.42865753173828,88.49362182617188
102.89102172851562,102.8744888305664,102.49946594238281,102.00521087646484,101.39643859863281,100.52201843261719,99.38440704345703,98.1812973022461,97.06956481933594,96.08570861816406,95.3675765991211,95.00337219238281,94.82242584228516,94.64799499511719,94.53199005126953,94.54444122314453,94.53939819335938,94.37812042236328,94.20135498046875,94.09371948242188,93.98945617675781,93.87061309814453,93.84819793701172,93.95148468017578,93.81999206542969,93.09033966064453,92.00395202636719,91.188232421875,91.03202819824219,91.31622314453125,91.523681640625,91.31748962402344,90.81226348876953,90.40731048583984,90.27014923095703,90.17890167236328,89.98839569091797,89.79822540283203,89.73365783691406,89.71516418457031,89.40394592285156,88.8545913696289,88.55907440185547,88.64032745361328
102.37438201904297,102.5886001586914,102.25933837890625,101.56507110595703,100.66210174560547,99.54051208496094,98.24299621582031,96.97071075439453,96.0499496459961,95.6780776977539,95.71353149414062,95.81293487548828,95.71138763427734,95.31906127929688,94.74813842773438,94.14497375488281,93.69435119628906,93.4916000366211,93.41815948486328,93.182373046875,92.672119140625,92.18522644042969,92.15595245361328,92.5811996459961,92.87691497802734,92.44685363769531,91.3385009765625,90.17109680175781,89.57669830322266,89.69497680664062,90.13609313964844,90.40585327148438,90.26822662353516,89.79203796386719,89.2895736694336,89.09967803955078,89.37549591064453,89.9906234741211,90.69060516357422,90.98401641845703,90.50759887695312,89.64041900634766,89.19041442871094,89.38504791259766
102.77041625976562,102.9701919555664,102.55787658691406,101.62654113769531,100.3655014038086,98.94938659667969,97.61345672607422,96.627197265625,96.21675872802734,96.38973999023438,96.96224212646484,97.523681640625,97.6024169921875,96.96114349365234,95.7974853515625,94.59649658203125,93.7654037475586,93.43788146972656,93.27290344238281,92.79451751708984,91.95661926269531,91.20464324951172,91.05744171142578,91.6025161743164,92.34485626220703,92.49748992919922,91.64938354492188,90.18699645996094,88.9960708618164,88.70248413085938,89.20822143554688,89.90849304199219,90.30451965332031,90.1554183959961,89.55998229980469,89.02589416503906,89.14453887939453,90.04656982421875,91.25445556640625,91.90959930419922,91.48572540283203,90.51142120361328,90.02449035644531,90.32093048095703
103.85919189453125,103.8526382446289,103.13733673095703,101.96866607666016,100.55107879638672,99.09892272949219,97.92190551757812,97.35587310791016,97.47773742675781,98.03584289550781,98.69554138183594,99.19493103027344,99.1371078491211,98.2337417602539,96.73885345458984,95.31109619140625,94.46916961669922,94.22488403320312,94.04821014404297,93.40546417236328,92.3353271484375,91.38529968261719,91.02061462402344,91.35344696044922,92.07263946533203,92.5123519897461,92.0765609741211,90.80443572998047,89.41613006591797,88.73458099365234,88.9789047241211,89.68982696533203,90.41266632080078,90.81047821044922,90.55192565917969,89.82917785644531,89.52932739257812,90.15867614746094,91.30773162841797,92.11316680908203,92.02523803710938,91.40866088867188,91.10839080810547,91.29740142822266
104.84904479980469,104.85942077636719,104.0770492553711,102.73665618896484,101.182373046875,99.82344818115234,98.95451354980469,98.66971588134766,98.86400604248047,99.27082824707031,99.6866455078125,100.00375366210938,99.92858123779297,99.13494110107422,97.80915832519531,96.54639434814453,95.77111053466797,95.45693969726562,95.19233703613281,94.55023193359375,93.6468276977539,92.86395263671875,92.36166381835938,92.04143524169922,91.84479522705078,91.80147552490234,91.73058319091797,91.36116027832031,90.6385498046875,89.89315032958984,89.55036926269531,89.71137237548828,90.22342681884766,90.75810241699219,90.90576934814453,90.62523651123047,90.36129760742188,90.46295166015625,90.89644622802734,91.37002563476562,91.70135498046875,92.02091217041016,92.35258483886719,92.27376556396484
105.35746002197266,105.74596405029297,105.2024154663086,103.8692626953125,102.19942474365234,100.69625091552734,99.74800109863281,99.4028549194336,99.4546890258789,99.6639175415039,99.869140625,99.97430419921875,99.98443603515625,99.91339111328125,99.60693359375,98.8547592163086,97.80260467529297,96.87351989746094,96.19669342041016,95.70995330810547,95.40486145019531,95.09632873535156,94.37898254394531,93.0916748046875,91.75520324707031,91.09466552734375,91.2542953491211,91.70879364013672,91.76104736328125,91.10935974121094,90.15692138671875,89.5525131225586,89.55608367919922,89.92079162597656,90.38762664794922,90.86544036865234,91.16947174072266,91.1545181274414,90.95206451416016,90.80526733398438,91.0923843383789,92.00935363769531,92.74694061279297,92.24394989013672
105.18479919433594,105.92286682128906,105.69511413574219,104.65009307861328,103.103759765625,101.45427703857422,100.19790649414062,99.65342712402344,99.64168548583984,99.68202209472656,99.58876037597656,99.66566467285156,100.20426940917969,100.94744110107422,101.25096893310547,100.70101928710938,99.55582427978516,98.39186096191406,97.51311492919922,96.97640228271484,96.73815155029297,96.39276885986328,95.4159927368164,93.83467864990234,92.33232116699219,91.52342987060547,91.45249938964844,91.69426727294922,91.7467269897461,91.20590209960938,90.1557846069336,89.2096939086914,88.86248779296875,89.09334564208984,89.83960723876953,90.90860748291016,91.61847686767578,91.60283660888672,91.12637329101562,90.6323471069336,90.83039093017578,91.82351684570312,92.14689636230469,91.01161193847656
104.63082885742188,105.48920440673828,105.42387390136719,104.63715362548828,103.39397430419922,101.99982452392578,100.8705062866211,100.24016571044922,99.9073715209961,99.59841918945312,99.54315948486328,100.10726928710938,101.0850830078125,101.81837463378906,101.8095703125,101.1291732788086,100.2716064453125,99.56836700439453,98.92354583740234,98.22540283203125,97.56104278564453,96.82958221435547,95.81391143798828,94.58380889892578,93.48271942138672,92.69320678710938,92.1034164428711,91.62091827392578,91.21894836425781,90.70948028564453,89.9441909790039,89.04500579833984,88.44001007080078,88.64346313476562,89.9179916381836,91.51688385009766,92.0455551147461,91.33963012695312,90.42816925048828,90.10195922851562,90.89351654052734,91.97285461425781,91.4769515991211,89.66535949707031
