data/wind_data/wind_56_6.json
{"header": {"parameterUnit": "KT", "parameterCategory": 2, "nx": 256, "ny": 198, "lo1": 44.73521041870117, "la1": -3.236724853515625, "lo2": 111.26478576660156, "la2": 43.468475341796875, "dx": 0.2609002888202667, "dy": -0.23708222806453705, "refTime": "2025-02-21 08:00:00", "forecastTime": 0, "parameterNumber": 2, "parameterNumberName": "eastward_wind"}, "data":
[rows 80 to 99 of 198, columns 176 to 219 of 256]
42.36986541748047,41.82565689086914,41.42523956298828,41.110408782958984,40.81863021850586,40.56346893310547,40.29328536987305,39.88717269897461,39.33181381225586,38.93486785888672,38.89285659790039,38.99646759033203,39.00324249267578,38.9412727355957,38.932682037353516,38.98137283325195,39.104347229003906,39.30806350708008,39.405391693115234,39.203269958496094,38.62991714477539,38.02765655517578,37.87275695800781,37.97457504272461,37.74323272705078,37.08451843261719,36.40755844116211,36.47627258300781,36.793067932128906,36.55076217651367,36.4763069152832,36.2717399597168,35.779258728027344,35.20729446411133,34.75349807739258,34.36806869506836,33.74813461303711,32.83633041381836,31.876951217651367,30.977388381958008,30.52159881591797,30.735029220581055,31.183448791503906,31.324588775634766
44.883331298828125,44.346534729003906,44.018890380859375,43.80778503417969,43.57626724243164,43.321590423583984,43.129459381103516,42.92053985595703,42.44969940185547,41.81593704223633,41.40310287475586,41.20732498168945,40.966495513916016,40.946434020996094,41.238250732421875,41.492164611816406,41.64763641357422,41.72413635253906,41.54374313354492,41.32596969604492,41.065982818603516,40.65273666381836,40.444942474365234,40.516902923583984,40.40928268432617,39.80801010131836,39.10282516479492,39.06952667236328,39.30724334716797,39.10034942626953,38.908775329589844,38.502777099609375,37.818519592285156,37.21312713623047,36.71226119995117,36.207923889160156,35.6888542175293,35.24208068847656,34.63198471069336,33.75080108642578,33.16847610473633,33.27906799316406,33.65288543701172,33.82878494262695
47.44407272338867,46.965476989746094,46.67906951904297,46.55153274536133,46.41487121582031,46.17917251586914,45.936893463134766,45.75476837158203,45.444644927978516,44.885902404785156,44.305965423583984,43.8261604309082,43.29634475708008,43.05579376220703,43.379669189453125,43.82893753051758,44.27724838256836,44.4863395690918,44.009193420410156,43.520137786865234,43.407310485839844,43.29795837402344,43.142337799072266,43.03538131713867,42.925567626953125,42.48014450073242,41.76498031616211,41.57212829589844,41.848758697509766,42.02879333496094,41.6512565612793,40.94286346435547,40.0622673034668,39.440818786621094,38.91033172607422,38.29655838012695,37.85417556762695,37.69645309448242,37.42069625854492,36.81078338623047,36.29031753540039,36.222476959228516,36.41878890991211,36.584312438964844
50.085575103759766,49.638038635253906,49.29887390136719,49.12343978881836,49.052921295166016,48.934810638427734,48.745582580566406,48.529014587402344,48.23757553100586,47.82685470581055,47.310516357421875,46.66318893432617,45.906131744384766,45.454437255859375,45.540897369384766,45.8376350402832,46.681400299072266,47.20569610595703,46.68613815307617,45.935585021972656,45.77527618408203,45.94534683227539,45.84797286987305,45.75065612792969,45.85566711425781,45.26089096069336,44.326900482177734,44.06261444091797,44.421485900878906,44.55417251586914,44.21806335449219,43.548641204833984,42.62104415893555,41.87747573852539,41.31161880493164,40.76764678955078,40.40782928466797,40.143165588378906,39.81760787963867,39.39002227783203,39.004581451416016,38.879638671875,38.93561935424805,38.953590393066406
52.79557418823242,52.39594650268555,51.974945068359375,51.618438720703125,51.442867279052734,51.411224365234375,51.41617965698242,51.31523132324219,51.03518295288086,50.68678665161133,50.23936080932617,49.51974868774414,48.69756317138672,48.14458465576172,47.93605422973633,47.886173248291016,48.70183181762695,49.47915267944336,49.150230407714844,48.475120544433594,48.337162017822266,48.50391387939453,48.48317337036133,48.810054779052734,48.70534896850586,47.86000061035156,46.76633071899414,46.37491989135742,46.55660629272461,46.71049118041992,46.58335876464844,46.29706573486328,45.54029846191406,44.51688766479492,43.78414535522461,43.331024169921875,43.00844192504883,42.549217224121094,42.095985412597656,41.7878532409668,41.40971374511719,41.25185775756836,41.16642379760742,40.954185485839844
55.450706481933594,55.17328643798828,54.71501922607422,54.22026062011719,53.876182556152344,53.77588653564453,53.89201354980469,53.970516204833984,53.80785369873047,53.49649429321289,53.00851058959961,52.27201843261719,51.487056732177734,50.91798400878906,50.556758880615234,50.251121520996094,50.77558898925781,51.52821350097656,51.41305923461914,50.953311920166016,50.866363525390625,50.87598419189453,51.078311920166016,51.38496780395508,51.012725830078125,50.10175704956055,49.246639251708984,49.09406280517578,49.17015838623047,48.95102310180664,49.1278190612793,49.10270690917969,48.4669189453125,47.31060028076172,46.365047454833984,45.90291976928711,45.58972930908203,44.961917877197266,44.439334869384766,44.16968536376953,43.84223175048828,43.47211456298828,43.23952865600586,42.96510314941406
58.0781364440918,57.865318298339844,57.361595153808594,56.82285690307617,56.45261764526367,56.2825813293457,56.3049430847168,56.381370544433594,56.34404373168945,56.16517639160156,55.7098274230957,55.00147247314453,54.18047332763672,53.49530792236328,53.037498474121094,52.70954895019531,53.122406005859375,53.739253997802734,53.707332611083984,53.46263885498047,53.35935974121094,53.25312423706055,53.2296028137207,53.595237731933594,53.2386360168457,52.571407318115234,52.186927795410156,51.951416015625,51.47297286987305,51.07707595825195,51.430564880371094,51.55192565917969,51.03170394897461,50.06043243408203,49.10104751586914,48.52949905395508,48.064090728759766,47.486083984375,47.02300262451172,46.84660339355469,46.22064208984375,45.317073822021484,45.09502029418945,44.900081634521484
60.73711013793945,60.47474670410156,59.9095344543457,59.383705139160156,59.11600112915039,59.006614685058594,58.87928009033203,58.696250915527344,58.533729553222656,58.43437576293945,58.1737060546875,57.66852569580078,56.90469741821289,56.09051513671875,55.46694564819336,55.2349967956543,55.58952713012695,55.959510803222656,55.98886489868164,56.0019645690918,55.97028350830078,55.72776412963867,55.48334884643555,55.4984245300293,55.40383529663086,55.2531852722168,55.12297821044922,54.52922821044922,53.812713623046875,53.63418197631836,53.70491409301758,53.443016052246094,53.01083755493164,52.46738815307617,51.88047409057617,51.26987075805664,50.5490608215332,50.167274475097656,50.07694625854492,49.29798126220703,48.13813018798828,47.47642135620117,47.6011848449707,47.15853500366211
63.44213104248047,63.04146957397461,62.43857955932617,61.92866897583008,61.749534606933594,61.752376556396484,61.59467697143555,61.201107025146484,60.77796173095703,60.50736618041992,60.24116897583008,59.8885498046875,59.38295364379883,58.73324966430664,58.091163635253906,57.840476989746094,58.01255416870117,58.1956672668457,58.28237533569336,58.430965423583984,58.43025207519531,58.279415130615234,58.117088317871094,57.66824722290039,57.23136901855469,57.62687683105469,57.893428802490234,57.33872604370117,56.56919479370117,56.273704528808594,55.99425506591797,55.50969696044922,55.170257568359375,54.7235107421875,54.2158317565918,53.609230041503906,53.010841369628906,52.784671783447266,52.63865661621094,52.2845344543457,51.187110900878906,50.03469467163086,49.52109146118164,48.978179931640625
66.15706634521484,65.68955993652344,65.07524871826172,64.58732604980469,64.34700012207031,64.29106140136719,64.15933990478516,63.822181701660156,63.340797424316406,62.8148078918457,62.25770950317383,61.7813606262207,61.452877044677734,61.08478546142578,60.64560317993164,60.464141845703125,60.5054931640625,60.549095153808594,60.572872161865234,60.62590789794922,60.632328033447266,60.58234405517578,60.51210021972656,60.096561431884766,59.82642364501953,59.90760040283203,60.12273025512695,59.793914794921875,59.226844787597656,58.848243713378906,58.575435638427734,58.409568786621094,57.99021911621094,57.065738677978516,56.33565139770508,55.8654670715332,55.4062385559082,55.25920104980469,54.753849029541016,54.718074798583984,53.98015213012695,52.70258331298828,51.702762603759766,51.280574798583984
68.77753448486328,68.42789459228516,67.91633605957031,67.40106201171875,66.99977111816406,66.8069839477539,66.64790344238281,66.4075927734375,66.05459594726562,65.487548828125,64.71991729736328,63.93062973022461,63.393524169921875,63.06917953491211,62.913177490234375,63.04743194580078,63.06412124633789,62.941741943359375,62.897220611572266,62.77073287963867,62.6290283203125,62.54278564453125,62.3971061706543,62.094390869140625,62.20414733886719,62.46599197387695,62.467803955078125,61.91259765625,61.533817291259766,61.31283187866211,61.23588943481445,61.100128173828125,60.838645935058594,59.81660461425781,58.8194694519043,58.20925521850586,58.07207489013672,57.584625244140625,57.60417175292969,56.51643753051758,56.07328414916992,55.73395538330078,54.522621154785156,54.06742477416992
71.31004333496094,71.06724548339844,70.69085693359375,70.17440795898438,69.66315460205078,69.3940658569336,69.2362289428711,69.03598022460938,68.7951889038086,68.37950897216797,67.69799041748047,66.72445678710938,65.78351593017578,65.19093322753906,65.17418670654297,65.43675994873047,65.43263244628906,65.30278015136719,65.30076599121094,65.08154296875,64.66777801513672,64.41352081298828,64.23380279541016,63.72798538208008,63.952613830566406,64.69822692871094,64.78987121582031,64.28588104248047,63.95685577392578,63.646888732910156,63.57881546020508,63.674766540527344,63.11518478393555,61.900753021240234,61.34741973876953,61.07090377807617,60.56875228881836,60.26215744018555,60.030128479003906,59.337947845458984,58.56350326538086,58.17935562133789,57.81876754760742,57.23834991455078
74.0929946899414,73.6825942993164,73.33182525634766,72.84185791015625,72.26573944091797,71.90694427490234,71.70409393310547,71.49788665771484,71.30115509033203,71.07804107666016,70.68851470947266,69.8697509765625,68.71324157714844,67.93167877197266,67.86165618896484,67.87814331054688,67.71524047851562,67.63784790039062,67.73652648925781,67.5555419921875,67.01200866699219,66.6441879272461,66.28914642333984,65.72936248779297,65.96905517578125,66.41059112548828,66.4516372680664,66.53675842285156,66.3531494140625,66.3149185180664,66.24604797363281,65.94151306152344,65.19486236572266,64.23750305175781,63.99235916137695,63.820594787597656,63.241092681884766,62.74396514892578,62.3508415222168,61.823001861572266,61.263938903808594,61.020870208740234,60.73622131347656,60.218101501464844
77.93230438232422,77.06413269042969,76.44644165039062,75.8733139038086,75.21439361572266,74.66946411132812,74.26226043701172,73.90992736816406,73.55815887451172,73.33412170410156,73.14994049072266,72.55028533935547,71.47126007080078,70.85337829589844,70.7577133178711,70.50712585449219,70.11214447021484,69.92048645019531,69.9752197265625,69.9193115234375,69.57884216308594,69.20771026611328,68.73060607910156,68.27534484863281,68.39466094970703,68.47907257080078,68.13888549804688,68.2763671875,68.80272674560547,69.18193817138672,68.67710876464844,68.00336456298828,67.32452392578125,66.67625427246094,66.6998291015625,66.32377624511719,65.75790405273438,65.16656494140625,64.76070404052734,64.21035766601562,63.64321517944336,63.48139572143555,63.33705139160156,63.01304626464844
82.7578353881836,81.65264892578125,80.73521423339844,79.98535919189453,79.25010681152344,78.49542236328125,77.82091522216797,77.2280502319336,76.6485366821289,76.28813171386719,75.98196411132812,75.24371337890625,74.17145538330078,73.6497573852539,73.57292175292969,73.28565979003906,72.78470611572266,72.3595199584961,72.12158203125,72.02046966552734,71.92245483398438,71.77518463134766,71.3050765991211,70.83258056640625,71.06172943115234,71.03038024902344,70.36094665527344,70.08634185791016,70.71212005615234,71.65398406982422,71.16668701171875,70.29607391357422,69.29329681396484,70.06832885742188,70.40543365478516,68.56426239013672,67.21295928955078,66.89450073242188,67.07553100585938,66.60633850097656,65.81423950195312,65.54127502441406,65.36465454101562,65.25846099853516
87.0887451171875,86.17343139648438,85.27603912353516,84.52801513671875,83.90210723876953,83.29725646972656,82.65681457519531,82.00425720214844,81.42720031738281,81.14205169677734,80.81305694580078,79.92890167236328,78.69971466064453,77.85099792480469,77.62540435791016,77.26116180419922,76.57796478271484,75.85974884033203,75.22880554199219,74.74874877929688,74.53160858154297,74.40801239013672,73.75581359863281,73.37249755859375,73.86541748046875,73.66096496582031,72.86280059814453,72.47872924804688,72.84855651855469,73.24751281738281,73.4487075805664,73.04721069335938,72.06198120117188,72.94883728027344,72.67774963378906,70.57087707519531,69.53356170654297,69.43559265136719,69.57726287841797,69.09770202636719,68.27621459960938,67.7325210571289,67.36676025390625,67.4830093383789
90.22645568847656,89.62113952636719,88.89392852783203,88.27455139160156,87.83897399902344,87.54899597167969,87.20928192138672,86.76651000976562,86.40251159667969,86.33251953125,86.23616027832031,85.44692993164062,84.23041534423828,83.52266693115234,83.06385803222656,82.34213256835938,81.38480377197266,80.43540954589844,79.56869506835938,78.76403045654297,78.13380432128906,77.59274291992188,76.87179565429688,76.37720489501953,76.48870849609375,76.43669128417969,75.76468658447266,75.44265747070312,75.61224365234375,75.2453384399414,75.27435302734375,75.80937194824219,75.464599609375,74.880859375,74.71980285644531,73.77845001220703,72.6929931640625,71.73645782470703,71.33335876464844,71.09534454345703,70.90685272216797,70.44335174560547,70.02879333496094,69.95733642578125
92.58665466308594,92.16517639160156,91.55017852783203,90.95893859863281,90.53706359863281,90.3458480834961,90.14546966552734,89.82450103759766,89.52845764160156,89.35167694091797,89.29866790771484,88.67400360107422,87.76194763183594,87.14632415771484,86.67323303222656,86.04813385009766,85.2571792602539,84.38017272949219,83.49990844726562,82.68717193603516,81.96243286132812,81.18167114257812,80.29277038574219,79.6053466796875,79.35907745361328,79.24913024902344,78.81283569335938,78.62096405029297,78.56393432617188,78.0980453491211,77.81867218017578,78.13814544677734,78.20235443115234,77.43744659423828,77.29225158691406,77.01111602783203,75.8016586303711,74.50663757324219,73.41825103759766,73.10103607177734,73.11134338378906,72.88846588134766,72.64363861083984,72.48595428466797
94.32633972167969,94.03250122070312,93.49919891357422,92.91870880126953,92.49258422851562,92.28772735595703,92.1773910522461,91.87213134765625,91.47621154785156,91.11882019042969,90.62474060058594,89.75929260253906,89.1509780883789,88.83161926269531,88.33612823486328,87.79861450195312,87.36404418945312,86.79290008544922,86.09187316894531,85.46887969970703,84.99517822265625,84.40901184082031,83.54885864257812,82.71995544433594,82.23998260498047,82.05790710449219,81.66212463378906,81.21414184570312,81.37615966796875,81.38004302978516,80.85975646972656,80.52265167236328,80.32398223876953,80.19268035888672,80.42540740966797,79.76508331298828,78.70564270019531,77.32320404052734,76.17725372314453,75.82975769042969,75.5436782836914,75.00242614746094,74.73490905761719,74.7294921875
95.55439758300781,95.4531478881836,95.0619125366211,94.56837463378906,94.19027709960938,93.9969711303711,93.95345306396484,93.88300323486328,93.52388763427734,93.17290496826172,92.52412414550781,91.25234985351562,90.54476165771484,90.53072357177734,90.2841796875,89.85760498046875,89.57841491699219,89.23136901855469,88.69222259521484,88.16976928710938,87.88965606689453,87.64887237548828,87.03324890136719,86.15083312988281,85.45110321044922,85.05868530273438,84.67247772216797,83.97967529296875,83.76127624511719,83.9240493774414,83.72801971435547,83.2052001953125,82.79920196533203,82.700927734375,82.67008972167969,82.34856414794922,81.4776611328125,80.00019836425781,79.12461853027344,78.7247543334961,78.1327896118164,77.40799713134766,77.05086517333984,77.06367492675781
