data/wind_data/wind_43_6.json
{"header": {"parameterUnit": "KT", "parameterCategory": 2, "nx": 256, "ny": 198, "lo1": 44.73521041870117, "la1": -3.236724853515625, "lo2": 111.26478576660156, "la2": 43.468475341796875, "dx": 0.2609002888202667, "dy": -0.23708222806453705, "refTime": "2025-02-20 19:00:00", "forecastTime": 0, "parameterNumber": 2, "parameterNumberName": "eastward_wind"}, "data":
[rows 140 to 159 of 198, columns 88 to 131 of 256]
72.03945922851562,73.20169830322266,75.04878997802734,77.10757446289062,79.24571228027344,80.91236877441406,81.3373031616211,78.82919311523438,74.18125915527344,70.37672424316406,68.86697387695312,68.60372924804688,69.4267807006836,71.22948455810547,73.30261993408203,75.22622680664062,77.1043701171875,78.88683319091797,80.08676147460938,80.17135620117188,79.5074691772461,79.01820373535156,78.48912811279297,76.36800384521484,72.16667938232422,66.87928009033203,62.345497131347656,59.94981002807617,59.4347038269043,59.77415466308594,59.92047119140625,59.24502182006836,58.762943267822266,59.02652359008789,59.59048080444336,60.29963684082031,59.692039489746094,60.7222785949707,62.16056442260742,63.85617446899414,63.60797119140625,61.35032272338867,60.43544387817383,61.68394470214844
72.29843139648438,73.09978485107422,74.43363189697266,77.07454681396484,79.5889892578125,80.3461685180664,78.62571716308594,74.50263977050781,69.26242065429688,66.18981170654297,66.88948822021484,68.9784927368164,71.18388366699219,73.38346099853516,75.5566177368164,77.56011199951172,79.18624877929688,80.30393981933594,80.97306823730469,80.84004974365234,79.88687133789062,78.31713104248047,75.75415802001953,71.97461700439453,67.5830078125,63.39783477783203,60.44139099121094,59.35148239135742,59.38224792480469,59.81462097167969,59.98891067504883,59.67926025390625,59.309547424316406,59.494529724121094,59.80075454711914,59.658390045166016,60.61295700073242,62.110382080078125,64.45829772949219,65.44295501708984,62.14715576171875,59.05173873901367,58.901893615722656,57.976463317871094
72.76902770996094,73.6384506225586,75.36995697021484,76.97747039794922,77.0445556640625,74.9144515991211,73.36524963378906,71.11802673339844,66.94729614257812,65.3783950805664,67.87898254394531,71.32540893554688,73.86297607421875,75.63219451904297,77.27061462402344,78.70913696289062,79.64909362792969,80.32670593261719,81.18760681152344,81.31890106201172,79.51563262939453,75.86886596679688,71.26937103271484,66.91312408447266,63.64400863647461,61.31632614135742,60.04005813598633,59.94970703125,60.29115295410156,60.66429138183594,60.55565643310547,59.891563415527344,59.35056686401367,58.81162643432617,59.383750915527344,61.016727447509766,60.98249816894531,63.20323181152344,65.96292877197266,63.3838996887207,58.792808532714844,57.46384811401367,56.496337890625,54.42374038696289
73.958740234375,75.39818572998047,75.42725372314453,72.9167251586914,68.76874542236328,65.28368377685547,67.44847106933594,71.01292419433594,69.33419799804688,67.86048889160156,70.2811508178711,73.52501678466797,75.60542297363281,76.54194641113281,77.31124877929688,78.4751205444336,79.8161392211914,80.8898696899414,81.45030212402344,80.49860382080078,76.8770751953125,71.49397277832031,66.26844024658203,62.60812759399414,60.974952697753906,60.44364929199219,60.440818786621094,60.85626220703125,61.31874084472656,61.4122314453125,60.6728515625,59.47163772583008,58.51105880737305,57.98174285888672,59.63521194458008,61.906585693359375,60.9023551940918,62.74862289428711,63.820281982421875,59.09273147583008,56.39030838012695,55.732547760009766,54.1659049987793,53.34133529663086
74.57532501220703,73.09417724609375,69.36365509033203,64.30847930908203,60.74715805053711,59.898033142089844,63.584510803222656,70.80599975585938,72.72445678710938,70.81814575195312,72.150390625,74.92525482177734,76.54019165039062,76.92514038085938,77.47350311279297,79.0678482055664,80.78968048095703,81.2596435546875,79.88880157470703,76.83208465576172,72.05794525146484,66.59912872314453,62.26774978637695,59.93500900268555,59.66427993774414,60.32693099975586,60.880828857421875,61.24766540527344,61.54661560058594,61.034461975097656,59.8913459777832,57.75886154174805,56.68694305419922,57.47123336791992,58.48897933959961,59.70874786376953,60.35211944580078,60.662540435791016,58.68300247192383,54.28007888793945,52.69623565673828,50.28628921508789,50.01137161254883,48.93128204345703
69.25846099853516,65.45564270019531,62.62622833251953,60.63313674926758,59.89415740966797,59.953453063964844,63.844871520996094,71.57667541503906,74.78315734863281,73.14839172363281,73.88162994384766,76.44225311279297,77.87165832519531,78.12051391601562,78.62553405761719,79.84231567382812,80.11536407470703,78.3752670288086,75.18636322021484,71.61486053466797,67.66493225097656,63.39466094970703,60.19615173339844,58.79411697387695,59.137752532958984,60.179771423339844,60.607826232910156,60.57280349731445,60.3144416809082,59.22294616699219,57.97182083129883,55.18008041381836,54.271854400634766,55.560325622558594,57.564170837402344,59.07764434814453,58.20642852783203,55.275455474853516,49.86344909667969,47.346900939941406,47.76900863647461,44.347328186035156,41.785396575927734,39.04595947265625
64.7081527709961,63.477577209472656,63.935203552246094,64.41596221923828,65.02589416503906,64.87721252441406,66.03252410888672,72.84330749511719,77.4366455078125,76.08512115478516,75.29535675048828,77.02801513671875,78.42976379394531,78.49263763427734,78.20240783691406,77.69845581054688,75.69889831542969,72.1545181274414,68.82878875732422,66.92818450927734,65.35221862792969,62.58695602416992,59.78797912597656,58.33730697631836,58.416141510009766,59.22941970825195,59.299861907958984,58.60951232910156,57.92078399658203,56.67992401123047,55.29420471191406,52.997989654541016,53.08695602416992,53.58024978637695,54.978271484375,58.74282455444336,54.48612594604492,46.44557189941406,41.6434326171875,40.919254302978516,40.2072868347168,39.41123962402344,32.16810607910156,24.989259719848633
68.58875274658203,69.22440338134766,69.63772583007812,70.01835632324219,70.59061431884766,70.7758560180664,69.75778198242188,72.56795501708984,78.44648742675781,78.66028594970703,76.72015380859375,76.64197540283203,77.22526550292969,76.6090316772461,74.97959899902344,72.54904174804688,69.23492431640625,65.8228759765625,63.813438415527344,63.733890533447266,64.09130859375,62.72314453125,59.9384765625,57.82490158081055,57.095848083496094,57.35130310058594,57.16072082519531,56.19762420654297,55.31222152709961,53.88837432861328,52.82545852661133,52.02182388305664,52.64030838012695,53.35899353027344,54.811546325683594,52.53197479248047,48.32817077636719,40.1757926940918,34.7056884765625,32.03626251220703,32.372806549072266,27.875402450561523,28.952661514282227,26.744434356689453
69.76078033447266,71.7847900390625,72.52131652832031,72.8611068725586,73.02030181884766,73.24559020996094,72.76506042480469,71.59114074707031,76.1029281616211,79.12113189697266,77.76455688476562,76.05162811279297,74.48738861083984,72.18217468261719,69.27731323242188,66.17166137695312,63.34815979003906,61.50735855102539,60.9366569519043,61.56428146362305,62.600311279296875,62.329833984375,59.85696029663086,56.980323791503906,55.43616485595703,55.248634338378906,54.86460494995117,53.728050231933594,52.9184684753418,51.968162536621094,50.21622848510742,50.7849006652832,52.28891372680664,52.818790435791016,50.67460250854492,45.67098617553711,40.75617218017578,36.248558044433594,32.179847717285156,23.76873016357422,23.070438385009766,13.857988357543945,24.054685592651367,35.54315185546875
66.09538269042969,67.30326080322266,71.32354736328125,74.02128601074219,73.88634490966797,73.28298950195312,73.068603515625,71.22520446777344,71.5538330078125,75.22148132324219,75.89601135253906,74.16678619384766,71.34722900390625,67.33779907226562,63.811561584472656,61.48207473754883,59.879173278808594,59.10190963745117,59.173583984375,59.86452102661133,60.8458366394043,60.996917724609375,59.10139083862305,55.90439987182617,53.72850036621094,53.289512634277344,52.58340835571289,51.01224899291992,50.214717864990234,48.943138122558594,50.87997055053711,52.401119232177734,51.83073043823242,48.71017837524414,43.05597686767578,38.65177917480469,33.836082458496094,32.465763092041016,22.074262619018555,19.23082733154297,22.06633186340332,15.001127243041992,17.342042922973633,34.74732208251953
66.33209991455078,65.93865966796875,68.00121307373047,73.4323959350586,75.01679992675781,73.65975189208984,72.33833312988281,70.3350830078125,69.02076721191406,69.63294982910156,69.60384368896484,68.06575775146484,66.24201965332031,63.495601654052734,61.01755905151367,59.826026916503906,58.54991912841797,57.47420120239258,57.62436294555664,58.45930099487305,59.173667907714844,58.98427963256836,57.28950881958008,54.53220748901367,52.37917709350586,51.269996643066406,49.63737487792969,47.81226348876953,47.019683837890625,46.337745666503906,49.8761100769043,52.391292572021484,47.980018615722656,41.45174026489258,36.182289123535156,30.752822875976562,25.093595504760742,28.75691032409668,17.92506980895996,17.35896873474121,25.380720138549805,22.55738639831543,19.657381057739258,29.520343780517578
68.20413208007812,67.56656646728516,66.8028564453125,70.01944732666016,73.86375427246094,72.90428161621094,70.74549865722656,68.72833251953125,67.15739440917969,65.27617645263672,62.512454986572266,60.18812561035156,59.63249969482422,59.68424987792969,59.61035919189453,59.34889602661133,57.8123779296875,56.08027648925781,56.07917022705078,57.01325607299805,57.315589904785156,56.41947555541992,54.58007049560547,52.51260757446289,50.73948287963867,48.70784378051758,46.359561920166016,44.94153594970703,44.229217529296875,44.734806060791016,48.04673385620117,46.71450424194336,41.333168029785156,34.20332336425781,30.34394645690918,24.169269561767578,19.28114891052246,25.478174209594727,19.73291778564453,18.48666000366211,27.077733993530273,30.107685089111328,28.281274795532227,29.437864303588867
68.15680694580078,66.91061401367188,64.92988586425781,63.27651596069336,67.67611694335938,70.51290893554688,69.1965560913086,66.40132141113281,63.65775680541992,60.85768508911133,58.08972930908203,56.55725860595703,56.41731643676758,56.97513198852539,57.824649810791016,58.151824951171875,56.708065032958984,54.6484260559082,54.101585388183594,54.72874450683594,54.62689208984375,53.317665100097656,51.53892135620117,49.83152770996094,48.06953048706055,45.7875862121582,43.6286735534668,41.83364486694336,40.87104415893555,41.501434326171875,42.72785186767578,39.79456329345703,33.80992126464844,29.830217361450195,28.817445755004883,26.29780387878418,20.65900230407715,21.867835998535156,18.409143447875977,19.61992073059082,28.556547164916992,35.34367752075195,36.59638977050781,35.62816619873047
63.567901611328125,62.40024185180664,61.127925872802734,59.97237014770508,62.231666564941406,66.66194152832031,66.29419708251953,62.40306854248047,58.63633346557617,56.676239013671875,56.41572952270508,56.42317199707031,55.75841522216797,55.32431411743164,55.77145004272461,56.34038543701172,55.24000549316406,52.98812484741211,51.51799392700195,51.42579650878906,51.24140548706055,50.16329574584961,48.70200729370117,46.84348678588867,44.874698638916016,42.9311408996582,40.72929382324219,38.19206237792969,37.1912727355957,37.200965881347656,36.909366607666016,34.08464813232422,29.636667251586914,27.911602020263672,29.152528762817383,29.801870346069336,23.312976837158203,16.462970733642578,15.11535930633545,21.13051414489746,29.951448440551758,37.3017692565918,41.08214569091797,43.128536224365234
59.49933624267578,60.06148147583008,60.14942932128906,59.35548782348633,58.81204605102539,60.30680847167969,59.572357177734375,57.26409912109375,55.72990798950195,55.020999908447266,55.90851974487305,56.63335418701172,55.897605895996094,54.710086822509766,54.066715240478516,54.161956787109375,53.332393646240234,51.041770935058594,48.819454193115234,47.87516784667969,47.70444107055664,47.302589416503906,46.17453384399414,44.0484733581543,41.76405715942383,40.10102081298828,37.83934783935547,34.592220306396484,33.16234588623047,33.02683639526367,32.95438766479492,30.09676742553711,26.504249572753906,26.171178817749023,27.72060775756836,27.43668556213379,21.178672790527344,13.475698471069336,15.407304763793945,23.11006736755371,29.806241989135742,36.91810989379883,42.469215393066406,45.80630111694336
59.56449890136719,60.86916732788086,60.167205810546875,56.704952239990234,52.3970832824707,52.0185432434082,52.96849822998047,53.065494537353516,53.11262512207031,54.01935577392578,55.45173645019531,56.342857360839844,56.667789459228516,55.55139923095703,53.681270599365234,52.454254150390625,51.238853454589844,48.850162506103516,46.185997009277344,44.526668548583984,44.03651809692383,44.09708023071289,43.588565826416016,41.589778900146484,38.84489822387695,37.01353073120117,34.719844818115234,30.654699325561523,29.274320602416992,29.080358505249023,28.756664276123047,26.284709930419922,24.22773551940918,23.535255432128906,24.34116554260254,22.3614559173584,18.384998321533203,14.745972633361816,18.338834762573242,23.696147918701172,28.63565444946289,36.17573547363281,42.61787414550781,44.554935455322266
60.5830078125,59.131839752197266,56.57478713989258,53.72477340698242,50.007667541503906,47.22104263305664,48.25183868408203,50.30784606933594,50.04855728149414,50.7554817199707,54.72321701049805,56.65208435058594,57.66249084472656,56.60673522949219,53.51822280883789,51.33028030395508,49.40010452270508,46.36911392211914,43.15742492675781,41.03025817871094,40.1947021484375,40.23353958129883,40.340980529785156,38.988094329833984,36.13816452026367,33.93528747558594,31.508188247680664,27.18000602722168,25.534074783325195,24.53382682800293,24.416439056396484,24.604816436767578,23.06125259399414,20.620288848876953,21.388769149780273,20.372514724731445,18.595596313476562,18.634023666381836,20.94808006286621,23.168325424194336,26.86992835998535,33.85529708862305,40.576194763183594,42.55858612060547
56.634254455566406,53.55253601074219,51.80296325683594,51.67521286010742,51.29150390625,49.63276290893555,48.29766082763672,48.28382110595703,49.09918212890625,49.16564178466797,51.11771011352539,53.86522674560547,55.633827209472656,55.629913330078125,52.093017578125,49.4339485168457,47.36307144165039,43.84003448486328,40.011775970458984,37.534793853759766,36.6593017578125,36.6469841003418,36.72437286376953,36.0533447265625,33.89274215698242,31.446468353271484,28.334943771362305,24.178722381591797,22.055648803710938,21.092872619628906,22.17247772216797,24.07636070251465,22.155887603759766,19.67923355102539,19.88226890563965,19.9754638671875,20.34521484375,22.416872024536133,23.12630271911621,23.072067260742188,25.499683380126953,29.775104522705078,34.50686264038086,36.709346771240234
51.63514709472656,49.908348083496094,49.61652374267578,50.085182189941406,50.61075210571289,50.10054016113281,48.953369140625,48.144775390625,47.80339050292969,48.3111686706543,49.429813385009766,50.5245361328125,50.68840026855469,51.46871566772461,49.165496826171875,46.13694381713867,44.37290573120117,41.32444763183594,37.47604751586914,34.65914535522461,33.60829162597656,33.64567947387695,33.54020309448242,33.59977340698242,32.28276443481445,29.559009552001953,25.65552520751953,22.03049659729004,19.773439407348633,19.482484817504883,20.371986389160156,21.99367904663086,21.57192039489746,21.154172897338867,19.75956153869629,18.434200286865234,20.704023361206055,23.9389705657959,24.593107223510742,24.23844337463379,25.633119583129883,27.257795333862305,28.50408935546875,28.285728454589844
48.09153366088867,48.087486267089844,48.57368087768555,49.2158317565918,49.7247314453125,49.178077697753906,48.123497009277344,47.861629486083984,47.83436965942383,47.743621826171875,48.32953643798828,49.02454376220703,48.21282958984375,47.52851486206055,46.56517791748047,43.2631721496582,40.765682220458984,38.167724609375,35.00878143310547,32.26253890991211,30.794435501098633,30.552236557006836,30.9107666015625,31.306005477905273,30.742036819458008,27.680313110351562,23.470687866210938,20.599851608276367,19.20685386657715,19.07537269592285,18.57247543334961,19.006084442138672,20.378616333007812,22.31085968017578,20.798799514770508,16.674184799194336,18.95806121826172,22.797922134399414,24.499889373779297,25.95621681213379,27.5429744720459,27.807498931884766,26.429304122924805,25.19175910949707
