data/wind_data/wind_28_6.json
{"header": {"parameterUnit": "KT", "parameterCategory": 2, "nx": 256, "ny": 198, "lo1": 44.73521041870117, "la1": -3.236724853515625, "lo2": 111.26478576660156, "la2": 43.468475341796875, "dx": 0.2609002888202667, "dy": -0.23708222806453705, "refTime": "2025-02-20 04:00:00", "forecastTime": 0, "parameterNumber": 2, "parameterNumberName": "eastward_wind"}, "data":
[rows 120 to 139 of 198, columns 180 to 224 of 256]
81.17652893066406,81.38325500488281,81.02156829833984,80.43179321289062,80.2751693725586,80.61995697021484,80.60147094726562,80.52425384521484,80.66682434082031,80.71046447753906,80.8510513305664,81.09856414794922,81.27338409423828,81.41608428955078,81.53003692626953,81.3045425415039,80.73274230957031,80.56582641601562,81.16980743408203,82.00699615478516,82.31047058105469,81.87056732177734,81.68844604492188,82.59423828125,83.43924713134766,83.82947540283203,84.26497650146484,84.19837951660156,84.32286071777344,85.08673095703125,84.4893569946289,82.49858093261719,82.54289245605469,85.21897888183594,86.23155212402344,85.60371398925781,87.16749572753906,89.5294418334961,90.81639862060547,91.7823257446289,92.52576446533203,92.6619644165039,92.37335968017578,91.82984924316406,91.04484558105469
79.67778778076172,79.62704467773438,79.32855224609375,79.1249008178711,79.18511199951172,79.60279083251953,79.49072265625,79.3534164428711,79.37483978271484,79.07466125488281,78.94100952148438,79.0870132446289,79.354248046875,79.7861557006836,80.29275512695312,80.53446960449219,80.39521789550781,80.41127014160156,80.93124389648438,81.52372741699219,81.5039291381836,81.5323486328125,82.16126251220703,82.9681625366211,83.57044982910156,84.00318908691406,84.22916412353516,84.3531723022461,84.89977264404297,85.81687927246094,85.62007904052734,83.65416717529297,83.33684539794922,85.65515899658203,86.79737854003906,85.97274780273438,87.10652160644531,89.81431579589844,90.89613342285156,91.87696838378906,93.40646362304688,93.87220764160156,93.0806655883789,92.31684112548828,91.71369171142578
76.78790283203125,77.24205780029297,77.2806167602539,76.96595764160156,76.9791030883789,77.558349609375,77.82878875732422,77.75743865966797,77.47965240478516,77.07962036132812,77.11431884765625,77.30792236328125,77.52276611328125,78.10725402832031,78.88323974609375,79.42333984375,79.49427795410156,79.62266540527344,80.36915588378906,80.85566711425781,80.64122772216797,81.20460510253906,82.29248809814453,82.91001892089844,83.45162963867188,83.95800018310547,84.03274536132812,84.4352798461914,85.24101257324219,86.04620361328125,86.31285858154297,84.97660064697266,84.34597778320312,86.06336975097656,87.36092376708984,86.90592956542969,87.34410858154297,89.26720428466797,90.32255554199219,91.42611694335938,93.35848999023438,94.74727630615234,94.73889923095703,94.04579162597656,93.10160827636719
73.90266418457031,75.54281616210938,76.64009094238281,74.83362579345703,74.06989288330078,75.20178985595703,75.8215103149414,76.03378295898438,75.90191650390625,75.44878387451172,75.4276351928711,75.71670532226562,76.01738739013672,76.62885284423828,77.53388214111328,78.21314239501953,78.35430145263672,78.5362777709961,79.37245178222656,80.1095962524414,80.40516662597656,80.91631317138672,81.66171264648438,82.68739318847656,83.84308624267578,84.614013671875,84.89289855957031,85.27867889404297,85.77796173095703,86.30802154541016,86.79425048828125,86.0495834350586,85.24014282226562,86.20603942871094,87.26206970214844,87.16270446777344,87.84251403808594,89.31871795654297,89.88304901123047,90.90068054199219,92.65320587158203,94.02081298828125,94.50078582763672,94.67247009277344,94.59115600585938
71.42225646972656,72.85406494140625,74.51683807373047,73.26754760742188,71.29438018798828,71.51475524902344,72.8476333618164,73.75255584716797,74.01107788085938,73.84181213378906,73.72979736328125,73.97859191894531,74.55985260009766,75.28304290771484,76.12646484375,76.90975952148438,77.60311889648438,78.1873779296875,78.80876159667969,79.63007354736328,80.27393341064453,80.40858459472656,80.92550659179688,82.55986022949219,84.19735717773438,85.01636505126953,85.57550811767578,86.05419158935547,86.41040802001953,86.76624298095703,87.2415771484375,86.71305084228516,85.35517883300781,85.62464141845703,86.97105407714844,87.10944366455078,87.81687927246094,89.65748596191406,89.8759536743164,90.49662017822266,92.1780776977539,92.9294662475586,93.05989074707031,93.77304077148438,94.27972412109375
68.90144348144531,68.7195053100586,70.15423583984375,70.42408752441406,69.55046844482422,69.37281799316406,70.48187255859375,71.43887329101562,72.05897521972656,72.33162689208984,72.14810943603516,72.2708511352539,73.14910888671875,74.26538848876953,74.99657440185547,75.74462127685547,77.1653823852539,78.38440704345703,78.8594741821289,79.09566497802734,79.27165222167969,79.66718292236328,80.25678253173828,81.41157531738281,82.84960174560547,84.0750961303711,85.3952407836914,86.12181854248047,86.44542694091797,86.78033447265625,87.2061996459961,87.10264587402344,85.81158447265625,84.90184783935547,86.11943817138672,87.03121948242188,87.2172622680664,89.14393615722656,89.76517486572266,89.61946105957031,91.20304107666016,91.91651153564453,92.11873626708984,93.26104736328125,93.83928680419922
66.61968994140625,66.36530303955078,66.82720184326172,67.68529510498047,68.01408386230469,68.5831527709961,69.6583023071289,70.32981872558594,70.33552551269531,70.3941421508789,70.38823699951172,70.57720184326172,71.54425811767578,73.14173126220703,74.10662078857422,74.6537857055664,76.0451889038086,77.64129638671875,78.28675079345703,78.07969665527344,77.90419006347656,78.54785919189453,78.86021423339844,79.35784912109375,80.81537628173828,82.08856964111328,83.45108795166016,84.10725402832031,84.52499389648438,85.38372802734375,86.22323608398438,86.66739654541016,85.89418029785156,84.53955078125,84.94217681884766,86.3870849609375,86.63325500488281,87.24397277832031,88.26318359375,88.5380859375,89.91587829589844,91.33816528320312,92.53717803955078,93.58834838867188,93.55902099609375
64.10074615478516,65.12642669677734,65.69502258300781,66.41845703125,67.03360748291016,67.91102600097656,68.53588104248047,68.80313110351562,68.59101867675781,68.62955474853516,68.8030014038086,68.9490966796875,69.99606323242188,71.81584167480469,72.76973724365234,73.35110473632812,74.62207794189453,76.00137329101562,76.80160522460938,77.34272003173828,77.4508285522461,77.90577697753906,78.32504272460938,77.92169189453125,78.73405456542969,80.28289031982422,81.6670913696289,82.4130859375,82.71076202392578,83.44039154052734,84.44175720214844,85.43541717529297,85.14995574951172,83.62720489501953,83.38629913330078,85.135498046875,86.43762969970703,85.59117126464844,86.1887435913086,87.66439056396484,87.91921997070312,89.0155029296875,90.92061614990234,91.76323699951172,91.40278625488281
61.23430252075195,62.56733703613281,63.37010192871094,63.759952545166016,64.24044799804688,65.31694030761719,66.29720306396484,66.41911315917969,66.0113296508789,66.15907287597656,66.75048828125,67.00440216064453,67.80944061279297,69.69529724121094,71.05522155761719,71.87627410888672,73.14926147460938,74.2057113647461,75.2230224609375,76.82318878173828,77.22364044189453,77.35050201416016,78.32770538330078,77.86857604980469,77.77384948730469,79.49529266357422,80.76969146728516,81.39935302734375,81.86844635009766,82.39985656738281,83.2132568359375,84.16588592529297,84.3359603881836,82.8568344116211,81.99957275390625,83.30010986328125,85.42752075195312,85.60781860351562,83.58614349365234,83.02693176269531,84.79869079589844,86.70426177978516,88.02886962890625,88.7166519165039,88.64727783203125
58.38326644897461,59.71890640258789,60.88230514526367,61.61392593383789,62.236507415771484,62.94678497314453,63.738670349121094,64.13005828857422,64.17854309082031,64.3831787109375,65.12995910644531,65.88195037841797,66.46229553222656,67.97679138183594,69.90339660644531,71.27049255371094,72.36386108398438,73.08858489990234,74.70237731933594,76.41360473632812,75.7899398803711,75.80441284179688,77.31208038330078,77.48857879638672,77.05558013916016,77.936279296875,78.95272827148438,79.38261413574219,79.84479522705078,80.2486572265625,80.83171081542969,81.53570556640625,82.02764129638672,81.40696716308594,80.56494140625,81.52178955078125,83.92615509033203,84.62004852294922,81.96558380126953,79.45623016357422,79.958740234375,82.26377868652344,83.97571563720703,84.7734146118164,84.77754974365234
56.6636848449707,57.39263153076172,58.49597930908203,59.813720703125,60.49268341064453,60.319313049316406,60.344573974609375,61.10618209838867,62.26986312866211,63.40822982788086,64.79517364501953,66.17456817626953,66.52726745605469,66.78388214111328,68.2827377319336,70.11046600341797,70.94475555419922,71.32320404052734,72.80342864990234,73.3912353515625,72.06436920166016,72.49484252929688,74.28470611572266,75.18606567382812,75.130126953125,75.54032897949219,76.34412384033203,76.75218200683594,77.30294799804688,77.79013061523438,78.26872253417969,78.9097900390625,79.42436981201172,79.44644165039062,78.98770904541016,79.37136840820312,81.5866928100586,82.67154693603516,79.6694564819336,75.73086547851562,75.45059967041016,77.9677734375,80.1578598022461,80.92743682861328,80.6981430053711
52.087764739990234,52.82154083251953,54.18043899536133,55.62164306640625,55.88290023803711,55.17383575439453,55.905067443847656,57.91881561279297,59.92809295654297,61.63506317138672,62.6904411315918,62.9540901184082,62.77720642089844,62.87629699707031,64.22695922851562,66.03253936767578,66.81621551513672,67.23961639404297,68.14556121826172,68.25241088867188,67.31729125976562,68.0064468383789,70.30899810791016,71.98560333251953,72.38529205322266,73.00411987304688,73.74468994140625,74.02641296386719,74.61891174316406,74.93635559082031,74.9935073852539,75.42611694335938,75.7656478881836,75.84718322753906,75.83329772949219,76.14990234375,77.70289611816406,79.06070709228516,76.85120391845703,72.77840423583984,71.86894989013672,73.82279968261719,75.78523254394531,76.76179504394531,77.17530822753906
48.170021057128906,49.09626770019531,49.86016845703125,49.90033721923828,49.54096221923828,49.94356155395508,51.330142974853516,53.14787292480469,55.4085807800293,57.516754150390625,58.51353454589844,58.308502197265625,58.099239349365234,58.80134201049805,60.26399230957031,61.69403076171875,62.25240707397461,62.57762145996094,63.36543655395508,63.926513671875,63.9162712097168,65.03654479980469,67.04288482666016,68.14423370361328,68.09193420410156,68.3165512084961,69.41450500488281,70.16329956054688,71.17224884033203,71.92748260498047,71.5059585571289,71.0655517578125,70.99359893798828,70.94385528564453,71.43285369873047,72.73096466064453,74.7831802368164,76.49980163574219,75.58605194091797,72.61677551269531,70.7370834350586,71.254638671875,72.75625610351562,74.1043701171875,75.03417205810547
45.1552619934082,45.60177230834961,45.670143127441406,44.69904327392578,43.834415435791016,44.35652542114258,45.56438446044922,47.677555084228516,50.418766021728516,52.66179656982422,53.869834899902344,54.18864059448242,54.58385467529297,55.48384094238281,56.54459762573242,57.23815155029297,57.446475982666016,57.59147262573242,58.028411865234375,59.05888366699219,59.69003677368164,60.426761627197266,61.77470779418945,62.9730339050293,63.650062561035156,63.749595642089844,65.16487884521484,66.64729309082031,67.40442657470703,68.3155288696289,68.107177734375,67.23959350585938,67.05745697021484,67.26361083984375,68.12425994873047,70.1161880493164,72.87496185302734,74.87251281738281,74.5705337524414,73.41951751708984,71.66451263427734,70.73243713378906,71.34708404541016,72.51325988769531,73.5530776977539
42.833229064941406,43.0433464050293,42.7224006652832,40.866615295410156,39.302711486816406,40.116668701171875,41.96953201293945,43.895408630371094,46.78703689575195,49.6912956237793,51.49630355834961,52.18710708618164,52.542476654052734,52.79549026489258,52.754295349121094,52.50883865356445,52.624210357666016,53.6685676574707,54.889259338378906,55.67466735839844,56.40277862548828,57.69855499267578,58.94596862792969,59.689964294433594,60.382041931152344,60.590309143066406,61.3606071472168,63.34637451171875,64.77152252197266,65.9324951171875,66.29190826416016,65.87968444824219,65.96159362792969,66.32017517089844,66.68486022949219,68.3727035522461,71.17597198486328,73.1492691040039,72.86626434326172,72.76802062988281,72.59666442871094,70.77760314941406,70.2095947265625,70.27178192138672,70.7320556640625
42.07872009277344,42.239192962646484,40.48522186279297,36.72388458251953,35.61692810058594,36.565956115722656,38.18965148925781,39.010902404785156,41.56698226928711,45.32685089111328,48.322357177734375,49.8762321472168,50.78715515136719,51.27263259887695,51.37713623046875,51.73335266113281,52.3151969909668,52.163753509521484,51.554622650146484,50.890254974365234,50.93327713012695,52.690677642822266,54.850772857666016,56.66490936279297,58.207401275634766,59.183650970458984,59.87397766113281,61.83216094970703,64.10774993896484,65.15735626220703,65.20938873291016,64.69403076171875,64.92227935791016,65.87609100341797,66.06063079833984,67.39854431152344,70.27872467041016,71.74147033691406,71.54998779296875,71.85430145263672,73.20787811279297,71.98664855957031,69.92570495605469,68.96599578857422,68.64198303222656
40.150089263916016,40.836612701416016,39.91912841796875,33.681884765625,27.05135154724121,26.55539894104004,29.919559478759766,33.027923583984375,36.10725402832031,39.68252182006836,42.45584487915039,44.37345504760742,46.03403854370117,47.54025650024414,49.034095764160156,49.608177185058594,48.60232162475586,47.12732696533203,46.996421813964844,48.584197998046875,50.857486724853516,53.249656677246094,55.66262435913086,57.47590637207031,58.5169792175293,59.23183059692383,59.4557991027832,60.23686599731445,62.17106628417969,63.699317932128906,64.09172058105469,63.528141021728516,63.65799331665039,65.19156646728516,65.36970520019531,65.81891632080078,68.33733367919922,68.58096313476562,68.0368423461914,69.7907943725586,71.96751403808594,72.08724212646484,69.23252868652344,66.63074493408203,66.33756256103516
37.069515228271484,37.77519607543945,41.806854248046875,34.552940368652344,23.679330825805664,24.109806060791016,29.577465057373047,36.412841796875,41.41365432739258,43.443904876708984,44.36139678955078,45.66901397705078,46.69257736206055,47.25648498535156,47.31633758544922,46.4571418762207,46.23753356933594,47.66389083862305,50.25155258178711,52.65687942504883,54.04049301147461,55.020687103271484,56.07636260986328,56.744346618652344,56.97511672973633,57.34392547607422,58.52858352661133,60.12570571899414,61.66579818725586,62.898460388183594,63.635318756103516,63.04901123046875,62.50246810913086,63.78425979614258,64.43220520019531,65.0851821899414,67.38871002197266,65.91860961914062,64.00497436523438,66.84613800048828,70.0346450805664,71.58585357666016,68.29234313964844,64.11753845214844,65.32484436035156
37.021766662597656,37.13587951660156,40.220916748046875,42.442893981933594,40.2431640625,38.50820541381836,41.19332504272461,44.784202575683594,46.05282211303711,46.445404052734375,47.1589241027832,47.53243637084961,47.650604248046875,48.05847930908203,48.664276123046875,49.30642318725586,50.35520935058594,51.90263366699219,53.780574798583984,54.986324310302734,55.561622619628906,56.14851760864258,56.453125,56.82538986206055,57.24447250366211,57.146888732910156,58.13079833984375,60.0551643371582,61.28047561645508,61.97294998168945,62.869346618652344,63.45317459106445,63.57174301147461,64.17740631103516,64.65476989746094,65.60104370117188,68.01778411865234,66.41230010986328,63.215152740478516,65.21512603759766,68.88490295410156,70.51731872558594,68.23612976074219,65.28654479980469,66.06412506103516
39.863975524902344,37.82197952270508,38.19630432128906,41.3574333190918,44.775917053222656,46.9066276550293,48.35042190551758,48.023136138916016,47.559471130371094,48.23200988769531,49.193973541259766,50.09026336669922,50.62612533569336,51.12977981567383,51.63149642944336,51.723533630371094,51.49559783935547,52.404903411865234,54.63450241088867,56.30990982055664,57.29673767089844,57.94488525390625,58.238494873046875,58.77519989013672,59.59696960449219,59.79365539550781,59.80387496948242,60.082027435302734,60.54447555541992,61.66026306152344,63.16569519042969,64.47545623779297,65.05006408691406,65.22443389892578,65.42478942871094,65.9566879272461,67.480712890625,67.02352142333984,64.31288146972656,64.31517791748047,67.02245330810547,68.25294494628906,66.24720001220703,65.7392349243164,67.69612884521484
