data/wind_data/wind_11_5.json
{"header": {"parameterUnit": "KT", "parameterCategory": 2, "nx": 256, "ny": 198, "lo1": 44.73521041870117, "la1": -3.236724853515625, "lo2": 111.26478576660156, "la2": 43.468475341796875, "dx": 0.2609002888202667, "dy": -0.23708222806453705, "refTime": "2025-02-19 11:00:00", "forecastTime": 0, "parameterNumber": 2, "parameterNumberName": "eastward_wind"}, "data":
[rows 171 to 189 of 198, columns 132 to 175 of 256]
14.198468208312988,15.847993850708008,17.304271697998047,18.09182357788086,18.113723754882812,17.133453369140625,15.696538925170898,14.243144989013672,14.012377738952637,16.2895565032959,16.075519561767578,12.757644653320312,12.932869911193848,15.034796714782715,16.34180450439453,16.105941772460938,16.24257469177246,16.754240036010742,17.0667667388916,17.53742218017578,18.67835235595703,20.365558624267578,21.24880599975586,20.524600982666016,19.405065536499023,19.039987564086914,19.4904727935791,20.603811264038086,22.23468017578125,24.321950912475586,26.01362419128418,27.297008514404297,28.748552322387695,30.340269088745117,31.134519577026367,31.549654006958008,33.05042266845703,34.67520523071289,36.07640075683594,36.093650817871094,32.17015838623047,29.22035026550293,31.051061630249023,31.750797271728516
16.21715545654297,17.818885803222656,18.980470657348633,19.711883544921875,20.07829475402832,19.40321922302246,17.823095321655273,16.394084930419922,16.37894058227539,17.360383987426758,16.055959701538086,14.376619338989258,14.600412368774414,16.389799118041992,17.349824905395508,17.404211044311523,17.66157341003418,17.923912048339844,18.241701126098633,19.01078987121582,20.57123374938965,22.002309799194336,21.827165603637695,20.24243927001953,18.89146614074707,18.858495712280273,20.258197784423828,21.92271614074707,23.019020080566406,23.769559860229492,24.205936431884766,24.656452178955078,25.866230010986328,27.65579605102539,29.147144317626953,30.279041290283203,31.514728546142578,32.95708465576172,34.76578903198242,35.6388053894043,33.98796081542969,32.182247161865234,32.610721588134766,33.11240768432617
19.994972229003906,21.86631965637207,22.199832916259766,22.041696548461914,22.19708251953125,21.62865447998047,19.760114669799805,18.694942474365234,19.00299072265625,19.207111358642578,18.303184509277344,16.707603454589844,16.13237762451172,17.090309143066406,17.98164939880371,18.59783363342285,18.810970306396484,18.901020050048828,19.297487258911133,20.28656005859375,21.538360595703125,21.812952041625977,20.61771583557129,18.929534912109375,18.40132713317871,19.75411605834961,21.984270095825195,23.687646865844727,24.535802841186523,24.65088653564453,24.129560470581055,23.500099182128906,23.769100189208984,25.006380081176758,26.7255802154541,28.665605545043945,30.215213775634766,31.3206844329834,33.00669479370117,34.93214416503906,35.26333236694336,34.26932907104492,33.850990295410156,33.96332550048828
24.67364501953125,25.85708236694336,25.067626953125,24.111846923828125,23.85308265686035,22.71338653564453,21.184585571289062,20.64022445678711,20.491601943969727,20.62424659729004,20.314388275146484,18.590187072753906,17.22260284423828,17.783483505249023,18.886802673339844,19.514650344848633,19.37131118774414,19.29233741760254,19.525470733642578,19.873193740844727,19.807361602783203,19.173460006713867,18.24430274963379,17.825077056884766,19.226648330688477,21.73048210144043,23.745834350585938,24.798137664794922,25.117416381835938,24.859649658203125,23.985538482666016,22.876333236694336,22.51526641845703,23.394765853881836,24.962804794311523,26.635610580444336,28.078920364379883,29.240230560302734,31.025421142578125,33.49736022949219,35.28886032104492,35.607086181640625,35.0609016418457,34.395050048828125
26.52136993408203,25.783105850219727,24.61622428894043,24.82349967956543,25.021087646484375,23.470548629760742,21.84027099609375,20.713638305664062,20.415767669677734,21.039714813232422,20.543718338012695,18.802608489990234,18.24512481689453,19.047231674194336,19.8813419342041,19.777780532836914,19.29723358154297,18.784940719604492,17.998939514160156,17.179000854492188,16.759864807128906,16.732572555541992,17.149871826171875,18.80919647216797,21.40221405029297,23.414953231811523,24.322864532470703,24.672243118286133,24.830224990844727,24.679285049438477,24.040191650390625,23.067651748657227,22.484111785888672,22.85883903503418,24.031387329101562,25.52704620361328,26.887521743774414,28.149677276611328,29.778703689575195,31.842025756835938,34.0078125,35.49995040893555,35.66587448120117,34.711761474609375
23.658761978149414,23.85018539428711,24.149049758911133,25.26338005065918,25.37869644165039,23.10845947265625,20.360872268676758,19.35223388671875,20.267648696899414,20.58954620361328,19.503395080566406,18.73362922668457,19.410003662109375,20.08342170715332,19.755571365356445,19.08409309387207,18.38058090209961,17.05992889404297,15.679327011108398,15.201957702636719,15.600645065307617,16.627805709838867,18.519014358520508,20.990137100219727,22.912633895874023,23.72264289855957,23.949268341064453,24.16664695739746,24.45772933959961,24.59972381591797,24.38066291809082,23.834455490112305,23.252281188964844,23.135133743286133,23.722549438476562,24.82568359375,26.2667179107666,27.885475158691406,29.463207244873047,31.09368324279785,32.76305389404297,34.04686737060547,34.433834075927734,33.73857116699219
22.521949768066406,24.193571090698242,24.47953987121582,24.217397689819336,21.71878433227539,17.95220947265625,16.994638442993164,18.53261947631836,19.433603286743164,18.58465576171875,18.249671936035156,19.437183380126953,20.04106903076172,19.207239151000977,18.25252914428711,17.803255081176758,16.798376083374023,15.338427543640137,14.806958198547363,15.423846244812012,16.70519256591797,18.506580352783203,20.534687042236328,22.0556583404541,22.755584716796875,23.056427001953125,23.39471435546875,23.863811492919922,24.405033111572266,24.824949264526367,24.909208297729492,24.680208206176758,24.341630935668945,24.11796760559082,24.135313034057617,24.54563331604004,25.669715881347656,27.47100067138672,29.391265869140625,31.157468795776367,32.54463195800781,32.957801818847656,32.537044525146484,31.856407165527344
22.903541564941406,23.742494583129883,21.46417236328125,17.420732498168945,13.591805458068848,13.076433181762695,15.20431137084961,16.815048217773438,16.733675003051758,17.326091766357422,19.04852867126465,19.55294418334961,18.39364242553711,17.13966941833496,16.820478439331055,16.42333984375,15.550019264221191,15.15746021270752,15.649948120117188,16.694360733032227,18.058578491210938,19.48902702331543,20.53498077392578,21.1531982421875,21.7368221282959,22.450166702270508,23.206510543823242,23.993131637573242,24.783531188964844,25.380727767944336,25.59235954284668,25.475799560546875,25.247722625732422,25.097299575805664,24.995283126831055,24.97580337524414,25.562816619873047,27.06894302368164,29.101255416870117,30.933141708374023,31.968347549438477,32.0069465637207,31.305171966552734,30.521949768066406
21.323932647705078,17.610734939575195,13.25001335144043,10.160168647766113,9.779664993286133,11.408269882202148,13.154224395751953,14.405237197875977,16.357786178588867,18.35595703125,18.33622169494629,16.951030731201172,15.889192581176758,15.87314224243164,15.971539497375488,15.682609558105469,15.610764503479004,15.993499755859375,16.566661834716797,17.248140335083008,18.046056747436523,18.76841926574707,19.462024688720703,20.399911880493164,21.464664459228516,22.45997428894043,23.425731658935547,24.417861938476562,25.357891082763672,26.04121971130371,26.336301803588867,26.30352020263672,26.085063934326172,25.87788200378418,25.82677459716797,25.85091781616211,26.151958465576172,27.090164184570312,28.581279754638672,30.073209762573242,30.94037628173828,31.038341522216797,30.63163948059082,30.128705978393555
15.719322204589844,10.553232192993164,8.074594497680664,7.426331043243408,7.969692230224609,9.688021659851074,12.533596992492676,15.750741958618164,17.590940475463867,16.613855361938477,14.933955192565918,14.494453430175781,14.941139221191406,15.25385856628418,15.353662490844727,15.601273536682129,16.077224731445312,16.563997268676758,17.013782501220703,17.495817184448242,18.034942626953125,18.721233367919922,19.671077728271484,20.764745712280273,21.813440322875977,22.859821319580078,23.97132682800293,25.06343650817871,26.021692276000977,26.71204948425293,27.094680786132812,27.18705940246582,26.99489974975586,26.74749755859375,26.69318962097168,26.80260467529297,27.082149505615234,27.6507625579834,28.502952575683594,29.3916072845459,29.977901458740234,30.151334762573242,30.06494903564453,29.946889877319336
7.718162536621094,6.134515762329102,6.018969535827637,6.675097942352295,8.362472534179688,11.785440444946289,15.281635284423828,15.683594703674316,13.926886558532715,12.73619270324707,12.988121032714844,13.766213417053223,14.238354682922363,14.660910606384277,15.273366928100586,15.975086212158203,16.557891845703125,17.03887939453125,17.536888122558594,18.09037971496582,18.742238998413086,19.526708602905273,20.417606353759766,21.39540672302246,22.514341354370117,23.734554290771484,24.944400787353516,26.032983779907227,26.903066635131836,27.495868682861328,27.889493942260742,28.04135513305664,27.881784439086914,27.70501708984375,27.7053279876709,27.73824119567871,27.856779098510742,28.242923736572266,28.80176544189453,29.294944763183594,29.57879066467285,29.627347946166992,29.58110809326172,29.600202560424805
5.166037559509277,4.8657755851745605,5.967373847961426,8.231868743896484,10.630154609680176,11.742982864379883,11.753188133239746,11.053824424743652,10.723287582397461,11.379045486450195,12.458884239196777,13.362504005432129,14.15461540222168,15.07204818725586,16.042312622070312,16.797304153442383,17.316484451293945,17.813867568969727,18.383134841918945,18.992929458618164,19.642671585083008,20.424304962158203,21.341001510620117,22.39900779724121,23.648414611816406,24.93964195251465,26.140798568725586,27.184024810791016,27.944488525390625,28.400259017944336,28.710323333740234,28.848587036132812,28.72638702392578,28.603652954101562,28.574888229370117,28.4847354888916,28.44628143310547,28.63089942932129,28.895248413085938,29.124113082885742,29.25808334350586,29.27617645263672,29.281091690063477,29.3376522064209
4.134291172027588,4.578901767730713,5.243150234222412,7.335245132446289,8.286672592163086,8.234835624694824,8.676547050476074,9.501307487487793,10.576152801513672,11.790548324584961,13.002690315246582,14.058110237121582,15.021550178527832,16.08078384399414,17.068639755249023,17.74598503112793,18.2827205657959,18.818357467651367,19.331552505493164,19.898120880126953,20.667057037353516,21.658863067626953,22.661685943603516,23.66962242126465,24.887584686279297,26.17976951599121,27.319320678710938,28.200031280517578,28.77454376220703,29.151531219482422,29.442501068115234,29.617420196533203,29.50792694091797,29.220251083374023,28.997573852539062,28.92675018310547,29.039752960205078,29.122583389282227,29.045875549316406,29.042823791503906,29.13125991821289,29.200014114379883,29.30181312561035,29.439802169799805
2.855071783065796,3.7521708011627197,4.719677448272705,6.575719356536865,7.258997917175293,7.7792816162109375,8.727350234985352,9.884589195251465,11.237550735473633,12.700268745422363,13.993409156799316,14.941274642944336,15.811809539794922,16.760671615600586,17.66549301147461,18.475130081176758,19.18364143371582,19.708580017089844,20.1701717376709,20.846099853515625,21.823158264160156,22.869873046875,23.80605125427246,24.872167587280273,26.186981201171875,27.516891479492188,28.497234344482422,28.975147247314453,29.21204376220703,29.565393447875977,29.978822708129883,30.225568771362305,30.24139404296875,30.10989761352539,29.863994598388672,29.711557388305664,29.628934860229492,29.26519775390625,29.11731719970703,29.56348991394043,30.015247344970703,30.05277442932129,29.980026245117188,29.99228286743164
4.44850492477417,5.371067523956299,6.851536750793457,7.91340446472168,8.14378833770752,8.339677810668945,9.108612060546875,10.410922050476074,11.91845703125,13.192085266113281,14.153732299804688,15.035520553588867,15.979342460632324,16.871658325195312,17.845911026000977,18.97905921936035,19.880451202392578,20.486406326293945,21.152158737182617,21.99700927734375,22.946189880371094,23.807703018188477,24.674861907958984,26.048471450805664,27.62860107421875,28.878761291503906,29.489614486694336,29.488922119140625,29.491008758544922,29.930370330810547,30.544607162475586,31.103652954101562,31.58059310913086,31.73807716369629,31.501737594604492,31.070383071899414,30.06593894958496,28.991975784301758,29.24866485595703,30.452966690063477,31.223953247070312,31.14664649963379,30.862483978271484,30.69849395751953
7.506687641143799,7.574301242828369,8.82769775390625,9.574840545654297,9.655904769897461,9.878311157226562,10.650930404663086,11.827483177185059,12.805325508117676,13.370744705200195,13.78737735748291,14.48127555847168,15.627944946289062,16.9538631439209,18.30043601989746,19.492881774902344,20.41164207458496,21.31014060974121,22.3248233795166,23.17011070251465,23.90386390686035,24.7105712890625,25.728775024414062,27.34273910522461,29.020896911621094,29.935161590576172,29.998857498168945,29.829240798950195,30.105148315429688,30.896419525146484,31.671110153198242,32.19448471069336,32.58891296386719,32.41718292236328,31.95529556274414,31.312271118164062,29.690343856811523,28.61623191833496,29.340864181518555,30.590539932250977,31.096651077270508,30.882341384887695,30.686420440673828,30.79324722290039
9.117681503295898,9.41526985168457,10.278549194335938,10.79421329498291,11.196409225463867,11.966135025024414,12.753695487976074,13.143548011779785,13.166255950927734,13.067709922790527,13.420683860778809,14.669130325317383,16.297365188598633,17.797618865966797,18.993568420410156,19.896663665771484,20.916702270507812,22.14435577392578,23.359397888183594,24.155364990234375,24.736652374267578,25.764150619506836,27.263525009155273,28.819055557250977,30.00471305847168,30.399524688720703,30.193620681762695,30.256214141845703,30.8897762298584,31.553768157958984,31.68408966064453,31.36321449279785,31.00336265563965,30.388891220092773,29.75826644897461,29.647905349731445,28.984390258789062,27.78070068359375,27.458044052124023,28.13186264038086,28.99350929260254,29.5496826171875,29.790119171142578,29.87919044494629
10.016867637634277,11.282444953918457,12.62512493133545,12.777124404907227,14.129633903503418,15.394516944885254,15.407402992248535,14.454788208007812,13.867331504821777,13.493334770202637,13.689029693603516,15.375716209411621,17.334680557250977,18.7694091796875,19.726102828979492,20.521682739257812,21.60965347290039,22.743812561035156,24.04616928100586,25.153827667236328,25.842243194580078,27.050241470336914,28.891387939453125,30.1717472076416,30.747554779052734,31.176734924316406,31.185102462768555,30.859529495239258,30.734153747558594,30.343358993530273,29.525066375732422,28.725948333740234,28.242271423339844,27.662273406982422,26.712602615356445,26.424875259399414,26.5030460357666,25.4196834564209,24.374311447143555,24.60179328918457,25.50412368774414,26.27924156188965,26.726369857788086,26.96683120727539
12.477386474609375,13.580526351928711,16.145587921142578,17.849763870239258,15.242162704467773,15.001691818237305,16.86418914794922,15.14508056640625,15.507067680358887,15.474929809570312,14.596437454223633,15.854374885559082,18.040658950805664,19.638084411621094,20.78276252746582,22.001815795898438,23.14200210571289,23.811555862426758,24.89773941040039,26.451364517211914,27.632593154907227,29.052413940429688,30.92399024963379,32.05956268310547,32.52927017211914,33.0905876159668,32.24788284301758,30.35819435119629,29.213470458984375,28.261425018310547,27.052349090576172,26.005311965942383,25.375041961669922,24.752206802368164,23.458494186401367,22.387393951416016,22.077285766601562,21.50779914855957,20.815845489501953,20.647085189819336,21.10636329650879,21.476526260375977,21.46582794189453,21.556995391845703
