data/wind_data/wind_27_9.json
{"header": {"parameterUnit": "KT", "parameterCategory": 2, "nx": 256, "ny": 198, "lo1": 44.73521041870117, "la1": -3.236724853515625, "lo2": 111.26478576660156, "la2": 43.468475341796875, "dx": 0.2609002888202667, "dy": -0.23708222806453705, "refTime": "2025-02-20 03:00:00", "forecastTime": 0, "parameterNumber": 2, "parameterNumberName": "eastward_wind"}, "data":
[rows 171 to 189 of 198, columns 129 to 171 of 256]
7.614780902862549,9.516023635864258,10.902427673339844,10.882641792297363,8.684507369995117,4.794126033782959,1.816508412361145,1.7956995964050293,3.5477488040924072,5.2001423835754395,5.955776214599609,5.841953754425049,5.437289237976074,5.486888885498047,6.089145660400391,7.0834431648254395,8.437777519226074,9.839829444885254,10.67913818359375,10.478286743164062,9.404839515686035,8.017242431640625,6.2259931564331055,4.095633029937744,2.1488754749298096,0.8698508739471436,0.24326348304748535,0.09199212491512299,0.5045899748802185,1.3931124210357666,2.1220741271972656,2.2462539672851562,2.422628879547119,3.2669625282287598,4.660335063934326,5.689335823059082,5.825240135192871,5.617137908935547,5.622515678405762,5.901526927947998,5.67720890045166,4.1608123779296875,2.5006589889526367
8.388310432434082,10.142241477966309,11.054509162902832,10.507338523864746,8.649582862854004,6.03700065612793,4.238770961761475,4.384471893310547,5.6174750328063965,6.71804666519165,7.046630382537842,6.565414905548096,5.937222957611084,5.65948486328125,5.784430027008057,6.3883771896362305,7.376885414123535,8.510494232177734,9.461546897888184,9.829363822937012,9.335208892822266,8.100173950195312,6.243209362030029,3.9147987365722656,1.68584144115448,0.08048609644174576,-0.899175763130188,-1.2797566652297974,-0.8521348834037781,0.3658599853515625,1.7588824033737183,2.6453163623809814,3.252028703689575,4.193148612976074,5.623842716217041,6.866951942443848,7.202728271484375,6.970391750335693,6.83742618560791,6.973023414611816,6.582736968994141,4.600156784057617,2.067473888397217
9.197510719299316,9.869293212890625,9.794726371765137,8.562325477600098,7.271936893463135,6.565281867980957,6.486122131347656,7.10749626159668,7.799590110778809,7.956003665924072,7.511547565460205,6.7100725173950195,5.764172077178955,5.032821178436279,5.085398197174072,5.703580856323242,6.01132345199585,6.035003662109375,6.564990997314453,7.53462028503418,8.02606201171875,7.28664493560791,5.464252948760986,3.210111379623413,0.9590961337089539,-0.8788341283798218,-2.058666944503784,-2.3573150634765625,-1.5485726594924927,0.2007528692483902,2.1494100093841553,3.564302921295166,4.433198928833008,5.211751937866211,6.194088459014893,7.190507411956787,7.742620468139648,7.72271203994751,7.467192649841309,7.420953750610352,7.329350471496582,5.911762237548828,3.0926568508148193
9.606334686279297,9.20607852935791,8.312983512878418,6.871297359466553,6.071261405944824,6.612652778625488,7.888541221618652,9.039426803588867,9.257596015930176,8.417159080505371,7.1641974449157715,5.989813804626465,4.9936418533325195,4.549691200256348,4.91033935546875,5.142960071563721,4.376134872436523,3.499298572540283,3.5756421089172363,4.44511604309082,5.080399990081787,4.71592903137207,3.567269802093506,2.107767343521118,0.4326598644256592,-0.9920869469642639,-1.7092697620391846,-1.4784663915634155,-0.22148746252059937,1.6742123365402222,3.548840284347534,4.933475971221924,5.748061656951904,6.212350368499756,6.629155158996582,7.158508777618408,7.736999034881592,8.096146583557129,8.058372497558594,7.893356800079346,7.907470703125,7.326282501220703,5.123027324676514
9.018949508666992,8.932528495788574,8.597801208496094,7.581473350524902,6.781334400177002,7.383420467376709,8.880132675170898,9.878632545471191,9.490958213806152,7.920359134674072,6.122890949249268,4.812260150909424,4.16716194152832,4.1765031814575195,4.276646137237549,3.578279495239258,2.3647830486297607,1.4109299182891846,0.8165498971939087,0.5825387239456177,0.7051178216934204,1.0743255615234375,1.4358576536178589,1.2752132415771484,0.6040061712265015,0.21289704740047455,0.4260445833206177,1.3470051288604736,2.7705318927764893,4.210622310638428,5.4478678703308105,6.458051681518555,7.178233623504639,7.545175075531006,7.613811016082764,7.722439289093018,8.086843490600586,8.532315254211426,8.788607597351074,8.72741413116455,8.584239959716797,8.386985778808594,7.259984493255615
8.171366691589355,9.4622163772583,10.15314769744873,9.556013107299805,8.598551750183105,8.585922241210938,9.225593566894531,9.378178596496582,8.506251335144043,6.853214263916016,5.117127895355225,3.934985637664795,3.5476412773132324,3.4899604320526123,2.9390835762023926,1.9076471328735352,1.1155505180358887,0.4906991720199585,-0.33646517992019653,-1.47944176197052,-2.1304750442504883,-1.465972900390625,-0.02144264616072178,1.1329522132873535,1.6795752048492432,2.1936662197113037,3.1334407329559326,4.55695915222168,5.96451997756958,6.846970081329346,7.267453193664551,7.662879467010498,8.388802528381348,9.155900001525879,9.425613403320312,9.268963813781738,9.124770164489746,9.235167503356934,9.574405670166016,9.774946212768555,9.560796737670898,9.174912452697754,8.564835548400879
8.37454605102539,10.543046951293945,11.495023727416992,10.919961929321289,9.833892822265625,9.116983413696289,8.742297172546387,8.27657413482666,7.381019592285156,6.0319085121154785,4.634537220001221,3.7626383304595947,3.4798362255096436,3.102304220199585,2.2385993003845215,1.529266119003296,1.3266611099243164,1.1901613473892212,0.5323038697242737,-0.766893208026886,-1.8047906160354614,-1.6437722444534302,-0.38846462965011597,1.280721664428711,2.8838248252868652,4.353552341461182,5.862146854400635,7.389459133148193,8.52525806427002,8.909311294555664,8.784918785095215,8.813003540039062,9.444723129272461,10.31010627746582,10.753164291381836,10.613593101501465,10.259075164794922,10.213739395141602,10.61820125579834,11.004256248474121,10.883776664733887,10.296929359436035,9.52184009552002
9.638022422790527,11.450961112976074,11.81336784362793,10.886584281921387,9.708742141723633,8.84683895111084,8.274092674255371,7.639835357666016,6.719382286071777,5.638691425323486,4.737106800079346,4.35009241104126,4.246959209442139,3.821058988571167,3.130175828933716,2.723123550415039,2.698373317718506,2.548051118850708,1.657918930053711,0.34305980801582336,-0.5501752495765686,-0.5514892339706421,0.30750197172164917,1.8018038272857666,3.753509044647217,5.7916717529296875,7.569717884063721,8.939377784729004,9.679828643798828,9.786602020263672,9.678441047668457,9.894818305969238,10.42832088470459,10.764925956726074,10.697160720825195,10.507177352905273,10.532608985900879,10.932489395141602,11.630764961242676,12.19480037689209,12.264005661010742,11.850350379943848,11.116042137145996
10.375263214111328,11.44133472442627,11.399080276489258,10.49661922454834,9.552759170532227,8.810586929321289,8.07005786895752,7.1231865882873535,6.171280384063721,5.498942852020264,5.250209331512451,5.441505432128906,5.6506171226501465,5.395265102386475,4.729489803314209,4.138957977294922,3.8469409942626953,3.40440034866333,2.381960868835449,1.2010263204574585,0.6315645575523376,0.9452281594276428,1.8290824890136719,3.000094175338745,4.453912734985352,6.003327369689941,7.317136764526367,8.26561450958252,8.909309387207031,9.44428539276123,9.98969841003418,10.53862190246582,10.806736946105957,10.424269676208496,9.732967376708984,9.517192840576172,10.022076606750488,10.956043243408203,11.932233810424805,12.672628402709961,13.205822944641113,13.452356338500977,13.175939559936523
9.66850471496582,10.36380672454834,10.55240535736084,10.226889610290527,9.752664566040039,9.036761283874512,7.904673099517822,6.670742988586426,5.856212139129639,5.728858947753906,6.236875534057617,7.0008225440979,7.346651077270508,6.8710761070251465,5.842714786529541,5.031011581420898,4.599673748016357,4.054991245269775,3.2283499240875244,2.608484983444214,2.6701018810272217,3.286372184753418,3.884758234024048,4.223255157470703,4.540472030639648,5.006641864776611,5.5634379386901855,6.23710823059082,7.2209858894348145,8.491756439208984,9.682424545288086,10.369695663452148,10.237224578857422,9.3499116897583,8.47760009765625,8.4216947555542,9.25134563446045,10.505440711975098,11.68140697479248,12.76955509185791,14.024345397949219,15.07093620300293,15.234647750854492
7.847437381744385,8.291864395141602,8.91026496887207,9.384549140930176,9.471242904663086,8.840019226074219,7.621196269989014,6.488534927368164,5.944866180419922,6.198779106140137,7.193040370941162,8.266889572143555,8.514841079711914,7.739591598510742,6.611448287963867,5.905412673950195,5.527411460876465,5.004708290100098,4.458151817321777,4.479118347167969,5.165107727050781,5.798731803894043,5.6547980308532715,4.924494743347168,4.243496894836426,3.9426393508911133,4.129631519317627,4.8792829513549805,6.098860740661621,7.544401168823242,8.872294425964355,9.568412780761719,9.221097946166992,8.15567684173584,7.3995280265808105,7.550917148590088,8.523361206054688,9.848708152770996,11.214970588684082,12.93290901184082,15.121545791625977,16.892393112182617,17.276872634887695
6.224471569061279,6.252309799194336,6.8180694580078125,7.347721576690674,7.537483215332031,7.4035797119140625,7.007091999053955,6.437028884887695,6.164489269256592,6.726224899291992,7.97080135345459,9.01294994354248,9.012228012084961,8.141887664794922,7.235940456390381,6.739702224731445,6.3339738845825195,5.772048473358154,5.56103515625,6.162909507751465,7.030847072601318,7.2382097244262695,6.584869384765625,5.557345390319824,4.589680194854736,3.9761571884155273,4.001342296600342,4.709042072296143,5.856682300567627,7.23245906829834,8.599933624267578,9.411779403686523,9.116451263427734,8.030604362487793,7.1819305419921875,7.16571044921875,7.918919563293457,9.083471298217773,10.69698429107666,13.140213966369629,16.07439422607422,18.214447021484375,18.760759353637695
5.824845790863037,4.905728340148926,4.654764175415039,4.946138858795166,5.630768299102783,6.382015705108643,6.731072902679443,6.659008979797363,6.863179683685303,7.806834697723389,9.047924041748047,9.687605857849121,9.347099304199219,8.558317184448242,7.953107833862305,7.557425022125244,7.031172752380371,6.4269795417785645,6.441241264343262,7.222165107727051,7.934041976928711,7.910587787628174,7.305770397186279,6.4463701248168945,5.478739261627197,4.689838886260986,4.500585556030273,5.021905899047852,6.144565582275391,7.673585891723633,9.185595512390137,10.023275375366211,9.848587989807129,9.028963088989258,8.20250415802002,7.678020477294922,7.659502029418945,8.537029266357422,10.590536117553711,13.56204605102539,16.51995849609375,18.51096534729004,19.31077003479004
6.403270721435547,5.317302227020264,4.843955039978027,5.194371223449707,5.96915864944458,6.668982028961182,7.1005754470825195,7.513980388641357,8.379875183105469,9.621783256530762,10.587085723876953,10.632967948913574,9.863492965698242,9.134078025817871,8.8341064453125,8.68435287475586,8.131149291992188,7.26973819732666,7.053130149841309,7.760659217834473,8.588459968566895,8.813518524169922,8.348613739013672,7.403359413146973,6.318580150604248,5.538628101348877,5.28477144241333,5.594044208526611,6.628641128540039,8.254134178161621,9.679770469665527,10.191679954528809,10.089460372924805,9.9435453414917,9.684137344360352,9.012751579284668,8.465737342834473,9.146024703979492,11.354388236999512,14.16417407989502,16.47247886657715,18.03650665283203,19.135862350463867
6.3772196769714355,5.375425815582275,5.447066783905029,6.082085132598877,6.507009983062744,6.796139240264893,7.345335483551025,8.398574829101562,9.861553192138672,11.321014404296875,12.150712013244629,11.709844589233398,10.511218070983887,9.780088424682617,9.920363426208496,10.125466346740723,9.3501615524292,8.031150817871094,7.683592796325684,8.657076835632324,9.901108741760254,10.239670753479004,9.43082046508789,8.13948917388916,7.1771721839904785,6.712976455688477,6.566493988037109,6.7677483558654785,7.653197765350342,9.013497352600098,9.795044898986816,9.6890230178833,9.638022422790527,10.1315279006958,10.559805870056152,10.393916130065918,10.191278457641602,10.941441535949707,12.740120887756348,14.609304428100586,15.989100456237793,17.252002716064453,18.676124572753906
5.1294264793396,4.848444938659668,5.374011039733887,5.535548210144043,5.486845970153809,5.883471488952637,6.919487953186035,8.442837715148926,10.34482479095459,12.43379020690918,13.371027946472168,12.496950149536133,11.001254081726074,10.525798797607422,11.12779712677002,11.24466609954834,10.076459884643555,8.896770477294922,9.011642456054688,10.209872245788574,11.35380744934082,11.479480743408203,10.429840087890625,9.07913589477539,8.293746948242188,8.067055702209473,8.078389167785645,8.366289138793945,9.186870574951172,9.99562931060791,9.777813911437988,9.041167259216309,9.038010597229004,9.928750038146973,10.945981979370117,11.681964874267578,12.3071870803833,12.98496150970459,13.679153442382812,14.375046730041504,15.218120574951172,16.43865966796875,17.918792724609375
5.258301734924316,4.584181308746338,5.126553535461426,5.420274257659912,4.916958332061768,4.7047119140625,5.566582679748535,7.351630687713623,9.976093292236328,12.64775562286377,13.317626953125,12.019457817077637,10.910537719726562,11.176309585571289,11.826993942260742,11.515474319458008,10.473937034606934,9.976448059082031,10.43030834197998,11.340576171875,12.262978553771973,12.590216636657715,11.755337715148926,10.413003921508789,9.53499698638916,9.311914443969727,9.433018684387207,9.842964172363281,10.507529258728027,10.495728492736816,9.390396118164062,8.31964111328125,8.344925880432129,9.494312286376953,11.31039047241211,13.219274520874023,14.357465744018555,14.256941795349121,13.692911148071289,13.68435287475586,14.402569770812988,15.520368576049805,16.74850845336914
6.652510643005371,5.577900409698486,5.824123382568359,5.716801643371582,5.185502052307129,5.2153191566467285,6.013164043426514,7.682270050048828,10.250125885009766,12.291491508483887,12.201333045959473,11.15329360961914,10.86328411102295,11.256195068359375,11.362525939941406,10.886258125305176,10.390400886535645,10.446566581726074,11.026082992553711,12.065272331237793,13.347343444824219,13.845617294311523,12.939751625061035,11.517532348632812,10.568838119506836,10.280241966247559,10.336309432983398,10.613452911376953,10.693890571594238,9.798831939697266,8.446107864379883,7.592734336853027,7.67611026763916,9.088117599487305,11.858134269714355,14.652788162231445,15.491440773010254,14.45926284790039,13.347204208374023,13.192075729370117,13.738734245300293,14.546035766601562,15.569206237792969
7.802480220794678,6.834314823150635,6.920114040374756,6.984717845916748,6.807879447937012,6.732001304626465,7.157623767852783,8.591530799865723,10.738198280334473,12.017107009887695,11.6104154586792,10.678218841552734,10.14501667022705,9.94792652130127,9.666068077087402,9.185617446899414,8.967527389526367,9.50832748413086,10.877745628356934,12.702189445495605,14.093961715698242,14.019142150878906,12.75565242767334,11.502602577209473,10.784268379211426,10.389890670776367,10.16971206665039,10.118204116821289,9.682283401489258,8.571657180786133,7.582380294799805,7.119743824005127,7.303365230560303,8.978567123413086,12.134605407714844,14.761101722717285,15.188748359680176,14.133625030517578,13.065177917480469,12.5828275680542,12.6784086227417,13.266753196716309,14.196722984313965
