data/wind_data/wind_57_3.json
{"header": {"parameterUnit": "KT", "parameterCategory": 2, "nx": 256, "ny": 198, "lo1": 44.73521041870117, "la1": -3.236724853515625, "lo2": 111.26478576660156, "la2": 43.468475341796875, "dx": 0.2609002888202667, "dy": -0.23708222806453705, "refTime": "2025-02-21 09:00:00", "forecastTime": 0, "parameterNumber": 2, "parameterNumberName": "eastward_wind"}, "data":
[rows 133 to 151 of 198, columns 0 to 43 of 256]
28.76551055908203,28.401554107666016,27.136791229248047,25.798507690429688,25.222023010253906,24.31183433532715,22.972015380859375,21.3189754486084,19.41768455505371,17.970197677612305,17.016082763671875,16.242822647094727,15.852497100830078,13.411511421203613,11.590046882629395,10.723419189453125,8.987200736999512,7.5197672843933105,7.662755012512207,6.82705020904541,5.00329065322876,4.7014994621276855,6.767551422119141,9.648186683654785,12.596726417541504,15.135077476501465,18.520450592041016,25.53506088256836,32.783817291259766,31.788558959960938,31.157201766967773,33.64122009277344,35.577880859375,36.0648078918457,37.213829040527344,38.87965774536133,37.2530403137207,25.377321243286133,23.567930221557617,24.306549072265625,28.2479190826416,32.7675895690918,35.24564743041992,34.209407806396484
29.730632781982422,28.99886703491211,27.462007522583008,26.122472763061523,25.55205535888672,24.355268478393555,22.822040557861328,21.11446762084961,19.517234802246094,18.340965270996094,17.465547561645508,16.79998207092285,15.538921356201172,12.915651321411133,10.868553161621094,9.280272483825684,7.120649337768555,5.991691589355469,6.632185459136963,6.404226303100586,4.764580249786377,4.548323631286621,6.666074275970459,9.958733558654785,13.526936531066895,16.09481430053711,20.64449119567871,29.608104705810547,35.190093994140625,34.19639205932617,35.99397277832031,39.04254150390625,39.35472869873047,39.22623062133789,40.78998947143555,39.489376068115234,31.18963623046875,28.31424903869629,29.22681999206543,30.353958129882812,33.047935485839844,34.20151901245117,31.77950096130371,28.850563049316406
30.250375747680664,29.41246795654297,27.721956253051758,26.234560012817383,25.586332321166992,24.248197555541992,22.722463607788086,21.246870040893555,20.00482749938965,18.978235244750977,18.108640670776367,17.033605575561523,15.204939842224121,12.38905143737793,10.038261413574219,7.421084880828857,5.440033435821533,4.857569694519043,6.002136707305908,6.069793224334717,4.747200965881348,4.930533409118652,6.619112014770508,10.895158767700195,18.176597595214844,24.96294593811035,30.236499786376953,35.280494689941406,36.51667404174805,36.58836364746094,39.9373779296875,42.0157356262207,41.525997161865234,40.92380142211914,38.51083755493164,32.12999725341797,28.598873138427734,29.12206268310547,29.350231170654297,31.559337615966797,31.549293518066406,28.726242065429688,26.895915985107422,26.33350372314453
30.18674659729004,29.60352325439453,27.98331069946289,26.31629753112793,25.497135162353516,24.17746353149414,22.945295333862305,21.82582664489746,20.92797088623047,19.797243118286133,18.790367126464844,17.14134407043457,14.708136558532715,11.762962341308594,9.075335502624512,5.962460517883301,3.9139351844787598,4.410055160522461,5.737674713134766,5.814984321594238,4.990324974060059,6.467050075531006,8.860846519470215,13.797850608825684,23.46428871154785,31.80758285522461,36.08199691772461,37.58960723876953,36.90200424194336,38.30201721191406,41.41157150268555,41.65931701660156,38.9328498840332,35.48336410522461,32.79362106323242,29.343935012817383,30.05076026916504,30.490842819213867,31.115358352661133,31.464754104614258,28.64360237121582,25.071176528930664,23.633663177490234,24.467649459838867
29.72281265258789,29.330001831054688,27.822284698486328,26.202836990356445,25.214696884155273,24.173070907592773,23.317773818969727,22.512798309326172,21.94779396057129,20.655160903930664,19.27107810974121,17.13129425048828,14.189658164978027,11.179045677185059,8.006129264831543,4.247457981109619,2.9734416007995605,4.297397613525391,5.912474632263184,5.712971210479736,6.035972595214844,11.150429725646973,17.11819076538086,21.92736053466797,28.12529945373535,32.841163635253906,35.365623474121094,36.89817428588867,38.00202178955078,39.706451416015625,39.910057067871094,36.03924560546875,31.323284149169922,27.49889373779297,26.416893005371094,26.759525299072266,27.887035369873047,29.427082061767578,30.587066650390625,29.437292098999023,26.37703514099121,24.574974060058594,23.825571060180664,23.477020263671875
28.76192855834961,28.33891487121582,27.00002670288086,25.729345321655273,24.891054153442383,24.10692024230957,23.329980850219727,22.75680923461914,22.226722717285156,20.917448043823242,19.344131469726562,16.87653160095215,13.768160820007324,10.492713928222656,7.111701011657715,3.0525496006011963,2.5650691986083984,4.5376410484313965,6.328666687011719,6.215235710144043,8.143610954284668,17.69823455810547,26.288415908813477,29.292789459228516,30.600282669067383,32.08010482788086,34.33452224731445,37.64620590209961,39.94296646118164,38.94575119018555,33.84522247314453,29.573932647705078,27.875505447387695,28.369356155395508,27.93749237060547,26.838483810424805,27.343427658081055,30.109617233276367,28.606101989746094,26.26787567138672,23.817758560180664,22.57459259033203,22.586894989013672,24.734527587890625
27.76069450378418,27.234846115112305,25.998332977294922,25.10447120666504,24.44773292541504,23.395353317260742,22.49517059326172,22.099225997924805,21.667383193969727,20.734106063842773,19.19268798828125,16.216312408447266,13.5101957321167,10.2855224609375,6.705160617828369,2.5962140560150146,2.623461961746216,4.950466632843018,7.034121513366699,8.259862899780273,11.417877197265625,20.74509048461914,27.86113739013672,29.06145477294922,29.986312866210938,33.79105758666992,37.880821228027344,40.91240692138672,39.87291717529297,33.0650634765625,28.368253707885742,25.731958389282227,28.605457305908203,29.764198303222656,27.16896629333496,25.547107696533203,30.543384552001953,29.061344146728516,24.510229110717773,22.995573043823242,21.666637420654297,20.17942237854004,22.890056610107422,26.427385330200195
27.414968490600586,26.33241081237793,24.996158599853516,24.32026481628418,23.63434410095215,22.38657569885254,21.446060180664062,21.0087833404541,20.639366149902344,20.173892974853516,18.994871139526367,16.383838653564453,12.846057891845703,10.443193435668945,7.030435562133789,2.895277261734009,2.9190733432769775,5.267390727996826,7.199426174163818,10.032504081726074,13.717265129089355,19.35028839111328,24.05095100402832,29.11191749572754,34.80805587768555,39.31918716430664,41.72114944458008,40.8772087097168,34.903560638427734,28.13333511352539,24.779626846313477,21.250154495239258,28.117456436157227,28.616117477416992,25.734230041503906,29.14745330810547,28.416818618774414,23.03030014038086,21.641889572143555,22.910663604736328,22.310256958007812,20.885183334350586,24.05587387084961,28.205612182617188
27.20347023010254,25.351818084716797,23.8111515045166,23.415964126586914,22.637365341186523,21.302631378173828,20.284109115600586,19.649364471435547,19.316152572631836,19.19383430480957,18.573013305664062,16.41277313232422,13.761395454406738,11.401799201965332,7.118227481842041,3.2932798862457275,3.2512259483337402,5.2467875480651855,7.697831153869629,10.688720703125,14.5018892288208,22.804702758789062,31.213150024414062,37.427024841308594,41.88444519042969,43.0084228515625,40.84326171875,35.42729949951172,29.774715423583984,25.356822967529297,19.804981231689453,20.97368621826172,28.69020652770996,27.880191802978516,28.809677124023438,26.706707000732422,21.550052642822266,19.578411102294922,20.8157958984375,23.16218376159668,19.747037887573242,22.116500854492188,25.56029510498047,28.22577476501465
25.964954376220703,24.239654541015625,22.661842346191406,22.165895462036133,21.368371963500977,19.91948127746582,18.662641525268555,17.948816299438477,17.84209632873535,18.092636108398438,17.75080680847168,16.520671844482422,14.147664070129395,12.221802711486816,8.712347984313965,5.205468654632568,4.19329309463501,5.4396772384643555,8.370843887329102,12.14319896697998,20.016054153442383,31.836423873901367,39.181358337402344,42.227195739746094,43.31753921508789,41.92799758911133,35.99485397338867,29.504426956176758,25.164772033691406,19.16313362121582,20.70289421081543,26.901525497436523,28.432106018066406,28.30996322631836,27.326244354248047,21.2504940032959,17.432106018066406,18.0059871673584,23.018749237060547,20.72099494934082,20.63689422607422,23.082618713378906,25.477294921875,25.38889503479004
23.790151596069336,23.14162254333496,21.657896041870117,20.4251651763916,19.637372970581055,18.164749145507812,16.941814422607422,16.375429153442383,16.609432220458984,16.992048263549805,17.279094696044922,16.67729377746582,14.685124397277832,13.340341567993164,10.449995994567871,7.42120885848999,6.101818561553955,6.9587626457214355,11.638826370239258,19.164011001586914,29.096885681152344,38.74549865722656,42.20231246948242,42.10100173950195,41.119754791259766,37.726566314697266,30.782514572143555,26.598981857299805,22.263891220092773,22.981287002563477,28.36517333984375,29.901796340942383,28.528411865234375,26.872663497924805,21.799062728881836,17.41644859313965,16.770475387573242,19.712257385253906,24.565431594848633,17.672025680541992,19.777523040771484,23.641361236572266,24.37628173828125,21.863277435302734
20.961463928222656,21.437273025512695,20.34481430053711,18.76105499267578,17.906957626342773,16.286209106445312,15.163986206054688,14.979634284973145,15.673704147338867,16.81717300415039,17.503358840942383,17.370351791381836,16.098669052124023,14.907214164733887,12.648293495178223,9.961971282958984,9.582559585571289,12.252284049987793,19.526330947875977,28.624263763427734,36.770286560058594,42.07829666137695,41.79229736328125,39.86963653564453,38.59661102294922,35.034027099609375,29.52576446533203,25.42605209350586,23.57784652709961,28.73215103149414,31.31545639038086,29.938331604003906,27.025344848632812,21.56343650817871,16.43682098388672,16.63737678527832,20.337352752685547,22.0712947845459,23.18081283569336,17.496427536010742,18.98232650756836,22.47731590270996,21.287967681884766,18.330089569091797
17.217334747314453,18.69669532775879,18.15048599243164,16.676698684692383,15.697477340698242,14.18917179107666,13.624104499816895,14.378683090209961,16.526411056518555,17.939868927001953,19.78196907043457,20.36949920654297,17.740694046020508,16.252622604370117,15.44810676574707,14.314191818237305,14.951885223388672,18.460079193115234,25.191232681274414,33.10417938232422,40.1892204284668,42.766380310058594,40.35757064819336,38.27278137207031,37.073204040527344,33.235042572021484,28.697507858276367,23.97564697265625,25.899229049682617,30.054819107055664,30.625577926635742,28.543731689453125,22.104488372802734,13.99665641784668,13.966113090515137,17.89875030517578,20.349205017089844,18.900524139404297,18.20852279663086,17.874446868896484,19.632556915283203,20.06174087524414,17.69658088684082,15.778013229370117
13.724584579467773,15.768775939941406,15.488818168640137,14.042755126953125,13.153288841247559,12.378806114196777,13.431387901306152,16.250713348388672,20.429426193237305,23.242477416992188,24.0869197845459,22.988706588745117,19.33745574951172,17.92929458618164,20.791894912719727,21.47516632080078,19.86725425720215,23.156641006469727,31.22548484802246,37.66289138793945,41.200904846191406,41.42407989501953,39.623565673828125,38.108978271484375,34.59723663330078,29.754669189453125,25.82058334350586,24.771183013916016,28.12391471862793,30.146825790405273,29.124284744262695,24.113487243652344,12.144330978393555,10.429845809936523,15.715824127197266,17.67713165283203,16.652347564697266,14.774147987365723,15.292950630187988,17.34458351135254,18.740541458129883,17.092344284057617,14.572644233703613,15.118640899658203
11.027449607849121,13.01758861541748,12.738629341125488,11.467933654785156,11.27285385131836,11.82053279876709,15.81760311126709,22.032066345214844,27.972017288208008,29.156076431274414,26.09444236755371,22.637611389160156,20.101123809814453,19.632020950317383,21.987985610961914,26.06770896911621,25.582256317138672,29.420475006103516,36.641845703125,39.812503814697266,40.31139373779297,39.49509811401367,37.54411315917969,35.62343978881836,31.775196075439453,27.64582633972168,25.847393035888672,28.14624786376953,29.792875289916992,23.90094566345215,17.29503059387207,11.00894832611084,11.571144104003906,18.855703353881836,17.044950485229492,14.466877937316895,13.573328971862793,13.630067825317383,14.949478149414062,16.265522003173828,15.1686372756958,13.075582504272461,13.661662101745605,15.891382217407227
8.850749969482422,10.442527770996094,10.133673667907715,9.322129249572754,10.09483814239502,13.393549919128418,20.533418655395508,28.472900390625,31.244924545288086,25.746187210083008,25.313413619995117,23.28931999206543,21.529539108276367,20.575902938842773,21.653623580932617,26.02447509765625,29.707788467407227,32.676185607910156,34.62581253051758,36.21084976196289,37.59476089477539,36.13064193725586,33.893680572509766,32.60315704345703,30.412677764892578,27.886899948120117,30.237777709960938,29.008398056030273,22.367156982421875,20.446584701538086,16.6179141998291,17.48455047607422,13.766777992248535,14.023571014404297,13.162681579589844,12.021312713623047,11.682787895202637,12.42530345916748,13.624585151672363,13.392685890197754,12.461730003356934,12.838823318481445,14.24063777923584,15.449984550476074
7.528173446655273,8.723304748535156,8.332196235656738,7.889803886413574,10.498154640197754,16.526853561401367,24.721206665039062,31.07192611694336,29.373706817626953,27.153514862060547,25.256303787231445,24.347883224487305,23.16332244873047,22.5572509765625,25.03910255432129,28.35833740234375,29.499839782714844,30.868101119995117,33.5845947265625,36.2987174987793,36.311378479003906,33.55485534667969,31.952600479125977,30.781532287597656,29.447216033935547,30.8792724609375,28.795724868774414,23.375015258789062,16.80079460144043,16.664997100830078,15.4051513671875,14.056123733520508,11.225564956665039,10.210517883300781,10.349567413330078,9.52680492401123,8.574747085571289,9.862505912780762,10.857894897460938,11.098868370056152,12.845407485961914,14.88913345336914,15.860162734985352,14.788049697875977
6.977475166320801,7.843774318695068,7.361019611358643,7.181795597076416,11.81017017364502,19.426355361938477,26.83440399169922,30.905242919921875,23.848573684692383,23.633583068847656,27.041790008544922,26.190017700195312,24.708839416503906,26.74016571044922,31.786705017089844,32.39938735961914,31.36439323425293,33.49903106689453,37.313446044921875,36.079673767089844,33.84495544433594,33.339237213134766,33.7510871887207,31.45533561706543,30.244564056396484,25.14764976501465,20.46855354309082,21.49095344543457,20.122753143310547,18.045665740966797,16.03559112548828,14.991551399230957,14.792713165283203,12.66535472869873,10.03499984741211,7.546167373657227,6.169615268707275,6.9695868492126465,8.435538291931152,10.626885414123535,14.207399368286133,16.13674545288086,15.533665657043457,13.978261947631836
6.813068866729736,7.506475448608398,6.973949432373047,6.898228645324707,12.644904136657715,20.03531265258789,25.305011749267578,30.818126678466797,27.00745964050293,21.957399368286133,25.457151412963867,27.700918197631836,28.175373077392578,29.473339080810547,32.381553649902344,28.757591247558594,25.179851531982422,31.353837966918945,37.66372299194336,35.03554916381836,33.6174201965332,33.53523254394531,31.971668243408203,31.92768669128418,30.709211349487305,23.633089065551758,23.450336456298828,22.400787353515625,22.734092712402344,22.721168518066406,20.742212295532227,18.092023849487305,16.097257614135742,13.922331809997559,11.817023277282715,9.606948852539062,7.742861270904541,7.18779182434082,8.030673027038574,9.920266151428223,12.365571022033691,13.494731903076172,13.757607460021973,12.499968528747559
