data/wind_data/wind_60_9.json
{"header": {"parameterUnit": "KT", "parameterCategory": 2, "nx": 256, "ny": 198, "lo1": 44.73521041870117, "la1": -3.236724853515625, "lo2": 111.26478576660156, "la2": 43.468475341796875, "dx": 0.2609002888202667, "dy": -0.23708222806453705, "refTime": "2025-02-21 12:00:00", "forecastTime": 0, "parameterNumber": 2, "parameterNumberName": "eastward_wind"}, "data":
[rows 38 to 56 of 198, columns 172 to 214 of 256]
12.832505226135254,13.60859203338623,14.569168090820312,15.719057083129883,15.518619537353516,15.62564468383789,16.37242317199707,18.051969528198242,17.169584274291992,14.28293514251709,14.60052490234375,15.146108627319336,14.2866849899292,13.570494651794434,13.563668251037598,12.373324394226074,14.161684036254883,15.41148853302002,16.043746948242188,14.896079063415527,13.85293197631836,13.311339378356934,14.246493339538574,13.849271774291992,12.47568130493164,11.91938304901123,13.066036224365234,14.359089851379395,14.394773483276367,14.107776641845703,13.954809188842773,13.500127792358398,13.604772567749023,14.622233390808105,15.798139572143555,16.738311767578125,17.592933654785156,18.62880516052246,19.83995246887207,21.092214584350586,20.83263397216797,19.18630599975586,17.309551239013672
13.350664138793945,14.172606468200684,14.906623840332031,15.346809387207031,14.771724700927734,15.593934059143066,16.76296615600586,18.229429244995117,16.885892868041992,15.038650512695312,14.960709571838379,14.990738868713379,13.97399616241455,13.490242958068848,14.416746139526367,14.33067798614502,15.114753723144531,16.26202392578125,16.84172821044922,15.972772598266602,14.26597785949707,13.39403247833252,14.088525772094727,14.339300155639648,13.866314888000488,13.798288345336914,14.469313621520996,14.758929252624512,14.298851013183594,13.793183326721191,13.642122268676758,13.848310470581055,14.855958938598633,15.992971420288086,16.744163513183594,17.217756271362305,17.640790939331055,18.54111671447754,19.805410385131836,20.967805862426758,21.42593765258789,20.654821395874023,19.4728946685791
13.409247398376465,13.25661849975586,13.648417472839355,14.563331604003906,14.94714641571045,15.735254287719727,16.690210342407227,17.05921173095703,15.546406745910645,14.214305877685547,14.055758476257324,14.70293140411377,13.512932777404785,13.236334800720215,14.060203552246094,14.514595031738281,15.476476669311523,16.462427139282227,16.759519577026367,16.072208404541016,14.807890892028809,13.237275123596191,13.622949600219727,14.396678924560547,14.582691192626953,15.23926830291748,16.07459831237793,15.80933666229248,14.475123405456543,13.407842636108398,13.153223037719727,13.978029251098633,15.663634300231934,16.74690818786621,17.190032958984375,18.221359252929688,18.05257797241211,18.672327041625977,19.866926193237305,20.863988876342773,21.028057098388672,20.603267669677734,20.864803314208984
13.633544921875,12.937271118164062,12.084675788879395,12.73713493347168,14.425442695617676,15.53516960144043,16.239665985107422,15.597033500671387,13.210125923156738,12.279752731323242,12.623030662536621,13.585752487182617,12.937344551086426,12.912469863891602,13.180578231811523,13.606133460998535,14.98318099975586,16.382116317749023,16.433692932128906,15.096413612365723,14.225040435791016,13.12190055847168,13.3421049118042,14.000887870788574,15.097414016723633,16.485227584838867,17.324260711669922,16.731834411621094,14.756793975830078,12.941617965698242,12.616958618164062,14.089380264282227,15.809626579284668,16.5881404876709,17.204544067382812,18.686691284179688,18.893077850341797,19.601163864135742,19.83955955505371,19.92790985107422,20.04383087158203,19.85472297668457,20.66227912902832
13.254973411560059,13.01258659362793,11.791522979736328,11.691230773925781,13.60191822052002,14.510231018066406,14.591373443603516,13.784695625305176,11.846770286560059,10.87675952911377,10.968786239624023,11.710002899169922,12.429792404174805,12.293002128601074,11.82767391204834,12.299092292785645,13.677220344543457,15.27524185180664,16.059377670288086,14.674944877624512,13.558677673339844,13.270088195800781,13.240554809570312,13.851675987243652,15.860852241516113,17.495643615722656,18.09586524963379,17.18337631225586,14.772167205810547,12.630434036254883,12.62497329711914,14.323368072509766,15.75181770324707,16.284896850585938,17.116256713867188,17.995567321777344,18.548297882080078,19.915922164916992,20.30880355834961,18.935022354125977,18.213478088378906,18.835466384887695,20.189390182495117
12.975669860839844,12.67411994934082,12.225394248962402,11.717403411865234,13.172810554504395,13.58708667755127,12.504470825195312,11.818276405334473,11.13658618927002,10.350579261779785,9.893853187561035,10.151864051818848,10.829410552978516,10.713401794433594,10.713168144226074,11.833386421203613,13.706527709960938,14.512906074523926,14.975576400756836,14.355425834655762,13.751582145690918,13.693673133850098,13.669230461120605,14.610660552978516,16.620607376098633,17.859468460083008,18.115610122680664,16.915369033813477,14.275948524475098,12.447306632995605,13.118714332580566,15.311532974243164,15.356066703796387,15.707001686096191,17.281335830688477,17.52544403076172,18.20477294921875,19.480710983276367,19.752727508544922,18.13147735595703,17.26885986328125,18.09917640686035,19.59906005859375
13.532022476196289,12.596780776977539,12.388629913330078,11.615191459655762,11.725605010986328,12.704148292541504,11.830214500427246,10.566232681274414,10.378464698791504,10.077228546142578,10.093798637390137,9.442440032958984,8.785971641540527,8.580294609069824,9.712742805480957,12.138914108276367,14.42031478881836,15.523097038269043,15.534146308898926,14.36898422241211,13.78612232208252,14.281972885131836,14.959187507629395,15.94517707824707,16.95635986328125,17.300947189331055,17.163433074951172,16.025184631347656,14.05019474029541,13.256275177001953,14.456507682800293,15.563097953796387,14.833601951599121,15.84069538116455,16.369762420654297,16.786903381347656,17.87525749206543,19.481409072875977,19.23031997680664,17.771013259887695,17.52436065673828,17.9932861328125,18.998672485351562
13.757116317749023,12.753050804138184,11.86316967010498,11.63369083404541,10.255279541015625,10.750494956970215,11.304062843322754,11.126187324523926,10.190143585205078,10.219892501831055,10.174646377563477,9.541759490966797,8.149090766906738,7.441836357116699,8.975954055786133,12.021578788757324,15.261236190795898,16.827768325805664,16.354524612426758,14.574872970581055,14.164498329162598,15.109816551208496,16.23760223388672,17.037960052490234,16.846126556396484,15.964712142944336,15.447521209716797,14.974923133850098,14.192137718200684,13.792313575744629,13.825368881225586,15.213282585144043,16.35687828063965,16.002187728881836,16.430227279663086,16.902143478393555,16.968551635742188,18.380958557128906,18.33832359313965,18.108253479003906,18.441707611083984,18.634937286376953,19.094486236572266
13.820474624633789,12.791635513305664,11.542276382446289,11.090465545654297,9.57824993133545,9.751419067382812,10.724297523498535,11.544600486755371,11.545076370239258,10.971033096313477,10.37138843536377,10.296238899230957,9.110992431640625,8.233851432800293,9.465173721313477,12.022367477416992,14.992953300476074,16.87098503112793,16.412797927856445,14.865785598754883,14.802346229553223,15.920536994934082,17.17033576965332,17.757537841796875,16.77737808227539,14.92617416381836,14.104988098144531,14.38598346710205,14.193181991577148,13.32767105102539,13.525313377380371,15.963869094848633,16.53962516784668,17.024436950683594,16.627042770385742,16.7331485748291,15.961773872375488,17.15692710876465,18.211889266967773,18.776931762695312,18.947816848754883,18.812156677246094,19.559158325195312
12.241212844848633,12.62060832977295,11.698269844055176,11.288175582885742,10.06657600402832,9.879413604736328,10.770541191101074,12.013364791870117,12.505781173706055,11.424055099487305,10.911717414855957,10.946879386901855,10.849331855773926,10.477401733398438,11.126165390014648,12.659205436706543,14.3148775100708,15.528185844421387,15.469687461853027,14.931060791015625,15.171491622924805,16.001859664916992,17.01205062866211,17.85898780822754,17.23089599609375,15.175779342651367,13.963098526000977,14.303669929504395,14.161971092224121,13.096120834350586,13.745757102966309,15.85685920715332,16.564268112182617,16.921751022338867,17.22078514099121,16.900583267211914,16.08139991760254,17.498985290527344,18.341642379760742,18.508371353149414,18.301193237304688,18.842552185058594,20.81422996520996
10.704118728637695,11.524888038635254,12.151313781738281,11.99007797241211,11.145426750183105,11.078461647033691,11.254556655883789,12.318504333496094,13.078286170959473,12.124015808105469,11.083481788635254,11.197237014770508,11.228289604187012,12.107290267944336,13.090850830078125,13.800814628601074,13.841588020324707,14.104598045349121,14.523345947265625,14.9749116897583,15.395974159240723,15.495620727539062,15.621445655822754,16.392499923706055,17.21669578552246,16.767824172973633,15.351304054260254,14.545275688171387,14.039251327514648,13.532175064086914,14.46051025390625,15.85243034362793,15.906472206115723,16.108713150024414,17.60036849975586,17.633363723754883,17.10685157775879,18.182472229003906,18.449535369873047,17.81418800354004,17.705236434936523,19.32193374633789,21.810863494873047
10.346902847290039,10.61057186126709,11.68864917755127,12.243668556213379,12.467592239379883,12.496872901916504,11.67534065246582,12.131399154663086,13.644028663635254,12.433292388916016,10.91706371307373,11.00922679901123,11.071174621582031,12.147506713867188,14.163704872131348,14.983892440795898,14.319711685180664,13.860038757324219,14.113622665405273,14.946873664855957,15.421638488769531,14.940812110900879,14.260276794433594,14.435791015625,15.916108131408691,17.633289337158203,17.288902282714844,15.216986656188965,13.720134735107422,13.886544227600098,15.373071670532227,16.442285537719727,15.912029266357422,15.594043731689453,17.01226043701172,18.605104446411133,18.798158645629883,18.188556671142578,18.16210174560547,17.90517807006836,17.590957641601562,19.42828369140625,22.396873474121094
11.387147903442383,10.72275161743164,11.086212158203125,12.07852840423584,13.50754451751709,13.73731517791748,12.402421951293945,11.553478240966797,12.944600105285645,12.865236282348633,10.616028785705566,10.501598358154297,11.622523307800293,12.291924476623535,14.067374229431152,15.408577919006348,15.336705207824707,14.422016143798828,13.925230026245117,14.482667922973633,14.943388938903809,14.415796279907227,13.635332107543945,13.371045112609863,14.412957191467285,16.602676391601562,17.654457092285156,15.90595817565918,13.83003044128418,14.11330509185791,15.488945007324219,16.289470672607422,16.3303279876709,16.157215118408203,16.865407943725586,19.44878387451172,20.061933517456055,18.151508331298828,17.124414443969727,16.679269790649414,17.226085662841797,19.72389793395996,21.932554244995117
12.709500312805176,11.885110855102539,11.332701683044434,12.082417488098145,14.075519561767578,14.767647743225098,13.09525203704834,11.595329284667969,11.838130950927734,11.970986366271973,10.265551567077637,10.006020545959473,11.827413558959961,13.243070602416992,14.083624839782715,15.299619674682617,15.796814918518066,14.683585166931152,13.276103019714355,13.435290336608887,14.183711051940918,14.005033493041992,13.333786010742188,12.951194763183594,13.51023006439209,15.087288856506348,16.08883285522461,15.607710838317871,14.432560920715332,14.493460655212402,15.356834411621094,15.83985424041748,15.896409034729004,16.514631271362305,17.860965728759766,19.606304168701172,19.80331039428711,17.14185333251953,14.66599178314209,14.429786682128906,16.200389862060547,18.911489486694336,20.514068603515625
13.304128646850586,12.937920570373535,12.263046264648438,12.487232208251953,14.335309028625488,15.540897369384766,14.228754997253418,12.192024230957031,11.126977920532227,10.949153900146484,9.921463012695312,9.440463066101074,11.121026992797852,13.441370010375977,14.574888229370117,15.107175827026367,15.239619255065918,14.279853820800781,12.664321899414062,12.275063514709473,13.172677040100098,13.395417213439941,12.826607704162598,12.307974815368652,12.424468040466309,13.420075416564941,14.015817642211914,14.374027252197266,14.692145347595215,14.842175483703613,15.346173286437988,15.839770317077637,15.810477256774902,16.209747314453125,17.623605728149414,19.0166072845459,18.89801788330078,16.264314651489258,13.624881744384766,13.495367050170898,15.36137866973877,17.43860626220703,18.7050838470459
13.27279281616211,13.103401184082031,12.836837768554688,12.917859077453613,14.748589515686035,16.14109230041504,15.046192169189453,13.448012351989746,11.929120063781738,10.794001579284668,10.346521377563477,9.447196960449219,10.418758392333984,12.857492446899414,14.59332275390625,14.806721687316895,13.960683822631836,13.070869445800781,12.524089813232422,12.06761646270752,12.317436218261719,12.726807594299316,12.161760330200195,11.038113594055176,10.83245849609375,11.527777671813965,11.872063636779785,12.589526176452637,14.285870552062988,15.438663482666016,15.646286964416504,15.839282989501953,16.19881820678711,16.257177352905273,16.500797271728516,17.537029266357422,17.777719497680664,16.002609252929688,13.857969284057617,13.636551856994629,14.846299171447754,16.068458557128906,17.47772216796875
12.929241180419922,12.520319938659668,12.393169403076172,12.63866901397705,14.924939155578613,17.097118377685547,15.918795585632324,13.805726051330566,12.296344757080078,11.534097671508789,11.562947273254395,11.086857795715332,10.830841064453125,12.303348541259766,13.945669174194336,14.040263175964355,12.881810188293457,12.166887283325195,12.43582820892334,12.29895305633545,12.166820526123047,12.279875755310059,11.272598266601562,9.55923843383789,9.026738166809082,9.677363395690918,10.067742347717285,10.80738639831543,13.015451431274414,15.41279125213623,16.315628051757812,15.97488784790039,16.18509292602539,16.381620407104492,15.677932739257812,15.716157913208008,16.092830657958984,15.257122993469238,13.766111373901367,13.491670608520508,13.993510246276855,14.553644180297852,16.39034080505371
13.049134254455566,12.157076835632324,11.738304138183594,11.679581642150879,13.973176002502441,17.71639060974121,16.832189559936523,14.248966217041016,11.830479621887207,10.895216941833496,11.38841724395752,12.414127349853516,12.419294357299805,12.388450622558594,12.905012130737305,12.688390731811523,12.093276977539062,12.072436332702637,12.448596000671387,12.256731986999512,11.8412504196167,11.679682731628418,10.487358093261719,9.006210327148438,8.423493385314941,8.632174491882324,8.725922584533691,9.331914901733398,11.65587329864502,14.618992805480957,16.081453323364258,15.843437194824219,15.851417541503906,15.75574779510498,14.651568412780762,14.226337432861328,13.903912544250488,13.593218803405762,13.289989471435547,13.2274808883667,13.133682250976562,13.187556266784668,14.900742530822754
14.29753589630127,13.261521339416504,12.335171699523926,11.377640724182129,12.111594200134277,15.732619285583496,17.619441986083984,14.288311004638672,10.523941040039062,9.502633094787598,10.036327362060547,11.607343673706055,13.071666717529297,12.997185707092285,12.224011421203613,11.414984703063965,11.330435752868652,12.020225524902344,12.42573356628418,11.713644027709961,10.908597946166992,10.699151039123535,9.696606636047363,9.038736343383789,9.725752830505371,9.940750122070312,9.00757884979248,8.851811408996582,10.730269432067871,13.072378158569336,14.058274269104004,14.64722728729248,15.18405818939209,14.537286758422852,13.498458862304688,12.913832664489746,11.93062686920166,11.985365867614746,12.887157440185547,13.28711986541748,12.906932830810547,12.429306983947754,13.431044578552246
