data/wind_data/wind_49_5.json
{"header": {"parameterUnit": "KT", "parameterCategory": 2, "nx": 256, "ny": 198, "lo1": 44.73521041870117, "la1": -3.236724853515625, "lo2": 111.26478576660156, "la2": 43.468475341796875, "dx": 0.2609002888202667, "dy": -0.23708222806453705, "refTime": "2025-02-21 01:00:00", "forecastTime": 0, "parameterNumber": 2, "parameterNumberName": "eastward_wind"}, "data":
[rows 114 to 132 of 198, columns 0 to 43 of 256]
38.73619079589844,38.566165924072266,38.605098724365234,38.57624816894531,38.270233154296875,38.50846481323242,38.59809494018555,38.48716354370117,38.46376037597656,38.687557220458984,39.009578704833984,39.263023376464844,39.41801452636719,39.4923095703125,39.56022644042969,39.75297927856445,40.081878662109375,40.39350128173828,40.55177688598633,40.59992980957031,41.06412887573242,42.46997833251953,44.47980880737305,46.1579475402832,47.329254150390625,48.506656646728516,49.799129486083984,50.68470001220703,50.880859375,50.7783203125,50.74529266357422,51.30979537963867,52.44298553466797,53.011390686035156,52.77872085571289,52.90245056152344,53.31343078613281,53.488895416259766,53.63595962524414,54.16856002807617,54.65953063964844,54.851661682128906,54.90036392211914,55.717689514160156
39.55844497680664,39.48131561279297,39.32493591308594,38.82326126098633,38.19157409667969,38.43470764160156,38.763671875,38.74365234375,38.486717224121094,38.38472366333008,38.649200439453125,39.15494155883789,39.63217544555664,39.88496398925781,39.95079040527344,40.00556945800781,40.128787994384766,40.297569274902344,40.47224044799805,40.605865478515625,40.79345703125,41.5793342590332,43.04303741455078,44.511226654052734,45.5710334777832,46.53131866455078,47.772735595703125,48.91621780395508,49.290645599365234,49.16646957397461,49.10914611816406,49.54867935180664,50.66349411010742,51.55684280395508,51.75618362426758,51.67953109741211,52.41383361816406,53.91114044189453,54.57183837890625,54.47196960449219,54.49491882324219,54.76315689086914,54.98090362548828,55.557830810546875
39.69564437866211,39.60837936401367,39.453819274902344,38.991519927978516,38.300941467285156,38.29194641113281,38.53549575805664,38.77082443237305,38.8002815246582,38.595497131347656,38.51198196411133,38.884620666503906,39.62223434448242,40.29491424560547,40.52497100830078,40.41367721557617,40.248435974121094,40.22331619262695,40.449241638183594,40.826045989990234,40.98822784423828,41.187618255615234,42.01934051513672,43.21984100341797,44.21477127075195,45.00020217895508,46.062477111816406,47.23259735107422,47.747642517089844,47.449134826660156,47.15611267089844,47.59232711791992,48.62523651123047,50.139793395996094,50.6925048828125,51.44693374633789,51.08096694946289,51.312625885009766,53.33254623413086,54.698604583740234,54.90498352050781,55.08300018310547,55.76585388183594,56.481178283691406
39.42250061035156,39.27964401245117,39.170982360839844,38.91865158081055,38.32600021362305,38.244808197021484,38.43045425415039,38.726871490478516,39.01726150512695,39.137794494628906,39.06753158569336,39.121334075927734,39.711448669433594,40.6909065246582,41.339820861816406,41.248233795166016,40.77023696899414,40.50149154663086,40.798789978027344,41.448184967041016,41.69662857055664,41.4142951965332,41.48014831542969,42.14582443237305,42.833248138427734,43.44122314453125,44.39012145996094,45.5822639465332,46.28841781616211,46.096405029296875,45.46611404418945,45.56450653076172,46.58832931518555,48.54624557495117,49.90609359741211,50.8752555847168,51.91116714477539,49.485931396484375,48.891719818115234,51.536651611328125,54.161869049072266,55.097381591796875,55.802425384521484,57.18883514404297
39.1773681640625,38.8256950378418,38.60271072387695,38.39572525024414,37.83351516723633,37.82032775878906,38.111656188964844,38.5075569152832,38.92299270629883,39.30773162841797,39.59242248535156,39.643646240234375,39.85414505004883,40.561588287353516,41.313270568847656,41.432064056396484,40.98786544799805,40.67987060546875,41.121883392333984,42.07170867919922,42.539459228515625,42.1129264831543,41.59238815307617,41.560672760009766,41.71063232421875,42.00336456298828,42.7720947265625,43.84619903564453,44.689430236816406,44.86053466796875,44.33540725708008,43.971885681152344,44.717464447021484,46.574581146240234,48.78289794921875,50.49658966064453,51.598812103271484,51.556861877441406,49.386940002441406,48.68737030029297,49.79864501953125,51.63726043701172,53.366451263427734,55.426265716552734
38.916748046875,38.35407257080078,38.03418731689453,37.8543815612793,37.2489128112793,37.27997970581055,37.7259521484375,38.32794189453125,38.89472961425781,39.33625793457031,39.70250701904297,39.825740814208984,39.74815368652344,39.933738708496094,40.365150451660156,40.536014556884766,40.3509407043457,40.34828567504883,41.08860778808594,42.31581115722656,43.023563385009766,42.741546630859375,42.088741302490234,41.69353103637695,41.46995162963867,41.40292739868164,41.729248046875,42.37544631958008,43.057579040527344,43.49067687988281,43.422096252441406,43.160919189453125,43.43911361694336,44.942352294921875,47.507633209228516,50.2529296875,51.50173568725586,52.85478591918945,53.49055862426758,51.523624420166016,49.342201232910156,47.57872009277344,47.572166442871094,49.50047302246094
39.01183319091797,38.58330535888672,38.306278228759766,38.06611251831055,37.34553146362305,37.3377571105957,37.817481994628906,38.498504638671875,39.116546630859375,39.54608154296875,39.81547164916992,39.83712387084961,39.51530075073242,39.24449920654297,39.32143020629883,39.51374816894531,39.685935974121094,40.11031723022461,41.13664245605469,42.49586868286133,43.2710075378418,43.08278274536133,42.50684356689453,42.11094665527344,41.82024002075195,41.519100189208984,41.412147521972656,41.56636428833008,41.90729522705078,42.296409606933594,42.66470718383789,42.995201110839844,43.56442642211914,44.93817138671875,47.224239349365234,49.852481842041016,51.61760711669922,52.965370178222656,54.71568298339844,54.8940544128418,53.52204132080078,50.61836624145508,48.25774383544922,47.322566986083984
39.48833465576172,39.36079025268555,39.18866729736328,38.84024429321289,37.949607849121094,37.82278823852539,38.19961929321289,38.79269790649414,39.37785339355469,39.80377960205078,39.986122131347656,39.810176849365234,39.28272247314453,38.84566879272461,38.88621139526367,39.27593994140625,39.803916931152344,40.49821853637695,41.508018493652344,42.63352584838867,43.223609924316406,43.02814865112305,42.56882858276367,42.3365478515625,42.22280502319336,41.96347427368164,41.666629791259766,41.5471305847168,41.630428314208984,41.918949127197266,42.57283020019531,43.61676025390625,44.60935974121094,45.593631744384766,47.26335144042969,49.45283126831055,51.19390106201172,52.47329330444336,53.75950622558594,55.08596420288086,55.43916320800781,54.93861770629883,54.099769592285156,51.137107849121094
40.56055450439453,40.56587600708008,40.36630630493164,39.964088439941406,39.02883529663086,38.729042053222656,38.898189544677734,39.305908203125,39.801761627197266,40.17753601074219,40.18874740600586,39.73651123046875,39.03395080566406,38.678192138671875,39.039512634277344,39.81541442871094,40.59055709838867,41.27025604248047,41.9737663269043,42.662193298339844,42.98417282104492,42.769535064697266,42.40351867675781,42.3269157409668,42.468624114990234,42.48704147338867,42.290374755859375,42.150634765625,42.33219528198242,43.06093978881836,44.264549255371094,45.33872985839844,45.77029037475586,45.99160385131836,46.98050308227539,48.598819732666016,50.14302444458008,51.42753601074219,52.442752838134766,53.54985427856445,54.69215774536133,56.11863708496094,57.45780944824219,56.354026794433594
42.29958724975586,42.155208587646484,41.82757568359375,41.38265609741211,40.56191635131836,40.21842575073242,40.184505462646484,40.28273391723633,40.459007263183594,40.58168029785156,40.386329650878906,39.77434158325195,39.04037094116211,38.80233383178711,39.36870574951172,40.37251663208008,41.26609802246094,41.829837799072266,42.24823760986328,42.633209228515625,42.769405364990234,42.53622055053711,42.210975646972656,42.20341110229492,42.554405212402344,42.931095123291016,43.104732513427734,43.35737228393555,44.24149703979492,45.45172882080078,46.292884826660156,46.572078704833984,46.484134674072266,46.55320358276367,46.97880554199219,47.55633544921875,48.627464294433594,49.87122344970703,50.867713928222656,52.003875732421875,53.5092887878418,55.169742584228516,56.995994567871094,58.127227783203125
43.954017639160156,43.76934051513672,43.35532760620117,42.82752227783203,42.09208679199219,41.826011657714844,41.72170639038086,41.5501823425293,41.28782272338867,41.01061248779297,40.68362045288086,40.1873664855957,39.60383605957031,39.350196838378906,39.741886138916016,40.55637741088867,41.31898880004883,41.75732421875,42.01555633544922,42.2766227722168,42.39647674560547,42.25230407714844,41.98626708984375,42.005462646484375,42.4971809387207,43.27692413330078,43.99700164794922,44.75226593017578,45.67842483520508,46.43318557739258,46.831993103027344,47.03022003173828,47.257232666015625,47.71047592163086,47.94047927856445,47.545711517333984,47.51524353027344,48.11859893798828,48.98518371582031,50.506561279296875,52.482173919677734,53.968055725097656,55.60444259643555,57.3402214050293
45.396488189697266,45.31329345703125,44.88688659667969,44.305580139160156,43.612857818603516,43.382991790771484,43.208282470703125,42.8074951171875,42.20709991455078,41.62254333496094,41.23543167114258,40.976646423339844,40.641727447509766,40.3331413269043,40.37238311767578,40.76897048950195,41.197235107421875,41.42458724975586,41.56588363647461,41.789432525634766,41.988059997558594,41.982913970947266,41.792076110839844,41.793975830078125,42.36967468261719,43.39949035644531,44.39470291137695,45.302738189697266,45.94484329223633,46.51555633544922,47.50495529174805,48.36919403076172,48.87766647338867,49.386474609375,49.4572868347168,48.73359298706055,47.95992660522461,47.709598541259766,48.22188186645508,49.487735748291016,50.76759338378906,51.64292907714844,53.149715423583984,55.72886657714844
46.555084228515625,46.58548355102539,46.169593811035156,45.58595275878906,44.9141960144043,44.672035217285156,44.42164993286133,43.85059356689453,43.044498443603516,42.31964874267578,41.92404556274414,41.804325103759766,41.63785934448242,41.326087951660156,41.130210876464844,41.19849395751953,41.347049713134766,41.382816314697266,41.3835563659668,41.5350341796875,41.744197845458984,41.78834533691406,41.61589431762695,41.57710266113281,42.15623092651367,43.384498596191406,44.814334869384766,45.943817138671875,46.51481628417969,47.205657958984375,48.66304016113281,49.74238204956055,50.222232818603516,50.62088394165039,50.341522216796875,49.611488342285156,48.80188751220703,48.29753494262695,49.142818450927734,50.4301643371582,50.927059173583984,50.42970657348633,51.111228942871094,53.92498779296875
47.2607421875,47.38553237915039,47.04246520996094,46.56336212158203,45.88179397583008,45.49399948120117,45.10991287231445,44.48638153076172,43.688880920410156,42.999454498291016,42.61878204345703,42.486907958984375,42.291259765625,41.96678161621094,41.777442932128906,41.76969528198242,41.73487091064453,41.573360443115234,41.38676452636719,41.35786056518555,41.42219924926758,41.371978759765625,41.14534378051758,41.10261154174805,41.72882080078125,43.375144958496094,45.474788665771484,46.77275848388672,47.5758056640625,48.48967742919922,49.78472137451172,50.56489181518555,50.904876708984375,50.937686920166016,50.12670135498047,49.4349365234375,49.3441162109375,49.87099838256836,51.270416259765625,51.867916107177734,51.03190612792969,50.22188949584961,50.55518341064453,52.68691635131836
47.65949630737305,47.863197326660156,47.623905181884766,47.3312873840332,46.72010803222656,46.11574935913086,45.49354553222656,44.84908676147461,44.188690185546875,43.59113693237305,43.15760040283203,42.89091873168945,42.61969757080078,42.354949951171875,42.274383544921875,42.25531005859375,42.01033401489258,41.54010772705078,41.093040466308594,40.84938430786133,40.7711296081543,40.66252517700195,40.45539093017578,40.520408630371094,41.35602569580078,43.541229248046875,45.9241828918457,47.27962875366211,48.48610305786133,49.579612731933594,50.05168151855469,50.38947677612305,50.858890533447266,50.67938232421875,49.990745544433594,49.689517974853516,50.22169494628906,51.06501388549805,51.202823638916016,50.325687408447266,50.14360046386719,51.50723648071289,52.51282501220703,53.184814453125
47.80228042602539,48.15208435058594,47.96718978881836,47.726192474365234,47.180721282958984,46.43156051635742,45.66598892211914,45.03153991699219,44.45573425292969,43.876766204833984,43.33095932006836,42.88267135620117,42.5037727355957,42.27314376831055,42.25633239746094,42.18873977661133,41.75143814086914,41.035423278808594,40.403594970703125,40.059879302978516,39.98202896118164,40.00144958496094,40.012001037597656,40.276817321777344,41.25347137451172,43.58562469482422,45.967838287353516,47.707191467285156,49.085166931152344,49.79130554199219,49.07127380371094,49.460853576660156,50.09504318237305,50.001373291015625,49.78242111206055,49.9224967956543,50.71958541870117,51.0922966003418,50.33220672607422,50.46097183227539,51.93656539916992,53.59163284301758,53.82486343383789,53.72330093383789
47.6988410949707,48.096412658691406,47.8297233581543,47.4389533996582,46.77693176269531,45.97099304199219,45.30300521850586,44.81802749633789,44.3057975769043,43.731754302978516,43.146759033203125,42.56276321411133,42.004146575927734,41.64603042602539,41.54802703857422,41.40034866333008,40.902435302734375,40.1975212097168,39.649044036865234,39.44122314453125,39.52614974975586,39.775413513183594,40.049190521240234,40.410614013671875,41.34732437133789,43.34238052368164,45.83744430541992,48.06534957885742,49.769195556640625,49.3064079284668,48.24247360229492,48.78645324707031,48.979148864746094,48.81779098510742,49.21555709838867,50.13926696777344,50.976924896240234,50.77448272705078,50.257652282714844,50.792999267578125,51.532291412353516,51.084049224853516,50.8510627746582,51.86409378051758
47.42008972167969,47.55337142944336,47.08781433105469,46.58180236816406,45.78545379638672,44.97188949584961,44.408203125,44.04761505126953,43.64495086669922,43.19026184082031,42.687129974365234,42.0622444152832,41.436153411865234,41.020389556884766,40.81224822998047,40.548187255859375,40.06175994873047,39.4964714050293,39.145484924316406,39.182437896728516,39.519161224365234,39.92545700073242,40.29253005981445,40.847259521484375,41.98546600341797,43.829742431640625,46.38669967651367,48.93631362915039,50.33081817626953,48.886722564697266,48.18128204345703,48.45346450805664,48.1811637878418,48.22825241088867,49.275962829589844,50.479305267333984,50.17705535888672,49.265419006347656,48.87570571899414,47.53289031982422,46.32748031616211,46.60904312133789,48.490089416503906,51.9718132019043
46.95772933959961,46.70048141479492,46.15009307861328,45.798133850097656,45.123722076416016,44.374481201171875,43.783905029296875,43.39784622192383,43.05889892578125,42.656959533691406,42.129249572753906,41.468753814697266,40.88892364501953,40.54861831665039,40.34242630004883,40.049739837646484,39.56838607788086,39.05481719970703,38.843780517578125,39.0483283996582,39.50740432739258,39.96303939819336,40.609214782714844,41.628868103027344,43.0421028137207,44.86176681518555,47.04254150390625,49.416725158691406,49.80147933959961,48.51517105102539,48.42912292480469,48.80314254760742,48.67930221557617,48.72072219848633,50.25764846801758,49.86033630371094,48.82906723022461,45.5691032409668,41.85698318481445,42.142059326171875,44.68135070800781,47.47719192504883,50.83565902709961,53.63104248046875
