data/wind_data/wind_68_0.json
{"header": {"parameterUnit": "KT", "parameterCategory": 2, "nx": 255, "ny": 198, "lo1": 44.73521041870117, "la1": -3.236724853515625, "lo2": 111.26478576660156, "la2": 43.468475341796875, "dx": 0.26192745566368103, "dy": -0.23708222806453705, "refTime": "2025-02-21 20:00:00", "forecastTime": 0, "parameterNumber": 3, "parameterNumberName": "northward_wind"}, "data":
[rows 76 to 94 of 198, columns 86 to 128 of 255]
-12.949223518371582,-12.615694046020508,-11.543265342712402,-10.386404037475586,-10.163222312927246,-10.296687126159668,-10.62190055847168,-10.467527389526367,-10.95684814453125,-11.533473014831543,-11.714523315429688,-11.481513977050781,-10.346385955810547,-9.046480178833008,-7.760224342346191,-7.268526554107666,-7.123467445373535,-6.425393104553223,-6.107527256011963,-5.720787525177002,-3.665593385696411,-0.15820078551769257,3.06628155708313,3.468766927719116,0.30304911732673645,-1.145504355430603,-2.6848506927490234,-2.169299840927124,-1.2420859336853027,-0.04329249635338783,0.9781577587127686,-1.2843079566955566,-0.8573804497718811,0.4111885130405426,0.6606094837188721,1.836777687072754,3.077298164367676,2.6800312995910645,2.149000644683838,2.6704561710357666,3.085336446762085,3.819592237472534,3.8204965591430664
-13.472683906555176,-13.436995506286621,-12.721482276916504,-11.699572563171387,-11.149771690368652,-10.207475662231445,-10.676247596740723,-10.377803802490234,-10.79560375213623,-11.35065746307373,-11.818877220153809,-11.793980598449707,-10.882651329040527,-9.319999694824219,-7.546552658081055,-7.89324426651001,-7.522982120513916,-7.312007904052734,-7.714475154876709,-8.101213455200195,-6.766473770141602,-2.9787402153015137,2.789557933807373,2.4467711448669434,-0.11342813819646835,-1.4636582136154175,-3.334521770477295,-3.5061018466949463,-1.8936171531677246,0.42759647965431213,-1.9405114650726318,-2.916497230529785,-3.412428855895996,-2.2394814491271973,0.7432113885879517,2.9997365474700928,3.8450303077697754,3.741722822189331,3.175565481185913,3.1669352054595947,3.436802625656128,3.2748289108276367,2.5722546577453613
-13.920295715332031,-14.34154987335205,-14.101631164550781,-13.294260025024414,-12.666036605834961,-11.133979797363281,-11.221292495727539,-10.543617248535156,-10.894566535949707,-10.878826141357422,-11.059679985046387,-11.372564315795898,-11.144628524780273,-10.199435234069824,-8.6172513961792,-8.297830581665039,-8.473851203918457,-8.94581413269043,-9.739923477172852,-10.42568302154541,-9.599958419799805,-6.71106481552124,0.5414671301841736,-0.3322541415691376,-1.111383080482483,-2.8729536533355713,-5.159866809844971,-4.786652088165283,-3.361677885055542,-3.2611169815063477,-4.22426176071167,-3.1740224361419678,-2.8658037185668945,-0.7987691760063171,1.9685957431793213,3.662344455718994,3.920938014984131,3.9939119815826416,4.429191589355469,4.391149997711182,4.202591419219971,3.708582878112793,3.307957172393799
-14.138788223266602,-14.54748249053955,-14.530787467956543,-14.600090026855469,-14.007462501525879,-12.836808204650879,-12.473215103149414,-11.595128059387207,-11.435269355773926,-10.830460548400879,-10.318947792053223,-11.021306991577148,-11.880921363830566,-12.066296577453613,-10.718644142150879,-9.43316650390625,-9.482124328613281,-10.619864463806152,-11.669983863830566,-12.367875099182129,-11.99283218383789,-9.181330680847168,-1.2354871034622192,-0.5088080167770386,-0.40046393871307373,-2.6557772159576416,-4.676294803619385,-4.513762950897217,-4.505084991455078,-5.066705226898193,-3.276116371154785,-3.734469175338745,-2.300530433654785,0.26406827569007874,2.3228166103363037,1.513192057609558,0.48334813117980957,0.8376274704933167,2.718651056289673,4.109385013580322,4.6869425773620605,4.926093101501465,5.239254951477051
-13.805082321166992,-14.471820831298828,-14.650511741638184,-14.763688087463379,-14.596826553344727,-14.070746421813965,-13.697775840759277,-13.481789588928223,-12.547386169433594,-11.993969917297363,-11.518062591552734,-11.796574592590332,-12.484328269958496,-13.134381294250488,-13.019636154174805,-11.605693817138672,-10.775442123413086,-11.522127151489258,-12.478402137756348,-13.125569343566895,-13.199089050292969,-9.687647819519043,-1.870139241218567,-0.354648232460022,-1.187933087348938,-2.6844840049743652,-3.845377206802368,-5.639113426208496,-5.4785685539245605,-4.504204273223877,-4.825887203216553,-4.334348678588867,-2.859218120574951,-1.5648167133331299,-1.4314910173416138,-1.17825186252594,-1.2034987211227417,-1.793982982635498,-1.7391754388809204,1.1481117010116577,4.291764736175537,5.0803937911987305,5.278716564178467
-13.468851089477539,-13.828750610351562,-14.200934410095215,-14.265022277832031,-14.284195899963379,-14.549362182617188,-14.812431335449219,-15.227340698242188,-14.513786315917969,-14.088539123535156,-13.786728858947754,-13.308884620666504,-13.018890380859375,-13.268265724182129,-13.673347473144531,-13.077032089233398,-11.84974479675293,-11.65737247467041,-12.502246856689453,-13.385043144226074,-13.269474983215332,-9.349571228027344,-2.401336908340454,-1.2617130279541016,-2.661468505859375,-2.912952423095703,-3.1640188694000244,-3.3713293075561523,-3.8766138553619385,-3.70884108543396,-3.7351276874542236,-4.020218849182129,-4.230188846588135,-4.796668529510498,-5.925853729248047,-4.747735500335693,-3.6854007244110107,-2.1377267837524414,-1.2778469324111938,0.23533867299556732,2.743680000305176,3.7662720680236816,4.13144588470459
-13.406462669372559,-13.493342399597168,-13.63095760345459,-13.94631290435791,-14.264175415039062,-14.590935707092285,-15.452664375305176,-16.120656967163086,-16.158069610595703,-16.079601287841797,-15.768789291381836,-15.087613105773926,-14.061714172363281,-13.065152168273926,-12.884866714477539,-13.140085220336914,-12.451227188110352,-11.773141860961914,-12.397061347961426,-13.7131929397583,-13.72485065460205,-9.299538612365723,-1.637510895729065,-0.7838934659957886,-1.958475947380066,-1.5386924743652344,-0.6739761829376221,0.17974914610385895,-0.8873640894889832,-1.3237680196762085,-2.638305902481079,-4.850807189941406,-5.303316116333008,-6.217151641845703,-5.961578845977783,-5.409054756164551,-5.217462062835693,-2.9662182331085205,0.15162470936775208,2.6782326698303223,3.6878960132598877,2.8547401428222656,3.0154905319213867
-13.409771919250488,-13.341874122619629,-13.565142631530762,-13.966938972473145,-14.52058219909668,-14.657755851745605,-15.733681678771973,-16.47170639038086,-16.858373641967773,-17.104402542114258,-16.88660430908203,-16.215396881103516,-15.085790634155273,-13.58890151977539,-12.088549613952637,-12.362621307373047,-12.467771530151367,-12.323410034179688,-12.892043113708496,-14.188859939575195,-14.31949234008789,-10.331428527832031,-1.5359976291656494,-1.725367546081543,-2.768709659576416,-1.3757789134979248,-0.37342411279678345,-0.684911847114563,-0.5447487831115723,-2.2375097274780273,-4.4013671875,-5.4564080238342285,-6.1810173988342285,-6.501882553100586,-5.737441539764404,-4.54395866394043,-3.2995808124542236,-1.9289062023162842,0.10937786847352982,3.8871941566467285,6.211385726928711,4.846850395202637,3.6766514778137207
-12.88472843170166,-13.195605278015137,-13.45406436920166,-13.762452125549316,-14.465839385986328,-14.914115905761719,-15.9217529296875,-16.54958152770996,-17.008153915405273,-17.302474975585938,-17.21180534362793,-16.60711097717285,-15.821208953857422,-14.828142166137695,-12.241175651550293,-11.682723999023438,-12.298547744750977,-12.768240928649902,-13.531107902526855,-14.191360473632812,-13.924293518066406,-11.19554615020752,-3.5982656478881836,-3.940349578857422,-4.400735855102539,-4.066717147827148,-3.4155290126800537,-4.3691582679748535,-4.2210211753845215,-5.816442489624023,-6.150590419769287,-6.3454389572143555,-6.338039875030518,-6.501241683959961,-6.439146041870117,-5.763121604919434,-4.33765172958374,-2.449202537536621,-0.4367661774158478,2.3516032695770264,5.975726127624512,5.727972030639648,5.468194484710693
-12.198274612426758,-12.540143013000488,-12.77233600616455,-12.991880416870117,-14.005240440368652,-15.019118309020996,-15.812427520751953,-16.297971725463867,-16.663158416748047,-16.784658432006836,-16.84756851196289,-16.51309585571289,-15.992792129516602,-15.661430358886719,-13.986510276794434,-11.75236988067627,-12.512659072875977,-13.083101272583008,-13.62157917022705,-13.682777404785156,-12.702923774719238,-10.303733825683594,-3.998230457305908,-3.402017116546631,-4.309211730957031,-6.4675397872924805,-6.384006977081299,-7.051487922668457,-7.71842622756958,-8.662846565246582,-8.233589172363281,-7.169547080993652,-6.395029067993164,-5.953558921813965,-5.895504951477051,-5.1036696434021,-3.5503265857696533,-2.4016165733337402,-1.867167592048645,-0.9680193066596985,2.6462793350219727,5.017757415771484,5.7141337394714355
-12.112643241882324,-12.002466201782227,-12.172388076782227,-12.19904899597168,-13.543330192565918,-14.830964088439941,-15.349777221679688,-15.580540657043457,-15.63058853149414,-15.617640495300293,-15.846076965332031,-15.9359769821167,-15.871485710144043,-15.930741310119629,-15.4713134765625,-12.892254829406738,-12.890646934509277,-13.3400239944458,-13.194379806518555,-12.901080131530762,-11.544645309448242,-8.396403312683105,-2.097898244857788,-1.2781707048416138,-3.5946907997131348,-6.986748695373535,-8.648138046264648,-8.376652717590332,-8.091192245483398,-7.537424087524414,-6.928024768829346,-6.663422584533691,-4.741459369659424,-3.3971807956695557,-3.5874245166778564,-3.1552281379699707,-2.0888473987579346,-1.97124183177948,-3.687520742416382,-5.164393424987793,-4.667313575744629,-3.6086761951446533,-1.8140534162521362
-12.411425590515137,-12.22192096710205,-12.033148765563965,-12.253578186035156,-13.582715034484863,-14.613873481750488,-14.66390323638916,-14.599235534667969,-14.473299980163574,-14.547816276550293,-14.78646469116211,-15.105793952941895,-15.475234031677246,-15.864542961120605,-16.07630729675293,-14.191680908203125,-13.110494613647461,-13.265445709228516,-12.680900573730469,-12.088412284851074,-10.74881649017334,-7.860701084136963,-1.8600525856018066,-0.37916049361228943,-3.2407009601593018,-6.465214729309082,-7.859375953674316,-6.8177337646484375,-5.2016377449035645,-4.527020454406738,-4.4599690437316895,-3.8089346885681152,-3.424917221069336,-2.9819648265838623,-3.0301308631896973,-3.2516539096832275,-2.5726940631866455,-2.22593092918396,-4.383753299713135,-5.819355010986328,-6.550357818603516,-6.983710289001465,-6.945923328399658
-12.966012954711914,-12.852914810180664,-12.675477981567383,-13.103498458862305,-13.905813217163086,-13.938660621643066,-14.009650230407715,-13.909080505371094,-14.087358474731445,-14.419316291809082,-14.147587776184082,-14.189249992370605,-14.707734107971191,-15.319709777832031,-15.640597343444824,-14.801259994506836,-13.409666061401367,-12.905057907104492,-12.358659744262695,-11.784839630126953,-10.464898109436035,-8.191718101501465,-4.16791296005249,-3.983966827392578,-6.23507833480835,-6.724038124084473,-6.908660888671875,-4.7459917068481445,-1.9964995384216309,-1.6814435720443726,-3.9596612453460693,-5.6079559326171875,-5.95100212097168,-5.775748252868652,-5.351011753082275,-5.238917350769043,-5.240767478942871,-5.05780553817749,-5.494180202484131,-5.039814472198486,-2.884645938873291,-3.204508066177368,-3.875667095184326
-13.352194786071777,-13.395242691040039,-13.410478591918945,-13.697799682617188,-13.602107048034668,-12.957426071166992,-13.272777557373047,-13.291749954223633,-13.735663414001465,-14.154159545898438,-13.266233444213867,-12.946840286254883,-13.280073165893555,-14.223780632019043,-14.386321067810059,-14.354313850402832,-13.484737396240234,-12.462800979614258,-12.214499473571777,-11.669615745544434,-9.850850105285645,-5.74520206451416,-6.155562400817871,-7.981393337249756,-8.293001174926758,-6.050414562225342,-5.653472423553467,-3.832385778427124,-2.7088308334350586,-4.3517279624938965,-6.248833656311035,-7.861773490905762,-7.82971715927124,-7.017251014709473,-6.550322532653809,-6.982710361480713,-7.665040493011475,-7.400434494018555,-6.662293910980225,-5.674641132354736,-2.3770205974578857,-0.5950464606285095,-0.24195440113544464
-13.003487586975098,-13.455533981323242,-13.616121292114258,-13.602038383483887,-12.992626190185547,-12.488182067871094,-12.726906776428223,-12.941892623901367,-13.440553665161133,-13.6254243850708,-11.948391914367676,-10.724973678588867,-10.6630859375,-11.751035690307617,-12.419782638549805,-12.947555541992188,-13.099996566772461,-11.95712947845459,-12.040998458862305,-11.19275951385498,-8.471033096313477,-4.56480073928833,-5.194185256958008,-6.221415996551514,-6.134286880493164,-6.140957355499268,-6.229451656341553,-5.742603778839111,-6.045551300048828,-6.57274055480957,-8.084763526916504,-8.754761695861816,-8.457212448120117,-7.7662506103515625,-7.635801792144775,-7.738296985626221,-7.663002014160156,-6.7066426277160645,-6.43673038482666,-5.967452526092529,-4.659603118896484,-3.454423189163208,-2.875897169113159
-12.327820777893066,-13.045541763305664,-13.430562973022461,-13.332161903381348,-12.669207572937012,-12.558091163635254,-12.746251106262207,-13.160235404968262,-13.635808944702148,-13.520946502685547,-11.05308723449707,-8.571105003356934,-8.162487030029297,-9.012807846069336,-9.912223815917969,-10.714125633239746,-11.734830856323242,-11.748709678649902,-11.308244705200195,-11.080349922180176,-7.581358909606934,-2.7625927925109863,-2.4509775638580322,-3.489196300506592,-4.828509330749512,-6.694817066192627,-7.448335647583008,-7.586489677429199,-6.782905578613281,-5.899291038513184,-6.057881832122803,-6.903269290924072,-7.596646308898926,-7.5606279373168945,-7.671483993530273,-6.703383922576904,-5.4653096199035645,-4.231510162353516,-4.31746768951416,-4.765995025634766,-5.265448093414307,-5.689874172210693,-6.112548828125
-11.771146774291992,-12.336861610412598,-12.937614440917969,-12.774406433105469,-12.344193458557129,-12.710278511047363,-13.272318840026855,-13.716364860534668,-13.981891632080078,-14.014690399169922,-11.733224868774414,-7.142580032348633,-6.170464515686035,-7.183929443359375,-8.163084983825684,-9.053446769714355,-9.567447662353516,-10.614412307739258,-10.317920684814453,-10.928751945495605,-8.260241508483887,-2.5068814754486084,-0.6587570905685425,-1.6948434114456177,-3.5523433685302734,-6.109388828277588,-7.377945899963379,-7.004551410675049,-5.579998970031738,-2.5011684894561768,-2.0760371685028076,-3.8489882946014404,-5.590544700622559,-5.549406051635742,-5.355995178222656,-4.313823223114014,-1.9183255434036255,-0.09916536509990692,-0.246831014752388,-2.12550950050354,-3.923758029937744,-5.254486560821533,-5.693430423736572
-11.279040336608887,-11.626480102539062,-12.30154037475586,-12.068097114562988,-12.13681697845459,-12.8836669921875,-13.671375274658203,-13.658995628356934,-13.85247802734375,-14.594298362731934,-12.558319091796875,-6.80396842956543,-5.464395523071289,-6.701973915100098,-8.183523178100586,-8.7850341796875,-8.178156852722168,-8.209087371826172,-8.78210735321045,-10.031708717346191,-9.302634239196777,-4.368720531463623,0.011064814403653145,0.04595043882727623,-1.0588301420211792,-3.014517307281494,-5.916195392608643,-6.4254961013793945,-4.81026029586792,-1.6980599164962769,0.927264928817749,1.3094066381454468,0.04198135808110237,-0.766431450843811,-1.4931963682174683,-2.464434862136841,-1.5606666803359985,0.7257088422775269,1.1351932287216187,-0.9210876226425171,-3.6984200477600098,-4.99806547164917,-5.493973255157471
-10.905896186828613,-11.317970275878906,-11.9664945602417,-12.216446876525879,-12.567479133605957,-13.195077896118164,-14.0662841796875,-13.851203918457031,-14.005029678344727,-13.970687866210938,-12.05097484588623,-7.342672824859619,-5.161407947540283,-5.88029670715332,-6.47670316696167,-6.286710739135742,-5.565366744995117,-6.413366317749023,-6.999001979827881,-8.584776878356934,-8.759550094604492,-6.118154525756836,-1.0882643461227417,1.0208765268325806,1.656646490097046,0.9444157481193542,-2.239837646484375,-4.370310306549072,-3.5855512619018555,-0.628752589225769,1.4508565664291382,0.3187672793865204,-1.6788188219070435,-2.750213384628296,-3.679960012435913,-5.438321590423584,-5.821691036224365,-5.480630874633789,-5.371584892272949,-5.33603048324585,-5.523978233337402,-5.700427532196045,-6.576192855834961
