data/wind_data/wind_11_6.json
{"header": {"parameterUnit": "KT", "parameterCategory": 2, "nx": 256, "ny": 198, "lo1": 44.73521041870117, "la1": -3.236724853515625, "lo2": 111.26478576660156, "la2": 43.468475341796875, "dx": 0.2609002888202667, "dy": -0.23708222806453705, "refTime": "2025-02-19 11:00:00", "forecastTime": 0, "parameterNumber": 2, "parameterNumberName": "eastward_wind"}, "data":
[rows 160 to 179 of 198, columns 176 to 219 of 256]
54.83116149902344,54.78660202026367,53.7276611328125,53.69562911987305,53.888465881347656,53.569278717041016,55.2726936340332,58.96287536621094,60.889686584472656,60.19647216796875,58.93989944458008,58.57587814331055,58.359066009521484,58.46459197998047,58.96010971069336,59.0676155090332,58.88840103149414,58.22379684448242,56.874977111816406,56.452205657958984,56.77803421020508,56.81057357788086,57.91727066040039,59.43964385986328,59.39535903930664,59.55403518676758,61.08409118652344,61.73318862915039,61.124385833740234,60.89067077636719,60.794708251953125,60.42190933227539,59.11381530761719,56.26558303833008,55.72867202758789,59.52095031738281,64.22767639160156,66.77135467529297,65.16229248046875,61.812644958496094,60.57013702392578,61.32810974121094,63.30304718017578,65.71634674072266
53.69093322753906,54.110877990722656,52.62163543701172,51.5121955871582,50.99186706542969,50.54393768310547,53.66436767578125,57.7022590637207,58.02586364746094,55.950958251953125,54.2934455871582,54.4182014465332,54.99417495727539,55.316646575927734,55.713809967041016,56.45041275024414,57.61293411254883,58.21394348144531,57.81962203979492,57.33342361450195,56.84311294555664,55.93070983886719,55.9796257019043,57.25321578979492,58.05498123168945,58.688934326171875,60.20907211303711,61.92246627807617,62.44016647338867,62.20940017700195,61.899166107177734,60.64845657348633,58.483726501464844,57.330841064453125,57.38704299926758,59.578834533691406,62.00191879272461,66.6196517944336,69.5116195678711,64.98455047607422,60.94416809082031,60.668670654296875,62.938385009765625,65.8067398071289
52.78287124633789,53.11591339111328,51.74592971801758,49.967430114746094,48.96601867675781,49.52949523925781,53.331668853759766,54.77491760253906,53.452117919921875,52.3056755065918,51.401390075683594,51.12950134277344,51.494686126708984,52.14457702636719,52.95280456542969,53.90060806274414,55.123023986816406,56.24602508544922,56.7504768371582,56.7586669921875,56.539588928222656,55.86204147338867,55.0479621887207,54.948333740234375,55.62898254394531,56.905540466308594,58.74887466430664,60.84904479980469,62.16493606567383,62.67171859741211,62.70912170410156,61.1639404296875,58.82890319824219,58.44136047363281,58.65620422363281,59.490177154541016,61.2714729309082,65.27042388916016,70.6280517578125,70.06454467773438,63.676971435546875,60.4891471862793,62.5442008972168,65.94652557373047
51.965885162353516,51.722599029541016,50.68002700805664,49.4837760925293,48.90110397338867,49.54446792602539,50.26831817626953,49.534446716308594,49.06562042236328,49.26690673828125,49.47552490234375,49.36071014404297,49.32719421386719,49.806068420410156,50.678810119628906,51.65500259399414,52.57162857055664,53.45200729370117,54.21684265136719,54.70035171508789,54.95543670654297,54.7684326171875,53.869014739990234,53.10563278198242,53.63834762573242,55.31578826904297,57.276729583740234,59.035343170166016,60.42755126953125,61.77088165283203,62.57176971435547,61.750179290771484,60.137516021728516,59.145599365234375,58.62113952636719,59.29855728149414,61.50715255737305,64.74737548828125,69.52581024169922,71.70995330810547,68.22576141357422,63.429622650146484,62.63975143432617,64.87734985351562
50.893096923828125,50.514678955078125,49.769744873046875,49.34228515625,48.79688262939453,47.11250305175781,45.177486419677734,44.874427795410156,45.773162841796875,46.77174377441406,47.28384780883789,47.42495346069336,47.6016845703125,48.105159759521484,48.85793685913086,49.6818962097168,50.507198333740234,51.424072265625,52.415706634521484,53.07625198364258,53.214290618896484,52.72047805786133,51.5676383972168,51.05082702636719,52.238975524902344,54.18730926513672,55.805992126464844,56.88142013549805,58.03315353393555,60.163658142089844,61.72523880004883,61.20650100708008,60.008670806884766,58.934715270996094,58.437808990478516,59.47565460205078,61.48963165283203,64.08463287353516,68.2217788696289,70.73902893066406,69.22989654541016,65.9157485961914,64.42878723144531,65.28948974609375
50.020965576171875,49.95663833618164,48.92214584350586,47.891780853271484,46.2452392578125,44.2960090637207,42.955223083496094,42.548091888427734,43.345794677734375,44.654197692871094,45.572418212890625,45.99408721923828,46.34352493286133,46.851173400878906,47.471038818359375,48.12134552001953,48.81071090698242,49.78098678588867,50.92719268798828,51.561485290527344,51.2950325012207,50.13669204711914,48.786293029785156,49.04905319213867,51.025455474853516,52.80580520629883,53.965049743652344,54.97679901123047,56.10276794433594,57.82401657104492,59.20195770263672,59.19532775878906,58.70719909667969,58.23407745361328,58.1935920715332,59.36104202270508,60.938968658447266,62.975711822509766,66.67789459228516,68.8940200805664,68.25017547607422,66.7802734375,66.07791900634766,66.179931640625
49.33351516723633,49.144344329833984,47.714393615722656,45.37849044799805,44.446067810058594,43.58731460571289,41.876861572265625,41.246131896972656,42.1054573059082,43.44100570678711,44.21467971801758,44.34989929199219,44.36600875854492,44.61725616455078,45.178733825683594,45.98395538330078,47.03840255737305,48.34219741821289,49.44404220581055,49.73672866821289,49.10663604736328,47.62405776977539,46.425384521484375,47.36799621582031,49.61832809448242,50.854087829589844,51.502132415771484,52.82416534423828,54.221290588378906,55.294307708740234,56.024051666259766,56.14142990112305,56.87125015258789,57.57086181640625,57.162288665771484,58.62617111206055,61.31086730957031,62.616661071777344,64.15956115722656,66.58647918701172,67.50847625732422,66.97649383544922,66.3294906616211,65.90238189697266
48.2360954284668,47.34781265258789,45.75981140136719,44.96310043334961,45.47050094604492,43.666595458984375,40.106536865234375,38.80135726928711,39.94138717651367,41.4793701171875,42.161041259765625,42.06703567504883,41.95435333251953,42.40132141113281,43.33098220825195,44.50516128540039,45.83306884765625,47.06886291503906,47.645713806152344,47.408695220947266,46.96330642700195,46.20638656616211,45.155513763427734,45.69022750854492,47.76444625854492,48.989784240722656,49.38780975341797,50.2658805847168,51.330604553222656,52.147216796875,53.28166198730469,54.177730560302734,55.28693389892578,55.857330322265625,56.2344856262207,59.23406219482422,61.130619049072266,61.551109313964844,62.55241012573242,64.31401062011719,65.71378326416016,67.10090637207031,67.94823455810547,65.57994079589844
46.65715026855469,45.080726623535156,44.78997039794922,45.4278564453125,45.66205978393555,42.511592864990234,38.175052642822266,36.646888732910156,37.63954544067383,39.11067581176758,39.84601974487305,39.79068374633789,39.82123947143555,40.61860275268555,42.083717346191406,43.72761154174805,45.0347785949707,45.731689453125,45.44550323486328,44.429779052734375,44.576560974121094,45.471134185791016,44.70684814453125,44.05624008178711,45.15528869628906,46.395198822021484,47.187286376953125,47.616416931152344,47.833229064941406,48.23656463623047,50.07527160644531,52.64216232299805,53.13896560668945,53.53528594970703,56.20757293701172,57.763431549072266,58.747257232666016,60.17606735229492,61.28591537475586,61.84968566894531,61.9465217590332,64.08757019042969,67.36991119384766,67.78437805175781
45.49123001098633,44.53003692626953,44.88888931274414,44.9429817199707,43.541297912597656,41.19798278808594,38.471046447753906,36.14482116699219,35.60885238647461,36.453338623046875,37.16421127319336,37.288978576660156,37.61843490600586,38.77716064453125,40.70632553100586,42.65898513793945,43.590763092041016,43.72031021118164,42.9007568359375,41.33411407470703,41.563236236572266,43.126861572265625,43.02141189575195,42.124046325683594,42.66201400756836,43.070804595947266,43.45076370239258,43.623897552490234,43.79746627807617,45.38932800292969,47.259944915771484,49.28023147583008,48.9021110534668,51.212066650390625,54.306976318359375,55.43173599243164,57.08159637451172,58.950340270996094,59.43408966064453,59.55610656738281,60.38786315917969,62.57257843017578,65.46418762207031,66.61528015136719
44.74814224243164,44.555877685546875,45.01146697998047,43.464412689208984,41.16001892089844,41.06654739379883,39.14679718017578,35.20244216918945,33.771446228027344,34.6705207824707,35.51773452758789,35.740299224853516,36.122802734375,37.33081817626953,39.0556640625,40.4468994140625,40.82186508178711,40.63177490234375,39.952911376953125,38.752708435058594,38.45612716674805,39.30070114135742,40.23194122314453,40.830665588378906,40.52473831176758,39.52227783203125,39.272003173828125,39.383296966552734,40.22525405883789,41.775211334228516,43.41096115112305,43.8825798034668,45.316314697265625,48.82059860229492,50.96668243408203,51.814334869384766,53.13914108276367,54.18934631347656,55.02040100097656,55.959415435791016,56.98311996459961,58.77193832397461,61.0106201171875,63.23150634765625
43.771244049072266,44.2249641418457,44.54939651489258,42.19879150390625,40.33041763305664,40.65592575073242,38.113365173339844,34.775699615478516,34.21154022216797,34.89745330810547,35.27546310424805,35.11161422729492,35.11912536621094,36.149169921875,37.359737396240234,37.69933319091797,37.53548049926758,37.555419921875,37.513240814208984,36.86007308959961,36.238304138183594,36.61164474487305,37.90293884277344,38.61002731323242,38.031131744384766,36.783851623535156,36.92397689819336,36.63274002075195,38.25786590576172,39.6839714050293,40.29661178588867,41.34850311279297,44.653079986572266,47.95778274536133,48.87824249267578,49.45122528076172,50.170047760009766,49.86553955078125,50.20230484008789,51.78630828857422,52.97480392456055,54.879337310791016,56.765377044677734,58.958946228027344
41.57184982299805,42.39714813232422,44.03822326660156,42.37726974487305,40.285301208496094,39.37727355957031,37.26142501831055,35.16659927368164,34.65685272216797,34.94230270385742,35.159759521484375,34.9017333984375,34.88722610473633,35.675018310546875,36.41444396972656,36.27692794799805,35.52949523925781,35.281402587890625,35.65113830566406,35.51091003417969,34.86772918701172,35.0980339050293,36.41486358642578,36.903160095214844,36.14058303833008,34.7715950012207,34.60746765136719,34.831600189208984,36.7529411315918,38.097198486328125,38.94752883911133,42.488853454589844,46.28507995605469,49.05925369262695,50.82801818847656,50.60712432861328,48.677616119384766,46.20537567138672,45.978973388671875,48.5337028503418,50.78525161743164,52.12971878051758,53.991477966308594,55.993499755859375
40.44034957885742,39.57426452636719,41.35533142089844,41.903404235839844,40.3049430847168,38.986080169677734,37.92762756347656,36.12864685058594,34.67626190185547,34.2786750793457,34.30861282348633,34.66160583496094,35.68435287475586,36.25057601928711,36.2427864074707,36.0543212890625,35.37335968017578,34.70668411254883,34.62693405151367,34.830108642578125,34.53746032714844,34.44245910644531,34.94033432006836,34.94572448730469,33.97800064086914,32.94660568237305,32.9794921875,34.51179504394531,36.53666305541992,38.15576171875,39.96220397949219,43.225589752197266,45.419307708740234,46.69863510131836,47.616661071777344,46.51077651977539,43.72056579589844,42.11509704589844,43.3507194519043,46.55111312866211,49.58846664428711,51.08757400512695,52.26252365112305,54.178524017333984
40.141143798828125,38.28218078613281,38.389156341552734,39.531890869140625,39.47661209106445,39.016422271728516,38.653472900390625,37.05016326904297,35.15754318237305,34.35356140136719,33.88766098022461,34.252262115478516,36.08513641357422,36.965213775634766,36.645347595214844,36.349945068359375,36.02302169799805,35.211212158203125,34.500186920166016,34.81876754760742,34.79117202758789,33.84169006347656,33.46360397338867,33.950592041015625,33.84733581542969,32.82703399658203,32.81602478027344,34.88570022583008,37.52336120605469,39.12697982788086,40.26783752441406,42.09135818481445,43.43555450439453,44.113521575927734,44.491817474365234,44.50824737548828,43.96898651123047,43.80152130126953,45.127254486083984,47.46426010131836,49.82326126098633,51.25422286987305,52.26689147949219,53.93193054199219
39.29574966430664,37.915245056152344,36.95429992675781,37.11606216430664,37.81981658935547,38.2112922668457,38.11494827270508,37.408111572265625,36.25283432006836,35.340904235839844,34.20700454711914,33.63177490234375,35.50239181518555,37.864253997802734,37.85083770751953,36.60845947265625,35.91994857788086,35.20997619628906,34.653831481933594,35.32456970214844,35.71074676513672,34.795692443847656,34.01375961303711,34.28935241699219,34.10899353027344,33.269752502441406,33.89533233642578,36.08700180053711,37.87673568725586,38.86703109741211,39.99605941772461,42.08560562133789,44.38056945800781,45.77873611450195,46.224239349365234,46.58086013793945,47.110076904296875,47.499568939208984,48.00895309448242,49.00696563720703,50.3990364074707,51.97826385498047,53.41018295288086,54.928428649902344
38.31862258911133,37.38245391845703,36.46612548828125,36.13812255859375,36.47590255737305,37.052982330322266,37.3751335144043,37.077606201171875,36.35659408569336,35.88200378417969,34.8997802734375,33.391456604003906,34.265037536621094,37.33763122558594,38.29484558105469,37.17354965209961,36.260494232177734,35.5112419128418,35.063079833984375,36.3532829284668,37.02497100830078,36.009620666503906,35.199405670166016,35.014366149902344,35.194358825683594,35.08636474609375,35.22555923461914,36.24612045288086,37.59130859375,39.13148498535156,41.16192626953125,43.50850296020508,45.70810317993164,47.22476577758789,48.001346588134766,48.686553955078125,49.60520935058594,50.21104049682617,50.32386779785156,50.493404388427734,51.33990478515625,52.788475036621094,54.345123291015625,55.817989349365234
37.4595832824707,36.79304504394531,36.157047271728516,35.809207916259766,35.94457244873047,36.36975860595703,36.700408935546875,36.65249252319336,36.3382568359375,35.90385055541992,34.99188995361328,33.899261474609375,34.20955276489258,36.0922737121582,37.52490234375,37.79277801513672,37.499664306640625,36.600460052490234,35.873043060302734,37.04961395263672,38.421966552734375,37.36787796020508,36.1168327331543,37.07681655883789,37.407188415527344,36.02883529663086,35.63595199584961,36.904483795166016,37.87638473510742,39.19313049316406,41.66360092163086,44.13747787475586,46.01580047607422,47.48564529418945,48.83623123168945,50.177852630615234,51.294044494628906,51.9626350402832,52.2059326171875,52.373043060302734,52.987030029296875,53.90972900390625,54.89053726196289,55.8173828125
36.525726318359375,35.94356918334961,35.57878494262695,35.40304946899414,35.534847259521484,35.91134262084961,36.2457160949707,36.27876663208008,36.074275970458984,35.67570877075195,35.006591796875,34.38490676879883,34.519683837890625,35.59492874145508,36.77601623535156,37.461997985839844,37.86837387084961,37.8209114074707,37.41790771484375,37.88357925415039,39.03054428100586,38.705841064453125,37.43769073486328,37.57102966308594,38.162757873535156,37.70684814453125,37.37251663208008,37.9520149230957,38.526031494140625,39.400840759277344,41.29313278198242,43.4771842956543,45.31536865234375,46.95771026611328,48.5780029296875,50.175113677978516,51.635780334472656,52.7161979675293,53.3958625793457,54.04650115966797,54.90401840209961,55.74557876586914,56.22517395019531,56.24965286254883
35.36802291870117,34.83189010620117,34.67689895629883,34.70763397216797,34.8870964050293,35.2437629699707,35.6588249206543,35.8126106262207,35.66858673095703,35.473690032958984,35.15782928466797,34.80217361450195,34.87979507446289,35.45256423950195,36.12482833862305,36.79153060913086,37.507320404052734,37.998497009277344,38.09498596191406,38.3394775390625,38.99195861816406,39.07133865356445,38.366355895996094,38.148292541503906,38.67961883544922,39.17835998535156,39.604705810546875,40.28278732299805,40.91413116455078,41.16150665283203,41.71133041381836,43.003273010253906,44.75423812866211,46.57456970214844,48.14017105102539,49.4752311706543,50.93238067626953,52.517730712890625,53.83596420288086,54.81633758544922,55.636295318603516,56.363895416259766,56.82439422607422,56.910221099853516
