data/wind_data/wind_56_2.json
{"header": {"parameterUnit": "KT", "parameterCategory": 2, "nx": 256, "ny": 198, "lo1": 44.73521041870117, "la1": -3.236724853515625, "lo2": 111.26478576660156, "la2": 43.468475341796875, "dx": 0.2609002888202667, "dy": -0.23708222806453705, "refTime": "2025-02-21 08:00:00", "forecastTime": 0, "parameterNumber": 2, "parameterNumberName": "eastward_wind"}, "data":
[rows 133 to 151 of 198, columns 129 to 171 of 256]
-2.526827573776245,-3.583763837814331,-4.223561763763428,-4.083240985870361,-3.4221720695495605,-1.1747047901153564,3.934230089187622,5.726021766662598,7.299575328826904,10.303238868713379,19.436124801635742,26.3463077545166,16.542978286743164,8.9430570602417,9.782123565673828,20.56801986694336,31.063623428344727,33.514713287353516,31.038192749023438,31.39284896850586,33.08654022216797,34.05289077758789,34.31736373901367,35.566444396972656,37.353206634521484,39.08726119995117,39.57726287841797,39.186710357666016,39.782657623291016,41.62922286987305,41.91221618652344,40.6417121887207,39.370731353759766,38.62754821777344,37.25728225708008,34.651641845703125,33.49966812133789,32.767024993896484,31.838489532470703,31.27052116394043,27.139402389526367,21.8709774017334,19.90390396118164
-9.505056381225586,-11.805708885192871,-9.623679161071777,-4.634793281555176,-2.3052778244018555,2.133974313735962,13.836514472961426,14.366394996643066,12.606980323791504,17.612796783447266,26.562162399291992,32.58529281616211,32.734527587890625,28.394628524780273,26.061887741088867,28.21807861328125,29.07382583618164,29.486387252807617,30.6065616607666,32.034420013427734,33.86956787109375,35.4521598815918,36.13163757324219,37.46465301513672,39.83831024169922,42.15721893310547,42.790245056152344,42.27717590332031,42.07809066772461,43.06498336791992,42.86933898925781,40.176353454589844,37.95836639404297,36.75855255126953,35.66203689575195,33.6078987121582,32.51530838012695,31.443553924560547,30.11138343811035,29.96733283996582,28.046157836914062,24.13662338256836,22.33945655822754
-10.197532653808594,-10.601082801818848,-5.87012243270874,-2.306276321411133,-0.7290819883346558,5.869006633758545,19.969520568847656,29.84149742126465,27.97350311279297,23.98472023010254,24.125240325927734,27.694292068481445,30.735191345214844,30.368022918701172,32.58296203613281,34.20096969604492,32.71734619140625,32.1715202331543,33.26250457763672,34.59635543823242,36.53281021118164,38.03330612182617,38.1684455871582,39.04052734375,41.19285583496094,42.66716003417969,43.198753356933594,43.24185562133789,42.85249710083008,42.87800979614258,42.976966857910156,40.920570373535156,38.36197280883789,37.48044204711914,36.75075149536133,34.88109588623047,32.13926696777344,30.142576217651367,27.412525177001953,26.307519912719727,22.746952056884766,18.615205764770508,16.710124969482422
-10.044157981872559,-8.49963665008545,1.5890326499938965,10.010424613952637,15.20565128326416,18.743743896484375,26.58583641052246,34.57352066040039,37.318206787109375,33.5482177734375,30.925430297851562,28.66745948791504,28.088476181030273,30.589670181274414,34.80250930786133,38.45419692993164,39.43742370605469,39.23454666137695,39.383201599121094,40.40677261352539,42.089454650878906,42.29606628417969,40.961490631103516,40.80857849121094,42.04448318481445,42.8933219909668,42.77101135253906,42.15714645385742,40.97392272949219,40.588645935058594,40.443458557128906,38.664642333984375,36.97830581665039,36.36970901489258,35.51836395263672,33.33767318725586,30.420866012573242,26.270702362060547,20.707977294921875,19.686721801757812,19.286724090576172,17.194290161132812,15.857199668884277
-7.159644603729248,2.7845113277435303,11.169476509094238,21.804195404052734,30.624509811401367,32.6131591796875,32.96635818481445,34.075950622558594,33.50528335571289,32.46699523925781,34.217288970947266,34.77268981933594,34.73480224609375,35.00052261352539,36.357608795166016,38.88722610473633,40.19529342651367,40.067481994628906,41.56529998779297,44.89018630981445,47.35881042480469,45.5405387878418,43.36485290527344,43.33023452758789,44.52880096435547,44.39351272583008,43.46247100830078,41.783409118652344,40.39585494995117,39.418582916259766,38.50083923339844,37.57624053955078,36.82794952392578,36.70513916015625,35.729217529296875,32.3051643371582,26.240558624267578,21.306819915771484,19.529827117919922,21.717117309570312,23.328575134277344,21.67331886291504,19.725608825683594
8.105230331420898,18.76895523071289,23.223079681396484,30.07746124267578,36.058189392089844,32.729095458984375,28.042789459228516,26.630897521972656,27.340152740478516,28.074432373046875,30.383352279663086,33.67144775390625,36.468875885009766,38.94353103637695,42.28588104248047,45.77999496459961,46.33018493652344,44.580387115478516,44.960540771484375,47.76874923706055,48.71494674682617,44.76597213745117,41.7458610534668,42.319847106933594,43.860755920410156,44.43412399291992,43.35972595214844,41.27571105957031,39.64908218383789,39.75505828857422,38.398468017578125,36.75736999511719,35.92691421508789,36.58524703979492,36.27776336669922,30.066740036010742,22.9311466217041,22.741140365600586,24.888843536376953,25.857439041137695,26.539113998413086,28.16916275024414,27.769983291625977
15.632283210754395,26.16537857055664,30.758642196655273,33.82222366333008,34.577857971191406,31.224454879760742,32.651981353759766,35.13665008544922,35.84097671508789,35.95140075683594,36.74885177612305,37.10786056518555,37.658485412597656,39.750335693359375,43.49333572387695,46.66289138793945,47.20917892456055,46.64218521118164,47.96393585205078,51.45008850097656,51.56718444824219,46.45130920410156,42.56414794921875,42.13690185546875,43.302330017089844,44.02608108520508,43.65822219848633,41.78789520263672,39.75123977661133,39.37580108642578,39.0159797668457,36.5757942199707,36.019378662109375,37.5340576171875,34.288429260253906,25.770954132080078,20.9612979888916,24.253376007080078,28.907594680786133,28.556446075439453,25.116294860839844,19.911396026611328,16.313884735107422
18.599918365478516,24.171613693237305,29.595190048217773,32.32251739501953,30.810550689697266,28.720504760742188,30.854799270629883,34.448055267333984,36.71688461303711,39.46261215209961,41.21674346923828,42.805015563964844,44.09699630737305,43.84303283691406,44.588409423828125,46.108211517333984,45.91446304321289,44.40797805786133,45.016624450683594,48.38713836669922,49.228660583496094,45.02272033691406,41.66730880737305,40.90996551513672,41.28452682495117,41.612667083740234,41.07293701171875,39.84809494018555,38.18022155761719,36.681724548339844,36.19047546386719,35.12617874145508,36.431671142578125,38.30877685546875,30.74226951599121,20.337270736694336,20.942943572998047,25.23771858215332,21.580663681030273,13.109086036682129,8.368021011352539,8.576532363891602,12.27441692352295
21.802898406982422,20.605979919433594,26.57236099243164,30.555295944213867,26.74221420288086,24.80816078186035,28.705461502075195,32.96101760864258,37.10483932495117,40.18146896362305,41.329856872558594,43.99258804321289,46.40274429321289,46.105464935302734,46.23720932006836,48.289066314697266,48.99980545043945,46.29024124145508,44.39530944824219,45.30352020263672,45.05610275268555,42.49774932861328,40.65595245361328,40.077430725097656,39.87453842163086,39.56334686279297,38.812313079833984,38.362754821777344,37.990692138671875,35.74815368652344,33.095638275146484,34.563819885253906,39.21419143676758,39.26416778564453,31.767377853393555,22.87894058227539,23.618669509887695,25.329559326171875,17.117151260375977,10.50586986541748,10.275846481323242,12.520951271057129,14.400877952575684
19.89816665649414,21.56801986694336,30.021013259887695,34.735286712646484,26.86110496520996,25.966800689697266,33.414207458496094,36.21909713745117,39.421730041503906,41.024940490722656,40.58084487915039,43.273651123046875,45.65110778808594,44.40766143798828,43.507652282714844,45.31147766113281,46.82325744628906,46.4832763671875,46.56367492675781,45.70901107788086,42.60172653198242,39.663570404052734,37.85448455810547,37.265254974365234,36.99565505981445,36.509944915771484,36.9466438293457,36.400665283203125,34.68435287475586,31.89838409423828,30.4427490234375,33.69633483886719,34.30843734741211,31.43255615234375,25.54536247253418,21.241281509399414,25.996442794799805,29.615739822387695,23.897308349609375,17.232961654663086,16.563291549682617,18.570219039916992,19.52858543395996
27.772621154785156,25.78948402404785,30.629934310913086,37.82957077026367,39.55442428588867,39.467708587646484,36.645206451416016,34.20244598388672,38.548912048339844,41.12881088256836,41.390567779541016,42.93038558959961,44.40132522583008,42.80522155761719,41.4332389831543,42.31452941894531,42.947242736816406,42.72085952758789,42.84447479248047,42.50856018066406,40.00905227661133,36.9022331237793,34.49397659301758,33.642921447753906,34.40021514892578,34.2638053894043,36.157470703125,35.67063903808594,31.75889778137207,31.472564697265625,29.68297576904297,26.991310119628906,25.439064025878906,19.3275146484375,13.315409660339355,15.987497329711914,27.645248413085938,31.423763275146484,24.541767120361328,18.604604721069336,19.779865264892578,24.3481388092041,27.102373123168945
44.807186126708984,37.01706314086914,31.37681007385254,33.43009567260742,37.696250915527344,34.359371185302734,31.008840560913086,33.540748596191406,36.96776580810547,39.56001663208008,41.65776062011719,42.083553314208984,41.34449768066406,40.20625686645508,39.40060806274414,39.270877838134766,38.81421661376953,38.491600036621094,38.37131881713867,38.39473342895508,37.94556427001953,35.86604309082031,33.6952018737793,33.189579010009766,33.8559684753418,33.231754302978516,34.11640930175781,34.5493049621582,29.299699783325195,31.83155632019043,26.731260299682617,16.63529396057129,18.39316177368164,19.7619686126709,16.747406005859375,20.473207473754883,27.853347778320312,27.44159507751465,22.087142944335938,20.076099395751953,20.699542999267578,23.144207000732422,24.201515197753906
43.153770446777344,37.454872131347656,33.43573760986328,34.555908203125,34.34117889404297,32.41083526611328,32.656898498535156,34.66783905029297,35.65175247192383,37.44955062866211,41.00439453125,40.67885971069336,37.935821533203125,36.66129684448242,36.24911117553711,35.49245071411133,34.719940185546875,34.729305267333984,34.86217498779297,35.247703552246094,35.53342819213867,34.03480911254883,31.970535278320312,30.986709594726562,30.476293563842773,30.46560287475586,31.749814987182617,32.491615295410156,30.385120391845703,31.204322814941406,29.27997398376465,21.510032653808594,20.46522331237793,24.540786743164062,25.514039993286133,27.72931480407715,28.59225082397461,24.721487045288086,24.19709014892578,24.772380828857422,24.485177993774414,23.460695266723633,20.820615768432617
36.907474517822266,33.94724655151367,31.51785659790039,32.11699295043945,32.917694091796875,33.04213333129883,33.72328567504883,34.676185607910156,33.4051513671875,33.6309928894043,36.53050231933594,36.94837188720703,34.83572769165039,33.4770622253418,33.02553176879883,32.02311325073242,30.914445877075195,30.100454330444336,29.829471588134766,30.8674259185791,31.667558670043945,30.720325469970703,29.57581901550293,28.415538787841797,27.704076766967773,28.33782958984375,29.808340072631836,31.119977951049805,31.440832138061523,30.905765533447266,30.723859786987305,28.38258934020996,27.028596878051758,27.860658645629883,28.957502365112305,31.040393829345703,30.7873477935791,24.235254287719727,22.542688369750977,24.218050003051758,25.85826873779297,25.86175537109375,25.256961822509766
33.05637741088867,31.106107711791992,28.837806701660156,29.36269760131836,31.41741180419922,30.727951049804688,29.585445404052734,30.336267471313477,30.378429412841797,30.743328094482422,32.61050796508789,33.67405700683594,32.827178955078125,31.698497772216797,31.29448699951172,30.25098991394043,28.218448638916016,27.03428077697754,27.682004928588867,29.053068161010742,29.717409133911133,28.11845588684082,25.70939064025879,23.421445846557617,23.193763732910156,24.679269790649414,26.74193000793457,29.30644416809082,30.703325271606445,30.295909881591797,29.988285064697266,29.619956970214844,29.142885208129883,28.068954467773438,28.1807804107666,30.74062156677246,31.98316192626953,28.271076202392578,24.049528121948242,24.03805923461914,26.072595596313477,28.02552032470703,29.043283462524414
31.527244567871094,31.54637908935547,28.746013641357422,29.18557357788086,29.97169303894043,28.399518966674805,27.62782859802246,27.821762084960938,27.557628631591797,28.001028060913086,29.397245407104492,30.27670669555664,30.33633804321289,30.421730041503906,30.50699806213379,29.984403610229492,27.2230281829834,25.495698928833008,26.62462043762207,28.564176559448242,28.59142303466797,27.211681365966797,25.59429359436035,23.49423599243164,22.450590133666992,24.395999908447266,25.867555618286133,26.098596572875977,27.949636459350586,28.81281089782715,28.267669677734375,28.147436141967773,27.88052749633789,27.01089859008789,27.449535369873047,30.084218978881836,32.11985778808594,31.01519012451172,29.05780792236328,28.540802001953125,29.259126663208008,29.406192779541016,29.53386878967285
32.15007019042969,31.02953338623047,27.27849578857422,26.716190338134766,26.308500289916992,26.426685333251953,27.560884475708008,27.372716903686523,26.80784797668457,27.616901397705078,28.840641021728516,28.823999404907227,28.678863525390625,29.45401382446289,29.666860580444336,28.967010498046875,26.706087112426758,24.815073013305664,24.7866268157959,26.108257293701172,25.787809371948242,24.04247283935547,24.381099700927734,25.721858978271484,27.03022575378418,27.047439575195312,26.654905319213867,26.900928497314453,25.037580490112305,23.959882736206055,26.468975067138672,29.91329002380371,29.269071578979492,26.736248016357422,26.299528121948242,28.596576690673828,30.16188621520996,29.817609786987305,28.427940368652344,26.62957191467285,26.434776306152344,27.51689910888672,28.694339752197266
28.36763572692871,26.850955963134766,26.69207191467285,25.285070419311523,23.889631271362305,25.38007164001465,27.652624130249023,26.98816680908203,25.789356231689453,26.624282836914062,28.84251594543457,29.964942932128906,29.657472610473633,29.31694793701172,28.78658103942871,28.141864776611328,26.686582565307617,25.358753204345703,25.599903106689453,26.208030700683594,26.00682830810547,25.318483352661133,24.93254852294922,25.772645950317383,27.588436126708984,28.183177947998047,27.551618576049805,26.700668334960938,25.29716682434082,24.87994384765625,26.795808792114258,28.2978458404541,26.01978874206543,24.295459747314453,27.115507125854492,27.69649887084961,24.3067569732666,21.78311538696289,21.52118492126465,23.07851219177246,24.000648498535156,22.3465633392334,21.155864715576172
25.310705184936523,26.927846908569336,28.734317779541016,26.46422004699707,25.352066040039062,26.91442108154297,28.668163299560547,28.497817993164062,25.97148323059082,25.65339469909668,27.11786460876465,28.268522262573242,28.855186462402344,29.916296005249023,30.58138656616211,29.35009002685547,27.17323112487793,26.45518684387207,27.015941619873047,27.19648551940918,26.27329444885254,23.947811126708984,25.56998634338379,27.954696655273438,26.502214431762695,26.10515785217285,24.752544403076172,23.15553092956543,23.16786766052246,21.539884567260742,21.72710609436035,24.585494995117188,26.007829666137695,27.21373748779297,28.413410186767578,23.370698928833008,18.797090530395508,19.0037899017334,22.295780181884766,22.807682037353516,20.06822967529297,17.71919822692871,18.693164825439453
