data/wind_data/wind_40_7.json
{"header": {"parameterUnit": "KT", "parameterCategory": 2, "nx": 256, "ny": 198, "lo1": 44.73521041870117, "la1": -3.236724853515625, "lo2": 111.26478576660156, "la2": 43.468475341796875, "dx": 0.2609002888202667, "dy": -0.23708222806453705, "refTime": "2025-02-20 16:00:00", "forecastTime": 0, "parameterNumber": 2, "parameterNumberName": "eastward_wind"}, "data":
[rows 20 to 39 of 198, columns 132 to 175 of 256]
1.8495904207229614,1.1881619691848755,2.391296148300171,2.706943988800049,-0.01143428310751915,-2.974402904510498,-5.468822002410889,-9.019441604614258,-9.621984481811523,-8.219655990600586,-8.168452262878418,-10.487322807312012,-12.442056655883789,-11.885889053344727,-10.838566780090332,-10.79992389678955,-10.807490348815918,-12.07011604309082,-14.878604888916016,-17.17137336730957,-17.799978256225586,-16.842382431030273,-15.5502290725708,-15.268610000610352,-16.4158878326416,-16.986629486083984,-15.63187313079834,-12.405683517456055,-7.777034282684326,-8.907449722290039,-11.754927635192871,-11.923954010009766,-8.957432746887207,-7.252573013305664,-10.520849227905273,-14.464444160461426,-19.0661678314209,-22.732345581054688,-22.039941787719727,-21.72296714782715,-21.622194290161133,-22.171794891357422,-22.7305908203125,-23.956579208374023
3.139791965484619,1.8520827293395996,3.0607242584228516,3.4871103763580322,1.1185487508773804,-2.967329978942871,-7.675593852996826,-10.800884246826172,-10.854801177978516,-9.36475944519043,-9.419121742248535,-11.451425552368164,-12.329110145568848,-11.453615188598633,-10.580758094787598,-9.640179634094238,-9.13869857788086,-11.270536422729492,-14.596745491027832,-16.345670700073242,-16.423843383789062,-15.340063095092773,-14.7330904006958,-14.850915908813477,-14.913460731506348,-13.7155179977417,-11.291532516479492,-9.20238971710205,-8.631170272827148,-8.642388343811035,-13.570034980773926,-12.147814750671387,-8.587093353271484,-8.318044662475586,-10.33958911895752,-12.603687286376953,-16.239532470703125,-19.66933822631836,-20.25477409362793,-19.721593856811523,-19.906991958618164,-21.002094268798828,-21.98249053955078,-23.997941970825195
3.2498085498809814,2.1392998695373535,1.8233866691589355,1.350635290145874,-0.7409893870353699,-4.496259689331055,-8.903611183166504,-10.82520580291748,-11.19890022277832,-10.67332649230957,-10.661441802978516,-12.360075950622559,-13.007745742797852,-11.535272598266602,-10.372889518737793,-9.9706392288208,-11.660571098327637,-14.167074203491211,-15.422471046447754,-15.644603729248047,-15.624212265014648,-15.136962890625,-14.610657691955566,-14.554516792297363,-14.113755226135254,-11.886284828186035,-9.667486190795898,-10.397223472595215,-11.285670280456543,-10.428186416625977,-10.282964706420898,-10.896409034729004,-10.333209037780762,-11.350750923156738,-12.763062477111816,-12.923310279846191,-14.59449577331543,-17.52212905883789,-18.462039947509766,-17.741270065307617,-18.45729637145996,-19.792118072509766,-21.35846519470215,-23.95997428894043
2.5917887687683105,1.3055797815322876,-0.6989032626152039,-2.9955830574035645,-5.160385608673096,-8.155132293701172,-10.192306518554688,-10.649280548095703,-10.494600296020508,-10.911951065063477,-11.672850608825684,-13.32349681854248,-13.624174118041992,-12.107586860656738,-11.646049499511719,-12.938557624816895,-15.328635215759277,-16.778663635253906,-16.46123504638672,-16.135618209838867,-16.48004150390625,-16.038484573364258,-14.740079879760742,-13.858348846435547,-13.058731079101562,-12.845186233520508,-14.129325866699219,-13.539810180664062,-11.795519828796387,-11.866425514221191,-11.120798110961914,-12.194158554077148,-13.290243148803711,-14.475584983825684,-15.716456413269043,-15.871073722839355,-16.891380310058594,-18.614553451538086,-18.549837112426758,-18.1230411529541,-18.76173210144043,-19.608196258544922,-21.197141647338867,-23.675500869750977
2.4550764560699463,-0.14550285041332245,-3.524561643600464,-6.542540550231934,-9.105029106140137,-11.157607078552246,-11.611948013305664,-10.91141414642334,-10.106355667114258,-10.05655574798584,-11.949073791503906,-14.038631439208984,-13.893678665161133,-12.929189682006836,-13.599742889404297,-15.6361665725708,-17.151084899902344,-17.33173179626465,-16.896949768066406,-16.994630813598633,-16.793989181518555,-15.587729454040527,-13.928969383239746,-12.86356258392334,-12.728612899780273,-14.404228210449219,-16.592029571533203,-13.490944862365723,-12.258871078491211,-13.501462936401367,-14.338056564331055,-14.188589096069336,-15.616236686706543,-17.004785537719727,-18.307985305786133,-19.254261016845703,-20.22161293029785,-21.258455276489258,-20.572555541992188,-20.0009765625,-20.194307327270508,-20.83139991760254,-22.007837295532227,-23.80634117126465
1.832818627357483,-1.6272327899932861,-5.597551345825195,-8.13699722290039,-10.521785736083984,-12.09147834777832,-11.789514541625977,-10.863924980163574,-10.256052017211914,-9.739700317382812,-11.323149681091309,-13.865192413330078,-14.207493782043457,-13.378804206848145,-14.102838516235352,-16.107484817504883,-17.009218215942383,-16.604331970214844,-16.644004821777344,-16.7188663482666,-15.781509399414062,-14.07421875,-12.452842712402344,-11.81924819946289,-12.845916748046875,-15.25347900390625,-16.597755432128906,-14.62289047241211,-13.503941535949707,-15.415916442871094,-17.62476921081543,-16.955089569091797,-17.615966796875,-18.619274139404297,-19.267803192138672,-21.030460357666016,-22.816375732421875,-23.664913177490234,-22.71722984313965,-22.0072021484375,-22.15137481689453,-22.44977569580078,-22.8891658782959,-23.861751556396484
0.592128336429596,-2.5552244186401367,-5.78492546081543,-8.484550476074219,-11.10555362701416,-12.05567741394043,-11.53603744506836,-11.091384887695312,-10.718549728393555,-10.555182456970215,-10.612953186035156,-12.98182487487793,-13.996973991394043,-12.889470100402832,-12.859639167785645,-14.186737060546875,-15.217145919799805,-15.580534934997559,-15.900352478027344,-16.054758071899414,-15.065202713012695,-13.587386131286621,-12.716778755187988,-12.667842864990234,-13.902585983276367,-15.954001426696777,-15.305981636047363,-14.580870628356934,-14.600689888000488,-16.117490768432617,-18.361026763916016,-18.61802101135254,-17.947742462158203,-19.372684478759766,-20.202665328979492,-22.095115661621094,-24.046903610229492,-24.55655288696289,-23.78925132751465,-23.461788177490234,-23.497705459594727,-23.394874572753906,-22.834936141967773,-22.850061416625977
-0.835037112236023,-3.007375955581665,-4.863497257232666,-7.987409591674805,-11.191308975219727,-12.316580772399902,-11.791167259216309,-11.247942924499512,-11.71796989440918,-10.721632957458496,-10.712886810302734,-12.23795223236084,-12.813745498657227,-11.565213203430176,-10.806694030761719,-11.409158706665039,-12.772531509399414,-14.241523742675781,-15.045896530151367,-15.485461235046387,-14.95017147064209,-13.869203567504883,-13.500506401062012,-13.496767044067383,-13.794634819030762,-15.474379539489746,-14.906896591186523,-14.504678726196289,-15.808613777160645,-17.016977310180664,-18.351640701293945,-18.71510124206543,-18.63025665283203,-19.363475799560547,-20.72799301147461,-22.036678314208984,-23.30794906616211,-23.29553985595703,-23.55107307434082,-23.17041778564453,-23.129329681396484,-23.018762588500977,-22.01273536682129,-21.703218460083008
-1.7468822002410889,-3.332075595855713,-4.395033359527588,-6.890606880187988,-10.033784866333008,-12.212102890014648,-12.705050468444824,-11.86759090423584,-10.640846252441406,-10.198770523071289,-10.576872825622559,-11.433805465698242,-11.1458158493042,-9.864234924316406,-9.083353996276855,-9.410796165466309,-10.78287410736084,-12.540266036987305,-13.643463134765625,-14.345927238464355,-14.23061466217041,-13.397151947021484,-13.025561332702637,-13.088221549987793,-13.464095115661621,-14.59286117553711,-15.153254508972168,-15.454115867614746,-17.114389419555664,-18.358592987060547,-18.96474266052246,-18.92280387878418,-18.8432559967041,-19.354036331176758,-20.21186637878418,-20.785524368286133,-21.013347625732422,-21.153837203979492,-21.672752380371094,-21.862529754638672,-21.698091506958008,-21.606029510498047,-21.26015853881836,-21.01951026916504
-2.3979532718658447,-3.7793614864349365,-4.763916492462158,-6.33752965927124,-8.471420288085938,-10.21745777130127,-11.102808952331543,-10.592170715332031,-9.416152954101562,-9.008865356445312,-9.3071870803833,-9.457354545593262,-9.146749496459961,-8.416403770446777,-8.273249626159668,-8.761163711547852,-9.625170707702637,-10.923584938049316,-11.894843101501465,-12.326038360595703,-12.170500755310059,-11.502728462219238,-11.823837280273438,-12.712539672851562,-13.278414726257324,-14.06037425994873,-15.393940925598145,-16.57369041442871,-17.96485137939453,-19.18718719482422,-19.461946487426758,-18.971574783325195,-18.945058822631836,-19.427038192749023,-19.694089889526367,-19.386890411376953,-19.010440826416016,-19.272201538085938,-20.391996383666992,-20.88928985595703,-20.5145320892334,-20.5924015045166,-21.300798416137695,-21.428775787353516
-2.86733078956604,-4.104873180389404,-5.145605564117432,-6.609910488128662,-8.36961841583252,-8.800941467285156,-8.8725004196167,-9.335471153259277,-9.59522819519043,-9.056888580322266,-7.994551181793213,-7.194064140319824,-7.1130571365356445,-7.32541561126709,-8.185171127319336,-9.195597648620605,-9.434734344482422,-9.693502426147461,-10.472583770751953,-10.522719383239746,-10.200490951538086,-9.800459861755371,-10.710269927978516,-12.30256462097168,-13.179352760314941,-13.93342113494873,-15.354547500610352,-16.953344345092773,-18.167070388793945,-19.320812225341797,-19.58629035949707,-18.853837966918945,-18.421422958374023,-18.2574462890625,-18.338308334350586,-18.392244338989258,-18.4721736907959,-18.843393325805664,-19.480175018310547,-20.183956146240234,-20.27334213256836,-20.615554809570312,-21.635019302368164,-22.164737701416016
-3.4908690452575684,-4.167143821716309,-4.987857818603516,-7.096371173858643,-9.264640808105469,-9.554666519165039,-9.16195011138916,-9.85826587677002,-10.473411560058594,-9.71892261505127,-8.24136734008789,-7.306147575378418,-7.308494567871094,-7.569067001342773,-8.454059600830078,-9.7880220413208,-9.802223205566406,-9.365091323852539,-9.562679290771484,-9.524618148803711,-9.348875999450684,-9.65178394317627,-10.705443382263184,-12.09953784942627,-12.858407020568848,-13.553231239318848,-14.728658676147461,-16.271352767944336,-17.697927474975586,-18.89515495300293,-19.21006965637207,-18.381561279296875,-17.526721954345703,-17.2989559173584,-17.472373962402344,-17.875438690185547,-18.277786254882812,-18.304628372192383,-18.862613677978516,-20.12601661682129,-20.832672119140625,-21.12500762939453,-21.709033966064453,-22.534334182739258
-4.032094478607178,-3.9109649658203125,-4.440189838409424,-6.859507083892822,-9.403818130493164,-10.362361907958984,-10.27894401550293,-10.565732955932617,-11.125250816345215,-11.069581031799316,-10.308343887329102,-9.408287048339844,-8.887660026550293,-8.895122528076172,-9.600701332092285,-10.623687744140625,-10.407214164733887,-9.611783981323242,-9.305953979492188,-9.322630882263184,-9.813225746154785,-10.589627265930176,-11.576166152954102,-12.362048149108887,-12.693114280700684,-12.963824272155762,-13.418192863464355,-14.533294677734375,-16.227556228637695,-17.757915496826172,-18.311166763305664,-17.624906539916992,-16.880172729492188,-17.0092830657959,-17.58073616027832,-17.8664493560791,-17.796485900878906,-17.749652862548828,-18.400665283203125,-20.100059509277344,-20.84572982788086,-21.152320861816406,-21.51629066467285,-22.368953704833984
-4.325767993927002,-3.7816576957702637,-4.194189071655273,-6.185518741607666,-8.390411376953125,-9.617549896240234,-10.097982406616211,-10.74980640411377,-11.787114143371582,-12.458723068237305,-12.17153263092041,-11.280474662780762,-10.615045547485352,-10.721600532531738,-11.452062606811523,-12.076854705810547,-11.86512565612793,-10.90134334564209,-9.97482967376709,-9.527010917663574,-10.100473403930664,-11.452021598815918,-12.376373291015625,-12.835640907287598,-12.676365852355957,-12.390198707580566,-12.055177688598633,-12.424965858459473,-14.068671226501465,-15.937214851379395,-16.710939407348633,-16.420255661010742,-16.18230628967285,-16.82193374633789,-17.680538177490234,-17.67637825012207,-16.993322372436523,-16.767770767211914,-18.090606689453125,-19.618568420410156,-20.373977661132812,-20.385129928588867,-20.65717124938965,-21.788787841796875
-4.957708358764648,-4.717041015625,-5.1855340003967285,-6.404333591461182,-7.735363006591797,-8.736737251281738,-9.776668548583984,-11.031811714172363,-12.074834823608398,-12.352023124694824,-12.046707153320312,-11.76329231262207,-11.742427825927734,-12.310763359069824,-13.150693893432617,-13.891728401184082,-13.793122291564941,-12.414562225341797,-10.504434585571289,-9.813312530517578,-11.609543800354004,-11.82336711883545,-12.552404403686523,-13.278507232666016,-12.722979545593262,-12.033287048339844,-11.265443801879883,-10.897764205932617,-11.86752700805664,-13.738838195800781,-14.756407737731934,-14.917458534240723,-15.328314781188965,-16.45280647277832,-17.40179443359375,-17.213577270507812,-16.466289520263672,-16.228763580322266,-17.415136337280273,-19.132164001464844,-19.597501754760742,-19.12701988220215,-19.435434341430664,-20.757041931152344
-6.924501895904541,-7.033336162567139,-7.657905101776123,-8.25496768951416,-8.547639846801758,-8.985214233398438,-9.965551376342773,-11.103816986083984,-11.822264671325684,-12.120851516723633,-11.590126991271973,-10.671316146850586,-11.213624000549316,-12.752334594726562,-14.37685489654541,-15.257280349731445,-14.68692684173584,-12.135261535644531,-9.955960273742676,-11.992411613464355,-13.260237693786621,-11.903824806213379,-12.162454605102539,-13.024307250976562,-12.724468231201172,-11.925512313842773,-11.045828819274902,-10.452683448791504,-10.757621765136719,-12.01391315460205,-13.100604057312012,-13.586782455444336,-14.207281112670898,-15.55440902709961,-16.727474212646484,-16.673851013183594,-16.189605712890625,-16.400869369506836,-17.051599502563477,-17.687824249267578,-18.244531631469727,-17.86480140686035,-18.43305015563965,-19.634435653686523
-10.018179893493652,-10.291617393493652,-10.881979942321777,-10.823410034179688,-10.219196319580078,-9.92538833618164,-10.017929077148438,-10.438838005065918,-11.170074462890625,-12.144262313842773,-11.961648941040039,-10.376527786254883,-10.25313949584961,-12.566169738769531,-14.977993965148926,-15.746426582336426,-14.215331077575684,-10.845843315124512,-10.092142105102539,-13.621086120605469,-13.549749374389648,-11.921121597290039,-11.89964771270752,-12.16305160522461,-12.490580558776855,-12.515897750854492,-11.74055004119873,-11.025628089904785,-10.945603370666504,-11.328263282775879,-11.930509567260742,-12.3275146484375,-12.884709358215332,-14.00717544555664,-15.21511459350586,-15.867528915405273,-16.0801944732666,-16.237403869628906,-16.902450561523438,-16.69224739074707,-16.772335052490234,-16.751604080200195,-17.6968936920166,-18.779178619384766
-12.97325611114502,-13.210394859313965,-13.46935749053955,-12.82136058807373,-11.54890251159668,-10.47925090789795,-9.817429542541504,-10.024435043334961,-11.44681167602539,-12.583462715148926,-12.430034637451172,-11.272615432739258,-10.791735649108887,-12.649961471557617,-15.147591590881348,-15.959328651428223,-14.092813491821289,-10.542533874511719,-10.33414363861084,-13.742098808288574,-14.096980094909668,-13.364439010620117,-12.737197875976562,-11.997305870056152,-12.145544052124023,-13.494976043701172,-13.236246109008789,-11.755678176879883,-11.094733238220215,-10.814826011657715,-10.837947845458984,-10.99124813079834,-11.301506996154785,-12.185734748840332,-13.960155487060547,-15.00391674041748,-15.686056137084961,-16.424531936645508,-16.307220458984375,-16.039011001586914,-15.913046836853027,-15.978860855102539,-17.001663208007812,-17.956796646118164
-14.57038688659668,-14.457389831542969,-14.384639739990234,-13.658968925476074,-12.180692672729492,-10.734883308410645,-10.304695129394531,-11.184802055358887,-12.686429023742676,-13.311985969543457,-13.030776023864746,-12.595746994018555,-12.319961547851562,-13.326730728149414,-15.122180938720703,-16.311004638671875,-15.537251472473145,-12.558287620544434,-10.856135368347168,-13.285079956054688,-13.934228897094727,-13.655367851257324,-13.862988471984863,-12.6322603225708,-12.011754035949707,-13.680633544921875,-14.069059371948242,-12.01320743560791,-10.247284889221191,-9.538784980773926,-9.575575828552246,-9.591955184936523,-9.66469669342041,-10.780508995056152,-13.050708770751953,-14.596114158630371,-15.101161003112793,-15.502164840698242,-14.913094520568848,-14.712331771850586,-15.133727073669434,-15.105867385864258,-15.802559852600098,-16.959592819213867
-15.61948299407959,-14.992124557495117,-14.432710647583008,-13.745038986206055,-12.660226821899414,-11.666064262390137,-11.726953506469727,-12.898585319519043,-13.848207473754883,-13.702919960021973,-13.42270565032959,-13.595380783081055,-13.779765129089355,-13.995144844055176,-14.974344253540039,-16.346057891845703,-17.12601089477539,-16.55992889404297,-14.531122207641602,-13.076506614685059,-11.656877517700195,-11.501936912536621,-13.50178337097168,-13.224111557006836,-12.082236289978027,-12.761777877807617,-13.414583206176758,-11.835407257080078,-9.560262680053711,-8.268404006958008,-8.373067855834961,-8.636202812194824,-8.735692977905273,-9.846522331237793,-12.430384635925293,-13.951539039611816,-13.753966331481934,-13.543396949768066,-12.988062858581543,-12.80590534210205,-13.860313415527344,-14.073199272155762,-14.805419921875,-16.059017181396484
