data/wind_data/wind_Surface_26.json
{"header": {"parameterUnit": "KT", "parameterCategory": 2, "nx": 255, "ny": 198, "lo1": 44.73521041870117, "la1": -3.236724853515625, "lo2": 111.26478576660156, "la2": 43.468475341796875, "dx": 0.26192745566368103, "dy": -0.23708222806453705, "refTime": "2025-02-20 02:00:00", "forecastTime": 0, "parameterNumber": 2, "parameterNumberName": "eastward_wind"}, "data":
[rows 57 to 75 of 198, columns 172 to 214 of 255]
-8.929844856262207,-8.994742393493652,-9.032751083374023,-8.7012357711792,-8.16442584991455,-7.758429050445557,-7.6093292236328125,-7.82200813293457,-7.899234294891357,-7.598732948303223,-7.0308661460876465,-7.124727725982666,-8.0352201461792,-7.786855697631836,-8.23492431640625,-9.018016815185547,-9.519268989562988,-10.499256134033203,-11.047795295715332,-11.340580940246582,-11.176615715026855,-10.851601600646973,-10.366103172302246,-9.817543029785156,-9.23399543762207,-8.636575698852539,-7.81798791885376,-6.750967502593994,-5.763157844543457,-5.213222980499268,-5.008325576782227,-5.4450249671936035,-6.496953010559082,-7.9630537033081055,-6.996983051300049,-3.625363826751709,-3.697464942932129,-3.659635543823242,-3.0402424335479736,-2.7221572399139404,-3.282501459121704,-3.8156774044036865,-3.353144884109497
-8.77622127532959,-8.96536922454834,-9.007620811462402,-9.091411590576172,-8.654807090759277,-8.08050537109375,-7.594313144683838,-7.525974750518799,-7.581943035125732,-7.916611671447754,-6.825456619262695,-4.5459794998168945,-7.5574798583984375,-8.160568237304688,-7.175020217895508,-7.9769744873046875,-8.288206100463867,-8.94344425201416,-9.496872901916504,-9.898784637451172,-9.807256698608398,-9.53229808807373,-9.249001502990723,-8.838942527770996,-8.252900123596191,-7.687347888946533,-7.135115623474121,-6.409583568572998,-5.821882724761963,-5.366093635559082,-4.994441986083984,-5.334557056427002,-6.95822811126709,-7.2036848068237305,-4.230649471282959,-3.268758535385132,-3.4132370948791504,-3.7580928802490234,-3.137765884399414,-2.305377244949341,-3.081876516342163,-3.1490187644958496,-2.4331581592559814
-8.085113525390625,-8.438555717468262,-8.966184616088867,-9.322038650512695,-8.930425643920898,-8.269998550415039,-7.707139492034912,-7.274563789367676,-7.300570964813232,-7.340130805969238,-6.407583713531494,-4.559432506561279,-5.328797340393066,-7.369109630584717,-7.263019561767578,-7.158432483673096,-7.377130508422852,-7.678805351257324,-8.20250415802002,-8.478580474853516,-8.49127197265625,-8.196617126464844,-7.992354393005371,-7.633500099182129,-7.087547302246094,-6.572263240814209,-6.09309720993042,-5.593661308288574,-5.232125282287598,-4.9606614112854,-4.978774547576904,-5.687915325164795,-7.2648234367370605,-6.876073360443115,-3.6441192626953125,-2.910144805908203,-3.4961376190185547,-4.480713844299316,-3.6529974937438965,-1.8023462295532227,-1.9387158155441284,-2.7087676525115967,-2.7913694381713867
-7.438172340393066,-7.882094860076904,-8.33586311340332,-8.727672576904297,-8.876961708068848,-8.416966438293457,-7.7563605308532715,-7.520369052886963,-7.291702747344971,-7.041048049926758,-6.248466491699219,-3.4497554302215576,-3.1908106803894043,-6.5174360275268555,-6.836040019989014,-6.470308780670166,-6.8037004470825195,-6.837549209594727,-7.165249824523926,-7.162441730499268,-7.134474277496338,-6.883533954620361,-6.734424591064453,-6.424740791320801,-5.957088470458984,-5.373668193817139,-4.973191261291504,-4.748056411743164,-4.492210865020752,-4.236148834228516,-4.31414270401001,-5.225072860717773,-6.930608749389648,-6.856122970581055,-4.217654228210449,-3.0930144786834717,-4.600932598114014,-6.139796257019043,-4.468631744384766,-1.4855983257293701,-2.4043164253234863,-3.7114720344543457,-4.16154670715332
-7.100765705108643,-7.423673152923584,-7.769395351409912,-8.00125789642334,-8.015466690063477,-7.8617706298828125,-7.747015476226807,-7.688232898712158,-7.36522102355957,-6.986937046051025,-6.182983875274658,-4.036816120147705,-3.639805555343628,-6.110437393188477,-6.171566009521484,-5.945701599121094,-6.239551067352295,-6.244831085205078,-6.3908233642578125,-6.085299491882324,-5.75972843170166,-5.380847930908203,-5.310178279876709,-5.1334638595581055,-4.686218738555908,-4.180065631866455,-3.968252658843994,-3.8683316707611084,-3.781991720199585,-3.5827476978302,-3.397095203399658,-3.9217679500579834,-5.296583652496338,-5.074323654174805,-2.986546277999878,-3.297684907913208,-5.850390911102295,-8.002082824707031,-4.330994606018066,-1.1892118453979492,-3.539273500442505,-5.924890041351318,-6.784762859344482
-6.806459903717041,-7.051219463348389,-7.313190937042236,-7.538848400115967,-7.680637359619141,-7.701443672180176,-7.628894329071045,-7.579054832458496,-7.466665267944336,-7.062898635864258,-6.613382816314697,-5.2121686935424805,-3.9565274715423584,-5.549323558807373,-5.8996429443359375,-5.483776569366455,-5.802352428436279,-5.701436996459961,-5.7697954177856445,-5.288013935089111,-4.670516014099121,-3.9636521339416504,-3.6911911964416504,-3.794250249862671,-3.9384896755218506,-3.780733823776245,-3.5952646732330322,-3.4003050327301025,-3.1897289752960205,-2.880953788757324,-2.5471272468566895,-2.7376604080200195,-3.882955312728882,-3.7083544731140137,-2.3109030723571777,-3.3149685859680176,-5.934471130371094,-8.05750846862793,-6.2497239112854,-5.409230709075928,-7.008885860443115,-8.639385223388672,-8.764092445373535
-6.659646034240723,-6.847166061401367,-6.96750020980835,-7.0663628578186035,-7.207611560821533,-7.194129943847656,-7.028890609741211,-7.0151801109313965,-7.055325508117676,-6.878724575042725,-6.756809711456299,-5.644444465637207,-3.5599098205566406,-5.165712833404541,-5.648503303527832,-5.202985763549805,-5.44967794418335,-5.236050128936768,-5.220032691955566,-4.765312194824219,-4.036047458648682,-3.134511947631836,-2.579392671585083,-2.5174875259399414,-2.8284895420074463,-3.037369966506958,-2.9808285236358643,-2.7387239933013916,-2.4274842739105225,-2.0607776641845703,-1.7905513048171997,-1.839356541633606,-2.7630515098571777,-2.743299722671509,-2.0896501541137695,-3.773064613342285,-5.604755401611328,-6.396650314331055,-6.444921016693115,-6.853494167327881,-9.110671997070312,-9.669170379638672,-9.28771686553955
-6.422396183013916,-6.635777950286865,-6.81309700012207,-6.868179798126221,-6.8848772048950195,-6.733174800872803,-6.388200759887695,-6.346476078033447,-6.562560081481934,-6.578568458557129,-6.553929328918457,-5.923075199127197,-4.235798358917236,-4.837540149688721,-5.404365062713623,-5.12924337387085,-4.983489036560059,-4.829179286956787,-4.634222030639648,-4.2624311447143555,-3.60048770904541,-2.764094114303589,-2.111860990524292,-1.9738450050354004,-2.222853660583496,-2.449861764907837,-2.3916127681732178,-2.1584200859069824,-1.9633257389068604,-1.5597965717315674,-1.3478949069976807,-1.254587173461914,-1.0761014223098755,-1.250529408454895,-2.3535776138305664,-4.479769706726074,-6.545714855194092,-8.291122436523438,-7.259739875793457,-7.990027904510498,-9.810447692871094,-9.663957595825195,-9.03055191040039
-6.164300441741943,-6.307493209838867,-6.48900842666626,-6.594032287597656,-6.584712505340576,-6.415924549102783,-6.02812385559082,-5.816181182861328,-5.9176506996154785,-5.95554256439209,-5.857503890991211,-5.633265495300293,-5.228370189666748,-5.100139617919922,-5.13679838180542,-4.893867492675781,-4.490373134613037,-4.237967014312744,-4.0484538078308105,-3.8230602741241455,-3.3072574138641357,-2.5364654064178467,-1.89201021194458,-1.763981580734253,-2.0024523735046387,-2.26482892036438,-2.3426852226257324,-2.1691110134124756,-1.8947583436965942,-1.5834680795669556,-1.5410689115524292,-1.2974299192428589,-0.16055235266685486,-0.5099837779998779,-2.835217237472534,-5.397986888885498,-7.978891372680664,-7.24738883972168,-5.951228141784668,-6.748907089233398,-7.862924098968506,-7.625715255737305,-8.087013244628906
-5.79650354385376,-5.957254409790039,-6.068730354309082,-6.139822483062744,-6.187454700469971,-6.153404712677002,-5.879601001739502,-5.497056484222412,-5.291130065917969,-5.311059951782227,-5.242124080657959,-4.934762477874756,-4.824304103851318,-4.861185073852539,-4.727227210998535,-4.378433704376221,-3.891498327255249,-3.4886906147003174,-3.3073010444641113,-3.3070173263549805,-3.0579121112823486,-2.3718960285186768,-1.6840765476226807,-1.5707687139511108,-1.8717050552368164,-2.2212300300598145,-2.4004125595092773,-2.396157741546631,-2.2849531173706055,-2.2248287200927734,-2.4544620513916016,-1.329538106918335,-0.2404586672782898,-1.7758762836456299,-3.8667256832122803,-5.029933452606201,-5.857979774475098,-5.240683078765869,-5.130133628845215,-5.8671956062316895,-7.2652740478515625,-8.60169506072998,-9.787376403808594
-5.36310338973999,-5.501382350921631,-5.664268970489502,-5.682438373565674,-5.668695449829102,-5.623364448547363,-5.4536285400390625,-5.224919319152832,-5.039055347442627,-4.863736152648926,-4.610899448394775,-4.306164741516113,-4.069301605224609,-4.025328159332275,-4.102521896362305,-3.8372254371643066,-3.2943480014801025,-2.8638715744018555,-2.6980550289154053,-2.764376163482666,-2.6487274169921875,-2.2141292095184326,-1.6513197422027588,-1.531895399093628,-1.9021532535552979,-2.3925979137420654,-2.47587513923645,-2.5750887393951416,-2.8909997940063477,-3.4305341243743896,-3.4197213649749756,-2.011791467666626,-1.6948838233947754,-3.0463058948516846,-4.309215068817139,-5.336503505706787,-5.532098770141602,-5.639496326446533,-5.460422039031982,-5.4909563064575195,-6.051025867462158,-9.366521835327148,-11.67827320098877
-5.160562038421631,-5.099191188812256,-5.199095726013184,-5.298276424407959,-5.235330104827881,-5.125187873840332,-5.066020965576172,-4.963506698608398,-4.757171630859375,-4.463338375091553,-4.1342949867248535,-3.8167335987091064,-3.4903461933135986,-3.290530204772949,-3.3517649173736572,-3.1796112060546875,-2.7275969982147217,-2.412600517272949,-2.2801640033721924,-2.372653007507324,-2.1908960342407227,-1.7234023809432983,-1.3933537006378174,-1.567293643951416,-2.094240188598633,-2.5976481437683105,-2.5988311767578125,-2.7995803356170654,-3.3429434299468994,-4.45121955871582,-3.83746075630188,-1.4053540229797363,-2.097283363342285,-3.522500514984131,-3.5738863945007324,-4.821674346923828,-6.886387825012207,-6.465235233306885,-6.2119245529174805,-7.485336780548096,-8.11861801147461,-6.845914363861084,-7.142795562744141
-5.318506240844727,-4.948915481567383,-4.795461654663086,-4.824609756469727,-4.832939147949219,-4.728709697723389,-4.616733074188232,-4.531905174255371,-4.3907270431518555,-4.113510608673096,-3.7089505195617676,-3.272169351577759,-2.9778339862823486,-2.725618600845337,-2.660031795501709,-2.435586929321289,-2.110445737838745,-1.9795236587524414,-1.8145058155059814,-1.8318687677383423,-1.4689592123031616,-0.8991536498069763,-0.752831220626831,-1.3253812789916992,-2.210211992263794,-2.809947967529297,-2.8176422119140625,-3.1382908821105957,-3.5156567096710205,-4.6028947830200195,-4.028676509857178,-1.710942268371582,-2.2979588508605957,-2.67179274559021,-3.6552302837371826,-5.717137813568115,-7.687701225280762,-6.8634934425354,-6.8244428634643555,-8.603748321533203,-9.781298637390137,-8.521771430969238,-8.643481254577637
-5.598445892333984,-5.124067306518555,-4.674495220184326,-4.453344821929932,-4.377148151397705,-4.297277450561523,-4.194024562835693,-4.142956733703613,-4.145131587982178,-3.9583938121795654,-3.521897792816162,-2.9479849338531494,-2.4243063926696777,-1.9199228286743164,-1.8640918731689453,-1.7598708868026733,-1.6525949239730835,-1.6685036420822144,-1.5644458532333374,-1.6222364902496338,-1.0070022344589233,-0.31030845642089844,-0.1186022013425827,-0.7253274917602539,-1.8882534503936768,-2.928299903869629,-3.174880027770996,-3.498363971710205,-3.732367753982544,-4.407613754272461,-3.7589666843414307,-1.5100924968719482,-0.9568995833396912,-1.5383851528167725,-4.630430698394775,-7.117434978485107,-8.271782875061035,-7.4213104248046875,-6.779304027557373,-8.263923645019531,-10.22053337097168,-10.716562271118164,-11.250377655029297
-5.723194599151611,-5.378630638122559,-4.879126071929932,-4.371366024017334,-4.070493698120117,-3.886031150817871,-3.8047921657562256,-3.7400670051574707,-3.734117269515991,-3.718129873275757,-3.4918336868286133,-2.9187257289886475,-2.292788028717041,-1.5535162687301636,-1.3401740789413452,-1.1214556694030762,-1.1978850364685059,-1.4306920766830444,-1.6053951978683472,-1.8775513172149658,-0.9490046501159668,0.0061407010070979595,0.3314087688922882,-0.2449142336845398,-1.3819692134857178,-2.5430243015289307,-3.22430682182312,-3.7871696949005127,-4.549685955047607,-6.052824020385742,-5.314457416534424,-2.1423587799072266,-1.3262757062911987,-2.6430842876434326,-5.722522258758545,-6.9558210372924805,-6.258867263793945,-6.295568943023682,-6.694427490234375,-9.837444305419922,-12.385703086853027,-12.650920867919922,-12.949223518371582
-5.699197769165039,-5.515520095825195,-5.141541004180908,-4.572413444519043,-4.037792682647705,-3.667142629623413,-3.4705655574798584,-3.407113790512085,-3.361453056335449,-3.3497800827026367,-3.286783218383789,-3.012028694152832,-2.4950523376464844,-1.7425845861434937,-1.4193646907806396,-0.9277695417404175,-0.9950015544891357,-1.2879722118377686,-1.584330439567566,-1.6945728063583374,-0.3833499252796173,0.6643550992012024,0.9712226390838623,0.26597777009010315,-0.9469245076179504,-1.7818039655685425,-2.566688299179077,-3.8598368167877197,-5.938503265380859,-7.729917049407959,-6.27589750289917,-3.0253853797912598,-2.3633978366851807,-2.3359429836273193,-3.5680503845214844,-5.4835381507873535,-5.302255153656006,-3.6878511905670166,-4.637640953063965,-9.409228324890137,-12.47548770904541,-13.480236053466797,-14.165379524230957
-5.686144828796387,-5.548331260681152,-5.315610408782959,-4.875004291534424,-4.332065105438232,-3.78635573387146,-3.3869147300720215,-3.242499828338623,-3.167832851409912,-3.14430832862854,-3.0311927795410156,-2.9470303058624268,-2.797529458999634,-2.480696439743042,-2.015249013900757,-1.151302456855774,-0.7934738993644714,-1.0590859651565552,-1.5611547231674194,-1.2607731819152832,0.11062299460172653,1.044543981552124,1.0631104707717896,0.004433121532201767,-1.1101847887039185,-1.4354995489120483,-2.1920130252838135,-4.015334606170654,-7.05246639251709,-8.900742530822754,-6.9965925216674805,-3.4619593620300293,-2.0569992065429688,-1.6912083625793457,-3.2063329219818115,-5.119081974029541,-4.4547858238220215,-2.245229721069336,-3.2371623516082764,-8.173457145690918,-10.964107513427734,-12.687094688415527,-14.87033748626709
-5.7872796058654785,-5.660696506500244,-5.439724445343018,-5.10972785949707,-4.6872172355651855,-4.159125328063965,-3.6707136631011963,-3.400421142578125,-3.245419979095459,-3.1963162422180176,-3.039273500442505,-2.997255325317383,-2.9033005237579346,-2.9024975299835205,-2.383917808532715,-1.4675934314727783,-0.6910191178321838,-0.7127547264099121,-1.304305076599121,-0.5843605399131775,0.37556636333465576,0.7146111130714417,0.3609369099140167,-0.344541996717453,-0.9254320859909058,-1.7468018531799316,-2.9407191276550293,-4.7977447509765625,-7.670963764190674,-8.397648811340332,-6.228888988494873,-4.2709736824035645,-2.043178081512451,-2.139573097229004,-4.45965051651001,-6.228810787200928,-5.679871559143066,-3.7073142528533936,-4.528708457946777,-6.658565044403076,-8.76994800567627,-11.567190170288086,-15.380910873413086
-6.111817836761475,-5.932897090911865,-5.609854221343994,-5.281491279602051,-4.884150505065918,-4.351861000061035,-3.916029214859009,-3.6811208724975586,-3.5746240615844727,-3.480469226837158,-3.2229537963867188,-3.1511969566345215,-3.0041472911834717,-2.90893816947937,-2.1512272357940674,-1.4946959018707275,-0.8413041234016418,-0.32067641615867615,-0.6959992051124573,-0.35572272539138794,0.2290625125169754,0.09063056856393814,-0.7087392807006836,-1.0401606559753418,-0.7408682107925415,-1.296870231628418,-3.2822482585906982,-6.016725063323975,-8.339475631713867,-8.030116081237793,-5.404205322265625,-3.2959632873535156,-2.1486318111419678,-3.246829032897949,-5.817267417907715,-6.117918491363525,-5.053103923797607,-4.247432231903076,-5.113682746887207,-6.101416110992432,-8.36283016204834,-11.455168724060059,-13.784356117248535
