data/wind_data/wind_Surface_43.json
{"header": {"parameterUnit": "KT", "parameterCategory": 2, "nx": 255, "ny": 198, "lo1": 44.73521041870117, "la1": -3.236724853515625, "lo2": 111.26478576660156, "la2": 43.468475341796875, "dx": 0.26192745566368103, "dy": -0.23708222806453705, "refTime": "2025-02-20 19:00:00", "forecastTime": 0, "parameterNumber": 2, "parameterNumberName": "eastward_wind"}, "data":
[rows 0 to 18 of 198, columns 43 to 85 of 255]
-6.414624214172363,-6.453096866607666,-6.466587066650391,-6.519003868103027,-6.552227020263672,-6.510777473449707,-6.291034698486328,-5.884978294372559,-5.540442943572998,-5.425255298614502,-5.747873306274414,-6.294365406036377,-6.091163158416748,-5.309442043304443,-5.234905242919922,-5.6765289306640625,-5.57735538482666,-5.0485358238220215,-4.607183456420898,-4.2751145362854,-3.9863953590393066,-3.7511348724365234,-3.5677332878112793,-3.4858310222625732,-3.543562412261963,-3.734600782394409,-3.9580230712890625,-3.935234785079956,-3.515385150909424,-2.9698894023895264,-2.4795644283294678,-1.9694653749465942,-1.4913216829299927,-1.1103460788726807,-0.8607784509658813,-0.7919462323188782,-0.8815839886665344,-1.074655532836914,-1.2764172554016113,-1.3716561794281006,-1.2964228391647339,-0.9977769255638123,-0.5399910807609558
-6.951891899108887,-7.036616802215576,-7.216700077056885,-7.415735721588135,-7.514469146728516,-7.494675159454346,-7.400458812713623,-7.193317413330078,-6.90242862701416,-6.736598968505859,-6.837350368499756,-6.947822570800781,-6.678440570831299,-6.201741695404053,-5.961045265197754,-5.896731376647949,-5.675147533416748,-5.199559688568115,-4.5872697830200195,-4.074356555938721,-3.7730138301849365,-3.6372463703155518,-3.6102817058563232,-3.669996738433838,-3.8256888389587402,-4.077147483825684,-4.329927444458008,-4.322432994842529,-3.919863700866699,-3.396071434020996,-2.9530203342437744,-2.5390915870666504,-2.0847432613372803,-1.7043006420135498,-1.4821290969848633,-1.3894091844558716,-1.4159654378890991,-1.551255464553833,-1.6832847595214844,-1.643416166305542,-1.451237678527832,-1.1849265098571777,-0.8295333981513977
-7.495357513427734,-7.724824905395508,-7.885184288024902,-7.986025810241699,-8.04637336730957,-8.036742210388184,-7.945962429046631,-7.791128635406494,-7.576213359832764,-7.376030921936035,-7.298802852630615,-7.242131233215332,-7.051169395446777,-6.802703380584717,-6.582458972930908,-6.343628883361816,-5.953036785125732,-5.319809913635254,-4.528870105743408,-3.8772387504577637,-3.523101568222046,-3.445009231567383,-3.6405701637268066,-3.90000581741333,-4.071743965148926,-4.348751068115234,-4.753818988800049,-4.774461269378662,-4.291247367858887,-3.7307238578796387,-3.226177930831909,-2.769399642944336,-2.5078790187835693,-2.379418134689331,-2.266693353652954,-2.108325958251953,-1.970615029335022,-1.94286048412323,-1.9616999626159668,-1.9096062183380127,-1.743712067604065,-1.406302809715271,-0.9960776567459106
-8.37154483795166,-8.536238670349121,-8.451469421386719,-8.627163887023926,-8.815950393676758,-8.772549629211426,-8.513727188110352,-8.255987167358398,-8.188348770141602,-8.08696174621582,-7.950867652893066,-7.824140548706055,-7.587301731109619,-7.418647289276123,-7.298250198364258,-7.057482719421387,-6.575622081756592,-5.738136291503906,-4.719905853271484,-3.8601903915405273,-3.4065330028533936,-3.5705573558807373,-4.239263534545898,-4.744643688201904,-4.9552812576293945,-5.261274337768555,-5.599536895751953,-5.4259934425354,-4.8083271980285645,-4.0486297607421875,-3.238490104675293,-2.515284299850464,-2.312943935394287,-2.422464370727539,-2.703491687774658,-3.10231351852417,-3.1844732761383057,-2.8770720958709717,-2.4926917552948,-2.043649911880493,-1.599707007408142,-1.1454591751098633,-0.8303076028823853
-10.20456314086914,-9.5602388381958,-8.51651668548584,-9.407886505126953,-10.370412826538086,-10.086546897888184,-9.187505722045898,-8.522927284240723,-8.761951446533203,-9.072824478149414,-9.126591682434082,-8.983724594116211,-8.176025390625,-7.675632476806641,-7.742584228515625,-8.180986404418945,-8.20203971862793,-7.013082027435303,-5.408369541168213,-3.9213995933532715,-3.1357064247131348,-4.07077169418335,-6.2860798835754395,-7.587369918823242,-7.690444469451904,-7.2860307693481445,-7.049833297729492,-6.656282901763916,-5.764264106750488,-4.30061674118042,-2.9570531845092773,-0.8147125840187073,0.036612194031476974,-0.445600301027298,-1.584507703781128,-4.640138149261475,-6.289349555969238,-5.275707721710205,-3.3315906524658203,-1.2487119436264038,0.5369807481765747,1.0284687280654907,0.7838338613510132
-9.874686241149902,-8.649017333984375,-7.0487141609191895,-8.923139572143555,-11.194034576416016,-10.396201133728027,-9.189969062805176,-8.851537704467773,-8.857178688049316,-9.133111000061035,-9.331083297729492,-8.824520111083984,-6.930481910705566,-5.011990070343018,-4.618225574493408,-6.232301235198975,-7.279847621917725,-6.211142063140869,-4.573525905609131,-2.7184526920318604,-1.6018562316894531,-2.3528168201446533,-4.345587730407715,-6.846133232116699,-7.672712802886963,-5.468453407287598,-4.550811767578125,-5.613504886627197,-5.297434329986572,-3.851454257965088,-3.122269868850708,-1.6812043190002441,-0.4515877068042755,0.30746209621429443,-0.8297980427742004,-4.438605308532715,-6.155749797821045,-4.97949743270874,-1.9236788749694824,0.38977742195129395,1.7725180387496948,1.2359331846237183,0.7348545789718628
-9.805512428283691,-8.61697006225586,-8.240438461303711,-9.954324722290039,-11.46648120880127,-10.080445289611816,-8.685067176818848,-8.437755584716797,-8.487831115722656,-8.892340660095215,-9.380772590637207,-9.45194149017334,-8.082100868225098,-5.7095723152160645,-5.898086071014404,-9.015181541442871,-9.645586013793945,-6.98646354675293,-4.379467964172363,-1.5334646701812744,-0.29547226428985596,-4.085405349731445,-8.142712593078613,-9.957030296325684,-8.86023235321045,-5.200850963592529,-3.517638683319092,-4.278435230255127,-4.728421211242676,-3.654924154281616,-1.950534701347351,-4.8491716384887695,-4.9431023597717285,-2.8402302265167236,-1.5732722282409668,-2.460674524307251,-5.04893159866333,-3.4339163303375244,-1.0070841312408447,1.5416759252548218,1.752659559249878,0.9496363997459412,0.5138329267501831
-10.06335735321045,-9.498682975769043,-9.298004150390625,-9.646361351013184,-10.296187400817871,-10.53125,-9.368313789367676,-8.269476890563965,-7.728940010070801,-7.960531711578369,-8.902520179748535,-9.384207725524902,-9.444150924682617,-9.311884880065918,-9.924944877624512,-10.5194730758667,-9.411474227905273,-7.225692272186279,-5.088964939117432,-4.303471088409424,-6.641117572784424,-12.203853607177734,-13.836807250976562,-10.963211059570312,-8.669757843017578,-6.348755359649658,-5.668952465057373,-7.098381042480469,-4.607178688049316,-2.6759917736053467,-4.55937385559082,-5.120677471160889,-5.022568702697754,-5.103549480438232,-5.1891326904296875,-5.02755069732666,-4.290060997009277,-2.3475871086120605,-1.1240876913070679,0.06225735321640968,0.09299939125776291,0.6125466823577881,-1.7758628129959106
-10.238313674926758,-9.864853858947754,-10.079630851745605,-10.471004486083984,-10.341358184814453,-9.882410049438477,-9.377397537231445,-8.565216064453125,-7.6248369216918945,-6.782119274139404,-7.734541416168213,-9.75574016571045,-9.697659492492676,-8.991655349731445,-9.579014778137207,-10.091179847717285,-9.522639274597168,-8.096177101135254,-6.748220443725586,-8.011092185974121,-11.57133960723877,-13.398533821105957,-12.038536071777344,-9.434508323669434,-8.24199390411377,-8.152485847473145,-8.712813377380371,-8.66553783416748,-7.685031890869141,-6.957418918609619,-6.247159481048584,-5.025094509124756,-4.731980323791504,-5.540228366851807,-6.390005111694336,-6.366458415985107,-5.447976112365723,-4.581725120544434,-2.1242563724517822,-1.3593538999557495,-0.7608472108840942,0.19377435743808746,-0.8820903301239014
-10.321305274963379,-10.212406158447266,-10.087166786193848,-10.438935279846191,-10.575087547302246,-9.863816261291504,-9.234149932861328,-9.049505233764648,-8.632253646850586,-8.283366203308105,-9.474037170410156,-10.162561416625977,-8.959579467773438,-8.388829231262207,-9.009478569030762,-9.955573081970215,-9.977879524230957,-8.678157806396484,-8.264678955078125,-9.486167907714844,-10.662897109985352,-11.09863567352295,-10.024041175842285,-7.93574333190918,-5.76594877243042,-4.0325140953063965,-5.960623264312744,-9.141793251037598,-8.075237274169922,-5.890983581542969,-5.635786533355713,-6.527451992034912,-7.244234561920166,-6.774328231811523,-6.908688068389893,-6.236284255981445,-5.179675579071045,-5.980027198791504,-4.517304420471191,-1.6215336322784424,-1.3311429023742676,-0.7027439475059509,0.9035196900367737
-11.153107643127441,-11.16451644897461,-10.972551345825195,-11.217926025390625,-11.033574104309082,-9.544787406921387,-8.375411987304688,-9.283564567565918,-10.680861473083496,-10.68397331237793,-10.592442512512207,-9.871824264526367,-8.014507293701172,-6.69921875,-7.487459182739258,-9.85584831237793,-10.073991775512695,-8.368904113769531,-8.196687698364258,-9.23934268951416,-9.938329696655273,-10.305231094360352,-9.693092346191406,-7.738794326782227,-5.118090629577637,-2.701146125793457,-5.747875213623047,-10.055371284484863,-9.619709014892578,-7.425256252288818,-6.1327338218688965,-7.716103553771973,-8.68380069732666,-7.506173610687256,-6.919397830963135,-6.65843391418457,-5.467137813568115,-3.498638391494751,-2.9645016193389893,-3.189340591430664,-2.318974018096924,-2.1003732681274414,-1.1023569107055664
-11.630817413330078,-11.698936462402344,-11.140071868896484,-11.070487022399902,-10.850804328918457,-9.484614372253418,-9.119338989257812,-10.496552467346191,-10.725120544433594,-8.969780921936035,-8.596257209777832,-9.009784698486328,-7.4538750648498535,-6.264006614685059,-7.707611083984375,-10.326240539550781,-10.497769355773926,-8.98815631866455,-8.886972427368164,-9.734515190124512,-9.973369598388672,-9.664947509765625,-9.246109962463379,-8.462985038757324,-7.175395965576172,-6.069307327270508,-7.900780200958252,-10.055083274841309,-9.985685348510742,-8.578255653381348,-7.655386924743652,-8.546443939208984,-8.600221633911133,-7.939907073974609,-7.007980823516846,-6.588101387023926,-6.252047538757324,-4.302542686462402,-2.3572804927825928,-1.514065146446228,-1.49634850025177,-2.6765153408050537,-3.8983213901519775
-12.252401351928711,-10.855036735534668,-10.387417793273926,-10.838305473327637,-10.775992393493652,-10.965946197509766,-11.971573829650879,-11.368062019348145,-9.67041015625,-9.219785690307617,-8.927984237670898,-8.661710739135742,-9.38338565826416,-10.794812202453613,-11.905888557434082,-11.71158504486084,-9.83191967010498,-8.21010684967041,-8.607430458068848,-9.864487648010254,-10.341580390930176,-9.771199226379395,-9.258074760437012,-8.976716041564941,-8.53683853149414,-8.850790977478027,-10.452518463134766,-11.034932136535645,-8.943705558776855,-7.77811861038208,-8.971037864685059,-8.758783340454102,-7.391109943389893,-7.493046283721924,-7.423126697540283,-6.015653133392334,-5.134835243225098,-4.692141056060791,-2.421044111251831,0.8265891671180725,0.5885238647460938,-3.764238119125366,-5.203310489654541
-11.58758544921875,-10.526473999023438,-10.171940803527832,-10.630748748779297,-11.150179862976074,-11.58897590637207,-11.556130409240723,-10.531879425048828,-9.82201862335205,-9.877641677856445,-9.909002304077148,-10.55136489868164,-11.753459930419922,-12.202202796936035,-11.811452865600586,-11.135601043701172,-9.30709171295166,-7.063258647918701,-6.868898391723633,-8.75125503540039,-10.032794952392578,-9.169992446899414,-8.58393669128418,-9.733579635620117,-10.31340217590332,-9.71859359741211,-9.333160400390625,-8.972253799438477,-7.939114570617676,-7.491667747497559,-8.710062026977539,-9.161792755126953,-8.299284934997559,-7.774638652801514,-7.12449836730957,-5.578669548034668,-4.477720737457275,-4.405856609344482,-3.4631214141845703,-2.4135632514953613,-3.542437791824341,-5.1916327476501465,-4.047504901885986
-11.564003944396973,-11.36281967163086,-10.839580535888672,-10.6848726272583,-11.452228546142578,-11.84609603881836,-11.57222843170166,-11.067569732666016,-10.462814331054688,-10.218765258789062,-10.771448135375977,-11.872499465942383,-11.942741394042969,-10.721294403076172,-9.776005744934082,-9.869553565979004,-9.353282928466797,-6.236018180847168,-4.265754699707031,-6.957373142242432,-8.811464309692383,-7.038611888885498,-6.852386951446533,-9.952280044555664,-11.935181617736816,-10.846631050109863,-9.384139060974121,-9.277530670166016,-9.115978240966797,-8.724367141723633,-9.060487747192383,-9.133706092834473,-8.47739028930664,-7.401998043060303,-6.4118194580078125,-4.995018482208252,-3.609342575073242,-3.3043556213378906,-4.737581729888916,-6.676128387451172,-6.846558094024658,-5.76806116104126,-3.598975419998169
-11.971882820129395,-11.364459037780762,-11.39095401763916,-11.97025203704834,-12.168914794921875,-11.687742233276367,-11.719643592834473,-11.523275375366211,-11.094011306762695,-11.304068565368652,-11.358461380004883,-10.917104721069336,-9.585498809814453,-7.039287567138672,-5.2360405921936035,-6.521762371063232,-8.429386138916016,-8.513830184936523,-8.58712387084961,-9.40800666809082,-8.14073371887207,-5.757455825805664,-7.881701946258545,-11.210768699645996,-12.353214263916016,-10.845234870910645,-8.127579689025879,-8.194971084594727,-8.612794876098633,-7.933328151702881,-7.859155178070068,-7.749022483825684,-7.480307579040527,-7.728378772735596,-6.928321838378906,-5.2285895347595215,-2.94449520111084,-2.0092597007751465,-6.317075729370117,-9.577127456665039,-8.195220947265625,-6.163278102874756,-4.8810648918151855
-11.934420585632324,-11.876896858215332,-12.109786033630371,-12.393223762512207,-12.463855743408203,-12.401341438293457,-12.068947792053223,-11.324821472167969,-10.917627334594727,-11.105071067810059,-11.012672424316406,-10.511281967163086,-9.6705904006958,-8.057863235473633,-7.774270057678223,-10.41110610961914,-11.604076385498047,-9.843439102172852,-9.582320213317871,-10.682893753051758,-9.142853736877441,-8.191292762756348,-11.363922119140625,-13.124170303344727,-12.053421020507812,-10.109221458435059,-9.432973861694336,-9.936864852905273,-9.411898612976074,-7.670670032501221,-5.689618110656738,-4.506262302398682,-5.8541083335876465,-7.5800042152404785,-6.6145429611206055,-5.343876838684082,-5.084754467010498,-5.971161365509033,-6.9445905685424805,-8.080291748046875,-8.644266128540039,-7.787465572357178,-7.232671737670898
-11.671445846557617,-11.871928215026855,-12.070919036865234,-12.279633522033691,-12.598008155822754,-12.596185684204102,-11.732297897338867,-9.427671432495117,-7.7657551765441895,-9.390507698059082,-11.039586067199707,-10.687260627746582,-10.071253776550293,-9.708250045776367,-9.942364692687988,-11.098711013793945,-11.662008285522461,-10.762075424194336,-10.06892204284668,-9.092721939086914,-7.567539691925049,-8.2073974609375,-10.92800235748291,-11.366260528564453,-9.485812187194824,-9.630715370178223,-11.021421432495117,-10.64297866821289,-9.401549339294434,-8.147919654846191,-6.300168514251709,-4.163285732269287,-4.652266502380371,-6.434641361236572,-7.321094512939453,-7.448835372924805,-7.0331597328186035,-7.276592254638672,-8.286796569824219,-8.902040481567383,-8.244733810424805,-8.341912269592285,-9.039499282836914
-11.056771278381348,-11.777252197265625,-12.440732955932617,-12.162270545959473,-12.247076034545898,-12.383432388305664,-11.792607307434082,-10.430957794189453,-9.458048820495605,-10.98675537109375,-11.821700096130371,-10.595993995666504,-10.01049518585205,-8.968385696411133,-6.09735631942749,-5.7963690757751465,-11.218206405639648,-13.801398277282715,-10.62490463256836,-8.201181411743164,-8.047991752624512,-9.73866081237793,-11.154824256896973,-9.216490745544434,-6.770122051239014,-9.174196243286133,-11.742695808410645,-10.234726905822754,-8.977537155151367,-8.737689018249512,-8.447965621948242,-7.824662685394287,-6.233558177947998,-5.456371307373047,-9.17717456817627,-11.013728141784668,-9.031030654907227,-8.788387298583984,-8.849355697631836,-8.692784309387207,-8.363920211791992,-8.802467346191406,-9.822586059570312
