data/wind_data/wind_9_5.json
{"header": {"parameterUnit": "KT", "parameterCategory": 2, "nx": 256, "ny": 198, "lo1": 44.73521041870117, "la1": -3.236724853515625, "lo2": 111.26478576660156, "la2": 43.468475341796875, "dx": 0.2609002888202667, "dy": -0.23708222806453705, "refTime": "2025-02-19 09:00:00", "forecastTime": 0, "parameterNumber": 2, "parameterNumberName": "eastward_wind"}, "data":
[rows 20 to 39 of 198, columns 132 to 175 of 256]
-2.483180046081543,-2.5232412815093994,-2.609250783920288,-1.978486180305481,-1.0209670066833496,-0.37085118889808655,-0.09472103416919708,0.09279555827379227,0.5934959053993225,1.6471656560897827,2.5715253353118896,3.0561094284057617,3.2600018978118896,3.606154203414917,3.951366901397705,3.929527521133423,3.801419734954834,4.088016033172607,4.950769901275635,5.662892818450928,6.103484153747559,6.673459529876709,7.268699645996094,7.844926357269287,8.42320442199707,8.87915325164795,9.315844535827637,9.505483627319336,9.427042961120605,9.50110912322998,9.737165451049805,9.99737548828125,10.211816787719727,10.356757164001465,10.010602951049805,9.00634765625,8.205097198486328,7.8943772315979,7.744138240814209,7.660914421081543,7.797962665557861,7.683700084686279,7.549825668334961,7.758811950683594
-2.1181342601776123,-2.1354141235351562,-2.186659812927246,-1.520012617111206,-0.39317557215690613,0.48188287019729614,0.8428527116775513,1.0095733404159546,1.4758261442184448,2.171251058578491,2.748837947845459,3.3277926445007324,3.7318150997161865,3.969337224960327,4.142863750457764,4.331360340118408,4.505472183227539,4.848722457885742,5.548098564147949,6.2570672035217285,6.773241996765137,7.418924808502197,8.137192726135254,8.588303565979004,8.777518272399902,9.144685745239258,9.63477897644043,10.012377738952637,9.633304595947266,9.394539833068848,9.54012393951416,9.742445945739746,9.803956031799316,10.641241073608398,10.251523971557617,9.274994850158691,8.355975151062012,7.710972785949707,7.271938323974609,7.114775657653809,7.316217422485352,7.622867107391357,8.084572792053223,8.641154289245605
-1.3459035158157349,-1.3465830087661743,-1.4308369159698486,-0.8306514620780945,0.4744893014431,1.5892541408538818,1.896296501159668,1.8108532428741455,2.006357431411743,2.4865357875823975,3.157831907272339,4.071926116943359,4.593575477600098,4.53081750869751,4.556717395782471,5.0645036697387695,5.563323020935059,5.879690647125244,6.248782157897949,6.958040237426758,7.493553161621094,7.882996559143066,8.570541381835938,9.305672645568848,9.531171798706055,9.690227508544922,9.562081336975098,9.778112411499023,9.550079345703125,9.190747261047363,9.044975280761719,8.948436737060547,8.922574996948242,10.706071853637695,10.263343811035156,9.770563125610352,8.820964813232422,7.9054388999938965,7.383726119995117,7.485678195953369,7.913093090057373,8.555882453918457,9.311402320861816,9.777454376220703
-0.35012078285217285,-0.39834076166152954,-0.5918455719947815,-0.18372495472431183,0.9151617884635925,2.0870440006256104,2.531935930252075,2.2858965396881104,2.2842137813568115,2.5518620014190674,3.3105993270874023,4.376272678375244,5.008306503295898,5.225778102874756,5.4432525634765625,6.121446132659912,6.679378986358643,6.864530563354492,7.1316752433776855,7.6629838943481445,8.124151229858398,8.33301830291748,8.89031982421875,9.613995552062988,10.011899948120117,10.080344200134277,8.925444602966309,9.220047950744629,9.172398567199707,9.051739692687988,8.69448184967041,8.497188568115234,9.0365571975708,9.856822967529297,10.232876777648926,10.177738189697266,9.682740211486816,8.774163246154785,8.347381591796875,8.485039710998535,8.84953784942627,9.700237274169922,10.639150619506836,10.96817684173584
0.4935172200202942,0.6212996244430542,0.4329915940761566,0.475340873003006,1.0718945264816284,1.968210220336914,2.390582323074341,2.324881076812744,2.537224054336548,2.657252311706543,3.1299068927764893,4.04294490814209,4.582369327545166,5.077670097351074,6.121340274810791,6.498990535736084,7.325206279754639,7.809267044067383,8.252753257751465,8.421680450439453,8.323062896728516,8.250747680664062,8.892998695373535,9.326457977294922,9.680242538452148,9.517070770263672,8.421334266662598,8.839980125427246,9.049067497253418,9.007286071777344,8.873029708862305,8.903948783874512,9.10209846496582,9.936944961547852,10.378177642822266,10.029300689697266,9.728548049926758,9.862578392028809,9.724405288696289,9.487907409667969,9.53879451751709,10.293692588806152,11.34224796295166,11.893332481384277
1.3967392444610596,1.552980661392212,1.2868062257766724,1.107534646987915,1.4536792039871216,2.0630128383636475,2.377074956893921,2.5070221424102783,2.4483225345611572,2.294034481048584,2.761122465133667,3.8039705753326416,4.417191982269287,4.997945785522461,5.873427867889404,6.432807445526123,7.728507041931152,8.748614311218262,8.902929306030273,8.309234619140625,8.146366119384766,7.548020362854004,8.033297538757324,7.75723123550415,9.107720375061035,9.020428657531738,9.221633911132812,8.879800796508789,8.502400398254395,8.416341781616211,8.61374568939209,9.205405235290527,9.802567481994629,10.272527694702148,10.595787048339844,10.364161491394043,9.974613189697266,9.875917434692383,10.006831169128418,10.087188720703125,10.231669425964355,10.885201454162598,11.847098350524902,12.376819610595703
2.1188340187072754,2.3534607887268066,2.2523910999298096,2.1615960597991943,2.4325497150421143,2.7677173614501953,3.1205930709838867,3.5785834789276123,3.625312328338623,3.3341798782348633,3.659269332885742,4.437987804412842,4.815805912017822,4.9879374504089355,5.899169921875,6.646203517913818,7.907602310180664,8.523469924926758,8.06667423248291,7.674091815948486,8.175166130065918,8.372339248657227,6.1697540283203125,7.711781024932861,8.64788818359375,8.383129119873047,8.624520301818848,8.512619018554688,8.08537483215332,8.074787139892578,8.542413711547852,9.14919662475586,9.669851303100586,10.01237964630127,10.169381141662598,10.205432891845703,10.281201362609863,10.30760669708252,9.839866638183594,9.599454879760742,9.980494499206543,10.834030151367188,11.850408554077148,12.179316520690918
2.617753505706787,2.90087628364563,3.193221092224121,3.375858783721924,3.6672370433807373,3.916762351989746,4.311703681945801,4.799750328063965,4.883060932159424,4.765383720397949,5.116966247558594,5.537477016448975,5.558533191680908,5.7093658447265625,6.298990726470947,6.74395227432251,7.146350383758545,7.413739204406738,7.391781330108643,7.953279495239258,5.9308319091796875,7.126855850219727,5.114431381225586,7.073760509490967,7.0336503982543945,7.335000991821289,7.710337162017822,7.749725818634033,7.721724033355713,7.962645053863525,8.458765029907227,8.85007381439209,9.01307201385498,9.256237983703613,9.50984001159668,9.608460426330566,9.808562278747559,9.884398460388184,9.510973930358887,9.115105628967285,9.18839168548584,9.86845874786377,10.775599479675293,11.146050453186035
3.2120485305786133,3.610694646835327,4.104700088500977,4.465682029724121,4.880097389221191,5.251561641693115,5.576048374176025,5.8052263259887695,5.754692554473877,5.502695083618164,5.36384916305542,5.347610950469971,5.312292098999023,5.542604923248291,6.0439019203186035,6.1788554191589355,6.067317962646484,5.8391337394714355,5.572519302368164,6.234591007232666,5.6820855140686035,4.441497325897217,4.97776460647583,5.397467136383057,5.982726573944092,6.631592273712158,6.991053581237793,7.2799906730651855,7.608241081237793,7.955443859100342,8.523582458496094,9.073915481567383,9.345501899719238,9.489779472351074,9.507930755615234,9.436911582946777,9.602913856506348,9.708683967590332,9.675237655639648,9.442435264587402,9.246166229248047,9.23254680633545,9.49120044708252,9.490429878234863
3.818140983581543,4.349197864532471,4.967531204223633,5.523178577423096,5.9686784744262695,6.532250881195068,6.770344257354736,6.648026943206787,6.436305046081543,5.8966383934021,5.057908535003662,4.514493465423584,4.509572982788086,4.900482654571533,5.4268341064453125,5.424043655395508,5.665114402770996,4.466881275177002,3.7669758796691895,4.330644130706787,5.381080150604248,4.649593353271484,4.7615647315979,5.116547107696533,5.500809192657471,5.669084072113037,5.798053741455078,6.249884128570557,6.8402934074401855,7.298630714416504,7.811010360717773,8.280472755432129,8.620805740356445,8.936857223510742,9.05849838256836,8.870123863220215,8.949692726135254,8.835351943969727,8.622709274291992,8.360349655151367,8.313651084899902,8.148818016052246,7.839662551879883,7.794151782989502
4.52400541305542,4.843228340148926,5.183117389678955,5.457300186157227,5.556525707244873,6.4690070152282715,7.1135430335998535,7.057251453399658,6.6236443519592285,5.8789591789245605,4.857067108154297,4.030430793762207,3.9302523136138916,4.415274143218994,4.748524188995361,4.548638820648193,3.7919206619262695,2.9708094596862793,3.1914942264556885,3.574056625366211,4.155948162078857,4.317971229553223,4.474875450134277,4.747886657714844,4.7441816329956055,4.184709072113037,3.894244432449341,4.13764762878418,4.645172595977783,5.065160751342773,5.350393295288086,5.385504722595215,5.641322612762451,6.367942810058594,7.013887882232666,7.186718940734863,7.374248504638672,6.881842613220215,6.0512847900390625,5.662181854248047,5.820953845977783,6.029415607452393,5.920269966125488,6.305309772491455
4.787642002105713,4.808229923248291,4.466148853302002,4.0805253982543945,4.221467018127441,5.228001594543457,6.151978015899658,6.201733112335205,5.972056865692139,5.585115432739258,4.9084696769714355,4.152462959289551,3.871978759765625,4.105682373046875,4.213174343109131,4.2854533195495605,2.5080783367156982,2.9656026363372803,2.997002124786377,3.782627582550049,3.6775295734405518,3.344838857650757,3.261951208114624,3.384390115737915,3.2070884704589844,2.6374027729034424,2.413893699645996,2.269977331161499,2.1102728843688965,1.8853908777236938,1.585679531097412,1.4807136058807373,2.0136029720306396,2.9581856727600098,3.77785587310791,4.137147426605225,4.263585567474365,3.875971794128418,3.408773899078369,3.489633560180664,3.7139201164245605,4.101950168609619,4.556402206420898,4.900079727172852
4.250630855560303,4.586453914642334,4.8320841789245605,4.820147514343262,4.665794849395752,4.5952467918396,4.803654193878174,5.084014415740967,4.913795471191406,5.400875568389893,5.495007038116455,4.993460178375244,4.504312515258789,4.072488784790039,3.3232905864715576,3.0162675380706787,2.844881772994995,2.992539405822754,3.611454486846924,3.854125738143921,3.1746788024902344,2.3693690299987793,2.071951389312744,2.236130952835083,2.210467576980591,1.9821358919143677,1.4986236095428467,0.5970985889434814,-0.3823517858982086,-1.1057723760604858,-1.5274405479431152,-1.5734819173812866,-1.1123799085617065,-0.23252572119235992,0.6563475131988525,1.3409733772277832,1.767800211906433,1.8460294008255005,1.8023532629013062,2.1046500205993652,2.666088342666626,3.317437171936035,3.559966802597046,3.722320318222046
4.389010429382324,5.125711441040039,5.860870838165283,5.990176200866699,5.347403526306152,4.593526840209961,4.210134506225586,4.176069259643555,4.616166114807129,5.45346212387085,5.7706098556518555,5.728676795959473,5.436688423156738,4.687134742736816,3.2704944610595703,2.427807331085205,2.345709800720215,2.4880030155181885,3.369265079498291,3.5398261547088623,2.658163070678711,1.9362411499023438,1.6385886669158936,1.6512815952301025,1.7550464868545532,1.6368119716644287,0.7053554058074951,-0.6116636991500854,-1.7714869976043701,-2.6573705673217773,-3.2265987396240234,-3.3176708221435547,-2.7989988327026367,-2.139104127883911,-1.4213017225265503,-0.5132631659507751,0.3226720094680786,0.7304880619049072,0.8376536965370178,1.1938539743423462,1.7807143926620483,2.352971315383911,2.782496452331543,3.008084535598755
4.113845348358154,4.876744270324707,5.384192943572998,5.123928070068359,4.498087406158447,4.18722677230835,4.066099643707275,4.037839889526367,4.261267185211182,4.606678485870361,4.86181116104126,5.065370082855225,5.198660373687744,5.248891353607178,4.271468162536621,2.958723306655884,2.0723750591278076,2.055842399597168,2.9327681064605713,3.1425862312316895,2.371198892593384,1.779280662536621,1.4282433986663818,1.3158990144729614,1.5280705690383911,1.3521186113357544,0.2691584825515747,-0.9360923171043396,-1.9054572582244873,-2.8552627563476562,-3.648876667022705,-3.792773962020874,-3.3390088081359863,-2.9219071865081787,-2.433934450149536,-1.5213464498519897,-0.6740853190422058,-0.15454940497875214,0.13915222883224487,0.4168875813484192,0.6531608700752258,1.0355809926986694,1.8321704864501953,2.174224376678467
2.9016916751861572,3.6704599857330322,3.955991268157959,3.6693694591522217,3.3608577251434326,3.587533712387085,3.7404468059539795,3.4348559379577637,3.062080144882202,3.193588972091675,3.6308016777038574,3.7100977897644043,4.0405964851379395,4.957213878631592,4.922188758850098,3.7274272441864014,2.357698678970337,1.9672070741653442,2.4487223625183105,2.5500383377075195,1.9008445739746094,1.3799134492874146,1.0581293106079102,1.0483152866363525,1.3737825155258179,1.2415399551391602,0.21834249794483185,-0.912993848323822,-1.7301442623138428,-2.410637378692627,-2.996100664138794,-3.2717673778533936,-2.9708163738250732,-2.5141685009002686,-2.109985828399658,-1.549826979637146,-1.0882956981658936,-0.6407904028892517,-0.02845352329313755,0.5963857173919678,0.8947875499725342,1.2548413276672363,1.729432225227356,2.2387466430664062
2.149578809738159,2.7048604488372803,3.016541004180908,3.0835673809051514,2.9505887031555176,3.2939693927764893,2.8178653717041016,2.327751874923706,2.220285177230835,2.306065559387207,2.444484233856201,2.6904287338256836,3.0975518226623535,4.017822742462158,4.53026008605957,3.797956705093384,2.6839730739593506,2.062640428543091,2.0995032787323,2.0033764839172363,1.5142751932144165,0.9978377223014832,0.6522076725959778,0.7145345211029053,1.269485354423523,1.4424152374267578,0.6292659044265747,-0.5707506537437439,-1.302748441696167,-1.6631243228912354,-2.0614562034606934,-2.200733184814453,-2.0447750091552734,-1.7257131338119507,-1.202998161315918,-0.7704975008964539,-0.46723517775535583,-0.08842404931783676,0.731822669506073,2.0029420852661133,2.637629508972168,2.6063852310180664,2.767615556716919,2.7391083240509033
2.596780300140381,3.3656423091888428,3.9655799865722656,3.9465081691741943,3.8166191577911377,3.318732500076294,2.750734567642212,2.114741325378418,2.0215556621551514,2.1963753700256348,2.342160940170288,2.4655656814575195,2.744082450866699,3.436142683029175,4.027276992797852,3.815216064453125,3.241607904434204,2.599865674972534,2.0606768131256104,1.7103495597839355,1.4261181354522705,0.9452384114265442,0.4062356650829315,0.35489875078201294,1.0134007930755615,1.5414693355560303,1.1387780904769897,0.05543120205402374,-0.7105226516723633,-0.8511981964111328,-1.1916989088058472,-1.3849258422851562,-1.0767799615859985,-0.9525114297866821,-0.5102325677871704,-0.0577356293797493,0.2608017027378082,0.4702581465244293,0.9237833023071289,2.0110504627227783,2.8611457347869873,2.280001163482666,2.267127513885498,2.6346073150634766
2.4938759803771973,3.3240115642547607,4.184836387634277,4.407250881195068,4.793821334838867,4.058289051055908,1.949775218963623,2.5312867164611816,2.504544973373413,2.324040174484253,2.412707567214966,2.3959977626800537,2.5415892601013184,2.9921228885650635,3.3753716945648193,3.4806902408599854,3.6873769760131836,3.619354009628296,2.8578836917877197,2.090092182159424,1.7640526294708252,1.29749596118927,0.5059124231338501,0.2606278955936432,0.7831140160560608,1.3992751836776733,1.3411344289779663,0.4909845292568207,-0.37914443016052246,-0.5986523628234863,-0.511178731918335,-0.5975745916366577,-0.2748188078403473,-0.044417139142751694,-0.008954338729381561,0.23252376914024353,0.7248929738998413,1.1364244222640991,1.1520456075668335,1.2870221138000488,1.968322992324829,2.1301329135894775,1.5666229724884033,1.7457607984542847
2.247478485107422,2.8272180557250977,3.8523612022399902,4.703455448150635,5.594779014587402,4.685728549957275,1.7703911066055298,2.349355697631836,2.8148272037506104,2.443234443664551,2.519585132598877,2.6863465309143066,2.8337435722351074,3.0547144412994385,2.997021198272705,3.0749778747558594,3.7038497924804688,4.0200934410095215,3.535993814468384,2.7058112621307373,2.2094173431396484,1.7126402854919434,0.978124737739563,0.6413372755050659,0.8885295391082764,1.4721009731292725,1.6378117799758911,0.9167219400405884,0.005688919220119715,-0.3925333023071289,-0.22513741254806519,-0.018341904506087303,0.45591169595718384,0.5444104671478271,0.31043189764022827,0.40413525700569153,0.8606805205345154,1.5075184106826782,1.5366560220718384,1.06072998046875,1.3078598976135254,2.075549840927124,1.6457613706588745,1.0949620008468628
