data/wind_data/wind_50_7.json
{"header": {"parameterUnit": "KT", "parameterCategory": 2, "nx": 256, "ny": 198, "lo1": 44.73521041870117, "la1": -3.236724853515625, "lo2": 111.26478576660156, "la2": 43.468475341796875, "dx": 0.2609002888202667, "dy": -0.23708222806453705, "refTime": "2025-02-21 02:00:00", "forecastTime": 0, "parameterNumber": 2, "parameterNumberName": "eastward_wind"}, "data":
[rows 60 to 79 of 198, columns 132 to 175 of 256]
11.535894393920898,10.500328063964844,9.845227241516113,9.578927993774414,9.492928504943848,9.460083961486816,9.065157890319824,8.334664344787598,7.687108993530273,6.739837646484375,5.524844169616699,4.323780536651611,2.6527631282806396,1.438438892364502,1.3485099077224731,1.9595626592636108,1.9556456804275513,1.8061108589172363,3.712491035461426,6.294528961181641,6.305459976196289,5.612517833709717,5.375868797302246,5.784252643585205,6.389858245849609,6.51714563369751,6.020572185516357,5.691473484039307,5.952661514282227,6.66159725189209,7.5056681632995605,8.327220916748047,8.956256866455078,9.498223304748535,9.869980812072754,9.730931282043457,9.138572692871094,8.296449661254883,7.167333602905273,5.828338623046875,4.343449592590332,2.90572452545166,2.033637285232544,2.132371425628662
13.255690574645996,12.249720573425293,11.211089134216309,10.652458190917969,10.579867362976074,10.773843765258789,10.748595237731934,10.261207580566406,9.615987777709961,8.778793334960938,7.575957298278809,6.374148368835449,5.336318016052246,4.2895612716674805,3.752173900604248,3.719273328781128,3.591373920440674,3.2352285385131836,3.3703219890594482,5.490660667419434,6.831437110900879,6.698559284210205,6.3328447341918945,6.48121452331543,7.147980690002441,7.673749923706055,7.543614387512207,7.182956695556641,7.05104923248291,7.432918071746826,8.395988464355469,9.650171279907227,10.698603630065918,11.356067657470703,11.719857215881348,11.689562797546387,11.283576011657715,10.79172134399414,9.978507041931152,8.5567626953125,6.963319778442383,5.719258785247803,4.8666815757751465,4.762015342712402
14.6178560256958,13.908699035644531,12.824850082397461,11.91346263885498,11.624507904052734,11.804083824157715,11.949495315551758,11.740079879760742,11.245797157287598,10.626585006713867,9.762883186340332,8.594769477844238,7.5922160148620605,6.781597137451172,6.153007507324219,5.649558067321777,5.169553756713867,4.820730686187744,4.605997085571289,5.43802547454834,6.9228515625,7.591560363769531,7.603904724121094,7.616076469421387,8.009160041809082,8.655147552490234,9.024124145507812,8.99084186553955,8.790079116821289,8.737686157226562,9.171152114868164,10.253870964050293,11.620492935180664,12.709329605102539,13.335433006286621,13.484075546264648,13.184932708740234,12.846359252929688,12.66755199432373,11.953834533691406,10.534912109375,9.283578872680664,8.52338695526123,8.133382797241211
15.601395606994629,15.234631538391113,14.5224027633667,13.554230690002441,12.830862045288086,12.644296646118164,12.72003173828125,12.685580253601074,12.43934154510498,12.08029556274414,11.659880638122559,10.891310691833496,9.857385635375977,8.954176902770996,8.266669273376465,7.57462215423584,6.866115093231201,6.421809196472168,6.319213390350342,6.526786804199219,7.457492351531982,8.385161399841309,8.919404983520508,9.150431632995605,9.261716842651367,9.589409828186035,10.139385223388672,10.545340538024902,10.683637619018555,10.62783145904541,10.589408874511719,10.990537643432617,11.985662460327148,13.195292472839355,14.184898376464844,14.710573196411133,14.73436450958252,14.54673957824707,14.658080101013184,14.851609230041504,14.447431564331055,13.508601188659668,12.541028022766113,11.71403694152832
16.35640525817871,16.130062103271484,15.915990829467773,15.380581855773926,14.515795707702637,13.772156715393066,13.42003345489502,13.320490837097168,13.278013229370117,13.207157135009766,13.117403984069824,12.8574857711792,12.16111946105957,11.183884620666504,10.2940092086792,9.525028228759766,8.735538482666016,8.15097713470459,7.972362518310547,8.079338073730469,8.57712459564209,9.353135108947754,10.151144027709961,10.776724815368652,11.013603210449219,11.034712791442871,11.223611831665039,11.63836669921875,12.098737716674805,12.354736328125,12.35473346710205,12.343877792358398,12.705368995666504,13.51341724395752,14.505229949951172,15.289496421813965,15.676496505737305,15.836333274841309,16.11297607421875,16.66866111755371,17.188152313232422,17.145084381103516,16.42632484436035,15.307099342346191
17.27897834777832,16.95734405517578,16.857135772705078,16.852842330932617,16.445167541503906,15.652209281921387,14.894438743591309,14.418249130249023,14.201558113098145,14.16732406616211,14.302789688110352,14.441615104675293,14.23693561553955,13.469110488891602,12.458251953125,11.583125114440918,10.788198471069336,10.102230072021484,9.708050727844238,9.674880981445312,9.947064399719238,10.522005081176758,11.31094741821289,12.144281387329102,12.749115943908691,12.935415267944336,12.83668327331543,12.787786483764648,13.018857955932617,13.42668342590332,13.730276107788086,13.833102226257324,13.959467887878418,14.33299732208252,15.018989562988281,15.778780937194824,16.294382095336914,16.636924743652344,17.072669982910156,17.68801498413086,18.416038513183594,18.971689224243164,18.932191848754883,18.17401885986328
18.510540008544922,18.18181037902832,17.8580265045166,17.87132453918457,18.016199111938477,17.855403900146484,17.336212158203125,16.673391342163086,16.096729278564453,15.642851829528809,15.422804832458496,15.603673934936523,15.877975463867188,15.618518829345703,14.736879348754883,13.756424903869629,12.976262092590332,12.337183952331543,11.761489868164062,11.448004722595215,11.502888679504395,11.91586971282959,12.566253662109375,13.316515922546387,14.036109924316406,14.537875175476074,14.663589477539062,14.445061683654785,14.14332389831543,14.120959281921387,14.482722282409668,14.904892921447754,15.174105644226074,15.415677070617676,15.874675750732422,16.565841674804688,17.11782455444336,17.373470306396484,17.657241821289062,18.165342330932617,18.75525665283203,19.287931442260742,19.61326026916504,19.46023178100586
20.095277786254883,19.712825775146484,19.295124053955078,19.068870544433594,19.2506103515625,19.629226684570312,19.799402236938477,19.569156646728516,19.03097915649414,18.289823532104492,17.398147583007812,16.784175872802734,16.90614128112793,17.261579513549805,16.96933364868164,16.097476959228516,15.257052421569824,14.648375511169434,14.088744163513184,13.609245300292969,13.429401397705078,13.62862777709961,14.066104888916016,14.573304176330566,15.084893226623535,15.608927726745605,16.015661239624023,16.112764358520508,15.807462692260742,15.320221900939941,15.174755096435547,15.585702896118164,16.107553482055664,16.416301727294922,16.737903594970703,17.35793113708496,18.038986206054688,18.339887619018555,18.334428787231445,18.476037979125977,18.8395938873291,19.17475128173828,19.402313232421875,19.489601135253906
21.883392333984375,21.48578643798828,21.04619026184082,20.72885513305664,20.7137393951416,21.06074333190918,21.554000854492188,21.89366340637207,21.89576530456543,21.48774528503418,20.57316780090332,19.279264450073242,18.33515739440918,18.339374542236328,18.610931396484375,18.281681060791016,17.503557205200195,16.820640563964844,16.340641021728516,15.958807945251465,15.715659141540527,15.699930191040039,15.883475303649902,16.104782104492188,16.28338050842285,16.528459548950195,16.910573959350586,17.270170211791992,17.34609603881836,16.980039596557617,16.47037696838379,16.441024780273438,16.96657371520996,17.475048065185547,17.732929229736328,18.108945846557617,18.7501277923584,19.218168258666992,19.186717987060547,19.015544891357422,19.119251251220703,19.353748321533203,19.41230010986328,19.330415725708008
23.30547523498535,23.179546356201172,22.886512756347656,22.63750648498535,22.547454833984375,22.655654907226562,22.949281692504883,23.380950927734375,23.803836822509766,23.9596004486084,23.64862632751465,22.72702407836914,21.344717025756836,20.21086311340332,19.87411117553711,19.852476119995117,19.501266479492188,18.898548126220703,18.402847290039062,18.132062911987305,17.986469268798828,17.881732940673828,17.864227294921875,17.88783836364746,17.826730728149414,17.736045837402344,17.831750869750977,18.143653869628906,18.43807601928711,18.431140899658203,18.060739517211914,17.76178741455078,18.022106170654297,18.642948150634766,19.058746337890625,19.22010612487793,19.519500732421875,19.930761337280273,20.038049697875977,19.836225509643555,19.753437042236328,19.91963005065918,19.99114227294922,19.780071258544922
24.708133697509766,24.54269027709961,24.433574676513672,24.375215530395508,24.375017166137695,24.411710739135742,24.46489906311035,24.632471084594727,25.01542854309082,25.42703628540039,25.633832931518555,25.468814849853516,24.7386417388916,23.435781478881836,22.140594482421875,21.440046310424805,21.158903121948242,20.85636329650879,20.418697357177734,20.07344627380371,19.928266525268555,19.84733772277832,19.756519317626953,19.670608520507812,19.549604415893555,19.33780288696289,19.137765884399414,19.174091339111328,19.407808303833008,19.598936080932617,19.503440856933594,19.24677276611328,19.290971755981445,19.816720962524414,20.395671844482422,20.595726013183594,20.61115264892578,20.74053192138672,20.852306365966797,20.756858825683594,20.6414794921875,20.735002517700195,20.896154403686523,20.81882095336914
26.993257522583008,26.328752517700195,25.899099349975586,25.787572860717773,25.88530158996582,26.035560607910156,26.09885025024414,26.110124588012695,26.245643615722656,26.53240966796875,26.842960357666016,27.039318084716797,26.999237060546875,26.450212478637695,25.295021057128906,24.033964157104492,23.220163345336914,22.798377990722656,22.43105125427246,21.987232208251953,21.625442504882812,21.441436767578125,21.37441635131836,21.320621490478516,21.24152374267578,21.085979461669922,20.818164825439453,20.60717010498047,20.651153564453125,20.86138153076172,20.96693229675293,20.828699111938477,20.680620193481445,20.933664321899414,21.511995315551758,21.870819091796875,21.829174041748047,21.750282287597656,21.796772003173828,21.800752639770508,21.73658561706543,21.75665283203125,21.912235260009766,22.032638549804688
29.48655891418457,28.792007446289062,28.012479782104492,27.47576332092285,27.29511833190918,27.39983367919922,27.596128463745117,27.717981338500977,27.754758834838867,27.81260871887207,27.966039657592773,28.16162109375,28.292713165283203,28.265796661376953,27.863311767578125,27.002849578857422,26.026823043823242,25.25950813293457,24.720252990722656,24.17786407470703,23.564939498901367,23.043033599853516,22.75733757019043,22.70488739013672,22.737957000732422,22.71497344970703,22.59122085571289,22.391841888427734,22.2873592376709,22.42013931274414,22.63974380493164,22.650354385375977,22.3511905670166,22.10752296447754,22.337230682373047,22.786083221435547,22.909500122070312,22.77507209777832,22.77481460571289,22.92758560180664,23.045129776000977,23.076553344726562,23.120498657226562,23.25969123840332
31.617023468017578,31.063383102416992,30.361888885498047,29.68546485900879,29.151451110839844,28.925424575805664,29.023513793945312,29.259313583374023,29.366975784301758,29.30736541748047,29.284835815429688,29.37556266784668,29.461711883544922,29.49247169494629,29.47443962097168,29.272632598876953,28.787940979003906,28.131807327270508,27.544214248657227,26.986228942871094,26.309621810913086,25.476594924926758,24.673429489135742,24.190454483032227,24.088960647583008,24.16227912902832,24.222549438476562,24.2004451751709,24.15503692626953,24.240951538085938,24.47971534729004,24.64484405517578,24.414608001708984,23.8079776763916,23.37723159790039,23.516769409179688,23.813899993896484,23.81694984436035,23.749067306518555,23.939964294433594,24.29384422302246,24.52361488342285,24.546916961669922,24.555788040161133
34.04485321044922,33.2461051940918,32.46038818359375,31.80259895324707,31.220569610595703,30.799097061157227,30.676937103271484,30.826269149780273,30.991928100585938,30.994190216064453,30.866928100585938,30.78367042541504,30.80965805053711,30.8470401763916,30.864227294921875,30.91569709777832,30.915992736816406,30.753358840942383,30.467727661132812,30.128841400146484,29.659181594848633,28.900819778442383,27.837474822998047,26.779518127441406,26.07151222229004,25.814828872680664,25.837060928344727,25.934001922607422,26.026243209838867,26.181472778320312,26.410442352294922,26.60429573059082,26.52442169189453,25.948169708251953,25.087295532226562,24.5989933013916,24.727020263671875,24.962631225585938,25.002958297729492,25.085294723510742,25.394399642944336,25.752216339111328,25.905183792114258,25.86361312866211
36.88999938964844,35.962890625,34.82528305053711,33.83428192138672,33.13555908203125,32.71612548828125,32.51776885986328,32.50857925415039,32.61195373535156,32.720218658447266,32.710289001464844,32.52021026611328,32.36659240722656,32.40947341918945,32.467777252197266,32.499263763427734,32.60834884643555,32.78746795654297,32.912349700927734,32.907936096191406,32.76167297363281,32.4087028503418,31.67665672302246,30.601543426513672,29.452049255371094,28.55525779724121,28.0750675201416,27.9758358001709,28.095653533935547,28.297273635864258,28.494455337524414,28.59017562866211,28.488025665283203,28.070554733276367,27.263080596923828,26.374881744384766,26.01513671875,26.234928131103516,26.526819229125977,26.626962661743164,26.68004608154297,26.806303024291992,26.93425941467285,26.946876525878906
39.07746505737305,38.62522506713867,37.59792709350586,36.29620361328125,35.20726013183594,34.60692596435547,34.390899658203125,34.324424743652344,34.32312774658203,34.39387893676758,34.485443115234375,34.42091369628906,34.26797866821289,34.24075698852539,34.32011795043945,34.33263397216797,34.3364143371582,34.48874282836914,34.74162292480469,34.93299865722656,35.04446792602539,35.113407135009766,34.96133041381836,34.42052459716797,33.514652252197266,32.43806838989258,31.504247665405273,30.98451805114746,30.864273071289062,30.951322555541992,31.048994064331055,30.996826171875,30.724348068237305,30.259449005126953,29.580270767211914,28.680377960205078,27.928199768066406,27.759521484375,28.051475524902344,28.306657791137695,28.262983322143555,28.035497665405273,27.862607955932617,27.838058471679688
40.4119987487793,40.454132080078125,39.994686126708984,38.9590950012207,37.70275115966797,36.758140563964844,36.32096862792969,36.191986083984375,36.18714904785156,36.23064041137695,36.26715850830078,36.24351119995117,36.21335220336914,36.27772521972656,36.39097595214844,36.42311477661133,36.38064193725586,36.34769821166992,36.3532600402832,36.409210205078125,36.58632278442383,36.89558410644531,37.16514587402344,37.1541748046875,36.77983856201172,36.12075424194336,35.34326171875,34.70841598510742,34.3594856262207,34.23208236694336,34.16545867919922,33.99785614013672,33.61928176879883,33.02225875854492,32.25623321533203,31.32383155822754,30.350130081176758,29.71396827697754,29.625411987304688,29.834928512573242,29.869102478027344,29.53369140625,29.08298683166504,28.909461975097656
41.502323150634766,41.68581008911133,41.71449279785156,41.2663688659668,40.321128845214844,39.2597770690918,38.49351501464844,38.116336822509766,38.05804443359375,38.18794631958008,38.276180267333984,38.20907974243164,38.160423278808594,38.303245544433594,38.52164840698242,38.62908935546875,38.62488555908203,38.46227264404297,38.14533996582031,37.872955322265625,37.90390396118164,38.23896408081055,38.651031494140625,38.85590362548828,38.75611877441406,38.51178741455078,38.215057373046875,37.94551467895508,37.72573471069336,37.547969818115234,37.37152099609375,37.152103424072266,36.81003189086914,36.24995422363281,35.42339324951172,34.36183547973633,33.1805419921875,32.138084411621094,31.530115127563477,31.388748168945312,31.39051628112793,31.176095962524414,30.760330200195312,30.53708267211914
42.87489318847656,42.933712005615234,43.15442657470703,43.19076919555664,42.74916458129883,41.913352966308594,41.00733184814453,40.29228591918945,39.96355438232422,40.07627487182617,40.34580612182617,40.42977523803711,40.411033630371094,40.550926208496094,40.73576354980469,40.7803840637207,40.698123931884766,40.433372497558594,40.010459899902344,39.64752960205078,39.55405044555664,39.78457260131836,40.12762451171875,40.231475830078125,39.98918914794922,39.76505661010742,39.81761169433594,40.028533935546875,40.13677978515625,40.11299514770508,39.99162292480469,39.83224105834961,39.625831604003906,39.23143768310547,38.49138641357422,37.42388153076172,36.188114166259766,34.95023727416992,33.93782424926758,33.34178161621094,33.10016632080078,32.956600189208984,32.7786979675293,32.733741760253906
