data/wind_data/wind_38_4.json
{"header": {"parameterUnit": "KT", "parameterCategory": 2, "nx": 256, "ny": 198, "lo1": 44.73521041870117, "la1": -3.236724853515625, "lo2": 111.26478576660156, "la2": 43.468475341796875, "dx": 0.2609002888202667, "dy": -0.23708222806453705, "refTime": "2025-02-20 14:00:00", "forecastTime": 0, "parameterNumber": 2, "parameterNumberName": "eastward_wind"}, "data":
[rows 133 to 151 of 198, columns 88 to 131 of 256]
26.859569549560547,27.667373657226562,30.41004180908203,31.560060501098633,30.88946533203125,30.359529495239258,31.018537521362305,32.199371337890625,31.592113494873047,28.72626495361328,30.28567886352539,29.69454002380371,28.029634475708008,27.461193084716797,29.167346954345703,31.561321258544922,33.43056106567383,34.85367965698242,36.39479064941406,38.20402526855469,39.806671142578125,40.61631393432617,40.54311752319336,40.035579681396484,39.5355224609375,39.02946090698242,38.28345489501953,36.7617301940918,33.88919448852539,29.66554069519043,24.046415328979492,20.935945510864258,18.962345123291016,14.236186027526855,9.85533618927002,11.448840141296387,13.83636474609375,12.334280014038086,21.288179397583008,26.22980308532715,20.010950088500977,18.984649658203125,26.570178985595703,31.72443962097168
33.68290710449219,34.91121292114258,34.60127639770508,32.397029876708984,30.04159164428711,28.669767379760742,29.113082885742188,31.0498046875,31.183063507080078,30.29452133178711,31.08125114440918,29.20428466796875,27.534423828125,28.29898452758789,30.628854751586914,32.73323059082031,34.157447814941406,35.29595947265625,36.46467208862305,37.599796295166016,38.34638977050781,38.37623596191406,37.92790985107422,37.36103057861328,37.072479248046875,36.946861267089844,37.323856353759766,37.13911056518555,34.27480697631836,28.635845184326172,21.692062377929688,18.032678604125977,14.748839378356934,9.669854164123535,9.864742279052734,12.618921279907227,14.292471885681152,17.54150390625,24.045330047607422,22.704864501953125,19.588212966918945,23.983089447021484,29.127666473388672,31.267995834350586
36.79685974121094,36.18523406982422,32.84272003173828,29.647871017456055,27.589326858520508,27.35901641845703,28.817293167114258,30.92791175842285,31.05628204345703,30.765607833862305,30.783504486083984,28.428939819335938,27.072324752807617,28.691232681274414,31.179603576660156,32.78233337402344,33.8441162109375,34.70155715942383,35.1866455078125,35.07331085205078,34.58898162841797,34.20060729980469,33.7725944519043,33.051212310791016,32.5173454284668,32.467891693115234,33.31187438964844,34.78093338012695,33.854347229003906,27.145645141601562,18.14413833618164,14.224333763122559,10.522310256958008,7.3130011558532715,10.894954681396484,13.869352340698242,15.024619102478027,16.57274055480957,19.348888397216797,18.634620666503906,22.242460250854492,27.279428482055664,27.243772506713867,27.0845890045166
35.120628356933594,33.672672271728516,30.68971061706543,28.55654525756836,27.878795623779297,29.114479064941406,31.79294776916504,33.471092224121094,32.40360641479492,31.12369728088379,30.048412322998047,27.507184982299805,26.650360107421875,28.3414249420166,30.184167861938477,31.032245635986328,32.000484466552734,32.616546630859375,32.13859939575195,31.334617614746094,30.816007614135742,30.504201889038086,30.053932189941406,29.463329315185547,28.872896194458008,28.633466720581055,29.518131256103516,30.82736587524414,31.107784271240234,25.52549934387207,14.936439514160156,10.202422142028809,5.42000150680542,9.053499221801758,12.533864974975586,15.442506790161133,14.327800750732422,15.353150367736816,19.14478302001953,21.569347381591797,24.618881225585938,24.02159309387207,24.43629264831543,23.40545082092285
34.923988342285156,33.51609802246094,31.331796646118164,29.596912384033203,28.856075286865234,29.100435256958008,32.053131103515625,34.844024658203125,33.85647964477539,31.517459869384766,29.448572158813477,27.10686683654785,26.763219833374023,27.756174087524414,28.41753387451172,28.559757232666016,29.445886611938477,29.762786865234375,28.840667724609375,28.09971046447754,27.281286239624023,26.26976203918457,25.606416702270508,25.4965877532959,25.600326538085938,26.069358825683594,26.954605102539062,27.560035705566406,27.623031616210938,23.93531036376953,12.973448753356934,6.28357458114624,4.219143390655518,11.248496055603027,13.730005264282227,18.763853073120117,18.46272850036621,19.66570281982422,23.779375076293945,25.257761001586914,24.520381927490234,22.852197647094727,29.114521026611328,25.1795711517334
35.72393798828125,34.932289123535156,33.1829948425293,31.26784324645996,30.239904403686523,29.36012077331543,31.47429656982422,34.676910400390625,34.84927749633789,31.566741943359375,28.668331146240234,27.127513885498047,26.939891815185547,26.95491600036621,26.725601196289062,26.45555877685547,26.951833724975586,27.227399826049805,25.776599884033203,24.414812088012695,22.947967529296875,21.72178077697754,21.394811630249023,21.873380661010742,23.000991821289062,24.177581787109375,24.848384857177734,25.311769485473633,25.377965927124023,23.479066848754883,14.915755271911621,7.870955467224121,5.29182767868042,11.990701675415039,17.259714126586914,18.919824600219727,18.690204620361328,21.407827377319336,23.812671661376953,24.79598045349121,25.680295944213867,25.880569458007812,33.594242095947266,33.6790885925293
33.797603607177734,33.177734375,31.84416961669922,30.610734939575195,29.916898727416992,29.692113876342773,30.816686630249023,33.516658782958984,34.92186737060547,31.56809425354004,28.29328727722168,26.99214744567871,26.38813591003418,25.9776611328125,25.675954818725586,25.162153244018555,24.96223258972168,24.794025421142578,22.820682525634766,20.997522354125977,19.899402618408203,19.08808135986328,18.920005798339844,19.356229782104492,21.07312774658203,22.260499954223633,22.38058853149414,22.4586124420166,22.23924446105957,20.47313690185547,15.738524436950684,12.05302906036377,7.990780830383301,15.07643985748291,21.384965896606445,18.76056480407715,17.595043182373047,18.190351486206055,19.106121063232422,22.04355239868164,26.75485610961914,28.595619201660156,32.3169059753418,37.01164627075195
31.431047439575195,30.918291091918945,30.199283599853516,29.274995803833008,28.143770217895508,27.662830352783203,28.16014862060547,30.26723861694336,32.6585578918457,30.705568313598633,27.745203018188477,26.109786987304688,25.077699661254883,24.844642639160156,24.89820671081543,24.17144775390625,23.39836883544922,22.702651977539062,20.972227096557617,19.521181106567383,18.81418800354004,18.36886215209961,18.126972198486328,18.435182571411133,19.560819625854492,20.89893341064453,20.77631187438965,19.377647399902344,17.370248794555664,16.383636474609375,14.681487083435059,12.666938781738281,9.682475090026855,16.55333709716797,19.64777946472168,16.55739402770996,17.2537841796875,15.071243286132812,16.738628387451172,22.639917373657227,27.68096351623535,26.831892013549805,29.924278259277344,32.802982330322266
29.607200622558594,29.95319175720215,29.9812068939209,29.403881072998047,27.850034713745117,25.990312576293945,25.114809036254883,25.797752380371094,28.25636100769043,28.28550910949707,26.561120986938477,24.77747344970703,23.527231216430664,23.39604949951172,23.652572631835938,22.878517150878906,22.04018783569336,21.318784713745117,20.497461318969727,19.74764633178711,18.979238510131836,18.83455467224121,19.098316192626953,18.96591567993164,18.952011108398438,19.603317260742188,19.436782836914062,17.515430450439453,13.843117713928223,12.765353202819824,12.23115062713623,11.110013008117676,12.107024192810059,15.190013885498047,14.440180778503418,10.963309288024902,13.053245544433594,12.062356948852539,15.309073448181152,22.797300338745117,26.96087646484375,24.138534545898438,28.106184005737305,27.59580421447754
27.38154411315918,28.80036163330078,29.818769454956055,29.905256271362305,28.60577964782715,26.34309196472168,24.909231185913086,23.577951431274414,24.455703735351562,26.685546875,26.266563415527344,23.790647506713867,21.963298797607422,21.36313247680664,21.70798110961914,21.366994857788086,20.71434211730957,20.33538055419922,20.221078872680664,19.88577651977539,19.308244705200195,19.29180908203125,19.984819412231445,19.573375701904297,18.703250885009766,17.88018226623535,16.942750930786133,15.769600868225098,12.543378829956055,10.327322959899902,10.724440574645996,12.571839332580566,17.253618240356445,16.88169288635254,12.990961074829102,9.988483428955078,9.965065956115723,8.765640258789062,14.6239595413208,23.282712936401367,25.154380798339844,22.95876121520996,27.038427352905273,25.674699783325195
24.65003204345703,25.8768253326416,27.683015823364258,28.849802017211914,27.978317260742188,27.341964721679688,28.296669006347656,27.199363708496094,26.330448150634766,30.110551834106445,27.76913070678711,22.62818717956543,19.77556800842285,19.00394630432129,19.642080307006836,19.767282485961914,19.359542846679688,19.437179565429688,19.572078704833984,18.920045852661133,18.39150047302246,19.316165924072266,20.429140090942383,19.29566192626953,17.595335006713867,15.747612953186035,13.79857063293457,13.096114158630371,11.510937690734863,8.898565292358398,8.573213577270508,13.852136611938477,17.755224227905273,19.228378295898438,9.38347339630127,9.579422950744629,8.321496963500977,8.653953552246094,14.201292037963867,20.168601989746094,24.510107040405273,25.479230880737305,27.218767166137695,25.48282241821289
22.131206512451172,23.212295532226562,25.48672866821289,27.342958450317383,27.52802085876465,27.988492965698242,28.27568817138672,30.079120635986328,32.36381149291992,33.7355842590332,27.987985610961914,21.005035400390625,18.07207679748535,17.11544418334961,17.1628360748291,17.26389503479004,17.41897201538086,17.891016006469727,18.03649139404297,18.601947784423828,17.818145751953125,18.348682403564453,20.90790367126465,20.384737014770508,16.990598678588867,13.602849006652832,11.296869277954102,10.497637748718262,11.001306533813477,9.631203651428223,9.521721839904785,14.120805740356445,10.243014335632324,20.234201431274414,7.578546524047852,9.338196754455566,9.858922004699707,10.588663101196289,15.822978973388672,17.38578224182129,23.005329132080078,28.148962020874023,29.964054107666016,30.25711441040039
19.10971450805664,21.240070343017578,24.050201416015625,26.412076950073242,28.11893653869629,28.009075164794922,26.298358917236328,25.294918060302734,28.812387466430664,29.00149154663086,24.8282470703125,20.217185974121094,17.863557815551758,15.927788734436035,13.957954406738281,14.126654624938965,14.713645935058594,15.156855583190918,15.845318794250488,17.803476333618164,18.32049560546875,16.456165313720703,17.731143951416016,18.97854995727539,16.14708137512207,12.192405700683594,10.111922264099121,9.869301795959473,11.942488670349121,12.050980567932129,4.355727195739746,18.662311553955078,16.36335563659668,16.597312927246094,16.745859146118164,13.065062522888184,15.323538780212402,15.962406158447266,20.360794067382812,23.27943992614746,22.13984489440918,26.4182071685791,34.33930206298828,37.435699462890625
17.780506134033203,19.421302795410156,22.02140235900879,24.816661834716797,26.896499633789062,27.191162109375,26.33629035949707,20.31540870666504,22.120901107788086,24.310924530029297,22.62626838684082,20.465869903564453,18.206323623657227,14.973478317260742,11.693449974060059,12.269733428955078,12.99714183807373,13.078186988830566,14.416462898254395,16.541614532470703,18.096826553344727,15.840367317199707,14.603841781616211,16.050369262695312,14.822568893432617,11.844178199768066,9.695611000061035,10.138810157775879,12.941030502319336,11.724114418029785,12.747252464294434,28.12328338623047,24.88335609436035,16.355073928833008,24.63493537902832,20.903915405273438,21.173233032226562,18.628643035888672,19.164430618286133,24.58445930480957,24.842763900756836,24.048171997070312,34.00095748901367,33.591339111328125
22.38515281677246,18.08452606201172,19.707178115844727,22.57034683227539,24.493701934814453,25.49308204650879,26.25894546508789,18.78986358642578,14.867410659790039,18.769302368164062,21.22585105895996,20.73873519897461,18.24058723449707,14.378293991088867,11.080236434936523,11.802054405212402,13.088386535644531,13.657438278198242,14.597634315490723,15.816314697265625,16.200376510620117,14.832234382629395,13.741523742675781,14.3422212600708,13.968185424804688,11.577945709228516,10.017277717590332,11.773323059082031,11.835406303405762,10.3532075881958,18.562070846557617,20.320846557617188,13.909083366394043,15.265422821044922,27.97810173034668,26.341447830200195,19.474098205566406,17.519821166992188,18.319103240966797,24.261018753051758,28.77363395690918,25.39508628845215,31.265857696533203,32.699432373046875
25.2343692779541,23.016633987426758,20.340694427490234,20.92361068725586,23.621280670166016,24.827699661254883,25.532737731933594,19.884122848510742,12.078311920166016,12.527497291564941,18.502090454101562,20.34978485107422,19.201704025268555,15.53586483001709,12.140337944030762,11.634252548217773,12.891327857971191,14.022595405578613,15.079526901245117,15.454978942871094,14.951306343078613,12.901991844177246,13.524493217468262,13.269510269165039,12.425698280334473,11.670186996459961,10.207249641418457,9.964578628540039,9.737191200256348,12.691200256347656,16.66183090209961,5.079550266265869,3.1470417976379395,12.182353019714355,20.298616409301758,11.685568809509277,13.956135749816895,17.212251663208008,19.2475643157959,21.54703712463379,25.32836151123047,25.44807243347168,29.014427185058594,35.697078704833984
24.940664291381836,24.493314743041992,23.48561668395996,21.503738403320312,24.460163116455078,25.189767837524414,25.880874633789062,24.05672264099121,14.481648445129395,11.513672828674316,16.262033462524414,20.096111297607422,20.605106353759766,16.28840446472168,12.464065551757812,10.417949676513672,11.15821361541748,12.496851921081543,14.118509292602539,14.199995040893555,13.748191833496094,11.50270938873291,12.337530136108398,12.664106369018555,11.441040992736816,11.692896842956543,9.49639892578125,7.3888468742370605,12.559921264648438,17.69349479675293,16.518321990966797,1.689115047454834,1.0067405700683594,5.4752373695373535,6.239687919616699,0.6934438943862915,10.556916236877441,17.451004028320312,21.718198776245117,24.29897689819336,28.35041046142578,28.862224578857422,25.795652389526367,31.71550178527832
23.785371780395508,24.102991104125977,24.515268325805664,19.672164916992188,20.99213981628418,22.673484802246094,25.090309143066406,25.512008666992188,20.21270751953125,17.162185668945312,18.82503318786621,20.037195205688477,18.729202270507812,13.370548248291016,10.314643859863281,8.827691078186035,8.36154556274414,8.827106475830078,10.723782539367676,11.649349212646484,11.534770965576172,10.382416725158691,10.843441009521484,11.864603042602539,10.807332992553711,11.838322639465332,8.643417358398438,9.713529586791992,13.791519165039062,16.886980056762695,16.44365882873535,11.389833450317383,3.7495548725128174,9.869839668273926,7.134393692016602,3.1810336112976074,10.428239822387695,17.50457000732422,22.12608528137207,24.97184944152832,31.559310913085938,31.753448486328125,25.919391632080078,27.233049392700195
22.668792724609375,23.336891174316406,23.431438446044922,18.924175262451172,15.243921279907227,18.0953369140625,21.557044982910156,23.20692253112793,20.623319625854492,17.330366134643555,15.496878623962402,14.653435707092285,13.785390853881836,10.07840633392334,8.668152809143066,9.274831771850586,7.223711967468262,6.083384990692139,6.443978786468506,8.244604110717773,8.811349868774414,9.733575820922852,10.878310203552246,12.296334266662598,10.806962013244629,10.628232955932617,8.328727722167969,10.128159523010254,12.696881294250488,11.397992134094238,14.420519828796387,20.76520347595215,15.383285522460938,15.22462272644043,21.08936309814453,17.861936569213867,14.052602767944336,16.51978874206543,21.042469024658203,23.628820419311523,26.960474014282227,27.715152740478516,25.210329055786133,26.8080997467041
