data/wind_data/wind_8_4.json
{"header": {"parameterUnit": "KT", "parameterCategory": 2, "nx": 256, "ny": 198, "lo1": 44.73521041870117, "la1": -3.236724853515625, "lo2": 111.26478576660156, "la2": 43.468475341796875, "dx": 0.2609002888202667, "dy": -0.23708222806453705, "refTime": "2025-02-19 08:00:00", "forecastTime": 0, "parameterNumber": 2, "parameterNumberName": "eastward_wind"}, "data":
[rows 95 to 113 of 198, columns 44 to 87 of 256]
19.60228157043457,19.4273624420166,18.80509376525879,18.337181091308594,18.330394744873047,18.695024490356445,19.093631744384766,19.308692932128906,19.317827224731445,19.038326263427734,18.410873413085938,17.869834899902344,17.760475158691406,17.9918155670166,18.377784729003906,18.80828094482422,19.166662216186523,19.394399642944336,19.537052154541016,19.646198272705078,19.71418571472168,19.639219284057617,19.410259246826172,19.24226188659668,19.377941131591797,19.835655212402344,20.460662841796875,21.138111114501953,21.803638458251953,22.378686904907227,22.849029541015625,23.245555877685547,23.547292709350586,23.831796646118164,24.238088607788086,24.691883087158203,24.828903198242188,24.4334659576416,23.913530349731445,23.848329544067383,24.264083862304688,24.875770568847656,25.53670883178711,26.340810775756836
21.274568557739258,21.5201416015625,21.40329933166504,21.10066795349121,20.853670120239258,20.70406723022461,20.618288040161133,20.48288917541504,20.244382858276367,19.93279266357422,19.425783157348633,18.776912689208984,18.363994598388672,18.573942184448242,19.164630889892578,19.68012046813965,20.00430679321289,20.25897789001465,20.46613883972168,20.55723762512207,20.525617599487305,20.329681396484375,19.956893920898438,19.57244873046875,19.396459579467773,19.492162704467773,19.81719207763672,20.353899002075195,21.010948181152344,21.597328186035156,22.01482582092285,22.298887252807617,22.556854248046875,22.949567794799805,23.453472137451172,23.64661979675293,23.023128509521484,21.790302276611328,20.968534469604492,21.173892974853516,22.167665481567383,23.49588966369629,24.73039436340332,25.688058853149414
23.59709358215332,23.55164909362793,22.975662231445312,21.841110229492188,20.8336124420166,20.539562225341797,20.772220611572266,20.971940994262695,20.845176696777344,20.43595314025879,19.92058563232422,19.492435455322266,19.361021041870117,19.650957107543945,20.14984130859375,20.45576286315918,20.534473419189453,20.6962833404541,20.980321884155273,21.19220733642578,21.168519973754883,20.816144943237305,20.2479248046875,19.801433563232422,19.720661163330078,19.93798828125,20.23356819152832,20.531299591064453,20.86520004272461,21.190820693969727,21.411602020263672,21.482128143310547,21.576290130615234,21.90355682373047,22.307262420654297,22.193681716918945,21.25478172302246,20.2587890625,20.18001937866211,20.996679306030273,22.336158752441406,24.052902221679688,25.77980613708496,26.810256958007812
24.670286178588867,24.65903091430664,24.089805603027344,22.839067459106445,21.456727981567383,20.853069305419922,21.185842514038086,21.658613204956055,21.590288162231445,21.155851364135742,20.954484939575195,21.006620407104492,21.045495986938477,21.06281089782715,21.07957649230957,21.204694747924805,21.30231285095215,21.390087127685547,21.542173385620117,21.68939781188965,21.649539947509766,21.242679595947266,20.602188110351562,20.19843292236328,20.31627655029297,20.80738067626953,21.32281494140625,21.615581512451172,21.660316467285156,21.571929931640625,21.439664840698242,21.290199279785156,21.211606979370117,21.254629135131836,21.339019775390625,21.295835494995117,21.178462982177734,21.420656204223633,22.204389572143555,23.20768165588379,24.18999671936035,25.37201499938965,27.02339744567871,28.350133895874023
24.941375732421875,25.048809051513672,24.944692611694336,24.470191955566406,23.831892013549805,23.361024856567383,23.273334503173828,23.26350975036621,22.96917724609375,22.89936637878418,23.221044540405273,23.39189910888672,23.43047523498535,23.536447525024414,22.923330307006836,22.281572341918945,22.081514358520508,22.02031707763672,21.970800399780273,21.922718048095703,21.81989860534668,21.542015075683594,21.107847213745117,20.846532821655273,21.02604866027832,21.52252197265625,22.004148483276367,22.199485778808594,22.03707504272461,21.638338088989258,21.237546920776367,21.060762405395508,21.114334106445312,21.33238983154297,21.774187088012695,22.4196834564209,23.097219467163086,23.814023971557617,24.727279663085938,25.693239212036133,26.337560653686523,26.686687469482422,27.515199661254883,29.039226531982422
26.360004425048828,26.66302490234375,26.854398727416992,26.86482048034668,26.601577758789062,25.8634033203125,25.064258575439453,24.706396102905273,24.987934112548828,25.786130905151367,26.653135299682617,27.14276123046875,28.065731048583984,27.82428550720215,26.173871994018555,24.449317932128906,23.38236427307129,22.57932472229004,21.865093231201172,21.39818000793457,21.272632598876953,21.308427810668945,21.254281997680664,21.216428756713867,21.44875144958496,21.8420467376709,21.999622344970703,21.78729248046875,21.369626998901367,20.914949417114258,20.725540161132812,21.059267044067383,21.839115142822266,22.987895965576172,24.39214324951172,25.629976272583008,26.35933494567871,26.87565803527832,27.633710861206055,28.53759002685547,29.048913955688477,29.08064842224121,29.30571174621582,29.890941619873047
27.73369789123535,28.14704704284668,28.624164581298828,29.063095092773438,28.880517959594727,27.833412170410156,27.14540672302246,27.57917022705078,28.789907455444336,29.47193145751953,30.34317398071289,31.646940231323242,33.48539352416992,32.05313491821289,28.598731994628906,26.589290618896484,25.4615478515625,24.211750030517578,22.679040908813477,21.464643478393555,21.075937271118164,21.19658088684082,21.34918212890625,21.540128707885742,21.99156951904297,22.5184383392334,22.50787353515625,21.9017333984375,21.308162689208984,21.15867042541504,21.60230827331543,22.619403839111328,24.041372299194336,25.70963478088379,27.478755950927734,29.059555053710938,29.908374786376953,30.094585418701172,30.352136611938477,30.940370559692383,31.304500579833984,31.295654296875,31.383649826049805,31.174346923828125
29.342073440551758,29.62469482421875,30.368122100830078,31.198101043701172,31.51250648498535,31.514009475708008,31.966184616088867,32.58204650878906,32.92889404296875,32.695735931396484,32.356292724609375,33.649784088134766,34.60891342163086,31.799884796142578,29.318342208862305,28.239089965820312,27.746353149414062,26.998476028442383,25.780330657958984,24.690048217773438,24.061508178710938,23.61539077758789,23.23727798461914,23.186655044555664,23.768959045410156,24.743785858154297,25.23843002319336,24.806398391723633,24.097055435180664,24.009227752685547,24.781700134277344,25.98963737487793,27.194555282592773,28.294612884521484,29.346633911132812,30.2867488861084,30.89740562438965,31.121498107910156,31.27863311767578,31.58637046813965,31.789505004882812,31.642505645751953,31.394739151000977,31.250125885009766
30.973478317260742,31.444665908813477,32.41556930541992,34.09663391113281,35.48695373535156,36.172607421875,36.63214111328125,35.985774993896484,34.68527603149414,33.580772399902344,33.65810012817383,34.00981521606445,32.683170318603516,31.25848960876465,30.717748641967773,30.541410446166992,30.387794494628906,29.89557456970215,29.002220153808594,28.29855728149414,28.00948715209961,27.763179779052734,27.21778106689453,26.608516693115234,26.755046844482422,27.712539672851562,28.476318359375,28.263517379760742,27.480684280395508,27.200380325317383,28.009864807128906,29.43335723876953,30.481538772583008,30.846031188964844,30.9185733795166,30.914966583251953,30.836162567138672,30.81354331970215,31.067827224731445,31.510454177856445,31.70871925354004,31.435867309570312,31.14033317565918,31.266416549682617
32.34061813354492,33.165706634521484,34.3677978515625,35.544620513916016,37.1243782043457,37.29560089111328,35.298736572265625,33.87180709838867,33.63636016845703,34.246910095214844,34.21846008300781,33.315853118896484,33.00676727294922,33.108219146728516,32.73525619506836,32.04061508178711,31.537261962890625,31.2426700592041,30.768251419067383,30.31895637512207,30.206687927246094,30.348085403442383,30.47067642211914,30.19179344177246,29.837669372558594,30.02053451538086,30.519800186157227,30.651649475097656,30.126108169555664,29.437580108642578,29.40740966796875,30.269311904907227,31.273616790771484,31.792888641357422,31.952396392822266,31.825613021850586,31.382431030273438,31.07413101196289,31.246633529663086,31.742877960205078,32.01081848144531,31.8426570892334,31.679147720336914,31.926254272460938
34.417686462402344,35.89476776123047,36.892459869384766,37.374515533447266,35.61753845214844,32.49028778076172,31.944499969482422,33.54033279418945,34.72550964355469,35.14814376831055,35.3545036315918,35.76606369018555,36.06498718261719,35.60788345336914,34.29988098144531,32.859989166259766,32.09439468383789,32.131874084472656,32.49428176879883,32.7063102722168,32.61349105834961,32.31634521484375,32.07648468017578,31.824066162109375,31.501436233520508,31.474802017211914,31.903411865234375,32.40517807006836,32.81499099731445,33.12153625488281,32.70914077758789,31.481449127197266,30.93431282043457,31.71648406982422,32.65531539916992,32.784671783447266,32.07912063598633,31.262542724609375,31.038658142089844,31.314062118530273,31.742834091186523,32.15253829956055,32.45515441894531,32.645870208740234
36.15138626098633,38.0792350769043,38.07917404174805,35.09661865234375,32.271324157714844,32.21085739135742,33.3314208984375,34.28322982788086,35.14808654785156,36.044708251953125,36.66539764404297,36.80495071411133,36.504329681396484,35.88479232788086,35.021331787109375,34.251991271972656,34.03015899658203,34.50719451904297,35.29690170288086,35.778831481933594,35.629364013671875,34.985877990722656,34.332237243652344,33.898189544677734,33.49832534790039,33.2955207824707,33.59325408935547,34.18317794799805,34.884010314941406,35.735084533691406,36.22066879272461,35.30852127075195,33.305213928222656,32.54707336425781,33.438446044921875,34.13163375854492,33.73638153076172,32.61496353149414,31.51568031311035,31.024057388305664,31.426658630371094,32.3873291015625,33.08306884765625,33.21502685546875
36.962276458740234,38.18327713012695,36.661720275878906,33.753597259521484,33.05318069458008,33.861534118652344,35.127960205078125,36.5369873046875,37.683868408203125,38.24799728393555,38.17802429199219,37.808109283447266,37.42475128173828,36.929893493652344,36.292625427246094,36.00315856933594,36.479156494140625,37.41621017456055,38.22636032104492,38.46931838989258,37.91104507446289,36.95259094238281,36.30589294433594,35.97713088989258,35.60371398925781,35.30514144897461,35.42815017700195,36.017391204833984,36.81686782836914,37.57866287231445,38.10947036743164,38.09708786010742,37.053375244140625,35.317596435546875,34.42198944091797,34.686885833740234,34.92192077636719,34.352718353271484,33.075706481933594,31.94503402709961,32.06980895996094,33.03886032104492,33.60868453979492,33.265316009521484
37.28435134887695,37.60105514526367,35.89122772216797,34.458396911621094,34.6921501159668,35.78392028808594,37.147823333740234,38.41035842895508,39.2857780456543,39.6382942199707,39.5810546875,39.282310485839844,38.8878288269043,38.54145812988281,38.377708435058594,38.46937561035156,38.81416320800781,39.29269027709961,39.763160705566406,39.817626953125,39.24589920043945,38.512306213378906,37.97146987915039,37.55615997314453,37.25343704223633,37.21061706542969,37.4517936706543,37.67969512939453,37.816341400146484,38.07379913330078,38.487266540527344,38.982872009277344,39.10302734375,37.98963165283203,36.239898681640625,35.35533905029297,35.11984634399414,34.64406967163086,33.72991180419922,32.844669342041016,32.85496520996094,33.51662826538086,33.68831253051758,32.83647537231445
37.58688735961914,37.3303337097168,36.38884735107422,36.13447189331055,36.6344108581543,37.608619689941406,38.86172103881836,40.09749984741211,40.940528869628906,41.141658782958984,40.78901672363281,40.24565505981445,39.871253967285156,39.89048767089844,40.160423278808594,40.27664566040039,39.9959831237793,39.67920684814453,39.624515533447266,39.62725830078125,39.554080963134766,39.382381439208984,39.092018127441406,38.87971115112305,39.013023376464844,39.50839614868164,39.86199188232422,39.618228912353516,39.054725646972656,38.92530822753906,39.617767333984375,40.59611892700195,40.780235290527344,39.5787353515625,37.76179885864258,36.35210418701172,35.369178771972656,34.80149841308594,34.36429977416992,33.75973892211914,33.42934036254883,33.63886260986328,33.51129913330078,32.48794174194336
37.88929748535156,37.50387954711914,37.617191314697266,37.92680358886719,38.15764236450195,38.694129943847656,39.67087173461914,40.7508544921875,41.46015548706055,41.41193389892578,40.674049377441406,39.79304122924805,39.3986701965332,39.59087371826172,40.02242660522461,40.23114013671875,40.048118591308594,39.71026611328125,39.49108123779297,39.496482849121094,39.63894271850586,39.71601104736328,39.78361511230469,40.123783111572266,40.652400970458984,41.113868713378906,41.118446350097656,40.738609313964844,40.46881103515625,40.612937927246094,41.16675567626953,41.74995803833008,41.65807342529297,40.537261962890625,38.856754302978516,37.01884841918945,35.52729415893555,35.088401794433594,35.18911361694336,34.90932846069336,34.26523971557617,33.84131622314453,33.57170867919922,33.372589111328125
38.635066986083984,38.44844055175781,39.12846374511719,39.09807586669922,38.422664642333984,38.192787170410156,38.67162322998047,39.467769622802734,40.079776763916016,40.091941833496094,39.457950592041016,38.70814514160156,38.327457427978516,38.57357406616211,39.19245147705078,39.602294921875,39.62778091430664,39.71401596069336,39.823307037353516,39.75917434692383,39.609336853027344,39.58427047729492,39.802860260009766,40.36308288574219,41.062747955322266,41.48372268676758,41.50740432739258,41.477909088134766,41.60849380493164,41.651485443115234,41.5652961730957,41.46211624145508,41.11296463012695,40.22306823730469,38.72459411621094,36.96808624267578,35.78504943847656,35.612003326416016,35.90690231323242,35.833370208740234,35.29050064086914,34.82572555541992,34.889564514160156,35.502010345458984
37.995826721191406,37.376251220703125,37.87993621826172,37.090545654296875,35.57522964477539,34.86140441894531,35.19352340698242,36.04986572265625,36.89234161376953,37.342872619628906,37.30630874633789,37.19364929199219,37.25981521606445,37.72686767578125,38.51202392578125,39.20680618286133,39.57818603515625,39.712520599365234,39.57328414916992,39.140174865722656,38.74169158935547,38.69961929321289,39.009544372558594,39.71039962768555,40.611717224121094,41.0199089050293,41.10281753540039,41.3647346496582,41.47080993652344,40.886940002441406,40.07996368408203,39.6785888671875,39.5179443359375,39.02293014526367,37.95832824707031,36.90563201904297,36.45488357543945,36.433509826660156,36.518428802490234,36.546470642089844,36.530181884765625,36.441654205322266,36.759429931640625,37.6348762512207
33.8707275390625,32.89442825317383,33.56560516357422,33.083003997802734,32.06261444091797,32.0020866394043,32.96451187133789,34.17878723144531,35.1351318359375,35.67030334472656,36.044456481933594,36.4000129699707,36.73781967163086,37.21025848388672,37.89426040649414,38.61680603027344,39.08955764770508,39.30548095703125,39.313743591308594,39.16993713378906,39.08269500732422,39.207359313964844,39.660247802734375,40.298851013183594,40.68404769897461,40.92084503173828,41.368072509765625,41.47750473022461,41.30096435546875,40.80754089355469,39.8406982421875,39.00754928588867,38.71769714355469,38.33595275878906,37.633453369140625,37.27310562133789,37.174583435058594,37.051429748535156,37.186798095703125,36.8275032043457,36.80973434448242,37.60605239868164,38.828739166259766,40.475341796875
