data/wind_data/wind_2025-02-19_03.json
{"header": {"parameterUnit": "KT", "parameterCategory": 2, "nx": 255, "ny": 198, "lo1": 44.73521041870117, "la1": -3.236724853515625, "lo2": 111.26478576660156, "la2": 43.468475341796875, "dx": 0.26192745566368103, "dy": -0.23708222806453705, "refTime": "2025-02-19 03:00:00", "forecastTime": 0, "parameterNumber": 2, "parameterNumberName": "eastward_wind"}, "data":
[rows 114 to 132 of 198, columns 129 to 171 of 255]
0.5944260358810425,-0.01831401139497757,-0.5255017876625061,-0.8007357120513916,-0.7729354500770569,-0.7535920739173889,-1.0165905952453613,-1.159567952156067,-0.6810554265975952,0.19518962502479553,0.8334309458732605,0.9478600025177002,0.7746388912200928,0.5277466177940369,-0.06366965919733047,-0.6095144152641296,-0.4281753897666931,0.18025335669517517,0.5870970487594604,0.5939359068870544,0.5781751871109009,1.0474616289138794,1.5891295671463013,1.5294402837753296,1.0589652061462402,0.43554630875587463,-0.610069751739502,-1.726860761642456,-2.192669153213501,-2.2663686275482178,-2.3350419998168945,-2.427694797515869,-2.368868827819824,-1.9834823608398438,-1.808913230895996,-2.2577826976776123,-3.036644458770752,-3.6254806518554688,-3.9075374603271484,-4.232272624969482,-5.177026271820068,-6.474778652191162,-6.937941074371338
0.3255712687969208,-0.04932992532849312,-0.14954373240470886,0.02217845618724823,0.319799542427063,0.3677898645401001,0.01614850014448166,-0.015942372381687164,0.5132195949554443,1.036500334739685,1.193970799446106,0.8497059345245361,0.3429875671863556,-0.28195133805274963,-1.178768515586853,-1.600419044494629,-1.196182131767273,-0.39435750246047974,0.4509159326553345,1.1323344707489014,1.4516228437423706,1.6434788703918457,1.922700047492981,1.7926884889602661,0.7347679734230042,-0.9725871682167053,-2.3216323852539062,-2.7078921794891357,-2.645216703414917,-2.921457529067993,-3.4932944774627686,-3.8476057052612305,-3.971444845199585,-3.7806825637817383,-3.9116978645324707,-4.770486354827881,-5.714175224304199,-6.007414817810059,-5.494345188140869,-5.551733493804932,-6.635311126708984,-8.523869514465332,-10.435168266296387
0.20699560642242432,0.4024184048175812,0.5024614930152893,0.5083116292953491,0.5649781823158264,0.5386701822280884,0.4172786474227905,0.6733545660972595,1.3151001930236816,1.5520470142364502,1.2089227437973022,0.7935916781425476,0.41418594121932983,-0.37717923521995544,-1.2802221775054932,-1.6259162425994873,-1.3898894786834717,-0.7674167156219482,0.16536740958690643,1.2337052822113037,2.038565158843994,2.191805362701416,1.5116658210754395,0.04576638713479042,-2.0420804023742676,-3.6465249061584473,-3.923128128051758,-3.4789884090423584,-3.3957061767578125,-4.120357036590576,-4.941187381744385,-5.498317718505859,-5.282190322875977,-4.642745018005371,-4.567246913909912,-5.4983696937561035,-6.48189115524292,-6.8528733253479,-6.7607622146606445,-5.9276628494262695,-5.547771453857422,-6.940429210662842,-9.514716148376465
0.6247058510780334,0.8869320154190063,0.8726049065589905,0.6598424315452576,0.477883905172348,0.3612244129180908,0.4197179973125458,0.9192304611206055,1.6039272546768188,1.711613416671753,1.1076956987380981,0.564532458782196,0.07640694826841354,-0.8623782992362976,-1.647871494293213,-1.6508313417434692,-1.011040449142456,-0.244237020611763,0.271732360124588,0.6120281219482422,0.8756993412971497,0.7540938854217529,-0.39603090286254883,-2.6022939682006836,-4.608818054199219,-5.051760673522949,-4.533725261688232,-4.07217264175415,-4.054747581481934,-4.534920692443848,-4.847482204437256,-4.867841720581055,-4.756532192230225,-3.9242312908172607,-3.4290993213653564,-3.5868327617645264,-4.023038387298584,-5.0965375900268555,-5.769705772399902,-4.18869686126709,-2.359138250350952,-3.1150119304656982,-5.437584400177002
0.7694643139839172,1.057063102722168,1.2377383708953857,1.1896717548370361,0.7940221428871155,0.28772422671318054,0.14726261794567108,0.5306688547134399,1.1641631126403809,1.2321765422821045,0.5798934102058411,-0.06491469591856003,-0.8760212659835815,-1.9284652471542358,-2.415438175201416,-2.0365490913391113,-1.1556906700134277,-0.3480618894100189,-0.07478798180818558,-0.4192594587802887,-0.9494736194610596,-1.4307138919830322,-2.6253182888031006,-4.447756290435791,-5.4596638679504395,-5.281081199645996,-4.823568344116211,-4.343626499176025,-3.6925461292266846,-3.3718714714050293,-3.9331886768341064,-4.805290699005127,-5.692147254943848,-5.983514308929443,-5.340542793273926,-4.1821064949035645,-3.8122169971466064,-4.5247955322265625,-4.363520622253418,-2.6508665084838867,-1.1855342388153076,-1.3304296731948853,-2.4293336868286133
0.7434347867965698,1.214294672012329,1.6079713106155396,1.7240687608718872,1.32567298412323,0.5808001756668091,0.1193661317229271,0.16945527493953705,0.2854090929031372,0.165765643119812,-0.1554258167743683,-0.735737144947052,-1.7259055376052856,-2.7157647609710693,-3.0476927757263184,-2.8462882041931152,-2.4731173515319824,-2.1495039463043213,-2.269414186477661,-2.7625937461853027,-2.9306888580322266,-2.7442147731781006,-3.1774349212646484,-4.071029186248779,-4.442718029022217,-4.133335590362549,-3.6731574535369873,-3.6813063621520996,-3.9396488666534424,-4.290205001831055,-5.054315090179443,-5.895519256591797,-6.755075454711914,-7.207430362701416,-5.4211201667785645,-2.3503377437591553,-2.2176480293273926,-2.704707622528076,-2.3450891971588135,-2.1907479763031006,-1.87942373752594,0.35760262608528137,1.7509856224060059
1.1367805004119873,1.5293314456939697,1.7538154125213623,1.6521010398864746,1.0823196172714233,0.27149033546447754,-0.18858887255191803,-0.1335611641407013,-0.12079647183418274,-0.45423832535743713,-0.948843240737915,-1.51869797706604,-2.2460641860961914,-3.0324182510375977,-3.700439691543579,-4.239069938659668,-4.5207295417785645,-4.600103378295898,-4.860118389129639,-5.053747177124023,-4.552177906036377,-3.7656590938568115,-3.0233983993530273,-2.422916889190674,-2.121446371078491,-2.4202189445495605,-3.9127886295318604,-5.475395202636719,-4.972929954528809,-4.481473922729492,-3.7937378883361816,-3.3665993213653564,-4.1836395263671875,-4.982655048370361,-4.877854347229004,-2.684730052947998,-1.2122445106506348,-1.3001126050949097,-0.4884242117404938,0.817914605140686,1.2356418371200562,1.1190372705459595,0.4868873655796051
1.5454437732696533,1.6496036052703857,1.5670711994171143,1.2689499855041504,0.7479280829429626,0.08487788587808609,-0.33955639600753784,-0.4526311755180359,-0.658316433429718,-1.1059678792953491,-1.5867198705673218,-1.9695898294448853,-2.6994128227233887,-3.7535812854766846,-4.575706958770752,-5.013175010681152,-4.856324195861816,-4.18047571182251,-3.670328140258789,-3.9932422637939453,-4.854024410247803,-4.859903812408447,-3.5702688694000244,-2.8928637504577637,-3.1937203407287598,-2.9828898906707764,-4.496551513671875,-5.513306140899658,-4.4972734451293945,-2.5441951751708984,0.1207878589630127,1.3865458965301514,-0.03674222528934479,-0.24434572458267212,-0.49144622683525085,-0.3476213812828064,-0.01479403581470251,-0.8939061760902405,-0.02647341601550579,2.054375171661377,3.0950121879577637,0.5409073233604431,-1.749656081199646
1.585701584815979,1.4241069555282593,1.2519892454147339,0.9471731185913086,0.5398959517478943,-0.0633840560913086,-0.6656691431999207,-1.0938093662261963,-1.4316926002502441,-1.67681086063385,-1.8911887407302856,-2.186932325363159,-2.799443006515503,-3.190873146057129,-2.5373055934906006,-1.5432493686676025,-1.1356877088546753,-1.3630499839782715,-1.8946195840835571,-3.142047643661499,-4.831195831298828,-4.6198811531066895,-4.879215717315674,-6.2531867027282715,-6.8456573486328125,-6.47196102142334,-5.597812175750732,-4.183858394622803,-2.6865856647491455,0.24358323216438293,4.216731548309326,5.709746837615967,3.7190396785736084,2.0950701236724854,1.769417643547058,2.24532413482666,3.456472873687744,2.126638412475586,0.8222255706787109,1.9764127731323242,4.230973243713379,3.1681790351867676,-1.5064938068389893
1.694679856300354,1.4778176546096802,1.0212804079055786,0.25504547357559204,-0.3668808341026306,-0.7673190832138062,-1.347532868385315,-2.0603888034820557,-2.2610599994659424,-2.045722246170044,-2.01778507232666,-2.089754104614258,-1.6834795475006104,-2.1013565063476562,-3.2766780853271484,-3.0840299129486084,-1.9329527616500854,-2.0980982780456543,-3.6042957305908203,-4.2793169021606445,-3.458204746246338,-2.2995996475219727,-2.5917470455169678,-5.3884382247924805,-6.696556568145752,-5.114651679992676,-3.2404367923736572,-1.5365492105484009,0.8432105183601379,2.892657518386841,4.609573841094971,6.603585243225098,6.317556858062744,4.207051753997803,2.181025981903076,1.102485179901123,2.9349377155303955,6.970235347747803,5.23386287689209,2.1139237880706787,5.437680721282959,5.974283695220947,0.403474360704422
1.749536156654358,0.948840320110321,-0.16561108827590942,-1.1947212219238281,-1.6696480512619019,-1.7670044898986816,-2.263716697692871,-2.8966784477233887,-2.3443353176116943,-1.36971116065979,-1.6160849332809448,-2.8708670139312744,-3.4309139251708984,-3.838153839111328,-4.9098286628723145,-4.417506694793701,-3.268000364303589,-3.6030311584472656,-4.250919342041016,-3.8498661518096924,-2.2749600410461426,-1.003732442855835,-1.0633330345153809,-2.0476508140563965,-2.332751750946045,-1.4914287328720093,-0.7962606549263,-0.4250228703022003,0.9660199284553528,3.1196610927581787,3.220576524734497,5.17191219329834,10.615779876708984,8.273730278015137,2.3379814624786377,1.3160942792892456,5.44360876083374,11.486140251159668,12.77551555633545,10.520259857177734,10.617300987243652,8.380982398986816,4.153928756713867
0.4262663424015045,-0.7839667797088623,-1.5934698581695557,-2.207672119140625,-2.433889150619507,-2.1960103511810303,-2.4172403812408447,-2.566660165786743,-1.6050693988800049,-0.6401583552360535,-1.3952385187149048,-4.30229377746582,-6.181538105010986,-5.863887786865234,-5.4907355308532715,-5.082100868225098,-4.189971446990967,-3.6884407997131348,-3.2869887351989746,-2.076657772064209,-1.5446975231170654,-1.1629728078842163,0.16320070624351501,1.0521374940872192,0.6678652167320251,-0.13792362809181213,-0.4020769000053406,0.4155941903591156,1.8880430459976196,1.2364554405212402,2.999392509460449,8.038607597351074,9.96610164642334,9.484955787658691,8.597898483276367,8.673885345458984,10.215926170349121,10.827018737792969,11.074480056762695,12.664057731628418,14.376679420471191,10.893393516540527,6.675506114959717
-1.7789149284362793,-2.051832675933838,-1.928808569908142,-2.308401346206665,-2.7985002994537354,-2.683872699737549,-2.325564384460449,-1.457062840461731,-1.1126682758331299,-2.3441407680511475,-3.320683479309082,-4.647181034088135,-6.678568363189697,-6.964288711547852,-6.712592124938965,-5.149925231933594,-0.8097266554832458,2.55583119392395,1.6972770690917969,0.4561886787414551,-0.07081008702516556,-0.23734499514102936,0.45330730080604553,0.970150887966156,1.6026442050933838,1.0401701927185059,0.40880653262138367,3.6320297718048096,7.88102912902832,9.158975601196289,8.923269271850586,7.980344772338867,6.6982197761535645,7.749946594238281,10.233285903930664,11.97658634185791,11.975722312927246,10.806602478027344,11.825422286987305,14.11814022064209,15.043574333190918,13.098458290100098,10.644420623779297
-1.4058492183685303,-1.120661735534668,-1.2624024152755737,-2.195382833480835,-3.2699203491210938,-3.4783990383148193,-3.0889620780944824,-3.165248394012451,-3.9671850204467773,-4.99217414855957,-4.764888763427734,-4.85357141494751,-5.46823263168335,-5.123605251312256,-5.670271396636963,-4.531395435333252,0.5526137948036194,5.1102294921875,6.1300811767578125,4.723254680633545,3.1177659034729004,4.015413761138916,4.89932918548584,4.480995178222656,4.001859188079834,4.296367645263672,3.954802989959717,4.6950249671936035,5.972727298736572,6.594054698944092,6.651529312133789,6.648982524871826,7.103156089782715,8.655513763427734,11.747607231140137,12.63193416595459,11.769184112548828,11.807955741882324,10.956501007080078,10.568262100219727,8.649105072021484,6.570169925689697,8.175421714782715
-0.20380456745624542,-0.06000693514943123,-0.2412080466747284,-1.1564019918441772,-3.274334669113159,-4.80699348449707,-5.04896879196167,-5.886783599853516,-5.665953636169434,-5.182976245880127,-7.268582820892334,-9.313963890075684,-5.858699798583984,-2.1171905994415283,-2.5594422817230225,-2.0816104412078857,0.13638129830360413,2.8355202674865723,7.35334587097168,9.711990356445312,6.68031644821167,6.350077152252197,8.084005355834961,6.084965705871582,4.0255446434021,4.502472877502441,4.12353515625,3.91876482963562,6.070397853851318,8.33265209197998,8.065933227539062,8.67630672454834,9.984018325805664,12.961201667785645,13.336352348327637,11.67282485961914,10.650519371032715,11.475125312805176,12.534809112548828,13.768049240112305,12.956184387207031,7.738376140594482,5.695749759674072
-0.6264195442199707,-1.8654659986495972,-3.865617513656616,-5.229016304016113,-5.60977840423584,-5.024812698364258,-5.453433513641357,-6.821359157562256,-6.236721992492676,-5.242868900299072,-8.490988731384277,-11.515663146972656,-10.357362747192383,-4.456979751586914,-1.220181941986084,-1.4468257427215576,-1.9579204320907593,-0.19062452018260956,5.429043292999268,11.414871215820312,9.226668357849121,4.605127811431885,4.64126443862915,4.301489353179932,3.4825057983398438,3.7515838146209717,4.618817329406738,5.212602615356445,6.121577739715576,8.178218841552734,10.191805839538574,10.880960464477539,11.339823722839355,12.148508071899414,12.06296157836914,10.92890739440918,11.092483520507812,12.040637016296387,13.020374298095703,13.150603294372559,10.31545352935791,6.8513712882995605,5.816549301147461
-2.6265621185302734,-6.252140522003174,-9.108634948730469,-11.718761444091797,-10.029208183288574,-5.177528381347656,-3.594656467437744,-5.446609973907471,-5.2338337898254395,-4.488592624664307,-4.269565582275391,-5.275406837463379,-6.902442932128906,-6.226170539855957,-4.788722991943359,-3.398169755935669,-2.42098331451416,-1.4082591533660889,2.9862804412841797,8.839465141296387,6.7333598136901855,1.2412546873092651,2.17733097076416,3.897345781326294,4.215373992919922,4.791872978210449,6.168114185333252,7.7769904136657715,7.937719821929932,8.376070976257324,10.21340560913086,11.482483863830566,11.552891731262207,11.781115531921387,12.429306983947754,13.236539840698242,13.786914825439453,12.99450397491455,12.51693344116211,10.939861297607422,6.87576150894165,4.589094161987305,5.967158317565918
-6.825531482696533,-8.08941650390625,-9.757451057434082,-9.945669174194336,-6.830416679382324,-1.9266473054885864,-0.8614494800567627,-5.6195902824401855,-8.82272720336914,-5.734726428985596,-2.224499225616455,-0.2979508638381958,-0.5461908578872681,-5.267210483551025,-8.957453727722168,-6.905758857727051,-2.739588975906372,1.1771855354309082,2.64544939994812,3.4622561931610107,3.8482139110565186,3.142071008682251,3.5881688594818115,5.015056133270264,6.362191200256348,7.0589189529418945,8.849787712097168,9.81917667388916,10.887887954711914,10.520809173583984,12.033961296081543,12.82867431640625,12.109954833984375,14.413751602172852,15.055403709411621,14.856389045715332,15.299461364746094,15.173476219177246,14.516630172729492,13.263395309448242,8.756591796875,5.791960716247559,7.454422950744629
-12.30454158782959,-10.882179260253906,-8.11513614654541,-6.164766788482666,-4.001410961151123,-1.684152364730835,-2.206763505935669,-3.87257981300354,-6.659513473510742,-5.859923362731934,-1.6349278688430786,1.6833810806274414,0.6072612404823303,-4.926896095275879,-7.214560031890869,-4.130697250366211,0.41602736711502075,2.2380595207214355,1.1665793657302856,2.876918315887451,4.873092174530029,4.315948486328125,4.77858829498291,7.006240367889404,9.085487365722656,10.739316940307617,12.422516822814941,13.446798324584961,12.82418441772461,13.531722068786621,13.748034477233887,13.703743934631348,13.313448905944824,14.985998153686523,14.846512794494629,14.516462326049805,15.190643310546875,15.576363563537598,15.109530448913574,13.725400924682617,10.842194557189941,8.111207962036133,7.87125301361084
