data/wind_data/wind_67_8.json
{"header": {"parameterUnit": "KT", "parameterCategory": 2, "nx": 256, "ny": 198, "lo1": 44.73521041870117, "la1": -3.236724853515625, "lo2": 111.26478576660156, "la2": 43.468475341796875, "dx": 0.2609002888202667, "dy": -0.23708222806453705, "refTime": "2025-02-21 19:00:00", "forecastTime": 0, "parameterNumber": 2, "parameterNumberName": "eastward_wind"}, "data":
[rows 0 to 18 of 198, columns 132 to 175 of 256]
7.227149963378906,7.782698154449463,8.419178009033203,9.040079116821289,9.165974617004395,9.134897232055664,9.397625923156738,9.612259864807129,9.350525856018066,9.385095596313477,10.3841552734375,11.240826606750488,11.52833366394043,11.557783126831055,11.259389877319336,11.60973834991455,12.783588409423828,13.652360916137695,14.183394432067871,14.323480606079102,14.12006664276123,13.87696647644043,13.586767196655273,13.444304466247559,13.228561401367188,12.317163467407227,11.252921104431152,10.683565139770508,10.467987060546875,10.602248191833496,11.245967864990234,12.745790481567383,14.015237808227539,14.505350112915039,15.053437232971191,15.800890922546387,16.89680290222168,18.395471572875977,19.734609603881836,20.890438079833984,21.607040405273438,21.949848175048828,22.327190399169922,22.657920837402344
7.5313897132873535,7.620488166809082,7.867286682128906,8.252823829650879,8.383646011352539,8.657596588134766,9.272985458374023,9.275790214538574,8.481841087341309,8.296369552612305,9.058089256286621,9.32400131225586,9.163220405578613,9.402274131774902,9.565414428710938,9.670124053955078,10.413397789001465,11.643671989440918,12.54617977142334,12.973062515258789,13.77800178527832,14.669025421142578,14.554802894592285,13.6171293258667,13.286293983459473,13.220685958862305,12.360276222229004,11.451480865478516,11.283967018127441,12.138792037963867,12.818960189819336,12.689898490905762,12.644266128540039,13.352934837341309,14.972761154174805,16.856740951538086,17.725799560546875,17.56839942932129,17.894601821899414,19.510129928588867,21.77854347229004,23.56523895263672,24.093746185302734,23.705209732055664
6.668975353240967,6.517942905426025,6.440401554107666,6.217658042907715,5.908725738525391,6.048807621002197,6.560995578765869,6.555979251861572,5.926228046417236,5.716381549835205,5.969961643218994,5.913963317871094,5.9407958984375,6.6474289894104,7.577394962310791,8.147059440612793,8.697016716003418,9.738213539123535,10.715168952941895,11.248677253723145,12.036287307739258,12.950304985046387,13.230719566345215,12.809602737426758,12.645523071289062,12.868714332580566,12.422861099243164,11.499039649963379,11.132441520690918,11.615826606750488,12.088794708251953,12.194049835205078,12.21348762512207,12.523661613464355,13.684913635253906,15.398714065551758,16.023025512695312,15.72792911529541,16.50214195251465,18.343793869018555,20.202024459838867,21.7171688079834,22.40988540649414,21.91855239868164
2.584284543991089,2.2368712425231934,2.017496347427368,1.3252017498016357,0.18505550920963287,-0.27695325016975403,-0.3670930564403534,-1.1966458559036255,-1.9100457429885864,-1.8475456237792969,-1.8386272192001343,-1.984879970550537,-1.6287282705307007,-0.6417979598045349,0.6717320084571838,1.5738866329193115,2.1433467864990234,2.9972856044769287,4.2509026527404785,5.485940933227539,6.631245136260986,7.567506313323975,8.13318157196045,8.481175422668457,8.831894874572754,9.197413444519043,8.878988265991211,8.016061782836914,7.2151970863342285,7.123053550720215,7.34733772277832,6.988962650299072,6.670974254608154,6.806768894195557,7.2742390632629395,8.169358253479004,8.766352653503418,9.24801254272461,10.670671463012695,12.022282600402832,12.620453834533691,13.76348876953125,14.839825630187988,14.053285598754883
-4.556291103363037,-4.725921630859375,-5.203840732574463,-6.040211200714111,-7.987037181854248,-9.523296356201172,-10.487682342529297,-12.395880699157715,-13.641157150268555,-13.60710620880127,-13.367973327636719,-13.345191955566406,-12.873367309570312,-12.511284828186035,-12.352770805358887,-12.297268867492676,-11.776494979858398,-11.134521484375,-9.934478759765625,-8.572355270385742,-7.900335311889648,-7.46614408493042,-7.168615818023682,-6.07696008682251,-4.665555000305176,-3.6062023639678955,-3.21761417388916,-3.0042994022369385,-3.038569688796997,-2.154459238052368,-1.3373441696166992,-3.454716920852661,-5.133648872375488,-5.109833240509033,-4.907549858093262,-4.786971569061279,-4.317208290100098,-3.078608751296997,-2.10229754447937,-2.4559407234191895,-2.1009695529937744,0.3746492266654968,1.6383434534072876,-0.3310099244117737
-3.491053581237793,-3.5110833644866943,-3.988518714904785,-4.3249335289001465,-4.870449066162109,-5.956911563873291,-6.12391471862793,-6.559865951538086,-8.036276817321777,-8.041299819946289,-8.051728248596191,-8.648247718811035,-7.953808784484863,-6.840257167816162,-6.460679054260254,-6.198074817657471,-5.37403678894043,-4.726383209228516,-3.9477081298828125,-3.3483047485351562,-3.539274215698242,-4.293783664703369,-5.14279317855835,-5.1181464195251465,-4.574184894561768,-3.307267189025879,-2.061089515686035,-2.1981945037841797,-3.0822808742523193,-2.404630661010742,-0.5373904705047607,-0.7649208903312683,-1.9778856039047241,-1.9991393089294434,-1.5287270545959473,-0.9745681285858154,-0.2573099136352539,-0.13608931005001068,-0.05641544610261917,0.5556375980377197,1.504785418510437,2.6509833335876465,1.9977102279663086,1.4287693500518799
-6.74236536026001,-6.516001224517822,-6.231588363647461,-7.066312789916992,-7.169591903686523,-8.999421119689941,-10.234350204467773,-9.691356658935547,-10.63568115234375,-10.112044334411621,-10.131722450256348,-10.957120895385742,-10.430657386779785,-9.21827220916748,-8.241320610046387,-7.813337802886963,-6.85426664352417,-6.34249210357666,-6.648950576782227,-6.7909650802612305,-6.9991455078125,-7.766748428344727,-8.197590827941895,-7.813157081604004,-6.752664089202881,-5.5328369140625,-4.613495826721191,-4.958159446716309,-6.399219512939453,-6.617012977600098,-4.26385498046875,-3.3688619136810303,-5.418139457702637,-5.795555114746094,-4.93306827545166,-4.744397163391113,-3.5822229385375977,-2.8508031368255615,-2.8939599990844727,-3.356334686279297,-3.2342631816864014,-1.7404439449310303,-0.42427292466163635,-0.11527989059686661
-7.957513332366943,-7.053506374359131,-4.741034030914307,-5.8876261711120605,-6.232133865356445,-7.88562536239624,-8.660710334777832,-8.187052726745605,-9.04283618927002,-9.183165550231934,-8.823458671569824,-9.143043518066406,-8.849682807922363,-7.335910320281982,-5.148013114929199,-4.742589950561523,-4.607452392578125,-5.214999198913574,-6.381287097930908,-6.452853202819824,-6.490508556365967,-6.534987926483154,-6.328709602355957,-6.891770839691162,-6.298412322998047,-5.475104331970215,-4.660134315490723,-4.222048759460449,-5.290048122406006,-6.9730095863342285,-6.110046863555908,-4.7538018226623535,-5.549557685852051,-6.076990127563477,-4.411583423614502,-3.8889660835266113,-2.5540809631347656,-1.9896318912506104,-2.678894281387329,-3.128864049911499,-2.265127658843994,-0.6567662358283997,1.6882805824279785,1.2246012687683105
-9.522530555725098,-9.327057838439941,-5.288321018218994,-6.606154918670654,-7.384581565856934,-9.024128913879395,-9.877928733825684,-9.322257995605469,-10.86014175415039,-11.137640953063965,-10.11114501953125,-9.54839038848877,-9.378891944885254,-8.026191711425781,-5.369279384613037,-4.359004974365234,-4.680213928222656,-6.027515411376953,-7.373818874359131,-7.400717258453369,-7.350225925445557,-5.82633113861084,-4.598235607147217,-6.536741256713867,-6.952622890472412,-6.798266410827637,-5.749050140380859,-5.360879421234131,-6.665407657623291,-8.432425498962402,-8.667581558227539,-6.488183498382568,-5.939777851104736,-5.121191024780273,-4.755119323730469,-5.033370018005371,-3.6061205863952637,-2.869440793991089,-3.831814765930176,-4.654132843017578,-3.8194901943206787,-1.571276068687439,1.0568938255310059,-2.0935540199279785
-8.842440605163574,-10.561845779418945,-6.793947219848633,-6.399683952331543,-7.0078630447387695,-8.216726303100586,-8.859560012817383,-9.951498031616211,-10.888328552246094,-11.010236740112305,-9.45897102355957,-8.52403450012207,-7.670577049255371,-6.7061543464660645,-5.238019943237305,-4.754580020904541,-4.88297700881958,-6.036558628082275,-6.895440578460693,-7.039635181427002,-6.66901969909668,-4.58035135269165,-4.328118324279785,-6.473721027374268,-7.412045478820801,-8.248826026916504,-7.18405294418335,-7.167588233947754,-8.435966491699219,-8.362017631530762,-8.098013877868652,-6.653399467468262,-4.635982036590576,-4.147130489349365,-5.310147762298584,-5.652060031890869,-4.612362861633301,-3.776989221572876,-3.211306095123291,-2.1338675022125244,-0.35410016775131226,0.895757257938385,0.2795870304107666,-2.973390579223633
-7.860412120819092,-9.1787748336792,-8.58537769317627,-7.987860202789307,-8.32390308380127,-9.39276123046875,-8.599570274353027,-10.288793563842773,-11.549657821655273,-11.664305686950684,-9.679763793945312,-8.030275344848633,-6.766353607177734,-6.166884422302246,-5.985617160797119,-6.160958290100098,-6.317679405212402,-7.061311721801758,-6.992942810058594,-6.5217485427856445,-6.36738395690918,-5.062233924865723,-5.6033477783203125,-7.40704870223999,-8.089577674865723,-9.062043190002441,-9.794438362121582,-10.162854194641113,-10.035918235778809,-8.77791690826416,-7.175835132598877,-6.622929573059082,-5.301646709442139,-5.865830898284912,-7.096629619598389,-6.975749492645264,-5.716841697692871,-4.4972734451293945,-3.550769567489624,-2.542985200881958,-0.8206301927566528,1.4184131622314453,0.7343552708625793,-2.098100185394287
-7.45562744140625,-8.037848472595215,-8.380636215209961,-8.893507957458496,-9.012725830078125,-10.403223991394043,-8.310982704162598,-9.485923767089844,-11.737479209899902,-11.330888748168945,-8.652164459228516,-6.476236343383789,-5.206396579742432,-5.587925434112549,-5.763701915740967,-6.413313388824463,-6.914245128631592,-7.95607852935791,-7.538460731506348,-6.064838409423828,-6.105179309844971,-5.839279651641846,-6.73574161529541,-7.827613830566406,-7.732169151306152,-7.959804058074951,-9.944975852966309,-11.498089790344238,-11.795162200927734,-10.025140762329102,-8.187341690063477,-7.312792778015137,-7.2936859130859375,-8.004413604736328,-7.938617706298828,-7.014626502990723,-6.407137870788574,-5.994938850402832,-4.8487067222595215,-3.1533150672912598,-0.352203369140625,2.385540723800659,2.9653007984161377,2.206976890563965
-7.126662731170654,-8.059760093688965,-9.00623893737793,-9.727005004882812,-10.429657936096191,-10.07394790649414,-7.959808349609375,-10.158221244812012,-11.900519371032715,-10.400341987609863,-7.541233062744141,-5.44242525100708,-4.442091941833496,-5.52411413192749,-5.911792278289795,-5.998400688171387,-6.651031494140625,-8.08987045288086,-7.84171199798584,-6.276693344116211,-5.087035179138184,-6.2148542404174805,-6.871949672698975,-8.061993598937988,-8.330053329467773,-7.432253360748291,-8.66784381866455,-11.40650463104248,-12.569550514221191,-11.433302879333496,-10.076117515563965,-9.344460487365723,-9.677267074584961,-9.777460098266602,-8.485125541687012,-7.431582927703857,-6.970759391784668,-6.2498626708984375,-4.913989543914795,-3.2435147762298584,-0.907622218132019,1.089831829071045,2.7306530475616455,1.4898252487182617
-7.047178268432617,-6.826310157775879,-8.906079292297363,-9.991780281066895,-10.078439712524414,-9.378707885742188,-9.304546356201172,-10.875277519226074,-11.1689453125,-9.626547813415527,-7.414982318878174,-5.922141075134277,-4.522782802581787,-4.607866287231445,-5.680534839630127,-5.646552085876465,-6.022868633270264,-7.6501264572143555,-8.34843921661377,-6.324476718902588,-4.390820503234863,-5.27578067779541,-6.808136940002441,-8.454265594482422,-9.211275100708008,-8.56001091003418,-8.624098777770996,-10.624160766601562,-11.433937072753906,-10.71650218963623,-10.478739738464355,-9.841692924499512,-9.83755874633789,-9.738190650939941,-8.374770164489746,-7.187588214874268,-7.144280433654785,-6.04899787902832,-3.9095871448516846,-2.59867262840271,-1.4162917137145996,-0.8977920413017273,-0.5174328088760376,-0.08775786310434341
-7.5897064208984375,-7.1683831214904785,-8.647416114807129,-9.56614875793457,-9.501617431640625,-9.26747989654541,-10.301170349121094,-10.719464302062988,-10.299714088439941,-9.675017356872559,-7.936366558074951,-6.687261581420898,-4.843430995941162,-3.7466554641723633,-5.119083881378174,-5.254814147949219,-5.588834285736084,-7.49799919128418,-8.486865043640137,-6.822750568389893,-4.492191791534424,-4.930884838104248,-6.555034160614014,-7.530179500579834,-9.027822494506836,-10.235607147216797,-9.65968132019043,-10.675491333007812,-10.493807792663574,-9.792204856872559,-9.62110710144043,-9.026532173156738,-9.158007621765137,-8.774087905883789,-7.331925392150879,-5.571208953857422,-5.00275182723999,-4.707746982574463,-3.992961883544922,-3.568937301635742,-4.005705833435059,-3.984285354614258,-1.2325984239578247,-0.7704952955245972
-7.82914400100708,-7.278194427490234,-8.268024444580078,-8.966657638549805,-8.811200141906738,-8.910652160644531,-9.721555709838867,-9.805131912231445,-10.191576957702637,-9.71113395690918,-7.901294708251953,-5.835322380065918,-4.897859573364258,-3.7032470703125,-4.581313610076904,-4.86264181137085,-5.337174892425537,-7.010665416717529,-7.918517112731934,-6.760868072509766,-5.253891944885254,-4.9973015785217285,-5.891022205352783,-7.18743896484375,-8.887738227844238,-10.13072681427002,-11.327345848083496,-11.836444854736328,-10.068589210510254,-9.40031909942627,-8.054391860961914,-8.119490623474121,-8.468650817871094,-7.644032001495361,-6.211793899536133,-4.705773830413818,-4.782291889190674,-5.341973304748535,-4.138602256774902,-2.8279271125793457,-4.860791206359863,-6.124312400817871,-2.6306891441345215,-2.093339681625366
-7.790196895599365,-6.975978851318359,-7.753035068511963,-8.704913139343262,-8.806744575500488,-8.729438781738281,-8.49919319152832,-8.510026931762695,-9.607040405273438,-9.566485404968262,-7.459020614624023,-5.172159194946289,-4.473854064941406,-3.7931110858917236,-4.998291969299316,-4.843117713928223,-5.472764492034912,-6.486335277557373,-7.000718116760254,-6.428801536560059,-5.38791036605835,-5.472297668457031,-6.104059219360352,-7.155076026916504,-8.417390823364258,-10.2034330368042,-11.684537887573242,-11.178662300109863,-9.214859008789062,-9.690558433532715,-6.842177391052246,-7.005713939666748,-7.901618957519531,-7.114370822906494,-5.388469219207764,-4.540500640869141,-5.591989040374756,-5.964992046356201,-4.250707626342773,-3.2842917442321777,-4.842998504638672,-5.012296676635742,-3.617547035217285,-3.9738709926605225
-7.307857036590576,-7.0656208992004395,-8.261322021484375,-8.815995216369629,-8.57250690460205,-8.064994812011719,-7.409999370574951,-7.45684289932251,-8.43756103515625,-8.113688468933105,-6.705705165863037,-5.145872116088867,-4.872630596160889,-4.413020610809326,-5.362982273101807,-4.839707851409912,-5.318795204162598,-6.507678508758545,-7.002095699310303,-6.284968852996826,-5.28762149810791,-5.918531894683838,-6.8744215965271,-7.437741279602051,-7.5505828857421875,-9.155922889709473,-10.971866607666016,-10.273126602172852,-9.720294952392578,-9.439966201782227,-7.185248851776123,-6.698464870452881,-7.141510009765625,-6.478936195373535,-5.802013397216797,-5.09181547164917,-5.123871326446533,-5.4290900230407715,-5.374348163604736,-5.0695695877075195,-5.557741165161133,-4.903036594390869,-3.2670252323150635,-4.01614236831665
-7.894811630249023,-7.867268085479736,-8.668057441711426,-8.4722318649292,-7.474985122680664,-6.645478248596191,-6.661336421966553,-6.9857964515686035,-7.72617769241333,-7.54604434967041,-6.246166229248047,-4.478856563568115,-4.246591567993164,-5.390092849731445,-5.822786808013916,-4.628455638885498,-5.534146785736084,-6.813889503479004,-6.533809661865234,-5.696934700012207,-5.657809257507324,-6.1258015632629395,-7.166775703430176,-8.202674865722656,-8.181392669677734,-9.032042503356934,-10.425185203552246,-10.186379432678223,-9.159072875976562,-9.1093111038208,-7.407379627227783,-7.0308661460876465,-7.185817241668701,-6.790135383605957,-6.3515305519104,-5.455204486846924,-5.122585296630859,-5.664969444274902,-6.645230770111084,-6.821950912475586,-5.267048358917236,-2.7086987495422363,-2.4430274963378906,-4.61969518661499
