data/wind_data/wind_15_1.json
{"header": {"parameterUnit": "KT", "parameterCategory": 2, "nx": 256, "ny": 198, "lo1": 44.73521041870117, "la1": -3.236724853515625, "lo2": 111.26478576660156, "la2": 43.468475341796875, "dx": 0.2609002888202667, "dy": -0.23708222806453705, "refTime": "2025-02-19 15:00:00", "forecastTime": 0, "parameterNumber": 2, "parameterNumberName": "eastward_wind"}, "data":
[rows 57 to 75 of 198, columns 43 to 85 of 256]
-7.213057518005371,-7.16158390045166,-7.362041473388672,-6.840174198150635,-6.802079677581787,-6.625621318817139,-7.187534332275391,-6.963715553283691,-6.849631309509277,-6.545711040496826,-6.241728782653809,-6.3220534324646,-6.115567684173584,-6.195413112640381,-6.263226509094238,-6.223230838775635,-6.2503509521484375,-6.989348888397217,-7.903745174407959,-8.70926570892334,-8.293129920959473,-8.33798599243164,-8.003849029541016,-7.947808742523193,-7.965298652648926,-7.726438999176025,-7.54946756362915,-6.688174724578857,-6.024871349334717,-6.7923736572265625,-6.5597124099731445,-6.798009395599365,-6.338155746459961,-5.667374134063721,-5.217147350311279,-4.527760028839111,-4.811861515045166,-4.878672122955322,-4.643676280975342,-4.1862311363220215,-3.782705068588257,-3.1612281799316406,-3.4878649711608887
-6.67240047454834,-6.608935832977295,-6.462863445281982,-6.762276649475098,-6.569502353668213,-6.683484077453613,-6.54691743850708,-6.770491123199463,-6.668826580047607,-6.3188982009887695,-6.230031967163086,-6.113584995269775,-6.0235090255737305,-6.12770938873291,-6.385618686676025,-6.234926223754883,-5.849061489105225,-6.062072277069092,-6.321926593780518,-7.064809322357178,-6.771318435668945,-7.029719829559326,-7.206327438354492,-7.4876203536987305,-7.982069969177246,-8.015880584716797,-7.853604793548584,-8.016093254089355,-7.17386531829834,-7.2626848220825195,-6.714840888977051,-6.669783115386963,-5.9404778480529785,-6.008274078369141,-5.86249303817749,-5.568346977233887,-5.354482173919678,-5.091518402099609,-4.892958164215088,-4.657843589782715,-4.196950435638428,-3.9956300258636475,-3.3739538192749023
-6.312968730926514,-5.9863996505737305,-6.115687370300293,-5.891261100769043,-6.036949157714844,-6.023776054382324,-6.1954474449157715,-6.144827842712402,-6.300557613372803,-6.226773262023926,-6.188422679901123,-6.064701557159424,-6.02421236038208,-6.1460957527160645,-6.2349114418029785,-6.350887298583984,-6.474334239959717,-6.316880226135254,-6.320884704589844,-6.34019660949707,-6.515564918518066,-6.520922660827637,-6.5862016677856445,-6.575427055358887,-6.649932384490967,-7.085575580596924,-7.49904727935791,-7.890303611755371,-7.581998348236084,-7.7392168045043945,-6.758955955505371,-6.54286527633667,-6.214450836181641,-5.931301593780518,-5.681253433227539,-5.57499361038208,-5.495880126953125,-4.89330530166626,-4.769624710083008,-4.495118141174316,-3.818554639816284,-3.96632981300354,-3.6085569858551025
-6.151872634887695,-5.3741135597229,-6.001491546630859,-5.711499214172363,-5.940562725067139,-5.803987979888916,-5.861041069030762,-5.781274795532227,-5.92352819442749,-5.945090293884277,-6.109130859375,-6.117338180541992,-6.0666399002075195,-6.12042760848999,-6.232858180999756,-6.397954940795898,-6.394851207733154,-6.178344249725342,-6.155786991119385,-6.227967739105225,-6.343480110168457,-6.589381694793701,-6.695199012756348,-6.765700340270996,-6.683246612548828,-6.743256092071533,-6.8844499588012695,-7.036121368408203,-7.148602485656738,-7.272089004516602,-6.829090595245361,-6.609848976135254,-6.289450645446777,-5.747930526733398,-6.004487037658691,-5.696774959564209,-5.629836559295654,-5.0170578956604,-4.655436992645264,-4.365889072418213,-3.526820659637451,-3.4827046394348145,-3.9938879013061523
-5.4340620040893555,-5.314545631408691,-5.458590030670166,-5.599529266357422,-5.6158552169799805,-5.662564754486084,-5.6240153312683105,-5.582948684692383,-5.715020656585693,-5.815335273742676,-6.039909839630127,-6.13919734954834,-6.050281524658203,-6.05136775970459,-6.245769500732422,-6.452794075012207,-6.585247993469238,-6.497239112854004,-6.397445201873779,-6.332968235015869,-6.237803936004639,-6.569714546203613,-6.721577167510986,-6.572502136230469,-6.35312032699585,-6.399061679840088,-6.70457649230957,-6.867574691772461,-6.972636699676514,-6.341291904449463,-6.454772472381592,-6.536409378051758,-6.802741050720215,-5.820204257965088,-6.8099589347839355,-6.119606018066406,-5.919556617736816,-5.224731922149658,-4.5405731201171875,-3.8735501766204834,-3.241281747817993,-2.830664873123169,-4.0243401527404785
-5.036402702331543,-5.224846363067627,-5.064753532409668,-5.298167705535889,-5.307399272918701,-5.35690975189209,-5.377560138702393,-5.33082389831543,-5.354926586151123,-5.533901691436768,-5.6732635498046875,-5.993762969970703,-6.138524532318115,-6.1869893074035645,-6.415578365325928,-6.515754699707031,-6.5280022621154785,-6.452273845672607,-6.2650370597839355,-6.353605270385742,-6.398603439331055,-6.576916694641113,-6.807850360870361,-6.623625755310059,-6.476719856262207,-6.394528865814209,-6.622024059295654,-6.718740940093994,-6.930380821228027,-6.418462753295898,-6.2161030769348145,-6.412062168121338,-7.481257438659668,-6.116424083709717,-6.850441932678223,-6.221351146697998,-6.0451436042785645,-5.2655253410339355,-4.775600910186768,-4.448787212371826,-3.6790173053741455,-3.1278109550476074,-3.11794376373291
-5.166210174560547,-5.016635417938232,-5.085820198059082,-4.978673458099365,-5.1316094398498535,-5.059019565582275,-5.105226039886475,-5.099395275115967,-5.050804615020752,-5.129823207855225,-5.180110454559326,-5.44495153427124,-5.839008808135986,-6.240386486053467,-6.46676778793335,-6.54135274887085,-6.43484354019165,-6.359236717224121,-6.264925956726074,-6.285622596740723,-6.438369274139404,-6.676841735839844,-6.86142635345459,-6.721634387969971,-6.4729838371276855,-6.740367889404297,-6.85017728805542,-6.586067199707031,-6.748059272766113,-6.793318271636963,-6.770264148712158,-7.033001899719238,-6.735604763031006,-6.342476844787598,-6.507374286651611,-6.282960414886475,-5.8375244140625,-5.376974105834961,-5.01044225692749,-4.639687538146973,-4.324544429779053,-3.8846824169158936,-3.091708183288574
-5.04032039642334,-5.0796732902526855,-5.060396194458008,-5.057101726531982,-4.939218044281006,-5.051220893859863,-4.997225761413574,-4.996639728546143,-4.930383205413818,-4.871182918548584,-4.921186447143555,-5.087334156036377,-5.427427291870117,-5.9270548820495605,-6.316117286682129,-6.4447455406188965,-6.4469499588012695,-6.386189937591553,-6.250428676605225,-6.323990821838379,-6.375452041625977,-6.454039096832275,-6.661376476287842,-6.878467082977295,-6.763272762298584,-6.646312713623047,-6.723166465759277,-6.736293792724609,-6.684854984283447,-6.6211419105529785,-6.755046844482422,-6.926918029785156,-6.036375522613525,-5.638369083404541,-5.9873433113098145,-6.144938945770264,-5.93806791305542,-5.873113632202148,-5.606212615966797,-5.204605579376221,-4.656563758850098,-4.037108898162842,-3.32538104057312
-4.684222221374512,-4.5876593589782715,-4.617308139801025,-4.73066520690918,-4.714847087860107,-4.856569290161133,-4.940118312835693,-4.968712329864502,-4.953350067138672,-4.932928085327148,-4.9230756759643555,-4.980082035064697,-5.23581600189209,-5.695143699645996,-6.15874719619751,-6.253985404968262,-6.198325157165527,-6.289588928222656,-6.159613609313965,-5.867864608764648,-6.020798206329346,-6.178173065185547,-6.073975563049316,-6.320738315582275,-6.356042385101318,-6.2237138748168945,-6.573215961456299,-6.793447494506836,-6.673818111419678,-6.5500078201293945,-6.405077934265137,-6.528120994567871,-6.810518264770508,-5.753614902496338,-5.710940837860107,-6.337926864624023,-6.290999889373779,-6.342294692993164,-6.049698352813721,-5.484095096588135,-4.773508548736572,-4.020416259765625,-3.5206377506256104
-4.173888206481934,-4.125356674194336,-4.13493537902832,-4.170812606811523,-4.184462547302246,-4.516598224639893,-4.618658065795898,-4.749403476715088,-4.9554548263549805,-4.992470741271973,-5.046426773071289,-5.115738391876221,-5.29329252243042,-5.68551778793335,-6.027516841888428,-6.046133041381836,-6.021768093109131,-6.041617393493652,-5.904747486114502,-5.925362586975098,-5.710161209106445,-5.523045063018799,-5.67021369934082,-5.698223114013672,-5.797300815582275,-6.009987831115723,-6.300097942352295,-6.608241081237793,-6.505184173583984,-6.585794925689697,-6.569315433502197,-6.235075950622559,-5.808779716491699,-6.068447589874268,-6.168164253234863,-6.287270545959473,-6.569828510284424,-6.531824111938477,-6.115476608276367,-5.495491981506348,-5.044249534606934,-4.428652286529541,-3.835836887359619
-3.918578624725342,-3.730236291885376,-3.516789197921753,-3.538477897644043,-3.5088789463043213,-3.8116109371185303,-4.115727424621582,-4.352077007293701,-4.712427139282227,-4.985989570617676,-5.088425159454346,-5.290423393249512,-5.367325782775879,-5.490891933441162,-5.640752792358398,-5.774821758270264,-5.883880615234375,-5.964694976806641,-5.867290496826172,-5.492868423461914,-5.372797966003418,-5.257834434509277,-5.399178981781006,-5.490139961242676,-5.584547519683838,-5.813039779663086,-5.925132751464844,-6.317925930023193,-6.596253395080566,-6.752901554107666,-6.572486877441406,-6.275137901306152,-5.961058616638184,-5.858931064605713,-5.78578519821167,-5.979122638702393,-6.180715560913086,-6.19983434677124,-6.078454971313477,-5.609654426574707,-5.090108394622803,-4.559145450592041,-4.239317893981934
-3.4004058837890625,-3.1485908031463623,-2.9661946296691895,-2.8149445056915283,-2.8815157413482666,-3.2485361099243164,-3.6475369930267334,-3.9660675525665283,-4.334839820861816,-4.756405830383301,-5.189442157745361,-5.447951793670654,-5.391544342041016,-5.370919227600098,-5.400863170623779,-5.55011510848999,-5.773565292358398,-5.807092189788818,-5.767740726470947,-5.308505058288574,-4.988753318786621,-5.032516002655029,-5.216826915740967,-5.260775566101074,-5.50662088394165,-5.815394401550293,-5.648345947265625,-5.789937496185303,-6.1880717277526855,-6.442419052124023,-6.433098316192627,-6.265265941619873,-5.801552772521973,-5.629709720611572,-5.51404333114624,-5.499143123626709,-5.5907440185546875,-5.629452228546143,-5.6435866355896,-5.450490474700928,-5.083987236022949,-4.62843656539917,-4.398589611053467
-2.8885440826416016,-2.5554676055908203,-2.2895524501800537,-2.067246675491333,-2.362863779067993,-2.678504228591919,-3.0511233806610107,-3.3733081817626953,-3.684903383255005,-4.125394821166992,-4.6323676109313965,-5.084203720092773,-5.3329596519470215,-5.410452842712402,-5.489127159118652,-5.4821977615356445,-5.5698652267456055,-5.7117695808410645,-5.572218894958496,-5.196547031402588,-4.905283451080322,-4.9713969230651855,-5.117853164672852,-5.396592617034912,-5.6153998374938965,-5.746018409729004,-5.870725631713867,-5.871053218841553,-5.901236057281494,-5.820154190063477,-5.733974933624268,-5.663796424865723,-5.428897857666016,-5.125799655914307,-5.007741451263428,-4.868780612945557,-4.772837162017822,-5.1001458168029785,-5.140622138977051,-4.853296756744385,-4.670210361480713,-4.325042247772217,-4.102200984954834
-2.3225553035736084,-2.0379409790039062,-1.8915733098983765,-1.6401135921478271,-1.752189040184021,-2.1205785274505615,-2.60699725151062,-2.9911556243896484,-3.403198003768921,-3.786580801010132,-4.175027370452881,-4.576638698577881,-5.110050678253174,-5.4606781005859375,-5.4099016189575195,-5.306822299957275,-5.406252861022949,-5.387809753417969,-5.197583198547363,-5.069832801818848,-4.940587997436523,-4.922304630279541,-5.113864898681641,-5.374186992645264,-5.5109543800354,-5.441276550292969,-5.496646404266357,-5.505931854248047,-5.4217634201049805,-5.460751056671143,-5.328934669494629,-5.051965713500977,-4.902878761291504,-4.759909152984619,-4.558475494384766,-4.290187835693359,-4.226914882659912,-4.299009799957275,-4.126829624176025,-3.9942636489868164,-4.016578197479248,-3.7668297290802,-3.559061050415039
-1.738918423652649,-1.5325404405593872,-1.4541009664535522,-1.3923949003219604,-1.5578359365463257,-1.9137500524520874,-2.470275640487671,-2.788299560546875,-3.1028032302856445,-3.3152146339416504,-3.6214962005615234,-4.049647331237793,-4.5362982749938965,-5.011071681976318,-5.2573370933532715,-5.24703311920166,-5.235438346862793,-5.194362163543701,-5.1016411781311035,-4.9676594734191895,-4.870546340942383,-4.953839302062988,-4.919918060302734,-4.867753982543945,-4.9798970222473145,-5.1851911544799805,-5.270792007446289,-5.1185383796691895,-5.097113132476807,-5.146941661834717,-5.078843116760254,-4.7790350914001465,-4.481175422668457,-4.256713390350342,-4.1019086837768555,-3.9514031410217285,-3.908747434616089,-3.9423727989196777,-3.9649200439453125,-3.9872827529907227,-3.8816518783569336,-3.4463002681732178,-3.18115496635437
-1.058929681777954,-0.9364793300628662,-0.9311379194259644,-0.9958299398422241,-1.3789563179016113,-1.8990660905838013,-2.4134981632232666,-2.736046314239502,-2.9829955101013184,-3.1273632049560547,-3.2989320755004883,-3.601184368133545,-3.927332639694214,-4.2274980545043945,-4.709465026855469,-4.768849849700928,-4.930792808532715,-5.021983623504639,-4.886086463928223,-4.997186660766602,-5.012859344482422,-4.9854960441589355,-4.819170951843262,-4.691192150115967,-4.586042881011963,-4.622363567352295,-4.639986991882324,-4.63506555557251,-4.571162700653076,-4.575197696685791,-4.63355827331543,-4.37824010848999,-4.0962724685668945,-3.7620275020599365,-3.650838613510132,-3.791490316390991,-3.920474052429199,-3.976165533065796,-4.11721658706665,-4.0947747230529785,-4.0418572425842285,-3.5702965259552,-3.171797752380371
-0.24437518417835236,-0.3593694269657135,-0.31456202268600464,-0.5747247934341431,-1.1718671321868896,-1.7029993534088135,-2.2823164463043213,-2.4856369495391846,-2.6736676692962646,-2.9205825328826904,-3.2051100730895996,-3.4594802856445312,-3.6038095951080322,-3.7918295860290527,-4.0944318771362305,-4.478565692901611,-4.747321128845215,-4.774169921875,-4.9029951095581055,-5.0556511878967285,-4.964974403381348,-4.79581880569458,-4.515967845916748,-4.292673587799072,-3.9730026721954346,-3.7487313747406006,-3.73766827583313,-3.7137258052825928,-3.880655527114868,-4.050806999206543,-4.225069046020508,-3.9613473415374756,-3.5443246364593506,-3.4767444133758545,-3.5397350788116455,-3.7396411895751953,-4.088412284851074,-4.168938636779785,-4.372844696044922,-4.314106464385986,-4.180959224700928,-3.7309374809265137,-3.288717269897461
0.33785325288772583,0.32947707176208496,0.02409628964960575,-0.25840693712234497,-0.8659222722053528,-1.413118839263916,-1.9474912881851196,-2.1771864891052246,-2.380047559738159,-2.6706907749176025,-3.1434831619262695,-3.386350393295288,-3.528017044067383,-3.7039732933044434,-3.95074462890625,-4.163055896759033,-4.554194450378418,-4.739157676696777,-4.834709644317627,-4.794397830963135,-4.585484504699707,-4.42680025100708,-4.118441581726074,-3.8432400226593018,-3.589698553085327,-3.300693988800049,-3.0121355056762695,-2.8819875717163086,-3.0184035301208496,-3.329078197479248,-3.521625518798828,-3.483612060546875,-3.3807404041290283,-3.270646333694458,-3.5268096923828125,-3.6786463260650635,-3.8990206718444824,-4.175915718078613,-4.338541030883789,-4.244081974029541,-4.281647205352783,-3.856684684753418,-3.4536800384521484
1.026429533958435,0.8574070334434509,0.3274928033351898,-0.0071998233906924725,-0.6280802488327026,-1.167923092842102,-1.6137040853500366,-1.892425298690796,-2.109684705734253,-2.292961597442627,-2.5478427410125732,-2.9322195053100586,-3.2958643436431885,-3.5422725677490234,-3.8448686599731445,-3.978240966796875,-4.299067497253418,-4.4751200675964355,-4.521703243255615,-4.373879909515381,-4.207971572875977,-4.032893657684326,-3.6974449157714844,-3.28611159324646,-3.0417182445526123,-2.7433905601501465,-2.496948003768921,-2.34369158744812,-2.4273226261138916,-2.7576828002929688,-2.9937095642089844,-3.019929885864258,-3.2907681465148926,-3.3990073204040527,-3.6417131423950195,-3.8121755123138428,-3.8239686489105225,-3.9761321544647217,-4.190546989440918,-4.201607704162598,-4.301258563995361,-4.0298566818237305,-3.9208192825317383
