data/wind_data/wind_6_6.json
{"header": {"parameterUnit": "KT", "parameterCategory": 2, "nx": 256, "ny": 198, "lo1": 44.73521041870117, "la1": -3.236724853515625, "lo2": 111.26478576660156, "la2": 43.468475341796875, "dx": 0.2609002888202667, "dy": -0.23708222806453705, "refTime": "2025-02-19 06:00:00", "forecastTime": 0, "parameterNumber": 2, "parameterNumberName": "eastward_wind"}, "data":
[rows 80 to 99 of 198, columns 88 to 131 of 256]
44.47224807739258,44.72566604614258,44.90967559814453,45.2098388671875,45.54805374145508,45.59539794921875,45.13971710205078,44.4034309387207,43.8026008605957,43.440704345703125,43.10737228393555,42.64728927612305,42.17943572998047,41.927242279052734,41.984764099121094,42.22465896606445,42.41851806640625,42.45543670654297,42.459014892578125,42.64961242675781,43.11344528198242,43.598873138427734,43.91375732421875,44.134864807128906,44.53340530395508,45.410465240478516,46.55386734008789,47.584205627441406,48.11454772949219,48.177974700927734,48.158390045166016,48.058528900146484,47.98605728149414,48.254791259765625,48.80610656738281,49.28828430175781,49.44548416137695,49.3871955871582,49.38650131225586,49.560585021972656,49.75493240356445,49.84672164916992,49.8748779296875,49.860904693603516
46.626678466796875,46.70600128173828,46.56296920776367,46.57289505004883,46.90034866333008,47.388729095458984,47.64996337890625,47.402854919433594,46.8409538269043,46.33810043334961,45.897762298583984,45.28975296020508,44.53691482543945,43.960662841796875,43.83816909790039,44.09783172607422,44.435279846191406,44.68778991699219,44.93975830078125,45.323509216308594,45.8298225402832,46.27246856689453,46.592063903808594,46.91867446899414,47.401729583740234,48.0244255065918,48.681373596191406,49.543392181396484,50.32273483276367,50.51288604736328,50.26508712768555,49.935752868652344,49.826416015625,50.19222640991211,50.894309997558594,51.45216369628906,51.59105682373047,51.5247917175293,51.64908218383789,52.040897369384766,52.388004302978516,52.37034606933594,52.02090072631836,51.687095642089844
48.48518371582031,48.27861404418945,48.126808166503906,48.27690124511719,48.589759826660156,48.875308990478516,49.10335922241211,49.218162536621094,49.11416244506836,48.76826477050781,48.26710510253906,47.73696517944336,47.2008171081543,46.63804626464844,46.28022766113281,46.42098617553711,47.03926086425781,47.804744720458984,48.37208938598633,48.65306854248047,48.78959274291992,48.92862319946289,49.09559631347656,49.405364990234375,49.990726470947266,50.63482666015625,51.08090591430664,51.682498931884766,52.55394744873047,53.00870132446289,52.69899368286133,52.08698654174805,51.74052047729492,51.944671630859375,52.565670013427734,53.13313293457031,53.33803939819336,53.31637191772461,53.38019943237305,53.7010612487793,54.147518157958984,54.36466979980469,54.06218338012695,53.38380813598633
51.60763168334961,51.586936950683594,51.16081619262695,50.815738677978516,50.87863540649414,51.21857452392578,51.53929138183594,51.55065155029297,51.135738372802734,50.3858642578125,49.55430221557617,48.912322998046875,48.61260223388672,48.61012268066406,48.819984436035156,49.24641418457031,49.95838928222656,50.923797607421875,51.857322692871094,52.3662109375,52.36152267456055,52.20353698730469,52.20915222167969,52.45390319824219,52.95354461669922,53.33958435058594,53.431453704833984,53.66193389892578,54.43064498901367,55.33525085449219,55.6866340637207,55.40010070800781,54.98175811767578,54.903446197509766,55.1821174621582,55.494415283203125,55.64576721191406,55.69130325317383,55.81509780883789,56.05889892578125,56.27186965942383,56.26551055908203,55.81673049926758,54.93406295776367
54.25273513793945,54.866146087646484,54.99745559692383,54.736209869384766,54.50550079345703,54.53921890258789,54.722110748291016,54.79304885864258,54.51865768432617,53.88794708251953,53.0683708190918,52.24540328979492,51.603031158447266,51.30508041381836,51.397674560546875,51.81229019165039,52.47462844848633,53.30630111694336,54.168941497802734,54.79595947265625,55.0008430480957,55.00577163696289,55.18486785888672,55.62964630126953,56.172760009765625,56.33048629760742,56.018272399902344,55.686065673828125,55.91447830200195,56.8196907043457,57.85098648071289,58.467681884765625,58.68732452392578,58.777339935302734,58.74269485473633,58.463497161865234,58.081363677978516,57.940608978271484,58.21232223510742,58.66131591796875,58.85469055175781,58.56193542480469,57.861778259277344,57.00076675415039
56.520259857177734,57.13210678100586,57.92633056640625,58.76350784301758,59.268211364746094,59.13785934448242,58.487022399902344,57.81303405761719,57.47650146484375,57.38074493408203,57.207889556884766,56.823394775390625,56.27309799194336,55.64624786376953,55.122798919677734,54.954830169677734,55.296817779541016,56.089988708496094,57.06007766723633,57.7432975769043,57.82619857788086,57.40700149536133,56.93406677246094,56.87747573852539,57.394203186035156,57.92348098754883,58.08143997192383,57.99240493774414,58.02678298950195,58.544979095458984,59.484580993652344,60.4102897644043,60.98567581176758,61.1396484375,60.92262268066406,60.386348724365234,59.7675895690918,59.452392578125,59.65460968017578,60.163875579833984,60.537437438964844,60.612457275390625,60.60020065307617,60.747615814208984
58.07860565185547,58.88233184814453,59.68492126464844,60.59648132324219,61.48756408691406,61.913429260253906,61.52363204956055,60.467796325683594,59.381195068359375,58.79880905151367,58.677677154541016,58.7347526550293,58.871986389160156,58.98399353027344,58.8853874206543,58.581974029541016,58.331809997558594,58.35108947753906,58.80160903930664,59.63541030883789,60.398406982421875,60.49999237060547,59.850093841552734,59.13105773925781,59.133575439453125,59.61094284057617,59.985801696777344,60.19359588623047,60.35758972167969,60.570838928222656,60.91486358642578,61.37574005126953,61.737918853759766,61.81122589111328,61.59895324707031,61.22081756591797,60.952213287353516,61.0646858215332,61.567657470703125,62.193603515625,62.77294921875,63.3580207824707,64.1778564453125,65.34146118164062
59.494049072265625,60.21342468261719,60.98092269897461,61.7157096862793,62.28510665893555,62.54902648925781,62.512657165527344,62.26984786987305,61.89173889160156,61.420753479003906,60.81715774536133,60.19064712524414,59.924896240234375,60.209163665771484,60.7349739074707,61.13524627685547,61.282413482666016,61.11566162109375,60.71780776977539,60.55751037597656,60.998592376708984,61.686981201171875,61.9062614440918,61.54482650756836,61.33164596557617,61.54376220703125,61.725379943847656,61.76896286010742,61.860347747802734,62.052215576171875,62.30488204956055,62.54224395751953,62.67478942871094,62.73200607299805,62.87895965576172,63.204742431640625,63.69621276855469,64.31429290771484,65.06743621826172,65.87649536132812,66.70133972167969,67.57506561279297,68.51619720458984,69.49950408935547
62.43604278564453,62.82215118408203,63.130836486816406,63.31835174560547,63.3002815246582,63.11173629760742,62.99544143676758,63.154319763183594,63.49317169189453,63.693565368652344,63.4476432800293,62.75577163696289,62.07001495361328,61.86255645751953,62.05425262451172,62.342960357666016,62.673500061035156,62.941551208496094,62.80238342285156,62.187686920166016,61.697113037109375,61.91557693481445,62.57368469238281,62.977474212646484,63.13571548461914,63.427188873291016,63.56571960449219,63.36876678466797,63.16130447387695,63.27497863769531,63.82270812988281,64.5982437133789,65.22327423095703,65.568115234375,65.89837646484375,66.47319030761719,67.27691650390625,68.1592788696289,69.03160095214844,69.81575775146484,70.47964477539062,71.09662628173828,71.71183776855469,72.29707336425781
63.65731430053711,64.45960998535156,64.8636703491211,64.73563385009766,64.21814727783203,63.725006103515625,63.59931945800781,63.88010787963867,64.33139038085938,64.65559387207031,64.64957427978516,64.25618743896484,63.65302658081055,63.30815505981445,63.41416931152344,63.73816680908203,64.09918212890625,64.47554016113281,64.71993255615234,64.56300354003906,64.06193542480469,63.68179702758789,63.7099609375,64.01266479492188,64.49500274658203,65.1222152709961,65.58314514160156,65.67250061035156,65.58189392089844,65.64305114746094,66.08719635009766,66.9383544921875,67.9389877319336,68.77095031738281,69.3823013305664,69.91727447509766,70.4696044921875,71.10072326660156,71.8305892944336,72.4676742553711,72.8516616821289,73.17919921875,73.70454406738281,74.41002655029297
62.57291793823242,63.70780944824219,64.74828338623047,65.33100128173828,65.37306213378906,65.25086975097656,65.31383514404297,65.53382873535156,65.68840789794922,65.67481231689453,65.55493927001953,65.35702514648438,65.03067016601562,64.712158203125,64.68168640136719,64.9953384399414,65.50152587890625,66.12542724609375,66.87061309814453,67.63248443603516,68.17466735839844,68.3094711303711,67.99105834960938,67.34032440185547,66.77666473388672,66.62973022460938,66.85655975341797,67.23909759521484,67.69798278808594,68.22085571289062,68.82300567626953,69.53998565673828,70.35675811767578,71.27046203613281,72.22402954101562,73.10781860351562,73.7706298828125,74.21687316894531,74.62361145019531,74.94007873535156,75.05928039550781,75.32322692871094,76.04011535644531,77.05301666259766
63.895389556884766,64.40633392333984,65.1214599609375,65.951904296875,66.73501586914062,67.46956634521484,68.15849304199219,68.62387084960938,68.65425109863281,68.26786041259766,67.78134155273438,67.49397277832031,67.41050720214844,67.36749267578125,67.3083267211914,67.291259765625,67.38426208496094,67.73429870605469,68.52933502197266,69.75650024414062,71.0697250366211,72.01305389404297,72.16783905029297,71.39974212646484,70.26647186279297,69.6279525756836,69.7654037475586,70.29996490478516,70.87537384033203,71.35440826416016,71.75981903076172,72.22622680664062,72.84964752197266,73.74873352050781,74.91070556640625,76.12225341796875,77.04065704345703,77.52751922607422,77.78630065917969,77.91943359375,77.84078216552734,77.85072326660156,78.36750030517578,79.2919692993164
67.50374603271484,68.004638671875,68.42864227294922,68.924072265625,69.5475082397461,70.26909637451172,70.99737548828125,71.5615005493164,71.76346588134766,71.53763580322266,71.06736755371094,70.68449401855469,70.55171966552734,70.50802612304688,70.4844970703125,70.57754516601562,70.6773681640625,70.74495697021484,71.05194091796875,71.80461120605469,72.8740234375,73.89552307128906,74.45829010009766,74.26097106933594,73.58507537841797,73.27513885498047,73.753662109375,74.66849517822266,75.5547103881836,76.1285400390625,76.29288482666016,76.26725769042969,76.46604919433594,77.1629409790039,78.23567199707031,79.32164001464844,80.07701873779297,80.4202880859375,80.56224060058594,80.68063354492188,80.70327758789062,80.65191650390625,80.83832550048828,81.38138580322266
69.98799133300781,71.04912567138672,72.025146484375,72.73838806152344,73.16520690917969,73.43675994873047,73.7220687866211,74.0470199584961,74.2573471069336,74.2171859741211,73.94508361816406,73.6476058959961,73.51512908935547,73.4597396850586,73.37965393066406,73.49315643310547,73.78634643554688,74.03977966308594,74.40958404541016,75.0215835571289,75.91312408447266,76.91033935546875,77.67655944824219,77.85513305664062,77.44817352294922,77.08181762695312,77.34547424316406,78.23448944091797,79.41474151611328,80.41349029541016,80.8694839477539,80.8855972290039,80.87047576904297,81.07331848144531,81.56413269042969,82.20702362060547,82.6957015991211,82.87995147705078,82.92626190185547,83.03108978271484,83.21678161621094,83.36917877197266,83.54129028320312,83.89733123779297
72.10798645019531,73.14275360107422,74.22451782226562,75.06654357910156,75.54622650146484,75.79238891601562,76.06227111816406,76.44688415527344,76.78924560546875,76.90633392333984,76.7213363647461,76.30998992919922,76.0146484375,76.05184936523438,76.23279571533203,76.48371887207031,76.83232116699219,77.12710571289062,77.4967041015625,78.18354034423828,79.1026611328125,80.10650634765625,80.97815704345703,81.4356918334961,81.28399658203125,80.90620422363281,80.99175262451172,81.6827392578125,82.62593078613281,83.36922454833984,83.6830062866211,83.7450942993164,83.78453063964844,83.82316589355469,83.9485092163086,84.36798858642578,84.9728012084961,85.42898559570312,85.67654418945312,85.8255844116211,85.98881530761719,86.15116882324219,86.26203918457031,86.46698760986328
74.69461059570312,75.65564727783203,76.53486633300781,77.16688537597656,77.61258697509766,78.0296401977539,78.52178955078125,79.0639877319336,79.558349609375,79.856201171875,79.76068878173828,79.26692962646484,78.81391143798828,78.88981628417969,79.29496765136719,79.69267272949219,80.13631439208984,80.59674835205078,80.97126007080078,81.37287139892578,81.90650177001953,82.5546646118164,83.22196960449219,83.82467651367188,84.14402770996094,84.18959045410156,84.45774841308594,85.11700439453125,85.77413940429688,86.037841796875,85.82169342041016,85.45347595214844,85.33663177490234,85.4618148803711,85.80455017089844,86.52306365966797,87.49009704589844,88.35790252685547,89.00769805908203,89.4161376953125,89.5559310913086,89.51553344726562,89.40357208251953,89.32679748535156
77.43470764160156,78.28971099853516,79.11747741699219,79.75650787353516,80.31494903564453,80.95155334472656,81.57417297363281,82.07780456542969,82.46685028076172,82.7197494506836,82.65371704101562,82.23908233642578,82.01158142089844,82.39080047607422,82.97999572753906,83.24933624267578,83.35578155517578,83.64602661132812,84.06246185302734,84.44022369384766,84.76109313964844,85.10552215576172,85.52838897705078,86.09815979003906,86.69161224365234,87.15357971191406,87.68195343017578,88.3375244140625,88.78018188476562,88.83321380615234,88.51947784423828,87.99365234375,87.6905517578125,87.88101959228516,88.54644012451172,89.60204315185547,90.7632827758789,91.68212890625,92.35533905029297,92.84901428222656,93.06156158447266,92.94908142089844,92.64601135253906,92.30960845947266
80.89838409423828,81.58982849121094,82.26679229736328,82.87325286865234,83.46688842773438,84.16980743408203,84.88507080078125,85.42823028564453,85.71483612060547,85.8466796875,85.80709075927734,85.64017486572266,85.67922973632812,86.18370819091797,86.75178527832031,86.85941314697266,86.60594940185547,86.50057983398438,86.79161834716797,87.28148651123047,87.68435668945312,87.91280364990234,88.0753402709961,88.38668060302734,88.90528869628906,89.55865478515625,90.28754425048828,90.89486694335938,91.16677856445312,91.21363830566406,91.23579406738281,91.2078628540039,91.14139556884766,91.368896484375,92.06119537353516,93.07396697998047,94.12984466552734,94.91942596435547,95.34151458740234,95.43869018554688,95.34517669677734,95.18724060058594,94.97799682617188,94.63516998291016
84.52947235107422,85.437744140625,86.14203643798828,86.56015014648438,86.80349731445312,87.17901611328125,87.81564331054688,88.52619171142578,88.95345306396484,89.08475494384766,89.19525909423828,89.37047576904297,89.61225891113281,89.99405670166016,90.31563568115234,90.25996398925781,89.83448028564453,89.4557113647461,89.58804321289062,90.17835235595703,90.79576110839844,91.08917999267578,91.08473205566406,91.1079330444336,91.35260772705078,91.86656951904297,92.60503387451172,93.21623992919922,93.43328857421875,93.44987487792969,93.65251159667969,94.08699798583984,94.45878601074219,94.7132797241211,95.03192901611328,95.5733871459961,96.23097229003906,96.75115203857422,97.029052734375,97.06387329101562,96.81292724609375,96.38805389404297,96.09640502929688,95.89913177490234
87.81047058105469,88.90745544433594,89.68234252929688,89.94900512695312,89.84785461425781,89.85269927978516,90.21724700927734,90.84193420410156,91.4491195678711,91.81307220458984,92.04512786865234,92.3725814819336,92.80115509033203,93.20196533203125,93.43940734863281,93.40782928466797,93.07579803466797,92.68650817871094,92.6061782836914,92.9740219116211,93.56694030761719,94.00588989257812,94.12445068359375,94.21085357666016,94.44187927246094,94.76587677001953,95.25509643554688,95.7450180053711,95.92842102050781,95.95242309570312,96.13510131835938,96.50967407226562,96.86991119384766,97.0269546508789,97.05177307128906,97.0711441040039,97.10980224609375,97.13268280029297,97.19210052490234,97.35274505615234,97.51421356201172,97.42041015625,97.1327896118164,96.75886535644531
