data/wind_data/wind_36_6.json
{"header": {"parameterUnit": "KT", "parameterCategory": 2, "nx": 256, "ny": 198, "lo1": 44.73521041870117, "la1": -3.236724853515625, "lo2": 111.26478576660156, "la2": 43.468475341796875, "dx": 0.2609002888202667, "dy": -0.23708222806453705, "refTime": "2025-02-20 12:00:00", "forecastTime": 0, "parameterNumber": 2, "parameterNumberName": "eastward_wind"}, "data":
[rows 60 to 79 of 198, columns 45 to 89 of 256]
11.649003028869629,11.450042724609375,10.984403610229492,10.247270584106445,9.365528106689453,8.481712341308594,7.721118927001953,7.196374416351318,6.75877046585083,6.185893535614014,5.592432022094727,5.111188888549805,4.804576396942139,4.659903049468994,4.695219039916992,4.891960144042969,5.18795108795166,5.654210567474365,6.276857376098633,6.9890875816345215,7.568292617797852,7.833454132080078,7.7837958335876465,7.653186321258545,7.57655668258667,7.554325103759766,7.555747032165527,7.507279396057129,7.507056713104248,7.560025691986084,7.5681352615356445,7.479803085327148,7.338813781738281,7.228550910949707,7.16387414932251,7.047348976135254,6.92607307434082,6.803659439086914,6.660106182098389,6.496624946594238,6.312117099761963,6.1534905433654785,6.138545513153076,6.318838119506836,6.6611857414245605
12.569178581237793,12.30224323272705,11.853496551513672,11.157113075256348,10.347426414489746,9.562291145324707,8.807336807250977,8.1463041305542,7.644679069519043,7.270865440368652,6.950569152832031,6.649428844451904,6.451519012451172,6.342070579528809,6.3094892501831055,6.329339981079102,6.347115516662598,6.430887222290039,6.690112590789795,7.242144584655762,7.911612033843994,8.493635177612305,8.769874572753906,8.779973983764648,8.669729232788086,8.605978012084961,8.677477836608887,8.78561019897461,8.97181224822998,9.177496910095215,9.316299438476562,9.25639533996582,9.042533874511719,8.768238067626953,8.51522159576416,8.27864933013916,8.093713760375977,7.970841407775879,7.895495891571045,7.844065189361572,7.77439546585083,7.61727237701416,7.463062763214111,7.454090118408203,7.645390510559082
13.489870071411133,13.326529502868652,12.801557540893555,12.08138370513916,11.326521873474121,10.624099731445312,10.027915000915527,9.513229370117188,9.016148567199707,8.606990814208984,8.336376190185547,8.167201042175293,8.083568572998047,8.06619644165039,8.083725929260254,8.083577156066895,8.053616523742676,8.014604568481445,8.023704528808594,8.151731491088867,8.47625732421875,8.984301567077637,9.501017570495605,9.88338851928711,9.957444190979004,9.814199447631836,9.689716339111328,9.697017669677734,9.863731384277344,10.147122383117676,10.430950164794922,10.583902359008789,10.574753761291504,10.413121223449707,10.188338279724121,9.8589506149292,9.529943466186523,9.315048217773438,9.221323013305664,9.254366874694824,9.34764289855957,9.351141929626465,9.234725952148438,9.080511093139648,9.065669059753418
13.935171127319336,14.11174488067627,13.893119812011719,13.282316207885742,12.518630027770996,11.826906204223633,11.312499046325684,10.932042121887207,10.624526977539062,10.417817115783691,10.288230895996094,10.176610946655273,10.034539222717285,9.882172584533691,9.791561126708984,9.752588272094727,9.741972923278809,9.761383056640625,9.812004089355469,9.84642505645752,9.828510284423828,9.878839492797852,10.105088233947754,10.500329971313477,10.885273933410645,11.135241508483887,11.266023635864258,11.233353614807129,11.131385803222656,11.127324104309082,11.272075653076172,11.432733535766602,11.514481544494629,11.491029739379883,11.405282974243164,11.253966331481934,11.078118324279785,10.878096580505371,10.738754272460938,10.808369636535645,11.047691345214844,11.2532320022583,11.245688438415527,11.012094497680664,10.788223266601562
14.556270599365234,14.576149940490723,14.608470916748047,14.460451126098633,14.050836563110352,13.505022048950195,13.007570266723633,12.614416122436523,12.360673904418945,12.288697242736816,12.349416732788086,12.422052383422852,12.351245880126953,12.056253433227539,11.64999008178711,11.34559440612793,11.264333724975586,11.354643821716309,11.499832153320312,11.606101989746094,11.61941909790039,11.538798332214355,11.437784194946289,11.415926933288574,11.505977630615234,11.764742851257324,12.113866806030273,12.386588096618652,12.54764461517334,12.650854110717773,12.758234977722168,12.83407211303711,12.81518268585205,12.703906059265137,12.538582801818848,12.40378189086914,12.331991195678711,12.267863273620605,12.228174209594727,12.279936790466309,12.491628646850586,12.827399253845215,13.118664741516113,13.193352699279785,13.042093276977539
15.895318984985352,15.629364967346191,15.385004043579102,15.216812133789062,15.0286865234375,14.734006881713867,14.352267265319824,13.986603736877441,13.743793487548828,13.697236061096191,13.854263305664062,14.102553367614746,14.255858421325684,14.158304214477539,13.782323837280273,13.259237289428711,12.837958335876465,12.687834739685059,12.80683422088623,13.035447120666504,13.206666946411133,13.242140769958496,13.162843704223633,13.01089096069336,12.881880760192871,12.872658729553223,12.932390213012695,13.034214973449707,13.174687385559082,13.36156177520752,13.567136764526367,13.808154106140137,14.016263961791992,14.076579093933105,13.980326652526855,13.783501625061035,13.609650611877441,13.509685516357422,13.496089935302734,13.56336784362793,13.724810600280762,13.982314109802246,14.289876937866211,14.549928665161133,14.688755989074707
17.144062042236328,17.08366584777832,16.857587814331055,16.523698806762695,16.14098358154297,15.691092491149902,15.170241355895996,14.662393569946289,14.301206588745117,14.200399398803711,14.414462089538574,14.860660552978516,15.336766242980957,15.632540702819824,15.658979415893555,15.438953399658203,15.072039604187012,14.680951118469238,14.403450965881348,14.306161880493164,14.388175010681152,14.566315650939941,14.703679084777832,14.715239524841309,14.641633987426758,14.544336318969727,14.436605453491211,14.340686798095703,14.24846363067627,14.17553997039795,14.187919616699219,14.325944900512695,14.571342468261719,14.834455490112305,14.993611335754395,15.028711318969727,14.993165969848633,14.951324462890625,14.91084098815918,14.87435245513916,14.9126615524292,15.091063499450684,15.38176155090332,15.63492488861084,15.731164932250977
18.63728141784668,18.39945411682129,18.319660186767578,18.22882843017578,18.01782989501953,17.6376953125,17.074594497680664,16.40291404724121,15.788540840148926,15.406801223754883,15.38085651397705,15.697104454040527,16.205276489257812,16.71885108947754,17.098012924194336,17.2574405670166,17.18330955505371,16.942319869995117,16.636077880859375,16.329891204833984,16.074588775634766,15.930780410766602,15.94105052947998,16.077577590942383,16.228092193603516,16.285667419433594,16.21903419494629,16.06671714782715,15.895746231079102,15.723892211914062,15.558924674987793,15.465723991394043,15.504060745239258,15.658527374267578,15.823444366455078,15.961045265197754,16.102367401123047,16.2586612701416,16.386356353759766,16.42912483215332,16.428983688354492,16.492568969726562,16.659706115722656,16.85129165649414,16.93370246887207
21.276138305664062,20.656402587890625,20.19565773010254,19.91780662536621,19.772266387939453,19.678512573242188,19.537479400634766,19.304075241088867,19.011463165283203,18.70532989501953,18.44287872314453,18.3028564453125,18.348217010498047,18.55583381652832,18.82889747619629,19.021108627319336,19.038347244262695,18.886024475097656,18.624313354492188,18.333784103393555,18.076251983642578,17.86015510559082,17.691438674926758,17.610437393188477,17.633525848388672,17.708261489868164,17.758567810058594,17.733835220336914,17.650001525878906,17.53750228881836,17.40317153930664,17.2533016204834,17.14410972595215,17.111835479736328,17.125953674316406,17.15966796875,17.21611785888672,17.30809211730957,17.445541381835938,17.59982681274414,17.75704574584961,17.923770904541016,18.104856491088867,18.281299591064453,18.39861488342285
24.212615966796875,23.659414291381836,23.016067504882812,22.34630012512207,21.78316307067871,21.40602684020996,21.199033737182617,21.132286071777344,21.196834564208984,21.34418296813965,21.511507034301758,21.59271812438965,21.579547882080078,21.54206085205078,21.524675369262695,21.47015953063965,21.308311462402344,21.026376724243164,20.6484375,20.2414493560791,19.867542266845703,19.604185104370117,19.496450424194336,19.503171920776367,19.534595489501953,19.525259017944336,19.468368530273438,19.3911075592041,19.328886032104492,19.304462432861328,19.305700302124023,19.269268035888672,19.149063110351562,18.962984085083008,18.828752517700195,18.823101043701172,18.908302307128906,19.012876510620117,19.092647552490234,19.158557891845703,19.243440628051758,19.349199295043945,19.461217880249023,19.580970764160156,19.712806701660156
26.8276424407959,26.358360290527344,25.80474853515625,25.167409896850586,24.441165924072266,23.68814468383789,23.042760848999023,22.62933921813965,22.522199630737305,22.695270538330078,23.03941535949707,23.413867950439453,23.718725204467773,23.927358627319336,24.046466827392578,24.042940139770508,23.85860824584961,23.470962524414062,22.929101943969727,22.34540557861328,21.815706253051758,21.40398597717285,21.161548614501953,21.1114559173584,21.208314895629883,21.34856605529785,21.44790267944336,21.472454071044922,21.439905166625977,21.393661499023438,21.364376068115234,21.354707717895508,21.3024959564209,21.14467430114746,20.928810119628906,20.77717399597168,20.768550872802734,20.885778427124023,21.078353881835938,21.28771209716797,21.47315788269043,21.576353073120117,21.571882247924805,21.499332427978516,21.415008544921875
28.723949432373047,28.380796432495117,27.945472717285156,27.44873046875,26.88028907775879,26.188121795654297,25.406274795532227,24.72049903869629,24.357141494750977,24.39850616455078,24.72465705871582,25.11238670349121,25.395273208618164,25.557729721069336,25.65471839904785,25.700395584106445,25.615097045898438,25.3131046295166,24.812955856323242,24.205036163330078,23.618221282958984,23.136707305908203,22.80678939819336,22.64409828186035,22.63348388671875,22.74269676208496,22.92841911315918,23.14592170715332,23.365236282348633,23.568628311157227,23.719621658325195,23.7708740234375,23.690053939819336,23.465410232543945,23.171180725097656,22.92966079711914,22.835004806518555,22.90032196044922,23.078588485717773,23.300893783569336,23.527908325195312,23.723783493041992,23.843568801879883,23.86683464050293,23.799285888671875
30.3846492767334,30.082422256469727,29.70339012145996,29.29433250427246,28.864757537841797,28.362516403198242,27.752391815185547,27.12836456298828,26.69607925415039,26.6104736328125,26.84458351135254,27.21047019958496,27.496562957763672,27.608966827392578,27.556232452392578,27.390892028808594,27.10661506652832,26.66618537902832,26.094213485717773,25.46579360961914,24.896888732910156,24.45186996459961,24.130184173583984,23.90228843688965,23.775676727294922,23.786483764648438,23.961328506469727,24.275733947753906,24.661287307739258,25.055973052978516,25.405027389526367,25.64472198486328,25.724775314331055,25.63630485534668,25.43556022644043,25.214557647705078,25.0638370513916,25.02997398376465,25.11117935180664,25.281951904296875,25.507556915283203,25.748981475830078,25.946571350097656,26.045696258544922,26.04155731201172
32.116546630859375,31.885597229003906,31.574665069580078,31.215679168701172,30.840505599975586,30.43663215637207,29.978012084960938,29.523670196533203,29.205644607543945,29.12310028076172,29.250274658203125,29.473350524902344,29.650663375854492,29.715665817260742,29.6513614654541,29.454986572265625,29.116443634033203,28.61102294921875,27.95177459716797,27.18838882446289,26.443679809570312,25.8360538482666,25.42011260986328,25.16008758544922,25.002338409423828,24.94483184814453,25.030359268188477,25.291336059570312,25.71183204650879,26.22819709777832,26.75824546813965,27.194753646850586,27.447877883911133,27.4931697845459,27.386070251464844,27.234350204467773,27.1252498626709,27.09195899963379,27.120088577270508,27.19533920288086,27.32756996154785,27.527618408203125,27.762405395507812,27.96234130859375,28.07016944885254
33.8282585144043,33.46893310546875,33.197608947753906,32.96468734741211,32.718536376953125,32.46369552612305,32.20465087890625,31.96441650390625,31.793594360351562,31.743011474609375,31.79218864440918,31.87553596496582,31.91832733154297,31.890668869018555,31.784305572509766,31.589744567871094,31.26728057861328,30.80718994140625,30.24798583984375,29.635469436645508,29.013301849365234,28.414505004882812,27.898109436035156,27.510324478149414,27.24728775024414,27.08147621154785,27.021484375,27.127853393554688,27.43781089782715,27.90525245666504,28.432636260986328,28.91535758972168,29.266164779663086,29.460281372070312,29.527795791625977,29.512758255004883,29.442167282104492,29.328479766845703,29.190711975097656,29.071033477783203,29.02442169189453,29.08942222595215,29.265886306762695,29.51372528076172,29.772396087646484
35.79056930541992,35.236331939697266,34.85096740722656,34.603580474853516,34.41389846801758,34.27578353881836,34.22007751464844,34.231285095214844,34.24898147583008,34.241886138916016,34.205322265625,34.16172790527344,34.122764587402344,34.072383880615234,33.98916244506836,33.84422302246094,33.58774948120117,33.19940185546875,32.70546340942383,32.180747985839844,31.712932586669922,31.34212875366211,31.062808990478516,30.847381591796875,30.64789390563965,30.430374145507812,30.227811813354492,30.134105682373047,30.233409881591797,30.508943557739258,30.86216163635254,31.202116012573242,31.49435043334961,31.744861602783203,31.9621524810791,32.10928726196289,32.11604690551758,31.937355041503906,31.61435890197754,31.268808364868164,31.014068603515625,30.911226272583008,30.953262329101562,31.095054626464844,31.30875015258789
37.64043045043945,37.08270263671875,36.71150207519531,36.507835388183594,36.37541580200195,36.279415130615234,36.26070022583008,36.33422088623047,36.41318130493164,36.38739013671875,36.25178146362305,36.12360763549805,36.09510803222656,36.127723693847656,36.112091064453125,35.971168518066406,35.72843933105469,35.46143341064453,35.192481994628906,34.89725112915039,34.5738639831543,34.28311538696289,34.09544372558594,34.017486572265625,33.97563934326172,33.89255905151367,33.75234603881836,33.618865966796875,33.55780029296875,33.58856964111328,33.6866569519043,33.833587646484375,34.022178649902344,34.26537322998047,34.545738220214844,34.780677795410156,34.858360290527344,34.703147888183594,34.3361701965332,33.862632751464844,33.41864776611328,33.116764068603516,32.999332427978516,33.044551849365234,33.18943405151367
39.426570892333984,38.90321350097656,38.60586166381836,38.53012466430664,38.5741081237793,38.628631591796875,38.65166473388672,38.64853286743164,38.59611511230469,38.44864273071289,38.22346496582031,38.024967193603516,37.956077575683594,37.984683990478516,37.99058151245117,37.8978271484375,37.74768829345703,37.6314582824707,37.571006774902344,37.4979133605957,37.34961700439453,37.16034698486328,37.00941467285156,36.940093994140625,36.92963790893555,36.93355178833008,36.918243408203125,36.875328063964844,36.785675048828125,36.6450309753418,36.49410629272461,36.412109375,36.46772766113281,36.672855377197266,36.959896087646484,37.20363998413086,37.29762268066406,37.180625915527344,36.85894775390625,36.39515686035156,35.89691925048828,35.48616409301758,35.24291229248047,35.195472717285156,35.319053649902344
41.3099365234375,40.92690658569336,40.7758903503418,40.86396789550781,41.094852447509766,41.33164978027344,41.44997787475586,41.3756103515625,41.126461029052734,40.7991943359375,40.503177642822266,40.292762756347656,40.138397216796875,39.9799690246582,39.80159378051758,39.666839599609375,39.65131759643555,39.7542610168457,39.88220977783203,39.93417739868164,39.8878288269043,39.7877197265625,39.678504943847656,39.58976745605469,39.54346466064453,39.55081558227539,39.6038932800293,39.62550354003906,39.538230895996094,39.3297119140625,39.080223083496094,38.90949249267578,38.8901481628418,39.00117874145508,39.159793853759766,39.29991149902344,39.39116287231445,39.39508819580078,39.24726867675781,38.92067337036133,38.46937561035156,37.99494552612305,37.60674285888672,37.396568298339844,37.4155387878418
43.059268951416016,42.94648361206055,43.092979431152344,43.43295669555664,43.81886291503906,44.112632751464844,44.200496673583984,44.03034591674805,43.677974700927734,43.31134033203125,43.05753707885742,42.895164489746094,42.67100143432617,42.31248092651367,41.90855407714844,41.6597785949707,41.658172607421875,41.81499481201172,41.983306884765625,42.09223937988281,42.153350830078125,42.18068313598633,42.16737747192383,42.10950469970703,42.04362487792969,42.00551223754883,41.991153717041016,41.92609405517578,41.73044204711914,41.427127838134766,41.15059280395508,41.04119110107422,41.13257598876953,41.33390808105469,41.51738739013672,41.639705657958984,41.720680236816406,41.77470016479492,41.76025390625,41.629608154296875,41.36503601074219,40.973854064941406,40.51079559326172,40.08550262451172,39.82809066772461
