data/wind_data/wind_50_5.json
{"header": {"parameterUnit": "KT", "parameterCategory": 2, "nx": 256, "ny": 198, "lo1": 44.73521041870117, "la1": -3.236724853515625, "lo2": 111.26478576660156, "la2": 43.468475341796875, "dx": 0.2609002888202667, "dy": -0.23708222806453705, "refTime": "2025-02-21 02:00:00", "forecastTime": 0, "parameterNumber": 2, "parameterNumberName": "eastward_wind"}, "data":
[rows 57 to 75 of 198, columns 44 to 87 of 256]
-13.950873374938965,-13.875873565673828,-13.769500732421875,-13.804455757141113,-13.864021301269531,-13.886541366577148,-14.16724967956543,-14.484607696533203,-14.899717330932617,-15.195064544677734,-15.27048397064209,-15.44638442993164,-15.725760459899902,-15.95242691040039,-16.069414138793945,-15.977496147155762,-15.790783882141113,-15.765318870544434,-15.765888214111328,-15.735596656799316,-15.613157272338867,-15.350268363952637,-15.065128326416016,-14.970495223999023,-14.778810501098633,-14.633673667907715,-14.419151306152344,-14.144129753112793,-13.80886173248291,-13.666291236877441,-13.50344181060791,-13.285186767578125,-12.86528205871582,-12.15602970123291,-11.43575668334961,-10.80784797668457,-10.142281532287598,-9.569586753845215,-8.828289985656738,-7.966573715209961,-7.033724784851074,-6.20991849899292,-5.547737121582031,-4.978787899017334
-12.473701477050781,-12.30470085144043,-12.305131912231445,-12.333879470825195,-12.371228218078613,-12.495399475097656,-12.760489463806152,-13.190893173217773,-13.684198379516602,-13.98813247680664,-13.99644947052002,-14.052151679992676,-14.263566017150879,-14.43684196472168,-14.535237312316895,-14.482697486877441,-14.332504272460938,-14.270445823669434,-14.334782600402832,-14.460476875305176,-14.278493881225586,-14.021854400634766,-13.89090633392334,-13.538456916809082,-13.349675178527832,-13.182740211486816,-13.136245727539062,-13.083786964416504,-13.017134666442871,-13.026078224182129,-12.924515724182129,-12.791729927062988,-12.362088203430176,-11.669529914855957,-10.988441467285156,-10.345895767211914,-9.715666770935059,-9.023858070373535,-8.22278881072998,-7.382474899291992,-6.4952216148376465,-5.59832763671875,-4.77177095413208,-4.072973728179932
-10.767706871032715,-10.55311107635498,-10.540430068969727,-10.604654312133789,-10.669340133666992,-10.796435356140137,-11.06795597076416,-11.55977725982666,-11.993577003479004,-12.24307918548584,-12.379843711853027,-12.512447357177734,-12.704900741577148,-12.883020401000977,-12.944107055664062,-12.876209259033203,-12.828863143920898,-12.828439712524414,-12.963093757629395,-13.015539169311523,-12.850174903869629,-12.747174263000488,-12.544638633728027,-12.182936668395996,-12.020365715026855,-12.003997802734375,-12.057747840881348,-12.173057556152344,-12.209173202514648,-12.280657768249512,-12.271367073059082,-12.09483528137207,-11.685013771057129,-11.135724067687988,-10.575372695922852,-9.9828462600708,-9.330077171325684,-8.517401695251465,-7.669565677642822,-6.851347923278809,-6.027873992919922,-5.128282070159912,-4.16278600692749,-3.245607614517212
-9.49857234954834,-9.158027648925781,-8.968576431274414,-9.047056198120117,-9.158477783203125,-9.316848754882812,-9.631957054138184,-10.205290794372559,-10.603262901306152,-10.760299682617188,-10.847847938537598,-11.189265251159668,-11.626974105834961,-11.856500625610352,-11.93499755859375,-11.830273628234863,-11.694353103637695,-11.70194149017334,-11.839518547058105,-11.936075210571289,-11.746747016906738,-11.517581939697266,-11.252687454223633,-11.09084701538086,-10.909385681152344,-10.94167423248291,-11.163613319396973,-11.255765914916992,-11.401082992553711,-11.473267555236816,-11.452200889587402,-11.255390167236328,-10.936396598815918,-10.528534889221191,-10.084598541259766,-9.546918869018555,-8.883564949035645,-8.10926342010498,-7.302475452423096,-6.442140102386475,-5.54258394241333,-4.632646083831787,-3.6622421741485596,-2.617696762084961
-8.555041313171387,-8.23596477508545,-8.054157257080078,-8.078243255615234,-8.209429740905762,-8.44344711303711,-8.787176132202148,-9.258344650268555,-9.614758491516113,-9.714605331420898,-9.804585456848145,-10.064298629760742,-10.441692352294922,-10.795755386352539,-11.047224998474121,-11.052040100097656,-10.95942497253418,-11.032536506652832,-11.159377098083496,-11.101166725158691,-10.837139129638672,-10.582733154296875,-10.359334945678711,-10.114080429077148,-9.950955390930176,-9.954896926879883,-10.052888870239258,-10.311360359191895,-10.426156044006348,-10.524016380310059,-10.512782096862793,-10.44086742401123,-10.204400062561035,-9.88830280303955,-9.48485279083252,-8.971996307373047,-8.371244430541992,-7.695685863494873,-6.934030532836914,-6.072542667388916,-5.148355007171631,-4.236560344696045,-3.3397834300994873,-2.3060991764068604
-7.364992618560791,-7.074122905731201,-6.882368564605713,-6.9206976890563965,-7.119612216949463,-7.600618839263916,-8.10497760772705,-8.49095630645752,-8.739936828613281,-8.801491737365723,-8.909412384033203,-9.083100318908691,-9.365138053894043,-9.661811828613281,-9.888298988342285,-10.00400447845459,-10.126594543457031,-10.258252143859863,-10.34274673461914,-10.261609077453613,-10.03434944152832,-9.774541854858398,-9.540210723876953,-9.302483558654785,-9.100186347961426,-9.115254402160645,-9.217605590820312,-9.361088752746582,-9.41679859161377,-9.483916282653809,-9.520852088928223,-9.521174430847168,-9.3641357421875,-9.08036994934082,-8.7115478515625,-8.26024055480957,-7.7266411781311035,-7.1185994148254395,-6.422565460205078,-5.674221515655518,-4.86275053024292,-4.006891250610352,-3.1642520427703857,-2.233858346939087
-6.055630683898926,-5.6209635734558105,-5.414905071258545,-5.446395397186279,-5.709716320037842,-6.222488880157471,-6.856084823608398,-7.403782367706299,-7.6563720703125,-7.780315399169922,-7.9759626388549805,-8.2206449508667,-8.458282470703125,-8.635409355163574,-8.804303169250488,-8.972336769104004,-9.103900909423828,-9.17579174041748,-9.270590782165527,-9.332606315612793,-9.201964378356934,-8.920976638793945,-8.687797546386719,-8.593756675720215,-8.56358814239502,-8.567246437072754,-8.647106170654297,-8.626898765563965,-8.532175064086914,-8.468875885009766,-8.438200950622559,-8.410500526428223,-8.257922172546387,-7.970865249633789,-7.623188495635986,-7.246622085571289,-6.808230400085449,-6.302806377410889,-5.746606349945068,-5.152898788452148,-4.487998962402344,-3.7551724910736084,-2.980825185775757,-2.0965821743011475
-4.7871270179748535,-4.349488258361816,-4.113280296325684,-4.154732704162598,-4.407145977020264,-4.870687484741211,-5.364253044128418,-5.909093856811523,-6.28091287612915,-6.610389709472656,-6.917128086090088,-7.2479777336120605,-7.532236099243164,-7.781700134277344,-8.038331985473633,-8.176386833190918,-8.160457611083984,-8.11491584777832,-8.134063720703125,-8.094764709472656,-7.8885979652404785,-7.687469959259033,-7.714444160461426,-7.889978885650635,-8.010303497314453,-8.101358413696289,-8.124213218688965,-8.01955509185791,-7.775632381439209,-7.522583961486816,-7.335938930511475,-7.16187858581543,-6.932863235473633,-6.6378912925720215,-6.338222026824951,-6.024284362792969,-5.63275671005249,-5.194067478179932,-4.769527435302734,-4.327410697937012,-3.813481569290161,-3.2009451389312744,-2.506701707839966,-1.6774758100509644
-3.3767967224121094,-3.2570083141326904,-3.1904220581054688,-3.1917970180511475,-3.335522174835205,-3.559415102005005,-3.9402103424072266,-4.391786575317383,-4.809458255767822,-5.279197692871094,-5.758152484893799,-6.108157634735107,-6.437517166137695,-6.836332321166992,-7.176390171051025,-7.236603260040283,-7.11071252822876,-7.024234294891357,-6.99607515335083,-6.886449337005615,-6.743836879730225,-6.710941314697266,-6.824031352996826,-6.985285758972168,-7.134681701660156,-7.295084476470947,-7.389780044555664,-7.300618648529053,-7.006063461303711,-6.623982906341553,-6.26254940032959,-5.913535118103027,-5.5732879638671875,-5.227820873260498,-4.908377170562744,-4.626808166503906,-4.333202838897705,-3.985039710998535,-3.6258668899536133,-3.256338596343994,-2.830507516860962,-2.2797653675079346,-1.638438105583191,-0.83858722448349
-1.8425642251968384,-2.026754856109619,-2.2278292179107666,-2.3466665744781494,-2.4364709854125977,-2.438633441925049,-2.621011734008789,-2.9902710914611816,-3.474848985671997,-3.9335756301879883,-4.411885738372803,-4.7795538902282715,-5.137372016906738,-5.558009624481201,-5.849872589111328,-5.878434181213379,-5.804986476898193,-5.769472122192383,-5.8011860847473145,-5.789673328399658,-5.81233024597168,-5.923251152038574,-5.996638774871826,-6.050039291381836,-6.138031005859375,-6.279636859893799,-6.363794803619385,-6.238526821136475,-5.946152210235596,-5.574726581573486,-5.153453826904297,-4.707172393798828,-4.265207290649414,-3.9010117053985596,-3.5904653072357178,-3.301612377166748,-3.0359079837799072,-2.77911639213562,-2.4961156845092773,-2.1809444427490234,-1.7850451469421387,-1.2315096855163574,-0.550550639629364,0.21019423007965088
-0.25114092230796814,-0.6450685262680054,-1.0630534887313843,-1.2241514921188354,-1.3241913318634033,-1.446258306503296,-1.5945734977722168,-1.810976266860962,-2.2782909870147705,-2.8156392574310303,-3.2507271766662598,-3.5913643836975098,-3.8767471313476562,-4.129483699798584,-4.2516913414001465,-4.230839729309082,-4.278750896453857,-4.400723934173584,-4.496294021606445,-4.56636381149292,-4.623321533203125,-4.7512288093566895,-4.877284049987793,-5.000828742980957,-5.140162944793701,-5.232072353363037,-5.17292594909668,-4.915054798126221,-4.58598518371582,-4.255915641784668,-3.901888370513916,-3.5078580379486084,-3.1018269062042236,-2.7823517322540283,-2.4751460552215576,-2.132110118865967,-1.8709512948989868,-1.6615278720855713,-1.430762767791748,-1.1411765813827515,-0.7129029035568237,-0.15727092325687408,0.5227200984954834,1.2799049615859985
1.4188247919082642,0.9113198518753052,0.402103990316391,0.1819981187582016,0.037162862718105316,-0.19145798683166504,-0.5520210266113281,-0.8929101228713989,-1.3094065189361572,-1.8337453603744507,-2.2291207313537598,-2.5565876960754395,-2.737570285797119,-2.789276361465454,-2.7526743412017822,-2.777498722076416,-2.9149160385131836,-3.0509798526763916,-3.134351968765259,-3.1870317459106445,-3.2854697704315186,-3.5403871536254883,-3.855128526687622,-4.065733909606934,-4.111872673034668,-4.041378498077393,-3.875933885574341,-3.5936198234558105,-3.2518417835235596,-2.918710947036743,-2.6355435848236084,-2.370880365371704,-2.094156265258789,-1.8417681455612183,-1.5880327224731445,-1.2901113033294678,-1.008130669593811,-0.7377785444259644,-0.4262702465057373,-0.060242194682359695,0.4027012586593628,0.9800954461097717,1.67751145362854,2.449211359024048
2.952495574951172,2.5905184745788574,2.208320379257202,1.8758758306503296,1.5220988988876343,1.2045016288757324,0.6647659540176392,0.036920372396707535,-0.49535611271858215,-1.0086385011672974,-1.2788618803024292,-1.402734398841858,-1.4624111652374268,-1.4392613172531128,-1.4069637060165405,-1.482367753982544,-1.6043180227279663,-1.6983307600021362,-1.7657582759857178,-1.8395448923110962,-2.06119966506958,-2.4795982837677,-2.8927230834960938,-3.1444849967956543,-3.16441011428833,-2.9701998233795166,-2.674069404602051,-2.359527587890625,-2.061587333679199,-1.8322436809539795,-1.648267388343811,-1.4585471153259277,-1.280017375946045,-1.1071081161499023,-0.8948089480400085,-0.6612207293510437,-0.38726720213890076,-0.04404952749609947,0.398303747177124,0.920190155506134,1.5023757219314575,2.1529459953308105,2.8610076904296875,3.588961124420166
4.358222007751465,4.134692192077637,4.003310680389404,3.7628440856933594,3.2694177627563477,2.777642011642456,2.0550124645233154,1.209877848625183,0.5226345062255859,-0.0728340744972229,-0.32899385690689087,-0.2430678904056549,-0.13550759851932526,-0.10820960998535156,-0.08729834109544754,-0.07947585731744766,-0.14889521896839142,-0.25397202372550964,-0.3596494793891907,-0.5316109657287598,-0.9248947501182556,-1.4580038785934448,-1.9248260259628296,-2.1597490310668945,-2.143888473510742,-1.9400194883346558,-1.6415612697601318,-1.3627080917358398,-1.1151388883590698,-0.9410052299499512,-0.8074528574943542,-0.6899752616882324,-0.5818303823471069,-0.468000590801239,-0.3188662827014923,-0.13935264945030212,0.13315334916114807,0.5431938767433167,1.0917061567306519,1.7219152450561523,2.3937618732452393,3.0951735973358154,3.7943804264068604,4.452954292297363
5.941966533660889,5.797560691833496,5.755288124084473,5.5086750984191895,5.063808917999268,4.480552673339844,3.74745774269104,2.9008355140686035,1.9697120189666748,1.2826918363571167,0.8928139209747314,0.9179738163948059,1.0300440788269043,1.0582374334335327,1.1086127758026123,1.1998530626296997,1.228594422340393,1.1546387672424316,1.0019876956939697,0.673685610294342,0.11512098461389542,-0.5397993922233582,-1.0239105224609375,-1.199601173400879,-1.1156309843063354,-0.9244672656059265,-0.706304669380188,-0.5095784068107605,-0.3054265081882477,-0.13859128952026367,-0.00917012058198452,0.09619323164224625,0.17692726850509644,0.2626833915710449,0.3542524576187134,0.48477113246917725,0.7517049312591553,1.1819101572036743,1.7390592098236084,2.3668789863586426,3.026209592819214,3.687110424041748,4.321868419647217,4.891600608825684
7.311342716217041,7.437796115875244,7.415344715118408,7.108277320861816,6.605941295623779,5.916566848754883,5.1873087882995605,4.478171348571777,3.728290557861328,3.1454994678497314,2.722214698791504,2.504683256149292,2.3552732467651367,2.2063519954681396,2.2385904788970947,2.2618868350982666,2.341993570327759,2.2819411754608154,2.0883095264434814,1.6353821754455566,0.9857725501060486,0.32231244444847107,-0.12764734029769897,-0.2921178340911865,-0.20405451953411102,-0.052292026579380035,0.08696930855512619,0.2293604612350464,0.37382176518440247,0.5354840755462646,0.6689796447753906,0.7805237770080566,0.8911656141281128,0.9986924529075623,1.0811554193496704,1.2031934261322021,1.456426739692688,1.8652232885360718,2.3861498832702637,2.9605541229248047,3.553036689758301,4.1324357986450195,4.665120601654053,5.128210067749023
8.424285888671875,8.742506980895996,8.773476600646973,8.516918182373047,7.92682409286499,7.089341640472412,6.292150020599365,5.5826239585876465,5.047775745391846,4.7117462158203125,4.495424747467041,4.257489204406738,3.950134754180908,3.684391975402832,3.5961263179779053,3.50368595123291,3.429408311843872,3.340991973876953,2.9643969535827637,2.3787829875946045,1.712922215461731,1.1289098262786865,0.762852668762207,0.625326931476593,0.6467767357826233,0.7024221420288086,0.7639364004135132,0.853360116481781,0.9875409603118896,1.12615168094635,1.2326349020004272,1.3310848474502563,1.432956576347351,1.5257817506790161,1.6198886632919312,1.7703913450241089,2.0448265075683594,2.4668164253234863,2.9858481884002686,3.5442726612091064,4.103288650512695,4.634802341461182,5.116422653198242,5.547332286834717
9.337114334106445,9.699014663696289,9.854783058166504,9.715375900268555,9.142812728881836,8.286459922790527,7.439365863800049,6.702663898468018,6.146615982055664,5.819586753845215,5.6981425285339355,5.491874694824219,5.252156734466553,5.146787166595459,5.025151252746582,4.917211055755615,4.756215572357178,4.4822258949279785,3.9523439407348633,3.222050666809082,2.5123608112335205,1.9844906330108643,1.6493276357650757,1.4922082424163818,1.4408276081085205,1.4012608528137207,1.3836759328842163,1.4402220249176025,1.5954914093017578,1.7484054565429688,1.843244194984436,1.8916029930114746,1.9059711694717407,1.922053337097168,1.9842807054519653,2.1436541080474854,2.4309909343719482,2.850078821182251,3.3777599334716797,3.961509943008423,4.5432963371276855,5.0951619148254395,5.6140570640563965,6.095210552215576
9.99233627319336,10.16135311126709,10.397260665893555,10.431944847106934,10.115385055541992,9.499336242675781,8.748880386352539,8.029365539550781,7.41249418258667,6.913796901702881,6.656425952911377,6.444747447967529,6.317131042480469,6.27787971496582,6.196438312530518,6.1481733322143555,5.994905948638916,5.5818634033203125,4.9703850746154785,4.233024597167969,3.546051502227783,3.0535929203033447,2.7243669033050537,2.4923887252807617,2.3191323280334473,2.169532060623169,2.1030373573303223,2.1793999671936035,2.377805471420288,2.5805234909057617,2.694949150085449,2.695610761642456,2.6151816844940186,2.5363826751708984,2.5374667644500732,2.6595380306243896,2.9001500606536865,3.244603157043457,3.69813871383667,4.233592510223389,4.805050373077393,5.387199401855469,5.9555182456970215,6.484851837158203
