data/wind_data/wind_70_0.json
{"header": {"parameterUnit": "KT", "parameterCategory": 2, "nx": 255, "ny": 198, "lo1": 44.73521041870117, "la1": -3.236724853515625, "lo2": 111.26478576660156, "la2": 43.468475341796875, "dx": 0.26192745566368103, "dy": -0.23708222806453705, "refTime": "2025-02-21 22:00:00", "forecastTime": 0, "parameterNumber": 3, "parameterNumberName": "northward_wind"}, "data":
[rows 95 to 113 of 198, columns 172 to 214 of 255]
-1.7337006330490112,-2.998274326324463,-4.21213960647583,-5.186201095581055,-6.003551959991455,-6.224198341369629,-7.465984344482422,-8.194658279418945,-6.264988422393799,-3.536127805709839,-3.8080897331237793,-5.408562660217285,-4.998454570770264,-3.8600199222564697,-4.828763484954834,-5.8063764572143555,-4.903582572937012,-3.376718759536743,-3.719102144241333,-5.713413715362549,-5.274045944213867,-2.6232779026031494,-1.3954071998596191,1.7842949628829956,1.8243565559387207,-0.2687855362892151,-0.3114206790924072,0.5689018368721008,4.190602779388428,2.640331268310547,0.9698665738105774,-0.3725183308124542,0.7122898101806641,-1.0980346202850342,0.3487352728843689,2.11002779006958,3.060781240463257,3.694296360015869,1.9010717868804932,-0.17233635485172272,-1.594893217086792,-3.033898115158081,-2.6244475841522217
-1.2819591760635376,-2.583725690841675,-4.034780979156494,-5.095767498016357,-6.020901679992676,-5.977227687835693,-7.788301467895508,-7.610638618469238,-5.088631629943848,-2.6836495399475098,-3.3620898723602295,-4.4483642578125,-4.322970867156982,-4.252940654754639,-4.587778091430664,-4.187777996063232,-2.6538705825805664,-2.1484873294830322,-4.6886162757873535,-6.553293228149414,-5.649577617645264,-3.7176530361175537,-2.531493902206421,-0.030678071081638336,3.3189151287078857,3.9985275268554688,3.558384895324707,4.2487406730651855,4.0040130615234375,3.5137622356414795,3.035097122192383,2.692572832107544,2.217388868331909,-0.4207894504070282,0.5548483729362488,1.5640209913253784,2.394601821899414,3.7090115547180176,2.8582489490509033,1.6065424680709839,0.07550430297851562,-1.9977867603302002,-2.139333486557007
-0.4439695179462433,-1.2727279663085938,-2.748626947402954,-4.0734076499938965,-5.416921615600586,-5.8164191246032715,-7.676765441894531,-5.756664752960205,-3.6935977935791016,-1.7307320833206177,-2.147784948348999,-2.639000415802002,-2.761575222015381,-3.5792691707611084,-2.757513999938965,-2.2279698848724365,-0.494370698928833,-1.6945339441299438,-5.226807117462158,-5.703899383544922,-4.717445373535156,-4.08229398727417,-3.331035614013672,-1.4052733182907104,0.09068526327610016,0.6975635886192322,1.5310993194580078,2.5448598861694336,2.78399658203125,3.406400680541992,3.8674168586730957,3.8588569164276123,1.1637747287750244,-2.1619856357574463,0.8715465664863586,2.7989184856414795,3.315523147583008,3.170398473739624,2.235313653945923,1.6976349353790283,0.7375945448875427,-1.2818880081176758,-1.5333305597305298
-0.14950436353683472,-0.37264326214790344,-1.3109333515167236,-2.45721435546875,-4.070161819458008,-5.400997638702393,-6.2694010734558105,-3.2699191570281982,-2.2538883686065674,-0.8683369159698486,-1.1700838804244995,-1.251389741897583,-2.3281338214874268,-3.5491318702697754,-2.8802649974823,0.010449052788317204,1.1439450979232788,-1.2032501697540283,-5.090203285217285,-4.760321140289307,-3.328214406967163,-4.356360912322998,-4.096210479736328,-2.258267402648926,-2.1467812061309814,-3.426800012588501,-3.203195571899414,-2.3375861644744873,1.0544869899749756,3.6341943740844727,4.620731830596924,4.263097763061523,-1.2383638620376587,-3.1400952339172363,-1.923072099685669,3.1220688819885254,4.760031223297119,3.0921459197998047,1.7531542778015137,2.156636953353882,3.0392603874206543,0.9157370328903198,-0.8356680274009705
0.9119411110877991,0.29003971815109253,-0.09905485808849335,-1.4312766790390015,-2.959881067276001,-4.5828680992126465,-3.964833974838257,-1.3090126514434814,-1.0609227418899536,-0.4263865351676941,-0.3186744749546051,-1.0417540073394775,-2.934671401977539,-3.976518392562866,-3.962604284286499,-1.7864383459091187,-1.0048344135284424,-1.6847420930862427,-4.78331184387207,-5.742311477661133,-4.093180179595947,-5.4773993492126465,-5.1966872215271,-3.8582444190979004,0.1326676607131958,-0.3343895971775055,-2.4746639728546143,-3.687643051147461,-1.785782814025879,2.3403875827789307,4.297829627990723,1.9582382440567017,-0.5680025219917297,-2.3303585052490234,-3.145355224609375,0.31477391719818115,3.570915937423706,3.7582619190216064,1.9673775434494019,2.1917145252227783,3.669858932495117,2.641019105911255,0.6053475737571716
2.0975263118743896,0.9037255048751831,0.36576399207115173,-0.8521446585655212,-1.7473719120025635,-3.021204948425293,-1.824476718902588,-1.0378514528274536,-1.2120429277420044,0.0003421288274694234,0.48822256922721863,-1.093520998954773,-2.2596592903137207,-3.234437942504883,-3.988957643508911,-3.2642855644226074,-2.795619249343872,-2.4259910583496094,-3.966789722442627,-4.89266300201416,-4.723692893981934,-5.662308216094971,-4.893320083618164,-4.012948989868164,-1.7865796089172363,-1.0006217956542969,-2.2654223442077637,-3.8511409759521484,-3.612671375274658,-0.918131411075592,2.144230842590332,1.5114898681640625,0.7468926310539246,-2.547398567199707,-2.5515170097351074,-1.368445873260498,1.5951427221298218,2.8705811500549316,1.2366797924041748,1.1150716543197632,2.459559202194214,1.8377892971038818,0.8533573746681213
2.8250985145568848,1.8282561302185059,1.078403115272522,0.3276601731777191,-0.4525168240070343,-1.667585849761963,-0.18956463038921356,-1.0132454633712769,-1.9812827110290527,-0.3001704812049866,0.3769325017929077,-0.6009932160377502,-0.5795667171478271,-1.3987233638763428,-3.0440289974212646,-1.615750789642334,-1.1948601007461548,-1.365260362625122,-1.7232412099838257,-2.3446269035339355,-5.164971351623535,-5.879156589508057,-4.994578838348389,-2.5154216289520264,-2.609428882598877,-2.0794806480407715,-1.3455967903137207,-2.4464027881622314,-4.585540294647217,-3.4982495307922363,-1.018181324005127,1.6244587898254395,0.6852755546569824,-2.073389768600464,-1.3369420766830444,-0.05838903412222862,0.4032822251319885,1.0054652690887451,1.0243206024169922,0.6848485469818115,0.8167195916175842,0.23644085228443146,1.1131558418273926
3.446781635284424,3.042694568634033,2.6705527305603027,2.3740408420562744,1.0971763134002686,-0.12154680490493774,1.124100923538208,0.3376660943031311,-0.38785362243652344,-0.6322319507598877,-1.074432134628296,-1.0749515295028687,-0.24813105165958405,-0.4839384853839874,-2.2048380374908447,-0.8868436217308044,0.026465078815817833,0.4263249635696411,-0.8152368664741516,-2.6090481281280518,-5.811986923217773,-6.654721260070801,-6.529340744018555,-2.6456637382507324,0.25733357667922974,1.5555274486541748,3.090456247329712,1.6025809049606323,-3.46504282951355,-4.965134143829346,-3.0496058464050293,0.0758819654583931,0.11002273112535477,-0.6027149558067322,0.9778977036476135,0.49778810143470764,-0.5048229694366455,0.07528018206357956,2.2311949729919434,0.9828615188598633,0.6819016933441162,-0.8086884021759033,1.2997506856918335
3.7578039169311523,3.825303077697754,3.6838200092315674,4.130650520324707,3.111647129058838,2.1816258430480957,2.185196876525879,1.522106647491455,1.444538950920105,-0.8205937147140503,-2.198741912841797,-2.2453150749206543,-1.358794093132019,-1.4930310249328613,-3.7188355922698975,-1.6688525676727295,0.2099696695804596,0.8527894020080566,-2.9745681285858154,-4.720089912414551,-5.692739009857178,-6.2480244636535645,-6.656371593475342,-4.0499420166015625,-0.06107287481427193,4.999178409576416,7.068475723266602,3.9516186714172363,0.36799466609954834,-3.018714427947998,-4.366596221923828,-2.8144400119781494,-1.4608334302902222,-2.0484201908111572,-0.017179779708385468,0.9400590062141418,1.7212878465652466,1.5916112661361694,1.982430100440979,1.4324426651000977,2.004709005355835,0.2051060050725937,0.850278377532959
3.645963191986084,3.4899065494537354,3.231417179107666,4.312979221343994,3.7008070945739746,3.55061674118042,2.551149368286133,2.31656551361084,1.660915732383728,-0.7998263239860535,-1.3596853017807007,-1.2205736637115479,-1.2317456007003784,-2.4600119590759277,-4.175842761993408,-2.346231698989868,-1.2673869132995605,-1.1322144269943237,-2.63480281829834,-4.553912162780762,-4.470035552978516,-4.96470832824707,-4.749974250793457,-4.168946266174316,-2.970757246017456,2.3781285285949707,4.429913520812988,5.669643402099609,4.7901291847229,2.833509922027588,-2.9661614894866943,-3.7461538314819336,-3.034916639328003,-4.114604473114014,-2.915917158126831,1.398521900177002,3.9821557998657227,4.336564540863037,1.27073335647583,0.31155115365982056,1.4423363208770752,3.0908725261688232,2.4691970348358154
4.101445198059082,3.470518112182617,2.7040460109710693,2.9024624824523926,2.7091782093048096,3.7781929969787598,3.0960638523101807,2.8905601501464844,2.0808942317962646,0.6311975717544556,1.0620968341827393,1.6684691905975342,1.1472302675247192,0.1062520295381546,-1.5752524137496948,-2.5562877655029297,-3.4548885822296143,-1.7066717147827148,-0.9201329350471497,-2.962259531021118,-3.657573938369751,-3.814499855041504,-3.1128597259521484,-3.4749932289123535,-3.3046019077301025,-3.3128738403320312,-0.8102625012397766,4.095126152038574,6.173188209533691,3.8614444732666016,0.6713451147079468,0.47309643030166626,-1.124435544013977,-3.248668670654297,-4.514752388000488,-2.8597869873046875,-1.0060675144195557,1.2886713743209839,2.562361001968384,1.0510162115097046,-0.4550076127052307,3.297715187072754,4.797723293304443
1.7127788066864014,2.1324942111968994,2.272692918777466,2.8166706562042236,3.3461270332336426,5.031764984130859,4.233037948608398,3.986027240753174,3.350687265396118,3.1806674003601074,3.0025129318237305,3.8280653953552246,3.884608030319214,3.6302897930145264,2.546764850616455,-0.8676561117172241,-2.7872416973114014,-1.0501657724380493,0.379711776971817,-2.0563161373138428,-2.7243926525115967,-3.2901456356048584,-3.65053129196167,-5.033944606781006,-3.3883113861083984,-3.295659065246582,-3.44174861907959,-0.34005093574523926,3.7494044303894043,2.915616273880005,2.128925323486328,2.981600761413574,3.5341055393218994,1.8406461477279663,-1.0563087463378906,-2.430191993713379,-2.105543613433838,1.1700608730316162,3.9553799629211426,5.188807010650635,0.12916222214698792,0.8105239272117615,4.469274044036865
-1.1055835485458374,0.10702035576105118,1.3336455821990967,2.317345142364502,2.796793222427368,3.678934335708618,4.614980220794678,3.9923157691955566,3.657228469848633,3.854424476623535,5.58942985534668,5.888575077056885,5.403819561004639,5.074451446533203,4.180844783782959,2.5697243213653564,-0.7783695459365845,-2.212229013442993,-0.20760688185691833,-0.6235963106155396,-0.9358381628990173,-2.6309592723846436,-3.8653101921081543,-3.7505695819854736,-3.3749537467956543,-3.2697486877441406,-3.4540762901306152,-2.871131658554077,1.6894768476486206,2.172678232192993,0.1784038245677948,-1.245667576789856,2.3576273918151855,0.7893470525741577,-1.204903244972229,1.9184752702713013,6.229069232940674,4.232540130615234,3.2325782775878906,6.608698844909668,4.029577732086182,0.8132424354553223,2.1042017936706543
2.1451475620269775,2.915294647216797,2.7393674850463867,1.2140417098999023,0.26582902669906616,0.09896434843540192,1.1587849855422974,1.3760161399841309,-0.16387028992176056,0.15505282580852509,2.7633962631225586,5.6919779777526855,6.9745941162109375,5.616623878479004,4.9620771408081055,4.2844696044921875,1.0516023635864258,-3.380211353302002,-1.444488763809204,1.108456015586853,-1.0925925970077515,-2.105964422225952,-3.0994045734405518,-3.263411521911621,-3.5595428943634033,-3.9122695922851562,-3.4569220542907715,-3.5376765727996826,-0.4939066171646118,1.8797982931137085,-0.8513712286949158,-3.805814743041992,-2.6360065937042236,-2.219013214111328,-3.9639761447906494,-0.4722782373428345,2.9297635555267334,2.305504083633423,2.590714693069458,4.257750511169434,5.970370769500732,2.2243664264678955,0.8920746445655823
6.020327568054199,5.858345985412598,3.727607250213623,1.8819071054458618,1.1960235834121704,0.4099011719226837,0.29556214809417725,-0.6684157848358154,-2.1155288219451904,-2.9427835941314697,-2.98063063621521,-0.3096921145915985,2.659778594970703,4.849082946777344,4.880716323852539,4.446140766143799,-0.816737711429596,-4.528369903564453,-4.83164119720459,-1.0500675439834595,-1.1190078258514404,-0.6296193599700928,-1.1696696281433105,-3.062541961669922,-4.432084560394287,-4.325974464416504,-3.883565902709961,-3.9251229763031006,-2.925954818725586,1.8381121158599854,0.27730539441108704,-3.066624402999878,-4.249967575073242,-2.4051482677459717,-2.094695806503296,-3.672886610031128,-2.639993667602539,-0.12790554761886597,1.7545737028121948,3.2484848499298096,4.250142574310303,1.5730363130569458,2.5794196128845215
5.397121906280518,4.2871012687683105,2.175840139389038,1.5346412658691406,1.0629585981369019,-0.0823100283741951,-1.7829172611236572,-3.4039769172668457,-4.451352596282959,-5.052775859832764,-6.108566761016846,-6.6209917068481445,-5.951062202453613,-1.060422420501709,0.8755430579185486,-1.5147902965545654,-6.4333086013793945,-6.166036605834961,-8.011612892150879,-5.810328483581543,-3.189617872238159,-0.9440987706184387,-2.1583919525146484,-3.3973374366760254,-3.862050771713257,-3.9488468170166016,-3.7820465564727783,-3.7834315299987793,-2.678197145462036,1.326514720916748,-0.10081737488508224,-3.2854373455047607,-4.054752826690674,-3.6390693187713623,-2.7763161659240723,-4.550911903381348,-3.231048583984375,-2.3716037273406982,-1.4508247375488281,1.8496443033218384,3.2873330116271973,3.06947660446167,3.200047492980957
2.4145796298980713,0.48923537135124207,-1.9622975587844849,-3.039475917816162,-3.496447801589966,-4.69620943069458,-6.540322303771973,-7.277888298034668,-7.629169464111328,-7.5008769035339355,-7.580750942230225,-5.930240154266357,-6.162182807922363,-3.6141059398651123,-1.1565567255020142,-3.153740167617798,-5.026029586791992,-4.943709850311279,-6.470837593078613,-7.321755409240723,-4.54693078994751,-1.9472308158874512,-2.115748882293701,-2.543973922729492,-1.1732001304626465,-2.4147932529449463,-3.8504178524017334,-3.47007417678833,-2.280517339706421,0.9240814447402954,0.06500454992055893,-2.9978649616241455,-3.624424695968628,-4.193109035491943,-3.790905475616455,-4.598582744598389,-4.459403991699219,-4.930290699005127,-3.037931203842163,-0.40519535541534424,0.4387204647064209,4.200469970703125,3.256673812866211
2.2949512004852295,-2.2308359146118164,-4.450851917266846,-3.7727394104003906,-2.6972711086273193,-3.6235876083374023,-4.447987079620361,-4.40749979019165,-4.299014568328857,-4.3290276527404785,-3.611088514328003,-1.2854113578796387,-0.7552748322486877,1.184897541999817,2.418732166290283,2.3146963119506836,-1.541886329650879,-1.4676275253295898,-1.793433666229248,-3.6058504581451416,-5.157458782196045,-3.617705821990967,-0.6359547972679138,0.6445181369781494,1.038370132446289,-2.499119997024536,-3.3880362510681152,-3.4099676609039307,-3.950411319732666,-1.0730836391448975,3.180813789367676,1.8540467023849487,-2.1040661334991455,-5.249351978302002,-3.416001558303833,-5.7689337730407715,-6.840390205383301,-7.2942214012146,-4.6830339431762695,-2.9767093658447266,-2.637507438659668,1.0653693675994873,3.9238243103027344
1.5122400522232056,-1.2217936515808105,-1.8633124828338623,-0.627739667892456,0.6089249849319458,1.3954490423202515,2.3488197326660156,2.9131016731262207,2.385572671890259,1.4951742887496948,2.0301454067230225,2.6291494369506836,4.369017124176025,5.797577857971191,6.826143264770508,5.953568458557129,3.4114890098571777,2.604698896408081,3.275263786315918,-1.4370496273040771,-6.22161340713501,-5.902353286743164,-3.399989604949951,-1.0660321712493896,-2.5327768325805664,-4.579581260681152,-3.71647047996521,-4.229710578918457,-7.377613067626953,-5.348503112792969,2.349039077758789,4.313076496124268,1.730954885482788,-1.4370611906051636,-2.820509672164917,-6.564964294433594,-6.891106605529785,-7.376026630401611,-5.642629146575928,-4.365108013153076,-1.0578135251998901,0.43810850381851196,0.7517814040184021
