data/wind_data/wind_48_2.json
{"header": {"parameterUnit": "KT", "parameterCategory": 2, "nx": 256, "ny": 198, "lo1": 44.73521041870117, "la1": -3.236724853515625, "lo2": 111.26478576660156, "la2": 43.468475341796875, "dx": 0.2609002888202667, "dy": -0.23708222806453705, "refTime": "2025-02-21 00:00:00", "forecastTime": 0, "parameterNumber": 2, "parameterNumberName": "eastward_wind"}, "data":
[rows 114 to 132 of 198, columns 172 to 214 of 256]
-5.553828716278076,-3.216047525405884,0.15650950372219086,2.045285701751709,3.0167224407196045,6.6941609382629395,10.385870933532715,9.627828598022461,8.145703315734863,7.131824493408203,4.18690299987793,-0.5042279958724976,-2.9145069122314453,-3.857266426086426,-4.3303093910217285,1.4793157577514648,10.56963062286377,13.304667472839355,11.571844100952148,12.811824798583984,13.309717178344727,11.407341003417969,-2.4681296348571777,-7.472444534301758,-3.837733745574951,-6.517202854156494,-7.942785263061523,-2.162946939468384,0.2457224279642105,-6.268337726593018,-8.16665267944336,-3.8390023708343506,1.9933985471725464,11.935990333557129,19.54012680053711,19.43229103088379,17.284975051879883,18.991413116455078,21.388614654541016,21.77073097229004,18.655773162841797,13.073335647583008,13.94067668914795
-10.102954864501953,-9.36929988861084,-9.294594764709473,-9.927390098571777,-10.356484413146973,-10.538010597229004,-11.2368745803833,-11.015591621398926,-8.559511184692383,-4.805196762084961,-4.430481433868408,-5.98540735244751,-6.133961200714111,-7.074090003967285,-7.689921855926514,-5.21549129486084,0.7864692807197571,8.720329284667969,12.836395263671875,13.918437004089355,16.05813980102539,15.853779792785645,3.801767110824585,-6.477658271789551,-5.66058349609375,-7.206028461456299,-11.839469909667969,-4.706691741943359,-3.2147815227508545,-9.083233833312988,-9.088774681091309,-5.01258659362793,-0.8333551287651062,8.577292442321777,18.836570739746094,21.909868240356445,19.54894256591797,20.228116989135742,23.944759368896484,24.987640380859375,19.354143142700195,9.310930252075195,10.003180503845215
-14.12930679321289,-14.656258583068848,-15.065821647644043,-15.469922065734863,-16.395065307617188,-17.283607482910156,-17.16022300720215,-16.469287872314453,-15.749042510986328,-14.943916320800781,-13.906364440917969,-12.439604759216309,-10.040894508361816,-5.988057613372803,-3.1108524799346924,-4.784558296203613,-7.2024827003479,-0.2086125761270523,11.613991737365723,16.45368766784668,18.398788452148438,18.750497817993164,6.6996259689331055,-6.046648025512695,-12.528945922851562,-13.783736228942871,-12.750856399536133,-8.24077320098877,-5.129361629486084,-7.902107238769531,-9.170639991760254,-5.900096416473389,1.152100920677185,8.938838005065918,18.70536231994629,22.494152069091797,20.516101837158203,21.20490074157715,25.42571449279785,28.77260971069336,23.237533569335938,11.897419929504395,12.064427375793457
-12.906294822692871,-13.805347442626953,-15.159932136535645,-16.028827667236328,-16.039688110351562,-15.888310432434082,-14.826691627502441,-14.060944557189941,-14.849223136901855,-15.86148452758789,-15.056859970092773,-13.609294891357422,-11.562247276306152,-8.835373878479004,-9.016958236694336,-10.469862937927246,-9.362408638000488,-5.647883892059326,0.9441179633140564,7.146908283233643,10.742345809936523,12.775547981262207,4.6378278732299805,0.24460522830486298,-2.846759557723999,-7.7003583908081055,-8.063252449035645,-6.642391204833984,-1.0563682317733765,-1.094855785369873,-9.765719413757324,-3.8116888999938965,3.3680686950683594,9.086355209350586,17.270219802856445,21.571714401245117,20.91368293762207,22.25708770751953,26.56427001953125,30.958873748779297,27.106578826904297,19.102455139160156,18.293781280517578
-4.951114654541016,-8.796623229980469,-10.854559898376465,-11.10021686553955,-10.532898902893066,-9.439319610595703,-9.233469009399414,-9.881318092346191,-11.15038776397705,-12.609121322631836,-13.051398277282715,-14.346158027648926,-15.260089874267578,-15.13061809539795,-14.303545951843262,-12.540088653564453,-10.873553276062012,-8.828548431396484,-5.738391399383545,-1.750548243522644,2.213366746902466,5.947479724884033,7.220314979553223,7.153675079345703,4.233034133911133,-0.9543466567993164,-4.740818500518799,-3.207689046859741,1.2604267597198486,1.504597544670105,-8.018858909606934,-2.9026169776916504,4.128459930419922,7.19598388671875,12.62492847442627,19.0050106048584,19.7307186126709,20.563318252563477,26.39040756225586,30.991352081298828,28.341339111328125,23.105321884155273,19.7439022064209
9.481233596801758,7.700394153594971,4.8177170753479,4.217111110687256,3.0300636291503906,1.8902684450149536,1.9793637990951538,4.569069862365723,7.095982074737549,7.638461112976074,2.5417659282684326,-7.722456932067871,-11.758476257324219,-9.876709938049316,-9.997194290161133,-12.13571548461914,-10.552699089050293,-9.593347549438477,-7.969366550445557,-5.70852518081665,-2.023939609527588,2.3532259464263916,5.565678596496582,8.655784606933594,5.958429336547852,1.4903405904769897,-1.1430914402008057,2.641050100326538,5.921863555908203,3.1807467937469482,-4.1407856941223145,-1.9229404926300049,6.022933006286621,7.295974254608154,9.372970581054688,17.40848731994629,16.63705825805664,14.621541023254395,23.041790008544922,29.28052520751953,29.203449249267578,25.52788734436035,20.82016372680664
18.809080123901367,12.47232437133789,8.933987617492676,11.279136657714844,10.845500946044922,7.83671236038208,4.41945219039917,3.839460849761963,10.914679527282715,17.70985984802246,15.84521484375,3.3004543781280518,-4.474024295806885,0.2803134024143219,4.593270778656006,-6.1970319747924805,-8.971736907958984,-6.921413421630859,-7.370001316070557,-6.8477935791015625,-5.281190872192383,-2.857640504837036,2.1128242015838623,6.803360462188721,6.265775680541992,3.38566255569458,2.525439739227295,10.195887565612793,13.604546546936035,6.172660827636719,-4.095509052276611,-2.931680202484131,5.071712493896484,6.935806751251221,10.38225269317627,13.567407608032227,12.93610668182373,12.125871658325195,19.593013763427734,28.22289276123047,31.91440200805664,27.7088680267334,20.794971466064453
18.884061813354492,9.4683198928833,10.647320747375488,16.340177536010742,15.585046768188477,6.638853549957275,-0.04441071301698685,-0.7693213820457458,13.146842002868652,25.01136016845703,21.158462524414062,3.625715494155884,-1.379355549812317,3.770566940307617,8.606367111206055,-1.670680284500122,-7.061730861663818,-3.5148258209228516,-2.9892165660858154,-3.9643218517303467,-6.028187274932861,-5.6154632568359375,-3.79563045501709,-1.3864485025405884,0.03248826786875725,0.3104032874107361,5.958899974822998,14.581047058105469,16.691871643066406,3.591935157775879,-4.081961631774902,-1.9420868158340454,0.2662540078163147,1.657671570777893,5.0763020515441895,7.45160436630249,9.887530326843262,11.400186538696289,19.080881118774414,29.201492309570312,33.45907974243164,26.641742706298828,20.03730010986328
7.328131198883057,1.2001806497573853,8.845349311828613,18.838294982910156,20.867185592651367,11.337302207946777,5.123522758483887,6.066195487976074,11.157979965209961,21.024394989013672,23.404470443725586,9.215754508972168,-3.836437225341797,-0.9921695590019226,5.609434604644775,0.35788294672966003,-4.233969688415527,-3.0083022117614746,0.04104790836572647,0.8216215372085571,-3.438474416732788,-5.169550895690918,-5.58255672454834,-5.611902713775635,-4.047024726867676,-2.048311948776245,5.805593967437744,13.71584415435791,13.959620475769043,0.9714823961257935,-2.0118541717529297,-3.300811767578125,-4.312901973724365,4.0557780265808105,7.797610282897949,6.170464992523193,9.898146629333496,13.547677993774414,20.366744995117188,28.62009048461914,31.579748153686523,24.259307861328125,18.975574493408203
12.707740783691406,3.831529378890991,11.558195114135742,23.88947105407715,27.17098617553711,9.540154457092285,4.285472393035889,10.421499252319336,15.745616912841797,18.456466674804688,21.350069046020508,27.11511993408203,6.574289321899414,0.22773323953151703,-1.0899081230163574,-5.450909614562988,-3.335667610168457,-0.6510390043258667,-0.14758038520812988,1.180561900138855,1.3348124027252197,-1.6176952123641968,-4.0000386238098145,-5.584578990936279,-5.331429481506348,-2.0792760848999023,1.2368731498718262,5.322446346282959,6.618342399597168,5.741885662078857,1.1483392715454102,-1.2706220149993896,-0.05646209418773651,6.963707447052002,11.116357803344727,12.320446014404297,16.280595779418945,17.455665588378906,19.801855087280273,25.065946578979492,29.45113754272461,21.647212982177734,16.311586380004883
29.839513778686523,26.681596755981445,26.575918197631836,28.56437873840332,30.711143493652344,23.6759090423584,14.150049209594727,18.62523078918457,23.119218826293945,23.874488830566406,24.174991607666016,22.815797805786133,25.21623420715332,0.01436968520283699,-1.9375042915344238,-3.5710837841033936,-2.195460796356201,-0.31429073214530945,-0.947179913520813,-2.958063840866089,-0.766472578048706,0.07195065170526505,-0.6018372774124146,-2.1340720653533936,-5.2432861328125,-7.77060604095459,-4.798011779785156,-1.7579846382141113,6.989875316619873,12.488715171813965,10.47275161743164,7.003767967224121,10.077957153320312,13.14441967010498,14.111759185791016,15.49306583404541,17.11935043334961,16.169435501098633,16.001171112060547,18.956632614135742,24.743635177612305,21.580007553100586,16.13099479675293
28.44076156616211,24.56380271911621,24.215890884399414,26.376976013183594,27.878032684326172,27.613840103149414,26.882123947143555,26.524673461914062,26.75971221923828,26.317138671875,25.478830337524414,23.873825073242188,26.249038696289062,11.702116966247559,-1.3361824750900269,-0.6459966897964478,-1.119135856628418,-0.7002624273300171,-2.642493963241577,-5.001212120056152,-3.89379620552063,-2.806936502456665,-2.968705892562866,-4.210283279418945,-8.280115127563477,-11.068260192871094,-6.942297458648682,-2.9332199096679688,5.615217685699463,8.939655303955078,10.085678100585938,10.905691146850586,12.292330741882324,11.717464447021484,12.402032852172852,12.836907386779785,10.888054847717285,11.56832504272461,12.11127758026123,14.707942008972168,20.756940841674805,19.908491134643555,17.54938316345215
27.429256439208984,25.49917221069336,27.606176376342773,31.72856330871582,32.330039978027344,30.632070541381836,28.410842895507812,28.986629486083984,28.539398193359375,27.917482376098633,25.867589950561523,23.537626266479492,18.34062957763672,16.98358726501465,4.292879581451416,-0.11440503597259521,0.11510790139436722,0.5843557715415955,-4.947518825531006,-3.617711067199707,-4.442030906677246,-6.743977069854736,-6.571882247924805,-3.2968523502349854,-3.661142349243164,-9.151007652282715,-3.6658761501312256,-2.717923164367676,-0.25572824478149414,2.99371075630188,7.599466800689697,8.485551834106445,2.0963847637176514,0.07302932441234589,6.503915309906006,8.870409965515137,7.1790266036987305,7.844514846801758,10.12411117553711,13.634153366088867,17.62797737121582,21.559314727783203,18.067554473876953
28.112308502197266,26.20029640197754,28.646451950073242,32.25571060180664,33.3454475402832,32.287689208984375,31.325037002563477,30.437694549560547,28.354551315307617,27.558528900146484,26.441850662231445,23.27229881286621,15.617745399475098,9.253729820251465,9.365903854370117,2.034191131591797,-2.8188576698303223,-5.901256561279297,-7.656588077545166,-3.4555137157440186,-0.700595498085022,-2.18135404586792,-7.227994918823242,-3.9480960369110107,0.08446796983480453,-2.5932846069335938,-3.270104169845581,-3.313093900680542,-0.39875131845474243,0.7230496406555176,6.393947124481201,8.132580757141113,3.043679714202881,0.0033389267046004534,4.515416622161865,6.277763366699219,5.564150333404541,5.908147811889648,8.29351806640625,12.629459381103516,16.926612854003906,19.602392196655273,16.293994903564453
27.64204978942871,27.696744918823242,30.219432830810547,32.35879898071289,34.58562469482422,34.948707580566406,35.42538833618164,32.831504821777344,27.24892807006836,24.05699348449707,21.85769271850586,18.95319938659668,12.61115550994873,5.414194107055664,6.251954078674316,2.359985589981079,-3.208771228790283,-6.953872203826904,-8.77967357635498,-8.07289981842041,-4.759941577911377,0.022355860099196434,-3.253201723098755,-5.104235649108887,-4.197685718536377,-2.0717556476593018,-1.441565752029419,1.6385173797607422,1.7560514211654663,1.7050204277038574,2.9507579803466797,4.841190338134766,5.7879767417907715,3.8614614009857178,1.5464913845062256,3.4719057083129883,5.668578624725342,3.570819854736328,6.9834370613098145,13.02790355682373,16.040363311767578,16.740432739257812,14.63365650177002
25.734439849853516,26.870677947998047,28.862823486328125,30.052766799926758,36.10126876831055,35.29560089111328,27.599857330322266,22.768531799316406,18.7031307220459,14.890603065490723,13.887890815734863,12.662243843078613,12.000374794006348,10.790567398071289,2.4391603469848633,-0.7536011934280396,-4.8968915939331055,-8.35737133026123,-9.500414848327637,-11.049260139465332,-9.548189163208008,-8.08328628540039,1.0716170072555542,-6.114776134490967,-4.807950019836426,-0.608867347240448,2.5329995155334473,-0.784078061580658,-0.4948485791683197,-2.3737986087799072,-0.8041197657585144,3.339944839477539,5.509671211242676,1.3790303468704224,0.9538615942001343,4.755218982696533,7.141790390014648,6.5554304122924805,10.47498893737793,14.28456974029541,15.028621673583984,13.77580451965332,13.895968437194824
18.481760025024414,20.176124572753906,23.55348014831543,26.195528030395508,32.12277603149414,30.17951774597168,25.36060333251953,24.24449348449707,22.64983558654785,18.39036750793457,15.666144371032715,15.62805461883545,16.290756225585938,15.708464622497559,10.211321830749512,7.100534915924072,3.2392964363098145,-3.9371089935302734,-7.2667765617370605,-5.799116611480713,-4.7815704345703125,-6.976062774658203,1.037155270576477,0.5754556655883789,-0.6165215373039246,3.118374824523926,1.7205482721328735,0.6980693340301514,1.370566487312317,0.4115516245365143,2.4728124141693115,6.315290451049805,5.66338586807251,1.3342100381851196,5.31973123550415,9.254870414733887,13.087726593017578,13.764628410339355,13.258910179138184,14.17045783996582,14.054449081420898,13.138449668884277,12.71730899810791
15.998064041137695,18.443830490112305,19.657211303710938,22.605403900146484,24.280960083007812,21.950096130371094,16.423673629760742,16.594030380249023,22.50385284423828,22.959651947021484,20.68602752685547,18.9111270904541,18.716821670532227,14.585001945495605,12.298746109008789,7.665882587432861,5.566551685333252,-0.24869634211063385,-1.6853787899017334,1.1344455480575562,1.52650785446167,-3.2035861015319824,-2.7320594787597656,4.4616312980651855,4.812947750091553,2.8352909088134766,3.6247239112854004,-1.8233397006988525,1.8694733381271362,-0.5444161891937256,0.7588650584220886,6.915840148925781,5.36431360244751,3.240428924560547,9.138737678527832,13.048614501953125,11.429800033569336,11.220704078674316,12.276618957519531,13.542586326599121,13.68439769744873,12.996711730957031,11.210420608520508
21.610916137695312,23.823699951171875,23.96955680847168,23.978099822998047,27.528465270996094,28.15449333190918,17.405338287353516,12.523258209228516,17.38372230529785,20.51203155517578,21.45728302001953,18.121158599853516,13.93325424194336,6.611711025238037,5.332531929016113,7.136807918548584,6.813992977142334,6.951634883880615,6.559635639190674,5.516233444213867,-0.7684049010276794,2.646826982498169,-0.8457090854644775,-0.17992669343948364,3.644606828689575,6.072147369384766,6.36073637008667,2.1344666481018066,-0.23280109465122223,-3.3361611366271973,1.7013442516326904,7.928352355957031,6.036020278930664,6.951091766357422,10.54328441619873,11.668997764587402,9.49830150604248,10.565774917602539,15.004219055175781,15.061111450195312,13.33968734741211,11.835866928100586,10.652728080749512
