data/wind_data/wind_18_3.json
{"header": {"parameterUnit": "KT", "parameterCategory": 2, "nx": 256, "ny": 198, "lo1": 44.73521041870117, "la1": -3.236724853515625, "lo2": 111.26478576660156, "la2": 43.468475341796875, "dx": 0.2609002888202667, "dy": -0.23708222806453705, "refTime": "2025-02-19 18:00:00", "forecastTime": 0, "parameterNumber": 2, "parameterNumberName": "eastward_wind"}, "data":
[rows 152 to 170 of 198, columns 132 to 175 of 256]
10.61127758026123,10.641605377197266,9.254132270812988,7.730035781860352,6.558990955352783,8.561166763305664,12.396062850952148,15.02262020111084,15.89478588104248,15.311203002929688,15.89915657043457,15.451866149902344,14.109525680541992,13.944001197814941,15.801715850830078,18.045639038085938,17.336265563964844,14.96715259552002,10.143219947814941,13.308420181274414,16.395658493041992,17.352352142333984,16.315977096557617,15.132369041442871,16.89442253112793,20.170583724975586,21.401203155517578,23.28546142578125,27.910404205322266,21.02690887451172,14.793877601623535,10.124094009399414,-0.43519893288612366,-4.1643900871276855,-5.243571758270264,-3.1407034397125244,-0.8430380821228027,0.4763451814651489,1.4436265230178833,3.3440232276916504,4.983172416687012,6.947648525238037,8.951302528381348,10.256399154663086
11.085503578186035,11.129925727844238,9.570707321166992,7.804988384246826,6.813662052154541,8.881016731262207,12.210037231445312,15.131959915161133,17.24003791809082,17.858823776245117,18.546663284301758,18.997732162475586,20.718523025512695,22.30916404724121,23.72294807434082,20.796730041503906,13.070505142211914,9.381125450134277,11.017346382141113,15.435940742492676,17.567171096801758,18.00942611694336,18.479618072509766,20.489110946655273,23.421932220458984,24.542007446289062,15.736560821533203,3.3536548614501953,8.039899826049805,14.189322471618652,12.630903244018555,5.56574821472168,-1.3772895336151123,-3.2259132862091064,-3.378692626953125,-0.40210816264152527,-0.2305959165096283,0.6173514723777771,2.0353128910064697,4.922553539276123,8.664294242858887,11.368535041809082,11.484503746032715,10.513949394226074
11.84163761138916,11.393628120422363,9.061212539672852,6.586130142211914,7.181982040405273,9.775689125061035,13.104161262512207,15.260885238647461,17.11016082763672,17.075271606445312,16.87051773071289,20.365768432617188,22.28514862060547,24.564416885375977,21.29449462890625,16.297151565551758,13.664794921875,13.939664840698242,15.61033821105957,17.754676818847656,19.064624786376953,20.08087730407715,21.57176971435547,22.30881690979004,23.589786529541016,21.28404426574707,17.095447540283203,9.079411506652832,-0.4963270425796509,3.1158902645111084,5.029566764831543,4.096841335296631,4.09524393081665,0.8772634267807007,0.7330928444862366,3.4495041370391846,5.36026668548584,5.427714824676514,5.556563377380371,7.480418682098389,10.545037269592285,11.679429054260254,10.251218795776367,9.318750381469727
9.960758209228516,8.614641189575195,6.9394145011901855,8.300107955932617,11.261908531188965,13.049720764160156,15.146161079406738,16.597021102905273,16.95265769958496,17.472064971923828,18.856618881225586,21.073545455932617,22.477415084838867,23.057170867919922,19.507343292236328,16.795610427856445,16.481670379638672,18.910377502441406,20.317441940307617,21.905399322509766,22.367759704589844,22.215850830078125,22.907014846801758,21.765670776367188,18.67424201965332,17.780424118041992,17.065214157104492,10.022478103637695,1.0358508825302124,-0.8675786852836609,1.5202451944351196,2.279132843017578,2.750918388366699,2.105555772781372,4.485581398010254,7.55800724029541,10.419869422912598,9.774955749511719,7.508951187133789,8.417393684387207,10.396533966064453,10.517854690551758,9.7249174118042,10.074454307556152
5.744218349456787,5.23085355758667,8.751949310302734,10.819917678833008,12.339198112487793,14.16063117980957,16.60338020324707,18.56075096130371,18.1470947265625,18.411272048950195,19.7667293548584,21.708322525024414,23.120275497436523,20.970273971557617,19.429534912109375,19.388601303100586,19.442676544189453,20.805130004882812,20.798782348632812,19.942623138427734,19.1427059173584,18.950448989868164,18.997739791870117,17.328596115112305,11.312032699584961,8.118486404418945,8.243900299072266,5.234686851501465,5.247133731842041,3.407275676727295,4.495642185211182,6.839065074920654,7.870430946350098,8.405397415161133,9.639321327209473,12.055835723876953,13.14798641204834,10.968388557434082,8.37133502960205,8.365673065185547,9.384448051452637,10.341293334960938,11.132492065429688,12.279370307922363
6.493062496185303,8.36807918548584,12.087034225463867,13.30408763885498,13.517086029052734,15.884921073913574,19.263315200805664,19.343734741210938,16.520751953125,15.528153419494629,17.6132869720459,21.308908462524414,22.76705551147461,21.474340438842773,22.108861923217773,22.44097137451172,20.23134994506836,17.768524169921875,16.646215438842773,15.622441291809082,14.866964340209961,14.739093780517578,14.259491920471191,11.265464782714844,6.756683826446533,7.150918960571289,7.584219455718994,7.443869590759277,9.351205825805664,8.483158111572266,7.537974834442139,9.35477066040039,10.326031684875488,10.494340896606445,10.3624267578125,10.196943283081055,9.962038040161133,9.228662490844727,8.956092834472656,10.629313468933105,12.240501403808594,13.189229965209961,13.37053394317627,14.056379318237305
9.052087783813477,11.859111785888672,12.960761070251465,14.491204261779785,16.159502029418945,19.144559860229492,19.74169158935547,17.290307998657227,15.79859447479248,15.514968872070312,17.64211082458496,20.890357971191406,24.269060134887695,25.179481506347656,25.34941864013672,23.863353729248047,20.113117218017578,16.70395278930664,16.703371047973633,14.447319030761719,13.331090927124023,13.940080642700195,13.03042984008789,11.007194519042969,10.25247573852539,12.315877914428711,13.456952095031738,11.46728515625,10.180603981018066,12.004878997802734,11.742961883544922,11.5818510055542,13.110602378845215,13.373095512390137,12.638382911682129,11.572546005249023,10.651976585388184,10.31779956817627,10.735221862792969,12.943354606628418,14.855117797851562,14.576188087463379,13.886030197143555,14.48317813873291
8.835811614990234,11.822187423706055,14.058625221252441,14.716004371643066,17.241390228271484,20.438772201538086,20.980764389038086,20.90898895263672,22.258508682250977,21.7496395111084,22.145397186279297,22.228031158447266,22.638816833496094,24.125198364257812,25.627891540527344,25.299453735351562,23.77383041381836,21.494705200195312,20.064247131347656,18.141918182373047,17.69032859802246,17.327239990234375,14.961703300476074,13.603302001953125,15.38844108581543,17.110790252685547,14.905505180358887,12.04861831665039,10.719645500183105,10.92966365814209,11.314249992370605,12.330171585083008,13.62670612335205,14.247273445129395,14.183062553405762,13.401871681213379,12.259986877441406,11.528007507324219,11.402533531188965,12.209580421447754,13.994345664978027,15.474100112915039,15.634055137634277,16.419618606567383
10.42615032196045,12.495200157165527,12.565109252929688,13.988309860229492,16.296356201171875,15.461709022521973,12.639498710632324,11.625321388244629,12.889399528503418,14.112510681152344,16.042757034301758,18.271072387695312,21.39751625061035,23.949052810668945,25.101964950561523,25.46962547302246,25.59590721130371,25.494029998779297,24.8277530670166,23.5108642578125,22.628238677978516,21.49018096923828,19.720197677612305,18.90753746032715,19.721784591674805,19.06380271911621,16.35130500793457,13.71095085144043,12.01953125,11.42049789428711,12.11159896850586,12.949559211730957,13.499530792236328,13.643133163452148,13.515536308288574,13.308403015136719,12.962947845458984,12.788081169128418,12.405128479003906,12.22568130493164,13.410212516784668,16.660707473754883,19.368078231811523,21.0511531829834
11.226449966430664,12.429142951965332,10.714162826538086,5.5533647537231445,5.735517501831055,5.0302276611328125,3.5824854373931885,3.7221269607543945,4.914697170257568,6.561832904815674,8.605063438415527,14.908068656921387,21.390348434448242,23.599227905273438,23.41383934020996,23.033605575561523,23.010818481445312,22.72913360595703,21.918615341186523,22.459396362304688,23.266094207763672,22.784442901611328,22.03463363647461,21.981704711914062,21.697420120239258,20.427927017211914,18.887542724609375,17.151338577270508,15.770461082458496,14.682167053222656,14.630609512329102,15.39731216430664,15.656343460083008,14.967981338500977,14.384469032287598,14.419795036315918,14.53011703491211,13.952409744262695,12.561077117919922,12.127514839172363,13.974041938781738,17.19499969482422,19.263032913208008,19.483535766601562
9.130810737609863,6.35067081451416,1.5341318845748901,0.5438666939735413,3.2742221355438232,3.5213518142700195,4.133167266845703,5.9546284675598145,6.880444526672363,7.229824542999268,8.104716300964355,12.381509780883789,16.78714370727539,18.869508743286133,19.654680252075195,20.695510864257812,20.729267120361328,19.28221893310547,18.830320358276367,20.026721954345703,20.761085510253906,20.804380416870117,20.3365535736084,19.89066505432129,19.014921188354492,18.211196899414062,16.793954849243164,15.756759643554688,15.897785186767578,16.333433151245117,17.169673919677734,18.449800491333008,16.948265075683594,15.398932456970215,15.116904258728027,15.700272560119629,15.853650093078613,14.852229118347168,13.335673332214355,13.514012336730957,15.224867820739746,16.346004486083984,16.67612648010254,17.452228546142578
-0.15594694018363953,0.37970781326293945,1.7453303337097168,3.0274415016174316,4.776883125305176,4.625834941864014,6.274800777435303,7.952085494995117,8.235233306884766,7.82877779006958,7.645204067230225,9.117045402526855,12.128731727600098,14.069517135620117,14.0157470703125,14.688838005065918,16.199853897094727,16.404083251953125,16.312524795532227,17.803714752197266,19.500934600830078,19.000333786010742,18.371484756469727,17.52125358581543,16.428808212280273,15.562371253967285,15.181588172912598,15.510041236877441,16.04668426513672,16.641971588134766,17.136703491210938,17.416706085205078,16.267881393432617,14.759910583496094,14.33625316619873,14.541254043579102,14.633926391601562,13.761956214904785,13.05899429321289,13.63942813873291,14.186328887939453,14.30347728729248,14.838467597961426,16.78471565246582
0.17718294262886047,2.459571361541748,4.711076259613037,5.938682556152344,6.3780741691589355,6.972850322723389,8.215614318847656,9.338639259338379,8.901134490966797,7.827648162841797,7.120632648468018,7.198752403259277,7.6280059814453125,7.4340291023254395,6.287501811981201,6.188309669494629,7.2259063720703125,8.226571083068848,10.255016326904297,13.346793174743652,15.015212059020996,14.83853530883789,16.785974502563477,17.26154899597168,16.510208129882812,16.205116271972656,16.95441246032715,17.38117027282715,17.05718994140625,16.751724243164062,16.56863784790039,16.229843139648438,15.428868293762207,14.267183303833008,13.898698806762695,14.376290321350098,14.964200019836426,13.719245910644531,12.605949401855469,13.074624061584473,13.555341720581055,13.96923828125,14.730441093444824,17.18849754333496
4.101069450378418,5.8580474853515625,6.940977573394775,7.198180198669434,7.614847183227539,8.896711349487305,9.962231636047363,9.944493293762207,8.7474946975708,7.37978982925415,6.659711837768555,6.430083274841309,5.099338054656982,3.0179924964904785,1.2354124784469604,0.18560312688350677,0.12361473590135574,0.9160903096199036,2.84309720993042,5.524974822998047,8.497237205505371,10.653820991516113,12.441146850585938,13.741659164428711,13.939081192016602,15.746809005737305,17.55054473876953,16.90137481689453,15.960190773010254,15.597673416137695,15.690037727355957,15.82346248626709,15.428513526916504,14.2113037109375,13.886215209960938,15.090344429016113,16.30439567565918,14.688499450683594,13.003231048583984,13.840907096862793,14.57896614074707,14.532824516296387,15.101563453674316,17.88350486755371
6.381917953491211,7.8019795417785645,8.713123321533203,8.907331466674805,9.204920768737793,9.889875411987305,10.155323028564453,9.217154502868652,7.592406749725342,6.283010482788086,5.743663787841797,4.88444709777832,2.6492180824279785,0.723149836063385,-0.735299825668335,-1.7245875597000122,-1.779951810836792,-1.0051504373550415,0.364410400390625,2.2153844833374023,4.192602634429932,6.118335247039795,8.18740463256836,8.89609432220459,10.665200233459473,13.637271881103516,15.230880737304688,15.874703407287598,16.27099609375,16.10306167602539,15.619860649108887,15.403221130371094,15.85258960723877,15.969189643859863,16.41635513305664,17.593704223632812,18.101085662841797,15.781993865966797,14.12919807434082,15.033506393432617,15.48776626586914,15.668932914733887,17.063045501708984,20.141544342041016
8.004656791687012,8.998435974121094,9.592142105102539,9.773711204528809,9.993122100830078,10.093371391296387,9.463915824890137,7.7176713943481445,5.878413677215576,4.768338680267334,4.046727180480957,2.906728506088257,1.6400506496429443,0.7361828684806824,-0.29351529479026794,-1.0334137678146362,-1.088380217552185,-0.42160940170288086,0.8223846554756165,2.613464593887329,4.396212577819824,5.7361907958984375,6.8639302253723145,7.193612575531006,7.572674751281738,10.169660568237305,12.84713363647461,15.088213920593262,16.08409309387207,15.079739570617676,13.739540100097656,13.435227394104004,15.098563194274902,17.81756019592285,19.994504928588867,20.6564998626709,19.725683212280273,18.20210075378418,16.777313232421875,16.490930557250977,16.30443572998047,16.7203426361084,19.162254333496094,22.27173614501953
7.873236656188965,9.067278861999512,9.792075157165527,10.108126640319824,10.274500846862793,9.938274383544922,8.699200630187988,6.445303916931152,4.398659706115723,3.2798643112182617,2.526439666748047,2.0531165599823,2.0782527923583984,1.8604693412780762,1.2071521282196045,0.7237319350242615,0.8107967376708984,1.5127973556518555,2.1943485736846924,2.8818726539611816,4.207218170166016,5.890219211578369,7.554076194763184,8.172283172607422,7.594000816345215,7.526595115661621,9.635139465332031,12.457342147827148,14.788214683532715,15.011155128479004,14.08365535736084,14.535449028015137,15.634428024291992,17.02288246154785,19.00818634033203,19.788124084472656,19.659996032714844,20.029098510742188,20.222118377685547,18.76474952697754,17.655780792236328,17.309782028198242,18.815217971801758,22.338314056396484
7.428096294403076,8.781579971313477,9.53116226196289,9.856656074523926,10.103575706481934,9.761784553527832,8.436779975891113,5.903923988342285,3.4793267250061035,2.283611297607422,2.0329527854919434,2.5514044761657715,3.2654616832733154,3.4585304260253906,3.47807240486145,3.486741781234741,3.690892457962036,4.006300926208496,3.8562240600585938,3.6444926261901855,4.194624900817871,5.6048994064331055,7.366594314575195,8.343774795532227,8.477106094360352,8.050999641418457,9.237112998962402,10.984042167663574,12.992273330688477,14.658486366271973,15.26599407196045,15.764230728149414,14.491705894470215,14.805480003356934,16.97678565979004,18.085285186767578,19.20656967163086,21.074399948120117,21.946001052856445,21.15585708618164,19.737091064453125,17.399389266967773,17.530506134033203,20.73507308959961
6.390971660614014,7.985815525054932,9.030899047851562,9.27255916595459,9.498137474060059,9.395888328552246,8.272985458374023,5.699568748474121,3.3724756240844727,2.5167641639709473,2.8071742057800293,3.8205950260162354,4.807137966156006,5.471603870391846,6.21688985824585,6.433991432189941,6.236550331115723,5.755588054656982,5.404597759246826,5.538485527038574,5.620194435119629,5.853451251983643,6.712228775024414,7.768189907073975,8.42153263092041,8.581536293029785,9.545048713684082,10.813630104064941,12.151991844177246,11.986894607543945,11.851624488830566,13.680132865905762,13.160609245300293,14.412616729736328,16.23301124572754,17.10131072998047,19.279508590698242,22.090280532836914,23.747175216674805,24.166513442993164,22.01368522644043,17.46636390686035,16.75904083251953,18.993976593017578
