data/wind_data/wind_70_2.json
{"header": {"parameterUnit": "KT", "parameterCategory": 2, "nx": 256, "ny": 198, "lo1": 44.73521041870117, "la1": -3.236724853515625, "lo2": 111.26478576660156, "la2": 43.468475341796875, "dx": 0.2609002888202667, "dy": -0.23708222806453705, "refTime": "2025-02-21 22:00:00", "forecastTime": 0, "parameterNumber": 2, "parameterNumberName": "eastward_wind"}, "data":
[rows 114 to 132 of 198, columns 129 to 171 of 256]
7.108859062194824,7.30723237991333,7.867435932159424,7.957516193389893,7.4003376960754395,7.682606220245361,9.188335418701172,10.76494026184082,10.84354019165039,9.110513687133789,7.903409957885742,7.9447021484375,8.995652198791504,7.615077018737793,6.45814323425293,3.741800546646118,-1.7691588401794434,-3.3174476623535156,-6.6144256591796875,-7.918930530548096,-8.489701271057129,-8.43106746673584,-8.141641616821289,-8.1053466796875,-8.664586067199707,-9.545282363891602,-9.988981246948242,-9.778629302978516,-9.008296012878418,-7.734178066253662,-6.295578479766846,-4.895642280578613,-3.5877230167388916,-2.381284236907959,-1.1754480600357056,0.055369097739458084,1.2886171340942383,2.4239418506622314,3.058633804321289,3.5599591732025146,3.755305528640747,3.775092124938965,3.139927625656128
9.445618629455566,9.416236877441406,9.442026138305664,9.196158409118652,8.440378189086914,8.082006454467773,8.8097562789917,10.542633056640625,11.89089298248291,11.285347938537598,9.285313606262207,7.511643886566162,7.626853942871094,6.405242443084717,5.753107070922852,2.886178731918335,-3.0755650997161865,-4.152248382568359,-6.774058818817139,-8.022441864013672,-8.945430755615234,-8.972841262817383,-8.754303932189941,-8.19209098815918,-7.749625205993652,-7.714268684387207,-7.753832817077637,-7.641634941101074,-7.107457637786865,-6.007124900817871,-4.637293338775635,-3.049712657928467,-1.458282709121704,-0.06518163532018661,1.185825228691101,2.2975046634674072,2.971038579940796,3.833911180496216,4.181196689605713,3.2951998710632324,1.7047855854034424,0.1567341387271881,-1.914871096611023
11.614754676818848,11.482865333557129,11.461532592773438,10.733580589294434,9.115110397338867,8.17728328704834,8.082448959350586,9.871991157531738,12.110962867736816,12.690780639648438,9.918184280395508,6.495708465576172,4.758820056915283,3.520418882369995,3.173978328704834,0.5833517909049988,-4.367223739624023,-5.295432090759277,-6.698855876922607,-8.009859085083008,-8.59586238861084,-8.495691299438477,-8.182561874389648,-7.7911152839660645,-7.5294647216796875,-7.447917938232422,-7.145991325378418,-6.479114532470703,-5.148142337799072,-3.4552385807037354,-1.573797345161438,0.5202162265777588,2.424607038497925,3.775735378265381,4.650404930114746,5.495193958282471,6.183576583862305,6.315700531005859,5.797330856323242,4.807336330413818,3.376215696334839,2.0042881965637207,0.9817836880683899
12.157135963439941,12.292859077453613,12.13121509552002,11.329976081848145,9.45149040222168,7.965303897857666,7.0699143409729,8.806951522827148,11.669769287109375,12.798264503479004,9.901127815246582,5.756028175354004,1.2419923543930054,-2.4242265224456787,-4.7467942237854,-5.986843585968018,-7.0707597732543945,-6.126275062561035,-6.410684108734131,-7.339733600616455,-7.652326583862305,-7.455570220947266,-6.740985870361328,-6.178201675415039,-5.973644733428955,-6.0267558097839355,-5.996789455413818,-5.0240912437438965,-2.871955156326294,-0.2043372243642807,2.6045494079589844,5.890707969665527,8.561594009399414,10.006539344787598,10.884395599365234,10.641755104064941,9.225174903869629,7.633115291595459,5.336987018585205,5.651671409606934,4.779116153717041,4.237320899963379,4.591856479644775
10.428245544433594,10.758868217468262,10.506952285766602,9.665465354919434,8.539648056030273,7.0778679847717285,6.199214458465576,8.002551078796387,10.951257705688477,11.790776252746582,9.357027053833008,5.32184362411499,-0.4134795367717743,-6.247452735900879,-9.649681091308594,-10.751696586608887,-9.088778495788574,-7.605375289916992,-7.438209056854248,-7.29129695892334,-6.848628044128418,-6.297972679138184,-5.485129356384277,-4.548503875732422,-4.0417799949646,-3.7214629650115967,-2.684523582458496,-0.6338077783584595,2.553729295730591,6.486056804656982,10.662346839904785,15.12555980682373,18.424991607666016,19.538698196411133,21.083229064941406,22.71861457824707,22.08599281311035,18.414283752441406,10.199069023132324,4.330796241760254,5.063769817352295,8.285538673400879,12.160888671875
7.384650707244873,7.299475193023682,7.14750862121582,6.8669657707214355,6.591204643249512,5.874808311462402,5.63616418838501,7.246224880218506,9.577685356140137,10.139725685119629,8.071910858154297,4.082711696624756,-1.2217600345611572,-6.321774005889893,-8.958303451538086,-10.063508033752441,-9.566152572631836,-8.996112823486328,-8.356779098510742,-7.536499977111816,-6.859277248382568,-5.825149059295654,-4.642374515533447,-2.9418108463287354,-1.4165772199630737,0.01050425786525011,2.292311429977417,5.222803592681885,9.308696746826172,14.375798225402832,18.820480346679688,23.179594039916992,27.660146713256836,28.78959083557129,29.127588272094727,30.536468505859375,31.89634132385254,33.894657135009766,25.26941680908203,14.411323547363281,13.729900360107422,18.02959442138672,25.29740333557129
4.27449893951416,3.790268659591675,4.066230297088623,4.549674987792969,4.807018756866455,4.955932140350342,5.208937644958496,6.530141830444336,7.71933650970459,7.536970138549805,4.844749927520752,0.7267772555351257,-3.5741207599639893,-4.394580364227295,-5.864139556884766,-7.09596586227417,-7.4949631690979,-6.761717796325684,-5.777974605560303,-5.646953582763672,-6.063583850860596,-3.7198402881622314,-1.8623126745224,0.42231059074401855,3.4033687114715576,5.862468242645264,8.277145385742188,11.580730438232422,14.43323802947998,17.900619506835938,21.050939559936523,24.76971435546875,29.01354217529297,30.5776309967041,29.935871124267578,29.493974685668945,32.04774856567383,36.812828063964844,30.38426971435547,24.013233184814453,26.870769500732422,30.80839729309082,34.975059509277344
2.5523264408111572,1.5452098846435547,1.731533408164978,2.7372641563415527,3.693601369857788,4.61595344543457,4.9626054763793945,5.4368577003479,5.16736364364624,3.138823986053467,-0.49000486731529236,-3.8703548908233643,-3.0989999771118164,-2.590507745742798,-2.28739070892334,-2.5181326866149902,-2.7518420219421387,-2.7581121921539307,-2.8684897422790527,-3.0169053077697754,-3.3738608360290527,-0.8473610281944275,0.03340824693441391,2.79837965965271,7.082595348358154,11.33120346069336,14.56191349029541,16.842344284057617,17.912351608276367,19.133398056030273,21.45852279663086,25.776906967163086,29.732879638671875,34.737369537353516,27.23278045654297,21.451980590820312,25.415021896362305,33.9413948059082,27.170665740966797,18.712661743164062,23.64759635925293,31.921154022216797,36.23637771606445
1.8310645818710327,-0.07219244539737701,-0.03230665624141693,1.0385459661483765,2.660957098007202,3.496337652206421,3.7190866470336914,2.3416032791137695,-1.031585454940796,-4.000004768371582,-5.5910491943359375,-3.91774582862854,-2.976809024810791,-1.1754432916641235,0.34720444679260254,1.9089856147766113,3.1246261596679688,4.3487982749938965,4.815206527709961,5.789941310882568,5.949047565460205,5.538724899291992,3.115483283996582,3.5375447273254395,7.050892353057861,13.539538383483887,18.952781677246094,20.812973022460938,20.532840728759766,20.188617706298828,21.40545082092285,25.357805252075195,30.660219192504883,34.69561767578125,18.356971740722656,10.873372077941895,19.893280029296875,32.80632400512695,23.755746841430664,8.543634414672852,14.241711616516113,24.04416275024414,27.79587745666504
1.1295995712280273,-1.1762205362319946,-1.3631973266601562,-0.5432203412055969,1.3784959316253662,1.7601606845855713,1.1050368547439575,-3.9205541610717773,-8.317798614501953,-7.752382278442383,-6.603872776031494,-5.618360996246338,-3.3304543495178223,-0.131391704082489,2.162820339202881,5.199182987213135,7.9623122215271,10.687040328979492,12.937817573547363,14.66228199005127,15.47113037109375,15.424084663391113,10.93359088897705,7.91412353515625,8.361834526062012,12.68983268737793,18.544471740722656,21.786657333374023,20.98697280883789,18.99005126953125,19.130735397338867,24.358657836914062,34.26634216308594,35.96082305908203,13.408987998962402,6.728024005889893,19.53750991821289,31.745372772216797,22.23366928100586,10.831770896911621,14.502131462097168,19.816892623901367,19.843372344970703
0.5904451608657837,-1.6129016876220703,-2.24824857711792,-1.446290373802185,-0.1864231377840042,0.42270317673683167,-2.640292167663574,-8.12226390838623,-8.694745063781738,-8.425613403320312,-7.349902153015137,-5.876964092254639,-2.896034002304077,0.9007264375686646,4.610545635223389,8.236239433288574,11.622552871704102,14.98849105834961,18.207090377807617,21.44130516052246,22.748323440551758,22.957355499267578,20.36598014831543,16.98021697998047,17.580087661743164,19.545433044433594,20.2552547454834,20.393888473510742,21.970638275146484,24.49144172668457,23.906225204467773,29.646549224853516,39.035972595214844,37.752349853515625,19.631322860717773,13.593351364135742,20.398733139038086,27.57912826538086,28.99945640563965,29.93942642211914,32.189151763916016,30.0992431640625,26.489839553833008
-0.054679326713085175,-1.849555492401123,-2.5208475589752197,-2.2948341369628906,-1.814846158027649,-2.2530505657196045,-3.920433282852173,-4.798953533172607,-5.0150604248046875,-6.2433180809021,-4.366765022277832,-0.47383084893226624,0.2639908194541931,2.703812599182129,6.23496150970459,8.988643646240234,11.412476539611816,15.117009162902832,18.604354858398438,20.267929077148438,20.44359588623047,20.841562271118164,19.48029899597168,18.899152755737305,19.982379913330078,20.666976928710938,20.460819244384766,20.42421531677246,28.1433048248291,33.19839096069336,32.63728713989258,34.46731948852539,36.541786193847656,31.83553695678711,25.806785583496094,24.8511905670166,27.813474655151367,29.97073745727539,29.580570220947266,31.169418334960938,35.2032356262207,36.774688720703125,35.96078109741211
-0.30837932229042053,-1.526423454284668,-2.7859981060028076,-2.8728532791137695,-4.748053073883057,-5.7845892906188965,-3.253797769546509,-1.3062398433685303,-2.6207518577575684,-1.5013355016708374,0.33796101808547974,3.236133098602295,4.8556389808654785,5.620144844055176,6.843052864074707,8.59286117553711,8.853339195251465,9.639288902282715,13.46874713897705,14.386570930480957,13.928128242492676,15.965044021606445,17.526676177978516,19.57743263244629,22.54902458190918,24.43499183654785,25.731721878051758,29.613765716552734,35.46464538574219,33.844181060791016,32.004276275634766,30.603437423706055,27.381977081298828,25.14295768737793,25.24894905090332,26.100683212280273,27.047348022460938,28.72867774963379,31.01950454711914,33.9114990234375,37.65541076660156,39.096675872802734,37.30095672607422
0.031301192939281464,-1.818368673324585,-2.944140911102295,-1.8293640613555908,-3.727564573287964,-7.283814907073975,-5.884688377380371,-3.1824300289154053,-1.498860478401184,2.946007251739502,4.239276885986328,4.183098793029785,6.400930404663086,6.359516620635986,5.159562110900879,4.47063684463501,3.4958934783935547,3.975862979888916,14.805272102355957,23.851898193359375,20.257246017456055,16.981800079345703,21.70345115661621,26.160884857177734,25.764259338378906,23.652639389038086,23.642520904541016,23.72248649597168,25.7486515045166,28.27199363708496,28.95418357849121,29.470157623291016,31.530481338500977,33.84407043457031,35.90348815917969,37.066627502441406,36.66703414916992,37.38276672363281,40.37960433959961,41.07889938354492,40.946876525878906,38.31367874145508,30.75604820251465
-0.8572696447372437,-2.268646001815796,-2.5165393352508545,-2.2539303302764893,-1.5629990100860596,-2.5242972373962402,-2.3419461250305176,-1.984515905380249,-0.9634674787521362,-4.046146392822266,-4.843660831451416,-1.5968011617660522,1.700119137763977,2.6840507984161377,1.544303297996521,-0.26596590876579285,-1.841445803642273,4.121974468231201,14.751025199890137,26.284921646118164,32.142066955566406,29.237529754638672,29.556652069091797,35.446563720703125,37.589317321777344,38.19140625,39.407470703125,38.17422866821289,36.99700164794922,37.593631744384766,37.57115936279297,36.66349411010742,36.741241455078125,37.96379470825195,39.941551208496094,39.73334884643555,36.59186935424805,35.316341400146484,36.37375259399414,37.01275634765625,36.746009826660156,34.99931335449219,32.31187057495117
-1.923040747642517,-2.469296932220459,-0.8698570132255554,-0.523711621761322,-0.7667644023895264,-1.2762675285339355,-3.191256046295166,-3.2422659397125244,-0.24143962562084198,-5.419937610626221,-4.663457870483398,-2.3160672187805176,-2.2712242603302,0.059374939650297165,0.9413762092590332,-1.92598295211792,2.984022378921509,11.034856796264648,16.9709529876709,25.443811416625977,35.169185638427734,34.82394027709961,30.610017776489258,32.648826599121094,34.11077880859375,33.237640380859375,31.06608772277832,28.852745056152344,28.28174591064453,29.880800247192383,33.633148193359375,35.34099578857422,34.21883010864258,34.1419677734375,35.804603576660156,34.240272521972656,30.457664489746094,29.86884117126465,30.920063018798828,31.733489990234375,32.210453033447266,31.972551345825195,31.764816284179688
-3.1031582355499268,-4.719701290130615,-5.156290054321289,-4.475832462310791,-4.074409008026123,-4.324838161468506,-4.997368812561035,-2.91843318939209,-2.1074182987213135,-3.836059331893921,-2.8182241916656494,-1.838209629058838,-3.23647403717041,-1.3224080801010132,-1.0448006391525269,0.10256914794445038,9.92527961730957,17.43674087524414,21.73785400390625,28.033639907836914,35.43342971801758,36.26332473754883,30.39695930480957,26.54517364501953,24.65635871887207,22.74881362915039,23.057233810424805,26.980224609375,31.225318908691406,32.94844055175781,35.3789176940918,37.23814392089844,36.9155387878418,36.266204833984375,36.731136322021484,36.61590576171875,35.455299377441406,32.574222564697266,28.528789520263672,27.47496223449707,27.916000366210938,26.345060348510742,25.236583709716797
-5.342458248138428,-5.90501594543457,-6.185419082641602,-7.333121299743652,-8.404145240783691,-8.270429611206055,-5.867713928222656,-3.314426898956299,-3.1231610774993896,-3.629857301712036,-3.155461311340332,-0.18475697934627533,-0.6358328461647034,-1.9262429475784302,-3.246058225631714,0.25906747579574585,12.785687446594238,23.097881317138672,27.938934326171875,28.662555694580078,29.153545379638672,28.12834930419922,26.442222595214844,26.283573150634766,27.024757385253906,27.555057525634766,29.408594131469727,33.477359771728516,36.89453887939453,38.68296813964844,39.7996940612793,40.51884841918945,40.44972610473633,40.59901809692383,40.583091735839844,39.036468505859375,37.0316047668457,35.431434631347656,33.10524368286133,30.90869903564453,29.190935134887695,27.522661209106445,26.6739501953125
-5.892136096954346,-5.647441387176514,-5.523986339569092,-6.938121795654297,-6.249038219451904,-4.86742639541626,-3.048046350479126,-3.4344589710235596,-3.7508723735809326,-1.620508074760437,4.6149821281433105,14.889822959899902,5.478751182556152,-3.269763708114624,-1.0985010862350464,8.644775390625,21.033367156982422,29.5567684173584,30.69868278503418,26.48912239074707,21.249624252319336,19.083295822143555,23.08245849609375,28.488866806030273,31.616445541381836,32.52486038208008,33.98062515258789,34.98737335205078,36.27065658569336,37.88314437866211,38.40860366821289,38.23382568359375,37.711788177490234,36.93029022216797,35.12639236450195,32.239768981933594,29.871089935302734,29.22132110595703,28.82691192626953,27.993000030517578,26.736175537109375,25.896581649780273,27.373098373413086
