data/wind_data/wind_47_9.json
{"header": {"parameterUnit": "KT", "parameterCategory": 2, "nx": 256, "ny": 198, "lo1": 44.73521041870117, "la1": -3.236724853515625, "lo2": 111.26478576660156, "la2": 43.468475341796875, "dx": 0.2609002888202667, "dy": -0.23708222806453705, "refTime": "2025-02-20 23:00:00", "forecastTime": 0, "parameterNumber": 2, "parameterNumberName": "eastward_wind"}, "data":
[rows 114 to 132 of 198, columns 86 to 128 of 256]
2.506972551345825,2.569288492202759,1.6645172834396362,0.24531497061252594,0.31196579337120056,1.7366163730621338,3.2082202434539795,3.9233789443969727,3.3010377883911133,2.2533254623413086,1.8512176275253296,2.3831257820129395,3.658501386642456,5.206722736358643,6.443323135375977,7.168760299682617,7.464317798614502,7.683447360992432,8.247638702392578,9.38297176361084,11.111308097839355,13.095669746398926,14.656607627868652,15.356593132019043,15.406136512756348,15.745729446411133,17.138429641723633,19.013803482055664,20.588590621948242,21.52389907836914,21.848161697387695,21.85532569885254,21.942401885986328,22.32947540283203,22.937297821044922,23.69830894470215,24.33757972717285,24.525768280029297,24.07779884338379,23.146276473999023,21.977685928344727,20.880268096923828,20.996946334838867
-2.263740062713623,-3.95294451713562,-4.778151512145996,-3.5609986782073975,-0.9618194699287415,1.8759615421295166,3.5166826248168945,2.6659133434295654,0.3320755660533905,-1.3787082433700562,-1.7959989309310913,-0.9596250653266907,1.1362683773040771,4.241982936859131,7.4994072914123535,9.73067855834961,10.53993034362793,10.581204414367676,10.577651023864746,10.468486785888672,10.518139839172363,11.41258716583252,12.871517181396484,13.978315353393555,14.338878631591797,14.551617622375488,15.53874683380127,17.26335334777832,18.92021369934082,19.927082061767578,20.223346710205078,20.217945098876953,20.578096389770508,21.684825897216797,23.29572868347168,24.944133758544922,25.756649017333984,25.167566299438477,23.446887969970703,21.43252944946289,20.048442840576172,19.586122512817383,20.056882858276367
-8.498641014099121,-9.264561653137207,-7.541220664978027,-4.333475589752197,-0.8207136988639832,2.2703824043273926,3.0567455291748047,1.0068904161453247,-1.6095432043075562,-3.34951114654541,-3.6953988075256348,-2.8045384883880615,-0.500056266784668,3.1649723052978516,7.059765815734863,9.71192741394043,10.962818145751953,11.657675743103027,12.382993698120117,12.542389869689941,11.755648612976074,11.342253684997559,12.145638465881348,12.974466323852539,12.88853645324707,12.699858665466309,13.252412796020508,14.45936393737793,15.81640338897705,16.91730308532715,17.60558319091797,18.156373977661133,19.222721099853516,21.12084197998047,23.477012634277344,25.604578018188477,26.2785587310791,24.7305850982666,21.578580856323242,18.58915138244629,17.171716690063477,17.51583480834961,18.706159591674805
-8.251008987426758,-8.279048919677734,-6.850233554840088,-4.294662952423096,-0.9312191009521484,1.8323334455490112,1.9551115036010742,0.25198107957839966,-1.6343133449554443,-2.675051212310791,-2.384904384613037,-1.3420687913894653,0.5660786628723145,3.598238945007324,6.486204147338867,8.344226837158203,9.649072647094727,11.03779411315918,12.497427940368652,13.37505054473877,13.218457221984863,12.811884880065918,12.832722663879395,12.586403846740723,11.863831520080566,11.492043495178223,11.654200553894043,12.073929786682129,12.505050659179688,13.14129638671875,14.282958030700684,15.928470611572266,18.121280670166016,20.746740341186523,23.492895126342773,25.436731338500977,25.216699600219727,22.339921951293945,18.005651473999023,14.645142555236816,13.935212135314941,15.464216232299805,17.203567504882812
-3.5622544288635254,-3.57369327545166,-2.983715772628784,-1.817348837852478,0.1734582930803299,1.5221034288406372,1.1016443967819214,-0.34155794978141785,-1.7452685832977295,-1.7300951480865479,-0.41654348373413086,1.5523474216461182,3.25287127494812,4.494041919708252,5.48961067199707,6.644943714141846,8.158010482788086,10.040032386779785,11.728689193725586,12.746978759765625,13.29365062713623,13.535433769226074,13.107226371765137,11.988752365112305,11.027615547180176,10.691659927368164,10.525370597839355,9.829838752746582,9.028890609741211,9.31107234954834,11.164529800415039,13.967153549194336,17.130525588989258,20.192659378051758,22.72001075744629,23.793766021728516,22.388660430908203,18.594295501708984,14.01618766784668,10.93233585357666,10.757926940917969,12.445406913757324,13.689109802246094
0.3969772756099701,1.1376756429672241,1.753603458404541,1.706628441810608,1.5449374914169312,1.0949594974517822,-0.07016477733850479,-1.8118764162063599,-2.576200485229492,-1.5440260171890259,0.6240114569664001,3.086702823638916,4.3830718994140625,4.180087089538574,3.9335391521453857,4.86596155166626,6.656036853790283,8.657477378845215,10.094216346740723,11.01609992980957,11.712676048278809,11.924570083618164,11.355419158935547,10.484894752502441,9.853360176086426,9.783464431762695,9.282980918884277,7.722102642059326,6.519500255584717,6.993801593780518,9.244880676269531,12.387187957763672,15.537992477416992,18.17155647277832,19.927507400512695,20.360036849975586,18.818984985351562,15.41934871673584,11.304608345031738,8.257495880126953,7.481171607971191,8.181859970092773,8.713249206542969
2.035557985305786,3.124105453491211,3.682250499725342,3.0621542930603027,1.9761559963226318,0.6065663695335388,-1.158713459968567,-2.7719438076019287,-2.800598382949829,-1.2581281661987305,0.9443879127502441,2.961237907409668,3.817981004714966,3.352375030517578,2.9770727157592773,3.9593536853790283,5.680820941925049,7.116297721862793,7.93426513671875,8.55258560180664,8.822371482849121,8.657552719116211,8.401796340942383,8.229903221130371,8.262057304382324,8.356756210327148,7.933474540710449,6.885462284088135,6.143439769744873,6.5892462730407715,8.272485733032227,10.478804588317871,12.432732582092285,14.126768112182617,15.704253196716309,16.530088424682617,15.746612548828125,13.298144340515137,9.6990327835083,6.316936016082764,5.272575378417969,6.448422431945801,8.066685676574707
2.566720962524414,3.2861711978912354,3.6022462844848633,2.9342916011810303,2.050297975540161,0.6016810536384583,-1.4871176481246948,-2.765231132507324,-2.1249914169311523,-0.6857990622520447,0.6544183492660522,2.019735097885132,3.072838068008423,3.429884672164917,3.3575961589813232,3.9096758365631104,5.045685768127441,5.813053131103516,5.570589065551758,5.218981742858887,5.3740057945251465,5.61721658706665,5.920407295227051,6.449057579040527,7.072086334228516,7.340310096740723,7.358408451080322,7.386348724365234,7.432202339172363,7.608273029327393,8.070379257202148,8.781989097595215,9.618987083435059,10.734688758850098,12.16440486907959,13.211874008178711,12.954977035522461,11.014334678649902,7.8687872886657715,5.627264022827148,6.183868408203125,8.422720909118652,10.372136116027832
2.9420928955078125,2.6367785930633545,2.2839694023132324,2.265592575073242,2.1109445095062256,0.7145180702209473,-1.466957926750183,-2.1036972999572754,-1.245689868927002,-0.10561749339103699,0.487162709236145,1.1221482753753662,2.4037671089172363,3.8638548851013184,4.324814319610596,4.638677597045898,5.580448150634766,6.212722301483154,4.943198204040527,3.088639974594116,2.701582908630371,3.5146939754486084,4.572113037109375,5.480254173278809,6.112859725952148,6.552040100097656,7.245265960693359,8.253081321716309,9.052488327026367,9.166186332702637,8.829477310180664,8.660179138183594,8.819493293762207,9.083577156066895,9.309200286865234,9.328657150268555,8.76990795135498,7.330284595489502,6.254873752593994,6.935390949249268,8.883468627929688,11.205229759216309,12.586434364318848
2.996387004852295,2.0048155784606934,1.4232101440429688,1.8541648387908936,1.9715052843093872,0.6086884140968323,-1.2096936702728271,-1.6141060590744019,-0.7944551706314087,0.312635213136673,0.747999906539917,0.8335033655166626,1.8137010335922241,3.796729326248169,5.100493907928467,5.875057697296143,6.869566917419434,7.187138080596924,5.454287528991699,3.1188852787017822,2.0485105514526367,2.678313970565796,3.8582799434661865,4.778369426727295,5.375195026397705,6.041977882385254,7.19356632232666,8.611241340637207,9.712471008300781,10.063430786132812,9.835309028625488,9.537435531616211,9.295312881469727,8.845297813415527,7.988761901855469,6.854403972625732,6.086599826812744,6.190236568450928,7.309414386749268,9.099952697753906,11.360800743103027,13.645952224731445,14.299818992614746
2.797135591506958,1.8385860919952393,1.4022305011749268,1.9380117654800415,2.0593435764312744,0.6554111838340759,-1.0045603513717651,-1.4325157403945923,-0.10426598787307739,0.3977064788341522,0.06323444843292236,0.46865415573120117,1.7859413623809814,3.5628886222839355,5.403959274291992,6.683058738708496,7.832893371582031,8.092230796813965,6.542916297912598,4.360949516296387,3.05137038230896,2.9606614112854004,3.5900349617004395,4.410409450531006,5.2720046043396,6.467513561248779,7.892533779144287,9.061214447021484,9.766083717346191,10.105661392211914,10.253705024719238,10.255537033081055,10.041324615478516,9.480915069580078,8.64201545715332,7.695796489715576,7.195188522338867,7.424256324768066,8.396181106567383,10.402642250061035,13.297014236450195,15.430517196655273,15.050800323486328
2.1565515995025635,1.2573777437210083,1.1533092260360718,2.2562687397003174,2.555952310562134,0.9948880076408386,-1.0874919891357422,-0.9702271819114685,0.8337428569793701,0.5094450116157532,-0.1653977334499359,0.29193347692489624,1.5169956684112549,3.0497536659240723,5.141057014465332,6.955394744873047,8.348254203796387,8.807150840759277,7.641844272613525,5.680900573730469,4.284458637237549,3.8346924781799316,3.919332504272461,4.405196666717529,5.324207305908203,6.797852993011475,8.454244613647461,9.607720375061035,10.08897590637207,10.235511779785156,10.406888008117676,10.396100997924805,10.146419525146484,9.684680938720703,9.106574058532715,8.77578067779541,8.456368446350098,7.922159671783447,8.581610679626465,11.119236946105957,14.629728317260742,16.117767333984375,15.270179748535156
-0.0460798516869545,-0.31972604990005493,0.9979394674301147,3.162619113922119,4.056943893432617,2.2851829528808594,-0.35506030917167664,0.2817109227180481,2.1280338764190674,1.2227685451507568,0.44735920429229736,0.6881495118141174,1.2464346885681152,2.4634335041046143,4.751238822937012,7.167545795440674,8.760211944580078,9.00658130645752,8.038944244384766,6.719249248504639,5.553308963775635,4.7547783851623535,4.235259056091309,4.229140281677246,4.971567630767822,6.267507553100586,7.939390182495117,9.349712371826172,9.991933822631836,9.96876335144043,9.94470500946045,10.185779571533203,10.072182655334473,9.468181610107422,8.973793983459473,9.06616497039795,9.15205192565918,8.813095092773438,9.254110336303711,11.544831275939941,14.579073905944824,15.8569974899292,14.909432411193848
-1.6202113628387451,-0.7312820553779602,1.839300274848938,4.871943950653076,6.27903413772583,4.338351726531982,1.5805857181549072,2.0076098442077637,3.178861141204834,2.3776328563690186,1.5299288034439087,1.584294080734253,1.816126823425293,2.6892478466033936,4.855356693267822,7.632190704345703,9.111066818237305,8.902703285217285,8.213433265686035,7.744570255279541,7.004403114318848,5.7273149490356445,4.299001693725586,3.4204676151275635,3.7600693702697754,4.882793426513672,6.551975727081299,8.246024131774902,9.209272384643555,9.298830032348633,9.320651054382324,9.6761474609375,9.895901679992676,9.69143009185791,9.503023147583008,9.850057601928711,10.162099838256836,9.681901931762695,9.522979736328125,11.002610206604004,13.220013618469238,14.01934814453125,12.65783977508545
-0.49965134263038635,0.9748458862304688,3.507507562637329,6.1274094581604,7.445039749145508,5.873165130615234,3.3471500873565674,2.6454432010650635,2.9670236110687256,3.2354559898376465,2.7004482746124268,2.7369301319122314,2.97243070602417,3.717984676361084,5.455636978149414,8.086164474487305,9.392572402954102,8.963543891906738,8.390837669372559,8.273346900939941,7.585552215576172,5.56288480758667,3.327711820602417,2.2020864486694336,2.429434299468994,3.58127760887146,5.28296422958374,7.124118804931641,8.39360237121582,8.906438827514648,9.244950294494629,9.774965286254883,10.247483253479004,10.479124069213867,10.76091480255127,10.826017379760742,10.0460205078125,9.020393371582031,9.09350299835205,10.433934211730957,11.915266036987305,11.659034729003906,9.711902618408203
0.837000846862793,2.3482038974761963,4.20965576171875,5.687065601348877,6.661922454833984,6.014986038208008,3.9285426139831543,2.0487616062164307,1.4643498659133911,3.5139265060424805,3.7560858726501465,3.6349785327911377,4.3228583335876465,5.8039021492004395,6.703814506530762,7.8177618980407715,8.372200965881348,7.997282981872559,7.914149761199951,7.957449436187744,6.8710761070251465,4.324522495269775,2.1212313175201416,1.9388326406478882,2.5321075916290283,3.1908419132232666,4.433994770050049,6.2613205909729,7.925929546356201,9.01230525970459,9.703878402709961,10.198345184326172,10.418752670288086,10.712121963500977,11.183062553405762,10.961798667907715,9.860779762268066,8.717085838317871,8.531824111938477,9.576845169067383,10.564823150634766,9.620583534240723,7.558985233306885
0.8030850291252136,1.7233532667160034,2.674894094467163,3.320955753326416,4.461984157562256,4.971282005310059,3.410043239593506,1.3926780223846436,0.36606428027153015,2.684630870819092,4.406496047973633,4.2550950050354,5.513596057891846,7.6353535652160645,7.320240020751953,6.1802449226379395,6.009922504425049,6.658077239990234,7.2607550621032715,6.871963977813721,5.059983253479004,2.7334303855895996,1.643115520477295,2.4431703090667725,3.278183698654175,3.4157345294952393,3.9088234901428223,5.552461624145508,7.650759696960449,9.170875549316406,10.03004264831543,10.348097801208496,10.068081855773926,9.862343788146973,10.425593376159668,10.70202922821045,10.049452781677246,8.863726615905762,8.128381729125977,8.591898918151855,8.95505142211914,7.716531753540039,6.169914722442627
0.13610900938510895,0.34531375765800476,0.34389588236808777,0.6143319010734558,2.1517279148101807,3.4093117713928223,2.403430461883545,0.8409777879714966,0.24647054076194763,1.7549697160720825,3.8680219650268555,4.596979141235352,6.758264064788818,8.412782669067383,7.124674320220947,4.970483779907227,4.9390764236450195,6.266209125518799,6.6135358810424805,5.236380100250244,3.12066650390625,1.7096291780471802,1.955680012702942,3.120346784591675,3.6644229888916016,3.647691011428833,4.0010600090026855,5.179798126220703,7.104284286499023,8.466743469238281,8.964076042175293,8.732377052307129,8.671733856201172,9.603439331054688,11.045065879821777,11.391728401184082,10.689175605773926,9.469379425048828,8.28220272064209,8.037568092346191,7.7353620529174805,6.516862869262695,5.55189323425293
-0.5854035019874573,-0.6685906648635864,-0.7570046186447144,-0.849654495716095,0.17443934082984924,1.3824599981307983,1.0839109420776367,-0.04518456012010574,-0.1777946949005127,1.5461443662643433,3.316117286682129,4.988434314727783,7.675350189208984,8.38690185546875,6.943258285522461,4.786949634552002,4.595169544219971,5.617171287536621,5.577666759490967,3.708178997039795,2.018383741378784,1.695838451385498,2.5237789154052734,3.024940252304077,2.382286787033081,1.8757929801940918,2.4893672466278076,3.818678617477417,5.520442485809326,6.668481826782227,6.970676898956299,6.790937900543213,7.265763282775879,9.24167537689209,11.979104995727539,12.965825080871582,11.461628913879395,9.382445335388184,7.739308834075928,7.30010986328125,7.043037414550781,5.969690322875977,5.3081955909729
