data/wind_data/wind_Surface_32.json
{"header": {"parameterUnit": "KT", "parameterCategory": 2, "nx": 255, "ny": 198, "lo1": 44.73521041870117, "la1": -3.236724853515625, "lo2": 111.26478576660156, "la2": 43.468475341796875, "dx": 0.26192745566368103, "dy": -0.23708222806453705, "refTime": "2025-02-20 08:00:00", "forecastTime": 0, "parameterNumber": 3, "parameterNumberName": "northward_wind"}, "data":
[rows 114 to 132 of 198, columns 86 to 128 of 255]
-0.652989387512207,-2.5028817653656006,-2.8631813526153564,-2.4717273712158203,-0.8921577334403992,-0.13725289702415466,-1.097364068031311,-1.538224458694458,-1.4576810598373413,-2.2680819034576416,-3.0571277141571045,-2.408435106277466,-2.4859507083892822,-1.6391431093215942,-1.3280516862869263,-1.2082995176315308,-0.922161877155304,-1.0713284015655518,-0.6102101802825928,-0.27147388458251953,-0.12122177332639694,-0.1481989026069641,-0.23828980326652527,-0.1338290274143219,0.12951043248176575,0.14747601747512817,0.07020378857851028,0.2772437334060669,0.5730083584785461,0.8084583878517151,0.840796947479248,1.1405078172683716,2.161530017852783,3.1424195766448975,3.3178648948669434,3.0892860889434814,4.7338128089904785,5.582100868225098,5.182429313659668,5.892513275146484,5.976057052612305,5.871530532836914,4.731382846832275
-3.408130168914795,-3.5140180587768555,-2.632274866104126,-0.9983322620391846,0.21105538308620453,-0.5856000781059265,-1.0053856372833252,-1.758218765258789,-2.0461714267730713,-3.703237295150757,-4.043839454650879,-2.4556825160980225,-3.3624699115753174,-2.065735340118408,-1.4386682510375977,-1.1710565090179443,-1.129868745803833,-1.101294755935669,-1.029104232788086,-0.711794912815094,-0.02163092792034149,0.004971918184310198,-0.10256427526473999,0.022497402504086494,0.4394453465938568,0.6548879742622375,0.5655283331871033,0.595485508441925,0.7226616740226746,1.2492146492004395,1.2119641304016113,1.3077248334884644,2.350618362426758,3.3153865337371826,3.8715460300445557,4.486012935638428,5.769969940185547,5.545382022857666,5.378982067108154,5.967995643615723,6.265836238861084,6.001347064971924,5.470213413238525
-5.144944190979004,-3.2665648460388184,-1.6210570335388184,0.2782207131385803,0.4847429394721985,-0.29467830061912537,-1.1086673736572266,-3.1866915225982666,-3.655095100402832,-4.847153663635254,-4.970674514770508,-3.3876872062683105,-3.9794209003448486,-2.5286638736724854,-1.6286096572875977,-1.3493938446044922,-1.3860242366790771,-1.5062644481658936,-1.88579261302948,-1.7679811716079712,-1.1661584377288818,-0.2571992576122284,0.23547393083572388,0.3547518849372864,0.5966179370880127,0.9598022699356079,0.969292938709259,0.8726913332939148,1.108224868774414,1.747563123703003,2.050271511077881,1.8924026489257812,2.4648289680480957,3.2666890621185303,4.3130693435668945,5.550756931304932,7.063989162445068,6.843451499938965,5.525538921356201,5.343049049377441,5.048031806945801,5.450680255889893,5.213772773742676
-3.946826696395874,-0.9687146544456482,1.2919375896453857,0.7716684341430664,-0.4104573428630829,-1.4478155374526978,-1.6997601985931396,-3.4157063961029053,-4.430472373962402,-5.264725685119629,-5.6669816970825195,-4.600202560424805,-4.388501167297363,-3.016664743423462,-2.5580220222473145,-2.8196630477905273,-2.961989164352417,-3.0268990993499756,-3.100285053253174,-3.1176695823669434,-2.7443060874938965,-1.68966543674469,-0.6780856251716614,0.10140713304281235,0.7895384430885315,1.2510558366775513,1.5988725423812866,1.7201855182647705,1.862494707107544,2.179391384124756,2.738475799560547,2.7522153854370117,2.9078261852264404,3.25409197807312,4.375073432922363,6.168798923492432,7.796457290649414,8.528665542602539,7.119219779968262,5.685871601104736,4.737534523010254,4.115823745727539,3.2964189052581787
-2.0419042110443115,-0.0586182065308094,1.4319186210632324,0.7444316148757935,0.3966042101383209,-0.6589186787605286,-2.145033359527588,-3.069460153579712,-4.237493991851807,-5.657548427581787,-6.1652913093566895,-6.063187122344971,-5.5361175537109375,-5.024222373962402,-5.189977169036865,-5.610622882843018,-5.276772975921631,-4.6390581130981445,-4.3382978439331055,-3.7765493392944336,-3.155829668045044,-2.3139872550964355,-1.4477596282958984,-0.40908801555633545,0.6400113105773926,1.6266744136810303,2.2208070755004883,2.4696056842803955,2.7514607906341553,2.857138156890869,3.364902973175049,3.649803638458252,3.9751980304718018,4.144340991973877,4.9692606925964355,6.586162567138672,7.253565788269043,8.263143539428711,8.297150611877441,7.3066864013671875,6.205788612365723,5.746924877166748,5.240362167358398
0.9591493010520935,1.739781141281128,1.256706714630127,0.6739279627799988,-0.324707567691803,-0.5391628742218018,-1.7510584592819214,-3.4990246295928955,-4.513358116149902,-5.8202924728393555,-6.6993408203125,-7.208237171173096,-6.851498603820801,-6.242498397827148,-6.475097179412842,-6.295950889587402,-5.662047386169434,-5.389627456665039,-4.144978046417236,-3.4767022132873535,-2.865016222000122,-1.826176643371582,-0.8790197372436523,-0.03140142187476158,0.6633520126342773,1.5859179496765137,2.7951109409332275,3.4714772701263428,3.596698760986328,3.453632354736328,4.027385711669922,4.077715873718262,4.311662673950195,4.483371257781982,5.2848334312438965,7.020109176635742,7.287917137145996,7.9307661056518555,8.111400604248047,7.606077671051025,7.031144142150879,6.924790382385254,7.363564968109131
3.143859386444092,3.720150947570801,2.226144552230835,0.2609095275402069,-0.8085796236991882,-1.0565487146377563,-1.3474167585372925,-3.201441764831543,-4.271750450134277,-6.000141620635986,-7.303430557250977,-7.6652302742004395,-7.16623592376709,-6.314970016479492,-5.981355667114258,-4.962133407592773,-4.359492778778076,-3.7270004749298096,-3.2424328327178955,-2.8169546127319336,-1.9465954303741455,-1.3351110219955444,-0.48360759019851685,0.42231863737106323,0.9231173396110535,1.2505288124084473,1.9182783365249634,3.143446922302246,3.821606159210205,3.8402202129364014,4.2133259773254395,4.315635681152344,4.701530933380127,4.869696140289307,5.8131537437438965,7.307345867156982,8.975342750549316,8.833718299865723,8.160691261291504,6.847625255584717,6.41251802444458,5.634235858917236,8.300506591796875
4.661877155303955,3.919490098953247,1.7803412675857544,0.08845311403274536,-0.45570987462997437,-0.6279548406600952,-0.7466660737991333,-1.7657848596572876,-4.394413948059082,-6.207898139953613,-7.603610992431641,-7.775512218475342,-6.787942409515381,-6.002812385559082,-4.991523265838623,-3.945915460586548,-3.233888864517212,-2.8230340480804443,-2.8833060264587402,-3.102025270462036,-2.7019705772399902,-1.7508716583251953,-0.5062100291252136,0.5696567296981812,1.0911332368850708,1.326529860496521,1.7451270818710327,2.5765256881713867,3.8506863117218018,4.218235969543457,4.625680923461914,5.0744829177856445,5.34913444519043,5.423517227172852,5.971721172332764,7.571237564086914,9.755830764770508,8.760237693786621,7.6628899574279785,6.342353343963623,5.753410339355469,5.310603141784668,8.367310523986816
6.699548244476318,5.928653240203857,3.003237724304199,0.4628678560256958,-0.9847574234008789,-1.5913982391357422,-0.9267268776893616,-1.7442505359649658,-4.060199737548828,-5.792419910430908,-7.092376232147217,-6.337202072143555,-5.770341873168945,-4.894784450531006,-3.9247372150421143,-3.711919069290161,-3.07857084274292,-2.8892030715942383,-3.029329538345337,-3.256129503250122,-3.2957658767700195,-2.340664863586426,-1.1229840517044067,0.22502665221691132,0.8978837728500366,1.0578463077545166,2.034860134124756,3.3939924240112305,4.728679180145264,5.480608940124512,5.44885778427124,5.652622699737549,5.809048652648926,5.586519718170166,5.863245010375977,7.787803649902344,8.878235816955566,8.234169960021973,7.772442817687988,7.60573673248291,7.797106742858887,7.8341217041015625,8.064817428588867
7.039520740509033,6.538330554962158,3.6470394134521484,1.0544246435165405,-0.19248348474502563,-0.6373992562294006,-0.7428172826766968,-1.9716628789901733,-4.2309956550598145,-5.94997501373291,-7.0690693855285645,-5.588901519775391,-4.361236572265625,-4.0529398918151855,-3.7857604026794434,-3.372124671936035,-2.8883743286132812,-3.0844528675079346,-3.025174140930176,-2.654208183288574,-1.5947645902633667,-0.8757014274597168,-0.8646335005760193,-0.4325401782989502,0.07807166129350662,0.4499986469745636,1.6237692832946777,3.7471492290496826,5.79390811920166,6.521022319793701,6.641354560852051,6.608864784240723,6.502203464508057,5.906563758850098,6.248864650726318,7.649735927581787,7.9456048011779785,7.99436616897583,8.73652172088623,9.554399490356445,10.082518577575684,9.832964897155762,8.1441650390625
6.375319957733154,6.654566764831543,3.8834118843078613,2.1346189975738525,0.26795363426208496,-1.0675309896469116,-1.5041364431381226,-2.2683403491973877,-4.331396102905273,-6.2176408767700195,-7.087879180908203,-6.206453800201416,-4.569119453430176,-4.060328960418701,-3.8028852939605713,-3.0882740020751953,-2.9082565307617188,-2.8061556816101074,-1.516079306602478,-0.846191942691803,-0.41682687401771545,-0.4026889204978943,-0.6010529398918152,-0.5848009586334229,-0.13836833834648132,0.2807200253009796,1.4348276853561401,3.6352293491363525,6.261299133300781,7.672847270965576,8.074699401855469,7.752346515655518,7.513425827026367,6.9914021492004395,7.443856716156006,7.882083892822266,7.726329803466797,8.452424049377441,9.98069953918457,10.94786548614502,11.048942565917969,10.26636028289795,8.826003074645996
5.6567888259887695,5.863988399505615,2.5647189617156982,1.22892165184021,-2.0132951736450195,-3.3401401042938232,-2.0748414993286133,-2.865443706512451,-4.411069393157959,-6.14942741394043,-6.201907157897949,-7.193744659423828,-5.8512444496154785,-5.618124961853027,-4.828673839569092,-4.112546443939209,-3.0953407287597656,-1.8340115547180176,-0.9316083192825317,-0.6114133596420288,-0.8749823570251465,-0.7935014963150024,-0.5698406100273132,-0.06371401250362396,0.5870086550712585,0.9366170167922974,1.5665833950042725,3.2729172706604004,5.835334300994873,7.947519779205322,8.987820625305176,9.313639640808105,8.380213737487793,8.252182960510254,8.581944465637207,8.289085388183594,7.927414417266846,8.529060363769531,10.038057327270508,10.692228317260742,10.799237251281738,10.081655502319336,8.311822891235352
6.041138648986816,6.735626697540283,3.9800117015838623,-0.8342931866645813,-4.383384704589844,-3.1418116092681885,0.5733690857887268,0.28788620233535767,-3.9627039432525635,-5.867298603057861,-4.332713603973389,-6.5353593826293945,-6.305996894836426,-6.0225138664245605,-5.8762712478637695,-5.005812168121338,-3.7102255821228027,-1.867598533630371,-1.190266489982605,-0.296017050743103,0.9732401371002197,1.720194697380066,1.7665096521377563,1.8182212114334106,2.174363136291504,1.831671953201294,1.761049747467041,3.2133982181549072,5.753347873687744,8.220386505126953,9.69857406616211,10.235978126525879,9.603401184082031,9.294960021972656,9.438746452331543,8.735527038574219,8.179628372192383,8.165541648864746,9.239891052246094,10.29725456237793,10.749334335327148,10.100133895874023,8.140724182128906
8.709223747253418,9.235529899597168,5.571262359619141,-0.9451501965522766,-2.730663299560547,1.330644130706787,5.80138635635376,1.8861440420150757,-4.212157726287842,-6.187141418457031,-4.343596458435059,-4.450543403625488,-4.892336845397949,-5.7693023681640625,-5.879627704620361,-6.151520252227783,-3.729677438735962,-1.6010290384292603,-0.19230134785175323,0.6523627638816833,0.9358400106430054,1.1397234201431274,1.4525258541107178,2.0870580673217773,2.6385931968688965,2.2171406745910645,1.8694329261779785,3.1612486839294434,5.751731872558594,8.462752342224121,10.281389236450195,11.145903587341309,11.567642211914062,10.204753875732422,10.290912628173828,9.552525520324707,9.03487777709961,9.408540725708008,10.26668930053711,11.35799789428711,10.786700248718262,10.04665470123291,8.059669494628906
8.879524230957031,11.168423652648926,6.423412799835205,1.2967894077301025,0.9898886680603027,5.5875773429870605,5.231170177459717,-2.33241868019104,-7.195765972137451,-7.895261287689209,-6.374650955200195,-3.8863377571105957,-4.324747562408447,-5.095143795013428,-6.0786967277526855,-5.724374771118164,-3.4385316371917725,-1.8170490264892578,-0.05084497854113579,0.7756795883178711,1.0062764883041382,0.8338646292686462,0.43018603324890137,1.271805763244629,2.7560884952545166,3.2296340465545654,2.7726893424987793,3.4396350383758545,5.69550085067749,8.824272155761719,10.840534210205078,12.31745433807373,11.814464569091797,11.47157096862793,11.462273597717285,11.111507415771484,11.178363800048828,11.737606048583984,11.843220710754395,11.787650108337402,9.934770584106445,9.481956481933594,7.764533042907715
1.8221138715744019,10.557766914367676,8.801116943359375,3.373878240585327,4.196394920349121,6.87722635269165,1.1017329692840576,-6.361416339874268,-8.960424423217773,-8.742280006408691,-8.196654319763184,-5.130929946899414,-4.966518878936768,-5.959060192108154,-6.234361171722412,-5.811223983764648,-3.8305211067199707,-2.1586756706237793,0.01522716972976923,1.717503547668457,1.8564414978027344,2.118624210357666,1.9945646524429321,2.0214200019836426,2.8100616931915283,3.4079740047454834,3.241462469100952,3.4210097789764404,5.396414756774902,8.901044845581055,10.94648551940918,12.762084007263184,12.926797866821289,13.104696273803711,13.13122272491455,12.965506553649902,13.305608749389648,13.358470916748047,12.75998592376709,11.550233840942383,10.146781921386719,9.22322940826416,7.9601874351501465
-5.987466335296631,1.0049889087677002,5.8749003410339355,4.600613117218018,7.21584415435791,7.13090181350708,-1.9688022136688232,-8.112590789794922,-10.098819732666016,-9.323436737060547,-8.98995304107666,-5.823074817657471,-6.022374629974365,-7.6532135009765625,-7.454600811004639,-6.781418800354004,-4.30800199508667,-2.656106472015381,-0.6003058552742004,1.5098601579666138,2.663400173187256,2.4966235160827637,2.879837989807129,3.389678716659546,3.4339921474456787,3.3674204349517822,3.3629772663116455,3.5848283767700195,5.606563568115234,9.148892402648926,12.193121910095215,14.350931167602539,14.881882667541504,14.777650833129883,14.692167282104492,14.517699241638184,14.316376686096191,13.314790725708008,12.088507652282715,11.555214881896973,10.444169044494629,9.357452392578125,7.455284595489502
-10.817645072937012,-7.033349514007568,2.843019485473633,4.4630608558654785,8.213494300842285,5.28719425201416,-5.56832218170166,-10.620805740356445,-11.216048240661621,-10.258700370788574,-10.266275405883789,-5.857199192047119,-6.441799163818359,-8.772993087768555,-8.754913330078125,-7.409021377563477,-5.149312973022461,-3.0502591133117676,-0.8748710751533508,0.8225546479225159,2.653496026992798,3.5342466831207275,3.6945319175720215,3.657058000564575,4.27747917175293,4.667237758636475,4.4277424812316895,4.751347541809082,6.421886444091797,10.200182914733887,13.755561828613281,15.84131145477295,16.301851272583008,16.30840301513672,16.290504455566406,15.831141471862793,14.996705055236816,13.187468528747559,11.125970840454102,11.968734741210938,11.330860137939453,10.16796588897705,8.238137245178223
-17.55455780029297,-10.660012245178223,4.439938068389893,6.972667217254639,9.453097343444824,2.2143120765686035,-9.567769050598145,-12.852927207946777,-12.852882385253906,-11.844793319702148,-12.006305694580078,-8.359025001525879,-6.7925567626953125,-8.675236701965332,-9.459795951843262,-8.298503875732422,-5.742541313171387,-3.4162566661834717,-0.9192871451377869,0.9333897829055786,2.0796010494232178,2.8940975666046143,3.5258946418762207,4.118196964263916,4.36939001083374,5.020339012145996,5.68729305267334,6.541511535644531,7.609097480773926,10.98292350769043,14.482821464538574,16.44200325012207,17.028841018676758,17.482568740844727,18.20514488220215,16.761777877807617,15.680949211120605,13.799013137817383,12.393314361572266,12.344095230102539,10.456805229187012,8.001401901245117,4.838858127593994
