data/wind_data/wind_3_1.json
{"header": {"parameterUnit": "KT", "parameterCategory": 2, "nx": 256, "ny": 198, "lo1": 44.73521041870117, "la1": -3.236724853515625, "lo2": 111.26478576660156, "la2": 43.468475341796875, "dx": 0.2609002888202667, "dy": -0.23708222806453705, "refTime": "2025-02-19 03:00:00", "forecastTime": 0, "parameterNumber": 2, "parameterNumberName": "eastward_wind"}, "data":
[rows 0 to 18 of 198, columns 172 to 214 of 256]
7.685569763183594,8.396320343017578,8.594407081604004,8.483349800109863,8.621464729309082,8.828391075134277,8.81795597076416,8.8445463180542,9.36237907409668,9.827018737792969,9.672088623046875,9.469305038452148,9.527156829833984,9.59031867980957,9.547872543334961,9.72718334197998,10.29251480102539,10.337839126586914,9.716055870056152,9.496274948120117,9.684911727905273,9.72120189666748,9.65256118774414,9.713044166564941,9.768823623657227,9.292768478393555,8.577064514160156,8.125852584838867,7.795169830322266,7.5930891036987305,7.3578901290893555,6.851129531860352,6.383786678314209,6.144215106964111,5.979971408843994,6.007771968841553,5.264095306396484,3.293693780899048,2.255465269088745,2.451436758041382,2.3121578693389893,1.8296760320663452,1.9962314367294312
7.582774639129639,8.311370849609375,8.486043930053711,8.53720760345459,8.798398971557617,9.201098442077637,9.410659790039062,9.450434684753418,9.723593711853027,9.844359397888184,9.369640350341797,9.062567710876465,9.373163223266602,9.7418212890625,9.737205505371094,9.771878242492676,10.145539283752441,10.126181602478027,9.702607154846191,9.784083366394043,10.113240242004395,10.089126586914062,9.851003646850586,9.752199172973633,9.656067848205566,8.863228797912598,7.745885372161865,7.380146026611328,7.225733280181885,6.734855651855469,6.507542133331299,6.539206504821777,6.394570350646973,6.069629669189453,5.670083522796631,5.297739028930664,4.444993495941162,2.8621389865875244,2.058835983276367,2.515949010848999,2.3063113689422607,1.3750165700912476,1.3403584957122803
7.5856499671936035,8.0183687210083,8.105335235595703,8.312528610229492,8.8242769241333,9.416129112243652,9.871284484863281,10.016082763671875,10.032197952270508,9.764049530029297,8.919493675231934,8.632855415344238,9.378257751464844,9.91018009185791,9.61806869506836,9.543363571166992,10.095343589782715,10.179673194885254,9.677271842956543,9.663153648376465,10.041114807128906,10.021881103515625,9.594545364379883,9.290925979614258,8.869596481323242,8.289263725280762,7.651523113250732,7.146868705749512,6.797328948974609,6.065060615539551,5.833165168762207,6.221653461456299,6.3180365562438965,6.123524188995361,5.496273994445801,4.286463260650635,3.3785204887390137,2.907752513885498,2.411285161972046,2.4707894325256348,2.493947982788086,1.9388480186462402,1.159143090248108
7.758273124694824,7.768840789794922,7.7265214920043945,8.0206937789917,8.76743221282959,9.504573822021484,10.057697296142578,10.114300727844238,9.99221134185791,9.58808422088623,8.78570556640625,8.650713920593262,9.351922035217285,9.738797187805176,9.58932876586914,9.54334831237793,10.027068138122559,10.020638465881348,9.491192817687988,9.471917152404785,9.71384334564209,9.614683151245117,9.089317321777344,8.478950500488281,7.874464511871338,7.494388580322266,7.466414451599121,7.1084089279174805,6.430391788482666,5.572071075439453,5.297011852264404,5.72171688079834,5.661091327667236,5.267079830169678,4.7033610343933105,3.6709489822387695,2.430943250656128,2.9621500968933105,2.675449848175049,2.599898099899292,1.8170316219329834,1.4933562278747559,0.9608762264251709
7.581802845001221,7.263927936553955,7.162430286407471,7.6535325050354,8.970243453979492,9.53126335144043,9.687326431274414,9.331233024597168,9.452343940734863,9.21709156036377,8.781253814697266,9.033990859985352,9.317360877990723,9.245716094970703,9.685469627380371,9.912516593933105,10.354045867919922,9.36174201965332,8.576241493225098,9.371893882751465,9.145252227783203,8.735045433044434,8.107644081115723,7.920998573303223,7.418614387512207,6.820415019989014,6.929100513458252,6.95649528503418,5.982123851776123,4.736756324768066,4.237898349761963,4.325163841247559,4.760921478271484,3.653096914291382,3.3256711959838867,2.9391446113586426,0.7166734337806702,2.7180187702178955,3.1940152645111084,2.813427686691284,0.7073442935943604,0.3174416720867157,0.6681207418441772
7.846865653991699,6.987953186035156,6.652741432189941,7.803268909454346,9.06246566772461,8.99321460723877,8.728522300720215,8.926033020019531,9.146885871887207,9.283568382263184,9.091541290283203,8.891471862792969,8.86384105682373,8.744547843933105,8.990259170532227,9.475213050842285,9.933941841125488,9.066102981567383,8.932024002075195,9.098073959350586,8.457935333251953,8.318984985351562,8.35469913482666,7.5221710205078125,6.8622260093688965,6.6854376792907715,6.546694278717041,6.067791938781738,5.991002559661865,5.1505937576293945,4.021553993225098,3.826082229614258,4.515605926513672,3.330479383468628,4.993375301361084,1.712601661682129,0.5579901337623596,2.7024986743927,3.8602755069732666,1.8235654830932617,2.219031572341919,0.99930340051651,2.756342649459839
7.275274276733398,6.421835422515869,6.603238582611084,7.697237014770508,8.517200469970703,8.217422485351562,8.178587913513184,8.507553100585938,9.253387451171875,9.345131874084473,8.61266040802002,8.818921089172363,9.128995895385742,8.65097427368164,8.58242416381836,8.916638374328613,9.364115715026855,9.1277437210083,8.850335121154785,8.37865924835205,8.324475288391113,8.079315185546875,8.057753562927246,7.536468029022217,7.322216510772705,6.393960475921631,5.681785583496094,5.807961463928223,5.964664459228516,5.079410552978516,4.0565505027771,4.15628719329834,3.503300905227661,3.9487521648406982,3.265995740890503,1.180248737335205,2.2384703159332275,2.950467824935913,2.9036569595336914,0.32723426818847656,1.7096878290176392,2.0015528202056885,3.7522361278533936
6.364280700683594,6.138986587524414,6.440418243408203,7.128881454467773,7.7012939453125,8.16323471069336,8.033525466918945,8.14941120147705,8.877115249633789,9.601731300354004,8.396625518798828,8.291439056396484,8.724262237548828,8.674433708190918,8.609115600585938,8.494441986083984,9.002890586853027,9.265321731567383,8.62843132019043,7.9166579246521,8.048625946044922,7.757417678833008,7.825582027435303,7.8546929359436035,7.6116437911987305,6.393367767333984,5.557670593261719,5.457551002502441,5.251718044281006,5.152869701385498,4.705560207366943,4.936502933502197,3.157459259033203,4.3061418533325195,2.030284881591797,0.637789785861969,3.7190020084381104,4.738369941711426,1.4014012813568115,-0.5777667164802551,0.5539820790290833,3.3698768615722656,0.5366998314857483
5.762060642242432,5.973620414733887,6.073258399963379,6.687415599822998,7.366323947906494,7.812101364135742,7.75773286819458,7.768033504486084,8.422771453857422,8.838007926940918,8.153692245483398,8.102368354797363,8.483539581298828,8.546574592590332,8.177248001098633,8.04086971282959,8.91957950592041,9.546847343444824,8.772727966308594,7.727904319763184,7.376167297363281,7.400125503540039,8.012500762939453,8.022747039794922,7.206801891326904,6.409714698791504,5.542780876159668,4.921310901641846,4.8177032470703125,5.320058345794678,5.302157402038574,4.663669586181641,3.400752544403076,3.2899646759033203,2.0335569381713867,2.1127278804779053,4.111194610595703,3.339789867401123,0.09918498992919922,-2.0315587520599365,-1.1757781505584717,-1.1764475107192993,-5.0387163162231445
5.592000961303711,5.822795391082764,5.741802215576172,6.098784923553467,6.772757053375244,7.2555646896362305,7.295052528381348,7.3224101066589355,7.747955799102783,8.20069408416748,7.7312517166137695,7.907036781311035,8.324198722839355,8.23532485961914,7.7828049659729,7.674510478973389,8.607626914978027,9.330657005310059,8.997291564941406,8.174870491027832,7.387310028076172,7.2822771072387695,7.921497344970703,7.514459609985352,6.665970802307129,5.765504360198975,5.184459209442139,5.161275863647461,5.474053382873535,5.430879592895508,5.159494400024414,3.4215238094329834,4.87344217300415,2.064727306365967,2.1627094745635986,4.878546237945557,5.450366020202637,2.4041783809661865,-0.8566955327987671,-2.87785267829895,-3.9128124713897705,-6.72358512878418,-8.475163459777832
5.4139018058776855,5.75702428817749,5.592976093292236,5.37213659286499,5.938485622406006,6.334285736083984,6.65818452835083,6.945821762084961,7.255232810974121,7.76619815826416,7.324369430541992,6.807926654815674,7.463434219360352,7.753835678100586,7.103907108306885,7.11476469039917,7.813783645629883,8.593045234680176,8.784993171691895,8.341178894042969,8.22502613067627,7.965817451477051,7.455267429351807,6.746313095092773,6.4113450050354,5.791144847869873,5.045166969299316,5.1706695556640625,5.502401351928711,4.998993396759033,4.855808734893799,2.659590721130371,4.927980422973633,2.013496160507202,2.9450199604034424,5.124570846557617,4.678058624267578,1.178244709968567,-2.013856887817383,-1.4804702997207642,-2.046969413757324,-7.828456401824951,-7.170779228210449
4.78114128112793,5.06732177734375,4.9307050704956055,4.804551124572754,5.419605255126953,5.44143533706665,5.972254753112793,6.194114685058594,6.899096488952637,7.049401760101318,6.5991315841674805,5.919217109680176,6.152665615081787,6.563712120056152,6.370752334594727,6.786579132080078,7.191769599914551,7.494683265686035,8.070889472961426,8.186750411987305,8.565394401550293,8.469921112060547,7.337225437164307,6.582730293273926,6.35919189453125,5.992557525634766,5.108564853668213,4.555372714996338,4.70037317276001,4.188129901885986,4.345305442810059,2.7259039878845215,4.074650764465332,2.728452205657959,4.000584602355957,3.922531843185425,0.9490393400192261,-2.3856709003448486,-2.6955771446228027,2.020551919937134,-1.7808910608291626,-6.916344165802002,-4.292428970336914
3.7118029594421387,3.787428855895996,3.9884095191955566,4.027603626251221,4.683722972869873,4.866946697235107,5.065295219421387,5.175614356994629,6.341978073120117,6.3560943603515625,5.993437767028809,5.462799549102783,5.534875392913818,5.28855037689209,5.479536056518555,6.550518989562988,6.760830402374268,6.731071949005127,7.29902458190918,7.99548864364624,8.38638973236084,8.273713111877441,7.342404365539551,6.714879512786865,6.1116042137146,5.53726863861084,4.968074798583984,4.182330131530762,3.694059133529663,3.307953119277954,3.475202798843384,3.6028852462768555,3.5588767528533936,2.9531428813934326,3.6840784549713135,0.31657078862190247,-2.512537717819214,-3.9438230991363525,-2.054711103439331,0.686678409576416,-4.533994674682617,-5.946117877960205,-2.840632438659668
2.5969045162200928,2.5359268188476562,3.003232479095459,2.808363914489746,4.270164966583252,4.776701927185059,4.384367942810059,4.097440719604492,5.048244953155518,5.681957244873047,5.464500904083252,4.916050434112549,4.868790149688721,4.867534160614014,5.0860395431518555,6.364253997802734,6.488316535949707,6.152660846710205,6.697958946228027,7.539139270782471,7.614973068237305,7.194026947021484,6.776048183441162,6.125937461853027,5.400647163391113,4.955650329589844,4.312747955322266,3.7636520862579346,2.9014830589294434,2.2425737380981445,2.668109655380249,3.1400797367095947,2.902996063232422,1.2953681945800781,2.534477949142456,-0.8666325807571411,-1.9145647287368774,-0.33941033482551575,-1.370370864868164,-3.854891300201416,-5.552560329437256,-5.526162624359131,-2.4380383491516113
1.9264500141143799,1.9400538206100464,2.3641295433044434,1.681360125541687,3.8659465312957764,4.236422061920166,3.614671230316162,3.2442686557769775,3.9034953117370605,4.7237043380737305,4.820407867431641,4.606224060058594,4.572850704193115,4.599056243896484,4.4323930740356445,5.846622467041016,6.770521640777588,6.4213337898254395,6.167665004730225,6.408120155334473,6.500906944274902,6.464376926422119,5.973730564117432,5.188715934753418,4.545845985412598,4.3151726722717285,3.779614210128784,3.9806690216064453,2.0094211101531982,1.6506259441375732,1.1752865314483643,1.6294622421264648,2.581918239593506,1.52626371383667,2.0963189601898193,-1.8091952800750732,-0.4268110394477844,2.023289680480957,-2.18294620513916,-4.936625003814697,-4.917684555053711,-3.7615809440612793,-1.6487705707550049
1.6587498188018799,1.7813857793807983,1.9934921264648438,2.102179765701294,2.497185707092285,2.703758955001831,2.925917625427246,2.5599095821380615,3.0995962619781494,3.604588031768799,3.8904311656951904,4.195250034332275,4.606743335723877,4.575476169586182,3.9791252613067627,4.96361780166626,6.678756237030029,6.817817211151123,6.152002334594727,5.856453895568848,5.933302402496338,6.2491655349731445,5.5976409912109375,4.5915656089782715,3.800886869430542,3.789452075958252,3.656365394592285,3.824312686920166,1.2864612340927124,0.7773265838623047,-0.4183181822299957,0.8920946717262268,3.727123737335205,2.617912530899048,0.3604624271392822,-4.067294120788574,-1.6835269927978516,0.8783079385757446,-5.701145648956299,-4.63852596282959,-2.9442784786224365,-2.3720648288726807,-0.31257760524749756
1.3073004484176636,1.2854505777359009,1.5212827920913696,1.2377852201461792,1.7690109014511108,2.1339285373687744,2.2010509967803955,2.0194852352142334,2.793179750442505,2.803372383117676,3.4827940464019775,4.250016689300537,4.587309837341309,4.588527202606201,3.7155871391296387,4.058852672576904,5.895144939422607,6.697782516479492,6.3741679191589355,6.238402366638184,6.079432010650635,6.016291618347168,5.676266670227051,4.785484790802002,3.7206692695617676,3.2814817428588867,3.304752826690674,3.121480941772461,0.8658029437065125,-0.7019891142845154,0.05904068052768707,1.7784051895141602,3.6720638275146484,1.7324987649917603,-1.9548587799072266,-5.641895294189453,-3.1521506309509277,-4.6279778480529785,-6.426699161529541,-4.057248115539551,-2.4401187896728516,-0.002802808303385973,-0.29738059639930725
0.6118288040161133,0.6815676093101501,0.5092461705207825,0.6479799747467041,0.9873080849647522,1.424731969833374,1.681464672088623,1.5976821184158325,2.1290221214294434,2.827549457550049,3.8207757472991943,4.422928810119629,4.263322353363037,4.108838081359863,3.501176595687866,3.624628782272339,4.803701877593994,6.0999674797058105,6.591565132141113,6.595266342163086,6.353743553161621,5.57761287689209,5.240704536437988,5.237683296203613,4.381953716278076,3.427731513977051,2.844666004180908,2.3450729846954346,0.39129453897476196,0.2705928385257721,0.615707278251648,2.1397881507873535,2.3764281272888184,0.7190038561820984,-3.4292023181915283,-3.384050130844116,-4.619112968444824,-7.1313276290893555,-3.2373688220977783,-3.0834274291992188,-0.9550124406814575,0.6669591665267944,1.147253394126892
-0.04029114544391632,0.054999567568302155,-0.6140526533126831,-0.17737023532390594,0.02685895562171936,0.5724632143974304,1.1963188648223877,1.6799440383911133,2.0199549198150635,3.0774853229522705,3.7854831218719482,4.127800464630127,3.8252780437469482,3.403381586074829,3.0536277294158936,3.888637065887451,4.7326154708862305,6.16025972366333,6.649166584014893,6.623306751251221,6.350940227508545,5.353835105895996,4.50739860534668,4.780270576477051,4.264759063720703,3.794586181640625,2.62654709815979,1.4528002738952637,0.843863308429718,0.06842595338821411,0.6694703102111816,2.1309685707092285,1.1718186140060425,-0.6082543730735779,-3.2106854915618896,-1.6470006704330444,-4.423135280609131,-6.798672199249268,-3.576453685760498,-1.860967993736267,-0.2985571026802063,0.6601150035858154,0.9867863655090332
