data/wind_data/wind_2025-02-21_13.json
{"header": {"parameterUnit": "KT", "parameterCategory": 2, "nx": 255, "ny": 198, "lo1": 44.73521041870117, "la1": -3.236724853515625, "lo2": 111.26478576660156, "la2": 43.468475341796875, "dx": 0.26192745566368103, "dy": -0.23708222806453705, "refTime": "2025-02-21 13:00:00", "forecastTime": 0, "parameterNumber": 3, "parameterNumberName": "northward_wind"}, "data":
[rows 76 to 94 of 198, columns 129 to 171 of 255]
0.3802106976509094,2.8742871284484863,5.021488666534424,6.118564128875732,7.171646595001221,7.614354133605957,7.895753383636475,8.009491920471191,7.738097667694092,6.697885513305664,5.48412561416626,5.37337589263916,4.884598731994629,3.6697921752929688,5.91761589050293,6.1231770515441895,6.113142490386963,6.374638080596924,6.148356914520264,5.37994909286499,4.585511684417725,4.61345100402832,4.756743431091309,3.613752603530884,2.4822380542755127,1.6299471855163574,0.6763085722923279,-0.6275065541267395,-1.0999678373336792,-1.113661289215088,-1.8342663049697876,-2.6170754432678223,-3.295764923095703,-4.042445659637451,-5.12698221206665,-5.901299476623535,-6.366098403930664,-6.46213436126709,-7.005692005157471,-7.7248125076293945,-8.404662132263184,-9.13837718963623,-9.768438339233398
1.2484632730484009,2.1404309272766113,3.6688573360443115,4.776875972747803,5.118002414703369,5.014101505279541,5.502335548400879,5.921175003051758,5.774191379547119,7.19844388961792,6.853671073913574,6.5226850509643555,5.0480475425720215,4.596005916595459,4.25594425201416,6.803709506988525,6.157066345214844,6.3348212242126465,7.227765083312988,7.009113788604736,5.306417465209961,4.329951763153076,4.732712745666504,4.831269264221191,3.5426816940307617,2.691347122192383,1.5549054145812988,-0.369815468788147,-1.9922012090682983,-0.7176578640937805,-0.43357595801353455,-1.509135127067566,-2.106325626373291,-3.0099923610687256,-3.8087751865386963,-4.39428186416626,-4.989287376403809,-5.2253899574279785,-6.044369697570801,-6.851524353027344,-7.5204854011535645,-8.347864151000977,-9.042874336242676
3.885807514190674,3.4565951824188232,3.851933717727661,4.1751484870910645,3.795070171356201,4.405728816986084,5.410995006561279,5.68602991104126,5.687934398651123,6.0546555519104,6.83568811416626,7.87432861328125,6.0433807373046875,5.453595161437988,4.577726364135742,8.081059455871582,7.467914581298828,6.712273597717285,7.212451934814453,7.8880743980407715,7.017889022827148,6.406643867492676,6.36440896987915,5.662382125854492,4.661935806274414,3.567934274673462,2.5120620727539062,1.5110175609588623,0.5672024488449097,0.20514681935310364,-0.1670553833246231,-1.036471962928772,-1.78486967086792,-2.4031684398651123,-3.0863499641418457,-3.7424869537353516,-4.322248458862305,-4.895206451416016,-5.709802150726318,-6.381103515625,-6.902142524719238,-7.505050182342529,-8.069801330566406
3.3638694286346436,3.8000481128692627,4.29887056350708,5.038608551025391,4.4193501472473145,4.332325458526611,5.269509792327881,5.6961164474487305,6.2412109375,5.73731803894043,7.453685283660889,8.3712739944458,7.466336727142334,6.29548454284668,5.253087043762207,4.501490592956543,7.391180515289307,7.081394195556641,6.853821277618408,7.965694427490234,8.33969497680664,7.823586463928223,7.5961151123046875,7.045309543609619,6.319019317626953,5.399366855621338,4.130612850189209,2.765139102935791,2.1160595417022705,1.625104308128357,0.3812793791294098,-0.40213942527770996,-1.2227897644042969,-1.731481909751892,-2.6140451431274414,-3.41171932220459,-3.914722204208374,-4.397468566894531,-5.093728542327881,-5.752066135406494,-6.240109920501709,-6.699416637420654,-7.1608991622924805
0.9728624224662781,4.368697166442871,5.246396541595459,5.55065393447876,4.797087669372559,4.974595546722412,5.4233317375183105,5.701423645019531,5.347858905792236,4.1966633796691895,5.63520622253418,5.980259895324707,7.736945629119873,5.589284420013428,4.64693546295166,3.200014352798462,3.347966194152832,6.299956321716309,6.709450721740723,7.618526458740234,8.545154571533203,8.252944946289062,7.939237117767334,7.729817867279053,6.95442008972168,6.045971870422363,4.684873104095459,3.0567848682403564,2.1637909412384033,2.0230038166046143,1.3316929340362549,0.33217760920524597,-0.6737797856330872,-1.426064133644104,-2.085909605026245,-2.815742254257202,-3.3314120769500732,-3.6312975883483887,-4.287656307220459,-4.852858066558838,-5.393054008483887,-5.937548637390137,-6.548520565032959
-3.661623954772949,0.9084044098854065,3.662667751312256,3.952274799346924,4.205788612365723,5.124793529510498,5.280725955963135,4.476885795593262,3.2188339233398438,2.8600382804870605,2.8401620388031006,3.826643228530884,4.303867816925049,5.904388904571533,4.6032609939575195,3.3915529251098633,3.6570348739624023,4.850616455078125,4.479436874389648,7.586252689361572,8.542305946350098,8.414630889892578,8.41782283782959,8.32616138458252,7.467813491821289,6.890079498291016,5.901981830596924,4.568996906280518,3.1661159992218018,2.2237348556518555,1.6873263120651245,0.5059624910354614,-0.7189958095550537,-1.2199314832687378,-1.266057014465332,-2.208482027053833,-2.7050459384918213,-3.08180570602417,-3.5851783752441406,-4.134841442108154,-4.7007551193237305,-5.387330532073975,-6.245361328125
-4.551777362823486,-3.871138095855713,-2.0162107944488525,-0.5165637731552124,0.3832886517047882,1.9429030418395996,1.3382093906402588,1.256434440612793,2.6713080406188965,2.295454502105713,0.5653488039970398,1.5845736265182495,3.7357208728790283,7.098080158233643,7.331506252288818,5.4882049560546875,4.821512699127197,6.47752046585083,5.4723334312438965,4.909497261047363,8.29553508758545,9.135202407836914,9.387550354003906,9.07577133178711,8.075963020324707,7.749042510986328,7.316197395324707,6.048581123352051,4.532078742980957,3.232841730117798,2.091620445251465,0.8402860164642334,-0.24015606939792633,-0.3758586347103119,-0.7388423681259155,-1.8077778816223145,-2.1982791423797607,-2.8320858478546143,-3.2980709075927734,-3.9142467975616455,-4.577423572540283,-5.304473400115967,-6.077516078948975
-4.143527507781982,-3.473177671432495,-3.372206926345825,-3.895540952682495,-4.508627891540527,-2.4791014194488525,-2.2181971073150635,-0.9770311713218689,0.34398433566093445,-0.5449853539466858,-0.30475008487701416,1.6812262535095215,3.656419038772583,5.96546745300293,5.872499942779541,9.07406234741211,6.688145637512207,7.244213581085205,6.954437732696533,4.875103950500488,4.197771072387695,7.357447147369385,9.238985061645508,9.773542404174805,9.048930168151855,8.389163970947266,8.065478324890137,7.029402256011963,5.792142868041992,4.387735366821289,2.860381841659546,1.7397820949554443,0.714418351650238,-0.15170571208000183,-0.851668655872345,-1.3918415307998657,-2.0344340801239014,-2.719883918762207,-3.4229140281677246,-4.113818168640137,-4.913912773132324,-5.5434112548828125,-5.906806945800781
-4.849283695220947,-4.061405658721924,-2.055685520172119,-1.7572559118270874,-3.1494593620300293,-3.070486307144165,-1.0990632772445679,0.44880595803260803,-1.050122857093811,-0.9610815048217773,-0.9790526032447815,-0.8605859875679016,0.946439802646637,3.5724270343780518,4.057745933532715,5.98372220993042,7.5436787605285645,6.627180099487305,7.491885662078857,6.841045379638672,3.4889657497406006,2.41640305519104,5.234886169433594,9.609024047851562,9.555644035339355,8.967382431030273,8.413166046142578,7.661089897155762,6.6517534255981445,5.506635665893555,4.286378383636475,3.452415704727173,2.6028945446014404,0.8672389388084412,-0.5817758440971375,-1.2453047037124634,-1.969313144683838,-2.76474928855896,-3.5252840518951416,-4.215414524078369,-5.108181476593018,-5.575831413269043,-5.699947357177734
-3.7973334789276123,-4.880631446838379,-3.4042930603027344,-0.9834098219871521,-1.3659909963607788,-1.5202208757400513,-0.6313954591751099,-1.2393088340759277,-2.3482935428619385,-2.7144181728363037,-2.306414842605591,-2.8916079998016357,-2.396282434463501,-1.1249085664749146,1.8513575792312622,3.6740882396698,8.595515251159668,7.033356666564941,6.5683979988098145,7.829248905181885,5.434034824371338,2.856945276260376,3.3655104637145996,7.646762847900391,10.008606910705566,9.674110412597656,8.87337875366211,8.11567497253418,7.407005310058594,6.593914031982422,5.894166946411133,5.011632442474365,4.090243816375732,2.384230852127075,0.4276370704174042,-0.8897510170936584,-1.8174169063568115,-2.3489575386047363,-3.0847461223602295,-3.8951327800750732,-4.589199542999268,-4.92742395401001,-5.380802631378174
-4.8680219650268555,-4.1242241859436035,-3.8724608421325684,-2.63308048248291,-2.012040138244629,-0.7624960541725159,-0.7557491660118103,-1.8894789218902588,-2.8183212280273438,-2.3068008422851562,-1.2406442165374756,-1.2458471059799194,-1.307509422302246,-2.3498003482818604,-2.164985179901123,3.109187126159668,9.490160942077637,9.231683731079102,7.824531078338623,9.88652515411377,9.122879028320312,7.564493179321289,6.0888214111328125,5.45385217666626,9.375489234924316,10.364938735961914,9.545466423034668,8.77346134185791,8.150525093078613,7.400217056274414,6.486837387084961,5.656322002410889,4.5809125900268555,3.0337154865264893,1.36259925365448,0.047822821885347366,-0.8124767541885376,-1.394106149673462,-2.236464262008667,-2.8355166912078857,-3.1801939010620117,-3.895172595977783,-4.796792030334473
-5.722950458526611,-4.949867248535156,-4.863127708435059,-4.523106575012207,-2.41483473777771,-1.261366367340088,-0.5109314322471619,0.6800339818000793,0.9316219687461853,-0.22249090671539307,-0.8312749862670898,-2.0299222469329834,-1.4482402801513672,-2.0888304710388184,-2.936713933944702,0.6889840364456177,6.27617073059082,9.318737030029297,9.969656944274902,11.277328491210938,10.933238983154297,8.831107139587402,9.083942413330078,7.574962139129639,5.620156288146973,10.574484825134277,10.43226432800293,9.65677547454834,8.778935432434082,7.606574535369873,6.550495147705078,5.76981782913208,5.130615711212158,3.763849973678589,2.242546319961548,1.2978720664978027,0.8370860815048218,0.3259431719779968,-0.5691069960594177,-1.1758677959442139,-1.7510420083999634,-2.884887218475342,-4.172641277313232
-5.484628200531006,-5.998626708984375,-6.121150493621826,-6.0355610847473145,-3.8892853260040283,-2.7413506507873535,-0.8996725678443909,0.8449618220329285,1.209638237953186,-0.7641348838806152,-2.3465473651885986,-3.895331621170044,-3.2490241527557373,-2.7677576541900635,-0.3962632119655609,0.4400516748428345,2.4676566123962402,6.269485950469971,7.955351829528809,7.1640143394470215,6.963709831237793,6.28236198425293,8.289168357849121,9.269179344177246,5.6877641677856445,6.7763447761535645,11.482100486755371,10.986832618713379,10.182351112365723,8.850836753845215,7.33737850189209,6.574669361114502,5.764577865600586,4.46709680557251,3.0958659648895264,2.1455259323120117,1.52735435962677,1.4035359621047974,0.9133132696151733,-0.14085990190505981,-1.0762715339660645,-2.2534666061401367,-3.804436206817627
-3.2425148487091064,-3.779775619506836,-5.230354309082031,-6.170938491821289,-4.645338535308838,-3.953073501586914,-2.5802557468414307,-0.9077548384666443,-1.1162325143814087,-2.2428174018859863,-2.8396923542022705,-3.580724000930786,-2.6810336112976074,-1.8695110082626343,-0.6189968585968018,0.8132109045982361,-0.037274692207574844,-1.6699975728988647,1.8468714952468872,4.012999534606934,3.323589324951172,4.406963348388672,5.024026393890381,8.36832046508789,7.819142818450928,5.757219314575195,11.324334144592285,11.5521821975708,10.954839706420898,10.284560203552246,9.528853416442871,8.324851036071777,7.0557708740234375,5.481186389923096,4.461433410644531,3.411719799041748,2.497947931289673,1.6832146644592285,1.532452940940857,0.9736096262931824,-0.1690179407596588,-1.6230295896530151,-3.3286051750183105
-2.1164262294769287,-1.8868464231491089,-2.5795555114746094,-3.7303197383880615,-4.218324661254883,-5.981379985809326,-5.132691860198975,-3.838589668273926,-3.2037546634674072,-2.711695909500122,-1.627095103263855,-2.4886605739593506,-1.5426146984100342,-3.736098051071167,-3.9353785514831543,-1.180699348449707,-2.8887312412261963,-6.25921630859375,-3.050043821334839,0.9409791231155396,2.8453826904296875,2.8017189502716064,4.11618185043335,7.256845474243164,9.863588333129883,7.014538764953613,8.162869453430176,8.341376304626465,8.108009338378906,8.597397804260254,11.639494895935059,10.363556861877441,8.580826759338379,7.140911102294922,6.1330790519714355,5.197594165802002,4.112132549285889,3.0756795406341553,2.713895320892334,2.3331072330474854,1.0712895393371582,-0.5032053589820862,-2.292123556137085
-3.486424684524536,-2.2346465587615967,-0.36935412883758545,0.0757819414138794,-2.992473602294922,-5.2058000564575195,-5.764616966247559,-3.7830018997192383,-4.464086055755615,-2.18957781791687,0.2920224964618683,1.419668436050415,-1.2224419116973877,-1.1955302953720093,-2.647334575653076,-0.5398774147033691,1.2185401916503906,0.9817716479301453,-0.0831984207034111,1.330878496170044,3.2267849445343018,3.8319919109344482,4.655032157897949,5.7596259117126465,9.067140579223633,8.535387992858887,9.204776763916016,8.798572540283203,8.564482688903809,8.758535385131836,9.28339672088623,11.638925552368164,10.563009262084961,9.14185905456543,8.028698921203613,6.914430141448975,5.993668079376221,5.253937244415283,4.5007147789001465,3.726254463195801,2.5065510272979736,1.085732340812683,-0.40708255767822266
-4.430024147033691,-3.8277177810668945,-2.862499713897705,-1.6462651491165161,-1.0296846628189087,-2.0990493297576904,-4.562591075897217,-4.744119167327881,-4.270575523376465,-2.020263910293579,-0.30542096495628357,2.4673194885253906,0.7495101690292358,-1.1897034645080566,-3.379080295562744,-1.4732650518417358,1.670917272567749,2.2296254634857178,0.0685589462518692,2.532602310180664,3.063185453414917,6.351332664489746,6.933856964111328,6.442294120788574,6.740318298339844,10.417645454406738,12.862385749816895,12.479955673217773,11.601901054382324,9.735391616821289,8.162126541137695,9.20489501953125,12.082894325256348,10.92281723022461,9.922821998596191,8.937661170959473,8.258554458618164,7.523995876312256,6.586324691772461,5.576788902282715,4.5090250968933105,3.2654905319213867,2.1746504306793213
-3.904696464538574,-3.999868154525757,-4.750861644744873,-4.7852067947387695,-1.733298659324646,-0.9724150896072388,-3.343289852142334,-4.014484882354736,-3.8605992794036865,-2.7278597354888916,-2.127584934234619,-1.642655849456787,-0.73493891954422,-2.3523049354553223,-2.818317174911499,-4.951437950134277,-2.8555867671966553,-0.4944458603858948,-2.1274242401123047,-2.5915651321411133,1.2446961402893066,3.5465850830078125,4.553526401519775,5.189170837402344,5.76108455657959,8.281086921691895,10.869545936584473,9.374265670776367,11.10147762298584,11.685632705688477,9.584907531738281,7.716771602630615,8.623939514160156,12.197978973388672,11.180452346801758,10.770391464233398,10.260408401489258,9.630281448364258,8.879512786865234,7.814197063446045,6.949963569641113,5.847335338592529,4.682947635650635
-4.606105804443359,-4.666099548339844,-5.221073627471924,-5.285184860229492,-4.000815391540527,-1.9739733934402466,-2.9817702770233154,-3.5948853492736816,-2.883497714996338,-3.344813108444214,-4.567390441894531,-5.064333915710449,-4.2337260246276855,-3.541945457458496,-0.874182403087616,-2.85719633102417,-1.4631848335266113,0.7028000950813293,0.8769951462745667,-3.0801899433135986,-3.6261255741119385,-2.2296454906463623,1.0586843490600586,2.203727960586548,3.5116238594055176,3.7893764972686768,1.5712991952896118,2.4932682514190674,6.65690803527832,8.512371063232422,8.81730842590332,8.075478553771973,7.882514953613281,12.030510902404785,12.045939445495605,11.823238372802734,11.583282470703125,11.3297700881958,10.735589027404785,9.781984329223633,8.97785472869873,7.871984481811523,6.951957702636719
