data/wind_data/wind_70_2.json
{"header": {"parameterUnit": "KT", "parameterCategory": 2, "nx": 256, "ny": 198, "lo1": 44.73521041870117, "la1": -3.236724853515625, "lo2": 111.26478576660156, "la2": 43.468475341796875, "dx": 0.2609002888202667, "dy": -0.23708222806453705, "refTime": "2025-02-21 22:00:00", "forecastTime": 0, "parameterNumber": 2, "parameterNumberName": "eastward_wind"}, "data":
[rows 95 to 113 of 198, columns 86 to 128 of 256]
-6.088216781616211,-6.169129371643066,-5.549020290374756,-4.651031970977783,-4.3008952140808105,-4.037649631500244,-3.6785221099853516,-5.064948081970215,-7.281338214874268,-8.355751991271973,-8.53176212310791,-8.11512279510498,-7.422688961029053,-6.1728997230529785,-5.286865711212158,-5.037946701049805,-4.595211029052734,-4.573635578155518,-4.378273010253906,-4.145672798156738,-4.0937418937683105,-4.4000372886657715,-4.339369297027588,-3.7155470848083496,-2.9237585067749023,-1.8002082109451294,0.04500094801187515,1.235207438468933,0.3032430112361908,-0.39003118872642517,0.15652447938919067,2.1117849349975586,5.282748222351074,6.296440124511719,5.763136863708496,6.000126838684082,7.272225856781006,8.392597198486328,8.690553665161133,7.583336353302002,5.759673118591309,3.736344575881958,2.8701062202453613
-5.9407477378845215,-5.597322463989258,-4.742997169494629,-4.053597927093506,-3.982074499130249,-3.7474405765533447,-3.177584648132324,-3.771949529647827,-5.480463981628418,-6.519810199737549,-7.205700874328613,-7.4229960441589355,-6.518075942993164,-4.973923683166504,-3.657428503036499,-3.144688367843628,-3.0371673107147217,-3.1921191215515137,-2.6130588054656982,-2.1093497276306152,-1.7625410556793213,-1.8931500911712646,-2.1966092586517334,-1.9016350507736206,-1.5765808820724487,-0.7311833500862122,0.1363193392753601,0.5503567457199097,0.9346883893013,2.4337880611419678,4.914605617523193,6.463013648986816,7.477260112762451,8.34099292755127,6.928718090057373,3.5176239013671875,2.509730100631714,3.5778472423553467,4.977821350097656,5.516510009765625,5.334561824798584,4.372121810913086,3.17305588722229
-5.243396282196045,-4.601161479949951,-3.7787375450134277,-3.360795021057129,-3.498640775680542,-3.5934338569641113,-3.662905216217041,-3.8589158058166504,-4.447074890136719,-4.731611251831055,-5.227817535400391,-5.416178226470947,-4.887929439544678,-4.003646373748779,-2.6543593406677246,-1.5031355619430542,-1.3689963817596436,-1.752086877822876,-1.2981468439102173,-0.41503337025642395,0.46332061290740967,0.6134230494499207,0.0058227842673659325,0.19008997082710266,0.05364189296960831,0.5966980457305908,2.034550905227661,2.9554567337036133,3.8312511444091797,4.043992519378662,3.690941095352173,4.057478904724121,4.866159915924072,5.5522074699401855,4.696930885314941,1.0989525318145752,-1.4904974699020386,-1.4221067428588867,0.0018079974688589573,1.833275556564331,2.859666347503662,3.0311973094940186,2.791628360748291
-4.594138145446777,-3.8510639667510986,-2.9966142177581787,-2.6386353969573975,-3.034780502319336,-3.8099560737609863,-4.854727268218994,-5.363983154296875,-4.912172317504883,-3.8976380825042725,-3.434208631515503,-2.8396778106689453,-1.9672913551330566,-1.072988510131836,0.18753886222839355,1.040519118309021,0.8417451977729797,0.42660781741142273,0.5106478333473206,1.39629065990448,2.2098281383514404,2.265744209289551,1.6568565368652344,1.7919713258743286,2.1408588886260986,2.308964490890503,2.683619499206543,3.4912595748901367,4.013547897338867,3.1960020065307617,1.9338005781173706,1.4901533126831055,1.2887753248214722,0.783167839050293,1.2653135061264038,0.8120259642601013,-1.6682164669036865,-2.895144462585449,-2.356445789337158,-1.23283052444458,-0.5186280608177185,-0.31347137689590454,0.20132207870483398
-3.8557496070861816,-3.3808836936950684,-2.6609511375427246,-2.308567762374878,-2.9438045024871826,-4.084000587463379,-5.200723648071289,-5.4349260330200195,-4.644007682800293,-3.262669563293457,-2.079387664794922,-1.1339550018310547,-0.32492125034332275,0.3806680142879486,1.2639832496643066,1.507843255996704,1.4785338640213013,1.4710685014724731,1.5694620609283447,2.4452333450317383,3.2313215732574463,3.252345561981201,2.9432427883148193,2.593005657196045,2.9357404708862305,2.8959128856658936,2.89389967918396,3.6495440006256104,4.208690166473389,2.9190211296081543,1.0881016254425049,-0.4888375401496887,-0.5638836622238159,-0.4278065860271454,-0.2267112135887146,0.19461983442306519,-0.775378942489624,-1.7985286712646484,-1.5906124114990234,-0.6853621006011963,-0.31564685702323914,-1.4779831171035767,-1.1486023664474487
-2.6796326637268066,-2.8221182823181152,-2.715921640396118,-2.7096915245056152,-3.203160047531128,-3.705789089202881,-3.6949715614318848,-3.274974822998047,-2.6687450408935547,-2.0236496925354004,-1.3820079565048218,-1.0760143995285034,-0.9690361022949219,-0.6492070555686951,-0.1291871815919876,0.2370675951242447,0.8162662982940674,0.6967539191246033,0.9374474287033081,1.9433519840240479,3.322355270385742,3.881042957305908,3.4365947246551514,2.5181987285614014,2.0493485927581787,2.8464443683624268,4.026814937591553,5.189404487609863,5.154453754425049,4.409742832183838,4.628167629241943,5.583211898803711,6.4461469650268555,6.275485992431641,5.075769424438477,4.003939628601074,2.685680627822876,1.47421133518219,0.7169198989868164,0.6865170001983643,0.760667085647583,-0.5460270047187805,-1.0492298603057861
-2.3087265491485596,-3.1879749298095703,-3.8221349716186523,-4.257774829864502,-4.197363376617432,-3.4220492839813232,-2.0264737606048584,-0.9751731753349304,-0.4806698262691498,-0.6509748697280884,-1.1867340803146362,-2.4793028831481934,-3.0545661449432373,-2.8071906566619873,-2.4761157035827637,-1.8831703662872314,-1.1343766450881958,-0.811947762966156,-0.4488164484500885,0.4566488564014435,2.1400914192199707,3.2291407585144043,2.67496657371521,1.2280609607696533,0.20985199511051178,1.5276120901107788,3.7797627449035645,4.768983364105225,5.239089012145996,6.177744388580322,6.763169288635254,6.603808403015137,6.6103291511535645,7.159626007080078,7.195303916931152,6.416083335876465,5.5825347900390625,5.320590019226074,4.079145908355713,3.4708914756774902,3.1079514026641846,1.3302375078201294,-0.9594687223434448
-3.433295488357544,-4.421742916107178,-5.250509738922119,-5.610163688659668,-5.169186592102051,-3.836660385131836,-1.719357967376709,-0.06073516979813576,0.12498576939105988,-0.5802900195121765,-1.766656756401062,-3.518853187561035,-4.182149887084961,-3.993607521057129,-3.4380874633789062,-2.577632188796997,-2.221984624862671,-1.9312808513641357,-2.1408095359802246,-1.6161624193191528,0.04558779299259186,1.3486855030059814,0.6598649024963379,-1.716243863105774,-2.9780113697052,-2.046382427215576,-0.4591483175754547,0.763549268245697,1.5605800151824951,3.3389217853546143,4.501955032348633,4.75321102142334,5.056641578674316,6.041962623596191,6.7170329093933105,6.37884521484375,5.75442361831665,4.875323295593262,4.304388999938965,5.101183891296387,5.63627815246582,3.659440040588379,0.836685299873352
-4.006672382354736,-4.540716171264648,-5.375814914703369,-5.704734802246094,-4.731170654296875,-3.784196376800537,-2.3121557235717773,-0.5473056435585022,-0.4852657914161682,-1.5776289701461792,-3.0808279514312744,-4.092512130737305,-4.218754291534424,-3.8268721103668213,-3.0868711471557617,-2.587219715118408,-2.7853355407714844,-3.1447367668151855,-3.9489223957061768,-3.765164375305176,-3.1194770336151123,-2.7442734241485596,-3.1435623168945312,-5.111220359802246,-5.782530307769775,-5.808002471923828,-4.530947685241699,-1.930362582206726,-0.5438029170036316,1.0740513801574707,2.235590696334839,2.8994879722595215,3.6794939041137695,4.716257095336914,5.3561248779296875,5.272668838500977,5.123167991638184,4.485884189605713,4.206416130065918,4.782933712005615,4.844606399536133,4.230676174163818,3.513982057571411
-2.615931510925293,-3.023810625076294,-3.9870450496673584,-4.861938953399658,-4.077742099761963,-3.1884894371032715,-2.3801562786102295,-1.1708287000656128,-0.6844987273216248,-1.347591757774353,-2.7029170989990234,-3.4091172218322754,-3.555258274078369,-2.7760097980499268,-2.2151925563812256,-2.136976718902588,-2.619921922683716,-3.1323328018188477,-3.765523672103882,-4.36986780166626,-5.697413921356201,-6.763680458068848,-6.085916042327881,-6.131782531738281,-7.275032997131348,-8.68478775024414,-7.384239673614502,-3.056387186050415,-0.8307459354400635,0.4195815920829773,1.2398734092712402,1.7544689178466797,2.6197640895843506,3.7384893894195557,4.23477029800415,3.983236074447632,3.5383524894714355,3.2275872230529785,4.124851703643799,5.603246212005615,5.308017253875732,4.146687030792236,3.7758357524871826
-1.9697407484054565,-2.0181660652160645,-2.381875991821289,-3.9721620082855225,-3.985790491104126,-2.652822494506836,-2.1377692222595215,-1.82388436794281,-1.1140652894973755,-1.2232722043991089,-2.132643222808838,-2.4456183910369873,-2.343963861465454,-1.7456241846084595,-1.568198561668396,-1.381036639213562,-1.441474199295044,-1.804696798324585,-2.230722427368164,-2.4963817596435547,-3.3275973796844482,-5.646285057067871,-6.3483500480651855,-6.316250324249268,-7.800310134887695,-9.425276756286621,-9.02567195892334,-5.329259395599365,-1.6018253564834595,0.06077925115823746,0.4970514178276062,0.19785025715827942,0.9281833171844482,1.9851795434951782,2.1696176528930664,2.2428905963897705,2.4690194129943848,3.7974038124084473,5.275291442871094,6.489527225494385,5.858861923217773,4.195451259613037,2.791663885116577
-2.541698932647705,-2.2483761310577393,-2.759761333465576,-3.9629569053649902,-4.346479415893555,-4.133887767791748,-3.610642671585083,-2.8093533515930176,-2.1967267990112305,-1.7908445596694946,-1.3469237089157104,-1.2079435586929321,-1.34286630153656,-1.8041669130325317,-1.9281140565872192,-1.4359843730926514,-1.4017304182052612,-1.5729990005493164,-1.153542399406433,-0.6938994526863098,-0.22859184443950653,-1.8990237712860107,-3.99430775642395,-5.078800201416016,-7.449453353881836,-9.037666320800781,-8.022212028503418,-5.718751430511475,-2.975416898727417,-1.4782742261886597,-1.2496229410171509,-1.6245728731155396,-1.0280135869979858,-0.4598338007926941,-0.2646409571170807,0.7914143800735474,2.373814821243286,4.647273540496826,6.028471946716309,7.048907279968262,6.704139709472656,4.526180744171143,2.8053269386291504
-5.388225078582764,-5.5155229568481445,-5.104713439941406,-5.128096103668213,-5.113515853881836,-4.686913967132568,-3.654935598373413,-2.8893353939056396,-2.984952688217163,-3.0557172298431396,-2.287851572036743,-1.7003716230392456,-2.09779691696167,-3.0987937450408936,-3.2466914653778076,-2.5111098289489746,-2.0062267780303955,-1.9906723499298096,-1.155238389968872,0.03813542425632477,1.3875479698181152,1.1833059787750244,0.07607142627239227,0.5597587823867798,-2.4255261421203613,-6.814663410186768,-7.001959323883057,-4.396235466003418,-3.132805109024048,-2.68061900138855,-2.680609703063965,-2.6308555603027344,-1.9550628662109375,-1.5287086963653564,-1.0916433334350586,0.27555450797080994,2.276623249053955,4.2065300941467285,5.62974739074707,6.909942626953125,7.301032066345215,5.195828914642334,3.599134922027588
-7.2412238121032715,-8.057395935058594,-8.160014152526855,-7.899825572967529,-7.156937122344971,-6.3277387619018555,-5.6181135177612305,-5.194963455200195,-5.2529168128967285,-5.353748798370361,-4.709414005279541,-3.4201183319091797,-2.0743188858032227,-1.8301849365234375,-2.236335515975952,-2.694812536239624,-2.934938907623291,-3.023163080215454,-2.3195512294769287,-0.5899586081504822,2.1128158569335938,3.6976985931396484,3.319474697113037,3.775155782699585,5.031503677368164,-1.7806938886642456,-6.935052871704102,-4.0509748458862305,-3.6046953201293945,-3.306779623031616,-3.1816656589508057,-3.224053382873535,-2.828744411468506,-2.4818882942199707,-1.9722057580947876,-0.8146492838859558,0.6878137588500977,2.0780086517333984,3.7446072101593018,5.6320881843566895,6.842515468597412,5.848730564117432,4.668575763702393
-8.343066215515137,-9.15149974822998,-9.728720664978027,-9.556180000305176,-9.121369361877441,-8.704351425170898,-8.441003799438477,-8.504542350769043,-8.202664375305176,-7.0510783195495605,-5.327801704406738,-3.3659462928771973,-1.8005101680755615,-1.5234752893447876,-1.943510890007019,-2.630115032196045,-3.401198387145996,-3.5313072204589844,-2.7475826740264893,-0.6785842776298523,1.4190387725830078,2.116340398788452,2.3393893241882324,4.338517189025879,8.273913383483887,4.19819450378418,-5.01314640045166,-4.9524431228637695,-5.00206184387207,-4.664507865905762,-4.116083145141602,-3.8705077171325684,-3.8239850997924805,-3.7739317417144775,-3.119264841079712,-1.868091344833374,-0.6476916074752808,0.5496045351028442,1.8297195434570312,3.4294886589050293,5.01645565032959,5.3154191970825195,4.898106098175049
-6.673328876495361,-7.719888210296631,-9.200395584106445,-9.738844871520996,-9.229668617248535,-8.236621856689453,-7.16868257522583,-6.4360575675964355,-5.708157062530518,-4.97304105758667,-3.9770309925079346,-2.6974194049835205,-1.564524531364441,-1.0551341772079468,-0.8894909024238586,-1.537503957748413,-2.4814276695251465,-2.5358192920684814,-1.5380624532699585,0.16878485679626465,0.8219509124755859,0.30504468083381653,0.48884478211402893,3.414494276046753,7.073714256286621,5.709794521331787,-4.9704909324646,-6.397968769073486,-6.366591453552246,-5.616413116455078,-5.676177978515625,-5.709733009338379,-5.2840895652771,-4.815243244171143,-3.910888195037842,-2.466046094894409,-0.8237810134887695,1.074692964553833,1.9603126049041748,2.588689088821411,3.604797840118408,4.308491230010986,4.200356483459473
-2.832263946533203,-4.061147689819336,-7.3056793212890625,-9.04777717590332,-8.223332405090332,-6.647240161895752,-5.131008148193359,-4.858474254608154,-4.927600383758545,-4.836069107055664,-4.175958156585693,-3.065415620803833,-1.8131619691848755,-1.1656283140182495,-1.5022082328796387,-2.1209049224853516,-2.3393266201019287,-2.404210329055786,-2.2527308464050293,-1.7767823934555054,-2.3929684162139893,-3.4763975143432617,-2.9959685802459717,0.32253965735435486,4.21473503112793,5.994836807250977,-3.3782002925872803,-6.582547187805176,-7.349189281463623,-7.092514991760254,-7.243552207946777,-7.322325706481934,-7.304558753967285,-6.773784637451172,-5.362520217895508,-3.7625880241394043,-1.3958903551101685,1.799165964126587,3.080672264099121,3.4617767333984375,3.886260986328125,4.132093906402588,3.8544135093688965
-1.6873968839645386,-2.451796531677246,-6.543274879455566,-7.940842628479004,-6.852582931518555,-5.236523628234863,-3.6472339630126953,-3.825195789337158,-4.22281551361084,-4.0142669677734375,-3.262525796890259,-2.2529191970825195,-1.3388673067092896,-1.1773005723953247,-1.2769801616668701,-1.151134729385376,-1.3746696710586548,-2.1369388103485107,-2.767606258392334,-3.4126904010772705,-5.257452011108398,-6.989760398864746,-7.808509349822998,-5.916256427764893,-1.0802206993103027,2.959047317504883,-0.7567297220230103,-5.322750091552734,-6.496061325073242,-6.589447975158691,-6.879648208618164,-7.114774227142334,-7.5956034660339355,-7.451533794403076,-6.331474781036377,-4.7106218338012695,-2.1270530223846436,1.365282416343689,3.672194480895996,4.817314624786377,5.306866645812988,4.906064987182617,4.548292636871338
-1.4654988050460815,-3.0608913898468018,-6.2412543296813965,-7.181811332702637,-5.903897285461426,-4.894742012023926,-3.405611038208008,-4.09544038772583,-4.786108493804932,-4.4617109298706055,-3.6548962593078613,-2.826447010040283,-2.0612308979034424,-1.4769471883773804,-1.0374213457107544,-0.9425793290138245,-1.9358930587768555,-3.030928373336792,-3.943740129470825,-4.910614967346191,-6.829771995544434,-9.013189315795898,-10.146624565124512,-9.683177947998047,-5.9506330490112305,-0.6217569708824158,0.740764856338501,-3.0057103633880615,-4.508575916290283,-4.575646877288818,-5.145531177520752,-5.230799674987793,-4.889357089996338,-4.451211452484131,-3.7426340579986572,-2.9278738498687744,-1.2328660488128662,1.2129793167114258,3.7980825901031494,5.908789157867432,6.8995442390441895,6.2466301918029785,5.534374713897705
