data/wind_data/wind_2025-02-20_09.json
{"header": {"parameterUnit": "KT", "parameterCategory": 2, "nx": 255, "ny": 198, "lo1": 44.73521041870117, "la1": -3.236724853515625, "lo2": 111.26478576660156, "la2": 43.468475341796875, "dx": 0.26192745566368103, "dy": -0.23708222806453705, "refTime": "2025-02-20 09:00:00", "forecastTime": 0, "parameterNumber": 2, "parameterNumberName": "eastward_wind"}, "data":
[rows 76 to 94 of 198, columns 129 to 171 of 255]
-1.8486179113388062,-4.296208381652832,-5.3576154708862305,-4.245591163635254,-3.923901319503784,-3.733062982559204,-4.612405300140381,-3.8660902976989746,-2.2785136699676514,-3.2129032611846924,-3.3041563034057617,-2.076075792312622,0.270569771528244,-1.0370179414749146,-1.5253194570541382,0.07755941897630692,-1.1430308818817139,-1.1464375257492065,-1.8484443426132202,-1.9357457160949707,-2.034642219543457,-2.6849076747894287,-2.9471569061279297,-3.2488350868225098,-3.607360601425171,-4.175497531890869,-4.708316326141357,-4.98127555847168,-5.459226131439209,-6.254844665527344,-6.703059196472168,-6.694510459899902,-7.292316913604736,-7.74363374710083,-7.392162322998047,-7.463518142700195,-7.883913516998291,-8.127278327941895,-8.295498847961426,-8.424284934997559,-8.596893310546875,-8.925276756286621,-9.283492088317871
-2.341683864593506,-4.02449369430542,-4.445477485656738,-3.5036509037017822,-3.2159359455108643,-3.2764341831207275,-3.743391513824463,-2.778317928314209,-2.651838541030884,-1.9111607074737549,-1.8736414909362793,-0.5984741449356079,0.658460259437561,-1.5834459066390991,-1.7976402044296265,-2.439234495162964,-1.0145013332366943,-1.3023786544799805,-2.001842975616455,-1.8398462533950806,-2.159611463546753,-2.367577075958252,-2.9376797676086426,-3.129000186920166,-3.3693346977233887,-3.7954976558685303,-4.259274005889893,-4.750915050506592,-5.297767639160156,-5.799304008483887,-6.201435565948486,-6.774036407470703,-7.445964336395264,-7.557616233825684,-7.434486389160156,-7.594964981079102,-7.812410831451416,-8.262343406677246,-8.496561050415039,-8.346359252929688,-8.41102123260498,-8.692269325256348,-9.000038146972656
-1.5428217649459839,-3.0251004695892334,-3.521500587463379,-2.702970027923584,-2.3926501274108887,-2.550658702850342,-1.9868801832199097,-2.114102840423584,-1.9329382181167603,-0.7614715099334717,-1.2149595022201538,0.26383814215660095,1.0019183158874512,-0.40462785959243774,-3.486090660095215,-2.4389405250549316,-0.2648240029811859,-1.6560932397842407,-1.2928484678268433,-2.235516309738159,-2.209277629852295,-2.5239810943603516,-2.6809825897216797,-2.868891477584839,-2.7339518070220947,-3.353951930999756,-3.96964955329895,-4.312973499298096,-4.902566432952881,-5.519682884216309,-6.085589408874512,-6.592678070068359,-6.885178089141846,-7.157443523406982,-7.471028804779053,-7.566440582275391,-7.7250871658325195,-8.196649551391602,-8.514718055725098,-8.503029823303223,-8.342425346374512,-8.242303848266602,-8.406100273132324
-0.5388378500938416,-2.247744560241699,-2.762974262237549,-1.4627898931503296,-1.1450649499893188,-1.3404135704040527,-0.812735378742218,-0.808874785900116,-0.10194408148527145,-0.8701686263084412,0.00041424890514463186,0.5112888813018799,2.0856337547302246,1.0443462133407593,-1.8735384941101074,-2.399050712585449,-2.644530773162842,-1.0357849597930908,-2.2060868740081787,-2.582237720489502,-1.7219327688217163,-2.405230760574341,-2.6679494380950928,-2.541853189468384,-2.7259504795074463,-2.8647682666778564,-3.3672471046447754,-3.645864725112915,-4.199038505554199,-4.935073375701904,-5.585643291473389,-6.101893424987793,-6.4668965339660645,-6.917547225952148,-7.397802829742432,-7.591681480407715,-7.67408561706543,-7.892532825469971,-8.277786254882812,-8.54016399383545,-8.307016372680664,-7.836751937866211,-7.715967178344727
-0.21974238753318787,-0.7850298881530762,-2.1325550079345703,0.008296557702124119,0.27786263823509216,-0.31357842683792114,0.13895440101623535,0.15640564262866974,1.4110419750213623,0.5637102723121643,0.8236648440361023,0.9783322811126709,2.6437082290649414,1.7742174863815308,1.2246348857879639,-1.0270100831985474,-4.172186374664307,-2.1314282417297363,-0.5598040819168091,-1.4395761489868164,-2.127155303955078,-1.9095211029052734,-3.075136423110962,-2.086733341217041,-2.539912700653076,-2.549274206161499,-2.850663900375366,-3.15570068359375,-3.545576572418213,-4.113612174987793,-4.912298679351807,-5.651891708374023,-6.239352226257324,-6.729183673858643,-7.127784729003906,-7.3888115882873535,-7.532124996185303,-7.65698766708374,-7.931138038635254,-8.243109703063965,-8.213537216186523,-7.756077289581299,-7.361008644104004
-1.0949156284332275,-0.815122663974762,-0.7132860422134399,0.16825619339942932,1.0404865741729736,0.5384780764579773,1.2780468463897705,1.3939858675003052,1.2877591848373413,1.9529435634613037,2.432098150253296,2.5652050971984863,3.8282113075256348,3.60951566696167,2.591780424118042,0.1513935774564743,-3.219388484954834,-2.2206687927246094,-1.9087393283843994,-2.4334797859191895,-2.187154769897461,-1.873857855796814,-2.5904839038848877,-2.524409532546997,-2.2426929473876953,-2.3536388874053955,-2.4427573680877686,-2.6744349002838135,-3.0064923763275146,-3.52742075920105,-4.294192790985107,-5.16123628616333,-5.904616355895996,-6.4470624923706055,-6.805286407470703,-7.087967395782471,-7.288295745849609,-7.434901714324951,-7.673997402191162,-7.942990779876709,-7.94671630859375,-7.565755844116211,-7.158258438110352
-1.607732892036438,-0.9619786739349365,-0.7672845125198364,0.00978945754468441,1.1217461824417114,0.7213588953018188,1.660036325454712,1.768669605255127,1.0754401683807373,2.6537883281707764,3.688272476196289,4.655511379241943,6.408534526824951,7.373891353607178,5.486475467681885,3.037410259246826,-0.533984899520874,-1.9397218227386475,-2.1662960052490234,-4.088005065917969,-3.2091362476348877,-2.2945327758789062,-2.7983715534210205,-2.7288568019866943,-2.259169816970825,-2.121150493621826,-2.060781955718994,-2.1758816242218018,-2.496520757675171,-3.0527966022491455,-3.7782368659973145,-4.668105602264404,-5.506457805633545,-6.120667934417725,-6.509657382965088,-6.811368942260742,-7.061898231506348,-7.275338172912598,-7.489260196685791,-7.653021812438965,-7.583526134490967,-7.236566066741943,-6.87021017074585
-1.0219743251800537,-0.5313884019851685,-0.3626309931278229,0.3026959002017975,0.7949812412261963,0.33677035570144653,1.2765679359436035,1.2982518672943115,1.102386474609375,2.4076919555664062,3.9053313732147217,5.581066131591797,7.720707893371582,8.134664535522461,9.85680103302002,6.084563732147217,1.9099111557006836,2.1289429664611816,-1.8736063241958618,-4.290294647216797,-4.900145530700684,-2.5473599433898926,-3.0132124423980713,-3.320986270904541,-1.8140003681182861,-2.146620512008667,-1.6547776460647583,-1.754072666168213,-2.034709930419922,-2.60783052444458,-3.3052005767822266,-4.13994026184082,-4.999842643737793,-5.733068943023682,-6.26742696762085,-6.646659851074219,-6.970426559448242,-7.210897445678711,-7.3434624671936035,-7.334338665008545,-7.136404037475586,-6.844456195831299,-6.537357807159424
0.2339966744184494,0.4017534852027893,0.44096696376800537,0.07623609155416489,0.8464906811714172,0.6896693110466003,-0.01833907887339592,0.7096990346908569,1.5018301010131836,2.8149099349975586,4.659189701080322,6.811288356781006,7.337955951690674,8.056720733642578,8.1210355758667,12.190849304199219,6.548903465270996,-0.7451276779174805,-0.11175800114870071,-3.9818508625030518,-5.735960960388184,-5.234726428985596,-3.3040971755981445,-2.6485483646392822,-2.341701030731201,-1.6991164684295654,-1.6567702293395996,-1.4727818965911865,-1.734639048576355,-2.164310932159424,-2.799290180206299,-3.568485736846924,-4.423348426818848,-5.222819805145264,-5.957423210144043,-6.541894435882568,-7.001468658447266,-7.2708306312561035,-7.293209075927734,-7.085057258605957,-6.722268104553223,-6.392735004425049,-6.151368618011475
1.2410069704055786,1.1378215551376343,1.0424150228500366,0.3894106447696686,0.40133264660835266,0.028037695214152336,0.025144703686237335,1.1250089406967163,1.4337795972824097,2.9583847522735596,4.42594575881958,6.890017032623291,6.936673164367676,7.224292278289795,7.082912921905518,10.559016227722168,5.489129543304443,-2.7323546409606934,-0.44312113523483276,-2.5459063053131104,-4.820174217224121,-6.276339530944824,-4.912333011627197,-2.355766534805298,-1.8476008176803589,-1.5794010162353516,-1.2362805604934692,-1.2953925132751465,-1.3967758417129517,-1.8359839916229248,-2.359612226486206,-3.0670669078826904,-3.8455827236175537,-4.760488033294678,-5.668839931488037,-6.42503547668457,-6.997663497924805,-7.314248085021973,-7.315188407897949,-6.930405139923096,-6.284409523010254,-5.8866190910339355,-5.784911155700684
0.6353164911270142,0.9798344373703003,1.1439199447631836,0.44605013728141785,1.013150930404663,0.2031375914812088,0.5237729549407959,1.352944016456604,1.6574523448944092,3.5816221237182617,5.385186672210693,7.0648193359375,7.269053936004639,7.822226524353027,6.905925273895264,9.395495414733887,6.844656467437744,-0.029201997444033623,-1.3207241296768188,-2.6033055782318115,-4.693030834197998,-5.189823150634766,-4.147027969360352,-3.203408718109131,-1.5303552150726318,-1.5396697521209717,-1.7064235210418701,-1.2894643545150757,-1.4061278104782104,-1.5783251523971558,-2.053511381149292,-2.619140863418579,-3.433415651321411,-4.374909400939941,-5.419633388519287,-6.3874735832214355,-7.028453350067139,-7.30355167388916,-7.204522132873535,-6.660834789276123,-5.885673522949219,-5.459986686706543,-5.405871868133545
0.08516774326562881,0.3374525010585785,0.933203935623169,-0.6114102602005005,0.6728450059890747,1.0437365770339966,0.5389401316642761,0.8840194940567017,2.203089714050293,4.339547634124756,5.130296230316162,7.055093765258789,8.200652122497559,8.246298789978027,8.67449951171875,7.8651533126831055,9.699520111083984,2.4668209552764893,-1.512126088142395,1.2862581014633179,-3.0042355060577393,-1.810099482536316,-2.019138813018799,-3.6558821201324463,-3.771033763885498,-2.8961234092712402,-1.8876168727874756,-1.3691685199737549,-1.0799404382705688,-1.1758923530578613,-1.5957410335540771,-2.3959357738494873,-3.087512731552124,-4.071864128112793,-5.082675933837891,-6.218742370605469,-7.072291374206543,-7.3163228034973145,-6.953887939453125,-6.227652072906494,-5.478087425231934,-5.143458366394043,-5.080577373504639
0.5904969573020935,0.2692268192768097,0.18190233409404755,0.4379054307937622,1.3658467531204224,0.9364375472068787,1.1802352666854858,1.4352306127548218,2.667497396469116,4.917961597442627,5.6039838790893555,7.063758373260498,8.000368118286133,7.966902256011963,8.908146858215332,7.318327903747559,9.346309661865234,3.92242431640625,-1.0407485961914062,3.43460750579834,1.533684492111206,0.6813153028488159,-1.4030086994171143,-5.108725070953369,-5.908912181854248,-4.613443374633789,-3.6013097763061523,-2.2208333015441895,-1.1367876529693604,-1.2633073329925537,-1.7429853677749634,-2.0647060871124268,-2.9356491565704346,-3.7220776081085205,-4.737832069396973,-5.730015754699707,-6.651749134063721,-6.901693344116211,-6.418010711669922,-5.67120361328125,-5.18939733505249,-5.008915424346924,-4.856962203979492
0.5354272127151489,0.6099031567573547,0.57173091173172,0.9084317088127136,1.2840604782104492,1.9120142459869385,2.176180124282837,2.251915216445923,3.5495376586914062,5.219933986663818,6.179803371429443,7.417617321014404,8.370590209960938,8.415350914001465,9.24463939666748,7.607830047607422,8.197816848754883,6.021177768707275,-1.6602131128311157,1.38411283493042,5.056090354919434,2.7321536540985107,-1.5761126279830933,-6.486634254455566,-7.094947814941406,-6.865205764770508,-5.861097812652588,-2.0924973487854004,-1.5944225788116455,-0.012080368585884571,-0.7122196555137634,-2.3409364223480225,-2.749873161315918,-3.735471725463867,-4.275505065917969,-5.312443733215332,-6.030633926391602,-6.174410343170166,-5.718163013458252,-5.261401653289795,-5.082760334014893,-4.996556282043457,-4.688803195953369
1.4027105569839478,1.265567660331726,0.6075339913368225,1.6630059480667114,1.393143892288208,1.9467856884002686,3.41054105758667,3.1738204956054688,4.5325164794921875,5.48599910736084,6.206279277801514,7.9772629737854,8.828470230102539,8.726202011108398,8.540759086608887,8.348917007446289,6.155296802520752,8.038674354553223,3.4395463466644287,0.8956712484359741,6.308348655700684,-5.971905708312988,-7.6750078201293945,-0.34761980175971985,-4.790700912475586,-5.7484450340271,-3.951681137084961,-1.5756434202194214,-0.1897808015346527,-0.8169507384300232,-2.2959494590759277,-2.2983851432800293,-3.1494507789611816,-3.1416234970092773,-3.9576282501220703,-4.935110092163086,-5.648761749267578,-5.718753337860107,-5.3829779624938965,-5.261590957641602,-5.2972307205200195,-5.08078145980835,-4.555298328399658
1.3836514949798584,1.6584298610687256,1.657842993736267,1.584855079650879,0.8800267577171326,1.4751603603363037,3.450894594192505,3.8512215614318848,5.606715202331543,7.023260593414307,7.873258590698242,8.749146461486816,8.709467887878418,6.8972063064575195,6.731005668640137,7.240316867828369,6.273372650146484,5.978161811828613,6.371540069580078,4.389321804046631,5.128289699554443,-2.810135841369629,-9.441487312316895,-5.236539363861084,-0.4306164085865021,-0.5867359638214111,-2.5672435760498047,-1.6717087030410767,0.3418533504009247,-1.016583800315857,-3.8417587280273438,-2.522961139678955,-3.2616477012634277,-3.504920721054077,-3.581716775894165,-4.739774703979492,-5.386412620544434,-5.4632415771484375,-5.20719575881958,-5.3368377685546875,-5.49436092376709,-5.091963768005371,-4.457058906555176
0.6856189370155334,1.1370971202850342,0.8520508408546448,0.5718880295753479,0.4757179319858551,1.2215698957443237,2.703679323196411,4.548559188842773,5.978292942047119,6.709391117095947,7.655965805053711,7.978461265563965,8.766972541809082,6.978727340698242,6.997930526733398,7.313138484954834,5.78989839553833,5.679571628570557,5.793015003204346,2.739823818206787,4.28056526184082,0.5464628338813782,-9.033124923706055,-4.1103901863098145,2.537747621536255,0.8030496835708618,-2.6153218746185303,-1.816517949104309,0.018619444221258163,-0.5983832478523254,-4.070587635040283,-4.92449951171875,-4.406253814697266,-3.8816604614257812,-3.68951678276062,-4.211907863616943,-4.940401554107666,-5.180515289306641,-5.185776233673096,-5.460669994354248,-5.607341289520264,-5.0369873046875,-4.400343418121338
0.530382513999939,0.2850373387336731,0.34882912039756775,-0.21445481479167938,-0.3760117292404175,1.0797204971313477,2.1995372772216797,3.0238687992095947,4.985739707946777,5.5507636070251465,6.375400543212891,6.9599409103393555,7.306624412536621,7.333328723907471,6.484444618225098,8.244718551635742,4.601129531860352,1.3757990598678589,4.625805854797363,3.264115333557129,4.028434753417969,2.528916120529175,-5.141168117523193,-4.381158351898193,1.326777458190918,0.22115859389305115,-3.0080697536468506,-2.2546613216400146,-0.7476833462715149,-0.9835579991340637,-2.7020182609558105,-4.8821210861206055,-5.063511848449707,-5.19300651550293,-4.524204254150391,-3.918532609939575,-4.480839252471924,-4.851144313812256,-5.142899036407471,-5.421003818511963,-5.551069259643555,-4.957095623016357,-4.335010051727295
0.8436031341552734,-0.15939538180828094,-0.208732470870018,0.027729198336601257,-0.4151058495044708,0.24700382351875305,1.4376362562179565,2.8839616775512695,3.6483070850372314,3.580080270767212,4.357614517211914,4.861519813537598,6.0999298095703125,6.249528408050537,6.493460178375244,7.184833526611328,5.051550388336182,4.450049877166748,3.2871031761169434,2.988030433654785,4.086693286895752,3.177534580230713,0.6947219371795654,-1.3756287097930908,-0.32364407181739807,-1.1748727560043335,-4.320545196533203,-3.5477936267852783,-1.5280368328094482,-0.5692378282546997,-2.4003407955169678,-4.197815895080566,-6.986331462860107,-8.1613187789917,-4.605850696563721,-3.92950439453125,-4.396130084991455,-4.959536075592041,-5.160879611968994,-5.534453868865967,-5.680368423461914,-4.988369941711426,-4.430367469787598
