data/wind_data/wind_53_8.json
{"header": {"parameterUnit": "KT", "parameterCategory": 2, "nx": 256, "ny": 198, "lo1": 44.73521041870117, "la1": -3.236724853515625, "lo2": 111.26478576660156, "la2": 43.468475341796875, "dx": 0.2609002888202667, "dy": -0.23708222806453705, "refTime": "2025-02-21 05:00:00", "forecastTime": 0, "parameterNumber": 2, "parameterNumberName": "eastward_wind"}, "data":
[rows 76 to 94 of 198, columns 176 to 219 of 256]
14.820823669433594,13.838111877441406,12.826269149780273,12.156771659851074,11.99343204498291,12.323115348815918,13.0685453414917,14.19167423248291,15.454524040222168,16.41876220703125,16.765844345092773,16.522579193115234,16.260963439941406,16.911964416503906,18.640544891357422,20.665925979614258,22.24580955505371,23.137468338012695,23.289947509765625,22.874265670776367,22.317523956298828,21.606529235839844,20.582927703857422,19.851430892944336,20.279916763305664,21.52152442932129,22.677196502685547,23.488828659057617,23.929967880249023,23.099733352661133,20.688488006591797,18.450817108154297,17.594629287719727,17.68918228149414,18.310115814208984,19.51198959350586,21.05040168762207,22.06714630126953,21.85332489013672,20.39768409729004,18.769916534423828,18.092111587524414,18.352806091308594,19.132413864135742
15.968119621276855,14.88088321685791,13.778494834899902,12.963358879089355,12.760316848754883,13.120156288146973,13.78600025177002,14.55224609375,15.294740676879883,15.893013000488281,16.235429763793945,16.204490661621094,16.100727081298828,16.57229995727539,17.61396026611328,19.191316604614258,21.19834327697754,23.228147506713867,24.430301666259766,24.34126091003418,23.688844680786133,23.06683921813965,21.979867935180664,20.621295928955078,20.112085342407227,20.752595901489258,22.057903289794922,23.557729721069336,24.874553680419922,24.635122299194336,22.065160751342773,19.31764793395996,18.182247161865234,18.299850463867188,18.875490188598633,19.777437210083008,20.849817276000977,21.59456443786621,21.704633712768555,21.115934371948242,20.245759963989258,19.86711311340332,20.155473709106445,20.824996948242188
17.055004119873047,15.916465759277344,14.814451217651367,13.956429481506348,13.738786697387695,14.181806564331055,14.846457481384277,15.362360954284668,15.660954475402832,15.839365005493164,16.004161834716797,16.0952205657959,16.119077682495117,16.134363174438477,16.227163314819336,17.218761444091797,19.741666793823242,22.842084884643555,24.93130111694336,25.071046829223633,24.22816276550293,23.72779083251953,23.117782592773438,21.671688079833984,20.205432891845703,20.00416374206543,21.28928565979004,23.1940860748291,25.032928466796875,25.226360321044922,22.86701774597168,20.012907028198242,18.625673294067383,18.63144874572754,19.24879264831543,19.99620246887207,20.65953254699707,21.212671279907227,21.63540267944336,21.613605499267578,21.257408142089844,21.303070068359375,21.932085037231445,22.7238826751709
18.55658721923828,17.60405731201172,16.760889053344727,16.055809020996094,15.720182418823242,15.900405883789062,16.401782989501953,16.824708938598633,16.897933959960938,16.68829345703125,16.589115142822266,16.693572998046875,16.573514938354492,15.84736156463623,15.127516746520996,15.896507263183594,18.66752052307129,22.04933738708496,24.480634689331055,24.9047908782959,24.07538414001465,23.557111740112305,23.43883514404297,22.433238983154297,20.5926513671875,19.672870635986328,20.503332138061523,22.528169631958008,24.834951400756836,25.571645736694336,23.60850715637207,20.644384384155273,18.821226119995117,18.65082359313965,19.373579025268555,20.065576553344727,20.4893856048584,20.924081802368164,21.42063331604004,21.687803268432617,21.87178611755371,22.517337799072266,23.674196243286133,24.715286254882812
20.413501739501953,19.714216232299805,19.240861892700195,18.892745971679688,18.58223533630371,18.361835479736328,18.40042495727539,18.68041229248047,18.83907127380371,18.668359756469727,18.52866554260254,18.57076644897461,18.0252685546875,16.497766494750977,15.364059448242188,16.108312606811523,18.417856216430664,21.058277130126953,23.19072151184082,24.02482795715332,23.671485900878906,23.153324127197266,23.096433639526367,22.54132843017578,21.090803146362305,19.911779403686523,20.006954193115234,21.83332061767578,24.498685836791992,25.743633270263672,24.142412185668945,21.133792877197266,19.08360481262207,18.876243591308594,19.578819274902344,20.07869529724121,20.292095184326172,20.569334030151367,20.983131408691406,21.55047035217285,22.51659393310547,23.876131057739258,25.380468368530273,26.464975357055664
22.15128517150879,21.445051193237305,21.04742431640625,20.981260299682617,20.92070960998535,20.646650314331055,20.373823165893555,20.409717559814453,20.61141586303711,20.65263557434082,20.72161865234375,20.884050369262695,20.113908767700195,18.195072174072266,17.005359649658203,17.741220474243164,19.387413024902344,20.8896427154541,22.24831199645996,23.31644058227539,23.75994300842285,23.60015869140625,23.17929458618164,22.50143051147461,21.632225036621094,20.869775772094727,20.641006469726562,21.96034812927246,24.338632583618164,25.489036560058594,24.012893676757812,21.281721115112305,19.451950073242188,19.253074645996094,19.844335556030273,20.260616302490234,20.437009811401367,20.669797897338867,21.071481704711914,21.82508087158203,23.34280014038086,25.229598999023438,26.90424156188965,27.85460090637207
23.701791763305664,23.040847778320312,22.531505584716797,22.421724319458008,22.418622970581055,22.24634552001953,22.03943634033203,21.994979858398438,22.054622650146484,22.098596572875977,22.212295532226562,22.352657318115234,21.656309127807617,19.907045364379883,18.916236877441406,19.76702308654785,21.23468780517578,22.242048263549805,23.083545684814453,24.00220489501953,24.848283767700195,25.11910057067871,24.330900192260742,23.115285873413086,22.44005584716797,22.18152618408203,22.143192291259766,23.055233001708984,24.54686164855957,25.094797134399414,23.759923934936523,21.329429626464844,19.54743766784668,19.095619201660156,19.579692840576172,20.18787956237793,20.61664581298828,21.09531021118164,21.720333099365234,22.540294647216797,24.036638259887695,25.941118240356445,27.705440521240234,28.768808364868164
25.113313674926758,24.747867584228516,24.37816047668457,24.196489334106445,24.09640121459961,24.084701538085938,24.174942016601562,24.12677764892578,23.845375061035156,23.494272232055664,23.280807495117188,23.186491012573242,22.437976837158203,20.825754165649414,20.040786743164062,21.05605697631836,22.64922523498535,23.769968032836914,24.57486343383789,25.246660232543945,26.20501708984375,27.1160888671875,26.501611709594727,24.66588592529297,23.456527709960938,23.097335815429688,23.12075424194336,23.839616775512695,24.793537139892578,25.055875778198242,23.92298126220703,21.59686851501465,19.580251693725586,18.791244506835938,19.166494369506836,20.0396728515625,20.713254928588867,21.117765426635742,21.719125747680664,22.8338623046875,24.53862762451172,26.323471069335938,27.945104598999023,29.059213638305664
26.370655059814453,26.292617797851562,26.183103561401367,26.01901626586914,25.87543487548828,26.04753303527832,26.38666343688965,26.39159393310547,25.975080490112305,25.36812973022461,24.81137466430664,24.34217643737793,23.309894561767578,21.571290969848633,20.75845718383789,21.821104049682617,23.562288284301758,24.767724990844727,25.329526901245117,25.7349796295166,26.934911727905273,28.49347496032715,28.40531349182129,26.575626373291016,24.626020431518555,23.324378967285156,23.17743682861328,24.08705711364746,24.929006576538086,24.9486141204834,23.86205291748047,21.896135330200195,20.192750930786133,19.51491355895996,19.73133659362793,20.541858673095703,21.141162872314453,21.165727615356445,21.509992599487305,22.77065658569336,24.715295791625977,26.530288696289062,27.969684600830078,29.059024810791016
27.471006393432617,27.411441802978516,27.26979637145996,26.9518985748291,26.83167839050293,27.232484817504883,27.747507095336914,27.84560775756836,27.534013748168945,27.00152587890625,26.38555145263672,25.748605728149414,24.622690200805664,22.747900009155273,21.658388137817383,22.671592712402344,24.63473129272461,25.953380584716797,26.186037063598633,26.186376571655273,27.41533660888672,29.2861385345459,29.37983512878418,27.35318946838379,25.173830032348633,23.771818161010742,23.733882904052734,24.395824432373047,24.734344482421875,24.56382179260254,23.619020462036133,22.061874389648438,21.076385498046875,20.934051513671875,20.80719757080078,20.734006881713867,20.896352767944336,21.23769187927246,21.913944244384766,23.198326110839844,24.841890335083008,26.245441436767578,27.439180374145508,28.720909118652344
28.421951293945312,28.25408935546875,28.16154670715332,27.828168869018555,27.654979705810547,27.983688354492188,28.45254135131836,28.654409408569336,28.568571090698242,28.187002182006836,27.49314308166504,26.627466201782227,25.386472702026367,23.59848976135254,22.62067413330078,23.56032371520996,25.550676345825195,27.198617935180664,27.697025299072266,27.64982032775879,28.687532424926758,30.353832244873047,30.207130432128906,28.209774017333984,25.68729591369629,24.16383934020996,24.354482650756836,24.759010314941406,24.423046112060547,23.77315902709961,23.137353897094727,22.585662841796875,22.174203872680664,21.789051055908203,21.059743881225586,20.28886604309082,20.36281967163086,21.342321395874023,22.663028717041016,23.99175453186035,25.236642837524414,26.153432846069336,26.97786521911621,28.263837814331055
29.707256317138672,29.220182418823242,29.286081314086914,29.549434661865234,29.82951545715332,30.009620666503906,29.989978790283203,29.8829345703125,29.785978317260742,29.43866729736328,28.592679977416992,27.402530670166016,25.957475662231445,24.416275024414062,23.67442512512207,24.376361846923828,26.150117874145508,27.997882843017578,28.811290740966797,29.018320083618164,30.291837692260742,32.238258361816406,32.511474609375,30.582317352294922,27.407594680786133,25.114126205444336,24.685298919677734,24.75960350036621,24.15693473815918,23.25175666809082,22.79807472229004,22.974260330200195,22.83189582824707,21.611391067504883,20.497636795043945,20.243915557861328,20.679447174072266,21.558822631835938,22.634557723999023,23.88199806213379,25.65448570251465,26.87921142578125,27.153165817260742,27.647010803222656
31.570316314697266,30.536762237548828,30.288124084472656,30.9567928314209,31.941211700439453,32.575584411621094,32.61268997192383,32.343509674072266,32.04911422729492,31.35951805114746,30.049659729003906,28.50916290283203,27.05404281616211,25.989835739135742,25.681663513183594,26.064590454101562,27.117000579833984,28.496273040771484,29.158357620239258,29.391681671142578,30.924842834472656,33.59657669067383,35.06843948364258,33.97969436645508,30.881738662719727,27.452438354492188,25.551528930664062,25.05560874938965,24.59051513671875,23.752620697021484,23.0324649810791,22.685216903686523,22.35906410217285,21.410972595214844,20.51747703552246,20.520750045776367,21.088788986206055,21.761913299560547,22.00432777404785,23.287477493286133,25.828487396240234,27.34675407409668,27.206863403320312,27.22810173034668
33.979217529296875,32.71977233886719,31.859172821044922,32.020477294921875,32.85545349121094,33.738887786865234,34.30876159667969,34.56413269042969,34.5146484375,33.5846061706543,31.757165908813477,29.8638858795166,28.504535675048828,27.9877872467041,28.1397647857666,28.162151336669922,28.155517578125,28.79959487915039,29.481821060180664,29.918689727783203,31.41876792907715,34.242862701416016,36.411006927490234,36.37934112548828,34.04639434814453,30.361602783203125,27.690635681152344,26.976957321166992,26.613927841186523,25.65389060974121,24.098371505737305,22.66106414794922,21.913902282714844,21.585752487182617,21.230567932128906,20.785602569580078,20.812389373779297,21.51985740661621,21.804794311523438,22.77962875366211,25.32408905029297,27.392818450927734,27.668413162231445,27.339088439941406
36.03910827636719,35.20352554321289,34.195343017578125,33.60210037231445,33.5178108215332,33.86355209350586,34.45314025878906,35.05851745605469,35.408363342285156,34.79829406738281,33.13289260864258,31.25381088256836,30.01119613647461,29.930404663085938,30.149789810180664,29.363422393798828,28.281444549560547,28.592561721801758,29.615081787109375,30.32771110534668,31.813926696777344,34.578426361083984,37.127708435058594,37.85797119140625,36.194576263427734,32.98149108886719,30.26610565185547,29.59160804748535,29.711502075195312,28.55689811706543,26.02471351623535,23.486303329467773,22.18943214416504,21.98116111755371,21.866825103759766,21.42483139038086,21.178722381591797,21.90721321105957,22.7061824798584,23.599489212036133,25.438682556152344,27.159284591674805,27.57061195373535,27.402868270874023
37.00827407836914,36.56826400756836,35.94768524169922,35.33231735229492,34.875858306884766,34.800018310546875,35.0366096496582,35.31844711303711,35.450523376464844,35.09407043457031,34.129703521728516,32.85884094238281,32.11007308959961,32.066017150878906,31.464357376098633,29.574539184570312,27.979082107543945,28.173887252807617,29.273420333862305,30.27358055114746,31.942598342895508,34.62379837036133,37.34061813354492,38.704647064208984,37.73662567138672,35.24214172363281,33.00049591064453,31.814945220947266,31.853212356567383,31.054765701293945,28.070575714111328,24.582780838012695,22.602556228637695,22.318424224853516,22.399473190307617,22.115449905395508,22.266958236694336,23.32867431640625,24.38216781616211,25.353130340576172,26.611618041992188,27.571805953979492,27.79936408996582,27.868059158325195
37.534996032714844,37.01945114135742,36.643043518066406,36.39997863769531,36.28746032714844,36.55573654174805,37.07590103149414,37.22134017944336,36.84114074707031,36.09621810913086,35.06031036376953,34.30520248413086,34.46702194213867,34.74894714355469,33.43069076538086,30.567359924316406,28.39397621154785,28.21614646911621,29.28759765625,30.59731101989746,32.27705764770508,34.74673080444336,37.55287551879883,39.230796813964844,38.78023910522461,37.14533996582031,35.577693939208984,33.958839416503906,32.86932373046875,32.36534881591797,29.77701759338379,25.51614761352539,22.629878997802734,22.37787628173828,22.957809448242188,22.973058700561523,23.323911666870117,24.622648239135742,26.271007537841797,27.640378952026367,28.586511611938477,28.974538803100586,29.003253936767578,29.31144905090332
38.316532135009766,37.641239166259766,37.04143142700195,36.752559661865234,36.98405456542969,37.95206832885742,39.26814270019531,39.929954528808594,39.57860565185547,38.34212112426758,36.72364807128906,35.9244384765625,36.6448860168457,37.38488006591797,36.074886322021484,33.092288970947266,30.543142318725586,29.644521713256836,30.218246459960938,31.357648849487305,32.674407958984375,34.77400207519531,37.78657913208008,39.9179801940918,39.748435974121094,38.607566833496094,37.59071350097656,36.27143096923828,34.68712615966797,33.315513610839844,31.068899154663086,26.939159393310547,23.52342987060547,22.81198501586914,23.2394962310791,23.455053329467773,24.074398040771484,25.528162002563477,27.30600357055664,28.98282241821289,30.072420120239258,30.31036949157715,30.36338996887207,30.881807327270508
38.665626525878906,38.04621124267578,37.37203598022461,36.94728469848633,37.28279113769531,38.681400299072266,40.60930633544922,41.91236877441406,41.8975715637207,40.52337646484375,38.44229507446289,37.49528503417969,38.638729095458984,39.93112564086914,38.962181091308594,36.27442932128906,33.74036407470703,32.26673889160156,31.981624603271484,32.443782806396484,33.202293395996094,34.81877899169922,37.740570068359375,40.350608825683594,40.81938934326172,40.154361724853516,39.67301559448242,38.891868591308594,37.38268280029297,35.10414123535156,32.308223724365234,28.865753173828125,25.553298950195312,23.976110458374023,23.891498565673828,24.325536727905273,25.22936248779297,26.276762008666992,27.337364196777344,29.137155532836914,30.762529373168945,31.247188568115234,31.401268005371094,31.949909210205078
