data/wind_data/wind_12_4.json
{"header": {"parameterUnit": "KT", "parameterCategory": 2, "nx": 256, "ny": 198, "lo1": 44.73521041870117, "la1": -3.236724853515625, "lo2": 111.26478576660156, "la2": 43.468475341796875, "dx": 0.2609002888202667, "dy": -0.23708222806453705, "refTime": "2025-02-19 12:00:00", "forecastTime": 0, "parameterNumber": 2, "parameterNumberName": "eastward_wind"}, "data":
[rows 76 to 94 of 198, columns 176 to 219 of 256]
8.532674789428711,9.265767097473145,9.969830513000488,10.428788185119629,10.725464820861816,11.094676971435547,11.566439628601074,12.022162437438965,12.420082092285156,12.829191207885742,13.33470344543457,13.803601264953613,14.125679969787598,14.723456382751465,14.908614158630371,14.114990234375,14.313007354736328,13.532899856567383,12.104854583740234,11.88541030883789,12.337471008300781,11.902810096740723,11.417154312133789,11.153460502624512,10.734057426452637,10.406274795532227,11.210099220275879,11.710497856140137,11.82585620880127,10.408286094665527,10.797991752624512,12.270561218261719,11.016316413879395,6.422459125518799,5.151668071746826,6.531437397003174,4.877174377441406,3.3078839778900146,7.103704452514648,13.144390106201172,16.2673397064209,15.073667526245117,15.045950889587402,14.16634464263916
8.604131698608398,9.091252326965332,9.742630004882812,10.304380416870117,10.678963661193848,11.021588325500488,11.553956985473633,12.234951972961426,12.803868293762207,13.240019798278809,13.623687744140625,13.966943740844727,14.446828842163086,14.873345375061035,15.263707160949707,14.6436767578125,14.384743690490723,14.916897773742676,13.748454093933105,12.050362586975098,11.453476905822754,12.561753273010254,12.561135292053223,12.135526657104492,11.86681079864502,11.466546058654785,11.486709594726562,11.787680625915527,12.43380355834961,12.498366355895996,11.102834701538086,13.355069160461426,11.644015312194824,6.578333377838135,5.108184337615967,7.189882755279541,7.572534084320068,9.033066749572754,11.920595169067383,13.182870864868164,14.030624389648438,13.781713485717773,16.412553787231445,15.19591999053955
8.983796119689941,9.138859748840332,9.494091033935547,10.01286792755127,10.531562805175781,10.989307403564453,11.473447799682617,12.177291870117188,12.968748092651367,13.590238571166992,13.949344635009766,14.413202285766602,14.599438667297363,14.968206405639648,15.029878616333008,15.710583686828613,14.412313461303711,14.90699577331543,15.06047534942627,14.158696174621582,11.885493278503418,11.883420944213867,12.84011459350586,12.873978614807129,12.932990074157715,12.77445125579834,12.249371528625488,12.002159118652344,12.953020095825195,14.40165901184082,12.889089584350586,13.93236255645752,13.945169448852539,10.65104866027832,7.587258338928223,7.392173767089844,9.09984302520752,7.472751140594482,5.230340480804443,7.746174335479736,12.232442855834961,13.837998390197754,15.229286193847656,16.914011001586914
9.790691375732422,9.689728736877441,9.576102256774902,9.810789108276367,10.358621597290039,10.996506690979004,11.61611557006836,12.251401901245117,12.981976509094238,13.713997840881348,14.221165657043457,14.760042190551758,14.918377876281738,15.376189231872559,15.079301834106445,16.05913734436035,15.840165138244629,15.089739799499512,16.112071990966797,14.976324081420898,13.440743446350098,12.170666694641113,12.523006439208984,12.990767478942871,13.75494384765625,13.880240440368652,13.339282035827637,12.80831527709961,13.657057762145996,15.407483100891113,15.853589057922363,15.109533309936523,15.886880874633789,15.536550521850586,11.868132591247559,9.155696868896484,10.828075408935547,7.537630081176758,5.071357250213623,8.878276824951172,13.263936996459961,13.922579765319824,12.595141410827637,16.903606414794922
10.906571388244629,10.825331687927246,10.490177154541016,10.25175666809082,10.507492065429688,11.135891914367676,11.828778266906738,12.475186347961426,13.106231689453125,13.741418838500977,14.349990844726562,14.824689865112305,15.307672500610352,15.584917068481445,15.607048034667969,16.05753517150879,16.745067596435547,15.681827545166016,16.352846145629883,15.664937973022461,14.557988166809082,13.31813907623291,12.577341079711914,12.960301399230957,14.084344863891602,14.838708877563477,14.831226348876953,14.412100791931152,15.08951187133789,17.050025939941406,17.606407165527344,16.553112030029297,17.139549255371094,17.64079475402832,16.052026748657227,12.841567993164062,14.991896629333496,12.110034942626953,10.14365005493164,12.547059059143066,14.660490989685059,13.741350173950195,10.327482223510742,11.716700553894043
11.847445487976074,11.92523193359375,11.84886646270752,11.589606285095215,11.479433059692383,11.782842636108398,12.345508575439453,12.913997650146484,13.404884338378906,13.88692569732666,14.456426620483398,14.934886932373047,15.613724708557129,15.750138282775879,16.46166229248047,16.35201072692871,16.93862533569336,15.637981414794922,15.851534843444824,16.44942855834961,15.703133583068848,14.438504219055176,13.021515846252441,13.177865982055664,14.431453704833984,15.53304386138916,15.964256286621094,16.380529403686523,17.538728713989258,18.472440719604492,19.486536026000977,18.268985748291016,18.069547653198242,18.183818817138672,18.12777328491211,17.311756134033203,18.73127555847168,17.24883270263672,15.91478443145752,15.995885848999023,15.409403800964355,14.489877700805664,12.798043251037598,11.697738647460938
12.448829650878906,12.460193634033203,12.64635944366455,12.782923698425293,12.76927661895752,12.858150482177734,13.228815078735352,13.732927322387695,14.149368286132812,14.444295883178711,14.74886703491211,15.242321014404297,15.743191719055176,16.182209014892578,16.782787322998047,16.915481567382812,17.70326805114746,16.50798988342285,16.086334228515625,17.015216827392578,16.889812469482422,15.688949584960938,13.782483100891113,13.784997940063477,15.292378425598145,16.351280212402344,16.883499145507812,17.40928077697754,19.034215927124023,20.33694839477539,20.128116607666016,19.444339752197266,19.650020599365234,18.70850944519043,18.723966598510742,19.092039108276367,20.842506408691406,22.207128524780273,20.13030433654785,18.852876663208008,17.218135833740234,16.30490493774414,16.30965805053711,13.940234184265137
13.380023956298828,12.953558921813965,12.881970405578613,13.212301254272461,13.530616760253906,13.740249633789062,14.085527420043945,14.603446006774902,15.076512336730957,15.337556838989258,15.422914505004883,15.708672523498535,15.908266067504883,16.617156982421875,16.81516456604004,17.643341064453125,18.591659545898438,17.489591598510742,16.332441329956055,17.00972557067871,17.64581871032715,16.863548278808594,14.793478965759277,14.841449737548828,17.006053924560547,18.097850799560547,18.04119873046875,17.756502151489258,19.41764259338379,21.346153259277344,20.948963165283203,20.087482452392578,20.247282028198242,20.02068328857422,19.710323333740234,19.63699722290039,21.66622543334961,23.815332412719727,22.019290924072266,20.484525680541992,19.532644271850586,18.985288619995117,19.330810546875,17.40225601196289
14.65228271484375,14.13518238067627,13.49940299987793,13.329869270324707,13.650627136230469,14.146991729736328,14.707576751708984,15.315984725952148,15.88672161102295,16.21754264831543,16.31904411315918,16.344144821166992,16.4377498626709,16.78677749633789,16.881349563598633,18.66440200805664,19.062583923339844,18.578838348388672,17.83709716796875,17.446216583251953,17.82610511779785,17.48196029663086,16.19464111328125,16.818754196166992,19.205257415771484,19.540252685546875,18.661209106445312,18.593576431274414,20.326560974121094,22.379026412963867,22.071971893310547,21.099254608154297,20.10439109802246,20.308826446533203,20.425128936767578,19.2591552734375,21.47176170349121,24.254146575927734,23.212566375732422,20.112380981445312,20.12584114074707,20.695859909057617,21.157554626464844,21.10161781311035
15.74292278289795,15.426809310913086,14.824347496032715,14.185687065124512,13.900010108947754,14.189409255981445,14.890739440917969,15.658970832824707,16.37486457824707,16.846837997436523,17.1087589263916,17.070558547973633,17.14797592163086,17.133787155151367,17.315523147583008,19.95595932006836,19.870582580566406,19.15355682373047,18.726093292236328,18.319337844848633,18.107168197631836,18.057369232177734,17.4757137298584,18.464885711669922,20.30310821533203,20.088924407958984,19.094369888305664,19.482158660888672,21.395658493041992,23.614816665649414,23.9364013671875,22.688133239746094,20.615022659301758,20.911998748779297,20.94195556640625,21.57071304321289,22.973037719726562,23.557973861694336,22.535717010498047,20.915468215942383,20.475236892700195,20.488048553466797,21.322803497314453,22.388532638549805
16.78491973876953,16.347131729125977,15.987360000610352,15.427456855773926,14.810778617858887,14.56556510925293,14.879454612731934,15.550749778747559,16.347562789916992,17.015989303588867,17.449464797973633,17.632091522216797,17.70057487487793,18.00235939025879,18.3748722076416,20.527999877929688,21.018911361694336,19.98268699645996,19.363500595092773,18.96035385131836,18.51198387145996,19.011640548706055,18.82423210144043,19.187286376953125,19.864492416381836,20.05620765686035,20.184968948364258,20.14103126525879,21.845813751220703,23.556310653686523,24.799455642700195,24.62839126586914,22.297100067138672,22.19089698791504,22.462894439697266,23.220468521118164,23.70008087158203,22.93388557434082,21.898513793945312,21.89080238342285,21.71737289428711,20.691768646240234,20.869998931884766,21.531909942626953
18.155818939208984,17.312013626098633,16.806804656982422,16.30609130859375,15.756948471069336,15.34270191192627,15.226688385009766,15.510442733764648,16.097320556640625,16.754045486450195,17.33270263671875,17.79534149169922,17.899019241333008,18.58909797668457,19.823013305664062,20.21599769592285,21.317676544189453,20.93593978881836,20.36161994934082,19.447233200073242,19.794740676879883,20.247865676879883,20.09939956665039,20.71234703063965,20.783702850341797,20.639850616455078,20.738737106323242,20.21659278869629,21.224124908447266,21.974136352539062,23.491050720214844,24.371755599975586,24.229848861694336,23.521732330322266,23.8909854888916,24.997800827026367,24.355533599853516,23.358116149902344,21.565690994262695,22.00469398498535,22.591541290283203,21.393341064453125,21.305891036987305,21.684337615966797
19.607776641845703,18.675601959228516,17.924489974975586,17.129161834716797,16.378570556640625,15.953620910644531,15.823220252990723,15.918441772460938,16.109067916870117,16.366960525512695,16.7896785736084,17.503328323364258,17.965194702148438,18.842802047729492,20.828794479370117,20.316450119018555,20.81592559814453,20.83013916015625,20.89124298095703,20.472902297973633,20.953676223754883,20.744617462158203,20.527915954589844,22.295331954956055,23.005224227905273,22.628219604492188,21.916122436523438,21.17440414428711,21.19367027282715,21.088563919067383,23.570995330810547,24.260347366333008,24.385480880737305,24.35688018798828,24.150598526000977,26.225601196289062,25.598730087280273,23.567424774169922,21.62999153137207,21.601741790771484,22.118610382080078,21.51322364807129,21.744647979736328,22.684951782226562
20.713985443115234,19.97311019897461,19.349374771118164,18.479585647583008,17.357213973999023,16.463823318481445,16.204484939575195,16.379413604736328,16.574190139770508,16.48174476623535,16.438627243041992,16.777612686157227,17.49014663696289,19.331010818481445,21.787242889404297,21.456735610961914,21.52983856201172,21.120134353637695,21.397968292236328,21.5328369140625,21.846660614013672,21.208677291870117,20.71234703063965,22.711830139160156,23.49458885192871,23.76179313659668,23.27079200744629,22.703161239624023,22.2796630859375,22.03115463256836,23.7904109954834,24.363554000854492,24.1827335357666,24.49782943725586,23.87132453918457,26.385852813720703,26.26813507080078,24.21074676513672,22.970251083374023,21.981704711914062,21.36964988708496,21.432621002197266,21.880186080932617,22.991901397705078
21.073701858520508,20.65046501159668,20.33478355407715,19.73600959777832,18.677669525146484,17.56873893737793,16.89031410217285,16.77712631225586,16.941104888916016,16.960079193115234,16.926836013793945,16.735227584838867,18.069175720214844,20.292497634887695,22.520158767700195,21.837018966674805,21.745773315429688,21.19620132446289,20.990556716918945,21.62772560119629,22.701744079589844,22.687744140625,22.021160125732422,22.96940803527832,23.368242263793945,24.565351486206055,25.086402893066406,24.587343215942383,23.303617477416992,22.614336013793945,22.045560836791992,23.649269104003906,24.235977172851562,24.298017501831055,24.004968643188477,26.197416305541992,27.283647537231445,25.43401336669922,23.9433536529541,22.83537483215332,21.753925323486328,21.785879135131836,22.48361587524414,23.468786239624023
20.75676727294922,20.686185836791992,20.674285888671875,20.39143943786621,19.63907241821289,18.743816375732422,17.974163055419922,17.54807472229004,17.204984664916992,17.029016494750977,17.409931182861328,18.045818328857422,19.314538955688477,21.966238021850586,22.85849952697754,20.382593154907227,19.64106559753418,19.810211181640625,20.166690826416016,21.20381736755371,23.107511520385742,24.127836227416992,24.007732391357422,24.295318603515625,24.05422019958496,25.974319458007812,27.367753982543945,26.96586036682129,24.910964965820312,22.947593688964844,21.288427352905273,23.010168075561523,25.035741806030273,25.222938537597656,24.540388107299805,27.2041015625,28.7183895111084,27.749420166015625,25.706701278686523,23.840574264526367,24.143491744995117,22.72962188720703,23.257932662963867,23.897356033325195
20.304353713989258,20.591922760009766,20.66336441040039,20.528614044189453,20.132413864135742,19.339759826660156,18.652618408203125,18.227739334106445,17.540414810180664,17.09980010986328,18.143478393554688,19.885967254638672,22.120914459228516,23.12413215637207,22.754587173461914,20.159536361694336,19.037094116210938,19.331676483154297,20.228240966796875,20.90823745727539,22.71728515625,24.31647300720215,25.458683013916016,25.801265716552734,25.653902053833008,26.867860794067383,28.566774368286133,28.970577239990234,27.637102127075195,24.5118350982666,22.215715408325195,22.557479858398438,24.777578353881836,26.555580139160156,25.795808792114258,25.28083038330078,29.204877853393555,30.742788314819336,28.256221771240234,25.14521598815918,25.877180099487305,23.881866455078125,23.648788452148438,23.744234085083008
19.871618270874023,20.349227905273438,20.296695709228516,20.05565071105957,19.898937225341797,19.461088180541992,18.86580467224121,18.666048049926758,18.012598037719727,17.127492904663086,18.176965713500977,21.511642456054688,23.797651290893555,25.167015075683594,23.490215301513672,21.061622619628906,19.842124938964844,20.159406661987305,20.855968475341797,20.60532569885254,21.888561248779297,23.4167537689209,25.608135223388672,26.25310516357422,27.234691619873047,27.314960479736328,28.923025131225586,28.316564559936523,28.956787109375,27.38140296936035,25.533721923828125,24.750699996948242,26.219743728637695,28.54372215270996,29.427343368530273,28.385534286499023,31.03707504272461,32.58665084838867,31.030271530151367,28.33544921875,26.566858291625977,24.44232749938965,23.92952537536621,24.348459243774414
19.731904983520508,19.84576988220215,19.57318687438965,19.253875732421875,19.156633377075195,19.236839294433594,18.958242416381836,19.348453521728516,18.797813415527344,17.59193992614746,17.88603973388672,22.519372940063477,24.83539390563965,26.279834747314453,26.100248336791992,22.532337188720703,19.693655014038086,20.22539520263672,21.44855499267578,20.937177658081055,21.504566192626953,22.89348030090332,25.93727684020996,26.48295783996582,27.73688507080078,26.54079246520996,29.201906204223633,25.37355613708496,25.488109588623047,26.95636749267578,27.619873046875,27.344318389892578,28.110645294189453,30.1005916595459,31.613176345825195,31.71122169494629,33.13094711303711,34.09550476074219,32.734928131103516,30.226919174194336,28.245336532592773,27.121173858642578,26.0899715423584,25.560094833374023
