data/wind_data/wind_2025-02-20_16.json
{"header": {"parameterUnit": "KT", "parameterCategory": 2, "nx": 255, "ny": 198, "lo1": 44.73521041870117, "la1": -3.236724853515625, "lo2": 111.26478576660156, "la2": 43.468475341796875, "dx": 0.26192745566368103, "dy": -0.23708222806453705, "refTime": "2025-02-20 16:00:00", "forecastTime": 0, "parameterNumber": 3, "parameterNumberName": "northward_wind"}, "data":
[rows 171 to 189 of 198, columns 86 to 128 of 255]
-5.03738260269165,-8.153024673461914,-9.497882843017578,-7.7098774909973145,-3.5589306354522705,-3.59193754196167,-5.691333770751953,-5.037344455718994,-8.325413703918457,-9.933524131774902,-6.7054667472839355,-0.1510954201221466,2.7611751556396484,8.698174476623535,9.022407531738281,2.0897269248962402,-4.409595966339111,1.5235059261322021,-1.369112491607666,-3.7420759201049805,-2.3651843070983887,-4.023251533508301,1.0763534307479858,1.2065701484680176,-5.027956962585449,-4.095796585083008,-9.522919654846191,-3.5100207328796387,2.9270973205566406,3.9691314697265625,7.149062633514404,6.083201885223389,0.5565791130065918,-0.5359327793121338,-0.6097531914710999,-1.5885686874389648,-2.882488489151001,-3.9018332958221436,-4.53447961807251,-3.148409843444824,-2.6085948944091797,-1.927894115447998,-1.9037165641784668
-1.7570524215698242,-6.171702861785889,-8.189047813415527,-12.11822509765625,-9.766674995422363,-9.16943359375,-11.088773727416992,-10.416969299316406,-11.07225513458252,-12.033103942871094,-9.60799503326416,0.7998663783073425,3.641878366470337,2.74527645111084,-0.34603235125541687,-3.858570098876953,-8.447541236877441,-4.291429042816162,-4.522754669189453,-8.607295036315918,-9.348137855529785,-9.465128898620605,-3.2406253814697266,-0.6087290048599243,-2.8034827709198,-4.443363189697266,-9.705869674682617,-7.2641072273254395,3.650926351547241,6.789546966552734,12.919618606567383,9.28647232055664,2.57991099357605,-2.644747018814087,-4.708165645599365,-3.8551766872406006,-3.2631661891937256,-3.979377269744873,-4.336373329162598,-2.8269553184509277,-2.51547908782959,-1.9815179109573364,-1.7493573427200317
3.9266133308410645,-3.1056010723114014,-7.463959217071533,-8.47343635559082,-10.242746353149414,-11.9732027053833,-13.080221176147461,-12.357566833496094,-12.324834823608398,-13.042184829711914,-9.688858985900879,-0.049287229776382446,5.372635364532471,0.7621533870697021,-1.1121532917022705,-0.20435218513011932,-2.187549352645874,-6.917545795440674,-4.429259777069092,-2.8722972869873047,-3.9355225563049316,-7.654860496520996,-5.500546932220459,-2.956779956817627,-2.9209094047546387,-8.123430252075195,-10.640883445739746,-5.0489726066589355,-1.4223034381866455,-2.095611572265625,5.154270648956299,-0.6344764828681946,-4.209660053253174,-4.884195327758789,-4.272159099578857,-2.6543309688568115,-3.2254343032836914,-3.3912453651428223,-2.3076107501983643,-1.0387914180755615,-1.4503687620162964,-1.1744083166122437,-0.6075612902641296
6.766780853271484,3.5519487857818604,0.233973890542984,-1.6248161792755127,-2.4065864086151123,-3.5066044330596924,-6.794412136077881,-6.854417324066162,-9.89699935913086,-9.989431381225586,-9.605156898498535,-7.4851179122924805,-0.44886207580566406,1.5182263851165771,5.7066779136657715,6.276288986206055,6.178545951843262,0.9362732768058777,0.7003734111785889,4.0169596672058105,1.861802101135254,-6.748631954193115,-8.114370346069336,-4.910768985748291,-3.884823799133301,-6.083902835845947,-6.493664264678955,-4.227440357208252,-4.662587642669678,-5.818508148193359,-4.258715629577637,-6.855190277099609,-3.1395556926727295,-0.45675671100616455,-0.11581514030694962,-0.7765805125236511,-2.1737875938415527,-1.8073598146438599,0.5767056941986084,0.6012603640556335,-0.8353909254074097,-0.7402803897857666,-0.026893500238656998
5.91670036315918,8.400068283081055,11.28868293762207,9.947038650512695,8.016738891601562,7.335146903991699,1.8178385496139526,-0.24832338094711304,-3.8028929233551025,-5.320797443389893,-8.10068416595459,-10.695047378540039,-9.617587089538574,-9.807660102844238,-2.689856767654419,3.1492888927459717,6.379800796508789,9.88348388671875,9.419960975646973,9.089006423950195,5.3644938468933105,-1.9611576795578003,-5.747861862182617,-5.188436508178711,-4.083000183105469,-1.9052865505218506,-1.4984198808670044,-3.5455427169799805,-2.5835094451904297,-3.0951101779937744,-5.363327980041504,-2.1433770656585693,0.852886974811554,1.905355453491211,1.4630647897720337,0.6207078695297241,-1.221096158027649,-0.6236447691917419,2.6035983562469482,1.6242057085037231,0.01603742688894272,-0.9273232817649841,-0.5802170634269714
7.313027858734131,9.417832374572754,10.991456031799316,10.873614311218262,9.621684074401855,11.65434741973877,8.95266342163086,6.929225921630859,4.631726264953613,0.24751895666122437,-2.916053533554077,-5.138079643249512,-5.597702980041504,-6.327559471130371,-6.13024377822876,-6.02053165435791,-2.6178908348083496,4.551247596740723,11.3558931350708,12.778068542480469,10.44321060180664,5.615476131439209,0.7055568695068359,-0.05239204689860344,-0.3450486660003662,1.7502743005752563,1.1529322862625122,-0.22376365959644318,-1.4703940153121948,-4.531024932861328,-4.1861982345581055,-2.7630066871643066,-2.0570473670959473,-1.440456748008728,0.366747111082077,1.2029130458831787,-0.5056272149085999,-0.6742305755615234,3.102850914001465,2.496325731277466,0.4754389822483063,-1.641210913658142,-2.1464054584503174
8.720097541809082,7.141323566436768,6.587395668029785,8.396004676818848,10.077446937561035,14.309650421142578,14.322665214538574,11.88587474822998,12.53286361694336,9.633086204528809,7.3644938468933105,6.275272846221924,6.271815299987793,7.456925868988037,6.653525352478027,0.8898963332176208,-2.514580726623535,0.23221175372600555,7.4747419357299805,7.684177398681641,9.60141658782959,8.38408088684082,4.302436351776123,4.493054389953613,4.028801918029785,2.7948968410491943,-0.1623620241880417,-0.6197603344917297,-1.8892555236816406,-3.8069612979888916,-4.244400501251221,-4.820659160614014,-5.123676300048828,-5.204128265380859,-2.4180381298065186,-0.6745315790176392,-1.9106645584106445,-1.4689465761184692,1.824914574623108,1.5505872964859009,0.38133203983306885,-1.263762354850769,-2.302755355834961
1.7336225509643555,3.1870741844177246,5.2589497566223145,8.254892349243164,11.180562973022461,14.33653736114502,13.295576095581055,12.632440567016602,12.751653671264648,11.74418830871582,11.1443510055542,10.517901420593262,10.114479064941406,10.581991195678711,11.573005676269531,11.69776725769043,9.515295028686523,7.950320720672607,7.345783233642578,6.409318923950195,5.64223575592041,4.942335605621338,4.9752583503723145,5.003661632537842,4.5799431800842285,3.7288901805877686,-0.7829655408859253,-1.5947345495224,-1.3961341381072998,-3.04158878326416,-3.105652093887329,-3.6680173873901367,-5.930598258972168,-5.621588230133057,-4.027919292449951,-2.09627366065979,-3.3372747898101807,-3.0903279781341553,-0.6904735565185547,-0.6519814729690552,-0.29811081290245056,-0.9534626007080078,-1.6508649587631226
-2.49539852142334,0.383407324552536,4.761974334716797,7.0322675704956055,8.008378982543945,8.946136474609375,8.563458442687988,9.297087669372559,9.753427505493164,10.010329246520996,9.404860496520996,8.431480407714844,8.623631477355957,8.15443229675293,8.823654174804688,8.221799850463867,7.676407337188721,6.457747459411621,6.496227741241455,5.3051862716674805,2.41145658493042,0.7625168561935425,3.0340569019317627,5.2401509284973145,5.295540809631348,5.093121528625488,2.8438777923583984,2.969557762145996,2.499253988265991,-0.1637309342622757,0.883825957775116,0.6291094422340393,-1.4579538106918335,-0.6151326894760132,-0.7361319065093994,-1.0541362762451172,-2.1314568519592285,-2.690701723098755,-2.5487136840820312,-2.968187093734741,-1.9429876804351807,-1.5601823329925537,-1.590641975402832
-0.46526581048965454,0.7821757197380066,4.6092634201049805,5.380909442901611,5.306994915008545,5.83812141418457,6.9734649658203125,8.454203605651855,8.98567008972168,7.88673210144043,6.657105922698975,7.344287872314453,9.078641891479492,8.597387313842773,8.192315101623535,7.6536383628845215,6.057730197906494,5.087946891784668,4.337056636810303,2.9786410331726074,0.5437272787094116,-0.44042298197746277,2.445098876953125,6.849647045135498,7.376760005950928,7.801939010620117,7.451462268829346,7.120250225067139,5.395269393920898,2.380786895751953,4.899416446685791,5.056578159332275,5.440845966339111,5.588752746582031,4.675354480743408,3.2900946140289307,1.582298755645752,-0.11197367310523987,-1.8123412132263184,-2.9731459617614746,-1.8691984415054321,-0.12891548871994019,0.6007116436958313
2.566807985305786,1.7766296863555908,0.7180313467979431,-0.06959882378578186,0.0765795111656189,1.4778168201446533,3.6660513877868652,4.972509384155273,3.715721845626831,1.0395742654800415,-2.091031312942505,-1.3488739728927612,3.798743724822998,6.281787395477295,7.665448188781738,7.861942291259766,7.630632400512695,6.824489593505859,5.840642929077148,4.836671352386475,3.8001883029937744,2.586934804916382,3.027071714401245,4.870879650115967,6.126659870147705,8.402791023254395,8.139609336853027,7.927653789520264,3.636206865310669,2.7598824501037598,5.923285007476807,7.222858428955078,7.954091548919678,5.962126731872559,8.045302391052246,6.948244094848633,4.680408477783203,4.022284984588623,2.4394757747650146,0.4674597680568695,-0.656059205532074,-0.19685617089271545,0.8656724095344543
3.586719036102295,-0.10155386477708817,-3.1938252449035645,-3.91858172416687,-4.200874328613281,-3.5651533603668213,-2.521383762359619,-0.9032207727432251,-0.4056479334831238,-0.11169333010911942,-1.5854148864746094,-5.970196723937988,-6.895988941192627,-5.701832294464111,-1.5714237689971924,0.1941496878862381,0.954532265663147,1.5434213876724243,3.229719638824463,4.982806205749512,5.620211124420166,5.992292881011963,5.813096523284912,5.685407638549805,5.0743489265441895,5.884387493133545,4.45401668548584,5.426974296569824,3.1052563190460205,4.119441509246826,6.486104488372803,7.954338073730469,6.695520877838135,4.76094913482666,8.140582084655762,8.363872528076172,8.152776718139648,7.902315139770508,5.7184343338012695,3.385768175125122,1.0349700450897217,-0.7767640352249146,-1.0671777725219727
0.82820725440979,-2.1372437477111816,-3.675626754760742,-4.885904788970947,-5.416520595550537,-4.798169136047363,-4.761532306671143,-1.7439517974853516,1.903283953666687,4.503964424133301,5.641544342041016,0.458098441362381,-6.56256103515625,-8.874953269958496,-9.409456253051758,-8.449472427368164,-7.200035095214844,-4.5768232345581055,-2.051365375518799,0.15348955988883972,1.768984079360962,3.997817039489746,5.136458873748779,4.44995641708374,3.737318515777588,3.4480435848236084,3.5469446182250977,3.2040762901306152,1.1315821409225464,3.989389657974243,7.626360893249512,6.803682327270508,4.875355243682861,4.565243244171143,6.025131702423096,5.478788375854492,8.743346214294434,8.17314624786377,5.757094860076904,2.4902071952819824,0.5890420079231262,-0.1883593648672104,-0.8103914260864258
-0.7855047583580017,-1.764328122138977,-3.2177183628082275,-4.9489336013793945,-5.370242595672607,-4.845056533813477,-5.571773052215576,-2.267465114593506,2.6162233352661133,2.8158657550811768,1.7255250215530396,-0.6011714339256287,-3.2492473125457764,-5.701022148132324,-8.178417205810547,-9.056610107421875,-8.757636070251465,-6.979568958282471,-4.079864978790283,-2.6223020553588867,-2.7457942962646484,-2.7296500205993652,-1.676760196685791,0.053350552916526794,1.9221761226654053,3.334709405899048,2.929454803466797,2.2268059253692627,-0.4686793088912964,-1.2683085203170776,1.9075875282287598,0.9102368354797363,0.28676602244377136,1.3590179681777954,2.903276205062866,2.964137554168701,7.2366509437561035,7.691144943237305,5.548624038696289,2.341613531112671,0.9728124737739563,0.5591433644294739,0.7307438850402832
-1.1649454832077026,-1.7833452224731445,-3.3525567054748535,-4.846649169921875,-5.8774542808532715,-4.561507225036621,-5.718450546264648,-3.8215270042419434,1.2244685888290405,0.3263865113258362,-0.749110996723175,-2.1350319385528564,-4.335714817047119,-5.490704536437988,-6.723525047302246,-7.578769683837891,-8.258557319641113,-8.184322357177734,-7.03696870803833,-3.602926731109619,-2.726633310317993,-4.009367942810059,-3.61238694190979,-1.6395108699798584,-0.13221047818660736,3.1282873153686523,4.379960536956787,4.786748886108398,3.1526243686676025,1.2174510955810547,0.30046650767326355,-0.4472272992134094,-0.40441739559173584,-0.7369882464408875,-0.25183549523353577,1.2020657062530518,4.581613063812256,4.719241619110107,2.964873790740967,3.5555524826049805,3.3587992191314697,4.6841020584106445,4.096197605133057
-2.717064142227173,-3.472782850265503,-4.321110725402832,-4.162298679351807,-4.755210876464844,-5.00349235534668,-4.9988484382629395,-4.033033847808838,0.3297136723995209,2.9643194675445557,3.740837335586548,1.6491249799728394,-1.2186894416809082,-1.9683473110198975,-4.499083518981934,-7.478312015533447,-9.236191749572754,-8.29656982421875,-7.108883380889893,-4.433385848999023,-2.227025270462036,-2.038752555847168,-1.7367019653320312,-1.7435482740402222,-1.7776628732681274,-0.7020826935768127,3.237597942352295,0.8774670958518982,0.5464256405830383,2.551199436187744,2.7620089054107666,0.3338482975959778,-0.10377111285924911,-0.10395730286836624,-1.9275851249694824,-1.5110348463058472,1.8972121477127075,2.598682403564453,1.7163112163543701,1.899031400680542,2.157060146331787,5.689921855926514,5.401518821716309
-3.4626870155334473,-4.224782466888428,-4.588513374328613,-4.363687515258789,-4.618988513946533,-5.29161262512207,-5.06644344329834,-3.98795485496521,-2.0991640090942383,1.4342535734176636,4.814627647399902,6.394704341888428,6.451647758483887,6.233587265014648,0.7549338936805725,-7.886601448059082,-10.122370719909668,-9.69228458404541,-7.1520490646362305,-5.657609462738037,-3.0330212116241455,3.3353443145751953,2.8274569511413574,2.1188080310821533,2.440692663192749,-1.7660584449768066,-1.0433729887008667,-0.7855221033096313,-0.462077796459198,-1.9059237241744995,-2.8136813640594482,-5.33259916305542,-6.003120422363281,-3.9289064407348633,-3.1569244861602783,-3.97795033454895,-1.132584571838379,-0.041623279452323914,-1.6171954870224,-3.7746469974517822,-2.818037271499634,-0.009111491031944752,0.3529168367385864
-4.076131343841553,-4.867617130279541,-4.577816009521484,-4.167360305786133,-4.355776786804199,-4.489647388458252,-4.1066975593566895,-2.988286018371582,-2.2116377353668213,-0.5804821848869324,1.2428227663040161,3.1852166652679443,3.0969300270080566,-0.8739132881164551,-5.175209999084473,-7.807805061340332,-8.654275894165039,-12.05048942565918,-9.359664916992188,-7.852774620056152,-6.330895900726318,3.728071689605713,4.1953935623168945,3.1773059368133545,2.521195411682129,-1.9920921325683594,-5.175470352172852,-2.504859685897827,1.4314662218093872,-1.3040635585784912,-5.539009094238281,-8.119767189025879,-8.638943672180176,-7.70181131362915,-6.381787300109863,-8.024606704711914,-6.1525373458862305,-4.512444972991943,-5.363589763641357,-5.784903526306152,-4.949492931365967,-3.9411911964416504,-3.9372239112854004
-3.9931704998016357,-4.809989929199219,-5.366997241973877,-4.7442545890808105,-4.177560329437256,-3.635725259780884,-3.429675579071045,-0.29688557982444763,1.6029292345046997,2.9222869873046875,2.6252317428588867,1.3531116247177124,-2.2365152835845947,-5.886151313781738,-8.084479331970215,-8.345301628112793,-7.233588218688965,-7.01099157333374,-8.600530624389648,-5.75137996673584,-7.277771949768066,-2.800802230834961,-0.40880924463272095,-2.6419692039489746,-5.106801986694336,-2.108593463897705,-1.2633309364318848,-3.355874538421631,-2.1663615703582764,-1.9714422225952148,-2.8077290058135986,-2.9741034507751465,-4.199615955352783,-4.315480709075928,-3.5971195697784424,-2.9803125858306885,-2.2558696269989014,-1.763393759727478,-1.6249370574951172,-0.7545671463012695,-1.1057223081588745,0.10199000686407089,-0.5519182085990906
