data/wind_data/wind_57_7.json
{"header": {"parameterUnit": "KT", "parameterCategory": 2, "nx": 256, "ny": 198, "lo1": 44.73521041870117, "la1": -3.236724853515625, "lo2": 111.26478576660156, "la2": 43.468475341796875, "dx": 0.2609002888202667, "dy": -0.23708222806453705, "refTime": "2025-02-21 09:00:00", "forecastTime": 0, "parameterNumber": 2, "parameterNumberName": "eastward_wind"}, "data":
[rows 0 to 19 of 198, columns 132 to 175 of 256]
-15.28429126739502,-14.686612129211426,-15.740344047546387,-17.48031997680664,-18.48040199279785,-19.115982055664062,-19.488061904907227,-19.554061889648438,-19.173870086669922,-18.78719139099121,-18.596986770629883,-18.85723114013672,-19.838964462280273,-20.836122512817383,-21.864763259887695,-21.252193450927734,-18.633769989013672,-17.374797821044922,-17.519939422607422,-17.436321258544922,-17.25579261779785,-17.66302490234375,-18.278108596801758,-17.493135452270508,-16.347585678100586,-17.130849838256836,-18.366853713989258,-18.380874633789062,-17.92589569091797,-17.30963706970215,-16.453893661499023,-15.214092254638672,-14.275741577148438,-13.922930717468262,-14.115890502929688,-15.07999324798584,-14.871145248413086,-13.162088394165039,-12.03104019165039,-11.53697395324707,-11.857278823852539,-12.873845100402832,-13.90039348602295,-14.847224235534668
-15.5842924118042,-15.361964225769043,-16.585901260375977,-18.16718292236328,-18.96763801574707,-19.584922790527344,-20.33917236328125,-20.799152374267578,-20.462608337402344,-19.594106674194336,-18.584739685058594,-18.23198890686035,-18.930885314941406,-19.932998657226562,-21.174945831298828,-21.082916259765625,-19.262765884399414,-18.299043655395508,-18.387550354003906,-18.13974952697754,-17.632396697998047,-17.711715698242188,-17.96401596069336,-17.12464141845703,-16.45269012451172,-17.781253814697266,-19.091890335083008,-19.16659927368164,-19.032184600830078,-18.670093536376953,-17.890308380126953,-16.691064834594727,-16.010597229003906,-15.862926483154297,-15.959939002990723,-16.974565505981445,-16.328338623046875,-13.471156120300293,-12.266761779785156,-12.581331253051758,-13.465849876403809,-15.07530689239502,-16.20790672302246,-16.765560150146484
-15.721070289611816,-16.131704330444336,-16.94637680053711,-17.6535587310791,-18.2069149017334,-18.96676254272461,-20.114299774169922,-20.985307693481445,-21.042301177978516,-20.097625732421875,-18.375564575195312,-17.25284767150879,-17.12240219116211,-17.411022186279297,-18.317832946777344,-18.842653274536133,-18.452367782592773,-17.928823471069336,-17.676862716674805,-17.29909324645996,-16.94875144958496,-17.61890983581543,-18.47212791442871,-17.910158157348633,-17.42677116394043,-18.557613372802734,-19.36211395263672,-19.027679443359375,-18.681596755981445,-18.416919708251953,-17.941951751708984,-17.319089889526367,-17.10523796081543,-17.212200164794922,-16.587886810302734,-15.750375747680664,-15.3658447265625,-14.715426445007324,-14.259615898132324,-14.157242774963379,-13.931981086730957,-14.449146270751953,-16.198457717895508,-17.635278701782227
-15.877958297729492,-16.711397171020508,-17.373502731323242,-17.47930145263672,-17.638551712036133,-18.505523681640625,-20.071269989013672,-20.92105484008789,-21.092594146728516,-20.30215835571289,-18.637248992919922,-17.337474822998047,-16.53158950805664,-15.898303985595703,-16.288009643554688,-17.035615921020508,-17.562585830688477,-17.484912872314453,-16.95349884033203,-16.471851348876953,-16.611780166625977,-17.748668670654297,-18.689069747924805,-18.37224769592285,-18.06825065612793,-18.643428802490234,-18.821853637695312,-18.305641174316406,-17.781705856323242,-17.75370216369629,-17.695293426513672,-17.65817642211914,-17.548267364501953,-17.292137145996094,-15.973536491394043,-14.139348030090332,-14.330917358398438,-15.616157531738281,-15.73272705078125,-14.69732666015625,-13.342037200927734,-13.40981674194336,-15.759882926940918,-17.276643753051758
-16.665178298950195,-17.503536224365234,-18.19954490661621,-18.651203155517578,-18.668092727661133,-18.707029342651367,-19.975940704345703,-21.411907196044922,-20.97342300415039,-19.962873458862305,-19.61529541015625,-19.721261978149414,-18.354623794555664,-16.954076766967773,-17.537843704223633,-18.233686447143555,-17.876361846923828,-17.49001693725586,-17.14189910888672,-17.391416549682617,-18.0293025970459,-18.361234664916992,-17.99699592590332,-17.66289710998535,-17.73221778869629,-17.658802032470703,-17.243192672729492,-17.189159393310547,-17.197126388549805,-17.093219757080078,-16.675703048706055,-15.662078857421875,-14.52696704864502,-13.60378646850586,-12.607266426086426,-10.507425308227539,-13.115482330322266,-17.05475616455078,-14.286303520202637,-8.682148933410645,-7.251878261566162,-10.717662811279297,-13.207008361816406,-12.920306205749512
-18.068815231323242,-18.625329971313477,-19.919260025024414,-21.03628921508789,-20.824342727661133,-19.89613151550293,-20.205297470092773,-20.640037536621094,-20.402210235595703,-20.37397003173828,-20.298320770263672,-19.55158805847168,-19.27865982055664,-20.436365127563477,-18.5899600982666,-18.912128448486328,-17.915725708007812,-17.824007034301758,-18.13776969909668,-18.396793365478516,-18.110010147094727,-17.54360580444336,-17.129404067993164,-17.060976028442383,-16.920595169067383,-16.574485778808594,-16.10550308227539,-15.916515350341797,-16.442550659179688,-16.89911460876465,-17.108619689941406,-16.556406021118164,-15.831536293029785,-15.38138484954834,-13.786279678344727,-12.032368659973145,-11.752452850341797,-12.96187686920166,-9.358604431152344,-5.580766677856445,-3.51442551612854,-4.019309997558594,-4.779573917388916,-3.9783549308776855
-19.304710388183594,-20.006576538085938,-21.03910255432129,-21.82547950744629,-22.053468704223633,-21.03257179260254,-19.93719482421875,-19.963985443115234,-20.222137451171875,-20.62372589111328,-20.203792572021484,-20.01438331604004,-20.25492286682129,-20.998910903930664,-18.876073837280273,-18.54452896118164,-17.835430145263672,-18.81221580505371,-19.3625431060791,-18.6265811920166,-17.02654457092285,-15.957749366760254,-15.809560775756836,-15.935264587402344,-15.73157787322998,-15.479881286621094,-15.686927795410156,-16.00820541381836,-16.447294235229492,-17.132970809936523,-17.838979721069336,-18.03053855895996,-17.670881271362305,-16.586572647094727,-14.085827827453613,-11.775447845458984,-11.804642677307129,-12.423565864562988,-11.447415351867676,-9.517003059387207,-6.168503761291504,-5.739444255828857,-5.60481071472168,-4.059507369995117
-19.851415634155273,-21.41655731201172,-22.056236267089844,-20.899044036865234,-20.08917999267578,-20.249095916748047,-20.535293579101562,-19.530914306640625,-19.284778594970703,-19.629365921020508,-19.808361053466797,-20.739681243896484,-21.295398712158203,-20.337461471557617,-18.85542106628418,-18.092069625854492,-18.45555877685547,-19.92522621154785,-20.15816307067871,-18.234477996826172,-15.817024230957031,-14.65165901184082,-14.744012832641602,-14.991368293762207,-15.080768585205078,-15.319101333618164,-15.864900588989258,-16.319128036499023,-16.638591766357422,-17.307044982910156,-18.001832962036133,-18.03138542175293,-17.28531837463379,-16.25583267211914,-15.174267768859863,-13.138971328735352,-12.506818771362305,-13.931617736816406,-14.931313514709473,-14.477335929870605,-12.632662773132324,-12.312912940979004,-12.550048828125,-11.566167831420898
-19.41857147216797,-21.95660400390625,-22.675249099731445,-20.411483764648438,-18.10418701171875,-18.723758697509766,-20.681941986083984,-20.371232986450195,-18.17633056640625,-18.271949768066406,-19.651962280273438,-20.90908432006836,-20.445119857788086,-18.797882080078125,-17.75248908996582,-17.46988296508789,-19.03089141845703,-20.4814510345459,-19.685529708862305,-17.053842544555664,-14.877850532531738,-14.491016387939453,-14.700337409973145,-14.696677207946777,-14.946507453918457,-15.222765922546387,-15.325139045715332,-15.23784065246582,-15.205770492553711,-15.550983428955078,-16.083297729492188,-16.160568237304688,-15.770038604736328,-15.757944107055664,-15.239360809326172,-13.643796920776367,-13.181405067443848,-14.236368179321289,-15.468268394470215,-15.586873054504395,-15.240118980407715,-15.197854042053223,-15.556973457336426,-15.049149513244629
-18.777694702148438,-19.856081008911133,-21.087360382080078,-20.483436584472656,-19.38574981689453,-19.851707458496094,-20.428556442260742,-19.461650848388672,-17.738582611083984,-18.00782012939453,-19.282928466796875,-19.45967674255371,-18.28355598449707,-16.671634674072266,-15.904492378234863,-16.198678970336914,-18.146635055541992,-18.755313873291016,-17.414392471313477,-15.773845672607422,-14.61525821685791,-14.758255958557129,-14.60482406616211,-14.152670860290527,-13.992658615112305,-13.720498085021973,-13.196456909179688,-12.516840934753418,-12.607656478881836,-12.878730773925781,-12.699594497680664,-12.986678123474121,-14.237872123718262,-14.679574012756348,-14.049991607666016,-12.61531925201416,-12.059333801269531,-12.217717170715332,-12.929466247558594,-13.131102561950684,-13.441997528076172,-13.516335487365723,-13.423641204833984,-11.805291175842285
-17.893238067626953,-18.644102096557617,-19.005855560302734,-20.083967208862305,-20.157323837280273,-20.120452880859375,-19.726587295532227,-18.44477081298828,-17.65033531188965,-18.011396408081055,-18.036455154418945,-17.41116714477539,-15.987053871154785,-14.862375259399414,-14.463554382324219,-14.999177932739258,-15.880363464355469,-15.933512687683105,-15.398447036743164,-14.94166088104248,-14.580371856689453,-14.264969825744629,-13.425705909729004,-12.423505783081055,-11.97393798828125,-11.696703910827637,-10.416146278381348,-8.710601806640625,-9.347466468811035,-10.6659517288208,-10.376042366027832,-10.579330444335938,-12.2494478225708,-12.92160701751709,-12.606167793273926,-11.789963722229004,-11.209250450134277,-10.535486221313477,-10.418623924255371,-10.782066345214844,-10.597819328308105,-9.801642417907715,-9.35562515258789,-7.73341178894043
-16.81930160522461,-18.265119552612305,-19.240678787231445,-20.917659759521484,-20.190956115722656,-18.857322692871094,-18.129343032836914,-17.704147338867188,-16.756683349609375,-16.64649200439453,-16.497678756713867,-15.267156600952148,-13.667464256286621,-13.225924491882324,-13.280912399291992,-13.54227066040039,-13.750643730163574,-13.467132568359375,-13.971479415893555,-14.45577335357666,-14.030745506286621,-13.242642402648926,-12.264955520629883,-11.570140838623047,-11.762091636657715,-12.350550651550293,-11.117134094238281,-6.152407169342041,-5.841203212738037,-7.192295551300049,-9.416678428649902,-9.760512351989746,-10.638954162597656,-11.238486289978027,-11.600409507751465,-11.906862258911133,-11.75830364227295,-10.740974426269531,-9.625386238098145,-9.126241683959961,-7.984889507293701,-6.692880630493164,-7.14460563659668,-7.217750549316406
-16.897663116455078,-17.530397415161133,-18.665325164794922,-20.565961837768555,-19.47603988647461,-17.394412994384766,-16.261852264404297,-15.968929290771484,-15.058520317077637,-15.18563461303711,-14.760254859924316,-12.188243865966797,-11.531458854675293,-11.969522476196289,-12.3462495803833,-11.981085777282715,-12.339376449584961,-12.222063064575195,-12.54525375366211,-13.479793548583984,-14.061734199523926,-14.871252059936523,-14.634293556213379,-11.957212448120117,-10.395994186401367,-9.783631324768066,-8.148100852966309,-5.645342826843262,-6.394174098968506,-7.091355800628662,-9.146541595458984,-9.886829376220703,-9.63705062866211,-10.18166446685791,-11.200270652770996,-12.052547454833984,-11.741436958312988,-10.620610237121582,-9.446002960205078,-8.75074291229248,-7.569128036499023,-6.823473930358887,-9.087203025817871,-9.953311920166016
-16.341232299804688,-16.0087890625,-17.047374725341797,-18.951526641845703,-18.167217254638672,-16.5784969329834,-15.132247924804688,-14.057394981384277,-13.424920082092285,-12.750929832458496,-14.15201473236084,-10.766435623168945,-8.810674667358398,-10.747781753540039,-11.846521377563477,-10.889266014099121,-11.189457893371582,-11.550496101379395,-11.356374740600586,-12.573177337646484,-14.446647644042969,-15.171568870544434,-12.45071029663086,-8.821867942810059,-8.02822208404541,-6.379457950592041,-6.910833835601807,-7.333227634429932,-7.184446334838867,-7.7804765701293945,-9.827269554138184,-9.79340648651123,-9.600761413574219,-10.06335163116455,-11.197233200073242,-11.048776626586914,-10.701377868652344,-10.147823333740234,-8.903158187866211,-8.42597770690918,-8.40509033203125,-9.522335052490234,-12.110867500305176,-12.350085258483887
-15.722221374511719,-15.777290344238281,-16.44985008239746,-18.000551223754883,-17.412946701049805,-15.44119644165039,-13.634170532226562,-11.791769981384277,-11.38991641998291,-9.993510246276855,-9.665474891662598,-10.215377807617188,-9.427591323852539,-9.88332462310791,-10.810733795166016,-9.851349830627441,-10.655013084411621,-11.840513229370117,-11.32503604888916,-11.883009910583496,-13.184555053710938,-12.081033706665039,-8.37778091430664,-7.3634443283081055,-8.241434097290039,-4.586980819702148,-6.460201740264893,-8.081912994384766,-7.5058088302612305,-7.530600070953369,-9.514815330505371,-9.796003341674805,-9.894850730895996,-10.628328323364258,-11.289376258850098,-10.109309196472168,-9.557967185974121,-9.738354682922363,-9.057659149169922,-8.242731094360352,-9.387739181518555,-14.685997009277344,-18.695798873901367,-12.436857223510742
-15.72900676727295,-16.132312774658203,-16.75217628479004,-18.65064811706543,-18.29057502746582,-9.502558708190918,-12.275847434997559,-10.108701705932617,-10.205917358398438,-9.841986656188965,-9.289262771606445,-9.83482551574707,-9.980895042419434,-9.282726287841797,-9.605890274047852,-9.079937934875488,-11.185905456542969,-11.685383796691895,-11.034104347229004,-10.854796409606934,-10.330348014831543,-8.365839958190918,-6.042098045349121,-7.507201194763184,-7.8801679611206055,-5.424811840057373,-6.185214519500732,-6.731562614440918,-6.644834995269775,-6.940534591674805,-8.806398391723633,-9.142352104187012,-9.933551788330078,-11.582252502441406,-12.0459566116333,-10.722043991088867,-10.083569526672363,-10.780182838439941,-11.090391159057617,-10.739293098449707,-12.356598854064941,-17.283382415771484,-17.135498046875,-13.846426010131836
-14.742176055908203,-15.341622352600098,-15.598464965820312,-16.07689666748047,-14.605936050415039,-10.481903076171875,-9.744522094726562,-8.53204345703125,-7.913712978363037,-9.0562744140625,-10.302778244018555,-10.195135116577148,-8.816683769226074,-8.984383583068848,-8.831650733947754,-9.075615882873535,-10.033820152282715,-10.512728691101074,-10.156664848327637,-9.808894157409668,-7.6352691650390625,-5.376411437988281,-5.173430442810059,-7.858166217803955,-7.68886661529541,-5.951641082763672,-5.520979404449463,-5.33247709274292,-5.375482559204102,-6.618009090423584,-7.9332594871521,-8.687381744384766,-10.542614936828613,-12.783292770385742,-13.277583122253418,-12.839932441711426,-12.336166381835938,-12.517464637756348,-13.07730484008789,-13.261462211608887,-14.277584075927734,-16.779714584350586,-17.351985931396484,-17.13736343383789
-12.456958770751953,-11.759367942810059,-10.652790069580078,-10.769762992858887,-11.23143482208252,-11.029616355895996,-8.485572814941406,-8.813637733459473,-8.573177337646484,-9.939472198486328,-10.187043190002441,-9.875517845153809,-9.816926956176758,-8.638043403625488,-7.247232913970947,-7.15755033493042,-8.730483055114746,-9.102243423461914,-8.058647155761719,-8.2671480178833,-5.878182411193848,-2.2865421772003174,-4.175524711608887,-7.792306423187256,-7.537451267242432,-5.039045333862305,-4.812035083770752,-5.100934028625488,-4.566958427429199,-6.430538654327393,-7.551568984985352,-9.08194351196289,-11.25426197052002,-13.52373218536377,-14.55237865447998,-14.806197166442871,-14.179093360900879,-13.889443397521973,-14.169485092163086,-14.169657707214355,-14.211420059204102,-15.36739444732666,-16.906177520751953,-17.957725524902344
-10.251253128051758,-8.602639198303223,-6.956447601318359,-7.690583229064941,-10.298417091369629,-11.085466384887695,-8.580599784851074,-8.748944282531738,-8.668334007263184,-8.76793384552002,-8.185637474060059,-9.079237937927246,-9.64929485321045,-7.472506046295166,-5.7127180099487305,-5.684423446655273,-6.222586154937744,-5.290855884552002,-5.7628960609436035,-7.201375484466553,-4.639543056488037,-1.0525200366973877,-3.323153495788574,-6.009373188018799,-6.141782760620117,-4.999557971954346,-4.933629035949707,-4.807290554046631,-3.878791332244873,-5.871486663818359,-7.283754825592041,-9.653836250305176,-11.557360649108887,-13.679553985595703,-15.143972396850586,-15.763611793518066,-15.00610637664795,-15.419878005981445,-16.956525802612305,-17.765972137451172,-18.43374252319336,-19.003707885742188,-19.26774787902832,-19.35150718688965
-9.29745864868164,-7.709598064422607,-7.671846866607666,-8.980521202087402,-11.39684009552002,-11.13368034362793,-9.477448463439941,-8.501449584960938,-7.6556501388549805,-5.8436784744262695,-6.192934989929199,-7.387627124786377,-7.527626037597656,-6.2146100997924805,-4.873643398284912,-5.093907356262207,-4.77406120300293,-3.342695951461792,-4.2632927894592285,-4.890509605407715,-2.885765552520752,-1.9342018365859985,-4.238330364227295,-6.51168155670166,-3.554952383041382,-4.339210033416748,-6.199249744415283,-9.62542724609375,1.2285419702529907,-3.499049663543701,-7.2489399909973145,-10.403796195983887,-12.153043746948242,-14.216684341430664,-15.806930541992188,-16.807310104370117,-15.880709648132324,-15.031097412109375,-18.781410217285156,-21.36739730834961,-22.586389541625977,-23.809783935546875,-23.654808044433594,-22.990480422973633
