data/wind_data/wind_55_5.json
{"header": {"parameterUnit": "KT", "parameterCategory": 2, "nx": 256, "ny": 198, "lo1": 44.73521041870117, "la1": -3.236724853515625, "lo2": 111.26478576660156, "la2": 43.468475341796875, "dx": 0.2609002888202667, "dy": -0.23708222806453705, "refTime": "2025-02-21 07:00:00", "forecastTime": 0, "parameterNumber": 2, "parameterNumberName": "eastward_wind"}, "data":
[rows 114 to 132 of 198, columns 132 to 175 of 256]
26.162208557128906,25.33169174194336,24.438936233520508,23.6719970703125,23.15505027770996,22.82281494140625,22.720600128173828,23.083608627319336,23.7337646484375,24.16992950439453,23.661714553833008,22.445022583007812,21.455692291259766,20.9029541015625,20.998939514160156,21.882652282714844,23.385404586791992,25.062639236450195,26.497509002685547,27.447141647338867,27.681936264038086,27.158178329467773,26.2802791595459,25.661720275878906,25.910131454467773,27.055007934570312,28.556262969970703,29.92477798461914,30.90927505493164,31.47532844543457,31.90353775024414,32.632530212402344,33.672794342041016,34.643192291259766,35.19768524169922,35.14386749267578,34.6174201965332,33.925025939941406,33.25200653076172,32.636390686035156,31.996828079223633,31.60797691345215,31.809261322021484,32.35150146484375
26.393901824951172,25.810632705688477,25.153230667114258,24.560749053955078,24.087074279785156,23.849563598632812,23.97248077392578,24.41640281677246,24.9493465423584,25.092164993286133,24.3654842376709,23.190536499023438,22.29646873474121,21.751806259155273,21.8378849029541,22.64916229248047,24.032215118408203,25.737031936645508,27.306751251220703,28.215944290161133,28.157123565673828,27.19611930847168,26.106653213500977,25.9133243560791,26.664691925048828,27.80516242980957,29.069353103637695,30.31270980834961,31.30010414123535,32.09132766723633,32.699459075927734,32.90925216674805,32.794559478759766,32.94528579711914,33.44178009033203,33.67489242553711,33.42692947387695,33.00895309448242,32.59681701660156,32.148075103759766,31.72865104675293,31.550012588500977,31.89118194580078,32.676639556884766
27.050207138061523,26.687936782836914,26.22549819946289,25.636648178100586,24.972259521484375,24.51637840270996,24.560632705688477,25.0576171875,25.6743221282959,25.849384307861328,25.325439453125,24.49434471130371,23.771814346313477,23.31346321105957,23.285381317138672,23.783496856689453,24.83806800842285,26.27967071533203,27.559642791748047,28.09632110595703,27.72322654724121,26.635570526123047,25.643617630004883,25.703550338745117,26.713342666625977,27.915267944335938,28.889612197875977,29.662439346313477,30.268280029296875,31.15518569946289,32.606021881103516,33.66420364379883,33.404483795166016,32.51516342163086,32.32858657836914,32.86733627319336,33.462913513183594,33.69306945800781,33.42234420776367,32.86868667602539,32.392486572265625,32.27851486206055,32.76780700683594,33.53744125366211
27.730228424072266,27.603721618652344,27.191896438598633,26.496469497680664,25.60407829284668,24.873165130615234,24.678701400756836,25.098648071289062,25.803241729736328,26.28541374206543,26.214282989501953,25.752117156982422,25.26136589050293,24.958629608154297,24.941667556762695,25.280431747436523,25.92685890197754,26.721553802490234,27.354345321655273,27.411523818969727,26.79564666748047,25.868417739868164,25.30753517150879,25.432247161865234,26.214244842529297,27.29619789123535,28.04338836669922,28.295412063598633,28.17328643798828,28.278419494628906,29.862834930419922,32.226444244384766,33.531341552734375,33.56963348388672,33.5192756652832,34.03660583496094,34.79248046875,35.14201354980469,34.90411376953125,34.229034423828125,33.4144401550293,32.85968017578125,32.9619255065918,33.0659065246582
28.49734878540039,28.38845443725586,27.960657119750977,27.048616409301758,25.941638946533203,25.08331871032715,24.6126766204834,24.685901641845703,25.331247329711914,26.122600555419922,26.583742141723633,26.65553092956543,26.524293899536133,26.259056091308594,25.99980354309082,26.04252815246582,26.336606979370117,26.688135147094727,26.94139289855957,26.674701690673828,25.757722854614258,24.855260848999023,24.703720092773438,25.219892501831055,26.052492141723633,27.05293083190918,27.76418685913086,27.869829177856445,27.540571212768555,26.300556182861328,26.786865234375,29.445781707763672,32.02370071411133,33.71129608154297,34.420921325683594,34.390350341796875,34.09671401977539,33.73844528198242,33.2734375,32.76870346069336,32.36728286743164,32.136409759521484,32.00522232055664,31.701263427734375
29.5076904296875,29.14921760559082,28.479360580444336,27.347097396850586,26.11599349975586,25.113094329833984,24.41546630859375,24.40885353088379,25.081186294555664,26.054418563842773,26.867799758911133,27.293956756591797,27.24575424194336,26.75028419494629,26.18032455444336,26.011091232299805,26.28195571899414,26.65496253967285,26.755373001098633,26.093238830566406,24.975889205932617,24.13622283935547,23.958742141723633,24.797916412353516,26.28072166442871,27.749006271362305,29.01424217224121,29.9321231842041,30.448270797729492,28.989484786987305,27.467273712158203,28.373289108276367,30.350963592529297,32.63175582885742,32.984619140625,31.208515167236328,30.490718841552734,30.484846115112305,29.733606338500977,28.197616577148438,27.561132431030273,28.72368621826172,29.828895568847656,29.82923126220703
30.368331909179688,29.79061508178711,28.73088836669922,27.422561645507812,26.15589141845703,25.146921157836914,24.676910400390625,24.87752914428711,25.52252769470215,26.401586532592773,27.25764274597168,27.662885665893555,27.365468978881836,26.67583656311035,26.100383758544922,25.957794189453125,26.334169387817383,26.755033493041992,26.584110260009766,25.530956268310547,24.728851318359375,24.654842376708984,24.120351791381836,24.93098258972168,27.29446029663086,29.009592056274414,30.471284866333008,31.976470947265625,32.914188385009766,32.44976043701172,29.81195640563965,28.20258140563965,28.749675750732422,30.247726440429688,29.937606811523438,26.106367111206055,24.858121871948242,25.184036254882812,24.410381317138672,22.491043090820312,23.85289764404297,27.167707443237305,27.701862335205078,26.16547966003418
30.542591094970703,29.904178619384766,28.710281372070312,27.315746307373047,26.245363235473633,25.83652114868164,25.866437911987305,26.092622756958008,26.57223892211914,27.21253776550293,27.739826202392578,27.73440933227539,26.98908805847168,26.20616912841797,25.867021560668945,25.94915771484375,26.253671646118164,26.384723663330078,25.847867965698242,24.989675521850586,25.147119522094727,26.27139663696289,26.264833450317383,27.113651275634766,29.788076400756836,31.34800910949707,32.6875114440918,33.32088851928711,33.292884826660156,31.865947723388672,30.585397720336914,28.923076629638672,27.313934326171875,26.829681396484375,25.168439865112305,21.73065185546875,20.78755760192871,21.638023376464844,20.04653549194336,19.638084411621094,23.684104919433594,25.35982894897461,25.564966201782227,24.677528381347656
30.513111114501953,29.529842376708984,28.197505950927734,27.108915328979492,26.73113441467285,26.883169174194336,27.11766242980957,27.352237701416016,27.672330856323242,27.97289276123047,28.2735538482666,27.86315155029297,26.661483764648438,25.8823184967041,26.13973617553711,26.866374969482422,27.083940505981445,26.49614906311035,25.304466247558594,24.979393005371094,26.06125259399414,27.85131072998047,29.288333892822266,30.70299530029297,32.175270080566406,33.5676383972168,34.30060577392578,35.01610565185547,34.59259033203125,31.17447280883789,30.995546340942383,29.565410614013672,24.286352157592773,23.834941864013672,22.59845733642578,17.797880172729492,19.612224578857422,19.956714630126953,17.022903442382812,20.267494201660156,21.99898338317871,22.823902130126953,23.832284927368164,25.02242660522461
30.71501922607422,28.964414596557617,27.55855369567871,27.01181983947754,27.149621963500977,27.605390548706055,28.17814826965332,28.49309539794922,28.516611099243164,28.98319435119629,28.696821212768555,27.27350425720215,26.717893600463867,27.330698013305664,28.455066680908203,29.421411514282227,29.112028121948242,26.77745819091797,25.159748077392578,25.903034210205078,27.3626708984375,29.176694869995117,31.238412857055664,32.82111740112305,33.735694885253906,34.0638313293457,33.7391357421875,34.41057205200195,34.31822204589844,32.599609375,29.858898162841797,28.425193786621094,20.902191162109375,23.858308792114258,24.773983001708984,19.38776969909668,18.41761016845703,18.8160457611084,11.125697135925293,17.035860061645508,19.769933700561523,21.001924514770508,23.139007568359375,24.406200408935547
30.71770668029785,28.57498550415039,27.38933563232422,26.93869400024414,27.128433227539062,27.968387603759766,28.95711326599121,29.194570541381836,29.319744110107422,29.39333152770996,28.238441467285156,27.555009841918945,29.532001495361328,30.941015243530273,31.179277420043945,30.44620704650879,28.358793258666992,25.1517276763916,25.202726364135742,27.484270095825195,30.196855545043945,32.07914733886719,33.59376525878906,34.61434555053711,35.72514724731445,36.287452697753906,34.64859390258789,30.2967586517334,31.602731704711914,34.44719314575195,31.20539665222168,26.756601333618164,22.4283390045166,28.080265045166016,29.46717643737793,21.980615615844727,17.054662704467773,19.01921844482422,21.71027374267578,13.546642303466797,20.016508102416992,20.695966720581055,21.81391143798828,23.79085922241211
30.460773468017578,28.598989486694336,27.63368034362793,27.070682525634766,27.26664161682129,28.321195602416992,29.55869483947754,29.908552169799805,29.84308624267578,29.32356834411621,28.50271987915039,29.059972763061523,30.926496505737305,32.062252044677734,31.49810028076172,29.353900909423828,26.967382431030273,26.12074851989746,28.301334381103516,31.099815368652344,33.92475891113281,36.41780090332031,37.10295867919922,36.18061828613281,36.79045867919922,36.9651985168457,33.97626876831055,25.09893798828125,30.667613983154297,39.69956970214844,37.51342010498047,28.06243133544922,23.276464462280273,24.20352554321289,15.882919311523438,15.881851196289062,18.601913452148438,19.921600341796875,21.11042022705078,20.557790756225586,19.898542404174805,20.10388946533203,22.761520385742188,24.334062576293945
29.82181167602539,28.62030029296875,28.062564849853516,27.606853485107422,27.97687530517578,29.0235538482666,29.862062454223633,30.329919815063477,29.986238479614258,29.257570266723633,29.20352554321289,30.270387649536133,30.74119758605957,32.182735443115234,34.439945220947266,34.34773635864258,32.666473388671875,33.33205795288086,36.605289459228516,36.27806091308594,33.98432159423828,35.66914749145508,35.968379974365234,34.99820327758789,34.57024383544922,35.025882720947266,32.50834655761719,26.47862434387207,27.428865432739258,37.353939056396484,27.654232025146484,17.463640213012695,16.39798355102539,19.908985137939453,18.117473602294922,17.133460998535156,21.039865493774414,21.846731185913086,20.239694595336914,17.49527359008789,16.671958923339844,18.713211059570312,17.8413143157959,16.33594512939453
29.301746368408203,28.530921936035156,28.147052764892578,28.271272659301758,28.951852798461914,29.757043838500977,30.207773208618164,30.453453063964844,29.639760971069336,28.952131271362305,29.593765258789062,30.90610122680664,30.492794036865234,33.22279739379883,37.41276931762695,42.98842239379883,45.10938262939453,43.03267288208008,41.72250747680664,46.956878662109375,38.373416900634766,33.351871490478516,35.0489387512207,33.55001449584961,33.52048110961914,34.35493087768555,30.731502532958984,29.283737182617188,30.894521713256836,28.090099334716797,18.080001831054688,11.296076774597168,12.731771469116211,14.13465404510498,15.25834846496582,17.846540451049805,20.31608009338379,19.598560333251953,15.646733283996582,14.058626174926758,13.290464401245117,17.402050018310547,22.00352668762207,19.054718017578125
28.98006248474121,28.632078170776367,28.96224594116211,29.564590454101562,30.206981658935547,31.05722427368164,31.423351287841797,31.008108139038086,30.002634048461914,29.9505672454834,31.61509895324707,33.385353088378906,33.49189376831055,33.6551628112793,38.10973358154297,43.87792205810547,49.9553108215332,49.27251434326172,46.605796813964844,46.31433868408203,46.10765838623047,45.52806854248047,46.24451446533203,44.59053421020508,40.565853118896484,37.0931282043457,35.744083404541016,37.03629684448242,36.85069274902344,37.13551330566406,36.68167495727539,25.469003677368164,19.718420028686523,19.503938674926758,19.55211067199707,20.717187881469727,21.977188110351562,20.293930053710938,19.727399826049805,22.115005493164062,22.42108726501465,20.885835647583008,18.727209091186523,16.343154907226562
29.03728485107422,30.686105728149414,32.189361572265625,32.543338775634766,32.07724380493164,32.30600357055664,32.2260627746582,31.915544509887695,31.539810180664062,32.42601013183594,34.771728515625,37.63187789916992,40.435855865478516,43.58778762817383,45.49723434448242,46.87929153442383,50.856666564941406,53.47883987426758,49.155357360839844,46.1468391418457,46.42085647583008,45.20747756958008,41.89812469482422,38.311222076416016,36.26878356933594,36.18255615234375,36.555641174316406,36.051856994628906,34.64065170288086,37.38883972167969,42.94886779785156,41.381439208984375,33.57257080078125,27.03921890258789,25.13850212097168,27.194562911987305,29.59838104248047,30.33610725402832,29.015363693237305,25.423776626586914,21.597900390625,19.40725326538086,19.557266235351562,20.023921966552734
30.999895095825195,34.092628479003906,34.795684814453125,33.88034439086914,32.64121627807617,32.18181228637695,32.091819763183594,32.791297912597656,34.37959289550781,35.57838821411133,36.51301956176758,38.824424743652344,42.84459686279297,46.94854736328125,48.79111099243164,49.48482894897461,51.890602111816406,52.996559143066406,48.7053337097168,46.007484436035156,45.47494125366211,43.16427230834961,38.935264587402344,36.741943359375,37.08942413330078,36.983577728271484,36.65285110473633,37.82321548461914,37.12401580810547,34.6003532409668,35.9288444519043,38.93101119995117,38.17569351196289,33.57447052001953,30.068370819091797,28.776578903198242,27.624971389770508,28.769676208496094,28.239246368408203,25.154260635375977,23.81145477294922,24.972688674926758,26.13710594177246,26.299219131469727
33.391693115234375,34.5780143737793,34.094913482666016,32.816829681396484,32.2699089050293,33.00858688354492,35.29574966430664,38.67155838012695,41.49448013305664,41.43239974975586,39.96443176269531,41.03908920288086,45.067962646484375,49.8657341003418,53.29740524291992,53.31298065185547,51.700904846191406,50.11427307128906,48.42704391479492,46.94706726074219,44.46757507324219,42.235172271728516,39.69459915161133,38.25724792480469,38.63355255126953,38.952598571777344,38.63922119140625,38.367271423339844,37.40780258178711,36.08504104614258,36.21962356567383,36.094879150390625,35.54094696044922,33.577518463134766,30.93437385559082,29.3394832611084,24.918785095214844,19.639850616455078,18.310794830322266,16.332759857177734,19.960960388183594,24.042911529541016,25.683216094970703,24.624956130981445
35.13045120239258,34.29901885986328,33.32327651977539,33.713134765625,35.3112678527832,37.766517639160156,41.59135437011719,46.410282135009766,48.14413833618164,48.19437026977539,46.69520950317383,46.8977165222168,50.443607330322266,54.74791717529297,56.472747802734375,53.571563720703125,50.33251190185547,49.854339599609375,49.77804946899414,47.14305877685547,43.30556869506836,40.10460662841797,39.92203140258789,41.85780334472656,43.735191345214844,43.94892501831055,42.516761779785156,40.735965728759766,39.19028091430664,37.3901481628418,36.61566162109375,35.654476165771484,33.92830276489258,33.19105911254883,31.34029769897461,29.57522964477539,26.06924819946289,20.220184326171875,16.26423454284668,15.289253234863281,16.610828399658203,15.885981559753418,14.739349365234375,13.729348182678223
