data/wind_data/wind_15_5.json
{"header": {"parameterUnit": "KT", "parameterCategory": 2, "nx": 256, "ny": 198, "lo1": 44.73521041870117, "la1": -3.236724853515625, "lo2": 111.26478576660156, "la2": 43.468475341796875, "dx": 0.2609002888202667, "dy": -0.23708222806453705, "refTime": "2025-02-19 15:00:00", "forecastTime": 0, "parameterNumber": 2, "parameterNumberName": "eastward_wind"}, "data":
[rows 19 to 37 of 198, columns 88 to 131 of 256]
-8.429360389709473,-7.7881550788879395,-7.072185039520264,-6.71441650390625,-6.531330108642578,-6.869159698486328,-8.057069778442383,-9.158384323120117,-9.705388069152832,-9.981074333190918,-10.431119918823242,-10.872811317443848,-11.788007736206055,-12.39401912689209,-11.266923904418945,-9.049280166625977,-7.518378734588623,-8.056532859802246,-7.662566184997559,-6.884535312652588,-7.3866095542907715,-7.696415424346924,-8.023716926574707,-7.8375139236450195,-7.1125569343566895,-5.924773216247559,-5.663558483123779,-5.525397300720215,-5.651427745819092,-5.81144905090332,-6.296782493591309,-7.170252323150635,-6.3248515129089355,-5.023255348205566,-5.228288173675537,-5.737885475158691,-4.821800708770752,-4.905121326446533,-4.395853519439697,-3.548964738845825,-3.872140645980835,-3.9316329956054688,-4.0138139724731445,-4.06826114654541
-9.272457122802734,-9.331764221191406,-9.216468811035156,-8.647602081298828,-8.11905574798584,-8.147259712219238,-8.776433944702148,-9.665030479431152,-10.217426300048828,-10.392922401428223,-10.540987968444824,-10.777179718017578,-11.257234573364258,-11.802868843078613,-11.520855903625488,-10.528947830200195,-9.428701400756836,-8.930776596069336,-6.2484331130981445,-6.596827507019043,-6.669687271118164,-7.47853422164917,-7.292822360992432,-7.0450639724731445,-6.510844707489014,-4.526381492614746,-4.565001964569092,-5.9251275062561035,-4.021739482879639,-5.182668685913086,-6.582118988037109,-6.463653087615967,-5.472692012786865,-4.130527973175049,-4.061822414398193,-6.707620620727539,-5.361886978149414,-4.107936382293701,-4.4229936599731445,-3.366387367248535,-3.8081464767456055,-4.066478252410889,-3.811190605163574,-3.9263722896575928
-10.685742378234863,-11.106597900390625,-11.10714340209961,-10.759258270263672,-10.476957321166992,-10.27359676361084,-10.148221969604492,-10.267280578613281,-10.599140167236328,-10.671700477600098,-10.562881469726562,-10.682555198669434,-10.98298454284668,-11.58227825164795,-12.280086517333984,-12.638197898864746,-12.0704984664917,-10.32137393951416,-7.9634881019592285,-6.095945835113525,-5.837421417236328,-6.687338352203369,-6.863029956817627,-8.489867210388184,-9.395265579223633,-7.895294666290283,-6.251311302185059,-8.604572296142578,-5.695521831512451,-7.8205766677856445,-6.842696666717529,-5.446362495422363,-4.606202602386475,-3.8942666053771973,-3.532689094543457,-4.519875526428223,-4.360672473907471,-4.162359714508057,-5.664904594421387,-2.635906219482422,-3.0676321983337402,-4.0606513023376465,-3.7032928466796875,-3.5611367225646973
-11.716073989868164,-12.078950881958008,-12.247201919555664,-12.324892044067383,-12.316995620727539,-11.940367698669434,-11.33482837677002,-11.0308198928833,-10.999792098999023,-10.736420631408691,-10.333298683166504,-10.460201263427734,-11.106234550476074,-11.778817176818848,-12.526737213134766,-12.725483894348145,-11.694193840026855,-10.219710350036621,-9.416735649108887,-8.077238082885742,-6.036118984222412,-5.865707874298096,-6.433077812194824,-8.070695877075195,-7.812684535980225,-6.498429298400879,-6.6064252853393555,-6.470302104949951,-6.191818714141846,-7.760491847991943,-6.264312267303467,-5.333550930023193,-4.769303798675537,-3.398529529571533,-1.8831833600997925,-4.05194616317749,-5.6506123542785645,-4.358989715576172,-5.572701454162598,-4.232856273651123,-2.412243604660034,-3.4740734100341797,-2.953885555267334,-2.597214460372925
-11.521734237670898,-11.86995792388916,-12.463804244995117,-12.921924591064453,-12.938612937927246,-12.456100463867188,-11.903839111328125,-11.528921127319336,-11.172045707702637,-10.734085083007812,-10.401556015014648,-10.321687698364258,-10.567838668823242,-10.969118118286133,-11.525314331054688,-11.461040496826172,-10.423558235168457,-9.631572723388672,-9.44771671295166,-8.10574722290039,-6.496680736541748,-6.224645137786865,-6.192741870880127,-7.09267520904541,-6.392331600189209,-5.730506896972656,-6.697773456573486,-6.177272796630859,-6.260497570037842,-7.360445976257324,-6.439205169677734,-5.467343330383301,-6.019491672515869,-7.077657222747803,-2.1205615997314453,-5.841980934143066,-6.6583757400512695,-4.307100296020508,-2.6627302169799805,-2.510671854019165,-2.424938678741455,-2.1787257194519043,-1.6318178176879883,-1.461565613746643
-11.33146858215332,-11.36251163482666,-11.870738983154297,-12.385262489318848,-12.49146842956543,-12.275238990783691,-11.96869945526123,-11.666943550109863,-11.21564769744873,-10.781036376953125,-10.583061218261719,-10.375359535217285,-9.828789710998535,-9.886905670166016,-9.827354431152344,-9.885787010192871,-9.493264198303223,-8.644793510437012,-7.88967227935791,-7.13046932220459,-6.641475200653076,-6.287408351898193,-5.656093597412109,-6.35455322265625,-5.689213275909424,-4.156881809234619,-4.094773769378662,-5.42271089553833,-5.445051193237305,-5.738038063049316,-5.492835998535156,-5.823422431945801,-6.319633960723877,-6.676787376403809,-4.962152004241943,-5.138129711151123,-4.69110631942749,-3.6842150688171387,-2.5219602584838867,-2.268815517425537,-2.062638521194458,-1.302063226699829,-0.9342342615127563,-0.6801543831825256
-12.163236618041992,-11.680102348327637,-11.531458854675293,-11.698166847229004,-11.914536476135254,-12.04906940460205,-11.958006858825684,-11.660140991210938,-11.198771476745605,-10.797203063964844,-10.440664291381836,-10.303617477416992,-10.309267044067383,-9.458013534545898,-9.203587532043457,-8.686234474182129,-8.211636543273926,-7.592057704925537,-7.169787883758545,-7.0960283279418945,-7.46613883972168,-7.412825584411621,-6.331770896911621,-6.608613967895508,-6.3784074783325195,-5.440840721130371,-6.397668361663818,-5.69606351852417,-4.894591331481934,-5.412342071533203,-5.269976615905762,-5.622838020324707,-5.015674114227295,-4.431148052215576,-4.206757545471191,-5.618696689605713,-4.516848564147949,-2.4583182334899902,-2.5461535453796387,-1.2871415615081787,-0.7454605102539062,-0.06526337563991547,0.20635664463043213,0.16924619674682617
-12.506780624389648,-12.103299140930176,-11.894136428833008,-11.900071144104004,-11.900808334350586,-11.812456130981445,-11.63265609741211,-11.386567115783691,-11.10046672821045,-10.605111122131348,-10.49915599822998,-10.649560928344727,-10.28122615814209,-10.283180236816406,-9.12285327911377,-8.750693321228027,-7.986680030822754,-7.703019142150879,-7.286031246185303,-6.963550090789795,-6.9621686935424805,-6.123446464538574,-5.61153507232666,-6.206047058105469,-5.506544589996338,-5.384313106536865,-5.785396099090576,-5.848318576812744,-4.97476053237915,-5.207545757293701,-5.305760860443115,-5.060466766357422,-4.0712199211120605,-2.94240140914917,-2.148831844329834,-1.485448956489563,-0.7826823592185974,-1.5758390426635742,-0.8339812755584717,0.5743482708930969,0.7747316360473633,1.2089298963546753,1.9903161525726318,1.5344561338424683
-11.861574172973633,-11.934103965759277,-12.261733055114746,-12.407769203186035,-12.204187393188477,-11.839871406555176,-11.386686325073242,-10.864603042602539,-10.483566284179688,-10.724661827087402,-10.582834243774414,-10.491486549377441,-10.854036331176758,-9.674243927001953,-9.313884735107422,-8.841089248657227,-8.507171630859375,-8.219315528869629,-7.758897304534912,-6.862734794616699,-6.377331256866455,-5.859531879425049,-5.510341167449951,-5.024985313415527,-4.136517524719238,-4.187515735626221,-4.3427042961120605,-3.666063070297241,-3.3913960456848145,-3.732395648956299,-3.980476140975952,-3.831928253173828,-3.421085834503174,-2.510866403579712,-1.2804292440414429,0.020234566181898117,0.03617868945002556,-0.18610212206840515,-0.2698599100112915,1.938848853111267,1.7621936798095703,1.4975136518478394,2.3068230152130127,2.441014051437378
-12.12149715423584,-11.915130615234375,-12.089465141296387,-12.29041576385498,-12.357175827026367,-12.044432640075684,-11.288155555725098,-10.562970161437988,-10.233247756958008,-10.444206237792969,-10.735285758972168,-10.644433975219727,-9.995729446411133,-9.186698913574219,-8.842856407165527,-8.829812049865723,-8.862390518188477,-8.546728134155273,-7.649966716766357,-6.722269535064697,-6.219916820526123,-5.488279342651367,-4.988428115844727,-4.890185832977295,-4.636013984680176,-3.6674001216888428,-2.4306156635284424,-1.9440675973892212,-2.0701372623443604,-2.2569754123687744,-2.0458133220672607,-1.8922715187072754,-1.9203612804412842,-1.4473414421081543,-0.5754280090332031,0.1417383849620819,0.35857847332954407,0.49173179268836975,0.85411137342453,1.5270721912384033,0.9894440174102783,1.2056726217269897,1.8705124855041504,2.336360216140747
-13.608705520629883,-12.998448371887207,-12.478165626525879,-12.154768943786621,-11.944289207458496,-11.63516616821289,-11.246504783630371,-10.842537879943848,-10.523622512817383,-10.393939971923828,-10.124382972717285,-9.645930290222168,-9.262069702148438,-8.943204879760742,-8.786399841308594,-8.725335121154785,-8.593987464904785,-8.05655574798584,-7.047666072845459,-6.148028373718262,-5.589898586273193,-5.192043304443359,-4.836464881896973,-4.2415876388549805,-3.583655834197998,-2.8145906925201416,-2.151801586151123,-1.7281250953674316,-1.5849943161010742,-1.408583641052246,-1.0793992280960083,-1.0225087404251099,-0.9770451784133911,-0.8044307231903076,-0.2330176681280136,0.4493842124938965,1.0848724842071533,1.1513909101486206,0.7740402221679688,0.89437335729599,1.169191598892212,1.4834259748458862,2.4728598594665527,2.742455005645752
-14.59493637084961,-14.101397514343262,-13.50765609741211,-12.761876106262207,-11.870665550231934,-11.121307373046875,-10.683820724487305,-10.277697563171387,-9.907373428344727,-9.690827369689941,-9.46681022644043,-9.221246719360352,-9.144280433654785,-9.0991849899292,-8.849566459655762,-8.60410213470459,-8.217589378356934,-7.236335754394531,-6.140897750854492,-5.412543296813965,-5.068460464477539,-4.663449764251709,-3.9805049896240234,-3.2174336910247803,-2.7069284915924072,-2.518118381500244,-2.1517505645751953,-1.6038895845413208,-1.2286893129348755,-1.2653133869171143,-1.2549411058425903,-1.0716816186904907,-0.7375943064689636,-0.35721099376678467,0.1017836406826973,0.7657291293144226,1.434189796447754,1.7989994287490845,1.7209508419036865,1.6665478944778442,1.8309911489486694,2.1947007179260254,2.8505403995513916,3.755725622177124
-15.425893783569336,-15.335379600524902,-14.993668556213379,-14.344894409179688,-13.445586204528809,-12.519198417663574,-11.624504089355469,-10.690823554992676,-9.893353462219238,-9.509500503540039,-9.474360466003418,-9.494270324707031,-9.429574012756348,-9.306817054748535,-9.136893272399902,-8.748618125915527,-7.821247100830078,-6.581723213195801,-5.524757385253906,-4.9273223876953125,-4.559872627258301,-4.006830215454102,-3.266724109649658,-2.6574013233184814,-2.361978769302368,-2.1639564037323,-1.8208997249603271,-1.4789787530899048,-1.1217209100723267,-0.9609765410423279,-1.0846799612045288,-1.0586481094360352,-0.8984501361846924,-0.5171712040901184,-0.09190354496240616,0.47883737087249756,1.1389042139053345,1.876491665840149,2.4853250980377197,2.730713367462158,2.489673614501953,2.5290603637695312,3.4448041915893555,4.175955772399902
-15.957185745239258,-15.927929878234863,-15.715195655822754,-15.475347518920898,-15.095817565917969,-14.274470329284668,-13.177836418151855,-12.143510818481445,-11.205142974853516,-10.311694145202637,-9.763941764831543,-9.505033493041992,-9.365538597106934,-9.518404960632324,-9.50547981262207,-8.711706161499023,-7.480945587158203,-6.205719947814941,-5.178976058959961,-4.521376132965088,-4.148922443389893,-3.8401131629943848,-3.4486095905303955,-2.9897379875183105,-2.5047788619995117,-2.18241286277771,-2.0936005115509033,-1.8581560850143433,-1.2864934206008911,-0.9109578132629395,-0.9338542819023132,-0.957305371761322,-0.9502085447311401,-0.6502619981765747,-0.19456951320171356,0.29464033246040344,0.8395315408706665,1.3477405309677124,1.771384596824646,2.0452678203582764,2.244514226913452,2.4169023036956787,2.7523345947265625,2.9350388050079346
-16.127065658569336,-15.59631633758545,-15.069503784179688,-14.907988548278809,-14.899137496948242,-14.670378684997559,-14.12578010559082,-13.406216621398926,-12.571895599365234,-11.549111366271973,-10.394701957702637,-9.772343635559082,-9.582267761230469,-9.513530731201172,-9.131521224975586,-8.255885124206543,-7.265787601470947,-6.212988376617432,-5.332391738891602,-4.820192337036133,-4.562413692474365,-4.366163730621338,-4.079151630401611,-3.6704814434051514,-3.2604639530181885,-2.9859206676483154,-2.8690927028656006,-2.678361415863037,-2.3281822204589844,-1.920275092124939,-1.6131923198699951,-1.436367154121399,-1.2887725830078125,-1.0704548358917236,-0.8144021034240723,-0.5981144309043884,-0.39849892258644104,-0.18349787592887878,0.09223517775535583,0.33395692706108093,0.5516308546066284,0.7971245050430298,0.8758309483528137,1.170624852180481
-16.612958908081055,-15.99520206451416,-15.31358814239502,-14.900389671325684,-14.75834846496582,-14.59584903717041,-14.33840274810791,-14.009456634521484,-13.411258697509766,-12.426560401916504,-11.484306335449219,-10.741731643676758,-10.01402759552002,-9.433074951171875,-8.758234977722168,-7.974675178527832,-7.154472827911377,-6.291776180267334,-5.565306186676025,-5.08696985244751,-4.863272666931152,-4.748414516448975,-4.567854404449463,-4.320754051208496,-4.0494842529296875,-3.76515793800354,-3.568838119506836,-3.584528923034668,-3.6358373165130615,-3.3752481937408447,-2.8600754737854004,-2.511159658432007,-2.180499315261841,-2.0582354068756104,-2.1310269832611084,-2.2582883834838867,-2.4054784774780273,-2.4000535011291504,-2.0885446071624756,-1.6248170137405396,-1.2508798837661743,-0.9774686098098755,-0.6935710310935974,-0.15067146718502045
-17.406822204589844,-16.97583770751953,-16.415199279785156,-15.77492904663086,-15.242035865783691,-14.864344596862793,-14.554352760314941,-14.198328018188477,-13.65013599395752,-12.967540740966797,-12.266778945922852,-11.48015022277832,-10.660669326782227,-9.800172805786133,-8.826960563659668,-7.872511863708496,-6.990509510040283,-6.214510917663574,-5.6119842529296875,-5.178577899932861,-4.900333404541016,-4.728195667266846,-4.607227325439453,-4.544312477111816,-4.545581817626953,-4.547359466552734,-4.5215744972229,-4.641454696655273,-4.805177211761475,-4.686883926391602,-4.331903457641602,-3.9677462577819824,-3.7388007640838623,-3.661181688308716,-3.763089179992676,-3.864677667617798,-3.7889835834503174,-3.4475395679473877,-2.8942067623138428,-2.2963643074035645,-1.8802874088287354,-1.6351864337921143,-1.3822593688964844,-0.6783076524734497
-17.933427810668945,-17.456947326660156,-17.068069458007812,-16.69704818725586,-16.252744674682617,-15.779057502746582,-15.398575782775879,-15.071980476379395,-14.599358558654785,-13.931929588317871,-13.195016860961914,-12.387897491455078,-11.457551002502441,-10.361053466796875,-9.223971366882324,-8.227662086486816,-7.434618949890137,-6.834263801574707,-6.2998433113098145,-5.7618303298950195,-5.272430419921875,-4.909379005432129,-4.753220081329346,-4.824766159057617,-4.992915630340576,-5.072616100311279,-5.160343170166016,-5.356194496154785,-5.463341236114502,-5.437585353851318,-5.528444290161133,-5.7037835121154785,-5.669982433319092,-5.367706775665283,-4.952829837799072,-4.4402899742126465,-3.734926223754883,-2.8627259731292725,-2.0498335361480713,-1.5151499509811401,-1.3442565202713013,-1.3939040899276733,-1.2583365440368652,-0.6346389651298523
-18.249650955200195,-17.932941436767578,-17.742324829101562,-17.678592681884766,-17.54181671142578,-17.30091667175293,-17.1361083984375,-17.059017181396484,-16.802234649658203,-16.206451416015625,-15.41489028930664,-14.524921417236328,-13.458584785461426,-12.251903533935547,-11.024652481079102,-10.010597229003906,-9.379003524780273,-9.01285171508789,-8.622288703918457,-8.107946395874023,-7.568797588348389,-7.0937933921813965,-6.758534908294678,-6.60084867477417,-6.5442280769348145,-6.564190864562988,-6.616763114929199,-6.503418445587158,-6.30060338973999,-6.385107517242432,-6.844060897827148,-7.243366718292236,-7.091783046722412,-6.3794450759887695,-5.347196102142334,-4.174219131469727,-2.9578921794891357,-1.8079055547714233,-0.9620921015739441,-0.5101960301399231,-0.3430865705013275,-0.5309783220291138,-0.7677286267280579,-0.645980715751648
