data/wind_data/wind_24_1.json
{"header": {"parameterUnit": "KT", "parameterCategory": 2, "nx": 256, "ny": 198, "lo1": 44.73521041870117, "la1": -3.236724853515625, "lo2": 111.26478576660156, "la2": 43.468475341796875, "dx": 0.2609002888202667, "dy": -0.23708222806453705, "refTime": "2025-02-20 00:00:00", "forecastTime": 0, "parameterNumber": 2, "parameterNumberName": "eastward_wind"}, "data":
[rows 57 to 75 of 198, columns 86 to 128 of 256]
-4.591343402862549,-1.3244807720184326,-1.3850433826446533,-0.3297133147716522,-0.16299264132976532,-1.0409060716629028,1.2743638753890991,0.4772731363773346,2.41051983833313,-0.3432203233242035,2.8759124279022217,0.6954460740089417,0.9156439304351807,2.072932481765747,2.305227041244507,2.3103702068328857,2.3408732414245605,2.707669258117676,4.644212245941162,3.461977005004883,3.573936700820923,2.393216371536255,2.2385752201080322,2.5478901863098145,0.46581363677978516,4.112176418304443,-0.10003920644521713,4.772485733032227,1.7648729085922241,0.48121991753578186,1.770724892616272,-3.277338743209839,-0.19203121960163116,0.07542025297880173,-4.9107890129089355,-6.791956424713135,-2.7505908012390137,3.04099178314209,1.3603752851486206,0.3819636404514313,2.071132183074951,-0.8640629649162292,-3.204742431640625
-2.309821367263794,-0.08335050940513611,-2.7559778690338135,1.5439512729644775,0.4593506455421448,-1.4493227005004883,2.3421363830566406,1.388837218284607,1.4748315811157227,0.7547323107719421,0.6209980249404907,0.9987945556640625,1.5444971323013306,1.534080147743225,2.065448522567749,3.0795021057128906,3.0525124073028564,2.2380847930908203,3.049579620361328,2.8152687549591064,3.8513128757476807,1.8374788761138916,3.0285181999206543,2.2069032192230225,1.7230452299118042,3.4557113647460938,0.9900972247123718,7.209517002105713,2.389861822128296,1.5997201204299927,-0.2551106810569763,-2.524620771408081,-0.22898785769939423,-3.0526669025421143,-5.572753429412842,-3.5400242805480957,1.3381953239440918,1.5886458158493042,-2.2266626358032227,1.26420259475708,5.279012680053711,0.8576655387878418,-1.7045849561691284
0.4403480589389801,-2.0144035816192627,0.5227354764938354,-3.2414443492889404,1.965369701385498,-0.6345764398574829,2.215871810913086,-0.18107829988002777,1.7420350313186646,0.674693763256073,1.5214481353759766,1.3957583904266357,1.0223054885864258,1.7048577070236206,2.090059995651245,2.081921339035034,2.6690714359283447,2.5436792373657227,2.37793231010437,2.5803382396698,2.0981967449188232,1.4090323448181152,2.4168450832366943,0.5585304498672485,3.697507858276367,3.1671128273010254,0.7013651132583618,3.2144582271575928,3.4338536262512207,1.3404189348220825,-3.1263530254364014,-1.5570279359817505,-2.9315433502197266,-7.3044023513793945,-4.172244071960449,-3.1374146938323975,-0.07759160548448563,-0.11945357173681259,-0.6123862266540527,1.6754578351974487,3.8563485145568848,3.5511105060577393,3.0160481929779053
-1.9315186738967896,-2.4234366416931152,-1.5559520721435547,-1.3285846710205078,-0.04582836851477623,-0.24013544619083405,0.2789211571216583,2.0274219512939453,2.4506783485412598,1.5133824348449707,3.0348429679870605,2.1116228103637695,2.082496404647827,1.828292965888977,2.086505174636841,2.118349313735962,2.0831518173217773,1.853872299194336,1.903658151626587,1.8662077188491821,2.077883720397949,2.6053600311279297,3.0257527828216553,-1.1396576166152954,5.866462230682373,1.3240326642990112,3.0345447063446045,-4.1941657066345215,5.2266364097595215,-1.459177851676941,-4.4400315284729,-2.9738171100616455,-6.806149482727051,-6.55319356918335,-3.112061023712158,-1.8898062705993652,1.27614164352417,0.9633824229240417,0.05410456284880638,-1.0540447235107422,0.9305536150932312,4.064517021179199,6.781155586242676
-3.2600982189178467,-2.6930623054504395,-2.401324510574341,-1.1032509803771973,-1.3722106218338013,-0.10712363570928574,1.2424254417419434,0.786139190196991,3.8320634365081787,1.867858648300171,3.4992711544036865,3.0136919021606445,2.256666898727417,2.0790746212005615,2.362290859222412,2.3858957290649414,2.3010036945343018,2.4198081493377686,1.8462755680084229,2.0285890102386475,2.547208309173584,2.6128687858581543,2.0444023609161377,0.4153991639614105,2.4442086219787598,-0.8589254021644592,4.973820209503174,-7.150082111358643,1.2021161317825317,-8.63107967376709,-4.466272354125977,-2.1238677501678467,-6.859020233154297,-7.217582702636719,-0.6453652381896973,2.292759895324707,2.1094319820404053,2.471299886703491,-1.6455285549163818,-1.6365591287612915,1.2581150531768799,4.748232841491699,6.322612762451172
-1.396007776260376,-1.973597526550293,-0.8797420859336853,0.22454828023910522,-0.9238442778587341,0.028250964358448982,0.7826473712921143,-0.4518835246562958,3.2752771377563477,1.6084487438201904,3.8433754444122314,3.219952344894409,2.598278284072876,1.892713189125061,1.973327398300171,2.070403814315796,2.13456392288208,1.9846479892730713,2.071439027786255,1.7244797945022583,2.1641340255737305,2.1512460708618164,2.824174642562866,0.8566563725471497,1.7680304050445557,-0.5295912027359009,2.2156059741973877,-3.094576597213745,3.954326629638672,-7.396475315093994,-7.060075283050537,-2.7493433952331543,-6.556832790374756,-6.8998894691467285,0.34065818786621094,3.379096508026123,3.2437241077423096,1.9876914024353027,-2.714951276779175,-0.39037054777145386,2.2584381103515625,4.323538780212402,5.828035354614258
-2.237880229949951,-2.063286066055298,-1.8513519763946533,-1.8424261808395386,-1.1220533847808838,-1.1764968633651733,0.05506501346826553,0.12447919696569443,1.360338807106018,1.7735716104507446,2.7495129108428955,3.0388498306274414,2.6100914478302,2.260016441345215,2.0150856971740723,2.004307746887207,2.1232123374938965,2.0957119464874268,1.413029432296753,2.3678464889526367,2.07220196723938,2.3756508827209473,2.415120840072632,0.08276272565126419,1.4098715782165527,0.5883049964904785,1.2231483459472656,-2.260711431503296,2.0131843090057373,-7.8079071044921875,-5.127318859100342,-5.458013534545898,-4.195188999176025,-0.1661767214536667,3.0890145301818848,3.7749810218811035,4.249239921569824,1.0115071535110474,-2.481198787689209,0.6024600863456726,2.6697323322296143,3.994617223739624,6.180490970611572
-3.787667751312256,-3.456223964691162,-2.57590389251709,-1.6615221500396729,-0.9567467570304871,-0.17616546154022217,0.054009757936000824,1.015335202217102,1.3963375091552734,1.9573220014572144,2.6632447242736816,2.7493503093719482,2.8695390224456787,2.5541019439697266,2.0387656688690186,1.8308250904083252,1.6597610712051392,1.5502249002456665,1.2489017248153687,1.3019620180130005,1.2297494411468506,2.106722116470337,0.5005966424942017,-0.1751498132944107,-1.8157355785369873,0.8320751190185547,-1.9643151760101318,0.2468925416469574,-3.06553053855896,-7.619036674499512,-5.403187274932861,-5.421780109405518,-1.053228735923767,4.6421966552734375,6.473329067230225,3.001748561859131,2.5167455673217773,1.449198603630066,-0.39493829011917114,1.8075671195983887,2.0249953269958496,3.692647695541382,5.896369457244873
-3.135089635848999,-2.475569486618042,-1.834830403327942,-0.7559458017349243,0.012146100401878357,0.4426620602607727,0.9288173317909241,1.3832974433898926,1.714369535446167,2.20430588722229,2.2805216312408447,2.384270429611206,2.414139747619629,2.3314056396484375,1.9659425020217896,1.5218942165374756,1.1783714294433594,0.8673505187034607,0.6500219702720642,0.7186132669448853,0.20512457191944122,-0.5630425810813904,-1.291160225868225,-1.7234387397766113,-1.236444354057312,1.3913459777832031,-5.446072578430176,-0.2650231420993805,-10.217501640319824,-7.292356014251709,-4.588552474975586,-2.8406150341033936,0.8813167810440063,3.7163889408111572,6.562646865844727,3.0222222805023193,0.8127489686012268,2.519587278366089,1.4583195447921753,3.0232810974121094,1.6140202283859253,3.315457820892334,5.391168117523193
-2.590116024017334,-1.6825170516967773,-1.4252840280532837,-0.34946611523628235,0.406693696975708,0.3847097158432007,0.7988976240158081,0.9916386604309082,1.243822693824768,1.4857871532440186,1.7784521579742432,1.8432704210281372,1.9353342056274414,1.7618566751480103,1.6513396501541138,1.4827052354812622,1.2528703212738037,0.8098717331886292,0.20473739504814148,0.2903178930282593,-0.08007529377937317,-0.35057538747787476,-2.3922793865203857,-0.5690778493881226,-0.2930245101451874,-0.01534767635166645,-2.3643946647644043,-3.4180004596710205,-8.802298545837402,-5.130738258361816,-3.7674925327301025,0.1520356684923172,3.8580915927886963,1.6067695617675781,3.4588468074798584,3.790252923965454,1.544088363647461,2.73425555229187,2.7030692100524902,4.541372776031494,3.5501067638397217,3.7293412685394287,4.698297023773193
-2.321441411972046,-2.1473309993743896,-1.1999199390411377,-0.8202735185623169,-0.21295815706253052,-0.20350798964500427,0.32288601994514465,0.6188422441482544,1.0983492136001587,1.1442668437957764,1.4424755573272705,1.4714527130126953,1.5772380828857422,1.583400845527649,1.5686708688735962,1.6414101123809814,1.655102014541626,1.3156017065048218,0.5586472153663635,0.08684398233890533,-0.24301636219024658,-0.5181573033332825,-1.1629889011383057,-0.30918088555336,0.8319234848022461,0.904813826084137,0.1023586243391037,-4.145697593688965,-6.715642929077148,-3.5275654792785645,-2.5194718837738037,0.17721635103225708,2.6470699310302734,2.9659814834594727,0.9082215428352356,5.261861801147461,4.459716320037842,1.1740038394927979,3.265073776245117,6.312904357910156,6.379991054534912,6.324158191680908,4.841323375701904
-2.015533685684204,-1.4820702075958252,-1.0511163473129272,-1.026747465133667,-0.5998087525367737,-0.14778707921504974,0.27513787150382996,0.5825961828231812,1.0704617500305176,1.2483183145523071,1.4116605520248413,1.6084356307983398,1.7312862873077393,1.8548169136047363,1.8027777671813965,1.837772011756897,1.7213479280471802,1.7135417461395264,1.1755415201187134,0.37250760197639465,-0.40330496430397034,-0.3936571776866913,0.00282302382402122,0.40360480546951294,1.3593274354934692,1.0772042274475098,1.0015554428100586,-5.683392524719238,-6.544897556304932,-2.6930503845214844,-1.6160842180252075,0.3485954999923706,-0.693618655204773,2.399662733078003,1.7490988969802856,5.619665622711182,6.75230073928833,1.4857951402664185,3.0412776470184326,7.107300281524658,6.742486000061035,6.514056205749512,9.43496036529541
-2.1313161849975586,-1.7163561582565308,-1.3458513021469116,-0.986526608467102,-0.6617397665977478,-0.26365894079208374,-5.771948963229079e-06,0.4356025159358978,0.759810745716095,1.1871898174285889,1.428064227104187,1.7376658916473389,1.8340740203857422,1.9948686361312866,1.8788621425628662,1.8953601121902466,1.6173168420791626,1.4715070724487305,0.9343928098678589,0.416617214679718,-0.3677767813205719,-0.527857780456543,0.21832093596458435,1.3789597749710083,2.0032522678375244,1.1546666622161865,-2.8259565830230713,-6.346539497375488,-4.467254161834717,-3.379397392272949,1.257138729095459,1.8374861478805542,-1.1792550086975098,0.3091176450252533,2.5781309604644775,4.821506023406982,6.775610446929932,4.723016738891602,3.5340685844421387,6.229383945465088,5.437654495239258,5.880496978759766,7.723090171813965
-2.1105782985687256,-1.4185655117034912,-1.1685118675231934,-0.9216110706329346,-0.6089045405387878,-0.2514159679412842,-0.02853395976126194,0.17747338116168976,0.4406794011592865,0.7483135461807251,1.0329700708389282,1.4506542682647705,1.6814031600952148,1.8175654411315918,1.7738053798675537,1.7511709928512573,1.481849193572998,1.0563920736312866,0.4975064992904663,0.07405120134353638,-0.29246869683265686,-0.531619131565094,0.37056833505630493,0.9601514935493469,2.4884684085845947,-1.3680275678634644,-6.389889240264893,-7.344902038574219,-3.415536403656006,-2.2961788177490234,0.4418686628341675,3.1181321144104004,0.3308977782726288,0.11497386544942856,3.9363749027252197,3.253514051437378,5.260369777679443,6.852893829345703,3.1787614822387695,2.286736488342285,3.1768429279327393,4.563466548919678,4.235471248626709
-2.2174699306488037,-1.5506584644317627,-1.0336408615112305,-0.8456110954284668,-0.5098486542701721,-0.18769405782222748,0.056457046419382095,0.2587103843688965,0.44041597843170166,0.5230587720870972,0.7727972865104675,1.0848575830459595,1.4944356679916382,1.6541582345962524,1.7165576219558716,1.5891870260238647,1.5585159063339233,0.9937148094177246,0.2929442226886749,-0.1697908490896225,0.05472171679139137,0.04707246646285057,0.7363952398300171,0.6608613133430481,1.9754081964492798,-1.6849631071090698,-7.846022129058838,-7.629405975341797,-3.0881264209747314,-0.23983004689216614,-0.524951696395874,0.4023321270942688,1.1092078685760498,-0.4660048484802246,3.119684934616089,2.639113664627075,5.282674312591553,5.465370178222656,-1.1184585094451904,-1.2722878456115723,1.9721031188964844,5.245327472686768,4.059953689575195
-2.295182228088379,-1.8927849531173706,-1.3188716173171997,-0.8759651780128479,-0.45082274079322815,-0.15970028936862946,0.19466689229011536,0.43938061594963074,0.7388536334037781,0.7683255672454834,1.0221904516220093,1.1159008741378784,1.4769368171691895,1.5644012689590454,1.7273863554000854,1.7079437971115112,2.037299633026123,1.5060499906539917,0.7972308993339539,-0.11882731318473816,0.3491109609603882,0.6304497718811035,1.2953320741653442,0.6822392344474792,0.4480929672718048,-2.6464741230010986,-5.177225112915039,-7.646169662475586,-2.546592950820923,1.8733197450637817,0.7059335708618164,-0.08322042226791382,1.4959856271743774,2.563387393951416,0.8920794725418091,2.9213151931762695,4.860471248626709,2.706655979156494,-2.8868296146392822,-1.0152227878570557,2.533656358718872,4.009419918060303,2.066415786743164
-2.2712595462799072,-1.760543942451477,-1.0883103609085083,-0.6711416244506836,-0.18427282571792603,0.11914747208356857,0.5627404451370239,0.8974903225898743,1.2998155355453491,1.408265233039856,1.6484289169311523,1.645006775856018,1.8680986166000366,1.8186144828796387,2.0593326091766357,2.182804584503174,2.5909743309020996,2.094520092010498,1.5911470651626587,0.2904449999332428,0.717431366443634,0.6667767763137817,1.4398797750473022,0.6140543818473816,-0.2850452959537506,-2.9381773471832275,-6.093629837036133,-8.793933868408203,-1.1761491298675537,1.7654659748077393,2.935432195663452,2.4445371627807617,0.3154357969760895,0.9923819303512573,2.655693769454956,3.4782938957214355,2.4986484050750732,0.14308880269527435,-0.6938513517379761,0.40476247668266296,2.662412643432617,2.1381797790527344,-1.314597487449646
-2.1766910552978516,-1.5967613458633423,-0.76617830991745,-0.4296054244041443,0.12493373453617096,0.39346978068351746,0.9085282683372498,1.2657889127731323,1.8007118701934814,2.033691883087158,2.299119472503662,2.3382441997528076,2.4674389362335205,2.4770095348358154,2.6495912075042725,2.671168804168701,2.8335869312286377,2.44046950340271,1.9779465198516846,0.9395431876182556,0.9839850664138794,0.7699958682060242,1.7808609008789062,0.47471627593040466,0.07357622683048248,-2.854581117630005,-12.442731857299805,-5.527839183807373,-0.27058154344558716,3.942574977874756,4.632131576538086,4.254649639129639,1.1812235116958618,1.1864666938781738,2.0752036571502686,4.60559606552124,3.5381226539611816,0.1757197082042694,-0.014700589701533318,0.6801127195358276,2.848937749862671,1.3198248147964478,-3.3586509227752686
-2.035250425338745,-1.470948338508606,-0.579573929309845,-0.2550601363182068,0.29043135046958923,0.5130003094673157,1.0072174072265625,1.416151762008667,1.9988034963607788,2.322314977645874,2.571798086166382,2.64982533454895,2.7597813606262207,2.9516234397888184,3.1467552185058594,3.284564971923828,3.2222046852111816,2.7843525409698486,2.1235544681549072,1.3799214363098145,1.0346249341964722,1.0904567241668701,1.9152336120605469,0.6447508335113525,-1.0892260074615479,-8.903861045837402,-12.417488098144531,-4.802001476287842,1.7768586874008179,4.367953300476074,4.847683429718018,3.4319584369659424,0.08785060048103333,-0.27711108326911926,-1.1398022174835205,1.6173243522644043,4.204126834869385,-0.44967877864837646,-2.1917011737823486,-2.2412805557250977,-0.11324930936098099,-0.32452353835105896,-2.872789144515991
