data/wind_data/wind_18_8.json
{"header": {"parameterUnit": "KT", "parameterCategory": 2, "nx": 256, "ny": 198, "lo1": 44.73521041870117, "la1": -3.236724853515625, "lo2": 111.26478576660156, "la2": 43.468475341796875, "dx": 0.2609002888202667, "dy": -0.23708222806453705, "refTime": "2025-02-19 18:00:00", "forecastTime": 0, "parameterNumber": 2, "parameterNumberName": "eastward_wind"}, "data":
[rows 38 to 56 of 198, columns 132 to 175 of 256]
9.345498085021973,8.837223052978516,8.3792085647583,8.414894104003906,9.158464431762695,9.710269927978516,9.952390670776367,9.751559257507324,9.417994499206543,9.211580276489258,8.958294868469238,7.979525566101074,6.912091255187988,6.4545769691467285,6.737098217010498,7.537797451019287,8.17045783996582,8.449835777282715,8.597078323364258,8.695483207702637,8.461094856262207,7.799616813659668,7.126620769500732,6.767244338989258,6.953561782836914,7.8127946853637695,9.85360336303711,12.753610610961914,14.62162971496582,14.480363845825195,13.756119728088379,12.76451587677002,12.181200981140137,12.015310287475586,12.011839866638184,11.423943519592285,9.82519817352295,8.847112655639648,8.49779987335205,7.6118059158325195,6.21930456161499,5.0508832931518555,3.8805811405181885,1.824862003326416
10.734756469726562,10.12354850769043,9.159812927246094,8.463400840759277,8.421978950500488,8.738706588745117,9.442466735839844,9.618803024291992,9.188041687011719,8.94555377960205,8.792820930480957,8.434150695800781,8.170211791992188,8.146053314208984,8.240680694580078,8.537399291992188,8.943803787231445,9.459508895874023,10.236781120300293,10.774888038635254,10.28637409210205,9.109317779541016,8.372065544128418,8.205815315246582,8.344618797302246,8.396573066711426,8.994752883911133,11.08703327178955,14.07592487335205,14.891535758972168,13.908468246459961,13.158160209655762,12.336541175842285,12.054759979248047,12.562665939331055,12.898277282714844,12.29982852935791,11.004938125610352,10.236796379089355,9.697090148925781,8.68632984161377,7.301182746887207,5.745868682861328,3.6920053958892822
11.893007278442383,11.851069450378418,10.92681884765625,9.49596118927002,8.557657241821289,8.481961250305176,8.674782752990723,8.681666374206543,8.559704780578613,8.780263900756836,8.765380859375,8.569787979125977,8.580880165100098,8.816513061523438,9.07288932800293,9.494072914123535,9.98698616027832,10.425209999084473,11.190895080566406,12.079000473022461,11.993840217590332,10.853161811828613,9.940890312194824,9.950432777404785,10.269287109375,9.924905776977539,8.937210083007812,8.363868713378906,11.158811569213867,14.777268409729004,15.232892990112305,13.51498031616211,11.613645553588867,10.379926681518555,11.110758781433105,12.624228477478027,13.360262870788574,12.719035148620605,11.397187232971191,10.642292022705078,10.08336067199707,9.137669563293457,7.7924652099609375,6.066895484924316
11.92344856262207,12.376895904541016,12.08679485321045,10.977461814880371,9.808349609375,9.220023155212402,8.760686874389648,8.522101402282715,8.747232437133789,9.337111473083496,9.460745811462402,9.002111434936523,8.524674415588379,8.402594566345215,8.74491024017334,9.716819763183594,10.836271286010742,11.361230850219727,11.563932418823242,12.053939819335938,12.268298149108887,11.710188865661621,11.188973426818848,11.527986526489258,11.818936347961426,11.010164260864258,9.052231788635254,6.585116863250732,6.875169277191162,11.72897720336914,16.109067916870117,14.90803337097168,11.658173561096191,9.536352157592773,9.53102970123291,11.138047218322754,12.589329719543457,12.708746910095215,11.590944290161133,10.631393432617188,10.287603378295898,10.079774856567383,9.666325569152832,8.67162799835205
11.045221328735352,11.640276908874512,11.870424270629883,11.527678489685059,10.797392845153809,10.092538833618164,9.460241317749023,9.292389869689941,9.744952201843262,10.333696365356445,10.576802253723145,10.025829315185547,8.96939754486084,8.084273338317871,8.028909683227539,9.153175354003906,10.825773239135742,11.888688087463379,11.96627140045166,11.82966136932373,11.682445526123047,11.363432884216309,11.232270240783691,11.689176559448242,12.032160758972168,10.9567232131958,8.602620124816895,6.105360507965088,4.3825554847717285,6.643925189971924,11.989814758300781,15.346060752868652,12.951716423034668,10.054601669311523,8.902413368225098,10.23318862915039,11.695945739746094,11.868376731872559,11.169788360595703,10.302003860473633,9.991476058959961,10.115525245666504,10.441510200500488,10.543011665344238
10.5184326171875,10.733368873596191,11.036820411682129,11.137579917907715,10.74102783203125,10.134746551513672,9.701908111572266,9.819282531738281,10.426030158996582,10.821894645690918,11.0345458984375,11.032533645629883,10.362881660461426,9.102277755737305,8.308196067810059,8.823288917541504,10.245312690734863,11.44388198852539,11.761017799377441,11.564873695373535,11.276784896850586,10.923599243164062,10.63435173034668,10.556103706359863,10.557378768920898,10.090006828308105,8.409232139587402,6.366273880004883,4.164205074310303,3.475343942642212,6.985902786254883,12.089545249938965,13.957612991333008,11.352278709411621,9.175899505615234,9.896835327148438,12.121780395507812,12.52365779876709,11.403890609741211,10.480924606323242,10.031208038330078,9.846152305603027,10.071041107177734,10.601390838623047
11.25996208190918,10.876249313354492,10.640928268432617,10.586380004882812,10.35050106048584,9.853200912475586,9.392836570739746,9.4552001953125,9.965831756591797,10.278306007385254,10.587274551391602,11.218011856079102,11.495927810668945,10.71484088897705,9.623507499694824,9.328289031982422,9.92945384979248,10.634603500366211,11.016879081726074,11.067031860351562,10.840986251831055,10.379199028015137,9.824795722961426,9.2978515625,8.75113296508789,8.702643394470215,8.394783020019531,6.781530380249023,4.611501216888428,3.2787139415740967,4.566643714904785,8.37898063659668,12.156725883483887,12.667683601379395,10.934725761413574,10.07064151763916,11.719854354858398,12.956829071044922,12.025247573852539,11.091113090515137,10.86775016784668,10.320852279663086,9.815030097961426,9.840459823608398
12.477977752685547,12.019437789916992,11.38839054107666,10.874281883239746,10.444796562194824,9.911443710327148,9.33944034576416,9.03683853149414,9.074385643005371,9.249889373779297,9.690361976623535,10.61579704284668,11.449240684509277,11.373918533325195,10.613871574401855,9.957490921020508,9.893918991088867,9.996415138244629,10.113460540771484,10.21471881866455,10.123085975646973,9.607484817504883,8.864211082458496,8.287795066833496,7.874044895172119,7.674727916717529,7.81048583984375,6.902874946594238,5.166323661804199,4.338256359100342,4.335604190826416,5.734820365905762,8.04134750366211,9.707259178161621,9.876138687133789,9.06966781616211,9.154052734375,10.755280494689941,11.127604484558105,10.770501136779785,11.274947166442871,11.400991439819336,10.648597717285156,10.0437650680542
13.197967529296875,13.089893341064453,12.639961242675781,11.945165634155273,11.371599197387695,10.841856956481934,10.205132484436035,9.540712356567383,8.858488082885742,8.471732139587402,8.801566123962402,9.666234970092773,10.522069931030273,10.770623207092285,10.34173583984375,9.796985626220703,9.638666152954102,9.455299377441406,9.160161972045898,9.033822059631348,9.280133247375488,9.270094871520996,8.701974868774414,8.024065017700195,7.750960826873779,7.36712121963501,6.858362197875977,6.403378009796143,5.821475505828857,5.545914649963379,5.487782955169678,5.481454849243164,6.052814960479736,6.808445453643799,7.347607135772705,7.28648567199707,7.106903553009033,8.150257110595703,9.075187683105469,9.20258903503418,10.249344825744629,11.593968391418457,11.449496269226074,10.482429504394531
13.288291931152344,13.343653678894043,13.267190933227539,12.845701217651367,12.514814376831055,12.375326156616211,11.877572059631348,10.824724197387695,9.52838134765625,8.500582695007324,8.338340759277344,8.798736572265625,9.243698120117188,9.391382217407227,9.223763465881348,8.891196250915527,8.761683464050293,8.614866256713867,8.210134506225586,8.064773559570312,8.596013069152832,9.313748359680176,9.428253173828125,8.727936744689941,8.04083251953125,7.497161388397217,6.454768180847168,5.934836387634277,6.54433012008667,7.169960975646973,7.552764892578125,7.561830520629883,7.2523112297058105,6.995708465576172,7.146368026733398,6.7024712562561035,6.377763748168945,7.1457953453063965,8.071371078491211,8.047799110412598,8.451628684997559,10.040595054626465,10.90979290008545,10.489875793457031
13.073505401611328,13.070666313171387,13.193896293640137,13.138550758361816,13.139923095703125,13.32320785522461,13.00576114654541,11.89825439453125,10.593356132507324,9.45997428894043,8.816210746765137,8.536094665527344,8.226082801818848,8.042398452758789,8.064033508300781,8.000850677490234,7.838543891906738,7.6651611328125,7.518775463104248,7.66146993637085,8.339098930358887,9.276479721069336,9.786083221435547,9.359313011169434,8.414484977722168,7.701230525970459,6.958369731903076,6.580826759338379,7.546542644500732,8.947657585144043,9.640332221984863,9.472854614257812,8.86895751953125,8.382099151611328,8.339035987854004,7.828042030334473,7.348555564880371,7.5204081535339355,8.163372039794922,7.98181676864624,7.4135026931762695,7.932034969329834,9.286482810974121,10.111830711364746
12.882335662841797,12.760777473449707,12.729924201965332,12.736313819885254,12.83405590057373,12.95437240600586,12.714669227600098,12.04321575164795,11.267786026000977,10.569557189941406,9.922249794006348,9.116748809814453,8.17697525024414,7.457528591156006,7.581994533538818,7.69119930267334,7.628111839294434,7.50288724899292,7.384148120880127,7.521351337432861,8.08535099029541,8.791730880737305,9.208185195922852,9.069462776184082,8.417682647705078,7.810612678527832,7.670955657958984,7.939150810241699,8.638978004455566,9.78423023223877,10.719134330749512,10.319259643554688,9.133530616760254,8.744037628173828,9.189453125,9.170284271240234,8.961587905883789,8.730064392089844,9.105238914489746,9.101385116577148,8.036531448364258,7.350700378417969,8.162649154663086,9.375268936157227
12.782230377197266,12.407490730285645,11.92237663269043,11.650080680847168,11.686087608337402,11.722198486328125,11.63973331451416,11.59770393371582,11.541473388671875,11.236990928649902,10.662243843078613,9.81403923034668,8.678196907043457,8.007140159606934,7.785696029663086,7.791545391082764,7.939300060272217,7.886200904846191,7.666896343231201,7.588787078857422,7.5673747062683105,7.656766414642334,7.942148208618164,8.241540908813477,8.185821533203125,7.917060852050781,7.9907732009887695,8.439828872680664,8.765860557556152,8.965597152709961,9.752504348754883,10.257312774658203,9.705009460449219,9.106557846069336,9.395184516906738,9.879541397094727,9.87231159210205,9.932269096374512,10.729514122009277,11.204815864562988,10.119759559631348,8.751225471496582,8.638989448547363,9.281082153320312
12.325284957885742,11.885627746582031,11.229070663452148,10.687215805053711,10.532170295715332,10.641505241394043,10.869109153747559,11.27590274810791,11.64124584197998,11.524581909179688,10.831672668457031,10.002274513244629,9.230612754821777,8.610218048095703,8.094454765319824,7.967940330505371,8.070762634277344,8.081314086914062,8.084827423095703,8.004802703857422,7.53902530670166,6.782614231109619,6.600579261779785,7.18095588684082,7.773869037628174,7.901062965393066,7.689244270324707,7.541397571563721,7.462723255157471,7.24296760559082,7.631466388702393,8.935758590698242,9.945269584655762,9.977032661437988,9.890612602233887,9.910245895385742,9.488419532775879,9.871061325073242,11.531980514526367,12.962387084960938,12.37390422821045,10.863216400146484,9.984309196472168,9.997041702270508
11.442451477050781,11.302510261535645,11.022953987121582,10.549118041992188,10.179878234863281,10.216835975646973,10.613275527954102,11.197098731994629,11.679964065551758,11.622894287109375,10.930002212524414,10.19290542602539,9.619699478149414,8.839736938476562,8.073416709899902,7.8252763748168945,7.937731742858887,8.055333137512207,8.047759056091309,8.03905200958252,7.86850643157959,7.081943988800049,6.215920448303223,6.275410175323486,6.973329544067383,7.299929618835449,6.880820274353027,6.202328681945801,5.84841251373291,5.8582048416137695,6.210001468658447,7.32485294342041,8.629922866821289,9.31204605102539,9.748620986938477,9.566064834594727,8.835430145263672,9.325541496276855,10.975699424743652,12.728282928466797,13.132163047790527,12.251066207885742,11.040425300598145,10.411762237548828
10.930456161499023,11.06655216217041,11.21000862121582,10.951128959655762,10.45871353149414,10.28926944732666,10.539175987243652,10.998518943786621,11.404289245605469,11.473402976989746,11.101522445678711,10.584754943847656,9.906577110290527,8.974237442016602,8.0863618850708,7.577949047088623,7.5357513427734375,7.53704833984375,7.308269500732422,7.149960994720459,7.355828762054443,7.403994560241699,6.813569068908691,6.173200607299805,6.228034973144531,6.407598972320557,6.091185569763184,5.412532329559326,5.071244239807129,5.432877540588379,6.0782856941223145,6.666370391845703,7.247069358825684,8.09055233001709,9.272937774658203,9.972944259643555,9.575847625732422,9.811641693115234,10.447111129760742,11.324951171875,12.138192176818848,12.619277954101562,12.030396461486816,11.141748428344727
11.155323028564453,11.242998123168945,11.308881759643555,11.022335052490234,10.451101303100586,10.157258033752441,10.266281127929688,10.509001731872559,10.73340892791748,10.916146278381348,10.892040252685547,10.473177909851074,9.642610549926758,8.728860855102539,7.8961334228515625,7.213283538818359,6.85947847366333,6.721488952636719,6.510383605957031,6.203889846801758,6.2076616287231445,6.6880106925964355,6.865585803985596,6.393507480621338,5.984823703765869,5.874549865722656,5.699160099029541,5.366121292114258,5.160399913787842,5.521272659301758,6.319799900054932,6.807769775390625,6.67935037612915,6.931682586669922,8.365633010864258,10.199628829956055,10.9331693649292,10.22398567199707,9.605957984924316,10.076178550720215,10.781682014465332,11.673102378845215,11.937451362609863,11.582372665405273
11.146504402160645,11.182889938354492,11.094598770141602,10.769563674926758,10.139397621154785,9.622719764709473,9.536883354187012,9.690680503845215,9.852888107299805,10.05671501159668,10.040892601013184,9.520066261291504,8.65798568725586,7.917553424835205,7.4241533279418945,7.033072471618652,6.704925060272217,6.545763969421387,6.3763203620910645,5.958767414093018,5.5322980880737305,5.594737529754639,5.910268306732178,5.89920711517334,5.740570068359375,5.716052532196045,5.728267192840576,5.6217803955078125,5.375291347503662,5.251003742218018,5.742521286010742,6.447810649871826,6.393965721130371,6.139812469482422,7.292530059814453,9.716083526611328,11.61879825592041,10.392838478088379,8.823928833007812,8.876139640808105,9.315937995910645,9.723953247070312,9.888038635253906,9.484195709228516
9.86751651763916,10.16670036315918,10.386266708374023,10.37351131439209,9.890565872192383,9.160822868347168,8.667051315307617,8.614864349365234,8.790983200073242,9.064950942993164,9.200411796569824,8.872170448303223,8.165822982788086,7.536407947540283,7.352514266967773,7.405092239379883,7.390942096710205,7.19561243057251,6.762532711029053,6.160014629364014,5.552102088928223,5.183230876922607,5.043949127197266,4.901396751403809,4.961719512939453,5.232296466827393,5.52774715423584,5.566767692565918,5.1703667640686035,4.572204113006592,4.601151943206787,5.332106113433838,5.700046062469482,5.585419178009033,6.366617202758789,8.672469139099121,10.982645988464355,10.580643653869629,9.07165241241455,8.58283805847168,8.301791191101074,7.890066146850586,7.52250862121582,6.455713748931885
