data/wind_data/wind_15_1.json
{"header": {"parameterUnit": "KT", "parameterCategory": 2, "nx": 256, "ny": 198, "lo1": 44.73521041870117, "la1": -3.236724853515625, "lo2": 111.26478576660156, "la2": 43.468475341796875, "dx": 0.2609002888202667, "dy": -0.23708222806453705, "refTime": "2025-02-19 15:00:00", "forecastTime": 0, "parameterNumber": 2, "parameterNumberName": "eastward_wind"}, "data":
[rows 38 to 56 of 198, columns 86 to 128 of 256]
-4.803518295288086,-4.891056537628174,-4.796135902404785,-4.69155740737915,-4.456112384796143,-4.302104949951172,-3.853274345397949,-3.5427193641662598,-3.4893784523010254,-3.278191566467285,-3.215667963027954,-3.083587408065796,-3.314635992050171,-4.430130481719971,-2.7060012817382812,-2.6352155208587646,-2.048769950866699,-2.0379161834716797,-2.2485291957855225,-2.011538028717041,-0.769257664680481,-1.0189881324768066,-0.21236972510814667,-0.046178050339221954,0.007441443391144276,0.4371151328086853,0.7380396127700806,1.7388367652893066,2.8156659603118896,3.144010305404663,3.052284002304077,2.8278253078460693,2.7470591068267822,2.287445068359375,1.5843744277954102,0.3214918076992035,-0.8734374642372131,-1.600888729095459,-2.2228140830993652,-2.9694488048553467,-3.5750010013580322,-3.066885232925415,-2.0225327014923096
-4.545820236206055,-4.357152462005615,-4.474034786224365,-4.564643383026123,-4.269955158233643,-3.8679821491241455,-3.5077192783355713,-3.266667366027832,-3.261988878250122,-2.817532539367676,-2.931475877761841,-2.5963475704193115,-3.1972954273223877,-3.2473175525665283,-1.955078125,-2.1096692085266113,-1.6597554683685303,-1.590467095375061,-1.2812225818634033,-1.6156058311462402,0.39080315828323364,-0.03823941946029663,0.6267833113670349,1.242310881614685,0.9337717890739441,1.418021559715271,1.7090933322906494,2.6678335666656494,3.529682159423828,4.032011032104492,4.195676326751709,4.158450126647949,3.9711761474609375,3.3649520874023438,2.9271414279937744,2.232900381088257,1.2175847291946411,0.06088444963097572,-0.7901704907417297,-1.9075651168823242,-3.475290060043335,-3.6454761028289795,-2.1865649223327637
-4.5773725509643555,-3.7940735816955566,-4.298593521118164,-4.130412578582764,-4.216391563415527,-3.5074691772460938,-2.872554302215576,-3.147188901901245,-3.0440478324890137,-2.434244155883789,-2.7681519985198975,-2.555145025253296,-2.856541872024536,-2.2299084663391113,-1.669979453086853,-1.9677361249923706,-0.6830678582191467,-1.5273693799972534,-0.0003944647032767534,-0.9019840359687805,0.45101287961006165,0.9240807890892029,1.1856526136398315,1.915279507637024,2.2327382564544678,2.2685704231262207,2.8483152389526367,3.392805576324463,4.1881842613220215,4.655065536499023,4.993424892425537,5.145593166351318,4.903397560119629,4.216728687286377,3.7142231464385986,3.34330153465271,2.66050386428833,1.8789750337600708,0.6169126629829407,-0.5987135767936707,-3.248929500579834,-4.521214008331299,-2.5308754444122314
-4.679530620574951,-3.420076370239258,-4.716226100921631,-4.52423095703125,-4.605510234832764,-3.252709150314331,-2.0711042881011963,-3.228058099746704,-2.929142475128174,-2.164621114730835,-2.7806334495544434,-2.841409921646118,-1.8887182474136353,-2.3557889461517334,-1.119249939918518,-2.2689149379730225,-0.8711486458778381,-0.8756623268127441,0.40190374851226807,-0.15330658853054047,0.7247467041015625,1.0843404531478882,2.3696508407592773,1.9346652030944824,3.0046143531799316,3.0374596118927,4.161915302276611,4.222870349884033,4.964839935302734,5.483907222747803,5.943909168243408,6.16862154006958,5.930364608764648,5.296029567718506,4.569642066955566,4.145254611968994,3.6183605194091797,3.563528299331665,2.3752384185791016,0.8694628477096558,-2.9564616680145264,-5.532894611358643,-3.388859510421753
-4.115353584289551,-3.405160903930664,-5.041112422943115,-5.26132345199585,-5.031177997589111,-3.225001096725464,-2.077414035797119,-3.3214125633239746,-3.0346546173095703,-1.7142059803009033,-2.7676174640655518,-2.1906182765960693,-1.3839952945709229,-1.9173345565795898,-1.875886082649231,-1.732200264930725,-1.114364743232727,-0.4425208866596222,0.6449413895606995,0.32205507159233093,1.1655935049057007,1.1781423091888428,2.754824161529541,2.706757068634033,3.234168291091919,3.6726529598236084,4.5890631675720215,4.909724712371826,5.562525272369385,6.19403600692749,6.728552341461182,7.061101913452148,7.039094924926758,6.599821090698242,5.491778373718262,4.914768218994141,4.46976900100708,4.782037734985352,4.149240016937256,0.9737157821655273,-3.7818024158477783,-6.421415328979492,-4.6336989402771
-3.867540121078491,-4.237014293670654,-5.1046624183654785,-6.088558197021484,-5.267856597900391,-3.5378475189208984,-3.683436155319214,-2.47611665725708,-3.094428300857544,-1.5830916166305542,-1.871217966079712,-0.29666444659233093,-3.0025763511657715,-0.6562786102294922,-3.0250329971313477,-1.0316764116287231,-0.7181003093719482,-0.1546657234430313,0.8077778816223145,0.9709295034408569,2.014981985092163,1.1823723316192627,3.3228819370269775,2.8240885734558105,3.561293601989746,4.190578460693359,4.611292839050293,5.250369548797607,6.088624000549316,6.880758285522461,7.515966415405273,7.846011638641357,8.079134941101074,7.8061628341674805,6.582431316375732,5.584203243255615,4.642598628997803,5.285809516906738,3.3419594764709473,0.5107516050338745,-1.5152404308319092,-6.090787410736084,-6.0912861824035645
-5.843890190124512,-6.333271026611328,-6.042466163635254,-6.9043073654174805,-5.3386077880859375,-4.226248264312744,-4.244106769561768,-2.5959668159484863,-2.79367995262146,-3.3379130363464355,-0.5358758568763733,-0.5788583159446716,-4.854492664337158,0.24669241905212402,-2.7411036491394043,-0.5045385360717773,-1.1083400249481201,0.5272758603096008,0.5620276927947998,1.6003657579421997,2.687312364578247,1.5799213647842407,3.38197660446167,3.044856071472168,4.039497375488281,4.284139633178711,5.029860973358154,5.401933193206787,6.217432975769043,7.129604816436768,8.147512435913086,8.504063606262207,9.062736511230469,8.700011253356934,8.019420623779297,5.706818580627441,5.063552379608154,5.18580961227417,5.682106018066406,6.69621467590332,4.56324577331543,-2.666987895965576,-6.4398016929626465
-6.308763027191162,-7.0055718421936035,-6.087888240814209,-5.675975322723389,-4.284636974334717,-4.08642578125,-2.278273344039917,-3.161257266998291,-2.7070937156677246,-4.103651523590088,-1.0781790018081665,-2.504795551300049,-2.8059444427490234,-2.7665412425994873,1.244299054145813,-1.5732749700546265,-2.232642889022827,1.716518521308899,-0.6067281365394592,2.8134124279022217,2.4847536087036133,2.42510724067688,3.064594030380249,3.787501573562622,3.9235708713531494,4.373840808868408,5.318754196166992,5.704692840576172,6.338069915771484,7.285001754760742,8.603520393371582,9.132370948791504,9.603727340698242,9.018400192260742,9.10882568359375,5.310617923736572,6.348472595214844,1.097208023071289,3.2125470638275146,8.367094993591309,5.570275783538818,-0.9505925178527832,-6.1228837966918945
-3.631626844406128,-3.5726325511932373,-4.887083053588867,-3.2648425102233887,-1.7640438079833984,-3.649097204208374,-0.14654769003391266,-2.9691574573516846,-3.142831802368164,-2.594209671020508,-2.0945911407470703,-1.19150710105896,0.4492834210395813,-4.9434051513671875,2.519272565841675,-1.628360390663147,-0.4964398443698883,1.1475800275802612,0.20052064955234528,3.203784704208374,1.8459731340408325,2.2253310680389404,3.3385026454925537,4.401051044464111,3.730480194091797,4.193876266479492,5.304870128631592,6.120922565460205,6.659955024719238,6.9985151290893555,8.589029312133789,9.406421661376953,9.625800132751465,9.455833435058594,8.685874938964844,7.2224626541137695,3.773947238922119,-3.9180517196655273,3.314763307571411,7.094939231872559,2.381638288497925,-2.9393062591552734,-5.307951927185059
-3.453516721725464,-2.244581937789917,-1.2648253440856934,-1.1210044622421265,0.10805456340312958,-3.7319791316986084,0.2616402208805084,-1.4854952096939087,-3.3512260913848877,-1.854303240776062,-2.013024091720581,2.156611919403076,-0.4663223922252655,-2.391700029373169,-1.6480119228363037,0.1219228059053421,1.2621667385101318,-0.3942077159881592,2.7406539916992188,2.3886094093322754,0.8234137296676636,2.5288383960723877,3.1339950561523438,3.921196222305298,4.203022003173828,4.32765531539917,5.397157192230225,6.534942150115967,6.8165082931518555,6.2652058601379395,8.252385139465332,8.84963607788086,9.732208251953125,8.966434478759766,8.64576530456543,6.94122838973999,0.09580497443675995,-1.9640812873840332,5.707362174987793,7.2331109046936035,0.03901786729693413,-5.271600246429443,-6.442165374755859
-2.6545562744140625,-1.3269845247268677,0.5245449542999268,-3.227715015411377,-1.3585455417633057,-2.732316493988037,-1.2043778896331787,-0.40214431285858154,-3.3141186237335205,-1.4217501878738403,-1.5832630395889282,0.46548470854759216,-1.8282601833343506,0.045751310884952545,-1.3708784580230713,1.8827606439590454,3.0649101734161377,1.3178327083587646,5.183280944824219,1.6763362884521484,2.0018434524536133,2.9845962524414062,3.530935525894165,4.2584147453308105,4.9681854248046875,5.1749653816223145,5.452666282653809,6.363022327423096,5.849849224090576,6.777897834777832,7.603445053100586,8.265615463256836,9.1582670211792,8.342910766601562,8.512449264526367,5.654830455780029,-1.4429625272750854,-0.36650457978248596,4.30167293548584,3.5513997077941895,-0.5828492045402527,-4.200922966003418,-6.307648181915283
-2.188220977783203,-1.7686715126037598,0.4117750823497772,-4.78988790512085,-0.775172770023346,-2.377788782119751,-0.6789577007293701,0.559784471988678,-1.9690654277801514,-2.0053508281707764,-0.17293785512447357,-0.5515777468681335,-0.28466007113456726,-0.8214304447174072,1.4216512441635132,1.6255385875701904,2.6534504890441895,5.364128589630127,5.0680832862854,-0.24358074367046356,2.8551924228668213,3.354846477508545,4.048226356506348,5.037460803985596,5.565056800842285,6.082646369934082,6.227105140686035,7.412964344024658,7.394521236419678,8.010019302368164,7.542473316192627,8.055042266845703,8.218770980834961,7.5886359214782715,7.303380489349365,4.34684419631958,-1.7881022691726685,2.1878626346588135,4.446741104125977,3.9766805171966553,-1.0184260606765747,-6.926738262176514,-10.018778800964355
-3.0078940391540527,-3.374094009399414,-1.2002215385437012,-2.873568296432495,-0.6811607480049133,-2.077742099761963,0.2735670506954193,-0.7993251085281372,0.48647165298461914,-0.7210761308670044,0.6069042682647705,-0.8564492464065552,0.5497883558273315,0.3439547121524811,3.2325446605682373,1.5378837585449219,3.462852954864502,4.83501672744751,3.7893431186676025,1.4885246753692627,3.750088930130005,4.236749649047852,4.496973514556885,5.694190502166748,6.431507587432861,6.268704891204834,7.048154354095459,8.060354232788086,8.051002502441406,9.1176176071167,8.863761901855469,8.44384765625,7.331561088562012,7.038974285125732,6.682295799255371,4.064640522003174,-2.9614179134368896,-0.005448905751109123,3.002316474914551,1.4940932989120483,-2.6965091228485107,-8.030192375183105,-9.436088562011719
-2.832509756088257,-3.2500205039978027,-0.9827553033828735,-1.6272732019424438,-0.48553234338760376,-1.2995672225952148,0.6898186802864075,-0.8967664837837219,0.12860679626464844,0.46565717458724976,0.7632656097412109,0.10136301070451736,0.7359185218811035,1.9662511348724365,2.2319064140319824,2.7156410217285156,3.3944149017333984,5.494320392608643,5.141921520233154,3.97591495513916,3.95389986038208,4.434543132781982,4.941978454589844,6.006844997406006,7.7181243896484375,7.726981163024902,7.984232425689697,8.684006690979004,8.556278228759766,8.87157154083252,8.776129722595215,8.903299331665039,7.7379631996154785,7.14045524597168,5.557910442352295,2.264052391052246,-2.8680570125579834,0.24465632438659668,-0.9911653399467468,-1.7902413606643677,-2.2498483657836914,-7.056005954742432,-10.165107727050781
-2.2310867309570312,-1.9094690084457397,-0.7882105112075806,-1.6125208139419556,0.09010805934667587,-0.08108596503734589,-1.4605369567871094,0.8720418810844421,-0.5080758333206177,0.7371195554733276,-0.6557160019874573,2.23083233833313,1.4313613176345825,2.398160696029663,3.2118659019470215,3.3637945652008057,4.101979732513428,4.960019588470459,5.59747314453125,5.262552261352539,5.254809379577637,5.800939083099365,5.674579620361328,6.642136573791504,8.19510269165039,9.14133358001709,8.867682456970215,8.801447868347168,8.77232551574707,8.844969749450684,8.57992172241211,8.929160118103027,7.372565269470215,8.084006309509277,4.847550392150879,-0.5734277963638306,-1.8266487121582031,1.8403165340423584,-0.07281346619129181,-6.394303321838379,-3.782892942428589,-5.247432231903076,-8.396686553955078
-1.8449641466140747,-2.1768064498901367,-0.6232738494873047,-1.589620590209961,-0.9498745799064636,-0.9162217974662781,-0.9734353423118591,-0.08351290225982666,-0.6637545228004456,0.612940788269043,-0.05849253013730049,1.605649471282959,1.6951707601547241,3.117701530456543,3.2499969005584717,4.187386512756348,4.522588729858398,4.244659900665283,5.431900978088379,5.843005657196045,6.831555366516113,6.543630599975586,7.6240153312683105,8.06079387664795,8.958745002746582,9.427705764770508,9.726327896118164,9.361824989318848,9.180254936218262,8.993509292602539,8.804150581359863,9.146203994750977,7.785552024841309,8.325581550598145,5.767005920410156,1.3049018383026123,1.4442881345748901,5.590760231018066,7.174803733825684,-3.7075002193450928,-5.544208526611328,-6.775926113128662,-8.942354202270508
-2.408763885498047,-1.9420127868652344,-2.462599754333496,-1.831892728805542,-0.9320687651634216,-1.019491195678711,-0.569625973701477,-0.7549343109130859,-0.342105507850647,0.14656959474086761,0.4781774580478668,1.700980305671692,1.8652409315109253,3.2023613452911377,2.6878879070281982,3.1752593517303467,4.2921624183654785,4.764049530029297,5.359524726867676,6.239808559417725,6.641854286193848,7.401034832000732,8.26601791381836,9.08810043334961,10.170928001403809,9.673981666564941,9.692673683166504,10.219322204589844,9.947169303894043,9.716771125793457,9.395837783813477,9.693923950195312,8.783501625061035,7.633811950683594,4.450893878936768,3.5825037956237793,5.675492763519287,8.183732032775879,9.887499809265137,-3.2377355098724365,-5.805306911468506,-7.384426593780518,-8.80644416809082
-2.6495449542999268,-2.507415771484375,-2.196336030960083,-1.154190182685852,-0.6573591828346252,-0.5090352892875671,-0.22701071202754974,-0.13264688849449158,-0.16491848230361938,0.8098976612091064,0.10099197924137115,2.569972038269043,0.8798781633377075,2.3932788372039795,2.5880796909332275,3.4198501110076904,3.935532808303833,5.389629364013672,5.781789302825928,6.202080726623535,7.107391357421875,8.013102531433105,8.972906112670898,9.889678001403809,10.479941368103027,10.599102973937988,9.547334671020508,9.944040298461914,9.022038459777832,8.892450332641602,8.781468391418457,8.300128936767578,7.5636444091796875,3.447824239730835,-0.5441179871559143,3.900440216064453,3.3477060794830322,3.8859736919403076,6.847413539886475,-5.162269592285156,-7.627171993255615,-9.03049087524414,-11.129420280456543
-2.9698057174682617,-2.6858909130096436,-1.012026071548462,-0.8956992626190186,-1.5135012865066528,-0.7278372049331665,-0.05983268469572067,-0.6484875679016113,0.1057746633887291,0.11788132041692734,0.37449365854263306,1.6808017492294312,0.9836375713348389,2.3058688640594482,2.760561943054199,3.2098228931427,3.7216460704803467,5.515712261199951,6.179215908050537,7.103009223937988,7.925465106964111,9.056120872497559,9.600846290588379,10.438272476196289,10.770808219909668,10.77976131439209,9.764535903930664,9.178082466125488,7.787537574768066,8.167742729187012,8.517873764038086,8.279284477233887,4.069382190704346,2.028933048248291,0.7050505876541138,1.6388570070266724,-1.9313502311706543,-3.314603328704834,0.8110065460205078,-4.610139846801758,-6.29086971282959,-7.933762073516846,-11.077289581298828
