data/wind_data/wind_63_1.json
{"header": {"parameterUnit": "KT", "parameterCategory": 2, "nx": 256, "ny": 198, "lo1": 44.73521041870117, "la1": -3.236724853515625, "lo2": 111.26478576660156, "la2": 43.468475341796875, "dx": 0.2609002888202667, "dy": -0.23708222806453705, "refTime": "2025-02-21 15:00:00", "forecastTime": 0, "parameterNumber": 2, "parameterNumberName": "eastward_wind"}, "data":
[rows 171 to 189 of 198, columns 172 to 214 of 256]
3.716974973678589,5.658968925476074,6.581491470336914,2.8555619716644287,0.8991074562072754,-4.044262886047363,2.259599447250366,11.9605131149292,4.687199592590332,-2.0944793224334717,-4.7935404777526855,-1.9838117361068726,-1.7037025690078735,2.3902666568756104,-1.037284255027771,-14.936681747436523,-16.338577270507812,-11.726391792297363,-7.566229820251465,-5.039770126342773,-10.243756294250488,-12.103837966918945,-6.93828821182251,-3.019383192062378,-0.7971307635307312,2.3658194541931152,4.701515197753906,4.7108049392700195,4.046136379241943,3.3139421939849854,-3.7451469898223877,-7.4268412590026855,-2.716841697692871,-1.9197241067886353,-6.069800853729248,-1.9621772766113281,3.5508334636688232,4.439578056335449,2.99947452545166,0.5273435711860657,-2.6589295864105225,1.0531792640686035,5.9554362297058105
5.2694172859191895,6.186384201049805,2.7030513286590576,-5.0717034339904785,1.2852776050567627,5.814836502075195,4.595771312713623,3.3344948291778564,-0.12426650524139404,0.20689080655574799,-1.6203709840774536,-1.654607892036438,-3.140835762023926,1.2294206619262695,-0.785069465637207,-18.7707462310791,-19.225648880004883,-10.81414794921875,-3.793992042541504,-4.940491676330566,-9.435502052307129,-8.362762451171875,-6.305537700653076,-4.121388912200928,0.36124923825263977,4.2455549240112305,5.456230640411377,4.292272567749023,-0.24094010889530182,0.23065942525863647,0.4475429058074951,0.5434494614601135,-0.813106894493103,-0.9690062999725342,-1.5881385803222656,2.670811891555786,4.420153617858887,7.11517858505249,7.081263065338135,0.1743602603673935,-1.8548420667648315,2.5854568481445312,4.778041362762451
4.430336952209473,5.4095025062561035,2.2013838291168213,-1.609910249710083,1.5215723514556885,5.347546577453613,3.1691668033599854,-4.36697244644165,-5.965842247009277,2.269702672958374,4.7099690437316895,0.5352782011032104,0.12056650221347809,-1.506524682044983,-5.240208148956299,-12.496624946594238,-17.180919647216797,-9.49190616607666,-0.23546482622623444,-4.129104137420654,-8.133575439453125,-8.1131591796875,-9.362183570861816,-6.909718990325928,0.344463050365448,6.522841930389404,5.702951908111572,-4.553572654724121,-2.445037603378296,3.845571279525757,6.4226508140563965,4.227240085601807,1.5299848318099976,-0.6264354586601257,-0.7562433481216431,1.1539942026138306,4.45619535446167,9.933903694152832,5.806164741516113,-1.709230661392212,1.6889910697937012,1.4163819551467896,-4.611098289489746
1.2673914432525635,2.714855194091797,3.8279428482055664,1.3298691511154175,0.2158413678407669,1.4142810106277466,2.2346456050872803,-1.3465540409088135,-0.9872048497200012,6.960817337036133,6.147397041320801,1.487105369567871,0.05595187097787857,-3.4152610301971436,-6.746039390563965,-5.452566146850586,-2.1683294773101807,-6.856744289398193,-2.191450357437134,-8.789143562316895,-11.332144737243652,-16.007736206054688,-11.065081596374512,0.699730634689331,3.6839499473571777,1.3520572185516357,-0.9305506944656372,-2.3135437965393066,0.42242687940597534,5.635385036468506,7.6613030433654785,5.568571090698242,3.5276622772216797,0.8835045695304871,1.1915605068206787,4.197066307067871,8.241459846496582,10.434980392456055,2.059485673904419,-2.6095902919769287,1.0877844095230103,-1.5230542421340942,-16.36151885986328
1.0723671913146973,2.8308708667755127,3.4419808387756348,2.7688350677490234,2.366137742996216,2.475393772125244,3.5693278312683105,2.933565139770508,2.9340479373931885,5.393398284912109,2.699921131134033,-0.6093280911445618,-5.064023971557617,-7.5933966636657715,-7.969390869140625,-3.5793609619140625,7.999876499176025,4.144423961639404,-5.314483165740967,-9.759419441223145,-10.334500312805176,-9.991741180419922,-0.8140082955360413,9.24717903137207,-0.7463896870613098,-5.003056526184082,3.153346061706543,9.003989219665527,9.020015716552734,3.315991163253784,7.686215877532959,8.525846481323242,5.029376029968262,6.2349019050598145,8.872304916381836,6.420254230499268,4.04058837890625,1.9211747646331787,-2.711132526397705,-2.719667434692383,0.6711269021034241,-8.255797386169434,-18.010616302490234
1.8042761087417603,1.5447652339935303,2.41497802734375,3.119112730026245,2.9581289291381836,2.5514092445373535,3.2257943153381348,3.5332694053649902,1.878235936164856,0.23619674146175385,-0.639482855796814,-0.6190453171730042,-2.038430690765381,-4.437860012054443,-6.424553394317627,-1.4434854984283447,7.12637996673584,5.099706172943115,-2.4446582794189453,-2.9184606075286865,-2.6536202430725098,-4.25082540512085,0.4559887945652008,4.820863723754883,-5.171557903289795,-3.101527452468872,6.368526458740234,13.383447647094727,13.385138511657715,-1.1919022798538208,8.917237281799316,11.607975959777832,6.315216064453125,2.9654831886291504,0.4772615432739258,-2.371772289276123,-1.1174430847167969,0.6514951586723328,-3.6442513465881348,-6.413464546203613,-7.96946382522583,-13.06923770904541,-14.21728801727295
3.7698097229003906,3.7422847747802734,3.1348395347595215,3.2500061988830566,3.6242196559906006,3.4557535648345947,3.042937755584717,1.5790150165557861,-0.3943515717983246,-1.1626125574111938,-2.1532912254333496,-2.2038073539733887,-1.169612169265747,0.03163987398147583,1.400456190109253,2.968221664428711,4.6791534423828125,3.9185879230499268,2.8277170658111572,1.8652876615524292,0.6587209701538086,-2.2719545364379883,-0.7747446298599243,4.856403350830078,-0.011205362156033516,1.825622797012329,8.660709381103516,11.081830978393555,8.204061508178711,2.5576906204223633,10.213740348815918,7.308234691619873,-3.169221878051758,-8.662107467651367,-3.7576780319213867,-1.1100845336914062,-0.1196209192276001,-2.6045024394989014,-9.850591659545898,-12.422772407531738,-11.102495193481445,-10.733160018920898,-11.754542350769043
-0.8848903179168701,1.737783670425415,2.8994333744049072,3.460657835006714,4.722733020782471,4.4598069190979,2.288952112197876,0.4150443971157074,-0.9668357968330383,-1.573521375656128,-1.7133857011795044,-0.9512796998023987,0.9770774841308594,2.9501352310180664,4.370452404022217,5.270843982696533,5.86390495300293,5.395423412322998,4.518702983856201,3.438076972961426,3.8142647743225098,3.9162776470184326,3.4241526126861572,5.260694980621338,3.0818538665771484,3.7492032051086426,5.256717681884766,5.0631537437438965,3.233736276626587,1.023546814918518,-0.1900937557220459,-10.978394508361816,-14.468035697937012,-7.478303909301758,-4.653495788574219,-7.297783851623535,-9.114627838134766,-10.28935432434082,-13.912866592407227,-12.941213607788086,-10.781426429748535,-10.778761863708496,-9.742842674255371
-5.42163610458374,-3.671229839324951,-1.929779291152954,-0.7916620969772339,1.739283561706543,4.332542896270752,4.101832866668701,-0.6189432740211487,-1.1236608028411865,-0.910991907119751,0.0397728756070137,1.7449300289154053,3.08613657951355,3.52586030960083,3.391979932785034,1.9924054145812988,1.1514021158218384,1.7598826885223389,2.430051565170288,3.2565653324127197,4.008371353149414,5.1373186111450195,4.604067325592041,4.185153961181641,1.1852558851242065,-5.0853352546691895,-12.571578025817871,-13.828728675842285,-12.247203826904297,-14.097636222839355,-16.501605987548828,-17.421205520629883,-14.68376636505127,-10.50916576385498,-10.685911178588867,-12.832282066345215,-11.429780960083008,-10.603822708129883,-12.118473052978516,-12.666454315185547,-13.353557586669922,-13.807133674621582,-12.908324241638184
-5.474853992462158,-4.046993255615234,-3.0697200298309326,-2.588121175765991,-2.0163068771362305,-0.2639566957950592,0.20585791766643524,-2.238776206970215,-2.9276862144470215,-1.6903126239776611,-0.0800427496433258,2.025359630584717,2.5479319095611572,0.03747148439288139,-6.493706703186035,-11.156961441040039,-11.578282356262207,-11.202653884887695,-8.857820510864258,-6.165389060974121,-6.068813800811768,-6.2808990478515625,-8.002029418945312,-13.055778503417969,-17.8944091796875,-22.076658248901367,-24.6876163482666,-22.807098388671875,-19.687686920166016,-17.747779846191406,-15.697968482971191,-14.358312606811523,-13.851541519165039,-13.334218978881836,-13.986241340637207,-13.342830657958984,-12.052075386047363,-11.056934356689453,-9.734735488891602,-10.979016304016113,-13.128018379211426,-13.844877243041992,-12.999427795410156
-5.623603820800781,-4.48184061050415,-3.329634666442871,-2.8530704975128174,-3.320815086364746,-3.34419322013855,-6.7909698486328125,-8.753462791442871,-5.931390762329102,-4.226894855499268,-4.845133304595947,-5.59157657623291,-7.247071266174316,-12.05395221710205,-16.87188720703125,-18.324569702148438,-17.548187255859375,-17.644147872924805,-17.577482223510742,-17.70616912841797,-18.639719009399414,-19.85457992553711,-21.31735610961914,-22.907033920288086,-22.4782772064209,-23.34918975830078,-24.06220054626465,-21.807497024536133,-17.559066772460938,-14.541468620300293,-12.641942024230957,-10.164898872375488,-12.52332592010498,-15.546595573425293,-16.80261993408203,-16.083049774169922,-13.732748985290527,-10.733307838439941,-8.612377166748047,-11.287542343139648,-13.238409996032715,-12.090145111083984,-11.82455062866211
-4.563276767730713,-4.289224147796631,-3.5300474166870117,-3.4501562118530273,-4.087166786193848,-3.915433168411255,-5.444735527038574,-9.685320854187012,-10.730276107788086,-9.789775848388672,-9.320781707763672,-9.161445617675781,-9.951974868774414,-14.389214515686035,-20.23706817626953,-21.033647537231445,-19.650646209716797,-20.32496452331543,-21.517789840698242,-21.538938522338867,-21.17428207397461,-21.724292755126953,-22.056697845458984,-22.86427879333496,-23.763187408447266,-23.733455657958984,-22.581682205200195,-20.55630874633789,-18.406274795532227,-15.778425216674805,-12.982935905456543,-11.829344749450684,-13.193851470947266,-15.085461616516113,-16.077425003051758,-15.077756881713867,-12.38386058807373,-9.553832054138184,-6.655013561248779,-7.948356628417969,-11.744489669799805,-11.505281448364258,-10.429240226745605
-5.61484956741333,-5.124337196350098,-3.71110200881958,-2.891263246536255,-3.596313714981079,-3.740013837814331,-3.604807138442993,-5.839968681335449,-9.885459899902344,-11.05166244506836,-10.614965438842773,-10.447511672973633,-9.745563507080078,-12.929601669311523,-18.960163116455078,-20.433090209960938,-20.298992156982422,-21.853900909423828,-23.675716400146484,-22.830230712890625,-21.087392807006836,-21.278240203857422,-22.076520919799805,-22.909399032592773,-23.159534454345703,-23.069101333618164,-22.49458122253418,-20.914522171020508,-18.33188247680664,-15.068084716796875,-12.319404602050781,-11.536235809326172,-12.62061882019043,-13.151078224182129,-12.838635444641113,-14.129788398742676,-12.10313892364502,-8.089151382446289,-5.879473686218262,-5.022111892700195,-8.009966850280762,-10.819100379943848,-9.882438659667969
-6.34319543838501,-6.336574077606201,-4.2283034324646,-2.7291297912597656,-2.948421001434326,-3.2380290031433105,-3.168829917907715,-4.378757476806641,-7.1501593589782715,-11.538554191589355,-12.47769832611084,-10.442950248718262,-8.719205856323242,-9.95350456237793,-15.129523277282715,-15.674084663391113,-15.970935821533203,-20.922470092773438,-23.06186866760254,-21.598094940185547,-19.822010040283203,-19.361858367919922,-19.94448471069336,-20.422504425048828,-20.793529510498047,-21.636911392211914,-21.88904571533203,-20.093639373779297,-16.59988021850586,-12.75257396697998,-9.95697021484375,-9.346203804016113,-10.291825294494629,-10.481356620788574,-11.266185760498047,-12.69150447845459,-10.823256492614746,-7.066252708435059,-5.884594917297363,-5.6790032386779785,-4.948135852813721,-8.497001647949219,-9.933135032653809
-5.623290538787842,-5.624412536621094,-4.073746681213379,-2.999225378036499,-3.0982024669647217,-2.4724390506744385,-2.627899646759033,-5.064565658569336,-7.897507190704346,-10.308368682861328,-11.572683334350586,-9.89729118347168,-6.923582077026367,-5.10023832321167,-6.857071399688721,-7.721338272094727,-7.604462146759033,-15.581205368041992,-20.743793487548828,-19.615690231323242,-18.72970199584961,-18.41883659362793,-19.15736961364746,-19.21843719482422,-18.976085662841797,-19.358417510986328,-19.408567428588867,-17.80328941345215,-14.749979019165039,-11.769186019897461,-9.473062515258789,-8.569236755371094,-8.47684097290039,-7.860124588012695,-7.941457748413086,-9.528331756591797,-9.080297470092773,-6.326866626739502,-4.887434959411621,-4.438421249389648,-3.670961856842041,-6.518731117248535,-8.987587928771973
-3.8528270721435547,-3.9903786182403564,-3.797640323638916,-3.4467546939849854,-3.607024908065796,-2.8376433849334717,-3.485535144805908,-6.705484390258789,-8.70102310180664,-9.059915542602539,-9.093998908996582,-8.864852905273438,-7.972636699676514,-7.1922688484191895,-8.540862083435059,-9.400483131408691,-7.674393177032471,-8.543465614318848,-13.445937156677246,-15.39588737487793,-15.958212852478027,-17.017955780029297,-19.442697525024414,-19.773941040039062,-17.81985855102539,-15.94950008392334,-15.055488586425781,-15.258906364440918,-13.90842056274414,-11.625040054321289,-8.869062423706055,-7.894326210021973,-8.452054023742676,-7.84464168548584,-6.162478446960449,-6.877784729003906,-8.41051959991455,-5.656280040740967,-2.5525739192962646,-2.467951774597168,-4.050741195678711,-5.603375434875488,-5.889263153076172
-4.157108306884766,-4.207094192504883,-3.8510751724243164,-4.66154146194458,-5.052645683288574,-3.7623465061187744,-4.067712306976318,-7.144805431365967,-9.14011287689209,-8.997142791748047,-9.09174633026123,-10.216914176940918,-11.872726440429688,-12.214421272277832,-11.099390029907227,-10.240912437438965,-10.070046424865723,-10.38801097869873,-12.278351783752441,-14.10466194152832,-13.696324348449707,-15.614215850830078,-19.212312698364258,-20.791057586669922,-19.22526741027832,-15.460075378417969,-12.635719299316406,-12.413909912109375,-13.306118965148926,-10.264122009277344,-7.293342590332031,-6.8862833976745605,-8.471705436706543,-8.204265594482422,-6.340381622314453,-5.210953235626221,-5.607891082763672,-3.695190906524658,-2.4006123542785645,-3.9080591201782227,-5.697432994842529,-6.126723289489746,-6.231680870056152
-4.714101791381836,-5.447154998779297,-5.135293483734131,-5.856513500213623,-5.832006454467773,-3.893627882003784,-4.122397422790527,-7.154591083526611,-8.96799087524414,-8.319981575012207,-9.087655067443848,-12.455617904663086,-14.700644493103027,-13.86625862121582,-12.279481887817383,-11.361677169799805,-10.485901832580566,-12.00506591796875,-15.40097427368164,-17.247669219970703,-18.90676498413086,-20.24570655822754,-20.554933547973633,-20.270599365234375,-18.27556037902832,-13.542679786682129,-9.891599655151367,-8.6277437210083,-9.203977584838867,-7.427407741546631,-4.619166851043701,-6.48215389251709,-8.476415634155273,-7.338284492492676,-6.758901119232178,-5.07270622253418,-3.472130298614502,-2.018618106842041,-1.9060018062591553,-3.8453786373138428,-5.078158378601074,-4.827665328979492,-4.747738838195801
-3.0571749210357666,-4.7529191970825195,-5.16627836227417,-5.354269027709961,-5.0658979415893555,-3.694169521331787,-4.298950672149658,-7.165330410003662,-9.069511413574219,-8.966791152954102,-9.379914283752441,-11.994772911071777,-14.410507202148438,-15.220799446105957,-14.7091064453125,-13.939374923706055,-13.18862533569336,-12.31326961517334,-11.996939659118652,-13.05162239074707,-17.535036087036133,-20.885995864868164,-20.711769104003906,-19.284711837768555,-16.193317413330078,-12.667003631591797,-9.545220375061035,-7.944393157958984,-7.4687113761901855,-5.9966044425964355,-4.635407447814941,-6.369691848754883,-7.48514461517334,-6.810276031494141,-5.730454444885254,-4.2430338859558105,-3.0929698944091797,-2.459400177001953,-2.56414794921875,-3.720590829849243,-5.213874816894531,-5.196906566619873,-4.7099432945251465
