data/wind_data/wind_27_1.json
{"header": {"parameterUnit": "KT", "parameterCategory": 2, "nx": 256, "ny": 198, "lo1": 44.73521041870117, "la1": -3.236724853515625, "lo2": 111.26478576660156, "la2": 43.468475341796875, "dx": 0.2609002888202667, "dy": -0.23708222806453705, "refTime": "2025-02-20 03:00:00", "forecastTime": 0, "parameterNumber": 2, "parameterNumberName": "eastward_wind"}, "data":
[rows 76 to 94 of 198, columns 86 to 128 of 256]
-2.9454832077026367,-2.7407076358795166,-2.139002799987793,-1.9253779649734497,-1.3247716426849365,-1.0092790126800537,-0.8030053377151489,-0.779753565788269,-0.8991939425468445,-1.0174334049224854,-1.0167814493179321,-0.7758724093437195,-0.6912931799888611,-0.5768912434577942,-0.5842983722686768,-0.6649513244628906,-0.8556572198867798,-1.3896509408950806,-1.3231377601623535,-1.0685973167419434,0.06622191518545151,-0.38051947951316833,0.4048158824443817,0.12922419607639313,2.7088725566864014,-9.847161293029785,-14.839802742004395,-6.160460472106934,-4.2895941734313965,-3.903656005859375,-3.3096697330474854,-3.196854829788208,-3.8785295486450195,-4.11096715927124,-3.2979657649993896,-3.251711130142212,-5.239109516143799,-6.398899555206299,-6.686412811279297,-6.586538791656494,-5.917444705963135,-4.8625030517578125,-1.9532033205032349
-2.9656131267547607,-2.590601682662964,-1.9534964561462402,-1.7064026594161987,-1.110063910484314,-0.7157183289527893,-0.5319030284881592,-0.47811901569366455,-0.4297175705432892,-0.4663066864013672,-0.4621882736682892,-0.3045589327812195,-0.4189015030860901,-0.3134460747241974,-0.5532485246658325,-0.5267462730407715,-0.7889759540557861,-1.2350940704345703,-1.3523107767105103,-1.1184297800064087,-0.20872560143470764,-0.47997552156448364,0.5546136498451233,0.24003008008003235,1.535032033920288,-10.407398223876953,-11.965876579284668,-4.70497465133667,-3.7853150367736816,-5.987938404083252,-5.178826808929443,-4.504820823669434,-4.222434997558594,-3.3110811710357666,-1.7544524669647217,-1.0657107830047607,-2.5544981956481934,-4.650282859802246,-5.708410263061523,-5.514807224273682,-4.10352897644043,-2.210350275039673,0.5739014148712158
-2.5215957164764404,-2.1879420280456543,-1.5358097553253174,-1.2465035915374756,-0.7522068619728088,-0.5171462893486023,-0.3024733364582062,-0.12821757793426514,0.0159442201256752,0.04636651277542114,0.10249150544404984,0.1908741444349289,0.07095484435558319,0.08807751536369324,-0.3747607171535492,-0.5062544941902161,-0.8328126072883606,-0.9159154891967773,-1.2792450189590454,-1.2199701070785522,-0.6604987382888794,-0.2972194254398346,0.036471642553806305,0.7352297306060791,0.8542255163192749,-12.492693901062012,-9.097354888916016,-3.1294147968292236,-4.6422576904296875,-9.224955558776855,-6.717358112335205,-3.1912989616394043,-0.8686853647232056,0.6073359251022339,1.0049958229064941,-0.5778522491455078,-1.384128451347351,-3.6535086631774902,-4.728547096252441,-3.919915199279785,-2.2907698154449463,0.014237036928534508,2.930098533630371
-1.9514609575271606,-1.7150397300720215,-1.0267350673675537,-0.6604670286178589,-0.2542295753955841,-0.16234514117240906,-0.06834906339645386,0.11096494644880295,0.32922041416168213,0.49233871698379517,0.6106374859809875,0.645763635635376,0.5721736550331116,0.5904704928398132,-0.0797351598739624,-0.5859649181365967,-0.88222736120224,-0.6630035638809204,-0.9880139231681824,-1.3863019943237305,-1.2701678276062012,-0.46181824803352356,0.028356852009892464,0.6553854942321777,-2.2916858196258545,-13.878765106201172,-8.157218933105469,-3.0201210975646973,-6.846874237060547,-6.118141174316406,-3.384192943572998,-1.0653139352798462,1.5369983911514282,2.561511516571045,1.7269357442855835,-1.4659351110458374,-3.4782660007476807,-3.154728889465332,-3.7812514305114746,-3.0990569591522217,-1.759927749633789,1.0862953662872314,4.85920524597168
-1.6687521934509277,-1.4379962682724,-0.7947182059288025,-0.40973520278930664,-0.05387931317090988,0.19030223786830902,0.25631919503211975,0.19515089690685272,0.4285909831523895,0.774540364742279,0.9800726175308228,1.0449728965759277,1.0287431478500366,0.9150776863098145,0.10975702852010727,-0.41250526905059814,-0.778754711151123,-0.7131994962692261,-0.9891306161880493,-1.4618871212005615,-1.7738364934921265,-0.8867955207824707,-0.6081321835517883,0.2447405606508255,-3.786442518234253,-13.90073013305664,-8.292885780334473,-3.809274196624756,-5.466323375701904,-1.119067907333374,0.637290894985199,-0.10937811434268951,1.405023455619812,2.4274349212646484,0.316658079624176,-2.571873426437378,-3.3323936462402344,-3.3461825847625732,-2.7307307720184326,-1.922756314277649,-0.10581671446561813,3.4001896381378174,5.593329906463623
-1.4165377616882324,-1.0481600761413574,-0.5440298318862915,-0.31607717275619507,-0.23205627501010895,-0.07440786808729172,0.13570471107959747,0.052197832614183426,0.30559664964675903,0.7742644548416138,1.1656612157821655,1.3473269939422607,1.2561742067337036,0.8876714706420898,0.36516013741493225,0.1254831999540329,-0.6336710453033447,-1.2703622579574585,-1.7768741846084595,-1.6961841583251953,-1.986677885055542,-1.9998157024383545,-1.444527506828308,-0.15985983610153198,-6.617681503295898,-12.995882987976074,-7.4562835693359375,-3.170531988143921,-2.073543071746826,2.1425862312316895,3.1086463928222656,0.4515431225299835,-1.278749704360962,0.34750857949256897,-1.1871463060379028,-3.576274871826172,-2.969341278076172,-3.4248204231262207,-2.697458505630493,-0.7450333833694458,1.3412294387817383,3.4026315212249756,2.9205212593078613
-1.010147213935852,-0.49548739194869995,-0.19913268089294434,-0.15783001482486725,-0.3290013074874878,-0.33748072385787964,-0.1360851526260376,-0.35185590386390686,-0.04432302713394165,0.620148777961731,1.1883840560913086,1.418497920036316,1.2452672719955444,0.7704738974571228,0.6845335364341736,0.7675525546073914,-0.500733494758606,-2.188305377960205,-2.9939682483673096,-2.1185147762298584,-2.490612268447876,-2.785536527633667,-2.4643564224243164,-1.538580298423767,-9.514113426208496,-12.961552619934082,-6.069587230682373,-0.1635127067565918,1.298363208770752,3.113009452819824,2.691465139389038,1.8572677373886108,1.0590343475341797,-2.2045631408691406,-3.8346168994903564,-3.4769203662872314,-3.3157565593719482,-2.6907410621643066,-2.2267940044403076,-1.0157455205917358,1.786464810371399,3.3291006088256836,1.3354538679122925
-0.5457543730735779,0.0003055513952858746,0.24690525233745575,0.1974092274904251,-0.18103721737861633,-0.5580200552940369,-0.6148891448974609,-0.7807504534721375,-0.27355170249938965,0.4907539188861847,1.0495429039001465,1.1461337804794312,1.1082313060760498,0.8176321387290955,0.8400442004203796,1.0137810707092285,-0.2620565891265869,-2.3612725734710693,-3.7164833545684814,-2.7646262645721436,-3.2038567066192627,-2.842026472091675,-2.349078416824341,-3.2254512310028076,-9.66174602508545,-11.098699569702148,-4.340555191040039,0.9786484837532043,2.4454267024993896,2.526237964630127,1.4304105043411255,0.5624063611030579,-0.09796386957168579,-2.998694658279419,-4.130871295928955,-2.5052385330200195,-1.98383367061615,-2.2365002632141113,-1.0744950771331787,-0.5949111580848694,1.1474342346191406,1.1474095582962036,-0.6620279550552368
-0.054117683321237564,0.30187714099884033,0.420113742351532,0.26284897327423096,-0.17573150992393494,-0.6274639964103699,-0.8846165537834167,-0.9901215434074402,-0.45287007093429565,0.29221299290657043,0.7297554016113281,0.7688448429107666,0.9688881039619446,0.9490793943405151,0.9673912525177002,0.9038317203521729,0.2214747965335846,-1.5795108079910278,-3.676642656326294,-3.3725128173828125,-4.257236480712891,-2.809011936187744,-0.8398306965827942,-4.251684188842773,-9.93747329711914,-8.403879165649414,-1.8040962219238281,0.40419697761535645,1.2301522493362427,-0.427225798368454,-1.166666865348816,-1.6155012845993042,-3.778310537338257,-4.257605075836182,-1.9815508127212524,0.2612488865852356,0.5454214215278625,0.005457266699522734,0.8593745231628418,2.2440857887268066,1.570247769355774,-1.4122238159179688,-1.2538344860076904
0.5735769867897034,0.7011305093765259,0.515286922454834,0.05163576081395149,-0.5478655099868774,-0.955585241317749,-1.1684529781341553,-1.228648066520691,-0.6639447808265686,0.015605445951223373,0.42555612325668335,0.5920293927192688,0.9648284316062927,1.2139569520950317,1.312281608581543,1.0232948064804077,0.33835992217063904,-0.8746271133422852,-3.247037410736084,-3.778766632080078,-5.019866466522217,-3.3788774013519287,-1.8610515594482422,-5.947951316833496,-8.714929580688477,-6.129870414733887,-0.4234524369239807,-0.44882744550704956,-1.8454238176345825,-2.329094171524048,-1.9200738668441772,-2.8535027503967285,-2.594043493270874,-0.804868757724762,1.0980720520019531,2.4648733139038086,2.925370216369629,2.423999547958374,1.9970998764038086,1.9522455930709839,2.593305826187134,0.0952959880232811,-0.14559543132781982
0.9996492266654968,0.9736507534980774,0.5420040488243103,-0.10815534740686417,-0.8302662968635559,-1.199883222579956,-1.3255006074905396,-1.2455540895462036,-0.7335320115089417,-0.19467899203300476,0.21850396692752838,0.5875205397605896,1.197485327720642,1.6148486137390137,1.794600486755371,1.523613452911377,0.357685387134552,-0.543714165687561,-2.367121934890747,-3.6120080947875977,-5.1912641525268555,-4.04935884475708,-1.4854487180709839,-6.562561988830566,-8.668416023254395,-6.352647304534912,-2.5584516525268555,-2.282363176345825,-3.4386942386627197,-1.6053922176361084,-0.546922504901886,-1.1218559741973877,1.2590057849884033,2.9677159786224365,3.6021692752838135,4.501635551452637,4.267151832580566,3.503208637237549,3.1086273193359375,2.0301353931427,0.732385516166687,0.9564636945724487,1.0084288120269775
1.1819109916687012,0.948905348777771,0.3870234787464142,-0.18930847942829132,-0.7836858630180359,-1.0410189628601074,-1.1731257438659668,-1.039921522140503,-0.608879804611206,-0.167323499917984,0.20175424218177795,0.7255614995956421,1.527797818183899,2.046579599380493,2.1281421184539795,1.9654762744903564,0.6471811532974243,-0.4582272171974182,-1.7696024179458618,-2.803244113922119,-4.5006632804870605,-5.428078651428223,-3.165682792663574,-3.8241794109344482,-8.139063835144043,-8.40866470336914,-4.825601100921631,-0.5426497459411621,-0.12990565598011017,1.319406270980835,2.0474166870117188,2.8249316215515137,3.702789068222046,3.8221616744995117,3.6913371086120605,4.017284393310547,3.8951780796051025,3.6637895107269287,3.727391242980957,1.6616888046264648,-0.7517869472503662,0.03555954247713089,0.09403245896100998
1.1052603721618652,0.6520618796348572,0.13128961622714996,-0.3554806113243103,-0.6319860816001892,-0.7039080858230591,-0.75184166431427,-0.5982295870780945,-0.2483435422182083,-0.01273347157984972,0.3121005594730377,1.0146080255508423,1.711603045463562,2.2453348636627197,2.581059694290161,2.415985107421875,1.125732421875,-0.4064885079860687,-1.383575439453125,-1.6907161474227905,-4.126255989074707,-5.124931812286377,-3.727349042892456,-2.203678607940674,-7.150113105773926,-10.176492691040039,-4.398684978485107,2.59525465965271,2.7442216873168945,2.8448596000671387,3.33528470993042,3.9280741214752197,3.6428775787353516,2.429239273071289,2.354968309402466,2.305227756500244,1.8450151681900024,1.584338665008545,0.9854956865310669,0.7122530341148376,1.500737190246582,0.8375978469848633,1.0699222087860107
0.94773268699646,0.4461865723133087,0.04394230246543884,-0.40076130628585815,-0.5829667448997498,-0.435730516910553,-0.15847420692443848,0.16071291267871857,0.44356751441955566,0.4306899905204773,0.5637213587760925,1.1868009567260742,1.6172690391540527,2.4178364276885986,3.1071105003356934,2.992737054824829,1.569809079170227,-0.22816428542137146,-1.1157389879226685,-1.5690640211105347,-3.31958270072937,-3.486497402191162,-1.7277750968933105,-4.52998685836792,-7.5411057472229,-7.455995082855225,-1.3741073608398438,3.9732296466827393,2.3478145599365234,1.8266336917877197,2.325746774673462,1.0121996402740479,0.9799982309341431,1.1015126705169678,0.12396371364593506,0.3326425552368164,0.7203772664070129,0.4825891852378845,0.470325231552124,1.9758930206298828,3.756655216217041,2.3023855686187744,2.6026828289031982
0.8609431385993958,0.4371579885482788,-0.0245610773563385,-0.5122271180152893,-0.6108947992324829,-0.17950788140296936,0.47088387608528137,1.0819008350372314,1.409467339515686,1.1989762783050537,0.8742002248764038,1.0672287940979004,1.7547494173049927,2.8341245651245117,3.5775136947631836,3.463737726211548,1.7053309679031372,-0.2840372920036316,-1.3925081491470337,-2.58056378364563,-3.3265273571014404,-2.995354652404785,-3.667562484741211,-7.284412860870361,-7.3853983879089355,-3.2345504760742188,1.7469557523727417,3.2375409603118896,0.5894708633422852,-0.46832144260406494,-1.6068744659423828,-1.668448805809021,1.2433661222457886,2.6810505390167236,1.1501280069351196,0.8380934000015259,1.1364527940750122,1.5936414003372192,2.5709316730499268,4.035146713256836,4.918604373931885,3.1892788410186768,2.6468818187713623
0.9018068313598633,0.39433833956718445,-0.01993517018854618,-0.4175967574119568,-0.41247737407684326,0.14606158435344696,0.9972497224807739,1.7551953792572021,1.9886348247528076,1.65144681930542,0.93094402551651,0.9911690950393677,2.123967170715332,3.6709375381469727,4.147073745727539,3.084357738494873,1.1176981925964355,-0.6288923621177673,-1.9768919944763184,-3.1599018573760986,-3.7339680194854736,-3.878504753112793,-4.742112636566162,-7.739346981048584,-7.271984577178955,-2.8783257007598877,1.5596449375152588,2.6615657806396484,0.7128862142562866,-1.0862383842468262,-2.0184547901153564,-0.3060306906700134,2.8851380348205566,4.230284214019775,2.398214101791382,1.8669291734695435,2.0769739151000977,2.356630802154541,3.8009421825408936,6.269932746887207,6.9203338623046875,4.3408098220825195,2.7267191410064697
0.92619389295578,0.44782695174217224,0.33987104892730713,0.18993359804153442,0.28554192185401917,0.7511460185050964,1.5007376670837402,2.188143253326416,2.124689817428589,1.5838050842285156,0.6984459757804871,0.9129276871681213,2.409588098526001,4.461332321166992,4.498719692230225,2.088934898376465,0.48768123984336853,-0.6371217370033264,-2.8325021266937256,-4.145954608917236,-4.098868370056152,-4.5238356590271,-4.111295223236084,-6.5943522453308105,-7.824188232421875,-4.91586971282959,0.45433568954467773,4.945835113525391,4.903509616851807,1.084647536277771,-0.404492050409317,0.10565242916345596,3.3863584995269775,5.208703517913818,3.910132646560669,3.9467697143554688,4.1656174659729,3.9001898765563965,4.795400619506836,7.478337287902832,7.191150665283203,3.882127046585083,3.243157386779785
1.0643446445465088,0.9072498083114624,1.172979474067688,1.3820868730545044,1.5121158361434937,1.663586974143982,2.1057803630828857,2.4138426780700684,2.0591838359832764,1.1682822704315186,0.2506544589996338,0.643528401851654,2.0699851512908936,3.591191053390503,3.344862937927246,1.5551396608352661,0.3932904005050659,0.5713520646095276,-2.2718589305877686,-5.012871742248535,-5.116319179534912,-4.7140655517578125,-3.0949041843414307,-5.265411376953125,-7.693586349487305,-6.44333028793335,-0.9202057123184204,5.861773490905762,8.136960983276367,1.7999186515808105,1.4723825454711914,1.268772006034851,3.5690040588378906,5.129601955413818,4.548817157745361,4.954239845275879,4.503936767578125,3.9565250873565674,6.199585437774658,8.154008865356445,5.085000038146973,3.037055492401123,3.5008459091186523
1.490315556526184,1.7081522941589355,2.2921199798583984,2.8161964416503906,3.0116827487945557,2.984400510787964,2.977180242538452,2.8366901874542236,2.1970980167388916,0.6960412859916687,-0.3372668921947479,-0.22914475202560425,-0.2418331503868103,-0.1533496081829071,0.6377459168434143,2.2605700492858887,2.705359697341919,2.6792409420013428,0.42041948437690735,-4.8450026512146,-6.799966335296631,-6.046384334564209,-3.6541190147399902,-3.688851833343506,-4.943963527679443,-5.638531684875488,-1.9119377136230469,4.45042610168457,9.174283027648926,2.4009034633636475,1.928280234336853,2.334364652633667,2.6576826572418213,4.497655868530273,4.230628490447998,2.439188003540039,2.339197874069214,3.18746018409729,3.647291898727417,3.6363601684570312,2.2013938426971436,2.194355010986328,3.1139447689056396
