data/wind_data/wind_66_9.json
{"header": {"parameterUnit": "KT", "parameterCategory": 2, "nx": 256, "ny": 198, "lo1": 44.73521041870117, "la1": -3.236724853515625, "lo2": 111.26478576660156, "la2": 43.468475341796875, "dx": 0.2609002888202667, "dy": -0.23708222806453705, "refTime": "2025-02-21 18:00:00", "forecastTime": 0, "parameterNumber": 2, "parameterNumberName": "eastward_wind"}, "data":
[rows 0 to 18 of 198, columns 172 to 214 of 256]
22.79427146911621,23.066049575805664,22.475425720214844,21.406763076782227,21.139944076538086,21.268264770507812,21.37308692932129,21.443538665771484,21.27351188659668,21.031803131103516,20.746719360351562,20.71345329284668,21.26845359802246,21.79195785522461,22.10562515258789,22.01971435546875,21.395219802856445,20.840307235717773,20.39405059814453,20.9231014251709,22.376995086669922,22.614349365234375,21.91444206237793,21.585599899291992,21.49113655090332,21.736080169677734,22.113142013549805,22.157211303710938,22.015928268432617,21.68478012084961,21.3682918548584,21.369773864746094,21.292308807373047,20.774490356445312,20.59593391418457,21.241127014160156,21.386106491088867,20.598308563232422,20.32830047607422,20.76302719116211,21.05219268798828,21.17813491821289,21.171566009521484
23.3475399017334,24.089569091796875,23.820850372314453,22.85077667236328,22.318525314331055,22.36186408996582,22.470361709594727,22.127553939819336,21.42563819885254,21.19460105895996,21.42377471923828,21.452838897705078,21.371137619018555,21.312990188598633,21.395076751708984,21.34461212158203,20.927513122558594,20.847949981689453,20.90349578857422,21.518564224243164,22.837997436523438,23.18880271911621,22.27837371826172,21.50533103942871,21.822017669677734,22.581573486328125,22.875276565551758,22.455286026000977,21.475622177124023,20.420251846313477,20.264963150024414,21.295455932617188,21.76677703857422,21.079816818237305,20.93463897705078,21.864004135131836,22.432872772216797,21.924205780029297,20.964675903320312,20.36631202697754,20.71881103515625,21.950441360473633,22.341840744018555
23.937753677368164,24.78864097595215,24.67669677734375,23.85161781311035,23.425447463989258,23.24664306640625,22.541400909423828,21.856338500976562,21.779977798461914,21.828641891479492,21.857887268066406,21.911794662475586,21.892364501953125,21.790555953979492,21.623184204101562,21.371417999267578,21.21092987060547,21.3658504486084,21.445762634277344,21.847536087036133,22.91023063659668,23.173168182373047,22.325544357299805,21.893310546875,22.386693954467773,23.00480842590332,23.049062728881836,22.29629898071289,21.252107620239258,20.68935203552246,21.207979202270508,22.47113609313965,22.965469360351562,22.333253860473633,21.7843017578125,22.16438102722168,22.67626190185547,22.38298797607422,21.82329750061035,21.49246597290039,21.468097686767578,22.12457847595215,22.526838302612305
24.196760177612305,24.739063262939453,24.563169479370117,23.992504119873047,23.96493911743164,24.0693416595459,23.394733428955078,22.264572143554688,21.84146499633789,21.889816284179688,21.89228057861328,22.02265739440918,22.071958541870117,22.067922592163086,21.904998779296875,21.675621032714844,21.54574966430664,21.537660598754883,21.7551326751709,22.218713760375977,22.748369216918945,22.640430450439453,22.178945541381836,22.234764099121094,22.63849449157715,22.856426239013672,22.799854278564453,22.21393585205078,21.537643432617188,21.521928787231445,22.370729446411133,23.41731071472168,23.639371871948242,22.997655868530273,22.305110931396484,22.317710876464844,22.771684646606445,22.756471633911133,22.5051212310791,22.5279541015625,22.587987899780273,23.01444435119629,23.59857177734375
20.366376876831055,19.983449935913086,19.0142879486084,19.27008628845215,21.424938201904297,22.736421585083008,22.200929641723633,21.10809898376465,19.701414108276367,18.25959014892578,17.426061630249023,17.547983169555664,16.93489646911621,16.73493194580078,17.280759811401367,17.9719295501709,18.023160934448242,17.87262535095215,18.890274047851562,20.490625381469727,20.764686584472656,19.805688858032227,19.478723526000977,19.58346176147461,19.93836212158203,20.557117462158203,21.08340072631836,21.10456085205078,20.95005226135254,20.597936630249023,20.581928253173828,20.51007080078125,19.467029571533203,18.227497100830078,17.72013282775879,17.87451171875,18.66552734375,19.185291290283203,18.990203857421875,18.697490692138672,18.703561782836914,19.758779525756836,21.677431106567383
18.755767822265625,18.811134338378906,18.82794761657715,19.39571189880371,19.740575790405273,19.14011573791504,17.59994888305664,16.96973991394043,16.525344848632812,14.890729904174805,12.060532569885254,9.761013984680176,8.716917037963867,9.984101295471191,11.676502227783203,12.692425727844238,12.764179229736328,12.963432312011719,14.582067489624023,17.281530380249023,18.230457305908203,16.952999114990234,16.43195343017578,16.954893112182617,17.493005752563477,17.55084228515625,17.41537094116211,17.686429977416992,17.774982452392578,16.98276138305664,16.276193618774414,15.538336753845215,14.096484184265137,12.836750984191895,13.003515243530273,13.966790199279785,14.934754371643066,15.53341293334961,15.614696502685547,16.08816146850586,17.174762725830078,17.54212760925293,16.77134132385254
16.795944213867188,16.79383087158203,16.328500747680664,15.754277229309082,15.006332397460938,14.665005683898926,13.072097778320312,14.280171394348145,16.08613395690918,14.974854469299316,10.758419036865234,6.512300968170166,7.586357593536377,10.20806884765625,11.122764587402344,10.927802085876465,10.517489433288574,10.86874008178711,12.383783340454102,14.477734565734863,15.512056350708008,14.825369834899902,14.625557899475098,15.17654037475586,15.44613265991211,14.176386833190918,12.958629608154297,13.450905799865723,13.874933242797852,13.337920188903809,12.913869857788086,12.506945610046387,11.582305908203125,11.228317260742188,11.884716987609863,12.771148681640625,13.352505683898926,13.450342178344727,13.531333923339844,15.258462905883789,17.439741134643555,16.607322692871094,14.211493492126465
15.12353515625,15.38464069366455,13.93419075012207,11.971373558044434,11.449645042419434,11.83804988861084,10.723358154296875,12.857833862304688,14.971967697143555,14.269225120544434,11.270499229431152,8.43909740447998,10.974980354309082,12.591496467590332,11.660204887390137,10.405686378479004,9.766448974609375,9.514242172241211,11.1917142868042,12.832651138305664,13.459418296813965,13.258500099182129,13.107155799865723,12.962699890136719,12.643304824829102,10.90102767944336,9.544565200805664,10.18071460723877,10.930229187011719,11.092249870300293,10.987007141113281,10.78571605682373,10.772876739501953,11.281949043273926,11.807182312011719,12.06612491607666,12.288568496704102,12.351431846618652,13.030742645263672,15.322253227233887,16.465885162353516,14.93909740447998,12.90609073638916
13.527816772460938,12.763678550720215,10.97681999206543,9.470293045043945,9.3532133102417,10.15859317779541,9.737833976745605,11.325149536132812,12.830018043518066,12.618993759155273,10.875520706176758,10.588083267211914,13.471263885498047,12.84471321105957,10.61848258972168,9.541291236877441,8.794563293457031,8.236074447631836,10.135307312011719,12.126306533813477,12.484440803527832,12.13674259185791,11.03369426727295,9.967683792114258,9.61590576171875,9.257946968078613,7.781440734863281,8.269697189331055,9.61994457244873,10.115668296813965,9.679283142089844,9.391911506652832,10.443769454956055,11.035588264465332,11.062814712524414,11.197062492370605,12.123311996459961,13.063539505004883,13.964454650878906,15.521621704101562,15.849130630493164,14.122758865356445,11.907498359680176
11.969244956970215,11.13209342956543,9.486237525939941,7.674938678741455,7.002464771270752,7.584994316101074,9.255324363708496,10.908845901489258,9.946874618530273,8.710618019104004,9.502008438110352,10.63965129852295,12.587862968444824,11.67124080657959,10.539844512939453,9.311812400817871,7.766022682189941,7.222762584686279,9.068893432617188,11.410280227661133,12.062237739562988,11.34639835357666,9.39490795135498,8.810765266418457,8.710487365722656,8.22375202178955,6.285365104675293,7.122971534729004,9.428492546081543,9.808248519897461,9.030646324157715,9.275758743286133,9.977066040039062,10.17081069946289,9.965495109558105,10.814258575439453,12.77286148071289,14.360281944274902,14.96527099609375,15.729607582092285,15.698029518127441,14.671243667602539,13.18486499786377
9.547196388244629,9.369860649108887,8.4651517868042,6.823672771453857,5.978079319000244,6.317030906677246,7.229734420776367,8.307282447814941,7.808650493621826,6.808002471923828,7.982151508331299,9.653213500976562,10.811206817626953,11.198190689086914,10.5600004196167,8.639519691467285,6.663503170013428,6.810283184051514,9.367533683776855,11.009532928466797,11.098756790161133,10.33379077911377,9.4257230758667,10.11571979522705,9.587979316711426,6.98255729675293,5.25012731552124,7.194025039672852,9.90034294128418,10.317806243896484,10.091450691223145,10.131190299987793,10.16359806060791,10.23891830444336,10.179361343383789,11.193770408630371,13.070565223693848,14.5448579788208,15.264491081237793,16.05382537841797,16.12141227722168,15.778169631958008,15.840912818908691
9.452064514160156,8.40442180633545,7.392380714416504,6.32778787612915,6.6521148681640625,6.737764835357666,6.292110443115234,6.494582176208496,7.067906379699707,6.939197063446045,7.197326183319092,8.18234920501709,9.483842849731445,10.790674209594727,10.249212265014648,8.392508506774902,6.836969375610352,7.098388195037842,8.911540031433105,9.860625267028809,9.627516746520996,10.186386108398438,10.631231307983398,10.989314079284668,8.817279815673828,6.095174312591553,5.795686721801758,7.944909572601318,10.80378532409668,12.362231254577637,12.310563087463379,11.11707878112793,10.563122749328613,11.259262084960938,11.648892402648926,12.280200004577637,13.453657150268555,14.382412910461426,15.628168106079102,15.98895263671875,16.50250816345215,16.637170791625977,17.824018478393555
10.319897651672363,8.03697681427002,7.599719524383545,6.685761451721191,7.380283355712891,8.016213417053223,6.523390293121338,5.709412097930908,6.881070613861084,6.83828592300415,6.106566905975342,6.8929643630981445,8.92590045928955,9.900080680847168,9.489958763122559,8.759284019470215,7.347642421722412,6.395408630371094,7.004105091094971,7.8732781410217285,8.26556396484375,9.676215171813965,10.38720417022705,10.571388244628906,8.28201961517334,6.696477890014648,6.720366954803467,8.33088207244873,11.626494407653809,14.377055168151855,13.806326866149902,11.734360694885254,11.059736251831055,11.766541481018066,11.767281532287598,12.33543586730957,13.839313507080078,14.913284301757812,15.492483139038086,16.446735382080078,16.653249740600586,17.615203857421875,19.568086624145508
9.122603416442871,7.509519577026367,7.612405300140381,7.322076320648193,8.344676971435547,8.880276679992676,6.748020172119141,5.832463264465332,6.796721458435059,6.576976776123047,5.881200790405273,6.635010719299316,8.29822063446045,9.054308891296387,8.869953155517578,8.33382511138916,6.758732318878174,5.471502304077148,5.701615333557129,6.725922584533691,7.295077323913574,8.93775463104248,10.220739364624023,10.271319389343262,8.408746719360352,7.274663925170898,7.033422946929932,8.482900619506836,12.11912727355957,14.872149467468262,14.10765552520752,12.400835990905762,11.72524642944336,11.343820571899414,11.207576751708984,12.364998817443848,13.94194507598877,14.06821060180664,14.860987663269043,15.757570266723633,16.87980079650879,18.348670959472656,20.352764129638672
8.212188720703125,6.9875946044921875,6.561034202575684,7.5413126945495605,8.524259567260742,9.001381874084473,7.878268718719482,6.896374702453613,7.167832851409912,7.213007926940918,7.189759254455566,7.310218334197998,7.776337146759033,8.071639060974121,7.71168327331543,6.416109561920166,5.31724739074707,5.228276252746582,6.2172064781188965,7.463075160980225,8.451925277709961,9.624276161193848,10.69499397277832,10.594764709472656,9.210705757141113,7.715076923370361,7.285806179046631,9.250602722167969,12.832955360412598,14.460381507873535,13.960144996643066,12.981292724609375,11.643461227416992,10.796402931213379,11.688541412353516,13.038469314575195,14.21106243133545,14.095165252685547,13.791406631469727,14.676156044006348,16.245935440063477,17.892839431762695,19.840166091918945
7.570324420928955,7.218104839324951,6.936344623565674,7.234369277954102,8.496562957763672,8.634982109069824,7.956360340118408,6.640583038330078,7.2492451667785645,8.269699096679688,8.076122283935547,7.211786270141602,7.0620222091674805,7.305841445922852,6.3815202713012695,5.244178295135498,5.068030834197998,5.743459701538086,6.981539249420166,8.52368450164795,9.941634178161621,11.067381858825684,11.984780311584473,11.938188552856445,10.584460258483887,8.67479133605957,8.202957153320312,10.580673217773438,13.599156379699707,14.172792434692383,14.224743843078613,13.770888328552246,11.527027130126953,11.088343620300293,12.604901313781738,14.076434135437012,14.547109603881836,13.685242652893066,14.020195960998535,14.916611671447754,15.860434532165527,16.965818405151367,18.50971031188965
7.6828532218933105,7.439730644226074,7.392116069793701,7.7232441902160645,8.046586990356445,7.794331073760986,6.6020684242248535,5.89287805557251,6.828924179077148,7.992873668670654,7.693652629852295,6.740056037902832,6.457845687866211,6.230764865875244,4.812778472900391,4.505545139312744,4.886934757232666,5.857264518737793,6.974052429199219,8.322903633117676,10.046031951904297,11.863663673400879,13.310470581054688,13.430710792541504,11.783845901489258,9.70113468170166,8.939933776855469,11.028715133666992,13.822522163391113,14.807779312133789,15.061426162719727,14.157676696777344,12.037313461303711,11.70676326751709,13.052978515625,14.219833374023438,13.61695671081543,13.068436622619629,15.008475303649902,16.710947036743164,16.819095611572266,17.106243133544922,18.101469039916992
8.327468872070312,8.138521194458008,8.711371421813965,8.388720512390137,7.957948207855225,6.755196571350098,5.816372394561768,5.805371284484863,6.385525226593018,7.000492572784424,7.220550060272217,6.2235870361328125,5.1462860107421875,4.15362548828125,3.411439895629883,4.108750820159912,5.7814226150512695,7.296833515167236,8.084897994995117,8.682287216186523,10.020767211914062,11.959284782409668,14.015591621398926,14.622886657714844,13.002161026000977,11.091209411621094,9.911880493164062,11.146986961364746,13.93765926361084,15.669127464294434,15.693592071533203,14.4325590133667,12.812588691711426,11.676862716674805,11.713525772094727,13.195625305175781,13.265872955322266,13.22928237915039,15.585630416870117,18.060400009155273,17.913930892944336,17.54409408569336,18.047393798828125
10.48724365234375,10.815078735351562,10.448055267333984,9.130851745605469,7.335580825805664,5.748378276824951,6.323543071746826,7.4775824546813965,7.257496356964111,7.211996555328369,6.3555378913879395,5.910152435302734,5.236012935638428,4.59362268447876,4.601795673370361,6.37830114364624,8.287126541137695,10.301098823547363,11.49007511138916,11.334834098815918,11.605619430541992,12.699853897094727,13.852457046508789,14.480438232421875,13.996492385864258,13.56702709197998,11.800264358520508,11.916677474975586,14.124765396118164,15.846223831176758,15.974865913391113,14.829978942871094,13.273198127746582,11.141551971435547,10.499846458435059,12.343585968017578,13.791354179382324,13.833150863647461,15.501203536987305,18.214242935180664,18.733264923095703,18.214191436767578,17.808202743530273
