data/wind_data/wind_24_8.json
{"header": {"parameterUnit": "KT", "parameterCategory": 2, "nx": 256, "ny": 198, "lo1": 44.73521041870117, "la1": -3.236724853515625, "lo2": 111.26478576660156, "la2": 43.468475341796875, "dx": 0.2609002888202667, "dy": -0.23708222806453705, "refTime": "2025-02-20 00:00:00", "forecastTime": 0, "parameterNumber": 2, "parameterNumberName": "eastward_wind"}, "data":
[rows 0 to 18 of 198, columns 88 to 131 of 256]
-1.725266695022583,-2.045485019683838,-2.2603557109832764,-2.4918384552001953,-3.2328364849090576,-4.117734909057617,-4.332812786102295,-4.268003463745117,-4.327087879180908,-4.241978168487549,-3.8220252990722656,-3.1683993339538574,-2.1259336471557617,-1.5111063718795776,-1.890174388885498,-1.848630428314209,-0.8665778040885925,-0.8454251289367676,-2.0921249389648438,-2.8391027450561523,-3.0295989513397217,-2.435026168823242,-1.2736324071884155,-1.248361587524414,-2.0295209884643555,-3.27492618560791,-4.523237228393555,-4.210032939910889,-3.330934524536133,-3.0060510635375977,-2.773908853530884,-2.3808891773223877,-2.1870429515838623,-2.5833303928375244,-2.633218765258789,-1.6425976753234863,-1.7029165029525757,-3.5249874591827393,-4.951403617858887,-5.695025444030762,-6.93947696685791,-8.652507781982422,-8.662370681762695,-7.319593906402588
-3.0943338871002197,-3.2502682209014893,-3.5302295684814453,-3.8671224117279053,-3.81471586227417,-3.701052188873291,-3.542452096939087,-3.2904932498931885,-3.2919483184814453,-3.269528865814209,-3.011653423309326,-2.4061057567596436,-1.0024760961532593,0.20604217052459717,0.48133084177970886,0.589907169342041,1.087777018547058,0.9740320444107056,-0.8432043194770813,-2.5603692531585693,-3.000203847885132,-2.3279292583465576,-0.6620210409164429,-0.747287392616272,-2.6466641426086426,-3.695375680923462,-4.324313163757324,-4.605055809020996,-4.1068291664123535,-3.469839334487915,-2.8107728958129883,-3.0239853858947754,-4.0485615730285645,-4.31662130355835,-3.549529552459717,-2.137627124786377,-1.5828450918197632,-2.9760758876800537,-5.103905200958252,-6.3728718757629395,-6.9602885246276855,-8.439657211303711,-9.084821701049805,-8.010141372680664
-3.825777292251587,-4.171091079711914,-4.324227809906006,-4.335055828094482,-4.343075275421143,-4.217581272125244,-3.6770286560058594,-3.12850022315979,-2.8539507389068604,-2.641432285308838,-2.501612424850464,-2.3498027324676514,-2.120264768600464,-1.5360993146896362,-0.46246305108070374,0.18742059171199799,0.3713746666908264,0.3263843059539795,-0.8865569829940796,-2.2914366722106934,-2.567525625228882,-2.198274612426758,-1.5249617099761963,-1.8834054470062256,-3.169874906539917,-3.56072998046875,-3.619903087615967,-4.068991661071777,-4.381015300750732,-4.37093448638916,-3.9890964031219482,-4.088771820068359,-4.989421844482422,-5.192800521850586,-4.248124122619629,-3.1294610500335693,-2.5389089584350586,-2.9262733459472656,-4.399229049682617,-5.772056579589844,-6.91943883895874,-8.699995040893555,-9.035860061645508,-7.730669021606445
-6.039553642272949,-6.39451265335083,-6.174210071563721,-5.774007320404053,-5.681972503662109,-5.497550964355469,-4.7119245529174805,-3.6862947940826416,-3.059598445892334,-2.871188163757324,-2.8593523502349854,-2.906236410140991,-3.072819232940674,-2.6998722553253174,-1.4960991144180298,-0.5816126465797424,-0.6196713447570801,-1.1457180976867676,-1.992464303970337,-2.6188266277313232,-2.6393799781799316,-2.6085729598999023,-2.7018373012542725,-3.2330164909362793,-3.9117918014526367,-3.932884693145752,-3.89113187789917,-4.302897930145264,-4.9633684158325195,-5.532800197601318,-5.498345375061035,-5.306935787200928,-5.47297477722168,-5.299417018890381,-4.559184551239014,-3.86887526512146,-3.3526153564453125,-3.155848503112793,-3.930375576019287,-5.157135009765625,-6.5511088371276855,-7.905551910400391,-7.530522346496582,-6.372556209564209
-13.889094352722168,-14.090446472167969,-12.546187400817871,-10.78296184539795,-10.256649017333984,-10.34689998626709,-9.636618614196777,-7.997262477874756,-6.716660499572754,-6.503687381744385,-6.686751365661621,-6.22711181640625,-5.035799980163574,-3.5831823348999023,-2.2147719860076904,-1.3085689544677734,-1.7978250980377197,-3.3684141635894775,-4.828543663024902,-5.419633388519287,-5.5140228271484375,-6.342039585113525,-7.156940460205078,-7.224431037902832,-7.023077011108398,-6.932898998260498,-6.622708797454834,-6.359094619750977,-7.118150234222412,-8.252882957458496,-7.992831230163574,-6.616191387176514,-5.391302585601807,-4.366944313049316,-3.946361780166626,-4.057517051696777,-3.580890655517578,-2.8057878017425537,-3.016669273376465,-3.8653838634490967,-3.879575729370117,-2.6922662258148193,-1.628027081489563,-2.2506985664367676
-10.98564338684082,-9.960565567016602,-8.289494514465332,-6.892196178436279,-6.405449867248535,-6.791958332061768,-7.281022071838379,-7.655360221862793,-8.072904586791992,-8.101244926452637,-7.604996681213379,-6.861303806304932,-6.087151050567627,-4.905704021453857,-3.2363479137420654,-2.1709675788879395,-2.6858959197998047,-4.312519073486328,-5.100253582000732,-5.161459922790527,-5.615400314331055,-7.081402778625488,-8.125147819519043,-7.497286796569824,-6.425902843475342,-6.456283092498779,-6.856656074523926,-7.554800510406494,-8.682250022888184,-9.357767105102539,-8.879085540771484,-7.7529988288879395,-7.465710163116455,-7.478152275085449,-6.938982963562012,-6.296905517578125,-5.769560813903809,-4.991410255432129,-4.185369968414307,-3.6582257747650146,-3.382701873779297,-2.960839033126831,-2.652338743209839,-3.35882306098938
-8.131683349609375,-7.382068157196045,-6.563745975494385,-5.993523597717285,-5.657954216003418,-5.318750381469727,-4.837608337402344,-4.7083845138549805,-5.434001445770264,-6.29563045501709,-6.18791389465332,-5.656309127807617,-5.2656941413879395,-4.836861610412598,-4.102426528930664,-3.681760787963867,-3.7694568634033203,-3.984473943710327,-3.369203567504883,-3.0682260990142822,-3.87052583694458,-5.360818386077881,-6.460562705993652,-5.918907642364502,-4.903683662414551,-4.713066101074219,-6.114303112030029,-7.840482711791992,-8.862298011779785,-9.15553092956543,-9.087973594665527,-8.502396583557129,-8.0925931930542,-8.142265319824219,-7.601089954376221,-6.827897071838379,-6.687567710876465,-6.52025842666626,-5.6310343742370605,-4.731720924377441,-4.259383201599121,-3.551145076751709,-3.1787397861480713,-3.795644998550415
-6.157891273498535,-5.535879611968994,-5.0570478439331055,-4.396523475646973,-4.005730628967285,-3.5174431800842285,-2.7584152221679688,-2.348144054412842,-2.90415620803833,-3.986875534057617,-4.132286071777344,-4.259637355804443,-4.253384590148926,-4.421119213104248,-4.6203789710998535,-4.673059463500977,-4.582291603088379,-3.7358906269073486,-1.9674835205078125,-0.8750303983688354,-1.4174721240997314,-2.462629556655884,-3.531956434249878,-4.383601188659668,-4.683102130889893,-3.736931562423706,-4.455266952514648,-6.325482368469238,-7.769134521484375,-7.884639263153076,-8.198721885681152,-8.272015571594238,-7.5357818603515625,-7.137465000152588,-6.9229207038879395,-6.606603622436523,-6.665919780731201,-6.654099464416504,-6.05853271484375,-5.558751583099365,-5.075845718383789,-4.197000026702881,-3.7723495960235596,-3.8273558616638184
-4.252603530883789,-3.726425886154175,-3.90995717048645,-3.647780418395996,-3.146441698074341,-2.6105988025665283,-2.2948789596557617,-2.4771676063537598,-2.9169251918792725,-2.835440158843994,-2.1727094650268555,-2.3911311626434326,-3.4893054962158203,-3.874770164489746,-3.9307992458343506,-4.89918327331543,-5.708194732666016,-4.659392356872559,-2.944796323776245,-0.7296655178070068,-0.028016207739710808,0.34092286229133606,0.16432814300060272,-1.8632850646972656,-3.3897080421447754,-4.052212238311768,-3.6597328186035156,-4.768947124481201,-6.20164155960083,-6.56697416305542,-6.327683925628662,-6.797171115875244,-6.734147071838379,-6.565567493438721,-6.794785499572754,-6.832617282867432,-6.567718029022217,-6.040943145751953,-5.53307580947876,-5.6180925369262695,-5.6520233154296875,-4.725314617156982,-3.754567861557007,-3.4673891067504883
-2.799287796020508,-2.5562078952789307,-3.0650272369384766,-2.659597635269165,-2.650010585784912,-2.5921108722686768,-2.6952803134918213,-3.4009060859680176,-3.59867000579834,-2.4375364780426025,-1.4610042572021484,-0.3279445469379425,-1.987990379333496,-2.7411460876464844,-3.0133752822875977,-4.49564266204834,-5.251802444458008,-5.548319339752197,-5.167891502380371,-2.673945665359497,-0.5205916166305542,0.9189937114715576,1.619965672492981,-0.4419410526752472,-3.077706813812256,-2.6930899620056152,-2.3922066688537598,-4.759562015533447,-4.096058368682861,-4.950786113739014,-4.92425537109375,-5.350552082061768,-5.668598651885986,-6.0985541343688965,-6.911505222320557,-7.212012767791748,-6.586915016174316,-5.380528450012207,-4.693068981170654,-5.0724639892578125,-5.26495885848999,-4.583188533782959,-3.7965691089630127,-3.5130014419555664
-1.8855060338974,-2.2923288345336914,-3.069377899169922,-2.146265745162964,-2.8082077503204346,-3.095508337020874,-3.1867876052856445,-3.7171876430511475,-3.1772706508636475,-1.929661512374878,-1.4020915031433105,-0.07143948972225189,-0.5312535762786865,-0.9844843149185181,-2.1029412746429443,-3.212780714035034,-3.91723370552063,-5.207073211669922,-6.391825199127197,-4.491331577301025,-1.673751950263977,-0.87180495262146,-0.6946474313735962,-0.49508899450302124,-2.750253915786743,-1.6252044439315796,-1.1431076526641846,-3.817091941833496,-4.540317535400391,-3.04252290725708,-3.2860450744628906,-4.159292697906494,-4.643153667449951,-5.448853015899658,-6.570333957672119,-6.909299850463867,-6.320017337799072,-5.022386074066162,-4.156039237976074,-4.252270221710205,-4.257779121398926,-3.9878149032592773,-3.779334545135498,-3.205111265182495
-1.1969729661941528,-1.783542513847351,-2.7156453132629395,-3.112802505493164,-2.9549946784973145,-3.3678135871887207,-3.819178342819214,-3.879693031311035,-2.8074445724487305,-1.5623605251312256,-0.21193525195121765,-0.36849236488342285,-0.39452633261680603,-0.018783561885356903,-0.7621230483055115,-2.1312990188598633,-3.1163744926452637,-5.920289993286133,-7.026420593261719,-4.9322590827941895,-3.444537878036499,-2.3813934326171875,-1.737795114517212,-2.1715080738067627,-3.497347831726074,-3.303234338760376,-1.5853670835494995,-3.85827898979187,-3.527789354324341,-2.3557376861572266,-2.831509590148926,-3.3703649044036865,-3.5626938343048096,-3.947591781616211,-5.232250213623047,-6.038456439971924,-5.698841571807861,-4.412694931030273,-3.601292371749878,-3.776324987411499,-3.8246734142303467,-3.358408212661743,-3.2195370197296143,-2.5134551525115967
-0.27108147740364075,-1.436116099357605,-2.7720868587493896,-2.849917411804199,-3.424344301223755,-3.329270124435425,-3.4676105976104736,-4.021796226501465,-2.64766788482666,-0.8747071623802185,-1.3857709169387817,-0.9927964806556702,-0.6657657027244568,-0.6802067160606384,-0.8137246370315552,-1.500304937362671,-2.6593756675720215,-5.231389999389648,-5.898043155670166,-4.667043209075928,-5.285667419433594,-3.1855156421661377,-2.614783525466919,-3.555321216583252,-3.626317024230957,-3.6463265419006348,-3.0608110427856445,-3.030524253845215,-3.0875213146209717,-2.645745038986206,-3.4168541431427,-2.6349430084228516,-2.5673344135284424,-3.129631996154785,-4.162531852722168,-5.0849409103393555,-4.9568681716918945,-3.418475866317749,-2.4326155185699463,-3.2705202102661133,-3.825676679611206,-2.945310592651367,-2.3285043239593506,-1.623455286026001
-0.6950818300247192,-1.2793774604797363,-2.365743637084961,-2.760218858718872,-2.751919984817505,-2.6711206436157227,-3.0696587562561035,-3.836900234222412,-3.6476588249206543,-1.8398371934890747,-2.1577117443084717,-1.3105665445327759,-0.7109272480010986,-0.6159048080444336,-0.8096939325332642,-1.5226584672927856,-2.209648370742798,-2.828338861465454,-3.6885085105895996,-4.664209365844727,-6.059847354888916,-4.1214599609375,-3.923231601715088,-4.508371829986572,-3.9668610095977783,-3.3319034576416016,-3.437251091003418,-2.742483615875244,-2.6371371746063232,-2.768369197845459,-3.071026086807251,-2.6537680625915527,-3.0312626361846924,-3.129399061203003,-3.223806381225586,-3.922200918197632,-4.258030891418457,-2.9290754795074463,-1.473502516746521,-2.0633065700531006,-3.1659889221191406,-2.8968186378479004,-1.9695026874542236,-0.9790619611740112
-1.2677713632583618,-1.1974906921386719,-1.7088303565979004,-2.464311122894287,-2.6941676139831543,-2.6587491035461426,-2.5090019702911377,-2.9861977100372314,-3.2779836654663086,-2.4429678916931152,-2.576045513153076,-2.0666234493255615,-0.34013333916664124,-0.05127199739217758,-0.6597980260848999,-0.9513830542564392,-1.1928080320358276,-2.0289337635040283,-2.9129981994628906,-4.132903099060059,-5.288777828216553,-3.444920539855957,-4.0805134773254395,-3.965355157852173,-3.3608555793762207,-3.207796335220337,-3.6777520179748535,-2.280565023422241,-2.4588050842285156,-2.2855312824249268,-3.038306951522827,-3.4786226749420166,-3.4086053371429443,-3.189356803894043,-2.6704866886138916,-2.8850884437561035,-3.505962610244751,-2.7033863067626953,-1.2707927227020264,-0.8535180687904358,-1.8420112133026123,-2.7299835681915283,-2.524160623550415,-1.3115308284759521
-1.3012416362762451,-1.339154601097107,-1.7702312469482422,-2.3932695388793945,-2.772085666656494,-2.804269790649414,-2.5661497116088867,-2.2777318954467773,-2.486504077911377,-2.5225203037261963,-2.9052271842956543,-2.0562238693237305,0.33168938755989075,0.9502477049827576,0.356629341840744,-0.7532475590705872,-1.231622576713562,-1.4809588193893433,-2.1299917697906494,-3.0382142066955566,-3.2279529571533203,-2.9814441204071045,-3.3898327350616455,-3.3506057262420654,-2.8628859519958496,-2.857172966003418,-2.8746635913848877,-2.1355233192443848,-2.04248309135437,-2.122211217880249,-2.872359037399292,-3.317429542541504,-3.2198755741119385,-3.1643881797790527,-2.239750862121582,-2.2047524452209473,-2.8350539207458496,-2.3071272373199463,-1.4779714345932007,-0.430448442697525,-0.674070417881012,-2.0731072425842285,-2.5868308544158936,-1.3763495683670044
-1.795363426208496,-1.8759756088256836,-2.080139398574829,-2.4579520225524902,-2.7930188179016113,-3.243553400039673,-2.8324830532073975,-2.4036543369293213,-3.0032382011413574,-2.828218460083008,-1.637024164199829,-0.8234224915504456,0.6555182933807373,1.3078199625015259,0.6471770405769348,-0.4123782217502594,-0.6791511178016663,-1.532180666923523,-1.6622331142425537,-2.0428550243377686,-1.6718275547027588,-2.149657726287842,-2.382563352584839,-2.1519505977630615,-1.6729710102081299,-2.924074411392212,-2.803854465484619,-1.9539788961410522,-1.671761155128479,-1.714367151260376,-2.9533519744873047,-2.788527727127075,-2.537471055984497,-2.7512881755828857,-2.127903938293457,-1.8173983097076416,-2.1893723011016846,-1.6088066101074219,-1.1033587455749512,-0.469660222530365,-0.508902907371521,-1.1038014888763428,-1.600353717803955,-0.9172183871269226
-2.7840347290039062,-2.5704874992370605,-2.693767547607422,-3.3668301105499268,-4.1335954666137695,-4.3896164894104,-3.2308402061462402,-2.3546507358551025,-3.356976270675659,-3.2943615913391113,-1.0784245729446411,-0.19543659687042236,0.28849053382873535,0.27740445733070374,0.9621507525444031,0.6228481531143188,0.11372692883014679,-1.565420150756836,-2.089862585067749,-1.248023509979248,0.21321305632591248,-0.24568815529346466,-0.31087401509284973,-1.0930179357528687,-2.0102598667144775,-3.268339157104492,-1.953336477279663,-1.3190734386444092,-1.329542636871338,-1.8019813299179077,-3.3899950981140137,-2.3375306129455566,-1.9203439950942993,-2.4267852306365967,-2.4055371284484863,-1.3473471403121948,-0.8521490097045898,-0.25211167335510254,-0.20560531318187714,-0.2820175886154175,-0.9872840046882629,-0.6414424180984497,-0.7330010533332825,-0.6384550929069519
-3.620180130004883,-3.074357748031616,-3.303178071975708,-4.147530555725098,-4.859606742858887,-4.843903064727783,-3.826413154602051,-3.3445465564727783,-3.2827861309051514,-2.631391763687134,-1.2371379137039185,-0.5187410116195679,-0.17412345111370087,-0.2859155237674713,0.500023365020752,0.866553008556366,0.9010691046714783,-0.9131412506103516,-2.2888717651367188,-1.235032081604004,1.1118898391723633,1.479767084121704,1.325505018234253,-0.6837556958198547,-2.785449504852295,-2.3174753189086914,-0.4420352876186371,-0.8355337381362915,-1.5045644044876099,-2.270719289779663,-3.1989965438842773,-2.3866584300994873,-2.0143556594848633,-2.2338757514953613,-1.8755881786346436,-0.3899746239185333,0.5005807876586914,0.47024548053741455,0.17426569759845734,0.43852463364601135,-1.0895459651947021,-0.7006577849388123,-0.5860723853111267,-0.694609522819519
