data/wind_data/wind_35_7.json
{"header": {"parameterUnit": "KT", "parameterCategory": 2, "nx": 256, "ny": 198, "lo1": 44.73521041870117, "la1": -3.236724853515625, "lo2": 111.26478576660156, "la2": 43.468475341796875, "dx": 0.2609002888202667, "dy": -0.23708222806453705, "refTime": "2025-02-20 11:00:00", "forecastTime": 0, "parameterNumber": 2, "parameterNumberName": "eastward_wind"}, "data":
[rows 80 to 99 of 198, columns 44 to 87 of 256]
61.844486236572266,61.70787811279297,61.550018310546875,61.45870590209961,61.49388122558594,61.67524719238281,62.022396087646484,62.48889923095703,62.89177322387695,63.01856231689453,62.7899169921875,62.309749603271484,61.85192108154297,61.630455017089844,61.64183807373047,61.71152114868164,61.68007278442383,61.48172378540039,61.09769821166992,60.593292236328125,60.052406311035156,59.53464889526367,59.07476043701172,58.677330017089844,58.33810043334961,58.07865905761719,57.940582275390625,57.947818756103516,58.095619201660156,58.334373474121094,58.55326843261719,58.64397430419922,58.55987548828125,58.32744598388672,57.99705123901367,57.605228424072266,57.15241241455078,56.613529205322266,55.94280242919922,55.10000228881836,54.048126220703125,52.84432601928711,51.634334564208984,50.48823928833008
63.78932571411133,63.66632080078125,63.68576431274414,63.87009048461914,64.22132873535156,64.73941802978516,65.3834457397461,66.0143051147461,66.41271209716797,66.4155044555664,66.03915405273438,65.48690795898438,64.98384094238281,64.61490631103516,64.32987976074219,64.0647964477539,63.786781311035156,63.45766830444336,63.05950164794922,62.60771942138672,62.16460418701172,61.79338455200195,61.482845306396484,61.17744827270508,60.87338638305664,60.64213943481445,60.555259704589844,60.614540100097656,60.75973892211914,60.871681213378906,60.8241081237793,60.576412200927734,60.211708068847656,59.849605560302734,59.53943634033203,59.23983383178711,58.899803161621094,58.49440383911133,58.002342224121094,57.37724304199219,56.546844482421875,55.481971740722656,54.30434799194336,53.21632766723633
65.24785614013672,65.0101089477539,65.04096984863281,65.37010192871094,65.99430847167969,66.86720275878906,67.80371856689453,68.54206085205078,68.86219024658203,68.71453857421875,68.3034439086914,67.89208221435547,67.57676696777344,67.29741668701172,66.93769073486328,66.48198699951172,65.98428344726562,65.49650573730469,65.02562713623047,64.6128158569336,64.32378387451172,64.16287231445312,64.04737091064453,63.878353118896484,63.64558029174805,63.42563247680664,63.28379821777344,63.1917610168457,63.101722717285156,62.944923400878906,62.67976379394531,62.345458984375,62.047271728515625,61.844635009765625,61.68352127075195,61.44578552246094,61.066524505615234,60.569149017333984,60.00247573852539,59.37763595581055,58.653114318847656,57.761756896972656,56.69073486328125,55.58561325073242
66.89517974853516,66.64234161376953,66.69293212890625,67.13521575927734,67.96928405761719,69.09176635742188,70.1700668334961,70.83021545410156,70.89208221435547,70.53926086425781,70.12020111083984,69.83720397949219,69.64290618896484,69.43877410888672,69.14073944091797,68.74117279052734,68.26168823242188,67.74458312988281,67.26227569580078,66.90735626220703,66.72666931152344,66.68251037597656,66.670654296875,66.59416198730469,66.4301986694336,66.2260971069336,66.03093719482422,65.82679748535156,65.54695129394531,65.11626434326172,64.55347442626953,64.01065063476562,63.666011810302734,63.5531005859375,63.51422119140625,63.36644744873047,63.02748489379883,62.53986358642578,61.97710037231445,61.37765884399414,60.739933013916016,60.0355110168457,59.23051071166992,58.32188034057617
68.60444641113281,68.44487762451172,68.56204986572266,69.05960845947266,69.98536682128906,71.1939468383789,72.23216247558594,72.68574523925781,72.52461242675781,72.0881118774414,71.713623046875,71.46964263916016,71.27335357666016,71.04491424560547,70.77259826660156,70.43461608886719,70.03050231933594,69.63552856445312,69.3514404296875,69.2345962524414,69.2604751586914,69.36913299560547,69.47908020019531,69.50798034667969,69.41051483154297,69.1788558959961,68.85549926757812,68.48097229003906,68.04934692382812,67.52461242675781,66.92713165283203,66.36688995361328,65.9606704711914,65.70574188232422,65.48674011230469,65.21134185791016,64.85466766357422,64.44471740722656,63.98613739013672,63.47822189331055,62.93159866333008,62.349639892578125,61.74555206298828,61.13433074951172
70.37434387207031,70.30950164794922,70.51331329345703,71.09423828125,72.06171417236328,73.14212036132812,73.85458374023438,73.96513366699219,73.6722640991211,73.32618713378906,73.06883239746094,72.81941223144531,72.4882583618164,72.13264465332031,71.77468872070312,71.3670883178711,70.93268585205078,70.61988830566406,70.57499694824219,70.82090759277344,71.2528076171875,71.74615478515625,72.1910629272461,72.48766326904297,72.55934143066406,72.38300323486328,71.99358367919922,71.47660827636719,70.90010070800781,70.31371307373047,69.76547241210938,69.29119110107422,68.88220977783203,68.48189544677734,68.04483795166016,67.58558654785156,67.13632202148438,66.69175720214844,66.22384643554688,65.7278060913086,65.2131118774414,64.67842864990234,64.14034271240234,63.65637969970703
71.96420288085938,71.91671752929688,72.20079803466797,72.9186019897461,73.96886444091797,74.89269256591797,75.23126220703125,75.03565216064453,74.69977569580078,74.51654815673828,74.41556549072266,74.1659927368164,73.75508117675781,73.28936767578125,72.81269073486328,72.33031463623047,71.91234588623047,71.70465087890625,71.8155746459961,72.21678161621094,72.7997817993164,73.46363830566406,74.1240234375,74.68666076660156,75.04682159423828,75.13801574707031,74.95442199707031,74.54500579833984,74.00386810302734,73.44593811035156,72.96107482910156,72.54364013671875,72.10884094238281,71.60066223144531,71.04145812988281,70.49679565429688,69.980712890625,69.45857238769531,68.89925384521484,68.31359100341797,67.73860931396484,67.1877212524414,66.66385650634766,66.20133972167969
73.29084014892578,73.17855072021484,73.54920196533203,74.47393035888672,75.59619140625,76.30677795410156,76.373779296875,76.08937072753906,75.8714370727539,75.85997009277344,75.8703384399414,75.69154357910156,75.30302429199219,74.78779602050781,74.2527847290039,73.81450653076172,73.58145141601562,73.61015319824219,73.87507629394531,74.28347778320312,74.76428985595703,75.2796401977539,75.80218505859375,76.29088592529297,76.70649719238281,76.98074340820312,77.05908966064453,76.92306518554688,76.62984466552734,76.28755187988281,75.9568099975586,75.61254119873047,75.1973876953125,74.7376480102539,74.25898742675781,73.75701904296875,73.22452545166016,72.65316772460938,72.04326629638672,71.4180679321289,70.80677032470703,70.21759796142578,69.65904235839844,69.17302703857422
74.64737701416016,74.4807357788086,74.87548065185547,75.8969955444336,76.95333862304688,77.40828704833984,77.33877563476562,77.17314147949219,77.1730728149414,77.32093811035156,77.40267181396484,77.27201843261719,76.90642547607422,76.37748718261719,75.84615325927734,75.50288391113281,75.4369125366211,75.63182067871094,75.99198913574219,76.42520141601562,76.88909912109375,77.34693145751953,77.7345199584961,78.04219818115234,78.2978744506836,78.51588439941406,78.64306640625,78.62510681152344,78.48201751708984,78.28567504882812,78.07232666015625,77.84510040283203,77.61455535888672,77.41709899902344,77.19805908203125,76.89157104492188,76.48463439941406,75.9865493774414,75.42169952392578,74.83182525634766,74.25404357910156,73.69457244873047,73.15736389160156,72.67743682861328
75.90546417236328,75.68675994873047,76.06600189208984,77.0273208618164,77.84864807128906,78.03289794921875,77.94483184814453,77.97947692871094,78.17731475830078,78.41349029541016,78.53021240234375,78.44891357421875,78.13011169433594,77.64055633544922,77.18423461914062,76.94445037841797,76.96862030029297,77.18416595458984,77.49687194824219,77.90179443359375,78.42255401611328,78.97425842285156,79.41374206542969,79.70082092285156,79.90628051757812,80.09468078613281,80.23529815673828,80.26119232177734,80.16197204589844,79.97869110107422,79.77015686035156,79.61151885986328,79.57186889648438,79.61923217773438,79.65586853027344,79.58458709716797,79.36900329589844,79.01890563964844,78.5723876953125,78.08087158203125,77.57505798339844,77.06932830810547,76.57984161376953,76.139892578125
76.73442840576172,76.43412017822266,76.72189331054688,77.48909759521484,78.03340148925781,78.05733489990234,78.00069427490234,78.14835357666016,78.42314147949219,78.70661926269531,78.92005920410156,78.9605712890625,78.72853088378906,78.30694580078125,77.95172882080078,77.83811950683594,77.96296691894531,78.2213363647461,78.54939270019531,78.9899673461914,79.55020141601562,80.12152862548828,80.5818862915039,80.90757751464844,81.18046569824219,81.45047760009766,81.6702651977539,81.7782974243164,81.77952575683594,81.7141342163086,81.63182830810547,81.59123229980469,81.63736724853516,81.75028228759766,81.8410873413086,81.82640838623047,81.6651611328125,81.38192749023438,81.02336883544922,80.63004302978516,80.21823120117188,79.79297637939453,79.3590316772461,78.94398498535156
77.23902893066406,76.87557220458984,77.0362777709961,77.55962371826172,77.84854125976562,77.76296997070312,77.7282943725586,77.95288848876953,78.32757568359375,78.73980712890625,79.08502960205078,79.18965148925781,78.9751205444336,78.59478759765625,78.313232421875,78.28119659423828,78.4754867553711,78.80540466308594,79.26116943359375,79.8730239868164,80.56814575195312,81.19276428222656,81.68498992919922,82.09159088134766,82.47366333007812,82.80168151855469,83.01571655273438,83.1123275756836,83.14131164550781,83.15309143066406,83.18394470214844,83.25755310058594,83.39485931396484,83.58257293701172,83.719970703125,83.70784759521484,83.54351806640625,83.30398559570312,83.03466033935547,82.76477813720703,82.49510192871094,82.21306610107422,81.89629364013672,81.54691314697266
77.9014892578125,77.62081909179688,77.79364013671875,78.12256622314453,78.12256622314453,77.88631439208984,77.86927795410156,78.21524047851562,78.80990600585938,79.43899536132812,79.81932830810547,79.74961853027344,79.28802490234375,78.70565032958984,78.30280303955078,78.21709442138672,78.41089630126953,78.81427764892578,79.45907592773438,80.35558319091797,81.33297729492188,82.1777114868164,82.84378814697266,83.42701721191406,83.97305297851562,84.40486907958984,84.65255737304688,84.7308349609375,84.7045669555664,84.64078521728516,84.59709167480469,84.62809753417969,84.76886749267578,84.97990417480469,85.14462280273438,85.17189025878906,85.0850830078125,84.97845458984375,84.92255401611328,84.91577911376953,84.89432525634766,84.81388854980469,84.63921356201172,84.37162780761719
79.1386489868164,79.1362533569336,79.38294219970703,79.4687271118164,79.17231750488281,78.85833740234375,78.9087142944336,79.32417297363281,79.99027252197266,80.6521987915039,80.93392181396484,80.64410400390625,79.92889404296875,79.12588500976562,78.55017852783203,78.29656982421875,78.3038330078125,78.57067108154297,79.24365997314453,80.3643569946289,81.65470123291016,82.79534149169922,83.72661590576172,84.56143951416016,85.33815002441406,85.9748306274414,86.38383483886719,86.54025268554688,86.4933853149414,86.35142517089844,86.22908020019531,86.19722747802734,86.27361297607422,86.42210388183594,86.57146453857422,86.6623306274414,86.70101928710938,86.75503540039062,86.88755798339844,87.08715057373047,87.26908111572266,87.35580444335938,87.28607177734375,87.08792877197266
80.86370086669922,81.07147979736328,81.1910629272461,80.89679718017578,80.40453338623047,80.19312286376953,80.36143493652344,80.72305297851562,81.2008056640625,81.65159606933594,81.78495788574219,81.43080139160156,80.71749877929688,79.97061920166016,79.4681625366211,79.20482635498047,79.03853607177734,79.05229187011719,79.54084777832031,80.60603332519531,81.94793701171875,83.21338653564453,84.3404312133789,85.41464233398438,86.42759704589844,87.25345611572266,87.77729034423828,87.96817016601562,87.91841125488281,87.78790283203125,87.71038055419922,87.73572540283203,87.848876953125,88.02720642089844,88.24983978271484,88.4847412109375,88.70228576660156,88.91397857666016,89.14784240722656,89.38829803466797,89.5835952758789,89.65623474121094,89.5534896850586,89.34471893310547
82.54302978515625,82.72960662841797,82.55044555664062,82.00154113769531,81.59255981445312,81.59607696533203,81.80018615722656,82.0034408569336,82.24823760986328,82.49163818359375,82.52212524414062,82.24768829345703,81.76829528808594,81.31948852539062,81.04418182373047,80.78520202636719,80.44613647460938,80.28067016601562,80.65857696533203,81.61271667480469,82.81172180175781,83.9599838256836,85.05506896972656,86.19371795654297,87.30949401855469,88.18482971191406,88.68251037597656,88.83563995361328,88.8019790649414,88.75621032714844,88.79606628417969,88.9300308227539,89.13640594482422,89.42167663574219,89.78544616699219,90.1882095336914,90.56709289550781,90.88981628417969,91.16817474365234,91.41951751708984,91.62451171875,91.69525146484375,91.56600189208984,91.37244415283203
84.13079833984375,84.18721771240234,83.7492446899414,83.19017028808594,83.0384750366211,83.210205078125,83.28777313232422,83.23110961914062,83.27531433105469,83.42404174804688,83.45697021484375,83.27749633789062,83.01311492919922,82.81338500976562,82.6509780883789,82.36209106445312,81.95012664794922,81.75624084472656,82.08490753173828,82.88980102539062,83.91954803466797,84.97175598144531,85.99501037597656,86.997802734375,87.91954803466797,88.597412109375,88.9341812133789,89.02761840820312,89.09859466552734,89.28844451904297,89.56857299804688,89.8712387084961,90.18350982666016,90.5335922241211,90.94844818115234,91.3842544555664,91.79297637939453,92.1523666381836,92.46564483642578,92.75474548339844,93.01434326171875,93.1518783569336,93.1123275756836,93.05948638916016
85.78855895996094,85.60140991210938,85.03077697753906,84.62257385253906,84.63300323486328,84.72895050048828,84.55540466308594,84.2813949584961,84.2640609741211,84.42684173583984,84.45052337646484,84.23929595947266,83.96327209472656,83.82599639892578,83.81433868408203,83.70684814453125,83.45967864990234,83.34334564208984,83.60669708251953,84.25503540039062,85.15021514892578,86.11399841308594,87.00373077392578,87.77342224121094,88.3835220336914,88.74867248535156,88.89794921875,89.0208740234375,89.27045440673828,89.63529968261719,90.03115844726562,90.42913818359375,90.84650421142578,91.2912826538086,91.73738098144531,92.1578369140625,92.5374984741211,92.89458465576172,93.23710632324219,93.56665802001953,93.8587646484375,94.03936004638672,94.1137924194336,94.26441192626953
87.04827880859375,86.66251373291016,86.14976501464844,85.94529724121094,85.95663452148438,85.81499481201172,85.44168853759766,85.17996978759766,85.29069519042969,85.51118469238281,85.43050384521484,84.87715911865234,84.25178527832031,84.28839111328125,84.8482666015625,85.13812255859375,85.02864837646484,84.9725570678711,85.25885772705078,85.86631774902344,86.6285629272461,87.35722351074219,87.99269104003906,88.54490661621094,88.91129302978516,89.00960540771484,89.00655364990234,89.1629409790039,89.52664947509766,89.95611572265625,90.35576629638672,90.7587661743164,91.21216583251953,91.69111633300781,92.11759948730469,92.45555877685547,92.76021575927734,93.13401794433594,93.58844757080078,94.06683349609375,94.48779296875,94.7895278930664,95.03295135498047,95.3821029663086
87.48291015625,87.061767578125,86.8721694946289,86.98184967041016,87.0273208618164,86.75016021728516,86.38981628417969,86.28673553466797,86.45459747314453,86.6228256225586,86.28238677978516,85.10934448242188,84.24421691894531,85.0888671875,86.48050689697266,86.78697204589844,86.4945068359375,86.53448486328125,86.992919921875,87.59943389892578,88.11988067626953,88.49838256835938,88.8485336303711,89.2040023803711,89.42938995361328,89.4752426147461,89.51622772216797,89.7269515991211,90.08643341064453,90.46371459960938,90.79437255859375,91.11641693115234,91.47138214111328,91.84446716308594,92.17034149169922,92.42754364013672,92.6734848022461,92.98497009277344,93.41314697265625,93.95382690429688,94.55335235595703,95.15544128417969,95.77422332763672,96.45797729492188
