data/wind_data/wind_14_1.json
{"header": {"parameterUnit": "KT", "parameterCategory": 2, "nx": 256, "ny": 198, "lo1": 44.73521041870117, "la1": -3.236724853515625, "lo2": 111.26478576660156, "la2": 43.468475341796875, "dx": 0.2609002888202667, "dy": -0.23708222806453705, "refTime": "2025-02-19 14:00:00", "forecastTime": 0, "parameterNumber": 2, "parameterNumberName": "eastward_wind"}, "data":
[rows 38 to 56 of 198, columns 172 to 214 of 256]
-9.815235137939453,-9.929265022277832,-10.767049789428711,-11.544398307800293,-10.417901992797852,-9.291899681091309,-8.556386947631836,-9.03506088256836,-9.388282775878906,-8.782525062561035,-8.819743156433105,-9.001055717468262,-8.579400062561035,-8.97562026977539,-9.490049362182617,-7.210057258605957,-8.228509902954102,-9.889747619628906,-8.668716430664062,-8.37106990814209,-6.949432373046875,-8.184898376464844,-8.620460510253906,-8.442404747009277,-6.986200332641602,-5.909005641937256,-4.081509590148926,-2.996176242828369,-0.9918248653411865,0.002479748334735632,-0.292257696390152,-2.2191245555877686,-4.399439334869385,-6.138613224029541,-7.4770917892456055,-9.198501586914062,-13.521084785461426,-16.0153865814209,-14.326427459716797,-10.435199737548828,-9.23776912689209,-8.9304780960083,-8.34618854522705
-10.26372241973877,-10.36524486541748,-10.686076164245605,-11.375243186950684,-9.957783699035645,-9.460790634155273,-9.446680068969727,-8.448099136352539,-8.809840202331543,-9.489566802978516,-9.251049041748047,-8.46339225769043,-7.6826171875,-7.522647380828857,-8.41338062286377,-7.089183330535889,-7.986003398895264,-8.778579711914062,-8.387948036193848,-9.217689514160156,-7.829874515533447,-8.03934383392334,-8.628908157348633,-8.571793556213379,-7.277292728424072,-6.742363452911377,-4.5453200340271,-2.6396095752716064,-1.0476675033569336,-0.364950567483902,-0.7738586068153381,-2.344470977783203,-4.06181526184082,-6.212930202484131,-9.227066993713379,-12.847678184509277,-15.052687644958496,-14.757859230041504,-9.435965538024902,-7.944155216217041,-10.80976676940918,-8.602884292602539,-8.515157699584961
-10.189298629760742,-10.440861701965332,-10.526528358459473,-10.553434371948242,-9.550541877746582,-9.580214500427246,-8.961784362792969,-8.218086242675781,-7.7334418296813965,-9.15103530883789,-10.02596378326416,-8.574747085571289,-7.310270309448242,-7.20496129989624,-8.281672477722168,-8.091483116149902,-6.137706756591797,-5.810304164886475,-9.646154403686523,-11.279688835144043,-8.617867469787598,-7.181875705718994,-8.855724334716797,-8.924592018127441,-7.81503963470459,-7.612431049346924,-5.098923683166504,-3.397939920425415,-1.8315179347991943,-1.2963043451309204,-1.3671075105667114,-1.935878038406372,-3.178718328475952,-4.971058368682861,-8.543580055236816,-13.66664981842041,-15.126241683959961,-13.393108367919922,-10.33712100982666,-7.728518486022949,-9.072848320007324,-14.236821174621582,-16.4003849029541
-9.638893127441406,-9.915824890136719,-10.805951118469238,-10.09969425201416,-9.30062484741211,-9.414206504821777,-8.990646362304688,-8.369180679321289,-8.134420394897461,-9.075607299804688,-10.451872825622559,-9.915788650512695,-8.585796356201172,-8.234293937683105,-8.198260307312012,-6.045896053314209,-3.247558116912842,-7.328164100646973,-13.738685607910156,-12.35509204864502,-8.429011344909668,-6.565882682800293,-7.725508689880371,-8.357400894165039,-8.371018409729004,-7.56980037689209,-6.256985664367676,-4.9030351638793945,-3.5799219608306885,-2.3943920135498047,-1.7614057064056396,-1.9769327640533447,-2.9231371879577637,-3.9768381118774414,-9.129508972167969,-15.525113105773926,-14.162064552307129,-7.658113956451416,-9.00844955444336,-10.754704475402832,-13.478711128234863,-15.7767915725708,-13.862631797790527
-9.53895378112793,-9.634340286254883,-10.865667343139648,-10.212996482849121,-9.534117698669434,-9.132304191589355,-9.0592622756958,-8.447310447692871,-8.438512802124023,-9.449738502502441,-10.13360595703125,-10.284055709838867,-8.862276077270508,-8.38066291809082,-6.967530727386475,-4.263796806335449,-6.404272556304932,-14.276095390319824,-12.510621070861816,-11.835803985595703,-8.033378601074219,-6.854470252990723,-5.721319675445557,-6.573075294494629,-6.687434673309326,-6.439724445343018,-6.152691841125488,-5.5101637840271,-4.34132719039917,-2.740241765975952,-2.180509090423584,-1.1109178066253662,-2.4786105155944824,-0.8075932860374451,-7.161374568939209,-16.52471160888672,-9.672114372253418,-6.330367088317871,-8.139376640319824,-9.35713005065918,-14.607887268066406,-13.52923583984375,-14.005435943603516
-9.320920944213867,-9.715302467346191,-10.913552284240723,-10.180065155029297,-9.963013648986816,-9.721731185913086,-8.898801803588867,-8.545374870300293,-8.336507797241211,-8.959659576416016,-9.01276969909668,-9.440916061401367,-9.033228874206543,-9.111761093139648,-7.943004131317139,-7.100430965423584,-9.559379577636719,-12.139583587646484,-12.846576690673828,-10.893796920776367,-8.297233581542969,-7.516164779663086,-4.772943019866943,-4.16325044631958,-3.1951096057891846,-3.1998186111450195,-3.3271193504333496,-2.6477344036102295,-2.153994560241699,-0.243127703666687,-1.1262879371643066,1.137237310409546,-2.178915500640869,0.992870032787323,-3.4909398555755615,-8.493260383605957,-7.09172248840332,-8.887933731079102,-6.571338176727295,-8.373595237731934,-10.156620025634766,-12.24577808380127,-13.736100196838379
-9.54004192352295,-9.857321739196777,-10.201736450195312,-10.166081428527832,-9.86890983581543,-9.94561767578125,-9.161109924316406,-8.783699035644531,-8.26811695098877,-8.785937309265137,-8.953201293945312,-9.078763008117676,-9.325760841369629,-9.322578430175781,-9.84349250793457,-10.636609077453613,-9.470817565917969,-9.279632568359375,-12.573687553405762,-11.963054656982422,-9.977112770080566,-7.403392791748047,-5.894742012023926,-4.0618815422058105,-3.032582998275757,-2.046910047531128,-1.8327833414077759,-0.7810928225517273,-0.5276158452033997,1.7858185768127441,0.25928235054016113,1.027199625968933,-0.9407506585121155,1.4718633890151978,-6.709407329559326,-10.785701751708984,-5.97437047958374,-7.3166632652282715,-7.705554485321045,-4.773435115814209,-5.967565059661865,-12.518733024597168,-13.794548034667969
-9.422221183776855,-9.416239738464355,-9.335525512695312,-9.513398170471191,-10.081990242004395,-9.957560539245605,-9.585882186889648,-9.011783599853516,-8.822749137878418,-8.860246658325195,-9.488580703735352,-9.60828685760498,-9.268571853637695,-10.086787223815918,-11.215301513671875,-10.699249267578125,-8.596875190734863,-8.129398345947266,-12.142786026000977,-12.259506225585938,-11.3770751953125,-8.813178062438965,-7.03744649887085,-4.9192118644714355,-4.126691818237305,-3.417339324951172,-2.729959011077881,-1.6720523834228516,-1.2342666387557983,0.16499313712120056,-1.3299174308776855,-2.5139682292938232,1.4710779190063477,2.9545300006866455,-5.66351318359375,-8.78134536743164,-7.4985575675964355,-8.512062072753906,-9.206149101257324,-8.121328353881836,-10.488147735595703,-12.355865478515625,-12.270346641540527
-8.741545677185059,-8.882359504699707,-8.965036392211914,-9.33486270904541,-10.03715991973877,-9.840377807617188,-9.68549633026123,-9.63234806060791,-9.441521644592285,-9.39690113067627,-9.418899536132812,-9.537134170532227,-9.875372886657715,-10.301390647888184,-10.83836841583252,-10.7957763671875,-10.510282516479492,-10.197813034057617,-10.185979843139648,-11.154897689819336,-12.314061164855957,-10.730823516845703,-8.133487701416016,-6.274905681610107,-5.362254619598389,-4.549927711486816,-4.084392547607422,-3.283947229385376,-3.171476125717163,-2.7236135005950928,-2.535222053527832,-3.9320120811462402,2.0073630809783936,0.2685229778289795,-9.582773208618164,-6.663320541381836,-6.2030110359191895,-6.578315258026123,-9.529719352722168,-10.039779663085938,-10.75692081451416,-11.975400924682617,-10.921113014221191
-7.871605396270752,-8.17387866973877,-8.379129409790039,-8.951703071594238,-9.565435409545898,-9.397027969360352,-9.818944931030273,-9.853379249572754,-10.076109886169434,-9.944537162780762,-9.786460876464844,-9.764927864074707,-9.986679077148438,-10.487093925476074,-10.53530216217041,-10.5808744430542,-10.563577651977539,-10.178976058959961,-9.829862594604492,-10.161067962646484,-11.189352035522461,-11.286508560180664,-9.657947540283203,-7.950347900390625,-7.003785610198975,-5.773787021636963,-5.8775200843811035,-5.575403690338135,-5.21464729309082,-3.777728796005249,-2.3651249408721924,-1.0376230478286743,-4.880367755889893,-4.40912389755249,-9.97622013092041,-5.829923152923584,-5.395148277282715,-5.975817680358887,-9.84343147277832,-11.38980770111084,-10.211038589477539,-11.17701244354248,-9.69217586517334
-7.567960262298584,-7.639438629150391,-8.087414741516113,-8.667989730834961,-8.817028999328613,-9.115376472473145,-9.314894676208496,-9.753167152404785,-10.074764251708984,-10.293293952941895,-10.229180335998535,-10.052449226379395,-10.039917945861816,-10.182096481323242,-10.419731140136719,-10.234460830688477,-9.616640090942383,-9.032642364501953,-9.938103675842285,-10.401415824890137,-10.217642784118652,-10.074970245361328,-9.859160423278809,-9.34643268585205,-8.124796867370605,-7.406226634979248,-8.411720275878906,-8.302098274230957,-6.908998012542725,-3.6927096843719482,-2.615565299987793,-5.591677188873291,-10.80579662322998,-8.868417739868164,-9.31421947479248,-7.937241554260254,-3.63211727142334,-11.365586280822754,-15.183931350708008,-11.971868515014648,-11.200311660766602,-9.20059871673584,-8.47529125213623
-8.059574127197266,-8.041436195373535,-8.196126937866211,-8.374167442321777,-8.595309257507324,-8.741585731506348,-8.860084533691406,-9.189839363098145,-9.470020294189453,-9.992362022399902,-10.389720916748047,-10.524965286254883,-10.486992835998535,-10.376256942749023,-10.338025093078613,-10.307290077209473,-10.027955055236816,-9.785868644714355,-8.514426231384277,-8.782291412353516,-9.539645195007324,-10.135869979858398,-8.739474296569824,-9.049147605895996,-8.713650703430176,-8.385185241699219,-9.130624771118164,-8.764318466186523,-7.247244358062744,-5.311502933502197,-6.3386149406433105,-11.909228324890137,-16.944021224975586,-16.38131332397461,-10.370152473449707,-5.962325572967529,-11.53806209564209,-13.138147354125977,-13.269041061401367,-11.872004508972168,-10.459961891174316,-8.4668607711792,-7.4765448570251465
-8.455821990966797,-8.708388328552246,-8.872164726257324,-8.636876106262207,-8.382787704467773,-8.529975891113281,-8.714454650878906,-8.967119216918945,-8.943503379821777,-9.29857349395752,-9.9396390914917,-10.502159118652344,-10.749849319458008,-10.691972732543945,-10.37117862701416,-9.860369682312012,-9.81466007232666,-9.578011512756348,-7.7220306396484375,-6.934007167816162,-8.138856887817383,-10.056872367858887,-8.811073303222656,-8.135961532592773,-8.737261772155762,-8.306900978088379,-8.955778121948242,-8.034595489501953,-7.693000793457031,-8.059563636779785,-10.926542282104492,-14.447863578796387,-16.443119049072266,-14.470142364501953,-8.57376480102539,-5.260298728942871,-12.201733589172363,-11.254166603088379,-11.76973819732666,-10.950977325439453,-9.732721328735352,-7.6556010246276855,-6.806301593780518
-8.73902416229248,-8.905302047729492,-9.13926887512207,-9.060074806213379,-8.355372428894043,-8.32668685913086,-8.643861770629883,-9.060738563537598,-9.056915283203125,-9.130826950073242,-9.361949920654297,-9.8911714553833,-10.431612968444824,-10.75484848022461,-10.615989685058594,-9.966923713684082,-9.30743408203125,-8.866045951843262,-8.819226264953613,-8.66930103302002,-8.77646255493164,-9.415975570678711,-8.570236206054688,-8.94534683227539,-7.981883525848389,-8.423846244812012,-8.93468952178955,-8.979074478149414,-8.599318504333496,-9.147100448608398,-11.347715377807617,-13.754964828491211,-15.310425758361816,-14.605855941772461,-8.508631706237793,-4.168196678161621,-11.06833553314209,-9.350244522094727,-9.105875968933105,-8.368937492370605,-7.878579139709473,-6.800972938537598,-6.151922702789307
-9.020609855651855,-8.814081192016602,-8.929068565368652,-8.952235221862793,-8.499293327331543,-8.103304862976074,-8.381280899047852,-9.079626083374023,-9.297626495361328,-9.56344985961914,-9.513372421264648,-9.554566383361816,-9.91744613647461,-10.243805885314941,-10.316587448120117,-9.942706108093262,-9.387194633483887,-8.918850898742676,-8.7112455368042,-8.603407859802246,-8.454346656799316,-8.512358665466309,-8.32105827331543,-8.453780174255371,-7.787335395812988,-8.130474090576172,-8.969176292419434,-9.5467529296875,-9.033666610717773,-9.23478889465332,-10.530867576599121,-12.546929359436035,-14.339452743530273,-14.204030990600586,-8.406444549560547,-4.294608116149902,-10.34020709991455,-7.327317714691162,-6.725414752960205,-6.051583290100098,-6.018788814544678,-5.494818210601807,-5.165694713592529
-9.36030101776123,-8.891084671020508,-8.557425498962402,-8.581268310546875,-8.599967002868652,-7.960687160491943,-7.9020843505859375,-8.753514289855957,-9.02623176574707,-9.677022933959961,-9.907181739807129,-9.826639175415039,-9.895125389099121,-9.845553398132324,-9.641284942626953,-9.353739738464355,-9.073485374450684,-8.84463882446289,-8.740983009338379,-8.319307327270508,-8.19162654876709,-7.844913482666016,-7.9948859214782715,-7.792699337005615,-7.2753825187683105,-7.874561786651611,-8.643596649169922,-9.027862548828125,-8.550128936767578,-8.639556884765625,-9.841143608093262,-11.255871772766113,-12.624188423156738,-10.926450729370117,-6.289442539215088,-5.361424446105957,-7.669009208679199,-6.028318405151367,-5.102260589599609,-4.620837688446045,-4.215224742889404,-3.7151477336883545,-3.519221544265747
-9.486207962036133,-9.151243209838867,-8.581257820129395,-8.36672592163086,-8.443753242492676,-8.16476058959961,-7.602670192718506,-7.987624645233154,-8.100812911987305,-8.900399208068848,-9.75990104675293,-10.210470199584961,-10.132551193237305,-9.693260192871094,-9.409016609191895,-8.72431755065918,-8.514933586120605,-8.439125061035156,-8.543448448181152,-8.25362777709961,-8.330255508422852,-8.080631256103516,-7.968067169189453,-7.492401123046875,-7.243047714233398,-7.479718208312988,-7.830896854400635,-8.16147232055664,-7.808488368988037,-7.536940574645996,-8.049995422363281,-8.96832275390625,-9.90146541595459,-9.210259437561035,-5.959792137145996,-4.681551456451416,-4.603973865509033,-4.491684913635254,-4.095727920532227,-3.175997495651245,-2.055670976638794,-1.9775551557540894,-1.1528345346450806
-9.420792579650879,-9.255446434020996,-8.767820358276367,-8.287077903747559,-8.09559154510498,-7.850076198577881,-7.603564262390137,-7.268856525421143,-7.384270191192627,-7.718763828277588,-9.006817817687988,-10.129756927490234,-10.143775939941406,-9.303237915039062,-9.331872940063477,-8.565653800964355,-8.19311237335205,-7.832986831665039,-8.0306978225708,-7.812821388244629,-7.842829704284668,-7.6075544357299805,-7.408504962921143,-7.277157783508301,-7.039820194244385,-6.843074321746826,-6.93204927444458,-7.156374454498291,-7.350764274597168,-7.246232986450195,-6.838921546936035,-6.814218044281006,-6.413416385650635,-7.286520481109619,-9.156554222106934,-6.643880844116211,-3.1212852001190186,-1.124889612197876,-0.7836036086082458,-2.055055856704712,0.21027880907058716,-0.6212096214294434,1.0386255979537964
-9.555253028869629,-9.319709777832031,-8.911493301391602,-8.316837310791016,-7.764014720916748,-7.289565563201904,-7.1016764640808105,-7.307182788848877,-7.359339714050293,-7.176543235778809,-8.198297500610352,-9.591965675354004,-9.604150772094727,-9.115249633789062,-8.663403511047363,-8.509428977966309,-8.088845252990723,-7.526553630828857,-7.482247829437256,-7.342796802520752,-7.311005115509033,-7.343395709991455,-7.088813781738281,-7.116653919219971,-6.5800933837890625,-6.344743728637695,-6.155068397521973,-6.34501838684082,-6.781866073608398,-6.920058727264404,-6.203178882598877,-5.331002235412598,-4.397856712341309,-3.9740495681762695,-4.798312664031982,-3.85227370262146,-2.885488748550415,-0.215066596865654,0.9491658210754395,-0.1558062881231308,1.6906849145889282,0.8600121140480042,2.6609597206115723
