data/wind_data/wind_28_2.json
{"header": {"parameterUnit": "KT", "parameterCategory": 2, "nx": 256, "ny": 198, "lo1": 44.73521041870117, "la1": -3.236724853515625, "lo2": 111.26478576660156, "la2": 43.468475341796875, "dx": 0.2609002888202667, "dy": -0.23708222806453705, "refTime": "2025-02-20 04:00:00", "forecastTime": 0, "parameterNumber": 2, "parameterNumberName": "eastward_wind"}, "data":
[rows 152 to 170 of 198, columns 86 to 128 of 256]
2.1399283409118652,2.274637460708618,1.8529434204101562,2.7221617698669434,0.9285765886306763,-2.9384496212005615,-7.457207202911377,-2.863492488861084,0.22436770796775818,1.2237939834594727,7.13700532913208,9.688474655151367,8.771177291870117,2.905287265777588,0.77460116147995,-0.8524277210235596,-0.6574434638023376,-0.7099660634994507,-9.411935806274414,-8.394224166870117,-1.3675544261932373,0.8944834470748901,-1.3571559190750122,-8.6530179977417,-8.34078311920166,3.426309108734131,-10.099885940551758,-20.030498504638672,-15.820653915405273,-11.371299743652344,-3.914926052093506,3.406486749649048,11.418147087097168,17.578994750976562,18.57283592224121,17.39644432067871,14.394869804382324,15.422767639160156,18.13694953918457,20.801177978515625,19.833267211914062,19.937129974365234,23.82059669494629
1.3574399948120117,3.900918483734131,3.3476343154907227,2.5268871784210205,1.6209579706192017,0.16597913205623627,0.640850841999054,1.3026357889175415,2.3971877098083496,1.1804381608963013,-1.192907691001892,2.0680367946624756,0.07731220871210098,-4.471391201019287,-5.589317321777344,-3.7026779651641846,1.3531640768051147,-1.7283477783203125,-7.752047061920166,-8.063179016113281,-1.6380115747451782,-0.5029129385948181,0.49654683470726013,3.6230335235595703,4.019352436065674,14.12110710144043,14.877406120300293,-15.241228103637695,-8.005563735961914,-0.37259337306022644,2.7650063037872314,6.432628154754639,10.5847806930542,15.698090553283691,18.838354110717773,18.585979461669922,17.964662551879883,19.33418846130371,23.064180374145508,22.766042709350586,17.06302833557129,21.688596725463867,23.617332458496094
-2.737015962600708,-0.44587627053260803,1.6426502466201782,1.8497045040130615,3.7405245304107666,4.9718217849731445,5.541168689727783,1.1275793313980103,2.5472757816314697,-6.964593410491943,-11.61209774017334,-3.8227903842926025,-1.8833260536193848,-7.019535541534424,-7.742415904998779,-5.376337051391602,-3.88041615486145,-3.4045634269714355,-7.651346206665039,-9.745301246643066,-6.255851745605469,-4.752275466918945,-2.077817678451538,5.597255706787109,6.817530155181885,11.982544898986816,17.6944637298584,3.7213518619537354,-0.19918638467788696,8.961350440979004,7.477487564086914,7.93228816986084,10.867969512939453,15.91343879699707,19.68456268310547,18.803424835205078,19.3243408203125,22.495849609375,24.56776237487793,16.921125411987305,16.990707397460938,24.90085792541504,20.920507431030273
-2.344175338745117,-4.400336265563965,-2.375000238418579,0.7666369080543518,4.029798984527588,6.600222110748291,4.322312355041504,-0.6037894487380981,-0.33023789525032043,-10.12936019897461,-9.345572471618652,-12.901888847351074,-10.556100845336914,-11.580592155456543,-17.904081344604492,-12.955241203308105,-8.875624656677246,-6.675732135772705,-8.581735610961914,-12.174856185913086,-10.387779235839844,-9.094368934631348,-3.4185643196105957,4.929152488708496,5.592770099639893,8.952409744262695,12.42735767364502,8.451055526733398,4.665029525756836,14.493123054504395,9.988637924194336,9.278404235839844,12.445476531982422,17.63551139831543,21.689586639404297,20.72988510131836,20.223535537719727,21.823148727416992,21.94654655456543,18.17992401123047,20.70119285583496,24.724977493286133,18.838241577148438
1.0086919069290161,-2.7096662521362305,-3.3997902870178223,0.02656644955277443,1.688038945198059,2.8588576316833496,2.9354934692382812,1.746895432472229,-1.4533112049102783,-7.454391002655029,-13.779942512512207,-14.135704040527344,-10.875900268554688,-9.043286323547363,-13.865654945373535,-12.071990966796875,-9.212881088256836,-5.719371795654297,-11.080973625183105,-9.41868782043457,-9.567505836486816,-8.844778060913086,-0.778185248374939,7.151031494140625,8.419654846191406,12.700164794921875,11.029166221618652,8.842364311218262,2.131908655166626,10.173033714294434,10.073511123657227,12.029458999633789,19.867237091064453,17.77374267578125,11.83161449432373,12.70031452178955,14.076210021972656,18.796648025512695,24.197887420654297,24.48712158203125,24.14186668395996,24.014816284179688,18.797224044799805
4.160266399383545,2.7653205394744873,0.2536337077617645,-0.2722785472869873,1.6491221189498901,2.0555837154388428,3.189500570297241,3.9816040992736816,0.4292409121990204,-4.687015056610107,-9.221397399902344,-10.560996055603027,-8.663003921508789,-4.97160530090332,-8.495271682739258,-8.825928688049316,-9.723751068115234,-3.826356887817383,-4.6379570960998535,-12.84747314453125,-9.321928024291992,-5.140543460845947,-0.14072918891906738,7.2547221183776855,14.874293327331543,15.832964897155762,10.205782890319824,9.548016548156738,7.553794860839844,10.252216339111328,13.698160171508789,15.231695175170898,9.107028007507324,3.131425380706787,6.256794452667236,10.445813179016113,13.822260856628418,20.09595489501953,25.210609436035156,27.251548767089844,27.251359939575195,23.550539016723633,17.09119415283203
5.422965049743652,4.979733943939209,1.2247674465179443,-1.3548026084899902,3.009948968887329,-1.4573899507522583,0.119108647108078,0.9629966616630554,1.1966793537139893,-0.8700393438339233,-2.4640703201293945,-11.868481636047363,-10.86403751373291,-7.943840980529785,-6.912572383880615,-4.536045551300049,-6.390540599822998,-2.364896059036255,-4.963877201080322,-13.737045288085938,-6.822948455810547,-2.7969062328338623,-2.7046895027160645,4.491032123565674,14.537135124206543,15.527917861938477,9.279621124267578,10.662800788879395,14.075467109680176,6.149496555328369,3.794924259185791,1.7592231035232544,-0.5466204285621643,3.462297201156616,8.25273609161377,11.653913497924805,15.985486030578613,21.188159942626953,24.76100730895996,27.21111488342285,23.76002311706543,16.701780319213867,13.09223461151123
6.668665409088135,6.550253868103027,2.6108667850494385,0.938431441783905,4.503960609436035,0.5517265200614929,-7.969237804412842,1.9330521821975708,2.329951524734497,-1.1003878116607666,-3.6837401390075684,-10.863701820373535,-12.042879104614258,-7.400991439819336,-3.9126830101013184,-3.0169308185577393,-5.383561611175537,-1.3718178272247314,1.782098412513733,-2.1715078353881836,-5.765552520751953,2.4948155879974365,-4.711858749389648,3.003620147705078,11.722912788391113,15.313243865966797,13.13598346710205,12.171506881713867,5.875007629394531,0.07308434695005417,1.5911904573440552,-0.8534101247787476,1.643711805343628,7.76174783706665,11.570038795471191,13.993673324584961,16.422096252441406,18.735944747924805,21.013187408447266,22.24348258972168,16.33964729309082,10.503013610839844,10.70337200164795
6.371641635894775,9.345245361328125,6.489016056060791,3.308366060256958,7.005160331726074,0.8668304681777954,-7.566904544830322,2.872114658355713,3.4899210929870605,0.09647534042596817,-1.9920682907104492,-6.705560207366943,-9.829048156738281,-5.256784439086914,-3.3456623554229736,-3.075958490371704,-6.83006477355957,-3.9521868228912354,6.582272529602051,5.243325710296631,0.1433267593383789,-2.6113545894622803,-3.4904444217681885,0.4820196032524109,6.755614757537842,8.257676124572754,2.129645824432373,-1.101043939590454,-2.2032556533813477,-0.32927951216697693,1.5789556503295898,-0.4398018717765808,2.6042346954345703,7.621612548828125,10.713729858398438,13.773584365844727,16.372159957885742,17.218461990356445,17.53910255432129,13.331097602844238,8.053682327270508,7.884150505065918,11.041921615600586
8.214700698852539,11.691000938415527,11.695549011230469,8.988396644592285,10.418594360351562,4.884002685546875,-1.8303052186965942,4.883693218231201,5.71973991394043,4.028389930725098,2.0331907272338867,0.5643140077590942,-2.9723823070526123,-4.667513370513916,-4.085918426513672,-2.665785789489746,-3.4184882640838623,-4.303280353546143,1.9110643863677979,9.64064884185791,4.891801357269287,-6.527693748474121,-9.28287410736084,-8.984910011291504,-9.278696060180664,-10.8143949508667,-12.148487091064453,-8.310920715332031,-1.3407368659973145,3.3017337322235107,3.124483108520508,0.7446286082267761,2.7560997009277344,7.429491996765137,13.633086204528809,16.36546516418457,12.557028770446777,9.699352264404297,10.740326881408691,10.524101257324219,8.133557319641113,9.658525466918945,13.33700942993164
10.818097114562988,13.713983535766602,14.464171409606934,13.178515434265137,12.188241958618164,8.569565773010254,3.7462425231933594,7.105736255645752,7.659102916717529,8.216145515441895,7.11550760269165,5.3521342277526855,2.763916492462158,-0.19234690070152283,-2.168999195098877,-1.000260829925537,0.7101266980171204,0.08463320881128311,-1.3620929718017578,-4.127516269683838,-2.130441188812256,-11.758371353149414,-17.201602935791016,-18.596818923950195,-19.450559616088867,-17.286489486694336,-12.53091049194336,-6.921050548553467,0.18753576278686523,4.210891246795654,4.484306335449219,3.4301226139068604,4.210899353027344,7.790191173553467,9.506097793579102,3.4105300903320312,0.5241968035697937,4.874163627624512,10.353947639465332,14.55480670928955,14.669750213623047,15.284051895141602,16.181148529052734
13.990569114685059,17.911773681640625,19.06728744506836,18.268213272094727,15.395317077636719,10.512206077575684,6.3355584144592285,5.347355842590332,6.797763347625732,9.503405570983887,11.162867546081543,10.738712310791016,8.788782119750977,6.003731727600098,3.456188201904297,0.7550445795059204,3.7316253185272217,5.82631254196167,3.7554008960723877,-3.8440232276916504,-11.06844711303711,-14.385856628417969,-19.679336547851562,-20.3429012298584,-17.747713088989258,-14.142182350158691,-9.295331001281738,-4.57448148727417,-1.5728400945663452,0.3745861351490021,1.3775689601898193,3.860509157180786,4.076136589050293,8.60560131072998,2.6641688346862793,-2.388819932937622,6.348496913909912,13.932856559753418,15.802509307861328,17.630645751953125,16.364938735961914,15.533327102661133,17.36389923095703
16.09515380859375,20.276214599609375,23.52394676208496,22.609928131103516,21.338096618652344,17.813858032226562,13.007906913757324,9.471667289733887,7.108321666717529,7.800137996673584,11.43505859375,12.396669387817383,12.123208999633789,10.93781852722168,9.485270500183105,4.55034065246582,5.238926410675049,6.121370792388916,4.471625328063965,3.1527695655822754,-13.032906532287598,-15.435617446899414,-18.26528549194336,-17.11284637451172,-13.362261772155762,-10.447681427001953,-8.383081436157227,-6.861518383026123,-5.5653395652771,-4.437343120574951,0.04749083146452904,9.853826522827148,14.7033109664917,6.515310764312744,-1.4680538177490234,6.447631359100342,4.703218460083008,4.561923027038574,7.785573482513428,9.094277381896973,10.069854736328125,11.568584442138672,10.835761070251465
19.137096405029297,22.38902473449707,25.127174377441406,25.230745315551758,24.843725204467773,23.625728607177734,19.642810821533203,13.84561824798584,8.412052154541016,7.802220821380615,12.008662223815918,12.430375099182129,11.8851957321167,11.142897605895996,8.882272720336914,4.4987287521362305,6.239743709564209,6.174287796020508,3.532759428024292,1.4465619325637817,-3.5462453365325928,-15.920382499694824,-16.93524932861328,-14.022675514221191,-12.271520614624023,-10.640262603759766,-10.095649719238281,-9.705519676208496,-7.873357772827148,-4.517848968505859,2.1312062740325928,10.027348518371582,8.269859313964844,-0.48044684529304504,-0.18693941831588745,-1.1096690893173218,-8.05389404296875,-6.093801021575928,-7.489875793457031,-6.608864784240723,-6.510732173919678,-6.986327648162842,-10.213263511657715
19.806196212768555,20.92314910888672,21.814762115478516,21.97593116760254,22.690513610839844,23.38528060913086,21.70305633544922,17.674623489379883,11.045283317565918,8.978012084960938,11.354438781738281,10.883941650390625,8.778579711914062,7.6646528244018555,6.214184284210205,7.2107038497924805,8.746790885925293,8.783224105834961,7.824607849121094,3.305541753768921,1.2424973249435425,-9.221597671508789,-14.067286491394043,-13.547289848327637,-10.959465980529785,-8.413471221923828,-7.95100212097168,-7.278587818145752,-4.6010823249816895,-0.22015275061130524,5.330488681793213,7.223176956176758,-1.9112662076950073,-8.968708038330078,-7.562204360961914,-10.961960792541504,-10.581844329833984,-8.092247009277344,-6.7559814453125,-10.539597511291504,-13.702608108520508,-14.454267501831055,-12.566801071166992
7.605592250823975,6.384478569030762,7.215089797973633,9.386253356933594,9.353316307067871,10.357988357543945,11.821844100952148,13.40577220916748,12.40096378326416,9.902880668640137,10.08175277709961,8.429526329040527,4.737159729003906,4.476388454437256,7.657256603240967,10.865655899047852,10.425798416137695,9.688254356384277,7.650263786315918,3.0854268074035645,2.3132190704345703,-3.2284412384033203,-8.302827835083008,-8.599678993225098,-9.496954917907715,-8.353706359863281,-5.7728681564331055,-3.9066081047058105,-0.9936604499816895,2.0845870971679688,0.0576176717877388,-4.998230457305908,-6.170175552368164,-8.123063087463379,-14.07724666595459,-14.714945793151855,-8.71078872680664,-4.844443321228027,-2.504324197769165,-4.816921710968018,-7.123579978942871,-8.013797760009766,-7.369607925415039
-7.286161422729492,-5.707625865936279,-1.4514857530593872,2.802330493927002,4.973608016967773,2.2507119178771973,2.7151596546173096,5.381669044494629,7.158043384552002,8.30514907836914,8.468297958374023,5.089082717895508,1.5341370105743408,3.8893637657165527,8.909398078918457,12.515314102172852,11.34399127960205,9.85971450805664,9.250718116760254,3.100492477416992,2.00156307220459,-1.352370262145996,-6.5810089111328125,-6.365170478820801,-7.021782398223877,-6.802664756774902,-4.627074241638184,-2.150174140930176,-0.5991319417953491,-3.6264255046844482,-9.215373039245605,-12.749794960021973,-15.256589889526367,-13.647589683532715,-12.905470848083496,-7.577402114868164,-1.7359641790390015,-2.1502065658569336,-2.2482006549835205,-3.8424110412597656,-4.375921249389648,-4.764599800109863,-4.664196968078613
-8.604501724243164,-8.96843147277832,-6.718970775604248,-1.819287896156311,-1.9338196516036987,-5.333146572113037,-5.346926212310791,-2.7640700340270996,0.46920156478881836,5.796956539154053,7.015894889831543,2.9271938800811768,1.077818751335144,5.67985725402832,9.790611267089844,11.824673652648926,13.35909366607666,12.111665725708008,10.533065795898438,5.955435276031494,3.8429882526397705,-1.1642283201217651,-4.432799816131592,-3.3176047801971436,-3.0656824111938477,-4.650970935821533,-4.4426589012146,-3.0031814575195312,-4.258133411407471,-11.137308120727539,-15.82575798034668,-14.822535514831543,-14.257490158081055,-11.157782554626465,-2.3393895626068115,0.6750304102897644,0.7928336262702942,-1.0657994747161865,-0.8693065643310547,-2.101682186126709,-2.6396596431732178,-3.112391233444214,-3.5244998931884766
-6.02797794342041,-8.297155380249023,-11.463857650756836,-8.690756797790527,-5.7462544441223145,-8.991768836975098,-10.125639915466309,-8.70737361907959,-3.3372697830200195,2.677652597427368,5.537182331085205,2.761626958847046,1.5057042837142944,7.350197792053223,8.747273445129395,9.280671119689941,11.961193084716797,11.073908805847168,6.8859100341796875,4.887723445892334,7.313210487365723,3.572927713394165,0.04766367748379707,-0.21974046528339386,0.05911518633365631,-2.3440639972686768,-6.692239761352539,-6.901237487792969,-6.015296459197998,-9.731021881103516,-9.52855110168457,-5.960987091064453,-6.64555025100708,-8.10254192352295,-5.826301097869873,-3.6876542568206787,-0.5929911136627197,-0.18091584742069244,0.7670170664787292,-0.9390594363212585,-2.2800259590148926,-3.124732494354248,-3.6093783378601074
