data/wind_data/wind_Surface_37.json
{"header": {"parameterUnit": "KT", "parameterCategory": 2, "nx": 255, "ny": 198, "lo1": 44.73521041870117, "la1": -3.236724853515625, "lo2": 111.26478576660156, "la2": 43.468475341796875, "dx": 0.26192745566368103, "dy": -0.23708222806453705, "refTime": "2025-02-20 13:00:00", "forecastTime": 0, "parameterNumber": 3, "parameterNumberName": "northward_wind"}, "data":
[rows 57 to 75 of 198, columns 43 to 85 of 255]
-0.9542694091796875,-0.30873316526412964,0.09853729605674744,-0.5390468239784241,-0.5987139940261841,-0.3555563986301422,-0.7162773013114929,-0.7447944283485413,-0.8420424461364746,-0.9421700239181519,-1.2690333127975464,-1.583469033241272,-1.2486927509307861,-1.3208869695663452,-2.6603622436523438,-3.247692346572876,-3.2473676204681396,-3.374845266342163,-3.9897563457489014,-4.564137935638428,-4.402534484863281,-4.165347099304199,-4.242520332336426,-4.4813761711120605,-4.360341548919678,-4.392385005950928,-4.777435779571533,-4.6595354080200195,-4.497618675231934,-4.895740032196045,-5.219213962554932,-5.344601154327393,-5.518623352050781,-6.07477331161499,-6.420222759246826,-6.367223739624023,-6.61106014251709,-7.479419708251953,-7.607321262359619,-7.449077129364014,-7.311275005340576,-7.6842942237854,-8.290398597717285
-0.496647447347641,-0.5779821872711182,-1.0545142889022827,-0.8655275106430054,-0.8109631538391113,-0.011529767885804176,-0.03473375365138054,-1.1787147521972656,-2.5574512481689453,-2.456080913543701,-0.8401290774345398,-0.5888258814811707,-1.5213779211044312,-2.4887514114379883,-2.385035276412964,-2.078854560852051,-2.5345418453216553,-3.254643678665161,-3.6984686851501465,-3.9332165718078613,-4.26661491394043,-5.01521110534668,-6.007467746734619,-6.054154872894287,-4.570761203765869,-4.4507246017456055,-5.225589275360107,-5.427183151245117,-4.547094821929932,-3.8607749938964844,-4.473245620727539,-5.155541896820068,-5.246733665466309,-5.192685604095459,-5.1922101974487305,-5.961617946624756,-6.356524467468262,-6.929790496826172,-7.40279483795166,-7.934299468994141,-7.766722202301025,-7.8624067306518555,-8.291525840759277
-1.5173035860061646,-1.0904650688171387,-0.2809605896472931,0.9854775667190552,1.0612362623214722,1.2804956436157227,0.8380531072616577,-0.5232729911804199,-0.731443464756012,-0.8305816650390625,-1.563805103302002,-2.2481493949890137,-2.4171335697174072,-1.5981354713439941,-0.8405035734176636,-0.8961333632469177,-1.8228724002838135,-2.7913427352905273,-2.972742795944214,-2.5280656814575195,-2.586028575897217,-4.318017959594727,-5.207845211029053,-4.610981464385986,-3.385615825653076,-4.1193528175354,-4.653420448303223,-4.3663740158081055,-3.646130084991455,-3.627565383911133,-4.3035807609558105,-5.442455291748047,-6.073648452758789,-6.318846702575684,-6.2457098960876465,-6.2847723960876465,-6.723733901977539,-6.8082404136657715,-6.989151954650879,-7.3377203941345215,-7.58674955368042,-7.94230318069458,-8.57425308227539
0.6067527532577515,0.5489802360534668,0.14464884996414185,0.00912760104984045,0.19892500340938568,0.47561126947402954,1.2006675004959106,0.9102681875228882,0.26931652426719666,-0.10812943428754807,-0.5695871710777283,-1.0654358863830566,-1.431460976600647,-0.9799281358718872,-1.0719530582427979,-1.6038910150527954,-1.6991362571716309,-2.2689104080200195,-2.6356074810028076,-2.8949782848358154,-2.992873191833496,-3.2878451347351074,-3.901623249053955,-4.4586639404296875,-4.129570960998535,-3.9281585216522217,-4.016185760498047,-4.279022693634033,-5.210285663604736,-5.490432262420654,-5.453977108001709,-5.875497341156006,-6.491896629333496,-7.184574604034424,-7.089855194091797,-6.344674110412598,-6.459148406982422,-6.518779277801514,-6.78712272644043,-7.272260665893555,-7.717765808105469,-8.290975570678711,-8.955281257629395
-0.5435647368431091,-0.2024276703596115,-0.23236806690692902,0.20045584440231323,0.6140081882476807,0.0847969800233841,-0.035389725118875504,0.857745349407196,0.9106243252754211,-0.15675599873065948,-0.7332150936126709,-0.0647004097700119,-0.07014594972133636,-0.8697913885116577,-1.503956913948059,-1.6847341060638428,-1.4851152896881104,-1.91608464717865,-2.5667412281036377,-3.608652114868164,-4.001585483551025,-2.933488130569458,-3.69095778465271,-4.936429023742676,-5.251678466796875,-4.215309143066406,-3.9058239459991455,-4.6551079750061035,-5.980433940887451,-6.292767524719238,-6.459892749786377,-6.379218578338623,-6.473871231079102,-6.352237701416016,-6.21300745010376,-6.382110595703125,-6.378974914550781,-6.904118537902832,-7.56392240524292,-8.139104843139648,-8.697129249572754,-9.02850341796875,-9.454809188842773
-1.6318479776382446,-0.8962514400482178,-0.029431400820612907,0.3400116264820099,0.2596293091773987,-0.03777656704187393,-0.322596937417984,-0.05930766463279724,-0.12861944735050201,-0.7938864231109619,-1.8680164813995361,-1.9849541187286377,-1.8505668640136719,-2.080841064453125,-2.9849023818969727,-2.734398126602173,-2.07548189163208,-2.3709304332733154,-3.375800371170044,-3.6161036491394043,-3.710176467895508,-3.203709125518799,-3.3593454360961914,-3.730854034423828,-4.297114849090576,-4.6486005783081055,-5.4140167236328125,-5.59755277633667,-5.33117151260376,-6.00925874710083,-6.878269195556641,-6.923619270324707,-6.385908603668213,-5.639111518859863,-5.780372142791748,-6.889339923858643,-7.177318572998047,-7.842613697052002,-8.261898040771484,-8.46281623840332,-8.663982391357422,-9.100879669189453,-9.48395824432373
-0.4700799286365509,-0.07988741248846054,0.251667320728302,0.361568421125412,-0.19392424821853638,-0.9764091968536377,-0.49510741233825684,0.051784366369247437,-0.7307372689247131,-0.993414044380188,-1.3368569612503052,-2.377091407775879,-3.7483136653900146,-4.029595851898193,-3.7666015625,-3.3705971240997314,-3.4508590698242188,-4.522334575653076,-4.8780837059021,-3.8890490531921387,-3.774449586868286,-4.215320110321045,-4.176498889923096,-3.8869307041168213,-4.545435905456543,-5.376692771911621,-6.057560920715332,-6.147401809692383,-6.223170280456543,-7.010633945465088,-7.391677379608154,-7.331254482269287,-7.204277992248535,-7.236973762512207,-7.0999956130981445,-7.380924701690674,-7.888491153717041,-7.945250511169434,-8.062394142150879,-8.298856735229492,-8.415575981140137,-8.711770057678223,-8.94907283782959
-0.9159191846847534,-0.41211485862731934,0.2161213606595993,-0.05882083252072334,0.20699569582939148,0.04395245015621185,0.13691110908985138,-0.25182902812957764,-1.3626316785812378,-1.5351252555847168,-2.263981342315674,-2.4390907287597656,-2.8558621406555176,-3.2617223262786865,-3.0574769973754883,-2.9371566772460938,-3.1115212440490723,-3.5673463344573975,-3.6440553665161133,-3.695152997970581,-3.955631732940674,-4.072372913360596,-4.008809566497803,-4.190594673156738,-4.773365020751953,-5.18513298034668,-5.453877925872803,-6.000502109527588,-6.763897895812988,-7.152194499969482,-7.376928329467773,-7.789351463317871,-8.365324974060059,-8.531620025634766,-7.675793170928955,-7.23922061920166,-7.635513782501221,-7.479733943939209,-7.671182155609131,-7.9677815437316895,-8.300390243530273,-8.597798347473145,-8.905933380126953
-1.7787680625915527,-1.760438323020935,-1.6319315433502197,-2.725980520248413,-1.7938588857650757,-1.343191385269165,-0.759893000125885,-0.7571008205413818,-2.0426137447357178,-2.3820793628692627,-2.173009157180786,-2.5041370391845703,-3.358156442642212,-3.5196926593780518,-3.408952236175537,-3.2947864532470703,-3.1392345428466797,-3.090635061264038,-3.2487964630126953,-3.372408390045166,-3.442688226699829,-3.450587272644043,-3.419370412826538,-3.7951934337615967,-4.378312110900879,-5.064945697784424,-5.74130916595459,-6.207746982574463,-6.5427656173706055,-6.665726661682129,-7.472048759460449,-7.8489861488342285,-7.449483394622803,-7.126194953918457,-6.437295436859131,-6.8667378425598145,-7.0766682624816895,-7.288348197937012,-7.643683433532715,-7.703586101531982,-7.91983699798584,-8.57130241394043,-8.946553230285645
-3.9120676517486572,-2.881669282913208,-1.5388418436050415,-1.9707276821136475,-1.6252694129943848,-2.247406005859375,-2.4035637378692627,-2.445296287536621,-2.526575803756714,-2.6319692134857178,-2.5448055267333984,-2.801628589630127,-3.3128585815429688,-3.5528359413146973,-3.355071544647217,-3.2365612983703613,-3.3938374519348145,-3.485023260116577,-3.297978639602661,-3.0434811115264893,-2.9113292694091797,-2.9860687255859375,-3.124009370803833,-3.59322190284729,-4.2852044105529785,-4.947221279144287,-5.5247321128845215,-6.166583061218262,-6.714986324310303,-6.894416809082031,-7.322021484375,-6.92540168762207,-6.575496196746826,-6.304383277893066,-5.8117852210998535,-6.008591175079346,-6.4046454429626465,-6.8935933113098145,-7.521616458892822,-7.855862617492676,-7.944798469543457,-8.420221328735352,-8.518461227416992
-4.042550086975098,-3.093928337097168,-1.8848501443862915,-2.59812331199646,-1.8124395608901978,-1.9001060724258423,-2.371246576309204,-2.418224811553955,-2.241400718688965,-2.7838401794433594,-2.9577980041503906,-2.890221357345581,-2.7422475814819336,-2.9668049812316895,-3.1732664108276367,-3.16274356842041,-3.0389087200164795,-2.9464898109436035,-2.9606640338897705,-2.989895820617676,-2.875732898712158,-2.847907543182373,-3.2282209396362305,-3.8364999294281006,-4.694538593292236,-5.565898895263672,-6.2350592613220215,-6.524724006652832,-6.892933368682861,-7.313727378845215,-7.021824359893799,-6.592508316040039,-6.626788139343262,-6.3661580085754395,-6.250138282775879,-6.414994239807129,-6.860187530517578,-7.118995189666748,-7.4289469718933105,-7.539478302001953,-7.45447301864624,-7.684797763824463,-7.962752342224121
-1.6245450973510742,-1.5287432670593262,-2.696373701095581,-3.3792552947998047,-2.5398447513580322,-3.0957300662994385,-3.9558727741241455,-3.7318811416625977,-2.4660122394561768,-2.044670343399048,-2.152226686477661,-2.5655620098114014,-2.381855010986328,-2.030646324157715,-2.308194637298584,-2.682508945465088,-2.7759757041931152,-2.650481700897217,-2.585157632827759,-2.7158761024475098,-3.086932897567749,-3.2422096729278564,-3.642847776412964,-4.3343400955200195,-5.299061298370361,-6.175652980804443,-6.596362113952637,-6.608503341674805,-6.813718318939209,-7.154006481170654,-7.151623249053955,-6.932432174682617,-6.533358097076416,-6.702234268188477,-7.130270004272461,-7.670199871063232,-8.160772323608398,-8.078980445861816,-7.866209506988525,-7.804588794708252,-7.900850772857666,-7.921400547027588,-8.14526653289795
-1.3002665042877197,-1.3166524171829224,-2.164332389831543,-2.4563865661621094,-2.9090781211853027,-3.2937533855438232,-2.8929996490478516,-2.7661824226379395,-1.812955617904663,-0.9779329895973206,-1.4760628938674927,-1.4835907220840454,-1.6379114389419556,-2.0065815448760986,-1.854406714439392,-1.779572606086731,-2.025272846221924,-2.4545698165893555,-2.8682475090026855,-3.063721179962158,-3.1493659019470215,-3.550122022628784,-3.854184865951538,-4.642163276672363,-5.588736057281494,-6.035294055938721,-6.211457252502441,-6.516862392425537,-6.667577743530273,-6.65964412689209,-7.112334251403809,-7.202685356140137,-6.993326187133789,-7.248401165008545,-7.7382001876831055,-8.23766803741455,-8.73775863647461,-8.580355644226074,-8.335943222045898,-8.40380573272705,-8.722744941711426,-8.625276565551758,-8.813426971435547
-1.422818660736084,-1.6021767854690552,-2.0635178089141846,-2.425185203552246,-2.5292775630950928,-2.1629397869110107,-1.4498517513275146,-1.0905041694641113,-0.8836085796356201,-0.9784650802612305,-0.4932445287704468,0.5056923627853394,0.3908315896987915,-1.1539252996444702,-1.231540322303772,-1.0884594917297363,-1.1373575925827026,-1.8739761114120483,-2.6057798862457275,-3.1790454387664795,-3.840679168701172,-4.237059593200684,-4.656904697418213,-5.455813407897949,-5.880701541900635,-6.030909061431885,-6.435033798217773,-6.749790668487549,-6.569778919219971,-6.371994495391846,-6.5163469314575195,-7.0725202560424805,-7.415457725524902,-7.4366774559021,-7.8216657638549805,-8.144079208374023,-8.12901496887207,-8.100741386413574,-8.243818283081055,-8.393409729003906,-8.732199668884277,-8.915511131286621,-9.335457801818848
-1.5272345542907715,-1.789544701576233,-1.6201345920562744,-1.7109912633895874,-2.085183620452881,-2.1201369762420654,-1.9573838710784912,-1.7745968103408813,-1.5169596672058105,-1.3185182809829712,-1.205232858657837,-1.0780072212219238,-0.23659706115722656,-0.2867843508720398,0.340349018573761,0.30038002133369446,-1.0316572189331055,-1.2266086339950562,-1.6282074451446533,-2.343888759613037,-3.0348358154296875,-3.8940236568450928,-4.812636375427246,-5.5453996658325195,-5.6729888916015625,-6.05778169631958,-6.355227470397949,-6.378249168395996,-6.1622724533081055,-5.886537075042725,-5.659093379974365,-5.823864459991455,-6.34293270111084,-6.746984481811523,-6.983158111572266,-7.112120151519775,-7.435513973236084,-7.781914234161377,-8.169492721557617,-8.612607955932617,-8.89367961883545,-9.248312950134277,-9.624723434448242
-0.381065309047699,-0.8694443106651306,-1.4331860542297363,-1.7828940153121948,-1.8716400861740112,-1.6313176155090332,-1.6655309200286865,-1.5222948789596558,-1.1547496318817139,-1.203821063041687,-1.7087314128875732,-1.4368075132369995,-0.4977574050426483,-0.22352179884910583,-0.30261853337287903,-0.3651372492313385,-0.8230650424957275,-0.9763619303703308,-1.194939136505127,-1.9735219478607178,-2.648350238800049,-3.5766379833221436,-4.219152450561523,-4.567938804626465,-5.228647232055664,-5.591430187225342,-5.41829776763916,-5.333010673522949,-5.407388687133789,-5.467037200927734,-5.231497287750244,-5.053901195526123,-5.136780738830566,-5.649930477142334,-6.2003984451293945,-6.984874725341797,-7.6642351150512695,-8.03221607208252,-8.229814529418945,-8.578227996826172,-8.983245849609375,-9.482413291931152,-9.851842880249023
0.8565341234207153,0.6944093704223633,-0.18865323066711426,-0.6914904713630676,-0.9893523454666138,-1.187187910079956,-1.20621657371521,-1.357799768447876,-1.3212430477142334,-1.2830569744110107,-0.7533249855041504,-0.379766047000885,-0.020355654880404472,-0.13046713173389435,-0.5333963632583618,-0.5283554792404175,0.05636768043041229,-0.5859485864639282,-0.964915931224823,-1.4890915155410767,-2.2264740467071533,-2.8889527320861816,-3.453005075454712,-3.7776577472686768,-4.065075397491455,-4.136017322540283,-4.206814765930176,-4.476712703704834,-4.660266399383545,-4.88621187210083,-5.2016167640686035,-5.416684150695801,-5.717525005340576,-6.201583385467529,-6.840794563293457,-7.740232467651367,-8.104084968566895,-8.384567260742188,-8.438496589660645,-8.691686630249023,-9.203230857849121,-9.743277549743652,-10.104914665222168
0.7163323163986206,0.5918726325035095,0.7318653464317322,0.7462858557701111,0.6210043430328369,-0.15752945840358734,-0.21820269525051117,-0.047393739223480225,0.07327194511890411,0.047173433005809784,-0.14232879877090454,-0.40121838450431824,-0.5164051651954651,-0.4071325659751892,-0.2273566722869873,-0.30720752477645874,-0.5096638202667236,-0.6740467548370361,-1.115744948387146,-1.7453781366348267,-2.212637186050415,-2.7273967266082764,-3.3145997524261475,-3.721571445465088,-3.590318441390991,-3.5443239212036133,-3.5854527950286865,-3.7611947059631348,-3.9318206310272217,-4.232911586761475,-4.849106788635254,-5.434420585632324,-5.9947285652160645,-6.797311305999756,-7.500270366668701,-7.948085308074951,-8.318685531616211,-8.560322761535645,-8.704741477966309,-8.97094440460205,-9.40611743927002,-9.838711738586426,-10.127639770507812
1.34746253490448,1.2100489139556885,0.9699994921684265,0.9886549711227417,0.916885495185852,0.6561393737792969,0.7955125570297241,1.2746880054473877,1.3015213012695312,0.919137179851532,0.41398486495018005,0.1095471903681755,-0.2411659210920334,-0.4225365221500397,-0.5998931527137756,-0.9008105993270874,-1.1306172609329224,-1.39811110496521,-1.789489507675171,-2.397865056991577,-3.0373945236206055,-3.3347532749176025,-3.4789044857025146,-3.637465000152588,-3.7121729850769043,-3.715743064880371,-3.6832387447357178,-3.672016143798828,-3.763902187347412,-4.211430549621582,-4.677563190460205,-5.220856666564941,-5.6583733558654785,-6.437234878540039,-7.1040358543396,-7.57451057434082,-8.102309226989746,-8.448139190673828,-8.672103881835938,-8.971575736999512,-9.425159454345703,-9.687531471252441,-9.751148223876953
