data/wind_data/wind_Surface_24.json
{"header": {"parameterUnit": "KT", "parameterCategory": 2, "nx": 255, "ny": 198, "lo1": 44.73521041870117, "la1": -3.236724853515625, "lo2": 111.26478576660156, "la2": 43.468475341796875, "dx": 0.26192745566368103, "dy": -0.23708222806453705, "refTime": "2025-02-20 00:00:00", "forecastTime": 0, "parameterNumber": 2, "parameterNumberName": "eastward_wind"}, "data":
[rows 152 to 170 of 198, columns 0 to 42 of 255]
-4.265502452850342,-4.095643520355225,-5.042696475982666,-6.74977970123291,-7.704200267791748,-5.309978008270264,-2.869112014770508,-1.7877095937728882,-3.3138790130615234,-4.882021903991699,-4.388871669769287,-3.0481808185577393,-2.0924785137176514,-2.4414756298065186,-2.9712131023406982,-1.4288417100906372,-0.1099991649389267,0.8078709840774536,0.26789674162864685,-3.7078044414520264,-5.739689350128174,-3.3095457553863525,-1.7761536836624146,-1.531036615371704,2.2278354167938232,6.132511138916016,3.197277069091797,-3.5540571212768555,-6.235226154327393,-6.156280040740967,-5.752955436706543,-4.860988140106201,-5.055581092834473,-6.871319770812988,-6.424808502197266,-4.294183254241943,-5.086991786956787,-5.923398017883301,-5.207218647003174,-4.159529209136963,-3.14255952835083,-2.252307415008545,-1.9929531812667847
-4.227628231048584,-4.1785759925842285,-4.708036422729492,-6.195263385772705,-6.220073223114014,-4.928128719329834,-2.9612669944763184,-2.6767799854278564,-4.894949913024902,-5.27626895904541,-4.286296844482422,-3.5690715312957764,-3.793473482131958,-5.405515193939209,-3.070817470550537,1.1971290111541748,1.9488378763198853,-1.042531132698059,-4.3928937911987305,-6.14039945602417,-6.876214981079102,-3.4909725189208984,1.2037869691848755,2.7328836917877197,3.7255659103393555,4.343359470367432,1.8222438097000122,-4.9746294021606445,-8.44787311553955,-9.93465805053711,-8.875127792358398,-7.308514595031738,-6.76100492477417,-7.0566582679748535,-6.511089324951172,-6.08353853225708,-6.40792179107666,-6.5263824462890625,-6.132553577423096,-5.240145206451416,-4.594673156738281,-3.5499372482299805,-3.71087908744812
-4.203026294708252,-3.9449310302734375,-4.125990390777588,-5.7932868003845215,-6.529779434204102,-6.657735824584961,-4.40162992477417,-3.6610145568847656,-4.133091926574707,-4.2549052238464355,-4.115192413330078,-3.9284422397613525,-3.5620508193969727,-2.8164541721343994,0.3321289122104645,2.705594778060913,1.390114188194275,-2.8370378017425537,-6.102707386016846,-7.362234115600586,-5.930752277374268,-1.2906453609466553,3.0558979511260986,2.2139294147491455,0.7548304200172424,0.12444186955690384,-3.540940761566162,-8.431808471679688,-9.71501350402832,-7.789327621459961,-6.484676361083984,-6.371823787689209,-7.215570449829102,-6.936729431152344,-5.985257625579834,-5.775954246520996,-6.07906436920166,-6.38455867767334,-6.4616193771362305,-5.496421813964844,-3.964650869369507,-4.12034797668457,-5.554506301879883
-4.244197845458984,-3.8424057960510254,-3.251765251159668,-4.291558742523193,-5.488691329956055,-6.412298679351807,-4.871476650238037,-3.3275444507598877,-2.6348681449890137,-3.1324689388275146,-3.700798511505127,-3.139564037322998,-1.4620565176010132,-0.3319924771785736,-0.12513355910778046,0.7265344262123108,-0.19542501866817474,-3.970156669616699,-6.437723636627197,-5.5819830894470215,-2.9026825428009033,0.7944409847259521,1.313498854637146,-0.615333616733551,-0.6743446588516235,-0.6454633474349976,-3.6101789474487305,-6.619002342224121,-6.341501712799072,-5.500117301940918,-5.50750207901001,-5.820735931396484,-6.221165180206299,-5.608574390411377,-5.35935115814209,-5.882266521453857,-6.472228527069092,-6.550175666809082,-6.145052909851074,-5.55235481262207,-4.269048690795898,-3.7353971004486084,-5.403406143188477
-4.607812404632568,-3.960808753967285,-2.866966962814331,-1.5518094301223755,-4.737978458404541,-6.761290550231934,-3.770789861679077,-2.3200294971466064,-2.3108928203582764,-3.069126844406128,-2.642073154449463,-1.8546899557113647,-1.7287269830703735,-1.5995043516159058,-0.5602013468742371,-1.0548120737075806,-3.5051586627960205,-6.281317234039307,-6.746736526489258,-5.006843566894531,-3.1042418479919434,-1.3316556215286255,-1.8681516647338867,-1.8529943227767944,-0.22471532225608826,-0.747106671333313,-3.77329421043396,-6.61895227432251,-7.194864273071289,-6.771294593811035,-5.680330276489258,-3.7284538745880127,-2.3083689212799072,-3.46834135055542,-5.372977256774902,-6.250847816467285,-6.670266628265381,-5.695297718048096,-3.7893388271331787,-3.5479214191436768,-4.901925563812256,-4.534361839294434,-3.8887200355529785
-4.841078281402588,-4.069518566131592,-2.888026475906372,-2.20041561126709,-5.233691215515137,-7.321853160858154,-4.990170955657959,-4.000716209411621,-2.868435859680176,-2.583742141723633,-1.8157975673675537,-1.417717695236206,-2.6539268493652344,-3.053915023803711,-3.3383703231811523,-4.871606826782227,-6.019503593444824,-5.920637130737305,-4.1251301765441895,-1.9998226165771484,-0.868960976600647,-0.9240908622741699,-1.3004310131072998,-0.5003345608711243,0.12076986581087112,-2.068727970123291,-5.564074993133545,-7.621701240539551,-6.562978267669678,-4.765760898590088,-2.781005382537842,-0.4203765392303467,1.1835395097732544,-0.9632077813148499,-3.5720479488372803,-3.895533561706543,-3.879683017730713,-3.5040719509124756,-2.1085317134857178,-3.078010082244873,-5.0821428298950195,-3.8900556564331055,-2.6060028076171875
-5.3201117515563965,-4.683597087860107,-3.4128358364105225,-3.1493985652923584,-5.002801418304443,-6.302565574645996,-4.471027374267578,-1.08219313621521,2.2855112552642822,0.14508666098117828,-1.8161314725875854,-0.23690497875213623,-0.28762975335121155,-1.9547194242477417,-3.9562466144561768,-4.5039286613464355,-3.1201038360595703,-0.606413722038269,0.2248857319355011,0.0032577679958194494,-0.2386002391576767,-0.8328178524971008,-1.6021267175674438,-3.601382255554199,-4.209958076477051,-4.4280781745910645,-5.981250762939453,-6.065515995025635,-3.6092989444732666,0.1412419229745865,3.589080810546875,4.766659259796143,3.752505302429199,1.6073963642120361,1.4039913415908813,3.655451774597168,3.003838539123535,1.2455874681472778,-0.6420891880989075,-4.562353134155273,-6.103665828704834,-3.385796308517456,-0.8726676106452942
-4.830245018005371,-3.796213150024414,-3.1776154041290283,-3.614208221435547,-4.6251044273376465,-4.162827491760254,-2.3814101219177246,1.4260849952697754,4.164541721343994,2.134885787963867,-0.34838953614234924,1.4112095832824707,1.7846617698669434,-0.7746843695640564,-3.25108003616333,-2.8006751537323,0.2302204966545105,2.806253433227539,2.264439105987549,1.4937468767166138,0.07663477957248688,-2.679811954498291,-6.762240409851074,-8.644115447998047,-8.026824951171875,-6.102532863616943,-5.008520603179932,-2.85479736328125,2.177337408065796,7.569900035858154,8.441126823425293,8.102109909057617,5.620051383972168,3.9239611625671387,6.143083095550537,6.992491722106934,4.224273204803467,1.001762866973877,-0.02026822604238987,-3.772639036178589,-5.462571144104004,-3.5208547115325928,0.02399827167391777
-2.9678421020507812,-2.3230583667755127,-2.1464684009552,-3.0494585037231445,-3.2459213733673096,-0.017546866089105606,1.662766456604004,2.07600998878479,2.2030038833618164,0.8496771454811096,1.0362895727157593,2.0348308086395264,-0.25395041704177856,-3.115525722503662,-3.1314055919647217,-1.4539164304733276,1.9719069004058838,3.5787620544433594,1.6341743469238281,-1.4034583568572998,-4.2316765785217285,-5.302127361297607,-7.624385833740234,-7.787352085113525,-7.229151248931885,-3.4390928745269775,0.7298202514648438,5.582733631134033,7.778595924377441,7.892393589019775,7.30236291885376,5.956521511077881,3.190397024154663,2.6713149547576904,5.368035316467285,3.684157133102417,0.15172535181045532,-0.9798941016197205,-2.2780332565307617,-3.597952365875244,-3.4503118991851807,-1.7270300388336182,1.8271398544311523
-1.009684443473816,1.7127985954284668,1.2581509351730347,1.9759094715118408,2.5592799186706543,3.4428493976593018,2.679328680038452,-0.8288493752479553,-2.2528738975524902,-1.4642609357833862,2.5308024883270264,2.028547763824463,-3.192754030227661,-3.6864516735076904,-1.8736892938613892,0.1564215123653412,3.2411394119262695,4.329272747039795,0.5043975114822388,-4.182159423828125,-5.739319801330566,-7.176224231719971,-8.431628227233887,-5.581824779510498,2.0427229404449463,3.9385318756103516,3.446260452270508,4.742559432983398,6.429889678955078,6.999805927276611,5.632093906402588,3.8083083629608154,1.5205862522125244,0.4772503972053528,1.2531154155731201,-0.763150691986084,-3.2778244018554688,0.448664128780365,4.665084362030029,4.032470703125,1.1789062023162842,0.8561895489692688,2.3856661319732666
2.357677459716797,3.9786288738250732,3.6394906044006348,4.030219554901123,5.8970723152160645,5.360281944274902,-0.40083277225494385,-5.256202220916748,-5.085214138031006,-2.2416744232177734,4.616785049438477,4.782467842102051,-0.7351387739181519,-2.2557334899902344,-0.8178730010986328,0.5737147927284241,5.248409748077393,6.108351230621338,-1.1532609462738037,-6.945487022399902,-7.399608135223389,-6.690319538116455,-2.906294345855713,1.9998027086257935,4.546689033508301,3.548412561416626,2.2854197025299072,3.767238140106201,6.14943790435791,7.175414562225342,5.951794624328613,2.9409143924713135,-0.3783232867717743,-1.604308843612671,-1.4862208366394043,-1.992107629776001,-1.9276701211929321,2.8118369579315186,9.651294708251953,10.366406440734863,6.042338848114014,3.1911017894744873,2.650771379470825
2.3166651725769043,5.8745269775390625,5.094586372375488,3.2188189029693604,7.173928737640381,5.70828104019165,-3.2339956760406494,-6.425969123840332,-3.5776915550231934,0.9066954255104065,7.153993129730225,5.973423957824707,-0.3658500015735626,-1.6913836002349854,-0.08773013949394226,4.3056254386901855,6.453042507171631,2.3622186183929443,-3.193194627761841,-8.683036804199219,-7.749515533447266,-1.7711704969406128,3.5698413848876953,3.569920301437378,3.12032151222229,3.533447027206421,4.6943230628967285,4.830716133117676,5.539030075073242,4.984395503997803,4.523294448852539,2.87489914894104,-0.9012736082077026,-2.3350906372070312,-1.3256092071533203,-0.09952198714017868,1.0415598154067993,3.090461015701294,5.530515670776367,6.188696384429932,3.977818727493286,2.8938100337982178,1.6709777116775513
3.9750423431396484,6.5558271408081055,6.624588966369629,5.428625106811523,6.000136852264404,0.9758254885673523,-5.6316142082214355,-4.684045791625977,0.07064550369977951,6.155376434326172,6.632110118865967,0.45625123381614685,-2.8029263019561768,-1.8934166431427002,1.9787856340408325,6.307620048522949,0.5659518837928772,-3.5307514667510986,0.7674227952957153,-0.05997289717197418,-1.706497311592102,0.230171799659729,2.7169225215911865,6.412860870361328,5.722565174102783,2.7456600666046143,1.152334213256836,-1.253019094467163,-4.431941509246826,-5.166593074798584,-2.353611946105957,0.3753076493740082,0.7262260317802429,0.04102088883519173,0.5800164341926575,1.3945156335830688,1.9330968856811523,2.639885187149048,2.667360544204712,1.7651448249816895,-0.03346024081110954,-0.700107753276825,0.4873151183128357
4.344364643096924,6.360854148864746,7.187448978424072,4.561162948608398,-0.12351943552494049,-4.536986351013184,-4.473046779632568,-0.7629810571670532,3.9178199768066406,4.084573268890381,-0.6555593609809875,-3.630194664001465,-2.7352824211120605,0.21465694904327393,4.259410381317139,2.9457743167877197,-2.0990023612976074,-1.1465319395065308,2.200687885284424,5.217063903808594,6.758500099182129,4.887096881866455,5.357330799102783,2.836484670639038,-3.0941343307495117,-7.367161750793457,-7.8512349128723145,-7.178228378295898,-5.209603786468506,-3.263932466506958,-2.3845269680023193,-2.1604726314544678,-0.9178062677383423,1.166088342666626,2.739942789077759,2.042274236679077,1.4394326210021973,2.0334243774414062,1.0935704708099365,-0.48461589217185974,-1.5283527374267578,-2.1085448265075684,-2.326535224914551
4.684763431549072,5.493947982788086,4.220160484313965,-0.9689528346061707,-7.957810878753662,-6.774040222167969,-3.3572418689727783,1.0824540853500366,1.3702733516693115,-2.6628901958465576,-3.7249512672424316,-1.5416362285614014,-0.44016000628471375,1.0723066329956055,1.9059522151947021,2.234157085418701,0.10961374640464783,1.0383758544921875,4.581028938293457,5.454680919647217,6.80413293838501,8.96073055267334,2.9203383922576904,-2.8428547382354736,-5.428698539733887,-5.636380195617676,-5.215446949005127,-5.355138301849365,-5.488166332244873,-4.76380729675293,-3.7050516605377197,-3.198591470718384,-3.075894355773926,-2.865885019302368,-2.8995089530944824,-2.162205934524536,0.2435428947210312,1.8100751638412476,0.9651650786399841,-0.34677985310554504,-2.5774056911468506,-4.782434940338135,-3.9131877422332764
3.5002248287200928,3.9687764644622803,2.0270562171936035,-5.432138919830322,-10.43307113647461,-8.288923263549805,-3.273613691329956,1.8673248291015625,0.3674252927303314,-2.658689022064209,-3.085757255554199,-2.3299503326416016,-1.5866129398345947,-1.2734190225601196,1.3454278707504272,2.049426317214966,-0.6312601566314697,1.9035874605178833,4.922524929046631,2.9255316257476807,1.0338371992111206,-1.3660097122192383,-4.349109649658203,-6.214228630065918,-7.195920944213867,-7.205305576324463,-6.94403600692749,-7.057318210601807,-6.58449649810791,-5.346685409545898,-4.063913822174072,-3.363999605178833,-3.046959400177002,-2.5900959968566895,-2.9648804664611816,-2.990752696990967,-1.6693559885025024,-0.8886108994483948,-2.7393076419830322,-4.405930995941162,-3.597829580307007,-4.437716484069824,-3.9284842014312744
4.259860992431641,3.68827223777771,1.7120723724365234,-2.7244768142700195,-6.322054386138916,-6.066878795623779,-0.6796591281890869,4.6846184730529785,2.0608341693878174,-0.491899311542511,-0.639994740486145,-1.0553995370864868,-1.3017266988754272,-0.8623088002204895,1.5201319456100464,-0.2234826236963272,-1.6472491025924683,1.6593750715255737,-1.1894069910049438,-6.185557842254639,-7.725178241729736,-8.385709762573242,-8.675280570983887,-9.173955917358398,-9.567717552185059,-9.011685371398926,-8.178461074829102,-7.710748672485352,-7.316954612731934,-6.139557838439941,-4.463577747344971,-3.626075029373169,-3.129901170730591,-2.5601162910461426,-2.728006601333618,-2.779557943344116,-2.259713649749756,-1.8180983066558838,-3.117785692214966,-4.141609191894531,-3.4414470195770264,-2.730297327041626,-2.056156873703003
5.093412399291992,3.312387466430664,2.0523738861083984,0.9340328574180603,-0.7526869177818298,-1.6080893278121948,1.1221308708190918,3.1968722343444824,0.7050754427909851,-0.33127182722091675,0.11766957491636276,0.767912745475769,2.8480288982391357,4.606624126434326,0.9345569014549255,-3.6641790866851807,-2.0428574085235596,-2.217865467071533,-5.683769226074219,-7.313086986541748,-8.246185302734375,-9.21900749206543,-9.597437858581543,-9.692862510681152,-9.828402519226074,-9.869889259338379,-9.220314025878906,-7.828525066375732,-7.123732089996338,-5.915719985961914,-3.8415520191192627,-2.9846079349517822,-2.69706654548645,-2.258268117904663,-2.607820749282837,-2.75648832321167,-2.736668825149536,-3.541142225265503,-4.215426921844482,-3.3897593021392822,-2.507810115814209,-1.9610079526901245,-2.029170513153076
5.646594047546387,3.985544443130493,1.8990870714187622,0.2034490406513214,0.3080238997936249,0.3482021689414978,-0.22936749458312988,-2.635363817214966,-3.1993236541748047,-1.755236268043518,-0.5213784575462341,2.540557622909546,8.020048141479492,4.004374027252197,-4.513587951660156,-5.27227258682251,-4.872851848602295,-7.068108558654785,-9.944536209106445,-10.332243919372559,-10.221356391906738,-10.320158958435059,-10.370475769042969,-10.021098136901855,-9.565978050231934,-9.012275695800781,-8.346227645874023,-7.450023651123047,-6.719851970672607,-5.49179744720459,-3.512587547302246,-2.780228853225708,-2.798452138900757,-2.325495958328247,-2.6707441806793213,-2.8238325119018555,-2.1633870601654053,-3.187138080596924,-5.424911022186279,-5.56795072555542,-5.489195346832275,-5.360792636871338,-5.126908779144287
