data/wind_data/wind_60_5.json
{"header": {"parameterUnit": "KT", "parameterCategory": 2, "nx": 256, "ny": 198, "lo1": 44.73521041870117, "la1": -3.236724853515625, "lo2": 111.26478576660156, "la2": 43.468475341796875, "dx": 0.2609002888202667, "dy": -0.23708222806453705, "refTime": "2025-02-21 12:00:00", "forecastTime": 0, "parameterNumber": 2, "parameterNumberName": "eastward_wind"}, "data":
[rows 95 to 113 of 198, columns 44 to 87 of 256]
30.433273315429688,30.590118408203125,30.455724716186523,30.07747459411621,29.84119987487793,29.730010986328125,29.677425384521484,29.68418312072754,29.664295196533203,29.485580444335938,29.021961212158203,28.342247009277344,27.893291473388672,27.78190803527832,27.564254760742188,27.051311492919922,26.581241607666016,26.37889862060547,26.172138214111328,25.602928161621094,24.81167984008789,24.281625747680664,24.22748565673828,24.447832107543945,24.765546798706055,25.028656005859375,25.1226749420166,25.064151763916016,25.01225471496582,25.116256713867188,25.36780548095703,25.56416893005371,25.370027542114258,24.642976760864258,23.636930465698242,22.802709579467773,22.421688079833984,22.390466690063477,22.310245513916016,21.9069881439209,21.342573165893555,21.001541137695312,21.010540008544922,21.180994033813477
31.27949333190918,31.15205955505371,30.57729148864746,30.047740936279297,30.0599308013916,30.506946563720703,31.095842361450195,31.494585037231445,31.482160568237305,31.034164428710938,30.20155143737793,29.444629669189453,29.23076820373535,29.362695693969727,29.18450927734375,28.653141021728516,28.211063385009766,27.9630069732666,27.549009323120117,26.78465461730957,26.025190353393555,25.703664779663086,25.745210647583008,25.92656135559082,26.139013290405273,26.278459548950195,26.272953033447266,26.150487899780273,26.07647132873535,26.186256408691406,26.413053512573242,26.485042572021484,26.06319808959961,25.146726608276367,24.161161422729492,23.56584930419922,23.45439910888672,23.54639434814453,23.47953987121582,23.11783218383789,22.66115379333496,22.426572799682617,22.492551803588867,22.686969757080078
32.982704162597656,32.57511520385742,31.651044845581055,30.864646911621094,30.822492599487305,31.55030632019043,32.573848724365234,33.23310089111328,33.14383316040039,32.36582565307617,31.367359161376953,30.83829689025879,30.689716339111328,30.71099853515625,30.647823333740234,30.45462989807129,30.2143611907959,29.741056442260742,28.901514053344727,27.967763900756836,27.38175392150879,27.177213668823242,27.165220260620117,27.331207275390625,27.596384048461914,27.753398895263672,27.684261322021484,27.456220626831055,27.274259567260742,27.27063751220703,27.35373878479004,27.206298828125,26.570764541625977,25.620492935180664,24.86884307861328,24.607418060302734,24.682893753051758,24.767541885375977,24.632923126220703,24.268102645874023,23.869882583618164,23.69985580444336,23.840131759643555,24.1176815032959
34.90629577636719,34.46161651611328,33.58065414428711,32.763553619384766,32.59821701049805,33.32061004638672,34.275020599365234,34.78285598754883,34.43648147583008,33.432491302490234,32.74043655395508,32.41639709472656,32.15000915527344,32.1243896484375,32.35660934448242,32.489776611328125,32.21523666381836,31.344175338745117,30.192134857177734,29.298898696899414,28.850317001342773,28.67823028564453,28.73598289489746,29.062528610229492,29.39874267578125,29.4548397064209,29.20040512084961,28.803613662719727,28.47294044494629,28.31477928161621,28.200963973999023,27.829668045043945,27.09153175354004,26.338634490966797,25.971057891845703,25.9946231842041,26.131202697753906,26.096555709838867,25.791128158569336,25.342926025390625,24.99851417541504,24.952922821044922,25.204133987426758,25.5437068939209
36.04243850708008,35.68307876586914,35.16032028198242,34.7589225769043,34.8693733215332,35.5919303894043,36.2540283203125,36.25885009765625,35.48566436767578,34.63410186767578,34.279842376708984,34.04291534423828,33.67455291748047,33.9525146484375,34.77861785888672,35.12006378173828,34.52328872680664,33.36086654663086,32.21919250488281,31.3676815032959,30.773040771484375,30.442293167114258,30.511049270629883,30.931306838989258,31.239131927490234,31.101165771484375,30.62422752380371,30.064922332763672,29.634817123413086,29.393651962280273,29.170862197875977,28.688404083251953,28.037609100341797,27.563377380371094,27.425907135009766,27.514986038208008,27.577083587646484,27.392763137817383,26.964111328125,26.5334415435791,26.33962631225586,26.435379028320312,26.70136070251465,26.956872940063477
36.658058166503906,36.158573150634766,35.88622283935547,36.05506134033203,36.87827682495117,37.89599609375,38.083778381347656,37.286685943603516,36.29676055908203,35.839237213134766,35.89389419555664,36.103660583496094,36.51557922363281,37.00176239013672,37.37688446044922,37.427818298339844,36.865379333496094,35.934104919433594,34.966407775878906,34.055423736572266,33.25100326538086,32.728519439697266,32.70048141479492,33.0186882019043,33.125308990478516,32.75126266479492,32.09046173095703,31.40281867980957,30.909366607666016,30.58199119567871,30.318191528320312,29.915124893188477,29.455371856689453,29.141952514648438,29.049301147460938,28.984041213989258,28.808713912963867,28.495529174804688,28.167919158935547,27.977294921875,27.970458984375,28.0913143157959,28.247716903686523,28.36122703552246
37.952880859375,37.23360061645508,37.04475784301758,37.569461822509766,38.83858871459961,39.724327087402344,39.3727912902832,38.1074104309082,37.15799331665039,37.38059616088867,38.49491500854492,39.86213684082031,40.81516647338867,39.918670654296875,38.53717803955078,38.15323257446289,38.21438980102539,38.0602912902832,37.563026428222656,36.735992431640625,35.80005645751953,35.115196228027344,34.83972930908203,34.764225006103516,34.54356384277344,34.057010650634766,33.406890869140625,32.747676849365234,32.299888610839844,31.985851287841797,31.78993034362793,31.53484535217285,31.233781814575195,31.03961753845215,30.895170211791992,30.6798152923584,30.265954971313477,29.798545837402344,29.57517433166504,29.5422420501709,29.58769416809082,29.654394149780273,29.70939826965332,29.769010543823242
39.636192321777344,38.917747497558594,38.909610748291016,39.8686408996582,41.363731384277344,41.72770309448242,40.476104736328125,38.97800064086914,39.00371551513672,40.51962661743164,42.101165771484375,42.7811393737793,42.066795349121094,39.81187057495117,38.3864860534668,38.685096740722656,39.43766784667969,39.77166748046875,39.59074783325195,38.98223114013672,38.12802505493164,37.28371810913086,36.587886810302734,36.06718826293945,35.67633819580078,35.31473922729492,34.8880729675293,34.41205596923828,34.022132873535156,33.77128219604492,33.460731506347656,33.16108322143555,33.03730010986328,32.9670524597168,32.80063247680664,32.42831039428711,31.977352142333984,31.552152633666992,31.27593421936035,31.110965728759766,31.065664291381836,31.11128044128418,31.178190231323242,31.287965774536133
41.34994125366211,40.675209045410156,40.84368133544922,41.86664962768555,42.804344177246094,42.223026275634766,40.42366409301758,40.60519790649414,42.753173828125,44.70838165283203,44.955810546875,43.082210540771484,40.57825469970703,39.26548385620117,39.38016891479492,40.31041717529297,41.08054733276367,41.11347579956055,40.617549896240234,39.93001937866211,39.20951843261719,38.45103454589844,37.64923095703125,37.03597640991211,36.76805877685547,36.69978332519531,36.562503814697266,36.29750061035156,36.001800537109375,35.672393798828125,35.22060775756836,34.93724822998047,34.76719665527344,34.6539306640625,34.48781204223633,34.229007720947266,33.91975021362305,33.61721420288086,33.313446044921875,33.02840805053711,32.873416900634766,32.88571548461914,32.99934387207031,33.143924713134766
42.745635986328125,42.30514907836914,42.04079055786133,41.9373664855957,41.59271240234375,41.66765594482422,42.37451171875,44.8907470703125,47.15616989135742,46.972347259521484,43.905399322509766,40.87701416015625,40.10563278198242,39.88100814819336,39.90274429321289,41.3359260559082,42.45329666137695,42.29326629638672,41.55107498168945,40.760894775390625,39.73760223388672,38.770835876464844,38.307559967041016,38.08955383300781,37.940494537353516,37.8492317199707,37.682228088378906,37.44091796875,37.240753173828125,36.884212493896484,36.73306655883789,36.52454376220703,36.259098052978516,36.060752868652344,35.73637771606445,35.44111633300781,35.38950729370117,35.48580551147461,35.41875457763672,35.002132415771484,34.576995849609375,34.58632278442383,35.04450988769531,35.46261215209961
43.619873046875,42.932037353515625,41.754905700683594,40.49458694458008,43.698402404785156,45.28821563720703,44.907005310058594,45.622257232666016,45.9509162902832,44.66463088989258,43.05133819580078,42.14133834838867,41.877288818359375,41.798423767089844,41.26864242553711,41.518402099609375,42.43305969238281,42.671714782714844,41.6655387878418,41.034217834472656,41.07148742675781,40.92570877075195,39.77748489379883,37.90019226074219,36.75273132324219,37.11697006225586,37.65146255493164,38.240203857421875,38.5109748840332,38.58428955078125,38.38623809814453,37.67081069946289,36.935882568359375,36.522647857666016,36.202999114990234,36.0474853515625,36.25614547729492,36.6729736328125,36.959388732910156,36.49553680419922,35.89042663574219,36.052955627441406,36.99186325073242,37.87919616699219
44.295631408691406,42.45986557006836,42.181243896484375,44.59972381591797,46.01996612548828,46.37590408325195,45.42424392700195,44.763824462890625,44.37794876098633,44.15300369262695,44.517173767089844,44.775020599365234,44.69788360595703,44.73188400268555,44.65454864501953,44.42508316040039,44.323638916015625,44.100128173828125,43.392791748046875,42.3223991394043,41.75822067260742,41.85085678100586,41.396114349365234,38.981971740722656,36.37215805053711,35.62907409667969,36.89253616333008,38.40298080444336,39.44833755493164,40.324947357177734,41.01750946044922,41.04872512817383,40.791839599609375,39.81616973876953,37.582244873046875,36.37068176269531,36.284671783447266,35.82951736450195,35.64678955078125,36.49174880981445,37.662506103515625,38.24711227416992,38.624874114990234,39.24551010131836
44.31914138793945,44.859527587890625,45.432796478271484,44.931617736816406,45.451446533203125,46.36808776855469,46.42862319946289,46.358951568603516,46.44829177856445,46.561649322509766,46.7536735534668,46.82396697998047,46.950584411621094,47.284019470214844,47.48998260498047,47.54572296142578,47.54830551147461,47.42949676513672,47.02525329589844,46.27070999145508,45.42898178100586,44.6184196472168,43.6491813659668,42.290287017822266,40.982173919677734,40.12907028198242,39.868831634521484,39.8451042175293,40.28707504272461,41.183982849121094,41.96641159057617,42.32368850708008,41.84797286987305,40.7609977722168,40.09920883178711,40.22954559326172,41.22505569458008,40.80420684814453,38.1435546875,37.21549606323242,38.38812255859375,39.11581802368164,39.14699172973633,39.9511833190918
46.33181381225586,47.13430404663086,44.64427947998047,43.96257400512695,45.097267150878906,46.46989822387695,47.30858612060547,47.86744689941406,48.552207946777344,49.26715850830078,49.61091613769531,49.399986267089844,49.29884719848633,49.44289016723633,49.38496398925781,49.2586784362793,49.46237564086914,49.84762191772461,49.97621154785156,49.621917724609375,48.91880416870117,48.18462371826172,47.63600540161133,46.99543762207031,46.1563835144043,45.39285659790039,44.706626892089844,43.66958999633789,42.868919372558594,42.56409454345703,42.31303024291992,41.92783737182617,41.3353385925293,40.800506591796875,40.831050872802734,41.303646087646484,41.46513366699219,41.84309387207031,42.85301208496094,42.528968811035156,40.81853485107422,39.01042938232422,38.074466705322266,38.24045181274414
48.14570999145508,46.25332260131836,44.05097961425781,43.46802520751953,44.24121856689453,45.7037353515625,46.89217758178711,47.65195846557617,48.77422332763672,49.768394470214844,50.15971755981445,50.54551315307617,50.96522903442383,51.168060302734375,50.69957733154297,49.736351013183594,49.370731353759766,50.26188278198242,51.853904724121094,52.520240783691406,51.740116119384766,50.58330535888672,49.977699279785156,50.13174819946289,50.8079833984375,50.624481201171875,47.74201965332031,43.64781188964844,41.55271530151367,41.729148864746094,42.41401290893555,42.56309127807617,41.96465301513672,41.27339553833008,41.19685363769531,41.80054473876953,42.678062438964844,43.5777473449707,44.53084945678711,44.69881057739258,43.141639709472656,40.812782287597656,39.66913604736328,40.11270523071289
48.60395812988281,46.263545989990234,45.18889236450195,45.12787628173828,45.93943786621094,47.50788497924805,47.30320739746094,48.23023223876953,49.54978561401367,49.435585021972656,51.377464294433594,49.24660873413086,45.75554275512695,46.19636535644531,48.45207595825195,49.478939056396484,49.62581253051758,51.6155891418457,53.557254791259766,52.94317626953125,51.36454772949219,50.482025146484375,50.34111404418945,50.35723114013672,50.30139923095703,52.114559173583984,54.272132873535156,51.25943374633789,44.65336227416992,41.406532287597656,41.914344787597656,43.08131790161133,42.89496994018555,41.56365966796875,40.878299713134766,41.470855712890625,42.54542541503906,43.49464416503906,44.169654846191406,44.445308685302734,44.262630462646484,44.08539581298828,44.26078414916992,44.63206100463867
46.45985794067383,46.42496109008789,46.873531341552734,47.292945861816406,48.41227340698242,49.95973587036133,50.57060623168945,50.96084976196289,52.02134323120117,52.454566955566406,52.2574462890625,50.989707946777344,49.698829650878906,49.9975700378418,50.96589660644531,51.43471145629883,51.93695831298828,52.910003662109375,53.3759880065918,51.45122146606445,47.862152099609375,45.2497673034668,44.98834228515625,46.19036865234375,47.20222854614258,48.57711410522461,50.70062255859375,52.32464599609375,50.05240249633789,44.774742126464844,41.1669807434082,40.149662017822266,40.112613677978516,40.432857513427734,41.40799331665039,42.5245246887207,43.485843658447266,44.281272888183594,44.86310577392578,45.16007614135742,45.49677658081055,46.12841033935547,46.92881774902344,47.14510726928711
44.4648551940918,45.31282043457031,46.61737060546875,47.299800872802734,48.33145523071289,49.82174301147461,51.12858581542969,51.791507720947266,52.7569580078125,53.72077941894531,53.58816146850586,53.27261734008789,53.761051177978516,54.789546966552734,55.22610855102539,54.73786544799805,54.2713623046875,54.417266845703125,54.5037727355957,53.40252685546875,51.09581756591797,48.630897521972656,47.35641860961914,47.61684036254883,48.67103958129883,49.45748519897461,49.69007110595703,50.29562759399414,49.98114013671875,47.45637130737305,43.677398681640625,40.54975128173828,39.146907806396484,39.69182205200195,41.64999008178711,43.50441360473633,44.74769973754883,45.64577865600586,46.36250305175781,46.64646911621094,47.09324264526367,48.03498077392578,49.02099609375,48.81293869018555
41.850345611572266,42.66064453125,44.213111877441406,45.207435607910156,46.27762985229492,47.832366943359375,49.37018585205078,50.46955490112305,51.405921936035156,52.38449478149414,52.9375114440918,53.469112396240234,54.43975830078125,55.45037078857422,56.006744384765625,55.91848373413086,55.406150817871094,55.047576904296875,55.061798095703125,55.0099983215332,54.62574005126953,54.005855560302734,53.429256439208984,53.12081527709961,52.98785400390625,52.797325134277344,52.95281982421875,53.42388916015625,53.269371032714844,51.87744140625,49.0898323059082,46.2476692199707,44.57292556762695,44.11912155151367,44.812068939208984,45.95500183105469,47.07853698730469,47.95137405395508,48.569000244140625,48.78767395019531,48.95400619506836,49.50670623779297,49.764503479003906,49.25713348388672
