data/wind_data/wind_43_2.json
{"header": {"parameterUnit": "KT", "parameterCategory": 2, "nx": 256, "ny": 198, "lo1": 44.73521041870117, "la1": -3.236724853515625, "lo2": 111.26478576660156, "la2": 43.468475341796875, "dx": 0.2609002888202667, "dy": -0.23708222806453705, "refTime": "2025-02-20 19:00:00", "forecastTime": 0, "parameterNumber": 2, "parameterNumberName": "eastward_wind"}, "data":
[rows 57 to 75 of 198, columns 129 to 171 of 256]
-18.882104873657227,-15.704962730407715,-9.970629692077637,-8.505265235900879,-10.788546562194824,-10.621570587158203,-11.080016136169434,-14.072908401489258,-15.186514854431152,-15.26955509185791,-15.05324649810791,-14.027165412902832,-13.118558883666992,-13.560072898864746,-13.771239280700684,-11.987298965454102,-11.128021240234375,-12.586519241333008,-13.52519416809082,-13.085310935974121,-12.719329833984375,-11.348150253295898,-9.639114379882812,-9.855118751525879,-10.42969036102295,-9.54121208190918,-10.222116470336914,-12.918803215026855,-13.180917739868164,-11.483285903930664,-11.655630111694336,-12.456920623779297,-12.637840270996094,-13.680527687072754,-13.424426078796387,-11.964638710021973,-12.166754722595215,-13.498067855834961,-14.580957412719727,-15.410941123962402,-15.501740455627441,-15.01253604888916,-14.809089660644531
-18.564966201782227,-16.456645965576172,-11.21963882446289,-8.372212409973145,-10.589309692382812,-11.60479736328125,-8.967427253723145,-11.592082977294922,-14.800795555114746,-15.68372631072998,-15.195907592773438,-14.016820907592773,-13.816764831542969,-14.729233741760254,-14.603625297546387,-12.567892074584961,-10.208523750305176,-11.289972305297852,-13.834639549255371,-13.082923889160156,-11.175782203674316,-10.358318328857422,-11.972224235534668,-10.41683292388916,-7.854045391082764,-9.571988105773926,-10.964681625366211,-11.534427642822266,-10.556408882141113,-11.177366256713867,-12.628000259399414,-13.334454536437988,-13.190584182739258,-12.072064399719238,-12.27973747253418,-13.949444770812988,-14.315536499023438,-13.326037406921387,-14.211126327514648,-15.519674301147461,-15.271474838256836,-15.236644744873047,-15.052501678466797
-16.504850387573242,-15.097052574157715,-11.95797348022461,-9.224964141845703,-10.004776954650879,-12.055015563964844,-11.625143051147461,-10.441205024719238,-13.997529029846191,-15.705960273742676,-15.638890266418457,-16.0042724609375,-16.59465980529785,-16.382272720336914,-15.204501152038574,-14.570856094360352,-12.58664321899414,-10.370896339416504,-10.543346405029297,-11.177952766418457,-9.36055850982666,-11.209136962890625,-11.945565223693848,-10.538641929626465,-8.712817192077637,-9.801119804382324,-10.361412048339844,-9.781641006469727,-9.748002052307129,-10.325462341308594,-11.33617115020752,-11.78879165649414,-12.392294883728027,-13.231344223022461,-13.78804874420166,-13.251298904418945,-12.82033634185791,-13.167497634887695,-13.62996768951416,-13.573460578918457,-13.917901039123535,-14.038322448730469,-14.154886245727539
-14.665594100952148,-14.170336723327637,-13.268972396850586,-10.652942657470703,-10.443901062011719,-12.454950332641602,-12.5743989944458,-11.985518455505371,-14.62415885925293,-16.517301559448242,-17.617801666259766,-18.455469131469727,-18.14358139038086,-17.353742599487305,-16.4351749420166,-15.05601692199707,-12.963031768798828,-11.728814125061035,-11.831542015075684,-10.619114875793457,-9.552903175354004,-10.154913902282715,-9.819232940673828,-9.717973709106445,-10.766585350036621,-9.39941692352295,-8.191208839416504,-9.452919006347656,-10.069198608398438,-10.208441734313965,-9.9170503616333,-10.838751792907715,-11.76334285736084,-12.19046401977539,-12.22095775604248,-12.179451942443848,-13.05099105834961,-13.029250144958496,-12.285338401794434,-12.372110366821289,-12.459845542907715,-13.084012031555176,-13.160146713256836
-14.615211486816406,-13.902238845825195,-13.283087730407715,-11.335491180419922,-10.832783699035645,-13.12501335144043,-14.851480484008789,-14.466873168945312,-15.860434532165527,-16.508981704711914,-17.214134216308594,-17.89647674560547,-17.777137756347656,-16.77104949951172,-15.972014427185059,-14.791557312011719,-12.321992874145508,-11.870463371276855,-12.838706016540527,-9.893519401550293,-6.97536563873291,-6.723747730255127,-8.436592102050781,-8.919684410095215,-10.104199409484863,-9.906356811523438,-8.248133659362793,-8.491785049438477,-9.77405834197998,-9.225090026855469,-9.487818717956543,-10.031105041503906,-10.896012306213379,-11.19564437866211,-11.501930236816406,-11.745487213134766,-12.151382446289062,-11.86553955078125,-11.849985122680664,-11.097492218017578,-10.88078784942627,-11.376204490661621,-11.876450538635254
-15.709217071533203,-13.928644180297852,-12.032757759094238,-10.532424926757812,-10.427974700927734,-12.600907325744629,-15.103839874267578,-14.15489387512207,-12.737937927246094,-13.491636276245117,-13.817423820495605,-14.619274139404297,-15.387216567993164,-14.982828140258789,-13.35002613067627,-10.716279983520508,-9.608193397521973,-10.982261657714844,-11.083077430725098,-8.860956192016602,-8.346049308776855,-7.873003959655762,-7.913825035095215,-10.188821792602539,-10.755151748657227,-8.985872268676758,-6.823976516723633,-7.898166179656982,-9.423686981201172,-9.439431190490723,-8.57777214050293,-8.358710289001465,-9.844000816345215,-10.715676307678223,-11.207331657409668,-11.025800704956055,-10.97243881225586,-10.918451309204102,-10.903824806213379,-10.115446090698242,-9.73749828338623,-9.675353050231934,-10.100167274475098
-15.641820907592773,-14.785476684570312,-12.391923904418945,-10.648176193237305,-10.678766250610352,-12.356603622436523,-14.230804443359375,-13.580833435058594,-11.225534439086914,-12.114775657653809,-12.074161529541016,-9.602408409118652,-7.822719097137451,-8.969951629638672,-10.976676940917969,-9.243179321289062,-9.061493873596191,-8.503564834594727,-8.049041748046875,-7.809875011444092,-7.109200477600098,-7.9721360206604,-8.156967163085938,-9.912616729736328,-9.263875007629395,-7.644662380218506,-7.857100963592529,-7.1809492111206055,-7.535223007202148,-8.45244026184082,-8.186835289001465,-7.550802707672119,-8.333051681518555,-9.825545310974121,-10.387974739074707,-9.725038528442383,-9.430045127868652,-10.281908988952637,-10.169219970703125,-9.51750659942627,-9.100855827331543,-8.66663932800293,-8.630694389343262
-14.908807754516602,-15.166573524475098,-13.85275650024414,-11.582283020019531,-10.446516036987305,-11.20407485961914,-12.787131309509277,-13.766425132751465,-12.900069236755371,-11.517925262451172,-10.163529396057129,-8.826398849487305,-7.3353495597839355,-6.671240329742432,-6.226180076599121,-9.647284507751465,-9.566494941711426,-11.013980865478516,-12.227426528930664,-9.488597869873047,-7.2230353355407715,-9.824207305908203,-8.572561264038086,-8.151581764221191,-8.427511215209961,-7.786533832550049,-7.362041473388672,-7.663099765777588,-7.449423789978027,-6.252707004547119,-7.211063861846924,-7.157052993774414,-7.641859531402588,-8.0498685836792,-8.347564697265625,-8.113032341003418,-8.43753433227539,-9.267595291137695,-9.507723808288574,-9.119953155517578,-8.62477970123291,-8.109773635864258,-7.7408952713012695
-14.475590705871582,-14.513850212097168,-14.068674087524414,-12.828970909118652,-10.723186492919922,-10.149491310119629,-11.724903106689453,-13.987971305847168,-13.948973655700684,-13.832207679748535,-13.311841011047363,-11.9535551071167,-11.311456680297852,-10.142361640930176,-8.939549446105957,-9.807941436767578,-10.593883514404297,-10.617874145507812,-10.49196720123291,-9.440402030944824,-9.632339477539062,-10.645345687866211,-10.109845161437988,-9.243870735168457,-8.285723686218262,-7.051579475402832,-6.691360950469971,-6.793520927429199,-6.1838507652282715,-6.1546950340271,-6.748884677886963,-5.985680103302002,-6.637387752532959,-6.916018962860107,-7.278588771820068,-7.457354545593262,-7.4153313636779785,-7.603818893432617,-8.309022903442383,-8.5896577835083,-8.158084869384766,-7.719820499420166,-7.180348873138428
-14.448668479919434,-13.812002182006836,-13.25232982635498,-12.54269027709961,-10.845317840576172,-9.866416931152344,-11.417378425598145,-14.556953430175781,-15.321673393249512,-16.460987091064453,-15.558073997497559,-14.012567520141602,-13.78752613067627,-13.131326675415039,-12.00772476196289,-12.04451847076416,-11.28798770904541,-9.582776069641113,-8.548626899719238,-8.375656127929688,-9.518440246582031,-10.619610786437988,-10.495979309082031,-8.338071823120117,-6.79385232925415,-7.6600751876831055,-7.24268102645874,-5.976938724517822,-5.716266632080078,-6.106760501861572,-5.769222259521484,-5.267938613891602,-5.435238838195801,-5.805232048034668,-6.110547065734863,-6.474972724914551,-6.707334518432617,-6.791087627410889,-7.003687858581543,-7.317807197570801,-7.5077409744262695,-7.265520095825195,-6.767594814300537
-14.188712120056152,-13.239500999450684,-12.345788955688477,-11.463401794433594,-10.489108085632324,-10.18715763092041,-11.947601318359375,-14.569868087768555,-14.700689315795898,-15.518658638000488,-15.07648754119873,-14.422698020935059,-13.645124435424805,-12.555068969726562,-13.85572624206543,-13.790687561035156,-11.620096206665039,-9.71883773803711,-9.062335968017578,-9.911640167236328,-10.497025489807129,-9.691521644592285,-8.098430633544922,-7.693256855010986,-7.277650356292725,-9.071039199829102,-7.210948467254639,-4.9986796379089355,-4.398613452911377,-6.243278503417969,-4.861534595489502,-4.728057384490967,-4.381725788116455,-4.591036796569824,-4.778541088104248,-5.125749111175537,-5.5708770751953125,-5.824454307556152,-5.975930690765381,-6.254915714263916,-6.561707019805908,-6.6028876304626465,-6.317378997802734
-13.572898864746094,-12.433991432189941,-11.654621124267578,-11.083494186401367,-10.4874267578125,-11.059183120727539,-13.047826766967773,-14.233977317810059,-13.356327056884766,-13.53434944152832,-13.453025817871094,-13.876976013183594,-14.203258514404297,-13.8911771774292,-13.962127685546875,-13.152997016906738,-11.366965293884277,-11.558423042297363,-12.358418464660645,-11.748266220092773,-11.642559051513672,-10.168059349060059,-7.8661603927612305,-6.5459160804748535,-8.101552963256836,-8.891863822937012,-7.196488380432129,-5.832859516143799,-4.945813179016113,-5.322526454925537,-4.242641448974609,-3.4248485565185547,-3.288496971130371,-3.9625165462493896,-3.35041880607605,-3.580455780029297,-3.918006658554077,-4.3892669677734375,-4.774128437042236,-5.156306266784668,-5.534605026245117,-5.710911273956299,-5.623035430908203
-12.596818923950195,-11.746389389038086,-11.178471565246582,-10.874711990356445,-10.707710266113281,-11.93886661529541,-13.725942611694336,-13.673956871032715,-12.0964937210083,-12.525365829467773,-12.976102828979492,-13.533103942871094,-14.012138366699219,-13.940403938293457,-12.635663986206055,-11.822361946105957,-12.062664985656738,-13.191286087036133,-13.243188858032227,-13.212307929992676,-12.906074523925781,-11.730883598327637,-9.986184120178223,-8.465799331665039,-7.9717254638671875,-8.240758895874023,-7.403188705444336,-6.746889591217041,-5.448098182678223,-4.964521884918213,-4.568989276885986,-3.165895938873291,-2.665163516998291,-2.5743486881256104,-2.226713180541992,-2.2357683181762695,-2.2949695587158203,-2.6188724040985107,-3.099712610244751,-3.715404748916626,-4.289677143096924,-4.676548480987549,-4.788156509399414
-11.390046119689941,-10.983135223388672,-10.8487548828125,-10.317235946655273,-10.0374116897583,-11.379862785339355,-12.72453498840332,-12.322786331176758,-11.13869571685791,-12.670992851257324,-13.728532791137695,-13.605408668518066,-13.484435081481934,-13.205142974853516,-12.325045585632324,-11.697660446166992,-11.797041893005371,-11.904403686523438,-11.736672401428223,-11.95601749420166,-11.75296401977539,-9.633524894714355,-8.243795394897461,-8.116595268249512,-6.90617561340332,-6.298821926116943,-6.33065128326416,-6.487135410308838,-5.518304347991943,-5.042784214019775,-4.497076034545898,-1.973289132118225,-2.3878886699676514,-2.086358070373535,-1.0556089878082275,-1.2393741607666016,-1.0722243785858154,-1.0366857051849365,-1.4328581094741821,-2.0848193168640137,-2.6690547466278076,-3.2291393280029297,-3.6763036251068115
-10.109746932983398,-10.364510536193848,-10.847453117370605,-9.7918701171875,-8.832860946655273,-9.630044937133789,-10.841409683227539,-10.545634269714355,-10.615269660949707,-12.441807746887207,-13.95177936553955,-13.267911911010742,-12.23263931274414,-12.241204261779785,-12.21939754486084,-12.446873664855957,-11.481966972351074,-11.247296333312988,-11.456212997436523,-11.666704177856445,-11.449342727661133,-10.267049789428711,-10.304839134216309,-9.655547142028809,-8.527892112731934,-7.881967067718506,-6.708304405212402,-6.602950572967529,-5.373561859130859,-7.07755184173584,-5.862015724182129,-1.7579517364501953,-1.5772671699523926,-2.0452935695648193,-0.07791430503129959,-0.19180557131767273,-0.41671180725097656,-0.5295001268386841,-0.30291321873664856,-0.6342957019805908,-1.2502565383911133,-1.5512428283691406,-2.0632388591766357
-10.166646003723145,-10.604046821594238,-10.991393089294434,-9.002755165100098,-7.568269729614258,-8.227691650390625,-9.521705627441406,-9.637214660644531,-10.26388168334961,-11.74365234375,-12.373197555541992,-10.971632957458496,-11.373644828796387,-11.319878578186035,-10.73469066619873,-10.36244010925293,-11.296838760375977,-10.94819164276123,-10.89139461517334,-10.699304580688477,-10.366695404052734,-10.200862884521484,-10.679482460021973,-11.574674606323242,-11.255928039550781,-10.104376792907715,-8.347498893737793,-6.160892009735107,-4.834851264953613,-6.313494682312012,-4.391548156738281,-3.918121099472046,-1.665989637374878,-1.2761855125427246,0.7217556238174438,0.46620044112205505,0.49971628189086914,0.592411458492279,0.27430301904678345,-0.07656312733888626,-0.16221417486667633,-0.3957380950450897,-0.5771077275276184
-10.788400650024414,-10.930975914001465,-10.964975357055664,-8.389201164245605,-6.681993007659912,-7.283011436462402,-8.905879974365234,-9.562241554260254,-9.815150260925293,-10.842458724975586,-10.317513465881348,-8.39334487915039,-10.017390251159668,-10.660612106323242,-9.437488555908203,-8.688584327697754,-10.001306533813477,-10.989035606384277,-10.862909317016602,-10.173746109008789,-9.199103355407715,-9.303993225097656,-9.987679481506348,-10.64233684539795,-10.605095863342285,-10.637558937072754,-9.940574645996094,-7.8678789138793945,-7.103943824768066,-7.071279048919678,-6.241249084472656,-5.468081474304199,-3.3174734115600586,-1.4653815031051636,0.3479838967323303,1.0377360582351685,0.5243900418281555,1.1470730304718018,1.0111278295516968,0.6900773644447327,0.48679861426353455,0.42923539876937866,0.29852285981178284
-9.462640762329102,-8.483061790466309,-9.722381591796875,-8.573504447937012,-5.816232204437256,-6.27977991104126,-7.626743316650391,-8.630764961242676,-9.078953742980957,-9.966991424560547,-8.26928424835205,-6.957610607147217,-9.00971508026123,-9.75918960571289,-9.187572479248047,-8.105962753295898,-7.8874125480651855,-10.065271377563477,-10.937246322631836,-10.890237808227539,-10.17965030670166,-9.90903377532959,-10.245098114013672,-10.530041694641113,-10.108078002929688,-10.885758399963379,-10.728272438049316,-9.855866432189941,-9.205050468444824,-8.582274436950684,-7.400024890899658,-5.637625694274902,-3.950211763381958,-2.7943997383117676,-1.419918417930603,-0.30017992854118347,0.08784609287977219,0.13874158263206482,0.6540626287460327,0.7692508697509766,0.6321552991867065,0.4769080579280853,0.354889839887619
-5.372596263885498,-3.9734840393066406,-7.235016822814941,-8.88818645477295,-6.385630130767822,-5.803272724151611,-6.429286956787109,-7.49422550201416,-7.965401649475098,-8.387441635131836,-8.02894115447998,-7.584177494049072,-8.048759460449219,-8.04694652557373,-8.211530685424805,-8.162328720092773,-7.4302978515625,-7.964273452758789,-9.520902633666992,-10.270567893981934,-9.339674949645996,-9.017783164978027,-9.194751739501953,-9.952146530151367,-8.56226921081543,-9.636393547058105,-10.526037216186523,-10.642053604125977,-9.49732494354248,-7.518691062927246,-7.452852725982666,-6.582801818847656,-6.142027378082275,-5.3453688621521,-3.88759183883667,-1.8167227506637573,-1.661972999572754,-1.204479694366455,-0.8058233857154846,-0.6277443766593933,-0.6751585006713867,-0.860224187374115,-0.9013382792472839
