data/wind_data/wind_2025-02-19_20.json
{"header": {"parameterUnit": "KT", "parameterCategory": 2, "nx": 255, "ny": 198, "lo1": 44.73521041870117, "la1": -3.236724853515625, "lo2": 111.26478576660156, "la2": 43.468475341796875, "dx": 0.26192745566368103, "dy": -0.23708222806453705, "refTime": "2025-02-19 20:00:00", "forecastTime": 0, "parameterNumber": 3, "parameterNumberName": "northward_wind"}, "data":
[rows 0 to 18 of 198, columns 86 to 128 of 255]
-2.119694709777832,-2.1045892238616943,-1.895477533340454,-1.7892634868621826,-1.8904902935028076,-2.0747547149658203,-2.317783832550049,-2.5371484756469727,-2.6049017906188965,-2.5848965644836426,-2.5096209049224854,-2.562922239303589,-2.6717753410339355,-2.6939620971679688,-2.627671480178833,-2.5436627864837646,-2.4617233276367188,-2.302846908569336,-2.126852512359619,-1.898086428642273,-1.6934914588928223,-1.575170874595642,-1.4754794836044312,-1.2623990774154663,-1.0965875387191772,-1.0906497240066528,-0.9992133975028992,-0.7987560033798218,-0.5851980447769165,-0.3827894926071167,-0.07992099970579147,0.2883148789405823,0.3641785681247711,0.2015053778886795,-0.43912962079048157,-1.4756180047988892,-2.210446357727051,-2.772458076477051,-3.326519250869751,-3.7141852378845215,-3.573690414428711,-3.2322728633880615,-2.9175596237182617
-1.9287877082824707,-1.9544583559036255,-1.7899905443191528,-1.6949505805969238,-1.9056951999664307,-2.1489758491516113,-2.4372479915618896,-2.669307231903076,-2.686769485473633,-2.6265997886657715,-2.5467476844787598,-2.630500316619873,-2.76802921295166,-2.717467784881592,-2.5215938091278076,-2.3865597248077393,-2.2692432403564453,-2.05639386177063,-1.8492927551269531,-1.6830286979675293,-1.5625985860824585,-1.5248491764068604,-1.491216778755188,-1.357925534248352,-1.2488505840301514,-1.2308897972106934,-1.11019766330719,-0.8731999397277832,-0.6676346063613892,-0.5447443723678589,-0.31167641282081604,0.039628006517887115,0.008716919459402561,-0.32452186942100525,-1.2037948369979858,-2.5139291286468506,-3.201827049255371,-3.487138032913208,-3.6323013305664062,-3.642331838607788,-3.565228223800659,-3.4336516857147217,-3.221069812774658
-1.73772132396698,-1.7942169904708862,-1.864046573638916,-1.8309683799743652,-2.023641586303711,-2.158945083618164,-2.416522264480591,-2.5664656162261963,-2.614230155944824,-2.602621078491211,-2.5696256160736084,-2.5165493488311768,-2.4114465713500977,-2.2947700023651123,-2.203016996383667,-2.133984327316284,-1.9983549118041992,-1.817957878112793,-1.6587653160095215,-1.639957308769226,-1.7022316455841064,-1.772496223449707,-1.7658907175064087,-1.6697092056274414,-1.4963428974151611,-1.2925353050231934,-1.1093964576721191,-0.9283050894737244,-0.8575223684310913,-0.9558821320533752,-1.1152031421661377,-1.2095954418182373,-1.5893518924713135,-2.146758794784546,-2.8978917598724365,-3.6283974647521973,-3.9315028190612793,-4.041357517242432,-4.053434371948242,-3.9727022647857666,-3.891378402709961,-3.8319292068481445,-3.760939598083496
-1.783104658126831,-1.6151015758514404,-1.8762844800949097,-1.9877979755401611,-2.147792339324951,-2.268134355545044,-2.3709876537323,-2.432723045349121,-2.537179946899414,-2.5347237586975098,-2.476830005645752,-2.3872272968292236,-2.226148843765259,-2.235159397125244,-2.5021297931671143,-2.6547482013702393,-2.5295188426971436,-2.3045732975006104,-1.9800260066986084,-1.983341932296753,-2.256263494491577,-2.5319290161132812,-2.7674572467803955,-2.7595951557159424,-2.5771238803863525,-2.476113796234131,-2.8840837478637695,-3.118347406387329,-3.218870162963867,-3.3654491901397705,-3.952228546142578,-4.493590354919434,-5.149179935455322,-5.309779644012451,-5.683654308319092,-5.698139667510986,-5.313179969787598,-5.445318698883057,-5.5357208251953125,-5.490593910217285,-5.259413242340088,-5.166749954223633,-5.104931831359863
-0.48244765400886536,-0.07519073784351349,-0.3675179183483124,-0.4718998372554779,-0.5629411339759827,-0.8158162236213684,-1.02830970287323,-1.161137342453003,-1.3412511348724365,-1.3989250659942627,-1.3294904232025146,-1.3239033222198486,-1.4200780391693115,-1.7986878156661987,-2.023266553878784,-2.170548677444458,-1.9838193655014038,-1.8646275997161865,-1.5495128631591797,-1.4569053649902344,-1.6627901792526245,-1.6862419843673706,-1.8201979398727417,-1.702069878578186,-1.189864993095398,-0.8085936307907104,-0.356074720621109,-0.2519575357437134,-2.0448336601257324,-2.5461180210113525,-3.7668991088867188,-4.45911169052124,-5.237372875213623,-4.616330146789551,-5.009768009185791,-5.2796854972839355,-4.986544609069824,-5.3745269775390625,-5.48936653137207,-5.334952354431152,-5.063559055328369,-5.046737194061279,-4.909913063049316
0.1348438858985901,0.6618448495864868,0.5102741122245789,0.48713767528533936,0.305909126996994,-0.06412017345428467,-0.5925912857055664,-0.9403026700019836,-1.177722454071045,-1.3245069980621338,-1.2527083158493042,-1.3068448305130005,-1.5741490125656128,-2.040938377380371,-1.943445086479187,-1.2448705434799194,-0.9672413468360901,-1.3266054391860962,-1.602193832397461,-1.7743738889694214,-1.667762041091919,-1.3534901142120361,-0.6903101205825806,-0.3301141858100891,-0.10806044936180115,0.28359898924827576,0.5214405059814453,0.42119815945625305,-0.37283608317375183,-1.3040473461151123,-1.3836063146591187,-1.784011721611023,-2.100175380706787,-2.202153444290161,-2.536794662475586,-3.2441017627716064,-4.255649089813232,-4.238546848297119,-4.135092258453369,-3.9520158767700195,-3.8640084266662598,-3.9422459602355957,-4.1667938232421875
0.5837026834487915,0.9671818017959595,1.0023248195648193,0.891781210899353,0.5325999855995178,0.2519809603691101,-0.3211175501346588,-0.8242771029472351,-1.1397531032562256,-1.2483460903167725,-0.9447111487388611,-1.3081998825073242,-1.44663405418396,-1.980968713760376,-2.4621737003326416,-0.3823678195476532,0.02667664922773838,-0.4472683370113373,-0.661179780960083,-1.950852632522583,-1.493606686592102,-1.3574641942977905,0.2757626175880432,0.024102546274662018,0.09742258489131927,-0.01788986474275589,0.7855660319328308,-0.43836510181427,-0.8903036117553711,0.4783494472503662,1.0274244546890259,-0.40817973017692566,-0.7747690677642822,-1.3943206071853638,-1.850122094154358,-2.4251151084899902,-3.125044822692871,-2.991607189178467,-2.806417942047119,-2.906878709793091,-3.1294751167297363,-3.4685261249542236,-4.034795761108398
1.0427510738372803,1.222301721572876,1.3463544845581055,1.340989112854004,0.8869826793670654,0.9637221097946167,0.608048677444458,0.0834563672542572,-0.44315603375434875,-0.5767685174942017,0.09179307520389557,-0.8901286125183105,-0.9255433678627014,-1.5170562267303467,-3.2703309059143066,-1.238499402999878,-1.411678433418274,0.09184308350086212,0.8099186420440674,-1.1118065118789673,-1.122678279876709,-0.8488032817840576,0.24753031134605408,0.669721245765686,0.6843858957290649,2.065465211868286,2.6744256019592285,1.2318930625915527,1.8165136575698853,3.4447145462036133,1.3505531549453735,0.05170223489403725,-0.47467997670173645,-1.0621134042739868,-1.5960254669189453,-1.8472038507461548,-1.8253504037857056,-1.9837454557418823,-2.0225412845611572,-2.245100975036621,-2.7213668823242188,-3.12528657913208,-3.588749885559082
0.14041689038276672,0.06488504260778427,0.41614314913749695,0.41831493377685547,0.6332750916481018,1.3242491483688354,0.8103851079940796,0.35067445039749146,-0.42011338472366333,-0.2274838536977768,-1.0631756782531738,-1.5568008422851562,-1.5864157676696777,-2.250792980194092,-3.4242324829101562,-2.315063953399658,-0.8413583040237427,-0.11565304547548294,0.8188018798828125,-0.47099772095680237,-1.0390963554382324,-0.3305710554122925,-1.675106167793274,-0.31346169114112854,-0.3330857455730438,0.2742695212364197,-2.0647029876708984,-1.4687693119049072,2.234454870223999,2.4186792373657227,-0.07023707032203674,-0.22929072380065918,-0.4747055768966675,-0.8385224342346191,-1.1537714004516602,-1.1952985525131226,-1.2893950939178467,-1.3911828994750977,-1.4484513998031616,-1.660975456237793,-2.0714340209960938,-2.418936252593994,-3.158238410949707
-1.3859031200408936,-1.553346037864685,-1.0584948062896729,-1.022146224975586,0.5021341443061829,1.4834486246109009,1.1047000885009766,-0.1887792944908142,-1.0664241313934326,-0.6613758206367493,-1.508336067199707,-1.3970454931259155,-2.5387444496154785,-3.1073527336120605,-2.53800630569458,-1.054403305053711,0.18390561640262604,-0.021853135898709297,-1.0884445905685425,-1.19318425655365,-0.506413996219635,0.9306270480155945,-0.9069064259529114,-0.1928328573703766,-0.34816229343414307,-2.825453996658325,-1.6633473634719849,-1.1962472200393677,0.16310828924179077,0.7322871088981628,0.4400717616081238,-0.38239991664886475,-0.16110169887542725,-0.3687066435813904,-0.4400480091571808,-0.49396055936813354,-0.5442987680435181,-0.5396086573600769,-0.4674593508243561,-0.648550271987915,-0.8284754157066345,-0.8403480648994446,-2.199831962585449
-2.630876302719116,-2.969345808029175,-2.903107166290283,-2.727231979370117,-0.2218829095363617,0.0055563063360750675,-0.8813472390174866,-2.31545352935791,-3.13950514793396,-2.2540955543518066,1.8615071773529053,0.3444468080997467,-1.1957677602767944,-2.4658305644989014,-2.8980820178985596,-2.4557223320007324,-3.0991322994232178,-1.4123687744140625,-4.294726848602295,-4.51064395904541,-2.355578899383545,-2.074591636657715,-1.885170817375183,-1.8698698282241821,-0.784474790096283,-2.578615427017212,-1.5325970649719238,-1.728011965751648,0.5170074105262756,-2.872637987136841,0.025813085958361626,0.4344170391559601,-1.0631173849105835,-0.6123237609863281,-0.6751869916915894,-0.23282527923583984,-0.21784046292304993,-0.17626219987869263,-0.11869575828313828,-0.3361017405986786,-0.4604424834251404,-0.06313768029212952,-0.8742411136627197
-1.7556692361831665,-2.9928414821624756,-3.673771619796753,-4.411937236785889,-3.3302183151245117,-1.5222948789596558,-3.1755881309509277,-4.064062595367432,-4.275313377380371,-4.514801502227783,-1.403720736503601,-0.16710877418518066,-0.5790468454360962,-2.233288526535034,-4.105559825897217,-3.2613065242767334,-1.5601582527160645,-2.8158299922943115,-2.484949827194214,-2.5021536350250244,-1.5582168102264404,-3.3868935108184814,-2.6223549842834473,-2.642375946044922,-2.481987953186035,-2.096489429473877,-3.5896034240722656,-5.669167995452881,-5.127617359161377,-5.302812576293945,-1.3444788455963135,0.27228930592536926,-1.31166672706604,-1.89590585231781,-1.7333307266235352,-0.748096227645874,-0.36712881922721863,-0.2889876067638397,-0.2901707887649536,-0.7151331901550293,-1.3465608358383179,-1.1094666719436646,-1.0093430280685425
-4.416706562042236,-3.5907204151153564,-4.584069728851318,-6.8688435554504395,-7.625361442565918,-4.768022537231445,-4.671087265014648,-5.451944828033447,-4.826593399047852,-5.5299272537231445,-7.208164215087891,-6.167597770690918,-4.684666156768799,-3.7998135089874268,-4.360444068908691,-4.515085697174072,-3.385531425476074,-4.077801704406738,-1.687242031097412,-0.6102432012557983,-0.014603106305003166,-0.3418172597885132,-1.7729251384735107,-2.3975062370300293,-1.9142464399337769,-1.1809695959091187,-2.697314739227295,-5.110591411590576,-6.791743278503418,-4.774555206298828,-4.840166091918945,-4.304678916931152,-2.6337945461273193,-2.7990291118621826,-2.6661934852600098,-1.5274769067764282,-1.0959463119506836,-1.1018383502960205,-1.0820705890655518,-1.5815985202789307,-2.4817450046539307,-2.742699146270752,-2.6567070484161377
-7.295809268951416,-5.801614284515381,-6.316500663757324,-8.151819229125977,-8.724682807922363,-8.6061429977417,-6.896052837371826,-6.260408878326416,-5.339023590087891,-5.753406047821045,-7.253917694091797,-8.921487808227539,-6.987708568572998,-4.85660457611084,-3.453247547149658,-5.88184118270874,-6.7054443359375,-6.065305233001709,-3.7244441509246826,-1.4450453519821167,-2.6518447399139404,-3.1875433921813965,-3.8802425861358643,-3.3470730781555176,-1.1968953609466553,-0.9529879689216614,-3.5471436977386475,-4.654752731323242,-3.9458377361297607,-4.278671741485596,-5.605066299438477,-5.5554070472717285,-3.73471999168396,-1.8715146780014038,-1.6898003816604614,-2.144871711730957,-1.7263094186782837,-1.6453487873077393,-1.3523156642913818,-1.950786828994751,-2.3922815322875977,-2.3999409675598145,-2.313805103302002
-7.265434265136719,-7.023670196533203,-6.874000549316406,-7.267294406890869,-8.077773094177246,-8.665780067443848,-7.33457088470459,-5.812819004058838,-4.957365036010742,-6.411242961883545,-7.779553413391113,-8.028227806091309,-6.823527812957764,-5.605365753173828,-4.2700066566467285,-5.079521656036377,-4.6111040115356445,-6.615443706512451,-5.373053550720215,-3.5728063583374023,-4.8974761962890625,-5.321217060089111,-5.434748649597168,-5.06315279006958,-4.907467365264893,-3.801494598388672,-4.430226802825928,-5.542069435119629,-4.073971271514893,-2.9289748668670654,-3.6292672157287598,-3.433436155319214,-2.2002623081207275,-0.9480279088020325,-0.49251651763916016,-0.7322207093238831,-1.531787633895874,-2.535700798034668,-1.8025915622711182,-1.2059566974639893,-0.608016848564148,-0.4978199303150177,-1.0436595678329468
-6.859942436218262,-6.289198398590088,-6.464205265045166,-7.475093364715576,-8.291200637817383,-7.833849906921387,-6.883477210998535,-5.696342468261719,-5.925496578216553,-5.3907999992370605,-6.391880512237549,-6.478011131286621,-6.3541364669799805,-6.860754489898682,-6.93431282043457,-4.67997932434082,-3.8196544647216797,-6.2551069259643555,-7.332026958465576,-5.8149213790893555,-4.02904748916626,-3.111240863800049,-4.468432903289795,-6.419511318206787,-6.707005977630615,-5.284582138061523,-4.097409725189209,-4.387363433837891,-5.347529888153076,-4.826655387878418,-2.177643299102783,-2.8348677158355713,-2.467991828918457,-1.9416269063949585,-0.971044659614563,0.1811971366405487,-0.0036684121005237103,-0.7908892035484314,-0.5993183851242065,-0.11243823170661926,0.8022909164428711,0.5256284475326538,-0.27057406306266785
-6.9008002281188965,-7.005249977111816,-7.47381067276001,-8.159570693969727,-7.84808349609375,-7.388000011444092,-7.873178005218506,-8.366667747497559,-6.919689178466797,-5.748575687408447,-6.304863929748535,-6.445422172546387,-7.067672252655029,-7.188551902770996,-6.431541919708252,-3.2254579067230225,-4.088461399078369,-5.573627948760986,-6.152017116546631,-4.60933780670166,-3.433817148208618,-2.5711872577667236,-2.6027965545654297,-4.541390895843506,-5.161345958709717,-4.194183349609375,-3.177980899810791,-4.146665096282959,-5.250751972198486,-3.702671766281128,-2.0924198627471924,-2.2796390056610107,-2.3158864974975586,-1.2270586490631104,-0.7459959387779236,-0.7547925710678101,-0.4130170941352844,-0.38070058822631836,0.3684138357639313,0.16720055043697357,1.01218843460083,0.4359405040740967,0.06125878170132637
-7.489908695220947,-7.555723190307617,-7.703365325927734,-7.466350078582764,-7.054843425750732,-7.203978538513184,-8.227846145629883,-8.387757301330566,-5.9204301834106445,-6.278146743774414,-6.825806140899658,-7.245067596435547,-7.198587417602539,-6.715178489685059,-5.613787651062012,-4.628177642822266,-4.274017333984375,-5.800865650177002,-5.001431941986084,-4.720373153686523,-4.269007682800293,-3.4281036853790283,-2.4500350952148438,-2.5335512161254883,-3.720038890838623,-2.7984347343444824,-2.2851293087005615,-3.6709067821502686,-2.6760737895965576,-0.5694310665130615,-2.004662036895752,-1.898655891418457,-1.6274571418762207,-1.0520291328430176,-1.2144702672958374,-1.2658287286758423,-0.7398986220359802,1.0879559516906738,1.7091689109802246,0.05920061841607094,0.22939269244670868,1.346332311630249,-0.9923312664031982
-7.3471293449401855,-7.03687858581543,-7.070995807647705,-7.281980037689209,-7.514222621917725,-7.948822975158691,-7.528018474578857,-6.255908012390137,-4.636958122253418,-4.730496406555176,-5.232344627380371,-5.633598327636719,-5.468700885772705,-6.4595112800598145,-7.389655590057373,-8.67573356628418,-8.343038558959961,-7.259117603302002,-5.632889270782471,-5.756721019744873,-5.684803009033203,-5.449874401092529,-5.011458873748779,-4.251281261444092,-4.508979797363281,-3.035048484802246,-0.9514520764350891,-4.18519401550293,-4.902651786804199,-3.1807913780212402,-1.8860538005828857,-2.468242645263672,-3.0434064865112305,-4.15338659286499,-4.056142807006836,-1.5854501724243164,0.5589339137077332,2.281095504760742,1.1653321981430054,-0.8932138681411743,-1.530078649520874,-0.17373594641685486,-2.0793769359588623
