data/wind_data/wind_26_2.json
{"header": {"parameterUnit": "KT", "parameterCategory": 2, "nx": 256, "ny": 198, "lo1": 44.73521041870117, "la1": -3.236724853515625, "lo2": 111.26478576660156, "la2": 43.468475341796875, "dx": 0.2609002888202667, "dy": -0.23708222806453705, "refTime": "2025-02-20 02:00:00", "forecastTime": 0, "parameterNumber": 2, "parameterNumberName": "eastward_wind"}, "data":
[rows 38 to 56 of 198, columns 86 to 128 of 256]
-9.839741706848145,-9.720063209533691,-8.719018936157227,-8.594922065734863,-6.83841609954834,-4.297505855560303,-6.895815372467041,-5.282079219818115,-5.910369873046875,-5.369082450866699,-7.2530317306518555,-5.257054328918457,-4.044087886810303,-3.8421201705932617,-3.0888640880584717,-4.534203052520752,-2.3669252395629883,-4.237400054931641,-3.223019599914551,-2.9115238189697266,-1.7320843935012817,-2.927208423614502,-1.0689946413040161,-1.1565043926239014,-1.2937229871749878,-0.24100276827812195,-1.5293548107147217,0.28023892641067505,-2.578152656555176,-0.9640997052192688,-1.4617840051651,0.08184205740690231,-1.5594465732574463,-0.5419562458992004,0.08945706486701965,0.14288699626922607,-0.6399427652359009,-1.129126787185669,-1.7150946855545044,-4.554115295410156,-4.508440971374512,0.8625240325927734,-7.616048336029053
-9.254700660705566,-8.671111106872559,-8.823410034179688,-6.833128452301025,-6.384329319000244,-6.466666221618652,-5.592365741729736,-5.466404914855957,-5.361549377441406,-6.756562232971191,-3.705390453338623,-2.833589792251587,-6.022658348083496,-3.9958033561706543,-0.37793612480163574,-4.507261753082275,-2.167924404144287,-3.306145429611206,-1.2416763305664062,-1.5573652982711792,-1.9532784223556519,-0.9235783219337463,-1.0137990713119507,-0.4828742444515228,-0.6834949851036072,-1.1219830513000488,-1.2222479581832886,-0.5996079444885254,-1.192384123802185,-1.1419085264205933,-0.7362297177314758,0.33702602982521057,-1.0347952842712402,0.2369149625301361,-1.1762645244598389,1.4929471015930176,-1.1141481399536133,-0.3823883533477783,-1.1087013483047485,-3.1048858165740967,-3.6790831089019775,-4.372435092926025,-6.873784065246582
-10.006431579589844,-9.102375984191895,-8.551629066467285,-7.501192092895508,-7.288050174713135,-6.864133834838867,-4.792050361633301,-5.828453540802002,-6.549729824066162,-9.20715618133545,-6.016866207122803,-3.4016644954681396,-5.705968379974365,-3.2035951614379883,-3.5014150142669678,-2.723222017288208,-4.073731422424316,-0.2930240035057068,-2.698395252227783,-1.8849815130233765,-1.792130470275879,-1.4763325452804565,-2.861135244369507,-0.736248254776001,-1.395639419555664,-0.42989087104797363,-1.6236242055892944,-0.8447688817977905,-2.980684995651245,-0.2936319410800934,-1.2245548963546753,-1.2345223426818848,-0.33966800570487976,0.3085540235042572,-1.4789079427719116,1.4827607870101929,-1.7021042108535767,-1.1462974548339844,-1.2524569034576416,-3.3588240146636963,-5.789646148681641,-6.340982437133789,-3.790616512298584
-9.17349910736084,-10.378534317016602,-8.278605461120605,-5.7030534744262695,-6.052518844604492,-6.930634498596191,-3.952104330062866,-3.88531231880188,-5.6608123779296875,-9.005038261413574,-9.183850288391113,-6.346741676330566,-4.051469326019287,-3.1595842838287354,-4.573081970214844,-1.9580384492874146,-4.65664529800415,0.8346286416053772,-4.463636875152588,-1.865474820137024,-4.1547722816467285,-2.274451494216919,-3.194974184036255,-0.781396210193634,-2.8363497257232666,-2.279254913330078,-1.111175537109375,-2.0648484230041504,-1.9130302667617798,-1.6591423749923706,-0.9596433639526367,-1.7880877256393433,-0.3729925751686096,-1.7824420928955078,0.20253540575504303,-1.8343623876571655,-0.9090597033500671,-1.4671852588653564,-2.9320828914642334,-4.770008563995361,-6.852888584136963,-6.701131343841553,-6.312216281890869
-8.007437705993652,-8.69721794128418,-6.9215521812438965,-3.5492470264434814,-4.9152350425720215,-7.445864677429199,-2.8640806674957275,-1.9341678619384766,-4.117478370666504,-4.678767204284668,-6.782309055328369,-5.137002944946289,-3.463141679763794,-5.035893440246582,-1.5707229375839233,-1.7802515029907227,-4.267513275146484,-0.40334051847457886,-5.5905914306640625,-2.86897873878479,-3.022831439971924,-3.2023630142211914,-2.4592196941375732,-1.8836461305618286,-2.9816699028015137,-2.2342112064361572,-2.7241296768188477,-1.9063599109649658,-2.0906240940093994,-1.9853410720825195,-1.7071044445037842,-2.3716752529144287,-0.8718359470367432,-2.1191482543945312,-0.5345527529716492,-4.501081943511963,1.8611232042312622,-2.2809231281280518,-4.119259357452393,-5.618619441986084,-7.455089569091797,-7.861913681030273,-9.1768159866333
-8.016202926635742,-5.375868797302246,-6.073278427124023,-4.414187908172607,-1.599692940711975,-6.244477272033691,-4.174062252044678,-4.235471248626709,-1.9554704427719116,-1.9980823993682861,-5.335034370422363,-2.605893135070801,-5.171909332275391,-3.012578010559082,-2.1674022674560547,-2.696794033050537,-2.110008478164673,-2.2150678634643555,-2.62312650680542,-1.6646748781204224,-1.317954182624817,-4.2213873863220215,-0.5695385932922363,-3.7467448711395264,-1.6813589334487915,-0.4211597144603729,-3.0247514247894287,-2.4842240810394287,-1.481156826019287,-1.669389247894287,-1.3359031677246094,-1.5722951889038086,-2.6613047122955322,-1.2462302446365356,-4.1178107261657715,-4.602480411529541,2.766461133956909,-1.600656509399414,-4.856690406799316,-6.310934543609619,-9.318876266479492,-10.6971435546875,-10.215468406677246
-8.038293838500977,-4.390894412994385,-7.063320159912109,-6.396170616149902,-2.590390205383301,-5.455245494842529,-6.125198841094971,-1.5897855758666992,-2.251378297805786,-3.7508492469787598,-6.434819221496582,-5.65768575668335,-3.346334934234619,-2.0105385780334473,-2.367262840270996,-2.460756778717041,-1.9919883012771606,-1.7359963655471802,0.2285565286874771,0.3907665014266968,-1.8461661338806152,-3.1421873569488525,0.7180097103118896,-3.626589059829712,-0.9380460381507874,0.384849488735199,-3.134070634841919,-2.0109407901763916,-2.665285587310791,-0.935958743095398,-2.8668086528778076,0.758492112159729,-4.961726188659668,-0.7738166451454163,-4.537212371826172,-1.8705083131790161,-0.20099899172782898,-1.8750314712524414,-6.138796329498291,-8.773436546325684,-10.426875114440918,-10.97028923034668,-9.713653564453125
-8.192829132080078,-6.17108154296875,-6.017595291137695,-5.288060188293457,-4.420934200286865,-5.076365947723389,-5.8287434577941895,-3.627938985824585,-4.734053134918213,-4.777618885040283,-4.289970397949219,-4.227853775024414,-5.242894172668457,-2.7341926097869873,-0.23929330706596375,-3.4246864318847656,-2.2571465969085693,-1.5322308540344238,-0.9220834374427795,-1.584539771080017,-3.2883694171905518,-0.24240407347679138,-3.9174296855926514,-1.6919723749160767,-1.5732803344726562,-2.962904453277588,-3.164324998855591,-1.2878025770187378,-3.412597894668579,-0.89791339635849,-4.7533087730407715,0.6327152252197266,-4.018809795379639,-1.0946084260940552,-1.1529967784881592,-1.1304255723953247,-1.644228458404541,-4.497573375701904,-8.620956420898438,-9.165789604187012,-7.101260185241699,-8.70655632019043,-12.046030044555664
-8.335214614868164,-7.115549087524414,-5.595076560974121,-6.548556804656982,-4.646584987640381,-4.741063117980957,-6.035178184509277,-3.785832643508911,-3.918236017227173,-4.6505961418151855,-2.1142401695251465,-6.0013933181762695,-5.381618022918701,-2.6880011558532715,-1.0294386148452759,-3.318617105484009,-2.767235517501831,-1.940138339996338,-2.4437429904937744,-5.3807268142700195,-5.248494625091553,0.4028478264808655,-3.027935266494751,-2.9506492614746094,-5.251208782196045,-5.993528842926025,-4.034824371337891,-2.3833250999450684,-3.776764392852783,-3.106027126312256,-4.8462748527526855,-3.0450072288513184,0.6066683530807495,-5.9734954833984375,0.5848084688186646,-2.9656050205230713,-0.96815425157547,-5.494723796844482,-10.086054801940918,-10.547710418701172,-6.295044898986816,-8.372559547424316,-10.340829849243164
-8.412583351135254,-6.3769707679748535,-8.306839942932129,-8.86623764038086,-5.121861457824707,-2.3252627849578857,-6.510800838470459,-5.7881059646606445,0.01908206008374691,-5.878803253173828,-0.13845869898796082,-5.870838165283203,-4.275007724761963,-2.8417880535125732,-1.4318138360977173,-3.568436622619629,-3.341137170791626,-3.2418997287750244,-2.0723931789398193,-3.619148015975952,-4.202815532684326,-4.920403003692627,1.177128553390503,-0.061858244240283966,-1.4619407653808594,-3.6038818359375,-2.315354585647583,-5.965446472167969,-4.525420665740967,-4.369538307189941,-2.161407470703125,-5.179195880889893,-4.1584553718566895,-1.4368528127670288,-3.4802818298339844,-0.8252148628234863,-1.0152209997177124,-4.4852471351623535,-9.737173080444336,-10.041939735412598,-4.873426914215088,-5.249026298522949,-8.640804290771484
-7.397289752960205,-3.1610875129699707,-7.318985462188721,-8.916238784790039,-3.991623878479004,0.202434241771698,-6.0504865646362305,-6.462407112121582,2.5759358406066895,-3.9257259368896484,-4.277725696563721,-4.509946823120117,-6.588136672973633,-5.7447428703308105,-3.1679177284240723,-2.664888858795166,-3.2659308910369873,-2.9321577548980713,-2.115936756134033,-1.824393391609192,-3.318622350692749,-2.5013725757598877,1.1264631748199463,-1.895171880722046,0.45043155550956726,0.30601802468299866,1.2572182416915894,-2.3823890686035156,-2.1876282691955566,-1.590896487236023,3.092780590057373,-2.2955565452575684,-4.908017635345459,-2.2840545177459717,-3.2702205181121826,-2.900693893432617,-0.6103625893592834,-3.7891032695770264,-11.633545875549316,-13.370689392089844,-5.922709941864014,-5.188785552978516,-6.985897064208984
-5.573302745819092,-3.594808340072632,-5.726522445678711,-6.227780818939209,-4.507847785949707,-1.1519898176193237,-4.976321220397949,-4.953409671783447,-1.217628002166748,-3.9018657207489014,-4.10058069229126,-2.557888984680176,-5.706427574157715,-7.304410934448242,-4.566341876983643,0.5054727792739868,-0.9687036275863647,-2.1211040019989014,-2.5979979038238525,-2.2236108779907227,-0.4252495765686035,-0.39276841282844543,-2.4049103260040283,-3.6050031185150146,-0.4063534438610077,3.234867811203003,-1.3267990350723267,-2.050438165664673,-1.236048936843872,-1.3040580749511719,0.5769767165184021,3.3628339767456055,1.8063435554504395,-0.4090525507926941,0.4036130905151367,-2.86148738861084,-0.8960577845573425,-4.545973300933838,-13.473432540893555,-13.975441932678223,-7.243144989013672,-4.195476531982422,-5.597779273986816
-5.037094593048096,-6.401398181915283,-6.201741695404053,-4.608223915100098,-5.695643424987793,-5.371436595916748,-5.30211067199707,-5.623941898345947,-5.290869235992432,-4.797549724578857,-3.587717294692993,-3.4308078289031982,-3.243436574935913,-4.018963813781738,-2.872366189956665,-0.4534153640270233,-1.6080154180526733,-0.23473933339118958,-2.0317370891571045,-2.8142333030700684,2.237874746322632,-0.7577553987503052,0.5799042582511902,-0.31671804189682007,-0.5670862793922424,-0.016488082706928253,-3.0599939823150635,-5.475532531738281,0.19601914286613464,-2.5288267135620117,-2.1204068660736084,5.34813928604126,7.132319450378418,2.4844350814819336,3.7157981395721436,-1.510046362876892,-1.4586700201034546,-6.007941246032715,-15.553495407104492,-13.856566429138184,-7.490645408630371,-3.750216007232666,-4.2525835037231445
-8.89511775970459,-7.610133171081543,-4.466892719268799,-6.555851459503174,-5.891256332397461,-4.916645526885986,-5.989724636077881,-5.923790454864502,-6.176753520965576,-3.2713990211486816,-2.488311767578125,-5.828643321990967,-2.845487117767334,3.598783493041992,-3.619516134262085,-0.8588146567344666,-1.9243558645248413,-2.4875967502593994,0.8923099040985107,-2.1051435470581055,0.7959922552108765,-0.4139440953731537,3.6079068183898926,0.8342183232307434,-3.4971044063568115,-2.555514097213745,-3.792330265045166,-4.015684604644775,-0.48305240273475647,4.115401744842529,-1.1663007736206055,-0.04026984050869942,3.1310620307922363,-0.6482229828834534,4.848280429840088,0.5407059192657471,-1.4058067798614502,-8.156501770019531,-18.612943649291992,-16.254240036010742,-10.48753833770752,-4.550149917602539,-3.7478506565093994
-8.19615650177002,-5.652625560760498,-1.826188564300537,-7.413854122161865,-5.428239822387695,-3.236100912094116,-2.3811089992523193,-2.9078192710876465,-5.3594970703125,-0.6606777310371399,-0.5101368427276611,-5.36569881439209,-2.5952279567718506,4.15083646774292,-3.461138963699341,-1.5711612701416016,-2.038825035095215,-3.6144604682922363,-0.5381655693054199,-0.9486227631568909,-1.9406449794769287,-1.5597392320632935,3.0965771675109863,-2.8640289306640625,-5.5762834548950195,1.731195092201233,-4.240899085998535,-5.19301176071167,-2.385883331298828,2.368914842605591,-3.24885892868042,-3.4371109008789062,-4.9687700271606445,-4.175627708435059,-0.5962746143341064,2.2617533206939697,0.46191030740737915,-9.020476341247559,-16.846715927124023,-15.89889907836914,-12.586121559143066,-7.840900897979736,-5.484456539154053
-6.015135288238525,-3.5058000087738037,-5.81746768951416,-7.296950817108154,-4.3287272453308105,-6.912886142730713,1.4513039588928223,-3.098846197128296,-5.177152633666992,-1.685792326927185,-4.663195610046387,-3.4359538555145264,-0.9993287920951843,-4.55111026763916,-4.468301773071289,-1.5287848711013794,-0.18876613676548004,-4.268139839172363,-2.4518625736236572,-0.23578928411006927,0.6086651086807251,-2.8082330226898193,-3.529045820236206,-5.657773017883301,-3.1504359245300293,2.380559206008911,-3.537019729614258,-0.13983581960201263,-2.0132339000701904,-5.9732890129089355,-5.353154182434082,2.2901337146759033,-4.1408610343933105,-3.6572389602661133,-0.8073834776878357,1.5225706100463867,-0.95366370677948,-8.534317970275879,-11.560471534729004,-10.577836990356445,-7.640108108520508,-5.499856948852539,-4.90768575668335
-3.690124988555908,-3.097522497177124,-7.814892292022705,-5.818406581878662,-1.0657564401626587,-6.057424068450928,-4.900128364562988,-6.452293872833252,-3.7701003551483154,-4.984727382659912,-6.669515609741211,-2.226576089859009,-5.887819290161133,-4.508167266845703,-3.3450751304626465,-2.4985358715057373,-1.9698987007141113,-2.1783502101898193,-4.109543323516846,-3.8819386959075928,-4.066746711730957,-4.149640083312988,-4.549046516418457,-5.3563947677612305,2.990229368209839,-5.419567108154297,0.4996561110019684,-0.5183038711547852,-1.240727186203003,-5.414175510406494,-6.173269748687744,0.13832052052021027,2.5333619117736816,0.996314287185669,-2.9511032104492188,-1.0679105520248413,-2.415753126144409,-5.248452663421631,-3.8983078002929688,-3.6150269508361816,-1.6903413534164429,-2.169189453125,-3.00343918800354
-1.7313518524169922,-5.724528789520264,-5.0957536697387695,-5.3881001472473145,-5.185528755187988,-4.039864540100098,-7.948216915130615,-6.269417762756348,-3.8195648193359375,-7.116456031799316,-5.583232879638672,-6.564000129699707,-5.832368850708008,-2.8350276947021484,-3.632654905319214,-6.015329360961914,-6.22529411315918,-4.305469036102295,-3.6329996585845947,-5.45700216293335,-4.328189373016357,-1.9793176651000977,-3.1026906967163086,-4.875162601470947,0.1499864012002945,-5.040545463562012,-5.8666300773620605,1.7384605407714844,-1.5412720441818237,-3.4409830570220947,-3.7704269886016846,-0.38237109780311584,1.7650798559188843,0.7851189970970154,-3.1308529376983643,-0.3412017822265625,-7.0824127197265625,-7.922585487365723,-4.318117141723633,-2.6778154373168945,-1.5374819040298462,-1.5225154161453247,-3.082164764404297
-4.934852600097656,-8.33061408996582,-6.632668972015381,-7.87892484664917,-6.274441242218018,-5.026378631591797,-7.427631378173828,-6.238338947296143,-6.899476528167725,-5.604905128479004,-7.057253360748291,-5.048090934753418,-3.8860249519348145,-6.080777168273926,-5.138125419616699,-4.812079906463623,-4.7525129318237305,-5.958436012268066,-5.992276191711426,-2.729185104370117,-0.764976441860199,0.43312937021255493,-1.571394681930542,-3.275919198989868,-4.400651931762695,-4.645367622375488,-3.9618923664093018,-3.9093592166900635,-3.197521448135376,-2.7860970497131348,-2.251579761505127,-0.27478599548339844,-0.4530436396598816,-1.2796249389648438,-1.8424994945526123,-4.095248222351074,-13.858642578125,-12.773385047912598,-7.124100208282471,-4.351199626922607,-2.5297436714172363,-2.1348915100097656,-6.249074459075928
