data/wind_data/wind_46_2.json
{"header": {"parameterUnit": "KT", "parameterCategory": 2, "nx": 256, "ny": 198, "lo1": 44.73521041870117, "la1": -3.236724853515625, "lo2": 111.26478576660156, "la2": 43.468475341796875, "dx": 0.2609002888202667, "dy": -0.23708222806453705, "refTime": "2025-02-20 22:00:00", "forecastTime": 0, "parameterNumber": 2, "parameterNumberName": "eastward_wind"}, "data":
[rows 114 to 132 of 198, columns 43 to 85 of 256]
-5.1774187088012695,-10.315446853637695,-16.14569091796875,-11.60973072052002,-12.034594535827637,-12.112090110778809,-11.795191764831543,-11.397848129272461,-11.027209281921387,-10.237845420837402,-9.120318412780762,-8.306851387023926,-7.443343162536621,-6.433176040649414,-5.699235916137695,-5.357426643371582,-4.779544830322266,-3.75773549079895,-2.9431777000427246,-1.4907386302947998,0.17569172382354736,0.9602717757225037,0.9780659079551697,1.0051906108856201,0.8416204452514648,0.8399818539619446,1.7657517194747925,2.7795376777648926,1.8574990034103394,1.9835206270217896,2.2777304649353027,3.45499587059021,4.055586338043213,4.0866923332214355,3.9496874809265137,3.379762887954712,4.587932586669922,7.564464092254639,9.531142234802246,11.635894775390625,11.867886543273926,13.631443977355957,15.727553367614746
-9.048799514770508,-13.233190536499023,-17.84071159362793,-14.463058471679688,-13.33803939819336,-12.394182205200195,-11.452493667602539,-10.739923477172852,-9.430543899536133,-8.797368049621582,-8.070537567138672,-6.820465564727783,-5.8422675132751465,-4.7903265953063965,-4.887142658233643,-5.893668174743652,-6.801133155822754,-6.515533447265625,-5.583206653594971,-4.384397029876709,-3.2476601600646973,-2.003174066543579,-0.7191034555435181,0.01429558452218771,0.13684803247451782,0.7553654313087463,1.9258979558944702,1.8441846370697021,1.6995378732681274,3.3030216693878174,5.023565292358398,6.510378837585449,7.636026382446289,7.816749572753906,7.171114444732666,5.418563365936279,5.999448776245117,8.98460578918457,11.113715171813965,12.896482467651367,13.25063705444336,15.22038459777832,16.479616165161133
-12.428017616271973,-14.515486717224121,-16.30211639404297,-14.4821195602417,-13.253722190856934,-10.872018814086914,-7.461063385009766,-6.728583812713623,-6.916366100311279,-6.942178249359131,-6.483439922332764,-6.140690803527832,-5.068441867828369,-4.847538948059082,-6.361710071563721,-7.921786308288574,-8.288100242614746,-7.4668869972229,-5.775521755218506,-3.9170093536376953,-3.1825973987579346,-3.2164859771728516,-2.6914126873016357,-1.1912012100219727,0.39204975962638855,1.7051119804382324,3.6542556285858154,4.5682597160339355,4.7384419441223145,5.533283710479736,6.424516201019287,7.859782695770264,9.62317180633545,10.642251014709473,11.385597229003906,11.430680274963379,9.849298477172852,9.422709465026855,11.03901481628418,11.586278915405273,11.627640724182129,13.12734603881836,15.31955623626709
-11.286664009094238,-11.288564682006836,-12.06177043914795,-13.524226188659668,-12.094334602355957,-8.792215347290039,-3.491180181503296,1.8400367498397827,3.723520040512085,-0.03623832017183304,-3.2826802730560303,-3.067117214202881,-2.662729024887085,-2.5245611667633057,-3.228580951690674,-3.1033174991607666,-1.3925591707229614,0.10219432413578033,0.9260008335113525,2.2445502281188965,3.7372543811798096,4.280757904052734,5.351315975189209,6.127045154571533,6.091568470001221,7.905906677246094,10.665319442749023,10.469087600708008,8.08260726928711,6.375960350036621,7.2919745445251465,9.268420219421387,11.33439826965332,13.583182334899902,14.974444389343262,14.266590118408203,11.68416976928711,10.334980010986328,11.991098403930664,11.856520652770996,8.97882080078125,10.043743133544922,12.661127090454102
-10.16603946685791,-9.280447006225586,-6.7514872550964355,-5.83855676651001,-2.371307611465454,0.028824428096413612,2.7294487953186035,7.408257484436035,10.642576217651367,7.73818302154541,3.2706804275512695,3.0165159702301025,3.5750844478607178,3.6234796047210693,3.3439078330993652,3.7426869869232178,5.412749767303467,7.345373153686523,7.217579364776611,7.079153537750244,7.798989295959473,8.86007308959961,10.017718315124512,10.88929557800293,10.76858139038086,12.250059127807617,13.708083152770996,13.367253303527832,10.762694358825684,8.275054931640625,9.11008358001709,11.714276313781738,14.221841812133789,16.203317642211914,16.5467586517334,14.67228889465332,12.968452453613281,12.457347869873047,13.679351806640625,14.374716758728027,11.057455062866211,9.593818664550781,8.890975952148438
-8.367907524108887,-7.998746395111084,-4.526591777801514,0.3863318860530853,3.2560160160064697,5.2349114418029785,8.41745662689209,14.830352783203125,19.19024085998535,12.758803367614746,4.871455192565918,5.979587078094482,8.841629028320312,9.72821044921875,8.895626068115234,8.064364433288574,7.9216132164001465,7.230001449584961,6.613651275634766,8.318851470947266,11.169877052307129,14.616668701171875,17.03336524963379,17.388587951660156,17.184938430786133,17.67620277404785,17.95568084716797,17.15871238708496,13.361845970153809,10.612500190734863,12.735702514648438,15.591131210327148,16.495681762695312,16.385087966918945,15.602065086364746,14.533717155456543,14.502083778381348,14.871110916137695,15.24268913269043,15.978484153747559,15.343888282775879,13.024189949035645,9.123126983642578
-6.893153667449951,-3.326531171798706,0.5556557774543762,1.6245530843734741,1.399401307106018,3.3911681175231934,9.04947566986084,17.977046966552734,21.681058883666992,13.296104431152344,8.258116722106934,9.298174858093262,13.160196304321289,13.906804084777832,11.906280517578125,10.133709907531738,9.327034950256348,8.751811027526855,8.752006530761719,10.055047035217285,12.489473342895508,17.484216690063477,21.01458168029785,20.937206268310547,20.533355712890625,21.224044799804688,21.67411231994629,20.409740447998047,15.249930381774902,11.781330108642578,13.527043342590332,15.577494621276855,16.336164474487305,16.45716094970703,15.984635353088379,15.678216934204102,16.413040161132812,17.500328063964844,17.116188049316406,16.446229934692383,17.109230041503906,16.326074600219727,12.215812683105469
-7.250072956085205,-0.4112035036087036,3.558682918548584,2.2661991119384766,0.40745651721954346,1.5475510358810425,5.375085353851318,11.386326789855957,9.193283081054688,5.835978031158447,6.803724765777588,10.78403377532959,14.629060745239258,15.679341316223145,15.84955883026123,14.75257682800293,12.582348823547363,11.981508255004883,11.735715866088867,13.399447441101074,14.69498062133789,18.37285614013672,21.070676803588867,20.908781051635742,21.7556095123291,23.32466697692871,23.5844783782959,19.47360610961914,14.237866401672363,12.71664810180664,13.482050895690918,15.203815460205078,16.40024185180664,16.291500091552734,16.230424880981445,16.75880241394043,17.972963333129883,18.83733367919922,18.351173400878906,17.795045852661133,18.286386489868164,17.68746566772461,14.880785942077637
10.189242362976074,8.939579963684082,2.2774391174316406,2.158501386642456,0.5716708898544312,-0.8650254607200623,0.7906706929206848,3.1494035720825195,4.145991802215576,5.019049167633057,6.289879322052002,9.8621826171875,12.796609878540039,11.772255897521973,11.119966506958008,12.735570907592773,13.189029693603516,12.634156227111816,12.568634033203125,14.19247817993164,15.395613670349121,18.048995971679688,19.583568572998047,21.382442474365234,25.352872848510742,26.126617431640625,19.081771850585938,13.073427200317383,9.6461763381958,6.914152145385742,6.137208938598633,7.095597743988037,8.621805191040039,10.786704063415527,12.538017272949219,14.533080101013184,17.46853256225586,19.185619354248047,19.39360809326172,19.48121452331543,19.31801414489746,18.01694107055664,15.707586288452148
23.766569137573242,24.628990173339844,20.80900001525879,14.772512435913086,9.54587173461914,4.233119964599609,2.1709487438201904,6.298182010650635,7.658020496368408,6.428062438964844,6.163420677185059,8.03691291809082,11.285941123962402,11.614949226379395,10.169526100158691,9.678248405456543,10.653207778930664,10.995780944824219,12.769161224365234,14.399977684020996,15.574109077453613,16.809362411499023,18.312206268310547,22.694345474243164,29.15593147277832,23.658405303955078,10.451618194580078,3.2878923416137695,0.7875369787216187,-0.1308252513408661,-0.5010377168655396,-1.986668348312378,-3.954152822494507,-3.2790732383728027,0.5994649529457092,7.72036075592041,13.484140396118164,17.586639404296875,19.89468002319336,21.07168960571289,20.3101806640625,18.664033889770508,14.965221405029297
23.880006790161133,29.836599349975586,32.4377555847168,31.088768005371094,26.590408325195312,17.55500030517578,14.10448932647705,15.43206787109375,14.893081665039062,12.914681434631348,12.263949394226074,14.491048812866211,17.675832748413086,18.31629753112793,16.981536865234375,18.370750427246094,17.270580291748047,13.685626029968262,13.27163028717041,12.530630111694336,12.80119800567627,15.322047233581543,22.065349578857422,27.793434143066406,27.791770935058594,14.784560203552246,1.1340751647949219,-3.181697130203247,-3.5754363536834717,-2.8550865650177,-2.898167371749878,-4.4041619300842285,-5.6727070808410645,-5.592211723327637,-4.806074619293213,-1.9036381244659424,4.5851311683654785,12.636420249938965,18.433744430541992,22.15338706970215,21.389726638793945,19.4620361328125,13.641517639160156
16.307649612426758,19.860830307006836,26.410768508911133,35.157508850097656,39.428871154785156,35.78313446044922,30.194700241088867,25.59617042541504,23.7620849609375,25.633420944213867,30.961606979370117,29.757200241088867,23.307106018066406,19.56374740600586,18.291736602783203,17.275575637817383,15.030925750732422,12.678370475769043,13.62283992767334,15.855842590332031,19.332901000976562,23.70112419128418,27.040729522705078,27.944185256958008,18.685604095458984,2.567999839782715,-4.53117561340332,-6.0092387199401855,-5.262406349182129,-4.863035202026367,-4.6940460205078125,-3.7794556617736816,-2.6300482749938965,-2.4577996730804443,-2.6484532356262207,-4.167377471923828,-3.160270929336548,5.013606548309326,14.910809516906738,21.570341110229492,22.30484962463379,20.684494018554688,13.484888076782227
11.172995567321777,12.28862476348877,19.206405639648438,28.376596450805664,36.965110778808594,42.105506896972656,37.062232971191406,28.809837341308594,29.040363311767578,38.613197326660156,50.07167053222656,43.89387512207031,32.28290939331055,21.937705993652344,14.382797241210938,11.08034610748291,11.635587692260742,13.872642517089844,17.654327392578125,23.97187042236328,29.103235244750977,29.089649200439453,25.63614273071289,20.416030883789062,6.548954010009766,-3.1339735984802246,-5.849138259887695,-6.7322306632995605,-6.380782127380371,-5.976438999176025,-4.595386981964111,-1.1572844982147217,3.841783046722412,5.248888969421387,5.4907002449035645,3.4024336338043213,-1.2474249601364136,-0.03891093283891678,11.367117881774902,19.370723724365234,22.431148529052734,22.228464126586914,15.082626342773438
18.368494033813477,19.25537109375,22.28330421447754,27.236906051635742,33.00529098510742,39.15704345703125,37.576416015625,33.839359283447266,34.41748046875,44.98453140258789,50.035972595214844,45.56089401245117,31.893508911132812,17.337690353393555,9.94859790802002,9.39451789855957,12.137804985046387,17.655841827392578,21.22981834411621,26.989606857299805,33.45999526977539,27.467838287353516,19.418935775756836,7.795003890991211,-0.055882085114717484,-3.3405797481536865,-5.591578960418701,-6.767465114593506,-5.885655403137207,-4.9282379150390625,-3.321565866470337,-0.7980914115905762,2.4730091094970703,5.600981712341309,9.155216217041016,12.867639541625977,6.0207319259643555,1.487123966217041,9.941618919372559,17.341957092285156,21.6480712890625,22.904394149780273,18.781705856323242
22.347400665283203,20.621095657348633,20.894620895385742,23.41419219970703,24.946956634521484,29.389345169067383,32.33831024169922,35.6258659362793,42.752628326416016,45.78555679321289,42.61146545410156,39.907894134521484,30.1151180267334,19.636886596679688,11.947858810424805,9.383091926574707,14.000266075134277,20.700939178466797,23.43912696838379,29.756893157958984,30.591079711914062,23.049266815185547,11.863678932189941,3.229828357696533,-0.16294705867767334,-0.6281127333641052,-1.27299165725708,-4.292922496795654,-4.271742820739746,-2.311279773712158,0.4034189283847809,1.2783390283584595,0.7183619141578674,-0.05122282728552818,1.9497826099395752,4.2356061935424805,4.69251012802124,3.718625783920288,9.972108840942383,16.318647384643555,20.166799545288086,22.178977966308594,20.899578094482422
16.261571884155273,18.365964889526367,26.291393280029297,31.684694290161133,33.288536071777344,34.225120544433594,40.073543548583984,42.22982406616211,38.54644012451172,35.4827880859375,32.20505142211914,31.315813064575195,22.575483322143555,12.708883285522461,9.806514739990234,9.072925567626953,15.700254440307617,22.966136932373047,26.133413314819336,30.799625396728516,28.201622009277344,19.504220962524414,10.749368667602539,4.74076509475708,4.361111640930176,6.487106800079346,7.3430562019348145,4.337973594665527,2.7295162677764893,6.741672515869141,11.736722946166992,12.266256332397461,10.190545082092285,4.708896160125732,1.1716554164886475,-0.10088776797056198,0.5036636590957642,1.3953207731246948,6.622800827026367,13.114192008972168,17.705820083618164,20.23191261291504,20.656539916992188
17.298980712890625,28.533306121826172,41.040748596191406,50.64521026611328,52.37355422973633,47.917816162109375,43.180511474609375,38.9835090637207,35.222537994384766,32.06953430175781,27.938390731811523,26.57986831665039,19.488508224487305,10.559566497802734,7.725275039672852,8.665042877197266,15.45398235321045,24.378746032714844,28.156354904174805,31.40396499633789,27.245849609375,19.658815383911133,5.3245930671691895,-0.011751717887818813,1.3834092617034912,5.501416206359863,8.678954124450684,8.399055480957031,9.583727836608887,14.269113540649414,17.478801727294922,16.875022888183594,17.663585662841797,12.570658683776855,5.918768405914307,2.545405387878418,0.26717227697372437,-1.4271509647369385,0.7682247757911682,7.56853723526001,13.992008209228516,17.436439514160156,19.049985885620117
25.615957260131836,36.97505569458008,47.73887252807617,53.82944869995117,48.631961822509766,38.330501556396484,34.40375900268555,36.63957595825195,31.141956329345703,25.827171325683594,26.20359992980957,24.781911849975586,18.844118118286133,10.255385398864746,6.700573444366455,9.740755081176758,17.588415145874023,25.586584091186523,28.635414123535156,29.417804718017578,23.423322677612305,5.8638224601745605,-2.532750129699707,-1.9376420974731445,0.338434100151062,3.9292304515838623,7.332508087158203,9.442304611206055,11.667248725891113,14.164634704589844,15.895601272583008,14.788196563720703,16.40631103515625,15.75600528717041,8.35851001739502,3.5184690952301025,1.4004838466644287,-1.0199964046478271,-0.6360099911689758,4.092798233032227,10.422022819519043,14.308897018432617,17.857242584228516
35.05341720581055,44.0969352722168,46.84441375732422,41.342769622802734,33.563716888427734,31.591541290283203,42.3206787109375,41.1394157409668,15.035748481750488,7.451173305511475,10.890068054199219,14.94558048248291,14.152649879455566,10.519490242004395,7.559116363525391,10.923308372497559,19.03985023498535,24.324169158935547,27.817596435546875,21.987092971801758,3.4084701538085938,-4.678488254547119,-4.08260440826416,-2.213881731033325,-0.3739544153213501,1.6150712966918945,3.6496169567108154,7.1123247146606445,9.718177795410156,11.182319641113281,12.808137893676758,14.15529727935791,11.832557678222656,9.322552680969238,5.182229518890381,2.382930278778076,1.5742244720458984,-0.2708030939102173,-0.44129133224487305,2.243389129638672,6.443220138549805,10.045546531677246,14.637479782104492
