data/wind_data/wind_61_7.json
{"header": {"parameterUnit": "KT", "parameterCategory": 2, "nx": 256, "ny": 198, "lo1": 44.73521041870117, "la1": -3.236724853515625, "lo2": 111.26478576660156, "la2": 43.468475341796875, "dx": 0.2609002888202667, "dy": -0.23708222806453705, "refTime": "2025-02-21 13:00:00", "forecastTime": 0, "parameterNumber": 2, "parameterNumberName": "eastward_wind"}, "data":
[rows 140 to 159 of 198, columns 88 to 131 of 256]
76.38279724121094,76.16072082519531,75.2968978881836,74.81407165527344,74.06001281738281,71.42886352539062,69.55450439453125,69.48749542236328,69.11866760253906,69.85847473144531,72.11162567138672,73.6575698852539,73.85560607910156,73.40343475341797,72.95341491699219,72.86981201171875,73.14681243896484,73.45393371582031,73.47994995117188,73.24835968017578,72.98106384277344,72.78675842285156,72.68366241455078,72.68289184570312,72.78046417236328,72.87696075439453,72.82612609863281,72.63125610351562,72.52588653564453,72.60069274902344,72.52339172363281,72.2358627319336,71.96981811523438,71.86314392089844,71.8455581665039,71.5047836303711,70.75137329101562,69.39002990722656,66.97969055175781,64.83316802978516,65.94911193847656,69.03158569335938,68.56880187988281,65.58989715576172
75.33409881591797,75.18858337402344,74.7546615600586,74.72679901123047,73.05274200439453,69.85233306884766,68.80575561523438,69.3150863647461,69.07075500488281,69.46782684326172,71.08148956298828,72.41080474853516,73.03812408447266,73.25955200195312,73.19902038574219,73.11608123779297,73.18524932861328,73.2654037475586,73.18424224853516,73.01923370361328,72.95108795166016,72.96747589111328,72.86610412597656,72.52584075927734,72.11380004882812,71.83493041992188,71.63153839111328,71.36351013183594,71.12391662597656,70.98369598388672,70.72847747802734,70.49150085449219,70.55854797363281,70.85576629638672,70.78870391845703,70.1328125,69.5363540649414,67.88029479980469,64.35663604736328,62.52913284301758,65.34542846679688,68.79251098632812,67.38148498535156,63.74921798706055
74.41116333007812,74.21728515625,74.11463928222656,74.63919830322266,72.751220703125,68.8553466796875,67.73986053466797,69.19690704345703,69.77413177490234,69.72124481201172,70.41657257080078,71.384033203125,72.10381317138672,72.68794250488281,73.12653350830078,73.33777618408203,73.24681854248047,72.90230560302734,72.55510711669922,72.45012664794922,72.62728881835938,72.85961151123047,72.7580337524414,72.15814971923828,71.3694839477539,70.81553649902344,70.50960540771484,70.12660217285156,69.66636657714844,69.2590560913086,68.99925231933594,69.1528549194336,69.61016845703125,69.87364196777344,69.3460464477539,68.25855255126953,67.8070297241211,66.3437728881836,62.874088287353516,61.81793212890625,64.78353881835938,67.32498931884766,65.73918914794922,61.8245735168457
73.64639282226562,73.21022033691406,73.23905944824219,74.16132354736328,72.67778015136719,68.89788055419922,67.16897583007812,68.06846618652344,69.81260681152344,71.1231689453125,71.20111083984375,70.8215560913086,71.10113525390625,72.09599304199219,73.12560272216797,73.47472381591797,72.98778533935547,72.1958236694336,71.71514892578125,71.71774291992188,72.0667495727539,72.4275894165039,72.35589599609375,71.70174407958984,70.79996490478516,70.08659362792969,69.61662292480469,69.06205749511719,68.4189682006836,67.89909362792969,67.7335205078125,68.23365020751953,68.92205047607422,68.73291778564453,67.49872589111328,66.14740753173828,65.62715911865234,64.83562469482422,62.85066223144531,62.3271369934082,63.709373474121094,64.48370361328125,63.30232620239258,60.37453842163086
73.14818572998047,72.50501251220703,72.47948455810547,73.34309387207031,72.79993438720703,69.59385681152344,66.24486541748047,66.6427993774414,70.71048736572266,72.58260345458984,71.14305877685547,70.3924331665039,71.03687286376953,71.91632080078125,72.60235595703125,72.85106658935547,72.42750549316406,71.62747955322266,71.088134765625,71.05286407470703,71.33280181884766,71.63871765136719,71.65695190429688,71.16093444824219,70.27201843261719,69.38208770751953,68.71508026123047,68.15274810791016,67.5728759765625,67.02735900878906,66.88658905029297,67.5582275390625,68.27369689941406,67.50117492675781,65.43538665771484,63.79261016845703,63.62712478637695,64.20813751220703,63.412574768066406,61.715293884277344,61.22962188720703,61.69010925292969,61.71807098388672,60.55291748046875
72.55551147460938,72.1669921875,72.32439422607422,72.78620910644531,72.61299896240234,70.21467590332031,66.4934310913086,66.4333724975586,71.08901977539062,73.161865234375,71.28907012939453,70.4378890991211,71.08101654052734,71.44434356689453,71.4437026977539,71.54049682617188,71.5638656616211,71.27230834960938,70.83423614501953,70.49058532714844,70.33455657958984,70.40724182128906,70.52385711669922,70.20976257324219,69.36236572265625,68.43037414550781,67.79776000976562,67.41608428955078,67.02987670898438,66.41564178466797,65.98900604248047,66.54977416992188,67.33720397949219,66.34294128417969,63.60395431518555,61.68256759643555,62.41704559326172,64.07986450195312,63.1524658203125,59.90504837036133,57.89882278442383,58.812286376953125,61.45652389526367,62.64824295043945
72.33562469482422,71.70269775390625,71.60433197021484,71.79924011230469,71.617431640625,70.093017578125,67.98040771484375,68.16162109375,70.78057861328125,72.2997055053711,71.74183654785156,70.90693664550781,70.6148910522461,70.41006469726562,70.16102600097656,70.16739654541016,70.38231658935547,70.46897888183594,70.2153549194336,69.71986389160156,69.29655456542969,69.1683578491211,69.17598724365234,68.85723114013672,68.10469055175781,67.32833099365234,66.87713623046875,66.74529266357422,66.59204864501953,65.96176147460938,65.20106506347656,65.12310791015625,65.51336669921875,64.77938842773438,62.47189712524414,60.771663665771484,61.71580505371094,63.06195831298828,61.498836517333984,58.22709655761719,56.243003845214844,57.20448303222656,60.906124114990234,63.27675247192383
72.34114837646484,71.47377014160156,70.6541748046875,70.5290756225586,70.59453582763672,70.16587829589844,69.39991760253906,69.3731460571289,70.39387512207031,71.23912811279297,70.99933624267578,70.31682586669922,69.97235870361328,69.68836975097656,69.19591522216797,68.85619354248047,68.8688735961914,69.0141372680664,68.99485778808594,68.75206756591797,68.48004150390625,68.26683807373047,67.95448303222656,67.44510650634766,66.84984588623047,66.17227172851562,65.60449981689453,65.78010559082031,66.28386688232422,65.71199798583984,64.44489288330078,63.73711395263672,63.37211990356445,62.55559158325195,61.59190368652344,61.01651382446289,60.77183151245117,60.301204681396484,59.34689712524414,57.90855026245117,56.138999938964844,56.14723587036133,59.40399169921875,62.225372314453125
71.1367416381836,71.04438781738281,70.3700942993164,70.12886047363281,70.5156478881836,70.73493194580078,70.18324279785156,69.73828887939453,69.99951171875,69.93392944335938,69.46587371826172,69.3426284790039,69.37079620361328,69.10610961914062,68.46719360351562,67.72425079345703,67.38008880615234,67.52237701416016,67.78862762451172,67.89994812011719,67.90394592285156,67.6114730834961,66.81149291992188,66.00691986083984,65.55108642578125,64.84512329101562,64.0750961303711,64.61001586914062,65.74249267578125,65.11609649658203,63.43640899658203,62.44441604614258,61.63539123535156,60.63656997680664,60.423583984375,60.43389129638672,59.517555236816406,58.55564880371094,58.39207077026367,57.53245544433594,55.33909606933594,54.784523010253906,57.58920669555664,60.56230545043945
69.22380065917969,69.5712890625,69.79629516601562,70.31690979003906,71.17403411865234,71.44017028808594,70.5577392578125,69.53740692138672,69.08937072753906,68.7884750366211,68.67835998535156,68.73667907714844,68.55433654785156,68.21839904785156,67.6436996459961,66.85445404052734,66.40083312988281,66.46775817871094,66.7393798828125,66.99939727783203,67.11335754394531,66.58514404296875,65.45571899414062,64.64422607421875,64.15967559814453,63.24208450317383,62.74031066894531,63.770267486572266,64.66798400878906,63.57215118408203,61.95695495605469,61.329524993896484,60.641963958740234,59.4540901184082,58.878170013427734,58.79983139038086,58.60799789428711,58.76105499267578,58.722835540771484,57.03107452392578,54.61662673950195,53.936012268066406,55.71619415283203,58.710121154785156
67.76819610595703,68.11348724365234,69.13699340820312,70.271728515625,71.30426788330078,71.63557434082031,70.58065032958984,68.99032592773438,68.012939453125,67.81494903564453,68.13145446777344,68.33635711669922,67.92720794677734,67.14765930175781,66.46125793457031,66.01276397705078,65.77090454101562,65.66502380371094,65.63206481933594,65.74654388427734,65.69196319580078,65.05532836914062,64.28449249267578,63.687931060791016,62.61465835571289,61.51517105102539,61.80687713623047,62.8317985534668,62.82857894897461,61.62485122680664,60.415775299072266,60.232398986816406,60.098236083984375,58.69969177246094,57.22431182861328,57.37001037597656,58.5206184387207,58.96961212158203,58.254005432128906,56.422462463378906,54.6400146484375,54.15736770629883,55.09452819824219,57.59196472167969
67.12462615966797,67.39342498779297,68.58478546142578,69.85716247558594,70.73489379882812,70.92349243164062,69.87248229980469,68.30644989013672,67.37464141845703,67.17189025878906,67.3576889038086,67.57013702392578,67.26006317138672,66.39295196533203,65.4789047241211,64.77552032470703,64.4261474609375,64.40572357177734,64.51251983642578,64.54141235351562,64.1943359375,63.64391326904297,63.29997634887695,62.608394622802734,61.09303665161133,60.22178649902344,60.75160217285156,61.15239334106445,60.763526916503906,59.77777099609375,58.781578063964844,59.106624603271484,59.668983459472656,58.29969024658203,56.28376388549805,56.33041763305664,58.417762756347656,59.36378479003906,57.64901351928711,55.29602813720703,54.58750915527344,55.25175094604492,55.752288818359375,56.43177032470703
66.61882019042969,66.91797637939453,68.00152587890625,69.22006225585938,69.82557678222656,69.69412231445312,68.84618377685547,67.81499481201172,66.99053192138672,66.4603042602539,66.50103759765625,66.68136596679688,66.21483612060547,65.20022583007812,64.24500274658203,63.55464172363281,63.18397521972656,63.126014709472656,63.226322174072266,63.16556930541992,62.82640075683594,62.493858337402344,62.07039260864258,61.14252853393555,59.98341751098633,59.34598159790039,59.23672103881836,59.23471450805664,58.9161491394043,57.755104064941406,56.90674591064453,58.1475715637207,59.37117004394531,57.975399017333984,55.79591751098633,55.9030647277832,58.0878791809082,59.002647399902344,57.10192108154297,54.956275939941406,55.038997650146484,55.67353820800781,54.970947265625,54.41160202026367
65.57775115966797,65.67284393310547,66.65501403808594,68.05609893798828,68.76394653320312,68.50574493408203,67.85850524902344,67.24698638916016,66.59742736816406,65.93619537353516,65.50347137451172,65.03239440917969,64.3354721069336,63.64781951904297,63.04323959350586,62.44976043701172,61.92547607421875,61.644840240478516,61.69435119628906,61.831817626953125,61.74709701538086,61.384552001953125,60.719520568847656,59.85143280029297,58.93022537231445,58.060184478759766,57.44609451293945,57.357666015625,57.08380126953125,55.79057693481445,55.35411071777344,57.35463333129883,58.836212158203125,57.655914306640625,55.80465316772461,55.74776840209961,57.389991760253906,57.94902801513672,56.22196578979492,54.94679260253906,55.63389205932617,55.095821380615234,52.50076675415039,51.77864074707031
63.78863525390625,63.66154861450195,64.76500701904297,66.37134552001953,67.30437469482422,67.38833618164062,67.05403900146484,66.40689086914062,65.45162200927734,64.55815887451172,63.976951599121094,63.31607437133789,62.53326416015625,62.006954193115234,61.65724182128906,61.11685562133789,60.490909576416016,60.05873489379883,60.01255416870117,60.49446105957031,60.90569305419922,60.41728973388672,59.3253288269043,58.48986053466797,57.756004333496094,56.62729263305664,55.65796661376953,55.4259033203125,55.15781784057617,54.36304473876953,54.510929107666016,56.623111724853516,58.23588943481445,57.4305419921875,55.84925842285156,55.609188079833984,56.54960632324219,56.715694427490234,55.7772216796875,55.49154281616211,55.581424713134766,53.37051010131836,50.25143051147461,50.74337387084961
61.60433578491211,61.68320083618164,63.11112594604492,65.15583038330078,66.560791015625,66.70520782470703,65.75884246826172,64.52980041503906,63.7803840637207,63.32219314575195,62.59894561767578,61.63094711303711,60.75584030151367,60.25746154785156,60.05934143066406,59.52360534667969,58.6280517578125,58.155601501464844,58.493770599365234,59.43427658081055,60.07801818847656,59.47071838378906,58.11460494995117,57.14516067504883,56.419795989990234,55.46607208251953,54.597564697265625,53.87815856933594,53.277679443359375,53.41273880004883,54.36354064941406,55.92133331298828,57.25864791870117,57.11394500732422,55.89005661010742,55.42313003540039,55.968994140625,55.7136344909668,55.180908203125,55.470802307128906,54.756187438964844,52.15487289428711,50.5479736328125,52.44055938720703
59.63882064819336,60.69899368286133,62.99085998535156,64.94308471679688,65.2493667602539,64.43917846679688,63.71744918823242,63.48765563964844,63.17826461791992,62.290794372558594,61.010169982910156,59.804420471191406,58.93974304199219,58.4428596496582,58.21010208129883,57.84264373779297,57.13034439086914,56.58656311035156,56.908756256103516,58.02163314819336,58.9127197265625,58.41948318481445,56.93212127685547,55.90756607055664,55.41877746582031,54.84732437133789,54.194576263427734,53.1989860534668,52.341522216796875,52.98667526245117,54.15187454223633,54.59913635253906,55.29084014892578,56.33103561401367,56.70185470581055,56.27651596069336,55.16820526123047,53.63594436645508,53.508853912353516,54.8036003112793,54.573951721191406,52.80702209472656,52.52992630004883,54.90042495727539
59.212242126464844,60.83285140991211,62.394569396972656,62.944915771484375,62.65312957763672,62.56097412109375,62.72290802001953,62.65370178222656,62.05021667480469,61.04987335205078,59.82740020751953,58.436767578125,57.126216888427734,56.324859619140625,56.317596435546875,56.47969436645508,55.95512008666992,55.340354919433594,55.64125061035156,56.61672592163086,57.21206283569336,56.80220413208008,55.7153205871582,54.995792388916016,54.86159133911133,54.52357864379883,53.82777404785156,53.06744384765625,52.575172424316406,52.93281555175781,53.064002990722656,52.29476547241211,52.925376892089844,55.73378372192383,57.78974533081055,56.707767486572266,53.31029510498047,50.7026252746582,51.64256286621094,54.32075500488281,55.25758361816406,54.50236129760742,54.51826477050781,56.28656768798828
58.68620681762695,59.54343795776367,60.2027702331543,60.832820892333984,61.30022048950195,61.579280853271484,61.64344787597656,61.33880615234375,60.701900482177734,59.91936492919922,58.853004455566406,57.158836364746094,55.24006652832031,54.32476806640625,54.92466735839844,55.497947692871094,54.74680709838867,54.01614761352539,54.4470100402832,55.151039123535156,55.331600189208984,55.07052230834961,54.717437744140625,54.43560791015625,54.10375213623047,53.78600311279297,53.3468132019043,52.86528396606445,52.80723571777344,52.535499572753906,51.228919982910156,50.20256805419922,51.788612365722656,55.71074676513672,57.93193817138672,55.42311096191406,50.55592346191406,48.65222930908203,51.409698486328125,54.91278076171875,56.10242462158203,55.729248046875,55.554649353027344,56.165550231933594
57.30183029174805,58.37409973144531,59.26511001586914,60.0076789855957,60.33547592163086,60.267982482910156,60.24142837524414,60.172508239746094,59.708457946777344,58.87979507446289,57.51630401611328,55.2700309753418,53.29589080810547,53.168739318847656,54.18537902832031,54.476070404052734,53.56797409057617,52.832374572753906,53.03418731689453,53.346736907958984,53.38239669799805,53.447261810302734,53.74181365966797,54.03355026245117,53.66279602050781,53.01442337036133,52.87738800048828,52.957881927490234,52.79830551147461,51.36132049560547,49.02559280395508,48.79704284667969,52.00205993652344,55.83113479614258,56.30156707763672,52.80678939819336,49.0823860168457,49.00061798095703,52.21436309814453,55.198307037353516,56.289207458496094,56.310691833496094,56.00163650512695,55.35711669921875
