data/wind_data/wind_71_6.json
{"header": {"parameterUnit": "KT", "parameterCategory": 2, "nx": 256, "ny": 198, "lo1": 44.73521041870117, "la1": -3.236724853515625, "lo2": 111.26478576660156, "la2": 43.468475341796875, "dx": 0.2609002888202667, "dy": -0.23708222806453705, "refTime": "2025-02-21 23:00:00", "forecastTime": 0, "parameterNumber": 2, "parameterNumberName": "eastward_wind"}, "data":
[rows 80 to 99 of 198, columns 44 to 87 of 256]
37.62343215942383,37.628868103027344,37.74259567260742,37.787715911865234,37.787479400634766,37.948387145996094,38.28956985473633,38.624107360839844,38.87409210205078,39.11933135986328,39.45995330810547,39.81128692626953,40.09761047363281,40.38353729248047,40.69585418701172,41.05244064331055,41.50804901123047,42.045894622802734,42.6112174987793,43.23891067504883,44.01968765258789,44.97706604003906,46.030731201171875,47.041664123535156,47.89908218383789,48.58222579956055,49.144935607910156,49.64009094238281,50.0726318359375,50.39813232421875,50.54175567626953,50.473533630371094,50.280025482177734,50.101688385009766,49.98948287963867,49.905582427978516,49.851070404052734,49.8588752746582,49.90552520751953,49.919132232666016,49.87580108642578,49.82285690307617,49.77151107788086,49.663841247558594
39.31880569458008,39.3166389465332,39.38821029663086,39.46160888671875,39.56171798706055,39.824649810791016,40.27129364013672,40.73147201538086,41.07490158081055,41.39015197753906,41.7620964050293,42.093994140625,42.34006118774414,42.52925109863281,42.73199462890625,43.034461975097656,43.46490478515625,44.01115036010742,44.60581588745117,45.207130432128906,45.88402557373047,46.728397369384766,47.72344970703125,48.755828857421875,49.71185302734375,50.5330696105957,51.210548400878906,51.75059509277344,52.17787170410156,52.53611755371094,52.800140380859375,52.834861755371094,52.582191467285156,52.1859016418457,51.840293884277344,51.622642517089844,51.518226623535156,51.48412322998047,51.49128341674805,51.50309753417969,51.46991729736328,51.38948440551758,51.32673645019531,51.313255310058594
41.19004440307617,41.358856201171875,41.45521545410156,41.46669387817383,41.508689880371094,41.723388671875,42.13035202026367,42.600955963134766,43.04185104370117,43.45304870605469,43.8543701171875,44.247222900390625,44.6208610534668,44.94399642944336,45.21717071533203,45.47795104980469,45.76498031616211,46.1389274597168,46.6247444152832,47.1866340637207,47.81731033325195,48.57139587402344,49.47796630859375,50.48179244995117,51.48686218261719,52.39608383178711,53.16312026977539,53.76152801513672,54.18315124511719,54.46939468383789,54.67982482910156,54.77214050292969,54.64093017578125,54.308746337890625,53.902652740478516,53.55656814575195,53.3574104309082,53.33123016357422,53.39291763305664,53.42190933227539,53.337799072265625,53.16788101196289,52.98124694824219,52.889286041259766
43.08808517456055,43.2934684753418,43.510643005371094,43.6224479675293,43.67924499511719,43.81814956665039,44.06258010864258,44.407196044921875,44.855247497558594,45.31056213378906,45.72343444824219,46.12279510498047,46.57221603393555,47.07681655883789,47.5582160949707,47.9200553894043,48.16886520385742,48.42346954345703,48.8079833984375,49.33540344238281,49.94609451293945,50.607906341552734,51.36058807373047,52.2244758605957,53.161746978759766,54.08699035644531,54.89283752441406,55.520408630371094,55.9464111328125,56.18046188354492,56.28459548950195,56.3199462890625,56.28398513793945,56.14942169189453,55.91273498535156,55.631935119628906,55.42118835449219,55.379249572753906,55.4804801940918,55.56755065917969,55.49131393432617,55.23960876464844,54.90645217895508,54.66226577758789
45.23031234741211,45.331260681152344,45.4370231628418,45.61063766479492,45.8146858215332,46.05070877075195,46.207462310791016,46.37935256958008,46.68329620361328,47.08363723754883,47.45492935180664,47.79027557373047,48.20945739746094,48.751895904541016,49.261817932128906,49.66352844238281,49.954830169677734,50.26185989379883,50.7086181640625,51.334922790527344,52.082393646240234,52.826656341552734,53.5173454284668,54.18672180175781,54.87250900268555,55.57325744628906,56.243186950683594,56.83612060546875,57.311702728271484,57.63054275512695,57.80459976196289,57.904747009277344,57.98150634765625,57.99142837524414,57.86981201171875,57.659786224365234,57.50084686279297,57.50119400024414,57.64277648925781,57.767982482910156,57.70003890991211,57.395904541015625,56.97633743286133,56.64097213745117
47.32367706298828,47.579891204833984,47.5167121887207,47.4774169921875,47.682334899902344,48.04267883300781,48.34286117553711,48.49931335449219,48.63364791870117,48.871803283691406,49.19279098510742,49.510589599609375,49.843177795410156,50.19574737548828,50.490665435791016,50.72221755981445,51.00204086303711,51.43266296386719,52.05573272705078,52.85531997680664,53.80007553100586,54.784080505371094,55.65678787231445,56.30332565307617,56.704769134521484,56.98378372192383,57.30729293823242,57.74505615234375,58.26006317138672,58.77313232421875,59.22964096069336,59.61437225341797,59.91967010498047,60.08354949951172,60.0200080871582,59.76486587524414,59.51832580566406,59.47285842895508,59.63505172729492,59.826263427734375,59.81986999511719,59.53203201293945,59.09247970581055,58.725128173828125
49.100250244140625,49.529457092285156,49.55656814575195,49.4731559753418,49.56188201904297,49.810543060302734,50.032901763916016,50.20137023925781,50.38243103027344,50.63251876831055,50.957069396972656,51.254085540771484,51.46357345581055,51.56509017944336,51.5430793762207,51.52799987792969,51.71656799316406,52.22750473022461,53.01347351074219,53.987449645996094,55.11531066894531,56.32529830932617,57.41419219970703,58.12447738647461,58.35670471191406,58.310401916503906,58.32303237915039,58.58659744262695,59.09679412841797,59.78608322143555,60.54618835449219,61.26757049560547,61.84541320800781,62.19913864135742,62.27066421508789,62.051307678222656,61.698333740234375,61.45976257324219,61.46561813354492,61.627323150634766,61.721012115478516,61.579864501953125,61.26239776611328,60.934932708740234
50.64610290527344,51.10295486450195,51.2067756652832,51.220458984375,51.33705139160156,51.44875717163086,51.47856140136719,51.528114318847656,51.73831558227539,52.091861724853516,52.47684860229492,52.730079650878906,52.79823684692383,52.683101654052734,52.43558120727539,52.27668762207031,52.44194793701172,52.99874496459961,53.85316848754883,54.927978515625,56.18864822387695,57.5330924987793,58.6929931640625,59.377113342285156,59.5301399230957,59.40684509277344,59.36533737182617,59.62325668334961,60.18893814086914,60.98520278930664,61.88726806640625,62.75164031982422,63.45008087158203,63.91812515258789,64.13436126708984,64.08682250976562,63.829551696777344,63.533294677734375,63.37482452392578,63.3979377746582,63.486602783203125,63.49136734008789,63.389617919921875,63.24006271362305
52.15024948120117,52.53028869628906,52.582603454589844,52.532989501953125,52.57973098754883,52.66341018676758,52.705345153808594,52.82923126220703,53.105857849121094,53.455745697021484,53.72924041748047,53.8457145690918,53.75079345703125,53.47108840942383,53.14141845703125,52.99390411376953,53.175045013427734,53.71910095214844,54.6073112487793,55.78804397583008,57.16151428222656,58.5020751953125,59.520565032958984,60.05877685546875,60.22000503540039,60.2539176940918,60.406585693359375,60.83470916748047,61.547183990478516,62.41809844970703,63.29098892211914,64.06273651123047,64.68428039550781,65.14177703857422,65.4553451538086,65.60801696777344,65.57575225830078,65.42692565917969,65.30021667480469,65.27819061279297,65.32422637939453,65.34293365478516,65.31666564941406,65.30044555664062
53.77919006347656,54.08216094970703,54.00385284423828,53.706260681152344,53.48926544189453,53.47776412963867,53.74043655395508,54.199501037597656,54.584537506103516,54.77782440185547,54.801448822021484,54.70194625854492,54.442588806152344,54.09121322631836,53.77999496459961,53.665672302246094,53.83332443237305,54.35592269897461,55.29029083251953,56.58343505859375,58.007225036621094,59.214599609375,60.01338577270508,60.4157600402832,60.652618408203125,60.912357330322266,61.337764739990234,62.030364990234375,62.95115280151367,63.90546798706055,64.69053649902344,65.24510192871094,65.64926147460938,65.9953384399414,66.32987976074219,66.61579895019531,66.79080963134766,66.85612487792969,66.88995361328125,66.96592712402344,67.07918548583984,67.13280487060547,67.10369110107422,67.07731628417969
55.37600326538086,55.60410690307617,55.38343048095703,54.87810516357422,54.432762145996094,54.31760025024414,54.67629623413086,55.328033447265625,55.7980842590332,55.887107849121094,55.70485305786133,55.381412506103516,55.052345275878906,54.76968002319336,54.53158187866211,54.38275909423828,54.46415710449219,54.94580078125,55.9005012512207,57.1937370300293,58.49281311035156,59.513675689697266,60.20138931274414,60.68260192871094,61.118377685546875,61.59869384765625,62.21111297607422,63.03377151489258,64.03531646728516,65.02027893066406,65.77081298828125,66.20337677001953,66.42498779296875,66.62957763671875,66.89978790283203,67.1718978881836,67.37065887451172,67.51113891601562,67.6766128540039,67.9255599975586,68.23860168457031,68.49600219726562,68.6122055053711,68.62797546386719
56.53097915649414,56.8027458190918,56.52377700805664,55.903690338134766,55.349117279052734,55.223304748535156,55.61692428588867,56.2222785949707,56.63695526123047,56.75865936279297,56.659488677978516,56.3701057434082,55.977783203125,55.58726501464844,55.267333984375,55.086063385009766,55.174835205078125,55.68998718261719,56.60671615600586,57.662742614746094,58.59079360961914,59.37254333496094,60.06565856933594,60.77356719970703,61.48756790161133,62.189849853515625,62.928565979003906,63.74726486206055,64.62056732177734,65.49271392822266,66.1822509765625,66.55799865722656,66.7303466796875,66.92081451416016,67.22342681884766,67.51778411865234,67.65784454345703,67.67715454101562,67.75971221923828,68.03983306884766,68.4989242553711,69.01466369628906,69.43344116210938,69.68084716796875
57.33341598510742,57.663841247558594,57.47454071044922,56.85086441040039,56.24656295776367,56.12083435058594,56.4818000793457,56.91000747680664,57.182315826416016,57.42436218261719,57.58987808227539,57.44058609008789,56.938899993896484,56.294654846191406,55.83269500732422,55.70576858520508,55.973655700683594,56.619789123535156,57.426734924316406,58.099822998046875,58.6173210144043,59.15576934814453,59.86269760131836,60.747650146484375,61.67123794555664,62.537132263183594,63.33217239379883,64.06204986572266,64.74115753173828,65.41766357421875,65.99410247802734,66.33906555175781,66.54985046386719,66.8120346069336,67.18721008300781,67.54352569580078,67.68971252441406,67.62630462646484,67.5758056640625,67.73178100585938,68.11260986328125,68.66153717041016,69.23812103271484,69.70050048828125
57.98204803466797,58.364341735839844,58.19441223144531,57.52729415893555,56.88306427001953,56.74064254760742,57.04301452636719,57.35386276245117,57.58415603637695,57.93377685546875,58.26744079589844,58.13178634643555,57.45291519165039,56.679588317871094,56.250152587890625,56.3074951171875,56.80190658569336,57.53553771972656,58.18708038330078,58.58034133911133,58.852264404296875,59.25575637817383,59.93672561645508,60.798221588134766,61.69084548950195,62.5471305847168,63.36454772949219,64.05269622802734,64.63790893554688,65.20674896240234,65.73973846435547,66.10610961914062,66.3039321899414,66.49468994140625,66.76671600341797,67.02722930908203,67.11663818359375,67.04285430908203,66.99884033203125,67.14381408691406,67.47695922851562,67.91107177734375,68.3256607055664,68.70763397216797
58.119869232177734,58.49650955200195,58.37948989868164,57.72964096069336,57.11083221435547,57.01666259765625,57.36422348022461,57.76639175415039,58.098838806152344,58.457515716552734,58.71627426147461,58.45900344848633,57.71586227416992,57.008636474609375,56.7185173034668,56.960052490234375,57.62171173095703,58.38666915893555,58.95619201660156,59.2611083984375,59.46110916137695,59.78370666503906,60.306026458740234,60.93428421020508,61.60908889770508,62.35221481323242,63.1945686340332,63.911312103271484,64.45446014404297,64.96424102783203,65.50141906738281,66.0011978149414,66.29063415527344,66.32536315917969,66.30085754394531,66.30536651611328,66.2579345703125,66.11913299560547,66.05220794677734,66.24114990234375,66.63799285888672,67.03074645996094,67.26414489746094,67.46542358398438
57.84794235229492,58.03005599975586,58.01626205444336,57.680721282958984,57.33800506591797,57.39796447753906,57.84866714477539,58.407432556152344,58.86604690551758,59.16165542602539,59.172767639160156,58.77455139160156,58.12583541870117,57.54067611694336,57.343441009521484,57.712860107421875,58.48448181152344,59.28630828857422,59.881805419921875,60.2099494934082,60.344871520996094,60.47834396362305,60.74279022216797,61.10561752319336,61.55144119262695,62.135414123535156,62.852455139160156,63.55080795288086,64.06295776367188,64.52323150634766,65.14837646484375,65.79329681396484,66.18861389160156,66.20735931396484,65.95821380615234,65.71159362792969,65.55963897705078,65.43414306640625,65.35975646972656,65.4588394165039,65.73265075683594,66.0116195678711,66.13353729248047,66.21135711669922
57.70320510864258,57.640411376953125,57.68181228637695,57.73338317871094,57.8294563293457,58.117305755615234,58.630699157714844,59.276371002197266,59.823516845703125,60.08234405517578,59.9644889831543,59.544921875,58.918861389160156,58.30513381958008,58.14131546020508,58.6764030456543,59.57051467895508,60.37772750854492,60.92510223388672,61.14966583251953,61.0908317565918,60.97811508178711,61.003902435302734,61.16598892211914,61.42771911621094,61.81123352050781,62.31816482543945,62.88936996459961,63.452980041503906,64.02847290039062,64.71463775634766,65.33541107177734,65.61424255371094,65.5750732421875,65.41382598876953,65.2239761352539,65.07794189453125,64.98191833496094,64.90559387207031,64.86550903320312,64.86666107177734,64.88232421875,64.83856201171875,64.82184600830078
57.696712493896484,57.55883026123047,57.58304977416992,57.82600021362305,58.25729751586914,58.852840423583984,59.60190963745117,60.40128707885742,60.97786331176758,61.161136627197266,61.015594482421875,60.56867980957031,59.78800582885742,59.07134246826172,59.05746841430664,59.83199691772461,60.80786895751953,61.48059844970703,61.74044418334961,61.627994537353516,61.291507720947266,61.015167236328125,60.9591064453125,61.05891036987305,61.23137283325195,61.488929748535156,61.865509033203125,62.367069244384766,62.97289276123047,63.611244201660156,64.2147445678711,64.66203308105469,64.76476287841797,64.62870025634766,64.57743072509766,64.60281372070312,64.60240173339844,64.51783752441406,64.3687973022461,64.17310333251953,63.92184829711914,63.66044235229492,63.44396209716797,63.358970642089844
57.930599212646484,57.80632019042969,57.79481887817383,58.11970138549805,58.77544021606445,59.650177001953125,60.686729431152344,61.644378662109375,62.161075592041016,62.18162155151367,61.895084381103516,61.270904541015625,60.348087310791016,59.80814743041992,60.16560745239258,61.04716110229492,61.796730041503906,62.08209228515625,61.93478012084961,61.523460388183594,61.083370208740234,60.87229537963867,60.93871307373047,61.126495361328125,61.32533645629883,61.574981689453125,61.92417907714844,62.34354019165039,62.793670654296875,63.284664154052734,63.73693084716797,63.94397735595703,63.857261657714844,63.6978645324707,63.693912506103516,63.832820892333984,64.05377960205078,64.03495788574219,63.71257019042969,63.212100982666016,62.73936080932617,62.376060485839844,62.06636047363281,61.877750396728516
58.637447357177734,58.366703033447266,58.261192321777344,58.72897720336914,59.65118408203125,60.74135208129883,61.8720703125,62.75669860839844,63.15614318847656,63.10198974609375,62.57945251464844,61.65644836425781,60.857276916503906,60.8490104675293,61.50112533569336,62.14207458496094,62.41133499145508,62.26896667480469,61.85969924926758,61.39529037475586,61.09778594970703,61.11542892456055,61.36235427856445,61.61399841308594,61.79425048828125,62.009544372558594,62.31464385986328,62.619598388671875,62.81070327758789,63.01894760131836,63.3026237487793,63.377540588378906,63.15523910522461,63.0313606262207,63.09816360473633,63.246788024902344,63.369205474853516,63.28662872314453,62.856719970703125,62.19438934326172,61.62889862060547,61.240806579589844,60.88461685180664,60.64496994018555
