data/wind_data/wind_8_9.json
{"header": {"parameterUnit": "KT", "parameterCategory": 2, "nx": 256, "ny": 198, "lo1": 44.73521041870117, "la1": -3.236724853515625, "lo2": 111.26478576660156, "la2": 43.468475341796875, "dx": 0.2609002888202667, "dy": -0.23708222806453705, "refTime": "2025-02-19 08:00:00", "forecastTime": 0, "parameterNumber": 2, "parameterNumberName": "eastward_wind"}, "data":
[rows 57 to 75 of 198, columns 0 to 42 of 256]
14.007290840148926,12.00773811340332,12.460596084594727,13.43117904663086,15.14214038848877,14.066741943359375,11.93508529663086,10.531240463256836,10.495854377746582,11.045663833618164,11.615358352661133,12.170185089111328,12.436680793762207,11.985200881958008,11.203272819519043,10.432308197021484,9.426504135131836,8.296131134033203,7.368488311767578,6.632993221282959,5.819035053253174,5.307664394378662,5.273856163024902,5.7434186935424805,6.430793762207031,7.0475616455078125,7.318566799163818,7.533387660980225,7.65328311920166,7.627745151519775,7.7797088623046875,8.472230911254883,9.589146614074707,10.630908012390137,11.248397827148438,11.319550514221191,11.03957462310791,11.048027038574219,11.888984680175781,13.238258361816406,14.018567085266113,14.226629257202148,14.47070598602295
13.248260498046875,9.995696067810059,10.387140274047852,11.30237865447998,12.274187088012695,11.104837417602539,9.61348819732666,9.303906440734863,10.0078125,10.88162612915039,11.44356918334961,12.011275291442871,12.461606979370117,12.366106986999512,11.902864456176758,11.33345890045166,10.509613990783691,9.422417640686035,8.263482093811035,7.2727789878845215,6.461661338806152,5.941450595855713,5.707092761993408,5.682397365570068,5.7713623046875,6.182168960571289,6.677194118499756,7.282183647155762,7.860930919647217,8.09865665435791,8.33224868774414,8.859953880310059,9.567564964294434,9.97970199584961,10.08655834197998,10.214141845703125,10.229002952575684,10.244452476501465,10.80183219909668,12.006503105163574,13.20741081237793,14.010958671569824,14.517227172851562
12.8334321975708,9.094915390014648,9.211767196655273,9.794455528259277,9.864407539367676,8.412466049194336,7.6398420333862305,7.975600242614746,9.033949851989746,10.312743186950684,11.249828338623047,11.72540283203125,11.95563793182373,12.178171157836914,12.23489761352539,12.022435188293457,11.45283031463623,10.486369132995605,9.260415077209473,8.442031860351562,8.207785606384277,8.022563934326172,7.62260627746582,7.188321113586426,6.769254684448242,6.597772598266602,6.754907131195068,7.292039394378662,8.079562187194824,8.653831481933594,9.078496932983398,9.546369552612305,9.623376846313477,9.111311912536621,8.615924835205078,8.7332124710083,9.07036304473877,9.238340377807617,9.560270309448242,10.37325382232666,11.696430206298828,13.068991661071777,14.066052436828613
12.771207809448242,9.336825370788574,9.465995788574219,10.030930519104004,10.224209785461426,9.015349388122559,8.50906753540039,8.641266822814941,8.99795150756836,9.797956466674805,10.996753692626953,12.088614463806152,12.656468391418457,12.745649337768555,12.685335159301758,12.478022575378418,11.918821334838867,11.038301467895508,10.050468444824219,9.456905364990234,9.701366424560547,10.147115707397461,10.126522064208984,9.670768737792969,8.810277938842773,7.788879871368408,7.43929386138916,7.865684986114502,8.544239044189453,9.061052322387695,9.391434669494629,9.502251625061035,9.23380184173584,8.675759315490723,8.003752708435059,7.62136697769165,7.582576751708984,7.747764587402344,8.174424171447754,8.944129943847656,10.203147888183594,11.690718650817871,12.858819961547852
12.869941711425781,9.676547050476074,10.33427619934082,11.492575645446777,12.660027503967285,12.897660255432129,12.693755149841309,11.881165504455566,10.86681079864502,10.532209396362305,11.07470703125,12.101764678955078,13.029216766357422,13.449377059936523,13.465677261352539,13.247058868408203,12.580883979797363,11.771956443786621,11.330782890319824,11.094393730163574,11.10639476776123,11.328822135925293,11.384730339050293,11.152770042419434,10.41120433807373,9.321346282958984,8.662572860717773,8.737895965576172,9.085866928100586,9.425348281860352,9.594059944152832,9.195063591003418,8.483026504516602,8.178590774536133,8.042820930480957,7.559746742248535,6.970503807067871,6.777268886566162,7.1216301918029785,7.908792018890381,9.10816764831543,10.481644630432129,11.517087936401367
13.095788955688477,9.768024444580078,11.347229957580566,13.28528881072998,15.151551246643066,16.608707427978516,17.03531265258789,16.05561065673828,14.351034164428711,12.940638542175293,12.39645004272461,12.556720733642578,12.979730606079102,13.277463912963867,13.464505195617676,13.548940658569336,13.299223899841309,12.845076560974121,12.68161392211914,12.837427139282227,12.869499206542969,12.607120513916016,12.0868501663208,11.380539894104004,10.570980072021484,10.016722679138184,9.785433769226074,9.661776542663574,9.516599655151367,9.568058013916016,9.599102020263672,9.105348587036133,8.289790153503418,7.996710300445557,8.123433113098145,7.980103969573975,7.620526313781738,7.4377593994140625,7.343130588531494,7.431770324707031,8.11833667755127,9.455243110656738,10.795297622680664
12.546859741210938,12.527433395385742,13.783228874206543,15.60673999786377,17.417402267456055,19.074161529541016,19.892724990844727,19.270177841186523,17.80341339111328,16.274524688720703,14.934271812438965,13.9717378616333,13.35067367553711,13.032201766967773,12.98331069946289,13.146550178527832,13.39250373840332,13.55092716217041,13.583419799804688,13.726042747497559,13.938425064086914,13.766341209411621,12.95442008972168,11.744688034057617,10.672802925109863,10.17441177368164,10.167688369750977,10.125739097595215,9.789427757263184,9.430061340332031,9.18360710144043,8.905405044555664,8.639934539794922,8.497550964355469,8.428925514221191,8.344274520874023,8.408687591552734,8.621370315551758,8.529658317565918,8.048553466796875,7.881627559661865,8.693360328674316,10.25031566619873
11.343509674072266,14.588691711425781,16.347929000854492,18.269315719604492,20.3710880279541,21.583423614501953,22.06124496459961,21.643817901611328,20.605552673339844,19.334758758544922,17.857135772705078,16.17812728881836,14.524242401123047,13.376266479492188,12.858002662658691,12.747276306152344,12.921652793884277,13.256592750549316,13.504244804382324,13.617165565490723,13.709637641906738,13.700939178466797,13.343780517578125,12.576096534729004,11.621994018554688,10.685129165649414,10.142699241638184,9.998592376708984,9.709139823913574,9.060922622680664,8.552216529846191,8.65390396118164,9.154324531555176,9.393230438232422,9.160588264465332,8.84095573425293,8.847222328186035,9.116658210754395,9.221142768859863,8.884847640991211,8.575303077697754,9.01358413696289,10.253654479980469
10.365039825439453,16.648263931274414,18.023046493530273,19.81147003173828,22.52488136291504,23.62088394165039,23.737611770629883,23.3135929107666,22.619094848632812,21.561983108520508,20.051559448242188,18.066646575927734,15.996718406677246,14.349570274353027,13.30404281616211,12.613011360168457,12.274962425231934,12.386098861694336,12.716557502746582,12.900282859802246,12.738558769226074,12.570093154907227,12.765436172485352,13.010210037231445,12.710997581481934,11.777694702148438,10.762146949768066,10.122729301452637,9.667183876037598,8.910262107849121,8.185059547424316,8.389596939086914,9.37354564666748,10.106306076049805,10.053183555603027,9.475605010986328,8.949298858642578,8.915164947509766,9.280257225036621,9.627314567565918,9.758285522460938,9.98471450805664,10.67387580871582
9.559141159057617,14.499608039855957,16.31620216369629,18.681657791137695,21.900041580200195,22.99281120300293,23.284788131713867,23.438640594482422,23.341699600219727,22.39826774597168,20.55824089050293,18.432790756225586,16.69256591796875,15.322222709655762,14.124878883361816,13.096012115478516,12.362396240234375,12.034461975097656,12.177766799926758,12.383015632629395,12.130180358886719,11.76666259765625,12.065217971801758,12.787131309509277,13.043853759765625,12.548511505126953,11.64228343963623,10.792224884033203,10.21495532989502,9.618622779846191,8.917769432067871,8.712231636047363,9.253891944885254,10.05377197265625,10.54969310760498,10.36038589477539,9.569439888000488,9.044041633605957,9.416428565979004,10.343177795410156,10.94467544555664,10.930273056030273,10.89268684387207
9.076108932495117,12.048686981201172,14.028966903686523,16.73923683166504,20.33409881591797,21.301820755004883,21.55602264404297,22.08038330078125,22.546627044677734,21.77171516418457,19.71809196472168,17.700946807861328,16.52025604248047,15.868875503540039,15.086686134338379,14.096606254577637,13.398885726928711,13.048898696899414,12.889331817626953,12.742570877075195,12.3449068069458,11.867973327636719,11.90700912475586,12.507923126220703,12.96824836730957,12.790033340454102,12.029729843139648,11.189584732055664,10.661531448364258,10.391793251037598,10.072702407836914,9.725152969360352,9.766534805297852,10.269521713256836,10.847088813781738,11.081742286682129,10.78351879119873,10.294323921203613,10.231732368469238,10.73054313659668,11.309670448303223,11.386942863464355,11.070597648620605
8.838433265686035,11.531728744506836,12.748464584350586,15.054352760314941,18.66329002380371,19.62181282043457,20.103553771972656,20.76128578186035,21.113264083862305,20.4208984375,18.756847381591797,17.12607765197754,16.280305862426758,16.134035110473633,15.946871757507324,15.36288833618164,14.789365768432617,14.419654846191406,14.201388359069824,13.974486351013184,13.522790908813477,12.966436386108398,12.7145414352417,12.892022132873535,13.168046951293945,13.035521507263184,12.320103645324707,11.40485668182373,10.803216934204102,10.641189575195312,10.613018989562988,10.552597045898438,10.704805374145508,11.15208625793457,11.544841766357422,11.618485450744629,11.564034461975098,11.648736953735352,11.756595611572266,11.610337257385254,11.359111785888672,11.272019386291504,11.244274139404297
8.531219482421875,10.248032569885254,11.47524356842041,13.508123397827148,17.02129364013672,18.127443313598633,18.654159545898438,19.418243408203125,19.70538902282715,19.068647384643555,17.93680763244629,16.853498458862305,16.276187896728516,16.435016632080078,16.730995178222656,16.58170509338379,15.967620849609375,15.263201713562012,14.681136131286621,14.354546546936035,14.242552757263184,14.156834602355957,14.149826049804688,14.244194984436035,14.16443920135498,13.682467460632324,12.779268264770508,11.69767951965332,10.93392562866211,10.720386505126953,10.834976196289062,11.081331253051758,11.464927673339844,11.833740234375,11.984628677368164,11.845393180847168,11.708740234375,12.024868965148926,12.649860382080078,12.908650398254395,12.556607246398926,12.083955764770508,11.931329727172852
8.149500846862793,8.551863670349121,10.133577346801758,12.223210334777832,15.578987121582031,16.963457107543945,17.22015953063965,17.54680061340332,17.683828353881836,17.267032623291016,16.702245712280273,16.471050262451172,16.709209442138672,17.299095153808594,17.595006942749023,17.17953109741211,16.550098419189453,15.915312767028809,15.158100128173828,14.447016716003418,14.150588989257812,14.263071060180664,14.55748176574707,14.884730339050293,14.96611213684082,14.555200576782227,13.597847938537598,12.32485294342041,11.273250579833984,10.863165855407715,11.009469985961914,11.43289852142334,11.970701217651367,12.359623908996582,12.37389087677002,12.067817687988281,11.811042785644531,12.025113105773926,12.713558197021484,13.472865104675293,13.866547584533691,13.788872718811035,13.441970825195312
7.439304351806641,7.7989420890808105,9.005744934082031,11.023763656616211,14.250988006591797,15.72826099395752,15.52436637878418,15.055745124816895,14.78625774383545,14.948561668395996,15.601855278015137,16.294979095458984,16.905759811401367,17.659921646118164,18.16356658935547,17.78596305847168,16.935293197631836,16.332990646362305,15.817840576171875,15.213912010192871,14.814579010009766,14.6292085647583,14.340509414672852,14.0023832321167,13.902472496032715,13.868321418762207,13.55854606628418,12.993050575256348,12.426647186279297,12.109999656677246,12.070361137390137,12.112970352172852,12.179844856262207,12.45273494720459,12.901520729064941,13.120981216430664,12.900630950927734,12.64285945892334,12.80854320526123,13.447985649108887,14.259696960449219,14.776107788085938,14.58409595489502
6.4835944175720215,8.00457763671875,8.429352760314941,9.912188529968262,12.983617782592773,14.512228965759277,14.15476131439209,13.04073429107666,12.395944595336914,13.138047218322754,15.052491188049316,16.774858474731445,17.34758949279785,17.20374298095703,17.245527267456055,17.315181732177734,16.86207389831543,16.234228134155273,16.014854431152344,16.11479377746582,16.16853904724121,15.880898475646973,14.999082565307617,13.70883846282959,12.642077445983887,12.137076377868652,12.142478942871094,12.48924446105957,12.958694458007812,13.361421585083008,13.546663284301758,13.355610847473145,12.828734397888184,12.557384490966797,13.082626342773438,14.060577392578125,14.601693153381348,14.27562141418457,13.583603858947754,13.396246910095215,14.0108060836792,14.75666332244873,14.720151901245117
5.366532802581787,9.386260032653809,8.492318153381348,8.937570571899414,11.479815483093262,13.113595008850098,13.437651634216309,12.800634384155273,12.328948974609375,13.364500045776367,15.536224365234375,17.171289443969727,17.217561721801758,16.266353607177734,15.694600105285645,15.955309867858887,16.171323776245117,15.810768127441406,15.538561820983887,16.021438598632812,16.770626068115234,16.846012115478516,15.945096015930176,14.414069175720215,12.9262113571167,12.016783714294434,11.80374813079834,12.150745391845703,12.734503746032715,13.146559715270996,13.287795066833496,13.293974876403809,13.236136436462402,13.214762687683105,13.481882095336914,14.26247787475586,15.264710426330566,15.661520957946777,15.133648872375488,14.372665405273438,14.157752990722656,14.347731590270996,14.175009727478027
4.243768215179443,7.458227634429932,7.200436115264893,7.658041000366211,9.922619819641113,11.567439079284668,12.515140533447266,12.9714994430542,13.392550468444824,14.663625717163086,16.42627716064453,17.277889251708984,16.750225067138672,15.705029487609863,15.116360664367676,15.1480073928833,15.266294479370117,15.128108978271484,15.004166603088379,15.331457138061523,15.968759536743164,16.338598251342773,16.130462646484375,15.27344036102295,14.037105560302734,13.120583534240723,12.855372428894043,12.900853157043457,12.790117263793945,12.450719833374023,12.09249210357666,12.01851749420166,12.446237564086914,13.181089401245117,13.777975082397461,14.197362899780273,14.825750350952148,15.576654434204102,15.885507583618164,15.604283332824707,15.094300270080566,14.569493293762207,13.923178672790527
3.90162992477417,5.8242716789245605,5.992095470428467,6.513828277587891,8.594416618347168,10.29271411895752,11.328838348388672,12.119475364685059,13.195801734924316,14.750420570373535,16.18735122680664,16.782615661621094,16.69171905517578,16.2822265625,15.616650581359863,14.81219482421875,14.249536514282227,14.170219421386719,14.358312606811523,14.523311614990234,14.679977416992188,14.950225830078125,15.299511909484863,15.479680061340332,15.247092247009277,14.700460433959961,14.12675952911377,13.594454765319824,12.977726936340332,12.234384536743164,11.496772766113281,11.122063636779785,11.404520988464355,12.166300773620605,13.014724731445312,13.683609962463379,14.22202205657959,14.807772636413574,15.344232559204102,15.559972763061523,15.349438667297363,14.795836448669434,14.044377326965332
