data/wind_data/wind_1_7.json
{"header": {"parameterUnit": "KT", "parameterCategory": 2, "nx": 256, "ny": 198, "lo1": 44.73521041870117, "la1": -3.236724853515625, "lo2": 111.26478576660156, "la2": 43.468475341796875, "dx": 0.2609002888202667, "dy": -0.23708222806453705, "refTime": "2025-02-19 01:00:00", "forecastTime": 0, "parameterNumber": 2, "parameterNumberName": "eastward_wind"}, "data":
[rows 40 to 59 of 198, columns 0 to 43 of 256]
-13.789226531982422,-11.062305450439453,-10.015707969665527,-9.574539184570312,-9.430163383483887,-10.267114639282227,-11.64829158782959,-12.08161735534668,-11.851906776428223,-12.161778450012207,-12.63228988647461,-12.44820785522461,-12.44890022277832,-12.976871490478516,-13.15620231628418,-11.950173377990723,-11.016100883483887,-10.622203826904297,-9.890774726867676,-9.340401649475098,-8.415472030639648,-7.240632057189941,-5.767937660217285,-4.020298480987549,-2.5315723419189453,-2.060249090194702,-2.337524175643921,-2.537994146347046,-2.2329838275909424,-2.1004302501678467,-3.2800962924957275,-3.6940033435821533,-2.867316722869873,-2.1307339668273926,-2.453108787536621,-3.242994546890259,-5.091100215911865,-5.721080780029297,-5.829647064208984,-5.867867946624756,-7.245249271392822,-9.168839454650879,-10.099658966064453,-10.187506675720215
-13.3610200881958,-12.421908378601074,-10.329748153686523,-8.27754020690918,-7.339990139007568,-7.962865352630615,-9.004206657409668,-9.623385429382324,-10.029666900634766,-9.911481857299805,-10.376335144042969,-10.573010444641113,-10.778894424438477,-11.034125328063965,-10.976024627685547,-10.499561309814453,-10.44459342956543,-10.682188034057617,-10.750548362731934,-10.667680740356445,-9.960177421569824,-9.288679122924805,-7.5624613761901855,-5.694470405578613,-4.570303916931152,-3.5325801372528076,-2.8285107612609863,-3.271460771560669,-3.097590208053589,-1.9569307565689087,-2.493007183074951,-3.540762186050415,-2.78083872795105,-1.1447697877883911,-0.8927714824676514,-3.536877155303955,-6.232068061828613,-6.1623854637146,-5.187070846557617,-5.223432540893555,-6.229502201080322,-7.5860185623168945,-9.200616836547852,-9.805825233459473
-11.583212852478027,-11.397150039672852,-10.53243637084961,-8.545283317565918,-7.888151168823242,-7.8635969161987305,-8.179485321044922,-8.801107406616211,-9.413501739501953,-8.454194068908691,-8.927833557128906,-10.763298988342285,-10.73780632019043,-9.230462074279785,-8.145565032958984,-7.7482428550720215,-8.26543140411377,-9.578289031982422,-9.658415794372559,-9.052233695983887,-8.139324188232422,-8.898221969604492,-8.806487083435059,-7.321194648742676,-6.123766899108887,-4.941388130187988,-3.7598204612731934,-3.83642840385437,-3.890124797821045,-3.3104445934295654,-3.2007720470428467,-4.076531410217285,-4.022040367126465,-2.482982873916626,-2.226797103881836,-4.772029399871826,-6.989482402801514,-6.627782821655273,-5.35452127456665,-5.016721248626709,-4.820140838623047,-5.8329973220825195,-8.030059814453125,-8.77026081085205
-10.420976638793945,-9.908904075622559,-10.559109687805176,-9.619392395019531,-9.77507495880127,-9.072739601135254,-8.25062084197998,-8.650799751281738,-8.884856224060059,-7.866494178771973,-7.760707855224609,-9.594359397888184,-10.545714378356934,-9.360983848571777,-7.106151580810547,-5.4206085205078125,-5.0811920166015625,-5.926749229431152,-5.884941101074219,-5.801690101623535,-5.666714668273926,-6.674961566925049,-8.09706974029541,-8.420351028442383,-7.473118782043457,-5.968898773193359,-4.829155921936035,-4.280169486999512,-4.0106282234191895,-3.972038984298706,-4.167013645172119,-4.821074485778809,-6.234273910522461,-4.960055351257324,-3.63645339012146,-5.040929794311523,-6.500006675720215,-6.867743015289307,-5.77351188659668,-5.456218719482422,-5.458863735198975,-5.66468620300293,-6.635678768157959,-6.651306629180908
-9.553932189941406,-8.102202415466309,-8.935420036315918,-9.464364051818848,-9.084023475646973,-9.795467376708984,-9.165987014770508,-8.689102172851562,-7.691756248474121,-6.72656774520874,-6.760945796966553,-7.23394775390625,-6.974616527557373,-6.312193870544434,-5.660107612609863,-4.9095869064331055,-4.8134260177612305,-4.185710906982422,-2.8930959701538086,-3.446385622024536,-4.532952785491943,-4.919994831085205,-5.407376766204834,-6.345184803009033,-5.808389186859131,-4.754392147064209,-5.684784412384033,-5.08257532119751,-4.034729957580566,-3.8219690322875977,-4.11054801940918,-4.586965560913086,-5.29597282409668,-4.708045959472656,-3.8757550716400146,-3.824140787124634,-5.172897815704346,-6.284327030181885,-6.229189872741699,-6.060298919677734,-6.488438606262207,-6.687919616699219,-5.736505508422852,-5.106664180755615
-8.074065208435059,-6.7772746086120605,-7.758249759674072,-9.05444622039795,-8.338692665100098,-9.92184066772461,-8.67531967163086,-6.863071441650391,-6.209319114685059,-6.3871331214904785,-6.47277307510376,-5.876580238342285,-4.936990261077881,-4.655593395233154,-4.540727138519287,-4.416953086853027,-4.767612934112549,-3.7284817695617676,-1.5733006000518799,-2.8591625690460205,-4.129293918609619,-4.204189300537109,-4.547842502593994,-5.178305625915527,-5.180593490600586,-4.522335529327393,-5.010112285614014,-5.1225080490112305,-4.392035484313965,-4.041727542877197,-4.3112616539001465,-4.350844860076904,-4.240657806396484,-4.3624982833862305,-4.482912063598633,-3.7930026054382324,-4.2820210456848145,-4.583600044250488,-5.223623275756836,-5.762825012207031,-6.568143367767334,-7.333418369293213,-6.208867073059082,-5.276428699493408
-7.886229515075684,-7.613037109375,-8.08566665649414,-8.069035530090332,-7.36513614654541,-7.5091962814331055,-6.884128093719482,-5.300966262817383,-5.04652214050293,-5.303568363189697,-4.95738410949707,-4.79575777053833,-4.306471347808838,-4.158236026763916,-4.105074405670166,-4.706371307373047,-5.991080284118652,-4.939774513244629,-2.241734266281128,-0.7798628807067871,-1.1689486503601074,-2.7431745529174805,-3.5648996829986572,-4.142755508422852,-4.768622875213623,-5.1066131591796875,-5.089550495147705,-5.094779968261719,-4.893484115600586,-4.58862829208374,-4.822151184082031,-4.594669342041016,-4.331335067749023,-4.469010353088379,-4.698751926422119,-3.6466915607452393,-3.118191957473755,-3.0144400596618652,-4.131706714630127,-4.935661315917969,-5.220364570617676,-5.497267246246338,-5.946639537811279,-5.816122055053711
-7.038106918334961,-8.085485458374023,-8.346172332763672,-7.590104103088379,-6.726678371429443,-6.226562023162842,-5.497673511505127,-4.444231986999512,-4.026756286621094,-4.519989490509033,-3.3593127727508545,-2.6908955574035645,-3.5502443313598633,-3.6100704669952393,-3.3233160972595215,-2.69570255279541,-2.109330654144287,-1.6840931177139282,-3.1977171897888184,-2.8376083374023438,-1.9885902404785156,-2.4648566246032715,-3.799072265625,-4.4983601570129395,-4.927331924438477,-5.581275463104248,-5.639697551727295,-5.384993076324463,-5.554174423217773,-6.067996501922607,-6.513896465301514,-6.1210408210754395,-4.399048805236816,-3.954178810119629,-4.372634410858154,-3.0194053649902344,-1.6766809225082397,-1.901455044746399,-2.566149950027466,-3.190138816833496,-3.2989895343780518,-3.7223129272460938,-4.647008895874023,-5.189881801605225
-6.256464004516602,-6.713157653808594,-6.712034702301025,-7.323853969573975,-7.3566575050354,-6.215438365936279,-4.984462738037109,-4.02121639251709,-3.368884801864624,-3.890934467315674,-2.6917011737823486,-2.6499650478363037,-3.76701021194458,-3.052966594696045,-2.3690991401672363,-1.5521706342697144,-0.5922366976737976,-1.099791407585144,-3.0856823921203613,-4.735218048095703,-4.658934116363525,-4.081132888793945,-4.60557746887207,-5.083090305328369,-5.1098198890686035,-5.656184673309326,-6.057411193847656,-6.161147117614746,-6.3942975997924805,-7.364477157592773,-7.610537528991699,-6.626025676727295,-4.517601013183594,-2.749474048614502,-1.8800603151321411,-1.840593695640564,-1.0965003967285156,-0.8617789149284363,-0.415048211812973,-0.40171509981155396,-1.503444790840149,-1.9871559143066406,-2.4845376014709473,-2.753694534301758
-3.1312522888183594,-4.2174506187438965,-4.906454086303711,-4.830594062805176,-5.557891368865967,-5.317144870758057,-4.0873188972473145,-2.4288101196289062,-1.254374384880066,-1.8480372428894043,-2.3320391178131104,-2.6279642581939697,-3.321043014526367,-2.3754241466522217,-2.178095817565918,-2.515094518661499,-2.3928585052490234,-2.86252498626709,-4.403982162475586,-6.651675224304199,-7.073033809661865,-5.824273586273193,-4.918550968170166,-4.779969215393066,-5.355759620666504,-5.758589267730713,-6.015300750732422,-6.458228588104248,-6.597718238830566,-6.569551467895508,-7.01409387588501,-7.305005073547363,-5.880148410797119,-3.7393033504486084,-2.531521797180176,-2.5723705291748047,-2.1645193099975586,-0.05122770369052887,2.000880241394043,2.710489511489868,1.8306481838226318,0.11417357623577118,-1.622644305229187,-1.3776178359985352
-2.148808002471924,-1.8011335134506226,-2.370936632156372,-2.347052574157715,-1.6843336820602417,-2.0496737957000732,-1.885855793952942,-1.0760152339935303,-0.5037358403205872,-0.3672281503677368,-1.279465675354004,-1.7771942615509033,-1.9871004819869995,-1.4185682535171509,-1.3981499671936035,-2.8920352458953857,-4.110414505004883,-3.689800977706909,-3.19515061378479,-4.714131832122803,-7.437835693359375,-7.0676398277282715,-4.802233695983887,-4.888618469238281,-6.0131916999816895,-6.180532455444336,-5.087503910064697,-5.007290363311768,-5.3551836013793945,-5.69216251373291,-5.845273494720459,-7.2364068031311035,-6.999155044555664,-6.1529316902160645,-5.858944892883301,-5.476437091827393,-3.8847243785858154,-1.8570077419281006,-0.12539628148078918,0.3648771047592163,1.0063714981079102,0.2835136353969574,-0.8557220101356506,-0.747516930103302
-0.897248387336731,-0.14496475458145142,-1.2024916410446167,-0.8861156702041626,-0.5336269736289978,0.5768619179725647,0.5578166842460632,0.23767180740833282,0.04104863852262497,-0.6700679063796997,-1.0051087141036987,-1.2191935777664185,0.026935921981930733,0.5393437743186951,-0.8200135231018066,-1.9957215785980225,-2.2827556133270264,-1.1970993280410767,-0.9056485295295715,-2.2720766067504883,-5.43716287612915,-6.707676887512207,-5.021852970123291,-6.265867710113525,-7.390627861022949,-6.406556606292725,-4.696505069732666,-3.691399097442627,-3.82442307472229,-4.222960472106934,-4.550506591796875,-4.9102349281311035,-5.8147125244140625,-7.156395435333252,-7.133663177490234,-5.567660808563232,-4.598301887512207,-4.437108993530273,-3.2223429679870605,-2.2237329483032227,-1.113715648651123,-0.22021253407001495,0.13662336766719818,-0.029520926997065544
-0.7842730283737183,-0.10334128886461258,-0.6091114282608032,-0.3275081515312195,-0.5896936655044556,-0.9505650401115417,-0.7307713031768799,-0.5990369915962219,-0.7589918375015259,-1.560057282447815,-1.561192512512207,-0.9225025773048401,-0.007052164990454912,1.0132025480270386,1.1081064939498901,0.5305370688438416,0.54436856508255,1.2617028951644897,0.9727214574813843,-0.7806091904640198,-3.114015817642212,-4.463386058807373,-4.135891437530518,-5.511613845825195,-6.42244815826416,-5.325886249542236,-4.577748775482178,-3.697863817214966,-4.024401664733887,-4.2575507164001465,-4.336228847503662,-4.817359447479248,-5.0189127922058105,-5.7587666511535645,-5.305690288543701,-4.833390235900879,-5.034974098205566,-5.347582817077637,-4.360788345336914,-2.1619436740875244,-0.38350048661231995,0.9806129932403564,1.0436166524887085,-0.6491928100585938
-1.68637216091156,-1.259647250175476,-0.35726889967918396,-0.45355021953582764,-1.4308377504348755,-1.6315165758132935,-1.5624306201934814,-1.6753036975860596,-0.8964025378227234,-0.31043508648872375,-0.6281813979148865,-1.3060564994812012,-2.5936832427978516,-2.5923922061920166,-0.8985570073127747,0.21347959339618683,1.094252586364746,1.394598126411438,2.2846603393554688,1.4036425352096558,0.27003711462020874,-1.51243257522583,-2.260394334793091,-3.099489688873291,-4.905757904052734,-4.927924156188965,-4.688894271850586,-4.757572650909424,-5.106517314910889,-5.558941841125488,-4.8014678955078125,-4.133135795593262,-4.114221096038818,-4.1616668701171875,-3.8090434074401855,-3.333449125289917,-4.496214866638184,-5.17902135848999,-4.513676166534424,-3.81294584274292,-2.6408603191375732,-0.5188276171684265,0.4752896726131439,-0.3691577613353729
-2.1492502689361572,-1.2967573404312134,-0.016152001917362213,0.8038444519042969,-0.18892914056777954,-1.1403640508651733,-0.951327919960022,-0.7242696285247803,-0.8549110889434814,-1.188801646232605,-1.800140619277954,-1.6465163230895996,-1.8449733257293701,-2.604032278060913,-3.4325571060180664,-3.2617228031158447,-1.6590934991836548,-0.9075527787208557,0.34539133310317993,1.099793553352356,1.085303783416748,0.5432262420654297,-0.8440908193588257,-1.4566220045089722,-2.6851415634155273,-3.696852684020996,-4.826540470123291,-5.323081016540527,-5.556046009063721,-6.044837951660156,-5.171141147613525,-2.7549192905426025,-1.7304129600524902,-2.8186187744140625,-3.127845287322998,-2.4312825202941895,-2.6604397296905518,-3.4387047290802,-3.982794761657715,-4.825600624084473,-4.4907546043396,-2.3912627696990967,-0.30177873373031616,0.03049650229513645
-1.2293317317962646,-0.9090085029602051,0.5947203040122986,2.1881721019744873,1.6396085023880005,0.5678184032440186,-0.34894493222236633,0.4429575502872467,0.8933451175689697,0.3684682548046112,-0.6796234250068665,-0.5691121816635132,-0.3596020042896271,-0.879623293876648,-1.38889479637146,-2.881301164627075,-4.018178939819336,-3.960441827774048,-2.619499444961548,-1.385114073753357,-0.8857378959655762,-0.37476739287376404,-0.7624350786209106,-1.2218623161315918,-0.8640685081481934,-1.2981171607971191,-2.446890354156494,-4.001967906951904,-4.664111614227295,-4.334623336791992,-4.406070709228516,-3.629268169403076,-1.468329668045044,-0.7534148097038269,-1.4894717931747437,-1.4704480171203613,-0.7890369296073914,-0.7936527729034424,-2.5720996856689453,-4.127246379852295,-3.8839282989501953,-2.415475606918335,-1.1016483306884766,-0.916998028755188
0.7327389121055603,1.2182129621505737,2.203826427459717,2.7287025451660156,2.399901866912842,2.0771353244781494,1.280658483505249,1.708207368850708,2.5835671424865723,1.9980214834213257,0.16494090855121613,-0.3298579752445221,0.35066574811935425,0.2622162401676178,0.6381558179855347,-0.19227775931358337,-2.170944929122925,-2.8710036277770996,-2.8493406772613525,-2.6372973918914795,-2.4763193130493164,-1.440283179283142,-1.2582181692123413,-1.6025656461715698,-0.5581988096237183,0.12279798090457916,-0.5064700841903687,-2.1669955253601074,-2.233750820159912,-1.105722427368164,-1.750532865524292,-2.658527374267578,-1.903895616531372,-0.08268687129020691,0.9562960863113403,0.8736655712127686,0.2899588644504547,0.9260289072990417,0.084309883415699,-1.9273650646209717,-2.668729305267334,-1.669527292251587,0.26089584827423096,0.7227964401245117
2.417297840118408,3.3841552734375,3.68141770362854,3.7661967277526855,3.889680862426758,3.8882806301116943,3.5651955604553223,3.127084255218506,3.2931501865386963,2.890451431274414,1.6207743883132935,0.457195907831192,0.5512582659721375,1.4429004192352295,1.8882337808609009,1.3200525045394897,0.5971512794494629,-0.1902289092540741,-0.7777068018913269,-0.38512974977493286,0.5923131108283997,1.0474326610565186,0.9714052081108093,-0.021652478724718094,-0.4561203420162201,-0.3146429657936096,-0.19809839129447937,-0.5362923741340637,1.38034188747406,2.760145664215088,2.384615182876587,2.098890542984009,2.244225025177002,1.424216866493225,2.2240350246429443,3.1900453567504883,1.6107832193374634,0.6497611999511719,2.0715129375457764,1.5894824266433716,-0.38982048630714417,0.052809715270996094,2.589614152908325,4.451636791229248
3.6120316982269287,5.13320255279541,5.318614959716797,5.109965801239014,4.434403896331787,4.496897220611572,4.89695405960083,4.0899858474731445,3.4065425395965576,3.775139570236206,3.8871476650238037,3.9359967708587646,3.678410053253174,3.5887393951416016,3.5832738876342773,2.413275957107544,1.500693917274475,1.2000186443328857,0.934723973274231,1.3110382556915283,1.4962595701217651,2.917635917663574,3.201430320739746,2.0329015254974365,0.5571790933609009,0.12443125993013382,0.23233607411384583,0.9845544099807739,2.545701503753662,3.947885513305664,4.811539173126221,5.713141441345215,6.676360607147217,6.113615989685059,4.891494274139404,4.524568557739258,3.5799059867858887,2.1720526218414307,2.4678797721862793,3.6455564498901367,3.2733747959136963,3.178464651107788,4.253882884979248,5.276461601257324
5.257469654083252,7.072873592376709,7.505005359649658,7.145999431610107,6.973911762237549,6.879730224609375,6.399935245513916,5.707180976867676,4.685637950897217,4.974482536315918,5.44987154006958,6.236270904541016,6.63837194442749,6.030219078063965,5.471041202545166,4.805736541748047,3.5433027744293213,2.8674135208129883,2.599107265472412,2.899794340133667,2.196768045425415,2.423380136489868,3.011721611022949,3.1176347732543945,2.9149763584136963,2.9766201972961426,2.5484330654144287,2.74682354927063,2.7998642921447754,4.147681713104248,6.102847099304199,7.060637950897217,7.092750072479248,7.144137382507324,6.937354564666748,5.851536273956299,4.476925849914551,3.509899616241455,3.2666585445404053,3.473304271697998,4.076745510101318,3.8359122276306152,3.67073655128479,4.547124862670898
