data/wind_data/wind_19_7.json
{"header": {"parameterUnit": "KT", "parameterCategory": 2, "nx": 256, "ny": 198, "lo1": 44.73521041870117, "la1": -3.236724853515625, "lo2": 111.26478576660156, "la2": 43.468475341796875, "dx": 0.2609002888202667, "dy": -0.23708222806453705, "refTime": "2025-02-19 19:00:00", "forecastTime": 0, "parameterNumber": 2, "parameterNumberName": "eastward_wind"}, "data":
[rows 0 to 19 of 198, columns 0 to 43 of 256]
-1.825046181678772,-3.0059573650360107,-3.764186143875122,-4.088833332061768,-5.484619140625,-7.670693874359131,-8.566174507141113,-8.544663429260254,-7.959177494049072,-7.510366916656494,-9.652113914489746,-12.724541664123535,-14.89171028137207,-16.342790603637695,-16.499711990356445,-16.280546188354492,-16.214221954345703,-16.199020385742188,-16.245906829833984,-16.512975692749023,-17.08477210998535,-17.623659133911133,-18.076765060424805,-18.695453643798828,-19.467838287353516,-19.391515731811523,-18.67306900024414,-18.899394989013672,-19.66107177734375,-19.902122497558594,-19.782630920410156,-19.092071533203125,-18.346887588500977,-18.66486358642578,-18.84304428100586,-17.549991607666016,-16.205738067626953,-15.531879425048828,-15.377755165100098,-15.858491897583008,-16.60310935974121,-17.565229415893555,-18.428903579711914,-19.17673683166504
0.025029052048921585,-0.9899016618728638,-1.695885419845581,-2.7536191940307617,-4.178622245788574,-5.1913909912109375,-5.710294246673584,-5.896267414093018,-5.6989545822143555,-6.080996990203857,-8.167024612426758,-10.948659896850586,-13.684730529785156,-15.301573753356934,-15.243900299072266,-15.230841636657715,-15.417500495910645,-15.422595977783203,-15.564781188964844,-16.36670684814453,-17.75615692138672,-18.392715454101562,-18.11701202392578,-18.047657012939453,-18.411596298217773,-18.45294952392578,-18.338016510009766,-18.85791015625,-19.36957550048828,-19.184673309326172,-18.614803314208984,-17.409391403198242,-16.175819396972656,-16.056503295898438,-16.07323455810547,-15.350261688232422,-14.473963737487793,-13.56751823425293,-13.169052124023438,-13.40760612487793,-13.555706977844238,-13.742894172668457,-14.56643295288086,-15.726922988891602
0.06869786232709885,-0.42276185750961304,-0.9596277475357056,-2.276878595352173,-3.5388600826263428,-4.0357232093811035,-4.324229717254639,-4.418651103973389,-4.007254123687744,-4.363622188568115,-6.588374137878418,-9.172636032104492,-10.846661567687988,-11.598655700683594,-11.898834228515625,-12.800641059875488,-14.082073211669922,-14.616866111755371,-14.586822509765625,-15.329402923583984,-16.609909057617188,-17.049530029296875,-16.83441925048828,-16.57646942138672,-16.50252914428711,-16.973581314086914,-17.62557601928711,-17.885601043701172,-17.5784854888916,-16.907747268676758,-16.212263107299805,-15.112288475036621,-13.99168586730957,-13.83176326751709,-13.746492385864258,-13.094564437866211,-12.496545791625977,-11.816498756408691,-10.935242652893066,-9.916070938110352,-9.36067008972168,-9.741893768310547,-10.624246597290039,-11.340476989746094
-0.2381133884191513,-0.40552783012390137,-0.9945694208145142,-2.2229087352752686,-3.261950969696045,-3.477353096008301,-3.544849395751953,-3.556593656539917,-3.027237892150879,-3.2337350845336914,-5.384095191955566,-7.5196099281311035,-8.15571403503418,-8.312828063964844,-9.025359153747559,-10.852269172668457,-13.104975700378418,-14.05024242401123,-14.104341506958008,-14.843297958374023,-15.718400955200195,-15.814558982849121,-15.719758033752441,-15.373526573181152,-14.796552658081055,-15.156392097473145,-16.004289627075195,-15.946322441101074,-15.103452682495117,-14.139728546142578,-13.385519981384277,-12.588994026184082,-11.832629203796387,-11.54345989227295,-11.10650634765625,-10.372337341308594,-9.94189453125,-9.64704704284668,-8.715964317321777,-7.328713417053223,-6.840467929840088,-7.175041675567627,-7.548497676849365,-7.8264479637146
-0.08558374643325806,-0.5989769101142883,-1.2834900617599487,-2.1845946311950684,-3.155071496963501,-3.422039031982422,-3.149719476699829,-2.6367785930633545,-2.421567678451538,-3.893667697906494,-6.021996021270752,-7.220947265625,-7.833077907562256,-8.961013793945312,-11.474703788757324,-14.188494682312012,-15.457881927490234,-16.030635833740234,-16.524168014526367,-16.55025291442871,-15.936030387878418,-15.07343578338623,-14.479818344116211,-13.896108627319336,-13.2490816116333,-12.732481002807617,-12.099370956420898,-11.399911880493164,-11.139047622680664,-11.956913948059082,-13.186199188232422,-13.455084800720215,-12.644271850585938,-11.510847091674805,-10.791027069091797,-10.455981254577637,-10.02499771118164,-9.149112701416016,-8.1828031539917,-7.535545825958252,-7.092629909515381,-7.050487518310547,-7.745440483093262,-8.49183464050293
-0.5275561809539795,-1.214220643043518,-1.6953307390213013,-2.085895538330078,-2.71360182762146,-3.4404869079589844,-3.2081878185272217,-2.940901279449463,-3.6640701293945312,-5.415249347686768,-6.6466803550720215,-7.031909465789795,-7.9199299812316895,-10.380355834960938,-13.545575141906738,-15.156123161315918,-15.405847549438477,-15.601163864135742,-15.558639526367188,-15.001704216003418,-13.960955619812012,-12.790181159973145,-11.709376335144043,-10.480717658996582,-9.110344886779785,-8.051568984985352,-7.804554462432861,-8.417398452758789,-9.204185485839844,-9.500022888183594,-9.540238380432129,-9.453336715698242,-8.954788208007812,-8.182250022888184,-7.589315414428711,-7.392282962799072,-7.1905436515808105,-6.540620803833008,-5.920999526977539,-5.477565288543701,-5.176354885101318,-5.080897808074951,-5.150942325592041,-5.221620082855225
-1.9516419172286987,-2.2243616580963135,-2.4807255268096924,-2.7555391788482666,-2.7318105697631836,-4.017142295837402,-3.86641526222229,-4.305181980133057,-5.573338508605957,-6.414580345153809,-6.462828159332275,-6.40655517578125,-7.457723617553711,-9.640571594238281,-11.135605812072754,-10.9387845993042,-10.433756828308105,-10.270203590393066,-10.367624282836914,-10.454071998596191,-10.273399353027344,-9.885516166687012,-9.222990989685059,-8.208497047424316,-7.126204490661621,-6.428380966186523,-6.2415771484375,-6.275608062744141,-6.158432483673096,-5.938266754150391,-5.839334487915039,-5.8479790687561035,-5.889732837677002,-5.922974109649658,-5.772916793823242,-6.212299823760986,-6.445935249328613,-5.699589252471924,-4.738521099090576,-3.967046022415161,-3.2015295028686523,-2.656501531600952,-2.500568389892578,-2.7555856704711914
-3.40198016166687,-3.333664655685425,-3.5370724201202393,-3.7240142822265625,-3.1058106422424316,-5.235470294952393,-5.375176429748535,-6.195469379425049,-6.936557769775391,-6.4524712562561035,-5.699865818023682,-5.53988790512085,-6.279094696044922,-7.139916896820068,-7.141966819763184,-6.772259712219238,-6.673548221588135,-6.652434349060059,-6.906825542449951,-7.207586765289307,-7.418082237243652,-7.578332424163818,-7.696741580963135,-7.558807373046875,-6.985194206237793,-6.053970813751221,-5.0427680015563965,-4.153998374938965,-3.571727752685547,-3.45845890045166,-3.6138055324554443,-3.9436585903167725,-4.502604007720947,-5.0408430099487305,-5.272785186767578,-5.086181640625,-5.3579630851745605,-4.883200645446777,-3.84521222114563,-2.9909396171569824,-1.989617943763733,-1.2087738513946533,-0.8468907475471497,-0.9288357496261597
-4.734931468963623,-4.575697422027588,-4.577340602874756,-4.368914604187012,-3.2623462677001953,-5.946001052856445,-6.080600738525391,-6.623775005340576,-6.62553071975708,-5.814633369445801,-5.324039936065674,-5.324450969696045,-5.488162040710449,-5.343879222869873,-5.203290939331055,-5.961213111877441,-6.897589206695557,-7.395485877990723,-7.604506015777588,-7.5702009201049805,-7.353320598602295,-7.0710906982421875,-6.723495960235596,-6.1498517990112305,-5.185903549194336,-3.9668893814086914,-2.818204641342163,-1.9129080772399902,-1.4325225353240967,-1.447481393814087,-1.8197797536849976,-2.319791316986084,-2.83657169342041,-3.3345448970794678,-3.575958728790283,-3.8149712085723877,-3.5567970275878906,-3.3657257556915283,-2.8034543991088867,-2.22309947013855,-1.398259162902832,-0.5076394081115723,0.04586897790431976,0.24488648772239685
-5.924731731414795,-5.727167129516602,-5.496912956237793,-4.722230911254883,-2.7075047492980957,-5.19407320022583,-4.899730682373047,-4.673152446746826,-4.490154266357422,-4.76469087600708,-5.628697872161865,-5.914680004119873,-5.648202419281006,-5.385797500610352,-6.193572998046875,-7.641120433807373,-8.228658676147461,-8.295454025268555,-8.441737174987793,-8.478767395019531,-8.220735549926758,-7.600078105926514,-6.548239231109619,-5.145605087280273,-3.589385747909546,-2.1234967708587646,-1.1143889427185059,-0.7606706023216248,-0.9115130305290222,-1.267449140548706,-1.699731707572937,-2.0696561336517334,-2.073168992996216,-1.9570262432098389,-1.8975685834884644,-1.6803417205810547,-1.6858521699905396,-1.4353693723678589,-1.0444130897521973,-0.9355829954147339,-0.5879930257797241,0.036321986466646194,0.6179539561271667,1.1311064958572388
-6.968361854553223,-6.821078300476074,-6.486819744110107,-5.062195301055908,-1.7031328678131104,-3.622403144836426,-3.2408041954040527,-2.2096400260925293,-2.3102548122406006,-4.083376407623291,-6.219509124755859,-6.828799247741699,-6.550220012664795,-6.529599189758301,-6.934706211090088,-6.820789813995361,-6.259428024291992,-5.816685676574707,-5.62898588180542,-5.630414009094238,-5.584373474121094,-5.224465370178223,-4.397834300994873,-3.1964070796966553,-1.871684193611145,-0.6903292536735535,-0.03484468534588814,-0.1966114491224289,-0.9050696492195129,-1.4875133037567139,-1.8460791110992432,-2.0020041465759277,-1.776419997215271,-1.3057297468185425,-0.9580098390579224,-0.8508891463279724,-0.5834020972251892,0.17276929318904877,0.872304379940033,1.4087893962860107,1.6005505323410034,1.7656176090240479,1.9728038311004639,2.156801462173462
-7.010190486907959,-7.140581130981445,-6.865842342376709,-5.233675479888916,-1.3357268571853638,-2.206975221633911,-2.2292842864990234,-1.0189385414123535,-1.7986533641815186,-4.406746864318848,-6.886651515960693,-7.515035629272461,-6.971207618713379,-6.227228164672852,-5.361539840698242,-4.573720455169678,-4.091426849365234,-3.533576726913452,-2.8161206245422363,-2.3070836067199707,-2.1438581943511963,-1.9728988409042358,-1.427301287651062,-0.5364773273468018,0.6768815517425537,1.688010573387146,2.004584312438965,1.707694411277771,1.2128028869628906,0.8095150589942932,0.5113632082939148,0.34946686029434204,0.40968698263168335,0.570624828338623,0.7424014806747437,1.0462706089019775,0.9115177392959595,1.7367358207702637,2.3803606033325195,3.478497266769409,4.037803649902344,3.963724374771118,3.9973442554473877,3.7099180221557617
-6.115007400512695,-6.483908653259277,-6.281177997589111,-4.950290203094482,-1.8107542991638184,-1.5566999912261963,-2.19755220413208,-1.7335600852966309,-3.0168097019195557,-5.310573101043701,-7.07105827331543,-7.083697319030762,-5.85192346572876,-4.452620506286621,-3.4286229610443115,-3.065701723098755,-3.079470634460449,-2.826103925704956,-2.142258882522583,-1.5036909580230713,-1.3053637742996216,-1.1635247468948364,-0.6926854848861694,0.13056503236293793,1.31438410282135,2.4287068843841553,3.0869507789611816,3.414318084716797,3.6732394695281982,3.569812774658203,3.186760663986206,2.9655725955963135,3.0565812587738037,3.1040613651275635,2.7939953804016113,3.577486276626587,3.8384838104248047,4.526299476623535,4.426649570465088,4.976626873016357,5.683021545410156,5.51082181930542,5.645608901977539,5.6964945793151855
-4.903797626495361,-5.198410987854004,-4.980814456939697,-4.11058235168457,-2.042036294937134,-1.9728643894195557,-3.2403085231781006,-3.70967698097229,-4.701556205749512,-5.658552169799805,-6.10267448425293,-5.463321685791016,-4.062857627868652,-2.7854127883911133,-2.1244728565216064,-2.045074462890625,-2.1709933280944824,-1.939552664756775,-1.2891101837158203,-0.7877465486526489,-0.8016116619110107,-0.8197834491729736,-0.4782269299030304,0.4604004919528961,1.676416277885437,2.783592700958252,3.6636548042297363,4.314733505249023,4.767034530639648,4.5803117752075195,3.952939987182617,3.355785608291626,3.208442449569702,3.319180727005005,3.3481926918029785,3.441218852996826,3.5256569385528564,4.633460998535156,4.7036542892456055,5.182944297790527,6.477502822875977,6.973250389099121,7.361677646636963,8.095403671264648
-3.5286905765533447,-3.5571627616882324,-3.3568508625030518,-3.0879156589508057,-2.2446999549865723,-2.7336180210113525,-4.1736369132995605,-4.776774883270264,-5.073025703430176,-4.8283843994140625,-4.385286808013916,-3.6071536540985107,-2.5074281692504883,-1.5910160541534424,-1.288535475730896,-1.295065999031067,-1.2687047719955444,-1.0678011178970337,-0.6303662061691284,-0.3637956976890564,-0.29904288053512573,-0.08885552734136581,0.5334131121635437,1.6953750848770142,2.8622384071350098,3.8038368225097656,4.586424827575684,5.092779159545898,5.203956127166748,4.7798075675964355,4.065293788909912,3.2771573066711426,2.6379799842834473,2.119703769683838,1.5449308156967163,1.4871517419815063,2.0685601234436035,2.4794936180114746,2.6181070804595947,3.5021400451660156,4.6285319328308105,5.75327730178833,7.201545715332031,8.551725387573242
-3.192824363708496,-2.5781679153442383,-2.133240222930908,-2.081317901611328,-1.5850846767425537,-2.591320753097534,-3.565023422241211,-3.567971706390381,-3.3091013431549072,-2.9814534187316895,-2.5622758865356445,-2.0043723583221436,-1.1959608793258667,-0.6363996863365173,-0.4432015120983124,-0.31821566820144653,-0.19728510081768036,-0.13244923949241638,0.08006551116704941,0.31556352972984314,0.697697103023529,1.313509464263916,2.312687397003174,3.43721604347229,4.369307518005371,5.075130939483643,5.560142517089844,5.7379302978515625,5.565217971801758,5.10410213470459,4.442863464355469,3.6220290660858154,2.707646369934082,1.8569755554199219,1.252451777458191,1.2778537273406982,1.7530250549316406,2.1523311138153076,2.4464328289031982,3.230677604675293,3.8239214420318604,4.179442405700684,5.189671039581299,6.1597795486450195
-3.5095715522766113,-2.1556596755981445,-1.272840142250061,-1.1879652738571167,-0.2229214459657669,-1.7993104457855225,-2.425110340118408,-1.671431303024292,-0.6988314390182495,-0.5992795825004578,-0.7651780843734741,-0.6015399098396301,-0.1720324009656906,0.09147553145885468,0.356112539768219,0.5465385317802429,0.6260107159614563,0.720252275466919,1.0348328351974487,1.6998205184936523,2.605825901031494,3.5590946674346924,4.599272727966309,5.55181360244751,6.262317180633545,6.647328853607178,6.791420936584473,6.764166355133057,6.44944429397583,5.856067180633545,5.110256195068359,4.060582637786865,2.7830910682678223,1.7127848863601685,1.4403198957443237,1.816692590713501,2.315260410308838,2.608731508255005,2.8636398315429688,3.2924914360046387,3.867638111114502,4.629635810852051,5.669449806213379,6.295780181884766
-3.701021909713745,-2.2168545722961426,-1.368354320526123,-1.5973705053329468,-1.4029905796051025,-1.865821123123169,-1.9485543966293335,-0.6207548379898071,0.6744223833084106,0.7892201542854309,0.21582739055156708,-0.08892972767353058,-0.09558697789907455,0.29562661051750183,0.7110968828201294,0.8531801104545593,1.0222718715667725,1.471440076828003,2.1959381103515625,3.32151198387146,4.446197986602783,5.273414611816406,5.94983434677124,6.696033477783203,7.380785942077637,7.627369403839111,7.46628475189209,7.231586933135986,6.885014057159424,6.286072254180908,5.5124101638793945,4.378214359283447,2.98382568359375,1.9054492712020874,1.804486632347107,2.4785256385803223,2.9560325145721436,3.2431280612945557,3.2928028106689453,3.0144646167755127,3.3855032920837402,4.492311477661133,5.572170257568359,6.360058307647705
-4.1860198974609375,-2.859938383102417,-2.2503175735473633,-3.1921234130859375,-4.777523517608643,-3.2420785427093506,-2.2598395347595215,-0.5638442039489746,0.4224899709224701,0.5050225257873535,-0.09357394278049469,-0.6054992079734802,-0.46175503730773926,0.29062145948410034,0.8036798238754272,1.0623362064361572,1.499437689781189,2.2608609199523926,3.2031960487365723,4.292455196380615,5.2128095626831055,5.644495487213135,5.8174567222595215,6.214465618133545,6.832493782043457,7.113471508026123,6.839189052581787,6.4571099281311035,6.2123918533325195,5.862610340118408,5.208400726318359,4.2926154136657715,3.3882129192352295,2.702723503112793,2.2760069370269775,2.9858455657958984,3.431389570236206,3.418325662612915,3.6552155017852783,3.604217767715454,3.9503061771392822,4.876262187957764,5.4840922355651855,5.899448871612549
-5.937594890594482,-4.507383346557617,-3.7117674350738525,-4.842061996459961,-7.397891044616699,-5.136662483215332,-3.3861377239227295,-1.671360731124878,-0.9548844695091248,-0.6787673234939575,-0.831549882888794,-0.7771040797233582,-0.1480739265680313,0.61118483543396,1.2932648658752441,1.907643437385559,2.4831740856170654,3.0915915966033936,3.6962993144989014,4.270604133605957,4.755310535430908,5.011187553405762,5.153442859649658,5.402585506439209,5.700055122375488,5.777617454528809,5.4137115478515625,5.018683433532715,4.9358344078063965,4.8342108726501465,4.415146827697754,3.918728828430176,3.581502914428711,3.3046600818634033,2.5088307857513428,2.6421990394592285,3.2029037475585938,2.9850494861602783,3.4928011894226074,4.1128997802734375,4.584079265594482,5.3522772789001465,5.780060291290283,5.854541301727295
