data/wind_data/wind_52_6.json
{"header": {"parameterUnit": "KT", "parameterCategory": 2, "nx": 256, "ny": 198, "lo1": 44.73521041870117, "la1": -3.236724853515625, "lo2": 111.26478576660156, "la2": 43.468475341796875, "dx": 0.2609002888202667, "dy": -0.23708222806453705, "refTime": "2025-02-21 04:00:00", "forecastTime": 0, "parameterNumber": 2, "parameterNumberName": "eastward_wind"}, "data":
[rows 20 to 39 of 198, columns 0 to 43 of 256]
-21.062753677368164,-24.28618621826172,-23.745193481445312,-19.095748901367188,-14.87109088897705,-16.12339210510254,-15.660000801086426,-15.910049438476562,-16.062824249267578,-15.996581077575684,-15.66821002960205,-15.61043643951416,-15.708203315734863,-15.746711730957031,-15.894705772399902,-16.25836181640625,-16.5831241607666,-16.876445770263672,-17.206159591674805,-17.339223861694336,-17.281187057495117,-17.479082107543945,-17.982086181640625,-17.929744720458984,-17.035175323486328,-15.553611755371094,-14.241790771484375,-13.5134859085083,-12.974764823913574,-12.10069465637207,-11.12217903137207,-10.375082015991211,-9.623115539550781,-8.946410179138184,-8.693451881408691,-8.973033905029297,-9.423413276672363,-10.030828475952148,-9.771990776062012,-9.329652786254883,-8.629730224609375,-8.300012588500977,-8.048901557922363,-7.905874252319336
-18.1754093170166,-21.420549392700195,-21.553163528442383,-16.765518188476562,-9.587873458862305,-11.76034927368164,-11.147564888000488,-11.654167175292969,-12.712287902832031,-13.74666690826416,-14.03217601776123,-14.193984985351562,-14.712964057922363,-15.383454322814941,-15.74711799621582,-15.892288208007812,-16.01751136779785,-16.126949310302734,-16.32581329345703,-16.653818130493164,-16.764284133911133,-16.694623947143555,-17.05564308166504,-17.562334060668945,-17.172393798828125,-15.807225227355957,-14.365499496459961,-13.302891731262207,-12.713225364685059,-12.083991050720215,-11.381294250488281,-10.903754234313965,-10.608428955078125,-10.157082557678223,-9.812549591064453,-9.534918785095215,-9.031820297241211,-9.34263801574707,-9.1885404586792,-8.525303840637207,-8.665215492248535,-7.938411235809326,-8.082749366760254,-8.289353370666504
-14.857551574707031,-17.460145950317383,-17.636333465576172,-13.406634330749512,-4.692372798919678,-6.935147285461426,-6.97810173034668,-7.293539524078369,-8.76262092590332,-10.741148948669434,-12.223858833312988,-12.962553977966309,-13.526918411254883,-14.39504623413086,-15.102551460266113,-15.31764030456543,-15.29774284362793,-15.267848014831543,-15.259506225585938,-15.671648979187012,-16.422731399536133,-16.734458923339844,-16.36585235595703,-16.018434524536133,-15.923870086669922,-15.592146873474121,-14.866313934326172,-14.105867385864258,-13.452019691467285,-12.685761451721191,-11.9431734085083,-11.644365310668945,-11.773415565490723,-11.835370063781738,-11.535181045532227,-10.980138778686523,-10.258821487426758,-9.809871673583984,-9.31466007232666,-9.64102554321289,-9.962602615356445,-9.494662284851074,-9.288409233093262,-9.32754898071289
-11.133955001831055,-12.014442443847656,-10.88326644897461,-7.421909809112549,-0.9508908987045288,-2.275789499282837,-2.8783459663391113,-3.475285053253174,-5.267721176147461,-7.6454854011535645,-10.017437934875488,-11.63550853729248,-12.34130859375,-12.954561233520508,-13.86318588256836,-14.544851303100586,-14.747930526733398,-14.792296409606934,-14.745573997497559,-14.753591537475586,-15.189006805419922,-15.85068416595459,-16.052261352539062,-15.50108528137207,-14.680137634277344,-14.359650611877441,-14.485071182250977,-14.378161430358887,-14.024093627929688,-13.480572700500488,-12.732046127319336,-12.153594017028809,-11.86133861541748,-11.622608184814453,-11.127161979675293,-10.47181510925293,-9.724231719970703,-8.9473237991333,-8.654898643493652,-8.806740760803223,-9.070948600769043,-9.337301254272461,-10.018115997314453,-10.36577033996582
-7.923642158508301,-7.4388957023620605,-5.579024314880371,-2.8696916103363037,0.959980309009552,0.9939598441123962,0.9530569314956665,0.3318691849708557,-1.6836562156677246,-4.287731170654297,-7.093900680541992,-9.463324546813965,-10.785813331604004,-11.272909164428711,-12.003050804138184,-13.269840240478516,-14.07835865020752,-14.175280570983887,-14.133784294128418,-14.189846992492676,-14.25165843963623,-14.206703186035156,-14.158653259277344,-14.100319862365723,-13.757527351379395,-13.045440673828125,-12.784598350524902,-13.313056945800781,-13.728592872619629,-13.554502487182617,-13.023303031921387,-12.51562213897705,-12.070385932922363,-11.642457008361816,-11.229061126708984,-10.561796188354492,-9.266926765441895,-7.963240623474121,-7.75927209854126,-8.223832130432129,-8.33227825164795,-8.557710647583008,-9.239888191223145,-10.378619194030762
-6.023106575012207,-4.885364532470703,-3.0793356895446777,-1.2776223421096802,1.4222766160964966,2.3563973903656006,2.930551767349243,2.5086193084716797,1.0347685813903809,-0.8639050722122192,-3.1840057373046875,-5.3877716064453125,-7.48687219619751,-8.815098762512207,-9.619954109191895,-11.009112358093262,-12.758288383483887,-13.685870170593262,-13.797578811645508,-13.886530876159668,-14.064271926879883,-13.899018287658691,-13.313121795654297,-12.85946273803711,-13.11247444152832,-13.30009651184082,-12.831924438476562,-12.292779922485352,-12.442831039428711,-12.83952808380127,-12.906947135925293,-12.807815551757812,-12.566946029663086,-12.175036430358887,-11.740133285522461,-11.11320686340332,-10.018835067749023,-8.609109878540039,-7.9623870849609375,-8.357887268066406,-8.700736999511719,-8.779911994934082,-9.452364921569824,-10.628155708312988
-3.7369544506073,-2.2217984199523926,-0.8513615727424622,-0.22726431488990784,1.5083942413330078,2.9344217777252197,3.4314568042755127,2.9247093200683594,2.206279754638672,1.6848552227020264,0.8296541571617126,-0.19653236865997314,-2.0816104412078857,-4.494060039520264,-6.577294826507568,-8.387211799621582,-10.415695190429688,-12.34881591796875,-13.390680313110352,-13.745309829711914,-13.972862243652344,-13.739241600036621,-12.997305870056152,-12.155829429626465,-12.118287086486816,-12.823527336120605,-13.392484664916992,-13.137618064880371,-12.46881103515625,-12.097326278686523,-12.07751178741455,-12.155689239501953,-12.235044479370117,-12.163191795349121,-11.841649055480957,-11.300691604614258,-10.591737747192383,-9.647623062133789,-8.907819747924805,-8.985763549804688,-9.561225891113281,-9.947382926940918,-9.998722076416016,-11.040759086608887
-0.20994988083839417,1.5748370885849,1.7813200950622559,0.3545372486114502,1.563413381576538,3.310671329498291,3.835423707962036,3.4757654666900635,3.2811527252197266,3.6382617950439453,3.971489906311035,3.7670254707336426,2.6294479370117188,0.4357483983039856,-2.3347296714782715,-5.25752592086792,-7.726890563964844,-10.071956634521484,-12.098295211791992,-13.204166412353516,-13.704503059387207,-13.541777610778809,-12.72097110748291,-11.673388481140137,-11.157755851745605,-11.383755683898926,-11.8536958694458,-12.1129789352417,-11.959765434265137,-11.49665641784668,-10.895940780639648,-10.447724342346191,-10.468366622924805,-10.81718921661377,-11.173148155212402,-11.27284049987793,-10.875940322875977,-10.256430625915527,-9.95219612121582,-10.134591102600098,-10.138805389404297,-10.357028007507324,-11.048918724060059,-11.500024795532227
1.9022408723831177,3.0992069244384766,2.521071672439575,0.6828778386116028,2.084256172180176,3.643796443939209,4.647336483001709,4.949307441711426,5.124332904815674,5.782596111297607,5.89678430557251,4.932909965515137,4.004740238189697,2.895970344543457,1.0864546298980713,-1.6264156103134155,-4.939910888671875,-7.683555603027344,-10.116931915283203,-12.039098739624023,-13.060644149780273,-13.143698692321777,-12.522883415222168,-11.474776268005371,-10.6987943649292,-10.53050422668457,-10.553388595581055,-10.333755493164062,-10.088627815246582,-10.015920639038086,-9.790239334106445,-9.208281517028809,-8.640738487243652,-8.650777816772461,-9.421764373779297,-10.452996253967285,-10.823795318603516,-10.578750610351562,-10.291679382324219,-10.346652030944824,-10.601595878601074,-10.880279541015625,-11.179091453552246,-11.432470321655273
1.9250755310058594,1.259546160697937,0.9058739542961121,1.1966216564178467,3.4923129081726074,4.130954265594482,4.959199905395508,5.822089195251465,6.455872058868408,7.197436332702637,6.063869953155518,3.642904758453369,2.5184388160705566,2.467729091644287,2.0498085021972656,0.7306867837905884,-2.1262142658233643,-5.526762962341309,-7.787862300872803,-10.007564544677734,-11.962715148925781,-12.650540351867676,-12.207928657531738,-11.212879180908203,-10.394845008850098,-10.232292175292969,-10.463726043701172,-10.290472030639648,-9.761592864990234,-9.554300308227539,-9.643318176269531,-9.414587020874023,-8.707669258117676,-8.119551658630371,-8.193291664123535,-9.046205520629883,-10.02978801727295,-10.48796272277832,-10.411226272583008,-10.245612144470215,-10.446481704711914,-10.8082275390625,-11.153693199157715,-11.655028343200684
2.09271502494812,0.739450991153717,1.1445832252502441,2.7673285007476807,4.875829219818115,4.256190776824951,4.4978532791137695,5.55217981338501,6.134613513946533,5.788088321685791,3.364213705062866,1.114236831665039,0.5076373815536499,0.8943082094192505,1.439042091369629,1.0508273839950562,-0.2817070186138153,-3.023895740509033,-5.521650314331055,-7.409968376159668,-9.676188468933105,-11.563172340393066,-11.848929405212402,-10.996496200561523,-10.079456329345703,-9.783947944641113,-10.134563446044922,-10.202861785888672,-9.6243257522583,-9.218829154968262,-9.43751049041748,-9.665206909179688,-9.20594596862793,-8.347168922424316,-7.854700565338135,-8.044963836669922,-8.635865211486816,-9.238234519958496,-9.674885749816895,-9.761582374572754,-9.789262771606445,-10.087858200073242,-10.65305233001709,-11.280471801757812
2.5991461277008057,2.283158779144287,3.3990347385406494,4.980715751647949,5.806542873382568,4.404104709625244,4.220019340515137,4.735441207885742,4.224762916564941,2.4536948204040527,0.0443866103887558,-1.005823016166687,-0.8320025205612183,-0.11741576343774796,0.6380286812782288,0.4515680968761444,-0.28199636936187744,-1.1551380157470703,-3.018728256225586,-5.002904415130615,-6.826183795928955,-8.974631309509277,-10.443753242492676,-10.341156005859375,-9.589710235595703,-9.054367065429688,-9.211219787597656,-9.55976676940918,-9.30795669555664,-8.747339248657227,-8.67713451385498,-9.148366928100586,-9.349987983703613,-8.677997589111328,-7.78537130355835,-7.536606311798096,-7.894627571105957,-8.319108963012695,-8.625515937805176,-8.623688697814941,-8.46967601776123,-8.828939437866211,-9.888635635375977,-10.879457473754883
2.904569149017334,3.456916332244873,4.522665023803711,5.659967422485352,5.92515230178833,4.942678928375244,4.351411819458008,3.765159845352173,2.3121578693389893,0.5014796853065491,-1.019101858139038,-1.5832515954971313,-1.3658065795898438,-0.6252352595329285,-0.016085246577858925,-0.13530269265174866,-0.7664505839347839,-1.0559791326522827,-1.3663944005966187,-2.7128922939300537,-4.582211017608643,-6.176836967468262,-7.822946071624756,-8.817092895507812,-8.788139343261719,-8.213425636291504,-8.036955833435059,-8.421611785888672,-8.735726356506348,-8.532308578491211,-8.250207901000977,-8.35428237915039,-8.624822616577148,-8.429976463317871,-7.654475212097168,-7.220676898956299,-7.491074085235596,-7.864646911621094,-7.8146891593933105,-7.491703510284424,-7.4165263175964355,-7.914189338684082,-8.839034080505371,-9.694043159484863
3.0198588371276855,3.9075143337249756,4.594494819641113,5.156412124633789,5.764030456542969,5.768303394317627,4.947319030761719,3.547340154647827,1.958869457244873,0.5283112525939941,-0.8049754500389099,-1.5304213762283325,-1.4344907999038696,-0.8410953879356384,-0.2803809344768524,-0.23877373337745667,-0.5067180395126343,-0.9257773160934448,-1.2317808866500854,-1.3815838098526,-2.6018967628479004,-4.347972869873047,-5.743252277374268,-6.830459117889404,-7.320292949676514,-6.981563091278076,-6.683966159820557,-6.974037170410156,-7.622152328491211,-7.935056686401367,-7.777631759643555,-7.600539684295654,-7.620857238769531,-7.59360933303833,-7.242614269256592,-6.858541965484619,-6.965921401977539,-7.364978790283203,-7.451054573059082,-7.205834865570068,-7.008453369140625,-7.22566556930542,-7.660513877868652,-8.188509941101074
3.1156046390533447,3.7313482761383057,4.173546314239502,4.804638862609863,6.1150970458984375,6.756730079650879,5.801875591278076,3.899583339691162,2.0791232585906982,0.8410261273384094,-0.3956618010997772,-1.0655111074447632,-0.9587712287902832,-0.567792534828186,-0.20435206592082977,-0.005311999004334211,0.13498814404010773,0.09797581285238266,-0.5752671957015991,-0.9983841180801392,-1.1331040859222412,-2.4175825119018555,-4.2164201736450195,-5.401959419250488,-5.94101095199585,-5.788258075714111,-5.481780529022217,-5.710947036743164,-6.337103843688965,-6.842186450958252,-6.890172958374023,-6.820620059967041,-6.907738208770752,-6.932588577270508,-6.716024398803711,-6.381993293762207,-6.257779121398926,-6.592649459838867,-7.01276159286499,-7.143982887268066,-6.927426815032959,-6.865743160247803,-6.97133207321167,-7.123443603515625
3.2009618282318115,3.166675329208374,3.328596591949463,4.52277135848999,6.230997562408447,7.010340213775635,6.1708173751831055,3.9688825607299805,1.9331862926483154,1.1013649702072144,0.33389976620674133,-0.03807801008224487,0.059442188590765,0.21331918239593506,0.29056593775749207,0.38244685530662537,0.6337534785270691,0.8532388806343079,0.45783039927482605,-0.552023708820343,-0.752407968044281,-0.8635324239730835,-2.294421911239624,-4.023532390594482,-4.834165573120117,-4.80349588394165,-4.462463855743408,-4.613220691680908,-5.197935104370117,-5.6926093101501465,-5.731682300567627,-5.615490436553955,-5.974364280700684,-6.459728240966797,-6.379262447357178,-5.971574783325195,-5.698432922363281,-5.846499919891357,-6.266655921936035,-6.670637607574463,-6.7985687255859375,-6.699822902679443,-6.648383140563965,-6.659759521484375
3.4338958263397217,3.3735859394073486,3.3900644779205322,4.329049587249756,4.910325527191162,5.962027072906494,5.964489459991455,3.6679840087890625,2.0173423290252686,1.8642151355743408,1.4130463600158691,1.1896214485168457,1.189132571220398,1.0557427406311035,0.8557683825492859,0.7540844082832336,0.8568950891494751,1.110446572303772,0.8778485655784607,-0.2995356321334839,-1.0719090700149536,-0.6970952153205872,-0.9609479904174805,-2.525498628616333,-3.839705467224121,-3.9833834171295166,-3.6621923446655273,-3.6316757202148438,-4.1644439697265625,-4.675529479980469,-4.638779163360596,-4.327774524688721,-4.618254661560059,-5.655436038970947,-6.151907920837402,-5.723357200622559,-5.1904168128967285,-5.139742851257324,-5.569492816925049,-6.114718437194824,-6.430813312530518,-6.441695690155029,-6.288388252258301,-6.209290027618408
3.764467716217041,3.7930214405059814,3.8596181869506836,3.840939998626709,2.1359519958496094,4.935455799102783,5.318314075469971,2.597140073776245,1.9716429710388184,2.8970487117767334,2.8441171646118164,2.5219316482543945,2.2460520267486572,1.7550455331802368,1.2611746788024902,1.0735784769058228,1.1217511892318726,1.2420777082443237,1.0690287351608276,-0.007531473878771067,-1.2027382850646973,-1.2071053981781006,-0.7902030944824219,-1.3355928659439087,-2.61983323097229,-3.159727096557617,-3.0888495445251465,-3.005023717880249,-3.2623543739318848,-3.625617265701294,-3.6667912006378174,-3.3874120712280273,-3.275481939315796,-4.053201675415039,-5.037574291229248,-5.151965618133545,-4.704385757446289,-4.578196048736572,-4.9919304847717285,-5.509018898010254,-5.84535551071167,-5.914051055908203,-5.744609832763672,-5.660168170928955
4.022839069366455,3.2046523094177246,2.8798325061798096,3.083585023880005,1.8618892431259155,3.861870765686035,3.294494867324829,1.0725218057632446,1.3718311786651611,3.1267218589782715,4.055612087249756,3.9386179447174072,3.324557065963745,2.433466672897339,1.6586512327194214,1.3432111740112305,1.343723177909851,1.4081183671951294,1.3750146627426147,0.6148405075073242,-0.5350760221481323,-1.1591465473175049,-1.0879416465759277,-1.140715479850769,-1.6610504388809204,-2.0541534423828125,-2.384117364883423,-2.6766514778137207,-2.6898012161254883,-2.621166229248047,-2.618752956390381,-2.5740251541137695,-2.437756061553955,-2.6203575134277344,-3.3956360816955566,-3.9964520931243896,-4.014608860015869,-4.0331339836120605,-4.40990686416626,-4.827705383300781,-5.038717269897461,-5.13082218170166,-4.9913129806518555,-5.032711982727051
4.386239528656006,2.0259780883789062,1.297537088394165,2.217028856277466,1.2283110618591309,2.1924095153808594,2.1115517616271973,0.8464882373809814,0.8759568929672241,2.2970130443573,3.8803446292877197,4.485663414001465,3.9313526153564453,3.0163722038269043,2.2441182136535645,1.8185694217681885,1.7136343717575073,1.7429307699203491,1.736686110496521,1.4022701978683472,0.5823491811752319,-0.30445465445518494,-0.6767901182174683,-0.9214766621589661,-1.2149981260299683,-1.268067479133606,-1.573108434677124,-2.2031936645507812,-2.3635170459747314,-2.011892318725586,-1.6213840246200562,-1.486278772354126,-1.5594563484191895,-1.6571340560913086,-2.018001079559326,-2.5878496170043945,-2.9585366249084473,-3.161815881729126,-3.5495223999023438,-4.086962699890137,-4.343790054321289,-4.350828647613525,-4.249066352844238,-4.286093235015869
