data/wind_data/wind_60_8.json
{"header": {"parameterUnit": "KT", "parameterCategory": 2, "nx": 256, "ny": 198, "lo1": 44.73521041870117, "la1": -3.236724853515625, "lo2": 111.26478576660156, "la2": 43.468475341796875, "dx": 0.2609002888202667, "dy": -0.23708222806453705, "refTime": "2025-02-21 12:00:00", "forecastTime": 0, "parameterNumber": 2, "parameterNumberName": "eastward_wind"}, "data":
[rows 38 to 56 of 198, columns 176 to 219 of 256]
-1.2077301740646362,0.6397320628166199,1.641556978225708,0.5029687285423279,-1.0493680238723755,-1.3670198917388916,-3.4912986755371094,-4.67140531539917,-4.020342826843262,-3.1442458629608154,-3.0150017738342285,-3.2698700428009033,-2.4277138710021973,-1.3901004791259766,-3.659625291824341,-5.740009307861328,-6.347992420196533,-4.202632904052734,-2.5857768058776855,-2.154005527496338,-2.9055562019348145,-3.419563055038452,-4.262905120849609,-4.891615867614746,-5.1399407386779785,-5.510208606719971,-5.174881458282471,-4.059545993804932,-2.9268972873687744,-2.56709885597229,-2.794499158859253,-2.8406765460968018,-2.443188428878784,-2.186642646789551,-2.2090015411376953,-1.9732369184494019,-1.537519931793213,-1.3485573530197144,-2.1014699935913086,-3.1966123580932617,-4.038804054260254,-4.262765407562256,-4.012929439544678,-4.922084331512451
-1.4993290901184082,0.3855227828025818,0.8607086539268494,0.06512156128883362,-1.647842288017273,-2.5869431495666504,-4.201267242431641,-5.404725074768066,-5.540433883666992,-4.548674583435059,-3.8271615505218506,-3.493398904800415,-2.0466790199279785,-0.9872044920921326,-2.8989782333374023,-5.469975471496582,-6.254589557647705,-4.713915824890137,-2.948225498199463,-2.0742342472076416,-2.1721973419189453,-2.611485481262207,-4.222373008728027,-5.293482780456543,-4.478665828704834,-3.6321046352386475,-3.4088172912597656,-3.2937073707580566,-3.424614191055298,-3.457012176513672,-3.1209166049957275,-3.1614506244659424,-3.284259796142578,-1.8998816013336182,-1.0839307308197021,-1.047614574432373,-1.8012429475784302,-2.770429849624634,-3.4613139629364014,-3.5456433296203613,-3.365774154663086,-3.254807949066162,-2.5769433975219727,-2.2960777282714844
-1.4474982023239136,-0.5784345269203186,-0.5144635438919067,-1.165098786354065,-2.4377923011779785,-3.2559030055999756,-3.896136999130249,-4.406917572021484,-5.383300304412842,-5.62169075012207,-4.220393657684326,-3.2704124450683594,-2.0120701789855957,-1.3327556848526,-2.510067939758301,-4.322432041168213,-5.246802806854248,-4.421024322509766,-2.9550726413726807,-1.9257138967514038,-1.151789665222168,-1.4500911235809326,-3.699425220489502,-5.207142353057861,-4.169677257537842,-2.483376979827881,-2.0003626346588135,-2.597707748413086,-3.6513125896453857,-4.0286760330200195,-3.4814465045928955,-2.686645269393921,-2.557105302810669,-2.4034781455993652,-1.7242275476455688,-1.3832032680511475,-1.363539218902588,-2.4120378494262695,-3.427248001098633,-3.2513577938079834,-2.53299880027771,-2.273463249206543,-1.603817105293274,-0.4435598850250244
-1.4228368997573853,-1.2709031105041504,-0.9420135617256165,-1.3594131469726562,-2.527862071990967,-3.5240721702575684,-3.2255189418792725,-2.8863563537597656,-3.580518960952759,-5.007801055908203,-3.632944345474243,-2.5868911743164062,-2.1423001289367676,-2.2484893798828125,-2.6246678829193115,-3.039768695831299,-3.5683772563934326,-2.68548583984375,-1.8154325485229492,-1.4289215803146362,-0.6713636517524719,-0.8270797729492188,-3.128586530685425,-4.595450401306152,-3.653531551361084,-1.918570876121521,-1.2898043394088745,-2.122429609298706,-3.2873952388763428,-4.053315162658691,-4.439413070678711,-3.7927005290985107,-2.6720826625823975,-3.687148332595825,-3.039069652557373,-2.29303240776062,-1.0478895902633667,-1.2486238479614258,-2.360879898071289,-2.222306728363037,-1.2467083930969238,-0.808742880821228,-0.5449799299240112,0.5961602330207825
-1.4241607189178467,-1.5533262491226196,-1.142130970954895,-1.0344970226287842,-1.9008541107177734,-2.864217519760132,-2.7852444648742676,-2.09212064743042,-2.532240629196167,-3.225132703781128,-2.4384958744049072,-1.332195520401001,-1.6286327838897705,-2.630939245223999,-2.8260436058044434,-2.4361445903778076,-2.307849407196045,-0.8828843235969543,-0.2725476324558258,-0.49416837096214294,-0.2865689992904663,-0.4247945547103882,-1.8855406045913696,-2.9013566970825195,-2.3123133182525635,-1.041100025177002,-0.7369512319564819,-2.068660259246826,-3.1483702659606934,-4.637932300567627,-5.109022617340088,-4.730726718902588,-4.3115763664245605,-5.371739387512207,-4.090468406677246,-2.370237112045288,-0.7902165055274963,-0.19515648484230042,-0.8060681819915771,-0.8039864897727966,0.3235492706298828,1.3328475952148438,1.6760212182998657,2.3446238040924072
-1.0236616134643555,-1.1459892988204956,-1.2533912658691406,-1.1370329856872559,-1.5409780740737915,-2.5535874366760254,-3.311372756958008,-2.1474969387054443,-1.6232990026474,-1.648525357246399,-1.5002961158752441,-0.9552457332611084,-1.0401304960250854,-1.9999605417251587,-2.3740789890289307,-1.7583768367767334,-0.8973982930183411,0.32470840215682983,0.810920238494873,0.33985236287117004,0.03653155267238617,-0.1698044389486313,-0.3338122069835663,-0.28582969307899475,0.03265620395541191,0.4576455354690552,0.05940965563058853,-1.431767225265503,-2.1586999893188477,-4.214999198913574,-5.112884521484375,-4.798005104064941,-5.200596332550049,-5.587359428405762,-3.479680299758911,-1.4397228956222534,-0.22003933787345886,1.0225346088409424,1.4910707473754883,1.7073227167129517,2.4492347240448,3.7847847938537598,4.690948486328125,5.127501964569092
-0.6872475743293762,0.0055158683098852634,-0.3153383731842041,-0.35592520236968994,-0.9438270330429077,-2.2037532329559326,-2.9644551277160645,-1.667686104774475,-0.32761284708976746,0.18969419598579407,-0.19863589107990265,-0.8460140824317932,-0.9804381728172302,-1.6345854997634888,-1.4716031551361084,-0.19441157579421997,0.5146498680114746,1.1467052698135376,1.4234355688095093,0.7599416375160217,0.07521063834428787,-0.2602427005767822,0.6138202548027039,1.707104206085205,1.9143297672271729,1.2814278602600098,1.1012133359909058,0.2726321220397949,0.328751802444458,-1.5705299377441406,-4.39339542388916,-4.697705268859863,-3.724668025970459,-3.6328892707824707,-1.3060153722763062,0.3706904649734497,1.8259778022766113,3.3061020374298096,3.574533462524414,3.8425333499908447,4.773530006408691,6.23735237121582,7.051451206207275,6.917194366455078
-0.6589891314506531,0.6811316609382629,0.9923861026763916,1.100319504737854,0.4657812714576721,-1.3715126514434814,-1.9513325691223145,-0.11441238969564438,0.8642062544822693,1.0104238986968994,0.9151954650878906,-0.4660583734512329,-1.0605615377426147,-0.8971590995788574,0.0248036477714777,1.3457685708999634,1.4918218851089478,1.4328162670135498,1.4288429021835327,0.9084811210632324,0.0335034504532814,-0.30951574444770813,0.8603172302246094,2.2909700870513916,2.8550467491149902,2.328949213027954,2.7164340019226074,2.438403606414795,1.2663463354110718,1.3461500406265259,-2.4095988273620605,-3.775053024291992,-2.495901107788086,-0.7702214121818542,1.4667316675186157,2.6634960174560547,4.0573601722717285,5.369040012359619,4.992780685424805,5.103148937225342,6.5071024894714355,7.331523895263672,7.708683967590332,6.766408920288086
-0.00642439303919673,0.7832719683647156,1.4214763641357422,1.6726783514022827,1.5952800512313843,0.6101445555686951,-0.48881739377975464,0.7148086428642273,2.260554790496826,1.0759155750274658,0.33642303943634033,-0.4604753255844116,-0.5223891139030457,0.3681080639362335,1.5845866203308105,2.376082181930542,2.117748260498047,1.4111697673797607,1.1082370281219482,0.9785729050636292,0.3479692041873932,0.05665771663188934,0.7542097568511963,1.9596202373504639,2.774387836456299,2.8982365131378174,2.3777213096618652,2.093919277191162,2.8612987995147705,2.3428478240966797,-1.1655222177505493,-2.802206039428711,-2.2424213886260986,-0.36291876435279846,2.2366392612457275,4.205391883850098,4.766168594360352,5.114110946655273,4.897104740142822,4.601101398468018,5.391565799713135,5.877668857574463,6.621664524078369,5.637377738952637
0.7786815762519836,1.0926508903503418,1.6848772764205933,1.756881833076477,1.8207979202270508,1.8643003702163696,2.0976436138153076,1.9142078161239624,2.5472490787506104,1.6194947957992554,-0.021500710397958755,-0.7524803280830383,-0.35266414284706116,1.1783465147018433,2.4979543685913086,2.538320302963257,1.8606270551681519,1.139852523803711,0.8291977643966675,1.3145842552185059,1.5465213060379028,1.2147715091705322,0.7383379936218262,1.3859666585922241,2.643690586090088,3.072219133377075,2.272008180618286,1.3112455606460571,1.6779927015304565,1.2995800971984863,0.12418372184038162,-1.9006552696228027,-2.8678300380706787,-1.291886329650879,0.6611630320549011,3.133183717727661,3.7822811603546143,3.0801286697387695,3.309704065322876,2.1122329235076904,1.152978777885437,2.37878155708313,4.699646949768066,4.387156963348389
1.5115054845809937,1.587981104850769,1.9859678745269775,2.1998322010040283,1.7952275276184082,2.3206517696380615,3.1517186164855957,3.285940647125244,2.933830738067627,2.090899705886841,0.36253058910369873,-0.1544342190027237,-0.016297735273838043,0.9842233657836914,1.787135362625122,1.923729419708252,1.2526477575302124,0.7163798809051514,0.5986053943634033,1.475095510482788,2.7160770893096924,2.9036993980407715,1.7958663702011108,1.6221214532852173,2.8746182918548584,3.513068914413452,2.8754589557647705,1.6096701622009277,0.7767127752304077,0.7579168677330017,1.7009843587875366,0.23118816316127777,-1.84477961063385,-0.3675857186317444,0.9938756227493286,2.364023447036743,3.5873448848724365,3.396693229675293,2.407282590866089,0.6575689315795898,-0.2743786573410034,0.684386134147644,2.98343825340271,3.5475656986236572
2.1688363552093506,1.9437345266342163,1.8363220691680908,2.9945602416992188,3.4052734375,2.4761126041412354,3.3400192260742188,4.412681579589844,3.1199653148651123,2.0097806453704834,1.447818398475647,1.4591552019119263,1.0111175775527954,0.9540722370147705,1.0298677682876587,1.432393193244934,1.1386345624923706,0.6135556101799011,0.35197386145591736,1.0731173753738403,2.725764274597168,4.259032726287842,3.9945640563964844,3.295485019683838,3.4426286220550537,3.405686378479004,3.028996467590332,2.6968469619750977,1.7074592113494873,0.7495657205581665,1.1316499710083008,1.4155268669128418,1.1097780466079712,1.4668694734573364,1.8084713220596313,2.4316186904907227,3.6252365112304688,3.913994550704956,3.670722246170044,3.026078224182129,1.6555949449539185,0.1239888072013855,0.6309791207313538,1.3095968961715698
2.8253700733184814,2.2046985626220703,1.1459765434265137,2.5134739875793457,4.691930294036865,3.9216623306274414,3.645042657852173,4.813343524932861,3.8766045570373535,2.6924524307250977,2.5184757709503174,2.7306528091430664,2.4853243827819824,1.6593574285507202,0.6694003939628601,1.3020133972167969,1.3526195287704468,0.7503563165664673,0.3363116979598999,0.8969767689704895,2.4101691246032715,4.297545909881592,5.274367332458496,4.979986190795898,4.242566108703613,3.339155435562134,2.982046365737915,3.2827770709991455,2.6496386528015137,1.0575430393218994,0.1398174911737442,1.5774489641189575,3.4703023433685303,2.355477809906006,1.3634114265441895,1.601868987083435,2.6628317832946777,3.3590140342712402,4.1262030601501465,4.925556659698486,3.5090577602386475,0.5265178084373474,-1.1276123523712158,-1.318363070487976
3.593902587890625,2.8398003578186035,1.0931819677352905,2.1825432777404785,4.456532001495361,5.688747406005859,4.452218532562256,4.452762126922607,4.38901424407959,4.233330726623535,3.5668725967407227,3.5813920497894287,4.291728973388672,3.4545087814331055,0.8475522994995117,0.8218961954116821,1.7700985670089722,0.951592743396759,0.7585691809654236,1.5571978092193604,2.548600912094116,3.4422976970672607,4.524145603179932,5.255303859710693,5.0256733894348145,4.199316024780273,3.706150531768799,3.26546049118042,2.3304715156555176,1.6199471950531006,1.6152429580688477,2.8040013313293457,4.019662857055664,3.2206428050994873,1.4242181777954102,0.952995240688324,1.4437077045440674,2.1704113483428955,3.196087598800659,4.161141872406006,3.084822177886963,-0.23948268592357635,-2.1758759021759033,-2.054164171218872
4.990893840789795,4.20535135269165,1.9448662996292114,2.7445192337036133,4.43011999130249,6.88289737701416,5.520503520965576,4.060440540313721,3.9340710639953613,4.731378078460693,4.578949928283691,4.5982489585876465,5.658188819885254,5.8314337730407715,2.7733960151672363,0.7250101566314697,1.789113998413086,1.9862693548202515,1.819659948348999,2.256326198577881,2.6032917499542236,2.407208204269409,3.16103196144104,4.386599063873291,5.0882110595703125,5.256489276885986,4.803293228149414,3.3667008876800537,1.7677778005599976,1.2407264709472656,2.546945095062256,3.896136522293091,4.303996562957764,3.348867416381836,1.8419865369796753,1.0357197523117065,0.8274961709976196,1.530673861503601,2.3652985095977783,2.6067862510681152,1.884922981262207,0.7624465823173523,-1.2897303104400635,-1.4366263151168823
6.708028793334961,5.819528579711914,3.240239143371582,3.481156349182129,4.906332015991211,7.792065620422363,7.369753837585449,4.174237251281738,3.3924877643585205,4.292532444000244,4.8740129470825195,5.40244197845459,5.994750022888184,6.501017093658447,5.037814140319824,2.2004926204681396,2.4198191165924072,3.407330274581909,3.253357410430908,2.952181339263916,2.7443645000457764,1.8812898397445679,2.0750532150268555,3.3020243644714355,4.869207859039307,6.060896396636963,5.58425760269165,3.638274908065796,1.6753461360931396,1.309244155883789,2.8004150390625,3.8214972019195557,4.010039329528809,3.1023027896881104,1.802289366722107,1.4661635160446167,1.067795753479004,1.2698853015899658,1.939697265625,1.995097279548645,1.8772428035736084,2.6442368030548096,2.2884585857391357,-0.13708314299583435
7.759342193603516,7.421098232269287,4.432106971740723,4.33518648147583,5.499913215637207,7.522278308868408,9.170674324035645,6.432426452636719,3.850031614303589,3.7001380920410156,4.68246603012085,5.742859363555908,6.168821811676025,6.696436882019043,6.301929950714111,4.0921854972839355,3.8835060596466064,4.449351787567139,4.484236240386963,4.0247039794921875,3.317073345184326,1.8796347379684448,1.1583213806152344,2.1641440391540527,4.240243911743164,5.903866291046143,5.939313888549805,4.401344299316406,2.8216593265533447,2.3670804500579834,3.2845699787139893,3.653456687927246,3.6945409774780273,2.691884994506836,1.586873173713684,1.5031388998031616,1.0555493831634521,1.150808572769165,1.6335917711257935,1.7613027095794678,2.362457752227783,4.113942623138428,5.214158058166504,2.8469979763031006
7.6858086585998535,8.45279598236084,6.0304484367370605,5.827675819396973,5.593218803405762,7.06658411026001,8.956610679626465,9.006423950195312,6.293135166168213,4.370271682739258,4.954248428344727,6.24165153503418,6.744870662689209,6.887693405151367,7.232757568359375,5.854698657989502,5.177015781402588,5.278205871582031,5.761189937591553,5.682499885559082,4.420103073120117,2.3212389945983887,0.9509649872779846,0.9456464052200317,2.3990955352783203,3.9543979167938232,5.333808898925781,5.3199663162231445,4.131267070770264,3.9757416248321533,4.280942440032959,4.041870594024658,3.7613394260406494,2.5812790393829346,1.7933827638626099,1.3956602811813354,0.7568978667259216,0.5604375600814819,0.8046444058418274,1.4270377159118652,2.733210325241089,4.534175395965576,6.279479503631592,5.644207954406738
7.620222091674805,8.465856552124023,8.720404624938965,7.302063941955566,6.72698450088501,6.997546672821045,7.816883087158203,9.240419387817383,9.058821678161621,6.599579334259033,6.045386791229248,7.039848804473877,7.2022705078125,7.189174175262451,7.892468452453613,7.807401180267334,6.2472004890441895,5.866744041442871,6.62362813949585,7.269455909729004,6.534760475158691,4.3532514572143555,2.421938180923462,1.2188584804534912,0.9211202263832092,1.703574538230896,3.460322380065918,4.928770542144775,4.795590877532959,5.170701503753662,5.451382160186768,4.710078239440918,4.001194000244141,2.7596662044525146,2.142293691635132,1.250230073928833,0.23910057544708252,-0.11292722076177597,-0.028961878269910812,0.7891803979873657,2.648343086242676,4.746073246002197,6.578088760375977,6.3984527587890625
