data/wind_data/wind_29_3.json
{"header": {"parameterUnit": "KT", "parameterCategory": 2, "nx": 256, "ny": 198, "lo1": 44.73521041870117, "la1": -3.236724853515625, "lo2": 111.26478576660156, "la2": 43.468475341796875, "dx": 0.2609002888202667, "dy": -0.23708222806453705, "refTime": "2025-02-20 05:00:00", "forecastTime": 0, "parameterNumber": 2, "parameterNumberName": "eastward_wind"}, "data":
[rows 76 to 94 of 198, columns 0 to 43 of 256]
10.329191207885742,7.991572380065918,6.889470100402832,7.163824081420898,8.286201477050781,9.814988136291504,10.534750938415527,10.849262237548828,10.919225692749023,9.370692253112793,8.31061840057373,7.906525135040283,6.238483428955078,5.569262981414795,5.907924652099609,5.192672252655029,4.005724906921387,2.7007932662963867,1.5548887252807617,1.3662891387939453,2.3152122497558594,2.998959541320801,2.9998092651367188,1.860824704170227,0.37411239743232727,0.09383201599121094,0.328747421503067,0.3600299656391144,0.19860485196113586,-0.23579293489456177,-0.8129541277885437,-1.2540500164031982,-1.6644724607467651,-1.5438041687011719,-1.3859095573425293,-1.7531002759933472,-2.436530113220215,-2.954184055328369,-3.102351665496826,-3.1275246143341064,-3.18456768989563,-3.218888759613037,-3.160548210144043,-2.882523775100708
11.161269187927246,9.032329559326172,7.885289669036865,7.620004653930664,7.139845848083496,8.729472160339355,10.262566566467285,11.241565704345703,11.963749885559082,11.133968353271484,10.231644630432129,9.691641807556152,8.486464500427246,7.066226482391357,6.357058048248291,5.584038734436035,4.391104698181152,3.5691068172454834,2.849720001220703,2.505397081375122,2.8749868869781494,3.712838888168335,4.456432342529297,4.10994291305542,2.8244473934173584,2.4035418033599854,2.493774652481079,2.1894326210021973,1.7711386680603027,1.6610629558563232,1.4801208972930908,1.1447874307632446,0.4163286089897156,-0.30171141028404236,-0.5879631638526917,-1.2214254140853882,-1.7897837162017822,-2.1692757606506348,-2.488906145095825,-2.6995396614074707,-2.869633436203003,-3.0211663246154785,-2.9046645164489746,-2.6303889751434326
10.875473022460938,10.703393936157227,9.711980819702148,8.864232063293457,7.161374092102051,8.23476505279541,9.709467887878418,10.951035499572754,12.077383041381836,12.138489723205566,11.938483238220215,11.479511260986328,10.576178550720215,9.085803031921387,7.402866363525391,6.065815448760986,4.947280406951904,4.519838333129883,3.9885401725769043,3.4546515941619873,3.6465697288513184,4.22816276550293,4.706644058227539,4.79232120513916,4.839935779571533,4.868334770202637,4.657519340515137,4.434116363525391,4.06530237197876,3.534515380859375,3.0495851039886475,2.8469667434692383,2.8777101039886475,2.354548692703247,1.592699646949768,0.5080690979957581,-0.7764098644256592,-1.6153604984283447,-1.7991666793823242,-2.0555574893951416,-2.6760802268981934,-2.8516156673431396,-2.7259724140167236,-2.311760663986206
11.647095680236816,12.484484672546387,11.366671562194824,10.443519592285156,8.537089347839355,8.91331672668457,9.687141418457031,10.743819236755371,12.060362815856934,12.919767379760742,13.164409637451172,12.628300666809082,11.937065124511719,10.80475902557373,8.860563278198242,6.837539196014404,5.5879740715026855,5.246009349822998,4.732517719268799,4.257607936859131,4.6650896072387695,5.160569190979004,5.2116570472717285,5.188779830932617,5.449045658111572,5.55232048034668,5.443981647491455,5.388762474060059,5.176395416259766,4.603219509124756,3.9335691928863525,3.394835948944092,3.305692434310913,3.315162181854248,3.4024338722229004,2.9582438468933105,1.7672040462493896,1.2767910957336426,1.8097548484802246,1.5404480695724487,-0.6593910455703735,-2.2637367248535156,-2.3106749057769775,-1.9294520616531372
12.189523696899414,12.850146293640137,12.58873462677002,12.24534797668457,10.590140342712402,10.2865571975708,10.229860305786133,10.680739402770996,11.714865684509277,12.989946365356445,13.83263111114502,13.694611549377441,13.137174606323242,12.158126831054688,10.269638061523438,7.989512920379639,6.328995704650879,5.624766826629639,5.189009189605713,5.140557765960693,5.772335529327393,6.086209297180176,5.858627796173096,5.706086158752441,5.743587017059326,5.682774066925049,5.831007957458496,6.051881313323975,6.22657585144043,6.12117862701416,5.61013650894165,4.832923889160156,3.9836177825927734,3.1788246631622314,2.8422327041625977,3.042022466659546,2.7650229930877686,2.336956024169922,2.82442045211792,3.3319668769836426,1.478989601135254,-1.5449076890945435,-1.8791974782943726,-1.3484468460083008
13.61601734161377,13.334821701049805,13.2023344039917,12.946725845336914,11.630655288696289,11.561813354492188,11.46154499053955,11.722295761108398,12.064846992492676,12.563396453857422,13.398837089538574,14.098601341247559,14.220743179321289,13.506494522094727,11.71767520904541,9.720812797546387,7.955855369567871,6.453372478485107,5.827481746673584,6.062602996826172,6.819004058837891,7.087064743041992,6.498766899108887,6.155574798583984,6.394911766052246,6.376480579376221,6.482938289642334,6.766883373260498,6.979737281799316,6.784353256225586,6.193448543548584,5.455381393432617,4.81698751449585,4.313302516937256,3.4684388637542725,2.554506301879883,2.246791124343872,2.4344489574432373,2.6202728748321533,2.800565004348755,1.9486061334609985,-0.24646086990833282,-1.6093943119049072,-1.1807506084442139
15.724234580993652,14.328656196594238,13.428125381469727,12.674275398254395,11.07590389251709,11.405250549316406,12.058958053588867,13.040767669677734,13.555401802062988,13.17541217803955,13.109710693359375,14.005997657775879,14.94140911102295,14.985451698303223,13.420825004577637,11.657328605651855,10.557832717895508,8.638910293579102,7.034120082855225,6.846681594848633,7.57563591003418,8.279495239257812,7.896296977996826,6.897329330444336,6.775476455688477,6.731538772583008,6.853095054626465,7.317708969116211,7.373822212219238,6.850478649139404,6.271445274353027,5.964730739593506,5.474626064300537,4.851863384246826,4.44363260269165,3.862436294555664,3.4020471572875977,3.3191492557525635,3.217811346054077,2.5695736408233643,1.5305203199386597,0.8811749219894409,-0.1484149694442749,-0.27571770548820496
17.934833526611328,16.65185546875,15.36978816986084,14.089943885803223,11.38309383392334,11.169007301330566,11.942095756530762,13.021855354309082,13.643741607666016,13.256750106811523,12.952474594116211,13.888100624084473,15.358196258544922,16.176727294921875,15.213382720947266,13.489497184753418,12.886220932006836,11.820053100585938,9.549150466918945,7.95280122756958,7.954237937927246,8.966565132141113,9.679418563842773,8.653177261352539,7.179412364959717,6.429084300994873,6.371401786804199,7.024741172790527,7.443549633026123,7.068085670471191,6.36618709564209,6.169033050537109,6.370795726776123,6.21555757522583,5.538896560668945,4.8814849853515625,4.758294105529785,4.677242755889893,4.004744529724121,2.692629337310791,1.7087140083312988,1.424805998802185,1.1399599313735962,1.1480604410171509
20.069171905517578,19.636579513549805,18.47542381286621,16.93097496032715,13.659814834594727,12.480539321899414,12.66136360168457,12.848538398742676,12.840508460998535,12.532362937927246,12.57804012298584,13.735371589660645,15.491337776184082,16.731969833374023,16.644149780273438,15.336304664611816,14.608732223510742,14.336835861206055,12.736130714416504,10.25278091430664,8.748379707336426,8.97783374786377,10.227410316467285,10.655632972717285,9.018033027648926,7.070483207702637,6.370832443237305,6.829036235809326,7.421575546264648,7.329385280609131,6.550135135650635,6.08596134185791,6.46337366104126,7.005309104919434,6.803071975708008,5.855751037597656,5.670276641845703,6.158146381378174,5.768564224243164,4.101212501525879,2.9344797134399414,2.377129554748535,2.0693728923797607,2.1324260234832764
21.205516815185547,20.892364501953125,20.11949920654297,19.193445205688477,16.48576545715332,15.189200401306152,14.82868480682373,14.286748886108398,13.45590591430664,12.472532272338867,12.444976806640625,13.57055377960205,15.322500228881836,16.89521598815918,17.606616973876953,17.030242919921875,16.14089012145996,15.741747856140137,14.754568099975586,12.497159957885742,10.242799758911133,9.316047668457031,9.712241172790527,10.733410835266113,10.492512702941895,8.703994750976562,7.353825569152832,7.354964256286621,7.815606594085693,7.690797805786133,6.8363518714904785,6.142603874206543,6.42586612701416,7.041032791137695,7.24186897277832,6.5932464599609375,5.969441890716553,6.098841667175293,6.18122673034668,5.327653408050537,4.180348873138428,3.6111764907836914,3.114377498626709,2.918687582015991
21.61939239501953,20.910186767578125,20.452342987060547,20.675607681274414,19.073789596557617,18.312026977539062,17.786043167114258,16.63551902770996,14.914753913879395,13.200210571289062,12.791338920593262,13.627664566040039,15.16197681427002,16.935434341430664,18.174976348876953,18.244653701782227,17.578561782836914,16.944385528564453,16.059730529785156,14.237403869628906,12.112198829650879,10.548650741577148,9.82142448425293,9.979452133178711,10.163491249084473,9.4212064743042,8.447151184082031,8.162431716918945,8.17473316192627,7.827269077301025,7.204296112060547,6.658077716827393,6.734780311584473,7.105606555938721,7.104321002960205,6.61285400390625,5.586370944976807,4.836676120758057,4.782235145568848,4.608748435974121,4.072765350341797,3.906961441040039,3.4290826320648193,3.1975810527801514
21.126508712768555,20.61995506286621,20.375030517578125,20.940380096435547,20.15364646911621,19.96717643737793,19.638452529907227,18.347963333129883,16.188383102416992,14.109601974487305,13.270377159118652,13.847513198852539,15.286890983581543,17.008163452148438,18.33173370361328,18.745502471923828,18.691173553466797,18.36843490600586,17.630374908447266,16.11548614501953,14.185918807983398,12.267616271972656,10.842401504516602,10.171510696411133,9.716180801391602,8.922392845153809,8.265665054321289,8.193599700927734,8.140811920166016,7.881413459777832,7.722553730010986,7.668984413146973,7.717917442321777,7.795502662658691,7.309682846069336,6.29996395111084,4.853082180023193,3.563589096069336,3.16831374168396,3.004455089569092,2.849053382873535,3.134033203125,2.853912115097046,2.486217975616455
19.848663330078125,19.94832992553711,19.966442108154297,20.32386016845703,19.66171646118164,19.535015106201172,19.61492156982422,18.971086502075195,17.22279930114746,15.230520248413086,14.073005676269531,14.359189987182617,15.66151237487793,17.048608779907227,18.063323974609375,18.603527069091797,19.179397583007812,19.46922492980957,18.996641159057617,17.796104431152344,16.115583419799805,14.106159210205078,12.267011642456055,11.079479217529297,10.138410568237305,8.867086410522461,7.851463794708252,7.764181137084961,8.145899772644043,8.499161720275879,8.69852066040039,8.759940147399902,8.874834060668945,8.966209411621094,8.284260749816895,6.640482425689697,4.813761234283447,3.356675386428833,2.7560389041900635,2.5167131423950195,2.4029650688171387,2.634258508682251,2.4870710372924805,2.0781311988830566
19.546125411987305,19.802709579467773,19.87220573425293,20.216381072998047,19.57369613647461,19.152984619140625,19.35289764404297,19.407320022583008,18.53036117553711,16.889734268188477,15.372442245483398,15.26868724822998,16.22796058654785,17.046266555786133,17.616342544555664,18.222789764404297,19.149658203125,19.894317626953125,19.843351364135742,19.170400619506836,17.904340744018555,15.928611755371094,13.793097496032715,12.124957084655762,10.78038215637207,9.464676856994629,8.515774726867676,8.360136032104492,8.900251388549805,9.575638771057129,9.88176155090332,9.759361267089844,9.759272575378418,10.008589744567871,9.511817932128906,7.774394989013672,5.917516231536865,4.537444591522217,3.8257462978363037,3.6150104999542236,3.5011909008026123,3.4743382930755615,3.2616689205169678,2.860609531402588
19.62466049194336,19.942768096923828,20.03029441833496,20.569761276245117,20.5347957611084,20.222034454345703,20.26020622253418,20.403535842895508,20.059669494628906,18.77956199645996,17.084983825683594,16.552623748779297,16.99797821044922,17.197755813598633,17.413599014282227,18.131511688232422,19.222898483276367,20.230165481567383,20.691930770874023,20.533174514770508,19.438955307006836,17.36266326904297,15.033946990966797,12.960704803466797,11.173781394958496,10.053892135620117,9.753447532653809,9.96139144897461,10.45447826385498,10.939852714538574,11.12795639038086,10.816123962402344,10.468742370605469,10.518112182617188,10.15489673614502,8.942994117736816,7.546237468719482,6.4514360427856445,5.792271137237549,5.507556438446045,5.306356430053711,5.084558963775635,4.622973442077637,4.042525291442871
18.897123336791992,19.529735565185547,19.791717529296875,20.584247589111328,21.360441207885742,21.66840362548828,21.761367797851562,21.67510414123535,21.261978149414062,20.194063186645508,18.584096908569336,17.601078033447266,17.52959632873535,17.51222038269043,17.72792625427246,18.556751251220703,19.72270965576172,20.976438522338867,21.875789642333984,21.953969955444336,20.857248306274414,18.75615882873535,16.33860969543457,14.079755783081055,12.09436321258545,11.101922035217285,11.308995246887207,11.929880142211914,12.4092435836792,12.68408203125,12.775277137756348,12.398422241210938,11.639476776123047,11.076396942138672,10.48657512664795,9.75421142578125,9.073662757873535,8.46817398071289,7.904505252838135,7.404872894287109,7.04437255859375,6.812265872955322,6.251642227172852,5.3033552169799805
17.86537742614746,18.475011825561523,18.905168533325195,20.025814056396484,21.332721710205078,21.96498680114746,22.053855895996094,21.76969337463379,21.248538970947266,20.489713668823242,19.174392700195312,17.907032012939453,17.496776580810547,17.689327239990234,18.31325912475586,19.238147735595703,20.25096893310547,21.546550750732422,22.695066452026367,22.972257614135742,22.1601505279541,20.36195945739746,18.067697525024414,15.819997787475586,13.921845436096191,12.88880729675293,12.97298526763916,13.565197944641113,14.001266479492188,14.175313949584961,14.294792175292969,14.17238712310791,13.466991424560547,12.462254524230957,11.56666088104248,11.05103874206543,10.75001335144043,10.363636016845703,9.748023986816406,9.169989585876465,8.919405937194824,8.785223960876465,8.17361831665039,7.021154880523682
16.551746368408203,17.128250122070312,17.701019287109375,19.053739547729492,20.632036209106445,21.302827835083008,21.273651123046875,20.76844596862793,20.14381980895996,19.638172149658203,18.83329963684082,17.73088264465332,17.16025161743164,17.592241287231445,18.697481155395508,19.814823150634766,20.626962661743164,21.583881378173828,22.61974334716797,23.166810989379883,22.879405975341797,21.61426544189453,19.611228942871094,17.476573944091797,15.78551197052002,14.796539306640625,14.514713287353516,14.745808601379395,15.1286039352417,15.355257987976074,15.44279956817627,15.504499435424805,15.210269927978516,14.347390174865723,13.293119430541992,12.606884002685547,12.225744247436523,11.744477272033691,10.964029312133789,10.269352912902832,10.075251579284668,10.131778717041016,9.6951322555542,8.661567687988281
15.226855278015137,15.914910316467285,16.549413681030273,18.174161911010742,19.80752944946289,20.435348510742188,20.488994598388672,19.954822540283203,19.126752853393555,18.54439926147461,18.071678161621094,17.394283294677734,16.869178771972656,17.311567306518555,18.624937057495117,19.914262771606445,20.69092559814453,21.317678451538086,22.11806869506836,22.907394409179688,23.193824768066406,22.558914184570312,21.01978302001953,19.168598175048828,17.58319854736328,16.447771072387695,15.82668685913086,15.743764877319336,16.006818771362305,16.29429817199707,16.388080596923828,16.385570526123047,16.308177947998047,15.87391185760498,14.946683883666992,14.028854370117188,13.514358520507812,12.979989051818848,12.006409645080566,10.97688102722168,10.2266263961792,9.71335506439209,9.346508026123047,8.843938827514648
