data/wind_data/wind_2025-02-20_11.json
{"header": {"parameterUnit": "KT", "parameterCategory": 2, "nx": 255, "ny": 198, "lo1": 44.73521041870117, "la1": -3.236724853515625, "lo2": 111.26478576660156, "la2": 43.468475341796875, "dx": 0.26192745566368103, "dy": -0.23708222806453705, "refTime": "2025-02-20 11:00:00", "forecastTime": 0, "parameterNumber": 3, "parameterNumberName": "northward_wind"}, "data":
[rows 133 to 151 of 198, columns 0 to 42 of 255]
3.3184757232666016,5.3642778396606445,7.442134380340576,9.549054145812988,12.22348403930664,14.769112586975098,16.662805557250977,16.936155319213867,17.368003845214844,16.62578582763672,13.072101593017578,11.40867805480957,11.102058410644531,11.31023120880127,11.24010181427002,9.30393123626709,7.547564506530762,9.417013168334961,10.0333251953125,10.107498168945312,9.52354907989502,8.283907890319824,7.543272018432617,8.568365097045898,10.472709655761719,12.391437530517578,12.099896430969238,11.214341163635254,9.71841812133789,5.834256649017334,3.6359670162200928,5.106367588043213,7.0827202796936035,8.816780090332031,11.268525123596191,15.056580543518066,15.600042343139648,12.809454917907715,12.020225524902344,14.060464859008789,15.256690979003906,20.40177345275879,27.230506896972656
4.603309154510498,6.4326019287109375,8.110156059265137,9.940007209777832,13.308853149414062,15.219130516052246,15.906710624694824,15.616724014282227,16.450891494750977,16.31679916381836,13.170985221862793,10.783947944641113,10.78446102142334,11.296367645263672,12.083110809326172,11.485543251037598,11.721999168395996,12.78772258758545,12.424873352050781,11.91942024230957,10.970880508422852,10.42770767211914,10.018269538879395,7.391605377197266,8.152538299560547,10.335290908813477,10.213611602783203,9.094005584716797,6.850630283355713,7.260814666748047,6.826454162597656,8.89401626586914,9.626494407653809,11.63172721862793,15.663039207458496,16.676223754882812,15.164959907531738,13.693076133728027,13.91325569152832,16.626514434814453,21.05368995666504,26.620267868041992,27.08019256591797
5.560784339904785,7.325353622436523,8.522266387939453,10.013266563415527,13.67186164855957,13.685154914855957,13.57808780670166,13.745759010314941,14.900416374206543,15.287369728088379,11.969690322875977,10.359583854675293,10.99663257598877,11.77440357208252,12.679984092712402,12.227960586547852,14.697484016418457,13.633377075195312,14.239372253417969,12.913230895996094,10.810725212097168,10.953624725341797,11.8143949508667,10.618317604064941,9.143867492675781,11.364709854125977,10.783102989196777,7.637201309204102,7.598893165588379,8.892010688781738,9.248374938964844,12.0295991897583,13.312371253967285,16.117162704467773,17.09782600402832,12.902515411376953,15.995889663696289,18.659290313720703,20.006235122680664,20.398731231689453,25.09377098083496,23.746902465820312,19.738622665405273
6.169312477111816,7.881776809692383,8.6762056350708,9.223699569702148,9.676900863647461,11.208463668823242,11.770699501037598,12.491915702819824,12.625800132751465,10.762107849121094,9.868487358093262,10.512062072753906,11.355363845825195,12.087535858154297,12.916872024536133,12.929073333740234,13.89651870727539,13.111625671386719,13.745457649230957,12.768579483032227,11.367517471313477,12.203842163085938,13.66482925415039,14.921683311462402,10.998069763183594,10.283309936523438,9.474893569946289,7.2333197593688965,8.935495376586914,10.302762985229492,12.337120056152344,14.196028709411621,17.402910232543945,19.376562118530273,14.257484436035156,10.40676212310791,16.352100372314453,19.950952529907227,21.913555145263672,21.971830368041992,19.593828201293945,14.786322593688965,14.611414909362793
5.941009044647217,7.159476280212402,7.793325901031494,8.33712100982666,8.448758125305176,10.029095649719238,11.230073928833008,11.654982566833496,9.885721206665039,5.9697041511535645,9.905503273010254,10.522038459777832,11.068345069885254,11.294855117797852,10.97661018371582,11.177449226379395,11.946633338928223,12.174507141113281,13.018095016479492,13.589370727539062,13.611501693725586,12.454482078552246,12.236353874206543,13.257233619689941,11.307939529418945,10.161880493164062,10.743943214416504,10.830299377441406,11.233529090881348,13.365724563598633,13.670955657958984,13.06826114654541,15.573568344116211,13.900388717651367,9.012589454650879,11.569664001464844,15.656567573547363,18.276079177856445,19.60427474975586,18.461225509643555,13.989843368530273,11.773425102233887,11.760217666625977
4.398453235626221,4.618368625640869,5.391849994659424,6.204256057739258,7.892127513885498,9.232839584350586,10.343877792358398,10.05146312713623,9.124136924743652,7.7072625160217285,10.46053695678711,9.541813850402832,9.136758804321289,8.682419776916504,8.366033554077148,8.701827049255371,9.999605178833008,11.373894691467285,13.139738082885742,14.392873764038086,15.080244064331055,12.234270095825195,10.824761390686035,10.175431251525879,9.71280288696289,9.874591827392578,12.190452575683594,13.219891548156738,14.331755638122559,15.400632858276367,14.323604583740234,11.203960418701172,9.464177131652832,7.775637149810791,9.28183364868164,12.959006309509277,14.621150016784668,16.913143157958984,18.743602752685547,16.97464942932129,14.027684211730957,12.549690246582031,10.875749588012695
2.546046257019043,2.2815933227539062,3.108912467956543,3.7843010425567627,3.978625535964966,6.6518659591674805,8.298453330993652,8.689789772033691,9.22769832611084,8.901156425476074,8.560203552246094,6.194156169891357,6.57631254196167,5.176637172698975,5.111333847045898,6.554832458496094,7.79512357711792,9.577827453613281,10.798089027404785,12.214339256286621,13.69046401977539,12.37983226776123,11.856348037719727,11.94306468963623,8.864215850830078,7.0938286781311035,7.036028861999512,13.33317756652832,14.266169548034668,11.015978813171387,11.60722541809082,8.741388320922852,7.056097984313965,9.011428833007812,12.725597381591797,12.670984268188477,14.397536277770996,13.986762046813965,16.196765899658203,16.041351318359375,15.140962600708008,13.84681510925293,12.496206283569336
2.092244863510132,2.218595027923584,2.5930674076080322,2.5580804347991943,2.5019147396087646,6.088658332824707,7.582343101501465,8.435355186462402,8.127246856689453,7.542588710784912,5.6137189865112305,3.5993635654449463,3.1256165504455566,3.0959184169769287,3.884700298309326,5.224579811096191,6.000364303588867,7.020236015319824,7.1214447021484375,7.773602485656738,9.766158103942871,10.247636795043945,12.147123336791992,13.466045379638672,11.559043884277344,7.740966796875,4.01120138168335,8.532734870910645,7.794495105743408,4.0882182121276855,5.284445762634277,5.9753336906433105,9.063870429992676,12.77857780456543,15.00514030456543,14.863476753234863,14.179813385009766,10.715312004089355,11.535167694091797,13.456733703613281,14.81824779510498,16.07851219177246,15.613651275634766
2.4649128913879395,3.4526853561401367,3.36962628364563,2.54565691947937,1.9065145254135132,5.221670150756836,6.561845779418945,8.001057624816895,7.180202007293701,6.215893268585205,4.147283554077148,1.2224961519241333,0.22179356217384338,1.4454231262207031,2.959439516067505,3.1470484733581543,3.543003797531128,4.503413200378418,5.909871578216553,6.585566997528076,8.584589958190918,7.009415149688721,10.794711112976074,13.300735473632812,14.100400924682617,9.919957160949707,6.273369312286377,0.9595313668251038,0.09205067157745361,-0.09154505282640457,0.4423307478427887,4.903715133666992,9.761490821838379,13.55858039855957,13.511533737182617,13.785065650939941,9.48793888092041,4.846601963043213,8.096613883972168,12.734283447265625,15.359172821044922,18.662185668945312,18.984867095947266
3.369502305984497,4.4742960929870605,4.341315746307373,3.5453925132751465,2.8320295810699463,3.997429132461548,3.9160120487213135,6.128551483154297,6.955120086669922,5.917208671569824,1.3959723711013794,-3.2541306018829346,-5.33264684677124,-5.1858367919921875,-2.9449644088745117,-1.6719813346862793,-0.49751991033554077,1.8089993000030518,5.321482181549072,8.166398048400879,9.495511054992676,9.97133731842041,10.785859107971191,11.994550704956055,13.847314834594727,10.205731391906738,4.835312843322754,-0.797685444355011,-1.6877048015594482,-2.933499336242676,-2.8998537063598633,0.8063679933547974,5.943971633911133,9.635431289672852,8.826088905334473,7.114312648773193,0.4475660026073456,0.4978424608707428,4.523497104644775,14.659963607788086,17.97408103942871,20.458694458007812,19.412582397460938
4.49839973449707,5.088871955871582,5.133570194244385,3.963256359100342,2.920518159866333,2.788578748703003,3.457357168197632,5.59674072265625,5.780267238616943,3.3544881343841553,-1.4469940662384033,-4.583140850067139,-7.643635272979736,-9.533147811889648,-8.21530532836914,-6.251336097717285,-2.4999582767486572,2.4355485439300537,6.629144191741943,9.550657272338867,8.666641235351562,13.520891189575195,9.00426197052002,9.306790351867676,10.164167404174805,5.844818592071533,1.2691969871520996,0.6335797905921936,-1.3837553262710571,-2.678718090057373,-2.804762840270996,-0.3036859929561615,2.4551949501037598,3.3299801349639893,2.4351818561553955,-1.0641413927078247,-4.963285446166992,-0.3112201690673828,-1.3974149227142334,13.136042594909668,20.014310836791992,20.735048294067383,17.4580020904541
4.999664306640625,5.2885823249816895,6.296972274780273,5.374129295349121,-0.10039374977350235,-0.682440459728241,0.34995174407958984,2.1989798545837402,2.5353891849517822,1.9631438255310059,1.4303078651428223,1.5847744941711426,-0.13501885533332825,-4.110331058502197,-5.789000988006592,-3.247910976409912,0.5748312473297119,4.811678886413574,8.635969161987305,10.730530738830566,11.111525535583496,9.933554649353027,6.422764778137207,6.854654788970947,7.060647010803223,0.7844664454460144,-2.670891046524048,-2.941164255142212,-2.376068115234375,-1.2377421855926514,0.6848798990249634,1.3044289350509644,2.3454742431640625,3.328906536102295,1.522313117980957,-2.766094207763672,-3.876755714416504,-1.3162673711776733,-6.265393257141113,5.301944732666016,18.035350799560547,19.486087799072266,15.919952392578125
4.7302069664001465,4.9528703689575195,7.879673004150391,7.563419342041016,-3.407442092895508,-4.5543413162231445,-5.798625946044922,-4.6409454345703125,-0.7441984415054321,3.0430965423583984,6.488569259643555,8.596020698547363,8.254430770874023,5.456599235534668,4.1657867431640625,5.9551472663879395,7.201370716094971,7.958980083465576,9.109406471252441,9.154322624206543,9.411356925964355,6.292897701263428,5.312862873077393,5.258081912994385,6.092144012451172,3.673818588256836,0.5590490102767944,-2.556771755218506,-2.647514820098877,-0.3404030203819275,2.183157205581665,3.86714768409729,3.399026870727539,0.10076013207435608,-1.4390805959701538,-1.6453412771224976,-0.6158493757247925,-1.0915888547897339,-4.618459224700928,0.6145880222320557,12.640897750854492,17.29119873046875,15.55328369140625
5.526606559753418,5.9949259757995605,10.043328285217285,11.42281436920166,3.3968327045440674,-0.488521933555603,-2.608961820602417,-2.9162824153900146,0.3937087059020996,4.635916233062744,8.32707405090332,10.957810401916504,12.633546829223633,12.246438026428223,10.820533752441406,12.85334300994873,11.424756050109863,10.678604125976562,11.574236869812012,7.919842720031738,7.077599048614502,7.092092514038086,6.6017165184021,6.099364280700684,7.612431049346924,8.168989181518555,7.403659820556641,4.025519847869873,2.9122653007507324,2.9958677291870117,2.8463637828826904,1.7748172283172607,-2.037506341934204,-6.384003639221191,-4.46031379699707,-0.9331261515617371,0.9751364588737488,-0.10730075091123581,0.6059707999229431,4.616793155670166,10.318277359008789,13.852510452270508,15.541803359985352
8.649297714233398,10.689478874206543,13.331607818603516,15.569002151489258,16.197668075561523,10.330963134765625,8.414189338684082,6.973878383636475,7.597325801849365,8.742392539978027,8.788095474243164,10.24875545501709,13.014068603515625,14.743213653564453,13.155269622802734,13.891745567321777,13.00502872467041,9.669438362121582,10.70005989074707,8.532979965209961,7.2800612449646,8.800796508789062,8.976828575134277,8.893985748291016,9.65884780883789,9.835129737854004,9.751723289489746,10.303224563598633,4.911464691162109,-1.7514303922653198,-3.332160234451294,-4.91961145401001,-7.2981085777282715,-6.774800777435303,-3.377166271209717,-0.017466982826590538,1.823332667350769,2.9811339378356934,5.617480278015137,7.389202117919922,8.686005592346191,10.206098556518555,15.175180435180664
11.583162307739258,15.583250999450684,15.34645938873291,16.6654052734375,19.596242904663086,16.774776458740234,16.370473861694336,14.950746536254883,14.80151653289795,13.493953704833984,11.853251457214355,10.639549255371094,12.23948860168457,13.076618194580078,13.29827880859375,12.931350708007812,12.656732559204102,10.188694953918457,8.151463508605957,7.146759033203125,7.783300876617432,8.12174129486084,6.61581563949585,3.9167187213897705,5.417064189910889,8.361909866333008,9.011597633361816,4.17042350769043,-2.6285128593444824,-5.531970977783203,-5.456764221191406,-4.0253987312316895,-4.6881422996521,-4.41844367980957,-3.6973748207092285,-4.21687650680542,0.1761956810951233,4.716926574707031,6.263625144958496,5.889604568481445,6.2726006507873535,10.115527153015137,15.55410385131836
11.241615295410156,14.685710906982422,15.274142265319824,16.496477127075195,19.13751220703125,18.910104751586914,17.855968475341797,15.161956787109375,15.79464340209961,15.850733757019043,15.333998680114746,13.144186019897461,13.705164909362793,11.56868839263916,11.238401412963867,12.117045402526855,11.691116333007812,10.079118728637695,6.960516452789307,6.008699893951416,5.810916900634766,4.413001537322998,2.1409411430358887,-0.16408494114875793,2.2314376831054688,0.7283661365509033,-1.039397120475769,-6.635457992553711,-6.488442420959473,-3.831714153289795,-2.7358479499816895,-3.2976772785186768,-4.111827850341797,-4.020561218261719,-5.179783344268799,-6.4955973625183105,-0.09925210475921631,5.115652084350586,4.5591301918029785,5.3341755867004395,7.780007362365723,12.394722938537598,15.312018394470215
7.78314208984375,8.928422927856445,13.357090950012207,17.551055908203125,19.42774200439453,18.385801315307617,14.704872131347656,11.370004653930664,14.105602264404297,13.731634140014648,14.244296073913574,16.89981460571289,14.544986724853516,13.021628379821777,10.106204986572266,10.98682689666748,10.250704765319824,8.213613510131836,6.924139976501465,6.832087516784668,5.225898265838623,1.5137121677398682,0.07435327023267746,1.1226204633712769,0.7612120509147644,-5.394827842712402,-6.884414196014404,-6.433168411254883,-5.13761568069458,-4.866302013397217,-4.465124130249023,-4.5852813720703125,-4.290416717529297,-3.7960009574890137,-3.5037007331848145,-2.810697078704834,2.776540517807007,4.668942928314209,3.9086520671844482,5.06456184387207,8.1744384765625,11.502461433410645,13.208386421203613
5.266671657562256,4.220142364501953,10.533587455749512,16.723005294799805,18.027854919433594,14.62204360961914,10.415565490722656,9.21523666381836,12.845888137817383,11.688556671142578,13.278341293334961,16.180212020874023,13.648963928222656,12.638644218444824,9.810249328613281,9.630232810974121,8.978242874145508,7.565803527832031,7.734001636505127,5.209234237670898,2.938237190246582,0.9035342335700989,-1.4903451204299927,-1.2072319984436035,-3.8313231468200684,-5.852197647094727,-5.133374214172363,-5.292502403259277,-5.209512233734131,-4.171535015106201,-3.3057358264923096,-3.101797580718994,-2.4861347675323486,-1.7137514352798462,-0.6410032510757446,-0.39464548230171204,2.0666937828063965,2.9460349082946777,3.4102861881256104,4.533967018127441,6.227521896362305,7.934791564941406,10.413442611694336
