data/wind_data/wind_68_8.json
{"header": {"parameterUnit": "KT", "parameterCategory": 2, "nx": 256, "ny": 198, "lo1": 44.73521041870117, "la1": -3.236724853515625, "lo2": 111.26478576660156, "la2": 43.468475341796875, "dx": 0.2609002888202667, "dy": -0.23708222806453705, "refTime": "2025-02-21 20:00:00", "forecastTime": 0, "parameterNumber": 2, "parameterNumberName": "eastward_wind"}, "data":
[rows 76 to 94 of 198, columns 176 to 219 of 256]
11.4263916015625,11.30289077758789,11.841324806213379,12.62074089050293,12.962455749511719,12.871772766113281,13.013879776000977,13.682707786560059,14.486659049987793,14.872407913208008,14.407441139221191,13.213641166687012,12.135367393493652,11.652643203735352,11.46483039855957,11.306063652038574,11.279126167297363,11.336654663085938,11.381786346435547,11.54682731628418,11.68162727355957,11.869965553283691,11.883687019348145,11.755369186401367,11.816479682922363,11.933930397033691,12.287947654724121,13.618610382080078,15.771845817565918,18.371217727661133,21.69679069519043,23.797189712524414,19.253070831298828,11.81737232208252,9.395703315734863,10.362048149108887,12.040358543395996,14.354132652282715,15.448177337646484,14.928035736083984,14.378067016601562,14.806025505065918,15.396040916442871,15.028510093688965
12.164815902709961,12.276865005493164,13.002593040466309,14.035587310791016,14.751164436340332,14.836017608642578,14.671738624572754,14.786069869995117,15.266873359680176,15.823040008544922,15.790205955505371,14.82974910736084,13.598065376281738,12.662921905517578,11.961222648620605,11.426697731018066,11.332919120788574,11.858186721801758,12.602166175842285,12.978946685791016,12.893428802490234,12.895095825195312,12.691946029663086,12.632896423339844,13.259481430053711,14.059918403625488,14.509834289550781,15.281059265136719,16.753721237182617,19.13874626159668,22.838680267333984,25.60411834716797,21.963422775268555,14.282212257385254,10.636138916015625,10.97774600982666,12.709895133972168,15.103184700012207,16.238975524902344,15.544036865234375,14.87728500366211,15.313950538635254,16.29763412475586,16.590444564819336
12.56794261932373,12.949856758117676,13.876898765563965,15.100090026855469,16.076684951782227,16.48880958557129,16.475116729736328,16.46322250366211,16.718921661376953,17.117496490478516,17.125211715698242,16.485504150390625,15.61209774017334,14.658839225769043,13.442558288574219,12.169309616088867,11.402223587036133,11.89121150970459,13.39454174041748,14.426149368286133,14.214407920837402,13.47844123840332,12.836294174194336,13.553318977355957,15.101659774780273,15.75308895111084,15.965754508972168,16.778989791870117,17.990680694580078,19.82886505126953,23.58721923828125,26.86405372619629,24.122346878051758,16.669469833374023,11.858719825744629,11.579887390136719,13.228979110717773,15.147221565246582,16.300844192504883,16.422428131103516,16.47913932800293,16.614477157592773,16.91375732421875,17.3008975982666
12.703316688537598,13.409276962280273,14.460597038269043,15.71857738494873,16.765254974365234,17.39368438720703,17.700170516967773,17.9498233795166,18.35283851623535,18.714506149291992,18.525650024414062,17.874860763549805,17.4852352142334,17.05425453186035,15.878902435302734,14.178288459777832,12.637486457824707,12.71102237701416,14.294480323791504,15.232038497924805,14.719231605529785,13.313812255859375,13.100122451782227,15.197486877441406,16.745372772216797,16.201690673828125,15.982193946838379,17.391643524169922,19.365737915039062,21.16292953491211,24.457164764404297,28.19628143310547,26.675548553466797,19.377466201782227,13.292498588562012,12.347572326660156,14.040726661682129,15.658293724060059,17.057119369506836,18.217241287231445,18.769298553466797,18.321781158447266,17.64020538330078,17.574617385864258
12.486105918884277,13.415733337402344,14.467960357666016,15.632003784179688,16.66229248046875,17.47394371032715,18.182708740234375,18.87571144104004,19.587182998657227,19.99608039855957,19.550729751586914,18.804330825805664,18.811201095581055,19.08242416381836,18.488933563232422,16.937999725341797,15.139994621276855,14.595220565795898,15.3811616897583,15.732953071594238,15.067235946655273,13.949485778808594,14.546917915344238,16.463581085205078,17.157772064208984,16.297866821289062,16.12169647216797,18.020065307617188,20.907516479492188,23.001670837402344,25.53804588317871,29.126562118530273,28.740007400512695,22.004301071166992,15.330543518066406,13.63415813446045,15.110713005065918,17.002132415771484,18.766815185546875,20.072839736938477,20.44053840637207,19.751577377319336,18.765625,18.145263671875
11.889564514160156,13.08661937713623,14.109078407287598,15.059514045715332,16.04017448425293,17.103023529052734,18.272655487060547,19.494125366210938,20.538692474365234,20.836214065551758,20.02191162109375,19.252052307128906,19.600732803344727,20.321725845336914,20.263154983520508,19.130096435546875,17.562841415405273,16.805400848388672,16.771930694580078,16.490814208984375,15.976767539978027,15.681636810302734,16.305347442626953,17.524791717529297,17.86798667907715,17.211685180664062,17.307424545288086,19.522682189941406,22.69884490966797,24.602754592895508,26.477270126342773,29.156171798706055,29.33491325378418,24.661344528198242,18.30292320251465,15.064141273498535,15.666672706604004,17.981950759887695,19.972049713134766,20.925640106201172,21.204851150512695,21.10027503967285,20.445131301879883,19.375520706176758
11.18757438659668,12.67320728302002,13.958276748657227,14.858053207397461,15.681760787963867,16.8196964263916,18.337621688842773,20.08098030090332,21.506868362426758,21.693294525146484,20.56932258605957,19.73891258239746,20.068517684936523,20.736997604370117,20.811071395874023,20.08828353881836,19.040992736816406,18.512548446655273,18.324975967407227,17.8028564453125,17.539369583129883,17.767745971679688,18.051000595092773,18.781715393066406,19.247419357299805,18.833480834960938,18.99263572692871,21.230802536010742,24.31484603881836,26.120237350463867,27.457748413085938,29.114328384399414,29.593143463134766,26.83233642578125,20.978662490844727,16.874977111816406,16.79578399658203,18.859811782836914,20.577335357666016,21.358572006225586,21.94259262084961,22.386611938476562,21.91054916381836,20.824928283691406
11.281784057617188,12.480400085449219,13.993685722351074,15.258842468261719,16.17475700378418,17.157052993774414,18.5616455078125,20.470632553100586,22.25436019897461,22.698104858398438,21.74458122253418,20.83188819885254,20.626867294311523,20.68504524230957,20.621784210205078,20.28654670715332,19.860877990722656,19.955989837646484,20.207578659057617,19.804105758666992,19.551292419433594,19.484609603881836,19.15787124633789,19.51600456237793,20.443843841552734,20.6944522857666,20.814857482910156,22.437450408935547,25.3774471282959,27.593210220336914,28.64674186706543,29.680879592895508,30.284475326538086,28.427066802978516,23.34957504272461,19.19415283203125,18.884807586669922,20.638050079345703,21.9847412109375,22.60019874572754,23.24854850769043,23.47382164001465,22.77711296081543,21.978300094604492
12.610003471374512,13.052254676818848,14.214983940124512,15.721213340759277,17.06147003173828,18.103092193603516,19.175350189208984,20.705114364624023,22.468639373779297,23.48456382751465,23.325380325317383,22.546764373779297,21.689950942993164,20.897390365600586,20.41648292541504,20.400558471679688,20.75407600402832,21.563533782958984,22.295246124267578,22.272754669189453,21.965587615966797,20.896255493164062,19.40507698059082,19.496397018432617,20.86557960510254,21.801088333129883,22.041967391967773,23.416942596435547,26.20171546936035,28.612455368041992,29.47972297668457,30.42313575744629,31.31588363647461,29.66850471496582,25.33945083618164,21.85419464111328,21.588550567626953,23.084802627563477,24.2001895904541,24.724258422851562,25.129575729370117,24.631633758544922,23.32456398010254,22.587724685668945
14.503304481506348,14.551732063293457,15.110146522521973,16.273910522460938,17.713359832763672,18.998546600341797,20.01896095275879,21.116159439086914,22.563304901123047,24.057525634765625,24.80122947692871,24.410974502563477,23.138959884643555,21.47284507751465,20.45229148864746,20.803977966308594,22.05728530883789,23.3842716217041,24.154226303100586,24.261472702026367,23.819019317626953,22.05380630493164,19.839494705200195,19.638803482055664,20.972394943237305,22.176830291748047,23.108318328857422,24.553556442260742,26.921525955200195,29.106801986694336,29.474864959716797,30.48471450805664,32.03504180908203,30.744653701782227,27.560319900512695,24.91849136352539,24.099031448364258,25.110694885253906,26.320751190185547,27.07953453063965,26.969711303710938,25.55389976501465,23.888696670532227,23.23151969909668
16.37238311767578,16.582754135131836,17.02200698852539,17.707664489746094,18.652799606323242,19.7332706451416,20.82261085510254,21.849870681762695,23.00165367126465,24.48882293701172,25.876359939575195,26.092411041259766,24.722021102905273,22.384143829345703,20.801387786865234,21.438732147216797,23.353309631347656,24.884233474731445,25.325958251953125,24.935943603515625,24.142528533935547,22.829936981201172,21.64821434020996,21.537616729736328,22.15898323059082,23.192668914794922,24.581390380859375,25.836956024169922,27.39200210571289,28.9365177154541,29.12682342529297,29.98411750793457,32.18607711791992,32.34776306152344,30.047414779663086,27.361806869506836,25.9881649017334,26.54750633239746,27.599443435668945,28.670352935791016,28.79208755493164,27.17064094543457,25.37885284423828,24.831127166748047
18.11817169189453,18.354816436767578,19.042724609375,19.754199981689453,20.324167251586914,20.964702606201172,21.861793518066406,22.779146194458008,23.638395309448242,24.838327407836914,26.330150604248047,27.27577781677246,26.494352340698242,24.108139038085938,22.149211883544922,22.50802993774414,24.327930450439453,25.76371955871582,25.89247703552246,24.67965316772461,23.472299575805664,23.343902587890625,23.85341453552246,24.324119567871094,24.56093406677246,25.084943771362305,26.081485748291016,26.853425979614258,27.340795516967773,27.966861724853516,28.366655349731445,29.82244873046875,32.713897705078125,33.769168853759766,32.048622131347656,29.26224136352539,27.542097091674805,27.236520767211914,27.89113998413086,29.657915115356445,30.91747283935547,29.874114990234375,28.004013061523438,27.182275772094727
19.97276496887207,19.70718765258789,20.341665267944336,21.303197860717773,22.072738647460938,22.631425857543945,23.238391876220703,23.843017578125,24.40102767944336,25.277572631835938,26.54213523864746,27.813444137573242,28.00656509399414,26.519840240478516,24.917604446411133,24.87397575378418,25.893888473510742,26.58930778503418,26.15385627746582,24.390127182006836,22.89207649230957,23.478513717651367,25.270586013793945,26.6147518157959,26.991514205932617,26.647687911987305,26.63558006286621,27.07384490966797,27.227859497070312,27.423439025878906,28.17321014404297,30.294410705566406,33.755882263183594,35.78968048095703,33.97212600708008,30.47520637512207,28.585763931274414,28.222007751464844,28.9124698638916,30.712968826293945,32.6696662902832,32.97690200805664,31.36545753479004,29.573034286499023
22.098371505737305,21.14422035217285,21.32374382019043,22.292709350585938,23.324504852294922,24.043596267700195,24.478660583496094,24.739200592041016,25.09287452697754,25.82137680053711,26.861982345581055,27.91017723083496,28.539098739624023,28.329452514648438,27.889625549316406,28.0106143951416,28.298738479614258,27.859018325805664,26.47045135498047,24.3779239654541,22.885831832885742,23.776569366455078,26.518939971923828,28.88770866394043,29.270265579223633,27.731372833251953,26.47269058227539,26.576698303222656,26.97947883605957,27.924787521362305,29.637611389160156,31.760269165039062,34.72959518432617,37.35282516479492,35.95410919189453,32.157684326171875,29.727327346801758,29.59677505493164,30.589807510375977,31.888723373413086,33.747474670410156,35.14734649658203,34.099220275878906,31.580129623413086
24.48975372314453,23.012266159057617,22.549192428588867,23.111209869384766,24.08962059020996,24.92123794555664,25.30518913269043,25.297529220581055,25.532093048095703,26.40373992919922,27.47276496887207,28.10328483581543,28.41860580444336,28.87300682067871,29.398160934448242,29.851551055908203,29.900537490844727,29.144472122192383,27.466623306274414,25.225919723510742,23.718679428100586,24.54014015197754,27.510255813598633,30.820039749145508,31.585617065429688,29.38962745666504,26.922101974487305,26.002391815185547,26.47540855407715,28.405893325805664,31.078147888183594,32.94449996948242,34.8786506652832,37.78403854370117,37.77143096923828,33.836570739746094,31.39396095275879,31.813644409179688,32.79216766357422,33.15489959716797,34.38888168334961,35.92042922973633,35.61103820800781,33.44941329956055
26.74959945678711,24.943031311035156,23.95900535583496,23.96515464782715,24.63566017150879,25.437358856201172,25.867691040039062,25.891437530517578,26.18547248840332,27.143856048583984,28.15351676940918,28.45027732849121,28.41730499267578,28.847543716430664,29.449005126953125,29.875041961669922,30.239553451538086,30.192277908325195,29.168930053710938,27.298221588134766,25.62037467956543,25.526023864746094,27.648208618164062,31.08515167236328,32.998451232910156,31.72081756591797,28.971073150634766,27.123119354248047,27.017446517944336,28.45716667175293,30.75047492980957,32.894187927246094,34.705955505371094,37.29142761230469,38.51484298706055,36.2463264465332,33.59955978393555,33.78461837768555,35.60858154296875,36.104915618896484,35.78702926635742,35.65789031982422,35.5511589050293,34.80708694458008
28.767040252685547,26.792625427246094,25.482927322387695,24.978300094604492,25.205549240112305,25.850337982177734,26.478055953979492,26.993288040161133,27.692062377929688,28.569477081298828,29.178203582763672,29.14783477783203,28.834362030029297,28.777063369750977,28.819995880126953,29.060823440551758,29.963640213012695,30.90846824645996,30.77408790588379,29.59320068359375,27.998414993286133,26.91692543029785,27.7131404876709,30.267465591430664,32.3257942199707,32.44039535522461,31.25217628479004,29.720958709716797,28.624332427978516,28.359493255615234,29.611974716186523,32.18623733520508,34.4633903503418,36.76711654663086,38.16093444824219,37.199073791503906,35.15824890136719,35.737327575683594,38.45553970336914,39.77019119262695,38.449981689453125,36.133243560791016,35.247920989990234,35.420616149902344
30.876998901367188,29.06876564025879,27.553651809692383,26.59349250793457,26.373178482055664,26.662456512451172,27.29347801208496,28.33753204345703,29.581972122192383,30.480052947998047,30.74457550048828,30.49462890625,29.908767700195312,29.184778213500977,28.58123779296875,28.636497497558594,29.739076614379883,31.111480712890625,31.488994598388672,30.891359329223633,29.80646324157715,28.752195358276367,28.885055541992188,30.213903427124023,31.137453079223633,31.526002883911133,32.16861343383789,32.07813262939453,30.72086524963379,29.495790481567383,29.420909881591797,31.114673614501953,33.71906661987305,35.98820877075195,37.53413009643555,37.67952346801758,36.86079788208008,37.76292419433594,40.48384475708008,42.46903610229492,41.52008056640625,38.06800842285156,35.41587448120117,35.28070068359375
32.79536819458008,31.536317825317383,30.16596794128418,29.065855026245117,28.5611572265625,28.3604736328125,28.440397262573242,29.342187881469727,30.842763900756836,31.917604446411133,32.25465774536133,32.153812408447266,31.46160316467285,30.22865867614746,29.1706485748291,28.967350006103516,29.86420440673828,31.124149322509766,31.572904586791992,31.330453872680664,30.954265594482422,30.62688636779785,30.94661521911621,31.497987747192383,31.132896423339844,31.000104904174805,32.437747955322266,33.597328186035156,32.67579650878906,31.101659774780273,30.12215805053711,30.33787727355957,32.4268913269043,35.120567321777344,37.3541145324707,38.52368927001953,38.661285400390625,39.19677734375,41.38859558105469,44.063232421875,44.196571350097656,40.38478469848633,36.269100189208984,35.70072937011719
