data/wind_data/wind_38_5.json
{"header": {"parameterUnit": "KT", "parameterCategory": 2, "nx": 256, "ny": 198, "lo1": 44.73521041870117, "la1": -3.236724853515625, "lo2": 111.26478576660156, "la2": 43.468475341796875, "dx": 0.2609002888202667, "dy": -0.23708222806453705, "refTime": "2025-02-20 14:00:00", "forecastTime": 0, "parameterNumber": 2, "parameterNumberName": "eastward_wind"}, "data":
[rows 0 to 18 of 198, columns 44 to 87 of 256]
0.05296001210808754,0.7022266983985901,1.31392502784729,1.87147057056427,2.160247802734375,2.2568907737731934,2.447354555130005,2.554065704345703,2.193350315093994,1.5509378910064697,0.725389838218689,-0.09534095972776413,-0.5984469652175903,-1.116965413093567,-1.916038990020752,-2.527379035949707,-2.671407461166382,-3.014606475830078,-3.765850305557251,-4.39791202545166,-4.838257789611816,-5.363143444061279,-5.974687099456787,-6.386962890625,-6.661569118499756,-7.264970302581787,-8.06053638458252,-8.650605201721191,-9.166199684143066,-9.769119262695312,-10.44576644897461,-11.294817924499512,-12.109795570373535,-12.723944664001465,-13.075465202331543,-13.000402450561523,-12.882342338562012,-12.889549255371094,-12.863970756530762,-12.771018028259277,-12.71038818359375,-12.698711395263672,-12.629426956176758,-12.49880313873291
-0.6436156630516052,-0.2510450482368469,0.1941094547510147,0.7154510021209717,1.1330809593200684,1.5488954782485962,2.0616395473480225,2.3525619506835938,2.240550994873047,2.0256354808807373,1.6186940670013428,1.044996976852417,0.4799515902996063,-0.19627037644386292,-1.1445839405059814,-1.8659886121749878,-2.0448806285858154,-2.499870538711548,-3.3428404331207275,-4.056197643280029,-4.6155104637146,-5.194412708282471,-5.82694673538208,-6.098766803741455,-6.1402668952941895,-6.642321586608887,-7.344628810882568,-7.741096496582031,-7.9838547706604,-8.317519187927246,-8.843989372253418,-9.595561981201172,-10.315993309020996,-10.811362266540527,-11.132694244384766,-11.244088172912598,-11.325901985168457,-11.490604400634766,-11.506463050842285,-11.30929946899414,-11.37696361541748,-11.774710655212402,-11.974895477294922,-11.978324890136719
-1.3794605731964111,-1.2777199745178223,-1.1086666584014893,-0.9270288348197937,-0.6059523224830627,-0.0451841838657856,0.6006132364273071,1.0957376956939697,1.4406594038009644,1.7839559316635132,1.8135451078414917,1.457977294921875,0.9388563632965088,0.4349777102470398,-0.22864307463169098,-0.9459298849105835,-1.4868593215942383,-2.174710273742676,-3.044459819793701,-3.8671791553497314,-4.602027416229248,-5.297120094299316,-5.971409320831299,-6.218263149261475,-6.20413875579834,-6.532196044921875,-6.9146881103515625,-7.136348247528076,-7.3720269203186035,-7.540175914764404,-7.788848400115967,-8.355762481689453,-8.988471984863281,-9.474922180175781,-9.78756046295166,-9.89603042602539,-10.05752182006836,-10.359384536743164,-10.457895278930664,-10.391118049621582,-10.5126314163208,-10.796448707580566,-11.071063995361328,-11.289165496826172
-2.4038848876953125,-2.62859845161438,-2.79703426361084,-2.998497486114502,-2.867974281311035,-2.2876031398773193,-1.6466376781463623,-1.1325318813323975,-0.547773003578186,0.14706745743751526,0.5846299529075623,0.654275119304657,0.5347333550453186,0.46988052129745483,0.1931045651435852,-0.4591818153858185,-1.3055646419525146,-2.1715354919433594,-3.040703535079956,-3.906320810317993,-4.759955406188965,-5.4890851974487305,-5.991490364074707,-6.246603012084961,-6.4455180168151855,-6.713476657867432,-6.789803504943848,-6.926377296447754,-7.227426528930664,-7.351783752441406,-7.452559947967529,-7.795947551727295,-8.198651313781738,-8.480069160461426,-8.649417877197266,-8.685786247253418,-8.8451566696167,-9.000166893005371,-9.109454154968262,-9.1475191116333,-9.414669036865234,-9.45095157623291,-9.619473457336426,-10.007264137268066
-3.8862621784210205,-4.239746570587158,-4.552896022796631,-4.877564907073975,-4.975400924682617,-4.819986820220947,-4.605894088745117,-4.6746134757995605,-4.678871154785156,-4.390653610229492,-3.5148322582244873,-2.453212022781372,-1.5266824960708618,-0.5937464237213135,-0.40105852484703064,-0.5887677073478699,-1.3168447017669678,-2.244119644165039,-3.2087926864624023,-4.181625843048096,-5.03926420211792,-5.555938243865967,-5.601099967956543,-6.0511016845703125,-6.52722692489624,-6.8869733810424805,-6.951247692108154,-7.40584659576416,-7.916616916656494,-8.280942916870117,-8.717561721801758,-8.920666694641113,-8.585345268249512,-7.7808990478515625,-7.321252822875977,-7.006633281707764,-6.411645412445068,-5.2302937507629395,-6.819457530975342,-6.937906265258789,-7.668309688568115,-7.5771613121032715,-7.599493503570557,-8.26947021484375
-4.1734938621521,-4.62890625,-4.77899169921875,-4.652602195739746,-4.725898265838623,-5.389091968536377,-5.415865898132324,-5.095946311950684,-5.011725425720215,-5.489978790283203,-5.761104583740234,-5.323153972625732,-4.544585227966309,-3.603152275085449,-3.0577220916748047,-2.508894205093384,-2.7322542667388916,-3.6172611713409424,-4.618894577026367,-5.665685653686523,-6.601059436798096,-7.034146785736084,-7.224098205566406,-7.123819351196289,-6.757613182067871,-7.055734634399414,-7.384707927703857,-7.911551475524902,-8.262364387512207,-8.247366905212402,-8.219712257385254,-8.035808563232422,-7.8364129066467285,-7.562726020812988,-8.00307846069336,-9.29987621307373,-9.935746192932129,-8.782297134399414,-7.888553619384766,-8.715526580810547,-8.712961196899414,-8.220267295837402,-9.07210636138916,-9.842461585998535
-4.120015621185303,-4.745442867279053,-5.240879058837891,-5.2187418937683105,-5.2965168952941895,-6.016070365905762,-6.480997562408447,-6.675574779510498,-6.559085369110107,-6.97597074508667,-7.471237659454346,-7.236316204071045,-7.001166343688965,-6.944746017456055,-6.412481307983398,-5.938655853271484,-5.632164001464844,-6.080134868621826,-6.70354700088501,-7.530937194824219,-8.028973579406738,-8.410329818725586,-8.533750534057617,-7.876233100891113,-7.75105094909668,-7.6098151206970215,-7.981828689575195,-8.579747200012207,-9.602529525756836,-10.06958293914795,-9.674722671508789,-9.112257957458496,-8.93730640411377,-8.667444229125977,-8.387075424194336,-6.806851863861084,-8.46017837524414,-8.866361618041992,-9.037644386291504,-8.71192455291748,-7.5400710105896,-7.495213985443115,-8.620817184448242,-10.136143684387207
-4.36177396774292,-4.483005046844482,-4.906321048736572,-5.106876850128174,-5.755421161651611,-6.012229919433594,-6.551751613616943,-7.3315582275390625,-7.431739330291748,-7.628076553344727,-8.19900894165039,-8.26502799987793,-8.814605712890625,-8.77425765991211,-7.970652103424072,-7.275875568389893,-7.181364059448242,-7.616339683532715,-8.053618431091309,-8.644283294677734,-9.020480155944824,-8.98666000366211,-8.54415225982666,-8.389792442321777,-8.05428409576416,-7.904568195343018,-8.352360725402832,-8.362326622009277,-9.31146240234375,-10.067667961120605,-9.453128814697266,-9.69044017791748,-9.135795593261719,-7.825314998626709,-6.650157928466797,-7.173000335693359,-6.861099720001221,-8.562909126281738,-10.452773094177246,-8.264551162719727,-6.200509071350098,-6.94918155670166,-7.1349263191223145,-7.542107105255127
-4.578347206115723,-4.419990539550781,-4.641709327697754,-4.933314800262451,-5.725992202758789,-5.901588439941406,-6.68845272064209,-7.768398284912109,-8.10806941986084,-8.489445686340332,-9.205144882202148,-9.43239688873291,-9.612250328063965,-9.307698249816895,-8.683891296386719,-8.096816062927246,-8.178953170776367,-8.490326881408691,-8.724400520324707,-8.989649772644043,-8.855141639709473,-8.660106658935547,-8.47136116027832,-8.253433227539062,-8.529670715332031,-8.575993537902832,-9.244425773620605,-9.09926700592041,-8.50694751739502,-8.072072982788086,-7.472239017486572,-9.634662628173828,-9.115250587463379,-8.907392501831055,-7.537740230560303,-6.556999206542969,-4.812108039855957,-5.446537017822266,-7.653567790985107,-7.643121242523193,-6.1269941329956055,-7.134634494781494,-8.072334289550781,-7.685353755950928
-4.740530490875244,-4.664181709289551,-4.82621955871582,-4.821643352508545,-5.019584655761719,-5.656899452209473,-6.520656108856201,-7.724717140197754,-8.254133224487305,-9.11556339263916,-9.912878036499023,-10.360979080200195,-10.291366577148438,-9.644740104675293,-8.891678810119629,-8.675518035888672,-8.911430358886719,-8.980024337768555,-8.989965438842773,-9.161967277526855,-8.914802551269531,-8.461939811706543,-8.268013954162598,-8.646360397338867,-9.591971397399902,-9.883406639099121,-10.362471580505371,-10.585219383239746,-9.46845817565918,-7.672293186187744,-6.999963760375977,-8.205551147460938,-8.08141803741455,-8.530527114868164,-7.930078506469727,-7.310979843139648,-7.097497463226318,-6.591137886047363,-5.648953437805176,-7.122087001800537,-7.907231330871582,-9.06551456451416,-9.964323997497559,-8.544950485229492
-4.941919803619385,-4.8321943283081055,-5.03394889831543,-5.029714107513428,-4.9723052978515625,-5.619871139526367,-6.428304672241211,-7.493042469024658,-8.0437650680542,-8.87138557434082,-9.807900428771973,-10.420734405517578,-10.581828117370605,-10.458566665649414,-9.835012435913086,-9.832756042480469,-9.829936027526855,-9.86439037322998,-10.146886825561523,-10.361567497253418,-9.889385223388672,-9.206929206848145,-9.36558723449707,-10.234081268310547,-10.805957794189453,-11.077579498291016,-11.362473487854004,-11.099081039428711,-11.508035659790039,-11.185914993286133,-9.68803596496582,-8.381179809570312,-8.704524040222168,-8.670971870422363,-7.756214141845703,-8.473655700683594,-9.394807815551758,-9.502784729003906,-7.488525867462158,-7.303442478179932,-10.170354843139648,-10.0939359664917,-9.622946739196777,-8.439278602600098
-4.794781684875488,-4.768587589263916,-5.161113262176514,-5.633945465087891,-6.0586771965026855,-6.272988796234131,-6.645980358123779,-7.305802822113037,-7.844163417816162,-8.378079414367676,-9.284812927246094,-9.914064407348633,-10.397928237915039,-11.117849349975586,-11.418733596801758,-11.548196792602539,-11.5418119430542,-11.643353462219238,-12.090095520019531,-12.191732406616211,-11.61819839477539,-11.156998634338379,-11.318305015563965,-11.966578483581543,-12.27254867553711,-12.350520133972168,-12.456374168395996,-11.967169761657715,-12.079407691955566,-12.238513946533203,-11.872538566589355,-11.351633071899414,-10.841018676757812,-9.740342140197754,-9.112680435180664,-9.176573753356934,-9.014583587646484,-8.744609832763672,-8.943867683410645,-9.455869674682617,-10.461126327514648,-10.864241600036621,-9.829611778259277,-9.358855247497559
-4.380317211151123,-5.019348621368408,-5.692055702209473,-6.301862716674805,-6.549560546875,-6.647675514221191,-7.318131446838379,-8.006572723388672,-8.36371898651123,-8.407938003540039,-8.702509880065918,-9.35701847076416,-10.0745267868042,-11.031319618225098,-11.792404174804688,-12.441279411315918,-12.88650894165039,-13.155572891235352,-13.411901473999023,-13.421319007873535,-12.800337791442871,-12.5902099609375,-12.485978126525879,-12.979230880737305,-13.209182739257812,-13.052688598632812,-12.998208999633789,-13.145237922668457,-13.588109016418457,-14.0719633102417,-13.75423526763916,-13.433588981628418,-12.837119102478027,-11.433341026306152,-10.950592994689941,-10.835469245910645,-10.901827812194824,-10.482258796691895,-10.014782905578613,-10.00587272644043,-10.497572898864746,-10.976374626159668,-10.612890243530273,-10.624927520751953
-4.124031066894531,-5.195457458496094,-6.130580425262451,-6.576380252838135,-6.612480640411377,-6.888393878936768,-8.072084426879883,-8.940592765808105,-9.193276405334473,-9.160579681396484,-8.847744941711426,-8.796353340148926,-9.028592109680176,-9.884038925170898,-11.118959426879883,-12.366178512573242,-13.187932014465332,-13.680991172790527,-13.676995277404785,-13.409676551818848,-13.281192779541016,-13.293112754821777,-13.547359466552734,-14.199785232543945,-14.294936180114746,-13.928961753845215,-13.800488471984863,-14.278898239135742,-14.579058647155762,-14.352248191833496,-14.379714012145996,-14.034355163574219,-13.92144775390625,-13.186412811279297,-12.88847541809082,-12.030168533325195,-11.7373685836792,-11.388968467712402,-11.104256629943848,-10.865583419799805,-10.861865043640137,-11.196624755859375,-11.410594940185547,-11.54978084564209
-4.499810695648193,-5.357412815093994,-6.345738887786865,-6.976338863372803,-7.214160442352295,-7.6238579750061035,-8.560699462890625,-9.35654354095459,-9.573383331298828,-9.714734077453613,-9.384310722351074,-8.700376510620117,-8.52143669128418,-9.183442115783691,-10.687131881713867,-12.180819511413574,-13.039041519165039,-13.150985717773438,-12.903844833374023,-13.532943725585938,-14.122620582580566,-14.7105073928833,-15.34181022644043,-15.7805757522583,-15.740196228027344,-15.284167289733887,-14.877792358398438,-14.849777221679688,-14.75861930847168,-14.335577011108398,-14.333232879638672,-14.380640029907227,-14.041213989257812,-14.120439529418945,-14.118922233581543,-13.304888725280762,-12.59107494354248,-11.895155906677246,-11.60088062286377,-11.388091087341309,-11.425836563110352,-11.574636459350586,-11.683893203735352,-11.738439559936523
-5.346429824829102,-5.75157356262207,-6.579950332641602,-7.524630546569824,-8.03954029083252,-8.218584060668945,-8.589354515075684,-9.323739051818848,-9.628896713256836,-9.954717636108398,-10.242076873779297,-9.988019943237305,-9.43785572052002,-9.233681678771973,-9.99303913116455,-11.32639217376709,-12.169219970703125,-12.318976402282715,-12.681353569030762,-13.875737190246582,-15.025765419006348,-15.8440580368042,-16.144588470458984,-16.152624130249023,-15.793843269348145,-15.247859954833984,-14.959906578063965,-15.14039421081543,-15.330459594726562,-14.978586196899414,-14.364343643188477,-14.332071304321289,-14.652756690979004,-14.562164306640625,-13.920838356018066,-13.109807014465332,-12.802322387695312,-12.339799880981445,-11.909547805786133,-11.540229797363281,-11.836167335510254,-12.094775199890137,-11.900252342224121,-11.763297080993652
-6.706709384918213,-6.652420520782471,-7.076523303985596,-7.809846878051758,-8.39268684387207,-8.79830551147461,-9.313097953796387,-9.90825080871582,-10.312103271484375,-10.561704635620117,-11.063026428222656,-11.450650215148926,-11.162982940673828,-10.463460922241211,-10.245526313781738,-10.777682304382324,-11.448497772216797,-11.880253791809082,-12.643627166748047,-13.747547149658203,-14.82670783996582,-15.491552352905273,-16.040525436401367,-15.817851066589355,-15.380599021911621,-15.178126335144043,-15.380749702453613,-15.756826400756836,-15.418136596679688,-15.244815826416016,-14.592316627502441,-14.760239601135254,-15.303197860717773,-15.213704109191895,-14.119954109191895,-13.110392570495605,-12.840557098388672,-12.481736183166504,-12.0495023727417,-11.762602806091309,-11.873242378234863,-12.132933616638184,-12.166348457336426,-11.292743682861328
-8.669978141784668,-8.164820671081543,-8.079959869384766,-8.473261833190918,-9.034627914428711,-9.549555778503418,-10.160614013671875,-10.785377502441406,-11.258193016052246,-11.51485538482666,-11.645017623901367,-12.016886711120605,-12.306071281433105,-12.099535942077637,-11.7183256149292,-11.513107299804688,-11.529315948486328,-11.787192344665527,-12.407527923583984,-13.060599327087402,-13.761336326599121,-14.703710556030273,-15.015013694763184,-15.094954490661621,-15.067543029785156,-15.658214569091797,-16.471996307373047,-16.27914810180664,-15.60645580291748,-15.270331382751465,-14.805828094482422,-15.449735641479492,-15.833742141723633,-15.662724494934082,-14.561235427856445,-13.326580047607422,-12.640817642211914,-12.4691162109375,-12.310151100158691,-12.234625816345215,-12.411287307739258,-12.008766174316406,-12.330279350280762,-12.347195625305176
-10.041662216186523,-9.840188026428223,-9.725667953491211,-9.765239715576172,-9.99715805053711,-10.301074981689453,-10.789546012878418,-11.472602844238281,-12.035430908203125,-12.385149955749512,-12.565667152404785,-12.984636306762695,-13.428916931152344,-13.625458717346191,-13.5794677734375,-13.224029541015625,-12.533061981201172,-11.974442481994629,-12.217926025390625,-12.643509864807129,-13.061305046081543,-13.512218475341797,-13.911566734313965,-14.546069145202637,-15.469103813171387,-16.36359405517578,-16.228519439697266,-15.987454414367676,-15.953174591064453,-15.32695484161377,-15.39903736114502,-15.819072723388672,-15.93366527557373,-15.941323280334473,-15.117015838623047,-13.903373718261719,-12.917634963989258,-12.314979553222656,-12.329862594604492,-12.34410285949707,-12.834606170654297,-12.414079666137695,-12.534238815307617,-12.627145767211914
