data/wind_data/wind_27_3.json
{"header": {"parameterUnit": "KT", "parameterCategory": 2, "nx": 256, "ny": 198, "lo1": 44.73521041870117, "la1": -3.236724853515625, "lo2": 111.26478576660156, "la2": 43.468475341796875, "dx": 0.2609002888202667, "dy": -0.23708222806453705, "refTime": "2025-02-20 03:00:00", "forecastTime": 0, "parameterNumber": 2, "parameterNumberName": "eastward_wind"}, "data":
[rows 133 to 151 of 198, columns 176 to 219 of 256]
27.220714569091797,27.430583953857422,27.92081642150879,30.272645950317383,31.571683883666992,31.762361526489258,32.21842575073242,33.17373275756836,25.82445526123047,16.8012638092041,13.605981826782227,11.607396125793457,10.328215599060059,11.565783500671387,11.987458229064941,10.858711242675781,6.137329578399658,5.565687656402588,8.543211936950684,13.148234367370605,17.490177154541016,22.687049865722656,24.069477081298828,24.654916763305664,18.033605575561523,17.168439865112305,23.468582153320312,26.378219604492188,23.1542911529541,21.920244216918945,18.515960693359375,16.899065017700195,17.627099990844727,21.649452209472656,23.41299819946289,20.36919403076172,17.30613899230957,16.56954574584961,18.192489624023438,18.443368911743164,19.601673126220703,23.402273178100586,24.514249801635742,23.76402473449707
26.729854583740234,26.379825592041016,27.952590942382812,32.005069732666016,35.440223693847656,34.33715057373047,31.004676818847656,33.053672790527344,25.753942489624023,16.841033935546875,14.393976211547852,14.402756690979004,12.828202247619629,10.4402437210083,8.318892478942871,8.444241523742676,9.828773498535156,13.289860725402832,17.47441864013672,21.435182571411133,22.62413787841797,22.528675079345703,22.864246368408203,23.4539737701416,25.82291030883789,24.455638885498047,22.581809997558594,21.562955856323242,20.561159133911133,21.980514526367188,20.18277931213379,19.07137680053711,19.039052963256836,21.171390533447266,21.286348342895508,19.413419723510742,18.49925422668457,18.054290771484375,17.62973403930664,17.828458786010742,20.30907440185547,24.031362533569336,26.066835403442383,26.227567672729492
24.741342544555664,24.032550811767578,22.273439407348633,27.770687103271484,35.64780807495117,39.030555725097656,34.037071228027344,27.75277328491211,20.05809783935547,13.944324493408203,13.719223976135254,14.155060768127441,14.435342788696289,13.699585914611816,13.695830345153809,14.478805541992188,16.254714965820312,17.946237564086914,18.952117919921875,22.078472137451172,23.256418228149414,22.017745971679688,23.00156021118164,26.838741302490234,28.982572555541992,28.44536590576172,22.645633697509766,19.221364974975586,19.11445426940918,20.17169761657715,19.321184158325195,18.169294357299805,20.277563095092773,22.6806697845459,22.674829483032227,21.90328025817871,20.482582092285156,20.028743743896484,19.48166847229004,19.03528594970703,22.126615524291992,25.10262107849121,25.618356704711914,25.91372299194336
23.620803833007812,19.756473541259766,14.145277976989746,16.156387329101562,27.29474449157715,32.089786529541016,24.159557342529297,15.606121063232422,12.830093383789062,13.175288200378418,15.348553657531738,16.92365837097168,18.181596755981445,19.182064056396484,20.55229377746582,19.05558204650879,20.005979537963867,21.823902130126953,20.606678009033203,18.99300765991211,19.62395477294922,21.573272705078125,23.972644805908203,26.31206703186035,26.14038848876953,22.651182174682617,20.46027374267578,22.47616958618164,22.35171127319336,20.47519874572754,18.932920455932617,18.012451171875,20.353418350219727,23.084367752075195,24.213544845581055,24.889965057373047,23.664674758911133,23.422473907470703,23.609643936157227,22.677318572998047,26.009510040283203,28.311904907226562,27.956331253051758,28.4081974029541
19.038043975830078,22.06121253967285,22.214561462402344,16.92755126953125,17.010807037353516,20.60065269470215,18.909461975097656,17.655195236206055,18.753389358520508,19.1453800201416,18.812049865722656,19.58490753173828,21.107545852661133,22.7542667388916,21.04926109313965,19.15264892578125,19.057937622070312,19.573762893676758,19.455280303955078,18.079021453857422,18.364551544189453,20.708621978759766,21.97960090637207,21.808975219726562,19.772716522216797,17.68382453918457,20.255962371826172,23.534229278564453,23.41578483581543,21.651424407958984,19.10887336730957,18.430450439453125,20.115631103515625,22.471311569213867,25.213531494140625,27.680830001831055,26.878103256225586,26.030954360961914,25.965673446655273,25.670867919921875,29.43100357055664,32.30243682861328,31.204477310180664,31.15653419494629
17.176185607910156,17.799474716186523,21.607677459716797,22.179052352905273,18.63571548461914,18.202857971191406,21.701576232910156,24.174419403076172,24.399782180786133,23.814420700073242,22.016828536987305,19.32671546936035,18.363449096679688,18.979278564453125,18.141420364379883,18.569108963012695,19.931610107421875,19.68118667602539,19.534982681274414,18.938989639282227,19.453514099121094,19.94225311279297,18.735065460205078,17.07356071472168,15.70492935180664,17.15690803527832,20.46198844909668,22.039735794067383,23.158382415771484,23.329002380371094,21.500844955444336,21.076274871826172,22.037559509277344,23.87814712524414,27.14006805419922,29.237863540649414,28.273578643798828,27.054536819458008,25.86650276184082,26.2327938079834,30.690454483032227,34.59358596801758,30.884628295898438,32.13251495361328
21.81905746459961,21.49769401550293,21.726102828979492,23.248319625854492,22.49405288696289,21.459716796875,23.016191482543945,22.673995971679688,20.741514205932617,19.401199340820312,19.082422256469727,18.67745590209961,17.83071517944336,18.710237503051758,18.16084098815918,18.782146453857422,20.335033416748047,20.498001098632812,20.29993438720703,21.17975616455078,22.468849182128906,19.92307472229004,17.162755966186523,15.67457389831543,15.017955780029297,16.872846603393555,19.458547592163086,21.474950790405273,23.415945053100586,24.936033248901367,24.63024139404297,23.91490936279297,24.692096710205078,26.635122299194336,28.065715789794922,27.977764129638672,27.652374267578125,27.455703735351562,27.34540557861328,28.945959091186523,32.380332946777344,33.91961669921875,30.711475372314453,32.03803253173828
22.870445251464844,23.91228485107422,22.66024398803711,22.06229019165039,23.35626220703125,24.232481002807617,25.9376277923584,25.17892074584961,20.6908016204834,18.114431381225586,18.4050235748291,17.98907470703125,18.226722717285156,19.540040969848633,19.40273666381836,18.9869327545166,19.47401237487793,21.433542251586914,23.65232276916504,25.847244262695312,22.860057830810547,16.97659683227539,15.103029251098633,15.508443832397461,15.925810813903809,17.733718872070312,19.6528263092041,21.274555206298828,23.218305587768555,25.071325302124023,26.207473754882812,28.447662353515625,29.230253219604492,27.26482582092285,26.235248565673828,26.62242889404297,27.988216400146484,29.34347152709961,30.393096923828125,32.043495178222656,33.548831939697266,34.401432037353516,33.95232009887695,35.571205139160156
23.16982078552246,23.809337615966797,24.234498977661133,23.69627571105957,24.133460998535156,24.948448181152344,27.189476013183594,27.218326568603516,23.566164016723633,20.08833885192871,19.25714683532715,19.57218360900879,18.930932998657227,19.19426918029785,20.07202911376953,21.25795555114746,22.800649642944336,24.93058204650879,27.551124572753906,25.035465240478516,17.510009765625,14.70691204071045,15.685704231262207,16.550893783569336,17.24666976928711,18.322265625,19.237415313720703,20.56235122680664,22.27039337158203,24.147666931152344,26.385602951049805,29.82649040222168,29.325122833251953,25.82649040222168,25.087841033935547,25.906164169311523,27.57618522644043,29.681625366210938,31.463329315185547,32.60089111328125,32.878021240234375,34.56488800048828,36.21816635131836,37.44422149658203
25.143383026123047,24.787944793701172,25.306127548217773,26.44166374206543,26.865163803100586,27.1558780670166,27.95496940612793,27.01640510559082,23.91643714904785,22.330791473388672,21.09929847717285,19.356430053710938,19.36347198486328,21.19016456604004,23.4024715423584,25.461427688598633,27.231767654418945,27.66390037536621,24.328710556030273,19.41745948791504,16.81896209716797,16.457508087158203,16.62390899658203,16.165618896484375,16.738046646118164,17.305994033813477,18.022180557250977,19.180931091308594,20.362857818603516,21.71385383605957,24.16985321044922,26.02118492126465,24.72676658630371,23.550199508666992,24.336589813232422,25.140609741210938,26.198152542114258,28.474681854248047,29.948402404785156,29.435426712036133,31.15936851501465,35.10073471069336,38.077110290527344,39.273372650146484
27.211952209472656,26.6131591796875,26.090604782104492,25.96728515625,26.821155548095703,28.61525535583496,30.486066818237305,28.909427642822266,24.93211555480957,23.491802215576172,22.11996841430664,20.755950927734375,22.135841369628906,24.9508113861084,27.052745819091797,26.963123321533203,25.637298583984375,22.036575317382812,18.861351013183594,17.593555450439453,18.258655548095703,17.507238388061523,15.566425323486328,14.82686996459961,16.0606746673584,16.383378982543945,16.561681747436523,17.157222747802734,18.6923828125,20.80470085144043,23.126317977905273,24.24995231628418,24.603038787841797,25.20395851135254,25.90232276916504,25.926156997680664,26.378610610961914,28.195621490478516,28.503772735595703,28.46744728088379,31.184415817260742,35.22699737548828,38.231693267822266,39.485042572021484
26.95327377319336,26.925376892089844,26.34672737121582,25.328369140625,24.388351440429688,25.714061737060547,28.971391677856445,29.94381332397461,27.556764602661133,25.924135208129883,25.963293075561523,25.7840633392334,26.14306640625,27.17886734008789,26.307065963745117,24.35707664489746,21.04159927368164,18.573650360107422,17.778167724609375,18.516029357910156,18.32024574279785,15.414616584777832,14.244146347045898,15.12077522277832,17.018341064453125,16.918519973754883,16.13044548034668,16.803621292114258,19.354137420654297,21.331878662109375,23.187990188598633,24.823951721191406,25.681278228759766,26.35137367248535,26.895227432250977,26.982868194580078,28.12157440185547,29.817676544189453,29.263355255126953,30.530046463012695,32.005760192871094,34.67903137207031,36.69662094116211,37.58892059326172
28.695877075195312,27.901865005493164,26.906124114990234,25.495622634887695,23.87843894958496,23.559497833251953,25.861419677734375,28.62958335876465,30.19961929321289,29.86197853088379,28.77231216430664,28.945999145507812,27.282115936279297,25.139692306518555,23.979053497314453,21.98938751220703,19.13629722595215,17.805892944335938,17.81521987915039,19.63111686706543,17.63588523864746,13.852082252502441,14.24446964263916,15.62348747253418,16.642250061035156,17.004804611206055,17.69698715209961,18.394033432006836,19.510616302490234,20.90110206604004,22.70155143737793,24.728506088256836,26.548147201538086,27.623327255249023,27.511581420898438,27.339962005615234,28.95469856262207,30.88118553161621,31.076099395751953,33.05697250366211,33.58575439453125,34.22198486328125,34.625526428222656,34.64681625366211
28.269771575927734,27.58867835998535,27.246273040771484,26.155532836914062,25.11676788330078,24.428752899169922,25.00175666809082,27.028730392456055,29.157703399658203,29.55678939819336,28.76123046875,26.22312355041504,24.86954116821289,24.292110443115234,21.9876766204834,19.54453468322754,18.37368392944336,17.88184356689453,18.10821533203125,19.038042068481445,17.48511505126953,16.20568084716797,16.83138084411621,16.71399688720703,16.350265502929688,16.635814666748047,18.29541015625,18.539281845092773,18.88843536376953,21.0474910736084,23.436803817749023,25.69464874267578,27.376699447631836,28.083187103271484,28.040637969970703,28.51968765258789,29.989160537719727,31.284061431884766,32.42684555053711,36.274658203125,35.89689254760742,34.03113555908203,32.92884826660156,32.60981750488281
25.988971710205078,26.70256233215332,27.781049728393555,28.419546127319336,27.533056259155273,27.44253158569336,28.141517639160156,26.998811721801758,27.68623161315918,27.15084457397461,25.284074783325195,24.317691802978516,21.155029296875,17.32569122314453,16.188703536987305,16.223758697509766,15.514397621154785,15.237197875976562,15.887092590332031,16.026975631713867,16.762218475341797,18.477249145507812,20.108806610107422,20.515560150146484,19.937240600585938,19.785062789916992,19.640413284301758,19.05854606628418,19.886329650878906,22.161130905151367,24.57554817199707,26.596792221069336,27.869577407836914,28.18228530883789,28.49711036682129,29.92206382751465,31.383731842041016,32.64125061035156,34.84858322143555,37.04003143310547,35.03635025024414,33.17026138305664,32.5623779296875,30.104007720947266
25.93866729736328,27.80194664001465,28.482803344726562,27.610633850097656,27.822574615478516,26.973474502563477,26.92559242248535,28.94987678527832,27.265155792236328,23.995777130126953,22.582521438598633,18.096391677856445,14.263614654541016,13.470880508422852,13.724340438842773,15.006101608276367,15.793527603149414,16.653484344482422,17.68143081665039,17.188365936279297,17.351104736328125,18.903289794921875,20.761627197265625,22.63579750061035,23.439455032348633,23.1669921875,22.41667366027832,21.625484466552734,22.200855255126953,23.52577781677246,25.104555130004883,26.331642150878906,27.249231338500977,27.79360008239746,28.282062530517578,30.192800521850586,31.96902847290039,34.598976135253906,36.00334548950195,34.792945861816406,33.16140365600586,32.578372955322266,32.31486129760742,28.438331604003906
26.8544921875,28.027494430541992,28.993080139160156,26.76611328125,26.479774475097656,27.366107940673828,24.943721771240234,21.473527908325195,19.53546142578125,21.62038230895996,16.281282424926758,12.777091979980469,14.107787132263184,15.985113143920898,17.172842025756836,18.778202056884766,17.406213760375977,17.7737979888916,18.349233627319336,17.119478225708008,17.279247283935547,19.03744888305664,21.16216468811035,22.887765884399414,23.586790084838867,23.820003509521484,24.26640510559082,23.713476181030273,23.787742614746094,24.74923324584961,25.835247039794922,26.325891494750977,26.8481502532959,27.759721755981445,28.994842529296875,31.275081634521484,33.48006820678711,36.546470642089844,34.70689392089844,32.793453216552734,33.20530700683594,32.70348358154297,31.522676467895508,27.982803344726562
26.558671951293945,26.381328582763672,26.978988647460938,27.073396682739258,27.075817108154297,21.782360076904297,15.831842422485352,14.707070350646973,17.19343376159668,19.979656219482422,16.014240264892578,13.841168403625488,13.642698287963867,14.007880210876465,15.214152336120605,16.644163131713867,18.040189743041992,20.780393600463867,20.145109176635742,17.757230758666992,17.970102310180664,20.04568862915039,22.084619522094727,23.348255157470703,23.682554244995117,24.21380043029785,25.386728286743164,26.06792449951172,25.376054763793945,25.72062110900879,26.75904655456543,27.299110412597656,27.94964027404785,28.96335220336914,31.05107879638672,33.2662239074707,35.77391052246094,36.727874755859375,32.07203674316406,31.22344970703125,33.88398361206055,35.22043991088867,33.20871353149414,30.01217269897461
25.09005355834961,22.45572853088379,25.67219352722168,26.732868194580078,24.70131492614746,22.950788497924805,21.761253356933594,19.86911392211914,18.820838928222656,18.334726333618164,15.868033409118652,13.488754272460938,13.728961944580078,15.706598281860352,17.24040412902832,18.977466583251953,20.39972496032715,23.172697067260742,22.464242935180664,19.298830032348633,19.901168823242188,21.99224281311035,23.26973533630371,23.81239128112793,24.14313316345215,25.124935150146484,26.54473876953125,27.27557945251465,27.107532501220703,26.8626651763916,27.207687377929688,27.90276336669922,29.042770385742188,31.23631477355957,34.57338333129883,35.74205780029297,36.89643096923828,35.16809844970703,29.506895065307617,29.510883331298828,33.04084396362305,35.02018737792969,34.0778923034668,32.34611129760742
