data/wind_data/wind_57_9.json
{"header": {"parameterUnit": "KT", "parameterCategory": 2, "nx": 256, "ny": 198, "lo1": 44.73521041870117, "la1": -3.236724853515625, "lo2": 111.26478576660156, "la2": 43.468475341796875, "dx": 0.2609002888202667, "dy": -0.23708222806453705, "refTime": "2025-02-21 09:00:00", "forecastTime": 0, "parameterNumber": 2, "parameterNumberName": "eastward_wind"}, "data":
[rows 38 to 56 of 198, columns 129 to 171 of 256]
22.320817947387695,22.039825439453125,21.262968063354492,20.192703247070312,19.55677032470703,20.13113021850586,21.726449966430664,23.369646072387695,24.46061134338379,25.034053802490234,25.159515380859375,24.493959426879883,23.294635772705078,22.16377067565918,21.56670570373535,21.779644012451172,22.25630760192871,21.945968627929688,21.254100799560547,20.7724552154541,19.644277572631836,18.648962020874023,18.643041610717773,17.907047271728516,17.76056671142578,18.40481948852539,19.14156150817871,19.8684139251709,18.943817138671875,16.81131935119629,15.205787658691406,14.173810958862305,13.299652099609375,12.19820499420166,12.193424224853516,12.923500061035156,13.261991500854492,13.641321182250977,13.549527168273926,13.887055397033691,14.285572052001953,13.888050079345703,13.86023998260498
21.502941131591797,21.550819396972656,21.109432220458984,20.065256118774414,19.132217407226562,19.370309829711914,20.75596809387207,22.280078887939453,23.383920669555664,23.9532470703125,24.165409088134766,23.99638557434082,23.102352142333984,21.925203323364258,21.169797897338867,21.490665435791016,21.795963287353516,20.832923889160156,20.38981819152832,20.130220413208008,18.611797332763672,17.542448043823242,17.83439826965332,17.97840690612793,17.525854110717773,17.881237030029297,18.69085693359375,19.569807052612305,19.32719612121582,17.458959579467773,15.823481559753418,14.37609577178955,13.064146995544434,12.41567611694336,12.320045471191406,12.436084747314453,12.17525863647461,12.259844779968262,13.152101516723633,13.713240623474121,13.93781566619873,12.707269668579102,12.303964614868164
21.033849716186523,21.19278907775879,20.77863311767578,19.808408737182617,18.833486557006836,18.71690559387207,19.587200164794922,20.927661895751953,22.10232162475586,22.7807674407959,23.130556106567383,23.246219635009766,22.71915626525879,21.87236976623535,20.726909637451172,20.593563079833984,20.564733505249023,19.615272521972656,18.882793426513672,18.523019790649414,17.44647979736328,17.153200149536133,17.477752685546875,17.58748435974121,17.384563446044922,17.99557876586914,18.657808303833008,19.027494430541992,18.60856819152832,17.385719299316406,15.880705833435059,14.339777946472168,13.296465873718262,12.505206108093262,13.024909973144531,12.87753963470459,12.1869478225708,11.737564086914062,12.616695404052734,13.561211585998535,13.36718463897705,11.542359352111816,11.022581100463867
20.51679039001465,20.729061126708984,20.212495803833008,19.31624984741211,18.434579849243164,18.088876724243164,18.470338821411133,19.472963333129883,20.69733428955078,21.671266555786133,22.32288360595703,22.66128921508789,22.178815841674805,21.46965980529785,20.458742141723633,19.726734161376953,19.027111053466797,18.611087799072266,17.725875854492188,16.970386505126953,16.577272415161133,17.286516189575195,17.718372344970703,17.400793075561523,17.47943687438965,17.817983627319336,18.165416717529297,18.13150978088379,17.483427047729492,16.928592681884766,15.754526138305664,14.225544929504395,13.27640438079834,13.30767822265625,14.272531509399414,14.901388168334961,13.501187324523926,11.623265266418457,12.183586120605469,12.67740249633789,12.024771690368652,10.59872817993164,10.472264289855957
19.95535659790039,20.0921688079834,19.527267456054688,18.858762741088867,18.277328491210938,17.951505661010742,18.101354598999023,18.67433738708496,19.521812438964844,20.63311767578125,21.67664909362793,22.08458709716797,21.788415908813477,21.453527450561523,20.715845108032227,19.553701400756836,18.569866180419922,18.09333610534668,17.132083892822266,15.987707138061523,16.200672149658203,17.35525131225586,18.165193557739258,17.811922073364258,17.286542892456055,16.902297973632812,17.142995834350586,17.038400650024414,16.61505889892578,16.80490493774414,16.10919952392578,14.556686401367188,13.428719520568848,14.263269424438477,15.6288423538208,16.168188095092773,15.064692497253418,12.188387870788574,11.080731391906738,11.001585960388184,10.646682739257812,10.538665771484375,11.352123260498047
19.316768646240234,19.44618797302246,18.98801040649414,18.661556243896484,18.510478973388672,18.299036026000977,18.267391204833984,18.621288299560547,19.226993560791016,20.093536376953125,21.07193374633789,21.517953872680664,21.804229736328125,22.098012924194336,21.254745483398438,19.825115203857422,18.784770965576172,18.016143798828125,16.89451026916504,15.742561340332031,16.28848648071289,17.649654388427734,18.347829818725586,17.78004264831543,16.457012176513672,15.671648979187012,15.951556205749512,16.05522918701172,16.140914916992188,16.7618408203125,16.403404235839844,14.902247428894043,13.9713773727417,14.920340538024902,15.97683048248291,15.698187828063965,14.88434886932373,13.365938186645508,10.90952205657959,9.78647232055664,9.973156929016113,11.000486373901367,12.56334400177002
18.53005599975586,18.883508682250977,18.701934814453125,18.554645538330078,18.635650634765625,18.52695083618164,18.370256423950195,18.68025016784668,19.271514892578125,19.849952697753906,20.509624481201172,21.249187469482422,21.763158798217773,22.297834396362305,21.740013122558594,20.39042854309082,18.83689308166504,17.56667709350586,16.91074562072754,16.303281784057617,16.689794540405273,17.8727970123291,17.85268211364746,16.81386947631836,15.230511665344238,14.514191627502441,14.862523078918457,15.343306541442871,15.548443794250488,16.17298126220703,16.176843643188477,15.046202659606934,14.600871086120605,15.541862487792969,15.98530387878418,14.849268913269043,13.711685180664062,13.658303260803223,12.610816955566406,10.924464225769043,10.189119338989258,10.766621589660645,12.028955459594727
17.828031539916992,18.45989990234375,18.47747230529785,18.228734970092773,18.112302780151367,18.058807373046875,18.015953063964844,18.217212677001953,18.816967010498047,19.401933670043945,19.95547103881836,20.534982681274414,20.921533584594727,21.464500427246094,21.638704299926758,20.978843688964844,19.012989044189453,17.262311935424805,16.867351531982422,17.005739212036133,17.206336975097656,17.64948844909668,16.886117935180664,15.240644454956055,13.863177299499512,13.519959449768066,14.056095123291016,14.584850311279297,14.614774703979492,15.208640098571777,15.806598663330078,15.527931213378906,15.383880615234375,15.944843292236328,16.01844596862793,14.994985580444336,13.584186553955078,13.230446815490723,13.598321914672852,13.06982421875,11.860807418823242,10.642526626586914,10.552348136901855
17.451265335083008,18.20740509033203,18.319608688354492,17.885562896728516,17.35555648803711,17.078269958496094,17.12105369567871,17.240127563476562,17.661907196044922,18.422948837280273,19.195287704467773,19.60087776184082,19.830951690673828,20.065608978271484,21.08347511291504,21.210046768188477,19.552385330200195,17.462434768676758,16.888595581054688,17.197490692138672,17.25478172302246,17.113489151000977,15.981365203857422,14.038436889648438,12.704218864440918,12.584723472595215,13.004521369934082,13.564435958862305,13.972260475158691,14.817699432373047,15.729058265686035,16.109464645385742,16.045873641967773,15.828582763671875,15.719274520874023,15.572359085083008,14.539229393005371,13.467769622802734,13.679830551147461,13.939438819885254,13.13200855255127,11.295000076293945,10.28579044342041
17.35368537902832,18.148860931396484,18.346715927124023,17.938995361328125,17.292695999145508,16.6016845703125,16.21253204345703,16.160104751586914,16.56974220275879,17.455936431884766,18.38748550415039,18.737173080444336,18.870738983154297,19.21034812927246,20.459468841552734,21.255937576293945,20.017318725585938,17.936416625976562,16.941587448120117,16.925376892089844,16.971036911010742,16.65816307067871,15.363690376281738,13.365793228149414,11.734119415283203,11.460478782653809,11.92123031616211,12.84355354309082,13.919514656066895,15.069270133972168,15.895811080932617,16.363784790039062,16.21748161315918,15.49292278289795,15.303964614868164,15.783408164978027,15.432995796203613,14.396347045898438,13.94473934173584,13.883591651916504,13.415140151977539,11.971817970275879,10.645938873291016
17.03769874572754,18.00433349609375,18.478483200073242,18.47216796875,17.97404670715332,17.093395233154297,16.155376434326172,15.778535842895508,16.142362594604492,17.100051879882812,17.892139434814453,18.03143310546875,17.993505477905273,18.45876693725586,19.92051124572754,21.2412109375,20.42462730407715,18.42118263244629,16.922727584838867,16.28049087524414,16.566972732543945,16.272056579589844,14.833187103271484,12.922896385192871,11.161876678466797,10.553446769714355,11.165434837341309,12.518115043640137,14.062602996826172,15.29183292388916,16.11005210876465,16.58795928955078,16.271333694458008,15.16296672821045,14.921022415161133,15.635078430175781,15.692360877990723,15.039009094238281,14.327032089233398,13.79468059539795,13.43881607055664,12.559039115905762,11.470128059387207
16.408723831176758,17.383695602416992,18.09531593322754,18.613279342651367,18.484556198120117,17.676820755004883,16.701738357543945,16.28335952758789,16.494827270507812,17.2117919921875,17.786937713623047,17.513233184814453,17.242271423339844,17.5968017578125,18.95956039428711,20.699501037597656,20.473134994506836,18.733423233032227,16.90108299255371,15.904078483581543,15.986434936523438,15.76040267944336,14.373732566833496,12.563494682312012,10.94810676574707,10.21300983428955,10.81935977935791,12.257589340209961,13.81839370727539,15.075281143188477,16.1712589263916,17.08341407775879,16.62925910949707,15.132864952087402,14.588298797607422,15.108345031738281,15.34381103515625,15.076570510864258,14.466341018676758,13.844450950622559,13.579818725585938,13.21230411529541,12.38266658782959
15.765185356140137,16.40093421936035,16.92827606201172,17.569128036499023,17.838909149169922,17.492137908935547,16.948047637939453,16.743972778320312,16.807981491088867,17.046499252319336,17.410017013549805,17.162620544433594,16.654138565063477,16.694244384765625,17.698347091674805,19.323087692260742,19.675853729248047,18.355119705200195,16.876495361328125,15.802572250366211,15.588791847229004,15.26823616027832,14.155838012695312,12.519495010375977,11.066950798034668,10.406891822814941,10.779705047607422,11.987580299377441,13.345817565917969,14.595955848693848,16.117420196533203,17.437435150146484,17.126117706298828,15.569190979003906,14.576860427856445,14.532369613647461,14.70556354522705,14.903268814086914,14.618757247924805,14.006312370300293,13.683199882507324,13.734925270080566,13.416960716247559
15.21701717376709,15.475123405456543,15.442811012268066,15.667226791381836,16.134899139404297,16.382099151611328,16.32979393005371,16.288576126098633,16.395610809326172,16.45369529724121,16.62010955810547,16.69000244140625,16.1626033782959,15.935476303100586,16.540678024291992,17.534772872924805,18.02739143371582,17.28369140625,16.142539978027344,15.404495239257812,15.253543853759766,15.082572937011719,14.344222068786621,13.140369415283203,11.920308113098145,11.111043930053711,10.99747085571289,11.852577209472656,13.068504333496094,14.384858131408691,16.084184646606445,17.66195297241211,17.610837936401367,16.31852912902832,15.064055442810059,14.34634780883789,14.171154975891113,14.876880645751953,15.004132270812988,14.36280632019043,13.792962074279785,13.937684059143066,13.893282890319824
14.671209335327148,14.701332092285156,14.412930488586426,14.138153076171875,14.179689407348633,14.6840181350708,14.905350685119629,15.025625228881836,15.17635440826416,15.438802719116211,15.756274223327637,16.008249282836914,15.666378021240234,15.366307258605957,15.58793830871582,16.115676879882812,16.38199806213379,15.807551383972168,14.721158981323242,14.302717208862305,14.623580932617188,14.905647277832031,14.694550514221191,14.259805679321289,13.384986877441406,12.275125503540039,11.50393295288086,11.71625804901123,12.809002876281738,14.472159385681152,16.40093231201172,17.946165084838867,18.09325408935547,17.211910247802734,16.054428100585938,14.780205726623535,14.274181365966797,14.833898544311523,15.32548999786377,14.801244735717773,14.106622695922852,13.902233123779297,13.41956615447998
13.901687622070312,13.926339149475098,13.59415340423584,13.09522819519043,12.731271743774414,12.928281784057617,12.960028648376465,13.24265193939209,13.645720481872559,14.23638916015625,14.963024139404297,15.445509910583496,15.13999080657959,14.849016189575195,14.898816108703613,15.274288177490234,15.388833999633789,14.678557395935059,13.427375793457031,13.106733322143555,13.798596382141113,14.547650337219238,14.74911117553711,14.823026657104492,14.332348823547363,13.125703811645508,11.732093811035156,11.319070816040039,12.168144226074219,14.125615119934082,16.43146514892578,17.989309310913086,18.242040634155273,17.981346130371094,17.472673416137695,16.067113876342773,14.775156021118164,14.858116149902344,15.18400764465332,14.962900161743164,14.409440994262695,13.830215454101562,12.731954574584961
12.691537857055664,12.786273002624512,12.522216796875,11.918943405151367,11.490155220031738,11.27810001373291,11.170685768127441,11.536421775817871,12.186485290527344,13.03914737701416,13.992828369140625,14.550966262817383,14.455178260803223,14.14302921295166,14.102988243103027,14.367399215698242,14.569350242614746,13.962003707885742,12.737516403198242,12.2803373336792,12.959803581237793,13.902067184448242,14.243295669555664,14.295706748962402,13.934769630432129,12.800324440002441,11.201251983642578,10.522954940795898,11.121750831604004,12.929620742797852,15.372814178466797,17.208728790283203,17.853012084960938,18.228872299194336,18.337705612182617,17.274215698242188,15.665079116821289,14.992608070373535,15.008939743041992,15.00455379486084,14.677263259887695,14.070290565490723,12.785223960876465
11.331522941589355,11.320647239685059,11.074950218200684,10.502052307128906,10.029230117797852,9.878326416015625,9.741242408752441,9.98051643371582,10.678452491760254,11.573915481567383,12.374739646911621,12.945844650268555,13.161152839660645,12.90436840057373,12.724763870239258,12.940489768981934,13.245882034301758,13.008865356445312,12.21077823638916,11.761492729187012,12.22791576385498,13.012465476989746,13.273581504821777,13.050865173339844,12.607012748718262,11.666543006896973,10.20160961151123,9.528595924377441,10.01585865020752,11.4077730178833,13.528498649597168,15.686199188232422,16.8575382232666,17.62220001220703,18.111087799072266,17.537084579467773,16.244312286376953,15.211180686950684,14.940346717834473,15.20554256439209,15.35883903503418,14.968557357788086,13.628610610961914
10.0985689163208,10.006900787353516,9.710965156555176,9.136673927307129,8.619952201843262,8.400435447692871,8.364460945129395,8.644261360168457,9.202849388122559,9.950127601623535,10.55732250213623,11.08418083190918,11.520655632019043,11.447687149047852,11.200860977172852,11.279035568237305,11.637861251831055,11.845396995544434,11.640600204467773,11.42944622039795,11.683666229248047,12.115792274475098,12.145814895629883,11.664152145385742,11.027217864990234,10.403843879699707,9.41707706451416,8.743703842163086,9.017735481262207,10.10861587524414,11.77972412109375,13.927732467651367,15.456437110900879,16.482812881469727,17.11760711669922,16.835025787353516,16.00157928466797,15.19737720489502,14.84926700592041,15.247991561889648,16.065715789794922,16.150293350219727,14.73373031616211
