data/wind_data/wind_35_4.json
{"header": {"parameterUnit": "KT", "parameterCategory": 2, "nx": 256, "ny": 198, "lo1": 44.73521041870117, "la1": -3.236724853515625, "lo2": 111.26478576660156, "la2": 43.468475341796875, "dx": 0.2609002888202667, "dy": -0.23708222806453705, "refTime": "2025-02-20 11:00:00", "forecastTime": 0, "parameterNumber": 2, "parameterNumberName": "eastward_wind"}, "data":
[rows 95 to 113 of 198, columns 44 to 87 of 256]
22.388349533081055,22.077503204345703,21.839242935180664,21.952356338500977,22.145233154296875,21.866092681884766,21.311901092529297,20.97169303894043,20.859455108642578,20.752063751220703,20.571407318115234,20.493972778320312,20.801118850708008,21.36309242248535,21.985631942749023,22.64594841003418,23.291053771972656,23.706581115722656,23.706159591674805,23.320281982421875,22.803253173828125,22.364219665527344,21.995534896850586,21.6407413482666,21.33456039428711,21.219465255737305,21.383691787719727,21.772226333618164,22.228681564331055,22.635215759277344,22.96907615661621,23.251726150512695,23.50864601135254,23.747732162475586,23.961095809936523,24.162487030029297,24.396697998046875,24.70032501220703,25.091360092163086,25.57398796081543,26.146100997924805,26.81961441040039,27.610122680664062,28.39543914794922
23.301883697509766,22.725690841674805,22.47827911376953,22.743030548095703,22.967483520507812,22.816776275634766,22.587434768676758,22.489240646362305,22.373573303222656,22.084882736206055,21.78019142150879,21.6925048828125,21.89955711364746,22.372211456298828,22.965784072875977,23.598539352416992,24.19719123840332,24.56527328491211,24.575700759887695,24.284162521362305,23.823183059692383,23.28643035888672,22.73932456970215,22.265972137451172,21.98765754699707,21.997467041015625,22.288650512695312,22.72968292236328,23.114259719848633,23.336294174194336,23.439294815063477,23.542049407958984,23.73859405517578,24.040395736694336,24.412443161010742,24.814777374267578,25.218168258666992,25.595304489135742,25.94287109375,26.301223754882812,26.74178695678711,27.33258628845215,28.112226486206055,28.93314552307129
24.192157745361328,23.532550811767578,23.422561645507812,23.69558334350586,23.896759033203125,23.894733428955078,23.955554962158203,24.03961944580078,23.851743698120117,23.465856552124023,23.179744720458984,23.16530990600586,23.209383010864258,23.350568771362305,23.610017776489258,24.008514404296875,24.508752822875977,24.88103485107422,24.949663162231445,24.746196746826172,24.372020721435547,23.91200828552246,23.453311920166016,23.040573120117188,22.734928131103516,22.68351936340332,22.94669532775879,23.357534408569336,23.685117721557617,23.853225708007812,23.908597946166992,23.95887565612793,24.11509895324707,24.422462463378906,24.851486206054688,25.345542907714844,25.86168098449707,26.37358283996582,26.860538482666016,27.30072593688965,27.74054527282715,28.269824981689453,28.936206817626953,29.609375
25.160058975219727,24.72388458251953,24.741140365600586,24.834667205810547,24.870317459106445,24.938539505004883,25.102245330810547,25.175403594970703,24.94283103942871,24.6151065826416,24.431419372558594,24.478174209594727,24.533254623413086,24.34420394897461,24.132789611816406,24.254802703857422,24.65833282470703,24.9755859375,25.01913833618164,24.88199234008789,24.68545150756836,24.484619140625,24.275026321411133,23.97688865661621,23.650129318237305,23.507442474365234,23.6160831451416,23.826797485351562,24.022865295410156,24.22283363342285,24.436538696289062,24.630916595458984,24.832412719726562,25.119115829467773,25.54153823852539,26.087114334106445,26.715452194213867,27.385400772094727,28.03363609313965,28.567319869995117,28.986005783081055,29.422832489013672,29.970802307128906,30.513917922973633
26.33759307861328,26.19083023071289,26.184995651245117,26.075124740600586,25.99808120727539,26.032209396362305,26.039785385131836,25.939655303955078,25.724035263061523,25.549631118774414,25.449068069458008,25.6887149810791,26.00547981262207,25.360321044921875,24.45924186706543,24.487201690673828,24.95585060119629,25.234331130981445,25.26529312133789,25.242219924926758,25.27597999572754,25.3492374420166,25.33294105529785,25.164587020874023,24.992509841918945,24.932825088500977,24.911605834960938,24.831890106201172,24.756084442138672,24.842422485351562,25.133651733398438,25.512855529785156,25.874614715576172,26.249143600463867,26.74786949157715,27.418170928955078,28.181100845336914,28.91532325744629,29.528928756713867,29.963348388671875,30.243770599365234,30.494600296020508,30.832378387451172,31.26350975036621
27.715791702270508,27.673063278198242,27.533946990966797,27.378999710083008,27.32416343688965,27.290132522583008,27.0874080657959,26.761695861816406,26.518918991088867,26.3178653717041,26.389484405517578,27.423521041870117,27.417264938354492,25.28033447265625,24.43165397644043,25.087148666381836,25.567276000976562,25.740983963012695,25.86119270324707,26.031360626220703,26.263065338134766,26.47349739074707,26.55453872680664,26.546072006225586,26.56642723083496,26.58259391784668,26.47423553466797,26.225072860717773,25.956615447998047,25.881074905395508,26.109973907470703,26.55671501159668,27.07337760925293,27.62160301208496,28.259416580200195,29.00381088256836,29.768339157104492,30.429460525512695,30.91210174560547,31.223201751708984,31.43747329711914,31.64314842224121,31.856266021728516,32.130287170410156
29.136363983154297,29.13065528869629,29.02645492553711,28.89457893371582,28.7729434967041,28.463102340698242,27.97148895263672,27.556493759155273,27.284826278686523,26.97020721435547,27.32231903076172,29.50823974609375,28.355838775634766,25.116424560546875,24.89902687072754,25.717180252075195,25.95475959777832,26.084659576416016,26.335689544677734,26.64944076538086,27.01303482055664,27.367042541503906,27.63266372680664,27.822771072387695,27.96120834350586,27.989511489868164,27.8265438079834,27.493906021118164,27.138809204101562,26.976655960083008,27.148378372192383,27.620071411132812,28.251537322998047,28.942495346069336,29.640127182006836,30.30205726623535,30.899446487426758,31.404571533203125,31.799959182739258,32.114776611328125,32.39591979980469,32.683712005615234,32.89655685424805,33.0284309387207
30.246912002563477,30.45359230041504,30.72834014892578,31.003314971923828,30.855318069458008,30.361610412597656,29.58261489868164,28.473060607910156,28.025344848632812,27.385234832763672,28.02503776550293,31.173160552978516,28.330169677734375,25.06645965576172,25.62843894958496,26.24758529663086,26.29273223876953,26.408296585083008,26.655715942382812,26.961647033691406,27.343952178955078,27.773456573486328,28.20266342163086,28.587505340576172,28.835134506225586,28.848955154418945,28.604345321655273,28.20077133178711,27.85362434387207,27.80096435546875,28.130584716796875,28.759864807128906,29.517303466796875,30.23664093017578,30.834733963012695,31.320398330688477,31.74151039123535,32.12840270996094,32.4914436340332,32.833614349365234,33.13652420043945,33.38967514038086,33.51978302001953,33.51079177856445
30.986392974853516,31.587886810302734,32.36724090576172,33.62071228027344,34.145263671875,33.51940155029297,31.95046615600586,29.829448699951172,28.711910247802734,28.85985565185547,31.26090431213379,31.306785583496094,28.061290740966797,26.141319274902344,26.370574951171875,26.748294830322266,26.77570915222168,26.820547103881836,26.97330093383789,27.201473236083984,27.51352882385254,27.932363510131836,28.42036247253418,28.831912994384766,28.981365203857422,28.81910514831543,28.464641571044922,28.170005798339844,28.174707412719727,28.555004119873047,29.2301082611084,30.05190086364746,30.839693069458008,31.472135543823242,31.947650909423828,32.355674743652344,32.74161911010742,33.090763092041016,33.39370346069336,33.66710662841797,33.91461181640625,34.0759162902832,34.08379364013672,33.9961051940918
31.579591751098633,32.78163146972656,34.15581512451172,34.63398742675781,34.46652603149414,33.748390197753906,33.2799072265625,31.807170867919922,31.825448989868164,33.546531677246094,31.206687927246094,28.323932647705078,27.109947204589844,26.830795288085938,27.153125762939453,27.293901443481445,27.208709716796875,27.20039939880371,27.283466339111328,27.390640258789062,27.615467071533203,28.043365478515625,28.50885009765625,28.716846466064453,28.55959701538086,28.202421188354492,27.980180740356445,28.1381893157959,28.696578979492188,29.52223014831543,30.46269989013672,31.37201690673828,32.152713775634766,32.80669403076172,33.365692138671875,33.83601760864258,34.19005584716797,34.41463851928711,34.54032897949219,34.664344787597656,34.83966827392578,34.95441436767578,34.893184661865234,34.80704879760742
32.697147369384766,35.1519660949707,34.259525299072266,33.94410705566406,36.4420051574707,34.81230163574219,32.986576080322266,32.14581298828125,31.501432418823242,30.055034637451172,27.92130470275879,26.870685577392578,27.092876434326172,27.498594284057617,27.576019287109375,27.483983993530273,27.4757080078125,27.56901741027832,27.654191970825195,27.75560188293457,28.00458526611328,28.352079391479492,28.542682647705078,28.443937301635742,28.162477493286133,27.935623168945312,28.05076789855957,28.63131332397461,29.556867599487305,30.6419620513916,31.728540420532227,32.70257568359375,33.548583984375,34.2877082824707,34.89657211303711,35.339656829833984,35.5993537902832,35.70378875732422,35.71857833862305,35.75132751464844,35.84307098388672,35.85908889770508,35.778472900390625,35.69101333618164
35.40370559692383,35.878997802734375,35.40382385253906,36.40342712402344,36.65637969970703,34.440425872802734,31.660966873168945,29.905838012695312,27.802265167236328,26.863805770874023,26.99539566040039,27.387876510620117,27.837549209594727,27.90667152404785,27.735342025756836,27.756427764892578,27.985153198242188,28.140625,28.174760818481445,28.271535873413086,28.4330997467041,28.4667911529541,28.3176326751709,28.07948112487793,27.91758918762207,28.085922241210938,28.710193634033203,29.67936897277832,30.831363677978516,32.02229309082031,33.12574005126953,34.08769989013672,34.91977310180664,35.61271286010742,36.1290397644043,36.46324157714844,36.649349212646484,36.72084426879883,36.66945266723633,36.62378692626953,36.59828567504883,36.4820442199707,36.50673294067383,36.501949310302734
36.04765319824219,36.69635772705078,38.78023910522461,37.84849548339844,36.388275146484375,33.41957473754883,30.41252899169922,28.92302894592285,27.633445739746094,26.9296875,27.07501792907715,27.55937385559082,27.821598052978516,27.79935073852539,27.921213150024414,28.35537338256836,28.806367874145508,28.99163818359375,29.002431869506836,29.028217315673828,29.035606384277344,28.89502716064453,28.622447967529297,28.42423439025879,28.553897857666016,29.133020401000977,30.06281280517578,31.214622497558594,32.4653434753418,33.664955139160156,34.700618743896484,35.53520584106445,36.186248779296875,36.693904876708984,37.080787658691406,37.358211517333984,37.5236701965332,37.53325653076172,37.34656524658203,37.14912033081055,36.95138931274414,36.73670959472656,36.820613861083984,36.920860290527344
38.0114860534668,41.660118103027344,40.99690246582031,38.37328338623047,34.81438446044922,31.357755661010742,29.653268814086914,29.323076248168945,28.748987197875977,27.8831787109375,27.31515121459961,27.100502014160156,27.143653869628906,27.51726531982422,28.227310180664062,29.048681259155273,29.697368621826172,30.034669876098633,30.125545501708984,30.08323860168457,29.931272506713867,29.683883666992188,29.49267578125,29.58421516418457,30.007539749145508,30.686031341552734,31.619003295898438,32.8195686340332,34.14296340942383,35.349002838134766,36.28138732910156,36.943870544433594,37.44491195678711,37.87545394897461,38.237701416015625,38.467384338378906,38.472328186035156,38.2100944519043,37.79984664916992,37.49357223510742,37.25705337524414,37.066978454589844,37.065860748291016,37.17931365966797
42.47050476074219,43.79955291748047,42.00107955932617,39.163387298583984,35.66813278198242,32.69092559814453,30.898468017578125,29.450916290283203,28.1314640045166,27.0529842376709,26.243242263793945,26.02629852294922,26.547340393066406,27.47103500366211,28.55946922302246,29.70589256286621,30.706178665161133,31.341581344604492,31.53473472595215,31.38773536682129,31.140769958496094,31.027189254760742,31.203929901123047,31.611770629882812,32.07522964477539,32.597286224365234,33.37382507324219,34.47016143798828,35.65843200683594,36.68342208862305,37.48749542236328,38.147254943847656,38.73907470703125,39.258392333984375,39.605865478515625,39.67133712768555,39.36967468261719,38.785518646240234,38.20481491088867,37.94562911987305,37.78708267211914,37.682655334472656,37.794349670410156,37.90233612060547
44.118492126464844,44.35125732421875,42.89908981323242,40.79099655151367,37.98784637451172,35.16941452026367,32.867393493652344,29.86870765686035,26.92918586730957,25.630046844482422,25.3590087890625,25.88704490661621,27.071563720703125,28.331501007080078,29.587276458740234,30.928468704223633,32.136573791503906,32.80863571166992,32.81134796142578,32.52241516113281,32.474998474121094,32.9113883972168,33.66585159301758,34.34169006347656,34.69551086425781,34.88957214355469,35.25654602050781,35.908817291259766,36.70328140258789,37.51866149902344,38.33379364013672,39.14250183105469,39.87371063232422,40.42094039916992,40.70628356933594,40.65963363647461,40.173980712890625,39.51348876953125,38.99454116821289,38.78446578979492,38.599876403808594,38.40700912475586,38.70096206665039,38.96720504760742
44.441650390625,45.44589614868164,45.23167037963867,44.2758903503418,40.88120651245117,35.89061737060547,32.100860595703125,29.761384963989258,28.37165069580078,28.319311141967773,29.13454246520996,28.20651626586914,26.217464447021484,27.65540313720703,30.764659881591797,32.6862678527832,33.688758850097656,34.231727600097656,34.256004333496094,34.07222366333008,34.33039855957031,35.17982864379883,36.15252685546875,36.70816421508789,36.65805435180664,36.28713607788086,36.143707275390625,36.48239517211914,37.191078186035156,38.105010986328125,39.08476638793945,39.983673095703125,40.724796295166016,41.240116119384766,41.593238830566406,41.57180404663086,40.93977737426758,40.27897644042969,39.862056732177734,39.49553298950195,39.168643951416016,38.82155990600586,39.22753143310547,39.66924285888672
43.16005325317383,45.238800048828125,47.12168502807617,50.090476989746094,50.916465759277344,47.50687789916992,42.91749572753906,39.9626350402832,36.513912200927734,33.157657623291016,31.153308868408203,28.176605224609375,26.223575592041016,28.8118953704834,32.50635528564453,34.47169876098633,35.390625,35.81782913208008,35.797550201416016,35.8170051574707,36.352943420410156,37.26945495605469,38.033077239990234,38.23480987548828,37.61239242553711,36.724639892578125,36.597408294677734,37.22701644897461,38.020652770996094,38.87320327758789,39.87510299682617,40.776065826416016,41.5125617980957,42.23545455932617,42.96186065673828,42.99491500854492,41.864105224609375,40.62461471557617,39.80766677856445,39.295143127441406,39.04500198364258,38.589942932128906,38.618431091308594,38.894935607910156
37.84688949584961,40.726890563964844,44.87810134887695,48.138919830322266,48.032554626464844,47.503135681152344,46.239776611328125,40.34846878051758,33.5766487121582,29.305198669433594,27.034460067749023,26.67221450805664,28.58407974243164,31.82918357849121,34.44160079956055,35.93865203857422,36.826263427734375,37.205772399902344,37.459930419921875,37.95437240600586,38.71486282348633,39.22565841674805,38.982566833496094,38.1263313293457,37.21503829956055,36.87917709350586,37.449058532714844,38.6009521484375,39.406585693359375,40.20595169067383,41.271846771240234,42.194915771484375,42.74375915527344,43.30450439453125,43.81951141357422,43.56360626220703,42.017913818359375,40.07841110229492,39.07551193237305,38.674156188964844,38.23320388793945,37.26420974731445,36.618980407714844,36.64936828613281
