data/wind_data/wind_42_3.json
{"header": {"parameterUnit": "KT", "parameterCategory": 2, "nx": 256, "ny": 198, "lo1": 44.73521041870117, "la1": -3.236724853515625, "lo2": 111.26478576660156, "la2": 43.468475341796875, "dx": 0.2609002888202667, "dy": -0.23708222806453705, "refTime": "2025-02-20 18:00:00", "forecastTime": 0, "parameterNumber": 2, "parameterNumberName": "eastward_wind"}, "data":
[rows 0 to 18 of 198, columns 176 to 219 of 256]
8.543379783630371,8.268461227416992,8.065549850463867,7.979559898376465,8.244845390319824,8.534537315368652,8.493847846984863,8.488448143005371,8.777557373046875,8.950238227844238,8.956450462341309,8.248013496398926,6.4679036140441895,5.618504047393799,5.99267578125,6.1166605949401855,5.959737300872803,5.609801769256592,5.183306694030762,5.618312358856201,6.657224178314209,7.967758655548096,9.063003540039062,8.298684120178223,6.8274641036987305,5.876293182373047,5.160789489746094,4.707393646240234,4.623855113983154,5.047481060028076,5.708544731140137,6.6450653076171875,7.081502437591553,6.727532386779785,6.525327682495117,6.5813188552856445,6.762790203094482,7.038313388824463,6.728274345397949,5.996888160705566,5.742668628692627,5.772053241729736,5.800602912902832,6.723728656768799
7.826906681060791,7.758959770202637,7.738494873046875,7.817610740661621,7.994278907775879,8.247718811035156,8.333846092224121,8.162046432495117,7.974088191986084,7.9469828605651855,7.858946800231934,7.240022659301758,6.15536642074585,5.47167444229126,5.067753314971924,5.217197418212891,5.966942310333252,6.83413553237915,7.950817584991455,9.187681198120117,10.249797821044922,9.9440279006958,8.514181137084961,7.3933258056640625,6.755341529846191,5.756630897521973,4.642680644989014,4.449153900146484,5.024547576904297,5.582281589508057,6.000555038452148,6.4906768798828125,6.748382091522217,6.451422214508057,6.309809684753418,6.551632881164551,6.424371719360352,5.993875026702881,5.204930782318115,4.235579013824463,4.142209529876709,4.59080171585083,5.090130805969238,6.683172702789307
7.4007887840271,7.462472438812256,7.514519691467285,7.5312347412109375,7.578746318817139,7.773658275604248,7.851418495178223,7.558281421661377,6.968734264373779,6.611220836639404,6.5408806800842285,6.468157768249512,6.526513576507568,6.553106784820557,6.439604759216309,6.389230251312256,6.594242572784424,7.302179336547852,8.364578247070312,9.382840156555176,10.175899505615234,9.563323020935059,7.748726844787598,6.789461612701416,6.7896528244018555,5.807604789733887,4.548653602600098,4.638889312744141,5.3286237716674805,5.468771934509277,5.31491231918335,5.330883979797363,5.524306297302246,5.706214427947998,5.932037830352783,6.28613805770874,6.0009565353393555,5.26600456237793,4.64971399307251,4.138533115386963,4.0827555656433105,4.817723274230957,5.9805521965026855,6.25920295715332
6.869576930999756,7.01253080368042,7.136515140533447,7.1609206199646,7.137794494628906,7.17234992980957,7.1708292961120605,6.891590595245361,6.35301399230957,5.661697864532471,5.502556800842285,6.127889156341553,7.144593238830566,7.690959453582764,7.737236499786377,7.45619535446167,7.172511100769043,7.352924823760986,8.0642671585083,8.799186706542969,9.182600975036621,8.525413513183594,7.11044454574585,6.571832180023193,6.758989334106445,6.004666805267334,4.777413845062256,4.739877223968506,5.158239841461182,5.011212348937988,4.770020008087158,4.664932727813721,4.796093940734863,5.232475757598877,5.732504844665527,6.170462608337402,5.800396919250488,5.05521821975708,4.864655494689941,4.724106311798096,5.06472635269165,6.186627388000488,6.811206817626953,4.9724040031433105
5.802609920501709,6.194385051727295,6.418635368347168,6.261240005493164,6.287221431732178,6.4996209144592285,6.966489315032959,6.825579643249512,6.391948699951172,5.199040412902832,4.683681488037109,5.522902488708496,6.859978199005127,7.599520206451416,7.532655715942383,7.252310752868652,7.193355560302734,7.314908504486084,7.69687557220459,7.3774733543396,7.152358055114746,7.621617794036865,7.458113193511963,6.589727401733398,6.100155830383301,6.08993673324585,5.72572660446167,5.300757884979248,4.6340227127075195,4.454348564147949,5.13977575302124,5.71380615234375,5.4180779457092285,5.332158088684082,6.268215179443359,7.152346611022949,6.625946044921875,6.85377311706543,7.603437900543213,8.119390487670898,10.873513221740723,9.976651191711426,10.725072860717773,7.924502372741699
5.630035400390625,5.549799919128418,4.883542060852051,4.563572406768799,5.138908386230469,5.98682165145874,6.502583980560303,6.417402744293213,6.478774070739746,6.299652099609375,6.10448694229126,5.742037296295166,5.265611171722412,5.530036926269531,6.120833873748779,6.000845909118652,5.444224834442139,5.446779727935791,5.296609878540039,4.0835652351379395,5.032564163208008,5.9637651443481445,6.3724775314331055,4.901361465454102,4.489663600921631,5.158360004425049,5.355351448059082,5.0363054275512695,4.800632953643799,4.761989593505859,5.1982879638671875,5.837315082550049,5.789792060852051,5.605693817138672,5.6517415046691895,6.491954803466797,6.3429036140441895,6.560428142547607,9.930119514465332,8.96597671508789,8.486906051635742,3.474470376968384,1.4051750898361206,3.2646484375
5.388450622558594,5.252633094787598,4.444868564605713,5.051809787750244,5.776620388031006,6.211615562438965,6.471957206726074,8.109951972961426,7.5722575187683105,6.703899383544922,6.241549015045166,5.217621326446533,4.36931037902832,4.66143798828125,4.597699165344238,4.4015679359436035,2.9989511966705322,2.836179256439209,3.276865243911743,3.4440250396728516,3.7042195796966553,3.7555646896362305,4.345525741577148,3.149000883102417,3.103461503982544,4.285301208496094,5.538247108459473,5.431685447692871,5.134218692779541,4.974612236022949,5.259426116943359,6.3849263191223145,6.677900791168213,6.136913776397705,4.770698070526123,5.124282360076904,6.857100486755371,8.961807250976562,7.766740798950195,-3.716383934020996,-5.133067607879639,-0.3606804609298706,1.5501272678375244,4.686534881591797
4.755540370941162,4.3873467445373535,4.80480432510376,5.195011138916016,6.280154228210449,5.937171936035156,6.206005573272705,7.243092060089111,7.363375186920166,6.059024333953857,4.9185895919799805,4.119887351989746,3.7275424003601074,4.877464294433594,5.023406505584717,3.829871416091919,1.7911266088485718,1.737191915512085,2.9725115299224854,3.4108328819274902,3.2661821842193604,3.0644924640655518,3.4699788093566895,3.189927101135254,2.9780917167663574,3.4563686847686768,4.876415252685547,5.883855819702148,5.632625102996826,5.150007247924805,6.0123066902160645,7.410941123962402,7.161316394805908,6.094301223754883,5.652517318725586,6.180137634277344,7.040003299713135,9.721920013427734,9.65313720703125,-4.445210933685303,2.850937604904175,1.587459921836853,0.5958177447319031,1.388901948928833
3.203078031539917,3.9508674144744873,4.520752429962158,4.253630638122559,4.678807735443115,5.776799201965332,6.083247184753418,5.88850212097168,5.265808582305908,6.103160381317139,5.372077465057373,4.6254425048828125,4.23707914352417,5.602475643157959,5.240968227386475,3.0551536083221436,1.739441990852356,1.9367518424987793,2.7331461906433105,2.8810834884643555,2.773576498031616,2.774838924407959,3.3530397415161133,3.682478904724121,3.621856927871704,3.651854991912842,4.194032669067383,5.192862033843994,5.567977428436279,5.6878743171691895,6.846510887145996,7.018127918243408,6.380955219268799,6.371030807495117,6.965151786804199,6.5547966957092285,6.385865688323975,6.510974407196045,13.504441261291504,16.946556091308594,9.714461326599121,3.0594799518585205,-0.004405493848025799,2.7558891773223877
2.4099197387695312,2.7455689907073975,3.0245282649993896,3.1513383388519287,4.385232448577881,5.284627437591553,5.448934555053711,5.0499677658081055,4.629299640655518,5.339109420776367,5.998373985290527,5.298579216003418,4.514308452606201,5.546802997589111,4.1569623947143555,3.2771639823913574,3.0286271572113037,2.4891488552093506,2.4029204845428467,2.456406354904175,2.4016730785369873,2.5432355403900146,3.1785731315612793,3.613835096359253,3.6750333309173584,3.719804525375366,4.164767742156982,4.848110198974609,5.584601879119873,5.8970818519592285,6.015623092651367,5.535981178283691,5.838789463043213,6.773840427398682,7.212344169616699,5.683398723602295,6.158945560455322,7.948164939880371,10.136305809020996,11.058269500732422,11.639525413513184,10.050092697143555,6.877168655395508,5.916845798492432
2.3485283851623535,1.6627365350723267,1.3406294584274292,2.5036067962646484,3.913242816925049,3.9941933155059814,2.9715683460235596,2.842942714691162,3.2931158542633057,4.199132442474365,4.835757732391357,5.181185245513916,4.554630756378174,4.492610931396484,3.840485095977783,3.320014715194702,2.964742660522461,2.1839258670806885,1.9809874296188354,2.108161211013794,2.1525418758392334,2.4358108043670654,3.0735278129577637,3.2430055141448975,3.7067108154296875,4.229247570037842,4.7906270027160645,5.3607177734375,5.928601264953613,5.929378986358643,5.143319606781006,4.807425498962402,5.856639862060547,6.706459999084473,6.958649158477783,3.297952890396118,5.512635231018066,8.326995849609375,7.182089805603027,7.522229194641113,9.540094375610352,9.39138412475586,7.1599531173706055,7.071966171264648
2.198230504989624,0.8882902264595032,0.09113211929798126,0.9740326404571533,1.7106220722198486,0.9914250373840332,0.09093551337718964,0.3748033046722412,1.2745658159255981,2.526527166366577,4.31565523147583,5.311895370483398,4.556944370269775,3.5538976192474365,3.3496510982513428,3.2806153297424316,2.824702501296997,1.8154364824295044,1.3669954538345337,1.4387681484222412,1.710235357284546,2.2487425804138184,2.962557077407837,3.485093593597412,4.496362209320068,4.771032333374023,5.148463726043701,5.6649627685546875,5.737530708312988,5.381126880645752,4.801002025604248,4.843874454498291,6.021028518676758,5.663203716278076,5.433438777923584,5.416986465454102,6.880923271179199,9.41457462310791,7.944286823272705,5.95476770401001,4.961445331573486,5.793290138244629,5.8850932121276855,6.967892646789551
2.8966479301452637,1.3939465284347534,0.30262550711631775,0.49064934253692627,0.6356900334358215,-1.0466736555099487,-0.7724892497062683,-1.8573578596115112,0.5264225602149963,1.4938769340515137,3.4825539588928223,4.446732997894287,3.650486946105957,3.2938458919525146,3.001800060272217,2.457864284515381,1.8258635997772217,1.0509089231491089,0.7566988468170166,1.0184943675994873,1.5792301893234253,2.326131582260132,2.8781185150146484,3.392446994781494,4.392921447753906,5.047901630401611,5.2369818687438965,5.231651782989502,4.76021671295166,3.801292896270752,3.4379348754882812,3.628148317337036,4.959702491760254,3.5432403087615967,3.201420545578003,4.071476936340332,6.022593975067139,6.607289791107178,7.611128330230713,1.2354028224945068,-1.580157995223999,1.9298326969146729,3.6204633712768555,4.515968322753906
2.519634962081909,1.3153200149536133,1.398476004600525,1.833164095878601,1.2057337760925293,-0.25043684244155884,-0.6579490303993225,-6.018799781799316,6.906789779663086,2.263878345489502,1.8692951202392578,2.768136501312256,0.5093700885772705,1.3169342279434204,2.0821168422698975,1.0987248420715332,0.24309895932674408,0.0317474827170372,0.5076283812522888,0.4594062566757202,0.9700543284416199,2.060164213180542,2.7494313716888428,3.3044092655181885,4.067994117736816,4.7202677726745605,4.715381145477295,4.817287445068359,5.077125549316406,4.617733001708984,3.2488720417022705,2.665992021560669,1.7618980407714844,1.4745421409606934,2.1846625804901123,4.657647609710693,7.148716449737549,7.339637756347656,6.217360496520996,-1.0018773078918457,0.2977530062198639,-0.6858914494514465,0.6813337206840515,2.4294774532318115
-0.2344122976064682,-0.720380961894989,1.692358374595642,3.7040035724639893,2.8514115810394287,0.09737294167280197,-0.34752482175827026,-0.5132287740707397,1.5125551223754883,0.8441870808601379,-0.7435228228569031,-1.244791865348816,-2.6344902515411377,-2.1839187145233154,-0.20209228992462158,0.0716874822974205,-0.2083335965871811,-0.14957495033740997,0.9323533177375793,-0.08622422069311142,0.5847358703613281,1.708499789237976,2.6552906036376953,3.6613729000091553,4.032514572143555,3.905634880065918,3.989166259765625,4.694944381713867,5.593372821807861,5.319169998168945,2.2269959449768066,1.727187156677246,2.0097410678863525,3.772084951400757,6.308791160583496,7.337472915649414,8.111798286437988,7.365150451660156,7.066153049468994,5.231235504150391,4.088718891143799,1.5136739015579224,1.4539207220077515,2.4822356700897217
-2.3370888233184814,-1.8426028490066528,0.4085979461669922,2.7356228828430176,2.397902488708496,0.2605580985546112,-0.22142323851585388,0.12869903445243835,-0.05817462131381035,-0.305199533700943,-1.0352294445037842,-0.7406050562858582,-0.9059914946556091,-0.732539713382721,-0.052745718508958817,0.23274731636047363,-0.3890882432460785,-0.2167370617389679,0.7875052094459534,0.1468869298696518,0.8487929701805115,1.4252575635910034,2.505066156387329,3.700345516204834,3.616997718811035,3.5843887329101562,4.402974605560303,5.377477169036865,5.346061706542969,4.694009780883789,2.1836516857147217,1.8632698059082031,2.080361843109131,5.08944034576416,6.368823051452637,5.214916706085205,3.5091612339019775,1.9382054805755615,3.0166633129119873,3.7972939014434814,3.1839747428894043,2.875598430633545,2.9881184101104736,3.4322245121002197
-1.0739352703094482,-1.0092719793319702,-2.2225239276885986,-0.29407352209091187,-0.023126820102334023,-0.0782371237874031,-0.9181975722312927,-1.0468852519989014,-1.4083434343338013,-0.47620683908462524,1.740784764289856,1.9236611127853394,1.4622899293899536,1.5476433038711548,1.1369519233703613,-0.19643013179302216,-1.087131381034851,-0.8629670143127441,0.08314497768878937,0.34572285413742065,0.6915948987007141,0.8212339282035828,1.7803776264190674,2.8309803009033203,3.0817484855651855,4.027207374572754,5.489622116088867,6.620882511138916,5.9617462158203125,4.152007579803467,2.2107410430908203,1.5006866455078125,2.342116594314575,5.114043235778809,5.775042533874512,1.6654102802276611,-0.12032335251569748,0.16945724189281464,2.4703080654144287,4.267789363861084,5.139585971832275,5.23795223236084,4.153024196624756,3.079909563064575
1.4083092212677002,-2.7002596855163574,-1.7652333974838257,-2.77260422706604,-3.627107858657837,-0.8396526575088501,-2.3031435012817383,-2.7806851863861084,-2.539597272872925,-1.9902591705322266,-0.4330908954143524,0.975627601146698,1.806410551071167,1.503045678138733,0.10287083685398102,-1.5799942016601562,-2.0619139671325684,-1.6833574771881104,-0.8779647350311279,-0.47438275814056396,-0.5604047775268555,-0.26315441727638245,0.9046936631202698,2.391249895095825,3.377207040786743,4.3400654792785645,5.281062602996826,4.7059454917907715,0.34891602396965027,1.9991228580474854,3.9477577209472656,1.5131590366363525,1.3885465860366821,2.745187282562256,1.3730815649032593,0.6250991821289062,-1.040570855140686,-1.0000087022781372,0.44650799036026,2.4332845211029053,3.938812255859375,4.426297187805176,3.290789842605591,2.1193385124206543
-0.8204936385154724,-1.0053589344024658,-1.9088494777679443,-4.622982501983643,-7.307118892669678,-0.4826970398426056,-3.0422723293304443,-4.136130332946777,-3.0713770389556885,-2.519338369369507,-2.0512611865997314,-1.7743254899978638,-1.6044622659683228,-2.1038496494293213,-2.693372964859009,-2.853637933731079,-2.620915651321411,-2.1005477905273438,-1.928079605102539,-1.974326252937317,-1.937246322631836,-1.1907254457473755,0.2380273938179016,2.1570818424224854,3.214505434036255,3.044400691986084,3.1737687587738037,-5.824489116668701,-8.887101173400879,-0.8672384023666382,-3.40384840965271,-1.5096217393875122,1.5660661458969116,1.878237247467041,1.6774684190750122,1.368442177772522,0.5112985372543335,0.2121220827102661,-0.04258619248867035,0.6217117309570312,2.7115039825439453,3.080064058303833,1.9243018627166748,1.1020824909210205
