data/wind_data/wind_13_3.json
{"header": {"parameterUnit": "KT", "parameterCategory": 2, "nx": 256, "ny": 198, "lo1": 44.73521041870117, "la1": -3.236724853515625, "lo2": 111.26478576660156, "la2": 43.468475341796875, "dx": 0.2609002888202667, "dy": -0.23708222806453705, "refTime": "2025-02-19 13:00:00", "forecastTime": 0, "parameterNumber": 2, "parameterNumberName": "eastward_wind"}, "data":
[rows 133 to 151 of 198, columns 88 to 131 of 256]
31.718181610107422,33.85038757324219,36.4593505859375,35.33745574951172,34.39384841918945,32.125274658203125,34.916133880615234,38.994056701660156,44.51262664794922,45.399513244628906,33.82439041137695,24.362995147705078,23.026329040527344,23.966827392578125,24.259809494018555,25.15589714050293,26.59988021850586,27.265562057495117,28.22793960571289,31.413700103759766,31.793453216552734,17.964649200439453,2.423110246658325,-1.926348328590393,1.0016090869903564,8.259566307067871,10.997553825378418,8.221953392028809,5.572483539581299,3.5519163608551025,2.7541754245758057,2.4757423400878906,2.9015519618988037,6.360783576965332,8.9603910446167,5.442038536071777,6.87730598449707,7.142177581787109,11.43542766571045,8.757929801940918,2.4975426197052,0.5724097490310669,1.7229092121124268,3.504495859146118
41.68828201293945,42.04664611816406,40.620784759521484,37.223480224609375,35.38875198364258,34.107200622558594,33.34651565551758,37.552467346191406,44.41640853881836,50.583702087402344,41.64722442626953,28.402297973632812,23.96202278137207,24.355920791625977,24.95458221435547,25.641530990600586,26.108251571655273,26.917285919189453,29.636491775512695,31.93581199645996,24.148157119750977,6.18190860748291,-4.0123066902160645,-2.778973340988159,2.347327947616577,7.997581481933594,9.114072799682617,4.810533046722412,2.4841833114624023,0.9723613262176514,0.31050166487693787,2.2152726650238037,4.437922477722168,7.001542091369629,6.029767990112305,5.631535530090332,8.546664237976074,10.484630584716797,9.027027130126953,4.307164192199707,-0.3322005569934845,-1.5378755331039429,-1.0891958475112915,-1.220417857170105
43.05048370361328,44.82416534423828,37.57494354248047,33.00056457519531,34.28303146362305,36.0849609375,36.740821838378906,37.728065490722656,42.59406661987305,36.570865631103516,30.830413818359375,24.0699462890625,21.710777282714844,22.727489471435547,23.475187301635742,23.20687484741211,22.83045768737793,23.215656280517578,21.378707885742188,16.7753963470459,6.001766681671143,-5.766994476318359,-7.628809452056885,-3.354749917984009,2.942821741104126,5.9613261222839355,5.362817287445068,4.234002113342285,3.664963960647583,1.5837364196777344,0.7279778718948364,2.888029098510742,4.689891815185547,5.268256187438965,4.663158893585205,8.502660751342773,8.936527252197266,4.2784223556518555,0.16711607575416565,-1.3080909252166748,1.855159878730774,3.2107951641082764,4.506001949310303,3.690099000930786
34.64630889892578,39.9334716796875,36.63535690307617,32.42144012451172,33.80048751831055,37.675838470458984,37.582130432128906,36.98811340332031,38.368988037109375,30.36827278137207,20.312423706054688,15.69043254852295,16.112972259521484,17.410329818725586,17.75734519958496,13.6940279006958,8.61100959777832,4.6582770347595215,1.407425880432129,-1.1460998058319092,-3.918013095855713,-8.886857032775879,-9.942512512207031,-0.38590240478515625,4.9867024421691895,7.073223114013672,5.490667343139648,3.3484933376312256,3.3091254234313965,2.6095468997955322,2.6930387020111084,4.181132793426514,4.554402828216553,4.15471076965332,5.414890766143799,8.172761917114258,3.7684037685394287,-2.682124376296997,-5.000304222106934,-2.169090986251831,-1.5708187818527222,1.9833605289459229,7.281482219696045,9.556831359863281
35.59580612182617,37.77487564086914,39.52627182006836,36.40940475463867,32.71430587768555,34.45816421508789,36.657222747802734,36.118919372558594,36.0342903137207,36.35696029663086,24.741304397583008,15.314522743225098,11.895970344543457,10.879082679748535,6.8870134353637695,0.6820931434631348,-4.300426959991455,-7.531531810760498,-8.809762001037598,-9.3765230178833,-9.857972145080566,-8.794870376586914,-4.340735912322998,1.791039228439331,7.174206733703613,8.608596801757812,7.0379791259765625,5.3864665031433105,3.9424386024475098,3.128445863723755,4.620532035827637,6.278553485870361,6.354007244110107,4.941354751586914,4.51181173324585,5.404188632965088,1.8831077814102173,-0.4851106107234955,-3.6973648071289062,0.6485809087753296,-1.6055867671966553,3.494316577911377,10.811357498168945,13.85495376586914
32.00482940673828,32.84132766723633,36.810611724853516,37.4210205078125,30.833621978759766,30.23876190185547,33.97611999511719,34.930965423583984,33.40283966064453,35.69715881347656,28.28353500366211,16.471769332885742,10.246131896972656,6.155890941619873,-2.262221574783325,-9.1234769821167,-10.759357452392578,-11.516580581665039,-9.007758140563965,-7.519979953765869,-4.702175617218018,-2.39166259765625,0.06259222328662872,4.328638553619385,4.745354652404785,6.138454437255859,6.587729454040527,4.662282466888428,2.480048656463623,3.2762556076049805,6.075506210327148,7.0587158203125,6.407204627990723,4.289302349090576,1.052736520767212,0.8329676389694214,-1.4142630100250244,-2.6437532901763916,-3.728769302368164,-0.3423978090286255,-0.8061167597770691,10.663176536560059,15.898096084594727,16.590564727783203
32.18052673339844,31.613378524780273,33.19356155395508,35.144596099853516,34.68284606933594,33.50944137573242,33.010108947753906,31.743623733520508,29.230457305908203,35.77762222290039,29.374406814575195,15.989217758178711,11.5006685256958,8.092914581298828,-2.3345766067504883,-12.157495498657227,-13.965044975280762,-11.595869064331055,-6.510693073272705,-3.694463014602661,-0.35766226053237915,2.5866856575012207,4.178152084350586,3.0677924156188965,3.4098880290985107,4.321123123168945,3.1223409175872803,1.4972094297409058,1.114977478981018,2.453824520111084,4.483451843261719,4.556607246398926,5.05059814453125,1.041463851928711,-0.5255194902420044,0.4253454804420471,-1.2345898151397705,-2.733858823776245,-2.5934009552001953,0.1317620724439621,7.347621917724609,12.960278511047363,15.360215187072754,15.85467529296875
37.36981201171875,37.57931900024414,36.63489532470703,35.63715362548828,37.664146423339844,34.3994140625,31.381174087524414,32.70293045043945,33.3502197265625,36.99891662597656,28.241043090820312,15.433815956115723,11.61345386505127,7.999619483947754,-2.84208083152771,-12.27298355102539,-12.779961585998535,-9.463372230529785,-5.292677402496338,-2.2858264446258545,0.6625975370407104,4.894337177276611,7.067083358764648,5.165464401245117,3.423964262008667,0.5817378759384155,-0.3714488744735718,0.14647987484931946,2.555091619491577,-0.18795299530029297,1.4670132398605347,-0.8001466393470764,0.5783205032348633,0.290822297334671,-1.0976738929748535,2.1317529678344727,-0.29502788186073303,-1.6946574449539185,2.4558472633361816,9.466047286987305,13.257403373718262,10.918939590454102,12.258722305297852,14.79160213470459
37.10240936279297,40.02560806274414,41.20812225341797,38.1124267578125,39.81293869018555,33.393638610839844,31.88770294189453,27.267414093017578,29.221105575561523,33.147342681884766,27.201034545898438,15.386603355407715,8.550236701965332,4.622377395629883,-2.9680795669555664,-10.286599159240723,-10.719271659851074,-7.7540130615234375,-5.865566730499268,-1.6349424123764038,1.8554418087005615,5.769559383392334,7.9554290771484375,6.13240385055542,2.2656097412109375,0.12893766164779663,-0.17737388610839844,0.07602334767580032,-0.10706866532564163,0.3043467700481415,0.654037356376648,0.14437434077262878,2.829193353652954,0.3879658281803131,0.7920705080032349,-1.275444746017456,-2.1942214965820312,0.38346433639526367,8.769453048706055,13.761730194091797,12.014338493347168,9.723052978515625,11.862078666687012,14.169732093811035
32.8287239074707,35.34900665283203,39.62197494506836,39.856849670410156,39.45783233642578,32.89415740966797,30.300193786621094,27.950437545776367,29.586008071899414,29.582782745361328,24.924835205078125,15.769930839538574,9.850471496582031,9.2427396774292,1.8175345659255981,-7.6715216636657715,-11.203804016113281,-8.886298179626465,-5.642021179199219,-1.2151193618774414,1.1377243995666504,2.9974286556243896,6.456723213195801,4.815404415130615,1.781697392463684,0.28975191712379456,0.4952410161495209,0.38750261068344116,-1.1679998636245728,-0.37663835287094116,1.5164998769760132,2.913492202758789,0.8752676248550415,-1.6170731782913208,-2.3471715450286865,-2.7171528339385986,-1.0814791917800903,3.5211942195892334,12.450748443603516,12.73978042602539,8.653319358825684,9.849543571472168,12.709471702575684,13.491534233093262
28.988033294677734,30.21849822998047,35.29513931274414,38.47664260864258,37.095909118652344,33.57685089111328,29.61202621459961,30.809762954711914,32.52150344848633,31.97850227355957,26.803115844726562,14.779553413391113,10.540992736816406,12.909547805786133,5.742535591125488,-5.431962966918945,-11.114516258239746,-6.439382076263428,-3.7098429203033447,-0.8369233012199402,-0.4405142068862915,1.1918787956237793,3.91833758354187,2.867658853530884,1.9381499290466309,0.7177963256835938,1.1819010972976685,0.35483264923095703,-3.6536006927490234,-0.6664341688156128,4.32199764251709,1.3838518857955933,-3.1974868774414062,-4.635150909423828,-2.9838671684265137,2.709779977798462,4.80439567565918,9.298749923706055,14.036172866821289,10.951878547668457,10.233573913574219,12.298554420471191,12.603516578674316,13.496407508850098
24.26343536376953,24.978351593017578,30.065425872802734,34.71862030029297,34.93879699707031,34.90338897705078,31.71213150024414,31.02680778503418,33.55714797973633,27.460050582885742,18.08488655090332,7.987978935241699,6.607631206512451,9.453096389770508,4.727963447570801,-4.024881839752197,-10.667145729064941,-9.524494171142578,-4.376646518707275,0.38594523072242737,1.2175297737121582,2.155632734298706,1.9997857809066772,1.8298728466033936,2.4758806228637695,2.465437412261963,1.9890576601028442,2.2729814052581787,-0.39223021268844604,-0.09196116775274277,-1.4907395839691162,-2.219928026199341,-4.534265995025635,-5.987467288970947,-0.16688129305839539,4.584360599517822,8.57876968383789,13.832369804382324,13.563096046447754,9.414316177368164,8.517289161682129,10.12259578704834,11.274720191955566,13.763373374938965
32.91155242919922,26.44077491760254,27.667129516601562,31.276779174804688,33.9393424987793,33.50888442993164,33.852447509765625,33.48243713378906,35.53820037841797,26.28908348083496,7.412894248962402,-0.5446628332138062,-0.149883434176445,2.169431686401367,1.181923508644104,-2.807570695877075,-6.489282131195068,-10.20017147064209,-3.9501068592071533,0.4397481679916382,3.2152860164642334,3.827089786529541,2.7530367374420166,2.4339702129364014,3.2931063175201416,4.562148094177246,2.791123390197754,2.526284694671631,1.0421146154403687,-2.5169341564178467,-5.259543418884277,-4.49766206741333,-4.873155117034912,-5.547247409820557,-2.792661428451538,6.6576409339904785,13.65426254272461,14.878623962402344,10.111181259155273,7.456890106201172,7.357146739959717,9.671095848083496,11.883438110351562,13.412114143371582
27.183916091918945,24.123340606689453,25.367225646972656,28.4495906829834,31.869770050048828,31.903968811035156,34.85922622680664,33.49937057495117,31.423826217651367,24.988698959350586,6.530926704406738,-2.238856077194214,-1.0438472032546997,2.188735246658325,2.171776533126831,-0.2938586473464966,-2.3802690505981445,-8.26276969909668,-4.312264442443848,-3.129826784133911,-1.4122008085250854,2.7694036960601807,3.0392181873321533,2.57098126411438,4.3470940589904785,3.5806617736816406,2.6569745540618896,3.681575298309326,1.8378602266311646,-3.9297966957092285,-7.725589752197266,-5.765007019042969,-4.794258117675781,-2.7507846355438232,-0.1467570960521698,11.948943138122559,15.972061157226562,11.381397247314453,7.365396499633789,8.501587867736816,10.86622428894043,11.923676490783691,12.411696434020996,11.392187118530273
25.659868240356445,20.883499145507812,22.229167938232422,25.393192291259766,27.227460861206055,28.139495849609375,30.59484100341797,33.77365493774414,28.71892547607422,23.597509384155273,14.9420166015625,5.1707234382629395,4.702259063720703,6.151215553283691,2.234988212585449,-0.5994003415107727,-0.39029738306999207,-5.759202480316162,-3.831223964691162,-4.787215709686279,-4.78123664855957,-1.557999849319458,0.8935748934745789,2.519566297531128,3.0430080890655518,1.1101945638656616,0.6018852591514587,-0.503605306148529,-2.4446861743927,-6.42609977722168,-8.279550552368164,-5.72640323638916,-1.7207180261611938,-0.7034682631492615,9.594643592834473,15.707452774047852,13.66716480255127,9.884016036987305,9.582476615905762,10.76595687866211,12.161514282226562,12.886809349060059,12.76563835144043,12.153389930725098
15.607544898986816,15.848260879516602,19.695310592651367,22.5319881439209,24.017641067504883,26.039342880249023,28.251554489135742,32.86637878417969,30.435495376586914,21.285234451293945,16.706863403320312,14.856973648071289,15.402291297912598,10.25796127319336,0.11770584434270859,-2.0191383361816406,-1.0830973386764526,-3.494413137435913,-1.9076380729675293,-2.240191698074341,-1.9606316089630127,-0.6003227829933167,1.731946587562561,3.1996078491210938,0.2502129375934601,-2.770850419998169,-1.901370644569397,-0.9251155257225037,-5.094265937805176,-8.376330375671387,-8.58071517944336,-8.343742370605469,-2.206615924835205,7.848904609680176,15.417539596557617,15.077893257141113,11.150260925292969,10.075295448303223,10.579299926757812,10.37999439239502,11.96397590637207,14.39677619934082,13.012104034423828,12.54948616027832
20.52802848815918,17.657419204711914,15.890897750854492,19.714332580566406,23.571006774902344,27.37164306640625,27.719873428344727,30.272329330444336,26.194992065429688,13.511443138122559,12.948079109191895,16.817729949951172,12.378297805786133,2.025735378265381,-6.257565975189209,-4.8350419998168945,-3.908724784851074,-0.2544677257537842,2.8336963653564453,-0.4692126512527466,0.9568045735359192,3.010314702987671,4.681044578552246,2.117983818054199,-1.4862728118896484,-2.749788999557495,0.26701197028160095,-5.624948501586914,-7.390848636627197,-7.3465471267700195,-5.73965311050415,-4.79839563369751,7.2794880867004395,15.24875545501709,15.686030387878418,12.197004318237305,10.364980697631836,9.723097801208496,10.29821491241455,11.299631118774414,12.246356964111328,13.648151397705078,13.142208099365234,14.702330589294434
14.947660446166992,14.00017261505127,16.363801956176758,9.923002243041992,5.037491798400879,8.298517227172852,16.210859298706055,16.528362274169922,5.415016174316406,-2.427251100540161,-1.0104707479476929,-0.2851935923099518,-4.96015739440918,-10.787764549255371,-9.840566635131836,-2.6531314849853516,1.875887155532837,5.457233905792236,7.655441761016846,3.8364970684051514,4.372991561889648,6.2647833824157715,5.624566555023193,0.8383569121360779,-2.1649765968322754,-2.884536027908325,-8.867085456848145,-8.321131706237793,-3.2888171672821045,-4.498025417327881,-2.581444025039673,7.278563499450684,16.16851234436035,16.330535888671875,14.019343376159668,8.762896537780762,10.566915512084961,12.621904373168945,13.391611099243164,12.145593643188477,10.910110473632812,12.03568172454834,15.553695678710938,18.117353439331055
15.386340141296387,17.128692626953125,18.48097038269043,3.368366241455078,-10.056413650512695,-11.550553321838379,-7.5847086906433105,-8.643098831176758,-13.441340446472168,-13.596805572509766,-13.445450782775879,-15.164587020874023,-13.549835205078125,-9.186700820922852,-2.274627208709717,1.0815422534942627,3.406893730163574,5.70276403427124,7.050643444061279,6.773289680480957,8.069113731384277,7.751222133636475,4.069701194763184,-0.914880096912384,-3.532823324203491,-6.758244514465332,-6.371089458465576,-2.1348817348480225,0.8246640563011169,-1.0282237529754639,5.984499454498291,15.121514320373535,18.493871688842773,13.847295761108398,9.606589317321777,11.43507194519043,13.453561782836914,13.33371639251709,11.433605194091797,10.141810417175293,12.085400581359863,14.42574405670166,17.0699405670166,18.22862434387207
