data/wind_data/wind_5_4.json
{"header": {"parameterUnit": "KT", "parameterCategory": 2, "nx": 256, "ny": 198, "lo1": 44.73521041870117, "la1": -3.236724853515625, "lo2": 111.26478576660156, "la2": 43.468475341796875, "dx": 0.2609002888202667, "dy": -0.23708222806453705, "refTime": "2025-02-19 05:00:00", "forecastTime": 0, "parameterNumber": 2, "parameterNumberName": "eastward_wind"}, "data":
[rows 95 to 113 of 198, columns 176 to 219 of 256]
19.550918579101562,19.62870216369629,19.479978561401367,18.816020965576172,17.955310821533203,17.2730655670166,16.26980209350586,15.1841402053833,13.280388832092285,11.532176971435547,12.396824836730957,18.686634063720703,25.77666473388672,23.129005432128906,18.54517936706543,17.86927032470703,19.26019287109375,20.67099380493164,21.17618751525879,21.030635833740234,20.51589012145996,20.92457389831543,23.14090347290039,24.57141876220703,24.684070587158203,24.945518493652344,26.612550735473633,28.211959838867188,26.552465438842773,26.143768310546875,26.89972496032715,27.842782974243164,28.808578491210938,29.655954360961914,30.677778244018555,31.333423614501953,29.98891830444336,28.67818832397461,28.749059677124023,29.828279495239258,30.617366790771484,30.828947067260742,30.487329483032227,29.232948303222656
19.3349609375,19.484718322753906,19.788843154907227,19.851831436157227,19.344711303710938,18.5734806060791,17.717397689819336,16.663118362426758,14.59733772277832,12.908674240112305,14.6589937210083,22.006267547607422,27.805971145629883,23.021373748779297,17.710247039794922,16.873157501220703,17.905099868774414,18.957950592041016,19.60847282409668,20.17790412902832,20.03595542907715,20.082178115844727,21.934558868408203,24.013500213623047,24.527536392211914,24.414945602416992,26.096254348754883,28.177162170410156,27.655338287353516,26.836565017700195,27.092254638671875,27.844005584716797,28.720640182495117,29.913597106933594,31.30319595336914,32.305137634277344,31.436260223388672,30.57089614868164,29.99591636657715,29.986989974975586,30.263324737548828,31.229990005493164,32.13385009765625,31.197649002075195
18.7606258392334,19.09052276611328,19.90119743347168,20.503053665161133,20.3277587890625,19.68699836730957,18.99812126159668,18.235502243041992,16.327983856201172,15.593276023864746,18.50755500793457,25.19744110107422,26.74993324279785,21.188533782958984,17.49268341064453,16.706106185913086,17.143077850341797,17.964488983154297,18.52190399169922,19.084579467773438,19.081554412841797,19.416019439697266,21.528244018554688,23.780847549438477,24.43360710144043,24.54517364501953,26.247852325439453,28.55153465270996,28.57295799255371,27.37656021118164,27.145919799804688,27.653013229370117,28.335725784301758,29.707462310791016,31.4421329498291,32.37184524536133,32.729347229003906,32.82312774658203,31.942913055419922,30.667407989501953,30.293216705322266,31.709413528442383,33.38246536254883,32.507625579833984
18.14366912841797,18.630962371826172,19.658071517944336,20.494098663330078,20.584732055664062,20.079172134399414,19.35137367248535,19.07823371887207,18.14744758605957,18.574522018432617,22.335256576538086,25.32967185974121,23.949222564697266,19.653850555419922,18.0299072265625,17.267135620117188,17.07779884338379,17.82927703857422,18.23706817626953,18.094497680664062,17.842933654785156,18.9164981842041,21.695348739624023,23.607187271118164,24.10768699645996,24.646705627441406,26.56056785583496,28.705108642578125,28.802753448486328,28.003173828125,27.782337188720703,27.844966888427734,28.21230697631836,29.226091384887695,30.692874908447266,31.943754196166992,33.014705657958984,33.878135681152344,33.626502990722656,31.47787094116211,31.076601028442383,32.7225341796875,34.233882904052734,33.41764831542969
18.09232521057129,18.827518463134766,19.642215728759766,20.2450008392334,20.37799072265625,20.097087860107422,19.63407325744629,19.569244384765625,20.170631408691406,22.247676849365234,25.825740814208984,26.028751373291016,23.3543643951416,19.389122009277344,18.939132690429688,18.3398380279541,17.472742080688477,17.644561767578125,17.944433212280273,17.177000045776367,16.412260055541992,17.697359085083008,20.777507781982422,22.812198638916016,23.29901885986328,23.900007247924805,25.737943649291992,27.59550666809082,28.34050178527832,29.072046279907227,29.740459442138672,29.640132904052734,29.396709442138672,29.812440872192383,30.750389099121094,31.707332611083984,32.61545944213867,33.877845764160156,34.03693771362305,32.12529373168945,32.202659606933594,33.64738464355469,34.46216583251953,34.199485778808594
18.911096572875977,19.504474639892578,19.841522216796875,20.08562469482422,20.200729370117188,20.2130069732666,20.138931274414062,20.074478149414062,21.663311004638672,25.34394645690918,28.878690719604492,28.644542694091797,25.649595260620117,20.214065551757812,19.180896759033203,18.938011169433594,18.265277862548828,17.91676902770996,17.66288948059082,16.499099731445312,15.696159362792969,16.87737274169922,19.565792083740234,21.49220085144043,21.607173919677734,22.079938888549805,23.691360473632812,25.88858413696289,27.873947143554688,29.501087188720703,30.63114356994629,31.608793258666992,31.95258903503418,31.901317596435547,32.270477294921875,32.42210006713867,32.76111602783203,33.78084182739258,33.53794860839844,32.5765380859375,33.093528747558594,33.991233825683594,34.67534637451172,34.806396484375
20.04875373840332,20.48944854736328,20.30181884765625,20.182933807373047,20.474578857421875,20.771072387695312,21.041515350341797,21.09950828552246,22.64837074279785,26.494789123535156,30.04355812072754,29.614347457885742,27.635021209716797,21.337677001953125,18.42420768737793,17.939159393310547,17.923812866210938,18.116718292236328,17.707368850708008,16.540178298950195,16.28829002380371,17.655590057373047,20.272281646728516,21.591814041137695,21.10772705078125,20.837045669555664,22.131702423095703,24.380834579467773,27.018310546875,28.91335105895996,30.145475387573242,31.811433792114258,33.124229431152344,33.7474479675293,34.142765045166016,33.65736389160156,33.61506271362305,34.08047866821289,33.64295959472656,33.585323333740234,33.914363861083984,34.30491256713867,34.838130950927734,35.02903747558594
21.0025577545166,21.41322898864746,21.35824203491211,21.347524642944336,21.860610961914062,22.311668395996094,22.69387435913086,22.852903366088867,23.97154426574707,26.818483352661133,30.075374603271484,29.626012802124023,27.80274200439453,22.685890197753906,19.0176944732666,17.637622833251953,17.461946487426758,18.179399490356445,18.134145736694336,17.286331176757812,17.044958114624023,18.326982498168945,20.661865234375,22.24721336364746,22.698148727416992,21.369720458984375,21.3809814453125,23.3109130859375,25.84235191345215,27.594356536865234,28.935640335083008,30.797948837280273,32.698299407958984,34.247859954833984,34.863380432128906,34.810829162597656,35.06747817993164,34.55063247680664,33.79962921142578,34.4230842590332,35.15650939941406,35.119415283203125,35.078250885009766,35.642555236816406
22.045934677124023,22.38276481628418,22.833457946777344,23.372150421142578,23.971948623657227,24.362459182739258,24.386930465698242,24.535470962524414,25.45035171508789,27.587711334228516,29.42158317565918,29.70684814453125,29.187841415405273,24.518009185791016,20.555288314819336,19.0039005279541,18.352266311645508,18.70699691772461,18.98554801940918,18.69215965270996,17.903539657592773,17.30912971496582,18.20380973815918,20.108537673950195,22.707712173461914,23.22031593322754,21.828157424926758,22.805435180664062,24.966848373413086,26.05657386779785,27.40577507019043,29.52503204345703,31.70832633972168,33.79161071777344,34.50651550292969,35.06376266479492,36.53437805175781,35.212196350097656,34.16472625732422,34.84877395629883,35.92019271850586,36.006813049316406,36.081146240234375,36.810184478759766
24.00739860534668,24.194364547729492,24.56312370300293,25.251935958862305,25.978818893432617,26.334474563598633,25.890546798706055,25.793338775634766,26.622039794921875,28.62723159790039,29.68857765197754,29.98538589477539,29.858325958251953,25.927343368530273,21.765583038330078,20.41241455078125,19.61209487915039,19.1905460357666,19.423547744750977,19.663230895996094,18.857913970947266,17.4183292388916,17.173202514648438,17.827409744262695,20.62098503112793,23.459081649780273,23.367080688476562,23.792390823364258,25.18180274963379,25.727554321289062,26.63803482055664,28.452770233154297,30.622163772583008,32.543338775634766,33.68100357055664,34.67781448364258,36.025543212890625,35.39888381958008,34.66555404663086,35.08330535888672,35.8204231262207,36.16499710083008,36.76423263549805,36.790401458740234
26.022428512573242,26.519290924072266,26.77057647705078,26.914735794067383,27.132108688354492,27.32123565673828,26.995100021362305,26.567913055419922,26.700206756591797,28.370155334472656,29.620685577392578,29.99367904663086,29.088294982910156,27.20451545715332,23.4310302734375,21.44557762145996,20.599300384521484,20.095115661621094,20.456758499145508,20.731611251831055,19.50415802001953,18.13863182067871,17.70589828491211,17.786264419555664,18.700437545776367,21.123699188232422,23.8915958404541,25.633100509643555,26.595781326293945,26.89981460571289,27.361690521240234,28.433460235595703,29.76336669921875,31.429643630981445,33.05945587158203,34.35514831542969,35.45832443237305,35.38352966308594,35.02906036376953,35.339385986328125,35.779441833496094,36.354698181152344,35.84701156616211,35.071197509765625
27.22358512878418,27.660367965698242,27.900089263916016,27.92572021484375,27.93132972717285,27.808895111083984,27.503393173217773,26.780784606933594,25.98882484436035,26.689252853393555,28.355182647705078,28.777301788330078,27.467741012573242,29.06389617919922,25.856782913208008,22.978307723999023,21.844932556152344,21.285085678100586,21.805631637573242,22.725467681884766,21.458864212036133,19.15985107421875,18.076807022094727,18.571395874023438,18.718843460083008,19.651695251464844,22.710174560546875,25.37360954284668,26.94619369506836,27.813928604125977,28.45513343811035,29.585874557495117,31.177587509155273,32.65733337402344,33.15849304199219,34.340919494628906,36.16553497314453,36.2232666015625,35.476593017578125,35.5784797668457,35.96393966674805,36.43122863769531,35.7813606262207,35.84138870239258
28.64506721496582,28.092153549194336,27.75628662109375,27.447816848754883,27.20725440979004,26.98810577392578,26.708574295043945,26.076541900634766,24.935449600219727,24.669435501098633,26.292118072509766,27.016748428344727,26.5195255279541,28.61940574645996,26.949153900146484,24.831748962402344,23.690277099609375,23.054407119750977,23.214834213256836,24.09767723083496,23.644695281982422,21.189998626708984,19.132877349853516,18.89788818359375,19.165904998779297,19.746158599853516,22.574674606323242,25.1061954498291,26.087865829467773,27.25380516052246,28.76927947998047,30.39655876159668,31.78512954711914,32.91709899902344,33.5147705078125,34.13697052001953,35.79935836791992,37.69565963745117,37.166751861572266,36.303375244140625,36.43645477294922,36.640830993652344,36.64527130126953,36.972721099853516
29.90886688232422,28.661840438842773,27.93860626220703,27.403484344482422,26.861112594604492,26.368221282958984,25.96605110168457,25.653825759887695,24.850255966186523,23.95036506652832,24.49494171142578,25.707578659057617,25.611679077148438,25.815208435058594,26.076465606689453,24.86283302307129,24.162372589111328,24.132102966308594,24.388790130615234,24.605348587036133,24.407508850097656,23.37446403503418,21.911243438720703,20.576934814453125,20.3815860748291,20.808799743652344,23.085424423217773,26.435043334960938,27.09990119934082,27.277273178100586,29.163211822509766,31.711519241333008,32.15184020996094,31.89478874206543,33.35100173950195,35.15079879760742,35.256404876708984,36.33803939819336,39.071231842041016,38.93031692504883,37.526424407958984,36.895633697509766,36.90543746948242,37.46006393432617
31.382116317749023,30.01499366760254,28.743852615356445,28.193845748901367,28.025012969970703,27.701740264892578,27.21257209777832,26.745004653930664,26.008831024169922,24.563764572143555,23.86681365966797,24.730133056640625,25.090309143066406,24.212575912475586,24.11484146118164,23.69640350341797,23.490297317504883,24.080127716064453,24.70490264892578,25.065120697021484,24.99664878845215,25.009483337402344,24.589059829711914,23.37323760986328,22.62526512145996,22.51078224182129,24.168916702270508,28.105968475341797,29.856327056884766,29.682804107666016,30.766712188720703,33.38465881347656,34.37782287597656,33.5341796875,34.43893814086914,36.022098541259766,35.538631439208984,37.02033996582031,39.90556716918945,40.265926361083984,38.496299743652344,38.35165786743164,38.040802001953125,38.38429641723633
32.19092559814453,31.381322860717773,29.68665885925293,28.295915603637695,27.969539642333984,28.061511993408203,27.752769470214844,26.817411422729492,25.708951950073242,24.531578063964844,24.009077072143555,24.918062210083008,25.135272979736328,24.274490356445312,23.73858070373535,23.628679275512695,23.057493209838867,23.395462036132812,24.25433921813965,25.738710403442383,26.340885162353516,26.042251586914062,25.720504760742188,24.879703521728516,23.7238826751709,23.622135162353516,24.720661163330078,28.98768424987793,32.26710510253906,33.123836517333984,34.01321792602539,35.31636428833008,35.9233512878418,36.13509750366211,36.49275207519531,37.05912399291992,37.11918640136719,38.39201736450195,39.989688873291016,39.6190185546875,38.92205810546875,39.7017707824707,39.288597106933594,38.79827117919922
31.664113998413086,31.362443923950195,30.239870071411133,28.43117332458496,27.166061401367188,27.17040252685547,27.700061798095703,27.17090606689453,26.00208854675293,25.18118667602539,25.109792709350586,26.427295684814453,27.05204200744629,26.036338806152344,25.51437759399414,25.432598114013672,24.510847091674805,24.086624145507812,24.622644424438477,26.024253845214844,26.806949615478516,26.52703094482422,25.968717575073242,25.231590270996094,23.977561950683594,23.949129104614258,24.745149612426758,29.562726974487305,34.0267448425293,36.074398040771484,36.6968879699707,36.77889633178711,36.64202117919922,37.22918701171875,37.772884368896484,37.9484977722168,38.09790802001953,38.65729904174805,38.782196044921875,38.5432014465332,38.80173873901367,39.59065628051758,39.83665084838867,39.69775390625
32.138492584228516,32.51597213745117,32.329715728759766,31.5250244140625,29.88117027282715,29.060901641845703,29.88336944580078,30.610177993774414,28.957441329956055,26.45254898071289,25.930099487304688,27.443878173828125,29.483497619628906,29.302589416503906,28.265743255615234,28.52251434326172,27.07929801940918,24.67563819885254,24.84858512878418,25.48618507385254,26.03402328491211,26.589462280273438,26.6420955657959,26.333837509155273,25.560222625732422,25.260889053344727,25.835922241210938,29.318744659423828,33.8865966796875,37.20578384399414,39.22514343261719,39.41610336303711,38.46644973754883,38.271419525146484,38.15118408203125,37.755611419677734,37.7995719909668,37.63505554199219,36.99254608154297,37.33723068237305,37.67014694213867,37.368064880371094,37.808746337890625,39.13343048095703
32.9470100402832,33.764984130859375,35.477813720703125,36.545555114746094,36.07372283935547,35.88079833984375,36.03118133544922,33.826786041259766,29.229726791381836,27.121742248535156,26.354257583618164,26.835901260375977,28.92882537841797,30.81646728515625,29.878280639648438,28.17792510986328,29.054597854614258,25.393871307373047,24.862382888793945,25.267108917236328,25.61217498779297,26.73516845703125,27.294631958007812,27.538654327392578,28.013675689697266,27.76878547668457,27.792896270751953,28.64405632019043,32.74636459350586,37.62425231933594,35.66512680053711,37.89928436279297,40.21242904663086,40.164146423339844,38.88174057006836,37.87263107299805,37.06861114501953,35.763526916503906,35.46159744262695,36.721275329589844,37.15001678466797,35.4090461730957,35.845123291015625,39.12394714355469
