data/wind_data/wind_Surface_19.json
{"header": {"parameterUnit": "KT", "parameterCategory": 2, "nx": 255, "ny": 198, "lo1": 44.73521041870117, "la1": -3.236724853515625, "lo2": 111.26478576660156, "la2": 43.468475341796875, "dx": 0.26192745566368103, "dy": -0.23708222806453705, "refTime": "2025-02-19 19:00:00", "forecastTime": 0, "parameterNumber": 3, "parameterNumberName": "northward_wind"}, "data":
[rows 114 to 132 of 198, columns 129 to 171 of 255]
-0.8182939291000366,-0.920139729976654,-0.9847826361656189,-0.41085731983184814,-0.08719559013843536,-0.5290982127189636,-1.3208339214324951,-1.610466718673706,-0.9628089070320129,-0.17856557667255402,0.14557905495166779,-0.6974238753318787,-2.198331356048584,-3.6426503658294678,-4.432894706726074,-4.663055419921875,-4.422699451446533,-4.2868146896362305,-4.175261974334717,-3.8834238052368164,-3.5635266304016113,-3.3069276809692383,-3.38051700592041,-3.687755823135376,-3.5810184478759766,-3.0807762145996094,-2.6828818321228027,-2.678708553314209,-3.018375873565674,-3.299009084701538,-3.711308002471924,-4.049639701843262,-5.122890949249268,-5.533421516418457,-5.002609729766846,-4.725918292999268,-4.304983615875244,-4.096862316131592,-4.364142417907715,-3.851138114929199,-3.6716561317443848,-4.315940856933594,-5.008831024169922
-0.526836633682251,-0.4238302707672119,-1.4268511533737183,-2.3021349906921387,-2.3321304321289062,-2.4633007049560547,-3.1768500804901123,-3.8807144165039062,-4.107078552246094,-3.6135947704315186,-2.8372011184692383,-2.2041144371032715,-2.3753604888916016,-3.034968852996826,-3.5492918491363525,-3.7471091747283936,-3.469306468963623,-3.0087087154388428,-2.746588706970215,-2.787794351577759,-3.0629448890686035,-3.194936513900757,-3.4699559211730957,-4.033037185668945,-4.467973709106445,-4.594064235687256,-4.387840270996094,-3.685443878173828,-3.771467924118042,-4.068305492401123,-4.510544300079346,-4.655129909515381,-5.798560619354248,-6.04050350189209,-5.07792854309082,-4.621217250823975,-4.530420303344727,-5.24600076675415,-5.560860633850098,-4.872399806976318,-3.7686190605163574,-3.445244073867798,-4.12956428527832
0.707984209060669,-0.16119341552257538,-1.6433829069137573,-3.1024553775787354,-3.9462199211120605,-4.223829746246338,-4.4290642738342285,-4.65150260925293,-4.868411540985107,-4.9685187339782715,-4.606571674346924,-4.26717472076416,-3.9576189517974854,-3.8840866088867188,-3.696917772293091,-3.521549701690674,-3.4046316146850586,-2.88972806930542,-2.09617280960083,-1.6860843896865845,-2.116291046142578,-2.523749828338623,-2.9020678997039795,-3.5640475749969482,-4.573901653289795,-5.447632789611816,-5.288176536560059,-4.674532890319824,-4.11976432800293,-3.7921876907348633,-3.1600894927978516,-3.0555264949798584,-3.9539318084716797,-3.4701108932495117,-2.2999775409698486,-1.8624664545059204,-2.4954051971435547,-4.3522114753723145,-5.3528313636779785,-5.055667877197266,-3.567962169647217,-1.816030740737915,-1.9053230285644531
0.9734064340591431,-0.2183181792497635,-1.263099193572998,-2.485084295272827,-3.4389564990997314,-3.8642659187316895,-3.863435983657837,-3.8274242877960205,-4.1603875160217285,-4.562408447265625,-4.76522970199585,-4.721080303192139,-4.289594650268555,-3.6755223274230957,-3.2751598358154297,-2.973768949508667,-3.003523588180542,-3.072620391845703,-2.815133810043335,-2.7051663398742676,-3.003251314163208,-2.993095874786377,-2.8173539638519287,-3.016749620437622,-3.5546209812164307,-4.226817607879639,-4.143143177032471,-3.4306507110595703,-2.1568686962127686,-1.3229570388793945,-2.844719171524048,-3.58221173286438,-4.091059684753418,-3.6522276401519775,-4.876706600189209,-5.164938926696777,-5.2485833168029785,-6.515031814575195,-6.09619665145874,-3.6017494201660156,-4.216678142547607,-2.9503889083862305,-5.14651346206665
0.61602783203125,-0.22155816853046417,-0.5423898696899414,-0.8558323979377747,-1.2294811010360718,-1.501030683517456,-1.6834535598754883,-2.165287971496582,-2.618574857711792,-3.0039663314819336,-3.357837438583374,-3.4822604656219482,-3.144627809524536,-2.589522361755371,-2.4361507892608643,-2.4700469970703125,-2.557792901992798,-2.402700662612915,-2.624382257461548,-3.7193500995635986,-4.403158664703369,-3.9057698249816895,-2.9837353229522705,-2.1144561767578125,-1.5160738229751587,-0.9923219084739685,-0.824042022228241,-1.5320180654525757,-2.41816782951355,-3.7751049995422363,-6.759612083435059,-8.84038257598877,-9.524152755737305,-9.389840126037598,-10.688057899475098,-10.698311805725098,-10.71081829071045,-10.854198455810547,-9.133210182189941,-7.424781322479248,-8.763153076171875,-9.031373023986816,-10.259066581726074
-0.6185653209686279,-1.03526771068573,-0.8576035499572754,-0.4404583275318146,-0.2692405879497528,-0.4066397547721863,-0.8981817960739136,-1.6030497550964355,-2.1263740062713623,-2.4072866439819336,-2.6827034950256348,-2.730595350265503,-2.4948599338531494,-2.073990821838379,-1.8943231105804443,-2.162374973297119,-2.4879024028778076,-2.209826946258545,-2.371079921722412,-3.033501386642456,-3.6864936351776123,-3.402736186981201,-2.7730212211608887,-1.1634002923965454,-0.3764175474643707,0.01145064178854227,0.18865299224853516,-4.958158016204834,-6.993643283843994,-9.048904418945312,-9.669081687927246,-9.506316184997559,-10.369963645935059,-10.623174667358398,-8.97293758392334,-6.667049884796143,-6.57445764541626,-7.089537143707275,-8.821578979492188,-10.086216926574707,-10.145089149475098,-8.557266235351562,-5.632867336273193
-1.0299341678619385,-1.5997741222381592,-1.8074206113815308,-1.3756622076034546,-1.1414241790771484,-1.2745254039764404,-1.9292360544204712,-2.776233196258545,-3.38997745513916,-3.8630828857421875,-4.086375713348389,-3.5675013065338135,-2.9192283153533936,-1.961692452430725,-0.6649688482284546,-0.3508993983268738,-0.6866002082824707,-0.22482024133205414,0.6609600186347961,0.8427320122718811,-0.8913132548332214,-2.9556121826171875,-3.7176356315612793,-3.1994423866271973,-4.989367485046387,-5.975107669830322,-6.484827041625977,-10.390253067016602,-10.055320739746094,-8.950825691223145,-7.501766681671143,-6.78404426574707,-6.502812385559082,-7.423600196838379,-6.9340291023254395,-6.239962577819824,-4.148462295532227,-5.243368625640869,-6.875283718109131,-5.463747501373291,-3.4994757175445557,0.012475649826228619,2.317119598388672
-0.2737623453140259,-0.9669008255004883,-1.2660043239593506,-1.3916734457015991,-1.5085307359695435,-1.7839552164077759,-2.3539133071899414,-3.100830554962158,-3.9177346229553223,-4.587646007537842,-4.552798271179199,-3.721482515335083,-2.766770362854004,-1.5939733982086182,-0.3498055636882782,-0.19516804814338684,-0.19212932884693146,-0.6569627523422241,-0.20766934752464294,-1.4251770973205566,-4.635850429534912,-5.111252784729004,-6.067110061645508,-4.47736120223999,-6.729061126708984,-7.939067363739014,-9.527106285095215,-8.693288803100586,-7.759665489196777,-6.994358062744141,-6.172939300537109,-5.823974132537842,-3.106952428817749,-5.119819164276123,-5.592618942260742,-5.977310657501221,-5.365159034729004,-3.142007350921631,-2.7952370643615723,-1.4894959926605225,-1.0633331537246704,2.4906389713287354,4.47275447845459
-0.10358676314353943,-0.9669135212898254,-1.5002901554107666,-1.994892954826355,-2.3540563583374023,-2.488283395767212,-2.5206778049468994,-3.085890293121338,-4.286788463592529,-4.6763386726379395,-3.907491445541382,-2.6315267086029053,-1.4796271324157715,-2.5891880989074707,-4.231688022613525,-5.634327411651611,-5.501585960388184,-6.687432765960693,-9.565299034118652,-10.795384407043457,-9.993547439575195,-7.8729705810546875,-7.763031482696533,-5.015706539154053,-3.6903905868530273,-4.365626811981201,-6.09404993057251,-6.938192367553711,-6.879134178161621,-6.4899091720581055,-6.225654602050781,-6.10841703414917,-5.129299163818359,-1.2421060800552368,0.3791682720184326,-1.5897479057312012,-3.2781801223754883,-0.7094241976737976,-0.01807907409965992,1.4324969053268433,-0.35156315565109253,-0.4509674310684204,-1.388868808746338
-0.28016436100006104,-0.8688567876815796,-1.516111969947815,-2.4231011867523193,-3.049881935119629,-3.1794490814208984,-3.3360848426818848,-4.200638771057129,-4.672567844390869,-4.899572372436523,-3.273132562637329,-1.781690001487732,-3.089927911758423,-5.510795593261719,-9.374863624572754,-10.87544059753418,-8.514127731323242,-9.373591423034668,-11.72021770477295,-11.263696670532227,-8.553024291992188,-7.643779754638672,-6.675045013427734,-8.442378997802734,-7.326656341552734,-6.771846771240234,-7.336574077606201,-7.525598526000977,-6.3188557624816895,-5.823199272155762,-5.80938196182251,-4.4893879890441895,-6.317917346954346,-1.3818089962005615,3.032165288925171,3.8709731101989746,2.0337390899658203,-0.47224751114845276,1.0871273279190063,3.803041458129883,4.821045875549316,1.9236125946044922,-3.3497140407562256
0.638697624206543,0.22970254719257355,-0.7286640405654907,-1.7190130949020386,-2.545471429824829,-3.28397798538208,-3.92734694480896,-4.311962604522705,-4.258502006530762,-3.713595390319824,-1.96552312374115,-2.997129201889038,-4.849270820617676,-6.90268087387085,-9.877568244934082,-10.095452308654785,-8.520255088806152,-8.946844100952148,-8.6049222946167,-8.95718002319336,-9.969785690307617,-11.35299015045166,-9.379837036132812,-10.660046577453613,-8.555253982543945,-7.8047332763671875,-7.4476752281188965,-7.156714916229248,-3.820307731628418,-1.3296780586242676,0.8518070578575134,3.5397777557373047,2.734539031982422,2.1397817134857178,6.497195720672607,10.61379623413086,12.474747657775879,6.982554912567139,5.46000337600708,5.56650447845459,8.91916561126709,7.059635162353516,2.7660226821899414
0.8398504257202148,-0.26515457034111023,-1.1851361989974976,-2.349844455718994,-3.1910972595214844,-3.3907594680786133,-2.9490437507629395,-0.9989746809005737,0.1871183216571808,-0.26257699728012085,-2.4279491901397705,-4.3034138679504395,-5.508178234100342,-5.183661460876465,-5.6691789627075195,-7.849734306335449,-9.439352989196777,-9.273653030395508,-8.267054557800293,-9.024458885192871,-8.532663345336914,-8.727967262268066,-5.352846622467041,-3.9707798957824707,-3.369220733642578,-3.681215286254883,-3.4893343448638916,-1.3731703758239746,1.2670152187347412,4.73828649520874,9.1336088180542,9.98756217956543,10.166672706604004,5.756952285766602,7.725654125213623,13.160317420959473,13.262410163879395,8.042621612548828,5.003748893737793,3.910107135772705,5.016610145568848,4.852542400360107,6.345014572143555
-0.7395598888397217,-1.2899388074874878,-1.8119010925292969,-2.483121633529663,-2.567735195159912,-1.5085484981536865,-0.2142428755760193,-1.6155211925506592,-2.743366241455078,-3.94541597366333,-5.769786834716797,-5.08220100402832,-6.879550933837891,-6.628007888793945,-4.968883514404297,-5.821831703186035,-6.632587909698486,-6.79810094833374,-6.983182907104492,-6.171093940734863,-3.7621939182281494,-3.845404863357544,-2.4361398220062256,-0.08478616178035736,2.251401662826538,2.754108428955078,2.939182758331299,6.929947853088379,6.504138946533203,7.465378761291504,10.511556625366211,7.887986183166504,6.2128119468688965,3.1401989459991455,1.8602819442749023,5.0261359214782715,5.97130823135376,3.032979726791382,3.1310291290283203,4.653585433959961,4.442543029785156,4.294426918029785,7.2114129066467285
-1.2157689332962036,-0.8174577355384827,-0.3384654223918915,-1.0244364738464355,-3.6222803592681885,-4.496870517730713,-3.0529532432556152,-6.963050365447998,-9.878873825073242,-9.181600570678711,-8.160693168640137,-5.62105655670166,-6.836639881134033,-8.362048149108887,-7.533313751220703,-5.585728168487549,-4.589155673980713,-5.021899223327637,-6.79110050201416,-6.73817777633667,-1.1163480281829834,0.14580240845680237,-1.5870106220245361,-0.8058746457099915,2.2915139198303223,6.272007465362549,9.032217979431152,11.633910179138184,8.092482566833496,4.533870220184326,3.6160671710968018,1.600209355354309,0.8916424512863159,1.1737337112426758,1.2486642599105835,2.216769218444824,3.605243682861328,4.919445514678955,6.098656177520752,7.596129417419434,7.314961910247803,6.014631748199463,5.772398948669434
-0.0352477990090847,0.16605094075202942,-0.8482288718223572,-4.047734260559082,-8.819785118103027,-11.200206756591797,-8.65981674194336,-7.745475769042969,-8.037806510925293,-9.188215255737305,-8.521201133728027,-7.544275283813477,-5.694068431854248,-5.561497211456299,-5.823221206665039,-4.504581451416016,-3.3548085689544678,-1.9059374332427979,-1.2782236337661743,-3.4386401176452637,-1.1484049558639526,5.400561332702637,5.224245548248291,2.778371810913086,2.503389596939087,4.98518705368042,7.177098274230957,7.879636764526367,6.0044355392456055,2.655648708343506,0.10150613635778427,0.3988673686981201,0.8412883281707764,1.9320183992385864,2.6763577461242676,2.4231159687042236,2.452481508255005,4.518716335296631,5.552567958831787,6.047607421875,5.715978622436523,4.449065685272217,4.305505752563477
-0.06528172641992569,-1.9363460540771484,-4.30015754699707,-7.154102325439453,-8.670086860656738,-9.22093391418457,-8.556631088256836,-4.452441215515137,-3.2144787311553955,-8.548965454101562,-10.4933443069458,-9.06724739074707,-6.041336536407471,-0.8339473605155945,-1.0568006038665771,-1.9193310737609863,-1.6826283931732178,1.2898731231689453,4.330163955688477,2.189978837966919,-1.6938329935073853,3.8351175785064697,7.6130757331848145,4.905473232269287,1.555106282234192,0.9721865057945251,0.8333984017372131,2.110927104949951,3.868602752685547,2.7288424968719482,0.43098923563957214,0.25919175148010254,0.45805034041404724,0.48835283517837524,0.4232334494590759,0.10783658176660538,1.2010951042175293,3.3204190731048584,2.7387735843658447,2.0946123600006104,0.4058230221271515,1.5965532064437866,3.8775620460510254
-4.341188430786133,-6.794521331787109,-6.8681440353393555,-5.932855606079102,-3.619929552078247,-3.190077543258667,-4.754882335662842,-3.9500792026519775,-4.0142011642456055,-9.25793170928955,-11.412369728088379,-11.324478149414062,-9.090538024902344,-0.17830237746238708,1.6939184665679932,0.9735326766967773,1.846225380897522,2.800952672958374,6.6870222091674805,9.243685722351074,5.533180236816406,0.9282079935073853,0.9111553430557251,0.27060186862945557,-1.1091179847717285,-2.188241481781006,-2.426685333251953,-1.270621418952942,0.6528957486152649,1.8219976425170898,1.3928157091140747,-0.3337743580341339,-1.0446935892105103,-0.5575442314147949,0.5846098065376282,0.0035627384204417467,0.4826909303665161,3.202977418899536,2.848944664001465,1.2954035997390747,-2.7563259601593018,-3.708346128463745,-1.0225329399108887
-6.416629791259766,-8.27260971069336,-8.702908515930176,-5.2224626541137695,-3.1874101161956787,-4.281452178955078,-6.17025899887085,-7.710022926330566,-8.287485122680664,-7.007240295410156,-6.363143444061279,-8.603939056396484,-11.208137512207031,-7.969170093536377,-4.676159858703613,-1.862321138381958,0.6960875988006592,3.3717262744903564,7.458039283752441,8.87244701385498,4.594915390014648,-2.535794734954834,-4.888874053955078,-3.3260860443115234,-1.8817051649093628,-1.1863269805908203,-0.41995295882225037,-0.15379640460014343,-0.3339932858943939,0.6326450109481812,2.3523738384246826,2.353742837905884,1.426232933998108,2.2797319889068604,1.7232818603515625,-0.16990719735622406,-1.1991811990737915,3.431339740753174,4.6714863777160645,5.358777046203613,2.519412040710449,-1.0495903491973877,0.13253869116306305
-4.853775501251221,-4.586622714996338,-5.917399883270264,-5.348127841949463,-6.830775260925293,-9.153440475463867,-12.490358352661133,-9.880114555358887,-8.480475425720215,-4.289841175079346,-1.1643513441085815,-5.10444450378418,-8.138940811157227,-9.984246253967285,-6.677574634552002,-2.2857561111450195,4.293718338012695,6.156374454498291,2.2567710876464844,1.1072607040405273,-1.027261734008789,-3.035045862197876,-2.3467228412628174,-0.7924477458000183,0.0004391823022160679,0.48401644825935364,1.6843875646591187,3.0152878761291504,2.539287567138672,3.2767133712768555,3.0702407360076904,1.5914220809936523,2.478888988494873,4.802506446838379,1.9027283191680908,0.08342330157756805,0.10371875017881393,2.690140724182129,5.247420310974121,9.449259757995605,7.98578405380249,6.887613296508789,6.094573497772217
