data/wind_data/wind_14_9.json
{"header": {"parameterUnit": "KT", "parameterCategory": 2, "nx": 256, "ny": 198, "lo1": 44.73521041870117, "la1": -3.236724853515625, "lo2": 111.26478576660156, "la2": 43.468475341796875, "dx": 0.2609002888202667, "dy": -0.23708222806453705, "refTime": "2025-02-19 14:00:00", "forecastTime": 0, "parameterNumber": 2, "parameterNumberName": "eastward_wind"}, "data":
[rows 57 to 75 of 198, columns 86 to 128 of 256]
3.149446964263916,3.204608678817749,3.2608258724212646,3.225745439529419,3.2583415508270264,3.7387654781341553,4.485381126403809,5.136009693145752,5.413191318511963,5.313321113586426,5.0447773933410645,4.641201972961426,3.955994129180908,3.272573947906494,3.146270990371704,3.239041805267334,2.8503825664520264,2.4066526889801025,2.7051045894622803,3.4443070888519287,3.7233500480651855,3.363588571548462,2.9528911113739014,3.2087013721466064,4.6991286277771,6.963817119598389,8.787415504455566,9.387215614318848,9.173962593078613,9.061285018920898,9.16679573059082,9.029006004333496,8.43107795715332,7.237064361572266,6.054494380950928,5.380074977874756,4.939141273498535,4.263991832733154,3.795814275741577,3.6925253868103027,3.810654401779175,3.926269054412842,4.148116111755371
0.70754075050354,0.7736137509346008,1.0631530284881592,1.3185248374938965,1.6755528450012207,2.2558364868164062,2.775681734085083,3.0877153873443604,3.147839307785034,3.01202392578125,3.071629524230957,3.2581610679626465,2.902559280395508,2.041118860244751,1.4244658946990967,1.1728267669677734,0.9136980175971985,0.6106430888175964,0.678056001663208,1.1829869747161865,1.5774410963058472,1.5495234727859497,1.3057658672332764,1.2694549560546875,2.141951322555542,3.9437849521636963,5.839302062988281,6.952060699462891,7.378828525543213,7.591208457946777,7.559139251708984,6.914822101593018,5.825870037078857,4.125752925872803,2.820326566696167,2.5406405925750732,2.455188512802124,2.3496596813201904,2.5740182399749756,2.8013901710510254,2.914935827255249,3.0456717014312744,3.254214286804199
-0.9084997773170471,-0.7596469521522522,-0.6176376938819885,-0.6668607592582703,-0.4066176414489746,0.2796041965484619,0.8920659422874451,1.1047710180282593,1.0705722570419312,1.0536270141601562,1.332633137702942,1.8949278593063354,1.9699867963790894,1.2510862350463867,0.39577382802963257,-0.05574652552604675,-0.18686486780643463,-0.26024186611175537,-0.2657853662967682,-0.251483291387558,-0.29935917258262634,-0.32481324672698975,-0.2767038643360138,-0.1481926143169403,0.4048941731452942,1.6799347400665283,3.4379358291625977,4.972947120666504,5.741512298583984,5.842464923858643,5.259284496307373,4.11693000793457,2.975318670272827,1.7975083589553833,0.9024224281311035,0.49822694063186646,0.4197995066642761,0.9378823041915894,1.9092087745666504,2.7211410999298096,3.156270980834961,3.3521463871002197,3.36017107963562
-1.2109512090682983,-1.050524353981018,-1.0999550819396973,-1.5493403673171997,-1.8277515172958374,-1.487653374671936,-0.7688561677932739,-0.186421200633049,0.016751641407608986,0.17495262622833252,0.5366143584251404,1.1722285747528076,1.6014395952224731,1.1866506338119507,0.3291420638561249,-0.11260326951742172,0.006572719197720289,0.4724189341068268,0.7223227620124817,0.23904594779014587,-0.6411218047142029,-1.2774088382720947,-1.5910389423370361,-1.7446913719177246,-1.567442774772644,-0.5577354431152344,1.2045446634292603,2.9031546115875244,3.7306487560272217,3.5929179191589355,2.7439043521881104,1.8272206783294678,1.2845629453659058,0.9789105653762817,0.28038376569747925,-0.402828186750412,-0.35625749826431274,0.30627942085266113,1.150752305984497,1.9987685680389404,2.653275728225708,3.0549561977386475,3.37017560005188
-0.6068958044052124,-0.5811949968338013,-0.5227983593940735,-0.8599005341529846,-1.5789599418640137,-2.1522326469421387,-2.0199012756347656,-1.2972825765609741,-0.5968150496482849,-0.0054839844815433025,0.6274518370628357,1.2288427352905273,1.5987114906311035,1.4279088973999023,0.9435407519340515,0.9243849515914917,1.4786735773086548,2.144498348236084,2.3181569576263428,1.6495267152786255,0.48625683784484863,-0.6037694811820984,-1.6298408508300781,-2.656407117843628,-3.271589517593384,-2.717712879180908,-0.9322928786277771,0.9398276805877686,1.7916630506515503,1.627439260482788,1.0573979616165161,0.5630850791931152,0.4209972321987152,0.2919715940952301,0.07954432815313339,-0.1957547664642334,0.08865091949701309,0.5597627758979797,0.8376337885856628,1.2962075471878052,2.039207935333252,2.7055444717407227,3.31581711769104
-0.01025793980807066,-0.03843929246068001,0.08686099946498871,-0.061805643141269684,-0.7779728174209595,-1.7953627109527588,-2.3685600757598877,-2.0668179988861084,-1.2492973804473877,-0.3854673206806183,0.5864848494529724,1.4477427005767822,1.8806233406066895,2.00492525100708,2.035848617553711,2.2470571994781494,2.684547185897827,3.0296249389648438,3.067906141281128,2.764174461364746,2.146735668182373,1.204879879951477,-0.19720323383808136,-1.8970574140548706,-3.3003640174865723,-3.523991584777832,-2.2888731956481934,-0.6811790466308594,0.12237143516540527,0.1803886741399765,0.0023775796871632338,-0.35981374979019165,-0.3528454303741455,-0.15892073512077332,0.015742741525173187,0.12587732076644897,0.6135277152061462,1.0747324228286743,1.2249010801315308,1.4165805578231812,2.1609818935394287,3.0918948650360107,3.7247326374053955
-0.48979660868644714,-0.35231465101242065,-0.3621333837509155,-0.6977552175521851,-1.24867582321167,-1.77601158618927,-2.0747315883636475,-1.9631438255310059,-1.5202406644821167,-0.9169802069664001,0.011646398343145847,1.191017985343933,2.194058418273926,2.860511302947998,3.2499518394470215,3.4367315769195557,3.4249424934387207,3.118457794189453,2.820688486099243,2.8165996074676514,2.9258456230163574,2.530463457107544,1.4297577142715454,-0.09945686906576157,-1.6537998914718628,-2.7300288677215576,-2.729213237762451,-1.928684949874878,-1.2257113456726074,-0.8962270021438599,-0.7212661504745483,-0.907446026802063,-0.888309121131897,-0.40979573130607605,0.07058901339769363,0.5038456916809082,1.0495491027832031,1.5454598665237427,1.825245976448059,1.997656226158142,2.594552516937256,3.5636746883392334,4.253594398498535
-2.1201047897338867,-1.763413667678833,-1.7880467176437378,-2.1193556785583496,-2.4500489234924316,-2.534902334213257,-2.3431336879730225,-1.985884666442871,-1.6828572750091553,-1.3969985246658325,-0.8102524876594543,0.26233458518981934,1.7274446487426758,3.2730014324188232,4.378133296966553,4.754767894744873,4.5185017585754395,3.912982940673828,3.292811632156372,3.037179708480835,3.0821049213409424,2.81315279006958,2.0446934700012207,1.04758882522583,-0.17516271770000458,-1.6592246294021606,-2.7018027305603027,-2.7748799324035645,-2.2137229442596436,-1.6193963289260864,-1.1637438535690308,-1.032586693763733,-0.9018964171409607,-0.35082507133483887,0.3928717076778412,1.129979133605957,1.7407907247543335,2.3306355476379395,2.6990976333618164,2.7229881286621094,2.9779863357543945,3.6588001251220703,4.161234378814697
-3.949030876159668,-3.4234931468963623,-3.1840741634368896,-3.135894298553467,-3.14438533782959,-3.20105242729187,-3.1158487796783447,-2.798053503036499,-2.397723913192749,-2.093562364578247,-1.737634539604187,-1.0727910995483398,0.15171639621257782,1.9826542139053345,3.909229040145874,5.20023775100708,5.575764179229736,5.288610935211182,4.627960681915283,3.9866905212402344,3.613896369934082,3.1440317630767822,2.256892442703247,1.153171181678772,-0.016870643943548203,-1.4003747701644897,-2.557040214538574,-2.918264150619507,-2.557994842529297,-1.8919841051101685,-1.145519733428955,-0.5646365284919739,-0.06841428577899933,0.5539906620979309,1.285085916519165,1.9163802862167358,2.337898015975952,2.931766986846924,3.4094035625457764,3.411345958709717,3.4289402961730957,3.7137811183929443,3.727872610092163
-5.091052055358887,-4.488671779632568,-3.965482711791992,-3.5973527431488037,-3.437265157699585,-3.540621519088745,-3.736375570297241,-3.732567548751831,-3.424016237258911,-3.02091383934021,-2.683629035949707,-2.3354568481445312,-1.7988474369049072,-0.7801758646965027,0.9174655675888062,3.0369038581848145,4.747741222381592,5.536556720733643,5.366404056549072,4.787746429443359,4.377397060394287,3.973336696624756,3.0468344688415527,1.6333034038543701,0.1767915040254593,-1.1602288484573364,-2.144987106323242,-2.4787893295288086,-2.3353517055511475,-1.8093595504760742,-0.8340010046958923,0.29099413752555847,1.2721606492996216,2.13840913772583,2.8259332180023193,3.1717097759246826,3.1560769081115723,3.2029151916503906,3.4096012115478516,3.583122968673706,3.826660633087158,4.055674076080322,3.6528656482696533
-5.418599605560303,-4.847353458404541,-4.260673999786377,-3.8736801147460938,-3.775465488433838,-3.9643616676330566,-4.228676795959473,-4.280735969543457,-4.094771862030029,-3.851512908935547,-3.6644978523254395,-3.4128401279449463,-3.161757707595825,-2.936232328414917,-2.2211062908172607,-0.37774932384490967,2.114011764526367,4.033178806304932,4.779542922973633,4.7398600578308105,4.525802135467529,4.3759613037109375,3.967803716659546,3.0034091472625732,1.5355554819107056,-0.14824792742729187,-1.501688838005066,-2.07635235786438,-2.093271017074585,-1.7467533349990845,-0.77447509765625,0.7674529552459717,2.3104214668273926,3.519763231277466,4.287935256958008,4.565585613250732,4.357356548309326,3.818801164627075,3.381861448287964,3.4822800159454346,3.91085147857666,4.182240962982178,3.7083964347839355
-5.320541858673096,-4.9338250160217285,-4.491497039794922,-4.309340476989746,-4.437897682189941,-4.728539943695068,-4.844719886779785,-4.63100004196167,-4.336900234222412,-4.192087650299072,-4.220216751098633,-4.07781982421875,-3.6633551120758057,-3.411003589630127,-3.2387542724609375,-2.248601198196411,-0.06545289605855942,2.243577003479004,3.6887471675872803,4.230340957641602,4.222844123840332,4.124656677246094,4.208911418914795,4.10733699798584,3.2717530727386475,1.6308122873306274,-0.20179888606071472,-1.4372680187225342,-1.7350012063980103,-1.440761923789978,-0.5963940024375916,0.9108157157897949,2.6205475330352783,4.03770112991333,4.943365573883057,5.364049911499023,5.3263959884643555,4.756235122680664,4.030636787414551,3.783989191055298,3.917137622833252,3.911278247833252,3.488485097885132
-5.003912925720215,-5.135675430297852,-4.904999732971191,-4.839208602905273,-5.11749792098999,-5.486655235290527,-5.486427307128906,-5.008446216583252,-4.451594352722168,-4.174587249755859,-4.160823345184326,-4.034580230712891,-3.5038599967956543,-2.903040885925293,-2.585110664367676,-2.1165575981140137,-0.7534343600273132,1.2501578330993652,2.8976376056671143,3.7240731716156006,3.968235969543457,4.099613189697266,4.386919975280762,4.605636119842529,4.267317295074463,3.094378709793091,1.4289120435714722,0.01545233465731144,-0.61563640832901,-0.4805991053581238,0.18618153035640717,1.2479902505874634,2.5306265354156494,3.684342861175537,4.48285436630249,5.036676406860352,5.415294170379639,5.374040126800537,4.895770072937012,4.373173236846924,4.017457962036133,3.6660513877868652,3.3284225463867188
-4.385715007781982,-5.126455783843994,-5.239238739013672,-5.235740661621094,-5.48755407333374,-5.783687591552734,-5.674679756164551,-5.113544464111328,-4.510565280914307,-4.131208896636963,-3.8690340518951416,-3.5305440425872803,-2.9746174812316895,-2.2877132892608643,-1.7512623071670532,-1.3118540048599243,-0.427555114030838,1.044865369796753,2.5185084342956543,3.5241734981536865,4.082778453826904,4.454066276550293,4.859494209289551,5.055662155151367,4.671510219573975,3.760105609893799,2.7306692600250244,1.901397466659546,1.3763052225112915,1.2423369884490967,1.484988808631897,1.846457600593567,2.423687696456909,3.2004942893981934,3.8724746704101562,4.390820503234863,4.903801441192627,5.285656929016113,5.2296013832092285,4.7418646812438965,4.188512325286865,3.777618408203125,3.528228282928467
-3.616323471069336,-4.579710006713867,-5.004890441894531,-5.18773889541626,-5.392754077911377,-5.5224127769470215,-5.344350337982178,-4.893906593322754,-4.4795074462890625,-4.27400541305542,-3.895205497741699,-3.091303586959839,-2.189438581466675,-1.4342588186264038,-0.8666935563087463,-0.380198210477829,0.3872460126876831,1.570548415184021,2.761751413345337,3.556802272796631,4.1978230476379395,4.868529319763184,5.450006484985352,5.670431137084961,5.263387203216553,4.3989763259887695,3.727668523788452,3.448084592819214,3.1963303089141846,2.9567246437072754,2.8649697303771973,2.656817674636841,2.5355052947998047,2.981663942337036,3.8594696521759033,4.578502655029297,4.955572128295898,5.159764766693115,5.171958923339844,4.897233963012695,4.418454647064209,4.027978420257568,3.7689483165740967
-3.146864414215088,-3.8427188396453857,-4.2612810134887695,-4.587879657745361,-4.807106018066406,-4.753098011016846,-4.517491340637207,-4.35281229019165,-4.427131652832031,-4.6551666259765625,-4.416593074798584,-3.27341890335083,-1.7382670640945435,-0.5427302122116089,0.20169104635715485,0.8225618004798889,1.5929625034332275,2.509389638900757,3.3981072902679443,3.897001028060913,4.130396366119385,4.731931209564209,5.641144275665283,6.318937301635742,6.431570053100586,5.854502201080322,5.136318206787109,4.774571895599365,4.476354122161865,4.158511161804199,4.004026889801025,3.6281514167785645,3.0380752086639404,3.0095739364624023,3.9244468212127686,5.109477996826172,5.721014499664307,5.661108493804932,5.437005519866943,5.252610206604004,4.8422369956970215,4.351805686950684,3.816848039627075
-2.9921348094940186,-3.5328383445739746,-3.6983375549316406,-3.753232479095459,-3.8279402256011963,-3.7585394382476807,-3.598162889480591,-3.711530923843384,-4.272324085235596,-4.987807273864746,-5.043926239013672,-3.8992323875427246,-2.0052592754364014,-0.2699207663536072,0.9031837582588196,1.8236998319625854,2.7300493717193604,3.4278883934020996,3.8843538761138916,4.158890724182129,4.066896438598633,4.125629901885986,5.024169445037842,6.348968505859375,7.459157466888428,7.778131484985352,7.185147762298584,6.306382179260254,5.570868968963623,5.124248504638672,5.0098981857299805,4.8304762840271,4.259678840637207,3.7935950756073,4.153473377227783,5.245544910430908,6.126978397369385,6.250339031219482,6.027056694030762,5.794837951660156,5.358947277069092,4.621809005737305,3.627631902694702
-2.5440948009490967,-3.3708534240722656,-3.670590400695801,-3.428121566772461,-3.1005966663360596,-3.036583185195923,-3.1749846935272217,-3.5086183547973633,-4.141329765319824,-4.918761730194092,-5.19999361038208,-4.330169200897217,-2.5309627056121826,-0.6602422595024109,0.7657771706581116,1.8247607946395874,2.7209815979003906,3.3484604358673096,3.5680437088012695,3.650505542755127,3.6584692001342773,3.513734817504883,4.027638912200928,5.64401912689209,7.55949068069458,8.837645530700684,8.755402565002441,7.610682010650635,6.510258674621582,6.084929466247559,6.05718469619751,6.070379734039307,5.928939342498779,5.618000030517578,5.484721660614014,5.8728508949279785,6.4344658851623535,6.610151767730713,6.415487289428711,5.983712673187256,5.441412448883057,4.4403276443481445,3.094587564468384
-2.0706355571746826,-2.8389103412628174,-3.2981386184692383,-3.2607171535491943,-3.0454487800598145,-3.0914323329925537,-3.5126142501831055,-4.049725532531738,-4.476705551147461,-4.756278038024902,-4.796607494354248,-4.159649848937988,-2.7807095050811768,-1.2233972549438477,-0.02169831097126007,0.7981974482536316,1.5324416160583496,2.3165130615234375,2.7819182872772217,2.769111394882202,2.7400949001312256,2.829521656036377,3.300464153289795,4.802842617034912,6.912628650665283,8.663545608520508,9.229251861572266,8.278679847717285,6.979612827301025,6.445915222167969,6.431338310241699,6.682519435882568,7.194887161254883,7.666195392608643,7.747766494750977,7.590954303741455,7.4579362869262695,7.197302341461182,6.592586517333984,5.7728071212768555,5.084490776062012,4.030300140380859,2.5384151935577393
