data/wind_data/wind_21_3.json
{"header": {"parameterUnit": "KT", "parameterCategory": 2, "nx": 256, "ny": 198, "lo1": 44.73521041870117, "la1": -3.236724853515625, "lo2": 111.26478576660156, "la2": 43.468475341796875, "dx": 0.2609002888202667, "dy": -0.23708222806453705, "refTime": "2025-02-19 21:00:00", "forecastTime": 0, "parameterNumber": 2, "parameterNumberName": "eastward_wind"}, "data":
[rows 95 to 113 of 198, columns 0 to 43 of 256]
24.95689582824707,24.916969299316406,25.432161331176758,27.203279495239258,28.451906204223633,28.127046585083008,27.008087158203125,25.6073055267334,24.1215763092041,22.54022216796875,21.12282371520996,20.3926944732666,20.4017333984375,20.750185012817383,20.974491119384766,20.786243438720703,20.269296646118164,19.5369815826416,18.755109786987305,17.761947631835938,16.385107040405273,15.020676612854004,13.61800765991211,11.97824764251709,11.037287712097168,11.211318969726562,11.463634490966797,11.34099006652832,11.139147758483887,11.97906494140625,11.867109298706055,11.077234268188477,11.943142890930176,12.313065528869629,12.304230690002441,12.573335647583008,12.328598976135254,10.825576782226562,9.028894424438477,8.236103057861328,7.838017463684082,7.776519775390625,8.18577766418457,9.152063369750977
24.695146560668945,25.38956069946289,26.238740921020508,28.02753448486328,29.665328979492188,29.725736618041992,28.73489761352539,27.5301513671875,26.01918601989746,23.941184997558594,21.903886795043945,20.784412384033203,20.53825569152832,20.612585067749023,20.61594009399414,20.32961654663086,19.76593017578125,18.941598892211914,18.002910614013672,17.001548767089844,15.835792541503906,14.635078430175781,13.40439224243164,12.140070915222168,11.368562698364258,11.324344635009766,11.566143035888672,11.681941032409668,11.817666053771973,12.801017761230469,13.215895652770996,12.531010627746582,12.930373191833496,13.497608184814453,13.47488784790039,13.365434646606445,13.265824317932129,12.580255508422852,11.308438301086426,10.691242218017578,10.519207954406738,10.349170684814453,9.667670249938965,9.102190017700195
24.781015396118164,25.443817138671875,26.495302200317383,28.390840530395508,30.330406188964844,30.856504440307617,30.16325569152832,29.165372848510742,27.805335998535156,25.591848373413086,23.27845001220703,21.629867553710938,20.7562255859375,20.445186614990234,20.259910583496094,19.78139877319336,18.970703125,17.916051864624023,16.827075958251953,15.835679054260254,14.867077827453613,13.81386661529541,12.653010368347168,11.619757652282715,11.164397239685059,11.340713500976562,11.896370887756348,12.507381439208984,13.042394638061523,13.935789108276367,14.723877906799316,14.362744331359863,14.004456520080566,13.992653846740723,13.926865577697754,13.730664253234863,13.61471939086914,13.304569244384766,12.602045059204102,12.311495780944824,12.369032859802246,12.401195526123047,11.878600120544434,11.032838821411133
24.92247200012207,25.02756118774414,26.01921844482422,28.16875457763672,30.310039520263672,31.216957092285156,31.190673828125,30.14817237854004,28.768909454345703,26.812358856201172,24.695255279541016,22.947887420654297,21.560394287109375,20.62311363220215,20.00574493408203,19.144563674926758,17.88488006591797,16.65550422668457,15.834548950195312,15.320333480834961,14.800585746765137,14.000651359558105,12.871319770812988,11.76091194152832,11.216068267822266,11.468415260314941,12.345516204833984,13.37137508392334,14.106302261352539,14.639223098754883,15.053813934326172,14.691486358642578,14.004742622375488,13.549004554748535,13.361761093139648,13.319526672363281,13.401885986328125,13.279789924621582,12.87149429321289,12.713881492614746,12.934459686279297,13.160720825195312,13.063505172729492,12.814170837402344
25.47091293334961,25.58224105834961,26.466447830200195,28.589534759521484,30.360307693481445,31.508525848388672,31.866851806640625,30.699417114257812,28.827791213989258,27.12835693359375,25.573923110961914,24.026473999023438,22.475391387939453,21.14777183532715,20.11361312866211,18.82198715209961,17.11176872253418,15.736910820007324,15.237931251525879,15.256091117858887,15.233015060424805,14.797131538391113,13.89898681640625,12.797883033752441,11.976548194885254,11.869242668151855,12.460986137390137,13.126906394958496,13.417326927185059,13.540057182312012,13.62784481048584,13.297297477722168,12.880572319030762,12.64685344696045,12.549298286437988,12.553238868713379,12.691110610961914,12.61643123626709,12.22290325164795,11.842597007751465,11.644471168518066,11.739670753479004,12.061616897583008,12.340359687805176
26.57089614868164,27.110376358032227,28.081684112548828,30.084508895874023,31.379257202148438,32.52037811279297,32.543609619140625,30.97085952758789,28.64620590209961,26.878568649291992,25.49274253845215,24.01521110534668,22.545398712158203,21.341337203979492,20.427858352661133,18.964160919189453,16.893665313720703,15.334864616394043,14.793842315673828,14.781777381896973,14.842334747314453,14.725799560546875,14.26943588256836,13.420397758483887,12.369948387145996,11.659122467041016,11.463081359863281,11.37317180633545,11.2175874710083,11.13742733001709,11.267132759094238,11.358796119689941,11.481451988220215,11.687718391418457,11.885190963745117,12.044476509094238,12.20134162902832,12.171443939208984,11.706411361694336,11.084259986877441,10.46494197845459,10.36038875579834,10.97537612915039,11.686688423156738
27.028526306152344,28.337072372436523,29.58397102355957,31.371366500854492,32.40950393676758,33.11371612548828,33.63914108276367,31.900508880615234,28.71860122680664,26.519079208374023,25.02773666381836,23.459016799926758,22.157270431518555,21.134687423706055,20.42966079711914,19.29206657409668,17.332223892211914,15.565370559692383,14.641605377197266,14.237469673156738,14.063750267028809,14.041027069091797,13.934184074401855,13.412999153137207,12.395614624023438,11.43723201751709,10.920076370239258,10.440536499023438,9.911956787109375,9.594343185424805,9.701598167419434,10.09366512298584,10.57756519317627,11.013372421264648,11.34657096862793,11.614970207214355,11.862956047058105,12.064112663269043,11.943499565124512,11.658875465393066,11.370817184448242,11.343070983886719,11.694290161132812,12.326744079589844
26.558860778808594,29.226457595825195,30.859256744384766,32.230499267578125,32.903377532958984,33.067535400390625,33.931434631347656,33.497589111328125,29.91940689086914,26.536338806152344,24.640995025634766,22.95186424255371,21.74290657043457,21.008955001831055,20.551034927368164,19.987735748291016,18.569883346557617,16.572418212890625,15.152153968811035,14.500222206115723,14.09291934967041,13.784010887145996,13.51291275024414,13.00864028930664,12.154733657836914,11.348871231079102,10.955620765686035,10.762445449829102,10.475350379943848,10.064048767089844,9.8768310546875,10.132719039916992,10.683744430541992,11.190587997436523,11.512667655944824,11.745965003967285,12.081247329711914,12.42495059967041,12.559220314025879,12.487582206726074,12.449284553527832,12.649368286132812,13.121149063110352,13.49593448638916
26.828144073486328,29.787979125976562,31.698457717895508,33.0633430480957,33.38203430175781,33.01462173461914,33.5036506652832,34.274253845214844,32.408477783203125,28.589242935180664,25.653182983398438,23.285856246948242,21.736799240112305,21.26758575439453,21.171573638916016,20.94263458251953,19.9237003326416,17.938690185546875,16.340351104736328,15.67314624786377,15.156548500061035,14.481396675109863,13.772456169128418,12.951858520507812,12.053976058959961,11.380088806152344,11.130974769592285,11.266987800598145,11.503498077392578,11.465465545654297,11.29384994506836,11.445801734924316,11.916604042053223,12.269659996032715,12.381532669067383,12.393070220947266,12.546637535095215,12.7163667678833,12.786578178405762,12.76318359375,12.712066650390625,13.136096000671387,14.03837776184082,14.39101505279541
28.363571166992188,29.926177978515625,31.510257720947266,33.03132629394531,33.38167190551758,32.82223892211914,33.1245002746582,34.29831314086914,34.159358978271484,31.255083084106445,27.965373992919922,24.905590057373047,22.637712478637695,22.04829216003418,22.175424575805664,22.031774520874023,20.883525848388672,18.847204208374023,17.341856002807617,16.783666610717773,16.270652770996094,15.501441955566406,14.642940521240234,13.66225814819336,12.674280166625977,11.989400863647461,11.728375434875488,11.943211555480957,12.35390853881836,12.46765422821045,12.316865921020508,12.419610023498535,12.793828010559082,12.963493347167969,12.781867980957031,12.524374008178711,12.489843368530273,12.61555290222168,12.767925262451172,12.882034301757812,13.033611297607422,13.567429542541504,14.703017234802246,15.049149513244629
29.715660095214844,29.953500747680664,31.01816749572754,32.669532775878906,33.287750244140625,32.785709381103516,32.893550872802734,33.57876205444336,33.68288040161133,31.33721351623535,28.46877670288086,26.021991729736328,23.886493682861328,23.00779914855957,22.94656753540039,22.60076332092285,21.18459129333496,19.21763038635254,17.743967056274414,16.91016960144043,16.24236297607422,15.621260643005371,15.030048370361328,14.312834739685059,13.438220977783203,12.580588340759277,12.023177146911621,12.022282600402832,12.279699325561523,12.246111869812012,11.950191497802734,11.871158599853516,12.057692527770996,12.151047706604004,12.051848411560059,12.00631332397461,12.247597694396973,12.752230644226074,13.276711463928223,13.616666793823242,13.902630805969238,14.543404579162598,15.417947769165039,15.633161544799805
30.967628479003906,31.217016220092773,31.759042739868164,33.02617645263672,33.90812683105469,33.744266510009766,33.632720947265625,33.36859130859375,32.8026123046875,30.185684204101562,27.261232376098633,25.4809513092041,24.112159729003906,23.26947021484375,22.98446273803711,22.38652801513672,20.850793838500977,18.920087814331055,17.322582244873047,16.154752731323242,15.413904190063477,14.94572639465332,14.504993438720703,13.829157829284668,12.779261589050293,11.562129020690918,10.660141944885254,10.36108112335205,10.372651100158691,10.381778717041016,10.365726470947266,10.480693817138672,10.71532917022705,10.991106986999512,11.37494945526123,11.937507629394531,12.68335247039795,13.468693733215332,14.083748817443848,14.352814674377441,14.44532299041748,15.073711395263672,15.993084907531738,16.606704711914062
31.77473258972168,32.493526458740234,33.09165573120117,33.93232345581055,34.91255569458008,35.27080154418945,34.99287796020508,34.10442352294922,32.356834411621094,29.387046813964844,26.244550704956055,24.287824630737305,23.16625213623047,22.593984603881836,22.5197696685791,22.2541561126709,20.955595016479492,18.67430877685547,16.496469497680664,15.113018989562988,14.403205871582031,13.953797340393066,13.319419860839844,12.266328811645508,10.648000717163086,8.906797409057617,7.863410472869873,7.612186908721924,7.629181385040283,7.8793439865112305,8.321449279785156,8.857202529907227,9.42223072052002,10.082663536071777,10.954217910766602,11.964797973632812,12.977206230163574,13.85274887084961,14.431809425354004,14.74413776397705,14.827722549438477,15.442582130432129,16.422239303588867,17.851497650146484
32.22804260253906,33.732025146484375,34.69603729248047,35.32871627807617,36.1737060546875,36.421234130859375,35.72426223754883,34.234073638916016,31.586576461791992,28.729238510131836,25.902019500732422,23.722789764404297,22.544435501098633,22.13886260986328,22.17977523803711,22.238534927368164,21.435226440429688,19.005334854125977,15.920492172241211,13.926502227783203,13.291336059570312,12.917069435119629,11.924588203430176,10.035199165344238,7.737923622131348,5.982272148132324,5.269622325897217,5.405460357666016,5.706881046295166,6.2327046394348145,6.973171710968018,7.8539299964904785,8.79789924621582,9.811158180236816,10.902130126953125,11.981574058532715,12.984424591064453,13.867043495178223,14.489785194396973,15.13615608215332,15.635932922363281,16.427553176879883,17.567214965820312,18.910661697387695
31.9078311920166,34.22819900512695,35.61928176879883,36.43663024902344,37.186588287353516,37.096736907958984,36.29676055908203,34.534358978271484,31.731077194213867,29.07769775390625,26.682369232177734,24.697153091430664,23.411970138549805,22.631582260131836,22.317140579223633,22.331697463989258,21.778892517089844,19.2878475189209,15.51551342010498,12.787760734558105,11.90342903137207,11.291146278381348,9.555949211120605,6.987980365753174,5.025936603546143,4.426361083984375,4.367761135101318,4.85459041595459,5.561703205108643,6.368048191070557,7.338157653808594,8.517879486083984,9.807738304138184,11.079996109008789,12.240946769714355,13.227675437927246,14.017666816711426,14.637517929077148,14.965938568115234,15.578690528869629,16.40872573852539,17.413877487182617,18.759693145751953,19.91197967529297
29.77268409729004,32.95966339111328,34.940860748291016,36.46919631958008,37.66212463378906,37.953346252441406,37.393672943115234,35.2746467590332,32.27455520629883,29.852643966674805,27.758848190307617,25.645950317382812,24.032243728637695,22.894676208496094,22.423784255981445,22.5222225189209,21.788043975830078,18.97306251525879,14.825675010681152,11.424494743347168,9.81479549407959,8.557329177856445,6.78274393081665,4.977197170257568,4.270158290863037,4.612145900726318,5.000739097595215,5.582345962524414,6.505967140197754,7.46933126449585,8.608924865722656,9.933842658996582,11.307034492492676,12.574247360229492,13.617974281311035,14.426427841186523,15.031662940979004,15.513031005859375,15.678305625915527,15.817614555358887,16.346824645996094,17.158241271972656,18.291898727416992,19.493682861328125
28.16305160522461,31.081052780151367,33.351627349853516,35.4987678527832,37.46767807006836,38.46205139160156,37.723880767822266,35.10177230834961,32.1340217590332,30.120418548583984,28.053852081298828,25.58457374572754,23.923460006713867,22.88033676147461,22.416582107543945,22.376598358154297,21.227827072143555,18.139850616455078,13.964919090270996,10.027568817138672,7.3438720703125,5.734915256500244,4.983174800872803,4.517195701599121,4.846426486968994,5.542039394378662,6.186431884765625,6.6057448387146,7.321744441986084,8.301974296569824,9.45136833190918,10.570144653320312,11.522015571594238,12.338725090026855,13.183825492858887,14.146561622619629,15.118363380432129,15.975329399108887,16.515836715698242,16.490800857543945,16.308074951171875,16.419055938720703,16.88001823425293,17.69871711730957
29.313247680664062,30.582895278930664,32.19548034667969,34.294349670410156,36.350223541259766,36.85773849487305,35.40023422241211,32.8914794921875,30.535663604736328,28.721147537231445,26.675188064575195,24.55302619934082,23.37282371520996,22.57996368408203,22.042404174804688,21.342042922973633,19.438926696777344,16.358600616455078,12.523385047912598,8.157726287841797,5.016829490661621,4.237887859344482,4.2709503173828125,4.184342384338379,4.894983291625977,5.992831230163574,6.762437343597412,7.114759922027588,7.77299690246582,8.758796691894531,9.650681495666504,10.383309364318848,11.161703109741211,12.190807342529297,13.526397705078125,15.017122268676758,16.443754196166992,17.683504104614258,18.44478416442871,18.41525650024414,17.320411682128906,16.48656463623047,16.643308639526367,17.314939498901367
30.854278564453125,30.787567138671875,31.798877716064453,33.88105392456055,35.5848274230957,34.676918029785156,32.41575241088867,30.00575065612793,27.845176696777344,26.229097366333008,24.71307945251465,23.30363655090332,22.59658432006836,21.793792724609375,20.880966186523438,19.643455505371094,17.20964241027832,14.300674438476562,10.82190227508545,6.513859748840332,4.26639461517334,4.376519680023193,4.429688453674316,4.305692672729492,5.055840969085693,6.019814968109131,6.577363967895508,7.176375389099121,8.181009292602539,9.270747184753418,10.143903732299805,10.933241844177246,12.004531860351562,13.6220121383667,15.597845077514648,17.35698890686035,18.495269775390625,19.195199966430664,19.695777893066406,19.968400955200195,19.53321647644043,18.44769859313965,17.625288009643555,17.487224578857422
