data/wind_data/wind_51_5.json
{"header": {"parameterUnit": "KT", "parameterCategory": 2, "nx": 256, "ny": 198, "lo1": 44.73521041870117, "la1": -3.236724853515625, "lo2": 111.26478576660156, "la2": 43.468475341796875, "dx": 0.2609002888202667, "dy": -0.23708222806453705, "refTime": "2025-02-21 03:00:00", "forecastTime": 0, "parameterNumber": 2, "parameterNumberName": "eastward_wind"}, "data":
[rows 76 to 94 of 198, columns 176 to 219 of 256]
12.622169494628906,11.58619499206543,10.718461036682129,10.231433868408203,10.137067794799805,10.043224334716797,9.6724271774292,9.422371864318848,9.557287216186523,9.88135814666748,10.492265701293945,11.272271156311035,11.95460033416748,12.039251327514648,11.324450492858887,10.958781242370605,11.030547142028809,10.687458038330078,10.053900718688965,10.086045265197754,11.051494598388672,11.89389419555664,11.582280158996582,10.774883270263672,10.430910110473633,10.860821723937988,10.906983375549316,10.95279598236084,11.766558647155762,13.779312133789062,14.584756851196289,14.328470230102539,13.02647876739502,12.387434005737305,12.988412857055664,13.846616744995117,14.562239646911621,15.105195999145508,15.592784881591797,16.161428451538086,16.807096481323242,17.645170211791992,18.003822326660156,17.7078914642334
13.766192436218262,12.957860946655273,12.220767974853516,11.64754867553711,11.408526420593262,11.319986343383789,11.0340576171875,10.613283157348633,10.499443054199219,10.745107650756836,11.195334434509277,11.785335540771484,12.308725357055664,12.283541679382324,11.464381217956543,11.134848594665527,11.306103706359863,11.221075057983398,10.840503692626953,10.807229042053223,11.59479808807373,12.563940048217773,12.454237937927246,11.320965766906738,10.478484153747559,11.037981033325195,11.662343978881836,11.53864574432373,11.878753662109375,13.35834789276123,14.617635726928711,14.616347312927246,13.390419006347656,12.747966766357422,13.254043579101562,14.338560104370117,15.464509963989258,16.31317710876465,16.828161239624023,17.45908546447754,18.057464599609375,18.59809112548828,18.980005264282227,19.632781982421875
15.144169807434082,14.526421546936035,13.895737648010254,13.304008483886719,12.874597549438477,12.622041702270508,12.360692977905273,11.975546836853027,11.719413757324219,11.870512962341309,12.24743938446045,12.689753532409668,12.986083984375,12.712449073791504,11.695669174194336,11.123749732971191,11.03669261932373,11.126068115234375,11.339444160461426,11.62169075012207,12.252654075622559,13.094256401062012,13.246349334716797,12.196903228759766,11.008766174316406,10.954087257385254,11.422849655151367,11.834296226501465,12.60225772857666,13.767643928527832,14.761073112487793,14.650681495666504,13.472909927368164,13.106806755065918,13.61489200592041,14.753289222717285,16.164264678955078,17.279390335083008,17.800514221191406,18.389907836914062,19.1342716217041,19.598581314086914,19.480436325073242,19.67933464050293
16.243885040283203,15.830902099609375,15.339613914489746,14.801590919494629,14.283268928527832,13.892271041870117,13.595720291137695,13.249943733215332,12.934123039245605,12.932890892028809,13.255322456359863,13.708274841308594,13.909346580505371,13.369749069213867,12.073049545288086,11.056029319763184,10.721197128295898,10.84379768371582,11.464187622070312,12.278542518615723,12.990472793579102,13.612565994262695,13.919727325439453,13.193572044372559,11.958555221557617,11.44626235961914,11.38502311706543,12.206966400146484,13.08510684967041,14.308491706848145,15.233315467834473,15.054563522338867,14.048659324645996,13.536767959594727,13.952099800109863,15.297242164611816,17.078481674194336,18.270275115966797,18.767467498779297,19.315462112426758,20.008934020996094,20.515575408935547,20.383411407470703,20.21080207824707
16.372268676757812,16.285449981689453,16.16468048095703,15.925198554992676,15.557494163513184,15.093521118164062,14.641072273254395,14.218923568725586,13.860538482666016,13.759183883666992,14.022221565246582,14.51412582397461,14.835198402404785,14.258803367614746,12.65351676940918,10.98599910736084,10.62439250946045,10.900675773620605,11.717507362365723,12.987263679504395,13.958638191223145,14.455338478088379,14.726875305175781,14.421303749084473,13.45432186126709,12.595995903015137,12.096577644348145,12.830740928649902,13.339927673339844,14.374123573303223,15.513197898864746,15.72341537475586,14.900914192199707,14.04673957824707,14.385958671569824,16.033748626708984,17.859054565429688,18.9761962890625,19.723512649536133,20.336872100830078,20.733379364013672,20.904447555541992,20.957853317260742,21.128965377807617
15.396520614624023,15.513218879699707,15.881675720214844,16.253782272338867,16.4429874420166,16.27151107788086,15.785730361938477,15.225229263305664,14.787175178527832,14.587716102600098,14.75952434539795,15.229687690734863,15.691476821899414,15.357158660888672,13.777165412902832,11.817231178283691,11.577143669128418,11.923344612121582,12.496602058410645,13.652606964111328,14.608823776245117,15.152387619018555,15.627453804016113,15.81229019165039,15.340299606323242,14.634363174438477,13.554438591003418,13.496253967285156,13.737547874450684,14.723670959472656,15.725714683532715,15.941845893859863,15.469131469726562,14.881200790405273,15.059406280517578,16.417530059814453,18.16451072692871,19.312671661376953,20.093198776245117,20.889028549194336,21.15705680847168,21.363046646118164,21.76022720336914,22.226287841796875
14.197690963745117,14.133919715881348,14.785659790039062,15.636517524719238,16.344881057739258,16.73233985900879,16.725536346435547,16.439754486083984,16.105815887451172,15.874323844909668,15.901788711547852,16.203134536743164,16.493907928466797,16.33156394958496,15.198331832885742,14.324553489685059,13.956395149230957,14.101716995239258,14.164410591125488,14.608386993408203,15.02379035949707,15.471891403198242,16.62774085998535,17.585201263427734,17.40269660949707,16.30567741394043,15.120781898498535,14.47238826751709,14.565841674804688,15.547432899475098,16.050952911376953,16.09157943725586,15.97087287902832,15.942546844482422,15.749388694763184,16.200824737548828,17.650920867919922,19.198535919189453,20.386350631713867,21.128080368041992,21.565948486328125,22.09085464477539,22.752161026000977,23.327741622924805
14.313630104064941,13.801523208618164,14.29639720916748,15.200847625732422,15.960634231567383,16.438018798828125,16.810932159423828,17.174869537353516,17.44613265991211,17.56678009033203,17.601879119873047,17.538312911987305,17.340343475341797,17.05290985107422,16.2669677734375,16.497400283813477,16.521238327026367,16.494731903076172,16.260250091552734,16.209033966064453,16.0375919342041,16.14596939086914,17.68659782409668,19.315526962280273,19.379709243774414,17.761531829833984,16.131938934326172,15.134819030761719,15.198394775390625,16.01887321472168,16.830183029174805,16.929271697998047,16.563692092895508,16.7928524017334,16.972898483276367,16.9511661529541,17.733112335205078,19.168729782104492,20.445560455322266,21.343042373657227,22.012100219726562,22.744651794433594,23.53776741027832,24.205059051513672
16.132349014282227,15.202322959899902,15.19490909576416,15.829442977905273,16.382648468017578,16.5825252532959,16.798301696777344,17.387048721313477,18.176525115966797,18.889652252197266,19.255517959594727,19.06682014465332,18.417638778686523,17.869232177734375,17.279659271240234,17.625455856323242,18.025150299072266,18.4112548828125,18.289670944213867,17.96283721923828,17.18598747253418,16.99322509765625,18.75487518310547,20.622533798217773,21.698612213134766,19.680147171020508,17.448131561279297,16.385900497436523,16.37372398376465,16.839414596557617,17.690406799316406,18.206466674804688,17.87803840637207,18.16219711303711,18.326984405517578,18.030075073242188,18.062408447265625,18.94663429260254,20.167736053466797,21.456411361694336,22.414897918701172,23.141921997070312,24.018245697021484,24.762435913085938
18.22587776184082,17.239572525024414,16.94932746887207,17.345022201538086,17.784048080444336,17.929210662841797,17.94278907775879,18.19857406616211,18.81241798400879,19.656490325927734,20.142452239990234,20.02350616455078,19.385223388671875,18.820940017700195,18.47748374938965,18.792478561401367,19.243741989135742,19.92521095275879,20.034343719482422,19.638296127319336,18.29244613647461,17.87225341796875,19.551820755004883,21.456819534301758,23.42115020751953,22.13750457763672,19.505409240722656,17.893943786621094,18.073190689086914,18.34999656677246,18.27803611755371,18.866716384887695,19.249643325805664,19.63819122314453,19.909685134887695,19.779857635498047,19.423019409179688,19.368654251098633,20.000219345092773,21.294673919677734,22.559377670288086,23.40704917907715,24.260108947753906,24.83786392211914
19.851144790649414,18.442209243774414,17.854434967041016,18.19211196899414,18.949851989746094,19.675785064697266,20.00208282470703,20.009042739868164,20.063697814941406,20.432903289794922,20.547151565551758,20.2822208404541,19.809206008911133,19.46446418762207,19.475261688232422,19.773414611816406,20.256811141967773,20.963382720947266,21.269407272338867,20.81171989440918,19.39936637878418,19.126388549804688,20.55311393737793,22.10161590576172,22.93136215209961,22.64727210998535,21.879379272460938,20.263525009155273,19.751758575439453,19.563156127929688,18.848257064819336,19.01695442199707,19.93790626525879,20.97455596923828,21.515060424804688,21.771305084228516,21.358007431030273,20.624889373779297,20.48879051208496,21.38798713684082,22.706905364990234,23.758949279785156,24.682357788085938,25.0414981842041
20.82662582397461,19.114593505859375,17.955474853515625,17.895904541015625,18.96931266784668,20.5317440032959,21.598073959350586,21.884326934814453,21.768638610839844,21.73120880126953,21.32476234436035,20.60184097290039,19.97869300842285,19.71646499633789,20.093162536621094,20.284774780273438,20.58649444580078,21.28493881225586,21.974523544311523,21.781484603881836,20.856542587280273,20.77618980407715,22.06711769104004,23.60508155822754,23.167800903320312,22.183767318725586,23.09367561340332,22.87336540222168,21.4075870513916,20.61556625366211,19.495685577392578,19.156599044799805,20.35788345336914,21.568056106567383,22.25937843322754,22.5716609954834,22.509258270263672,22.20536994934082,21.810291290283203,22.1834716796875,23.242399215698242,24.324623107910156,25.351364135742188,25.821922302246094
20.72795295715332,19.455408096313477,18.12509536743164,17.58953285217285,18.529903411865234,20.22144889831543,21.49526596069336,22.079607009887695,22.358386993408203,22.691633224487305,22.462303161621094,21.621122360229492,20.822072982788086,20.470529556274414,20.882068634033203,20.939882278442383,20.786237716674805,21.31937599182129,22.253097534179688,22.35108184814453,22.117671966552734,22.571008682250977,23.968833923339844,25.576940536499023,24.86727523803711,22.71274757385254,23.327037811279297,24.550060272216797,23.738618850708008,22.532733917236328,21.11376190185547,20.414167404174805,21.08724594116211,21.844316482543945,22.014575958251953,22.183551788330078,23.045425415039062,23.56720542907715,23.35472869873047,23.15228271484375,24.386003494262695,25.34938621520996,25.86083221435547,26.030376434326172
19.776182174682617,19.05240821838379,17.955957412719727,17.082199096679688,17.175004959106445,18.003515243530273,18.813682556152344,19.489057540893555,20.426424026489258,21.57648468017578,22.25245475769043,22.141929626464844,21.902311325073242,22.021923065185547,22.467432022094727,22.26866340637207,21.543458938598633,21.478439331054688,22.13710594177246,22.455303192138672,22.770305633544922,23.921571731567383,25.437423706054688,26.646909713745117,25.715473175048828,23.223901748657227,22.997148513793945,25.008766174316406,25.9655818939209,25.36065673828125,23.858783721923828,22.375818252563477,22.21967315673828,22.27149772644043,21.52237892150879,21.941442489624023,23.44536781311035,24.5323543548584,24.820131301879883,24.95595932006836,25.63874053955078,26.175369262695312,26.20417594909668,25.79282569885254
19.155820846557617,18.387344360351562,17.114078521728516,15.968247413635254,15.26098346710205,15.307781219482422,15.878753662109375,16.715181350708008,17.988182067871094,19.401533126831055,20.472938537597656,21.003246307373047,21.699033737182617,22.722604751586914,23.3218994140625,22.768800735473633,21.780351638793945,21.493532180786133,21.868736267089844,22.249956130981445,22.883787155151367,24.715248107910156,26.7611141204834,27.810440063476562,26.427030563354492,23.69282341003418,22.721656799316406,24.497488021850586,26.237300872802734,27.250343322753906,26.3505859375,24.621904373168945,23.540536880493164,23.13922119140625,22.45244789123535,22.142122268676758,23.11160659790039,24.467880249023438,25.67915916442871,26.683963775634766,27.16615867614746,27.31403923034668,26.99384117126465,26.01567840576172
17.495376586914062,16.87654685974121,15.505287170410156,14.361286163330078,13.639577865600586,13.453475952148438,13.853038787841797,14.798257827758789,16.24571990966797,17.756776809692383,18.695058822631836,19.402902603149414,20.796916961669922,22.34467887878418,22.733591079711914,21.795663833618164,21.151243209838867,21.335588455200195,21.704681396484375,21.941089630126953,22.522411346435547,24.58220672607422,27.34767723083496,28.761857986450195,27.386018753051758,25.04007339477539,23.662925720214844,24.23775291442871,26.272066116333008,27.909374237060547,27.062299728393555,25.738574981689453,25.25424575805664,25.03004264831543,24.41976547241211,23.595375061035156,23.54197883605957,24.67607879638672,26.1160945892334,27.3518009185791,28.279470443725586,28.48937225341797,28.18140983581543,26.942218780517578
14.327913284301758,14.718230247497559,14.698264122009277,14.249844551086426,13.456110000610352,12.815014839172363,12.813841819763184,13.644744873046875,15.100128173828125,16.695388793945312,17.408815383911133,18.041011810302734,20.303424835205078,21.79412269592285,21.380142211914062,20.517242431640625,20.51413917541504,20.9549503326416,21.218778610229492,21.447113037109375,22.025646209716797,23.866506576538086,26.789913177490234,28.616790771484375,27.896081924438477,26.27739143371582,25.018590927124023,25.00614356994629,26.680545806884766,28.384187698364258,27.329252243041992,25.805313110351562,25.738887786865234,26.609529495239258,26.755054473876953,25.613027572631836,25.09494400024414,26.19217300415039,27.02140235900879,27.82774543762207,28.717947006225586,29.215782165527344,29.29204750061035,28.232826232910156
12.507181167602539,13.110416412353516,13.946914672851562,14.31834888458252,13.716169357299805,12.852232933044434,12.550531387329102,13.08091926574707,13.986590385437012,15.252813339233398,16.06673812866211,16.59417724609375,19.143844604492188,20.591367721557617,19.977319717407227,19.36968994140625,19.686887741088867,20.28934097290039,20.487106323242188,20.58420181274414,21.134572982788086,22.731042861938477,25.412996292114258,27.334638595581055,27.57402229309082,27.149324417114258,26.18773651123047,25.638809204101562,26.673477172851562,28.795936584472656,28.517900466918945,26.451324462890625,25.37427520751953,26.6381778717041,28.42888069152832,28.006179809570312,27.262727737426758,27.75834083557129,28.073535919189453,28.587970733642578,29.18810272216797,29.637723922729492,29.898828506469727,29.353309631347656
11.910158157348633,11.170231819152832,11.540091514587402,12.364873886108398,12.550309181213379,12.279112815856934,12.063801765441895,12.35152816772461,12.717400550842285,13.51260757446289,14.299864768981934,14.88526725769043,17.970762252807617,19.6947078704834,18.80901336669922,17.920055389404297,18.229768753051758,18.986888885498047,19.109464645385742,19.031564712524414,19.454145431518555,21.181480407714844,24.008567810058594,25.896038055419922,26.509031295776367,26.781047821044922,26.605609893798828,26.36118507385254,26.710084915161133,28.45203971862793,29.306900024414062,27.888830184936523,26.918781280517578,27.431245803833008,29.172752380371094,30.02388572692871,29.201562881469727,28.686872482299805,29.04253578186035,29.715024948120117,29.822349548339844,30.327747344970703,30.882205963134766,30.54212760925293
