data/wind_data/wind_70_5.json
{"header": {"parameterUnit": "KT", "parameterCategory": 2, "nx": 256, "ny": 198, "lo1": 44.73521041870117, "la1": -3.236724853515625, "lo2": 111.26478576660156, "la2": 43.468475341796875, "dx": 0.2609002888202667, "dy": -0.23708222806453705, "refTime": "2025-02-21 22:00:00", "forecastTime": 0, "parameterNumber": 2, "parameterNumberName": "eastward_wind"}, "data":
[rows 114 to 132 of 198, columns 132 to 175 of 256]
27.620651245117188,27.23141860961914,26.395048141479492,25.560710906982422,25.033008575439453,24.808300018310547,24.6187686920166,24.570451736450195,24.539531707763672,24.514123916625977,24.66865348815918,25.044483184814453,25.404821395874023,25.121688842773438,24.706193923950195,24.651206970214844,24.6810359954834,24.536096572875977,24.38254165649414,24.56123924255371,24.919912338256836,25.30083656311035,25.780046463012695,26.592498779296875,27.896278381347656,29.605365753173828,31.415468215942383,33.047515869140625,34.01617431640625,34.228546142578125,33.791664123535156,32.90986633300781,31.91209602355957,31.054386138916016,30.531272888183594,30.489206314086914,30.965391159057617,31.79131317138672,32.324859619140625,32.353607177734375,32.32646560668945,32.93408203125,33.823726654052734,34.366268157958984
28.11328125,27.474458694458008,26.210521697998047,25.14226722717285,24.63657569885254,24.423240661621094,24.08412742614746,23.922508239746094,23.84830093383789,23.663196563720703,23.738183975219727,24.124223709106445,24.529756546020508,24.554574966430664,24.5208683013916,24.465877532958984,24.359477996826172,24.276493072509766,24.473424911499023,25.174156188964844,26.028295516967773,26.531198501586914,26.814985275268555,27.431671142578125,28.63107681274414,30.330698013305664,32.023921966552734,33.18622970581055,33.805458068847656,33.802242279052734,33.44483947753906,32.96192169189453,32.40132522583008,31.876483917236328,31.600685119628906,31.700048446655273,32.2174186706543,32.93655014038086,33.49569320678711,33.79471969604492,34.15250778198242,34.78737258911133,35.57167053222656,36.26587677001953
27.873126983642578,26.81100845336914,25.335926055908203,24.260889053344727,23.82994270324707,23.52847671508789,23.05145263671875,23.025859832763672,23.332382202148438,23.276512145996094,23.301280975341797,23.623395919799805,23.970779418945312,24.168025970458984,24.423683166503906,24.51432228088379,24.419761657714844,24.514812469482422,24.985828399658203,25.705551147460938,26.47165298461914,27.180944442749023,27.877437591552734,28.74260139465332,29.93667221069336,31.324228286743164,32.63512420654297,33.40653610229492,33.6167106628418,33.407325744628906,33.136878967285156,32.9345588684082,32.72430419921875,32.62404251098633,32.824764251708984,33.12607955932617,33.50508499145508,34.112979888916016,34.78611373901367,35.45491027832031,35.9986572265625,36.506595611572266,37.3178825378418,38.37315368652344
26.624597549438477,25.240602493286133,23.983423233032227,23.280664443969727,23.039793014526367,22.763965606689453,22.289308547973633,22.358936309814453,23.089832305908203,23.330163955688477,23.473072052001953,23.808557510375977,23.964542388916016,24.006986618041992,24.201345443725586,24.421791076660156,24.674089431762695,25.16620635986328,25.867156982421875,26.57404327392578,27.18037986755371,27.82270050048828,28.73699188232422,29.96477699279785,31.306406021118164,32.3984375,33.05596923828125,33.45352554321289,33.64696502685547,33.556297302246094,33.36264419555664,33.2921257019043,33.281063079833984,33.46554183959961,34.01827621459961,34.36516571044922,34.4571647644043,34.876277923583984,35.9273681640625,37.04975509643555,37.53136444091797,37.8777961730957,38.98356628417969,40.58131790161133
24.647130966186523,23.25554847717285,22.746232986450195,22.75809669494629,22.72193145751953,22.40407943725586,21.906761169433594,21.977252960205078,23.019729614257812,23.705860137939453,24.156291961669922,24.517948150634766,24.54943084716797,24.349323272705078,24.28141212463379,24.448848724365234,24.946786880493164,25.79045295715332,26.761980056762695,27.690298080444336,28.44206428527832,29.069414138793945,29.879379272460938,30.920204162597656,31.79464340209961,32.214263916015625,32.44959259033203,33.02656936645508,33.66383743286133,33.98940658569336,34.22990417480469,34.45998001098633,34.58009338378906,35.04045486450195,35.59770202636719,35.35900115966797,34.86207580566406,35.400489807128906,37.01625442504883,38.397300720214844,38.627197265625,39.05221176147461,40.67753982543945,42.764530181884766
22.4757137298584,21.596887588500977,21.84759521484375,22.317562103271484,22.204439163208008,21.72269058227539,21.346057891845703,21.563861846923828,22.802961349487305,23.921489715576172,24.646806716918945,25.00574493408203,25.076656341552734,24.96043586730957,24.807937622070312,24.906482696533203,25.520090103149414,26.57013702392578,27.790000915527344,28.866180419921875,29.612749099731445,30.091598510742188,30.453596115112305,30.775362014770508,31.13166046142578,31.58781623840332,32.317054748535156,33.477787017822266,34.819557189941406,35.20520782470703,35.23596954345703,36.22962188720703,37.62261962890625,38.09276580810547,36.99164962768555,36.73284149169922,37.0540885925293,37.700687408447266,39.25009536743164,40.93519592285156,39.02604675292969,39.00946807861328,43.05156326293945,45.39993667602539
21.32921600341797,20.88678550720215,21.039472579956055,21.244762420654297,21.22527313232422,21.158960342407227,21.124988555908203,21.617494583129883,22.71705436706543,23.525197982788086,23.99995994567871,24.484512329101562,24.930225372314453,25.3095645904541,25.454118728637695,25.618915557861328,26.227293014526367,27.177444458007812,28.147489547729492,29.001079559326172,29.70671844482422,30.188796997070312,30.223783493041992,30.137842178344727,30.609615325927734,31.68316078186035,33.15236282348633,34.91523742675781,36.94102096557617,37.74690628051758,36.868099212646484,37.72230911254883,40.34483337402344,42.813724517822266,40.023319244384766,37.92117691040039,39.97368240356445,42.30720901489258,43.69388961791992,43.84015655517578,39.602294921875,38.881675720214844,43.351280212402344,45.25424575805664
21.898284912109375,21.142742156982422,20.672576904296875,20.45987892150879,20.51662826538086,20.682659149169922,21.13622283935547,22.02549934387207,22.8481502532959,23.032541275024414,23.230289459228516,23.814327239990234,24.54204559326172,25.275484085083008,25.924802780151367,26.521108627319336,27.092670440673828,27.473833084106445,27.752336502075195,28.347211837768555,29.388286590576172,30.591543197631836,31.496356964111328,31.91526222229004,32.30766677856445,33.0344123840332,34.58991241455078,37.05120086669922,40.01506805419922,41.26205825805664,39.26291275024414,39.565921783447266,41.948917388916016,45.87554168701172,44.082122802734375,40.10525131225586,42.220306396484375,45.47034454345703,47.059627532958984,42.145084381103516,38.141632080078125,38.57175064086914,39.58952331542969,39.217201232910156
23.42717742919922,22.028247833251953,20.872892379760742,20.25067901611328,20.187410354614258,20.750865936279297,21.728321075439453,22.79551887512207,23.297433853149414,23.240346908569336,23.257108688354492,23.783031463623047,24.802555084228516,25.995559692382812,27.221641540527344,28.335792541503906,29.027769088745117,29.09933853149414,28.96980094909668,29.06763458251953,29.676376342773438,31.250410079956055,33.61029815673828,34.87636184692383,35.06472396850586,35.49068832397461,37.45504379272461,41.10664367675781,45.61092758178711,48.598167419433594,44.32625198364258,42.18928146362305,43.28196716308594,47.68922424316406,49.5416259765625,43.24748229980469,40.67334747314453,42.4452018737793,45.461700439453125,39.1663818359375,34.49284744262695,33.338768005371094,34.33158493041992,35.43677520751953
24.233280181884766,22.736478805541992,21.596397399902344,20.657087326049805,20.538461685180664,21.60733985900879,22.919893264770508,23.649194717407227,23.7080078125,23.69560432434082,24.116901397705078,25.226299285888672,26.98265266418457,28.911924362182617,30.56378746032715,31.6928768157959,31.972536087036133,31.46889877319336,30.961347579956055,30.491077423095703,30.313283920288086,31.143131256103516,33.29496383666992,35.673614501953125,37.14504623413086,38.326683044433594,41.08843231201172,45.36115264892578,50.9241943359375,56.9158821105957,52.138206481933594,45.611412048339844,43.33151626586914,46.79444885253906,52.4930305480957,45.510467529296875,36.82723617553711,35.996280670166016,41.61483383178711,41.1992073059082,36.84304428100586,33.24930953979492,32.43391036987305,36.6655158996582
24.02591323852539,23.294580459594727,22.318479537963867,21.16141128540039,21.156259536743164,22.59580421447754,24.03188133239746,24.378454208374023,24.192787170410156,24.536577224731445,26.162216186523438,28.80315399169922,31.158748626708984,32.488136291503906,33.212284088134766,33.65355682373047,33.61300277709961,32.85374450683594,32.262596130371094,32.0986328125,32.430057525634766,33.60592269897461,35.749176025390625,38.7103271484375,42.51856994628906,45.245765686035156,46.97826385498047,49.65352249145508,53.519222259521484,58.179866790771484,55.70759201049805,47.84281539916992,42.94212341308594,47.61725616455078,53.74684524536133,54.21881103515625,53.0497932434082,52.385986328125,51.41364288330078,49.24199295043945,45.82897186279297,43.337303161621094,41.25312423706055,43.63019561767578
23.95599937438965,23.147615432739258,21.927078247070312,21.39485740661621,22.31574249267578,24.161174774169922,25.22532844543457,25.158424377441406,25.24354362487793,26.650684356689453,29.368534088134766,32.19769287109375,34.080360412597656,35.16018295288086,36.06638717651367,36.00699234008789,35.836544036865234,36.10750198364258,36.13971710205078,36.473480224609375,38.058753967285156,40.16518020629883,41.81448745727539,43.29637908935547,47.08374786376953,52.47130584716797,54.03369903564453,54.31694793701172,55.379913330078125,55.35965347290039,54.18312072753906,51.74802017211914,49.880916595458984,49.54735565185547,49.201419830322266,49.18131637573242,50.72142028808594,51.936309814453125,49.807464599609375,45.82303237915039,43.58852767944336,43.5072135925293,45.17335891723633,46.696678161621094
23.324113845825195,22.33820915222168,22.11939811706543,22.9249267578125,24.465085983276367,25.761730194091797,26.222755432128906,26.434326171875,27.288602828979492,29.172258377075195,31.251834869384766,32.81484603881836,34.45332336425781,36.91044235229492,39.636802673339844,40.873191833496094,41.13990783691406,42.378318786621094,44.4664306640625,46.13282775878906,47.76480484008789,48.39069366455078,47.66017532348633,47.40813064575195,49.467620849609375,52.83512878417969,53.69828796386719,53.375709533691406,52.691410064697266,51.9701042175293,52.3874397277832,52.06315612792969,50.066646575927734,47.819637298583984,47.15392303466797,48.06820297241211,49.77943801879883,50.34942626953125,47.76863098144531,43.85375213623047,42.54471206665039,44.25369644165039,45.96580123901367,46.18073654174805
22.780363082885742,22.78931999206543,23.36174201965332,24.337257385253906,25.622447967529297,26.87980842590332,28.020936965942383,28.6209774017334,29.0823974609375,30.979482650756836,33.438453674316406,34.66340637207031,35.886207580566406,38.2591438293457,42.032440185546875,46.98301315307617,49.79227066040039,48.219696044921875,48.38898849487305,51.635929107666016,53.149776458740234,51.48897933959961,49.56000900268555,47.016448974609375,44.572731018066406,45.24568557739258,48.65034103393555,50.400203704833984,50.87763977050781,51.37892150878906,51.52796936035156,52.002349853515625,50.24789047241211,46.35599136352539,45.335540771484375,46.756492614746094,47.38838577270508,46.63443374633789,44.24637985229492,41.71504211425781,40.91434860229492,43.54550552368164,47.739994049072266,48.8880500793457
23.682109832763672,24.359336853027344,24.924867630004883,25.381465911865234,26.36251449584961,28.304946899414062,30.515033721923828,31.060531616210938,31.63648796081543,33.93173599243164,36.91612243652344,38.62228775024414,39.48929977416992,40.98172378540039,43.663700103759766,48.38140106201172,55.14789581298828,55.831443786621094,52.19784164428711,51.52930450439453,51.72755813598633,49.07900619506836,47.384769439697266,46.53822326660156,45.58789825439453,46.807594299316406,49.82947540283203,51.40837097167969,51.158775329589844,50.54030990600586,50.205692291259766,50.52643966674805,47.935001373291016,44.46543502807617,43.95109939575195,44.11948013305664,43.39569091796875,43.0645751953125,41.993499755859375,40.25017547607422,40.372039794921875,44.039451599121094,48.489505767822266,49.23075866699219
25.202903747558594,26.365598678588867,27.215892791748047,27.150482177734375,27.50373077392578,30.27151870727539,33.12934494018555,34.5039176940918,35.4979362487793,36.387977600097656,37.72555160522461,39.731143951416016,42.32453155517578,45.50074768066406,47.51601791381836,49.328636169433594,55.7481689453125,59.70092010498047,56.113712310791016,49.73455047607422,46.12797927856445,44.408302307128906,44.605308532714844,46.23418426513672,48.14107894897461,49.542057037353516,51.083953857421875,52.454498291015625,51.2396354675293,48.57490921020508,47.60014343261719,47.04340362548828,44.671661376953125,42.768550872802734,41.85477828979492,40.867218017578125,40.39247512817383,40.176795959472656,39.57951354980469,39.63433837890625,41.06977081298828,43.72352600097656,46.72239303588867,48.11471176147461
26.773448944091797,28.240562438964844,28.946767807006836,28.300168991088867,28.309005737304688,31.228242874145508,34.75331497192383,36.971435546875,37.49211120605469,37.029396057128906,37.261131286621094,39.09152603149414,42.898590087890625,48.07484436035156,51.78659439086914,54.72663116455078,58.188838958740234,59.06482696533203,53.5041618347168,45.336238861083984,42.283287048339844,42.92829513549805,44.494415283203125,46.55332946777344,48.038326263427734,47.63816452026367,47.225162506103516,47.839290618896484,47.00599670410156,44.649105072021484,43.44125747680664,42.77727127075195,41.296730041503906,40.19490051269531,39.59274673461914,39.461265563964844,39.87672424316406,39.19025802612305,37.55575942993164,38.2512321472168,40.99086380004883,42.769859313964844,44.501399993896484,47.30421829223633
27.6289005279541,28.09587860107422,28.147451400756836,27.986928939819336,29.027936935424805,32.49720001220703,37.31753921508789,41.95125198364258,43.97011947631836,42.52619934082031,39.32209396362305,37.52785110473633,41.34023666381836,50.0750846862793,57.37537384033203,59.500640869140625,55.371402740478516,49.23181915283203,45.45938491821289,44.50735092163086,46.02703857421875,47.02914810180664,46.510555267333984,45.86698913574219,44.997615814208984,43.54643630981445,42.198402404785156,41.52644729614258,41.012699127197266,39.680728912353516,39.029869079589844,39.171058654785156,38.636962890625,39.482391357421875,40.80720138549805,41.22942352294922,41.39459228515625,40.2829475402832,38.238929748535156,38.375831604003906,41.11165237426758,43.67351150512695,45.398231506347656,48.291866302490234
28.397010803222656,28.50896644592285,29.327899932861328,31.175369262695312,34.08024978637695,38.07365798950195,43.817378997802734,49.317955017089844,52.65134811401367,49.29341125488281,42.233882904052734,39.767391204833984,46.77280044555664,56.97608184814453,60.97489547729492,55.25356674194336,45.57344055175781,41.35396194458008,42.37820816040039,44.5357780456543,46.046836853027344,45.48882293701172,43.75749588012695,42.027225494384766,39.40468215942383,37.20150375366211,36.54622268676758,36.50151824951172,37.030670166015625,37.933467864990234,39.06703567504883,39.87189865112305,39.33201599121094,39.59527587890625,41.24309158325195,42.233333587646484,41.78087615966797,40.18144226074219,39.47118377685547,40.60076904296875,43.12419128417969,45.884849548339844,47.06523895263672,47.53425216674805
