data/wind_data/wind_Surface_24.json
{"header": {"parameterUnit": "KT", "parameterCategory": 2, "nx": 255, "ny": 198, "lo1": 44.73521041870117, "la1": -3.236724853515625, "lo2": 111.26478576660156, "la2": 43.468475341796875, "dx": 0.26192745566368103, "dy": -0.23708222806453705, "refTime": "2025-02-20 00:00:00", "forecastTime": 0, "parameterNumber": 2, "parameterNumberName": "eastward_wind"}, "data":
[rows 133 to 151 of 198, columns 172 to 214 of 255]
8.118846893310547,10.393321990966797,9.821638107299805,5.404115200042725,0.6964893937110901,-2.356544017791748,-4.5967912673950195,-5.126267910003662,-3.8790879249572754,-1.761621117591858,2.413806200027466,4.623746871948242,2.0873725414276123,-0.20928232371807098,0.24230822920799255,0.780924916267395,0.48240578174591064,3.968125343322754,7.804976463317871,7.660799503326416,0.12852734327316284,-6.3077239990234375,-5.991771221160889,-3.6485536098480225,-2.153749704360962,-1.097338080406189,4.137406349182129,8.05838394165039,4.027311325073242,-1.3343874216079712,2.750312328338623,7.28548526763916,4.683603286743164,5.1676483154296875,5.134820938110352,-2.0305466651916504,-3.283379077911377,3.26269793510437,8.220666885375977,9.833320617675781,10.274161338806152,10.703577041625977,5.3541789054870605
7.3530049324035645,10.131155967712402,10.125261306762695,6.455957412719727,2.190762519836426,-1.3540480136871338,-5.136997699737549,-5.461817264556885,-3.2155396938323975,0.014824206940829754,3.0732152462005615,3.3969509601593018,1.6796830892562866,-1.1262520551681519,-0.7720217108726501,2.5253496170043945,5.187298774719238,5.209202289581299,2.1647212505340576,-1.419460654258728,-4.0306782722473145,-3.859894275665283,-3.0437910556793213,0.49835890531539917,6.040511131286621,5.262463569641113,2.1460750102996826,3.2773945331573486,6.091041088104248,6.164128303527832,6.3115410804748535,4.604615211486816,1.9701156616210938,4.320746421813965,5.6438751220703125,-1.6288233995437622,-4.087327480316162,2.8000259399414062,7.912891864776611,10.16503620147705,11.122344017028809,8.973233222961426,3.1386208534240723
5.477163791656494,3.9753355979919434,2.9428467750549316,2.3198835849761963,2.0804574489593506,-1.448517918586731,-4.5909013748168945,-5.440345287322998,-2.1801371574401855,1.7570799589157104,2.14782977104187,0.9097158312797546,1.01326322555542,0.14636361598968506,0.09472008049488068,4.576069355010986,5.753575325012207,1.2690770626068115,-2.4148313999176025,-3.4178457260131836,-3.225137710571289,0.279866099357605,2.348238468170166,4.381707668304443,5.968106746673584,3.539527416229248,-1.2772011756896973,2.056274890899658,7.296757221221924,8.347856521606445,4.237144947052002,2.5129168033599854,3.4036428928375244,4.1439409255981445,6.424973487854004,2.637848138809204,-1.2064625024795532,3.832491636276245,8.692822456359863,10.830845832824707,9.36647891998291,7.671194553375244,5.584140300750732
3.2676844596862793,5.304537296295166,12.102750778198242,13.775272369384766,4.92723274230957,-6.04773473739624,-5.7800421714782715,-4.404390335083008,-0.1508522480726242,4.297356605529785,3.086841583251953,-0.011043188162147999,0.39130449295043945,0.7766337394714355,-0.296539843082428,1.9799154996871948,3.709894895553589,1.0782525539398193,1.2608202695846558,1.6609115600585938,1.2187707424163818,3.498857259750366,3.6629912853240967,1.7282661199569702,2.0232813358306885,-0.00542604411020875,-0.5918046236038208,4.465469837188721,8.65061092376709,5.106112957000732,1.5508601665496826,4.236605644226074,6.6825408935546875,5.28159236907959,5.713744640350342,3.408296823501587,0.9082087874412537,4.504819869995117,9.161919593811035,10.000081062316895,7.340267658233643,7.846472263336182,8.8646879196167
4.111721038818359,2.8695569038391113,6.824402809143066,7.641711711883545,1.2085239887237549,-4.34832763671875,-2.2224366664886475,-0.19812487065792084,2.74505877494812,4.685918807983398,2.9781124591827393,0.1275186985731125,-0.921015739440918,-0.1123901978135109,0.9580790400505066,2.770296335220337,4.364551544189453,4.496372222900391,4.266631126403809,3.5058131217956543,1.9341628551483154,2.7313711643218994,1.9811936616897583,0.13293921947479248,1.147149920463562,2.6465158462524414,3.8838202953338623,7.4620866775512695,7.225544452667236,2.697153091430664,2.183551073074341,5.802689552307129,8.028326034545898,6.307920455932617,3.5364797115325928,2.0787832736968994,2.7034263610839844,4.434088230133057,6.5852837562561035,8.58828067779541,7.938573360443115,8.789875030517578,8.662477493286133
3.3892734050750732,3.14569354057312,6.847764492034912,5.499494552612305,0.2401300072669983,-0.11097449064254761,2.222358465194702,3.379723072052002,3.93410587310791,2.927273750305176,1.5376957654953003,0.6146114468574524,-1.0095170736312866,-0.7353008985519409,3.042505979537964,5.7566328048706055,5.469242095947266,3.969048023223877,0.45897984504699707,0.9433491826057434,1.8125007152557373,0.04637700691819191,0.47079554200172424,0.2941332757472992,0.918931782245636,4.579664707183838,6.654085636138916,6.297451496124268,3.592327117919922,2.3904836177825928,5.205211162567139,6.127854824066162,6.779310703277588,8.20452880859375,3.4528355598449707,1.068081021308899,2.8752527236938477,2.8875627517700195,4.803060054779053,8.538381576538086,9.041665077209473,7.452540874481201,4.4348015785217285
5.217670440673828,4.952853202819824,6.746824264526367,4.4369282722473145,1.1167017221450806,2.6333961486816406,3.569028615951538,1.9470535516738892,-1.1027209758758545,-3.365910291671753,-3.9939513206481934,-2.961179256439209,-4.499737739562988,-3.594158887863159,1.3662323951721191,4.447129249572754,4.167488098144531,0.43451106548309326,-5.006762504577637,-4.621315002441406,-1.7708441019058228,-1.210740566253662,0.6092000603675842,2.9734251499176025,5.780594825744629,7.014782428741455,6.801865100860596,3.7713186740875244,0.434402734041214,0.9874288439750671,4.9209089279174805,5.578224182128906,6.027397632598877,7.956268787384033,6.044508934020996,4.093280792236328,1.7839956283569336,1.4157780408859253,5.082117080688477,8.449263572692871,8.558761596679688,6.455883979797363,4.228268623352051
3.217864990234375,3.7225866317749023,4.775501251220703,5.914330005645752,5.223355770111084,3.5840606689453125,1.76177978515625,-0.9219433069229126,-3.1194846630096436,-4.119191646575928,-3.9795913696289062,-4.599356174468994,-6.247502326965332,-4.855205059051514,2.708688497543335,4.0558295249938965,-1.651259183883667,-4.455189228057861,-3.9877407550811768,-3.1926255226135254,-3.1361823081970215,-2.29402756690979,2.6752471923828125,7.520506858825684,8.256030082702637,7.941397666931152,5.964631080627441,4.041414737701416,0.601891815662384,2.105161666870117,4.978131294250488,4.287947177886963,5.124457359313965,6.31480598449707,6.3786139488220215,9.237774848937988,9.307022094726562,6.955314636230469,6.780823230743408,6.115513324737549,6.690462589263916,6.489391326904297,4.220624923706055
2.508610248565674,3.2237555980682373,3.9765851497650146,4.34758996963501,3.3366992473602295,0.5625694990158081,-0.8886510729789734,-2.7953062057495117,-3.8408095836639404,-3.3968169689178467,-3.3851406574249268,-3.7532050609588623,-3.524531602859497,-2.9857423305511475,1.4068920612335205,0.2441701591014862,-5.092550754547119,-6.222048282623291,-4.65317964553833,-0.3693788945674896,1.4137269258499146,2.1153573989868164,7.3929595947265625,9.19204330444336,8.019488334655762,6.038891315460205,5.107680797576904,3.591883420944214,3.3621537685394287,4.650966644287109,2.892954111099243,-0.04449179768562317,4.119826316833496,6.504827499389648,7.171075820922852,11.678892135620117,12.4667329788208,7.25338077545166,4.646462917327881,5.334951400756836,6.62105655670166,5.842632293701172,4.282591342926025
2.490544080734253,2.625636577606201,2.673635482788086,0.9076544046401978,-2.3272573947906494,-4.1612348556518555,-3.019641637802124,-2.5160844326019287,-3.3377225399017334,-4.867111682891846,-5.22506856918335,-4.0322585105896,-3.31239652633667,-1.322405219078064,0.5176589488983154,-1.5912178754806519,-4.703278064727783,-5.059972763061523,-3.8478007316589355,0.6077515482902527,5.451024055480957,6.466972351074219,7.631188869476318,8.04677677154541,6.1041436195373535,4.7812323570251465,3.572834014892578,0.23314931988716125,-0.8412185311317444,-0.5312063694000244,-1.888817310333252,-0.034969914704561234,4.554336071014404,5.676208972930908,7.440985679626465,11.662351608276367,10.9904203414917,5.608065128326416,3.847200393676758,5.56658411026001,5.854888439178467,6.099636077880859,6.379758834838867
-1.0093580484390259,-2.0690484046936035,-2.3470165729522705,-2.06009578704834,-3.12673282623291,-4.371252536773682,-5.724123477935791,-4.36690092086792,-3.8944478034973145,-4.459293842315674,-4.763813018798828,-5.27810001373291,-4.300452709197998,-2.3849680423736572,-3.0825374126434326,-4.385201454162598,-4.31210470199585,-1.1091094017028809,1.9911125898361206,3.4718852043151855,5.931669235229492,7.0251922607421875,6.077862739562988,6.856418609619141,6.8226165771484375,4.852816104888916,1.893087387084961,-1.4459065198898315,0.31307098269462585,4.290482044219971,5.163650989532471,4.010378360748291,4.7171831130981445,5.664560794830322,7.723106384277344,9.976909637451172,8.505546569824219,6.446959018707275,5.697747230529785,4.773288726806641,4.718959331512451,7.340279579162598,6.576812744140625
-3.867875576019287,-3.702124834060669,-2.7029526233673096,-2.418853282928467,-3.4458627700805664,-4.300044536590576,-5.231603145599365,-5.802674293518066,-5.459974765777588,-5.196031093597412,-4.865603923797607,-3.7613861560821533,-2.235988140106201,-0.858125627040863,-0.8254878520965576,-1.5143921375274658,-1.1127240657806396,1.486764669418335,3.8670811653137207,5.159478187561035,7.334788799285889,6.957370758056641,5.7385334968566895,7.767653942108154,6.027970314025879,2.1054842472076416,0.9417840838432312,1.0692089796066284,5.10350227355957,9.101144790649414,6.681694507598877,0.9523681402206421,4.458404541015625,7.9103593826293945,7.95673942565918,9.253411293029785,7.397279262542725,6.464083194732666,6.372532367706299,5.796994209289551,7.2106218338012695,7.356101036071777,4.239531517028809
-3.1107161045074463,-3.6496057510375977,-3.410386085510254,-4.187315940856934,-4.916055679321289,-4.754345417022705,-4.940997123718262,-5.659414768218994,-4.968276500701904,-2.96928071975708,-1.5000011920928955,-0.5813693404197693,0.9512350559234619,1.972338318824768,1.5574642419815063,0.8183091878890991,-0.03120739758014679,0.41914987564086914,3.591312885284424,6.004101753234863,6.814133167266846,5.507264614105225,4.767673492431641,7.3944244384765625,5.418741226196289,0.6128079891204834,0.7794387936592102,4.01021146774292,5.7456159591674805,6.786634922027588,6.116096496582031,6.265683174133301,7.844640731811523,7.221034049987793,5.13710880279541,5.615219593048096,6.951527118682861,7.488337516784668,5.6837921142578125,4.850530624389648,6.30143928527832,6.734656810760498,4.757034778594971
-0.9395729899406433,-3.193511724472046,-3.2083933353424072,-5.036895751953125,-7.536818504333496,-5.756722450256348,-3.5215225219726562,-2.8183698654174805,-2.4977362155914307,-0.7438876628875732,1.2643938064575195,1.496814489364624,1.1907402276992798,0.5204658508300781,-0.5118994116783142,-0.7071335911750793,0.25375425815582275,1.7631522417068481,4.349422931671143,5.9506306648254395,4.682877540588379,2.6002445220947266,4.1194634437561035,6.811263561248779,7.771888256072998,4.875326156616211,4.863206386566162,6.582859039306641,3.519055128097534,1.0501266717910767,6.896379470825195,10.161284446716309,5.46752405166626,1.2959544658660889,0.774543046951294,3.581298589706421,6.811912536621094,8.367445945739746,7.07155179977417,6.036843776702881,6.351537227630615,6.933992385864258,3.8475558757781982
-1.4101401567459106,-1.2111530303955078,-2.313446283340454,-5.375631332397461,-6.815659523010254,-3.3671061992645264,0.854633629322052,1.8543604612350464,0.9140219688415527,0.8325620889663696,1.8041199445724487,1.553827166557312,-0.10373295098543167,-1.6553000211715698,-1.532248854637146,0.045984432101249695,2.1176726818084717,3.107042074203491,2.78332781791687,1.7991013526916504,2.1447622776031494,4.3889479637146,7.250258922576904,8.773653030395508,8.335000038146973,7.689372539520264,8.56102466583252,6.973140239715576,2.0269010066986084,1.9698162078857422,6.489814281463623,6.566713333129883,2.725301742553711,1.4630526304244995,4.142158031463623,7.298949241638184,9.008821487426758,7.972412586212158,6.3169684410095215,6.548996925354004,6.465723037719727,4.506284236907959,2.7045974731445312
-2.9141430854797363,-3.3244242668151855,-1.8784174919128418,-2.749945640563965,-2.550062894821167,2.0597658157348633,3.991436243057251,2.9029624462127686,1.4824860095977783,0.7365927696228027,1.0352705717086792,1.350765585899353,0.12448648363351822,-0.7665772438049316,0.17105670273303986,1.811008095741272,2.406824827194214,0.3617624044418335,-1.7723944187164307,1.1672965288162231,5.9105143547058105,8.275531768798828,9.065450668334961,9.297828674316406,8.486148834228516,8.493833541870117,7.291088104248047,6.31968355178833,6.927687644958496,6.879059314727783,6.10186767578125,4.6375603675842285,2.5956802368164062,3.1786489486694336,6.380047798156738,9.867894172668457,9.441794395446777,6.582115650177002,5.105301856994629,5.5074310302734375,5.404438018798828,4.930809497833252,5.850132942199707
-0.25600889325141907,-3.066848039627075,-1.3441946506500244,1.5112577676773071,1.5997222661972046,2.2398481369018555,1.9461169242858887,1.1197800636291504,0.9734464883804321,1.089983582496643,1.1057956218719482,0.8195584416389465,0.6181176900863647,1.763380765914917,2.7895545959472656,1.7970021963119507,-0.23074132204055786,-1.1426461935043335,0.1188601553440094,3.90877628326416,10.033570289611816,10.912702560424805,9.23493766784668,7.755411624908447,6.412542819976807,6.127569675445557,5.887681484222412,7.005614280700684,7.737673759460449,7.486046314239502,8.015091896057129,5.514789581298828,3.243767261505127,3.237403154373169,7.174516201019287,8.208507537841797,6.104407787322998,5.457137584686279,4.740394115447998,3.844870090484619,4.174405097961426,5.46513557434082,7.300048351287842
0.36371222138404846,-3.3246703147888184,-1.1752716302871704,4.456202030181885,5.543647289276123,2.2934391498565674,0.9015687704086304,1.3646178245544434,1.5325069427490234,1.680425763130188,1.6626776456832886,0.9817994236946106,1.115426778793335,2.28610897064209,1.8964776992797852,-0.9113591909408569,-1.8313966989517212,0.5000709295272827,3.3451521396636963,6.585362434387207,8.927909851074219,10.320374488830566,9.43678092956543,4.531248092651367,2.703573226928711,6.096697807312012,7.69945764541626,8.041535377502441,7.002808570861816,5.990183353424072,8.297245979309082,9.362574577331543,6.052014350891113,4.908614635467529,6.891577243804932,5.77902364730835,5.0758819580078125,5.522783279418945,4.32981538772583,3.949901580810547,5.644555568695068,7.010112285614014,6.731401443481445
0.4027082026004791,-1.4839808940887451,0.8188332915306091,4.99277925491333,4.294412136077881,1.9235907793045044,0.8994748592376709,1.1536669731140137,0.9734179973602295,1.3554797172546387,1.9874036312103271,0.8061443567276001,0.022741535678505898,0.8512377738952637,-0.2042858600616455,-1.4610356092453003,0.48168978095054626,3.7973732948303223,6.445959568023682,7.117671012878418,7.095163822174072,11.008172035217285,9.599987983703613,1.4612951278686523,1.5896282196044922,6.6725029945373535,7.77354097366333,7.216670513153076,7.530145645141602,8.110352516174316,10.902023315429688,13.214330673217773,10.96204948425293,7.671297550201416,6.732490539550781,4.388305187225342,3.4453630447387695,4.873749732971191,6.28562593460083,7.617057800292969,7.520101070404053,6.9177374839782715,6.669018745422363
