data/wind_data/wind_9_1.json
{"header": {"parameterUnit": "KT", "parameterCategory": 2, "nx": 256, "ny": 198, "lo1": 44.73521041870117, "la1": -3.236724853515625, "lo2": 111.26478576660156, "la2": 43.468475341796875, "dx": 0.2609002888202667, "dy": -0.23708222806453705, "refTime": "2025-02-19 09:00:00", "forecastTime": 0, "parameterNumber": 2, "parameterNumberName": "eastward_wind"}, "data":
[rows 152 to 170 of 198, columns 86 to 128 of 256]
-5.475802421569824,-6.209588050842285,-11.411783218383789,-10.127867698669434,-7.724555492401123,-5.858011722564697,-1.2418005466461182,1.193402886390686,-2.7512121200561523,-3.7283883094787598,-3.865957498550415,-0.6013989448547363,-1.2126058340072632,2.3048465251922607,6.708481311798096,7.7661309242248535,5.392622470855713,1.9370373487472534,2.244691848754883,3.1289656162261963,4.359891414642334,5.312385082244873,8.539928436279297,8.081564903259277,-4.421643257141113,1.217660665512085,-4.115448951721191,-4.97055196762085,-6.345162868499756,-2.193737745285034,-2.1394894123077393,-0.7689297795295715,0.5142983794212341,4.710354804992676,7.190476894378662,3.8740358352661133,-11.69737434387207,-14.591937065124512,-9.723888397216797,-12.13839340209961,-10.805710792541504,-5.755542755126953,3.6112804412841797
-5.942892074584961,-5.7831525802612305,-9.864740371704102,-9.555411338806152,-6.353321075439453,-7.1116509437561035,-6.158207416534424,0.8189226984977722,3.4242560863494873,1.5480577945709229,0.0827360674738884,-3.8964521884918213,2.558840751647949,4.328557014465332,8.00885009765625,5.198382377624512,0.8606246709823608,-1.891451120376587,0.8825308680534363,1.742918610572815,4.970663070678711,2.6888701915740967,1.035611867904663,-2.030484199523926,-6.662552356719971,-7.37518310546875,-9.93958568572998,-5.932810306549072,-3.091078281402588,-0.6758154630661011,0.40135765075683594,0.9131046533584595,0.6779600977897644,-2.7441318035125732,-8.797823905944824,-17.7442569732666,-19.298032760620117,-14.920263290405273,-11.938740730285645,-7.529388904571533,-10.35519027709961,-3.6422603130340576,8.799859046936035
-6.980058670043945,-5.46197509765625,-6.61016321182251,-7.145199298858643,-5.720263481140137,-10.403273582458496,-10.022294998168945,0.7328953742980957,5.101251125335693,4.012955665588379,-0.6495553255081177,-3.8151135444641113,5.999017238616943,5.255751132965088,-6.469674587249756,-5.839577674865723,-5.154597759246826,-5.908725738525391,-3.998197555541992,-4.179745197296143,-6.842356204986572,-5.789725303649902,-1.716040015220642,-7.577192306518555,-8.697710037231445,-10.713208198547363,-10.80443000793457,-6.123446464538574,-2.01190447807312,-0.11997102200984955,1.2410753965377808,0.8777106404304504,-0.5580605268478394,-4.638588905334473,-7.947847843170166,-13.680935859680176,-14.164763450622559,-13.338051795959473,-9.540241241455078,-6.689249038696289,-8.685730934143066,2.827244520187378,14.032978057861328
-5.342434406280518,-4.584643363952637,-1.8229970932006836,-3.9086458683013916,-10.393560409545898,-14.336827278137207,-11.821148872375488,-3.82700777053833,0.622648298740387,4.996316909790039,-4.386682510375977,-7.431632995605469,-0.7314069867134094,-8.90593433380127,-14.294759750366211,-10.175325393676758,-9.871824264526367,-9.006339073181152,-8.68303108215332,-12.01550579071045,-15.051250457763672,-13.51630973815918,-7.101856708526611,-1.358414649963379,-5.662752628326416,-6.274872779846191,-6.597218036651611,-7.9366278648376465,-2.7877585887908936,0.832489013671875,-0.5774718523025513,1.0111315250396729,1.5368244647979736,-6.891749858856201,-7.630437850952148,-13.004701614379883,-17.82744598388672,-16.96743392944336,-11.261096954345703,-7.824416160583496,-3.4093546867370605,9.9156494140625,14.954408645629883
-7.172879219055176,-2.6713242530822754,-0.07164718210697174,-0.30360016226768494,-3.8787033557891846,-13.6288423538208,-14.253649711608887,-5.315701484680176,1.9605404138565063,2.039166212081909,-9.587066650390625,-12.92324161529541,-8.4907808303833,-12.364452362060547,-11.224691390991211,-11.453208923339844,-10.303740501403809,-8.273313522338867,-9.212383270263672,-14.537656784057617,-13.156375885009766,-14.33871841430664,-10.992533683776855,-10.351696968078613,-1.8479787111282349,-4.6547322273254395,-2.788072347640991,0.9992432594299316,-2.205749750137329,-4.4199113845825195,-2.085479259490967,-1.3360828161239624,-5.49759578704834,-14.102563858032227,-14.896430015563965,-15.272374153137207,-17.194595336914062,-13.4743013381958,-5.80405330657959,-1.905731439590454,6.267532825469971,12.771607398986816,12.905540466308594
-0.9697927236557007,-1.3284844160079956,-0.16553056240081787,-1.4142266511917114,1.2764805555343628,-4.752213954925537,-4.6869707107543945,-10.28510856628418,-7.178069591522217,1.0966476202011108,-11.898037910461426,-14.164463996887207,-10.208727836608887,-9.687129020690918,-9.398579597473145,-9.556961059570312,-6.463928699493408,-5.202154159545898,-5.015878200531006,-12.205591201782227,-9.892281532287598,-10.609891891479492,-9.095865249633789,-11.83637809753418,-11.244543075561523,-0.9558945298194885,-1.7467536926269531,1.8308079242706299,1.4804012775421143,-8.158973693847656,-10.510501861572266,-10.590348243713379,-10.475364685058594,-20.27552604675293,-18.949037551879883,-14.744027137756348,-11.368379592895508,-6.0502848625183105,1.6625701189041138,5.634134292602539,14.114816665649414,16.524311065673828,14.762495040893555
2.6341824531555176,4.979549407958984,5.439420700073242,3.4084768295288086,-4.059924602508545,-11.1466064453125,-0.1785963773727417,5.348869800567627,-2.425955057144165,-4.845713138580322,-11.510340690612793,-10.759376525878906,-9.507381439208984,-8.760108947753906,-7.589718341827393,-8.794506072998047,-7.208284854888916,-0.3947226107120514,-4.032678604125977,-12.343756675720215,-8.980864524841309,-9.102945327758789,-7.153822422027588,-4.556491374969482,-7.220208644866943,-7.833024024963379,-11.694202423095703,-12.25645923614502,-13.987456321716309,-20.666318893432617,-21.17156982421875,-13.269203186035156,-5.851080417633057,-15.423639297485352,-14.173660278320312,-9.566056251525879,-4.28781270980835,1.946923851966858,7.153463840484619,12.39539909362793,19.373817443847656,19.28203582763672,18.374113082885742
4.69321870803833,7.654095649719238,9.584346771240234,9.568775177001953,3.586576461791992,-4.771656036376953,-1.1540253162384033,1.6852623224258423,8.596198081970215,5.303731918334961,-11.7688570022583,-8.176051139831543,-2.8592848777770996,-5.5220537185668945,-11.198753356933594,-10.713308334350586,-8.060815811157227,-2.911665439605713,4.209020614624023,-7.185669422149658,-11.883977890014648,-5.891652584075928,-3.6157913208007812,-4.186579704284668,-6.098108291625977,-8.24645709991455,-11.436944007873535,-12.813636779785156,-21.53719711303711,-28.88471794128418,-19.676158905029297,-10.679999351501465,-9.561294555664062,-8.662066459655762,-5.413670539855957,-1.7564536333084106,3.0135748386383057,7.363759994506836,11.150762557983398,16.33080291748047,22.96487808227539,21.23525047302246,17.741640090942383
6.615905284881592,10.278448104858398,9.436724662780762,7.790757656097412,5.561670780181885,-1.546194314956665,0.03451136127114296,2.39994215965271,2.838651180267334,8.643568992614746,9.547613143920898,-2.4778382778167725,-1.0837368965148926,-3.4212214946746826,-13.41113567352295,-15.48628044128418,-11.381207466125488,-3.695443868637085,1.2807270288467407,4.731406211853027,-6.712954044342041,-7.125041961669922,-3.899340867996216,-3.958061933517456,-6.477614402770996,-7.425230503082275,-8.446271896362305,-8.49449348449707,-10.662631034851074,-19.421932220458984,-19.146202087402344,-11.30107307434082,-9.06190013885498,-3.21919846534729,2.5003206729888916,7.2451982498168945,9.467283248901367,10.783759117126465,15.066849708557129,20.103282928466797,23.64646339416504,21.703149795532227,19.246145248413086
6.2709269523620605,9.581901550292969,2.1700894832611084,0.564782977104187,1.3602226972579956,2.4565887451171875,0.9015486836433411,1.8778188228607178,-0.6869548559188843,-0.0486944243311882,4.264424800872803,8.464797973632812,5.096778869628906,-3.369828462600708,-12.036466598510742,-15.887693405151367,-13.961005210876465,-7.620896816253662,-1.755959153175354,-4.8922834396362305,5.69273567199707,-5.037663459777832,-5.734837532043457,-8.794791221618652,-7.685739040374756,-10.330738067626953,-8.662768363952637,-6.637998580932617,-2.8316116333007812,-7.601904392242432,-13.942681312561035,-8.554433822631836,-3.397240400314331,0.9177361726760864,6.767139434814453,12.328536033630371,14.843966484069824,14.401849746704102,17.147483825683594,20.436691284179688,23.254308700561523,20.903581619262695,19.441938400268555
3.5511505603790283,2.375974178314209,-2.7869226932525635,1.2259373664855957,3.4608447551727295,5.278489589691162,2.7820115089416504,2.073728084564209,0.9212976694107056,-0.4502296447753906,-1.4645264148712158,-2.4285802841186523,3.8989009857177734,3.060539484024048,-3.7957189083099365,-9.679597854614258,-10.658849716186523,-9.287379264831543,-3.9846763610839844,-9.299476623535156,-5.2434539794921875,-7.02388858795166,-15.86880111694336,-11.220229148864746,-8.260393142700195,-11.063726425170898,-11.66776180267334,-7.845683574676514,2.439771890640259,2.758321523666382,-7.674184322357178,-5.612277030944824,1.7653422355651855,7.970138072967529,11.252742767333984,13.5835599899292,15.605449676513672,15.90829086303711,16.834362030029297,18.660974502563477,22.0103702545166,22.7246150970459,18.044435501098633
-0.8478995561599731,0.8536068201065063,3.411754608154297,4.1898040771484375,6.1878862380981445,7.0982513427734375,4.552120208740234,3.5391042232513428,1.4612557888031006,2.232070207595825,0.8040757775306702,0.9152821898460388,-1.4930624961853027,5.949357509613037,6.084744930267334,0.4379914104938507,-7.306674003601074,-5.644947528839111,-4.8325066566467285,-12.31146240234375,-9.682167053222656,-9.24040699005127,-14.463711738586426,-13.66317367553711,-11.304069519042969,-9.949397087097168,-7.915774345397949,-3.8676223754882812,5.204915523529053,4.7323455810546875,-0.5167379975318909,-0.8934922218322754,7.304632186889648,15.815106391906738,16.144712448120117,12.69112491607666,15.465628623962402,18.731760025024414,19.179758071899414,20.446983337402344,20.64870834350586,22.11087417602539,12.134733200073242
1.5944715738296509,3.5332953929901123,5.891214847564697,8.05312728881836,7.9557061195373535,7.387210369110107,5.683589935302734,4.42294454574585,2.170440673828125,4.453216552734375,3.8540313243865967,2.3268651962280273,4.950422763824463,5.616494178771973,5.205620765686035,7.0507941246032715,-2.0104990005493164,-1.8813681602478027,-2.8653664588928223,-11.59908390045166,-10.224300384521484,-7.5342793464660645,-12.198868751525879,-9.276731491088867,-5.635994911193848,-6.299794673919678,-3.8741722106933594,2.69366192817688,4.020890712738037,2.3909380435943604,5.2772979736328125,7.982397079467773,14.579105377197266,21.347816467285156,17.449392318725586,15.311267852783203,20.193336486816406,16.65357780456543,12.857033729553223,11.144259452819824,7.184022903442383,3.5593340396881104,-3.399423122406006
5.638177394866943,6.371965408325195,7.2032036781311035,10.093207359313965,5.525664329528809,7.165995121002197,4.189218521118164,5.655332565307617,2.075448751449585,5.184711933135986,6.115375995635986,2.912444829940796,4.894419193267822,4.84363317489624,3.1363437175750732,7.566995620727539,6.175455570220947,2.1914165019989014,0.57199627161026,-5.855157852172852,-7.32441520690918,-6.2945170402526855,-7.269581317901611,-6.096856117248535,-4.6241960525512695,-1.1397265195846558,-0.26282310485839844,5.207725524902344,3.050888776779175,2.071721076965332,8.18870735168457,9.490433692932129,15.569838523864746,23.329240798950195,18.868913650512695,20.800312042236328,8.213703155517578,-10.945178985595703,-6.865723609924316,-8.101903915405273,-6.441927909851074,-8.092717170715332,-5.816918849945068
6.792922019958496,6.95335578918457,6.430858135223389,8.003543853759766,2.121572494506836,4.268024444580078,1.5579102039337158,6.3252058029174805,2.5259687900543213,4.219132900238037,5.2776570320129395,4.527608871459961,0.6071197390556335,0.010391589254140854,-0.08921235054731369,6.080289840698242,11.59375286102295,8.133590698242188,1.0903711318969727,-2.5699217319488525,-4.745641708374023,-5.983933448791504,-2.9324769973754883,-2.9439637660980225,-2.0276780128479004,1.3553383350372314,4.31783390045166,5.663214683532715,5.421716213226318,3.146354913711548,9.436123847961426,18.38626480102539,15.450915336608887,19.93497657775879,19.725440979003906,18.555307388305664,-7.38936185836792,-10.435872077941895,-6.695135593414307,-6.772445201873779,-6.5011115074157715,-8.74315357208252,-8.626961708068848
7.295635223388672,6.140782833099365,5.052557945251465,6.748208522796631,0.9796720147132874,0.45039549469947815,-0.29999423027038574,5.832009792327881,1.5774823427200317,2.7429144382476807,5.608035087585449,6.19942569732666,1.2842127084732056,-1.91631281375885,-0.43434953689575195,3.1364827156066895,8.40175724029541,10.842671394348145,3.4045960903167725,-0.5639697909355164,-0.6693534851074219,-2.7590932846069336,2.267042875289917,0.33635902404785156,-1.2500298023223877,2.883209228515625,5.232926845550537,6.192802429199219,6.291651725769043,8.13475513458252,7.894134521484375,18.789196014404297,17.28493309020996,14.206543922424316,9.9154052734375,-0.049727410078048706,-9.18850326538086,-7.050601482391357,-5.82899808883667,-5.966292381286621,-7.093491077423096,-8.669256210327148,-8.289493560791016
6.812164306640625,2.66052508354187,4.0183424949646,3.0905942916870117,3.235816478729248,0.3134235143661499,-0.36326315999031067,3.2227706909179688,1.8341220617294312,1.8495618104934692,4.091011047363281,6.472990036010742,4.9432549476623535,-1.7976126670837402,-0.2379114329814911,3.8067855834960938,5.169392108917236,9.305381774902344,6.9562458992004395,1.0754179954528809,0.8513408303260803,1.7951483726501465,4.48759651184082,3.034940481185913,3.3714053630828857,4.4506940841674805,8.268186569213867,10.863518714904785,10.069377899169922,9.741738319396973,13.836091995239258,13.10838508605957,11.875630378723145,15.425605773925781,8.045429229736328,-9.143447875976562,-10.347496032714844,-6.021132469177246,-4.510171890258789,-5.648055076599121,-6.546237945556641,-7.26857328414917,-6.416131973266602
0.7380421757698059,0.263058602809906,-0.6285667419433594,0.5587050318717957,2.8579726219177246,3.964224338531494,0.0909719467163086,2.859226942062378,0.7413780093193054,0.4461810290813446,3.97658634185791,6.083902835845947,6.821019172668457,0.5970404744148254,-1.1787965297698975,5.337643623352051,4.968923568725586,6.655980110168457,8.492876052856445,2.385370969772339,1.9191004037857056,3.2735249996185303,3.1191768646240234,3.3888039588928223,6.209268093109131,5.533411979675293,3.210474967956543,1.4499845504760742,4.95023250579834,8.264121055603027,11.433773040771484,9.899975776672363,16.426353454589844,22.45827293395996,-0.4054679274559021,-13.058783531188965,-6.0169901847839355,-6.30465030670166,-2.756669282913208,-8.178976058959961,-7.140044689178467,-5.292581558227539,-4.331820487976074
2.7987754344940186,-3.5516655445098877,-4.453307151794434,-0.4155726432800293,2.1478655338287354,4.038737773895264,2.4262874126434326,4.994374752044678,-2.1469573974609375,-0.5316270589828491,1.4273196458816528,4.170656681060791,5.513164520263672,6.512321472167969,2.424290418624878,2.6731090545654297,1.662176489830017,2.666306495666504,6.304107666015625,3.9088103771209717,3.6335601806640625,2.327594041824341,1.299353837966919,4.101749420166016,9.56757926940918,5.8539581298828125,-4.242676258087158,-4.0638017654418945,0.20333576202392578,5.899110317230225,9.83211898803711,8.1166410446167,22.096559524536133,25.537315368652344,1.2220985889434814,-9.666970252990723,-6.144001483917236,-6.132055759429932,-4.719310283660889,-7.563831329345703,-8.908949851989746,-3.0442399978637695,-4.640770435333252
