data/wind_data/wind_60_1.json
{"header": {"parameterUnit": "KT", "parameterCategory": 2, "nx": 256, "ny": 198, "lo1": 44.73521041870117, "la1": -3.236724853515625, "lo2": 111.26478576660156, "la2": 43.468475341796875, "dx": 0.2609002888202667, "dy": -0.23708222806453705, "refTime": "2025-02-21 12:00:00", "forecastTime": 0, "parameterNumber": 2, "parameterNumberName": "eastward_wind"}, "data":
[rows 133 to 151 of 198, columns 0 to 42 of 256]
5.619643211364746,5.933547019958496,6.159080982208252,6.403866767883301,6.293460845947266,5.722131252288818,6.562645435333252,4.8105998039245605,5.261183738708496,7.3919291496276855,4.373905658721924,8.735536575317383,3.72995662689209,5.60317850112915,5.229381561279297,8.23367977142334,1.5921052694320679,3.688485622406006,5.246326446533203,11.311826705932617,-0.460366427898407,7.750721454620361,2.306391954421997,2.966050148010254,0.05964475870132446,4.889739990234375,4.5829267501831055,9.036286354064941,15.611459732055664,16.34404182434082,9.506169319152832,9.998641014099121,13.177094459533691,13.685449600219727,14.26058292388916,17.0452938079834,17.027372360229492,12.809100151062012,12.050484657287598,14.584829330444336,17.61048698425293,19.533777236938477,20.349475860595703
6.745630741119385,7.011125087738037,7.170698165893555,7.710831165313721,6.456534385681152,6.872341156005859,6.016519546508789,5.83793306350708,7.027105331420898,6.561388969421387,7.307914733886719,6.266087532043457,4.2456254959106445,6.909400463104248,6.2133660316467285,9.527764320373535,6.0846266746521,5.72139310836792,3.466273069381714,7.366840362548828,-2.055396318435669,7.0690155029296875,0.27426260709762573,2.2524242401123047,-0.6154996752738953,2.8744876384735107,3.796616554260254,10.448077201843262,15.054351806640625,14.759687423706055,11.771613121032715,12.29588508605957,14.296951293945312,12.471158027648926,16.09897232055664,18.10367202758789,14.01551628112793,11.357815742492676,12.010915756225586,16.054269790649414,20.528919219970703,21.98661994934082,18.581575393676758
7.715141296386719,7.932574272155762,8.231877326965332,8.909527778625488,6.904853343963623,7.451223373413086,6.703762054443359,8.072834014892578,7.418445587158203,8.265716552734375,6.829259395599365,7.417945861816406,3.68976092338562,8.280431747436523,4.945500373840332,11.706353187561035,2.968346357345581,6.437690258026123,2.5985772609710693,5.520047187805176,-1.1001173257827759,5.9151458740234375,-0.9725130200386047,3.0200231075286865,-1.3788491487503052,2.11564302444458,3.797750949859619,9.766222953796387,14.549793243408203,13.851666450500488,13.765867233276367,15.534021377563477,15.025627136230469,12.036038398742676,16.99614143371582,15.969502449035645,11.699342727661133,11.616568565368652,15.35965633392334,18.863191604614258,20.962322235107422,18.98888397216797,14.138948440551758
8.499542236328125,9.147684097290039,9.225868225097656,9.99421501159668,7.495877265930176,9.731650352478027,7.804044723510742,10.585694313049316,7.2792487144470215,10.174649238586426,7.557149410247803,6.148581027984619,6.0799150466918945,5.550705909729004,8.560709953308105,7.492177486419678,6.002711772918701,5.321150302886963,2.8567209243774414,3.7264034748077393,0.3194086253643036,3.2887020111083984,0.6702520847320557,5.8463826179504395,0.7652334570884705,4.238380432128906,3.926635503768921,8.367637634277344,14.451434135437012,14.184372901916504,16.993057250976562,18.91966438293457,16.986026763916016,15.03253173828125,15.559419631958008,13.845541954040527,13.294393539428711,15.280136108398438,20.455303192138672,22.767269134521484,18.65511131286621,12.720298767089844,13.162927627563477
9.257320404052734,10.051271438598633,10.249710083007812,10.785869598388672,9.52017879486084,11.593527793884277,8.4805326461792,11.401926040649414,8.001954078674316,8.455793380737305,6.494292259216309,5.169074058532715,7.046892166137695,5.215935707092285,8.511167526245117,7.323075294494629,4.554279327392578,4.259985446929932,1.9019958972930908,2.3168728351593018,2.8423757553100586,0.6093297600746155,1.0426249504089355,7.920042037963867,7.141826629638672,6.776156425476074,6.028689861297607,9.786191940307617,14.827201843261719,16.731136322021484,19.09998321533203,18.868688583374023,16.640317916870117,13.832174301147461,12.118020057678223,12.791179656982422,16.05902671813965,20.27652931213379,23.30819320678711,21.650863647460938,17.524690628051758,14.341412544250488,13.07996940612793
10.410436630249023,11.078448295593262,11.155767440795898,11.429902076721191,10.956713676452637,12.261712074279785,9.544812202453613,11.20766830444336,8.020759582519531,8.992020606994629,7.663827896118164,6.782665252685547,6.034483432769775,6.521852493286133,8.66873836517334,4.9372406005859375,4.129734039306641,2.9903082847595215,2.109609365463257,2.113697052001953,5.41025447845459,4.189511299133301,2.111457586288452,6.581761360168457,9.903458595275879,9.652786254882812,10.085185050964355,12.696889877319336,17.64852523803711,20.16776466369629,18.884037017822266,18.02256202697754,16.14368438720703,13.692362785339355,11.355630874633789,11.576336860656738,17.30251121520996,22.898832321166992,22.651432037353516,19.855913162231445,18.794885635375977,16.161521911621094,14.33971118927002
11.324254989624023,11.894854545593262,11.814854621887207,12.452954292297363,12.15789794921875,12.601668357849121,10.653538703918457,12.24874210357666,7.5293731689453125,9.928915977478027,5.27120304107666,9.340826988220215,5.981990337371826,6.09833288192749,6.977487087249756,4.446814060211182,3.414803981781006,0.5162132978439331,3.2625529766082764,2.493013381958008,6.066608428955078,10.859827041625977,5.184456825256348,6.637509346008301,11.214147567749023,13.604633331298828,13.046563148498535,17.036340713500977,21.044321060180664,19.192232131958008,17.298032760620117,16.83213233947754,15.799739837646484,14.437847137451172,12.333708763122559,12.486953735351562,17.926311492919922,21.07818603515625,18.0481014251709,19.09888458251953,18.87440299987793,15.71596908569336,14.351448059082031
11.27212905883789,12.269710540771484,12.573707580566406,13.007450103759766,12.49051570892334,11.948572158813477,11.272351264953613,11.198625564575195,9.054791450500488,7.273503303527832,6.555964946746826,5.753257751464844,7.66969633102417,6.334469318389893,4.008686065673828,3.8823082447052,1.5329416990280151,1.2277569770812988,2.072909355163574,4.402289390563965,5.569843769073486,13.845189094543457,12.846664428710938,9.202346801757812,13.708025932312012,18.274642944335938,16.907915115356445,18.462141036987305,19.769309997558594,16.83255386352539,16.07138442993164,14.211812019348145,14.815491676330566,13.097391128540039,14.703574180603027,16.829256057739258,18.393413543701172,17.066190719604492,15.34060287475586,17.54737091064453,16.473922729492188,14.273868560791016,15.445155143737793
10.918021202087402,12.697115898132324,13.196630477905273,13.573384284973145,11.728288650512695,12.042301177978516,10.341110229492188,11.067116737365723,8.108436584472656,8.299811363220215,6.420008182525635,5.845147609710693,7.369688987731934,6.852405548095703,4.540005207061768,3.6875293254852295,1.3548920154571533,1.4803221225738525,3.868110179901123,3.816711902618408,6.432633876800537,10.199820518493652,14.917319297790527,13.235559463500977,13.07046890258789,19.247661590576172,18.868972778320312,18.951786041259766,16.646230697631836,16.193876266479492,14.200037956237793,13.697935104370117,14.762052536010742,15.159820556640625,16.59995460510254,15.838890075683594,13.49528694152832,11.87283992767334,15.123627662658691,15.80006217956543,13.274785995483398,12.432974815368652,16.833852767944336
11.118439674377441,12.952984809875488,13.205604553222656,13.069525718688965,11.999371528625488,10.437862396240234,11.22642707824707,9.536212921142578,9.386996269226074,7.592627048492432,7.205672264099121,5.309822082519531,7.4461541175842285,5.723808765411377,4.5804643630981445,3.4541168212890625,-1.024672269821167,2.5471649169921875,1.2447096109390259,2.254676342010498,5.55350923538208,13.780512809753418,20.155771255493164,17.600404739379883,15.598514556884766,19.162548065185547,18.471586227416992,17.291677474975586,16.29402732849121,15.640718460083008,13.548172950744629,12.910454750061035,15.274499893188477,17.391525268554688,16.013275146484375,12.087780952453613,7.178369998931885,10.564295768737793,15.192954063415527,15.001960754394531,11.443816184997559,12.913875579833984,18.083341598510742
11.70652961730957,12.719076156616211,12.490067481994629,11.594779968261719,8.78913402557373,10.161657333374023,9.15080738067627,9.347567558288574,9.016819953918457,5.8419270515441895,8.443961143493652,4.88663911819458,7.109598636627197,4.0333251953125,2.7178361415863037,2.598121166229248,-1.0305944681167603,3.3058719635009766,0.6012125611305237,0.028307784348726273,5.688565731048584,17.13545799255371,25.23282241821289,18.61003875732422,18.111541748046875,19.821292877197266,17.665130615234375,18.25381851196289,16.59056854248047,18.323102951049805,13.611801147460938,9.07175064086914,11.087376594543457,13.7110595703125,10.861346244812012,8.697650909423828,6.081473350524902,11.678462982177734,14.555248260498047,13.823938369750977,10.845804214477539,12.74874496459961,15.597548484802246
11.278182029724121,11.777867317199707,11.111047744750977,10.582977294921875,7.636780738830566,9.064531326293945,7.53567361831665,7.486791133880615,8.508160591125488,4.716733932495117,4.748216152191162,1.209673285484314,6.488847255706787,1.3845001459121704,3.481114625930786,1.6409728527069092,1.5529615879058838,2.546398162841797,4.452951908111572,3.046427011489868,10.031784057617188,20.482147216796875,23.415512084960938,17.495738983154297,17.129051208496094,18.61985969543457,16.60337257385254,16.74618911743164,15.903613090515137,19.317712783813477,16.845783233642578,11.619926452636719,8.733631134033203,9.00643253326416,7.959455490112305,9.707411766052246,10.624155044555664,13.125395774841309,14.584637641906738,12.097451210021973,9.819966316223145,10.553031921386719,11.061259269714355
9.315176010131836,9.919437408447266,9.233786582946777,8.8344144821167,6.462217807769775,7.743017673492432,6.766643047332764,5.618314743041992,4.43316650390625,2.739501476287842,2.343238592147827,2.7860422134399414,3.4325647354125977,-1.6356159448623657,2.62990403175354,3.1827499866485596,3.7740485668182373,3.2267866134643555,6.225001335144043,7.477177619934082,11.431333541870117,21.24408531188965,20.872753143310547,15.833459854125977,17.49002456665039,16.43975257873535,16.22212028503418,16.07349395751953,15.980968475341797,18.645540237426758,19.91429328918457,16.25741958618164,10.546784400939941,8.760732650756836,10.204248428344727,13.017985343933105,16.265605926513672,16.500675201416016,13.164461135864258,10.306938171386719,8.631887435913086,9.720586776733398,8.710894584655762
7.610038757324219,8.171454429626465,7.59417200088501,6.8100810050964355,7.200875282287598,5.237331390380859,4.866683006286621,1.7438222169876099,1.1518423557281494,3.780728340148926,2.8167481422424316,3.8579533100128174,2.596369504928589,2.240436553955078,3.771733522415161,3.445188283920288,4.25755500793457,3.957916498184204,10.42886734008789,15.389293670654297,14.487032890319824,18.903501510620117,18.874725341796875,15.562630653381348,14.97314739227295,13.928942680358887,14.99028205871582,14.900578498840332,16.2780704498291,18.784589767456055,20.030975341796875,16.949392318725586,12.532437324523926,9.809730529785156,10.264062881469727,13.022329330444336,15.382777214050293,11.227485656738281,6.269660949707031,6.86132287979126,8.010272026062012,7.921785354614258,9.977877616882324
7.21629524230957,7.551599025726318,6.881161212921143,6.2396392822265625,6.164782524108887,3.6510636806488037,2.5629866123199463,2.57100772857666,3.9601094722747803,0.9376044869422913,5.961611270904541,3.6211047172546387,2.4999165534973145,1.8772021532058716,4.039883613586426,4.103667736053467,4.511628150939941,7.9199676513671875,13.07789421081543,17.023160934448242,15.609707832336426,18.903425216674805,18.45237159729004,13.23755168914795,13.65331745147705,12.324376106262207,14.12794303894043,16.486968994140625,17.1927490234375,17.312477111816406,17.693824768066406,17.093305587768555,12.344484329223633,5.667299747467041,4.1659932136535645,4.470022201538086,4.639788627624512,4.869167327880859,5.876043319702148,7.897588729858398,9.485057830810547,8.177828788757324,9.45494556427002
7.188904762268066,7.276505947113037,6.695096015930176,6.189398288726807,5.624711990356445,2.8874621391296387,2.7892258167266846,1.5435409545898438,8.164237976074219,-2.0731019973754883,1.5917178392410278,4.094119071960449,7.151965141296387,1.222008466720581,5.503395080566406,7.9020915031433105,8.499692916870117,11.710668563842773,14.41016960144043,15.009690284729004,15.44495677947998,18.36727523803711,15.845927238464355,14.076237678527832,12.275532722473145,13.942851066589355,15.121321678161621,17.56667709350586,14.950704574584961,14.096227645874023,12.593806266784668,9.84093952178955,2.94674015045166,1.7886993885040283,1.921441912651062,-0.7150513529777527,0.27234727144241333,2.4299068450927734,7.5561323165893555,7.560110092163086,7.289981842041016,6.128444194793701,6.834350109100342
6.683806419372559,7.180635452270508,6.96557092666626,6.514871597290039,4.582005977630615,-1.0628916025161743,7.709296703338623,4.900447368621826,6.199676990509033,1.8136820793151855,3.5116782188415527,8.286162376403809,4.059562683105469,2.592400312423706,6.678088188171387,12.110164642333984,10.095048904418945,10.67870044708252,14.03990364074707,17.56072425842285,15.296537399291992,13.079378128051758,13.63840389251709,14.137677192687988,14.697931289672852,14.528520584106445,16.562721252441406,13.047467231750488,11.670260429382324,6.211981296539307,2.615785598754883,1.1798217296600342,-0.8018743395805359,-2.2376885414123535,-4.348867416381836,-5.270106315612793,-1.2442615032196045,2.4251606464385986,6.737878322601318,8.200108528137207,5.156310558319092,4.741427421569824,4.7369842529296875
6.08030366897583,7.1216630935668945,7.753424644470215,7.442107200622559,3.274260997772217,8.510086059570312,3.117037534713745,8.019801139831543,4.905411720275879,1.003943681716919,4.202785491943359,15.826349258422852,3.99381685256958,1.0092294216156006,6.768091201782227,13.553689956665039,9.923954963684082,8.879412651062012,14.021007537841797,19.904125213623047,18.134254455566406,14.685857772827148,15.250137329101562,14.470929145812988,17.24542808532715,16.045106887817383,14.730137825012207,2.252519369125366,2.8485825061798096,-1.0299482345581055,-2.703923225402832,-3.966987133026123,-6.798088073730469,-4.217966556549072,-5.94843864440918,-2.7468454837799072,0.09939733147621155,4.924971103668213,6.392495632171631,5.666482925415039,1.0625888109207153,1.2263262271881104,1.517291784286499
6.2094573974609375,7.544216632843018,8.41466236114502,8.249228477478027,3.2492244243621826,12.251218795776367,2.554959297180176,5.893558025360107,10.050532341003418,0.3393701910972595,3.135952949523926,17.048437118530273,13.611868858337402,3.877493143081665,4.501828193664551,10.17201042175293,11.623807907104492,13.602961540222168,12.135627746582031,11.534924507141113,11.751519203186035,13.733872413635254,15.068408012390137,16.166309356689453,16.06837272644043,20.685897827148438,2.2943530082702637,5.095900535583496,-2.7810630798339844,-2.2194254398345947,-5.8146796226501465,-2.301028251647949,-4.383101940155029,-1.9765701293945312,-2.5821292400360107,-1.3229345083236694,1.3727900981903076,4.662703514099121,5.66373348236084,4.325336933135986,4.958173751831055,2.6374738216400146,2.9570674896240234
