data/wind_data/wind_37_2.json
{"header": {"parameterUnit": "KT", "parameterCategory": 2, "nx": 256, "ny": 198, "lo1": 44.73521041870117, "la1": -3.236724853515625, "lo2": 111.26478576660156, "la2": 43.468475341796875, "dx": 0.2609002888202667, "dy": -0.23708222806453705, "refTime": "2025-02-20 13:00:00", "forecastTime": 0, "parameterNumber": 2, "parameterNumberName": "eastward_wind"}, "data":
[rows 57 to 75 of 198, columns 43 to 85 of 256]
-12.616612434387207,-12.358537673950195,-12.671432495117188,-12.830204963684082,-12.454315185546875,-11.969810485839844,-11.993816375732422,-12.916625022888184,-13.3397855758667,-12.191498756408691,-11.799556732177734,-13.74544620513916,-13.782682418823242,-14.339570045471191,-14.365735054016113,-14.156861305236816,-14.010737419128418,-13.59562873840332,-13.454614639282227,-13.88755989074707,-14.404958724975586,-15.066529273986816,-15.980074882507324,-14.816277503967285,-12.474581718444824,-12.933442115783691,-15.527989387512207,-15.179327964782715,-13.760287284851074,-13.900314331054688,-15.356467247009277,-15.100728988647461,-15.611762046813965,-15.943864822387695,-15.398723602294922,-15.121665954589844,-15.119684219360352,-15.602275848388672,-16.14693260192871,-16.01462173461914,-15.897584915161133,-16.436145782470703,-16.64806365966797
-13.842360496520996,-13.567944526672363,-13.32949161529541,-13.35912036895752,-13.303300857543945,-12.447134971618652,-11.887469291687012,-12.226940155029297,-13.014669418334961,-13.221244812011719,-13.02896785736084,-13.120622634887695,-13.478386878967285,-14.093708992004395,-14.46219539642334,-14.427844047546387,-14.491353988647461,-14.882556915283203,-14.921356201171875,-14.766971588134766,-14.813416481018066,-15.463481903076172,-15.054101943969727,-12.465765953063965,-11.918274879455566,-14.409257888793945,-15.437830924987793,-15.32284164428711,-15.701248168945312,-16.46674156188965,-15.581762313842773,-14.94719123840332,-15.620973587036133,-16.301729202270508,-16.004182815551758,-15.757458686828613,-16.505535125732422,-17.15104866027832,-17.480846405029297,-17.3359375,-17.484752655029297,-17.244888305664062,-16.884445190429688
-13.60169506072998,-13.189506530761719,-13.142626762390137,-13.93487548828125,-14.204911231994629,-13.736466407775879,-12.63674259185791,-12.296652793884277,-12.47280502319336,-12.772247314453125,-12.876730918884277,-13.29072093963623,-13.955000877380371,-13.996602058410645,-14.228559494018555,-14.39695930480957,-15.084579467773438,-15.580069541931152,-15.75373649597168,-15.577239036560059,-15.059371948242188,-14.402514457702637,-13.9911527633667,-13.817459106445312,-14.054065704345703,-14.9887113571167,-15.810953140258789,-16.642086029052734,-17.419132232666016,-16.712129592895508,-14.864762306213379,-15.042141914367676,-16.469736099243164,-16.945436477661133,-16.546070098876953,-16.62860870361328,-18.281970977783203,-17.734661102294922,-17.921640396118164,-17.64366340637207,-17.241464614868164,-16.929609298706055,-16.716869354248047
-12.444992065429688,-12.875659942626953,-13.656813621520996,-14.014572143554688,-14.009370803833008,-14.441325187683105,-13.781085014343262,-12.995573043823242,-12.667388916015625,-13.060608863830566,-13.522934913635254,-13.581891059875488,-13.437751770019531,-13.16445255279541,-13.495292663574219,-14.49582290649414,-15.164113998413086,-15.983620643615723,-16.199222564697266,-16.655101776123047,-16.158781051635742,-13.941346168518066,-14.272122383117676,-14.335921287536621,-15.54715633392334,-15.206564903259277,-15.645526885986328,-17.125452041625977,-17.39458656311035,-14.962224006652832,-12.940329551696777,-15.047809600830078,-17.449596405029297,-16.948169708251953,-17.670259475708008,-17.945171356201172,-17.216257095336914,-17.182514190673828,-16.9164981842041,-16.564876556396484,-16.382701873779297,-16.65620231628418,-16.66934585571289
-12.7783203125,-13.183518409729004,-13.670272827148438,-13.475637435913086,-13.39240550994873,-13.795634269714355,-13.809391021728516,-13.125329971313477,-11.95042896270752,-12.3963623046875,-14.083029747009277,-14.096553802490234,-13.01667308807373,-12.839377403259277,-13.942112922668457,-14.428445816040039,-14.56605339050293,-15.105744361877441,-15.52143383026123,-16.108198165893555,-15.48128604888916,-13.519661903381348,-14.05611801147461,-14.406768798828125,-15.091093063354492,-16.02574348449707,-16.27459716796875,-16.194599151611328,-15.715692520141602,-16.084489822387695,-17.01019287109375,-17.147846221923828,-17.02488136291504,-17.156803131103516,-17.07389259338379,-16.792566299438477,-16.27958106994629,-16.227825164794922,-16.293745040893555,-16.39012336730957,-16.3619327545166,-16.260814666748047,-16.179746627807617
-13.235300064086914,-13.234292984008789,-13.25539779663086,-13.107264518737793,-13.260205268859863,-13.288717269897461,-12.96731185913086,-12.584980010986328,-12.049813270568848,-11.64165210723877,-12.518758773803711,-12.999566078186035,-12.927306175231934,-13.218889236450195,-13.765693664550781,-13.82576847076416,-13.793007850646973,-14.223311424255371,-15.02149486541748,-15.170388221740723,-14.598570823669434,-14.187920570373535,-14.444372177124023,-14.553653717041016,-14.779006004333496,-15.394399642944336,-16.198471069335938,-14.673901557922363,-15.010929107666016,-17.719837188720703,-16.857751846313477,-17.032691955566406,-17.343130111694336,-16.48155403137207,-15.636285781860352,-15.890464782714844,-16.139314651489258,-16.185115814208984,-16.617431640625,-16.742612838745117,-16.302953720092773,-16.04660415649414,-16.06560516357422
-12.989051818847656,-12.609925270080566,-12.226785659790039,-12.639405250549316,-12.705902099609375,-12.863730430603027,-12.876057624816895,-12.629083633422852,-11.942646980285645,-11.929219245910645,-11.977556228637695,-11.759236335754395,-12.31994915008545,-13.04167652130127,-13.12741470336914,-12.775308609008789,-12.680755615234375,-13.556035995483398,-14.679615020751953,-14.842082977294922,-14.311344146728516,-14.403985023498535,-14.922516822814941,-15.057703018188477,-14.955056190490723,-15.17192554473877,-16.07341766357422,-16.462926864624023,-16.797012329101562,-16.813688278198242,-16.723310470581055,-17.46035385131836,-17.414091110229492,-14.66179084777832,-13.178735733032227,-14.895340919494629,-16.890796661376953,-16.445558547973633,-17.028791427612305,-16.84090805053711,-16.347797393798828,-15.967530250549316,-15.994682312011719
-12.030662536621094,-12.069804191589355,-11.565014839172363,-11.943657875061035,-12.364706039428711,-12.444960594177246,-12.154274940490723,-11.729537010192871,-11.873688697814941,-12.451830863952637,-12.190787315368652,-11.855934143066406,-12.08570384979248,-12.447941780090332,-12.526488304138184,-12.344088554382324,-12.381353378295898,-13.001710891723633,-13.784265518188477,-14.041877746582031,-13.88949203491211,-13.992533683776855,-14.303668022155762,-14.720945358276367,-15.176675796508789,-15.553851127624512,-15.688261985778809,-15.724637031555176,-15.920321464538574,-15.845978736877441,-16.21988868713379,-17.002866744995117,-16.452295303344727,-14.642361640930176,-15.011963844299316,-16.858158111572266,-16.915002822875977,-16.309017181396484,-16.57147789001465,-16.318811416625977,-15.888917922973633,-15.872377395629883,-15.790168762207031
-10.620430946350098,-11.28262996673584,-11.351727485656738,-11.309317588806152,-11.51782512664795,-11.752619743347168,-11.558032035827637,-11.71519947052002,-11.509971618652344,-12.161408424377441,-12.018197059631348,-11.813786506652832,-11.73108959197998,-12.094121932983398,-12.263328552246094,-12.319737434387207,-12.722185134887695,-13.344408988952637,-13.78386402130127,-13.9357328414917,-14.036388397216797,-14.330313682556152,-14.741534233093262,-15.083563804626465,-15.25721549987793,-15.257208824157715,-15.209724426269531,-15.209190368652344,-15.059221267700195,-14.864558219909668,-15.326415061950684,-16.361602783203125,-17.32682228088379,-17.637516021728516,-16.837711334228516,-16.511781692504883,-16.201717376708984,-16.26167869567871,-16.538816452026367,-16.275714874267578,-15.677154541015625,-15.389450073242188,-15.29081916809082
-10.431673049926758,-11.100027084350586,-11.246171951293945,-10.994059562683105,-10.810961723327637,-11.018852233886719,-11.177868843078613,-11.339468002319336,-11.324132919311523,-11.614747047424316,-11.84973430633545,-11.901833534240723,-11.609769821166992,-11.741471290588379,-12.016237258911133,-12.238801002502441,-12.731732368469238,-13.316845893859863,-13.730463027954102,-14.017632484436035,-14.346186637878418,-14.744444847106934,-15.050948143005371,-15.093364715576172,-15.045687675476074,-15.017398834228516,-14.849873542785645,-14.608192443847656,-14.740235328674316,-15.451902389526367,-16.256053924560547,-17.038410186767578,-17.349609375,-16.855499267578125,-16.06909942626953,-15.561273574829102,-15.677541732788086,-15.979703903198242,-16.361900329589844,-16.362489700317383,-15.74898910522461,-15.328783988952637,-15.112156867980957
-9.608842849731445,-10.344779014587402,-10.58552360534668,-10.902891159057617,-10.658856391906738,-10.154074668884277,-10.612231254577637,-10.913346290588379,-10.79769515991211,-11.313647270202637,-11.58254337310791,-11.545799255371094,-11.248078346252441,-11.202705383300781,-11.568488121032715,-12.153554916381836,-12.703635215759277,-13.096492767333984,-13.460354804992676,-13.863327026367188,-14.229557037353516,-14.520759582519531,-14.796796798706055,-14.867539405822754,-14.751607894897461,-14.673369407653809,-14.54156494140625,-14.566143035888672,-15.295936584472656,-16.470239639282227,-17.101547241210938,-17.074892044067383,-16.27084732055664,-16.004169464111328,-15.53699779510498,-15.30081844329834,-15.367362976074219,-15.676813125610352,-16.212844848632812,-16.42645263671875,-16.083786010742188,-15.512282371520996,-15.276878356933594
-8.11998462677002,-8.650153160095215,-9.041194915771484,-9.960906028747559,-10.43549919128418,-9.772293090820312,-10.048580169677734,-10.777059555053711,-10.745832443237305,-10.912933349609375,-11.264752388000488,-10.894682884216309,-10.850743293762207,-10.823680877685547,-11.203071594238281,-11.710796356201172,-12.242650032043457,-12.70031452178955,-12.998703956604004,-13.346364974975586,-13.889471054077148,-14.358715057373047,-14.459264755249023,-14.483397483825684,-14.477887153625488,-14.422280311584473,-14.393254280090332,-14.752974510192871,-15.664138793945312,-16.70233154296875,-17.18025016784668,-16.596582412719727,-15.78880786895752,-15.334521293640137,-15.047274589538574,-15.034561157226562,-15.324128150939941,-15.696554183959961,-16.03851318359375,-16.29142951965332,-16.01238441467285,-15.343070030212402,-15.259832382202148
-6.81244421005249,-7.382440090179443,-7.907179355621338,-8.702742576599121,-9.077604293823242,-9.129897117614746,-9.526998519897461,-9.963643074035645,-10.507976531982422,-10.953754425048828,-10.690516471862793,-10.444073677062988,-10.455878257751465,-10.441081047058105,-10.849732398986816,-11.074865341186523,-11.547900199890137,-12.093103408813477,-12.59874439239502,-13.164023399353027,-13.611360549926758,-13.904714584350586,-14.023316383361816,-14.010266304016113,-14.014095306396484,-14.129323959350586,-14.46381664276123,-15.17469310760498,-16.045427322387695,-16.441184997558594,-16.271535873413086,-15.936625480651855,-15.45048999786377,-15.011554718017578,-14.828592300415039,-14.757145881652832,-15.038729667663574,-15.51050853729248,-15.717589378356934,-15.629780769348145,-15.354072570800781,-15.098492622375488,-15.192158699035645
-5.9359025955200195,-6.506036281585693,-7.084071636199951,-7.704085350036621,-8.267547607421875,-8.628310203552246,-8.817462921142578,-9.039083480834961,-9.646281242370605,-10.170392990112305,-10.283467292785645,-10.365248680114746,-10.044259071350098,-10.104619026184082,-10.416494369506836,-10.778432846069336,-11.128259658813477,-11.423910140991211,-11.86294174194336,-12.479392051696777,-13.083703994750977,-13.486944198608398,-13.68101692199707,-13.553064346313477,-13.472358703613281,-13.860358238220215,-14.683014869689941,-15.498222351074219,-15.835653305053711,-15.794322967529297,-15.509727478027344,-15.22615909576416,-15.053794860839844,-14.747543334960938,-14.444994926452637,-14.24577522277832,-14.57046127319336,-15.00383472442627,-15.075197219848633,-14.859030723571777,-14.5225248336792,-14.575169563293457,-14.816693305969238
-5.154068946838379,-5.679272174835205,-6.29112434387207,-6.918450355529785,-7.556734561920166,-7.914593696594238,-8.022076606750488,-8.134778022766113,-8.375445365905762,-8.739007949829102,-9.348854064941406,-9.900559425354004,-9.971575736999512,-9.858386039733887,-10.428750038146973,-10.59191608428955,-10.956156730651855,-11.041868209838867,-11.31497573852539,-11.7308988571167,-12.205419540405273,-12.749045372009277,-13.153356552124023,-13.022126197814941,-13.130463600158691,-13.959457397460938,-14.928698539733887,-15.214566230773926,-15.163569450378418,-15.035177230834961,-14.658709526062012,-14.325275421142578,-14.19063663482666,-14.180776596069336,-13.953760147094727,-13.84561824798584,-14.149598121643066,-14.208197593688965,-14.1552095413208,-14.001334190368652,-13.826836585998535,-14.03911304473877,-14.444916725158691
-4.4406609535217285,-5.089127540588379,-5.786520481109619,-6.08120584487915,-6.696609020233154,-7.211250305175781,-7.391207218170166,-7.5376152992248535,-7.551907062530518,-7.624083518981934,-8.132767677307129,-9.002504348754883,-9.486112594604492,-9.452451705932617,-9.936341285705566,-10.472576141357422,-10.56302261352539,-10.908571243286133,-10.809242248535156,-11.304277420043945,-11.44668197631836,-11.885910034179688,-12.347495079040527,-12.45751953125,-13.034107208251953,-14.091191291809082,-14.68707275390625,-14.661262512207031,-14.369831085205078,-13.953349113464355,-13.630867004394531,-13.432210922241211,-13.308439254760742,-13.321327209472656,-13.360636711120605,-13.452618598937988,-13.454733848571777,-13.342906951904297,-13.266595840454102,-13.24764633178711,-13.269303321838379,-13.456459999084473,-13.926188468933105
-3.672837495803833,-4.336531162261963,-4.973352432250977,-5.458757400512695,-6.0418009757995605,-6.666910171508789,-6.834175109863281,-6.853978633880615,-6.7987895011901855,-6.889700889587402,-7.259349346160889,-8.205988883972168,-9.125845909118652,-9.251440048217773,-9.482941627502441,-9.810620307922363,-9.96121883392334,-10.028207778930664,-10.48409366607666,-10.961136817932129,-11.155866622924805,-11.31386947631836,-11.64438247680664,-12.009520530700684,-12.82934284210205,-13.43464183807373,-13.641841888427734,-13.593896865844727,-13.266897201538086,-12.858603477478027,-12.652509689331055,-12.584537506103516,-12.580089569091797,-12.626035690307617,-12.704415321350098,-12.66243839263916,-12.478809356689453,-12.387130737304688,-12.523405075073242,-12.721327781677246,-12.779274940490723,-12.902490615844727,-13.320028305053711
-3.0833373069763184,-3.6601755619049072,-4.168818473815918,-4.692921161651611,-5.288102626800537,-5.739381790161133,-6.078584671020508,-6.163170337677002,-6.097900867462158,-6.146138668060303,-6.627793788909912,-7.57744836807251,-8.60211181640625,-8.880908012390137,-9.062914848327637,-9.270886421203613,-9.471722602844238,-9.819982528686523,-10.316017150878906,-10.693644523620605,-10.927303314208984,-11.062543869018555,-11.231969833374023,-11.560380935668945,-11.983820915222168,-12.279191970825195,-12.36069393157959,-12.236897468566895,-12.0411958694458,-11.880916595458984,-11.772401809692383,-11.74074935913086,-11.804428100585938,-11.88870620727539,-11.869193077087402,-11.674412727355957,-11.443596839904785,-11.449745178222656,-11.755122184753418,-12.085930824279785,-12.271349906921387,-12.455668449401855,-12.799592971801758
-2.4425013065338135,-2.962500810623169,-3.504678964614868,-4.134132385253906,-4.561740398406982,-4.858314514160156,-5.243580341339111,-5.460155963897705,-5.502665042877197,-5.709877014160156,-6.214099407196045,-7.132898807525635,-7.850966930389404,-8.148947715759277,-8.382307052612305,-8.719566345214844,-8.99409008026123,-9.42302417755127,-9.901030540466309,-10.27844524383545,-10.502607345581055,-10.614582061767578,-10.719115257263184,-10.829180717468262,-10.899230003356934,-10.963677406311035,-11.003947257995605,-11.006033897399902,-10.969405174255371,-10.935415267944336,-10.978484153747559,-11.066884994506836,-11.10427474975586,-11.027565002441406,-10.788839340209961,-10.510160446166992,-10.431148529052734,-10.625712394714355,-10.996756553649902,-11.386160850524902,-11.701294898986816,-12.036697387695312,-12.416600227355957
