data/wind_data/wind_63_6.json
{"header": {"parameterUnit": "KT", "parameterCategory": 2, "nx": 256, "ny": 198, "lo1": 44.73521041870117, "la1": -3.236724853515625, "lo2": 111.26478576660156, "la2": 43.468475341796875, "dx": 0.2609002888202667, "dy": -0.23708222806453705, "refTime": "2025-02-21 15:00:00", "forecastTime": 0, "parameterNumber": 2, "parameterNumberName": "eastward_wind"}, "data":
[rows 80 to 99 of 198, columns 90 to 134 of 256]
44.66669464111328,44.3083381652832,44.26852035522461,44.46065902709961,44.64403533935547,44.6020393371582,44.292686462402344,43.77420425415039,43.13027572631836,42.46609115600586,41.81455612182617,41.19894790649414,40.903419494628906,41.19820785522461,41.79329299926758,42.05961227416992,41.94143295288086,41.770103454589844,41.80488204956055,42.27379608154297,42.72349548339844,42.87230682373047,42.453514099121094,42.54562759399414,43.18117141723633,43.80622863769531,44.197654724121094,44.377620697021484,44.43626022338867,44.47808837890625,44.56852340698242,44.71406555175781,44.920013427734375,45.105892181396484,45.347129821777344,45.71388626098633,45.88298034667969,45.71842956542969,44.89426803588867,44.281742095947266,44.58587646484375,45.32094955444336,45.83179473876953,46.16942596435547,46.26383972167969
46.979087829589844,46.47845458984375,46.17512893676758,46.149085998535156,46.297454833984375,46.38347244262695,46.23361587524414,45.8297233581543,45.252586364746094,44.587928771972656,43.90142059326172,43.242713928222656,42.79194641113281,42.82139587402344,43.30501174926758,43.66294860839844,43.64674377441406,43.51951599121094,43.56125259399414,44.12849426269531,44.888729095458984,45.28273010253906,45.123329162597656,44.945777893066406,45.23477554321289,45.77458190917969,46.359107971191406,46.7031364440918,46.8630485534668,46.91995620727539,46.91009521484375,46.90421676635742,46.971683502197266,47.08622741699219,47.163448333740234,47.38106918334961,47.618560791015625,47.70317077636719,47.646270751953125,47.158668518066406,46.96588134765625,47.42346954345703,47.78255844116211,48.01520919799805,48.38418197631836
49.03219223022461,48.509490966796875,48.08955764770508,47.88134002685547,47.89590835571289,47.98870086669922,47.960391998291016,47.698387145996094,47.2271614074707,46.61272048950195,45.92936706542969,45.282718658447266,44.840126037597656,44.78807067871094,45.18391418457031,45.566802978515625,45.61361312866211,45.462158203125,45.32646942138672,45.68443298339844,46.555908203125,47.156124114990234,47.3028450012207,47.3378791809082,47.437015533447266,47.68880081176758,48.19147872924805,48.64691162109375,48.92374038696289,49.14653396606445,49.31302261352539,49.39120101928711,49.504981994628906,49.67420959472656,49.717201232910156,49.6825065612793,49.794525146484375,49.88715744018555,50.037960052490234,50.133846282958984,49.98872375488281,50.204261779785156,50.57168960571289,50.56194305419922,50.64209747314453
50.971923828125,50.520729064941406,50.07060241699219,49.72983169555664,49.556068420410156,49.51740646362305,49.49105453491211,49.35596466064453,49.064971923828125,48.60995101928711,48.02234649658203,47.42939376831055,47.033294677734375,46.98812484741211,47.359710693359375,47.869815826416016,47.99538040161133,47.82735824584961,47.52687454223633,47.54173278808594,48.16790771484375,48.921180725097656,49.3331298828125,49.62840270996094,49.86927032470703,49.994102478027344,50.156410217285156,50.41453552246094,50.67546081542969,50.92835235595703,51.20307922363281,51.464927673339844,51.70030975341797,51.973663330078125,52.15926742553711,52.09398651123047,52.03296661376953,52.17848587036133,52.365753173828125,52.563262939453125,52.677040100097656,52.86685562133789,53.28588104248047,53.52357482910156,53.5733757019043
52.581871032714844,52.3830451965332,52.07488250732422,51.723472595214844,51.384891510009766,51.123592376708984,50.952781677246094,50.826786041259766,50.68276596069336,50.44012451171875,50.056278228759766,49.60620880126953,49.27613830566406,49.20524978637695,49.4477653503418,49.99061965942383,50.3586540222168,50.299068450927734,49.93502426147461,49.65660858154297,49.88396072387695,50.48759460449219,51.107791900634766,51.631622314453125,52.197898864746094,52.665672302246094,52.92967224121094,53.128013610839844,53.31288528442383,53.45492172241211,53.5968017578125,53.78704833984375,53.95682144165039,54.14357376098633,54.36354446411133,54.39894104003906,54.304168701171875,54.34870147705078,54.53031921386719,54.73261642456055,54.84132385253906,54.956478118896484,55.31622314453125,55.77783203125,56.12847900390625
53.89247131347656,53.95344543457031,53.83859634399414,53.54661560058594,53.1163330078125,52.65640640258789,52.292842864990234,52.0811653137207,52.00428009033203,51.96839904785156,51.8527717590332,51.63311767578125,51.427154541015625,51.340789794921875,51.3839225769043,51.646846771240234,52.05278396606445,52.23979568481445,52.07866287231445,51.7984619140625,51.69669723510742,52.00041198730469,52.55521011352539,52.99617004394531,53.53367614746094,54.269657135009766,54.966373443603516,55.570594787597656,56.02667999267578,56.30331802368164,56.524192810058594,56.73643493652344,56.841983795166016,56.87574768066406,56.9738655090332,56.992767333984375,56.865291595458984,56.766361236572266,56.76920700073242,56.87392044067383,56.98821258544922,57.007469177246094,57.1435432434082,57.540260314941406,58.06580352783203
55.19412612915039,55.4123649597168,55.439476013183594,55.173702239990234,54.68061828613281,54.10169982910156,53.583221435546875,53.243412017822266,53.12343215942383,53.1557731628418,53.20494079589844,53.17899703979492,53.11445236206055,53.101112365722656,53.11090850830078,53.12003707885742,53.28864288330078,53.53835678100586,53.56300354003906,53.507843017578125,53.48200225830078,53.591976165771484,53.96943283081055,54.19900131225586,54.349857330322266,54.78868103027344,55.535430908203125,56.39707946777344,57.18097686767578,57.77268981933594,58.236419677734375,58.70691680908203,59.07899475097656,59.2210693359375,59.316463470458984,59.43860626220703,59.441768646240234,59.406494140625,59.40340805053711,59.36445999145508,59.29731750488281,59.1988525390625,59.12001037597656,59.262149810791016,59.68882751464844
56.647369384765625,56.85260009765625,56.915687561035156,56.659671783447266,56.1595573425293,55.60894012451172,55.12496566772461,54.740943908691406,54.49205017089844,54.3906135559082,54.37306594848633,54.3211784362793,54.20117950439453,54.144989013671875,54.229881286621094,54.30815887451172,54.368106842041016,54.56936264038086,54.793094635009766,54.94840621948242,55.18385696411133,55.40583801269531,55.68062973022461,55.83919906616211,55.67504119873047,55.540096282958984,55.70341491699219,56.234947204589844,57.0211181640625,57.796409606933594,58.442508697509766,59.13356399536133,59.861968994140625,60.297035217285156,60.43927001953125,60.62030792236328,60.88353729248047,61.16041946411133,61.488224029541016,61.724151611328125,61.734683990478516,61.4786376953125,61.0583610534668,60.82571792602539,60.97336196899414
58.28041076660156,58.31336975097656,58.25304412841797,57.96424102783203,57.52884292602539,57.139732360839844,56.86383056640625,56.60394287109375,56.31101989746094,56.07918930053711,55.937782287597656,55.75330352783203,55.407596588134766,55.06436538696289,55.060089111328125,55.37916564941406,55.643768310546875,55.76051712036133,56.012611389160156,56.38574981689453,56.8347053527832,57.25538635253906,57.53317642211914,57.832618713378906,57.8014030456543,57.476863861083984,57.10151290893555,56.91062927246094,57.14806365966797,57.708492279052734,58.346771240234375,59.07292175292969,59.964637756347656,60.742706298828125,61.118553161621094,61.242549896240234,61.465370178222656,61.902774810791016,62.48198699951172,63.11175537109375,63.6739387512207,63.832252502441406,63.374794006347656,62.7380485534668,62.42079162597656
60.134559631347656,59.94044494628906,59.65547180175781,59.25868606567383,58.880821228027344,58.672950744628906,58.6230354309082,58.52061462402344,58.28705596923828,58.067405700683594,57.93351745605469,57.74241638183594,57.30185317993164,56.70214080810547,56.4234619140625,56.81557846069336,57.42280960083008,57.65401840209961,57.66462707519531,57.9503059387207,58.46232223510742,58.88679885864258,59.25615692138672,59.7239990234375,59.95291519165039,59.82463836669922,59.4999885559082,59.04037857055664,58.66730880737305,58.678863525390625,59.056121826171875,59.64228439331055,60.399009704589844,61.21599578857422,61.8384895324707,62.11299133300781,62.26068115234375,62.62248229980469,63.22653579711914,63.978641510009766,64.83171081542969,65.60432434082031,65.88814544677734,65.48397064208984,64.84944152832031
62.27790832519531,61.90126037597656,61.37155532836914,60.819820404052734,60.44100570678711,60.34669494628906,60.38115310668945,60.30924606323242,60.1837158203125,60.10417175292969,60.038814544677734,59.88272476196289,59.50336837768555,58.91234588623047,58.44241714477539,58.645233154296875,59.369388580322266,59.81060791015625,59.799861907958984,59.84980773925781,60.14933776855469,60.39353942871094,60.80255126953125,61.45166778564453,61.95124816894531,62.11097717285156,62.04679870605469,61.74565887451172,61.1962776184082,60.77867126464844,60.820068359375,61.200382232666016,61.74631881713867,62.39424514770508,63.027408599853516,63.439292907714844,63.64480972290039,63.91556930541992,64.39628601074219,65.07137298583984,65.81375885009766,66.60838317871094,67.45821380615234,67.90254974365234,67.68682861328125
64.42013549804688,64.0855484008789,63.43020248413086,62.710670471191406,62.248863220214844,62.17188262939453,62.159828186035156,61.997215270996094,61.94450378417969,62.03865432739258,62.08146667480469,61.94281005859375,61.586830139160156,61.08474349975586,60.63758087158203,60.65477752685547,61.19207000732422,61.604793548583984,61.75667953491211,61.8502311706543,61.91550064086914,61.96430206298828,62.15377426147461,62.72769546508789,63.49974060058594,64.10739135742188,64.40682983398438,64.41940307617188,64.08645629882812,63.57406997680664,63.311729431152344,63.4554443359375,63.821720123291016,64.26908874511719,64.75230407714844,65.15013885498047,65.4043960571289,65.66643524169922,66.08396911621094,66.64087677001953,67.19523620605469,67.70359802246094,68.33885955810547,69.16612243652344,69.75562286376953
66.09291076660156,65.97750091552734,65.44318389892578,64.72138214111328,64.21775817871094,64.06504821777344,63.87654113769531,63.592674255371094,63.54343795776367,63.72726058959961,63.92184829711914,63.8714714050293,63.53653335571289,63.04482650756836,62.64619445800781,62.611019134521484,62.87181091308594,63.067787170410156,63.18594741821289,63.420955657958984,63.66654586791992,63.723018646240234,63.6422233581543,63.84986114501953,64.49422454833984,65.36260223388672,66.10636138916016,66.5290298461914,66.57990264892578,66.32410430908203,66.05962371826172,66.0679702758789,66.34546661376953,66.72207641601562,67.06512451171875,67.29933166503906,67.38086700439453,67.46287536621094,67.7994155883789,68.36127471923828,68.91394805908203,69.34709167480469,69.64431762695312,70.09992980957031,70.92019653320312
67.53276062011719,67.4755859375,67.11351013183594,66.57257080078125,66.21724700927734,66.08146667480469,65.79328155517578,65.42735290527344,65.23927307128906,65.37059020996094,65.78919219970703,65.95184326171875,65.69135284423828,65.15772247314453,64.64347839355469,64.47764587402344,64.43607330322266,64.2863998413086,64.24738311767578,64.49920654296875,64.91948699951172,65.34095001220703,65.47666931152344,65.46643829345703,65.78495025634766,66.52316284179688,67.39693450927734,68.09955596923828,68.45548248291016,68.42676544189453,68.23052215576172,68.2085952758789,68.52181243896484,69.04395294189453,69.53426361083984,69.83009338378906,69.85850524902344,69.66646575927734,69.66041564941406,70.127197265625,70.77005004882812,71.32042694091797,71.73963928222656,71.88491821289062,72.22247314453125
69.22758483886719,69.0208511352539,68.65011596679688,68.21308135986328,68.02163696289062,68.02574920654297,67.93323516845703,67.6662826538086,67.25144958496094,67.15656280517578,67.67195892333984,68.23587036132812,68.2909927368164,67.78401184082031,67.0425033569336,66.55858612060547,66.17192077636719,65.67159271240234,65.34461212158203,65.44447326660156,65.87512969970703,66.43216705322266,66.92445373535156,67.18750762939453,67.4880599975586,68.10990142822266,68.90333557128906,69.6207504272461,70.08816528320312,70.14647674560547,69.86669921875,69.64220428466797,69.79528045654297,70.33697509765625,71.07847595214844,71.71897888183594,72.0116958618164,71.843505859375,71.57349395751953,71.81826782226562,72.49359893798828,73.20480346679688,73.93350219726562,74.30928802490234,74.32544708251953
71.2229232788086,70.87594604492188,70.39595031738281,69.8982162475586,69.70606231689453,69.80120086669922,69.93392944335938,69.96492767333984,69.5477523803711,69.12416076660156,69.29743194580078,70.0081787109375,70.64810943603516,70.53487396240234,69.7193832397461,68.80452728271484,68.04129028320312,67.32290649414062,66.78630065917969,66.65357971191406,66.88713836669922,67.34562683105469,67.88229370117188,68.30760192871094,68.7458724975586,69.45880889892578,70.3309097290039,71.11711120605469,71.68287658691406,71.84690856933594,71.5814437866211,71.17132568359375,70.98133087158203,71.22348022460938,71.92185974121094,72.84953308105469,73.52825927734375,73.63578033447266,73.31576538085938,73.2553482055664,73.83088684082031,74.6865234375,75.61017608642578,76.31787109375,76.46028137207031
73.3687515258789,72.94243621826172,72.37698364257812,71.78278350830078,71.53590393066406,71.66262817382812,71.7765884399414,71.90462493896484,71.87256622314453,71.4403076171875,71.15664672851562,71.54167938232422,72.35734558105469,72.83184051513672,72.4001235961914,71.23848724365234,69.95857238769531,68.982177734375,68.37982940673828,68.14952850341797,68.2115478515625,68.48172760009766,68.90538787841797,69.27103424072266,69.5994873046875,70.1847915649414,71.07804107666016,72.06471252441406,72.87348937988281,73.28330993652344,73.24195861816406,72.9350814819336,72.67406463623047,72.69107818603516,73.08917999267578,73.89766693115234,74.74064636230469,75.12166595458984,75.02957153320312,74.81649017333984,75.07207489013672,75.88377380371094,76.92029571533203,77.8497543334961,78.26643371582031
75.5463638305664,75.05583190917969,74.4462661743164,73.81400299072266,73.55773162841797,73.6709213256836,73.71427154541016,73.70018768310547,73.74883270263672,73.6324462890625,73.3869400024414,73.4842758178711,74.0771484375,74.64698028564453,74.61201477050781,73.77349853515625,72.38886260986328,71.02284240722656,70.16954803466797,69.88333129882812,69.87287902832031,69.98432922363281,70.22437286376953,70.50050354003906,70.6894302368164,70.94088745117188,71.5984115600586,72.66419219970703,73.72067260742188,74.4177017211914,74.62284088134766,74.51502990722656,74.412841796875,74.43585205078125,74.66291809082031,75.21704864501953,75.96102142333984,76.48294067382812,76.65172576904297,76.58597564697266,76.5969009399414,77.08036041259766,77.93253326416016,78.9128189086914,79.66084289550781
77.52984619140625,77.06754302978516,76.51008605957031,75.9095458984375,75.56749725341797,75.60668182373047,75.68365478515625,75.62873840332031,75.54509735107422,75.45901489257812,75.42301177978516,75.5711669921875,76.01880645751953,76.44084930419922,76.35077667236328,75.8497314453125,74.97706604003906,73.6375961303711,72.41947937011719,71.91338348388672,71.8317642211914,71.75656127929688,71.7369613647461,71.88491821289062,72.02537536621094,72.11703491210938,72.57807922363281,73.56434631347656,74.7257080078125,75.62174987792969,75.95562744140625,75.88578796386719,75.81328582763672,75.88092803955078,76.0926513671875,76.52371978759766,77.10040283203125,77.59817504882812,77.93873596191406,78.12135314941406,78.1399917602539,78.31687927246094,78.85792541503906,79.63139343261719,80.4627456665039
79.09894561767578,78.71444702148438,78.28375244140625,77.81859588623047,77.51245880126953,77.52054595947266,77.60871124267578,77.51142883300781,77.314453125,77.26753234863281,77.4190444946289,77.59115600585938,77.73416900634766,77.85497283935547,77.78494262695312,77.61578369140625,77.24424743652344,76.23883819580078,74.97168731689453,74.28860473632812,74.10179901123047,73.85924530029297,73.56877899169922,73.4147720336914,73.39112854003906,73.55523681640625,74.04011535644531,74.86468505859375,75.87754821777344,76.75458526611328,77.1972885131836,77.2520751953125,77.14867401123047,77.05632019042969,77.11337280273438,77.41890716552734,77.8370361328125,78.20027923583984,78.59770202636719,79.06341552734375,79.29651641845703,79.37248229980469,79.79070281982422,80.40770721435547,81.02355194091797
