data/wind_data/wind_67_1.json
{"header": {"parameterUnit": "KT", "parameterCategory": 2, "nx": 256, "ny": 198, "lo1": 44.73521041870117, "la1": -3.236724853515625, "lo2": 111.26478576660156, "la2": 43.468475341796875, "dx": 0.2609002888202667, "dy": -0.23708222806453705, "refTime": "2025-02-21 19:00:00", "forecastTime": 0, "parameterNumber": 2, "parameterNumberName": "eastward_wind"}, "data":
[rows 171 to 189 of 198, columns 172 to 214 of 256]
5.5780534744262695,0.8949347734451294,2.330305576324463,2.340480089187622,1.9552732706069946,5.329372882843018,7.084638595581055,10.507673263549805,6.8038649559021,1.8176918029785156,1.4989748001098633,4.122787952423096,3.551978349685669,5.539093494415283,12.056794166564941,0.4820151627063751,-14.014469146728516,-7.208540916442871,-6.065183639526367,-8.179085731506348,-14.914407730102539,-14.629383087158203,-9.100467681884766,-4.209476947784424,-1.8694837093353271,-1.053330659866333,-1.1449871063232422,-2.926724910736084,-1.6684221029281616,-0.050981905311346054,-1.5435818433761597,-0.24517877399921417,3.678670644760132,5.1958088874816895,2.3535616397857666,3.4340264797210693,5.521505832672119,4.965409755706787,3.122114896774292,1.5157188177108765,-1.5298659801483154,3.699045419692993,8.148582458496094
5.174363136291504,1.6970123052597046,-0.6060553789138794,-0.7224488258361816,4.949513912200928,9.638623237609863,8.474385261535645,1.0771353244781494,-5.929359436035156,3.9494566917419434,4.124617099761963,1.979581594467163,1.4605811834335327,5.017544269561768,10.027586936950684,-9.324161529541016,-17.167076110839844,-6.825298309326172,-0.8986682295799255,-6.406056880950928,-10.625032424926758,-8.742436408996582,-7.077193737030029,-5.324522018432617,-1.2736395597457886,1.7425651550292969,0.819315493106842,-1.7286818027496338,-4.100456237792969,-2.3642382621765137,0.031374044716358185,3.6177945137023926,4.916266918182373,3.8408377170562744,2.086101531982422,4.440104961395264,7.806076526641846,4.218472003936768,2.808109760284424,1.5177196264266968,0.22220897674560547,4.354106903076172,7.314203262329102
5.084071159362793,5.375363826751709,1.9885506629943848,1.1422795057296753,5.827972412109375,10.467918395996094,7.205575466156006,-1.8979207277297974,-2.914318084716797,5.439864635467529,6.769786357879639,4.300751686096191,4.14760684967041,2.960766315460205,-2.847578525543213,-9.28889274597168,-12.309527397155762,-5.467799663543701,2.618305206298828,-3.4321939945220947,-7.333388805389404,-8.650184631347656,-11.28002643585205,-8.249225616455078,-0.5964766144752502,4.959360122680664,3.2568371295928955,-7.873042106628418,-6.516714096069336,1.0504646301269531,4.030182361602783,4.440407752990723,4.9480204582214355,3.0668680667877197,0.5931973457336426,4.221963405609131,5.44143533706665,4.142942905426025,2.9164693355560303,1.680436134338379,2.8103063106536865,5.127933025360107,0.3188226521015167
2.0500435829162598,4.211939811706543,4.2546610832214355,3.321650505065918,5.3632893562316895,7.159361362457275,5.509090900421143,2.032942533493042,1.0506417751312256,6.246707916259766,7.6614274978637695,6.25312614440918,4.675401210784912,-0.8500469326972961,-7.165185451507568,-2.199422597885132,3.4395062923431396,-1.4946134090423584,-1.2130154371261597,-7.151251792907715,-9.8728666305542,-15.50523853302002,-12.331857681274414,0.39513763785362244,3.2898693084716797,-0.4249267280101776,-4.911377429962158,-7.147578239440918,-2.196235418319702,4.147133827209473,5.1543145179748535,4.090005397796631,0.7463962435722351,-3.2497055530548096,-0.017545823007822037,8.494797706604004,6.154651641845703,3.9537296295166016,1.7279919385910034,1.7736220359802246,4.8333539962768555,0.5946152210235596,-14.908024787902832
-1.0107574462890625,0.7140411734580994,2.028257131576538,2.6621718406677246,4.099462985992432,4.7282233238220215,4.650717258453369,4.19738245010376,4.542361259460449,5.838771820068359,5.204311847686768,3.100403308868408,0.42906200885772705,-4.65684700012207,-7.82387638092041,-1.681362271308899,9.170098304748535,6.745384216308594,-1.140315294265747,-3.949920654296875,-4.257132053375244,-5.659322738647461,-0.23037832975387573,7.9718852043151855,-3.8073108196258545,-10.665448188781738,-3.834658622741699,5.815943241119385,5.267409801483154,0.9620745182037354,6.563873767852783,4.93151330947876,-0.7075011730194092,3.1466245651245117,7.645279884338379,7.311819076538086,3.566840171813965,2.271303176879883,2.5891900062561035,2.0865225791931152,2.69167160987854,-7.1250081062316895,-16.378175735473633
-2.6176083087921143,-2.0474774837493896,-0.7743048071861267,0.4950088858604431,1.4219447374343872,1.884678602218628,2.395582437515259,3.000251054763794,3.8237290382385254,4.4712395668029785,3.9837493896484375,2.5080766677856445,2.355842351913452,0.15172520279884338,-3.6290252208709717,1.6056797504425049,9.562352180480957,8.72982120513916,3.467194080352783,3.341496706008911,3.5366291999816895,1.053086280822754,3.1906659603118896,2.7034082412719727,-7.412950038909912,-5.612269401550293,4.150490760803223,12.795255661010742,10.804117202758789,-3.4362435340881348,6.265631198883057,7.879196643829346,4.401853084564209,4.462294101715088,2.406916618347168,-0.12658630311489105,-0.43203145265579224,2.5744235515594482,1.1015275716781616,-4.163512706756592,-8.329615592956543,-12.589587211608887,-14.373779296875
-3.5853426456451416,-1.780423641204834,-0.3701980412006378,0.3952834904193878,0.7160715460777283,0.8526641726493835,1.6388722658157349,2.6534435749053955,3.3947877883911133,4.0222487449646,3.378761053085327,1.7528706789016724,2.084268093109131,2.501682758331299,4.102463722229004,7.578624248504639,9.647923469543457,9.16623306274414,8.58739185333252,7.6371870040893555,6.1736063957214355,3.887932538986206,2.8388288021087646,6.2732462882995605,-1.2526977062225342,-0.16558367013931274,6.249925136566162,9.404627799987793,6.221467018127441,-0.19890467822551727,7.198260307312012,7.198808670043945,0.3165784478187561,-5.8174147605896,-4.4852070808410645,-2.0155653953552246,-0.5520013570785522,-2.015848159790039,-9.61298942565918,-13.6085205078125,-12.36049747467041,-12.166083335876465,-12.209712028503418
-5.026216983795166,-2.5599477291107178,0.003929362632334232,2.160588026046753,3.116758346557617,2.4059865474700928,2.2194764614105225,2.1781728267669678,3.010063886642456,3.7979583740234375,3.121964693069458,1.7178378105163574,2.609222650527954,4.558035850524902,7.060085296630859,8.911157608032227,9.030009269714355,8.24036979675293,7.600996971130371,6.606380462646484,6.718055248260498,7.4374260902404785,6.638212203979492,7.271451473236084,3.778212308883667,3.5555100440979004,5.851876258850098,6.053466320037842,3.1975696086883545,1.9543039798736572,3.103794574737549,-3.3918144702911377,-12.056944847106934,-7.04538106918335,-2.984766721725464,-5.8450493812561035,-6.824471950531006,-9.603593826293945,-15.708540916442871,-14.941784858703613,-11.677105903625488,-11.787776947021484,-11.327527046203613
-7.468931674957275,-6.472059726715088,-3.996215343475342,-0.4794664978981018,3.6108875274658203,5.131109237670898,2.703386068344116,1.7527337074279785,3.236577272415161,3.321608066558838,2.575917959213257,2.3934519290924072,3.27779483795166,4.169431686401367,4.824375629425049,5.477094650268555,5.303458213806152,4.496703147888184,4.927033424377441,6.2823896408081055,6.714232444763184,7.407659530639648,7.073851585388184,6.7104268074035645,4.840771198272705,1.5491753816604614,-2.2323782444000244,-5.072643756866455,-5.793914794921875,-5.5502753257751465,-9.487598419189453,-15.348002433776855,-13.740743637084961,-8.233926773071289,-8.30329704284668,-10.46340274810791,-10.38124942779541,-10.42650032043457,-12.958637237548828,-13.062055587768555,-11.464678764343262,-11.46264362335205,-11.238471984863281
-6.498686790466309,-6.392156600952148,-5.5193352699279785,-3.789715528488159,-1.5558351278305054,1.3146030902862549,-0.2653757333755493,-0.8136382699012756,0.21464195847511292,-0.9663182497024536,-2.2946715354919434,-2.2435390949249268,-3.5390517711639404,-6.880788326263428,-9.10241985321045,-9.91384506225586,-9.739463806152344,-9.130962371826172,-5.909160137176514,-2.617687702178955,-1.8465073108673096,-1.3534578084945679,-2.498234987258911,-4.777937889099121,-8.313095092773438,-14.884982109069824,-19.22130584716797,-19.082643508911133,-16.344388961791992,-14.535622596740723,-14.509420394897461,-13.836498260498047,-10.827075958251953,-8.74754524230957,-11.0619535446167,-12.446399688720703,-10.845555305480957,-9.655288696289062,-9.100558280944824,-10.974319458007812,-11.741726875305176,-10.789830207824707,-9.582403182983398
-5.6950836181640625,-5.234787464141846,-4.916248321533203,-3.851003646850586,-3.783888101577759,-5.335839748382568,-9.614957809448242,-10.62287425994873,-12.518094062805176,-11.907523155212402,-11.140205383300781,-10.855847358703613,-10.771222114562988,-13.954277992248535,-17.450820922851562,-17.4891414642334,-16.271738052368164,-15.041136741638184,-14.150815963745117,-14.479702949523926,-15.460990905761719,-16.747791290283203,-18.537981033325195,-20.056949615478516,-19.42694091796875,-21.082286834716797,-22.708154678344727,-20.37833023071289,-16.05017852783203,-12.621606826782227,-10.51119327545166,-7.196834087371826,-8.270087242126465,-13.542795181274414,-17.574298858642578,-15.963277816772461,-13.039970397949219,-9.469310760498047,-6.876260280609131,-8.93697452545166,-11.451555252075195,-10.445823669433594,-10.008788108825684
-4.485597133636475,-3.9270846843719482,-4.060692310333252,-4.006222724914551,-4.451461315155029,-3.5488171577453613,-8.828498840332031,-19.07915496826172,-16.952486038208008,-14.529726028442383,-11.054203033447266,-7.949038028717041,-8.757952690124512,-15.940199851989746,-20.451845169067383,-19.90057373046875,-17.841352462768555,-16.368391036987305,-17.65131950378418,-18.139162063598633,-17.900482177734375,-18.90100860595703,-20.40033531188965,-22.128877639770508,-22.955486297607422,-22.41904640197754,-21.41318130493164,-19.4443416595459,-16.91337013244629,-13.648746490478516,-10.070573806762695,-9.0103178024292,-12.998882293701172,-17.46550750732422,-17.75655174255371,-15.436636924743652,-12.330126762390137,-8.945789337158203,-5.64138126373291,-5.019207000732422,-7.919755458831787,-8.509485244750977,-7.7644267082214355
-5.032419204711914,-3.7610528469085693,-2.7791640758514404,-2.8432705402374268,-4.308884620666504,-4.483729839324951,-3.796410083770752,-14.254144668579102,-18.6615047454834,-13.41241455078125,-12.625120162963867,-8.817085266113281,-8.689038276672363,-14.435870170593262,-19.135986328125,-18.441267013549805,-17.528356552124023,-18.512470245361328,-20.470129013061523,-19.49001121520996,-17.839418411254883,-18.561203002929688,-19.772775650024414,-20.931434631347656,-21.59531021118164,-21.199432373046875,-20.19831085205078,-19.053606033325195,-17.294973373413086,-14.199005126953125,-10.544031143188477,-10.10204029083252,-12.885405540466309,-14.330968856811523,-14.019805908203125,-13.941356658935547,-11.574009895324707,-7.618261814117432,-5.033602714538574,-3.980424642562866,-5.470516681671143,-7.908996105194092,-7.021383285522461
-5.5733160972595215,-3.3361008167266846,-1.6186630725860596,-1.5327887535095215,-3.292306900024414,-4.15435266494751,-3.9970407485961914,-4.728315353393555,-14.346856117248535,-15.059198379516602,-12.70329475402832,-10.122771263122559,-7.377121925354004,-10.603322982788086,-15.603306770324707,-14.90815544128418,-14.875921249389648,-18.9605712890625,-22.16147804260254,-20.303009033203125,-17.91757583618164,-17.782262802124023,-18.498323440551758,-18.847625732421875,-19.684125900268555,-20.931541442871094,-20.576635360717773,-17.90663719177246,-14.336017608642578,-10.602925300598145,-7.099590301513672,-6.668997764587402,-9.04834270477295,-9.878170013427734,-10.315049171447754,-11.846517562866211,-10.067843437194824,-6.11347770690918,-4.6320624351501465,-4.752956390380859,-4.562747001647949,-6.976630687713623,-7.99998664855957
-5.386186122894287,-2.5599007606506348,-0.38613346219062805,-0.624148964881897,-2.4454619884490967,-3.3192310333251953,-4.913387298583984,-6.9343671798706055,-7.026225566864014,-10.850969314575195,-11.409031867980957,-9.602322578430176,-6.496671676635742,-6.915302753448486,-8.812784194946289,-8.352776527404785,-9.385109901428223,-16.03769874572754,-20.354345321655273,-19.6009464263916,-17.99347496032715,-17.268991470336914,-17.974781036376953,-17.48904800415039,-18.018613815307617,-19.373952865600586,-19.40581512451172,-16.349184036254883,-12.041472434997559,-9.092897415161133,-6.429989337921143,-5.039746284484863,-5.052955627441406,-5.057919502258301,-5.956861972808838,-8.765056610107422,-8.598719596862793,-5.411553382873535,-3.5746219158172607,-3.806748390197754,-4.1537580490112305,-5.461709976196289,-8.164710998535156
-3.243403196334839,-1.8513282537460327,-0.4004571735858917,-0.6722773909568787,-2.2214653491973877,-3.0180599689483643,-6.024742126464844,-9.303144454956055,-8.439582824707031,-8.193509101867676,-9.23497200012207,-7.964816570281982,-5.832766532897949,-4.45229434967041,-4.5944905281066895,-4.820174217224121,-4.856719493865967,-10.200764656066895,-14.848281860351562,-15.185649871826172,-15.294076919555664,-16.343631744384766,-18.5,-18.735980987548828,-17.56218147277832,-15.59872055053711,-15.082738876342773,-14.566673278808594,-12.25963306427002,-9.903128623962402,-6.488862991333008,-4.239972114562988,-4.411770820617676,-4.1119208335876465,-2.4685347080230713,-4.92401123046875,-8.397266387939453,-5.139864921569824,-1.7557275295257568,-2.594404697418213,-5.147420883178711,-7.4602861404418945,-7.97182035446167
-2.13114333152771,-2.831173896789551,-2.1710541248321533,-2.5246849060058594,-3.339118003845215,-3.7542920112609863,-6.519908428192139,-9.567495346069336,-8.528157234191895,-8.000615119934082,-8.801346778869629,-8.085375785827637,-7.271875858306885,-7.100335121154785,-6.273205757141113,-5.501804828643799,-6.239124298095703,-8.40202808380127,-11.328972816467285,-12.419398307800293,-12.108175277709961,-13.589488983154297,-17.132835388183594,-19.423553466796875,-18.07701873779297,-13.808588027954102,-10.469293594360352,-10.936641693115234,-12.20398998260498,-8.968140602111816,-4.770732402801514,-3.190446376800537,-5.64226770401001,-6.5377326011657715,-4.538498878479004,-4.197318077087402,-5.369350910186768,-2.9264042377471924,-1.1759895086288452,-3.61372971534729,-7.135331153869629,-8.388954162597656,-8.378425598144531
0.3179544508457184,-3.975011110305786,-3.866299867630005,-4.073004245758057,-4.941705226898193,-4.56516170501709,-6.752255916595459,-10.13371467590332,-8.576688766479492,-5.359960079193115,-4.900264263153076,-6.507381439208984,-6.897807598114014,-6.402226448059082,-5.357645034790039,-3.968435287475586,-4.602646350860596,-9.742837905883789,-13.16883373260498,-13.452162742614746,-15.946589469909668,-19.034034729003906,-19.880956649780273,-19.713266372680664,-17.290922164916992,-11.667257308959961,-6.803781032562256,-5.597384929656982,-7.423228740692139,-5.826991558074951,-2.1485564708709717,-3.416762113571167,-7.8702287673950195,-7.49598503112793,-6.250675201416016,-4.547055721282959,-3.2111165523529053,-1.7108932733535767,-0.8799113035202026,-4.762753486633301,-7.3477935791015625,-6.622637748718262,-6.576279640197754
4.786513805389404,-1.775080919265747,-4.125941276550293,-4.208008766174316,-5.71351957321167,-6.385042667388916,-8.541088104248047,-11.345664978027344,-9.133145332336426,-4.707877159118652,-2.2288293838500977,-3.0318186283111572,-5.747857570648193,-6.9798583984375,-7.39741849899292,-7.5267415046691895,-6.814885139465332,-6.431332588195801,-8.510930061340332,-10.490522384643555,-15.75908088684082,-19.365924835205078,-20.329118728637695,-19.12355613708496,-14.906031608581543,-10.399185180664062,-5.744061470031738,-4.240283012390137,-4.333392143249512,-1.8380485773086548,0.1294672042131424,-4.208602428436279,-7.878834247589111,-6.635858058929443,-5.312182426452637,-3.7539827823638916,-2.533721923828125,-1.6480704545974731,-1.6068633794784546,-3.7969586849212646,-6.358139514923096,-5.872585773468018,-5.243980407714844
