data/wind_data/wind_56_4.json
{"header": {"parameterUnit": "KT", "parameterCategory": 2, "nx": 256, "ny": 198, "lo1": 44.73521041870117, "la1": -3.236724853515625, "lo2": 111.26478576660156, "la2": 43.468475341796875, "dx": 0.2609002888202667, "dy": -0.23708222806453705, "refTime": "2025-02-21 08:00:00", "forecastTime": 0, "parameterNumber": 2, "parameterNumberName": "eastward_wind"}, "data":
[rows 152 to 170 of 198, columns 132 to 175 of 256]
49.585201263427734,49.31074142456055,48.62507247924805,47.38624954223633,43.787742614746094,42.54391098022461,39.17620849609375,32.26780700683594,28.768924713134766,27.80599021911621,28.656526565551758,29.782302856445312,29.579931259155273,27.5752010345459,25.73291778564453,24.880109786987305,23.874818801879883,23.876903533935547,25.748056411743164,25.10663604736328,23.870590209960938,25.248092651367188,23.682697296142578,23.069047927856445,23.420122146606445,22.419567108154297,20.558935165405273,23.9228515625,27.542213439941406,24.83512306213379,20.15782356262207,21.740291595458984,23.940784454345703,24.75625991821289,25.974933624267578,26.632333755493164,26.71503257751465,26.65261459350586,26.714868545532227,27.705467224121094,29.05014991760254,30.242393493652344,31.280986785888672,32.07147216796875
48.914432525634766,47.478858947753906,45.14120101928711,42.44325637817383,39.28217315673828,37.082550048828125,37.3245964050293,35.92741775512695,31.82133674621582,28.80925178527832,27.176374435424805,27.059978485107422,27.43281364440918,26.143917083740234,23.940898895263672,22.877565383911133,22.2926082611084,21.891353607177734,22.243640899658203,23.434627532958984,24.323802947998047,23.755619049072266,22.623498916625977,22.10856819152832,23.588102340698242,29.547218322753906,27.829269409179688,24.095691680908203,21.340824127197266,17.140914916992188,17.68646812438965,20.154552459716797,22.57114601135254,25.580663681030273,26.76955795288086,25.87805938720703,24.765161514282227,24.75011444091797,25.940446853637695,27.777862548828125,29.656335830688477,30.87667465209961,31.171550750732422,30.49291229248047
44.684715270996094,40.975257873535156,39.342952728271484,35.65652847290039,30.097366333007812,28.87859344482422,28.972780227661133,29.740741729736328,30.28122901916504,29.204557418823242,27.132108688354492,26.736642837524414,26.446468353271484,24.895336151123047,23.495481491088867,23.231163024902344,22.848674774169922,21.872617721557617,21.471166610717773,22.350839614868164,23.925188064575195,24.93539047241211,25.172462463378906,24.000743865966797,25.64971351623535,30.838327407836914,28.151098251342773,20.2213134765625,14.719663619995117,14.88713264465332,18.069828033447266,22.612985610961914,26.58837127685547,25.071701049804688,22.617755889892578,22.215166091918945,23.04538345336914,24.497539520263672,25.892072677612305,27.318254470825195,29.00557518005371,29.74080467224121,29.878067016601562,29.5358829498291
37.556610107421875,34.8420524597168,32.93608093261719,29.638769149780273,27.6604061126709,26.671993255615234,26.777545928955078,27.219881057739258,27.205018997192383,26.104570388793945,24.66853904724121,23.59905433654785,23.758220672607422,23.956443786621094,23.485824584960938,22.528366088867188,21.764259338378906,20.87852668762207,20.214187622070312,20.718177795410156,22.242801666259766,23.65736198425293,24.463260650634766,24.48988151550293,26.032201766967773,27.768205642700195,24.888721466064453,19.6337947845459,17.901988983154297,19.63681983947754,21.278053283691406,25.458215713500977,26.138111114501953,20.94500732421875,20.179689407348633,21.751976013183594,23.665616989135742,24.92811393737793,25.95085906982422,26.814285278320312,27.730152130126953,27.527793884277344,26.83534049987793,26.770584106445312
29.308242797851562,28.709348678588867,28.70405387878418,27.45549964904785,26.787141799926758,27.335180282592773,28.094196319580078,29.25173568725586,29.392210006713867,27.68138313293457,25.89288902282715,25.899248123168945,24.49341583251953,21.7148380279541,20.27552604675293,18.990209579467773,19.38477325439453,19.889848709106445,21.324739456176758,22.71457290649414,19.007892608642578,18.9300594329834,20.636898040771484,21.35210609436035,22.792800903320312,24.670028686523438,24.996597290039062,24.079050064086914,23.201236724853516,23.818967819213867,24.32516098022461,24.405963897705078,22.114654541015625,19.80472755432129,20.731616973876953,22.883207321166992,24.618162155151367,25.795528411865234,25.41997528076172,24.653844833374023,24.34246826171875,24.467689514160156,24.61856460571289,25.08104133605957
25.121143341064453,25.46219825744629,25.37497329711914,25.622623443603516,26.814468383789062,28.25264549255371,28.408418655395508,28.715639114379883,29.04169464111328,28.773149490356445,27.287986755371094,27.246549606323242,22.783660888671875,19.63139533996582,17.67055892944336,16.562061309814453,16.491540908813477,15.87104606628418,15.798873901367188,14.562947273254395,14.109922409057617,15.625663757324219,18.35551643371582,19.504440307617188,20.230289459228516,22.068326950073242,23.216815948486328,23.26924705505371,24.550649642944336,25.096599578857422,24.604412078857422,22.812978744506836,20.876205444335938,20.451736450195312,21.902496337890625,23.106529235839844,24.2078857421875,24.399486541748047,23.170608520507812,22.231660842895508,22.19614028930664,22.32699966430664,23.98762321472168,24.658578872680664
26.677881240844727,24.999155044555664,25.04323959350586,26.987459182739258,28.162389755249023,30.22208023071289,30.03036117553711,26.500473022460938,25.02945899963379,27.059053421020508,27.572734832763672,26.353271484375,23.076303482055664,20.807628631591797,18.18006706237793,14.968484878540039,15.276338577270508,14.35616683959961,12.94371509552002,12.415179252624512,12.620160102844238,14.293787002563477,14.493069648742676,15.658071517944336,17.5185489654541,19.704111099243164,20.834815979003906,21.30471420288086,23.241409301757812,23.763904571533203,23.272981643676758,19.21148109436035,18.24612808227539,20.08892250061035,22.00655746459961,22.409481048583984,22.374723434448242,21.749406814575195,20.79449462890625,20.809263229370117,21.615495681762695,22.066179275512695,22.829452514648438,24.35849952697754
24.568323135375977,24.553518295288086,25.238861083984375,26.740203857421875,25.303123474121094,22.703269958496094,26.742372512817383,30.18952751159668,29.558513641357422,26.948734283447266,24.020639419555664,23.012720108032227,24.028865814208984,21.59004020690918,17.065731048583984,18.605945587158203,20.13033676147461,20.72150421142578,18.008190155029297,15.041827201843262,10.060256958007812,10.168880462646484,13.647629737854004,15.441514015197754,17.01458740234375,18.546470642089844,19.444515228271484,19.91632843017578,21.044340133666992,20.68239974975586,15.462308883666992,18.87558937072754,23.896770477294922,20.725393295288086,19.21571159362793,19.89980125427246,19.445947647094727,18.969820022583008,18.82711410522461,20.11232566833496,22.124229431152344,22.90254783630371,23.921504974365234,25.171234130859375
23.158626556396484,20.262483596801758,22.092573165893555,27.570188522338867,29.359577178955078,28.32784080505371,26.998775482177734,27.694093704223633,28.262243270874023,27.459169387817383,26.945171356201172,26.428762435913086,27.32448959350586,25.908878326416016,22.197175979614258,22.716861724853516,24.12015724182129,25.26816177368164,24.007946014404297,18.073705673217773,11.992171287536621,6.434392929077148,6.965854644775391,12.454806327819824,15.845243453979492,17.457792282104492,18.70981788635254,19.12340545654297,18.221233367919922,16.994863510131836,21.83152198791504,22.351974487304688,17.49363136291504,17.95796012878418,17.89069366455078,17.00035285949707,17.41724967956543,18.06316566467285,19.337045669555664,21.19541358947754,22.849050521850586,24.275625228881836,25.39986801147461,25.954885482788086
24.96917152404785,27.712993621826172,31.493038177490234,32.4185905456543,31.328811645507812,29.986284255981445,28.991958618164062,29.202030181884766,28.616647720336914,27.42798614501953,26.502777099609375,25.24817657470703,26.916433334350586,25.532934188842773,26.262176513671875,27.402179718017578,29.980491638183594,25.96343994140625,16.645544052124023,15.721635818481445,14.74275016784668,6.199339866638184,11.131854057312012,14.8600492477417,12.593231201171875,14.68404769897461,13.502606391906738,14.014877319335938,14.235151290893555,15.08827018737793,22.253976821899414,22.582439422607422,15.532154083251953,12.237151145935059,10.610111236572266,13.990164756774902,17.398839950561523,18.61432456970215,20.698183059692383,24.57671356201172,25.522472381591797,24.461320877075195,23.709627151489258,24.27440071105957
27.03460693359375,27.076276779174805,29.38667869567871,32.003501892089844,32.80902099609375,34.220672607421875,33.85014724731445,33.21944808959961,33.30537414550781,32.115638732910156,31.47496795654297,30.550264358520508,28.21640396118164,26.511722564697266,26.489856719970703,26.795669555664062,27.004871368408203,29.075719833374023,26.630765914916992,20.760290145874023,13.468005180358887,13.995625495910645,20.526357650756836,17.71877670288086,9.753413200378418,10.921675682067871,14.074010848999023,14.943878173828125,14.0091552734375,15.262247085571289,19.357463836669922,24.347177505493164,22.15267562866211,14.477947235107422,12.24580192565918,15.415575981140137,17.573545455932617,19.41803741455078,21.96563720703125,21.00041961669922,18.306692123413086,17.103126525878906,21.644134521484375,25.1475772857666
25.00804901123047,28.111005783081055,29.647676467895508,31.225414276123047,32.98941421508789,34.87907409667969,35.492645263671875,35.23246383666992,35.54856491088867,35.187828063964844,34.11079025268555,34.99124526977539,36.22330856323242,36.05622482299805,35.00384521484375,33.373775482177734,31.211652755737305,29.411418914794922,27.951513290405273,24.726613998413086,20.005111694335938,18.2633056640625,17.143348693847656,17.412368774414062,16.850507736206055,10.528722763061523,8.145038604736328,6.421153545379639,8.109208106994629,15.621064186096191,18.206501007080078,21.396026611328125,24.531993865966797,22.130022048950195,19.34105682373047,19.734323501586914,21.146657943725586,24.16107177734375,25.223106384277344,27.39643669128418,27.10841178894043,23.118207931518555,21.859172821044922,22.16623878479004
28.770145416259766,29.238628387451172,29.885887145996094,30.736324310302734,32.042999267578125,32.92011642456055,32.09419250488281,30.580596923828125,30.546079635620117,31.52825355529785,32.20683670043945,33.477020263671875,35.014801025390625,35.517860412597656,35.294952392578125,34.86417770385742,34.43727493286133,33.34486389160156,31.725614547729492,29.59309196472168,27.1711483001709,24.74091911315918,17.617259979248047,12.501047134399414,14.203166961669922,14.218344688415527,12.079203605651855,4.466129302978516,6.531197547912598,11.798421859741211,10.471345901489258,8.345419883728027,7.999801158905029,17.39708137512207,21.633712768554688,23.628555297851562,25.109390258789062,26.22471046447754,26.965105056762695,27.600465774536133,28.184711456298828,28.735271453857422,29.462215423583984,29.964492797851562
31.181346893310547,30.080928802490234,29.659488677978516,29.50263023376465,28.87919044494629,27.29247283935547,24.53071403503418,22.229141235351562,22.437963485717773,24.53870391845703,26.936893463134766,29.298709869384766,31.25511932373047,31.963579177856445,31.881752014160156,31.72538948059082,31.23289680480957,30.534461975097656,30.13349723815918,30.676179885864258,31.57801628112793,29.90704917907715,25.402095794677734,21.81494140625,18.59047508239746,11.829741477966309,8.490342140197754,9.449841499328613,15.695147514343262,19.108789443969727,21.66175651550293,20.24574089050293,17.69512367248535,19.57986831665039,23.624048233032227,25.670331954956055,26.09355354309082,26.070030212402344,24.8961181640625,27.061683654785156,29.707279205322266,30.7733154296875,31.13981056213379,31.657346725463867
29.653738021850586,27.750764846801758,26.40241241455078,25.003881454467773,22.9089298248291,20.429636001586914,18.0410213470459,16.57878303527832,17.214733123779297,19.42034912109375,22.287900924682617,25.297523498535156,27.664913177490234,28.6387996673584,28.32316780090332,26.901140213012695,25.15245819091797,24.49381446838379,25.111169815063477,25.996408462524414,26.892578125,26.90913963317871,25.644330978393555,24.235883712768555,23.853059768676758,18.90082359313965,14.810822486877441,16.38013458251953,18.028764724731445,23.049665451049805,26.20505142211914,25.317163467407227,25.075241088867188,24.605117797851562,25.29602813720703,25.076480865478516,25.534902572631836,21.669240951538086,20.945453643798828,26.285232543945312,30.195941925048828,31.81417465209961,31.816072463989258,31.60199737548828
25.67201805114746,23.245908737182617,21.748167037963867,20.002338409423828,17.205516815185547,15.108538627624512,14.297995567321777,14.445505142211914,15.618324279785156,17.525148391723633,19.98853302001953,22.713275909423828,24.630199432373047,24.902551651000977,23.588054656982422,21.56486701965332,19.93523597717285,19.287023544311523,19.978166580200195,20.609281539916992,20.43791961669922,19.567781448364258,18.472423553466797,17.511478424072266,17.08769416809082,18.92108917236328,20.954010009765625,22.59473991394043,20.477767944335938,21.26096534729004,23.451515197753906,21.00404930114746,20.95327377319336,23.068910598754883,24.360675811767578,24.46500015258789,25.38459587097168,25.475961685180664,23.189044952392578,23.2164363861084,24.827608108520508,26.964618682861328,28.493623733520508,30.63251304626465
20.60276222229004,19.528289794921875,18.184232711791992,14.802383422851562,11.042635917663574,10.046979904174805,11.202234268188477,13.008296012878418,15.011537551879883,17.181121826171875,19.58754539489746,21.584421157836914,21.965927124023438,21.138809204101562,19.625652313232422,17.42759895324707,15.679871559143066,15.320436477661133,16.072635650634766,16.160261154174805,15.534294128417969,13.3917875289917,10.194589614868164,7.768600940704346,6.328904628753662,6.586329460144043,11.331055641174316,16.608829498291016,17.41749382019043,17.054161071777344,15.802919387817383,13.889511108398438,14.934024810791016,18.404794692993164,20.643821716308594,21.345571517944336,21.177322387695312,19.874549865722656,19.44328498840332,19.907215118408203,20.326356887817383,20.353944778442383,20.965322494506836,25.449756622314453
17.47670555114746,15.886446952819824,13.27666187286377,9.42048454284668,6.817923545837402,7.016242980957031,8.873769760131836,11.48863697052002,13.772643089294434,15.765460968017578,17.769948959350586,19.372283935546875,20.149648666381836,19.14000129699707,15.89264965057373,12.970860481262207,11.874634742736816,11.80756664276123,11.62950611114502,10.223464012145996,6.735211372375488,2.6165504455566406,0.5201507210731506,-0.14235177636146545,-0.33331748843193054,0.09926851093769073,1.6054861545562744,4.531958103179932,9.121376037597656,12.001296997070312,10.853732109069824,10.456103324890137,10.95632553100586,12.76057243347168,14.700918197631836,16.198854446411133,16.28115463256836,15.628759384155273,14.750486373901367,13.401148796081543,13.133546829223633,13.330488204956055,13.17556095123291,13.028279304504395
13.69051742553711,11.819570541381836,9.57992172241211,6.785031318664551,4.871189594268799,4.8797454833984375,6.640734672546387,8.90634822845459,10.908819198608398,12.55492877960205,14.468379020690918,16.286863327026367,16.80188751220703,14.990907669067383,12.050642013549805,10.385003089904785,9.094892501831055,6.642676830291748,4.043792724609375,1.3807803392410278,-1.0387662649154663,-1.9396127462387085,-1.8189104795455933,-2.2173688411712646,-2.102818727493286,-1.2709262371063232,0.2861589789390564,2.1375441551208496,2.007237195968628,2.6698474884033203,3.2889018058776855,4.325379371643066,6.213197708129883,8.887988090515137,11.274188041687012,12.861997604370117,12.859893798828125,11.864940643310547,11.201886177062988,10.157841682434082,10.641119003295898,10.327876091003418,9.711750030517578,10.907415390014648
