data/wind_data/wind_39_9.json
{"header": {"parameterUnit": "KT", "parameterCategory": 2, "nx": 256, "ny": 198, "lo1": 44.73521041870117, "la1": -3.236724853515625, "lo2": 111.26478576660156, "la2": 43.468475341796875, "dx": 0.2609002888202667, "dy": -0.23708222806453705, "refTime": "2025-02-20 15:00:00", "forecastTime": 0, "parameterNumber": 2, "parameterNumberName": "eastward_wind"}, "data":
[rows 19 to 37 of 198, columns 43 to 85 of 256]
17.863922119140625,18.45650863647461,18.582050323486328,19.0784854888916,19.72768783569336,20.034690856933594,20.241512298583984,20.012460708618164,18.979639053344727,17.256027221679688,15.253064155578613,13.56881046295166,12.445810317993164,12.09327220916748,12.900472640991211,14.735393524169922,16.177366256713867,16.449541091918945,16.15557861328125,16.513626098632812,17.50604248046875,18.71354103088379,19.81289291381836,20.817787170410156,21.705760955810547,22.265682220458984,22.28390884399414,22.075927734375,22.605192184448242,23.712875366210938,24.648855209350586,24.552322387695312,24.093799591064453,24.047348022460938,24.471755981445312,25.073474884033203,25.917003631591797,26.691789627075195,27.022708892822266,27.2747745513916,27.012985229492188,26.294368743896484,24.821582794189453
17.411075592041016,18.483789443969727,18.82822036743164,19.241165161132812,20.11214828491211,20.271230697631836,20.42606544494629,20.384069442749023,19.580921173095703,17.76770782470703,15.580877304077148,14.033123016357422,12.871100425720215,12.009586334228516,12.245914459228516,13.704484939575195,15.15978717803955,15.676468849182129,15.71034049987793,16.14696502685547,17.23499298095703,18.650148391723633,20.236433029174805,21.893386840820312,23.115449905395508,23.627954483032227,23.521318435668945,23.451950073242188,24.17720603942871,25.547130584716797,26.54291343688965,26.222057342529297,25.46487045288086,25.041706085205078,24.905059814453125,25.22400665283203,26.21271514892578,27.297378540039062,27.994056701660156,28.31913185119629,27.842758178710938,27.244184494018555,26.726015090942383
17.468929290771484,18.54494285583496,19.390100479125977,19.833251953125,20.274463653564453,20.533872604370117,20.822580337524414,21.003822326660156,20.3786563873291,18.591960906982422,16.276935577392578,14.616931915283203,13.549455642700195,12.555486679077148,12.349566459655762,13.376574516296387,14.646016120910645,15.388968467712402,16.028457641601562,16.896709442138672,17.898794174194336,18.960697174072266,20.34809112548828,22.056772232055664,23.58415412902832,24.28580665588379,24.12336540222168,23.940723419189453,24.919816970825195,26.912683486938477,28.31064796447754,28.302932739257812,27.311458587646484,26.250743865966797,25.542316436767578,25.459863662719727,26.336191177368164,27.398483276367188,28.20965576171875,28.470088958740234,27.812557220458984,27.319177627563477,27.23673439025879
18.703582763671875,19.1957950592041,19.9346866607666,19.988649368286133,20.063732147216797,20.57964324951172,21.169330596923828,21.295164108276367,20.618247985839844,19.143001556396484,17.488445281982422,15.732306480407715,14.449687957763672,13.464969635009766,13.133974075317383,14.050089836120605,15.18840217590332,15.82043170928955,16.467529296875,17.55086898803711,18.557479858398438,19.270097732543945,20.02891731262207,21.13127899169922,22.3901424407959,23.318052291870117,23.581972122192383,23.546939849853516,24.51283073425293,26.84630584716797,28.9591121673584,29.766298294067383,28.99217987060547,27.625389099121094,26.461223602294922,25.883249282836914,26.235429763793945,26.882064819335938,27.393808364868164,27.507099151611328,27.226789474487305,27.136215209960938,27.079511642456055
19.888687133789062,20.24396324157715,20.107765197753906,19.788898468017578,20.264751434326172,19.973018646240234,20.854393005371094,21.124385833740234,20.41736602783203,19.04351043701172,18.1505184173584,16.836164474487305,15.665121078491211,14.75087833404541,14.243284225463867,15.045889854431152,16.115310668945312,16.533369064331055,16.950424194335938,17.98539924621582,19.069578170776367,19.656169891357422,20.010028839111328,20.540674209594727,21.202835083007812,21.811824798583984,22.212940216064453,22.447608947753906,23.33287239074707,25.532608032226562,28.025611877441406,29.36450958251953,29.10060691833496,28.079021453857422,27.055835723876953,26.307851791381836,26.236312866210938,26.413686752319336,26.191608428955078,26.170921325683594,26.440370559692383,26.80868148803711,26.85236167907715
19.446300506591797,20.300575256347656,20.16221809387207,20.092004776000977,20.107044219970703,19.707904815673828,19.852365493774414,20.509695053100586,20.254106521606445,19.04868507385254,18.402524948120117,17.390600204467773,16.515274047851562,15.947952270507812,15.288555145263672,15.850320816040039,16.89517593383789,17.198287963867188,17.592529296875,18.562725067138672,19.666858673095703,20.070959091186523,19.957468032836914,20.095043182373047,20.484127044677734,20.61536407470703,20.63884925842285,20.951204299926758,21.904674530029297,23.876815795898438,26.38136863708496,27.969207763671875,28.115446090698242,27.41619873046875,26.68203353881836,26.18135643005371,26.098188400268555,26.036041259765625,25.67397689819336,25.52362632751465,25.594511032104492,26.2935733795166,26.770401000976562
18.581748962402344,19.349079132080078,19.25052261352539,19.39720916748047,20.41338348388672,20.088581085205078,20.501310348510742,20.370668411254883,19.720205307006836,18.497880935668945,18.135284423828125,17.539390563964844,16.615459442138672,16.40258026123047,16.198942184448242,16.42417335510254,17.443531036376953,17.898876190185547,18.26622772216797,19.093002319335938,20.0318546295166,20.226072311401367,19.655488967895508,19.38046646118164,19.668594360351562,19.743017196655273,19.47804069519043,19.521190643310547,20.32369041442871,22.044572830200195,24.379920959472656,26.197101593017578,26.779285430908203,26.27928352355957,25.48948097229004,25.03238296508789,25.038631439208984,25.096376419067383,25.04925537109375,25.175800323486328,25.36652374267578,25.636123657226562,25.834394454956055
17.965171813964844,18.539630889892578,19.00822639465332,19.419662475585938,20.168527603149414,21.181421279907227,21.636350631713867,21.144824981689453,20.377649307250977,18.806243896484375,18.001483917236328,17.78364372253418,16.707033157348633,16.181190490722656,16.545501708984375,16.950029373168945,18.000146865844727,18.76238441467285,19.077478408813477,19.631458282470703,20.24717140197754,20.10439682006836,19.302860260009766,18.81780242919922,19.16948890686035,19.45612144470215,18.949058532714844,18.34564781188965,18.696685791015625,20.273229598999023,22.47019386291504,24.302209854125977,25.033193588256836,24.794790267944336,24.221710205078125,23.63279151916504,23.40874671936035,23.388521194458008,23.613677978515625,24.187664031982422,24.63542366027832,24.529678344726562,24.58281707763672
18.46100425720215,18.090389251708984,18.50934410095215,19.530038833618164,20.261940002441406,21.34812355041504,21.9367733001709,22.108816146850586,21.075603485107422,19.89276123046875,19.484277725219727,19.160310745239258,18.208080291748047,16.821474075317383,16.83879280090332,17.68871307373047,18.797292709350586,19.641754150390625,20.05238151550293,20.611570358276367,20.79745864868164,20.112186431884766,19.068252563476562,18.632402420043945,19.170406341552734,19.506900787353516,18.7286434173584,17.62017822265625,17.541202545166016,18.98158836364746,21.06263542175293,22.658035278320312,23.371580123901367,23.294496536254883,22.858652114868164,22.39911460876465,22.170276641845703,21.969118118286133,22.174293518066406,22.764123916625977,23.344558715820312,23.63033676147461,24.249683380126953
18.989490509033203,18.548297882080078,18.605886459350586,19.103073120117188,20.10238265991211,21.153841018676758,21.722240447998047,21.806827545166016,21.292457580566406,21.452373504638672,21.394502639770508,20.73206901550293,19.856884002685547,18.558305740356445,18.30660057067871,19.01173210144043,19.91498565673828,20.519765853881836,20.937429428100586,21.5588436126709,21.58788299560547,20.579614639282227,19.44133949279785,19.20846176147461,19.859987258911133,20.099214553833008,19.033756256103516,17.456920623779297,16.892349243164062,18.129159927368164,20.272470474243164,21.74945068359375,22.12310218811035,22.009872436523438,21.808500289916992,21.735021591186523,21.71851348876953,21.56810760498047,21.56125259399414,21.91450309753418,22.650676727294922,23.452960968017578,24.352575302124023
18.88181495666504,18.532865524291992,18.592897415161133,19.03162956237793,20.013944625854492,21.001543045043945,21.77631378173828,21.580467224121094,21.469207763671875,21.742212295532227,21.76546287536621,21.976318359375,21.500215530395508,20.22945213317871,20.262975692749023,20.86618423461914,21.20121955871582,21.27520179748535,21.443445205688477,22.044883728027344,22.312984466552734,21.54631805419922,20.421480178833008,20.293115615844727,20.926956176757812,21.06045913696289,19.82416343688965,18.00934410095215,17.015745162963867,17.7177734375,19.57149314880371,21.035966873168945,21.22903060913086,20.987993240356445,21.077119827270508,21.405975341796875,21.645662307739258,21.551939010620117,21.328948974609375,21.62051773071289,22.549997329711914,23.599653244018555,24.40855598449707
18.472820281982422,18.003026962280273,17.88747787475586,18.69855499267578,19.872455596923828,20.76308250427246,21.45438003540039,21.729116439819336,21.762479782104492,21.776281356811523,21.85603904724121,21.891633987426758,21.199846267700195,21.441463470458984,22.289295196533203,22.571462631225586,22.116870880126953,21.68369483947754,21.613218307495117,22.305688858032227,22.920251846313477,22.79828453063965,21.74799156188965,21.313554763793945,21.653995513916016,21.78929328918457,20.772356033325195,19.189912796020508,18.11408233642578,18.166074752807617,19.10677146911621,20.15131187438965,20.48685073852539,20.312288284301758,20.533409118652344,21.25739097595215,21.802396774291992,21.669986724853516,21.3955020904541,21.627079010009766,22.406635284423828,23.352996826171875,24.175893783569336
17.761850357055664,17.649303436279297,17.622835159301758,18.26263427734375,19.177593231201172,20.05400848388672,21.133155822753906,21.33036231994629,21.57346534729004,21.841646194458008,21.772165298461914,21.085420608520508,21.005826950073242,22.251283645629883,23.201147079467773,23.444795608520508,22.92380142211914,22.187376022338867,21.976655960083008,22.76814842224121,23.515676498413086,23.566221237182617,22.689380645751953,22.202991485595703,22.361764907836914,22.353103637695312,21.43780517578125,20.145587921142578,19.45970344543457,19.473623275756836,19.665151596069336,19.72332000732422,19.683815002441406,19.761899948120117,20.336511611938477,21.39702033996582,22.184669494628906,22.148696899414062,21.75257682800293,21.64240264892578,22.041406631469727,22.765445709228516,23.693037033081055
17.16244125366211,17.632186889648438,17.925933837890625,18.20876121520996,18.88611602783203,19.53409767150879,20.304340362548828,21.021984100341797,21.07706069946289,20.751657485961914,20.504261016845703,20.492631912231445,21.475250244140625,22.837421417236328,23.79707145690918,24.010234832763672,23.571792602539062,22.60816764831543,22.798969268798828,23.652130126953125,24.262907028198242,23.886682510375977,23.023494720458984,22.844680786132812,23.053197860717773,22.768146514892578,21.620946884155273,20.429235458374023,20.22327995300293,20.729639053344727,20.91478729248047,20.23362159729004,19.445350646972656,19.355390548706055,20.18603515625,21.513957977294922,22.47332000732422,22.571252822875977,22.106155395507812,21.833812713623047,22.03054428100586,22.421693801879883,22.997087478637695
16.860872268676758,17.667160034179688,18.362234115600586,18.620405197143555,19.056303024291992,19.630165100097656,19.930862426757812,20.286596298217773,20.179716110229492,19.52764320373535,19.0823974609375,19.728904724121094,21.455530166625977,22.73219871520996,23.638999938964844,24.14341926574707,23.629179000854492,23.5031795501709,24.071012496948242,24.39087677001953,24.050796508789062,23.725452423095703,23.16887664794922,23.206933975219727,23.25157928466797,22.712007522583008,21.46457290649414,20.458274841308594,20.49734115600586,21.462902069091797,22.01766014099121,21.240121841430664,20.029783248901367,19.59693717956543,20.384748458862305,21.892290115356445,23.017173767089844,23.19758415222168,22.80223274230957,22.409770965576172,22.14615249633789,21.9217586517334,21.94021987915039
16.732255935668945,17.5617733001709,18.352542877197266,18.87069320678711,19.293790817260742,19.795570373535156,20.009180068969727,19.763513565063477,19.26860809326172,18.70762825012207,18.491809844970703,19.057310104370117,20.371217727661133,21.67265510559082,22.804460525512695,23.271934509277344,23.43556785583496,24.180715560913086,24.94464683532715,24.79203987121582,24.242584228515625,23.703489303588867,23.07759666442871,23.43983268737793,23.291919708251953,22.48651695251465,21.199478149414062,20.3986873626709,20.758502960205078,22.011837005615234,22.765378952026367,22.249427795410156,21.101207733154297,20.590417861938477,21.32440757751465,22.76497459411621,23.79810905456543,23.745038986206055,23.027416229248047,22.267501831054688,21.678245544433594,21.20049285888672,20.97566795349121
16.586027145385742,17.581024169921875,18.34775161743164,18.845125198364258,19.063404083251953,19.33662986755371,19.63865089416504,19.496475219726562,18.864587783813477,18.1533203125,17.863130569458008,17.99905776977539,18.5526180267334,19.66606330871582,20.904449462890625,21.869407653808594,22.927337646484375,24.183547973632812,24.902191162109375,24.497896194458008,23.936071395874023,23.358304977416992,23.276010513305664,23.640426635742188,23.269237518310547,22.199716567993164,20.79819679260254,20.233688354492188,21.07378387451172,22.352880477905273,22.92644691467285,22.596654891967773,21.7142276763916,21.37565803527832,22.044713973999023,23.0894775390625,23.619216918945312,23.23456573486328,22.34572982788086,21.511140823364258,20.9967098236084,20.693904876708984,20.61008644104004
16.70234489440918,17.75136375427246,18.614105224609375,19.007707595825195,18.970211029052734,18.8863525390625,18.974477767944336,18.94609260559082,18.437089920043945,17.572179794311523,16.860872268676758,16.513141632080078,16.919532775878906,17.882431030273438,19.04660987854004,20.391569137573242,21.80245590209961,23.032020568847656,23.348590850830078,23.11863899230957,22.94756507873535,23.041790008544922,23.37648582458496,23.59380340576172,23.172821044921875,21.947757720947266,20.559659957885742,20.119428634643555,20.883703231811523,21.871910095214844,22.182586669921875,21.913972854614258,21.42436408996582,21.3291015625,21.658123016357422,22.190820693969727,22.41830062866211,22.132171630859375,21.542598724365234,20.901674270629883,20.46120262145996,20.212116241455078,20.297197341918945
17.491222381591797,18.2142333984375,18.87380027770996,19.22894287109375,19.20783233642578,18.935256958007812,18.633222579956055,18.246244430541992,17.601795196533203,16.711576461791992,15.81640911102295,15.399240493774414,15.780034065246582,16.710357666015625,17.740570068359375,18.926259994506836,20.064138412475586,20.69625473022461,20.884008407592773,21.635955810546875,22.382732391357422,22.962499618530273,23.324098587036133,23.29827880859375,22.5904541015625,21.519189834594727,20.780582427978516,20.491621017456055,20.688085556030273,20.926374435424805,20.7819766998291,20.570220947265625,20.622417449951172,20.992769241333008,21.231351852416992,21.4326229095459,21.506486892700195,21.35323143005371,21.0682373046875,20.5775089263916,19.921648025512695,19.361942291259766,19.330228805541992
