data/wind_data/wind_35_7.json
{"header": {"parameterUnit": "KT", "parameterCategory": 2, "nx": 256, "ny": 198, "lo1": 44.73521041870117, "la1": -3.236724853515625, "lo2": 111.26478576660156, "la2": 43.468475341796875, "dx": 0.2609002888202667, "dy": -0.23708222806453705, "refTime": "2025-02-20 11:00:00", "forecastTime": 0, "parameterNumber": 2, "parameterNumberName": "eastward_wind"}, "data":
[rows 60 to 79 of 198, columns 88 to 131 of 256]
12.0442476272583,11.747583389282227,11.449140548706055,11.112717628479004,10.715702056884766,10.305290222167969,9.89805793762207,9.526139259338379,9.09561824798584,8.508927345275879,7.770269393920898,7.084405899047852,6.847501277923584,7.204287528991699,7.800669193267822,8.253145217895508,8.338042259216309,8.08226490020752,7.71295690536499,7.426159381866455,7.245052337646484,7.076040267944336,6.876641750335693,6.7027587890625,6.656442642211914,6.839868068695068,7.241733074188232,7.48984432220459,7.396923065185547,7.17807149887085,7.328414440155029,7.3344011306762695,7.2968010902404785,7.458521842956543,7.848108291625977,8.270715713500977,8.648591041564941,8.98193073272705,9.264907836914062,9.246966361999512,8.94465160369873,8.636996269226074,8.499715805053711,8.472040176391602
13.994834899902344,13.734281539916992,13.389638900756836,13.000537872314453,12.589973449707031,12.209394454956055,11.835990905761719,11.450237274169922,10.987318992614746,10.37905502319336,9.636300086975098,8.880781173706055,8.405623435974121,8.434453010559082,8.783892631530762,9.177226066589355,9.453418731689453,9.472593307495117,9.256582260131836,9.050310134887695,9.0043306350708,8.973691940307617,8.75804328918457,8.374658584594727,8.07464599609375,8.067337036132812,8.31166934967041,8.498259544372559,8.587373733520508,8.660922050476074,8.691205978393555,8.712044715881348,8.39187240600586,8.218966484069824,8.508630752563477,8.993019104003906,9.416464805603027,9.727001190185547,9.967608451843262,10.115301132202148,10.043367385864258,9.797504425048828,9.598908424377441,9.601243019104004
15.677556991577148,15.58720874786377,15.394197463989258,15.062135696411133,14.66229248046875,14.259428024291992,13.842230796813965,13.387092590332031,12.888572692871094,12.31529426574707,11.67221736907959,11.008663177490234,10.477038383483887,10.257804870605469,10.260541915893555,10.2938232421875,10.39663314819336,10.542932510375977,10.576644897460938,10.554929733276367,10.648857116699219,10.833702087402344,10.824785232543945,10.432945251464844,9.84516716003418,9.518275260925293,9.592711448669434,9.651311874389648,9.707681655883789,10.060693740844727,10.27951717376709,10.225774765014648,9.865694999694824,9.55948543548584,9.573160171508789,9.789008140563965,10.146689414978027,10.506041526794434,10.745448112487793,10.907628059387207,10.90985107421875,10.67297649383545,10.475910186767578,10.63145637512207
17.186994552612305,17.164941787719727,17.097023010253906,16.968063354492188,16.802814483642578,16.567026138305664,16.1844425201416,15.654748916625977,15.038318634033203,14.414335250854492,13.798513412475586,13.181231498718262,12.63800048828125,12.316301345825195,12.168689727783203,11.956465721130371,11.674249649047852,11.529980659484863,11.605818748474121,11.827030181884766,12.171117782592773,12.63425064086914,12.927858352661133,12.694636344909668,12.002760887145996,11.389084815979004,11.189502716064453,11.029923439025879,10.979339599609375,11.392950057983398,11.747235298156738,11.769636154174805,11.581070899963379,11.35973834991455,11.14932918548584,10.968379020690918,11.020076751708984,11.277637481689453,11.547747611999512,11.719847679138184,11.726730346679688,11.570343017578125,11.488378524780273,11.703043937683105
18.68739128112793,18.756441116333008,18.77345848083496,18.687728881835938,18.584928512573242,18.50946617126465,18.409286499023438,18.145130157470703,17.638694763183594,16.966815948486328,16.28508758544922,15.618084907531738,14.98814582824707,14.487129211425781,14.155838012695312,13.842092514038086,13.3845853805542,12.90432071685791,12.700685501098633,12.888781547546387,13.418061256408691,14.218088150024414,14.915077209472656,14.961191177368164,14.360268592834473,13.667576789855957,13.216550827026367,12.717041015625,12.50744915008545,12.744361877441406,13.141003608703613,13.259207725524902,13.180246353149414,13.119067192077637,12.97101879119873,12.6192045211792,12.28739070892334,12.202093124389648,12.339847564697266,12.530532836914062,12.627975463867188,12.683074951171875,12.84655475616455,13.060145378112793
20.54884910583496,20.606243133544922,20.587291717529297,20.48919677734375,20.35617446899414,20.245075225830078,20.198856353759766,20.155662536621094,19.97948455810547,19.583036422729492,19.02840232849121,18.402992248535156,17.76978302001953,17.156362533569336,16.542360305786133,15.915444374084473,15.26833438873291,14.66019344329834,14.255084037780762,14.197630882263184,14.540331840515137,15.358162879943848,16.32111930847168,16.78361701965332,16.554044723510742,16.093585968017578,15.694637298583984,14.985695838928223,14.429410934448242,14.50147533416748,14.611553192138672,14.668160438537598,14.581869125366211,14.510079383850098,14.516260147094727,14.361063003540039,13.95368480682373,13.548415184020996,13.43600845336914,13.58047103881836,13.780860900878906,13.975020408630371,14.230640411376953,14.454541206359863
22.235559463500977,22.476768493652344,22.530479431152344,22.38738250732422,22.158159255981445,21.98623275756836,21.965505599975586,22.037302017211914,22.0177059173584,21.813371658325195,21.4462890625,20.979583740234375,20.496129989624023,20.01274871826172,19.40823745727539,18.59800910949707,17.664608001708984,16.81273078918457,16.211233139038086,15.935696601867676,16.003381729125977,16.499094009399414,17.27554702758789,17.89104652404785,18.049030303955078,18.039762496948242,18.062145233154297,17.639877319335938,17.069602966308594,16.678844451904297,16.549545288085938,16.4844970703125,16.115568161010742,15.682214736938477,15.549413681030273,15.609014511108398,15.610379219055176,15.39615535736084,15.092353820800781,14.987424850463867,15.154850959777832,15.402568817138672,15.559711456298828,15.695405006408691
23.354761123657227,23.771408081054688,24.079755783081055,24.132122039794922,23.95301628112793,23.71915626525879,23.64797019958496,23.803844451904297,23.98641014099121,23.980945587158203,23.759262084960938,23.40314483642578,22.984865188598633,22.563764572143555,22.089876174926758,21.441667556762695,20.60074234008789,19.680217742919922,18.837574005126953,18.22107696533203,17.92399024963379,18.046672821044922,18.45416259765625,18.830717086791992,19.027902603149414,19.25262451171875,19.6575870513916,19.93703269958496,19.672685623168945,19.224721908569336,18.881771087646484,18.688222885131836,18.260013580322266,17.48552703857422,16.80390167236328,16.57276725769043,16.726633071899414,16.97506332397461,17.00853729248047,16.82618522644043,16.74432945251465,16.858673095703125,16.969064712524414,17.06072235107422
24.442155838012695,24.70559310913086,25.078767776489258,25.33835792541504,25.35321807861328,25.213647842407227,25.167863845825195,25.37343406677246,25.71906089782715,25.941120147705078,25.93047523498535,25.77197265625,25.51813316345215,25.14590835571289,24.624961853027344,23.964147567749023,23.232860565185547,22.479637145996094,21.72903060913086,21.073867797851562,20.54238510131836,20.244714736938477,20.281166076660156,20.312536239624023,20.16303062438965,20.22605323791504,20.65902328491211,21.20615005493164,21.538393020629883,21.558216094970703,21.347196578979492,21.035179138183594,20.637981414794922,20.01444435119629,19.117450714111328,18.293594360351562,17.91649055480957,18.080324172973633,18.469907760620117,18.666439056396484,18.644060134887695,18.57955551147461,18.557538986206055,18.656248092651367
25.997148513793945,25.94178581237793,26.070463180541992,26.2836856842041,26.412071228027344,26.39238166809082,26.365856170654297,26.53852653503418,26.941978454589844,27.37496566772461,27.624794006347656,27.660987854003906,27.57018280029297,27.37278175354004,26.985980987548828,26.39694595336914,25.70172882080078,24.93773078918457,24.132719039916992,23.470195770263672,23.03973960876465,22.793319702148438,22.752534866333008,22.625856399536133,22.13620948791504,21.646066665649414,21.675107955932617,22.136960983276367,22.651281356811523,23.101037979125977,23.371307373046875,23.289417266845703,22.847360610961914,22.30807876586914,21.76138687133789,21.034507751464844,20.206819534301758,19.707508087158203,19.76698112487793,20.085403442382812,20.387365341186523,20.58837890625,20.58609390258789,20.527101516723633
27.666015625,27.549169540405273,27.476795196533203,27.458587646484375,27.460830688476562,27.42914390563965,27.398025512695312,27.505998611450195,27.85239028930664,28.35175323486328,28.80384635925293,29.048234939575195,29.087011337280273,29.000566482543945,28.760496139526367,28.305639266967773,27.697046279907227,27.018821716308594,26.32429313659668,25.71530532836914,25.275718688964844,25.057294845581055,25.024791717529297,24.950111389160156,24.594463348388672,23.978445053100586,23.41356658935547,23.484098434448242,23.759441375732422,24.193994522094727,24.716144561767578,25.040767669677734,24.86640167236328,24.332778930664062,23.88637351989746,23.583120346069336,23.077402114868164,22.39303207397461,21.882478713989258,21.688459396362305,21.83197021484375,22.231666564941406,22.5169677734375,22.523069381713867
29.206575393676758,29.05939292907715,29.00986099243164,28.97312355041504,28.88618278503418,28.706188201904297,28.47039031982422,28.34199333190918,28.506887435913086,28.999591827392578,29.656518936157227,30.22592544555664,30.537620544433594,30.58376693725586,30.39410400390625,29.968854904174805,29.316787719726562,28.531896591186523,27.822824478149414,27.398454666137695,27.335927963256836,27.471200942993164,27.33881950378418,26.915115356445312,26.529972076416016,26.267780303955078,26.072397232055664,25.680335998535156,25.381052017211914,25.397993087768555,25.787187576293945,26.319875717163086,26.540874481201172,26.210472106933594,25.784608840942383,25.630496978759766,25.543292999267578,25.267650604248047,24.76065444946289,24.15886116027832,23.78411293029785,23.791576385498047,24.028850555419922,24.188425064086914
31.355632781982422,30.899410247802734,30.607017517089844,30.46405029296875,30.410907745361328,30.32495880126953,30.10064125061035,29.752607345581055,29.482595443725586,29.52947998046875,29.981590270996094,30.722278594970703,31.52410888671875,32.152565002441406,32.37696838378906,32.079715728759766,31.303611755371094,30.259910583496094,29.269269943237305,28.67508888244629,28.804237365722656,29.383012771606445,29.41153907775879,28.863521575927734,28.396678924560547,28.283123016357422,28.504457473754883,28.428813934326172,27.686067581176758,27.232242584228516,27.241426467895508,27.447397232055664,27.75358009338379,27.889324188232422,27.76305389404297,27.620948791503906,27.572795867919922,27.586437225341797,27.449453353881836,27.00372314453125,26.417953491210938,25.982255935668945,25.849374771118164,25.867015838623047
34.0743293762207,33.34506607055664,32.7158088684082,32.247535705566406,31.994903564453125,31.907756805419922,31.83060646057129,31.61025047302246,31.237504959106445,30.890167236328125,30.82457733154297,31.190414428710938,31.941804885864258,32.87691879272461,33.70302963256836,34.06929397583008,33.742733001708984,32.775733947753906,31.504150390625,30.556556701660156,30.568124771118164,31.127138137817383,31.123544692993164,30.63071632385254,30.456296920776367,30.41203498840332,30.427640914916992,30.593265533447266,30.422866821289062,29.961315155029297,29.601001739501953,29.263147354125977,29.017969131469727,29.125749588012695,29.478534698486328,29.677391052246094,29.589872360229492,29.569660186767578,29.662443161010742,29.502498626708984,29.01590919494629,28.54913902282715,28.29524803161621,28.155838012695312
36.86095428466797,35.972354888916016,35.0991325378418,34.32994079589844,33.79057693481445,33.52344512939453,33.43010711669922,33.3604736328125,33.1891975402832,32.90979766845703,32.63202667236328,32.562618255615234,32.86410140991211,33.586299896240234,34.56375503540039,35.38618850708008,35.627071380615234,35.17350387573242,34.17270278930664,33.2120475769043,33.04269027709961,33.31820297241211,33.32716369628906,33.0383415222168,32.644798278808594,32.57599639892578,32.704044342041016,32.681209564208984,32.70210266113281,32.597225189208984,32.30329132080078,31.917274475097656,31.391414642333984,30.925451278686523,30.933000564575195,31.306795120239258,31.485427856445312,31.490514755249023,31.63568878173828,31.717517852783203,31.417367935180664,31.002668380737305,30.811067581176758,30.759897232055664
39.35219192504883,38.31880187988281,37.246585845947266,36.275394439697266,35.53866958618164,35.093780517578125,34.901485443115234,34.88011932373047,34.92698669433594,34.93849182128906,34.84763717651367,34.681095123291016,34.63555908203125,34.96024703979492,35.76494598388672,36.80696105957031,37.5523567199707,37.64049530029297,37.045711517333984,36.14558029174805,35.58959197998047,35.51021194458008,35.702213287353516,35.85920333862305,35.56419372558594,35.16666793823242,35.22214889526367,35.341651916503906,35.28327560424805,35.16560745239258,34.912994384765625,34.59016799926758,34.18030548095703,33.599700927734375,33.07780838012695,32.95684814453125,33.10805892944336,33.2609748840332,33.46355438232422,33.669654846191406,33.63054656982422,33.358646392822266,33.23637008666992,33.30438232421875
41.90612030029297,40.69535827636719,39.38008499145508,38.14396286010742,37.15616226196289,36.50497055053711,36.176116943359375,36.10288619995117,36.23847198486328,36.51249313354492,36.77259826660156,36.874874114990234,36.81899642944336,36.8358268737793,37.2588005065918,38.160377502441406,39.18083190917969,39.8438606262207,39.92747497558594,39.50898742675781,38.97286605834961,38.57209014892578,38.42965316772461,38.31302261352539,38.06851577758789,37.951499938964844,37.888816833496094,37.827552795410156,37.85847854614258,37.89138412475586,37.7327995300293,37.43592071533203,37.10739517211914,36.593894958496094,35.84375762939453,35.181156158447266,34.89691925048828,34.944698333740234,35.1922721862793,35.48578643798828,35.59571838378906,35.451839447021484,35.421424865722656,35.6788444519043
44.218265533447266,43.261962890625,41.943382263183594,40.536094665527344,39.280906677246094,38.318572998046875,37.70441436767578,37.411293029785156,37.40647506713867,37.67765426635742,38.11435317993164,38.521602630615234,38.76567840576172,38.85780715942383,39.023841857910156,39.54102325439453,40.39800262451172,41.31089782714844,41.91244888305664,42.01080322265625,41.86659622192383,41.683204650878906,41.34529495239258,41.12849807739258,41.0936393737793,40.96009826660156,40.66727066040039,40.35151290893555,40.24968719482422,40.28063201904297,40.2303581237793,40.0800666809082,39.87285614013672,39.5505256652832,38.97221755981445,38.156002044677734,37.455753326416016,37.122440338134766,37.11033630371094,37.214637756347656,37.30234909057617,37.350074768066406,37.4339485168457,37.70143127441406
45.406436920166016,44.967288970947266,44.227115631103516,43.18883514404297,41.997745513916016,40.836177825927734,39.85840606689453,39.171791076660156,38.85337448120117,38.93410110473633,39.30765151977539,39.791603088378906,40.24327087402344,40.583309173583984,40.8283805847168,41.13785934448242,41.70106887817383,42.528385162353516,43.31256103515625,43.705684661865234,43.86882019042969,44.13325500488281,43.9671745300293,43.360233306884766,43.46257400512695,44.10747146606445,43.9928092956543,43.34727478027344,42.964725494384766,42.810672760009766,42.61104202270508,42.39678192138672,42.196224212646484,41.95753860473633,41.676597595214844,41.251380920410156,40.6433219909668,40.119693756103516,39.81764221191406,39.53643035888672,39.21875,39.12629699707031,39.32543182373047,39.633949279785156
46.92026138305664,46.26931381225586,45.72410202026367,45.13288879394531,44.37733840942383,43.43942642211914,42.40196990966797,41.417964935302734,40.7054328918457,40.43807601928711,40.5814208984375,40.95539474487305,41.417877197265625,41.882328033447266,42.2928352355957,42.66001510620117,43.113861083984375,43.835811614990234,44.62866973876953,45.12709045410156,45.3815803527832,45.82907485961914,46.0335807800293,45.42870330810547,45.288917541503906,46.20424270629883,46.693538665771484,46.36934280395508,45.964447021484375,45.69581604003906,45.42784881591797,45.07714080810547,44.63804626464844,44.20686721801758,43.91964340209961,43.77435302734375,43.56623458862305,43.21232604980469,42.8446044921875,42.44405746459961,41.88180160522461,41.33905792236328,41.25419235229492,41.5457763671875
