data/wind_data/wind_2_9.json
{"header": {"parameterUnit": "KT", "parameterCategory": 2, "nx": 256, "ny": 198, "lo1": 44.73521041870117, "la1": -3.236724853515625, "lo2": 111.26478576660156, "la2": 43.468475341796875, "dx": 0.2609002888202667, "dy": -0.23708222806453705, "refTime": "2025-02-19 02:00:00", "forecastTime": 0, "parameterNumber": 2, "parameterNumberName": "eastward_wind"}, "data":
[rows 76 to 94 of 198, columns 176 to 219 of 256]
0.32731226086616516,-0.3638835847377777,0.3526989817619324,0.860450029373169,0.23319700360298157,-0.6552008390426636,-0.6617653965950012,0.13215620815753937,1.179845929145813,2.038386344909668,2.7572391033172607,3.0954253673553467,3.536033868789673,4.256120204925537,4.868762493133545,4.353923797607422,3.211833953857422,2.851304531097412,2.4919991493225098,1.2115923166275024,0.4795462191104889,1.3819687366485596,2.4407033920288086,3.4524269104003906,2.9131433963775635,0.2756793797016144,-1.0408347845077515,0.030505720525979996,1.0868524312973022,1.0805310010910034,1.127503752708435,1.3298429250717163,1.7438560724258423,1.7355070114135742,1.0179377794265747,-0.445156991481781,-2.2678282260894775,-3.798783540725708,-4.362903118133545,-3.197477102279663,-1.3112914562225342,0.5852813124656677,1.1119381189346313,-0.08933871239423752
1.096710443496704,-0.4732585549354553,-1.5847444534301758,-1.2386809587478638,-0.6801263689994812,-0.8899312615394592,-1.0355876684188843,-0.643133819103241,0.2510429918766022,1.3370918035507202,2.126342296600342,2.5813474655151367,3.300906181335449,4.383903980255127,5.388189792633057,5.34403657913208,4.518856048583984,4.518001079559326,4.2392191886901855,2.7425122261047363,1.7470219135284424,2.149548292160034,2.4481852054595947,3.026155948638916,3.427563428878784,1.3552144765853882,-0.9692199230194092,-0.7101820111274719,1.8139095306396484,2.5173392295837402,1.5423007011413574,0.041616350412368774,0.5412533283233643,2.0495858192443848,2.084932804107666,0.2631065249443054,-1.8519829511642456,-3.57497239112854,-4.584077835083008,-4.299604415893555,-2.8579771518707275,-0.4081806540489197,2.1522793769836426,2.275395393371582
1.6762216091156006,-0.08679382503032684,-2.401986837387085,-3.1294260025024414,-1.8624588251113892,-0.818229079246521,-0.9931299090385437,-1.1930160522460938,-0.6450276970863342,0.3777516484260559,1.3141554594039917,2.1926207542419434,3.1238467693328857,4.294285297393799,5.41133975982666,5.487449645996094,4.887081623077393,5.540778160095215,5.7665181159973145,4.5133843421936035,3.418208122253418,3.410719394683838,3.2284669876098633,2.9980180263519287,3.170483112335205,1.9468079805374146,-0.13032479584217072,-0.7561299800872803,1.689700961112976,2.9621951580047607,1.5324071645736694,-0.476905882358551,0.4262543022632599,2.666470766067505,3.1910393238067627,1.5924959182739258,-0.3009878993034363,-1.3439629077911377,-2.7545852661132812,-3.486039161682129,-3.1094374656677246,-1.9480717182159424,1.260327696800232,3.873607635498047
2.1375224590301514,0.6439175605773926,-1.0190199613571167,-2.3138856887817383,-2.600346803665161,-1.999328374862671,-1.7886658906936646,-1.9259750843048096,-1.496008038520813,-0.5179735422134399,0.3795335292816162,1.1755908727645874,2.235792398452759,3.776757001876831,5.139898777008057,5.339087963104248,4.254775047302246,4.553184986114502,5.8448405265808105,6.111791133880615,5.150400161743164,4.429623603820801,4.003968715667725,3.5050790309906006,2.862410306930542,1.5548173189163208,0.15471449494361877,-0.4474591016769409,1.0176379680633545,2.3170418739318848,0.8475339412689209,-0.7585166692733765,0.49047914147377014,3.010730504989624,4.076304912567139,4.108293533325195,3.1227498054504395,1.3043924570083618,0.02475423738360405,-1.3979074954986572,-1.7231013774871826,-1.9238429069519043,0.045242417603731155,3.50952410697937
1.6845030784606934,1.2362699508666992,0.8583270907402039,0.4449927806854248,-0.2869779169559479,-1.6996779441833496,-2.9913899898529053,-3.1032118797302246,-2.153367280960083,-1.033969759941101,-0.3021661639213562,0.11049439013004303,0.792927086353302,2.3241093158721924,4.325191020965576,5.346494197845459,4.439163684844971,3.7910962104797363,4.962560653686523,6.309389591217041,5.975233554840088,4.946643352508545,4.035846710205078,3.3865060806274414,2.3654844760894775,0.6219599843025208,0.11297178268432617,-0.05639657750725746,-0.08249601721763611,0.7798337936401367,0.08212345093488693,-0.6512346863746643,0.6233727335929871,3.1713454723358154,4.252114295959473,5.188337802886963,5.583152770996094,4.13561487197876,2.735666513442993,1.2974635362625122,0.3551584780216217,-0.7013042569160461,-0.942841649055481,1.5226274728775024
1.4654550552368164,0.6746864318847656,1.2069803476333618,1.86832594871521,2.131387233734131,1.191401481628418,-1.1905838251113892,-3.068756580352783,-3.0161936283111572,-1.9679443836212158,-1.3623663187026978,-1.019214391708374,-0.18397493660449982,1.1581544876098633,3.2353813648223877,4.950233459472656,4.457826614379883,3.29717755317688,4.002345561981201,5.550982475280762,5.817317962646484,5.4190778732299805,4.3711676597595215,2.8099348545074463,1.14380943775177,-0.7220627665519714,-0.40989771485328674,0.12635169923305511,-0.8179280757904053,-0.8412507176399231,-0.5924671292304993,-0.3925902843475342,0.7149614691734314,2.7554261684417725,3.156810998916626,3.7896151542663574,5.812080383300781,5.3130574226379395,4.998339653015137,4.485596179962158,3.6490862369537354,2.4823315143585205,0.11764255166053772,-0.023103302344679832
2.476426124572754,0.6493598222732544,0.7926452159881592,2.04302716255188,2.8421146869659424,2.8393959999084473,1.8173856735229492,-0.2738136053085327,-1.9851044416427612,-2.1774721145629883,-1.8907109498977661,-1.6385639905929565,-0.7270171642303467,0.5568794012069702,1.9372491836547852,3.5963666439056396,4.249144077301025,3.3439769744873047,3.191251277923584,4.330223083496094,5.053959846496582,5.4625983238220215,5.196958541870117,3.5203795433044434,0.8414310216903687,-1.84282386302948,-1.9445180892944336,-0.4478922188282013,-0.18369035422801971,-0.8710398077964783,-1.1132609844207764,-0.9639720320701599,0.22377751767635345,2.621960163116455,3.093160390853882,2.738687038421631,4.976557731628418,6.594682216644287,6.254735946655273,5.559206962585449,5.85404109954834,5.833747863769531,3.416179656982422,0.8347818851470947
3.3195080757141113,1.5586493015289307,0.7128254175186157,1.858901858329773,3.283846378326416,3.7035255432128906,3.4223520755767822,2.284776210784912,0.8802967071533203,0.001545832958072424,-0.36255624890327454,-0.893756628036499,-1.1074755191802979,-0.3171108067035675,1.0349178314208984,2.337416887283325,3.558781147003174,3.7397007942199707,3.5881683826446533,3.749605417251587,3.7525060176849365,4.3043012619018555,4.685194969177246,4.16417932510376,2.240715980529785,-0.999859094619751,-2.663076877593994,-1.7025617361068726,-0.5782997012138367,-1.1083346605300903,-1.8940943479537964,-1.9251011610031128,-1.050619125366211,1.7107144594192505,3.5182077884674072,3.0471980571746826,4.825683116912842,7.061948299407959,6.869437217712402,5.674014091491699,5.912553787231445,6.861875534057617,6.132479667663574,3.384997844696045
3.277982473373413,2.840728759765625,1.775529146194458,1.9142616987228394,3.2702505588531494,4.3546223640441895,4.545757293701172,3.7817013263702393,2.9221019744873047,2.2740354537963867,1.6805505752563477,0.941888689994812,0.2397598922252655,0.18433025479316711,0.9176746606826782,1.9489206075668335,2.995922327041626,3.529545307159424,4.032676696777344,4.079414367675781,2.9052517414093018,2.8128468990325928,3.5531957149505615,3.710029363632202,3.165257215499878,1.00726318359375,-0.9039281606674194,-1.3357399702072144,-1.0439568758010864,-1.7630970478057861,-2.7966413497924805,-2.427608013153076,-1.5783326625823975,-0.048957277089357376,2.2662479877471924,3.547865152359009,4.745301723480225,6.0312886238098145,6.357058525085449,6.39655065536499,6.515994548797607,6.540829658508301,6.330473899841309,4.989717483520508
2.4922401905059814,3.349602699279785,2.9484572410583496,2.31636905670166,2.678842067718506,3.9458014965057373,5.149795055389404,5.1583757400512695,4.248315334320068,3.3690547943115234,2.8293330669403076,2.4330103397369385,2.531606674194336,2.8583266735076904,2.5126519203186035,2.5110199451446533,3.372921943664551,3.922206401824951,4.331300258636475,4.112551689147949,2.5852558612823486,1.8494148254394531,2.658268451690674,3.2429041862487793,2.851349115371704,1.9956068992614746,0.9313626885414124,-0.16534222662448883,-1.044504165649414,-1.671716332435608,-2.845682382583618,-3.2039780616760254,-2.390596628189087,-1.3310976028442383,0.8457146286964417,3.024954080581665,3.967477321624756,4.378477096557617,5.149454593658447,6.364604949951172,7.289182186126709,6.904149532318115,6.282212257385254,5.646663188934326
1.9950419664382935,3.110612154006958,3.3027098178863525,2.357139825820923,1.8531239032745361,2.8145384788513184,4.404721260070801,5.424062728881836,5.226883411407471,4.238013744354248,3.228931188583374,3.067089796066284,4.275179862976074,5.519846439361572,5.050660610198975,4.174899101257324,4.191666603088379,4.686365604400635,5.2260518074035645,4.6918416023254395,2.7505786418914795,1.4374852180480957,1.7883896827697754,2.7628729343414307,2.662073850631714,2.068887233734131,1.4210615158081055,0.3724047541618347,-0.5420281887054443,-0.7585935592651367,-2.125603437423706,-3.2732441425323486,-2.374781847000122,-1.1744314432144165,0.09476519376039505,1.8434711694717407,3.318584442138672,3.8633129596710205,4.475118160247803,5.482081890106201,6.740066051483154,7.4152984619140625,7.456728458404541,6.882737636566162
2.1161839962005615,2.410038948059082,2.6997182369232178,2.3119914531707764,1.8373686075210571,2.0723915100097656,2.859609842300415,4.130304336547852,5.1023430824279785,5.072910785675049,3.784733533859253,3.0893537998199463,5.3027119636535645,7.471338748931885,6.906142234802246,5.613312721252441,5.343455791473389,5.999230861663818,6.772705078125,6.191699504852295,4.065794467926025,2.0220448970794678,1.4387120008468628,2.3297677040100098,2.2635600566864014,1.2634357213974,0.6739521026611328,0.3042703866958618,-0.13898007571697235,-0.21690329909324646,-1.49849271774292,-2.6935110092163086,-1.7820420265197754,-0.3226592242717743,0.528026819229126,1.1171514987945557,2.275127410888672,3.2622945308685303,4.40482759475708,5.1448798179626465,5.417631149291992,6.6437530517578125,8.17380428314209,8.435173988342285
2.2138054370880127,1.3277359008789062,1.3398710489273071,2.0481653213500977,2.793656349182129,2.758845329284668,2.1430623531341553,2.4012861251831055,3.6466288566589355,4.737425327301025,4.14992618560791,2.955956220626831,4.805009365081787,7.951484203338623,8.357260704040527,7.373793601989746,7.342781066894531,8.168224334716797,8.486665725708008,7.505607604980469,5.6570515632629395,3.823639154434204,2.9543039798736572,2.8734450340270996,2.0444629192352295,0.36104223132133484,-0.5538619160652161,-0.28097832202911377,0.00964366365224123,-0.04559270665049553,-1.150861382484436,-2.4260854721069336,-1.810245394706726,-0.41049984097480774,0.6487313508987427,1.4870632886886597,2.4984214305877686,3.400601387023926,4.352227687835693,5.443576812744141,5.531162738800049,5.680792331695557,6.667969226837158,7.552778720855713
2.809859037399292,1.080515742301941,0.4402551054954529,1.3087677955627441,2.773674249649048,3.0580215454101562,2.232877731323242,2.0579357147216797,2.8912160396575928,3.761070489883423,3.534715414047241,2.6585376262664795,3.7773044109344482,6.677549839019775,8.129358291625977,8.251914024353027,8.86143970489502,10.071820259094238,10.179210662841797,8.652118682861328,6.617009162902832,5.414979457855225,4.92101526260376,3.717700958251953,2.324475049972534,0.8295733332633972,-0.5257728099822998,-0.3750014007091522,0.5515798330307007,0.5122686624526978,-0.6085987687110901,-2.2114675045013428,-2.6455085277557373,-1.6413476467132568,0.0398540161550045,1.8065133094787598,3.2853004932403564,4.078813552856445,4.845523834228516,6.261254787445068,7.261491775512695,6.442960739135742,5.029804706573486,4.888576030731201
4.015565872192383,2.168017864227295,0.5518950819969177,0.513390302658081,1.7954540252685547,2.209242105484009,1.681370735168457,2.041455030441284,3.1257145404815674,3.5272231101989746,3.1281063556671143,2.5377705097198486,3.2773683071136475,5.111978054046631,6.59635591506958,7.661750316619873,9.16964054107666,10.926424980163574,11.434948921203613,10.040135383605957,7.711092472076416,6.241629600524902,6.170660972595215,4.800365924835205,2.6620090007781982,1.5452381372451782,0.9059588313102722,1.0371356010437012,1.880782961845398,1.6459133625030518,0.24903830885887146,-1.3203059434890747,-2.418724536895752,-2.151916027069092,-0.29822126030921936,1.807092308998108,3.2657840251922607,4.134970664978027,5.123778820037842,6.621756076812744,8.02989673614502,7.929070949554443,6.2328572273254395,4.254895210266113
3.9285881519317627,2.7678942680358887,1.2017344236373901,0.2770039737224579,0.8178958892822266,1.7056022882461548,1.8990883827209473,2.27632737159729,2.8241281509399414,2.951572895050049,2.8916492462158203,2.530834913253784,2.764936685562134,3.830439329147339,5.131162643432617,6.743157863616943,8.83971881866455,10.952082633972168,11.828876495361328,10.814529418945312,9.072774887084961,7.333954334259033,6.686829566955566,5.9410014152526855,3.8088605403900146,2.2761406898498535,2.236354112625122,2.9137954711914062,3.4823546409606934,3.1708855628967285,1.846534252166748,0.6257055997848511,-0.1825179159641266,-0.4224293828010559,0.5474275946617126,2.1189351081848145,3.24007248878479,4.211419582366943,5.343403339385986,6.486089706420898,7.736178398132324,8.374971389770508,8.173005104064941,6.4740190505981445
2.7277321815490723,1.9046521186828613,0.8986806273460388,0.3100000023841858,0.6214296221733093,1.710259199142456,2.7837936878204346,3.2029964923858643,2.6392502784729004,1.9781358242034912,2.2932655811309814,2.585987091064453,2.651848077774048,3.200143575668335,4.550807952880859,6.757723331451416,9.014447212219238,10.745469093322754,11.341909408569336,10.319703102111816,9.353106498718262,8.67694091796875,7.9695353507995605,7.14823579788208,5.3561577796936035,3.6519250869750977,3.103933811187744,3.9309260845184326,4.855486869812012,4.597599983215332,3.762690544128418,3.2682747840881348,3.072124481201172,2.4320449829101562,1.831370234489441,2.0873501300811768,3.095867395401001,4.570534706115723,5.9126057624816895,6.517256259918213,7.176219463348389,8.156817436218262,9.239629745483398,9.06163501739502
1.9096626043319702,1.0189396142959595,0.39114776253700256,0.3993610143661499,1.015748143196106,2.0789263248443604,3.2417688369750977,3.58764910697937,2.747506618499756,2.0069756507873535,2.378857374191284,2.6940133571624756,2.5189664363861084,2.7134740352630615,4.1910600662231445,6.882898330688477,9.505074501037598,11.144502639770508,11.146707534790039,9.644938468933105,8.735840797424316,9.015715599060059,9.230432510375977,8.213983535766602,6.245673656463623,4.654475688934326,3.6588706970214844,4.137574672698975,5.754145622253418,5.830099105834961,4.881782054901123,4.879108905792236,5.435752868652344,4.677066326141357,2.757838726043701,1.3727796077728271,1.3947608470916748,3.1935489177703857,5.6649017333984375,6.95791482925415,7.295701026916504,7.87942361831665,9.082341194152832,10.212108612060547
2.0666234493255615,1.2112154960632324,0.4394625723361969,0.29950252175331116,1.1027911901474,2.369873285293579,3.3782877922058105,3.4093515872955322,2.915872573852539,3.317270278930664,4.295648574829102,3.7885403633117676,2.443725824356079,2.2215094566345215,3.623814344406128,6.092062473297119,8.805525779724121,10.867115020751953,11.146475791931152,9.92703628540039,9.234539031982422,9.779425621032715,10.479679107666016,9.207672119140625,6.610452651977539,4.881923675537109,4.089585304260254,4.33078145980835,5.848752021789551,6.573999881744385,5.606822490692139,5.010061264038086,5.793408393859863,5.8504533767700195,3.9077982902526855,1.2360304594039917,-0.29444611072540283,0.6547679305076599,3.4394490718841553,5.839173793792725,6.972527980804443,7.795942783355713,8.942349433898926,10.058058738708496
