data/wind_data/wind_68_1.json
{"header": {"parameterUnit": "KT", "parameterCategory": 2, "nx": 256, "ny": 198, "lo1": 44.73521041870117, "la1": -3.236724853515625, "lo2": 111.26478576660156, "la2": 43.468475341796875, "dx": 0.2609002888202667, "dy": -0.23708222806453705, "refTime": "2025-02-21 20:00:00", "forecastTime": 0, "parameterNumber": 2, "parameterNumberName": "eastward_wind"}, "data":
[rows 57 to 75 of 198, columns 0 to 42 of 256]
-10.93618392944336,-12.27742862701416,-12.971573829650879,-14.945577621459961,-16.2947998046875,-13.957014083862305,-14.845893859863281,-14.649361610412598,-15.756665229797363,-14.114689826965332,-14.248261451721191,-13.40737247467041,-12.982399940490723,-11.795159339904785,-9.974825859069824,-7.119583606719971,-5.283796787261963,-4.603058815002441,-0.4748521149158478,1.7478355169296265,-1.2448773384094238,-7.894174098968506,-8.860801696777344,-8.330026626586914,-6.467575550079346,-7.977485179901123,-9.63724136352539,-5.905858993530273,-7.0005292892456055,-8.573101043701172,-6.998139381408691,-7.211587429046631,-7.9798665046691895,-10.111163139343262,-9.373268127441406,-7.503883361816406,-10.643317222595215,-12.566903114318848,-7.880002975463867,-6.690722465515137,-11.005378723144531,-13.494489669799805,-12.787033081054688
-11.44368839263916,-12.8757905960083,-13.357433319091797,-14.789453506469727,-15.364558219909668,-14.185545921325684,-16.071243286132812,-14.239348411560059,-15.375565528869629,-14.28003215789795,-14.42626667022705,-12.608199119567871,-12.097423553466797,-10.817363739013672,-9.460561752319336,-7.7575788497924805,-8.223321914672852,-10.706628799438477,-12.457144737243652,-14.099884986877441,-14.458672523498535,-12.922258377075195,-10.213420867919922,-7.96659517288208,-8.337944984436035,-11.59676742553711,-10.5858736038208,-8.899727821350098,-8.599061012268066,-6.317615985870361,-4.898784160614014,-5.8174333572387695,-7.148879051208496,-9.654597282409668,-10.974958419799805,-10.564387321472168,-9.487406730651855,-10.352710723876953,-9.406557083129883,-9.986632347106934,-11.605116844177246,-11.957684516906738,-11.825112342834473
-12.006451606750488,-13.395190238952637,-13.639641761779785,-15.353738784790039,-16.38884925842285,-13.612920761108398,-15.924240112304688,-14.3338623046875,-14.958651542663574,-13.28622055053711,-13.471033096313477,-12.667291641235352,-12.606589317321777,-11.286612510681152,-10.496175765991211,-10.823555946350098,-12.332962989807129,-13.95326042175293,-16.273120880126953,-19.3090877532959,-18.92633056640625,-16.218963623046875,-14.225750923156738,-13.130828857421875,-13.051403999328613,-12.4149808883667,-11.229681968688965,-10.49755573272705,-9.17355728149414,-7.889509201049805,-6.74960470199585,-5.144895076751709,-6.636518955230713,-9.975273132324219,-10.62878131866455,-9.750212669372559,-9.575422286987305,-9.797182083129883,-9.246840476989746,-9.51138687133789,-10.084859848022461,-9.958512306213379,-10.760882377624512
-12.630993843078613,-13.486815452575684,-13.69040298461914,-15.177613258361816,-16.78136444091797,-14.422660827636719,-14.813034057617188,-14.289411544799805,-14.819098472595215,-14.321781158447266,-14.840012550354004,-13.302701950073242,-12.072559356689453,-11.107914924621582,-10.736207008361816,-11.418210983276367,-12.551599502563477,-14.136377334594727,-17.396175384521484,-18.964981079101562,-17.305757522583008,-15.280682563781738,-14.26048755645752,-14.310386657714844,-13.009815216064453,-11.414427757263184,-10.49662971496582,-9.631378173828125,-9.091382026672363,-8.67971134185791,-9.076652526855469,-10.373985290527344,-8.485770225524902,-6.817621231079102,-7.336859226226807,-5.836371421813965,-8.210212707519531,-9.06087589263916,-8.281620025634766,-7.6316633224487305,-8.418313980102539,-8.900094985961914,-10.50101089477539
-11.055909156799316,-10.756439208984375,-12.736846923828125,-14.703900337219238,-15.953445434570312,-14.021425247192383,-14.028763771057129,-13.178024291992188,-14.125027656555176,-15.389652252197266,-15.965368270874023,-15.188570022583008,-13.91761302947998,-12.59084415435791,-12.273974418640137,-13.364825248718262,-14.077545166015625,-13.93241024017334,-15.809240341186523,-17.072895050048828,-16.106056213378906,-14.67138671875,-13.98484992980957,-13.753576278686523,-12.922240257263184,-12.025209426879883,-11.511270523071289,-10.995487213134766,-10.573665618896484,-9.991835594177246,-10.354958534240723,-11.195841789245605,-11.302614212036133,-10.443971633911133,-9.298495292663574,-10.006099700927734,-7.070995330810547,-5.699194431304932,-7.707988262176514,-7.04978084564209,-7.8541998863220215,-8.692461967468262,-10.853208541870117
-7.9805684089660645,-4.968469142913818,-9.989625930786133,-13.832819938659668,-14.945560455322266,-13.949178695678711,-14.611047744750977,-14.08796215057373,-13.860745429992676,-13.587139129638672,-14.499288558959961,-15.237982749938965,-15.296887397766113,-14.335299491882324,-13.901535034179688,-13.570821762084961,-13.833205223083496,-14.519140243530273,-14.825858116149902,-14.796465873718262,-14.874611854553223,-13.886714935302734,-13.29922103881836,-13.470833778381348,-12.637796401977539,-12.081381797790527,-11.8652925491333,-11.938443183898926,-11.264416694641113,-9.731452941894531,-9.045872688293457,-9.943502426147461,-11.364938735961914,-12.29345989227295,-11.207301139831543,-9.032352447509766,-8.523054122924805,-7.868521213531494,-8.512596130371094,-7.938681125640869,-7.370355606079102,-8.56052017211914,-10.726581573486328
-5.860870838165283,-3.4219729900360107,-6.977917194366455,-10.004385948181152,-13.521851539611816,-14.593742370605469,-14.38174819946289,-13.458168029785156,-12.794294357299805,-12.317553520202637,-13.168307304382324,-14.510873794555664,-15.625741004943848,-15.859589576721191,-15.631556510925293,-14.847352027893066,-13.76152515411377,-13.98742961883545,-14.124214172363281,-14.08276653289795,-14.308887481689453,-14.297120094299316,-12.823469161987305,-12.651195526123047,-12.305540084838867,-12.038090705871582,-12.401066780090332,-11.781851768493652,-10.89466667175293,-9.545306205749512,-9.627934455871582,-11.206788063049316,-11.755148887634277,-10.786484718322754,-9.394693374633789,-9.466530799865723,-8.71734619140625,-8.256505966186523,-9.266284942626953,-8.14164924621582,-7.564465522766113,-8.904411315917969,-10.466747283935547
-0.03491097316145897,-0.2958860993385315,-2.4508402347564697,-3.417402505874634,-1.5487351417541504,-4.259633541107178,-7.841465473175049,-8.564942359924316,-8.642218589782715,-10.0364990234375,-9.369343757629395,-12.10682201385498,-15.310967445373535,-15.12287712097168,-15.96697998046875,-15.87347412109375,-15.569029808044434,-13.959434509277344,-13.149391174316406,-13.380175590515137,-12.892038345336914,-13.00662899017334,-12.509503364562988,-12.360038757324219,-11.848377227783203,-11.962503433227539,-11.804454803466797,-11.0967435836792,-9.618341445922852,-10.438679695129395,-11.740826606750488,-12.621441841125488,-11.801445960998535,-8.703044891357422,-8.93290901184082,-11.148225784301758,-10.800760269165039,-8.511665344238281,-8.730452537536621,-9.122666358947754,-8.725264549255371,-9.760638236999512,-9.31114673614502
0.6242902278900146,2.08109712600708,-0.5156275629997253,-1.3127154111862183,1.5020629167556763,-0.08865737915039062,0.6832243204116821,1.629414439201355,-0.3125162422657013,-3.5594427585601807,-3.586472272872925,-2.805966377258301,-9.661381721496582,-15.283073425292969,-15.34380054473877,-16.48246955871582,-16.18079948425293,-15.230103492736816,-13.19860553741455,-12.51267147064209,-12.331583976745605,-11.871018409729004,-11.567663192749023,-11.052937507629395,-11.087904930114746,-11.385045051574707,-10.897858619689941,-10.52040958404541,-10.537238121032715,-11.395025253295898,-11.773491859436035,-12.2006254196167,-11.554886817932129,-10.149599075317383,-9.927196502685547,-10.40004825592041,-9.480850219726562,-8.899020195007324,-8.455610275268555,-9.782978057861328,-9.754571914672852,-8.78217887878418,-8.96384334564209
-0.31698140501976013,2.0721137523651123,0.17833290994167328,-0.6373770236968994,2.139286994934082,2.481417655944824,2.481013059616089,2.6574740409851074,-0.08747116476297379,-4.6778998374938965,-3.336702823638916,0.10288140177726746,0.5750807523727417,-3.1693408489227295,-12.10678768157959,-15.961730003356934,-15.131906509399414,-15.36628532409668,-14.437871932983398,-13.151359558105469,-10.279370307922363,-10.6182861328125,-10.592235565185547,-10.558972358703613,-10.209439277648926,-9.633207321166992,-10.324752807617188,-10.152748107910156,-10.670656204223633,-10.713539123535156,-11.08024787902832,-11.958955764770508,-11.131014823913574,-10.810407638549805,-9.892290115356445,-9.11713981628418,-8.659465789794922,-8.74098014831543,-8.817549705505371,-9.95560359954834,-9.78484058380127,-7.429776668548584,-8.809309959411621
-1.886615514755249,-0.11642156541347504,1.1326961517333984,0.525236964225769,0.3891804814338684,3.0941555500030518,3.2452144622802734,3.4719579219818115,0.8859366774559021,-3.2424051761627197,-0.12541696429252625,3.2694766521453857,-0.8219999074935913,-3.7760186195373535,-5.526503562927246,-6.801882743835449,-11.263851165771484,-14.291162490844727,-12.299918174743652,-14.285045623779297,-12.739376068115234,-10.663924217224121,-8.888517379760742,-9.746971130371094,-9.863234519958496,-10.090935707092285,-9.650680541992188,-9.18706226348877,-9.923298835754395,-9.589380264282227,-10.06019115447998,-10.367496490478516,-10.295479774475098,-10.878155708312988,-10.686402320861816,-9.727142333984375,-8.748115539550781,-8.75978946685791,-8.576536178588867,-9.412562370300293,-9.514451026916504,-8.540689468383789,-9.004043579101562
-3.802997350692749,-1.6028839349746704,1.8679871559143066,2.931633472442627,2.125080108642578,2.636216163635254,2.981174945831299,2.2137672901153564,-2.433445930480957,-5.693089008331299,-0.7520527839660645,1.284643292427063,-3.760099411010742,-5.317246437072754,-6.9290924072265625,-6.154487609863281,-2.0185368061065674,-7.465811729431152,-11.541675567626953,-12.327020645141602,-13.07015609741211,-11.220481872558594,-10.387431144714355,-9.132695198059082,-8.315186500549316,-8.88401985168457,-9.149702072143555,-9.062070846557617,-9.111612319946289,-9.488120079040527,-9.490660667419434,-10.035981178283691,-10.874046325683594,-11.62205982208252,-10.616515159606934,-9.51060962677002,-9.076340675354004,-9.747634887695312,-8.021379470825195,-9.310321807861328,-9.049269676208496,-8.878118515014648,-8.169519424438477
-2.9056310653686523,-0.06508948653936386,1.7332243919372559,4.136853218078613,6.8641276359558105,4.693397045135498,3.753084659576416,1.1183630228042603,-6.610806941986084,-11.773801803588867,-6.74077844619751,-2.616016387939453,-4.9429521560668945,-7.280441761016846,-7.607839584350586,-4.419737339019775,3.3615238666534424,2.067415237426758,-6.192232131958008,-9.642102241516113,-10.336734771728516,-12.312399864196777,-10.936861991882324,-10.092480659484863,-8.348993301391602,-7.728616714477539,-7.277390003204346,-7.504054069519043,-7.852804183959961,-8.966477394104004,-9.018784523010254,-9.577299118041992,-9.687259674072266,-9.992422103881836,-9.347517013549805,-9.53056526184082,-8.997477531433105,-9.54212760925293,-8.66385555267334,-8.61426830291748,-7.781561851501465,-7.320611953735352,-6.80548620223999
-1.4455764293670654,1.53777277469635,2.098637819290161,5.520905494689941,6.139303684234619,4.445247650146484,2.238494873046875,0.314596027135849,-6.299039363861084,-14.053812980651855,-9.967564582824707,-4.483585834503174,-5.074348449707031,-6.520316123962402,-5.126070022583008,-1.318649411201477,4.632242679595947,4.920413017272949,-1.7519147396087646,-3.3755505084991455,-2.365516424179077,-2.722095489501953,-8.057788848876953,-9.923149108886719,-7.5756378173828125,-7.542154312133789,-5.833393573760986,-6.3776936531066895,-7.028900146484375,-7.85990047454834,-8.74495792388916,-9.12053394317627,-9.097306251525879,-9.12061595916748,-9.216348648071289,-9.561958312988281,-9.0331449508667,-8.40072250366211,-9.503929138183594,-8.545294761657715,-7.422492504119873,-6.819216728210449,-6.729731559753418
-1.6840976476669312,2.620048999786377,4.508706569671631,4.127987384796143,3.530324697494507,0.6125635504722595,-1.8374089002609253,-0.29683709144592285,-2.617210626602173,-13.154999732971191,-10.382298469543457,-4.713578224182129,-2.021338939666748,-1.091123342514038,0.1784142404794693,1.0949251651763916,1.9084482192993164,-1.8560172319412231,-7.053925037384033,-4.079955577850342,-0.582388162612915,2.481191396713257,1.3010684251785278,-1.5873448848724365,-4.380445957183838,-5.860005855560303,-5.337640285491943,-3.8103926181793213,-5.962213516235352,-6.113850116729736,-7.399610996246338,-7.8111467361450195,-9.213957786560059,-8.991800308227539,-8.284080505371094,-8.617818832397461,-8.065166473388672,-7.995650768280029,-9.674960136413574,-8.295013427734375,-7.8125834465026855,-6.96950101852417,-6.718049049377441
-2.387500524520874,4.375953674316406,5.536364555358887,2.892561674118042,0.6756994128227234,-5.81611967086792,-4.423492431640625,-0.22101400792598724,3.332838773727417,-6.155436992645264,-9.31155776977539,-3.2506024837493896,-0.06842570751905441,1.22572922706604,1.8626362085342407,0.6172677874565125,-1.4376271963119507,-3.492569923400879,-5.558223247528076,-3.436448335647583,-0.5366432070732117,3.394902467727661,1.5864431858062744,-2.905271053314209,-4.001953125,-2.0732414722442627,-0.132874995470047,-3.6793277263641357,-3.0970098972320557,-5.569129467010498,-5.374706745147705,-6.7138800621032715,-8.206337928771973,-8.771052360534668,-8.615737915039062,-7.914407253265381,-7.741441249847412,-7.870780944824219,-8.568330764770508,-8.484201431274414,-8.367636680603027,-8.114644050598145,-8.2107515335083
-2.6576340198516846,3.355081081390381,0.6942054629325867,-1.2749007940292358,-4.327261924743652,-8.632024765014648,-4.02564811706543,0.32197755575180054,5.837884426116943,5.0748772621154785,-1.5472264289855957,-1.341347575187683,-1.229891061782837,-0.2602859437465668,-0.04839039593935013,-1.5103795528411865,-1.916496992111206,-1.6972756385803223,-0.6529686450958252,-0.4822982847690582,0.8796269297599792,1.3195723295211792,-4.992626190185547,-8.700027465820312,-5.767853736877441,-2.0555667877197266,1.954166293144226,-0.5479545593261719,-2.5527000427246094,-3.1912546157836914,-4.862563610076904,-5.629140853881836,-6.866925239562988,-7.427466869354248,-7.502241611480713,-6.746992111206055,-6.578425407409668,-7.141985893249512,-7.758896350860596,-8.109769821166992,-8.384490013122559,-8.618915557861328,-7.627096176147461
-2.6180949211120605,-1.9174429178237915,-3.8983805179595947,-5.490508079528809,-8.119217872619629,-6.993740081787109,-2.8025522232055664,1.000153660774231,4.656393527984619,1.5277551412582397,-3.0623083114624023,-5.0462751388549805,-4.026157855987549,-0.17463594675064087,0.7421293258666992,-0.7706707715988159,0.7993068099021912,1.080652117729187,-1.79578697681427,-2.3369336128234863,-4.575798511505127,-8.690338134765625,-9.749653816223145,-8.406376838684082,-3.292775869369507,-1.14363694190979,-0.3029082119464874,-1.2666181325912476,-2.487398862838745,-2.2680490016937256,-4.406438827514648,-5.07202672958374,-5.728089332580566,-6.284428119659424,-6.393896579742432,-6.409443378448486,-6.063272476196289,-6.381921768188477,-6.831175804138184,-7.382009506225586,-7.8649396896362305,-8.121427536010742,-7.276440143585205
-3.3124468326568604,-3.7423691749572754,-5.472157001495361,-6.271492958068848,-8.620923042297363,-4.692637920379639,-2.0801966190338135,1.551688313484192,2.8366358280181885,-5.533093452453613,-7.76781702041626,-7.4245381355285645,-3.3969266414642334,1.9542821645736694,3.049490213394165,0.5059012174606323,2.261887550354004,0.42050743103027344,-3.7775704860687256,-7.237229347229004,-11.262784004211426,-11.763298988342285,-8.54626178741455,-5.477602958679199,-5.016022205352783,-4.311831951141357,-3.7565512657165527,-2.4713284969329834,1.156718373298645,2.5686392784118652,-2.9360389709472656,-4.3186211585998535,-4.917757034301758,-4.603213310241699,-4.747073173522949,-5.236187934875488,-5.408547401428223,-5.730205059051514,-6.1245503425598145,-6.672744274139404,-7.32146692276001,-6.9172139167785645,-5.138376235961914
