data/wind_data/wind_38_8.json
{"header": {"parameterUnit": "KT", "parameterCategory": 2, "nx": 256, "ny": 198, "lo1": 44.73521041870117, "la1": -3.236724853515625, "lo2": 111.26478576660156, "la2": 43.468475341796875, "dx": 0.2609002888202667, "dy": -0.23708222806453705, "refTime": "2025-02-20 14:00:00", "forecastTime": 0, "parameterNumber": 2, "parameterNumberName": "eastward_wind"}, "data":
[rows 133 to 151 of 198, columns 176 to 219 of 256]
36.09661102294922,33.52665328979492,33.475921630859375,36.13334655761719,39.31885528564453,41.76622009277344,44.320716857910156,46.61791229248047,45.422752380371094,41.46815490722656,38.869407653808594,38.95729064941406,41.383094787597656,45.250999450683594,48.73731231689453,50.547611236572266,51.0283317565918,51.10780334472656,51.04073715209961,51.35721206665039,52.65845489501953,53.09782791137695,52.443355560302734,55.05923843383789,60.43600845336914,61.07040023803711,58.18634033203125,57.32686996459961,58.36800765991211,59.52798843383789,59.16199493408203,56.54543685913086,54.37045669555664,54.21591567993164,55.43487548828125,57.05927658081055,58.02157974243164,58.84779739379883,59.203731536865234,57.722007751464844,56.241302490234375,56.94856643676758,57.58989334106445,55.2674446105957
37.96779251098633,34.93316650390625,33.94574737548828,36.10151672363281,39.402793884277344,42.12019729614258,44.316001892089844,46.047611236572266,45.71476745605469,43.0430793762207,40.40549850463867,40.28847885131836,43.11115264892578,47.00569152832031,49.682132720947266,50.18170166015625,49.607913970947266,49.318424224853516,49.37006759643555,49.8536376953125,51.632789611816406,53.428924560546875,53.86326217651367,55.85463333129883,59.07822799682617,58.3639030456543,54.971248626708984,53.561466217041016,54.974098205566406,57.46920394897461,58.52951431274414,57.37745666503906,55.852622985839844,56.00754928588867,57.72635269165039,59.440093994140625,60.056392669677734,60.43418884277344,60.33292007446289,57.947689056396484,55.95393371582031,57.091041564941406,58.53377151489258,56.586631774902344
40.166107177734375,38.06471252441406,37.36410903930664,38.09234619140625,39.24689865112305,40.42436218261719,41.72712707519531,43.28192901611328,44.4301643371582,44.227420806884766,42.534942626953125,41.605350494384766,43.25603103637695,46.54450988769531,49.35261154174805,50.3687744140625,50.34502029418945,49.95024108886719,48.722652435302734,47.771392822265625,49.64120864868164,52.825439453125,54.27093505859375,55.6286506652832,57.64313507080078,57.31937026977539,54.531673431396484,52.365474700927734,52.32432174682617,53.99135208129883,56.33306121826172,58.15810775756836,57.71812438964844,56.473262786865234,56.99334716796875,59.17110061645508,60.98664474487305,60.90973663330078,60.26630401611328,58.641502380371094,56.54245376586914,56.59791564941406,57.42696762084961,56.01027297973633
40.837196350097656,39.947025299072266,40.680259704589844,40.68783187866211,39.82630157470703,39.489925384521484,40.32918930053711,41.71072769165039,43.023643493652344,44.18290328979492,44.51485824584961,43.872535705566406,43.5719108581543,44.94707489013672,47.72444534301758,50.33775329589844,51.86865997314453,51.43682098388672,49.2875862121582,47.61134338378906,48.839237213134766,51.79154968261719,53.35856246948242,54.253021240234375,55.83613967895508,56.465171813964844,55.15524673461914,53.092952728271484,51.612571716308594,52.30073165893555,55.200782775878906,58.39765930175781,58.68296813964844,56.70370101928711,55.55912780761719,56.23004150390625,58.043724060058594,60.03206253051758,62.1865119934082,61.926307678222656,58.03152084350586,55.02135467529297,55.15531921386719,55.542301177978516
43.91435241699219,42.99837112426758,42.98855972290039,42.751670837402344,41.22819519042969,39.53924560546875,38.943885803222656,39.7274169921875,41.72346878051758,44.02198791503906,45.717769622802734,45.45699691772461,43.62361526489258,43.35175323486328,46.180564880371094,50.074440002441406,52.41257858276367,52.550865173339844,51.22956466674805,49.507476806640625,49.300880432128906,50.590633392333984,51.18075942993164,51.45365905761719,52.64420700073242,54.11875534057617,54.6929931640625,53.93440628051758,53.027008056640625,53.677364349365234,56.24932098388672,59.0007438659668,58.54914093017578,56.00136184692383,53.56965255737305,52.26491928100586,53.74870681762695,58.047706604003906,62.8454704284668,63.82379913330078,59.43564987182617,54.676944732666016,53.95090866088867,55.720367431640625
46.51601028442383,45.634490966796875,44.080875396728516,42.928932189941406,41.55182647705078,39.530845642089844,37.98445129394531,38.221866607666016,40.51345443725586,43.54972457885742,45.81983947753906,46.01194763183594,44.03141403198242,42.76209259033203,44.61237716674805,48.49445343017578,51.565433502197266,52.964359283447266,52.82408905029297,51.29282760620117,50.271610260009766,50.36760330200195,50.190120697021484,50.05681610107422,50.86738586425781,52.25761795043945,53.15199279785156,53.28144454956055,53.61201858520508,55.1704216003418,57.53074264526367,58.55537414550781,57.49990463256836,55.76932907104492,53.41919708251953,51.08464813232422,51.62883377075195,55.731590270996094,60.73225784301758,62.75743103027344,60.33069610595703,55.80928421020508,53.0847053527832,54.02524948120117
46.03546905517578,46.231292724609375,44.399288177490234,42.41039276123047,41.091365814208984,39.847328186035156,38.741249084472656,38.869529724121094,40.83503341674805,43.299076080322266,44.70882034301758,44.88725662231445,44.57369613647461,44.517696380615234,45.46696090698242,47.722251892089844,50.36241912841797,52.09514236450195,52.197425842285156,51.065521240234375,50.117698669433594,49.97639083862305,50.13374328613281,50.18938446044922,50.430572509765625,51.22948455810547,52.32007598876953,52.9547233581543,53.848873138427734,55.90190505981445,57.56520462036133,57.19850158691406,56.203269958496094,55.837493896484375,54.64436721801758,52.3348388671875,51.34190368652344,53.665863037109375,57.9589729309082,60.35721969604492,59.2931022644043,56.085472106933594,52.84431457519531,51.67795181274414
45.98782730102539,46.27477264404297,45.11936569213867,43.50398254394531,41.746028900146484,40.06852340698242,39.29653549194336,40.12047576904297,41.852840423583984,42.908470153808594,42.982608795166016,43.455020904541016,45.078189849853516,46.8995475769043,48.00712585449219,48.68376541137695,49.580142974853516,50.430137634277344,50.90407943725586,50.63789749145508,49.838314056396484,49.375999450683594,49.12846374511719,48.794185638427734,48.694156646728516,50.02710723876953,52.57935333251953,54.864593505859375,56.68915939331055,58.04362106323242,58.155250549316406,56.55241012573242,55.08457946777344,55.42243957519531,55.71922302246094,54.24338912963867,52.38335418701172,52.6859016418457,55.15030288696289,57.0970573425293,57.20771408081055,56.050743103027344,53.979408264160156,52.16559600830078
47.362667083740234,46.77332305908203,45.4497184753418,44.00000762939453,42.08409118652344,40.283363342285156,39.973567962646484,41.42690658569336,42.882755279541016,42.71476745605469,42.13263702392578,43.117271423339844,45.44240188598633,47.413124084472656,48.10367965698242,48.16947555541992,48.377071380615234,48.9663200378418,50.02968215942383,50.7207145690918,50.06185531616211,48.41603088378906,46.58498001098633,45.31092071533203,45.47614288330078,47.658267974853516,51.39827346801758,55.212188720703125,57.742713928222656,58.76642990112305,58.86957931518555,57.020633697509766,54.2100944519043,53.41508865356445,54.39655685424805,54.492889404296875,52.950199127197266,51.74854278564453,52.83574676513672,55.189430236816406,56.747901916503906,56.831207275390625,55.61423873901367,53.74046325683594
47.26094055175781,46.83450698852539,45.98847579956055,44.78135299682617,42.976070404052734,41.471473693847656,41.29482650756836,42.194183349609375,42.41020202636719,41.81245803833008,41.953269958496094,43.53749465942383,45.394134521484375,46.07012939453125,45.92728042602539,46.36493682861328,47.412681579589844,48.34933853149414,49.32562255859375,50.410400390625,50.01716995239258,47.280426025390625,44.1372184753418,42.5218620300293,43.155696868896484,45.798240661621094,49.57357406616211,53.289459228515625,56.15987014770508,58.57977294921875,60.0620002746582,58.38201904296875,54.64127731323242,52.325801849365234,52.32704162597656,52.534236907958984,51.654876708984375,50.90312194824219,51.94855880737305,54.087554931640625,55.809486389160156,56.690956115722656,56.31439971923828,54.1707649230957
45.97496795654297,46.29750061035156,46.50973892211914,46.186431884765625,44.904075622558594,43.05329132080078,41.43867111206055,40.19375228881836,39.62458038330078,40.35557174682617,42.094818115234375,43.78570556640625,44.725677490234375,44.568660736083984,43.92278289794922,44.27114486694336,45.84223556518555,47.18874740600586,47.8507194519043,48.95660400390625,49.17106246948242,46.43086624145508,42.25082015991211,39.50102615356445,39.81608581542969,42.79842758178711,47.00571823120117,51.14846420288086,54.69742202758789,57.38145065307617,58.65038299560547,57.87046432495117,55.29517364501953,52.64963912963867,51.12234878540039,49.905033111572266,48.710872650146484,48.86282730102539,50.53269958496094,52.54635238647461,54.691688537597656,56.828372955322266,57.13506317138672,54.75596618652344
44.96764373779297,46.292579650878906,47.44059371948242,47.84733963012695,46.44504165649414,42.802040100097656,39.37468338012695,38.793209075927734,40.412994384765625,41.81441116333008,41.99605941772461,41.83951187133789,42.1236686706543,42.39017868041992,42.10599899291992,42.13236618041992,42.9558219909668,43.67884826660156,44.20390319824219,45.53407287597656,46.62608337402344,44.29841232299805,39.30644226074219,35.9718132019043,36.94815444946289,40.882781982421875,45.71113586425781,50.013275146484375,52.830501556396484,54.37555694580078,55.53934860229492,56.726009368896484,56.415245056152344,53.78487014770508,50.347999572753906,47.68862533569336,46.7150993347168,47.83649444580078,49.89237976074219,51.6445198059082,53.410804748535156,55.39397430419922,55.50887680053711,53.611942291259766
42.81345748901367,44.866451263427734,47.92677307128906,48.59672927856445,46.02269744873047,42.6663932800293,40.94126892089844,41.088134765625,41.94490432739258,42.18152618408203,41.48905944824219,40.46025848388672,39.597103118896484,38.788333892822266,38.238895416259766,38.53362274169922,39.607933044433594,40.55996322631836,41.405269622802734,42.53740692138672,43.59412384033203,42.313880920410156,38.6264533996582,35.310543060302734,36.06440353393555,40.79099655151367,45.770084381103516,48.881229400634766,50.45547866821289,51.52134704589844,52.89751052856445,54.83979415893555,55.99479293823242,54.87843704223633,51.790687561035156,48.456146240234375,46.76393127441406,47.36464309692383,48.82442855834961,50.017608642578125,51.380271911621094,52.935768127441406,52.63069152832031,51.27444839477539
41.9039192199707,44.468502044677734,47.606502532958984,48.081871032714844,46.03828430175781,43.758052825927734,42.22075653076172,41.708370208740234,42.043121337890625,42.126461029052734,40.91749572753906,38.74979782104492,36.68743133544922,35.08855056762695,34.28534698486328,34.92882537841797,36.67647171020508,38.31855392456055,39.55093002319336,40.76878356933594,41.71114730834961,41.45772933959961,39.84833526611328,37.77552032470703,38.02370071411133,41.0727653503418,44.033729553222656,45.76696014404297,47.05470275878906,48.209625244140625,49.84983825683594,52.482669830322266,55.18455123901367,56.12012481689453,54.24872970581055,50.88202667236328,48.18579864501953,47.0488395690918,46.85895919799805,47.228816986083984,48.78623962402344,50.401573181152344,50.03832244873047,48.2675666809082
41.62581253051758,43.57162857055664,46.262081146240234,47.113037109375,45.61430358886719,44.121673583984375,43.492923736572266,42.66621780395508,41.05605697631836,39.06654357910156,37.457664489746094,36.53541946411133,35.74952697753906,34.42000198364258,33.24227523803711,33.6131591796875,35.373931884765625,36.81113052368164,37.52166748046875,38.612083435058594,39.763023376464844,40.27473449707031,40.30795669555664,40.439964294433594,41.283084869384766,41.60720443725586,41.418643951416016,41.900672912597656,43.23307800292969,45.170555114746094,47.68305587768555,50.944190979003906,54.33061599731445,55.70969772338867,54.02312088012695,50.853614807128906,48.49079895019531,47.407291412353516,46.86858367919922,46.860721588134766,47.6142692565918,47.995277404785156,46.717472076416016,45.00096893310547
42.86016082763672,44.4433708190918,45.808074951171875,45.55447006225586,44.28055953979492,43.92414855957031,44.46623992919922,44.096832275390625,42.112709045410156,39.265167236328125,36.397254943847656,34.71569061279297,34.39142990112305,34.41379928588867,34.4420280456543,34.85964584350586,35.22235870361328,35.165771484375,35.449607849121094,36.31926345825195,37.16012954711914,37.86697006225586,39.30870819091797,41.32756042480469,42.00446319580078,40.85074996948242,39.936710357666016,40.07522964477539,40.96249771118164,42.75802993774414,45.49778747558594,48.801353454589844,51.607948303222656,52.37175369262695,50.92570495605469,48.66792678833008,47.51552200317383,47.748477935791016,48.001914978027344,47.17423629760742,45.56354522705078,44.11958312988281,43.1519889831543,42.82157897949219
44.38689041137695,45.00625228881836,44.54831314086914,43.61125946044922,43.22643280029297,43.830841064453125,44.760589599609375,44.672340393066406,43.05144500732422,40.50067138671875,37.512054443359375,35.073795318603516,34.12423324584961,34.52864456176758,35.376163482666016,35.79353713989258,35.10253143310547,33.66759490966797,32.79289245605469,33.14879608154297,34.38699722290039,35.84672927856445,37.51518249511719,39.23798751831055,39.844112396240234,39.06014633178711,37.905033111572266,37.5775260925293,38.83596420288086,41.7407341003418,45.243778228759766,47.97953796386719,49.277748107910156,48.9429817199707,47.27119445800781,45.717864990234375,46.02198028564453,47.467777252197266,47.42621612548828,44.7684211730957,41.7534065246582,41.780250549316406,43.579044342041016,44.88899612426758
44.63538360595703,44.41688537597656,43.1292610168457,42.76433563232422,43.632057189941406,44.7177619934082,45.13737487792969,44.52375411987305,42.92497253417969,40.587528228759766,37.932830810546875,35.32247543334961,33.722564697265625,33.66285705566406,34.14512634277344,34.012882232666016,33.09984588623047,31.86240577697754,30.95435333251953,31.56255531311035,33.563472747802734,35.70661926269531,36.367671966552734,35.54398727416992,34.55828094482422,34.801971435546875,35.93354797363281,36.58159637451172,37.16740417480469,39.50443649291992,43.269256591796875,46.51272201538086,47.84056854248047,46.70353317260742,44.48060989379883,43.719242095947266,45.03920364379883,45.682926177978516,43.96712112426758,41.06272888183594,40.36781692504883,42.408287048339844,45.01570129394531,46.41384506225586
42.766754150390625,42.60960006713867,42.37675476074219,43.266700744628906,44.94762420654297,46.13250732421875,45.93849563598633,44.1479377746582,41.669132232666016,39.453346252441406,37.26791000366211,34.70097732543945,32.53450012207031,31.606420516967773,31.16769027709961,30.314552307128906,29.828699111938477,30.214452743530273,30.637046813964844,31.526321411132812,33.70901107788086,36.21398162841797,37.091339111328125,35.44129943847656,32.979736328125,33.4085807800293,36.67311096191406,39.174827575683594,39.15585708618164,38.52832794189453,39.800636291503906,42.62023162841797,45.023380279541016,45.55575180053711,44.698326110839844,43.901065826416016,43.0959587097168,41.663612365722656,39.31401824951172,37.54938888549805,38.22759246826172,41.342403411865234,44.569183349609375,45.710201263427734
