data/wind_data/wind_32_5.json
{"header": {"parameterUnit": "KT", "parameterCategory": 2, "nx": 256, "ny": 198, "lo1": 44.73521041870117, "la1": -3.236724853515625, "lo2": 111.26478576660156, "la2": 43.468475341796875, "dx": 0.2609002888202667, "dy": -0.23708222806453705, "refTime": "2025-02-20 08:00:00", "forecastTime": 0, "parameterNumber": 2, "parameterNumberName": "eastward_wind"}, "data":
[rows 133 to 151 of 198, columns 44 to 87 of 256]
54.251461029052734,56.23733139038086,58.04494857788086,58.79444885253906,59.77722930908203,57.6268424987793,59.753578186035156,57.673770904541016,52.2643928527832,46.9302978515625,42.64250564575195,39.568260192871094,38.14287185668945,37.77886962890625,37.25320816040039,33.218013763427734,30.03207778930664,31.645769119262695,32.80735397338867,32.63056182861328,32.30452346801758,31.665401458740234,30.886470794677734,30.107683181762695,29.744401931762695,30.143909454345703,31.04316520690918,32.15621566772461,33.45842742919922,34.87002182006836,36.33181381225586,37.75333023071289,38.86454391479492,39.54096984863281,39.990699768066406,40.4898567199707,41.05525207519531,41.893157958984375,43.04520034790039,43.753395080566406,44.06026840209961,44.2572021484375,40.5409049987793,37.708656311035156
50.66708755493164,53.97262954711914,55.868568420410156,57.865150451660156,56.6096076965332,58.738006591796875,57.15438461303711,49.573204040527344,41.94771957397461,36.425235748291016,32.54043197631836,29.156057357788086,27.398893356323242,27.657115936279297,28.116849899291992,28.042842864990234,29.842140197753906,31.721933364868164,31.521806716918945,30.779010772705078,30.153057098388672,29.60760498046875,29.172100067138672,28.755203247070312,28.859661102294922,29.64638328552246,30.553421020507812,31.648330688476562,33.201515197753906,34.9114990234375,36.63723373413086,38.28367233276367,39.46345520019531,40.20397186279297,40.71337127685547,41.09178161621094,41.533138275146484,42.292789459228516,43.38050842285156,44.240211486816406,44.322357177734375,44.47947311401367,43.727935791015625,40.40354537963867
42.70835876464844,45.77653503417969,49.5084114074707,51.50943374633789,52.66294479370117,58.165802001953125,50.021976470947266,39.01277160644531,31.096431732177734,26.04376220703125,22.8275203704834,21.470407485961914,22.38876724243164,24.61126708984375,26.633771896362305,28.875032424926758,31.04597282409668,31.374826431274414,29.999788284301758,28.7210636138916,28.45030403137207,28.449235916137695,28.283029556274414,28.167816162109375,28.652816772460938,29.61963653564453,30.594158172607422,31.85614013671875,33.575340270996094,35.386051177978516,37.167476654052734,38.858489990234375,40.02824783325195,40.65673065185547,41.017547607421875,41.279083251953125,41.69502258300781,42.294769287109375,43.21390151977539,43.941837310791016,43.898651123046875,43.950931549072266,44.540042877197266,44.25080871582031
33.247840881347656,37.474369049072266,42.64773178100586,44.41106414794922,54.937416076660156,52.653812408447266,39.184425354003906,26.86760711669922,20.973922729492188,18.9854793548584,18.370697021484375,19.458383560180664,21.749858856201172,24.492773056030273,27.640743255615234,29.959455490112305,30.26848793029785,29.10192108154297,27.859243392944336,27.407108306884766,27.397415161132812,27.313976287841797,27.308481216430664,27.714033126831055,28.71025276184082,29.80653953552246,31.01665687561035,32.66643524169922,34.54612350463867,36.175533294677734,37.50609588623047,38.72199630737305,39.610557556152344,40.10004425048828,40.50205612182617,40.93803787231445,41.36244201660156,41.662010192871094,42.18528747558594,43.126075744628906,43.682716369628906,43.99467849731445,44.728424072265625,45.60816955566406
30.8779354095459,33.730648040771484,37.0030517578125,47.24877166748047,50.30097961425781,39.7000846862793,26.105361938476562,17.35186195373535,16.282594680786133,17.173967361450195,18.438190460205078,19.44961166381836,21.340213775634766,24.92702293395996,27.966466903686523,28.66025733947754,28.092575073242188,27.190235137939453,26.61147689819336,26.268468856811523,25.9047794342041,25.84370231628418,26.273094177246094,27.346940994262695,28.82352638244629,30.207983016967773,31.790794372558594,33.61580276489258,35.1856689453125,36.23460388183594,36.928009033203125,37.672481536865234,38.52863311767578,39.260826110839844,39.77014923095703,39.993717193603516,40.10629653930664,40.409542083740234,41.059844970703125,42.28352737426758,43.759910583496094,44.421993255615234,44.91127395629883,46.05778884887695
27.35317611694336,27.888341903686523,35.50099182128906,41.69234085083008,37.2869987487793,27.782228469848633,18.034250259399414,14.902976989746094,16.55372428894043,18.126937866210938,18.392574310302734,18.39764976501465,21.279510498046875,25.002662658691406,26.716142654418945,26.99256706237793,26.49770164489746,25.797006607055664,25.185516357421875,24.731449127197266,24.630184173583984,25.009357452392578,25.85590934753418,27.301071166992188,29.052148818969727,30.66770362854004,32.170597076416016,33.42828369140625,34.38357162475586,35.151458740234375,35.85813522338867,36.74575424194336,37.66989517211914,38.16361999511719,38.04950714111328,37.83733367919922,38.20499801635742,39.242713928222656,40.37416076660156,41.348175048828125,42.59565353393555,43.588172912597656,44.434688568115234,46.11566162109375
29.82271385192871,29.124208450317383,30.941165924072266,32.03567123413086,29.095233917236328,22.169933319091797,16.48533821105957,16.109926223754883,17.46468162536621,17.524290084838867,16.906932830810547,18.28093719482422,21.665559768676758,24.336259841918945,25.416662216186523,24.9329833984375,24.019012451171875,23.55177879333496,23.445087432861328,23.5889892578125,24.0738468170166,24.936092376708984,26.10087013244629,27.818283081054688,29.614131927490234,30.884258270263672,31.82183837890625,32.63173294067383,33.416988372802734,34.26781463623047,35.138423919677734,35.903533935546875,36.21754837036133,35.93220901489258,35.43588638305664,35.64263916015625,36.658203125,38.00906753540039,39.236717224121094,40.09956359863281,41.09499740600586,42.356502532958984,43.72031784057617,45.722049713134766
29.32225799560547,27.298471450805664,24.719436645507812,25.088205337524414,23.854337692260742,19.097421646118164,15.990396499633789,15.715898513793945,16.083202362060547,16.448200225830078,17.527803421020508,19.647274017333984,22.07565689086914,23.62710952758789,23.746347427368164,22.38495445251465,21.745128631591797,22.179397583007812,22.778379440307617,23.340768814086914,24.352174758911133,25.695749282836914,26.97588348388672,28.421445846557617,29.679954528808594,30.470056533813477,31.242843627929688,32.098106384277344,32.856285095214844,33.574554443359375,34.14066696166992,34.285369873046875,33.988380432128906,33.83713912963867,34.14584732055664,34.94505310058594,35.81600570678711,36.92123794555664,38.323970794677734,39.51721954345703,40.71900177001953,42.2154655456543,43.58594512939453,45.388511657714844
24.301069259643555,23.301469802856445,20.20974349975586,19.20018768310547,18.696420669555664,16.48473358154297,14.309714317321777,14.076586723327637,15.193833351135254,16.914228439331055,18.82340431213379,20.45586395263672,21.722259521484375,22.442075729370117,22.29427146911621,21.47323226928711,21.783546447753906,22.431243896484375,23.035507202148438,24.003053665161133,25.26295280456543,26.5229434967041,27.477502822875977,28.327716827392578,29.172945022583008,29.903514862060547,30.715972900390625,31.510717391967773,32.066246032714844,32.508182525634766,32.6910285949707,32.61223220825195,32.54397201538086,33.073368072509766,34.317657470703125,35.70304870605469,36.88605499267578,38.21523666381836,39.485374450683594,40.2525520324707,40.76559066772461,41.7368278503418,43.06005859375,44.701358795166016
20.661222457885742,19.687007904052734,17.912633895874023,16.554121017456055,16.090087890625,14.5963134765625,14.00154972076416,14.555290222167969,16.396425247192383,18.42424774169922,19.727197647094727,20.4731502532959,21.651153564453125,22.496488571166992,22.713008880615234,22.96504783630371,23.459157943725586,23.679222106933594,24.039716720581055,24.73282241821289,25.671323776245117,26.662891387939453,27.224763870239258,27.68564224243164,28.458038330078125,29.222972869873047,29.89789581298828,30.46602439880371,30.941293716430664,31.453598022460938,31.992475509643555,32.337730407714844,32.35166549682617,32.722572326660156,34.15458297729492,36.386932373046875,38.647369384765625,40.57813262939453,41.54186248779297,41.46089172363281,41.016902923583984,41.067344665527344,41.88750076293945,43.27395248413086
17.913381576538086,17.62547492980957,17.822845458984375,16.50785255432129,14.576403617858887,13.670974731445312,14.854923248291016,15.994074821472168,18.202838897705078,20.177696228027344,20.991809844970703,21.685575485229492,23.00972557067871,24.19195556640625,24.828535079956055,25.16309356689453,24.7171630859375,24.213523864746094,24.219995498657227,24.841604232788086,25.686180114746094,26.266468048095703,26.474788665771484,26.793127059936523,27.58016586303711,28.378658294677734,29.136320114135742,29.87752914428711,30.753263473510742,31.69200897216797,32.92559051513672,33.36786651611328,33.02627182006836,33.18849563598633,34.35851287841797,36.411705017089844,38.76040267944336,40.786441802978516,42.394596099853516,42.90899658203125,41.932090759277344,40.706626892089844,40.416385650634766,41.200599670410156
16.351179122924805,17.563783645629883,18.32668113708496,17.128202438354492,14.352401733398438,13.231985092163086,15.105477333068848,17.513158798217773,19.289634704589844,19.86927032470703,20.603540420532227,22.37590980529785,24.54754066467285,26.088529586791992,26.30230140686035,25.44649314880371,24.118642807006836,23.741296768188477,24.011627197265625,24.762588500976562,25.278995513916016,25.4443416595459,25.60543441772461,25.832576751708984,26.39356803894043,27.287534713745117,28.483016967773438,29.847572326660156,31.467668533325195,33.11705017089844,34.586021423339844,34.54126739501953,34.28470993041992,34.84538650512695,35.89495849609375,36.818450927734375,37.7168083190918,38.67570114135742,40.35791015625,41.85276794433594,41.590267181396484,39.18038558959961,37.77421188354492,38.33682632446289
14.686999320983887,16.800857543945312,17.667491912841797,16.61070442199707,14.944872856140137,14.535901069641113,16.390779495239258,18.370723724365234,18.87785530090332,18.882404327392578,20.288440704345703,23.110506057739258,25.485322952270508,26.570520401000977,25.85186195373535,23.806575775146484,23.080366134643555,23.422407150268555,23.666584014892578,24.057369232177734,24.50109100341797,24.788475036621094,25.024179458618164,25.274137496948242,25.733245849609375,26.60880470275879,27.974971771240234,29.72236442565918,31.984222412109375,34.374122619628906,36.12068176269531,36.038394927978516,36.04482650756836,36.43902587890625,37.2380256652832,37.18610382080078,36.61573791503906,36.71283721923828,37.6683235168457,39.441978454589844,40.76816940307617,39.00423812866211,36.440887451171875,35.93838119506836
13.148407936096191,14.999249458312988,15.736605644226074,16.214990615844727,16.736108779907227,17.377166748046875,17.99205780029297,18.555395126342773,18.655864715576172,18.974159240722656,20.609493255615234,23.20807647705078,24.916790008544922,25.169370651245117,23.813491821289062,22.480712890625,22.62373161315918,23.076824188232422,23.278955459594727,23.522279739379883,23.895288467407227,24.112363815307617,24.42505645751953,25.125579833984375,26.023059844970703,27.1540470123291,28.638225555419922,30.12369155883789,31.959314346313477,34.1131591796875,36.10507583618164,37.023216247558594,37.39456558227539,37.467041015625,37.64470291137695,37.00820541381836,35.86008071899414,35.924495697021484,36.82512664794922,38.295249938964844,40.0997314453125,41.19754409790039,38.981075286865234,35.5159912109375
13.470593452453613,14.135832786560059,15.145794868469238,16.402999877929688,17.404447555541992,17.985370635986328,18.10083770751953,18.396791458129883,18.894685745239258,19.670377731323242,21.048236846923828,22.66827392578125,23.140077590942383,22.74876594543457,22.296497344970703,21.72911834716797,22.351865768432617,23.005979537963867,23.105398178100586,23.04688835144043,23.003276824951172,23.251585006713867,23.723600387573242,24.53313636779785,25.890304565429688,27.88842010498047,29.829898834228516,30.6458683013916,31.489709854125977,33.204803466796875,35.33705520629883,37.08228302001953,37.951820373535156,38.07096862792969,37.60130310058594,36.588768005371094,35.6765022277832,35.692840576171875,35.970821380615234,37.150840759277344,39.04368591308594,40.26540756225586,39.808692932128906,37.716400146484375
14.077239036560059,13.896042823791504,15.02107048034668,15.898327827453613,16.95137596130371,17.513080596923828,18.401166915893555,18.9802188873291,19.38966941833496,20.09184455871582,20.94127655029297,21.514997482299805,21.33091926574707,21.254989624023438,21.134124755859375,21.62871551513672,22.578895568847656,22.60264015197754,22.241043090820312,21.940168380737305,21.931119918823242,22.481708526611328,23.456829071044922,24.808691024780273,26.99052619934082,29.656707763671875,31.701412200927734,32.505741119384766,33.32938766479492,34.515380859375,35.707435607910156,36.867881774902344,37.77389144897461,37.909934997558594,37.199581146240234,35.9224853515625,35.41240692138672,35.935115814208984,35.30121612548828,34.90183639526367,36.45730972290039,37.95998001098633,38.01573181152344,37.3514289855957
14.323030471801758,13.73280143737793,14.433330535888672,15.511117935180664,16.990732192993164,18.065095901489258,18.964792251586914,19.324922561645508,19.472633361816406,19.910362243652344,20.3095703125,20.51105308532715,20.24508285522461,20.10367202758789,20.492977142333984,21.640291213989258,21.89207649230957,21.171411514282227,20.6227970123291,20.768686294555664,21.340354919433594,22.395578384399414,24.235986709594727,26.872421264648438,29.940454483032227,32.642555236816406,34.41860580444336,35.3897705078125,35.7957763671875,35.8317756652832,35.87379455566406,36.171958923339844,36.55491638183594,36.62260818481445,36.03192138671875,34.89252853393555,34.48661804199219,35.27814865112305,35.117008209228516,34.27371597290039,34.178192138671875,34.526527404785156,34.84987258911133,34.78971862792969
14.45973014831543,13.942740440368652,14.4534330368042,15.950666427612305,16.99704360961914,17.548873901367188,18.23428726196289,18.687671661376953,19.002607345581055,19.415311813354492,19.858808517456055,19.966188430786133,19.582107543945312,19.515445709228516,20.149078369140625,20.695039749145508,20.132295608520508,19.088342666625977,18.92052459716797,20.00621795654297,21.73328399658203,23.636920928955078,25.91254425048828,28.725812911987305,31.653362274169922,33.98385238647461,35.06773376464844,35.10540771484375,34.82069396972656,34.795448303222656,35.03098678588867,35.15333557128906,35.02199935913086,34.86003875732422,34.69903564453125,34.230167388916016,33.835208892822266,34.1761474609375,34.51982498168945,34.575626373291016,33.920162200927734,32.36790084838867,31.455350875854492,31.503313064575195
14.050468444824219,14.094904899597168,14.666280746459961,15.51583480834961,15.607418060302734,16.007551193237305,17.093231201171875,17.96299171447754,18.656259536743164,19.62427520751953,20.019996643066406,19.76677703857422,19.245084762573242,19.0814208984375,19.27063751220703,18.89809799194336,18.062864303588867,17.838438034057617,18.67939567565918,20.247455596923828,22.24009132385254,24.26300048828125,25.84005355834961,27.362504959106445,29.317638397216797,31.009618759155273,31.61577033996582,31.70359992980957,31.971097946166992,32.49990463256836,33.10602569580078,33.50678253173828,33.67582702636719,33.7076530456543,33.81060791015625,33.92075729370117,33.97596740722656,34.05735397338867,34.10745620727539,34.055702209472656,33.27461624145508,31.18880271911621,29.023956298828125,28.279544830322266
