data/wind_data/wind_40_3.json
{"header": {"parameterUnit": "KT", "parameterCategory": 2, "nx": 256, "ny": 198, "lo1": 44.73521041870117, "la1": -3.236724853515625, "lo2": 111.26478576660156, "la2": 43.468475341796875, "dx": 0.2609002888202667, "dy": -0.23708222806453705, "refTime": "2025-02-20 16:00:00", "forecastTime": 0, "parameterNumber": 2, "parameterNumberName": "eastward_wind"}, "data":
[rows 38 to 56 of 198, columns 0 to 43 of 256]
-4.423943996429443,-5.4236345291137695,-5.461684226989746,-4.295187950134277,-3.3259942531585693,-3.6899213790893555,-5.0031585693359375,-2.5777602195739746,-1.6488040685653687,-0.7356134057044983,-1.3276379108428955,-2.421931743621826,-3.2891957759857178,-3.537088394165039,-3.42220139503479,-3.216427803039551,-3.811061143875122,-4.445431232452393,-4.216604709625244,-3.5729031562805176,-3.178694248199463,-3.179103136062622,-2.2808916568756104,-1.211240291595459,-2.9409379959106445,-5.683370590209961,-7.210641384124756,-7.285571575164795,-7.759275913238525,-8.835501670837402,-9.742635726928711,-10.089370727539062,-10.809913635253906,-10.850114822387695,-10.68766975402832,-10.010272979736328,-11.05797290802002,-12.125700950622559,-12.206001281738281,-11.488504409790039,-11.301118850708008,-11.848435401916504,-12.104376792907715,-11.752273559570312
-4.351373672485352,-5.412806510925293,-5.314126968383789,-3.4167356491088867,0.06630821526050568,-3.597456455230713,-4.917885780334473,-3.2562379837036133,-1.7493913173675537,-0.3258291780948639,-0.4109676778316498,-1.122641682624817,-2.6439247131347656,-4.371922969818115,-5.261991024017334,-4.636072158813477,-3.395375967025757,-3.9929003715515137,-4.448719501495361,-3.2753968238830566,-3.603501081466675,-3.713893413543701,-2.7911031246185303,-1.2356088161468506,-2.9541375637054443,-5.536992073059082,-6.8037495613098145,-7.279763698577881,-7.776393413543701,-8.862472534179688,-10.02957534790039,-10.464484214782715,-10.935173034667969,-11.469686508178711,-11.668905258178711,-10.897674560546875,-11.193174362182617,-11.96668529510498,-12.217890739440918,-12.149572372436523,-11.948946952819824,-12.14561653137207,-12.30339527130127,-11.908997535705566
-4.923717498779297,-6.087064743041992,-5.965816497802734,-3.5475189685821533,1.4590787887573242,-4.430133819580078,-4.270167350769043,-3.7511777877807617,-2.437173366546631,-1.1637678146362305,-0.9162699580192566,-1.1924692392349243,-2.330019950866699,-4.638591289520264,-7.783281326293945,-7.8669114112854,-4.518158912658691,-2.8125579357147217,-4.410200119018555,-3.0973012447357178,-3.420020341873169,-3.6546106338500977,-3.3135666847229004,-1.8609592914581299,-3.137031078338623,-5.315253734588623,-6.731144905090332,-7.515671253204346,-7.91867733001709,-8.105630874633789,-8.93346118927002,-9.914140701293945,-11.037044525146484,-11.93387508392334,-12.284180641174316,-11.825117111206055,-11.89972972869873,-11.845022201538086,-12.740925788879395,-13.088445663452148,-13.215271949768066,-13.254876136779785,-12.925535202026367,-12.571089744567871
-5.931543827056885,-6.92098331451416,-7.0503644943237305,-4.453527450561523,0.6538451313972473,-7.163829803466797,-3.8787057399749756,-4.75600528717041,-3.401592493057251,-2.9102566242218018,-2.5261361598968506,-2.4081931114196777,-2.306605577468872,-3.340014696121216,-7.986815452575684,-10.11032772064209,-6.135223388671875,-2.930824041366577,-3.9428868293762207,-3.3529253005981445,-2.9929871559143066,-3.930501699447632,-4.648296356201172,-3.356700897216797,-3.559054136276245,-4.874814510345459,-5.535304546356201,-6.813535213470459,-8.724639892578125,-9.61427116394043,-9.702180862426758,-10.041767120361328,-10.631645202636719,-11.494160652160645,-12.856344223022461,-13.47012710571289,-13.215621948242188,-13.148469924926758,-14.119647026062012,-14.612480163574219,-14.85794448852539,-14.371737480163574,-13.942049026489258,-13.767549514770508
-6.136589050292969,-7.034584999084473,-7.262814998626709,-5.068413734436035,-0.5887042880058289,-9.14299488067627,-3.5574512481689453,-5.0499420166015625,-3.049663782119751,-3.0231235027313232,-2.539107084274292,-2.8865113258361816,-1.2034753561019897,0.39505913853645325,-4.561643600463867,-8.851263046264648,-6.526047706604004,-4.045933246612549,-4.4444122314453125,-3.992583751678467,-3.0939033031463623,-3.7921621799468994,-5.20630407333374,-4.690577030181885,-4.3341779708862305,-4.708578109741211,-4.671065807342529,-6.010492324829102,-8.050250053405762,-9.914339065551758,-11.433145523071289,-11.399896621704102,-10.594886779785156,-11.281855583190918,-13.577098846435547,-15.207972526550293,-15.415779113769531,-14.824825286865234,-15.289690017700195,-15.946382522583008,-15.815102577209473,-15.561014175415039,-15.084547996520996,-14.91571044921875
-5.76010274887085,-6.601187229156494,-6.636106967926025,-4.2869954109191895,1.7812283039093018,-7.008228302001953,-1.806631088256836,-3.0158212184906006,-0.7121469378471375,-0.9031299948692322,-1.0283758640289307,-1.4814692735671997,-0.5829049944877625,1.2040414810180664,0.417764812707901,-4.070545673370361,-5.628787517547607,-5.527131080627441,-5.073494911193848,-3.9468283653259277,-3.973982810974121,-3.7956485748291016,-5.466549396514893,-5.596909046173096,-5.045778274536133,-5.111354827880859,-4.774624824523926,-5.547791004180908,-7.497565269470215,-9.926974296569824,-12.295649528503418,-12.429486274719238,-11.196451187133789,-12.020427703857422,-14.976715087890625,-17.107820510864258,-16.750228881835938,-15.774147987365723,-15.825963973999023,-16.491331100463867,-16.955808639526367,-16.938364028930664,-16.56109619140625,-16.1906681060791
-4.629724979400635,-5.678858280181885,-5.6532301902771,-2.8455650806427,5.223777770996094,-3.420910120010376,-0.3399553894996643,-2.1691670417785645,-1.4411934614181519,-2.2409002780914307,-2.521376371383667,-2.7625133991241455,-1.6347947120666504,0.8792244791984558,1.8047778606414795,-0.8667260408401489,-5.272732257843018,-8.989407539367676,-7.034061431884766,-4.005799293518066,-5.222414016723633,-4.576303958892822,-5.899475574493408,-5.673062324523926,-5.137639045715332,-6.10942268371582,-6.417995929718018,-6.1135711669921875,-7.462073802947998,-9.961783409118652,-12.289799690246582,-12.990386009216309,-12.562491416931152,-13.178884506225586,-14.956888198852539,-17.4294376373291,-18.16877555847168,-17.348464965820312,-15.996925354003906,-16.137773513793945,-17.2125244140625,-17.83513069152832,-17.7069091796875,-17.306934356689453
-3.3779869079589844,-5.054935455322266,-5.146913051605225,-1.9238314628601074,6.106191158294678,0.18666259944438934,0.6374233365058899,-3.0946905612945557,-3.5122928619384766,-3.569579601287842,-4.0296854972839355,-3.5857508182525635,-1.9378328323364258,0.7476319074630737,1.012458086013794,-0.4763367176055908,-5.192402362823486,-9.79651927947998,-7.807647705078125,-5.178060054779053,-6.351529121398926,-5.398260593414307,-5.883688926696777,-6.0851593017578125,-5.832854747772217,-6.624372959136963,-6.971719264984131,-7.349302291870117,-8.510851860046387,-9.84803581237793,-11.544800758361816,-13.25833511352539,-14.147208213806152,-14.680779457092285,-15.544732093811035,-16.785764694213867,-17.6155948638916,-17.603893280029297,-16.92569351196289,-16.56817626953125,-17.04023551940918,-17.63829231262207,-17.99152183532715,-18.111385345458984
-2.957505702972412,-6.000546455383301,-5.849180221557617,-1.7156391143798828,4.215132236480713,2.3873226642608643,1.3511216640472412,-4.186731815338135,-4.96819543838501,-6.596312999725342,-7.685300350189209,-5.8834991455078125,-3.7412707805633545,-2.5621135234832764,-3.2686567306518555,-1.992917776107788,-2.52164363861084,-7.339527606964111,-7.268353462219238,-6.005518436431885,-6.5447468757629395,-6.0752739906311035,-5.9834818840026855,-6.342385292053223,-6.04555606842041,-6.6951003074646,-7.40354585647583,-8.563887596130371,-9.962446212768555,-10.827030181884766,-11.681678771972656,-13.38752555847168,-14.776773452758789,-15.48887825012207,-16.198013305664062,-16.649791717529297,-16.849985122680664,-16.976913452148438,-17.30731201171875,-17.644380569458008,-17.734359741210938,-17.52229118347168,-17.483570098876953,-17.981046676635742
-3.158351421356201,-6.050947189331055,-4.690129280090332,-0.09722822159528732,5.384359359741211,1.112741470336914,0.43726643919944763,-3.5058236122131348,-7.143364906311035,-8.188166618347168,-8.505189895629883,-5.964883327484131,-3.8369500637054443,-3.0061378479003906,-2.040705680847168,-0.17931652069091797,-2.043612241744995,-6.870767116546631,-7.83278751373291,-6.359302997589111,-6.554482460021973,-6.769010066986084,-6.575021266937256,-7.1524152755737305,-6.841375827789307,-6.84963321685791,-7.680605411529541,-9.195241928100586,-10.498372077941895,-11.170614242553711,-12.149576187133789,-14.015669822692871,-15.1588716506958,-15.341526985168457,-15.988418579101562,-16.86858367919922,-16.769804000854492,-16.109024047851562,-16.43836212158203,-17.707359313964844,-18.22999382019043,-17.689603805541992,-17.193973541259766,-17.552446365356445
-3.3423643112182617,-2.7121338844299316,-0.30160343647003174,2.688420534133911,5.6566338539123535,-2.4434359073638916,-2.3061132431030273,-4.741386413574219,-8.029768943786621,-8.066632270812988,-7.801938056945801,-5.883054733276367,-2.4620118141174316,-0.6866257786750793,1.0362497568130493,-0.05943285673856735,-3.3793811798095703,-7.390209674835205,-9.128278732299805,-7.7743635177612305,-6.363729953765869,-7.449159622192383,-7.136725902557373,-7.924378871917725,-7.768960952758789,-7.2496771812438965,-7.8303046226501465,-9.597216606140137,-10.889422416687012,-11.372272491455078,-12.136889457702637,-13.719138145446777,-14.799680709838867,-14.726436614990234,-15.139408111572266,-16.688379287719727,-17.17440414428711,-16.47173500061035,-15.913060188293457,-16.800376892089844,-18.00141716003418,-17.932222366333008,-17.55933952331543,-17.603805541992188
-2.422607421875,0.46963852643966675,3.1225013732910156,4.098158359527588,4.122576713562012,-0.029700638726353645,-2.938608169555664,-6.910482883453369,-10.16333293914795,-9.735796928405762,-6.991727828979492,-5.213281154632568,0.7919237613677979,3.1729748249053955,3.1505608558654785,1.3395352363586426,-2.103278875350952,-6.773608684539795,-10.151762962341309,-9.423553466796875,-6.308009624481201,-7.531675815582275,-7.663191795349121,-8.044341087341309,-8.518864631652832,-7.6751298904418945,-7.868485450744629,-9.501304626464844,-10.935532569885254,-11.5289945602417,-11.774900436401367,-12.556588172912598,-13.866673469543457,-14.580401420593262,-14.530264854431152,-15.199380874633789,-16.710060119628906,-17.366413116455078,-17.435941696166992,-17.66567039489746,-18.335636138916016,-18.55103302001953,-18.31092643737793,-18.22608757019043
-2.415167808532715,1.024162769317627,3.312743902206421,3.8004660606384277,1.4444388151168823,-0.5889618992805481,-1.5721673965454102,-5.049173355102539,-8.440003395080566,-11.940879821777344,-9.440784454345703,0.6224492192268372,4.922451496124268,4.974318504333496,3.7611308097839355,2.2324864864349365,-1.665513038635254,-5.605044841766357,-9.472864151000977,-10.501169204711914,-6.640707015991211,-6.4139838218688965,-7.725404262542725,-7.504289627075195,-8.782346725463867,-8.38051700592041,-8.159274101257324,-9.016438484191895,-10.121560096740723,-11.08232593536377,-11.587915420532227,-12.063633918762207,-13.071097373962402,-14.034749031066895,-14.70920181274414,-15.17840576171875,-16.188631057739258,-17.487627029418945,-18.277294158935547,-18.437219619750977,-18.58487892150879,-18.590944290161133,-18.491819381713867,-18.525161743164062
-1.034724235534668,3.5213961601257324,4.175157070159912,4.861270427703857,7.187074661254883,4.554754257202148,-2.1362388134002686,-8.048395156860352,-12.125986099243164,-14.702753067016602,-10.483967781066895,1.5895181894302368,3.612013101577759,2.9610655307769775,3.302382707595825,1.2051372528076172,-2.994854211807251,-5.416959285736084,-7.584702491760254,-8.582845687866211,-6.312783718109131,-5.377346992492676,-7.053982257843018,-6.930347919464111,-8.572336196899414,-8.92734432220459,-8.907774925231934,-9.17125129699707,-9.599444389343262,-10.418652534484863,-11.060392379760742,-11.813714981079102,-12.325417518615723,-13.525691032409668,-14.353517532348633,-15.146864891052246,-16.147775650024414,-16.984844207763672,-17.981740951538086,-18.42028045654297,-18.197731018066406,-17.793418884277344,-17.842544555664062,-18.152555465698242
4.009939193725586,7.515196800231934,6.385244369506836,6.221441745758057,8.288288116455078,6.31749153137207,-0.25294196605682373,-4.989390850067139,-10.340418815612793,-14.963357925415039,-8.729018211364746,5.548718452453613,10.005871772766113,8.30054759979248,3.215242862701416,-0.804114818572998,-3.613593101501465,-3.3533942699432373,-3.849762439727783,-4.624969482421875,-4.406876564025879,-4.917741775512695,-6.043689250946045,-6.654253005981445,-8.049810409545898,-8.71789836883545,-8.740100860595703,-8.922751426696777,-9.192911148071289,-9.944989204406738,-10.89316177368164,-11.470797538757324,-11.82724380493164,-12.993510246276855,-13.842690467834473,-14.517430305480957,-15.62451171875,-16.448036193847656,-17.205034255981445,-17.64566421508789,-17.35435676574707,-17.01443099975586,-16.94070816040039,-17.11186408996582
5.415684700012207,4.83339262008667,5.756084442138672,6.6259846687316895,6.665017604827881,4.62437105178833,-0.06493538618087769,-2.578888416290283,-6.119168758392334,-10.648624420166016,-3.8342339992523193,-1.7480393648147583,0.4691486954689026,0.041122760623693466,-3.426997184753418,-3.267970323562622,-2.1736209392547607,-3.3910977840423584,-5.739825248718262,-4.847891330718994,-3.9336633682250977,-4.449391841888428,-5.27376127243042,-6.207005500793457,-7.406663417816162,-8.232736587524414,-8.269190788269043,-8.105108261108398,-8.250266075134277,-9.285355567932129,-10.632193565368652,-11.20750617980957,-11.332038879394531,-12.329707145690918,-13.077863693237305,-13.685041427612305,-14.639997482299805,-15.320751190185547,-15.844584465026855,-16.49656867980957,-16.426259994506836,-16.058452606201172,-15.895465850830078,-15.958457946777344
5.564694404602051,4.789666175842285,4.83833646774292,4.687348365783691,2.9023494720458984,0.9893049597740173,-0.3020687699317932,-1.1850252151489258,-3.3253180980682373,-5.968581676483154,-3.4776337146759033,1.889158010482788,2.1299304962158203,-0.7828138470649719,-2.1186203956604004,-1.2081700563430786,-1.1264092922210693,-3.177245616912842,-5.8090105056762695,-9.556405067443848,-8.183359146118164,-7.05919885635376,-5.678196907043457,-5.61781644821167,-6.745978355407715,-7.479916095733643,-7.66585636138916,-7.688344955444336,-7.87632942199707,-8.568926811218262,-10.029203414916992,-11.06650161743164,-11.151541709899902,-11.417487144470215,-12.24571418762207,-12.933486938476562,-13.538006782531738,-13.923151016235352,-14.458619117736816,-15.151291847229004,-15.297962188720703,-14.997638702392578,-14.94106388092041,-15.184335708618164
5.491953372955322,4.722713470458984,4.266195774078369,3.328570604324341,1.1941955089569092,-0.40019506216049194,-0.06006348505616188,0.013574277982115746,-1.3411473035812378,-2.4916343688964844,-3.2914252281188965,-1.2801140546798706,-0.6716523170471191,0.5613969564437866,-0.5090641975402832,-1.3558799028396606,-1.3911360502243042,-2.359929323196411,-1.381353497505188,-6.548694610595703,-10.220602989196777,-7.847198963165283,-6.477056980133057,-4.296130180358887,-5.546022891998291,-6.5758161544799805,-7.092050075531006,-7.27792501449585,-7.591495513916016,-7.940027713775635,-9.21354866027832,-10.651283264160156,-10.985054016113281,-10.741606712341309,-11.281352043151855,-12.067798614501953,-12.486834526062012,-12.675688743591309,-13.20563793182373,-13.774219512939453,-14.147924423217773,-14.136716842651367,-14.174880027770996,-14.545923233032227
5.323327541351318,4.441596984863281,3.6838088035583496,2.4484050273895264,0.8542367219924927,-0.38608577847480774,-0.08543666452169418,0.6679462194442749,0.3086423873901367,-0.272443026304245,-1.1005511283874512,-1.2704567909240723,-1.1518278121948242,-0.34315478801727295,-1.1776413917541504,-2.5129647254943848,-2.742098093032837,-3.4023940563201904,-2.834203004837036,-0.5242958068847656,-5.845642566680908,-5.373378276824951,-8.515463829040527,-4.680568695068359,-4.388126850128174,-5.4026713371276855,-6.208736896514893,-6.392711162567139,-6.775815486907959,-7.196472644805908,-8.289153099060059,-9.704813003540039,-10.341259956359863,-10.499027252197266,-10.851449012756348,-11.326059341430664,-11.428313255310059,-11.472635269165039,-12.023469924926758,-12.746225357055664,-13.346055030822754,-13.516035079956055,-13.8062744140625,-14.286721229553223
