data/wind_data/wind_Surface_14.json
{"header": {"parameterUnit": "KT", "parameterCategory": 2, "nx": 255, "ny": 198, "lo1": 44.73521041870117, "la1": -3.236724853515625, "lo2": 111.26478576660156, "la2": 43.468475341796875, "dx": 0.26192745566368103, "dy": -0.23708222806453705, "refTime": "2025-02-19 14:00:00", "forecastTime": 0, "parameterNumber": 2, "parameterNumberName": "eastward_wind"}, "data":
[rows 114 to 132 of 198, columns 86 to 128 of 255]
12.70463752746582,13.4422607421875,13.081070899963379,11.788290023803711,10.032296180725098,9.799245834350586,9.95920181274414,9.825189590454102,9.581364631652832,9.27315616607666,8.730888366699219,7.652225971221924,6.028841018676758,6.528402328491211,6.765259265899658,7.470922946929932,7.733526706695557,7.4768853187561035,6.856670379638672,7.494738578796387,8.203333854675293,5.998030185699463,3.331756591796875,2.001824378967285,2.0845654010772705,3.388547897338867,4.673393726348877,5.175484657287598,4.888175010681152,2.21842622756958,-0.9484112858772278,-1.7264816761016846,-2.9932491779327393,-2.603670120239258,-1.956156849861145,-0.46373218297958374,2.7797882556915283,2.71047043800354,-0.3872127830982208,-4.186671257019043,-4.696274757385254,-2.374556541442871,-1.276068925857544
11.737558364868164,12.941633224487305,13.335975646972656,12.434022903442383,10.156501770019531,8.795839309692383,8.341917037963867,8.64383316040039,9.34372615814209,10.014992713928223,9.107110023498535,6.895575523376465,5.2812604904174805,5.2548508644104,6.080043792724609,7.523794651031494,8.15059757232666,8.583907127380371,8.245131492614746,8.803020477294922,10.024334907531738,7.69377326965332,3.804753065109253,2.4518113136291504,2.7147374153137207,2.6708943843841553,3.1055822372436523,3.8855597972869873,4.6359710693359375,2.8349854946136475,-0.4268045723438263,-1.9814890623092651,-2.5056936740875244,-2.758113384246826,-1.7327641248703003,-0.3948671817779541,2.1116669178009033,2.3082034587860107,-0.4777441918849945,-2.3973782062530518,-4.736763954162598,-2.2513341903686523,0.38155657052993774
9.511460304260254,9.976390838623047,10.54116153717041,9.219756126403809,7.697041988372803,6.979945182800293,7.513486385345459,10.095317840576172,11.3816499710083,9.289532661437988,6.455101013183594,3.6681880950927734,3.146003007888794,3.7576165199279785,5.051573753356934,6.085858345031738,8.120458602905273,8.804089546203613,9.165565490722656,9.924757957458496,10.71818733215332,7.83869743347168,3.4977357387542725,2.1676018238067627,2.9518558979034424,2.371220350265503,1.5067474842071533,2.4826605319976807,4.320554256439209,3.2211830615997314,-0.0834694355726242,-2.1885385513305664,-2.9629790782928467,-2.434907913208008,-2.62034273147583,-1.3158231973648071,2.0795023441314697,1.6673529148101807,0.9343894720077515,-0.1625172346830368,-2.451508045196533,-1.8857595920562744,-0.6596553921699524
12.003399848937988,9.819265365600586,8.654319763183594,7.915863513946533,8.042654037475586,8.242682456970215,8.710241317749023,10.704736709594727,9.182357788085938,6.611046314239502,3.8982954025268555,2.64387583732605,3.405625343322754,5.035096645355225,6.225122928619385,6.917084693908691,8.017589569091797,9.46243953704834,10.260723114013672,11.95158863067627,10.532851219177246,6.0531182289123535,1.334180474281311,0.7992585301399231,2.1076483726501465,1.8654146194458008,1.028247356414795,1.6540563106536865,3.6267542839050293,3.0621883869171143,-0.08053687959909439,-2.329301357269287,-3.1147356033325195,-2.083865165710449,-1.7621912956237793,-0.8233956694602966,1.5005189180374146,1.5839197635650635,1.185086727142334,-0.4101184904575348,-1.8021049499511719,-1.3179820775985718,-0.1912984848022461
11.760747909545898,8.402527809143066,7.059605121612549,6.376792907714844,5.923238754272461,8.131874084472656,9.220190048217773,8.256796836853027,6.606492042541504,5.663987636566162,4.946865558624268,4.068319797515869,4.412085056304932,5.369749546051025,6.0247344970703125,6.738900661468506,7.1733198165893555,7.460737228393555,9.494955062866211,10.998817443847656,7.972055435180664,3.1978893280029297,0.24265499413013458,0.8045458793640137,3.054405689239502,3.2264301776885986,1.0142782926559448,-0.09230856597423553,1.2358440160751343,2.078457832336426,0.1626702845096588,-2.293955087661743,-2.824075222015381,-2.124619483947754,-1.084475040435791,0.21535059809684753,0.9161173701286316,0.9965528249740601,-0.3619968593120575,-2.005265474319458,-2.5740702152252197,-2.8976211547851562,-2.6864190101623535
12.652372360229492,10.455228805541992,7.506685256958008,6.524389266967773,6.407344818115234,7.224880218505859,8.523099899291992,8.086647033691406,7.263423919677734,5.781672954559326,4.560770511627197,3.9628615379333496,4.427064895629883,6.285125255584717,7.422795295715332,8.169296264648438,7.243264198303223,7.656480312347412,9.38407039642334,8.865792274475098,4.2064924240112305,-0.9975470304489136,-2.979351043701172,-3.2815728187561035,-2.489194631576538,-2.0155415534973145,-2.9133682250976562,-3.297558307647705,-2.0080208778381348,-0.3664676547050476,-0.8578706979751587,-2.7303481101989746,-2.9610188007354736,-2.138684034347534,-1.2903821468353271,-0.8494538068771362,-1.8045063018798828,-2.446220636367798,-2.9821243286132812,-2.1844046115875244,-2.5469136238098145,-3.6622793674468994,-2.9935758113861084
14.340896606445312,11.172904968261719,8.511560440063477,7.594977855682373,6.502706050872803,7.494726657867432,10.031899452209473,10.077042579650879,7.896699905395508,5.7725701332092285,3.511953115463257,3.4658515453338623,4.872743129730225,5.445547103881836,7.189642429351807,7.671324729919434,7.7579803466796875,8.767818450927734,8.10239315032959,5.045197010040283,-1.351922869682312,-5.553164958953857,-6.64060115814209,-5.675510883331299,-3.726776123046875,-2.6742022037506104,-3.8232784271240234,-4.2085041999816895,-1.9238505363464355,0.26783597469329834,-0.04293334484100342,-2.087252378463745,-2.7270140647888184,-1.8856403827667236,-1.5393836498260498,-0.9563955068588257,-2.154212474822998,-2.5813159942626953,-3.1559834480285645,-1.9218813180923462,-1.232542634010315,-3.08534836769104,-1.5539242029190063
17.351160049438477,13.523809432983398,11.787434577941895,13.265328407287598,13.398111343383789,11.593923568725586,9.629081726074219,8.538162231445312,5.488856315612793,2.1364617347717285,1.2023797035217285,2.647674083709717,4.766049385070801,6.259762763977051,7.331451892852783,7.784114837646484,7.658299922943115,8.043244361877441,6.593318939208984,1.0465607643127441,-3.2924821376800537,-5.252778053283691,-5.760068416595459,-4.460964202880859,-1.2368191480636597,-0.37269920110702515,-2.995823621749878,-4.328829288482666,-1.6177903413772583,-0.08795813471078873,1.6674575805664062,3.3296797275543213,1.10491144657135,0.3189220726490021,0.7881720066070557,1.7841496467590332,-0.11140204966068268,-0.8729876279830933,-1.2810951471328735,-0.5423371195793152,0.9766980409622192,-0.5627636909484863,0.47744154930114746
17.24626350402832,12.60150146484375,10.333581924438477,12.267942428588867,13.435853958129883,14.509401321411133,14.053621292114258,7.298429489135742,1.8172000646591187,-0.868979275226593,0.789143979549408,3.359894275665283,4.560135841369629,3.796342372894287,1.705287218093872,0.44622504711151123,0.43812572956085205,0.19322161376476288,-0.4743880033493042,-1.8953027725219727,-2.9285662174224854,-2.8094642162323,-3.505342960357666,-3.0704448223114014,-0.2726801633834839,1.0269800424575806,-0.8164152503013611,-1.7925667762756348,-0.04190073907375336,1.2800116539001465,2.496121406555176,2.448620080947876,1.3642889261245728,1.2785035371780396,0.9742419719696045,0.4426284730434418,-1.4137223958969116,-2.4670896530151367,-2.934401750564575,-2.148049831390381,-1.1062527894973755,-1.270641803741455,-0.48908016085624695
13.767393112182617,9.674115180969238,8.30689525604248,9.069257736206055,10.674938201904297,11.238299369812012,6.250373363494873,-0.04288806393742561,-3.5397863388061523,-3.39095401763916,-4.458910942077637,-5.736593246459961,-6.065258979797363,-6.849018096923828,-8.140641212463379,-8.818540573120117,-7.864065647125244,-8.017269134521484,-8.447091102600098,-7.081025123596191,-4.521574974060059,-1.7088276147842407,-0.08669072389602661,-0.2331337034702301,0.986949622631073,2.9262962341308594,1.7677584886550903,0.33723127841949463,1.817124843597412,2.51846981048584,1.2139791250228882,0.15050263702869415,-0.5884819626808167,-0.676791787147522,-0.8320264220237732,-2.6496734619140625,-4.465518951416016,-4.55864143371582,-4.229211807250977,-3.378650665283203,-1.8153964281082153,-0.9775365591049194,-0.8265350461006165
10.651144981384277,6.825899124145508,6.783322334289551,7.310663223266602,5.6863555908203125,-0.4647887945175171,-4.562196731567383,-5.3791022300720215,-6.333737850189209,-7.480673789978027,-8.873124122619629,-10.19265079498291,-10.346359252929688,-10.204842567443848,-10.307844161987305,-10.332014083862305,-9.784161567687988,-8.979097366333008,-8.550971984863281,-8.623303413391113,-7.550153732299805,-5.785224437713623,-2.9786956310272217,-0.5885452628135681,1.487492561340332,2.9909579753875732,3.0843968391418457,2.5217316150665283,2.3495898246765137,0.8305954933166504,-1.9417719841003418,-3.091804027557373,-2.9799232482910156,-2.698622226715088,-3.180431365966797,-4.4348344802856445,-5.120326995849609,-4.481634616851807,-3.946531057357788,-3.1530203819274902,-1.219692349433899,0.33747559785842896,1.2893738746643066
9.397735595703125,4.694522857666016,5.599696636199951,2.1887102127075195,-4.463460922241211,-9.545512199401855,-11.25473403930664,-11.243497848510742,-10.013733863830566,-8.216292381286621,-6.825798511505127,-5.887657642364502,-5.600645065307617,-7.214696884155273,-8.746978759765625,-9.491790771484375,-9.369046211242676,-8.449864387512207,-7.531720161437988,-7.966955661773682,-8.350028038024902,-7.501786231994629,-6.341189861297607,-5.211453437805176,-1.7947810888290405,3.1956088542938232,3.5815677642822266,0.9892941117286682,-1.9326715469360352,-3.2558844089508057,-4.307329177856445,-5.071008205413818,-4.801917552947998,-4.748915672302246,-4.6891374588012695,-4.710251808166504,-4.98371696472168,-4.890435695648193,-3.7873380184173584,-2.2032577991485596,-0.02561800181865692,2.0246145725250244,3.2141172885894775
8.963892936706543,3.8538131713867188,3.730717658996582,-1.51891028881073,-8.614013671875,-11.894450187683105,-14.821928977966309,-14.768321990966797,-12.892931938171387,-9.897927284240723,-6.03005838394165,-4.476417064666748,-3.7292842864990234,-4.33899450302124,-7.287085056304932,-9.377053260803223,-10.330156326293945,-10.343487739562988,-9.605599403381348,-9.135008811950684,-8.99264907836914,-8.752521514892578,-6.440645694732666,-4.222651958465576,-4.2591233253479,-0.3241238296031952,7.711881160736084,5.945349216461182,-1.8037829399108887,-4.461772918701172,-4.332900047302246,-4.7684149742126465,-5.062471389770508,-4.896411895751953,-4.75626802444458,-3.7473092079162598,-3.1264448165893555,-3.9729413986206055,-2.822105646133423,-0.6437097191810608,2.004211187362671,3.8127336502075195,4.610700607299805
8.02396297454834,2.1595661640167236,0.9547972083091736,-2.0812642574310303,-6.916924476623535,-10.324570655822754,-11.09262466430664,-11.080409049987793,-10.226996421813965,-8.758294105529785,-6.408297538757324,-3.6284992694854736,-2.2961747646331787,-2.464597702026367,-4.276482582092285,-7.47238302230835,-9.246983528137207,-10.579301834106445,-10.592466354370117,-9.452912330627441,-8.708412170410156,-8.46713638305664,-7.954632759094238,-5.825634956359863,-4.920318603515625,-2.9002599716186523,7.655910491943359,14.19502067565918,6.016076564788818,-2.292322874069214,-4.947021961212158,-4.418259143829346,-4.87766170501709,-4.299767017364502,-3.448847532272339,-1.789568543434143,-0.46512261033058167,-1.411206603050232,-1.1232837438583374,1.2505381107330322,3.7986862659454346,4.65322208404541,4.441597938537598
7.689746856689453,0.31424063444137573,-0.4689825475215912,0.22835178673267365,-2.045196533203125,-5.779909133911133,-8.093360900878906,-7.9925408363342285,-7.716490745544434,-6.909674167633057,-5.352487564086914,-3.209420680999756,-1.337263822555542,-1.1997349262237549,-3.4125969409942627,-5.871340751647949,-6.951085567474365,-9.336320877075195,-10.563633918762207,-10.404144287109375,-10.17044734954834,-9.048964500427246,-7.984706878662109,-7.401974201202393,-5.366426467895508,-2.2230894565582275,7.817254066467285,18.85797882080078,13.45142650604248,0.3435373306274414,-4.428839683532715,-4.031016826629639,-3.785116672515869,-3.7325682640075684,-1.8300483226776123,-0.2644573152065277,1.3596220016479492,1.5706732273101807,1.415281891822815,2.9307570457458496,4.064162254333496,4.316053867340088,4.384251117706299
10.440902709960938,0.8758675456047058,-1.642804741859436,-0.6101280450820923,-0.5388582944869995,-1.4848781824111938,-4.764952659606934,-5.5026350021362305,-5.556835174560547,-5.753844738006592,-4.712830066680908,-2.1449339389801025,-0.31159767508506775,-0.24684292078018188,-1.6458239555358887,-3.977527141571045,-5.60213565826416,-7.420448303222656,-9.825847625732422,-10.43697738647461,-10.186498641967773,-9.09225845336914,-7.535904407501221,-7.359684944152832,-5.723371982574463,-0.5904296040534973,9.278223991394043,20.034082412719727,14.652742385864258,1.0547916889190674,-3.589733839035034,-3.1324996948242188,-2.613356351852417,-2.5178520679473877,-0.6207761764526367,1.5466017723083496,2.858328342437744,2.640472412109375,2.0863850116729736,2.758606195449829,3.0694077014923096,3.1675658226013184,3.459970474243164
12.573673248291016,2.7087957859039307,-1.8992949724197388,-1.7503093481063843,-1.7682026624679565,0.4778868854045868,1.9643999338150024,-1.7843724489212036,-4.18306827545166,-4.436103820800781,-4.088141441345215,-2.5267932415008545,-0.04761709272861481,0.39400845766067505,-0.5707990527153015,-3.2083444595336914,-5.1254191398620605,-6.847662448883057,-8.332371711730957,-9.397583961486816,-8.52353286743164,-7.018754005432129,-6.984223365783691,-7.459127426147461,-6.241525650024414,-1.3292466402053833,8.728930473327637,19.034666061401367,16.142465591430664,4.234807014465332,-1.3266950845718384,-2.1679868698120117,-1.7189053297042847,-1.586815595626831,-0.1858685314655304,1.6258999109268188,2.2660369873046875,2.0515148639678955,2.1260972023010254,2.057103157043457,1.2090184688568115,1.028709053993225,0.5013552904129028
11.840254783630371,1.8056172132492065,-2.5124287605285645,-1.7663837671279907,0.8464197516441345,3.3952744007110596,4.669590473175049,3.192579984664917,-0.5322238802909851,-2.7675976753234863,-3.3607177734375,-2.6972591876983643,-0.7345123291015625,0.4528653919696808,0.15043681859970093,-2.363342761993408,-4.926059722900391,-6.391378879547119,-7.347561359405518,-7.2682647705078125,-7.091745853424072,-6.895630836486816,-6.654250144958496,-7.2405548095703125,-7.335349082946777,-2.147440195083618,10.242053985595703,21.280010223388672,18.78186798095703,6.473964691162109,1.1222518682479858,-0.3222517669200897,0.6286371946334839,1.2805310487747192,0.9870917797088623,0.9649949669837952,1.2497119903564453,1.9225945472717285,3.4769558906555176,3.9825360774993896,1.7658566236495972,-1.9454025030136108,-4.434549808502197
14.372626304626465,4.917281150817871,-3.4235618114471436,-1.941504955291748,5.08123779296875,6.636334419250488,5.641933441162109,4.658297538757324,3.935013771057129,1.5904107093811035,-1.1842926740646362,-2.964102029800415,-1.4078710079193115,0.13301371037960052,0.11507827043533325,-2.0813374519348145,-4.628880977630615,-5.975681781768799,-7.192742824554443,-7.804176330566406,-7.545098304748535,-6.56162691116333,-5.867923736572266,-7.495183944702148,-7.374885559082031,-0.030218563973903656,12.787893295288086,22.31729507446289,20.13823127746582,8.693014144897461,3.2641735076904297,2.1385467052459717,2.954286813735962,3.314831495285034,2.094128370285034,0.4277617037296295,0.785715639591217,2.586169958114624,3.176086902618408,2.2454886436462402,-0.8382470607757568,-4.880742073059082,-5.775791168212891
