data/wind_data/wind_Surface_14.json
{"header": {"parameterUnit": "KT", "parameterCategory": 2, "nx": 255, "ny": 198, "lo1": 44.73521041870117, "la1": -3.236724853515625, "lo2": 111.26478576660156, "la2": 43.468475341796875, "dx": 0.26192745566368103, "dy": -0.23708222806453705, "refTime": "2025-02-19 14:00:00", "forecastTime": 0, "parameterNumber": 3, "parameterNumberName": "northward_wind"}, "data":
[rows 171 to 189 of 198, columns 0 to 42 of 255]
2.969583034515381,4.501992702484131,4.93201208114624,5.791593551635742,7.256178379058838,5.352952003479004,4.653569221496582,3.474705219268799,4.450575828552246,7.604123115539551,11.11663818359375,13.31704044342041,9.224278450012207,3.1893832683563232,4.064062595367432,1.6845905780792236,4.876291751861572,5.130953311920166,8.38583755493164,10.383193969726562,11.10458755493164,10.572651863098145,10.611324310302734,9.569668769836426,7.856590270996094,6.568420886993408,5.425321578979492,4.119821071624756,2.083083391189575,0.7097291946411133,-1.8390514850616455,-3.7303364276885986,-5.7480621337890625,-6.903828144073486,-6.016221046447754,-2.3143203258514404,-4.193005561828613,-5.05084228515625,-5.247356414794922,-3.9816644191741943,-2.5338361263275146,-3.2614829540252686,-4.784630298614502
4.137770652770996,6.350437641143799,5.668764114379883,6.679521560668945,11.08094596862793,10.814155578613281,10.835472106933594,9.441118240356445,7.339595794677734,8.856995582580566,11.207497596740723,10.77213191986084,4.6397294998168945,-1.4609309434890747,2.2178804874420166,2.279054880142212,4.340634346008301,5.958078861236572,9.497783660888672,11.434732437133789,11.931877136230469,11.01728343963623,10.621356010437012,9.515576362609863,8.002185821533203,6.537753582000732,5.397765636444092,4.1109299659729,2.088672399520874,0.8099029064178467,-1.6507279872894287,-3.247812271118164,-4.697315216064453,-5.90356969833374,-6.718893527984619,-3.7875473499298096,-3.7057487964630127,-5.008446216583252,-5.24624490737915,-4.017643451690674,-1.6309223175048828,-2.1823976039886475,-3.625147581100464
5.176585674285889,7.851741790771484,6.446621894836426,5.428422927856445,8.160565376281738,10.180619239807129,11.017462730407715,13.265933990478516,11.664450645446777,9.574132919311523,6.491525173187256,5.002045154571533,3.709233283996582,3.130462646484375,2.8218531608581543,3.4654605388641357,4.971295356750488,6.486196994781494,9.91523551940918,11.939175605773926,11.485390663146973,11.220501899719238,10.449910163879395,9.566890716552734,8.12759017944336,6.842483043670654,5.600158214569092,4.238966464996338,2.3920695781707764,1.0854475498199463,-1.213555097579956,-2.6388309001922607,-3.45473575592041,-4.698403835296631,-5.801008701324463,-4.608603477478027,-2.2857580184936523,-4.117535591125488,-4.541748046875,-3.870203971862793,-1.1428885459899902,-1.1527408361434937,-2.887380361557007
5.311347961425781,7.682348728179932,6.164947986602783,3.7024354934692383,3.256024122238159,3.7690720558166504,6.7665252685546875,8.525504112243652,6.731926918029785,3.1559274196624756,-1.04514741897583,0.2500663697719574,4.925282001495361,4.509572982788086,1.6216567754745483,3.1093831062316895,6.851047992706299,7.277394771575928,8.23504638671875,10.219956398010254,10.213592529296875,10.362183570861816,9.920219421386719,9.09225845336914,7.753647804260254,6.89121675491333,5.649278163909912,4.301462650299072,2.745811700820923,1.3948194980621338,-0.7216472029685974,-1.8944741487503052,-2.3488364219665527,-3.5376391410827637,-3.5525712966918945,-1.4131313562393188,-1.2178481817245483,-1.7692753076553345,-3.2540249824523926,-3.3665859699249268,-1.6491496562957764,-0.1551351398229599,-0.864363431930542
5.0312089920043945,7.279504299163818,6.189549922943115,2.6206679344177246,2.1808950901031494,3.8702685832977295,4.000416278839111,0.12017953395843506,-2.6138925552368164,-4.452569007873535,-6.1873369216918945,-5.79215145111084,-1.132982611656189,-0.18883562088012695,0.10861783474683762,3.2880687713623047,4.937129497528076,5.07948112487793,7.1848464012146,7.793432712554932,8.780357360839844,9.136029243469238,8.941144943237305,8.578470230102539,7.848343849182129,6.65627384185791,5.650081634521484,4.530990123748779,3.1660382747650146,1.990818738937378,0.34930115938186646,-0.593744158744812,-0.9952863454818726,-1.677578330039978,-0.8338950276374817,-1.0507563352584839,-1.294732928276062,-1.725635051727295,-3.638469934463501,-3.6216559410095215,-2.2685751914978027,0.055929917842149734,0.21217451989650726
5.403079986572266,7.174090385437012,4.743575096130371,2.8475682735443115,3.4975407123565674,7.0582990646362305,3.050428628921509,-1.8682310581207275,-3.883632183074951,-6.082982540130615,-7.317929267883301,-5.684941291809082,-3.7494044303894043,-1.92640221118927,-1.0462292432785034,1.532110333442688,2.2884514331817627,2.0196757316589355,5.031827449798584,8.152363777160645,8.27440071105957,7.995044231414795,7.9809956550598145,8.330799102783203,7.822045803070068,6.605617523193359,5.725189685821533,4.811045169830322,3.6800906658172607,2.630556583404541,1.4478704929351807,0.7816905379295349,0.7844817638397217,1.2290931940078735,0.9521554708480835,0.3742824196815491,0.8285229802131653,-0.822789192199707,-2.8625340461730957,-2.7784571647644043,-1.0183452367782593,0.44242599606513977,0.5634792447090149
6.78538703918457,6.10028600692749,5.005606174468994,3.022514820098877,3.2402503490448,4.622842788696289,5.089066982269287,4.289259910583496,-0.3726484477519989,-4.514349937438965,-4.920443058013916,-4.383488178253174,-3.4140994548797607,-3.103375196456909,-3.272454023361206,-1.9936069250106812,-0.7974880337715149,-1.7343711853027344,-1.214999794960022,3.7248544692993164,6.233425617218018,7.604185581207275,7.626125335693359,7.437830924987793,7.493826866149902,6.774986267089844,5.672939300537109,4.97104549407959,3.9991776943206787,3.076136827468872,2.1053619384765625,1.3373204469680786,0.3556591272354126,-0.41099312901496887,1.8198916912078857,2.765869379043579,3.317533016204834,2.240208387374878,0.44017142057418823,0.0924745500087738,0.5953261852264404,0.695209801197052,0.6419090628623962
8.063048362731934,5.375144004821777,4.545784950256348,4.770162105560303,4.647629261016846,4.85299825668335,6.378031253814697,7.657162666320801,1.4763319492340088,0.061359040439128876,-0.3724095821380615,-1.106568694114685,-1.4738788604736328,-2.2253165245056152,-3.688859701156616,-4.1001105308532715,-4.212181091308594,-7.161942958831787,-9.315718650817871,-5.942437171936035,-0.8446216583251953,3.923121213912964,8.136090278625488,6.572713375091553,7.34531307220459,6.678110122680664,5.845695972442627,5.213235378265381,4.213951587677002,3.260765790939331,1.7834248542785645,-0.314852774143219,-2.554469585418701,-4.345592975616455,2.8723256587982178,3.050269842147827,4.189399719238281,4.734058380126953,4.232828140258789,1.9813109636306763,1.1757380962371826,0.5994435548782349,0.5806875228881836
7.320684432983398,4.939416885375977,6.472150802612305,7.927158832550049,10.137069702148438,6.323245048522949,2.6882119178771973,2.8712925910949707,0.29858893156051636,1.174641728401184,1.7096869945526123,2.174010753631592,0.5181413888931274,-1.6063507795333862,-2.8174233436584473,-4.038887023925781,-7.1458916664123535,-9.6669921875,-12.531620979309082,-12.079174041748047,-8.841120719909668,-3.1806538105010986,5.25585412979126,6.884488582611084,5.895669937133789,6.351454734802246,6.086352348327637,5.505190849304199,4.680359840393066,3.097968816757202,1.2828245162963867,-0.7406945824623108,-2.037358522415161,-1.6427431106567383,3.5237784385681152,3.8421173095703125,4.0092082023620605,4.459000110626221,4.864840984344482,3.175441265106201,1.487119197845459,0.9988352060317993,1.724226713180542
5.382747173309326,7.615416049957275,7.886537551879883,9.743563652038574,9.374183654785156,2.5605366230010986,0.9085676670074463,0.5034998655319214,1.754017949104309,1.733091950416565,1.8170366287231445,2.5755536556243896,2.061476469039917,1.1915074586868286,-0.41565558314323425,-2.8943958282470703,-7.260805606842041,-8.39227294921875,-9.784653663635254,-11.696429252624512,-11.35650634765625,-8.161558151245117,-1.3364914655685425,3.3361363410949707,4.261687755584717,6.158688068389893,6.177253723144531,5.794843673706055,5.3448262214660645,3.7516863346099854,2.747061014175415,2.747337818145752,2.3034465312957764,2.5622544288635254,3.800845146179199,3.7988343238830566,3.1444199085235596,3.760160446166992,3.372985363006592,2.7354135513305664,2.1578903198242188,2.7683143615722656,2.609800100326538
3.715639352798462,6.856072425842285,8.360175132751465,10.568159103393555,2.8038904666900635,-1.4373140335083008,-2.0688087940216064,0.4227590262889862,3.4875707626342773,3.0314371585845947,2.658876895904541,4.398982048034668,4.417697429656982,3.7539844512939453,2.7839322090148926,0.26764532923698425,-3.086099863052368,-6.426968097686768,-8.604695320129395,-8.024405479431152,-9.41590404510498,-9.202413558959961,-7.449576377868652,-2.991605520248413,1.8223384618759155,5.312408447265625,5.94053316116333,6.237884044647217,6.0909199714660645,5.089885234832764,3.8859453201293945,3.7331063747406006,4.173630237579346,4.184322357177734,3.951049566268921,3.7698888778686523,2.836792230606079,3.8518121242523193,3.21944260597229,3.1937015056610107,3.5732202529907227,3.949037790298462,2.759936809539795
1.4922122955322266,1.8346964120864868,2.9849801063537598,2.8500783443450928,-3.2606966495513916,-4.066005229949951,-4.302093982696533,0.2811962068080902,4.249258995056152,3.4341812133789062,3.0630671977996826,3.462479829788208,4.171345233917236,5.522953987121582,4.67574405670166,1.4809759855270386,-3.093705654144287,-9.548325538635254,-11.774874687194824,-8.75202751159668,-6.088268280029297,-8.188876152038574,-7.705006122589111,-6.709195137023926,-2.598695755004883,2.0563528537750244,5.117288112640381,7.415461540222168,7.183699607849121,6.4276885986328125,4.038991928100586,1.201015591621399,1.6074374914169312,1.8773446083068848,2.135796546936035,2.1027188301086426,2.9979758262634277,4.3653669357299805,4.104808807373047,4.068122386932373,4.39080286026001,4.1361823081970215,3.3260321617126465
-0.8328354358673096,-2.084705352783203,-2.2040905952453613,-4.058295249938965,-4.4205756187438965,-4.769015789031982,-3.6188056468963623,0.31696149706840515,4.7524213790893555,2.3447084426879883,1.718903660774231,3.4805688858032227,5.893702030181885,3.4392199516296387,2.7180182933807373,-0.5419072508811951,-8.580410957336426,-12.640739440917969,-13.296262741088867,-10.491068840026855,-6.992495059967041,-7.612212181091309,-7.062986373901367,-6.68936824798584,-5.825068473815918,-2.195452928543091,3.124241828918457,7.461362838745117,8.77407455444336,8.569300651550293,5.698971271514893,1.9980804920196533,-0.6660633683204651,-2.3810691833496094,-1.0645383596420288,1.50631582736969,3.6155805587768555,4.884469985961914,4.572949409484863,4.429377555847168,4.161749362945557,3.686471462249756,3.1605300903320312
-3.4208199977874756,-3.8557050228118896,-5.30012321472168,-5.569822788238525,-4.97788667678833,-3.6243820190429688,-1.6106891632080078,0.7749826312065125,4.491328716278076,2.5955753326416016,3.0475637912750244,3.112313985824585,1.2800546884536743,1.5485076904296875,3.436439275741577,-3.9731364250183105,-10.594832420349121,-10.646810531616211,-11.531484603881836,-8.07181453704834,-7.264308929443359,-8.119235038757324,-8.386588096618652,-7.388185501098633,-6.606386661529541,-4.942737102508545,-1.6332669258117676,3.6407861709594727,9.147159576416016,10.212482452392578,8.075117111206055,3.9248337745666504,-0.20002000033855438,-3.584737539291382,-4.876988410949707,-2.072265148162842,2.865199565887451,5.2731451988220215,5.04840087890625,4.517031192779541,4.251912593841553,3.5961945056915283,2.5602777004241943
-3.993938446044922,-5.46026086807251,-5.023342132568359,-3.8270928859710693,-3.5363354682922363,1.168775200843811,2.4222230911254883,2.842045783996582,3.4318618774414062,3.188178777694702,0.7502133250236511,1.0462818145751953,5.498373508453369,4.152104377746582,-0.8182536959648132,-6.932881832122803,-7.842278957366943,-10.321322441101074,-9.901872634887695,-7.905802249908447,-8.02155876159668,-9.1502685546875,-9.47441291809082,-8.858540534973145,-7.813614845275879,-6.977077007293701,-5.84712028503418,-1.5805150270462036,4.609177589416504,7.560085773468018,6.59314489364624,2.6768593788146973,-0.22236596047878265,-3.3161563873291016,-5.699578762054443,-6.445521354675293,-0.6708796620368958,4.5978851318359375,5.210271835327148,5.071796417236328,4.998011112213135,3.978519916534424,2.970876693725586
-4.316494941711426,-5.600405216217041,-3.8563685417175293,-2.0343713760375977,-1.90404212474823,0.46536919474601746,2.552232265472412,3.2132835388183594,1.571940302848816,0.5120525360107422,-1.1005038022994995,6.2987518310546875,7.648677825927734,-1.9038400650024414,-6.809855937957764,-7.482358932495117,-5.904447078704834,-10.626359939575195,-11.80459976196289,-10.822281837463379,-10.858323097229004,-10.893239974975586,-10.619945526123047,-9.95138931274414,-8.99698543548584,-8.06651496887207,-7.280144214630127,-5.108370304107666,-0.7225222587585449,3.076791286468506,3.8670530319213867,0.5214526653289795,-0.7058264017105103,-2.3075056076049805,-3.57901930809021,-4.917551517486572,-3.969970226287842,2.3593392372131348,5.137561321258545,5.754807472229004,5.094791889190674,3.9948620796203613,2.54494047164917
-3.218884229660034,-4.91014289855957,-4.319182872772217,-1.9837695360183716,-2.927406072616577,-1.9304604530334473,-0.3468995690345764,1.004662275314331,2.127013683319092,1.476811170578003,6.9638566970825195,7.4462175369262695,-3.6775286197662354,-7.567950248718262,-6.268917083740234,-4.9064040184021,-8.100910186767578,-12.124996185302734,-13.484803199768066,-13.20077896118164,-12.470381736755371,-12.08790397644043,-11.47651195526123,-10.729669570922852,-9.84970474243164,-8.370097160339355,-7.074728488922119,-6.191258430480957,-2.632899522781372,1.451185941696167,1.7926280498504639,-0.798464298248291,-0.8076214790344238,-0.8804571628570557,-1.1217303276062012,-1.8391339778900146,-3.6313321590423584,-0.16256976127624512,4.118422508239746,5.592747688293457,5.019748687744141,4.238489627838135,3.348064661026001
-2.12174129486084,-4.17464542388916,-3.6293838024139404,-2.1583454608917236,-3.74646258354187,-1.4750292301177979,1.5655107498168945,2.1726300716400146,2.4227662086486816,9.132843971252441,11.527081489562988,1.5818688869476318,-6.10970401763916,-7.638894557952881,-6.554936408996582,-5.264222621917725,-10.678348541259766,-11.833772659301758,-12.0957670211792,-12.7279634475708,-12.543760299682617,-12.170825004577637,-11.274672508239746,-10.220696449279785,-10.032279968261719,-8.66595458984375,-6.398529529571533,-4.953627109527588,-3.555695056915283,1.0006272792816162,0.3993571102619171,-0.6979069113731384,-0.7932734489440918,-0.8967742919921875,-0.36384645104408264,1.7381024360656738,0.8604633212089539,-0.4794860780239105,2.5311472415924072,4.686336040496826,4.606834411621094,5.50846529006958,5.280735492706299
-1.4017301797866821,-1.1903722286224365,-0.7876816987991333,-0.798374354839325,-1.7633428573608398,-0.01403795462101698,4.5059027671813965,7.8813886642456055,11.35390567779541,10.714546203613281,3.6551880836486816,-2.724949359893799,-7.5329203605651855,-9.0933256149292,-6.886713981628418,-7.602358341217041,-10.117105484008789,-10.42849349975586,-10.789090156555176,-11.076471328735352,-11.146952629089355,-11.340941429138184,-11.366957664489746,-9.873312950134277,-9.119087219238281,-8.292627334594727,-6.395805358886719,-3.9471793174743652,-3.033904790878296,0.06028752774000168,1.2686604261398315,1.1166300773620605,-0.09152106195688248,-0.6678532958030701,0.2737208902835846,2.3153257369995117,2.7164337635040283,-1.4464519023895264,-1.2531989812850952,2.339193820953369,3.6589863300323486,4.930756568908691,4.603946685791016
