data/wind_data/wind_58_0.json
{"header": {"parameterUnit": "KT", "parameterCategory": 2, "nx": 255, "ny": 198, "lo1": 44.73521041870117, "la1": -3.236724853515625, "lo2": 111.26478576660156, "la2": 43.468475341796875, "dx": 0.26192745566368103, "dy": -0.23708222806453705, "refTime": "2025-02-21 10:00:00", "forecastTime": 0, "parameterNumber": 2, "parameterNumberName": "eastward_wind"}, "data":
[rows 171 to 189 of 198, columns 172 to 214 of 255]
-0.2694045603275299,0.11806641519069672,-0.04045571759343147,-5.114041805267334,-7.616317272186279,-5.411949634552002,-2.0766870975494385,-1.7715290784835815,-5.483994483947754,-6.417598247528076,-3.411379337310791,-1.338871717453003,0.3498407304286957,2.5906574726104736,2.7919576168060303,-2.5101871490478516,-7.412442684173584,-6.21620512008667,-4.692343711853027,-5.968173027038574,-7.409207820892334,-5.634488105773926,-2.1428000926971436,-0.722908616065979,-1.36359441280365,-1.3914952278137207,0.5333262085914612,2.0660524368286133,4.558307647705078,5.985119819641113,4.4295196533203125,3.474181652069092,3.658815622329712,4.842082977294922,6.570756435394287,2.546396255493164,-6.006819725036621,-8.731847763061523,-6.631544589996338,-6.20465612411499,-4.507257461547852,-0.41559335589408875,2.0641469955444336
0.29081782698631287,-1.6226165294647217,-2.750828981399536,-3.2237322330474854,-3.1170990467071533,-2.3500888347625732,-1.427682638168335,-1.416584849357605,-2.633791208267212,-3.458369255065918,-2.118715524673462,-0.736051619052887,0.509807288646698,2.3191604614257812,0.791592001914978,-7.055680751800537,-10.805176734924316,-6.0781354904174805,-3.434784173965454,-3.7978131771087646,-3.3948819637298584,-1.784828543663025,-0.8093926310539246,-1.4649420976638794,-2.149484872817993,-2.3297131061553955,-0.4778650403022766,1.2746227979660034,3.583456039428711,5.187017917633057,4.342127323150635,4.965942859649658,5.33821439743042,4.098721504211426,2.906224012374878,-2.2678327560424805,-7.6717848777771,-6.907021999359131,-5.220076084136963,-4.682437419891357,-2.181230306625366,0.6450626850128174,1.3719098567962646
-0.6880252361297607,-1.2915960550308228,-2.679999589920044,-2.1267716884613037,0.2540898323059082,1.1243362426757812,-0.9397812485694885,-3.2466259002685547,-1.9637534618377686,-0.035255737602710724,0.5241228342056274,0.6781089901924133,0.21868707239627838,-0.4054917097091675,-1.4132001399993896,-6.851458549499512,-9.714327812194824,-4.574365139007568,-3.0930516719818115,-5.151793479919434,-4.120264530181885,-2.2748043537139893,-2.9868128299713135,-3.589935302734375,-0.9610558152198792,-0.4302312433719635,-1.6988074779510498,-0.8835423588752747,2.294381856918335,6.052074432373047,7.272568702697754,6.220502853393555,4.845947265625,4.549653053283691,2.3251795768737793,-3.7598373889923096,-6.541648864746094,-5.264760971069336,-4.0357255935668945,-2.913581371307373,-1.810106873512268,-3.797468900680542,-10.740203857421875
-3.600092649459839,-1.2721068859100342,-2.30881404876709,-4.124269962310791,-3.0733275413513184,-1.3306682109832764,-1.5488516092300415,-2.7226686477661133,-0.9754831194877625,1.3006526231765747,1.6762765645980835,0.9930577278137207,-1.2701143026351929,-3.457486152648926,-2.6566436290740967,-1.5697609186172485,-3.8770627975463867,-3.1043639183044434,-4.049492835998535,-7.017850399017334,-6.199217796325684,-4.310980319976807,-1.932381272315979,-0.5726388096809387,1.9585331678390503,2.7106237411499023,0.9552488327026367,2.100045919418335,4.279808521270752,6.8585734367370605,7.463986396789551,5.908304214477539,4.669549465179443,2.2917985916137695,-1.464161992073059,-3.012744903564453,-2.8294858932495117,-4.035759449005127,-5.709986209869385,-4.719368934631348,-4.9057817459106445,-10.908265113830566,-16.15547752380371
-3.6956868171691895,-3.7009775638580322,-4.898797512054443,-5.411459445953369,-4.452469348907471,-3.48953914642334,-3.2164571285247803,-2.61154842376709,-0.7263904809951782,0.5503597259521484,0.5891069173812866,-1.126658320426941,-3.8176069259643555,-4.981729507446289,-3.5036377906799316,1.5906968116760254,2.3298096656799316,-0.9685158133506775,-3.62797474861145,-5.429099082946777,-4.398875713348389,-0.7225614786148071,3.4741268157958984,1.8988828659057617,0.3269263803958893,1.7049428224563599,1.9332584142684937,0.7804226279258728,1.5067646503448486,5.656296253204346,7.329827308654785,4.715808391571045,-0.018737656995654106,-4.286306381225586,-4.318511962890625,-2.8649988174438477,-3.5884346961975098,-5.900930404663086,-8.608642578125,-9.264480590820312,-9.957923889160156,-14.352635383605957,-14.909152030944824
-3.6244826316833496,-4.793574810028076,-5.294128894805908,-4.761215686798096,-3.775923013687134,-2.953394889831543,-2.732617139816284,-2.04585862159729,-1.1206669807434082,-0.15403591096401215,0.24371688067913055,-1.4141314029693604,-3.686353921890259,-4.83337926864624,-2.983449935913086,1.2652803659439087,2.1509315967559814,0.23511195182800293,-0.6816139817237854,0.01563519798219204,1.0180710554122925,2.8046984672546387,2.9341681003570557,-0.8279449939727783,-2.5184357166290283,2.264918565750122,5.1131672859191895,1.2999014854431152,0.03694095090031624,3.5092556476593018,4.642797470092773,-1.749214768409729,-7.635222911834717,-6.970363616943359,-6.215569972991943,-6.251871585845947,-5.705268383026123,-6.860902786254883,-9.490594863891602,-10.338046073913574,-12.327108383178711,-13.716700553894043,-12.699478149414062
-3.8500123023986816,-4.568099021911621,-4.361931800842285,-3.355402946472168,-2.8392903804779053,-2.920818567276001,-3.1492600440979004,-2.256835699081421,-1.91582190990448,-1.8019276857376099,-1.819575309753418,-2.2335338592529297,-2.284884452819824,-1.6540826559066772,-0.5173776745796204,0.5585157871246338,1.2663651704788208,2.6587517261505127,3.586012601852417,4.014987945556641,3.9101474285125732,3.4098703861236572,2.822822332382202,0.4884352684020996,0.9466044902801514,5.267653942108154,5.052978515625,0.055816635489463806,-1.4416667222976685,-1.1167469024658203,-5.332239627838135,-11.627890586853027,-14.585379600524902,-11.992240905761719,-9.149986267089844,-11.038101196289062,-11.786497116088867,-12.227483749389648,-12.571328163146973,-12.636356353759766,-12.158160209655762,-11.844427108764648,-11.358674049377441
-5.9448394775390625,-5.432541370391846,-4.9482574462890625,-3.7560184001922607,-2.912489652633667,-2.285243511199951,-2.4774575233459473,-3.1720523834228516,-3.2948124408721924,-3.320103645324707,-2.94397234916687,-1.8636054992675781,-1.3012051582336426,-0.218738853931427,0.19489553570747375,1.1707279682159424,3.9319698810577393,5.665483474731445,6.288724422454834,6.275800704956055,6.460977077484131,5.849666118621826,5.465085983276367,4.158989429473877,3.523367166519165,0.7066067457199097,-5.833381652832031,-9.108880043029785,-9.848734855651855,-11.465973854064941,-14.08859920501709,-16.25380516052246,-15.185227394104004,-11.720293998718262,-11.657657623291016,-13.529224395751953,-13.77951431274414,-13.865373611450195,-13.379321098327637,-12.626264572143555,-11.618454933166504,-10.668034553527832,-9.891443252563477
-6.345262050628662,-6.17761754989624,-6.05486536026001,-4.452107906341553,-3.204254388809204,-2.197174549102783,-2.0644924640655518,-3.421874761581421,-3.7831311225891113,-3.333144426345825,-2.8035757541656494,-1.6505995988845825,-0.4957437217235565,0.349536657333374,0.9866878986358643,1.6883516311645508,2.035595655441284,2.5950875282287598,3.4829375743865967,3.5584304332733154,3.975064992904663,3.9652903079986572,2.6697309017181396,0.1935509890317917,-5.5069427490234375,-12.361742973327637,-15.864175796508789,-16.367605209350586,-16.53745460510254,-17.177804946899414,-17.611980438232422,-17.461965560913086,-16.667701721191406,-16.157249450683594,-16.0336971282959,-15.630114555358887,-14.762286186218262,-13.968523025512695,-13.447969436645508,-12.4100980758667,-10.953424453735352,-9.872979164123535,-9.066404342651367
-7.625638961791992,-6.771933078765869,-7.806046962738037,-6.599767208099365,-4.674238681793213,-2.896601915359497,-1.9507499933242798,-3.599315643310547,-4.340849876403809,-3.5776567459106445,-2.7832717895507812,-1.7318434715270996,-0.613335371017456,-1.0550322532653809,-1.8975181579589844,-2.207777500152588,-2.4726319313049316,-2.7587363719940186,-2.7240967750549316,-2.8875491619110107,-4.4093523025512695,-7.096561908721924,-10.559531211853027,-13.86779499053955,-17.179920196533203,-19.65923309326172,-20.726287841796875,-20.106788635253906,-18.738605499267578,-17.46415901184082,-16.623279571533203,-16.19727897644043,-16.325977325439453,-17.113128662109375,-16.577829360961914,-14.769180297851562,-15.513265609741211,-14.582895278930664,-13.273771286010742,-12.294805526733398,-11.309292793273926,-10.49394416809082,-9.512675285339355
-9.334161758422852,-8.020940780639648,-9.836540222167969,-8.971354484558105,-7.156365394592285,-5.183218955993652,-2.8689255714416504,-3.280198097229004,-4.578407287597656,-4.237507343292236,-3.535252809524536,-2.7989859580993652,-1.8776881694793701,-3.8180508613586426,-6.440247058868408,-7.6479291915893555,-8.987984657287598,-9.969903945922852,-11.071236610412598,-12.334850311279297,-14.408041000366211,-17.12923812866211,-19.334901809692383,-20.053129196166992,-19.48184585571289,-20.466888427734375,-20.5872859954834,-18.712862014770508,-16.14141273498535,-16.743675231933594,-16.33798599243164,-16.40212059020996,-16.907562255859375,-17.493497848510742,-17.613874435424805,-16.77895164489746,-15.615936279296875,-14.426966667175293,-12.972692489624023,-11.794028282165527,-11.535850524902344,-11.0485200881958,-10.417975425720215
-11.84232234954834,-11.100639343261719,-11.371895790100098,-10.829878807067871,-9.808320999145508,-8.516794204711914,-6.581087589263916,-5.056771755218506,-5.240946292877197,-5.773735046386719,-5.630228519439697,-5.048784255981445,-3.5932772159576416,-4.723429203033447,-8.385921478271484,-11.183104515075684,-13.073044776916504,-14.458952903747559,-15.635527610778809,-16.636537551879883,-17.713769912719727,-19.07843780517578,-20.477153778076172,-21.053598403930664,-20.678621292114258,-19.905344009399414,-19.47490692138672,-18.108837127685547,-16.649730682373047,-15.579798698425293,-14.83775520324707,-14.820966720581055,-15.351950645446777,-16.328102111816406,-16.381515502929688,-15.089320182800293,-14.92803955078125,-13.98658275604248,-12.777079582214355,-11.509883880615234,-10.833600044250488,-10.340760231018066,-9.53678035736084
-11.7662353515625,-12.112523078918457,-12.06977367401123,-11.760909080505371,-11.464203834533691,-11.051604270935059,-10.3725004196167,-9.481144905090332,-8.964223861694336,-8.555890083312988,-8.158230781555176,-7.528464317321777,-5.932561874389648,-4.310846328735352,-6.027863025665283,-9.817672729492188,-12.615561485290527,-15.121007919311523,-16.388042449951172,-16.98198699951172,-17.95652198791504,-18.905555725097656,-19.95353126525879,-20.58217430114746,-20.53948211669922,-20.122081756591797,-19.84127426147461,-19.328195571899414,-17.964502334594727,-16.299545288085938,-15.188529968261719,-14.928370475769043,-15.1946439743042,-15.150646209716797,-14.958163261413574,-15.758216857910156,-14.63521957397461,-13.157122611999512,-12.665760040283203,-12.173397064208984,-11.301353454589844,-11.02391242980957,-10.703827857971191
-10.845597267150879,-11.361337661743164,-11.59588623046875,-11.676835060119629,-11.780396461486816,-11.941791534423828,-12.30491828918457,-12.669148445129395,-12.382383346557617,-11.549875259399414,-10.246532440185547,-8.87047290802002,-7.427008152008057,-5.475661754608154,-4.069809436798096,-5.933812141418457,-9.019055366516113,-12.255282402038574,-15.216714859008789,-16.263479232788086,-16.674190521240234,-17.467790603637695,-18.30276107788086,-18.94259262084961,-19.289424896240234,-19.470640182495117,-19.4335994720459,-18.80892562866211,-17.458541870117188,-15.747353553771973,-14.668957710266113,-14.638270378112793,-14.816683769226074,-14.825075149536133,-15.113635063171387,-15.189611434936523,-13.992019653320312,-12.27609634399414,-11.60316276550293,-11.78895378112793,-11.539281845092773,-11.142507553100586,-11.465340614318848
-9.599786758422852,-10.361793518066406,-10.726114273071289,-10.93913745880127,-11.31684398651123,-11.716412544250488,-12.374162673950195,-13.268121719360352,-13.77413272857666,-13.328048706054688,-11.778053283691406,-9.869866371154785,-7.857391357421875,-5.495882034301758,-4.2659173011779785,-3.6939871311187744,-5.7467851638793945,-9.150338172912598,-12.175765037536621,-14.3297700881958,-15.242992401123047,-16.0015926361084,-16.70250129699707,-17.110763549804688,-17.628400802612305,-18.185575485229492,-17.975570678710938,-17.102998733520508,-16.126636505126953,-15.036202430725098,-14.093779563903809,-13.779166221618652,-13.729399681091309,-13.23199462890625,-12.51743221282959,-12.656482696533203,-11.860262870788574,-10.53721809387207,-10.499761581420898,-10.718908309936523,-10.528288841247559,-11.215636253356934,-11.855871200561523
-7.359172821044922,-8.654394149780273,-9.74483585357666,-9.983390808105469,-10.378644943237305,-10.919110298156738,-11.552393913269043,-12.45482063293457,-13.292278289794922,-13.450430870056152,-12.615157127380371,-11.334409713745117,-10.322208404541016,-9.855339050292969,-9.142571449279785,-7.9028000831604,-6.759645462036133,-6.821924686431885,-8.51242733001709,-10.549212455749512,-12.060285568237305,-13.753538131713867,-15.071380615234375,-15.356579780578613,-15.321703910827637,-15.300934791564941,-16.112451553344727,-15.975312232971191,-15.431459426879883,-14.716445922851562,-14.315839767456055,-14.42038345336914,-14.382990837097168,-13.42723560333252,-11.943506240844727,-11.809877395629883,-11.870646476745605,-10.504792213439941,-9.769753456115723,-10.274194717407227,-11.157660484313965,-11.424259185791016,-11.209368705749512
-4.5465240478515625,-6.4242329597473145,-8.478211402893066,-9.177054405212402,-9.476971626281738,-9.884926795959473,-10.423591613769531,-10.989513397216797,-11.282709121704102,-11.501181602478027,-11.770960807800293,-11.803975105285645,-11.46167278289795,-11.391716003417969,-12.30499267578125,-12.59001636505127,-10.921642303466797,-8.439802169799805,-7.876918315887451,-9.553609848022461,-10.617666244506836,-11.8785400390625,-12.7509765625,-13.420428276062012,-14.594289779663086,-15.584115982055664,-14.93863582611084,-14.957925796508789,-15.013301849365234,-14.278852462768555,-13.728238105773926,-13.770856857299805,-13.727636337280273,-12.69629955291748,-11.195396423339844,-10.928403854370117,-10.184699058532715,-9.037962913513184,-9.099858283996582,-9.722662925720215,-10.366618156433105,-11.348005294799805,-11.343223571777344
-3.5525131225585938,-4.816062927246094,-6.84700870513916,-8.060609817504883,-8.3864107131958,-8.511496543884277,-9.036029815673828,-9.600576400756836,-9.276435852050781,-8.868341445922852,-9.376130104064941,-10.551410675048828,-11.312621116638184,-12.058889389038086,-12.94345474243164,-14.428860664367676,-14.508641242980957,-14.220703125,-12.589502334594727,-10.938674926757812,-10.150960922241211,-11.829928398132324,-13.409122467041016,-13.967995643615723,-13.64574146270752,-13.326360702514648,-14.196661949157715,-13.838201522827148,-13.428194999694824,-12.639748573303223,-12.184727668762207,-12.221081733703613,-11.521239280700684,-10.950403213500977,-10.071555137634277,-9.05742359161377,-8.131693840026855,-7.612649917602539,-8.023195266723633,-8.627591133117676,-9.247342109680176,-9.710809707641602,-9.870057106018066
-3.1646475791931152,-3.650790214538574,-4.878843307495117,-6.016599655151367,-7.03875732421875,-6.9981536865234375,-6.839600086212158,-7.432778358459473,-7.195448875427246,-6.2786712646484375,-6.03792142868042,-7.517439842224121,-10.088373184204102,-11.625802040100098,-13.343753814697266,-14.087831497192383,-15.983020782470703,-16.476810455322266,-14.579265594482422,-11.883329391479492,-10.110167503356934,-10.995064735412598,-12.89477252960205,-13.203291893005371,-12.843306541442871,-13.775671005249023,-13.411245346069336,-12.812795639038086,-12.340584754943848,-11.736235618591309,-11.67170238494873,-11.61982250213623,-11.066359519958496,-11.10176944732666,-10.066770553588867,-8.644091606140137,-7.758908271789551,-7.229705810546875,-7.522554397583008,-7.724496841430664,-7.935801029205322,-8.10845947265625,-7.63155460357666
