data/wind_data/wind_42_7.json
{"header": {"parameterUnit": "KT", "parameterCategory": 2, "nx": 256, "ny": 198, "lo1": 44.73521041870117, "la1": -3.236724853515625, "lo2": 111.26478576660156, "la2": 43.468475341796875, "dx": 0.2609002888202667, "dy": -0.23708222806453705, "refTime": "2025-02-20 18:00:00", "forecastTime": 0, "parameterNumber": 2, "parameterNumberName": "eastward_wind"}, "data":
[rows 140 to 159 of 198, columns 88 to 131 of 256]
80.38142395019531,78.5655746459961,76.91795349121094,76.125732421875,75.90371704101562,75.86918640136719,74.64415740966797,71.00453186035156,67.92437744140625,69.30032348632812,73.49571228027344,76.65201568603516,77.90043640136719,78.10940551757812,78.32826232910156,79.43749237060547,81.16661071777344,82.50016784667969,83.24873352050781,82.88760375976562,80.7728042602539,78.32006072998047,77.43610382080078,78.25110626220703,79.63356018066406,80.26602935791016,79.8737564086914,79.25704193115234,79.55085754394531,80.99319458007812,82.27056884765625,82.20628356933594,81.6658706665039,81.95095825195312,82.53816223144531,81.80106353759766,80.78949737548828,79.76856994628906,77.15604400634766,71.333740234375,63.01321792602539,57.50822067260742,55.49317932128906,53.15317153930664
79.72041320800781,78.17781829833984,76.62347412109375,75.62754821777344,75.12252044677734,75.04466247558594,74.3680419921875,71.74620056152344,69.24588775634766,70.22227478027344,74.04271697998047,77.10562133789062,77.97264862060547,77.37269592285156,76.9631576538086,78.01801300048828,80.02095031738281,81.58793640136719,82.39142608642578,81.89730072021484,79.34663391113281,76.35005950927734,75.1767807006836,75.96652221679688,77.54347229003906,78.51692199707031,78.1294174194336,77.30642700195312,77.49557495117188,78.59270477294922,79.39126586914062,79.3186264038086,79.21894073486328,79.77703094482422,79.89762878417969,79.31537628173828,78.07306671142578,76.62901306152344,72.2310791015625,64.4177017211914,58.76115798950195,57.897403717041016,56.552528381347656,53.55818557739258
78.25396728515625,77.52619171142578,76.55162811279297,75.6916732788086,75.27281951904297,75.84410858154297,76.45188903808594,73.69338989257812,70.13512420654297,70.2989501953125,73.71041107177734,76.80744934082031,77.66850280761719,76.7293930053711,75.83110809326172,76.55188751220703,78.57376861572266,80.40371704101562,81.135009765625,80.1721420288086,77.29889678955078,74.2613296508789,73.16111755371094,73.9100341796875,75.26343536376953,76.11259460449219,75.69563293457031,74.80299377441406,74.84026336669922,75.73800659179688,76.61307525634766,76.58003997802734,76.61620330810547,77.44425201416016,77.37806701660156,75.92591094970703,75.00721740722656,73.53782653808594,67.1675033569336,59.433868408203125,57.49152374267578,58.42527770996094,56.558135986328125,53.864322662353516
76.82898712158203,76.88414001464844,76.52002716064453,75.81639862060547,75.45365142822266,76.81279754638672,79.52842712402344,77.6370620727539,72.11168670654297,70.35899353027344,73.08433532714844,76.08342742919922,76.88278198242188,75.8077163696289,74.70687103271484,75.05500030517578,76.64120483398438,78.25188446044922,78.83647918701172,77.66281127929688,74.85382843017578,72.21497344970703,71.4429702758789,72.18065643310547,73.13085174560547,73.45436096191406,72.80120086669922,71.88746643066406,71.81913757324219,72.77906799316406,73.96441650390625,73.88343048095703,74.12252807617188,75.10910034179688,74.02005767822266,72.75676727294922,72.48270416259766,69.43607330322266,62.75358200073242,57.66938018798828,57.214717864990234,58.13459777832031,56.753883361816406,54.11379623413086
76.20634460449219,76.82652282714844,76.58699035644531,75.60266876220703,74.84812927246094,76.24292755126953,80.06622314453125,80.70538330078125,75.59794616699219,71.76306915283203,72.85330200195312,75.24101257324219,75.78196716308594,74.5997314453125,73.53401947021484,73.7589111328125,74.76097869873047,75.53041076660156,75.63223266601562,74.72953796386719,72.64125061035156,70.67769622802734,70.31263732910156,70.93802642822266,71.29792785644531,70.96957397460938,69.97036743164062,69.05538177490234,69.2533187866211,70.49446868896484,71.6970443725586,72.0609359741211,71.7842788696289,71.86519622802734,70.90316772460938,69.58934020996094,68.28680419921875,64.16226196289062,60.386512756347656,60.146793365478516,57.97527313232422,55.60997009277344,54.49146270751953,53.61924362182617
76.8124771118164,77.48628234863281,76.83895111083984,75.05887603759766,73.36870574951172,74.49058532714844,79.43289184570312,81.48979949951172,77.30596160888672,73.19815826416016,73.02484130859375,74.2724838256836,74.30303955078125,73.24381256103516,72.61634063720703,73.05467224121094,73.63034057617188,73.34258270263672,72.49940490722656,71.87225341796875,70.99180603027344,69.67945098876953,69.31321716308594,69.66802215576172,69.35456085205078,68.42794799804688,67.27918243408203,66.68267822265625,67.44092559814453,68.96473693847656,70.23556518554688,70.1889419555664,69.51383209228516,68.66869354248047,68.10514068603516,66.6537094116211,62.162628173828125,59.1948356628418,59.62636184692383,63.47348403930664,61.51874923706055,52.57455062866211,47.49233627319336,51.001338958740234
77.19705200195312,77.34088134765625,76.22450256347656,73.81938171386719,71.9034194946289,72.2273178100586,77.38158416748047,82.4573974609375,79.34776306152344,73.47294616699219,71.5903549194336,72.3390121459961,72.46356201171875,71.86892700195312,71.88027954101562,72.57902526855469,72.99109649658203,72.11625671386719,70.32169342041016,69.27213287353516,69.28826904296875,68.7834701538086,68.00676727294922,67.86175537109375,67.16238403320312,65.740234375,64.65888214111328,64.81721496582031,65.95482635498047,67.82933044433594,69.39170837402344,68.71073913574219,66.80814361572266,65.35845947265625,63.83427429199219,61.95409393310547,59.84141159057617,60.28973388671875,61.93661117553711,62.38466262817383,61.329593658447266,54.64797592163086,46.46113967895508,48.63671112060547
77.949462890625,76.27117156982422,74.51376342773438,72.41415405273438,70.80494689941406,70.40431213378906,73.66002655029297,80.93977355957031,81.73104858398438,74.68978881835938,69.87586212158203,69.6241226196289,70.44152069091797,70.823486328125,71.25638580322266,71.72667694091797,72.02751922607422,71.20011138916016,68.88800811767578,66.92048645019531,66.88997650146484,67.42105865478516,66.74559783935547,65.87257385253906,65.00530242919922,63.365169525146484,62.260169982910156,63.020416259765625,64.72014617919922,66.80296325683594,67.5479507446289,65.90123748779297,63.33503341674805,61.09124755859375,58.67237854003906,58.784263610839844,60.576053619384766,61.30360412597656,61.70473861694336,60.69611358642578,58.28131103515625,54.66410446166992,51.106082916259766,50.85493850708008
78.08063507080078,78.11004638671875,75.87443542480469,72.60765838623047,70.06745147705078,68.9891586303711,70.32144165039062,76.27583312988281,81.50530242919922,77.13516235351562,69.85974884033203,67.19938659667969,68.1753921508789,69.76049041748047,70.5409164428711,70.43711853027344,70.32555389404297,69.83319091796875,67.81553649902344,65.31222534179688,64.42679595947266,65.30387878417969,65.5293960571289,64.3645248413086,63.096290588378906,61.59683609008789,60.71402359008789,61.63239669799805,63.25629425048828,64.56172943115234,64.40596771240234,62.57877731323242,58.9373779296875,55.5360221862793,55.305057525634766,59.45309829711914,62.10603332519531,61.54625701904297,59.479698181152344,57.47431182861328,54.95295333862305,52.74727249145508,54.512420654296875,56.62568664550781
75.7998275756836,78.52366638183594,79.85126495361328,75.7342300415039,70.74446868896484,68.34480285644531,68.1485366821289,71.52828216552734,77.70471954345703,78.6480941772461,72.7967758178711,67.58514404296875,66.36936950683594,67.7314224243164,69.10484313964844,69.0775375366211,68.39163970947266,67.72718811035156,66.31771850585938,64.11198425292969,62.629859924316406,62.99565887451172,63.92399978637695,63.256813049316406,61.602760314941406,60.16699981689453,59.722694396972656,60.79033660888672,61.92518615722656,61.783302307128906,61.244476318359375,58.8787727355957,54.39067840576172,52.58270263671875,55.1213264465332,59.94331359863281,62.10701370239258,61.32868576049805,60.02985382080078,56.61076736450195,51.1097297668457,50.212310791015625,55.364620208740234,58.689247131347656
75.77808380126953,76.52288055419922,79.17466735839844,78.8008041381836,73.5644302368164,68.99430847167969,67.12329864501953,68.56757354736328,73.09097290039062,76.40856170654297,74.72602844238281,69.98759460449219,66.37471771240234,65.96463775634766,67.4823226928711,68.10957336425781,67.07518768310547,65.49203491210938,63.90454864501953,62.22249984741211,60.94730758666992,60.92223358154297,61.725379943847656,61.43347930908203,59.8502311706543,58.61110305786133,58.70880126953125,59.88561248779297,60.278385162353516,59.61616897583008,58.341461181640625,55.69759750366211,52.58007049560547,52.8343505859375,55.452880859375,58.140254974365234,60.76641082763672,62.02739715576172,61.06634521484375,55.37610626220703,48.68187713623047,48.06593322753906,52.953392028808594,55.61599349975586
75.95377349853516,75.22956848144531,76.37963104248047,78.22222137451172,75.51777648925781,70.16339111328125,67.10684967041016,67.14768981933594,69.72319793701172,72.30601501464844,72.60466766357422,70.35160827636719,67.05426025390625,65.39402770996094,66.23194885253906,67.27299499511719,66.38871765136719,63.8540153503418,61.211246490478516,59.519798278808594,58.756649017333984,58.61709213256836,58.8136100769043,58.374019622802734,57.178955078125,56.64593505859375,57.33999252319336,58.433197021484375,58.00853729248047,57.15464401245117,56.36163330078125,54.07767868041992,52.059688568115234,53.729026794433594,55.14303970336914,55.56206130981445,57.34163284301758,60.17229080200195,59.8377571105957,53.70071029663086,47.5268669128418,46.56594467163086,48.82408142089844,50.43233871459961
75.50224304199219,73.99482727050781,73.48444366455078,75.65834045410156,76.44606018066406,72.15896606445312,67.73074340820312,66.33338928222656,67.26154327392578,68.73751068115234,69.20075988769531,68.0522232055664,66.07379150390625,64.54937744140625,64.47463989257812,65.3233413696289,65.07708740234375,62.522186279296875,58.921756744384766,56.672767639160156,56.22972869873047,56.08884048461914,55.401615142822266,54.301692962646484,53.464744567871094,53.96791458129883,55.508968353271484,56.5887565612793,55.709415435791016,54.716915130615234,54.691532135009766,53.69557571411133,52.07255554199219,53.17021179199219,54.05656051635742,53.42889404296875,53.532230377197266,56.347381591796875,57.58334732055664,53.26378631591797,46.761234283447266,43.92061996459961,44.84938430786133,47.0192985534668
74.72745513916016,73.61300659179688,71.82040405273438,72.19419860839844,74.68389892578125,73.7992935180664,69.54508972167969,66.33045196533203,65.34635162353516,65.86653137207031,66.34664916992188,65.49758911132812,64.02906036376953,62.6573486328125,61.640438079833984,61.749454498291016,62.226112365722656,60.726287841796875,57.17066192626953,54.40890121459961,53.88566207885742,53.802791595458984,52.57032012939453,50.771087646484375,49.981468200683594,51.304813385009766,53.641746520996094,55.040008544921875,54.17950439453125,52.90605545043945,52.84464645385742,52.757408142089844,52.199623107910156,52.53250503540039,53.07520294189453,52.29007339477539,51.75155258178711,53.65108871459961,55.06117248535156,51.73347854614258,45.19902420043945,41.525760650634766,42.52062225341797,44.60475158691406
73.95642852783203,73.67855072021484,71.45032501220703,70.12675476074219,71.64158630371094,72.73236083984375,70.43472290039062,66.82579040527344,64.43575286865234,63.99464416503906,64.18931579589844,63.15786361694336,61.32451248168945,59.70380783081055,58.32623291015625,57.84874725341797,58.450321197509766,58.24432373046875,55.925384521484375,53.20374298095703,51.961524963378906,51.47419738769531,50.20307540893555,48.37986755371094,47.672813415527344,49.33757019042969,52.187808990478516,53.913063049316406,53.37717056274414,52.185977935791016,51.67638397216797,51.5598258972168,51.75887680053711,52.398094177246094,52.86676025390625,52.142059326171875,51.81488800048828,52.52218246459961,52.68404769897461,49.267242431640625,43.77052688598633,40.633182525634766,40.7103385925293,41.6723518371582
72.77851104736328,73.0557861328125,71.3392105102539,68.70042419433594,68.34911346435547,69.87793731689453,69.52372741699219,66.74519348144531,64.59012603759766,64.0442123413086,62.91053771972656,60.80403518676758,58.04468536376953,55.352664947509766,53.95823669433594,53.812095642089844,54.411930084228516,55.07635498046875,54.406436920166016,52.41059494018555,50.39806365966797,48.90679931640625,47.57130813598633,46.33294677734375,46.078407287597656,47.95175552368164,51.0703010559082,53.07380676269531,53.401187896728516,52.654869079589844,51.43709945678711,50.488731384277344,50.444026947021484,51.347267150878906,52.34793472290039,52.12709426879883,51.78515625,51.624114990234375,50.11855697631836,46.65776443481445,43.19257736206055,40.70466232299805,39.72045135498047,39.56804656982422
71.64916229248047,71.76847076416016,70.88469696044922,67.73465728759766,64.70903778076172,65.07760620117188,66.71612548828125,66.1001968383789,64.21882629394531,63.93935775756836,63.508548736572266,61.025447845458984,56.51606369018555,50.947601318359375,48.13396072387695,48.532127380371094,49.75240707397461,51.22774124145508,52.10449981689453,51.34860610961914,49.32414245605469,47.08367919921875,45.42160415649414,44.473419189453125,44.59236526489258,46.63896179199219,49.81529235839844,52.23649597167969,53.52498245239258,53.23917007446289,51.5145263671875,49.97425842285156,49.189208984375,49.478939056396484,50.33424377441406,50.47376251220703,50.58218002319336,49.99198913574219,48.07264709472656,45.58625030517578,42.8582878112793,40.81608963012695,40.517024993896484,40.34797668457031
70.78214263916016,70.25975036621094,69.53409576416016,67.13038635253906,63.27685546875,61.05000686645508,61.85959243774414,63.24009323120117,62.633819580078125,61.48685073852539,61.86347198486328,62.01557922363281,59.44218444824219,52.35704803466797,45.45634078979492,43.62168884277344,44.95909881591797,47.35616683959961,49.495948791503906,49.95939254760742,48.50318145751953,46.2750244140625,44.39207077026367,43.20294189453125,43.2630615234375,45.26271438598633,48.30853271484375,51.129249572753906,52.99098205566406,52.66807174682617,51.039894104003906,50.40609359741211,49.19879150390625,47.95280838012695,47.6301155090332,47.47028350830078,47.51051330566406,47.148590087890625,46.31275939941406,44.93765640258789,42.95286178588867,42.184024810791016,42.60784149169922,42.26190948486328
69.15574645996094,68.10031127929688,67.31982421875,66.05107879638672,63.395015716552734,60.41952133178711,59.10630798339844,59.24027633666992,59.26087951660156,58.592018127441406,57.936912536621094,58.35263442993164,60.17918014526367,57.2227897644043,49.11208724975586,43.42534255981445,42.27791976928711,44.292049407958984,47.33049774169922,48.82327651977539,47.813568115234375,45.869911193847656,44.213096618652344,42.81458282470703,42.400962829589844,43.914703369140625,46.598838806152344,49.32249069213867,50.9205322265625,50.53165054321289,49.813201904296875,50.361820220947266,49.44502639770508,47.23831558227539,45.55076217651367,44.798744201660156,44.559539794921875,44.288753509521484,44.096221923828125,43.647605895996094,43.20977783203125,43.26045227050781,43.54069137573242,43.38362121582031
66.63286590576172,65.4365005493164,65.01643371582031,64.74990844726562,63.38447189331055,60.859710693359375,58.70913314819336,57.42060470581055,56.28577423095703,55.45491409301758,55.09406280517578,54.73375701904297,55.784324645996094,56.53188705444336,52.030975341796875,46.1339225769043,43.03048324584961,43.127159118652344,45.919307708740234,48.21205139160156,47.71080780029297,45.78876876831055,44.18147277832031,42.68495178222656,41.94212341308594,42.78262710571289,44.61078643798828,46.81698989868164,47.960880279541016,47.738250732421875,48.01038360595703,48.99568176269531,48.434165954589844,46.82929229736328,45.444576263427734,44.217403411865234,43.67461395263672,43.17359924316406,42.208133697509766,41.74895477294922,42.31493377685547,42.932708740234375,43.39496994018555,44.21431350708008
