data/wind_data/wind_14_8.json
{"header": {"parameterUnit": "KT", "parameterCategory": 2, "nx": 256, "ny": 198, "lo1": 44.73521041870117, "la1": -3.236724853515625, "lo2": 111.26478576660156, "la2": 43.468475341796875, "dx": 0.2609002888202667, "dy": -0.23708222806453705, "refTime": "2025-02-19 14:00:00", "forecastTime": 0, "parameterNumber": 2, "parameterNumberName": "eastward_wind"}, "data":
[rows 171 to 189 of 198, columns 44 to 87 of 256]
50.90443801879883,49.883201599121094,47.91912841796875,45.934940338134766,44.713199615478516,44.63175964355469,45.367000579833984,45.9703369140625,46.09797668457031,46.29088592529297,46.67538833618164,46.64567565917969,45.88258743286133,44.68757629394531,43.534698486328125,42.6685676574707,41.95504379272461,41.179588317871094,40.375301361083984,39.74323272705078,39.4489631652832,39.52444076538086,39.90061950683594,40.54288864135742,41.42435836791992,42.1773681640625,42.252079010009766,41.4615364074707,40.1697998046875,39.16899108886719,39.07461166381836,39.600772857666016,40.248291015625,41.09607696533203,41.946250915527344,42.115081787109375,41.736637115478516,41.26875686645508,40.30185317993164,38.42167282104492,36.36948776245117,34.864845275878906,33.47687530517578,31.89395523071289
51.255271911621094,50.68505859375,49.20428466796875,47.448463439941406,46.26436996459961,45.96303939819336,46.1498908996582,46.238609313964844,46.190181732177734,46.37479019165039,46.726287841796875,46.70062255859375,46.01974868774414,44.92462921142578,43.90599060058594,43.256649017333984,42.78214645385742,42.043670654296875,40.95155334472656,39.9253044128418,39.43071746826172,39.47673416137695,39.771690368652344,40.14215087890625,40.76191711425781,41.607120513916016,42.13188934326172,41.715614318847656,40.36073303222656,38.90413284301758,38.463443756103516,39.172882080078125,40.10969543457031,40.864810943603516,41.8215446472168,42.684444427490234,42.64891052246094,41.85878372192383,40.75080871582031,39.144920349121094,37.1532096862793,35.724388122558594,34.856998443603516,33.641090393066406
52.08780288696289,51.80257034301758,50.574249267578125,48.91577911376953,47.61869430541992,47.01251220703125,46.68535614013672,46.24747848510742,45.953819274902344,46.09297561645508,46.41480255126953,46.51671600341797,46.176170349121094,45.40936279296875,44.59568405151367,44.14612579345703,43.88016128540039,43.13700485229492,41.68986892700195,40.23772430419922,39.591182708740234,39.73680114746094,40.02678680419922,40.08417510986328,40.161216735839844,40.63636779785156,41.30659103393555,41.500450134277344,40.704715728759766,39.242279052734375,38.34970474243164,38.90972900390625,40.21272659301758,41.06480407714844,41.66240310668945,42.61909484863281,43.140628814697266,42.443458557128906,41.07925033569336,39.57465744018555,37.92942428588867,36.62006378173828,35.87394332885742,34.85215377807617
53.27231216430664,52.97685241699219,51.76386260986328,50.1871337890625,48.86314010620117,48.008811950683594,47.3621711730957,46.6747932434082,46.19786071777344,46.2522087097168,46.72464370727539,47.199790954589844,47.18843460083008,46.4779052734375,45.52469253540039,44.983821868896484,44.764564514160156,44.01567459106445,42.320037841796875,40.537689208984375,39.79890060424805,40.086822509765625,40.426658630371094,40.23318099975586,39.78429412841797,39.681453704833984,40.0982780456543,40.658241271972656,40.69870376586914,39.83492660522461,38.79811096191406,38.95280456542969,40.35955810546875,41.509437561035156,41.73994827270508,42.03961944580078,42.667335510253906,42.49724578857422,41.23796463012695,39.640193939208984,38.243011474609375,37.12171173095703,36.37472152709961,35.63248062133789
54.19755554199219,53.741493225097656,52.49197769165039,50.95543670654297,49.71659469604492,48.91986083984375,48.24658203125,47.5230827331543,47.095184326171875,47.353851318359375,48.18744659423828,48.98644256591797,48.98359298706055,47.91497039794922,46.45504379272461,45.54648971557617,45.20590591430664,44.42831802368164,42.6361198425293,40.7301025390625,40.01663589477539,40.47132110595703,40.898799896240234,40.53981399536133,39.72205352783203,39.13669204711914,39.123199462890625,39.597999572753906,40.13725662231445,40.086204528808594,39.421512603759766,39.27752685546875,40.420921325683594,41.7617073059082,41.9627799987793,41.511749267578125,41.56195831298828,41.698822021484375,40.93374252319336,39.403987884521484,37.933841705322266,36.9612922668457,36.48870086669922,36.2897834777832
54.578983306884766,54.049903869628906,52.83587646484375,51.38060760498047,50.25739669799805,49.595149993896484,49.03863525390625,48.393821716308594,48.08493423461914,48.6100959777832,49.777584075927734,50.71843719482422,50.51487731933594,48.96342086791992,46.90959548950195,45.53466033935547,45.02717590332031,44.313846588134766,42.64548110961914,40.84988021850586,40.255279541015625,40.84394073486328,41.34190368652344,40.88343048095703,39.84797668457031,39.023826599121094,38.71820831298828,38.8841552734375,39.40155792236328,39.83683776855469,39.72830581665039,39.54676818847656,40.26679229736328,41.54445266723633,41.93048858642578,41.17437744140625,40.48775100708008,40.396602630615234,40.06801223754883,38.84206008911133,37.30004119873047,36.3930549621582,36.35447692871094,36.879024505615234
54.32389450073242,53.934539794921875,52.913658142089844,51.63652038574219,50.61736297607422,49.9400634765625,49.318389892578125,48.6703987121582,48.37652587890625,48.867923736572266,49.95262145996094,50.756980895996094,50.375457763671875,48.656410217285156,46.44349670410156,44.89521789550781,44.304691314697266,43.76401901245117,42.4505500793457,40.93975830078125,40.448917388916016,41.06976318359375,41.62678909301758,41.17258071899414,40.05848693847656,39.17191696166992,38.8184928894043,38.836021423339844,39.133270263671875,39.536197662353516,39.64250183105469,39.486934661865234,39.82114791870117,40.85286331176758,41.465721130371094,40.833980560302734,39.72112274169922,39.16010284423828,38.896854400634766,38.030548095703125,36.64096450805664,35.73405456542969,36.072235107421875,37.3472900390625
53.826171875,53.682106018066406,52.970157623291016,51.92691421508789,50.96155548095703,50.1197624206543,49.23910903930664,48.403865814208984,47.95180892944336,48.078636169433594,48.558956146240234,48.83220672607422,48.36411666870117,47.053958892822266,45.385162353515625,44.092140197753906,43.48170471191406,43.0620231628418,42.13948440551758,40.941280364990234,40.44999694824219,40.96903610229492,41.62782287597656,41.41716003417969,40.43144607543945,39.53738021850586,39.21468734741211,39.30411148071289,39.508094787597656,39.61963653564453,39.487003326416016,39.18260955810547,39.19877243041992,39.90315628051758,40.64302444458008,40.386932373046875,39.249446868896484,38.26858901977539,37.77020263671875,37.08570861816406,35.97579574584961,35.222225189208984,35.81401443481445,37.54248809814453
53.43817901611328,53.27168655395508,52.65961456298828,51.78335952758789,50.82539367675781,49.74406814575195,48.53726577758789,47.45107650756836,46.78657913208008,46.559349060058594,46.50516891479492,46.34648132324219,45.92218017578125,45.11542892456055,43.96592712402344,42.87089538574219,42.285335540771484,42.09090805053711,41.62680435180664,40.72331619262695,40.13453674316406,40.45261001586914,41.205814361572266,41.4185791015625,40.84846115112305,40.124671936035156,39.86220169067383,40.05405044555664,40.251190185546875,40.07841110229492,39.56650161743164,39.015380859375,38.75435256958008,39.055442810058594,39.66154479980469,39.73208236694336,38.89889907836914,37.7728157043457,36.938594818115234,36.1917839050293,35.31511306762695,34.834327697753906,35.57439422607422,37.302513122558594
52.65998840332031,52.284889221191406,51.44752502441406,50.520870208740234,49.56275939941406,48.41419982910156,47.1065559387207,45.909088134765625,45.09798812866211,44.685577392578125,44.45587921142578,44.20845413208008,43.83718490600586,43.21750259399414,42.28900146484375,41.341060638427734,40.88389587402344,40.976680755615234,40.95149230957031,40.28687286376953,39.55104064941406,39.63123321533203,40.421295166015625,40.98805618286133,40.854942321777344,40.45498275756836,40.41373825073242,40.79639434814453,41.07830047607422,40.781776428222656,40.00693893432617,39.23453140258789,38.760135650634766,38.6740608215332,38.90360641479492,38.99740219116211,38.51401901245117,37.545310974121094,36.4885368347168,35.522972106933594,34.775386810302734,34.63377380371094,35.40180206298828,36.7308235168457
50.86276626586914,50.313568115234375,49.20493698120117,48.14452362060547,47.27601623535156,46.3376579284668,45.19832229614258,44.05095672607422,43.20802307128906,42.79851531982422,42.70085906982422,42.70458984375,42.57540512084961,42.09279251098633,41.216758728027344,40.295555114746094,39.87675476074219,40.114952087402344,40.36787033081055,39.866188049316406,38.98239517211914,38.838680267333984,39.649757385253906,40.47313690185547,40.61376190185547,40.45450973510742,40.70702362060547,41.43212890625,42.000885009765625,41.80972671508789,40.914920806884766,39.895263671875,39.1781120300293,38.78245544433594,38.599815368652344,38.448936462402344,38.07876968383789,37.348262786865234,36.26558303833008,35.1490478515625,34.55451202392578,34.68480682373047,35.2497673034668,35.99314880371094
48.115299224853516,47.53005599975586,46.34833908081055,45.33448791503906,44.67218780517578,44.03997802734375,43.25735092163086,42.446510314941406,41.850101470947266,41.63893127441406,41.78147506713867,42.062076568603516,42.177146911621094,41.855960845947266,41.099510192871094,40.29753875732422,39.95476531982422,40.12389373779297,40.205204010009766,39.562721252441406,38.58348846435547,38.40695571899414,39.333248138427734,40.36418151855469,40.61652755737305,40.45056915283203,40.77557373046875,41.802120208740234,42.859622955322266,43.124977111816406,42.36772155761719,41.0906867980957,39.97702407836914,39.26309585571289,38.722225189208984,38.163719177246094,37.59648895263672,36.97318649291992,36.09272766113281,35.13645935058594,34.62994384765625,34.7134895324707,35.03050994873047,35.275516510009766
45.784420013427734,45.24928283691406,44.206329345703125,43.473506927490234,43.12857437133789,42.778587341308594,42.321983337402344,41.89693069458008,41.59711837768555,41.489349365234375,41.61758804321289,41.90044403076172,42.12356948852539,42.0262336730957,41.54981994628906,41.0223274230957,40.841487884521484,40.89408493041992,40.57160568237305,39.546104431152344,38.478118896484375,38.42893600463867,39.54241180419922,40.80529022216797,41.2562370300293,41.045623779296875,41.08686065673828,41.945255279541016,43.29030990600586,44.21653747558594,44.00310516357422,42.75966262817383,41.257869720458984,40.148067474365234,39.3145866394043,38.3463249206543,37.316410064697266,36.539703369140625,35.95289993286133,35.37814712524414,34.88863754272461,34.5628662109375,34.442466735839844,34.63750076293945
44.764015197753906,44.282596588134766,43.412025451660156,43.03461837768555,43.158145904541016,43.249916076660156,43.08687973022461,42.848411560058594,42.700191497802734,42.620994567871094,42.537174224853516,42.47987747192383,42.498775482177734,42.44633865356445,42.16674041748047,41.87519454956055,41.84267044067383,41.82823181152344,41.340911865234375,40.31664276123047,39.37384033203125,39.31514358520508,40.274208068847656,41.579593658447266,42.41647720336914,42.54941940307617,42.389591217041016,42.62086868286133,43.61125946044922,44.883052825927734,45.37046813964844,44.52251052856445,42.866058349609375,41.387542724609375,40.36268615722656,39.14393997192383,37.50830841064453,36.179386138916016,35.67274856567383,35.562904357910156,35.19021224975586,34.387271881103516,33.69511413574219,33.93318557739258
45.35234069824219,44.93360137939453,44.08422088623047,43.78717803955078,44.187889099121094,44.682884216308594,44.782203674316406,44.58599853515625,44.402225494384766,44.23768997192383,43.92667770385742,43.52077865600586,43.242733001708984,43.07081604003906,42.8310546875,42.63307571411133,42.63920974731445,42.5985107421875,42.17858123779297,41.5113525390625,40.990379333496094,40.86803436279297,41.348697662353516,42.439273834228516,43.679908752441406,44.46910095214844,44.54631805419922,44.29993438720703,44.55828094482422,45.576168060302734,46.42478561401367,46.03889465332031,44.528472900390625,42.887359619140625,41.68581008911133,40.30978775024414,38.18645095825195,36.115081787109375,35.31078338623047,35.541412353515625,35.44544982910156,34.37913513183594,33.188133239746094,33.21500778198242
47.1286506652832,46.81122589111328,45.947200775146484,45.54884719848633,45.90382385253906,46.4443244934082,46.56478500366211,46.260169982910156,45.86466598510742,45.48395538330078,44.98855209350586,44.412235260009766,43.973655700683594,43.689170837402344,43.42692565917969,43.23542785644531,43.174808502197266,43.1013298034668,42.89198303222656,42.6430549621582,42.46332550048828,42.147361755371094,41.98862838745117,42.70529556274414,44.23648452758789,45.64215087890625,46.122108459472656,45.83146286010742,45.70627975463867,46.385154724121094,47.28883361816406,47.25534439086914,46.0559196472168,44.46927261352539,43.085975646972656,41.510799407958984,39.13031768798828,36.511756896972656,35.1463508605957,35.329830169677734,35.550506591796875,34.58953857421875,33.14728546142578,32.81930160522461
48.4865837097168,48.4628791809082,47.88471984863281,47.49580383300781,47.64933776855469,48.00164794921875,47.99040222167969,47.4849967956543,46.790802001953125,46.144805908203125,45.53538513183594,44.96171951293945,44.51280212402344,44.18417739868164,43.926761627197266,43.772300720214844,43.69775390625,43.633033752441406,43.654293060302734,43.74745559692383,43.64314270019531,42.869049072265625,41.77490997314453,41.794254302978516,43.389442443847656,45.34047317504883,46.31008529663086,46.23445510864258,46.127410888671875,46.740379333496094,47.70395278930664,48.002315521240234,47.21577072143555,45.82514572143555,44.32448959350586,42.51864242553711,40.00425720214844,37.17005157470703,35.31699752807617,35.17033004760742,35.631629943847656,35.198612213134766,33.88852310180664,33.134979248046875
48.63334655761719,48.916446685791016,48.80813980102539,48.661659240722656,48.733131408691406,48.880409240722656,48.717864990234375,48.087921142578125,47.219234466552734,46.399139404296875,45.71322250366211,45.14728546142578,44.67802429199219,44.309505462646484,44.09064865112305,44.013336181640625,43.982879638671875,44.00248336791992,44.25912094116211,44.70203399658203,44.854286193847656,44.010555267333984,42.24788284301758,41.2579231262207,42.332088470458984,44.433815002441406,45.822391510009766,45.98509216308594,45.87748718261719,46.440650939941406,47.48014450073242,48.11486053466797,47.8075065612793,46.73140335083008,45.21527862548828,43.202491760253906,40.54634475708008,37.64576721191406,35.53046798706055,35.05239486694336,35.6043701171875,35.80522537231445,35.03731918334961,34.07208251953125
48.20465087890625,48.431888580322266,48.599769592285156,48.81629180908203,49.07724380493164,49.201210021972656,48.97032928466797,48.34834289550781,47.519676208496094,46.685646057128906,45.91646194458008,45.20669174194336,44.552940368652344,44.05641555786133,43.86981201171875,43.9478645324707,44.05906295776367,44.13924789428711,44.450950622558594,45.11939239501953,45.7379150390625,45.42488479614258,43.74655532836914,41.95441436767578,41.99605178833008,43.738399505615234,45.383384704589844,45.784793853759766,45.55025100708008,45.84541702270508,46.75831604003906,47.52181625366211,47.61314392089844,46.983970642089844,45.69938278198242,43.71937561035156,41.07027053833008,38.25883483886719,36.241275787353516,35.72496795654297,36.274375915527344,36.74653244018555,36.372989654541016,35.32810974121094
