data/wind_data/wind_2025-02-19_11.json
{"header": {"parameterUnit": "KT", "parameterCategory": 2, "nx": 255, "ny": 198, "lo1": 44.73521041870117, "la1": -3.236724853515625, "lo2": 111.26478576660156, "la2": 43.468475341796875, "dx": 0.26192745566368103, "dy": -0.23708222806453705, "refTime": "2025-02-19 11:00:00", "forecastTime": 0, "parameterNumber": 2, "parameterNumberName": "eastward_wind"}, "data":
[rows 152 to 170 of 198, columns 129 to 171 of 255]
4.777839660644531,9.239419937133789,10.789437294006348,9.906424522399902,12.040656089782715,13.98936653137207,14.64267635345459,17.224504470825195,17.595909118652344,15.710846900939941,15.396418571472168,15.725915908813477,16.144624710083008,16.31549835205078,15.551484107971191,14.33371353149414,14.58449935913086,15.002828598022461,16.38144302368164,16.438831329345703,16.107070922851562,16.668380737304688,17.081396102905273,17.633522033691406,17.935863494873047,16.156356811523438,12.067891120910645,8.867578506469727,8.188231468200684,8.568075180053711,8.751664161682129,9.548922538757324,11.21390151977539,13.365217208862305,15.284795761108398,16.00054931640625,15.283419609069824,14.65156078338623,15.177224159240723,14.674955368041992,13.686838150024414,13.358322143554688,14.184907913208008
5.868284225463867,9.308897018432617,10.796794891357422,12.18456745147705,16.26598358154297,18.684999465942383,17.290328979492188,17.367977142333984,17.183208465576172,16.664201736450195,17.285911560058594,17.261058807373047,15.636244773864746,14.171122550964355,12.724886894226074,13.152138710021973,14.188749313354492,14.046488761901855,16.188922882080078,16.425369262695312,14.758015632629395,13.71190357208252,11.77599048614502,10.48883056640625,10.659197807312012,12.990809440612793,15.151644706726074,12.373703002929688,10.102408409118652,11.63214111328125,13.641677856445312,14.7887544631958,15.81808090209961,16.40946388244629,15.83993911743164,14.421463966369629,13.34735107421875,13.037967681884766,12.58932113647461,12.568072319030762,13.23095989227295,14.168241500854492,15.298117637634277
5.720126152038574,13.1749906539917,18.13818359375,18.93526268005371,19.06585121154785,19.496854782104492,19.131572723388672,17.552629470825195,14.751570701599121,13.06554126739502,12.470908164978027,10.93021011352539,9.415528297424316,10.55040168762207,12.021321296691895,12.980846405029297,12.989015579223633,13.101877212524414,14.601618766784668,15.279158592224121,15.953086853027344,14.662557601928711,8.325013160705566,4.254091262817383,6.028013229370117,8.067408561706543,9.049783706665039,8.7791748046875,8.944583892822266,11.36421012878418,13.766594886779785,14.402240753173828,13.640563011169434,12.274971008300781,11.392329216003418,10.80327320098877,10.919282913208008,11.379281044006348,11.069507598876953,11.443316459655762,12.374842643737793,13.97836685180664,14.074386596679688
7.454633712768555,13.196635246276855,18.325166702270508,19.77157211303711,19.276979446411133,18.555925369262695,16.452804565429688,13.92947006225586,11.80130672454834,10.836214065551758,10.486682891845703,9.647894859313965,9.272368431091309,11.280084609985352,13.021326065063477,13.380434036254883,12.965816497802734,12.156045913696289,11.325032234191895,13.412087440490723,13.543395042419434,9.356287956237793,5.8729119300842285,7.026487827301025,9.594155311584473,9.255119323730469,8.330705642700195,9.500242233276367,11.941920280456543,13.53104305267334,13.123983383178711,11.491856575012207,9.975109100341797,8.858890533447266,8.565102577209473,9.027939796447754,10.173063278198242,11.283870697021484,11.968326568603516,13.021013259887695,13.06646728515625,12.017374992370605,11.563104629516602
9.626140594482422,14.745162963867188,18.65806007385254,19.911972045898438,18.5020809173584,17.046045303344727,15.51387882232666,13.537826538085938,9.425210952758789,6.860368251800537,5.9307427406311035,5.572308540344238,7.875852108001709,12.012824058532715,13.331897735595703,12.584213256835938,11.77977466583252,11.629141807556152,14.24118709564209,15.4819917678833,12.836121559143066,9.487359046936035,8.89700984954834,9.947518348693848,10.497025489807129,10.524385452270508,8.276788711547852,7.128809928894043,7.794315814971924,7.854135990142822,6.862010955810547,5.875058174133301,5.521181583404541,6.041451930999756,7.383230686187744,8.544347763061523,9.996143341064453,10.781414031982422,10.616251945495605,11.408373832702637,11.224444389343262,11.356210708618164,13.02674388885498
13.336160659790039,16.470203399658203,19.10915756225586,19.306257247924805,17.343509674072266,16.302404403686523,13.69564437866211,11.527511596679688,10.356799125671387,8.966673851013184,8.172712326049805,7.3240065574646,8.815014839172363,11.123246192932129,10.784428596496582,10.573387145996094,10.750120162963867,8.962547302246094,11.107597351074219,11.390070915222168,6.072474002838135,4.10456657409668,7.6606621742248535,10.528976440429688,9.027307510375977,4.541975498199463,0.5165611505508423,-0.10073387622833252,0.4580495357513428,1.5940625667572021,3.7214741706848145,5.257103443145752,5.672965049743652,6.067783355712891,7.2093353271484375,8.72457504272461,9.860132217407227,10.35256576538086,10.639021873474121,10.859894752502441,11.56518268585205,13.48088264465332,15.633119583129883
14.820204734802246,15.520821571350098,17.24808120727539,17.027019500732422,16.045976638793945,12.842942237854004,10.480491638183594,9.364178657531738,8.937945365905762,7.792240619659424,6.777676105499268,6.465484142303467,10.656636238098145,12.888998031616211,11.121212005615234,11.202038764953613,12.99252986907959,13.061708450317383,10.107799530029297,4.563126087188721,0.35095834732055664,-0.13557669520378113,0.8770761489868164,0.8366864323616028,-2.0466480255126953,-5.1074628829956055,-3.1350066661834717,1.2516064643859863,2.771343469619751,2.2145707607269287,2.304392099380493,3.133756637573242,4.451184272766113,6.0195088386535645,7.806840419769287,9.336511611938477,10.138594627380371,10.712667465209961,11.472447395324707,12.410099983215332,13.870889663696289,15.309329986572266,16.734798431396484
12.69763469696045,14.793089866638184,14.968544006347656,14.07497787475586,11.200773239135742,4.365740776062012,0.28338903188705444,1.8318814039230347,2.1615281105041504,2.12674617767334,3.781782865524292,7.312961578369141,9.701920509338379,9.781662940979004,9.499117851257324,9.899714469909668,10.97671127319336,11.83374309539795,10.703612327575684,8.443008422851562,2.76469349861145,-0.8704062104225159,0.8371304273605347,0.4569030702114105,-2.0946574211120605,-3.077887535095215,-2.479429244995117,-0.6555748581886292,1.1683611869812012,1.5266313552856445,2.343005657196045,3.9537899494171143,6.240211486816406,8.170354843139648,9.81461238861084,10.417831420898438,10.4113130569458,10.96401309967041,12.238101959228516,13.87962532043457,15.436652183532715,15.960901260375977,16.157163619995117
12.783197402954102,14.829130172729492,14.786421775817871,11.053116798400879,2.228456497192383,-3.897548198699951,-3.8603785037994385,-3.5686111450195312,-2.6712162494659424,-2.357597589492798,-1.3352969884872437,0.23133864998817444,2.778587579727173,7.316806316375732,11.675931930541992,12.59536361694336,10.700702667236328,8.741239547729492,6.5147905349731445,4.561491966247559,1.681878924369812,0.19118176400661469,0.5601004958152771,-1.0660452842712402,-2.287261962890625,-2.0570943355560303,-2.379448413848877,-1.8212274312973022,-0.2303662896156311,1.235885739326477,3.1264662742614746,5.968169689178467,8.503239631652832,9.985116004943848,11.301271438598633,11.324833869934082,10.838732719421387,11.256854057312012,12.44640064239502,14.054655075073242,15.503828048706055,15.581537246704102,14.601873397827148
13.547609329223633,7.197129249572754,-0.030283194035291672,-3.782144546508789,-7.229429721832275,-3.9213685989379883,-3.283280611038208,-7.1320343017578125,-6.625139236450195,-5.169674873352051,-3.9277901649475098,-2.738725185394287,-1.421109914779663,1.5937062501907349,7.40022087097168,12.413053512573242,8.469915390014648,2.8859353065490723,0.15861079096794128,-0.655521810054779,0.3938289284706116,2.5474016666412354,1.9248988628387451,-0.6713985204696655,-1.7990554571151733,-1.9020681381225586,-1.9007774591445923,-0.6071195602416992,1.1707298755645752,2.4568560123443604,4.099771499633789,6.697974681854248,8.412267684936523,10.253192901611328,11.983613014221191,11.960776329040527,11.396817207336426,11.865744590759277,13.152926445007324,14.971830368041992,15.020033836364746,13.233911514282227,11.800895690917969
0.7180205583572388,-6.852950572967529,-7.645592212677002,-6.181398868560791,-5.552270889282227,-2.529667854309082,-2.1345908641815186,-5.6340718269348145,-6.042842864990234,-4.4257917404174805,-3.783970832824707,-3.622871160507202,-2.6697654724121094,-1.2968018054962158,0.4329870939254761,0.4267529547214508,-1.0579878091812134,-2.1710033416748047,-2.4363861083984375,-2.4159510135650635,-1.4407787322998047,0.9784827828407288,1.5966068506240845,0.8246375918388367,0.05406865477561951,-0.7352034449577332,-0.527251124382019,1.0205024480819702,2.811788320541382,4.609981060028076,6.381123065948486,7.554596424102783,7.760923385620117,7.838735580444336,10.495400428771973,10.96871566772461,11.81363296508789,13.32664966583252,14.213081359863281,14.487526893615723,15.122081756591797,13.565258979797363,12.511770248413086
-4.593721389770508,-5.505643367767334,-7.195920944213867,-7.031078338623047,-6.416951656341553,-6.023146629333496,-6.540745735168457,-7.6826887130737305,-6.819284439086914,-5.692781925201416,-5.5503249168396,-5.9750657081604,-6.847753047943115,-7.81498384475708,-8.574618339538574,-8.590160369873047,-8.259747505187988,-5.9358320236206055,-5.145053386688232,-4.987356185913086,-4.626387119293213,-3.9935712814331055,-2.2686607837677,0.2955082654953003,2.1489241123199463,1.6711243391036987,1.062489628791809,2.624920129776001,5.746467590332031,8.728297233581543,10.013167381286621,9.423439025878906,8.606446266174316,8.231682777404785,10.813567161560059,11.678875923156738,14.002420425415039,15.55083179473877,15.465049743652344,14.400897979736328,13.880366325378418,14.66767692565918,15.777414321899414
-6.612868309020996,-6.227375030517578,-7.502478122711182,-7.067502021789551,-7.170093536376953,-8.182088851928711,-9.027563095092773,-9.400364875793457,-8.094945907592773,-6.853837013244629,-6.647053241729736,-6.522273540496826,-7.25264835357666,-8.866226196289062,-10.919878959655762,-11.480257987976074,-10.161499977111816,-8.9107027053833,-8.368491172790527,-7.3766255378723145,-6.99037504196167,-7.303152561187744,-6.193324089050293,-3.3582165241241455,0.07801096141338348,2.0282156467437744,2.2993452548980713,4.006556034088135,7.930051326751709,11.283854484558105,12.254325866699219,10.874138832092285,9.456290245056152,10.35564136505127,12.676799774169922,14.56840705871582,15.493025779724121,14.255208015441895,11.375473022460938,11.5657320022583,13.989067077636719,15.894281387329102,16.25845718383789
-9.894140243530273,-9.710922241210938,-9.530095100402832,-8.367301940917969,-7.032548904418945,-8.230605125427246,-9.505487442016602,-8.781549453735352,-8.459835052490234,-7.81188440322876,-7.335204601287842,-7.063295364379883,-7.634552001953125,-8.660097122192383,-9.247780799865723,-8.83778190612793,-8.640570640563965,-9.153099060058594,-9.220484733581543,-9.005229949951172,-9.244797706604004,-9.524446487426758,-8.390105247497559,-6.063648700714111,-3.0120630264282227,-1.8682470321655273,-0.9514363408088684,2.700335741043091,7.818669319152832,13.003519058227539,13.934946060180664,12.489143371582031,11.626213073730469,13.271394729614258,15.494058609008789,16.266551971435547,15.719001770019531,13.775226593017578,13.062771797180176,13.860501289367676,16.08357810974121,16.44533348083496,14.499180793762207
-8.906465530395508,-8.541302680969238,-8.051359176635742,-7.392719745635986,-8.263627052307129,-9.39441204071045,-9.1570463180542,-8.429883003234863,-8.205223083496094,-7.682910442352295,-6.812189102172852,-6.74591064453125,-7.408206462860107,-8.162538528442383,-8.710614204406738,-8.890605926513672,-9.199609756469727,-9.177474975585938,-9.390424728393555,-8.4846773147583,-7.976841926574707,-9.041807174682617,-9.678095817565918,-8.958431243896484,-7.160668849945068,-5.047893047332764,-2.636589765548706,1.4370139837265015,6.398669719696045,10.488993644714355,13.770642280578613,13.92314338684082,14.252876281738281,15.026802062988281,15.784496307373047,16.134424209594727,16.227445602416992,16.55937385559082,18.890871047973633,19.739347457885742,16.259729385375977,14.211410522460938,12.642304420471191
-7.308967113494873,-7.08203649520874,-7.204574108123779,-7.493367671966553,-8.164499282836914,-8.78060245513916,-8.33369255065918,-7.32822847366333,-7.039935111999512,-6.977259635925293,-6.596177577972412,-6.644110679626465,-7.156087398529053,-7.694602012634277,-8.512287139892578,-9.086492538452148,-9.29981803894043,-8.926740646362305,-8.282684326171875,-7.928851127624512,-8.026705741882324,-9.842545509338379,-9.935567855834961,-8.366061210632324,-6.615098476409912,-5.850499153137207,-5.584701061248779,-3.3096280097961426,-0.09099461138248444,3.9608101844787598,9.221603393554688,13.678364753723145,15.3412504196167,15.191593170166016,14.146976470947266,13.53470516204834,15.442571640014648,19.300140380859375,21.81299591064453,20.13789176940918,17.33208656311035,15.81962776184082,12.593079566955566
-6.010796070098877,-5.6049909591674805,-5.794076442718506,-6.286694526672363,-7.06613302230835,-7.5106658935546875,-7.694784164428711,-7.271728515625,-6.488381862640381,-6.135038375854492,-6.118526458740234,-6.2990193367004395,-6.861622333526611,-7.250437259674072,-8.384275436401367,-9.340405464172363,-9.748491287231445,-9.645628929138184,-9.177362442016602,-9.529479026794434,-9.959793090820312,-10.276734352111816,-9.953242301940918,-8.845446586608887,-7.072323322296143,-6.50329065322876,-6.685188293457031,-5.720071315765381,-3.846663475036621,-0.7936127781867981,5.025895118713379,12.416430473327637,15.943821907043457,16.181716918945312,16.50734519958496,17.113252639770508,18.55640983581543,20.120073318481445,18.29081153869629,16.198091506958008,16.46989631652832,17.154935836791992,16.92357635498047
-5.362720012664795,-4.889072895050049,-4.9678449630737305,-5.455045700073242,-6.029209136962891,-6.525032043457031,-7.136693000793457,-7.569467544555664,-6.9477338790893555,-6.065596580505371,-5.217568874359131,-5.361551761627197,-6.429312229156494,-6.952220439910889,-7.95035982131958,-9.005427360534668,-9.348601341247559,-9.359450340270996,-9.995989799499512,-10.676121711730957,-10.578789710998535,-10.29599380493164,-10.041385650634766,-9.324856758117676,-7.650537967681885,-7.031073093414307,-7.01896333694458,-7.002686977386475,-6.25436544418335,-4.330073833465576,-0.10504824668169022,6.7729878425598145,12.861963272094727,15.646224021911621,16.99639320373535,17.60186767578125,16.72416114807129,15.419703483581543,12.820883750915527,13.184929847717285,15.085615158081055,15.902836799621582,15.817907333374023
-5.265121936798096,-4.885258674621582,-4.78106164932251,-5.075179100036621,-5.300286769866943,-5.798347473144531,-6.355458736419678,-6.959261417388916,-7.302892684936523,-6.589832782745361,-5.264155387878418,-4.258896827697754,-5.083751678466797,-6.721054553985596,-8.053444862365723,-8.808883666992188,-9.284261703491211,-9.586250305175781,-9.897664070129395,-10.084263801574707,-10.1745023727417,-10.01758098602295,-9.661431312561035,-9.080768585205078,-7.001352787017822,-5.0487380027771,-6.045784950256348,-7.909832000732422,-8.221593856811523,-7.371041774749756,-5.691966533660889,-2.5781850814819336,1.057541012763977,3.7575128078460693,4.899878978729248,5.92509651184082,8.498214721679688,11.70394515991211,12.065479278564453,11.106954574584961,12.688055992126465,14.793549537658691,18.25218391418457
