data/wind_data/wind_2025-02-19_07.json
{"header": {"parameterUnit": "KT", "parameterCategory": 2, "nx": 255, "ny": 198, "lo1": 44.73521041870117, "la1": -3.236724853515625, "lo2": 111.26478576660156, "la2": 43.468475341796875, "dx": 0.26192745566368103, "dy": -0.23708222806453705, "refTime": "2025-02-19 07:00:00", "forecastTime": 0, "parameterNumber": 3, "parameterNumberName": "northward_wind"}, "data":
[rows 57 to 75 of 198, columns 172 to 214 of 255]
-4.851369857788086,-4.814291000366211,-5.113580226898193,-5.6417236328125,-6.295039176940918,-6.897671222686768,-7.349256992340088,-7.800671577453613,-8.565361976623535,-8.966789245605469,-7.1790313720703125,-2.318272352218628,-9.650623321533203,-8.373618125915527,-8.39835262298584,-8.12929916381836,-8.280352592468262,-8.337766647338867,-7.992388725280762,-7.306646823883057,-6.523007869720459,-5.9944562911987305,-5.9171977043151855,-6.112781047821045,-6.279397010803223,-6.395094871520996,-6.401493072509766,-6.250218868255615,-6.013375282287598,-5.681818962097168,-5.229243755340576,-5.114411354064941,-4.831874847412109,-3.3999223709106445,4.296703815460205,4.347482681274414,3.3331046104431152,5.669975757598877,8.547767639160156,7.833706378936768,8.430658340454102,7.737205505371094,7.696735858917236
-5.157306671142578,-4.975218296051025,-4.734832763671875,-4.77148962020874,-5.175673961639404,-5.838505268096924,-6.533193111419678,-7.0639238357543945,-7.762113094329834,-8.758410453796387,-9.3941011428833,-5.311785697937012,-7.754134654998779,-8.84431266784668,-8.507454872131348,-8.173693656921387,-7.978715419769287,-8.006484985351562,-7.989927291870117,-7.719045639038086,-7.137407302856445,-6.299668788909912,-5.703357219696045,-5.521090984344482,-5.55064058303833,-5.676246166229248,-5.951533317565918,-6.097418308258057,-5.966186046600342,-5.467467308044434,-4.917789459228516,-4.551146984100342,-4.765142917633057,-4.691277980804443,3.0527288913726807,4.958917140960693,1.7866652011871338,5.1139750480651855,7.861349105834961,6.530725002288818,8.289507865905762,8.225132942199707,8.091954231262207
-5.505589962005615,-5.455708980560303,-5.007211208343506,-4.536637306213379,-4.37711238861084,-4.690735340118408,-5.342322826385498,-6.033625602722168,-6.723535060882568,-7.405228614807129,-8.015792846679688,-6.7222418785095215,-4.678099632263184,-8.77200698852539,-8.66242504119873,-8.44442081451416,-7.957940101623535,-7.529956340789795,-7.373500823974609,-7.303354740142822,-7.0583815574646,-6.423511028289795,-5.7707295417785645,-5.325963497161865,-5.184554576873779,-5.2689337730407715,-5.5355939865112305,-5.728069305419922,-5.669773101806641,-5.163586139678955,-4.602838039398193,-3.8810763359069824,-4.005333423614502,-4.841544151306152,-0.8615797162055969,3.23653507232666,3.1555941104888916,4.293262004852295,6.188075065612793,6.7557902336120605,6.939219951629639,8.396385192871094,8.277488708496094
-5.686610221862793,-5.76947546005249,-5.572047710418701,-5.067951679229736,-4.535304069519043,-4.290133476257324,-4.471287250518799,-4.9875640869140625,-5.626348972320557,-6.270091533660889,-6.479013919830322,-3.712613582611084,-0.8971538543701172,-8.39189338684082,-8.44362735748291,-8.509381294250488,-8.165287017822266,-7.602596759796143,-7.080550193786621,-6.766506195068359,-6.52883768081665,-6.157228469848633,-5.732394695281982,-5.357211112976074,-5.173697471618652,-5.169217109680176,-5.249745845794678,-5.280205726623535,-5.1679463386535645,-4.694640159606934,-4.041248798370361,-3.1232705116271973,-2.8901190757751465,-3.634420156478882,-0.9095319509506226,-0.7510902285575867,2.0008280277252197,2.96997332572937,5.284436225891113,6.495301246643066,5.218948841094971,7.6583733558654785,8.685193061828613
-5.495995998382568,-5.740069389343262,-5.894493103027344,-5.742705821990967,-5.258658409118652,-4.722059726715088,-4.500290870666504,-4.554614067077637,-4.818413734436035,-5.366447925567627,-6.244463920593262,-5.817281246185303,-3.5424137115478516,-7.017915725708008,-8.111080169677734,-8.147224426269531,-8.069583892822266,-7.820268154144287,-7.372685432434082,-6.808042049407959,-6.42437744140625,-6.118593215942383,-5.7910637855529785,-5.4734930992126465,-5.254583358764648,-5.130610466003418,-5.029094696044922,-4.918519496917725,-4.7837653160095215,-4.3814473152160645,-3.579601526260376,-2.445099353790283,-1.6920280456542969,-1.791894793510437,0.431048721075058,1.0140129327774048,3.3651206493377686,3.1451120376586914,6.247847557067871,8.09847354888916,4.58312463760376,6.222618103027344,7.9524102210998535
-4.832874774932861,-5.2455878257751465,-5.629213333129883,-5.860968589782715,-5.710808277130127,-5.314892292022705,-5.014124393463135,-4.8379902839660645,-4.782406330108643,-4.86366605758667,-5.248873710632324,-5.899363994598389,-4.053782939910889,-6.622159957885742,-7.824924945831299,-7.811245918273926,-7.636125087738037,-7.571674346923828,-7.558785915374756,-7.12880277633667,-6.665442943572998,-6.348546981811523,-6.092850685119629,-5.810240745544434,-5.504750728607178,-5.241008281707764,-5.000649929046631,-4.786522388458252,-4.6264753341674805,-4.250127792358398,-3.287564992904663,-2.040968418121338,-1.0985816717147827,-0.8006981611251831,1.1790889501571655,2.318140745162964,2.630789279937744,3.8973841667175293,7.7077317237854,8.830806732177734,6.542436122894287,5.983458518981934,6.865527153015137
-3.8940868377685547,-4.328064441680908,-4.7888946533203125,-5.236806869506836,-5.453831195831299,-5.409898281097412,-5.2152814865112305,-5.13364839553833,-5.152986526489258,-5.232581615447998,-5.767195224761963,-7.248633861541748,-1.8073768615722656,-7.460332870483398,-7.248470306396484,-7.556001663208008,-7.206396102905273,-6.896247863769531,-7.076132774353027,-7.04624080657959,-6.696223258972168,-6.317409992218018,-6.130433559417725,-6.043739318847656,-5.889955043792725,-5.69370698928833,-5.473307132720947,-5.192800521850586,-4.932980060577393,-4.343252658843994,-3.0749518871307373,-1.6455202102661133,-0.22861741483211517,-0.4118698835372925,0.7258664965629578,1.6063576936721802,3.0096139907836914,4.024643421173096,5.047010898590088,5.480189800262451,7.276913642883301,5.619197845458984,7.068266868591309
-3.029571533203125,-3.3393704891204834,-3.730189561843872,-4.219653129577637,-4.7123703956604,-5.024964332580566,-5.007997989654541,-5.042614936828613,-5.237659454345703,-5.53380823135376,-6.179622173309326,-8.27335262298584,-6.1034040451049805,-6.624454498291016,-6.316383361816406,-6.798876762390137,-6.669350624084473,-6.181610107421875,-6.194250583648682,-6.448249340057373,-6.456212997436523,-6.091916561126709,-5.804105281829834,-5.762471675872803,-5.822682857513428,-5.897668838500977,-5.957686424255371,-5.91583251953125,-5.688737392425537,-4.855171203613281,-3.2610580921173096,-1.7591454982757568,-0.5588493943214417,2.280930757522583,0.5474252700805664,5.207800388336182,3.385310649871826,4.92903995513916,4.891345500946045,6.954659938812256,9.567266464233398,7.6331353187561035,8.809287071228027
-2.544508695602417,-2.6630890369415283,-2.883589744567871,-3.217243194580078,-3.760366916656494,-4.336212158203125,-4.637113094329834,-4.749606132507324,-4.979245662689209,-5.393122673034668,-5.9621806144714355,-6.828988075256348,-6.301909923553467,-5.897307395935059,-5.749123573303223,-5.964806079864502,-5.954333782196045,-5.559837818145752,-5.438774585723877,-5.735239028930664,-6.038689613342285,-5.937375068664551,-5.609129905700684,-5.413494110107422,-5.454983711242676,-5.59491491317749,-5.805798053741455,-6.086806774139404,-6.116164207458496,-5.40542459487915,-3.6220078468322754,-3.7440736293792725,1.7652958631515503,3.614384651184082,4.324154376983643,4.239730358123779,1.8518508672714233,3.340508460998535,5.215820789337158,5.831844329833984,7.5411882400512695,5.415034294128418,5.746100425720215
-2.263650894165039,-2.424480438232422,-2.487924098968506,-2.592604160308838,-2.8235270977020264,-3.2658605575561523,-3.809096097946167,-4.1878228187561035,-4.530060768127441,-4.9811296463012695,-5.4626994132995605,-5.994269371032715,-6.104330062866211,-6.158960819244385,-6.048247814178467,-5.918874740600586,-5.646997451782227,-5.219032287597656,-5.012872219085693,-5.237173557281494,-5.62202787399292,-5.797196865081787,-5.586550235748291,-5.294676303863525,-5.197742462158203,-5.337331295013428,-5.56679105758667,-5.819602012634277,-5.9372029304504395,-5.419983386993408,-4.449735164642334,-4.715538024902344,0.7208295464515686,1.5767602920532227,3.276562452316284,1.2835335731506348,3.1916263103485107,4.210949897766113,4.920201778411865,4.36843729019165,3.2834649085998535,1.5159034729003906,2.105154275894165
-1.7248114347457886,-2.0935146808624268,-2.3145651817321777,-2.377013921737671,-2.454688310623169,-2.4735448360443115,-2.6833972930908203,-3.2064855098724365,-3.7614989280700684,-4.362421989440918,-4.963259220123291,-5.610263824462891,-6.308439254760742,-6.2251410484313965,-6.372812747955322,-6.288633346557617,-5.842581272125244,-5.375467300415039,-5.000177383422852,-4.971892356872559,-5.2352447509765625,-5.52824068069458,-5.535459518432617,-5.3019514083862305,-5.141068458557129,-5.270726203918457,-5.5624284744262695,-5.876166343688965,-5.869790554046631,-5.13873291015625,-5.571554660797119,-4.2412109375,-0.5118997693061829,1.7138619422912598,2.0592586994171143,3.3854763507843018,4.260873794555664,3.739781618118286,3.410499334335327,4.5847015380859375,3.5977957248687744,3.231718063354492,1.9209036827087402
-1.1454980373382568,-1.4094045162200928,-1.831817865371704,-1.9846278429031372,-2.1876652240753174,-2.264108419418335,-2.2487640380859375,-2.478548288345337,-2.894200086593628,-3.4408648014068604,-4.09739875793457,-4.689661979675293,-5.085517883300781,-5.674426078796387,-6.05775785446167,-6.219836235046387,-5.915700435638428,-5.460707187652588,-5.050196647644043,-4.7949676513671875,-4.742868900299072,-5.018969535827637,-5.354104995727539,-5.421726703643799,-5.370684623718262,-5.411751747131348,-5.630753993988037,-6.14943265914917,-6.23773717880249,-5.2211222648620605,-7.241555690765381,-1.5818853378295898,1.6302181482315063,2.917851209640503,3.5217413902282715,3.6955490112304688,5.0115814208984375,3.3595919609069824,3.074791431427002,3.8853986263275146,4.469791412353516,5.418935775756836,4.580780506134033
-0.6547062397003174,-0.5552792549133301,-0.9916531443595886,-1.3283358812332153,-1.6152622699737549,-1.91107976436615,-2.2262470722198486,-2.5343844890594482,-2.715710163116455,-2.8428900241851807,-3.1614186763763428,-3.7540624141693115,-4.415777683258057,-4.77256965637207,-5.207627773284912,-5.545215129852295,-5.502480983734131,-5.0630364418029785,-4.627185821533203,-4.362507343292236,-4.234745502471924,-4.429364204406738,-4.9963459968566895,-5.474431991577148,-5.702777862548828,-5.814436435699463,-5.9193644523620605,-6.353098392486572,-6.604545593261719,-5.844822883605957,-8.214959144592285,-1.664633870124817,0.7347219586372375,2.9088685512542725,3.5922255516052246,4.948896408081055,6.4655375480651855,5.640223979949951,4.507038116455078,3.3823907375335693,3.427598476409912,5.47622013092041,6.053003311157227
-0.14492568373680115,0.184396892786026,-0.10057539492845535,-0.5743291974067688,-1.0329986810684204,-1.457818627357483,-1.9787999391555786,-2.5900213718414307,-3.035698652267456,-3.1209473609924316,-3.021392345428467,-3.1156439781188965,-3.436746120452881,-3.8940107822418213,-4.253049373626709,-4.614743709564209,-4.8300275802612305,-4.497645854949951,-3.874636173248291,-3.5473551750183105,-3.5946903228759766,-3.8913259506225586,-4.508671760559082,-5.251702785491943,-5.751299858093262,-6.047738552093506,-6.222409248352051,-6.430639743804932,-6.618675231933594,-6.174740791320801,-8.47055435180664,-3.3584771156311035,-0.03629537671804428,1.1200932264328003,3.48193621635437,3.549743890762329,5.242619514465332,3.6766035556793213,1.699757695198059,1.068937063217163,1.8310703039169312,3.0240466594696045,3.1346793174743652
0.5776665806770325,0.7396882772445679,0.6242775321006775,0.22632630169391632,-0.31212782859802246,-0.9969961047172546,-1.7173583507537842,-2.2879528999328613,-2.8815901279449463,-3.3732638359069824,-3.488557815551758,-3.3602848052978516,-3.249337673187256,-3.387151002883911,-3.6065778732299805,-3.8213727474212646,-4.109202861785889,-3.909560441970825,-3.102480411529541,-2.2729151248931885,-2.3116562366485596,-2.5001375675201416,-2.9732258319854736,-4.127935886383057,-5.088626384735107,-5.634984016418457,-5.997122764587402,-6.073112964630127,-6.056475639343262,-5.766388893127441,-7.550715446472168,-3.446744203567505,-1.214701533317566,-0.13611307740211487,0.06761176139116287,2.4541313648223877,3.643235445022583,2.213186740875244,1.2983382940292358,2.4772090911865234,3.3286945819854736,2.959038257598877,2.630556583404541
1.642829179763794,1.5295586585998535,1.2347710132598877,0.82203209400177,0.34929436445236206,-0.3550722897052765,-1.2374744415283203,-1.9079985618591309,-2.4874367713928223,-3.0842840671539307,-3.6009867191314697,-3.7693612575531006,-3.536055326461792,-3.29709529876709,-3.3922669887542725,-3.387993097305298,-3.4436986446380615,-2.636162519454956,-1.8290832042694092,0.16050967574119568,0.6209750175476074,0.42614951729774475,0.16650083661079407,-1.2137302160263062,-3.3069205284118652,-4.528270721435547,-5.073301792144775,-5.195948123931885,-4.927913188934326,-4.732814788818359,-4.36789608001709,-3.9553794860839844,-3.011136770248413,-0.39446964859962463,-0.161448135972023,3.610797882080078,3.7851009368896484,4.4782843589782715,4.066450595855713,4.098946571350098,5.401049613952637,5.129328727722168,4.425212383270264
2.3429033756256104,2.307415008544922,1.9648094177246094,1.3844102621078491,0.6771020889282227,0.08387993276119232,-0.5904415845870972,-1.329134225845337,-2.0753798484802246,-2.7032291889190674,-3.298945903778076,-3.7914021015167236,-3.950307607650757,-3.6432137489318848,-3.6101551055908203,-3.544437885284424,-3.3328511714935303,-0.48558688163757324,0.171518474817276,5.205266952514648,7.015212059020996,7.045555114746094,6.9623823165893555,1.9998648166656494,-0.34579896926879883,-2.7164807319641113,-3.8422534465789795,-4.198879241943359,-3.9771528244018555,-4.293423652648926,-0.0014720038743689656,-2.88799786567688,-4.176391124725342,-2.151384115219116,3.975538492202759,3.974229335784912,4.025295257568359,5.847006320953369,5.176904678344727,4.815208911895752,4.677003383636475,3.6549479961395264,2.9367105960845947
1.8723962306976318,2.2431411743164062,2.3528237342834473,1.9428730010986328,1.0722427368164062,0.32706689834594727,-0.19975723326206207,-0.682552695274353,-1.3020365238189697,-2.006772994995117,-2.721729278564453,-3.409950017929077,-3.9447925090789795,-4.068079471588135,-4.130622863769531,-4.234972953796387,-4.4111409187316895,4.54306173324585,5.928369998931885,6.136387825012207,6.073630332946777,5.869593143463135,6.409862518310547,7.3601579666137695,2.305906057357788,-0.2579839825630188,-2.286376476287842,-3.22086763381958,-3.545816421508789,-3.659571647644043,-1.6720548868179321,-3.241283416748047,-3.165286064147949,-1.93019700050354,1.672264814376831,0.5786834359169006,5.9835686683654785,6.467600345611572,5.905125617980957,5.73661470413208,4.7878851890563965,2.9407191276550293,1.8936080932617188
0.546370267868042,1.0052143335342407,1.4956638813018799,1.713172197341919,1.3655251264572144,0.6327173113822937,-0.02815057896077633,-0.32906922698020935,-0.5212822556495667,-0.9158268570899963,-1.582979440689087,-2.3733081817626953,-3.166027784347534,-3.806929588317871,-4.193057060241699,-4.490170478820801,-5.421335220336914,-1.563910722732544,2.373534917831421,2.4623172283172607,3.235496997833252,2.769700527191162,3.452667713165283,6.468738555908203,6.749710559844971,1.9245469570159912,-0.12052745372056961,-1.399464726448059,-2.1449408531188965,-2.3220880031585693,-2.9316909313201904,-2.4860165119171143,-1.676247477531433,-2.7086915969848633,-3.864696502685547,2.08274245262146,6.0915961265563965,6.307452201843262,6.676527976989746,6.670495510101318,6.255371570587158,5.847885608673096,4.955002784729004
