data/wind_data/wind_57_0.json
{"header": {"parameterUnit": "KT", "parameterCategory": 2, "nx": 255, "ny": 198, "lo1": 44.73521041870117, "la1": -3.236724853515625, "lo2": 111.26478576660156, "la2": 43.468475341796875, "dx": 0.26192745566368103, "dy": -0.23708222806453705, "refTime": "2025-02-21 09:00:00", "forecastTime": 0, "parameterNumber": 3, "parameterNumberName": "northward_wind"}, "data":
[rows 171 to 189 of 198, columns 86 to 128 of 255]
-6.123907089233398,-9.06042194366455,-8.770285606384277,-6.163552284240723,-4.020123481750488,-2.54339337348938,-3.334045171737671,-5.933444023132324,-11.257665634155273,-12.651432037353516,-7.928252220153809,-1.1378353834152222,1.4807897806167603,4.096288681030273,6.596811294555664,6.544161319732666,6.262088298797607,9.111188888549805,8.579986572265625,6.857146739959717,6.652085304260254,7.727396011352539,9.486052513122559,7.676428318023682,6.01008939743042,2.7479963302612305,3.613197088241577,3.546896457672119,4.290855884552002,4.115828990936279,3.8585050106048584,3.8324427604675293,1.6790770292282104,0.640776515007019,-1.0263835191726685,-2.0136499404907227,-2.181100368499756,-2.7697465419769287,-1.5964242219924927,0.3138314485549927,2.5206923484802246,1.9301830530166626,1.2760424613952637
-2.278183698654175,-5.950138092041016,-4.983591556549072,-2.097491502761841,-2.1890008449554443,-2.131152868270874,-4.348542213439941,-7.838635444641113,-12.242621421813965,-14.2885103225708,-13.520040512084961,-2.9152112007141113,2.4819750785827637,3.523453950881958,5.044894218444824,5.292500972747803,5.746251583099365,7.3105082511901855,8.21296501159668,6.776164531707764,6.786747932434082,7.197085857391357,7.3475260734558105,8.667301177978516,8.296875953674316,2.4374144077301025,4.8536272048950195,6.674497127532959,5.9261884689331055,6.027252674102783,8.916196823120117,5.98136568069458,-1.3664121627807617,-4.764802932739258,-3.7838242053985596,-1.9819393157958984,-1.751665472984314,-2.5570640563964844,-2.2544615268707275,-0.013753521256148815,2.216815233230591,1.4820636510849,1.1879231929779053
5.283833026885986,-0.3768240809440613,-2.078826427459717,-0.18221524357795715,-1.3074630498886108,-3.0318121910095215,-4.845149040222168,-6.861846446990967,-9.519051551818848,-13.519760131835938,-12.975458145141602,-7.437763214111328,2.3647987842559814,5.841672420501709,7.755036354064941,10.92711353302002,8.32299518585205,9.593530654907227,9.605463027954102,9.741270065307617,8.612427711486816,8.804842948913574,6.800912380218506,11.544782638549805,9.966236114501953,3.561765432357788,4.986944675445557,6.610021591186523,5.814516544342041,8.074267387390137,6.456060886383057,-0.857369065284729,-3.8278958797454834,-3.270345687866211,-0.602659285068512,-0.12485412508249283,-0.2369653880596161,-2.1093666553497314,-1.6379830837249756,0.2200639694929123,2.4247679710388184,1.9313700199127197,1.1570020914077759
7.781970024108887,7.349252700805664,5.900873184204102,4.176208019256592,3.2311787605285645,1.904543399810791,0.24025262892246246,-1.7432674169540405,-4.863228797912598,-7.136078357696533,-8.826641082763672,-10.453848838806152,-4.701137542724609,-0.12227167934179306,3.2888472080230713,7.840153694152832,14.340127944946289,16.1201229095459,14.27409553527832,13.639728546142578,9.699377059936523,7.7040886878967285,8.035903930664062,12.47509765625,10.368946075439453,5.166961669921875,4.918506622314453,4.414591312408447,3.991654634475708,6.356545925140381,0.23101726174354553,-3.3949804306030273,-1.656558871269226,-0.06681721657514572,1.491191029548645,1.1766570806503296,-0.3648368716239929,-1.0827642679214478,-0.5043091177940369,1.5509017705917358,2.209772825241089,1.1243022680282593,1.1429911851882935
3.9043526649475098,8.373688697814941,13.08401870727539,11.946125030517578,11.788944244384766,11.38256549835205,8.340448379516602,5.683923244476318,1.7854779958724976,-0.2503078877925873,-4.035788536071777,-6.012098789215088,-6.057346820831299,-7.124218940734863,-6.511464595794678,-1.4542360305786133,7.4730377197265625,15.91423511505127,16.959054946899414,15.202995300292969,11.585786819458008,8.88039779663086,6.485440254211426,9.970699310302734,12.032793998718262,6.8808135986328125,5.493210315704346,2.6990628242492676,1.7208209037780762,1.2753407955169678,-0.5103365182876587,-0.06352511793375015,1.4022380113601685,1.5038976669311523,0.4014759361743927,-0.2811947464942932,-1.6755530834197998,-1.4298579692840576,0.4484765827655792,2.1190176010131836,2.748598098754883,1.4279365539550781,0.5118646025657654
-1.3580248355865479,0.07420169562101364,4.9415435791015625,7.529041290283203,10.439596176147461,14.688714027404785,13.341064453125,12.301030158996582,10.77585220336914,8.423186302185059,3.690981388092041,1.893615961074829,1.0309561491012573,-0.03923765569925308,-0.46199527382850647,-1.9470493793487549,-0.49936309456825256,5.321002960205078,10.79150676727295,10.262930870056152,7.694815158843994,8.488389015197754,3.4728009700775146,2.2077009677886963,9.689329147338867,9.247276306152344,5.344886302947998,1.8784127235412598,1.1255123615264893,1.1477783918380737,0.11156833916902542,0.7315133810043335,1.9264646768569946,1.0077842473983765,-1.059753656387329,-3.0922107696533203,-1.594782829284668,-1.810302495956421,-0.10987711697816849,1.1783397197723389,1.849516749382019,1.653085470199585,0.6651622653007507
-3.827893018722534,-3.994065761566162,-2.0041043758392334,1.0274564027786255,6.217860221862793,16.63165855407715,17.71354866027832,15.240080833435059,17.825328826904297,16.747507095336914,16.20319175720215,16.110830307006836,16.024093627929688,15.985389709472656,15.83745002746582,11.872154235839844,7.931750297546387,6.462257385253906,7.462416648864746,4.370194435119629,1.0717049837112427,2.890744686126709,0.7412494421005249,-1.6823127269744873,3.0194694995880127,4.456052303314209,-0.7889413833618164,-0.8062548637390137,2.976048231124878,3.1407337188720703,2.0039329528808594,3.516087293624878,0.689944326877594,-0.47454339265823364,-0.7114166617393494,-1.2725909948349,-1.555841088294983,0.8747621774673462,2.6067802906036377,1.428274393081665,2.401902675628662,2.690702438354492,2.523693561553955
-3.5786895751953125,-3.499481678009033,-2.0674970149993896,-2.4348766803741455,-2.17508864402771,6.225792407989502,8.09449291229248,7.344727993011475,9.466821670532227,10.433982849121094,12.332069396972656,13.311275482177734,12.536261558532715,12.185491561889648,14.73892879486084,21.49367904663086,18.299739837646484,14.086905479431152,11.625126838684082,9.614372253417969,6.836367607116699,5.162834644317627,3.630459785461426,2.995063304901123,2.18572735786438,2.331770181655884,-1.1111544370651245,1.9008715152740479,6.043915271759033,4.976125240325928,5.14451265335083,4.916009426116943,3.234365463256836,0.7502368688583374,0.8332080245018005,0.5599632859230042,-1.2467882633209229,-0.6638572216033936,2.2057459354400635,3.9480960369110107,4.008565902709961,4.501815319061279,3.754105567932129
-2.838223457336426,-4.038131237030029,-3.1915981769561768,-3.239891767501831,-4.842103481292725,-3.6909050941467285,-2.516338348388672,-2.8861212730407715,-3.0413525104522705,-3.0942184925079346,-2.2621002197265625,-1.9149879217147827,-4.239026069641113,-5.367448329925537,-2.5089235305786133,5.7803425788879395,5.634159088134766,2.664769172668457,3.483751058578491,8.601959228515625,8.9339017868042,7.987242698669434,6.171663761138916,6.779036045074463,5.062416076660156,3.7084968090057373,6.67548131942749,6.478550434112549,6.511006832122803,5.164489269256592,7.4578776359558105,6.299310207366943,4.979128360748291,4.27133321762085,3.915073871612549,3.2993881702423096,1.8725167512893677,-0.5306362509727478,-1.0503199100494385,2.643923044204712,4.602370262145996,4.987095355987549,5.1780266761779785
-2.246469259262085,-3.488825559616089,-3.5744175910949707,-1.9952646493911743,-1.5224543809890747,-1.4891700744628906,-0.3212836980819702,-0.8229518532752991,-3.181671380996704,-6.306284427642822,-6.881006240844727,-6.443557262420654,-8.157069206237793,-9.040033340454102,-9.793144226074219,-6.543964862823486,-4.360093593597412,-5.428064346313477,-5.020759582519531,-1.3353358507156372,0.8513324856758118,0.7355982065200806,1.1587424278259277,4.260633945465088,6.579133987426758,5.176210880279541,5.712705612182617,7.499230861663818,6.50333833694458,3.7195863723754883,8.41603946685791,8.416804313659668,7.48380708694458,6.3411993980407715,6.304657459259033,6.550036907196045,5.3144121170043945,3.951148748397827,1.5357271432876587,1.596231460571289,4.856748580932617,5.82936954498291,6.121063709259033
-0.9663792252540588,-1.808014154434204,-0.4045446813106537,1.853325605392456,2.5621488094329834,3.8604466915130615,5.489638805389404,5.149415969848633,1.7286723852157593,-3.2719318866729736,-5.904185771942139,-7.219698905944824,-6.51045036315918,-6.147655010223389,-6.8807053565979,-5.917228698730469,-4.190819263458252,-4.455386638641357,-4.437530517578125,-3.635599374771118,-2.9380781650543213,-2.8982155323028564,-2.1043198108673096,-0.5670638680458069,3.6446990966796875,5.769376277923584,3.1929409503936768,7.980212211608887,6.83184289932251,4.482664108276367,7.752425193786621,8.7464017868042,7.88712215423584,6.31851053237915,8.487576484680176,8.739027976989746,7.710996627807617,7.325157165527344,6.0331573486328125,4.603761672973633,4.28269100189209,5.353911876678467,5.321630954742432
-0.06389948725700378,1.266656756401062,2.9953486919403076,3.8763418197631836,4.390122890472412,4.948542594909668,5.533603191375732,6.3079423904418945,5.357411861419678,1.6716185808181763,-2.076040267944336,-5.588198661804199,-5.819946765899658,-5.3072285652160645,-4.949872970581055,-5.222545623779297,-4.894239902496338,-5.025284767150879,-4.242484092712402,-3.162348985671997,-2.802527666091919,-2.2347633838653564,-0.5752377510070801,-0.6271008253097534,1.0157867670059204,3.4981443881988525,3.9118566513061523,7.206761360168457,6.397827625274658,4.367231369018555,6.30893087387085,9.39420223236084,7.288576602935791,6.196930885314941,8.964133262634277,10.397247314453125,11.510451316833496,11.031137466430664,9.791769027709961,8.450759887695312,8.137897491455078,7.679527759552002,7.301880359649658
2.694334030151367,4.41740083694458,4.757698059082031,3.8764169216156006,2.37311053276062,0.8300150036811829,0.12488149851560593,1.2896969318389893,4.391478538513184,4.975105285644531,4.111556053161621,0.3220280706882477,-2.980537176132202,-3.5057690143585205,-4.700356483459473,-4.5177001953125,-3.512136936187744,-3.0366263389587402,-2.453389883041382,-2.886474847793579,-3.001081943511963,-2.5102379322052,-1.0746759176254272,-1.0290037393569946,1.3122482299804688,5.345309734344482,10.107874870300293,10.17663288116455,7.949710845947266,6.30632209777832,6.277544021606445,10.343267440795898,9.328246116638184,7.759457111358643,7.2514448165893555,3.5878396034240723,9.026325225830078,10.82175350189209,10.991246223449707,10.137917518615723,9.327957153320312,8.900822639465332,8.183241844177246
5.114840984344482,5.15883731842041,3.027208089828491,0.2301890254020691,-1.5862007141113281,-1.3936277627944946,-2.9527196884155273,-3.7192602157592773,-0.2914561629295349,4.705859184265137,5.494169235229492,3.1135032176971436,0.15600675344467163,-3.2898201942443848,-6.40805721282959,-5.991127014160156,-3.4799513816833496,-2.048332929611206,-0.7394504547119141,0.5500210523605347,0.26575401425361633,-1.4491627216339111,-1.16709566116333,-2.1944243907928467,-0.08773091435432434,4.728435516357422,6.067891597747803,6.93033504486084,6.032265663146973,5.133325576782227,4.6404709815979,6.277577877044678,4.854738235473633,3.96471905708313,4.657044887542725,-1.6532948017120361,1.8693695068359375,8.189512252807617,9.490458488464355,9.139145851135254,9.102530479431152,9.412762641906738,9.449128150939941
6.013884544372559,4.458877086639404,1.3249027729034424,-1.2621394395828247,-3.0370559692382812,-2.5155181884765625,-3.412379503250122,-3.903062343597412,-2.9237823486328125,3.3769211769104004,5.033812046051025,3.770261287689209,0.5809445381164551,-3.595879554748535,-6.487671852111816,-7.008734226226807,-4.366647720336914,-1.697533130645752,1.0803035497665405,3.4115641117095947,2.013808488845825,-0.5726200938224792,-1.8900455236434937,-3.689497947692871,-4.3748321533203125,-1.9112297296524048,-0.2242065966129303,-0.42171889543533325,-1.626844882965088,-3.0434370040893555,-1.736152172088623,-0.7543110251426697,-2.122624158859253,-2.5300421714782715,0.693165123462677,0.340530663728714,1.7035595178604126,5.383286476135254,5.798203945159912,1.3273895978927612,2.8376717567443848,9.593559265136719,11.500621795654297
6.587060928344727,4.471455097198486,1.7110353708267212,-0.7568121552467346,-1.8531240224838257,-2.8264193534851074,-2.968794345855713,-3.2525711059570312,-4.235066890716553,0.028466323390603065,1.7537940740585327,4.72596549987793,3.404653310775757,1.8261131048202515,-1.1675251722335815,-4.200270175933838,-5.140475749969482,-4.82583475112915,-1.6538857221603394,-0.08284537494182587,-2.5718259811401367,-1.6940804719924927,-1.5507146120071411,-1.8833025693893433,-3.5874555110931396,-3.5480992794036865,-0.38911333680152893,-0.3518085479736328,-2.2662460803985596,-3.0621156692504883,-1.7082542181015015,-2.0188188552856445,-3.580413818359375,-3.849729299545288,-2.276982069015503,-1.0392112731933594,0.5679059028625488,1.1968477964401245,-0.8797807693481445,-4.3218302726745605,-5.909997463226318,5.359117031097412,11.066180229187012
7.090875625610352,4.426573276519775,1.4735544919967651,-1.864567756652832,-1.754146933555603,-1.7756694555282593,-1.7188390493392944,-2.984005928039551,-4.365952491760254,-3.0518176555633545,-1.0895227193832397,2.5126898288726807,5.4519362449646,5.500942230224609,4.6158342361450195,1.0030471086502075,-3.374774932861328,-5.527853012084961,-5.8227057456970215,-8.046821594238281,-8.587775230407715,-3.74139142036438,-1.274730920791626,4.079196929931641,4.729117393493652,2.4238593578338623,2.762343645095825,2.6588377952575684,3.4164958000183105,2.698312759399414,2.3988749980926514,-0.1805608719587326,-1.4728225469589233,-0.7600851058959961,-1.011507511138916,-1.2881616353988647,-1.0750378370285034,-0.7546494007110596,-2.4511449337005615,1.7706542015075684,-2.4551944732666016,1.8075226545333862,7.014683723449707
7.256404399871826,4.00370454788208,1.1710180044174194,-0.5225945711135864,-1.4271303415298462,-1.2719768285751343,-1.313839316368103,-2.5358097553253174,-3.6861512660980225,-2.524472713470459,2.2013096809387207,2.0669877529144287,3.7840583324432373,3.2722582817077637,3.4497780799865723,2.9834744930267334,0.08690110594034195,-3.352440595626831,-5.593891620635986,-9.35926342010498,-9.024834632873535,-2.311583995819092,-0.9656227231025696,3.554872512817383,6.647447109222412,3.9957046508789062,2.2152366638183594,0.3790002167224884,2.968421459197998,3.9176979064941406,3.2931060791015625,2.1445553302764893,2.2073886394500732,2.584584951400757,2.810530185699463,3.012238025665283,2.0505685806274414,-0.38870853185653687,-6.142097473144531,-3.16768217086792,-3.7304370403289795,-3.8310234546661377,-0.32302579283714294
6.7896342277526855,3.9652225971221924,0.8764333724975586,-0.11751461029052734,-1.1041114330291748,-1.2627700567245483,-1.4812490940093994,-1.7676968574523926,-2.4774649143218994,-0.4857310950756073,4.156663417816162,7.205698013305664,6.047662734985352,2.845843553543091,0.7373842597007751,0.9135472774505615,2.5769152641296387,1.4119802713394165,-1.3447519540786743,-2.813262701034546,-3.966956853866577,-0.9194706678390503,0.6240291595458984,0.07520877569913864,-0.2647818624973297,0.7765881419181824,0.9120692610740662,-1.2198166847229004,0.6208813190460205,3.1328415870666504,3.298983573913574,3.8079898357391357,5.333293437957764,4.381734848022461,2.068657159805298,1.0096062421798706,-0.3078273832798004,-1.8989744186401367,-6.570417881011963,-5.776158809661865,-7.500101089477539,-9.145967483520508,-8.92658805847168
