data/wind_data/wind_34_3.json
{"header": {"parameterUnit": "KT", "parameterCategory": 2, "nx": 256, "ny": 198, "lo1": 44.73521041870117, "la1": -3.236724853515625, "lo2": 111.26478576660156, "la2": 43.468475341796875, "dx": 0.2609002888202667, "dy": -0.23708222806453705, "refTime": "2025-02-20 10:00:00", "forecastTime": 0, "parameterNumber": 2, "parameterNumberName": "eastward_wind"}, "data":
[rows 19 to 37 of 198, columns 132 to 175 of 256]
-3.4464609622955322,-3.448669672012329,-4.137221336364746,-6.015082836151123,-7.7278242111206055,-8.786608695983887,-7.7750444412231445,-5.9139323234558105,-6.239496231079102,-8.227568626403809,-5.390103340148926,-4.049515724182129,-3.057236909866333,-1.2007296085357666,0.3366512358188629,-1.4784207344055176,-1.0585778951644897,0.13320504128932953,-0.780944287776947,-2.4776275157928467,-5.531955718994141,-7.866072654724121,-4.2646636962890625,-4.8957414627075195,-1.9016963243484497,0.014063701964914799,-0.6469181180000305,-1.319199800491333,-1.7578834295272827,-3.4983441829681396,-5.641279220581055,-5.817373275756836,2.5112218856811523,3.4670095443725586,1.2455108165740967,1.4923458099365234,1.0306342840194702,2.1681957244873047,2.9057586193084717,1.117218017578125,-0.47061970829963684,-1.145540714263916,-1.8842276334762573,0.7750791907310486
-5.191781997680664,-5.677955150604248,-3.963202953338623,-6.1479668617248535,-6.994914531707764,-9.233013153076172,-9.861888885498047,-5.649868011474609,-5.156747341156006,-9.49995231628418,-6.556114673614502,-6.854162693023682,-5.850503444671631,-3.5981709957122803,-2.798030376434326,-2.376502752304077,-1.9421002864837646,-0.016510561108589172,-0.7860320210456848,-1.4069044589996338,-4.864638328552246,-7.0507659912109375,-4.188368320465088,-3.974053144454956,-1.4214985370635986,-1.4585082530975342,-1.8050718307495117,-1.9245669841766357,-2.607236385345459,-4.607323169708252,-5.4039626121521,1.3212387561798096,-4.911877155303955,-3.856853723526001,0.510556161403656,-1.775254249572754,-2.4198544025421143,-1.1667941808700562,-1.0967602729797363,-0.4723321795463562,-1.8008356094360352,-2.8249528408050537,-0.6973270773887634,-0.3278360068798065
-7.006375789642334,-11.0385103225708,-2.3034822940826416,-9.095925331115723,-6.734330654144287,-7.214150428771973,-5.839104652404785,-8.421077728271484,-11.366125106811523,-9.38323974609375,-5.558487892150879,-5.6311492919921875,-5.797883987426758,-5.078294277191162,-4.842221736907959,-1.0616339445114136,-0.9202430248260498,-0.3564766049385071,-1.9142262935638428,-3.4513120651245117,-5.039603233337402,-3.879214286804199,-3.1052708625793457,-3.0646047592163086,-1.742635726928711,-1.36458158493042,-1.5132406949996948,-2.1085054874420166,-3.1616463661193848,-4.064520835876465,-4.6020307540893555,-3.107661008834839,-4.082614421844482,-10.34124755859375,0.46641531586647034,-5.767517566680908,-4.042584419250488,-4.988040924072266,-3.3357930183410645,-1.8241245746612549,-1.401150107383728,-1.9244179725646973,-2.90889573097229,-2.001474618911743
-4.9610819816589355,-6.100707530975342,-5.833357810974121,-7.290546417236328,-6.8616862297058105,-4.815497875213623,-1.4468344449996948,-3.6736693382263184,-8.180594444274902,-6.51456880569458,-4.946449279785156,-5.059347152709961,-6.922694683074951,-6.969842433929443,-6.465900421142578,-3.8546557426452637,-3.735215663909912,-3.6668875217437744,-3.480412006378174,-2.8600451946258545,-2.578249216079712,-2.9718430042266846,-3.205409049987793,-2.614354372024536,-1.3871883153915405,-0.5463222861289978,-1.6026606559753418,-2.454134941101074,-2.920597791671753,-2.900911808013916,-3.6959068775177,-3.9948060512542725,-5.393176555633545,-8.604252815246582,1.061263084411621,-2.8961312770843506,-4.929157733917236,-5.5798492431640625,-4.934247970581055,-3.1734275817871094,-1.4565033912658691,-1.5043449401855469,-1.9293262958526611,-2.1128923892974854
-1.2087880373001099,-2.620020627975464,-3.3289012908935547,-3.3439738750457764,-3.8669803142547607,-3.9403011798858643,-2.663337469100952,-3.00165057182312,-6.600419521331787,-8.089818954467773,-8.289834976196289,-5.828639030456543,-4.814081192016602,-4.64531135559082,-4.1319403648376465,-4.177475452423096,-4.047233581542969,-5.001938343048096,-3.708282947540283,-1.9867891073226929,-2.2072272300720215,-2.2024316787719727,-3.031775712966919,-2.507972002029419,-1.3686466217041016,-1.1080448627471924,-1.7830373048782349,-2.915457248687744,-3.071897029876709,-1.5920709371566772,-1.5504778623580933,-0.8873549699783325,-1.6252849102020264,-4.062353610992432,-1.8621920347213745,-3.195101499557495,-4.406343936920166,-4.628292083740234,-4.373830795288086,-2.779608726501465,-1.0406121015548706,-0.9233078956604004,-1.6927030086517334,-1.9091999530792236
-0.7800544500350952,-0.3215142786502838,-1.211893081665039,-1.0213983058929443,-1.0610347986221313,-1.1921844482421875,-2.4145302772521973,-0.8183455467224121,-3.178769826889038,-4.530152797698975,-6.359213829040527,-5.512924671173096,-2.2916007041931152,-0.819753110408783,-1.12730872631073,-2.8212480545043945,-3.547084093093872,-3.239032745361328,-2.393784284591675,-1.833901286125183,-1.949445366859436,-1.8304874897003174,-2.0828206539154053,-2.274151563644409,-1.3725686073303223,-1.1508291959762573,-1.271601676940918,-3.4602584838867188,-1.5304926633834839,-2.4754788875579834,-1.4824432134628296,-1.858952522277832,-4.144792556762695,-4.055243492126465,-1.7664586305618286,-2.2581543922424316,-3.0761196613311768,-4.0934672355651855,-5.387722969055176,-2.6089468002319336,-2.291562080383301,-0.3792724013328552,-1.4686967134475708,-1.6265028715133667
-1.9214109182357788,-1.0284258127212524,-0.3908880352973938,-0.556946337223053,-0.022164570167660713,2.373225212097168,-2.362103223800659,-1.100583791732788,-0.7416640520095825,-1.645392656326294,-2.879234790802002,-3.176356792449951,-1.6295833587646484,-0.7392380237579346,-1.0852458477020264,-2.6254491806030273,-2.8384032249450684,-1.4138102531433105,-0.5718838572502136,-1.2410660982131958,-2.2956933975219727,-2.332291603088379,-2.120605230331421,-1.9820612668991089,-1.3651340007781982,-1.2714526653289795,-0.5773704051971436,-0.5042162537574768,-2.9560039043426514,-2.687753677368164,-1.649607539176941,-2.8838951587677,-4.149785041809082,-4.0352678298950195,-2.8759961128234863,-3.383065700531006,-3.5332486629486084,-4.627012252807617,-7.945455551147461,-5.4440083503723145,-4.974302291870117,-2.3822877407073975,-2.478813886642456,-2.154569625854492
-2.6343352794647217,-2.2460384368896484,-1.350281000137329,-1.1598628759384155,-0.7215713262557983,0.024173138663172722,-0.8334307074546814,-0.8675926327705383,0.6356148719787598,1.1397526264190674,0.27213239669799805,-0.7493883371353149,-0.9229574799537659,-1.240472435951233,-1.8421739339828491,-2.7238712310791016,-2.2896149158477783,-0.666493833065033,-0.9684004783630371,-1.992997646331787,-2.5533993244171143,-2.6505305767059326,-2.278557777404785,-1.5589646100997925,-0.9366767406463623,-1.3604955673217773,-1.3939210176467896,-1.0299361944198608,-1.6522246599197388,-3.176166296005249,-1.1571294069290161,-2.132903814315796,-4.762861251831055,-6.102777481079102,-4.907110214233398,-4.466237545013428,-4.560279846191406,-4.6388139724731445,-5.3977837562561035,-6.490569591522217,-5.919240474700928,-5.5771403312683105,-3.322239875793457,-2.745966911315918
-3.4901344776153564,-3.483776569366455,-2.015209913253784,-2.4854774475097656,-2.298931360244751,-0.7954660654067993,0.36917778849601746,0.9981517195701599,0.5916747450828552,1.1324303150177002,1.0140067338943481,0.1675591617822647,-0.6280155777931213,-1.0951151847839355,-1.7232646942138672,-2.0638418197631836,-1.5726804733276367,-1.168338656425476,-1.8834524154663086,-2.705929756164551,-2.892850637435913,-2.701690196990967,-2.0745797157287598,-1.6174252033233643,-0.9450268149375916,-1.0645588636398315,-1.121415138244629,-1.1725481748580933,-1.27280855178833,-1.8246240615844727,-0.9820814728736877,-1.0347126722335815,-3.626685380935669,-6.7324676513671875,-6.098097324371338,-4.606307506561279,-5.198526382446289,-5.142277717590332,-3.4240167140960693,-2.7298707962036133,-4.7338948249816895,-4.55108118057251,-4.176782131195068,-3.3478872776031494
-4.650204181671143,-4.998509407043457,-2.633923292160034,-2.5494182109832764,-2.1941332817077637,-1.0510655641555786,-0.7536555528640747,-0.3930336534976959,-0.12242361903190613,0.8561603426933289,0.8691704273223877,0.693000853061676,-0.11277513206005096,-0.7525072693824768,-1.0582338571548462,-1.4447526931762695,-1.4848558902740479,-2.1223487854003906,-2.5872983932495117,-2.530916213989258,-2.4028093814849854,-2.474310874938965,-2.049238920211792,-1.8742672204971313,-1.4037535190582275,-1.655212163925171,-1.7265021800994873,-1.5430233478546143,-1.622365117073059,-1.8447449207305908,-0.8669599890708923,0.19652077555656433,0.009401096031069756,-2.258742570877075,-3.331932306289673,-3.737783193588257,-3.4405624866485596,-2.3700976371765137,-2.404895782470703,-1.759254813194275,-1.4746593236923218,-2.1688497066497803,-2.682375907897949,-2.9780590534210205
-4.779550552368164,-3.99277925491333,-2.7186777591705322,-1.9657680988311768,-1.4002963304519653,-0.3863014578819275,0.8132303357124329,-0.555593729019165,-0.5566200017929077,0.35714226961135864,-0.6708774566650391,-0.9992177486419678,0.8891525864601135,-0.9120407104492188,-1.1891499757766724,-1.1825385093688965,-1.4238471984863281,-1.8923888206481934,-2.0296881198883057,-1.5535688400268555,-1.6443898677825928,-1.9963812828063965,-2.0295333862304688,-2.002645492553711,-1.8189080953598022,-2.23561954498291,-1.7777327299118042,-2.070240020751953,-2.031291961669922,-2.3780581951141357,-1.0686711072921753,0.42401933670043945,1.2211161851882935,1.2485021352767944,0.9468439221382141,-0.8825727701187134,-2.0048956871032715,-0.37272948026657104,-0.9016912579536438,-0.851342499256134,-1.215759038925171,-1.3897712230682373,-0.8316560983657837,-1.5577421188354492
-5.015357494354248,-3.4389991760253906,-2.2864348888397217,-1.6076465845108032,-1.04710054397583,-0.40361931920051575,-0.23489628732204437,-0.8939949870109558,-0.8978406190872192,-1.064269781112671,-4.559447765350342,-8.776150703430176,4.010146141052246,-0.6539313793182373,-1.4829190969467163,-0.8645001649856567,-0.9795848727226257,-1.16361403465271,-0.7586185932159424,-0.6238110661506653,-0.9667004346847534,-1.7375587224960327,-1.9668242931365967,-1.7543596029281616,-1.729016900062561,-2.13547682762146,-2.1250877380371094,-1.9428575038909912,-1.9782044887542725,-1.5198150873184204,-1.2917742729187012,-0.7959747314453125,-0.2569704055786133,0.4219664931297302,0.7035868763923645,1.125033974647522,0.544812023639679,-0.030031532049179077,0.47745776176452637,0.5797719359397888,-1.094935417175293,-1.0038501024246216,-0.20982134342193604,-1.86216139793396
-5.992233753204346,-5.062564849853516,-3.5767016410827637,-2.2875866889953613,-1.6340993642807007,-1.3692125082015991,-1.2269104719161987,-1.1633737087249756,-0.7328875660896301,-0.37417998909950256,0.9254153370857239,-1.4037123918533325,-5.475930213928223,-1.8126592636108398,-0.9063552618026733,-0.21596144139766693,-0.27638813853263855,-0.4981797933578491,-0.21883797645568848,-0.7202354669570923,-1.1014126539230347,-1.3126437664031982,-1.4936813116073608,-1.0752649307250977,-1.0302743911743164,-1.5042599439620972,-1.436957836151123,-2.3196890354156494,-2.7440483570098877,-1.9954549074172974,-1.9315083026885986,-0.942725419998169,-0.48272597789764404,-0.043999072164297104,0.29325780272483826,0.6495868563652039,0.4872785806655884,-0.13810063898563385,-0.020906344056129456,0.9569939970970154,2.2873897552490234,1.2544785737991333,-1.7923946380615234,-3.7787797451019287
-6.6998677253723145,-4.952007293701172,-5.2661285400390625,-4.216800212860107,-3.661919116973877,-3.0822014808654785,-2.639543056488037,-1.9320096969604492,-0.8418362736701965,-0.026991939172148705,1.4953662157058716,1.4680678844451904,-0.13668517768383026,-0.775730550289154,0.46890488266944885,0.41615206003189087,0.13525761663913727,-0.149322047829628,-0.5465145111083984,-0.7132839560508728,-0.7881460189819336,-0.8671169877052307,-1.1818991899490356,-0.7726770639419556,-0.12334691733121872,-0.6744986176490784,-1.6362353563308716,-2.517962694168091,-2.250859498977661,-2.1434338092803955,-2.2881219387054443,-1.8910692930221558,-1.0014691352844238,0.004306339658796787,0.11615540832281113,0.3593258559703827,0.1813134253025055,-0.5946795344352722,-0.5682148337364197,0.49203401803970337,0.32155904173851013,0.3868573009967804,0.03474702686071396,-3.010568380355835
-5.86997127532959,-6.423759460449219,-7.236578941345215,-6.3232316970825195,-5.969051361083984,-5.280920505523682,-4.676949977874756,-3.7446537017822266,-2.5420095920562744,-1.8298158645629883,-1.0719668865203857,0.05196346715092659,-0.18127387762069702,0.41173553466796875,0.6831802725791931,0.5583981275558472,-0.16522467136383057,-1.0337563753128052,-1.1879985332489014,-1.1691105365753174,-0.6131855249404907,-0.6010667085647583,-1.09319007396698,-0.8497542142868042,-0.27928587794303894,-1.2031912803649902,-2.5120792388916016,-2.5591306686401367,-1.900251030921936,-1.970201849937439,-2.2364163398742676,-2.5620880126953125,-1.8244603872299194,-0.7113606333732605,-0.004658208228647709,0.3924162685871124,0.6139278411865234,0.34622371196746826,-0.24597755074501038,0.1726512908935547,1.264196753501892,0.4060206413269043,-0.14651279151439667,-0.8629865646362305
-9.410501480102539,-9.587183952331543,-8.989699363708496,-8.17416763305664,-7.70864200592041,-7.233500957489014,-6.56141996383667,-5.2547383308410645,-3.4734911918640137,-2.3501698970794678,-2.441192388534546,-2.0051047801971436,-0.7341873645782471,0.4087684750556946,-0.42203930020332336,-0.32147416472435,-1.2906899452209473,-1.9772682189941406,-2.143603563308716,-1.6840592622756958,-1.2252957820892334,-1.0624284744262695,-1.2608259916305542,-1.209952712059021,-1.2313660383224487,-1.6640956401824951,-2.7214419841766357,-2.57930850982666,-2.0687155723571777,-2.164782762527466,-2.877237319946289,-2.90078067779541,-2.356179714202881,-1.3187787532806396,-0.43451470136642456,0.06765266507863998,0.34602418541908264,0.2719234526157379,0.28394952416419983,-0.1476590633392334,-0.12336701899766922,0.07282132655382156,0.035559676587581635,-0.5461556315422058
-11.416374206542969,-11.180362701416016,-10.535308837890625,-9.39020824432373,-9.00136661529541,-9.543598175048828,-8.964861869812012,-7.063791751861572,-5.018011093139648,-3.7831647396087646,-3.5965576171875,-2.6480345726013184,-1.272432565689087,-0.028068704530596733,-1.1117560863494873,-1.1522846221923828,-2.396757125854492,-2.690845251083374,-3.3808460235595703,-2.9420387744903564,-2.5890228748321533,-1.9134654998779297,-1.8840789794921875,-1.9240005016326904,-2.228792905807495,-2.7410078048706055,-3.001749038696289,-3.035731077194214,-2.907954454421997,-2.9542148113250732,-3.1399121284484863,-2.983384132385254,-2.7109103202819824,-2.0059874057769775,-1.0561999082565308,-0.2126830667257309,-0.03812113776803017,-0.3115488588809967,-0.33802416920661926,-0.5615881085395813,-0.6706250905990601,-0.7469188570976257,-0.9420351386070251,-1.090605616569519
-12.815284729003906,-12.559041976928711,-11.23901653289795,-9.65817642211914,-10.700933456420898,-12.589973449707031,-11.400899887084961,-8.11378288269043,-6.338540077209473,-5.591729164123535,-5.075235843658447,-3.4022130966186523,-2.094046115875244,-1.996832251548767,-1.8623788356781006,-2.313924789428711,-3.2018792629241943,-3.8240911960601807,-4.247156143188477,-3.794947862625122,-3.275352716445923,-2.927830457687378,-3.290790557861328,-2.787590980529785,-2.8691725730895996,-3.5217299461364746,-3.4265987873077393,-3.3100521564483643,-3.5440101623535156,-3.6747562885284424,-3.6207077503204346,-3.1823787689208984,-3.1226985454559326,-2.6533761024475098,-1.469326376914978,-0.7515245079994202,-0.6167052984237671,-1.0309431552886963,-1.1146079301834106,-1.2946581840515137,-1.6984103918075562,-1.8544594049453735,-2.4110312461853027,-2.2043116092681885
-13.52185344696045,-13.230691909790039,-11.885209083557129,-10.982391357421875,-13.4638032913208,-14.434934616088867,-12.971626281738281,-8.334352493286133,-7.25468635559082,-6.426311016082764,-6.378281593322754,-5.419649124145508,-3.3804662227630615,-3.7369799613952637,-3.3891184329986572,-3.2865304946899414,-3.8617420196533203,-4.4844160079956055,-4.819033622741699,-4.661024570465088,-4.227657794952393,-4.0175886154174805,-3.8043839931488037,-3.83970046043396,-3.3520326614379883,-3.635861396789551,-3.7213451862335205,-3.621673345565796,-3.807058572769165,-4.157059192657471,-4.0476789474487305,-3.7194066047668457,-3.460496425628662,-3.1206436157226562,-2.1940386295318604,-1.9923534393310547,-1.947594404220581,-2.383726119995117,-2.348583459854126,-2.8650765419006348,-3.2463488578796387,-3.3344132900238037,-4.017481327056885,-4.088430881500244
