data/wind_data/wind_57_6.json
{"header": {"parameterUnit": "KT", "parameterCategory": 2, "nx": 256, "ny": 198, "lo1": 44.73521041870117, "la1": -3.236724853515625, "lo2": 111.26478576660156, "la2": 43.468475341796875, "dx": 0.2609002888202667, "dy": -0.23708222806453705, "refTime": "2025-02-21 09:00:00", "forecastTime": 0, "parameterNumber": 2, "parameterNumberName": "eastward_wind"}, "data":
[rows 20 to 39 of 198, columns 90 to 134 of 256]
-3.8035643100738525,-4.509768009185791,-4.714017868041992,-4.979848861694336,-5.236701011657715,-5.083384990692139,-4.442914009094238,-3.7903976440429688,-3.399430274963379,-2.8841464519500732,-2.078207015991211,-1.161078691482544,-0.8892930150032043,-1.4506237506866455,-2.7250633239746094,-4.455435276031494,-5.877426624298096,-6.593038082122803,-7.026010990142822,-7.719357967376709,-8.139418601989746,-8.646491050720215,-9.463253021240234,-10.109016418457031,-10.634718894958496,-11.728568077087402,-12.977368354797363,-12.212899208068848,-10.454544067382812,-7.927384853363037,-5.120570182800293,-6.25604772567749,-7.80018424987793,-8.52308177947998,-9.918489456176758,-11.054032325744629,-11.828888893127441,-11.53658676147461,-11.471622467041016,-11.288100242614746,-11.082966804504395,-8.491172790527344,-4.130230903625488,-5.795314788818359,-7.3125762939453125
-3.4155640602111816,-4.185628414154053,-4.357097148895264,-4.364640235900879,-4.532688140869141,-4.570061206817627,-4.04380464553833,-3.2621121406555176,-2.9396049976348877,-2.577193260192871,-1.938536286354065,-1.3977614641189575,-1.2580698728561401,-1.728630781173706,-2.789254903793335,-4.14853048324585,-5.66048526763916,-7.055623531341553,-7.825855731964111,-8.078070640563965,-8.087369918823242,-8.193017959594727,-8.750807762145996,-8.896490097045898,-9.24119758605957,-10.525946617126465,-11.693639755249023,-11.48701286315918,-10.834732055664062,-9.462562561035156,-5.741179943084717,-6.726553440093994,-8.401968955993652,-8.45901107788086,-9.66910171508789,-10.836764335632324,-11.534432411193848,-11.719161033630371,-11.758749961853027,-10.831313133239746,-10.021376609802246,-9.265059471130371,-7.169139385223389,-7.888344764709473,-8.120890617370605
-3.1407556533813477,-3.7228760719299316,-4.0156941413879395,-3.9947402477264404,-3.8719429969787598,-3.8364641666412354,-3.5539748668670654,-2.6552374362945557,-1.9264647960662842,-1.6061315536499023,-1.5464946031570435,-1.7127960920333862,-1.9554178714752197,-2.1925604343414307,-2.7841339111328125,-3.6775922775268555,-5.130331993103027,-6.861544132232666,-8.021873474121094,-8.679632186889648,-8.651900291442871,-8.512863159179688,-8.972480773925781,-8.772053718566895,-8.496304512023926,-9.377063751220703,-10.57071590423584,-10.592429161071777,-9.626766204833984,-8.033288955688477,-6.608034133911133,-7.924294471740723,-8.641921997070312,-8.102432250976562,-9.265603065490723,-10.133322715759277,-10.829874038696289,-11.5101318359375,-11.964690208435059,-11.288503646850586,-10.267617225646973,-9.572319030761719,-8.415573120117188,-8.122353553771973,-7.913395404815674
-3.1529197692871094,-3.439476728439331,-3.7161061763763428,-3.641291379928589,-3.239609718322754,-3.0118680000305176,-2.935163736343384,-2.3316938877105713,-1.4371452331542969,-1.0177807807922363,-1.3376959562301636,-1.8553308248519897,-2.0891013145446777,-2.167126178741455,-2.6902451515197754,-3.4961066246032715,-4.619751453399658,-6.2562103271484375,-7.58080530166626,-8.547225952148438,-8.932011604309082,-8.85153579711914,-9.263269424438477,-9.264546394348145,-8.765646934509277,-8.87502384185791,-9.367030143737793,-9.142524719238281,-7.95555305480957,-6.965790748596191,-7.367822647094727,-8.348480224609375,-8.705399513244629,-8.39901351928711,-8.920719146728516,-8.953255653381348,-9.67885971069336,-10.714534759521484,-11.929095268249512,-11.98723316192627,-10.790224075317383,-9.56993579864502,-8.63330364227295,-8.212181091308594,-8.038862228393555
-3.497943162918091,-3.6281051635742188,-3.6115174293518066,-3.436880588531494,-3.081402540206909,-2.7120277881622314,-2.5665218830108643,-2.4374125003814697,-1.9204996824264526,-1.4798976182937622,-1.6648093461990356,-2.0880231857299805,-2.014716625213623,-1.8778984546661377,-2.4232287406921387,-3.4167253971099854,-4.254802227020264,-5.343462944030762,-6.598239898681641,-7.664324760437012,-8.36137866973877,-8.436579704284668,-8.773276329040527,-9.240382194519043,-9.100956916809082,-8.75979232788086,-8.277017593383789,-7.387998580932617,-6.671968936920166,-6.973885536193848,-7.7226691246032715,-8.719450950622559,-9.370673179626465,-9.126212120056152,-8.30443286895752,-7.955431938171387,-8.513995170593262,-9.72860050201416,-11.331411361694336,-11.912068367004395,-11.112253189086914,-9.482460021972656,-8.407307624816895,-8.409832954406738,-8.700654029846191
-3.3773367404937744,-3.3247640132904053,-3.286139726638794,-3.2700436115264893,-3.156585216522217,-2.952422618865967,-2.831700086593628,-2.912074089050293,-2.75097918510437,-2.3437297344207764,-2.16528582572937,-2.371364116668701,-2.4372146129608154,-2.4115419387817383,-2.6550776958465576,-3.3520150184631348,-4.138828277587891,-4.877251625061035,-6.006149768829346,-7.221273899078369,-7.984842300415039,-8.207524299621582,-8.228198051452637,-8.522469520568848,-8.581645011901855,-8.312450408935547,-7.790258884429932,-7.4842915534973145,-8.217247009277344,-9.07982063293457,-9.00304889678955,-9.225716590881348,-9.540060043334961,-8.938056945800781,-8.021072387695312,-7.656267166137695,-8.042983055114746,-8.937649726867676,-10.169278144836426,-10.761285781860352,-10.207249641418457,-8.943044662475586,-8.060178756713867,-8.04943561553955,-8.398696899414062
-2.9459352493286133,-2.935242176055908,-3.15042781829834,-3.4051616191864014,-3.452634572982788,-3.399216890335083,-3.2976834774017334,-3.335798740386963,-3.49643611907959,-3.419675588607788,-3.1824405193328857,-3.14170503616333,-3.3686249256134033,-3.694495439529419,-3.9148671627044678,-4.00341272354126,-4.366534233093262,-4.889845371246338,-5.889768600463867,-7.308406829833984,-8.093329429626465,-8.312189102172852,-8.088041305541992,-7.843454360961914,-7.632187366485596,-7.509414196014404,-7.667474746704102,-8.2620267868042,-9.538524627685547,-10.564062118530273,-10.0774564743042,-9.268458366394043,-9.031637191772461,-8.761359214782715,-8.009921073913574,-7.491601943969727,-7.933300971984863,-8.4859037399292,-9.002795219421387,-9.39082145690918,-8.989253997802734,-8.275239944458008,-7.742325305938721,-7.255663871765137,-7.170318603515625
-3.3094050884246826,-3.237168073654175,-3.4814164638519287,-3.82149338722229,-4.004342555999756,-3.9943947792053223,-3.9147491455078125,-3.941772222518921,-4.274531364440918,-4.541740417480469,-4.469754219055176,-4.408260345458984,-4.581597328186035,-4.851719379425049,-5.066491603851318,-5.061971664428711,-5.018887996673584,-5.174927234649658,-5.799953460693359,-7.0284342765808105,-7.882386684417725,-8.144391059875488,-7.955976963043213,-7.50311279296875,-7.194939613342285,-7.324697494506836,-7.76736307144165,-8.289554595947266,-8.845898628234863,-9.547901153564453,-9.655531883239746,-8.976776123046875,-8.40446949005127,-8.318708419799805,-7.819031715393066,-7.214946746826172,-7.550927639007568,-7.9800705909729,-8.161881446838379,-8.416083335876465,-8.40346908569336,-7.911207675933838,-7.358295917510986,-6.504743576049805,-5.712446212768555
-4.351719856262207,-4.218165874481201,-4.456540107727051,-4.771276473999023,-4.810862064361572,-4.670308589935303,-4.6434454917907715,-4.8158345222473145,-5.0506205558776855,-5.340478420257568,-5.6947221755981445,-6.006606101989746,-6.162003040313721,-6.117486953735352,-5.8786091804504395,-5.654517650604248,-5.574663162231445,-5.674180030822754,-5.9478068351745605,-6.501142501831055,-7.1618194580078125,-7.740264892578125,-7.988852024078369,-7.868188858032227,-7.739625930786133,-7.9151811599731445,-8.23219108581543,-8.43604850769043,-8.204330444335938,-8.165616035461426,-8.593815803527832,-8.446368217468262,-7.7403693199157715,-7.503498077392578,-7.381453037261963,-6.78230619430542,-6.634281158447266,-7.031085968017578,-7.44489049911499,-7.837465763092041,-8.221559524536133,-8.02353286743164,-7.1512603759765625,-5.9398627281188965,-4.620815277099609
-5.228444576263428,-5.283332347869873,-5.576904773712158,-5.735260486602783,-5.600613594055176,-5.453792572021484,-5.602733612060547,-5.957006454467773,-6.145809650421143,-6.261396884918213,-6.659073352813721,-7.288067817687988,-7.643491268157959,-7.450924873352051,-6.883724212646484,-6.303943634033203,-6.040670871734619,-6.161478519439697,-6.413158893585205,-6.528061389923096,-6.6525702476501465,-7.25021505355835,-8.127303123474121,-8.518198013305664,-8.414901733398438,-8.427339553833008,-8.693352699279785,-8.873306274414062,-8.373831748962402,-7.75508451461792,-7.843014240264893,-7.88333797454834,-7.279006004333496,-6.860480308532715,-6.819870948791504,-6.3659491539001465,-5.765422821044922,-5.982945919036865,-6.599576473236084,-7.20713472366333,-7.581620693206787,-7.397895812988281,-6.4097723960876465,-5.183796405792236,-4.5116448402404785
-5.62623405456543,-6.006780624389648,-6.255471229553223,-6.1961259841918945,-6.024824142456055,-6.052766799926758,-6.371212959289551,-6.774329662322998,-6.91530179977417,-6.947187423706055,-7.160382270812988,-7.552663326263428,-7.928694725036621,-8.116921424865723,-8.03761100769043,-7.67057466506958,-7.232622146606445,-6.968400955200195,-6.886854648590088,-6.8793134689331055,-6.768399715423584,-7.045230865478516,-8.022745132446289,-8.801010131835938,-8.871357917785645,-8.800379753112793,-9.083532333374023,-9.354392051696777,-8.959648132324219,-8.169245719909668,-7.830655097961426,-7.79619026184082,-7.304739475250244,-6.78096342086792,-6.670382499694824,-6.188617706298828,-5.4630842208862305,-5.475683212280273,-5.943762302398682,-6.653207302093506,-6.811958312988281,-5.812861919403076,-4.8442487716674805,-4.983181953430176,-5.4014458656311035
-5.800102233886719,-6.304758071899414,-6.494628429412842,-6.480757713317871,-6.524960994720459,-6.713556289672852,-6.952220916748047,-7.229986190795898,-7.421802043914795,-7.614650726318359,-7.687154769897461,-7.610654354095459,-7.666074275970459,-8.216864585876465,-8.999180793762207,-9.252219200134277,-8.735434532165527,-7.9131317138671875,-7.34921932220459,-7.229594707489014,-7.250100612640381,-7.4550557136535645,-8.123899459838867,-8.914667129516602,-9.2630615234375,-9.257472038269043,-9.413796424865723,-9.689096450805664,-9.5375337600708,-8.9750337600708,-8.556649208068848,-8.294770240783691,-7.73576021194458,-7.156895637512207,-6.9501953125,-6.4700846672058105,-5.824815273284912,-5.814465522766113,-5.98686408996582,-6.087222099304199,-5.865147590637207,-4.691630840301514,-4.298298358917236,-5.469600200653076,-6.203267574310303
-5.720480442047119,-6.17144250869751,-6.522443771362305,-6.845684051513672,-7.119385719299316,-7.2449469566345215,-7.3069071769714355,-7.561948776245117,-7.953653812408447,-8.254998207092285,-8.304040908813477,-8.194046974182129,-8.267860412597656,-8.781950950622559,-9.632977485656738,-10.084842681884766,-9.583425521850586,-8.65945053100586,-7.915811538696289,-7.638867378234863,-7.690511703491211,-7.909367084503174,-8.41736125946045,-9.062978744506836,-9.46037483215332,-9.394381523132324,-9.251070976257324,-9.35163402557373,-9.51234245300293,-9.459940910339355,-9.266634941101074,-8.854403495788574,-8.147686004638672,-7.5178656578063965,-7.303243160247803,-7.076261520385742,-6.733303546905518,-6.523128986358643,-6.238466262817383,-5.784651756286621,-5.178434371948242,-4.929082870483398,-5.298491477966309,-5.943951606750488,-6.371004104614258
-5.322625637054443,-5.8569416999816895,-6.684791564941406,-7.364485263824463,-7.573653221130371,-7.567582130432129,-7.6773505210876465,-8.106822967529297,-8.442743301391602,-8.44231128692627,-8.515790939331055,-8.780556678771973,-9.077278137207031,-9.281363487243652,-9.585675239562988,-9.873924255371094,-9.66652774810791,-9.170501708984375,-8.695408821105957,-8.285638809204102,-8.037150382995605,-8.07805061340332,-8.513168334960938,-9.095420837402344,-9.378167152404785,-9.131875038146973,-8.745393753051758,-8.718847274780273,-9.057908058166504,-9.402703285217285,-9.519970893859863,-9.367170333862305,-8.85758113861084,-8.217844009399414,-7.977828502655029,-7.90251350402832,-7.538179874420166,-6.861897945404053,-6.259705543518066,-5.779011249542236,-5.652092456817627,-6.130825519561768,-6.504941463470459,-6.475614547729492,-6.454349994659424
-5.286129474639893,-6.088637828826904,-7.07127046585083,-7.721344470977783,-7.899360179901123,-7.990347862243652,-8.325801849365234,-8.81489372253418,-8.787383079528809,-8.338677406311035,-8.311957359313965,-8.716907501220703,-9.011137962341309,-8.985514640808105,-9.010117530822754,-9.207247734069824,-9.32650089263916,-9.26287841796875,-9.136786460876465,-8.830465316772461,-8.476841926574707,-8.22907543182373,-8.38123607635498,-8.936360359191895,-9.163412094116211,-8.830205917358398,-8.364577293395996,-8.351173400878906,-8.869488716125488,-9.460023880004883,-9.746560096740723,-9.855239868164062,-9.701770782470703,-9.276971817016602,-8.84830093383789,-8.369540214538574,-7.843957901000977,-7.139282703399658,-6.492180824279785,-6.637827396392822,-7.041369915008545,-7.254480361938477,-7.418353080749512,-7.169422149658203,-6.716232776641846
-5.761393070220947,-6.756351947784424,-7.525943756103516,-7.966920375823975,-8.298763275146484,-8.675604820251465,-9.23420238494873,-9.536961555480957,-9.168487548828125,-8.675822257995605,-8.638531684875488,-8.77901554107666,-8.766833305358887,-8.788792610168457,-8.901330947875977,-8.994463920593262,-8.995820999145508,-8.958498001098633,-9.061230659484863,-8.985088348388672,-8.715044975280762,-8.514177322387695,-8.639582633972168,-8.947905540466309,-8.930184364318848,-8.65275764465332,-8.3591890335083,-8.495339393615723,-9.162227630615234,-9.745762825012207,-9.99462604522705,-10.016640663146973,-9.975257873535156,-9.84276294708252,-9.406805992126465,-8.557610511779785,-7.697549343109131,-7.291399002075195,-7.317625045776367,-7.963408470153809,-8.178329467773438,-7.886459827423096,-7.812627792358398,-7.671313762664795,-7.153542518615723
-6.645549297332764,-7.499114513397217,-8.09406566619873,-8.495368957519531,-8.914351463317871,-9.599433898925781,-10.234947204589844,-10.286222457885742,-9.966575622558594,-9.694568634033203,-9.465645790100098,-9.243226051330566,-9.024670600891113,-9.115400314331055,-9.326955795288086,-9.155985832214355,-8.853384971618652,-8.8444242477417,-9.016343116760254,-8.980690002441406,-9.019936561584473,-9.22934627532959,-9.451027870178223,-9.39468765258789,-9.161422729492188,-9.040060043334961,-8.986565589904785,-9.282647132873535,-9.772625923156738,-9.943376541137695,-9.889213562011719,-9.674192428588867,-9.489031791687012,-9.574280738830566,-9.754036903381348,-9.196769714355469,-8.34920597076416,-8.054890632629395,-8.196832656860352,-8.62032699584961,-8.7131929397583,-8.276559829711914,-8.170384407043457,-8.210859298706055,-7.9189863204956055
-7.457978248596191,-8.37137222290039,-8.887313842773438,-9.283061981201172,-9.763132095336914,-10.43049144744873,-10.855597496032715,-10.844924926757812,-10.729117393493652,-10.539327621459961,-10.163962364196777,-9.855916023254395,-9.66408920288086,-9.7705659866333,-9.859532356262207,-9.633049964904785,-9.359170913696289,-9.336563110351562,-9.371105194091797,-9.27299976348877,-9.546761512756348,-10.096741676330566,-10.352398872375488,-10.249590873718262,-10.193181991577148,-10.133719444274902,-10.021108627319336,-10.227901458740234,-10.546483993530273,-10.336122512817383,-9.59819507598877,-9.040714263916016,-8.812640190124512,-9.254770278930664,-10.068591117858887,-10.048524856567383,-9.499841690063477,-9.136565208435059,-8.789005279541016,-8.84429931640625,-9.1470365524292,-8.929011344909668,-8.716998100280762,-8.76734733581543,-8.617035865783691
-8.157768249511719,-9.149991035461426,-9.634822845458984,-10.04361343383789,-10.518345832824707,-10.94316577911377,-11.150540351867676,-11.176408767700195,-10.98095417022705,-10.72673225402832,-10.698951721191406,-10.6987886428833,-10.740910530090332,-10.981304168701172,-10.779623031616211,-10.433516502380371,-10.128289222717285,-9.955924034118652,-9.861618041992188,-9.791250228881836,-10.11635684967041,-10.790472984313965,-11.101781845092773,-11.033163070678711,-11.088358879089355,-11.239998817443848,-11.297823905944824,-11.317473411560059,-11.374465942382812,-11.009952545166016,-10.111899375915527,-9.29334831237793,-9.155787467956543,-9.729365348815918,-10.404932022094727,-10.36062240600586,-9.893229484558105,-9.328001976013184,-8.754408836364746,-8.885833740234375,-9.4990816116333,-9.590170860290527,-9.247413635253906,-9.147253036499023,-9.216035842895508
-8.607264518737793,-9.40373420715332,-9.83145523071289,-10.394733428955078,-10.865501403808594,-11.056925773620605,-11.200742721557617,-11.278406143188477,-11.175443649291992,-11.037532806396484,-11.166727066040039,-11.428224563598633,-11.81477165222168,-11.924818992614746,-11.420713424682617,-10.888932228088379,-10.333901405334473,-9.965167045593262,-10.003101348876953,-10.175877571105957,-10.428582191467285,-11.047269821166992,-11.453688621520996,-11.435192108154297,-11.287376403808594,-11.328292846679688,-11.478707313537598,-11.43769359588623,-11.32715129852295,-11.42986011505127,-11.285144805908203,-10.51632022857666,-9.96664047241211,-10.154090881347656,-10.535799026489258,-10.419625282287598,-9.529600143432617,-8.708609580993652,-8.363401412963867,-8.532816886901855,-9.247417449951172,-9.80260944366455,-9.74648380279541,-9.760712623596191,-9.725374221801758
