data/wind_data/wind_6_4.json
{"header": {"parameterUnit": "KT", "parameterCategory": 2, "nx": 256, "ny": 198, "lo1": 44.73521041870117, "la1": -3.236724853515625, "lo2": 111.26478576660156, "la2": 43.468475341796875, "dx": 0.2609002888202667, "dy": -0.23708222806453705, "refTime": "2025-02-19 06:00:00", "forecastTime": 0, "parameterNumber": 2, "parameterNumberName": "eastward_wind"}, "data":
[rows 171 to 189 of 198, columns 176 to 219 of 256]
32.35531234741211,31.8347110748291,32.32960891723633,33.086265563964844,32.705013275146484,30.94490623474121,28.393539428710938,26.455305099487305,25.459484100341797,25.31780242919922,25.956832885742188,26.833131790161133,28.36626625061035,29.24081802368164,28.263769149780273,26.152225494384766,25.825658798217773,27.121055603027344,29.12881088256836,30.663026809692383,31.473176956176758,31.354419708251953,30.40751075744629,30.302349090576172,31.59079360961914,27.85186004638672,27.25613021850586,32.2031135559082,31.388328552246094,26.921958923339844,24.322816848754883,26.857261657714844,26.877382278442383,20.362001419067383,18.403003692626953,14.73528003692627,19.460790634155273,19.65274429321289,22.679285049438477,24.22286033630371,24.8515682220459,25.703170776367188,24.5965518951416,21.000944137573242
30.77650260925293,29.58599281311035,31.488218307495117,35.01214599609375,36.477718353271484,36.82114028930664,37.038734436035156,36.82808303833008,35.78657913208008,33.896907806396484,31.392459869384766,29.99501609802246,30.622880935668945,31.826772689819336,31.8485107421875,31.020139694213867,29.74612045288086,28.68935203552246,29.228384017944336,30.915241241455078,32.09825897216797,31.15826988220215,31.55095100402832,32.51013946533203,33.40205001831055,32.75554656982422,33.37400817871094,33.296478271484375,28.87081527709961,28.551633834838867,27.82615852355957,28.805734634399414,20.179882049560547,21.09479331970215,24.006563186645508,19.695709228515625,19.661653518676758,22.252517700195312,22.10165023803711,20.6990966796875,21.67365074157715,23.272958755493164,22.81951904296875,20.11098289489746
29.52750587463379,28.94672203063965,29.195341110229492,32.157047271728516,33.40464401245117,33.29692077636719,36.401939392089844,38.37818908691406,37.23014831542969,36.189029693603516,35.41205978393555,34.3989372253418,33.69598388671875,32.2026481628418,29.1680965423584,28.151554107666016,29.347448348999023,30.891496658325195,31.8060245513916,32.26974868774414,32.359554290771484,32.344970703125,31.964487075805664,32.616111755371094,34.594581604003906,36.24545669555664,31.78257179260254,29.98674964904785,30.360942840576172,24.502197265625,19.471452713012695,19.127460479736328,17.882450103759766,23.543746948242188,23.30670166015625,24.45928955078125,23.738685607910156,18.807308197021484,16.51569938659668,18.008344650268555,19.812744140625,20.414783477783203,19.967039108276367,17.310054779052734
28.53920555114746,28.79645347595215,29.285253524780273,30.193262100219727,30.81754493713379,30.96347427368164,32.77132034301758,34.18997573852539,33.54207992553711,33.64164352416992,35.2799072265625,36.2924919128418,35.82402038574219,36.000572204589844,33.00405502319336,28.979290008544922,27.781227111816406,30.14496421813965,32.821006774902344,32.04280471801758,31.090993881225586,31.6893253326416,32.070892333984375,32.90258026123047,34.63540267944336,31.705156326293945,28.61861801147461,28.675382614135742,25.851064682006836,20.351625442504883,17.472408294677734,15.33687973022461,21.350351333618164,24.650529861450195,23.38190269470215,21.215219497680664,17.506452560424805,14.509017944335938,15.661919593811035,17.859378814697266,18.218311309814453,16.8076229095459,15.502083778381348,14.121976852416992
27.284727096557617,27.677453994750977,27.895055770874023,28.387489318847656,28.579591751098633,28.013479232788086,27.961421966552734,29.030963897705078,30.39426040649414,31.36944007873535,34.25823974609375,35.71839904785156,34.64755630493164,34.36802673339844,38.305137634277344,37.4532356262207,34.64247131347656,34.143714904785156,34.35496520996094,34.43720626831055,33.23975372314453,33.82831954956055,35.535831451416016,33.908912658691406,33.9270133972168,31.87478256225586,30.381065368652344,30.335002899169922,25.395448684692383,20.552335739135742,23.18077850341797,22.854398727416992,21.19160270690918,18.83757972717285,17.10348129272461,14.986207962036133,12.062176704406738,11.372039794921875,13.504257202148438,15.648123741149902,15.400337219238281,13.732706069946289,12.998177528381348,13.329657554626465
24.634296417236328,25.2413330078125,25.635116577148438,25.716815948486328,25.26610565185547,24.344587326049805,23.80999755859375,24.196510314941406,25.438142776489258,27.234573364257812,30.61179542541504,31.837249755859375,30.95543670654297,32.01813888549805,34.84475326538086,36.87709426879883,35.710243225097656,33.25112533569336,31.902193069458008,33.256168365478516,35.202430725097656,37.317222595214844,38.042266845703125,35.79875183105469,35.292293548583984,34.83100509643555,32.06144714355469,34.739891052246094,37.61358642578125,31.68769073486328,22.50302505493164,17.742942810058594,14.313419342041016,11.349517822265625,10.525495529174805,10.806182861328125,10.39835262298584,10.641427040100098,12.145586013793945,12.78785228729248,12.3959379196167,11.493392944335938,11.674945831298828,12.82764720916748
22.611007690429688,22.846206665039062,23.261280059814453,23.472488403320312,23.10207176208496,22.221250534057617,21.474002838134766,21.42820930480957,22.01197052001953,23.186044692993164,24.94404411315918,26.709901809692383,26.81296730041504,26.102046966552734,27.173864364624023,29.606882095336914,31.439739227294922,32.39044189453125,30.324872970581055,28.457372665405273,28.420534133911133,31.543058395385742,30.429424285888672,26.085750579833984,26.175737380981445,27.824676513671875,32.8289794921875,33.047237396240234,25.44149398803711,18.271350860595703,13.039588928222656,10.888960838317871,9.69132137298584,8.27326774597168,7.916877746582031,8.880284309387207,9.99347972869873,10.45078182220459,10.33777141571045,10.516961097717285,11.009453773498535,11.268248558044434,11.522768020629883,11.666077613830566
20.68723487854004,20.64600372314453,21.120315551757812,21.558032989501953,21.371810913085938,20.555391311645508,19.787355422973633,19.660615921020508,20.075204849243164,21.119352340698242,22.92853355407715,24.444929122924805,25.101211547851562,26.30418586730957,26.7188663482666,26.68663215637207,28.135372161865234,30.66329574584961,29.725996017456055,25.89000129699707,22.257198333740234,20.26113510131836,17.165489196777344,16.458763122558594,18.42028045654297,20.306238174438477,19.920156478881836,17.053911209106445,13.024885177612305,10.617712020874023,9.299485206604004,8.84471607208252,8.744856834411621,8.690443992614746,9.303796768188477,10.713937759399414,10.83549976348877,10.211504936218262,10.368891716003418,11.1781587600708,11.567660331726074,11.56987190246582,11.381019592285156,11.30009651184082
19.29297637939453,18.825294494628906,18.881439208984375,19.17791748046875,19.015609741210938,18.238149642944336,17.590042114257812,17.441991806030273,17.67832374572754,18.302364349365234,19.44800567626953,20.8525390625,22.157657623291016,23.662761688232422,25.08759117126465,25.71049690246582,26.62750816345215,28.76238250732422,29.51476287841797,27.319231033325195,24.806095123291016,20.9172306060791,17.65151023864746,18.747968673706055,18.746719360351562,15.80276870727539,12.387517929077148,10.793436050415039,10.451810836791992,10.191216468811035,9.806917190551758,10.11832046508789,10.841961860656738,11.542438507080078,12.164618492126465,12.454184532165527,11.621910095214844,11.255743980407715,11.81348991394043,12.180712699890137,12.08821964263916,11.98599624633789,11.966716766357422,12.359912872314453
18.778676986694336,17.848783493041992,17.27705955505371,17.023073196411133,16.481428146362305,15.653387069702148,15.092546463012695,14.847142219543457,14.776771545410156,14.951643943786621,15.546211242675781,16.4625301361084,17.72386360168457,19.392879486083984,21.204891204833984,21.87834358215332,22.125064849853516,23.468849182128906,25.253374099731445,24.797243118286133,21.994129180908203,19.289642333984375,18.181432723999023,19.64739227294922,19.161970138549805,15.860039710998535,13.407944679260254,12.774069786071777,12.461828231811523,11.951620101928711,11.864500999450684,12.404655456542969,12.951408386230469,13.299298286437988,13.357707023620605,12.772639274597168,12.120960235595703,12.111968994140625,12.453433990478516,12.643619537353516,12.7605619430542,12.900280952453613,13.319294929504395,14.242193222045898
18.738101959228516,17.660795211791992,16.896270751953125,16.366235733032227,15.538705825805664,14.503277778625488,13.737854957580566,13.444038391113281,13.370744705200195,13.301836013793945,13.277671813964844,13.419169425964355,14.076038360595703,14.748201370239258,14.81059741973877,14.95668888092041,15.821393966674805,17.35401153564453,18.698448181152344,18.685226440429688,17.983951568603516,17.319059371948242,17.196218490600586,18.112140655517578,17.741058349609375,15.844677925109863,14.154232025146484,12.655962944030762,11.920281410217285,12.421666145324707,13.453821182250977,14.26118278503418,14.429742813110352,13.908768653869629,12.70518970489502,11.746959686279297,11.584895133972168,11.826468467712402,12.365972518920898,13.007822036743164,13.401216506958008,13.838679313659668,14.753949165344238,15.869468688964844
18.93141746520996,17.9239501953125,17.24005699157715,16.9028377532959,16.454723358154297,15.53104019165039,14.619842529296875,14.154372215270996,13.909812927246094,13.578938484191895,12.898097038269043,12.297689437866211,12.022347450256348,11.42520809173584,10.533345222473145,10.341740608215332,11.521580696105957,13.400646209716797,14.920807838439941,15.562638282775879,15.75094223022461,15.768795013427734,15.971955299377441,15.744771003723145,14.887954711914062,14.14554500579834,13.285759925842285,12.420685768127441,12.614852905273438,13.494900703430176,14.20699691772461,14.682547569274902,14.276503562927246,12.838298797607422,11.593268394470215,11.302165031433105,11.575201034545898,12.193711280822754,12.93179702758789,13.48104190826416,14.03147029876709,14.949544906616211,16.03627586364746,17.03006935119629
19.37051010131836,18.308090209960938,17.598875045776367,17.118335723876953,16.71101951599121,16.307939529418945,15.863423347473145,15.271610260009766,14.750544548034668,14.239951133728027,13.296876907348633,12.173933982849121,10.614234924316406,9.230360984802246,8.624035835266113,8.115394592285156,8.894628524780273,11.696305274963379,14.018619537353516,14.524575233459473,14.48935317993164,14.74618148803711,14.456730842590332,13.438624382019043,12.712324142456055,12.519906997680664,12.71706485748291,13.022067070007324,13.279653549194336,12.801054000854492,12.307448387145996,12.347879409790039,12.227359771728516,12.018857955932617,11.909136772155762,12.087238311767578,12.617948532104492,13.18733024597168,13.585729598999023,14.093172073364258,14.939471244812012,15.91862678527832,16.76112937927246,17.474218368530273
20.335805892944336,19.04300308227539,18.435758590698242,17.863727569580078,17.138282775878906,16.515972137451172,16.179893493652344,15.900470733642578,15.391658782958984,14.556981086730957,13.418832778930664,11.918933868408203,9.299703598022461,7.435278415679932,6.861022472381592,6.423328876495361,6.965496063232422,10.2371244430542,13.888604164123535,14.881585121154785,13.674419403076172,12.501723289489746,12.259761810302734,12.009684562683105,11.390572547912598,11.480352401733398,11.90352725982666,11.836634635925293,11.255158424377441,10.65388298034668,10.536064147949219,10.916380882263184,11.317614555358887,11.648514747619629,12.177986145019531,12.938164710998535,13.355670928955078,13.405677795410156,13.762666702270508,14.530619621276855,15.32103157043457,15.942780494689941,16.473709106445312,16.99839210510254
22.186311721801758,20.546043395996094,19.568082809448242,19.00955581665039,18.068952560424805,16.989830017089844,16.265302658081055,15.543293952941895,14.74751091003418,14.038827896118164,13.032990455627441,11.55880069732666,9.05369758605957,6.898157119750977,5.7536702156066895,5.057387351989746,5.7777605056762695,8.896328926086426,13.29157543182373,14.889558792114258,12.420692443847656,10.020017623901367,10.034035682678223,10.473628044128418,10.357717514038086,10.27791690826416,9.964920997619629,9.560494422912598,9.60097885131836,9.818404197692871,9.7637300491333,9.872126579284668,10.401741027832031,11.439339637756348,12.631998062133789,13.10024642944336,12.966018676757812,13.248519897460938,14.06944751739502,14.680026054382324,14.952112197875977,15.17116928100586,15.539973258972168,16.07634162902832
23.27602767944336,21.95830535888672,20.810216903686523,19.869260787963867,18.661067962646484,17.319955825805664,16.4049015045166,15.321008682250977,14.05074405670166,13.159642219543457,12.353195190429688,10.980867385864258,9.000443458557129,7.044430732727051,5.608945846557617,5.057812213897705,6.523014545440674,8.634793281555176,11.444306373596191,12.777327537536621,10.833785057067871,8.613533020019531,8.424592018127441,8.612139701843262,8.220501899719238,7.918402194976807,8.032876968383789,8.546366691589355,8.935582160949707,8.729596138000488,8.700758934020996,9.513976097106934,10.930689811706543,12.31790828704834,12.701926231384277,12.320674896240234,12.53973388671875,13.367532730102539,13.96177864074707,14.064170837402344,14.088761329650879,14.29325008392334,14.728453636169434,15.33422565460205
24.383108139038086,22.999635696411133,21.73284912109375,20.69883155822754,19.291858673095703,17.631975173950195,16.387901306152344,14.950528144836426,13.152482032775879,12.116914749145508,11.402109146118164,10.280418395996094,8.402497291564941,6.949360370635986,6.532652378082275,6.587596893310547,7.70155668258667,8.8750638961792,9.714515686035156,10.045680046081543,9.942901611328125,9.05008602142334,7.3693413734436035,6.052642345428467,5.979329586029053,6.729613304138184,7.567269802093506,7.847862720489502,7.676753044128418,7.919195652008057,9.039458274841309,10.580461502075195,11.94881534576416,12.532073020935059,12.199766159057617,11.91175651550293,12.20838451385498,12.685117721557617,13.019420623779297,13.246964454650879,13.46631908416748,13.76025104522705,14.293949127197266,15.031074523925781
25.090139389038086,23.348262786865234,21.63479232788086,20.561779022216797,19.18921661376953,17.32735824584961,15.505236625671387,13.754219055175781,12.247973442077637,10.972321510314941,10.084426879882812,9.036369323730469,7.725297927856445,7.199977874755859,7.732872486114502,8.237059593200684,9.050097465515137,9.960699081420898,9.909764289855957,9.889924049377441,9.927475929260254,7.974704742431641,5.788422584533691,5.602123260498047,6.251986980438232,6.55625581741333,6.525258541107178,6.7986345291137695,7.568088531494141,8.561917304992676,9.818928718566895,11.063865661621094,11.806241989135742,11.89714527130127,11.493345260620117,11.18537425994873,11.30626392364502,11.698332786560059,12.152024269104004,12.54735279083252,12.866384506225586,13.301688194274902,13.989410400390625,14.790884017944336
24.345962524414062,23.145061492919922,21.21561622619629,19.342315673828125,17.36811065673828,15.18678092956543,13.040722846984863,11.470712661743164,10.473079681396484,9.252092361450195,8.107680320739746,7.057745456695557,6.831223964691162,7.199276447296143,7.9831366539001465,8.724634170532227,8.965837478637695,8.787605285644531,8.617154121398926,8.119919776916504,6.493527412414551,5.047744274139404,5.190072536468506,5.632223129272461,5.714086055755615,5.83865213394165,6.6030449867248535,7.676899433135986,8.502593040466309,9.326353073120117,10.6382417678833,11.899754524230957,12.151457786560059,11.433664321899414,10.549546241760254,10.138900756835938,10.295042037963867,10.799132347106934,11.277167320251465,11.615020751953125,12.001898765563965,12.519050598144531,13.167699813842773,13.87435531616211
