data/wind_data/wind_1_9.json
{"header": {"parameterUnit": "KT", "parameterCategory": 2, "nx": 256, "ny": 198, "lo1": 44.73521041870117, "la1": -3.236724853515625, "lo2": 111.26478576660156, "la2": 43.468475341796875, "dx": 0.2609002888202667, "dy": -0.23708222806453705, "refTime": "2025-02-19 01:00:00", "forecastTime": 0, "parameterNumber": 2, "parameterNumberName": "eastward_wind"}, "data":
[rows 133 to 151 of 198, columns 88 to 131 of 256]
15.684736251831055,13.762057304382324,13.156182289123535,13.702946662902832,13.152450561523438,11.882569313049316,11.127337455749512,10.684578895568848,9.624497413635254,8.78088665008545,9.021719932556152,9.813149452209473,10.864153861999512,12.122283935546875,12.805965423583984,12.408671379089355,10.937007904052734,8.810929298400879,6.014200210571289,3.3472087383270264,2.787001848220825,4.0519280433654785,5.4264655113220215,6.033588886260986,6.3469038009643555,6.169665813446045,5.073397159576416,3.6384196281433105,3.267047643661499,4.643572807312012,7.038875579833984,8.861405372619629,9.673234939575195,10.328201293945312,11.060208320617676,11.215396881103516,10.745524406433105,10.367512702941895,10.045719146728516,8.95554256439209,7.052602291107178,7.227083683013916,9.667865753173828,10.55077075958252
15.011341094970703,13.776294708251953,12.888219833374023,12.070160865783691,10.96030044555664,9.766510009765625,9.118205070495605,8.937786102294922,8.69902515411377,8.410134315490723,8.420557975769043,8.621315002441406,9.137285232543945,10.171773910522461,11.662647247314453,12.242569923400879,11.351137161254883,9.356021881103516,5.964414596557617,3.2021663188934326,3.0614356994628906,4.414594650268555,5.7180094718933105,6.357874870300293,6.195050239562988,5.142146587371826,3.7442188262939453,2.968100070953369,3.340672016143799,4.846349716186523,6.922469139099121,8.831547737121582,9.962514877319336,10.317303657531738,10.492077827453613,10.843321800231934,11.020660400390625,10.558162689208984,8.98814868927002,6.795365333557129,6.1046624183654785,8.253037452697754,10.05080795288086,7.758085250854492
12.764106750488281,12.692617416381836,12.217529296875,10.708415985107422,9.673630714416504,8.855300903320312,7.994279861450195,7.859025478363037,8.209813117980957,8.004685401916504,8.003183364868164,8.3836088180542,8.300268173217773,8.47700023651123,9.806633949279785,11.559518814086914,12.228882789611816,10.79262924194336,7.200450897216797,4.301021575927734,4.05013370513916,5.089273452758789,6.006988525390625,6.484397888183594,6.230158805847168,5.159550189971924,3.9884867668151855,3.5759215354919434,3.9171581268310547,4.857493877410889,6.197310924530029,8.108278274536133,9.642294883728027,10.033452987670898,10.120192527770996,10.468658447265625,10.471891403198242,9.921566009521484,8.81356143951416,7.218820095062256,6.812473297119141,8.142951011657715,8.46591854095459,6.771259307861328
10.355180740356445,10.580427169799805,10.435564994812012,9.412636756896973,8.827550888061523,8.532364845275879,7.920224666595459,7.467502117156982,7.467226505279541,7.713472366333008,8.567529678344727,9.261085510253906,8.720941543579102,7.718594074249268,8.052983283996582,9.969895362854004,11.648584365844727,11.147247314453125,8.579828262329102,6.17334508895874,5.154390811920166,5.392023086547852,5.993052005767822,6.36970853805542,6.445077419281006,6.114673137664795,5.283548831939697,4.445450305938721,4.423938274383545,5.121006011962891,6.371847629547119,7.881011486053467,8.69440746307373,8.694540023803711,8.9744234085083,9.836751937866211,9.996532440185547,9.059905052185059,8.321343421936035,7.185351371765137,6.110049247741699,7.064227104187012,8.646331787109375,8.265565872192383
8.391036987304688,8.140474319458008,8.45483112335205,8.801847457885742,9.050309181213379,9.107759475708008,8.419062614440918,7.524731636047363,7.361231327056885,7.835657596588135,8.559218406677246,9.162242889404297,8.588579177856445,7.443977355957031,8.117539405822754,10.463027954101562,11.823973655700684,10.949573516845703,9.06557559967041,7.55750846862793,6.104010105133057,5.263550758361816,5.372770309448242,5.678583145141602,6.139488697052002,6.887502193450928,6.847538471221924,5.985987186431885,5.38870906829834,5.495201110839844,6.619019031524658,7.867568492889404,8.082257270812988,7.365329742431641,7.357046127319336,8.095257759094238,7.325263500213623,6.344573974609375,6.141696929931641,4.753913879394531,4.585672855377197,7.026637077331543,8.964104652404785,8.630609512329102
6.559532165527344,6.989319324493408,7.850778579711914,8.323064804077148,8.459566116333008,8.745412826538086,9.104079246520996,9.770856857299805,9.4443998336792,8.568087577819824,8.574337005615234,9.195606231689453,8.877437591552734,7.790168285369873,7.920498847961426,10.047518730163574,12.069677352905273,11.73963737487793,10.785236358642578,10.166363716125488,8.732841491699219,7.008724212646484,5.691683769226074,5.101706027984619,5.536783695220947,6.3979997634887695,7.061380863189697,7.146383285522461,6.21629524230957,5.4186906814575195,6.138699054718018,7.359288215637207,7.329990863800049,6.832344055175781,7.160963535308838,6.6810808181762695,5.922395706176758,6.308426856994629,5.1053619384765625,3.2229042053222656,4.526909351348877,7.96703577041626,10.283819198608398,9.651679992675781
5.9752912521362305,7.064297676086426,7.524059772491455,8.14088249206543,8.333353042602539,7.7464447021484375,8.050006866455078,10.26953125,10.806723594665527,9.932109832763672,9.99279499053955,10.239855766296387,9.61017894744873,8.313687324523926,7.743782997131348,9.086746215820312,11.414435386657715,12.351046562194824,12.248237609863281,11.285821914672852,9.68187427520752,8.619420051574707,7.442157745361328,6.051794528961182,5.555348873138428,6.163820266723633,7.2061238288879395,7.300776958465576,6.180372714996338,5.395299911499023,5.669122695922852,6.461232662200928,7.060922145843506,7.748235702514648,7.6960320472717285,5.973464012145996,5.865914344787598,6.616072177886963,4.838626384735107,3.5669620037078857,5.604228496551514,8.997476577758789,10.655271530151367,8.850090026855469
4.937957286834717,5.676437854766846,6.008927345275879,7.270214557647705,8.326789855957031,7.916006088256836,8.2960786819458,10.25163745880127,10.796823501586914,10.70851993560791,11.3899564743042,11.46186637878418,10.638096809387207,9.401116371154785,8.596063613891602,9.317997932434082,10.948077201843262,11.771657943725586,11.417665481567383,10.552053451538086,9.686156272888184,9.475266456604004,8.94067668914795,7.4223527908325195,6.319308757781982,6.997126579284668,8.05286979675293,7.641733169555664,5.831440448760986,4.290877819061279,3.6808152198791504,4.978801250457764,7.3933610916137695,8.751282691955566,7.489118576049805,5.072103500366211,5.11065149307251,5.7316203117370605,5.34201717376709,5.095263481140137,6.551726818084717,8.771105766296387,8.579761505126953,6.470376968383789
3.799525499343872,4.159427165985107,4.993424892425537,6.512884616851807,8.59427547454834,9.624735832214355,9.99407958984375,10.150690078735352,9.989418029785156,10.553018569946289,11.934160232543945,12.456292152404785,11.837053298950195,10.8132963180542,9.976349830627441,10.215498924255371,11.117537498474121,11.378334045410156,10.856825828552246,10.126518249511719,9.86318588256836,10.04209041595459,9.670923233032227,8.245062828063965,7.177273273468018,7.594290256500244,8.403471946716309,8.061767578125,6.076191425323486,3.5975735187530518,2.6069746017456055,4.6148681640625,7.591838836669922,8.58726692199707,6.180000305175781,3.613177537918091,5.1022138595581055,6.518023490905762,5.877840995788574,5.9204936027526855,7.0452494621276855,9.035000801086426,8.68432331085205,5.824622631072998
4.366131782531738,3.7017993927001953,4.537678241729736,6.541731357574463,9.077381134033203,10.654112815856934,10.803616523742676,10.192811012268066,9.89915657043457,10.743413925170898,12.278402328491211,13.209909439086914,12.94430923461914,11.960073471069336,11.042466163635254,11.219926834106445,12.135387420654297,12.425871849060059,11.960615158081055,11.115038871765137,10.502182960510254,10.182255744934082,9.150858879089355,7.497186183929443,6.529682159423828,6.444873809814453,6.868497371673584,7.125030517578125,6.514048099517822,4.710325241088867,3.4658262729644775,4.343926429748535,6.46375036239624,7.340614318847656,4.574405670166016,1.9096200466156006,3.4611268043518066,5.858914852142334,5.831860065460205,5.627152442932129,6.646687030792236,8.903242111206055,9.064478874206543,5.9556803703308105
6.08116340637207,4.80884313583374,5.271439075469971,7.1442131996154785,9.355367660522461,10.392007827758789,10.15947437286377,10.401774406433105,10.989232063293457,11.698524475097656,12.796747207641602,13.934164047241211,13.858936309814453,12.78805923461914,11.924877166748047,12.098420143127441,12.861567497253418,12.998804092407227,12.458797454833984,11.877850532531738,10.354373931884766,7.912161350250244,5.966060638427734,4.876357078552246,4.16438627243042,3.9379465579986572,4.23715877532959,5.109372138977051,6.027715682983398,5.22540283203125,3.0518553256988525,3.895568370819092,7.188324928283691,6.6572465896606445,2.119904041290283,0.24594436585903168,1.631127119064331,3.8550400733947754,5.301435470581055,6.3830037117004395,7.651645183563232,8.314696311950684,6.900228977203369,4.023582935333252
7.873175144195557,7.084186553955078,7.491019248962402,8.463829040527344,9.777194023132324,10.619622230529785,10.63526439666748,11.094189643859863,11.715906143188477,11.92576789855957,12.699112892150879,14.010924339294434,14.014801025390625,12.676087379455566,12.118752479553223,12.199406623840332,12.083812713623047,11.898321151733398,11.766864776611328,10.48922061920166,7.207340717315674,4.0724663734436035,2.833028793334961,2.1443021297454834,1.4457671642303467,1.1902170181274414,2.20607328414917,4.146920204162598,5.2510576248168945,4.238946914672852,3.0361275672912598,5.292242050170898,8.284991264343262,7.127950191497803,3.5447962284088135,1.2324047088623047,0.9621202945709229,3.0057613849639893,5.866759300231934,8.33907699584961,8.546855926513672,5.7299652099609375,3.0982844829559326,3.3648009300231934
9.569722175598145,9.67055606842041,10.080355644226074,10.894912719726562,12.574751853942871,13.79455852508545,13.517865180969238,12.520193099975586,11.919508934020996,11.751934051513672,12.237704277038574,13.59670639038086,14.630758285522461,13.584980010986328,12.283358573913574,11.55493450164795,11.448465347290039,11.536619186401367,10.682113647460938,7.5823187828063965,3.5005016326904297,1.3370075225830078,1.2244325876235962,0.9423766732215881,0.629119873046875,1.5064245462417603,3.230560541152954,4.313335418701172,4.714923858642578,4.13179874420166,3.8560664653778076,6.577232837677002,8.944941520690918,7.936254501342773,5.921162128448486,3.6740505695343018,2.824988842010498,4.395431995391846,6.576913833618164,8.758574485778809,7.680233001708984,3.507368803024292,1.7254104614257812,3.9009273052215576
10.280326843261719,10.610947608947754,10.875100135803223,11.893634796142578,14.12553596496582,15.807844161987305,15.810514450073242,14.273179054260254,12.33088493347168,11.511665344238281,12.05260181427002,12.954437255859375,13.787006378173828,12.897147178649902,11.335680961608887,10.859095573425293,10.493169784545898,9.461055755615234,7.911981582641602,5.237802028656006,1.9725069999694824,0.3665236532688141,0.46983861923217773,0.8998599052429199,1.8300154209136963,3.789926767349243,4.699725151062012,4.013085842132568,4.083018779754639,5.1478142738342285,6.151428699493408,8.01901912689209,10.012240409851074,9.509151458740234,7.016153812408447,5.1547770500183105,5.264449596405029,5.690603256225586,6.186683177947998,8.258872032165527,7.203273773193359,4.0282301902771,3.363163471221924,4.046271324157715
9.934326171875,10.35322093963623,11.738470077514648,12.9563570022583,14.109225273132324,15.363523483276367,15.798834800720215,14.862227439880371,13.695026397705078,13.114238739013672,12.665336608886719,12.23906135559082,12.033482551574707,11.786230087280273,11.081469535827637,9.414793968200684,7.256237030029297,5.39815092086792,3.932180404663086,2.788532018661499,1.728150486946106,1.025061845779419,0.7860203981399536,1.9242656230926514,4.035550594329834,5.765097618103027,5.038697719573975,3.657283067703247,4.876322269439697,6.871448040008545,8.536628723144531,9.436606407165527,10.150391578674316,9.920954704284668,7.3849029541015625,5.737383842468262,4.863771438598633,3.2528529167175293,4.803276062011719,8.33831787109375,7.5003862380981445,4.496483325958252,4.123810291290283,4.2475152015686035
9.739277839660645,10.804871559143066,13.080389022827148,14.40650463104248,15.120534896850586,16.2584171295166,16.590320587158203,15.30644416809082,14.544746398925781,14.506546974182129,13.346853256225586,12.051520347595215,11.327071189880371,10.670985221862793,9.032526016235352,7.483158588409424,6.256937503814697,4.671337604522705,3.220409631729126,2.705705404281616,2.5924227237701416,2.3651123046875,2.396742820739746,3.6452767848968506,5.80557107925415,6.8850998878479,5.656088352203369,4.680142879486084,5.966754913330078,7.803879737854004,9.230681419372559,10.663603782653809,10.575838088989258,8.166898727416992,6.131186008453369,5.222017288208008,4.014067649841309,4.126428604125977,6.093216419219971,7.296616554260254,5.488877773284912,3.7627151012420654,3.8140954971313477,5.181173324584961
10.082982063293457,11.124068260192871,13.451789855957031,15.461432456970215,16.8255558013916,17.791900634765625,17.31670570373535,15.74249267578125,15.270360946655273,15.015628814697266,13.143304824829102,11.241819381713867,10.964695930480957,10.839098930358887,9.01915454864502,7.483419418334961,7.003882884979248,6.624963283538818,5.730646133422852,4.833004951477051,4.545592308044434,4.5043792724609375,4.435905933380127,5.049792766571045,6.565680027008057,6.652815818786621,4.974679470062256,5.060262680053711,7.11159086227417,7.965994834899902,8.97737979888916,11.357398986816406,10.535696983337402,6.7582902908325195,5.945466995239258,6.044937610626221,4.306393623352051,4.16790246963501,6.0123491287231445,6.64929723739624,5.211848735809326,3.6089377403259277,3.6785264015197754,5.940138816833496
10.519730567932129,11.753498077392578,13.100056648254395,14.733033180236816,16.845836639404297,18.264541625976562,17.329580307006836,15.938942909240723,15.62324047088623,14.764793395996094,12.77292537689209,11.643532752990723,11.786908149719238,11.66746997833252,10.103815078735352,8.539937973022461,8.7306547164917,9.3338623046875,8.892593383789062,8.005050659179688,7.498531341552734,7.780438423156738,7.61862850189209,6.6151862144470215,6.228369235992432,6.008890151977539,5.780118942260742,6.142984390258789,7.332158088684082,8.492058753967285,9.682148933410645,11.504661560058594,10.332112312316895,6.789767742156982,5.971724033355713,6.93083381652832,5.6480255126953125,3.6396121978759766,4.715451240539551,5.710659503936768,4.888360023498535,3.597842216491699,4.350480556488037,6.278934955596924
11.131742477416992,12.771872520446777,13.495208740234375,14.249155044555664,16.191476821899414,17.96927833557129,17.36098289489746,16.219823837280273,15.811746597290039,15.424346923828125,14.589216232299805,13.490126609802246,12.372906684875488,11.34088134765625,10.030165672302246,9.263261795043945,9.97428035736084,11.071533203125,11.138740539550781,10.343830108642578,9.775432586669922,10.613798141479492,10.751200675964355,8.611310005187988,7.151006698608398,7.7302141189575195,8.744938850402832,8.265719413757324,8.089676856994629,9.243040084838867,10.053540229797363,10.907113075256348,9.896674156188965,7.576327323913574,7.115841388702393,7.343867778778076,5.052690505981445,3.3193929195404053,5.392736911773682,5.882514953613281,3.5643022060394287,2.924360513687134,5.500187873840332,7.533210754394531
