data/wind_data/wind_33_8.json
{"header": {"parameterUnit": "KT", "parameterCategory": 2, "nx": 256, "ny": 198, "lo1": 44.73521041870117, "la1": -3.236724853515625, "lo2": 111.26478576660156, "la2": 43.468475341796875, "dx": 0.2609002888202667, "dy": -0.23708222806453705, "refTime": "2025-02-20 09:00:00", "forecastTime": 0, "parameterNumber": 2, "parameterNumberName": "eastward_wind"}, "data":
[rows 95 to 113 of 198, columns 176 to 219 of 256]
33.45126724243164,31.414060592651367,30.551528930664062,31.559226989746094,33.781944274902344,35.92652130126953,36.835777282714844,36.152286529541016,34.502593994140625,32.614990234375,31.469099044799805,32.311397552490234,34.699344635009766,34.41563415527344,31.28945541381836,29.89237403869629,30.848388671875,31.21196746826172,30.143232345581055,28.808547973632812,27.23465919494629,26.348526000976562,28.96167755126953,33.99370193481445,36.91804122924805,36.820865631103516,35.98360061645508,33.64057159423828,30.92377281188965,30.54674530029297,31.154388427734375,28.53017807006836,24.20977210998535,22.645017623901367,23.991323471069336,25.23599624633789,25.70018196105957,26.255043029785156,27.16574478149414,28.5945987701416,29.662675857543945,29.638490676879883,29.48044776916504,29.381006240844727
34.942813873291016,32.74874496459961,31.34546661376953,31.55556297302246,33.351097106933594,35.50005340576172,36.81835174560547,37.20009994506836,36.49982452392578,34.302085876464844,32.53564453125,34.33971405029297,38.050697326660156,37.0332145690918,32.864166259765625,31.567472457885742,32.915618896484375,33.13118362426758,31.68535804748535,30.014995574951172,27.918867111206055,26.488712310791016,28.839431762695312,33.37429428100586,36.08338165283203,36.920005798339844,37.59823226928711,36.17414093017578,32.80295944213867,31.09684181213379,31.72586441040039,31.09759521484375,28.141868591308594,25.845718383789062,25.205490112304688,24.881410598754883,25.076128005981445,26.301454544067383,28.052581787109375,29.708723068237305,30.191606521606445,29.599756240844727,29.456018447875977,29.587141036987305
37.26642990112305,34.957366943359375,32.964256286621094,32.21396255493164,33.181575775146484,35.00753402709961,36.46382141113281,37.50337219238281,37.48588562011719,35.28740310668945,33.55875778198242,36.15746307373047,40.623779296875,39.895442962646484,35.612979888916016,33.94065856933594,34.82591247558594,34.77124786376953,33.264522552490234,31.583723068237305,29.370100021362305,27.48863410949707,29.023061752319336,32.73102951049805,35.07463455200195,36.22605895996094,37.74358367919922,37.96592712402344,35.11290740966797,32.0892448425293,31.74829864501953,32.42321014404297,31.791183471679688,30.173898696899414,27.970304489135742,25.63420295715332,24.66507911682129,26.259300231933594,29.121185302734375,30.800533294677734,30.505517959594727,29.594213485717773,29.572429656982422,29.970827102661133
39.42627716064453,37.46586608886719,35.16705322265625,33.5576286315918,33.6343879699707,35.017642974853516,36.449153900146484,37.52315139770508,37.4509162902832,35.49837875366211,34.17707824707031,37.207149505615234,42.03056335449219,42.1489372253418,38.68988800048828,36.42618942260742,36.20728302001953,36.080482482910156,35.06794357299805,33.51323318481445,31.342199325561523,29.48259925842285,30.001632690429688,32.52365493774414,34.22324752807617,35.04298400878906,36.67793655395508,38.4466438293457,37.08945083618164,33.68928527832031,32.40436935424805,33.13426208496094,33.46223449707031,33.416664123535156,32.20827865600586,28.688446044921875,25.211763381958008,25.796464920043945,29.269201278686523,31.037187576293945,30.41891098022461,29.389297485351562,29.325420379638672,29.70128059387207
40.3712043762207,39.17420959472656,37.39665985107422,35.550559997558594,34.882286071777344,35.707157135009766,36.91157913208008,37.706573486328125,37.255332946777344,35.42599868774414,34.59981155395508,37.85443115234375,42.86518859863281,43.59992218017578,40.48230743408203,37.84053039550781,37.14323425292969,37.292179107666016,36.93303680419922,35.476200103759766,33.395870208740234,31.82029151916504,31.7038631439209,33.0909309387207,34.07518768310547,34.313228607177734,35.6392936706543,37.9595832824707,38.266258239746094,35.9921760559082,33.987483978271484,33.469600677490234,33.83615493774414,35.17939376831055,36.16980743408203,33.11429214477539,27.915300369262695,26.428218841552734,28.9144229888916,30.680274963378906,30.124786376953125,29.094085693359375,28.63788604736328,28.792226791381836
41.080657958984375,39.964324951171875,38.73640441894531,37.40708923339844,36.62516403198242,36.878299713134766,37.45499801635742,37.84554672241211,37.16592025756836,35.36817169189453,35.27108383178711,39.36673355102539,43.800899505615234,43.56948471069336,40.662254333496094,38.7896614074707,38.24707794189453,38.177391052246094,37.851646423339844,36.812801361083984,35.32819366455078,34.00246047973633,33.59991455078125,34.26980972290039,34.698848724365234,34.6209831237793,35.39216232299805,37.273109436035156,38.60517120361328,37.968624114990234,35.91625213623047,34.15269088745117,34.14336013793945,35.94084167480469,38.23001480102539,36.658729553222656,31.799551010131836,29.330087661743164,30.043792724609375,30.469505310058594,29.86520767211914,29.228561401367188,28.847396850585938,28.48218536376953
42.57360076904297,41.067054748535156,39.710357666015625,38.659141540527344,38.15979766845703,38.10861587524414,37.84269714355469,37.50569152832031,36.621795654296875,35.06493377685547,35.762474060058594,40.9834098815918,45.26155471801758,43.62865447998047,40.17991638183594,39.10247039794922,39.25685119628906,38.77889633178711,37.87233352661133,37.398006439208984,37.08594512939453,36.18560028076172,35.31230163574219,35.278175354003906,35.531959533691406,35.72395324707031,36.25407791137695,37.33747863769531,38.41794967651367,38.830867767333984,37.85048294067383,36.010337829589844,35.14350509643555,36.39606475830078,38.69082260131836,38.33285140991211,35.07269287109375,33.0729866027832,32.5572624206543,31.257699966430664,29.912431716918945,29.74539566040039,29.693965911865234,28.943941116333008
44.40846633911133,42.759254455566406,41.0058708190918,39.719810485839844,39.29700469970703,39.206634521484375,38.44125747680664,37.21543884277344,35.79975128173828,34.244869232177734,35.3568229675293,41.330596923828125,46.3138542175293,44.41838836669922,40.22936248779297,39.339664459228516,40.11785125732422,39.299251556396484,37.710914611816406,37.511051177978516,38.239013671875,38.062721252441406,36.958045959472656,35.98841094970703,36.26567077636719,37.56388473510742,38.291725158691406,37.884883880615234,37.65121078491211,38.77518844604492,39.65180969238281,38.66123962402344,37.1393928527832,37.36146926879883,38.87733840942383,38.64198684692383,36.768310546875,35.73229217529297,34.93146514892578,32.885108947753906,30.750205993652344,29.98253059387207,29.413742065429688,28.802715301513672
46.381534576416016,44.71580505371094,42.57292175292969,40.72129821777344,40.03586959838867,40.01993179321289,39.27265548706055,37.6765251159668,35.69132614135742,33.59326934814453,34.28450393676758,40.19122314453125,46.174903869628906,45.21525955200195,40.7236328125,39.49009704589844,40.54787063598633,39.76081085205078,37.87623596191406,37.61161422729492,38.733028411865234,39.12147521972656,38.194053649902344,37.00380325317383,37.410133361816406,39.52629852294922,40.52674102783203,38.91328048706055,37.33376693725586,38.1891975402832,40.16535568237305,40.471458435058594,39.298580169677734,38.85157012939453,39.19021987915039,38.47801971435547,37.4184455871582,37.38918685913086,36.795406341552734,34.58475875854492,32.16761779785156,30.22510528564453,28.344051361083984,27.82682228088379
48.64822006225586,46.968387603759766,44.331844329833984,41.734352111816406,40.47295379638672,40.403297424316406,39.97556686401367,38.68141555786133,36.858543395996094,34.38372802734375,33.67539596557617,38.494014739990234,45.43870544433594,45.94877243041992,41.285640716552734,39.282291412353516,40.29550552368164,39.948726654052734,38.36880111694336,38.12741470336914,39.19092559814453,39.581016540527344,38.73358917236328,37.88840103149414,38.6128044128418,40.88966369628906,42.12060546875,40.524375915527344,38.440433502197266,38.347259521484375,39.90903854370117,41.04423141479492,40.80653381347656,40.26769256591797,39.78294372558594,38.71430206298828,37.95292663574219,38.3790283203125,38.318572998046875,36.564239501953125,34.15515899658203,31.509994506835938,28.274023056030273,26.631853103637695
50.413944244384766,49.26228332519531,46.65512466430664,43.31803512573242,40.995574951171875,40.371334075927734,40.2517204284668,39.680110931396484,38.744930267333984,36.687862396240234,34.74730682373047,37.59108352661133,44.767581939697266,46.619590759277344,41.77020263671875,38.79026794433594,39.87147521972656,40.4912109375,39.26839065551758,38.87284469604492,39.83832931518555,40.04480743408203,39.18288803100586,38.678524017333984,39.3648567199707,41.18061065673828,42.756309509277344,42.299560546875,40.42299270629883,39.562599182128906,40.381385803222656,41.5348014831543,41.71339797973633,41.138675689697266,40.693607330322266,39.92430877685547,38.84587860107422,38.963382720947266,39.73186111450195,38.94623947143555,36.92176818847656,33.9487419128418,29.5596981048584,26.793100357055664
50.956783294677734,50.63581848144531,49.10695266723633,45.95378875732422,42.62297439575195,40.77703094482422,40.2710075378418,40.154579162597656,40.12556457519531,39.140968322753906,37.18332290649414,38.18943786621094,44.16304016113281,47.12669372558594,43.27771759033203,39.36941909790039,39.6807746887207,40.7285270690918,40.28145980834961,40.137332916259766,40.57849884033203,40.283531188964844,39.81319808959961,39.819149017333984,39.9496955871582,40.80129623413086,42.513851165771484,43.275753021240234,42.31857681274414,41.42146682739258,41.789608001708984,42.38857650756836,41.917564392089844,41.09285354614258,41.257362365722656,41.5435676574707,40.51565933227539,39.77077865600586,40.61056900024414,41.12940216064453,39.936275482177734,36.61771774291992,31.18586540222168,27.428394317626953
51.18833923339844,51.23094177246094,50.813507080078125,48.72843933105469,45.32732009887695,42.340545654296875,40.79045867919922,40.31880187988281,40.541568756103516,40.7277946472168,39.61734390258789,39.328834533691406,43.76011276245117,47.89574432373047,45.12697219848633,40.17656707763672,39.38312530517578,40.45296096801758,40.977317810058594,41.64851760864258,41.95087432861328,41.12078857421875,40.42628860473633,40.66292190551758,40.930450439453125,41.23861312866211,42.2903938293457,43.23757553100586,43.1029052734375,42.81767654418945,43.303558349609375,43.50627136230469,42.148441314697266,40.58637237548828,40.91704177856445,42.34918975830078,42.205013275146484,40.913841247558594,41.0428581237793,42.72784423828125,42.66256332397461,38.51644515991211,32.53384780883789,28.8725528717041
51.74201202392578,51.69725799560547,51.5974006652832,50.50641632080078,47.8380126953125,44.52717590332031,42.143470764160156,41.003204345703125,40.94870376586914,41.68061828613281,41.63811111450195,41.06805419921875,43.6161003112793,47.41331481933594,46.420127868652344,41.78797912597656,39.313377380371094,39.967647552490234,41.35832214355469,42.68659591674805,43.349361419677734,42.641319274902344,41.48573684692383,41.40530014038086,42.11811065673828,42.40785217285156,42.5272331237793,42.97748565673828,43.13418197631836,43.18388748168945,43.916709899902344,44.26924514770508,42.8548583984375,40.933311462402344,40.7203483581543,42.095516204833984,42.66309356689453,41.56007766723633,41.67073059082031,44.435638427734375,44.612281799316406,39.20267105102539,33.75410461425781,31.74805450439453
51.804988861083984,52.184669494628906,52.18389129638672,51.44044876098633,49.399208068847656,46.304141998291016,43.50886917114258,41.948123931884766,41.72883605957031,42.62582778930664,43.44081497192383,42.9697380065918,43.05247116088867,45.70460510253906,46.85342025756836,43.80945587158203,40.64139175415039,40.86152267456055,42.28270721435547,43.26775360107422,43.80750274658203,43.55868911743164,42.75603485107422,42.636756896972656,43.24689483642578,43.22373580932617,42.91850662231445,43.26887512207031,43.412437438964844,43.163063049316406,43.71913528442383,44.35892868041992,43.51028823852539,41.8314323425293,41.315521240234375,41.97103500366211,42.39521026611328,41.84756088256836,42.420196533203125,45.604759216308594,45.717098236083984,40.15491485595703,35.470947265625,34.789710998535156
51.33353042602539,52.27512741088867,52.473548889160156,51.692623138427734,50.03999328613281,47.37614440917969,44.22295379638672,42.335914611816406,42.42462921142578,43.22983932495117,43.62344741821289,43.19501876831055,42.783485412597656,44.4030876159668,46.22299575805664,45.32695007324219,43.448429107666016,43.132320404052734,43.48690414428711,43.3922233581543,43.31541061401367,43.41483688354492,43.553504943847656,44.169681549072266,44.58969497680664,43.68014144897461,42.81224822998047,43.237091064453125,43.643943786621094,43.43806457519531,43.69669723510742,43.905948638916016,43.27971267700195,42.52067947387695,42.530399322509766,42.8766975402832,42.6328010559082,42.393856048583984,43.027496337890625,44.98093795776367,45.20362854003906,41.6051025390625,37.69025421142578,36.75233840942383
51.228206634521484,52.118629455566406,52.14509201049805,51.34184265136719,50.00040054321289,47.97575378417969,45.250648498535156,43.37291717529297,43.112998962402344,42.72879409790039,41.85896301269531,41.988548278808594,42.86091995239258,44.066139221191406,45.96967315673828,46.920928955078125,46.03414535522461,44.94599533081055,44.13860321044922,43.10302734375,42.731895446777344,43.2764778137207,44.01338577270508,44.77836990356445,44.797157287597656,43.588375091552734,42.553035736083984,42.73114013671875,43.07325744628906,43.088279724121094,43.54213333129883,43.63737106323242,42.97486114501953,42.98992156982422,43.74135208129883,44.08024597167969,43.6351318359375,43.339054107666016,43.39227294921875,43.8067741394043,43.85475540161133,41.82575988769531,38.585941314697266,36.993629455566406
51.572288513183594,51.921607971191406,51.5998649597168,51.001487731933594,50.015106201171875,48.55264663696289,46.753318786621094,45.39582443237305,44.23624801635742,42.147029876708984,40.636234283447266,41.932708740234375,44.149993896484375,45.06496810913086,46.232295989990234,48.1983757019043,47.746219635009766,45.3690071105957,44.1948127746582,44.16751480102539,43.92979049682617,43.65451431274414,43.535400390625,43.399227142333984,43.33405685424805,42.99292755126953,42.174400329589844,41.6445198059082,41.53391647338867,41.893253326416016,42.9532356262207,43.513450622558594,43.22962188720703,43.68507766723633,44.54609680175781,44.69666290283203,44.831214904785156,44.75278854370117,43.53766632080078,42.3190803527832,42.23740005493164,41.1316032409668,38.03364944458008,35.744537353515625
51.481895446777344,51.42961883544922,50.907798767089844,50.62218475341797,50.12455368041992,49.292152404785156,48.637535095214844,47.879241943359375,45.79003143310547,42.822837829589844,41.614280700683594,43.17421340942383,45.25114822387695,45.715675354003906,45.724510192871094,48.12556076049805,49.89380645751953,47.214874267578125,44.496742248535156,45.3980827331543,46.58500289916992,45.41413879394531,42.91096496582031,41.12143325805664,41.4708251953125,42.24278259277344,40.94700622558594,39.121883392333984,39.04509353637695,40.54501724243164,42.21223449707031,42.95613479614258,43.24583435058594,44.00075149536133,44.67124938964844,45.10541915893555,46.301658630371094,46.106414794921875,43.11909103393555,40.625221252441406,41.28133010864258,41.21896743774414,37.4249382019043,34.197113037109375
