data/wind_data/wind_9_9.json
{"header": {"parameterUnit": "KT", "parameterCategory": 2, "nx": 256, "ny": 198, "lo1": 44.73521041870117, "la1": -3.236724853515625, "lo2": 111.26478576660156, "la2": 43.468475341796875, "dx": 0.2609002888202667, "dy": -0.23708222806453705, "refTime": "2025-02-19 09:00:00", "forecastTime": 0, "parameterNumber": 2, "parameterNumberName": "eastward_wind"}, "data":
[rows 114 to 132 of 198, columns 43 to 85 of 256]
13.627196311950684,16.175382614135742,17.684171676635742,14.8363676071167,11.575384140014648,12.216178894042969,15.83264446258545,19.892093658447266,24.13722038269043,27.759401321411133,26.562646865844727,20.6844425201416,16.210262298583984,14.873446464538574,12.936654090881348,9.301519393920898,6.725720405578613,6.014499187469482,5.621877670288086,4.239516735076904,3.246464252471924,4.880455493927002,7.810324668884277,10.590639114379883,13.004883766174316,14.60657024383545,15.262731552124023,16.585342407226562,19.990570068359375,22.61160659790039,22.213815689086914,20.943540573120117,19.813766479492188,18.12348175048828,16.263444900512695,15.525346755981445,16.277353286743164,16.705045700073242,15.219944953918457,12.788453102111816,11.260255813598633,10.819530487060547,11.479623794555664
11.974441528320312,14.22226619720459,16.811988830566406,16.107301712036133,14.063666343688965,14.297395706176758,16.88169288635254,20.529808044433594,24.40680694580078,26.05544090270996,23.46517562866211,20.113672256469727,18.454721450805664,15.975557327270508,11.845409393310547,8.503768920898438,6.838640213012695,6.21441125869751,5.0779218673706055,2.4524478912353516,1.3368220329284668,2.938993453979492,5.4873785972595215,8.533935546875,11.613802909851074,13.49183177947998,14.73980712890625,17.497222900390625,19.863656997680664,20.072547912597656,18.961688995361328,17.535371780395508,15.814970970153809,13.845586776733398,13.071985244750977,14.788305282592773,17.658029556274414,18.825475692749023,16.81161117553711,14.281286239624023,14.004647254943848,14.789016723632812,15.844386100769043
10.047896385192871,11.833746910095215,15.482770919799805,17.47724723815918,16.795883178710938,16.165372848510742,17.643760681152344,20.6594181060791,23.292173385620117,23.558639526367188,22.237138748168945,20.89039421081543,18.344623565673828,14.575057029724121,11.312297821044922,8.726640701293945,6.558646202087402,5.392507553100586,3.5160140991210938,0.749337375164032,0.9033130407333374,3.441239833831787,7.070497512817383,11.14598274230957,13.92863655090332,14.554469108581543,15.314544677734375,16.43514060974121,17.145246505737305,16.834592819213867,14.657527923583984,11.669089317321777,9.99821662902832,10.315509796142578,12.497788429260254,15.906916618347168,18.95773696899414,19.470672607421875,17.012357711791992,15.225783348083496,16.157262802124023,16.452587127685547,15.469048500061035
8.5172758102417,9.545867919921875,13.266939163208008,17.467233657836914,18.99468231201172,18.57183265686035,18.79437255859375,19.930267333984375,21.504348754882812,22.792551040649414,22.97370719909668,21.08371925354004,17.89568519592285,14.771577835083008,11.592538833618164,8.29531192779541,5.9334516525268555,4.540888786315918,2.059523105621338,0.7210445404052734,2.401176929473877,6.181042671203613,10.445755004882812,14.084301948547363,15.31195068359375,15.54931926727295,15.336097717285156,14.533308029174805,14.461441993713379,13.058685302734375,9.825881004333496,7.130547046661377,7.165996551513672,9.660232543945312,12.858253479003906,15.940117835998535,17.908483505249023,17.578845977783203,15.408910751342773,14.683817863464355,15.310017585754395,13.112601280212402,10.689336776733398
7.91837739944458,8.429130554199219,10.945768356323242,15.292831420898438,19.66313362121582,21.595766067504883,20.921422958374023,19.83576202392578,21.012266159057617,23.45179557800293,23.87818145751953,21.146312713623047,17.3499755859375,14.089402198791504,11.250826835632324,8.472376823425293,6.278957366943359,4.152348041534424,2.269907236099243,2.3017168045043945,3.536675453186035,6.600007057189941,10.257491111755371,13.340725898742676,15.125696182250977,16.49593162536621,15.960493087768555,13.857065200805664,12.118037223815918,9.318796157836914,6.478886127471924,5.559380531311035,6.218753814697266,8.020580291748047,10.426896095275879,13.727333068847656,15.600581169128418,14.495015144348145,12.451082229614258,12.436649322509766,12.461997985839844,9.760496139526367,7.972571849822998
7.666255950927734,8.125269889831543,9.540273666381836,12.957825660705566,18.65596580505371,23.2772159576416,23.695770263671875,22.240882873535156,22.568666458129883,24.6190128326416,24.924036026000977,21.401683807373047,16.315229415893555,12.6808500289917,10.561731338500977,8.732131004333496,6.8998236656188965,5.073652267456055,4.476511001586914,4.28237247467041,3.8442280292510986,5.5492658615112305,9.103918075561523,12.987959861755371,16.405611038208008,18.212322235107422,17.241086959838867,14.466986656188965,12.009820938110352,9.136266708374023,6.780945301055908,5.3464789390563965,4.1400909423828125,4.565895080566406,7.299066543579102,12.121891975402832,14.551233291625977,13.173624992370605,11.542407035827637,11.911762237548828,11.66576862335205,8.708035469055176,6.9799017906188965
6.337278366088867,7.247628688812256,8.903772354125977,11.88827133178711,17.134033203125,23.01801109313965,25.637537002563477,25.505149841308594,25.4611873626709,26.60431671142578,26.606992721557617,22.717788696289062,16.841236114501953,12.372807502746582,9.718047142028809,8.295084953308105,7.862865447998047,7.660294055938721,7.456324577331543,5.809683322906494,3.7840757369995117,4.917567729949951,8.754021644592285,13.30036449432373,16.825374603271484,18.839645385742188,17.49749755859375,14.872958183288574,14.401034355163574,13.120145797729492,9.683966636657715,5.856973171234131,3.244333028793335,3.495617628097534,6.773559093475342,11.59201717376709,13.592151641845703,12.650779724121094,11.478784561157227,10.597846984863281,9.59807014465332,8.028743743896484,7.520747661590576
3.395101308822632,5.586349010467529,8.700526237487793,11.969871520996094,16.445722579956055,21.880653381347656,25.935335159301758,27.644329071044922,28.082149505615234,28.05963134765625,27.146575927734375,24.047950744628906,19.19114875793457,14.355687141418457,10.606701850891113,8.285466194152832,7.561886787414551,8.298171997070312,9.042811393737793,7.420080661773682,4.989983081817627,5.644227981567383,9.526952743530273,13.40643310546875,15.868294715881348,17.179401397705078,16.682178497314453,16.370920181274414,17.56974220275879,16.52889060974121,12.40345573425293,7.689194202423096,5.381074905395508,5.660190582275391,8.111564636230469,12.022360801696777,14.39342975616455,14.12607479095459,12.675325393676758,10.026983261108398,7.623690128326416,7.412354469299316,9.716547966003418
1.7438431978225708,4.543243885040283,8.186996459960938,11.738665580749512,15.745190620422363,20.3446044921875,24.90231704711914,28.284564971923828,29.69737434387207,28.78579330444336,26.580188751220703,24.062314987182617,21.064308166503906,17.604061126708984,14.083590507507324,10.503619194030762,7.307305335998535,6.5532708168029785,7.525389671325684,6.625654697418213,5.231236934661865,6.006047248840332,9.049678802490234,11.524970054626465,13.601293563842773,16.4437198638916,19.212501525878906,20.269542694091797,18.623516082763672,16.63678741455078,14.268770217895508,11.0731840133667,8.493971824645996,7.601539611816406,9.484094619750977,13.359427452087402,16.265857696533203,16.460098266601562,15.059731483459473,12.694742202758789,9.930523872375488,8.946229934692383,11.72607421875
2.2899632453918457,4.444136619567871,7.475574493408203,10.853706359863281,14.727368354797363,19.021591186523438,23.182004928588867,26.949369430541992,29.259435653686523,28.818729400634766,26.227474212646484,23.86847496032715,22.38731575012207,20.73345947265625,18.371692657470703,14.998977661132812,10.269896507263184,5.780297756195068,4.30393648147583,3.775510311126709,4.093663215637207,5.071022033691406,5.178065299987793,5.625961780548096,11.234524726867676,19.326902389526367,24.351900100708008,23.488794326782227,18.829771041870117,16.367937088012695,15.38077163696289,12.68074893951416,9.28339672088623,8.48303508758545,10.838698387145996,14.616572380065918,17.222900390625,17.65000343322754,17.081729888916016,15.99411392211914,13.865175247192383,11.765872955322266,13.329370498657227
3.526174783706665,5.298365116119385,7.65455436706543,10.03842544555664,13.821431159973145,18.521106719970703,22.045928955078125,24.490798950195312,26.666589736938477,26.979646682739258,24.821910858154297,23.185237884521484,23.489933013916016,23.653564453125,22.293106079101562,19.310441970825195,14.978280067443848,9.10804557800293,3.957362651824951,2.7351746559143066,3.2403714656829834,2.747629404067993,1.0417627096176147,1.8845040798187256,11.578278541564941,22.044654846191406,27.24517822265625,26.742538452148438,21.924144744873047,16.163942337036133,13.408512115478516,12.497777938842773,11.053531646728516,9.908672332763672,11.121692657470703,14.530068397521973,17.24690818786621,16.94921112060547,15.462566375732422,15.432913780212402,15.294499397277832,13.87877082824707,13.888586044311523
3.4891557693481445,5.612332820892334,9.17308521270752,11.299585342407227,13.973663330078125,18.484344482421875,21.968399047851562,23.045988082885742,23.44084930419922,23.167381286621094,22.02448272705078,21.950206756591797,23.350786209106445,24.43994903564453,24.297042846679688,22.70874786376953,19.566078186035156,14.643489837646484,8.057183265686035,4.489007472991943,3.5382580757141113,0.8860591053962708,1.3825184106826782,6.100035667419434,14.616598129272461,23.194536209106445,28.496389389038086,29.050743103027344,24.294902801513672,17.74554443359375,13.994913101196289,12.259631156921387,11.020492553710938,10.712566375732422,12.003835678100586,14.746037483215332,16.58795738220215,14.71082878112793,11.629168510437012,11.80813217163086,13.611682891845703,15.284825325012207,14.14018726348877
3.338557481765747,6.148341178894043,11.096634864807129,14.51769733428955,15.53207778930664,17.536394119262695,20.55339241027832,22.372655868530273,22.021160125732422,20.624319076538086,20.004819869995117,20.731399536132812,21.841022491455078,22.87962532043457,24.133729934692383,24.476247787475586,22.72214126586914,18.868698120117188,13.089122772216797,8.148716926574707,5.599966049194336,3.345583200454712,2.893721103668213,8.670987129211426,15.653362274169922,21.418598175048828,26.412973403930664,29.879417419433594,27.999439239501953,20.552326202392578,14.541851997375488,12.71405029296875,12.46092700958252,12.782938957214355,13.506318092346191,14.830342292785645,15.567684173583984,13.635340690612793,9.8697509765625,9.064862251281738,10.375143051147461,14.903085708618164,14.254191398620605
4.974337577819824,7.805733680725098,12.631056785583496,16.719411849975586,17.11210060119629,16.051881790161133,17.23012924194336,19.95469856262207,22.047033309936523,22.278596878051758,21.40024185180664,20.683368682861328,20.367441177368164,20.750429153442383,22.422578811645508,24.112808227539062,23.9003849029541,21.362953186035156,16.14316177368164,10.01999568939209,7.792881011962891,8.68193531036377,9.600153923034668,9.220157623291016,11.582632064819336,15.618416786193848,21.71014976501465,27.83271598815918,28.221994400024414,21.590545654296875,14.520742416381836,12.600378036499023,13.681107521057129,15.280115127563477,15.61668586730957,15.014975547790527,14.404863357543945,13.147354125976562,9.452926635742188,6.62969970703125,6.900157451629639,12.363494873046875,14.997105598449707
7.199170112609863,9.578831672668457,12.551139831542969,16.37890625,19.343557357788086,18.731618881225586,15.360883712768555,14.815824508666992,18.867887496948242,23.494272232055664,24.50796890258789,23.024316787719727,21.31794548034668,20.447023391723633,20.838605880737305,21.924392700195312,22.591217041015625,21.70877456665039,17.141990661621094,10.554191589355469,9.595465660095215,13.278521537780762,14.029012680053711,8.78549575805664,6.696469306945801,10.0204439163208,16.906566619873047,24.605361938476562,26.490814208984375,21.569351196289062,15.097230911254883,12.945332527160645,14.247400283813477,15.834441184997559,15.83971118927002,14.663779258728027,13.750471115112305,12.164674758911133,8.703161239624023,4.207189559936523,3.1660470962524414,8.170612335205078,16.90502166748047
7.044997215270996,10.143655776977539,12.288239479064941,14.914490699768066,19.940053939819336,22.403104782104492,16.680160522460938,11.461944580078125,15.170804977416992,22.32364845275879,24.674427032470703,23.052783966064453,21.15558624267578,20.027509689331055,19.48089599609375,19.453723907470703,20.061513900756836,20.236711502075195,16.78219223022461,11.4306058883667,11.42114543914795,15.670500755310059,15.889467239379883,9.593733787536621,5.529059886932373,8.04056453704834,13.750126838684082,20.94976043701172,24.094377517700195,21.045745849609375,15.982820510864258,13.67591667175293,14.265316009521484,14.953481674194336,13.971407890319824,12.827658653259277,12.265023231506348,10.98704719543457,8.185529708862305,3.920126438140869,2.3945422172546387,6.416172504425049,18.0720272064209
5.944480895996094,7.968260765075684,10.524910926818848,13.887456893920898,19.449867248535156,22.517351150512695,17.84183120727539,13.533010482788086,16.5521183013916,21.6708984375,22.371068954467773,20.593687057495117,19.399887084960938,18.685043334960938,17.89044189453125,17.36223793029785,18.035947799682617,18.770305633544922,16.527568817138672,12.604267120361328,12.034195899963379,15.228068351745605,17.0477352142334,14.138303756713867,9.300199508666992,8.971216201782227,12.821907043457031,18.469886779785156,21.89671516418457,20.4395751953125,17.04155921936035,15.374504089355469,15.072173118591309,13.681817054748535,11.244272232055664,9.768815040588379,9.231142044067383,8.433775901794434,7.557447910308838,5.982466697692871,4.886275768280029,7.5185980796813965,17.415292739868164
5.1109819412231445,5.299704074859619,7.517195224761963,12.593748092651367,19.851619720458984,23.4575138092041,19.82120132446289,16.572935104370117,18.249481201171875,20.760438919067383,20.385177612304688,18.77928352355957,17.727863311767578,17.172348022460938,16.711166381835938,16.399662017822266,17.081417083740234,17.95444679260254,16.321094512939453,12.706277847290039,11.343744277954102,13.939664840698242,17.63019561767578,18.092044830322266,14.778264999389648,12.296252250671387,13.858821868896484,17.51746940612793,19.92876625061035,19.43524932861328,17.945518493652344,17.15323257446289,16.193862915039062,12.808737754821777,8.672119140625,6.6651740074157715,5.88115119934082,5.729894638061523,6.794557094573975,7.817540168762207,7.209445953369141,8.604732513427734,15.273469924926758
6.3334245681762695,5.690898418426514,6.572488307952881,10.498503684997559,17.774660110473633,23.592622756958008,23.6968936920166,21.712106704711914,21.15567398071289,19.757001876831055,16.978046417236328,15.522607803344727,16.258697509765625,17.505691528320312,17.685749053955078,17.243881225585938,17.481355667114258,17.76156997680664,15.645819664001465,11.909039497375488,10.357029914855957,12.689905166625977,17.46122169494629,20.424297332763672,19.202796936035156,16.186405181884766,15.300956726074219,16.60646629333496,17.715490341186523,17.84889793395996,17.956302642822266,17.592899322509766,15.768707275390625,11.79477596282959,7.051037788391113,5.0685529708862305,4.382838726043701,4.579765796661377,6.096181869506836,7.7679338455200195,7.138926982879639,7.403256893157959,11.833619117736816
