data/wind_data/wind_56_8.json
{"header": {"parameterUnit": "KT", "parameterCategory": 2, "nx": 256, "ny": 198, "lo1": 44.73521041870117, "la1": -3.236724853515625, "lo2": 111.26478576660156, "la2": 43.468475341796875, "dx": 0.2609002888202667, "dy": -0.23708222806453705, "refTime": "2025-02-21 08:00:00", "forecastTime": 0, "parameterNumber": 2, "parameterNumberName": "eastward_wind"}, "data":
[rows 114 to 132 of 198, columns 132 to 175 of 256]
37.46363067626953,38.51513671875,40.08565139770508,41.8791389465332,43.591190338134766,44.978271484375,45.88664627075195,46.49818801879883,47.08159255981445,47.55557632446289,47.72732925415039,47.915260314941406,48.502357482910156,49.48114776611328,50.58314895629883,51.48870849609375,51.9580078125,51.94398880004883,51.5044059753418,50.673919677734375,49.52347946166992,48.17688751220703,46.78990936279297,45.51919937133789,44.383399963378906,43.46856689453125,43.08097457885742,43.49947738647461,44.59584426879883,45.81006622314453,46.555606842041016,46.857582092285156,46.99674606323242,47.12056350708008,47.26173400878906,47.439640045166016,47.67836380004883,48.0079345703125,48.58845901489258,49.69538497924805,51.694828033447266,54.21992874145508,55.992942810058594,55.786312103271484
36.018985748291016,36.93309783935547,38.790767669677734,41.08717727661133,43.305809020996094,45.114078521728516,46.30866622924805,47.04482650756836,47.646873474121094,48.09675598144531,48.272422790527344,48.40348815917969,48.84423065185547,49.56293487548828,50.29533767700195,50.813846588134766,51.126869201660156,51.39313888549805,51.627227783203125,51.67672348022461,51.215538024902344,50.080753326416016,48.66252899169922,47.297645568847656,45.996307373046875,44.54391860961914,43.15644836425781,42.5477180480957,43.2735710144043,44.911556243896484,46.332984924316406,46.83510971069336,46.490806579589844,45.691627502441406,44.91387176513672,44.49667739868164,44.445674896240234,44.9066276550293,46.205169677734375,48.48358917236328,51.55174255371094,54.35830307006836,55.61857223510742,54.35673904418945
35.755001068115234,36.290008544921875,37.975154876708984,40.17586898803711,42.31224822998047,44.0865592956543,45.41189193725586,46.34844970703125,46.99766540527344,47.50419235229492,47.99409866333008,48.56731414794922,49.21483612060547,49.76178741455078,50.09697723388672,50.4083251953125,50.95770263671875,51.702964782714844,52.42335510253906,52.881561279296875,52.70995330810547,51.672523498535156,50.14912414550781,48.742454528808594,47.48832702636719,45.918739318847656,44.15772247314453,42.99945831298828,43.044071197509766,44.05823516845703,45.23127365112305,45.836700439453125,45.51137161254883,44.47949981689453,43.63017654418945,43.35300827026367,43.23228454589844,43.610931396484375,45.44833755493164,48.755775451660156,52.14236831665039,53.619041442871094,52.06308364868164,48.47761154174805
36.59630584716797,36.952816009521484,38.03481674194336,39.612300872802734,41.25571823120117,42.73281478881836,43.999183654785156,45.06913757324219,45.91334533691406,46.609195709228516,47.37443161010742,48.297489166259766,49.202877044677734,49.820926666259766,50.25033187866211,50.98278045654297,52.121524810791016,53.230621337890625,53.854732513427734,53.77595520019531,53.06571960449219,51.800010681152344,50.328285217285156,49.195823669433594,48.228797912597656,47.05810546875,45.758052825927734,44.60577392578125,43.68770980834961,43.155799865722656,43.33493423461914,43.87015151977539,43.831417083740234,43.23064422607422,43.101890563964844,43.17591857910156,42.69014358520508,42.92646408081055,45.41217803955078,49.31038284301758,51.65252685546875,49.92999267578125,44.78062057495117,40.38697052001953
37.215728759765625,38.20916748046875,39.04462432861328,39.8490104675293,40.87087631225586,42.03959274291992,43.175376892089844,44.1745719909668,45.0622444152832,45.97002410888672,46.9973030090332,48.07285690307617,49.01285934448242,49.838409423828125,50.910179138183594,52.382606506347656,53.875526428222656,54.83131790161133,54.76755142211914,53.595088958740234,51.932273864746094,50.413673400878906,49.40475845336914,48.724884033203125,47.84740447998047,46.79029083251953,45.887351989746094,45.096435546875,43.85953140258789,42.416019439697266,41.787418365478516,42.008907318115234,41.98674011230469,42.08561706542969,42.902687072753906,42.71790313720703,41.115211486816406,41.409828186035156,44.561370849609375,47.87721633911133,47.42267608642578,42.11387634277344,36.04232406616211,33.929630279541016
37.172176361083984,38.734344482421875,39.76119613647461,40.547157287597656,41.410972595214844,42.432186126708984,43.27921676635742,43.83612060546875,44.385223388671875,45.322654724121094,46.62801742553711,47.89080810546875,48.949275970458984,50.158172607421875,51.81053924560547,53.60300064086914,54.93285369873047,55.2154541015625,54.03443145751953,52.01765823364258,50.27100372314453,49.28261184692383,48.69504928588867,47.86328887939453,46.60271072387695,45.314876556396484,44.4283447265625,43.96864700317383,43.45125198364258,42.89207077026367,42.45305633544922,42.051292419433594,41.499168395996094,41.73197937011719,42.51020812988281,41.064449310302734,38.69038391113281,39.604461669921875,42.445011138916016,43.448177337646484,39.806854248046875,33.816123962402344,30.00443458557129,31.140336990356445
37.224693298339844,38.56282424926758,39.533512115478516,40.89149475097656,42.47622299194336,43.62862014770508,44.01416778564453,43.93007278442383,44.09928512573242,45.094886779785156,46.68062210083008,48.16551208496094,49.42702865600586,50.80964660644531,52.41596221923828,53.87126541137695,54.351402282714844,53.48368835449219,51.8040771484375,50.47483444213867,49.892208099365234,49.49220657348633,48.51331329345703,46.87269592285156,45.04588317871094,43.58214569091797,42.83247756958008,43.0013427734375,43.799190521240234,45.00924301147461,45.53225326538086,43.911373138427734,41.16888427734375,40.38855743408203,41.091182708740234,38.91902542114258,36.91402816772461,38.626487731933594,40.670108795166016,38.34785842895508,32.28007507324219,27.664148330688477,27.801280975341797,32.63963317871094
37.50651168823242,38.77602005004883,39.73863983154297,41.351131439208984,43.12700653076172,44.183013916015625,44.37738037109375,44.25668716430664,44.641807556152344,45.86378479003906,47.43366622924805,48.76016616821289,49.84935760498047,50.90580749511719,51.975616455078125,52.40717315673828,51.849788665771484,50.71354675292969,49.92567443847656,49.900489807128906,50.17569351196289,49.76325225830078,48.3606071472168,46.376800537109375,44.25696563720703,42.60883712768555,42.263877868652344,43.56892013549805,45.83055877685547,48.2686767578125,49.22244644165039,45.70243835449219,39.73664474487305,37.19288635253906,38.390594482421875,37.4752082824707,35.81303787231445,35.63792037963867,34.24421310424805,28.580455780029297,23.06892967224121,23.1322078704834,28.06432342529297,35.30302810668945
37.64009094238281,39.515628814697266,41.2413215637207,42.58955764770508,43.475704193115234,44.057918548583984,44.43610763549805,44.904212951660156,45.95323181152344,47.34128952026367,48.41356658935547,49.008018493652344,49.468589782714844,49.990264892578125,50.143306732177734,49.7519645690918,49.07562255859375,48.4940071105957,48.64610290527344,49.59107971191406,50.47515106201172,50.24002456665039,49.106544494628906,47.197811126708984,44.49906539916992,42.42205810546875,42.513771057128906,44.72368240356445,48.144134521484375,51.237403869628906,50.77705001831055,44.65914535522461,36.75222396850586,33.49104690551758,34.609806060791016,34.458892822265625,29.125085830688477,23.965055465698242,20.551950454711914,17.79299545288086,18.178001403808594,23.192337036132812,30.196012496948242,37.534576416015625
37.92350769042969,39.924781799316406,41.99880599975586,43.204833984375,43.78349304199219,44.28569412231445,44.963287353515625,46.03265380859375,47.52545166015625,48.64596939086914,48.77350997924805,48.4841194152832,48.423770904541016,48.0718879699707,47.41123580932617,47.00437927246094,46.507911682128906,46.27301025390625,47.43816375732422,49.77571487426758,51.7693977355957,52.325355529785156,51.34535598754883,48.544525146484375,44.704612731933594,42.306396484375,42.7918586730957,44.851890563964844,48.20912170410156,52.139137268066406,49.255950927734375,39.02880859375,31.248449325561523,31.707181930541992,33.95646286010742,26.316621780395508,12.905519485473633,12.230805397033691,17.738740921020508,20.829307556152344,22.935152053833008,26.5324649810791,31.72573471069336,38.0479621887207
38.450435638427734,39.73635482788086,41.45001220703125,42.9919548034668,44.24225997924805,45.09868621826172,45.89094161987305,47.00926971435547,48.324745178222656,48.78416442871094,48.142330169677734,47.2717399597168,46.30183792114258,45.038143157958984,44.00016784667969,43.5399284362793,43.667938232421875,45.0856819152832,48.07758331298828,51.683433532714844,54.27841567993164,54.90200424194336,52.76987838745117,48.62295913696289,44.80414581298828,43.226043701171875,43.20996856689453,43.13068389892578,44.12705612182617,47.78718566894531,45.106754302978516,32.67678451538086,25.332956314086914,31.034460067749023,33.55556106567383,19.8605899810791,11.30629825592041,18.742517471313477,25.212732315063477,26.13881492614746,26.698591232299805,29.597850799560547,33.28602981567383,37.42124938964844
39.05168914794922,39.388729095458984,40.55643081665039,42.41404342651367,44.291934967041016,45.494529724121094,46.289306640625,47.157447814941406,47.98220443725586,48.02510452270508,46.793052673339844,44.86783981323242,42.82548522949219,40.976600646972656,40.178035736083984,41.25040817260742,43.690242767333984,47.07306671142578,50.57210922241211,53.55380630493164,55.103797912597656,54.61821365356445,51.790897369384766,47.63164138793945,44.77903366088867,44.026885986328125,42.3953857421875,38.46442794799805,35.22151565551758,37.104225158691406,36.78327178955078,30.013202667236328,26.010250091552734,30.096542358398438,31.29615592956543,25.991722106933594,23.10884666442871,26.613842010498047,31.92079734802246,32.647125244140625,29.417064666748047,28.95105743408203,33.36991500854492,39.02260208129883
39.4918098449707,39.48335266113281,40.46002197265625,42.38389587402344,44.068851470947266,44.99411392211914,45.9454345703125,47.039066314697266,47.76557922363281,47.71702194213867,45.587623596191406,42.426509857177734,39.2401008605957,37.070194244384766,38.12722396850586,42.13905715942383,46.64601516723633,50.35182189941406,52.937015533447266,53.93377685546875,53.30135726928711,51.84768295288086,49.65196990966797,46.473350524902344,43.142494201660156,40.747100830078125,37.21017074584961,31.332244873046875,26.48862075805664,25.757835388183594,27.973691940307617,29.470531463623047,30.18184471130371,30.85296630859375,32.24503707885742,33.85115051269531,33.281036376953125,32.028472900390625,32.42700958251953,32.7481803894043,31.311786651611328,31.002212524414062,34.18052673339844,39.4078483581543
39.48186111450195,40.023250579833984,41.399620056152344,43.08240509033203,44.03162384033203,44.70883560180664,45.823570251464844,46.91544723510742,47.67078399658203,46.82454299926758,44.25065231323242,40.63911056518555,36.24747848510742,34.82554244995117,38.35206985473633,44.80866241455078,50.889034271240234,53.068092346191406,52.74333190917969,52.29276657104492,50.64149856567383,48.24924850463867,46.30259323120117,44.082122802734375,40.58244705200195,36.74107360839844,33.2955322265625,30.746076583862305,29.984718322753906,27.347259521484375,24.455568313598633,25.618305206298828,29.935165405273438,33.87960433959961,36.42796325683594,36.308780670166016,33.15896224975586,31.278600692749023,32.64090347290039,34.54270935058594,34.21855545043945,33.1121711730957,34.454315185546875,38.663490295410156
39.25837707519531,40.275245666503906,42.06024932861328,43.6221809387207,44.425819396972656,45.23677062988281,46.05339813232422,46.39402770996094,46.18708419799805,44.86091232299805,42.57773208618164,38.92298126220703,35.95811462402344,37.146202087402344,41.661556243896484,47.04451370239258,53.80427169799805,55.78447341918945,49.999900817871094,45.74876022338867,45.23395919799805,45.544883728027344,43.95154571533203,40.86090087890625,38.38590621948242,37.738189697265625,38.96792984008789,40.130916595458984,38.70491027832031,34.280216217041016,27.393611907958984,24.84135627746582,28.892963409423828,34.718284606933594,38.889163970947266,39.126953125,34.186336517333984,29.169666290283203,29.68109130859375,32.60150909423828,33.58977127075195,33.50665283203125,35.125755310058594,38.035865783691406
39.271385192871094,40.22808837890625,41.93672561645508,43.714054107666016,44.930999755859375,46.04564666748047,45.88517761230469,44.41313934326172,43.391151428222656,42.46211242675781,40.3990478515625,38.56713104248047,38.65622329711914,41.88988494873047,47.10548400878906,50.54378890991211,54.3658332824707,57.507408142089844,51.1406135559082,43.16497802734375,41.8068733215332,44.91062545776367,45.976219177246094,43.875328063964844,42.26848602294922,42.4669075012207,43.12106704711914,43.2634162902832,40.860992431640625,35.21339797973633,28.733091354370117,26.02298927307129,28.593538284301758,34.021602630615234,38.92893981933594,40.310447692871094,36.071197509765625,29.270315170288086,26.6826114654541,28.57621955871582,31.26266860961914,33.67545700073242,36.61713790893555,39.231544494628906
39.808963775634766,41.03083038330078,42.765098571777344,44.63123321533203,46.163490295410156,46.6754264831543,44.55674743652344,41.67947006225586,40.52265930175781,40.373573303222656,39.713626861572266,39.774627685546875,41.804168701171875,46.3256721496582,51.38749694824219,52.53971481323242,52.94319534301758,55.565120697021484,55.281219482421875,49.6220817565918,46.188255310058594,46.76603698730469,47.99566650390625,47.31710433959961,45.13587951660156,42.66877365112305,40.99998092651367,40.50144958496094,39.37279510498047,34.8035888671875,28.69004249572754,25.35636329650879,26.850496292114258,31.31220817565918,36.3097038269043,39.39360809326172,38.29314422607422,33.44773864746094,29.291109085083008,29.07722282409668,31.650358200073242,34.34910583496094,37.078102111816406,40.19105529785156
40.93712615966797,42.58502960205078,44.42794418334961,46.368900299072266,47.39900588989258,46.0101432800293,42.2052001953125,38.998207092285156,38.64607238769531,40.16859817504883,41.736297607421875,42.788047790527344,44.65544509887695,48.00288391113281,51.70854568481445,52.64326858520508,51.089073181152344,51.261295318603516,52.2813835144043,50.88704299926758,48.953819274902344,48.67884063720703,48.057254791259766,45.68587112426758,42.11505126953125,39.24596405029297,38.577667236328125,39.229393005371094,38.66391372680664,35.45165252685547,31.77289390563965,30.364822387695312,31.027801513671875,32.6019172668457,34.756019592285156,36.701568603515625,37.08422088623047,35.97348403930664,34.386173248291016,33.78052520751953,34.42150115966797,35.25628662109375,36.700477600097656,40.382259368896484
41.782554626464844,43.41692352294922,45.386619567871094,47.451316833496094,47.168060302734375,43.83613204956055,40.24745178222656,38.35649871826172,39.252174377441406,42.25019073486328,44.78923416137695,45.32029724121094,45.42924880981445,46.778751373291016,49.16600036621094,51.07502365112305,50.65974044799805,49.065189361572266,48.43023681640625,48.81085205078125,49.46584701538086,49.33442687988281,47.60859680175781,44.2596321105957,40.56157684326172,38.691383361816406,39.25717544555664,40.24250411987305,39.397666931152344,37.15373992919922,35.55426025390625,35.993202209472656,37.222389221191406,37.40870666503906,36.807899475097656,36.126644134521484,35.303993225097656,35.04391098022461,35.549556732177734,36.4484977722168,37.78077697753906,37.776615142822266,37.15430450439453,40.11819839477539
