data/wind_data/wind_41_5.json
{"header": {"parameterUnit": "KT", "parameterCategory": 2, "nx": 256, "ny": 198, "lo1": 44.73521041870117, "la1": -3.236724853515625, "lo2": 111.26478576660156, "la2": 43.468475341796875, "dx": 0.2609002888202667, "dy": -0.23708222806453705, "refTime": "2025-02-20 17:00:00", "forecastTime": 0, "parameterNumber": 2, "parameterNumberName": "eastward_wind"}, "data":
[rows 95 to 113 of 198, columns 44 to 87 of 256]
31.775537490844727,31.269489288330078,29.84088706970215,29.41982078552246,29.859970092773438,30.056833267211914,30.10777473449707,30.283422470092773,30.354877471923828,30.167207717895508,29.688114166259766,28.869792938232422,28.074817657470703,27.595460891723633,27.341768264770508,27.07567596435547,26.646892547607422,26.15199089050293,25.83004379272461,25.756725311279297,25.83762550354004,25.95619773864746,25.994539260864258,25.938749313354492,25.92972755432129,26.05075454711914,26.244712829589844,26.44146728515625,26.588205337524414,26.639907836914062,26.591384887695312,26.517913818359375,26.52197265625,26.6534366607666,26.889869689941406,27.15980339050293,27.3792781829834,27.49588966369629,27.50182342529297,27.41983413696289,27.319881439208984,27.34479522705078,27.628862380981445,28.143112182617188
34.212074279785156,33.31404113769531,31.832735061645508,31.118213653564453,31.207422256469727,31.574609756469727,31.910253524780273,32.07459259033203,32.09406280517578,32.00160598754883,31.562618255615234,30.693815231323242,29.827983856201172,29.33633041381836,29.067110061645508,28.701711654663086,28.143037796020508,27.572967529296875,27.243045806884766,27.161163330078125,27.20244026184082,27.23124885559082,27.119503021240234,26.940011978149414,26.885215759277344,26.957115173339844,27.074453353881836,27.176258087158203,27.187753677368164,27.085193634033203,26.940658569335938,26.87082862854004,26.93955421447754,27.13444709777832,27.406984329223633,27.708574295043945,27.97539710998535,28.12140655517578,28.119110107421875,28.033823013305664,27.99589729309082,28.142526626586914,28.5294189453125,29.05601692199707
36.740840911865234,35.603919982910156,34.004493713378906,33.179405212402344,33.261600494384766,33.58900451660156,33.76441955566406,33.827571868896484,33.71711349487305,33.60531997680664,33.37522888183594,32.62224197387695,31.621543884277344,30.8818416595459,30.411794662475586,29.9368839263916,29.41949462890625,29.01255989074707,28.800254821777344,28.721181869506836,28.72209930419922,28.670654296875,28.44684600830078,28.215608596801758,28.11854362487793,28.118906021118164,28.1488094329834,28.10624122619629,27.92491340637207,27.662155151367188,27.444091796875,27.36885643005371,27.479331970214844,27.754657745361328,28.122865676879883,28.478055953979492,28.689300537109375,28.676082611083984,28.525985717773438,28.447790145874023,28.60146713256836,29.00336265563965,29.537988662719727,30.017892837524414
39.02483367919922,37.894107818603516,36.057525634765625,35.143131256103516,35.31229019165039,35.70919418334961,35.641353607177734,35.487335205078125,35.400672912597656,35.19103240966797,34.85355758666992,34.206172943115234,33.3116340637207,32.387699127197266,31.563156127929688,30.913158416748047,30.5413761138916,30.458465576171875,30.53021812438965,30.6456298828125,30.71169090270996,30.544170379638672,30.184160232543945,29.878921508789062,29.725080490112305,29.661958694458008,29.571537017822266,29.34576416015625,28.995899200439453,28.627357482910156,28.348939895629883,28.253427505493164,28.390670776367188,28.712583541870117,29.079524993896484,29.31230354309082,29.28023338317871,29.026350021362305,28.805082321166992,28.87752914428711,29.285215377807617,29.884824752807617,30.444746017456055,30.760082244873047
40.80073928833008,40.10292434692383,38.12096405029297,37.083213806152344,37.172462463378906,37.514408111572266,37.382713317871094,37.091712951660156,37.05788803100586,36.93949890136719,36.31568145751953,35.15313720703125,34.09737777709961,33.318546295166016,32.55503845214844,32.0306282043457,32.02869415283203,32.34989547729492,32.69264602661133,32.914459228515625,32.85810089111328,32.46781539916992,32.01134490966797,31.74828338623047,31.651504516601562,31.565818786621094,31.34526252746582,30.950292587280273,30.4642276763916,30.008466720581055,29.693410873413086,29.611122131347656,29.732824325561523,29.91627311706543,30.00205421447754,29.894378662109375,29.612974166870117,29.32632827758789,29.29146957397461,29.617265701293945,30.16850471496582,30.715761184692383,31.063011169433594,31.133577346801758
41.96204376220703,41.71662902832031,40.23250961303711,39.1151123046875,38.95055389404297,39.154930114746094,39.08892822265625,38.61151123046875,38.29950714111328,37.94204330444336,37.273162841796875,36.299049377441406,35.302188873291016,34.410640716552734,33.7170295715332,33.69715881347656,34.14614486694336,34.57472610473633,34.773475646972656,34.736507415771484,34.441734313964844,34.011993408203125,33.70207214355469,33.57890319824219,33.5305061340332,33.410770416259766,33.116737365722656,32.66196060180664,32.166053771972656,31.737716674804688,31.429758071899414,31.248680114746094,31.109052658081055,30.885467529296875,30.525693893432617,30.10797882080078,29.80427360534668,29.773000717163086,30.068424224853516,30.580318450927734,31.086360931396484,31.39165496826172,31.445493698120117,31.386001586914062
43.01551055908203,42.69144058227539,41.945892333984375,41.355567932128906,41.083351135253906,40.87346649169922,40.623260498046875,40.1375732421875,39.32216262817383,38.38793182373047,38.18999481201172,37.98961639404297,37.64395523071289,36.56847381591797,35.67220687866211,35.663414001464844,35.936431884765625,36.00440216064453,35.89469909667969,35.738643646240234,35.55504608154297,35.378780364990234,35.26228332519531,35.18881607055664,35.094879150390625,34.89902877807617,34.574642181396484,34.20026397705078,33.86699676513672,33.56767654418945,33.22098922729492,32.76374816894531,32.17097854614258,31.45380973815918,30.72614097595215,30.211021423339844,30.112529754638672,30.432512283325195,30.985652923583984,31.534893035888672,31.888029098510742,31.991018295288086,31.941436767578125,31.9560489654541
44.3675422668457,43.62410354614258,43.460350036621094,43.646366119384766,43.45805358886719,43.07910919189453,42.54792022705078,41.937339782714844,41.138614654541016,40.18488693237305,39.53217315673828,38.98769760131836,39.19652557373047,38.463035583496094,37.69853591918945,37.196903228759766,36.792720794677734,36.580833435058594,36.601375579833984,36.68920135498047,36.70536422729492,36.671695709228516,36.659175872802734,36.660213470458984,36.597808837890625,36.4173698425293,36.170562744140625,35.93382263183594,35.69682312011719,35.363277435302734,34.83488845825195,34.07459259033203,33.10315704345703,32.00873947143555,31.053329467773438,30.594926834106445,30.76734161376953,31.340612411499023,31.961069107055664,32.405879974365234,32.63433074951172,32.736793518066406,32.80539321899414,32.938629150390625
45.91152572631836,45.03382873535156,45.196372985839844,45.83246994018555,45.7636604309082,45.4050178527832,44.796695709228516,44.31685256958008,43.89649963378906,42.99396896362305,41.72707748413086,40.16462707519531,38.781715393066406,38.18608856201172,38.17426300048828,37.95620346069336,37.53656005859375,37.426700592041016,37.65776443481445,37.8826789855957,37.96077346801758,38.02396011352539,38.200008392333984,38.45285415649414,38.65247344970703,38.720767974853516,38.65150833129883,38.4300651550293,37.9973258972168,37.296478271484375,36.39480209350586,35.37748336791992,34.174076080322266,32.81363296508789,31.720020294189453,31.376209259033203,31.75977325439453,32.40101623535156,32.907840728759766,33.21595001220703,33.44880294799805,33.707000732421875,33.93850326538086,34.0457878112793
48.042484283447266,47.06135940551758,46.89842224121094,46.95720672607422,46.1992301940918,46.22880935668945,46.38168716430664,45.8526725769043,45.130859375,44.35380935668945,43.019866943359375,41.070743560791016,39.469032287597656,38.72153091430664,38.74443435668945,38.996437072753906,39.21088409423828,39.447509765625,39.67361068725586,39.7752571105957,39.75719451904297,39.783348083496094,40.02090835571289,40.48025131225586,41.00634765625,41.389244079589844,41.4668083190918,41.162052154541016,40.424991607666016,39.31121063232422,38.07909393310547,36.84376525878906,35.38920211791992,33.767333984375,32.581050872802734,32.32207107543945,32.77177047729492,33.341773986816406,33.75223159790039,34.08979034423828,34.459228515625,34.808189392089844,34.97212600708008,34.79130935668945
50.07767105102539,49.11023712158203,47.9951057434082,46.91639709472656,46.687137603759766,46.615013122558594,46.16196823120117,45.67176055908203,45.29167175292969,44.82151412963867,43.9942512512207,42.922218322753906,41.905879974365234,40.97376251220703,40.45328140258789,40.5490608215332,41.093753814697266,41.674034118652344,41.97187423706055,41.95268630981445,41.79080581665039,41.72568130493164,41.950904846191406,42.506629943847656,43.2132453918457,43.7313232421875,43.85416793823242,43.56550979614258,42.80648422241211,41.564231872558594,40.0469970703125,38.41007995605469,36.59440231323242,34.74790954589844,33.49121856689453,33.24808120727539,33.67477035522461,34.209835052490234,34.681640625,35.14691162109375,35.56455612182617,35.752891540527344,35.544349670410156,34.919410705566406
51.6237678527832,50.53523635864258,48.99958801269531,47.809818267822266,47.09660720825195,46.56322479248047,46.0817985534668,45.83798599243164,45.720577239990234,45.50059509277344,45.163700103759766,44.77945327758789,44.37325668334961,43.72829818725586,43.07011032104492,42.94217300415039,43.36476135253906,43.8009033203125,43.82878494262695,43.502716064453125,43.17633819580078,43.12338638305664,43.41392517089844,44.03425979614258,44.846717834472656,45.5511360168457,45.8891487121582,45.837059020996094,45.33378982543945,44.080806732177734,42.1182861328125,39.954505920410156,37.82040786743164,35.746150970458984,34.361080169677734,34.152976989746094,34.677494049072266,35.2908935546875,35.792423248291016,36.1663703918457,36.33125305175781,36.172401428222656,35.57130432128906,34.64352035522461
52.034881591796875,51.01420974731445,49.896217346191406,48.862037658691406,48.10912322998047,47.47916030883789,47.04505920410156,46.90019226074219,46.82871627807617,46.69023132324219,46.6604118347168,46.82599639892578,47.0570182800293,46.971797943115234,46.3502082824707,45.54987716674805,44.98164367675781,44.66114807128906,44.409828186035156,44.21974563598633,44.219486236572266,44.39243698120117,44.63019943237305,45.08283996582031,45.96884536743164,47.12654495239258,47.92002868652344,47.92340087890625,47.36640548706055,46.14354705810547,43.96287155151367,41.43695831298828,38.98215866088867,36.631004333496094,35.249488830566406,35.300048828125,35.98137664794922,36.48402404785156,36.70318603515625,36.75997543334961,36.64103698730469,36.17863845825195,35.21255874633789,34.12842559814453
51.74542236328125,50.55778121948242,49.3951301574707,48.545692443847656,47.915863037109375,47.505455017089844,47.41051483154297,47.67298126220703,48.029876708984375,48.37975311279297,48.79700469970703,49.129859924316406,49.11722946166992,48.59956359863281,47.60658645629883,46.48881912231445,45.64739990234375,45.16813278198242,44.96051788330078,45.05899429321289,45.44389724731445,45.809043884277344,45.87223434448242,45.967796325683594,46.81189727783203,48.51227951049805,50.19585418701172,50.76540756225586,50.067657470703125,48.28324890136719,45.438682556152344,42.13943862915039,39.17921829223633,36.95268630981445,36.24861526489258,36.71981430053711,37.16057586669922,37.14640808105469,36.98775100708008,36.91233444213867,36.753414154052734,36.013797760009766,34.63335418701172,33.53685760498047
51.35117721557617,49.727874755859375,48.22340393066406,47.26947021484375,46.7994270324707,46.783897399902344,47.151031494140625,47.73743438720703,48.31557083129883,48.85953903198242,49.36552047729492,49.52375411987305,49.14202880859375,48.47459411621094,47.85209274291992,47.35213088989258,46.89228820800781,46.46403503417969,46.22826385498047,46.36349105834961,46.820709228515625,47.2220458984375,47.177703857421875,46.81179428100586,47.159339904785156,48.99263381958008,51.61798095703125,53.454891204833984,53.61721420288086,51.6449089050293,47.39301300048828,41.85457992553711,37.608707427978516,36.176326751708984,36.88385772705078,37.65592575073242,37.575782775878906,37.2004508972168,37.00484848022461,36.96805191040039,36.609962463378906,35.432491302490234,33.95547866821289,33.33998489379883
51.0412483215332,49.73947525024414,48.611427307128906,47.90684127807617,47.34407424926758,47.04078674316406,47.029762268066406,47.26880645751953,47.59013748168945,47.990665435791016,48.51755142211914,48.92744064331055,49.075748443603516,49.08824920654297,49.030460357666016,48.84477615356445,48.596763610839844,48.43968963623047,48.34782409667969,48.2597770690918,48.30225372314453,48.59455871582031,48.687965393066406,47.97612762451172,47.34477996826172,48.73734664916992,52.05742645263672,54.56740951538086,55.35661315917969,54.01818084716797,49.217689514160156,41.639923095703125,35.903934478759766,35.19684982299805,36.78152847290039,37.34182357788086,37.07602310180664,36.92240524291992,36.940208435058594,36.71962356567383,35.80458068847656,34.44291305541992,33.65300750732422,34.01053237915039
51.76641082763672,50.9329948425293,50.03400802612305,49.068092346191406,47.875980377197266,46.955745697021484,46.36360168457031,46.15724563598633,46.884925842285156,48.218788146972656,49.51593780517578,50.545265197753906,51.296226501464844,51.65054702758789,51.49062728881836,51.12047576904297,50.996212005615234,51.20313262939453,51.43362808227539,51.331661224365234,50.863433837890625,50.32939529418945,49.55131912231445,47.642311096191406,45.72185134887695,46.774803161621094,50.726993560791016,53.10866165161133,53.76436233520508,54.05487823486328,47.47835159301758,36.785125732421875,32.57582473754883,34.315364837646484,35.917327880859375,36.1504020690918,36.15345764160156,36.282352447509766,36.308494567871094,35.82986831665039,34.76520919799805,33.898895263671875,34.077598571777344,35.12527847290039
52.796730041503906,51.96770095825195,51.31647491455078,50.739967346191406,50.13664245605469,49.82344055175781,49.87336349487305,50.117225646972656,50.61914825439453,51.44374465942383,52.4273796081543,53.33393096923828,53.94334411621094,54.0265998840332,53.59822082519531,53.20381164550781,53.27827072143555,53.71734619140625,54.26692199707031,54.31267166137695,53.43318176269531,51.82781219482422,49.83723068237305,47.13923263549805,44.15837860107422,43.263912200927734,45.988746643066406,47.90403366088867,44.864524841308594,39.36289596557617,34.03495788574219,31.786916732788086,32.953102111816406,34.28519058227539,35.00809860229492,35.69336700439453,35.93760681152344,35.7940788269043,35.531463623046875,35.16163635253906,34.41371154785156,33.821495056152344,34.216556549072266,35.374267578125
54.43177795410156,53.79775619506836,53.59819412231445,53.67964172363281,53.765968322753906,53.84485626220703,53.92949676513672,53.98942947387695,54.08242416381836,54.38847351074219,55.033409118652344,55.86715316772461,56.58340072631836,56.804691314697266,56.129783630371094,55.079071044921875,54.91243362426758,55.80181121826172,56.63700866699219,56.21860122680664,54.36219024658203,51.600887298583984,49.04657745361328,48.54487991333008,47.895565032958984,43.0699577331543,37.64390563964844,36.72076416015625,38.27942657470703,37.45016098022461,33.98661804199219,32.245670318603516,32.643184661865234,33.80632019042969,35.53310012817383,36.41728591918945,36.30995559692383,36.067718505859375,36.1048469543457,35.68936538696289,34.35245132446289,33.16083526611328,33.52073669433594,34.89842987060547
