data/wind_data/wind_41_7.json
{"header": {"parameterUnit": "KT", "parameterCategory": 2, "nx": 256, "ny": 198, "lo1": 44.73521041870117, "la1": -3.236724853515625, "lo2": 111.26478576660156, "la2": 43.468475341796875, "dx": 0.2609002888202667, "dy": -0.23708222806453705, "refTime": "2025-02-20 17:00:00", "forecastTime": 0, "parameterNumber": 2, "parameterNumberName": "eastward_wind"}, "data":
[rows 100 to 119 of 198, columns 44 to 87 of 256]
84.3128662109375,84.21629333496094,85.15070343017578,86.527099609375,86.70169830322266,85.58718872070312,84.53936767578125,84.36776733398438,84.52300262451172,84.56429290771484,84.95854949951172,85.94169616699219,86.925537109375,87.41348266601562,87.47421264648438,87.32345581054688,86.98416900634766,86.45157623291016,85.84622955322266,85.279541015625,84.91289520263672,84.87416076660156,85.1031265258789,85.41473388671875,85.61355590820312,85.54777526855469,85.1988525390625,84.72840118408203,84.39107513427734,84.34400177001953,84.50379943847656,84.64154815673828,84.638671875,84.60846710205078,84.7104263305664,84.8917465209961,84.93916320800781,84.74981689453125,84.45108795166016,84.2672348022461,84.31929016113281,84.50305938720703,84.6039810180664,84.6177749633789
85.64252471923828,85.94821166992188,86.2075424194336,86.52223205566406,86.6881103515625,86.55712890625,86.1639404296875,85.9735336303711,86.16018676757812,86.29053497314453,86.52487182617188,87.1448974609375,87.92810821533203,88.66083526611328,88.96842956542969,88.7358169555664,88.16068267822266,87.51818084716797,87.0073013305664,86.6703109741211,86.52491760253906,86.56056213378906,86.71013641357422,86.85926818847656,86.85384368896484,86.57779693603516,86.05267333984375,85.50563049316406,85.24332427978516,85.37891387939453,85.72540283203125,85.99462890625,86.09069061279297,86.14966583251953,86.2948989868164,86.42352294921875,86.34584045410156,86.0304183959961,85.59446716308594,85.1816635131836,84.91554260253906,84.86333465576172,85.05856323242188,85.48886108398438
86.84236145019531,87.78398132324219,87.71414184570312,87.1320571899414,87.13439178466797,87.53170013427734,87.67752838134766,87.68502807617188,87.6355209350586,87.70687103271484,88.42375183105469,89.30416870117188,89.64803314208984,89.75521850585938,89.68041229248047,89.4463882446289,89.11012268066406,88.67344665527344,88.23223114013672,87.9207992553711,87.80404663085938,87.85874938964844,88.0047378540039,88.11888122558594,88.05085754394531,87.69991302490234,87.13941955566406,86.63214111328125,86.43382263183594,86.57173919677734,86.86332702636719,87.13910675048828,87.38153839111328,87.64803314208984,87.9089584350586,88.02019500732422,87.87673950195312,87.5019760131836,86.94827270507812,86.26598358154297,85.5977783203125,85.21690368652344,85.44257354736328,86.21078491210938
88.03285217285156,89.14896392822266,89.0573501586914,88.38821411132812,88.29199981689453,88.56204223632812,88.76602935791016,89.01736450195312,89.12602233886719,89.07154846191406,89.51268768310547,90.71744537353516,91.53860473632812,91.02703094482422,89.95171356201172,89.46905517578125,89.50357055664062,89.44668579101562,89.1725845336914,88.97492218017578,89.03675842285156,89.27424621582031,89.50865173339844,89.5949935913086,89.42170715332031,88.94342803955078,88.31993865966797,87.83306121826172,87.63945007324219,87.70306396484375,87.92555236816406,88.26475524902344,88.69458770751953,89.11257934570312,89.3537826538086,89.36053466796875,89.17391204833984,88.81412506103516,88.19871520996094,87.3056640625,86.36974334716797,85.8491439819336,86.10741424560547,86.93350982666016
89.00660705566406,89.67964172363281,89.77909088134766,89.71636199951172,89.56604766845703,89.24784088134766,89.37207794189453,90.2179183959961,90.64820861816406,90.04908752441406,89.61984252929688,90.40313720703125,91.65039825439453,91.86597442626953,90.92707824707031,89.90998840332031,89.52605438232422,89.64969635009766,89.9875259399414,90.38268280029297,90.69833374023438,90.82056427001953,90.76757049560547,90.6144790649414,90.3400650024414,89.91706848144531,89.45169067382812,89.09027862548828,88.90602111816406,88.9013442993164,89.08328247070312,89.4602279663086,89.93827056884766,90.289794921875,90.33809661865234,90.15637969970703,89.91471862792969,89.60681915283203,89.00582885742188,88.04815673828125,87.11540985107422,86.74127197265625,87.06671142578125,87.74724578857422
89.70470428466797,90.04095458984375,90.68138885498047,91.0565185546875,90.37581634521484,89.856689453125,90.41768646240234,91.09934997558594,90.88639831542969,89.91700744628906,89.12947845458984,89.3630599975586,90.517333984375,91.65357971191406,91.90196228027344,91.32111358642578,90.65487670898438,90.51777648925781,90.95726013183594,91.55502319335938,91.82989501953125,91.64433288574219,91.24066925048828,90.92654418945312,90.78874969482422,90.73722076416016,90.66144561767578,90.52266693115234,90.36468505859375,90.26819610595703,90.3184814453125,90.5672836303711,90.90326690673828,91.04063415527344,90.8315658569336,90.4319076538086,90.11373138427734,89.82879638671875,89.26414489746094,88.38969421386719,87.69681549072266,87.6318588256836,88.0916748046875,88.58670806884766
89.84235382080078,90.51754760742188,91.9119644165039,92.4688720703125,91.75785064697266,91.3233642578125,91.55240631103516,91.45252227783203,90.65632629394531,89.68092346191406,89.0284423828125,89.05950164794922,89.95344543457031,91.38990020751953,92.5616455078125,92.78974914550781,92.25310516357422,91.74117279052734,91.74739074707031,92.06417083740234,92.18428039550781,91.89349365234375,91.4254379272461,91.13744354248047,91.17450714111328,91.41149139404297,91.6240234375,91.71110534667969,91.66759490966797,91.510986328125,91.37275695800781,91.44681549072266,91.62812042236328,91.56767272949219,91.08670806884766,90.47251892089844,90.0472412109375,89.67738342285156,89.0498046875,88.29888153076172,87.96937561035156,88.275390625,88.8743896484375,89.23248291015625
90.04080200195312,91.25674438476562,93.06570434570312,93.6624984741211,93.111572265625,92.70372009277344,92.47382354736328,91.7872085571289,90.78892517089844,90.00740814208984,89.60440826416016,89.64300537109375,90.28251647949219,91.47614288330078,92.77275085449219,93.516845703125,93.42821502685547,92.89188385009766,92.4295425415039,92.20051574707031,92.04708862304688,91.84024810791016,91.62911224365234,91.5491943359375,91.67552947998047,91.92047882080078,92.1612319946289,92.37518310546875,92.4527587890625,92.259033203125,91.98970031738281,91.97952270507812,92.10049438476562,91.92408752441406,91.30817413330078,90.5816879272461,89.96531677246094,89.31218719482422,88.54520416259766,87.98416900634766,88.04186248779297,88.6430435180664,89.29704284667969,89.50011444091797
90.66209411621094,92.22346496582031,93.80655670166016,94.17601013183594,93.95429229736328,93.8222427368164,93.49031829833984,92.76536560058594,91.90231323242188,91.2075424194336,90.74942779541016,90.60350036621094,90.9463882446289,91.80361938476562,92.89778900146484,93.75359344482422,94.01457977294922,93.6750717163086,93.01847076416016,92.3817138671875,91.97356414794922,91.83391571044922,91.8497314453125,91.90282440185547,91.98541259765625,92.08818817138672,92.2408218383789,92.49021911621094,92.67806243896484,92.5892333984375,92.31151580810547,92.13396453857422,92.09759521484375,91.9334945678711,91.48418426513672,90.79532623291016,89.88916778564453,88.88605499267578,88.0880126953125,87.78775024414062,88.0989990234375,88.81840515136719,89.40373229980469,89.36643981933594
92.05743408203125,93.30335998535156,94.25965118408203,94.5230712890625,94.72661590576172,94.87855529785156,94.69593811035156,94.18505859375,93.46097564697266,92.62406921386719,91.83374786376953,91.44343566894531,91.76531982421875,92.61845397949219,93.50480651855469,94.04769897460938,94.17294311523438,93.9168930053711,93.35406494140625,92.69569396972656,92.1966323852539,91.99217987060547,91.9508056640625,91.89701080322266,91.85365295410156,91.89478302001953,92.00759887695312,92.2304916381836,92.59981536865234,92.8697738647461,92.6344985961914,91.99307250976562,91.568115234375,91.606689453125,91.5528564453125,90.84528350830078,89.64044189453125,88.51019287109375,87.83126831054688,87.69047546386719,88.06938934326172,88.7608413696289,89.19890594482422,88.91534423828125
94.02315521240234,94.47270202636719,94.8696517944336,95.13087463378906,95.60115051269531,95.98710632324219,95.9292984008789,95.38886260986328,94.56356048583984,93.67996215820312,92.973388671875,92.74337005615234,93.0758056640625,93.62409973144531,93.98262786865234,94.04620361328125,93.94049072265625,93.71244049072266,93.28986358642578,92.7009048461914,92.22544860839844,92.07001495361328,92.03380584716797,91.88874053955078,91.7815933227539,91.82063293457031,91.85549926757812,92.02066802978516,92.58119201660156,93.08507537841797,92.64374542236328,91.53792572021484,90.98170471191406,91.29071807861328,91.32628631591797,90.42681884765625,89.1223373413086,88.16197967529297,87.68511962890625,87.57581329345703,87.85562133789062,88.37245178222656,88.57044219970703,88.04397583007812
95.83812713623047,95.6832275390625,95.92843627929688,96.34906768798828,96.85450744628906,97.11526489257812,96.84911346435547,96.1069107055664,95.19282531738281,94.42615509033203,94.03113555908203,94.0891342163086,94.34497833251953,94.39945983886719,94.14629364013672,93.79582977294922,93.4939193725586,93.13832092285156,92.61245727539062,92.0843276977539,91.94776916503906,92.21735382080078,92.33512878417969,92.02503967285156,91.741943359375,91.75747680664062,91.79177856445312,92.02297973632812,92.672119140625,93.00370788574219,92.07951354980469,90.97059631347656,90.71207427978516,90.9952621459961,90.5623779296875,89.41136932373047,88.3853530883789,87.91390991210938,87.63233947753906,87.33240509033203,87.29529571533203,87.53369140625,87.46622467041016,86.78399658203125
97.44309997558594,97.18893432617188,97.39147186279297,97.61123657226562,97.76530456542969,97.7672348022461,97.4411849975586,96.69960021972656,95.68785095214844,94.83834075927734,94.6385498046875,95.00184631347656,95.26773071289062,94.94889831542969,94.2486801147461,93.59245300292969,93.02682495117188,92.34471893310547,91.62004852294922,91.24449157714844,91.55500793457031,92.30130004882812,92.66704559326172,92.20622253417969,91.70538330078125,91.80375671386719,91.9415512084961,92.17408752441406,92.63581085205078,92.6067886352539,91.54971313476562,90.61760711669922,90.44601440429688,90.13319396972656,89.12667083740234,88.09724426269531,87.7681655883789,87.77986145019531,87.35404205322266,86.64913177490234,86.47185516357422,86.72178649902344,86.55058288574219,85.92030334472656
98.45936584472656,98.3595962524414,98.43871307373047,98.29373931884766,98.28272247314453,98.40890502929688,98.12480163574219,97.1514663696289,95.8270492553711,94.9190902709961,94.9181900024414,95.44593811035156,95.63046264648438,95.09983825683594,94.20265197753906,93.2832260131836,92.36914825439453,91.51107025146484,90.91552734375,90.71495819091797,91.03772735595703,91.88998413085938,92.6080322265625,92.4411849975586,92.1221923828125,92.27310180664062,92.39785766601562,92.22090911865234,92.0348892211914,91.79702758789062,91.39811706542969,90.8546371459961,90.05133056640625,88.75732421875,87.43172454833984,86.8124008178711,86.92967224121094,87.01535034179688,86.42207336425781,85.85027313232422,86.16268157958984,86.65328216552734,86.34435272216797,85.69317626953125
99.38103485107422,99.1506118774414,99.40296173095703,99.35015869140625,99.15657806396484,98.84905242919922,98.1009750366211,96.92404174804688,95.66590118408203,94.86790466308594,94.84791564941406,95.25796508789062,95.3145751953125,94.6142578125,93.4323501586914,92.3079833984375,91.47797393798828,90.95777893066406,90.71437072753906,90.55086517333984,90.6313705444336,91.3538818359375,92.36779022216797,92.92498016357422,92.91580963134766,92.51406860351562,91.91365814208984,91.39773559570312,91.08697509765625,91.14926147460938,91.50032043457031,91.39725494384766,90.00709533691406,87.61740112304688,85.76001739501953,85.18508911132812,85.4373550415039,85.63884735107422,85.33716583251953,85.38095092773438,86.15167999267578,86.54206085205078,85.96808624267578,85.28758239746094
100.14885711669922,99.96385192871094,100.47618865966797,100.28852844238281,99.56095886230469,98.7920150756836,97.81211853027344,96.49097442626953,95.16172790527344,94.60987854003906,94.9361572265625,95.37889862060547,95.08676147460938,93.90798950195312,92.41861724853516,91.51183319091797,91.30664825439453,91.39745330810547,91.33502197265625,91.0350112915039,90.90174102783203,91.42086791992188,92.36965942382812,93.1122817993164,92.9415283203125,91.80754089355469,90.69871520996094,90.2937240600586,90.47395324707031,91.22223663330078,92.02513885498047,91.65923309326172,89.47750854492188,86.62543487548828,84.97583770751953,84.6850814819336,84.77567291259766,84.62012481689453,84.29318237304688,84.66869354248047,85.4232406616211,85.52830505371094,84.99592590332031,84.63802337646484
101.1143798828125,100.90238952636719,101.30474853515625,101.29808044433594,100.47040557861328,98.90059661865234,97.03367614746094,95.54660034179688,94.75747680664062,94.96685791015625,95.65880584716797,95.8877182006836,95.14520263671875,93.7225341796875,92.26194763183594,91.6841812133789,91.90326690673828,92.41535949707031,92.15362548828125,91.35588836669922,90.79581451416016,91.05517578125,91.95745086669922,92.87262725830078,92.75652313232422,91.21560668945312,89.66049194335938,89.40580749511719,90.50651550292969,92.02022552490234,92.36743927001953,90.79396057128906,88.34741973876953,86.57770538330078,85.854248046875,85.51889038085938,84.9399642944336,84.01935577392578,83.46221923828125,83.93756103515625,84.50855255126953,84.37642669677734,83.96656036376953,83.91999816894531
102.3790283203125,102.13742065429688,102.07801055908203,101.9095687866211,101.14994812011719,99.40374755859375,96.95523071289062,95.00717163085938,94.43175506591797,94.97290802001953,95.77313995361328,95.9430923461914,94.7677001953125,93.02201080322266,91.9891586303711,92.36762237548828,93.32598114013672,93.68832397460938,92.84514617919922,91.46974182128906,90.5329360961914,90.57889556884766,91.61396026611328,92.95521545410156,92.7093734741211,90.53551483154297,88.71375274658203,89.01487731933594,90.91632080078125,92.44574737548828,92.04744720458984,90.09808349609375,88.1904296875,87.15231323242188,86.5685043334961,85.9937515258789,85.1937026977539,84.02692413330078,83.42296600341797,83.832763671875,84.01577758789062,83.31446838378906,82.55657196044922,82.71977996826172
103.38502502441406,103.479248046875,103.3436508178711,103.03468322753906,101.89353942871094,99.22551727294922,96.00420379638672,94.1784896850586,94.62150573730469,95.69731903076172,96.68595886230469,96.73333740234375,95.51622009277344,93.75900268554688,92.9568862915039,93.35221099853516,94.09380340576172,94.0160140991211,92.76741027832031,91.15140533447266,90.38996124267578,90.82540130615234,92.03773498535156,92.88369750976562,91.7696533203125,89.49198150634766,88.48400115966797,89.56564331054688,91.3927001953125,92.225830078125,91.64525604248047,90.08351135253906,88.36074829101562,87.1285400390625,86.43155670166016,85.8763656616211,85.07579040527344,84.05661010742188,83.67926788330078,84.09385681152344,83.70465850830078,81.97418212890625,80.65448760986328,81.30496215820312
103.98849487304688,103.9072265625,103.68882751464844,103.1824722290039,102.0009994506836,99.67862701416016,96.2107925415039,93.62152862548828,93.3212661743164,95.1166000366211,97.32095336914062,98.15570068359375,96.58662414550781,94.44883728027344,93.49189758300781,93.8510513305664,94.56697082519531,94.6631088256836,93.65084075927734,91.9422836303711,90.70891571044922,90.72132110595703,91.51532745361328,91.63665771484375,90.58024597167969,89.60935974121094,89.7097396850586,90.52574157714844,91.30299377441406,91.74604034423828,91.44905853271484,89.95843505859375,87.84182739257812,86.33992767333984,85.82355499267578,85.56546783447266,84.81663513183594,83.74506378173828,83.47505950927734,84.08757781982422,83.4525375366211,81.08544921875,79.5855941772461,80.57710266113281
