data/wind_data/wind_39_2.json
{"header": {"parameterUnit": "KT", "parameterCategory": 2, "nx": 256, "ny": 198, "lo1": 44.73521041870117, "la1": -3.236724853515625, "lo2": 111.26478576660156, "la2": 43.468475341796875, "dx": 0.2609002888202667, "dy": -0.23708222806453705, "refTime": "2025-02-20 15:00:00", "forecastTime": 0, "parameterNumber": 2, "parameterNumberName": "eastward_wind"}, "data":
[rows 95 to 113 of 198, columns 0 to 42 of 256]
13.227699279785156,12.64754867553711,12.642178535461426,12.832745552062988,11.435391426086426,10.320572853088379,8.220242500305176,7.188955783843994,5.8974151611328125,4.83163595199585,3.1674370765686035,2.382099151611328,1.197782278060913,0.786770224571228,0.7946701645851135,1.8003451824188232,2.4485316276550293,3.6447038650512695,5.434703350067139,7.718210697174072,7.5746541023254395,4.908007621765137,2.8005988597869873,2.111204147338867,1.7291666269302368,1.7442563772201538,1.7303755283355713,1.9405490159988403,2.6802587509155273,3.3671326637268066,4.032036781311035,4.510237216949463,3.4791691303253174,2.1117429733276367,1.081660270690918,-1.3755817413330078,-1.2303317785263062,-1.0531861782073975,-1.451172947883606,-2.2459158897399902,-1.9852041006088257,-1.5511502027511597,-1.2026103734970093
14.362072944641113,14.214015007019043,14.331587791442871,14.349637031555176,14.160651206970215,13.811044692993164,9.738205909729004,7.126562595367432,6.128627777099609,5.959081172943115,4.457854270935059,3.114734649658203,2.0763916969299316,1.0725717544555664,0.2750861346721649,0.5852586030960083,0.7664227485656738,2.3424391746520996,4.265069007873535,6.0304083824157715,5.415493965148926,2.992236375808716,1.5715628862380981,1.206540584564209,1.1135369539260864,1.3859139680862427,1.7346408367156982,2.2199995517730713,2.9754135608673096,3.7970974445343018,4.163216590881348,4.915987491607666,4.62497091293335,3.635697841644287,2.3867268562316895,0.4166749119758606,-0.04219277948141098,0.5440493822097778,-1.1137598752975464,-2.17730450630188,-1.4151414632797241,-0.8293166756629944,-0.3757178783416748
16.260623931884766,15.619217872619629,15.517318725585938,15.76878547668457,16.33563804626465,16.788387298583984,13.852213859558105,10.43492603302002,9.176527976989746,8.029526710510254,6.570013046264648,4.496378421783447,3.263015031814575,2.051300048828125,0.5325906872749329,-0.004139607306569815,-0.15825043618679047,1.2843437194824219,2.497767925262451,3.2871017456054688,2.5063605308532715,1.258711814880371,0.7974390983581543,0.5533767342567444,0.8041502237319946,1.3848592042922974,1.9508638381958008,2.554110050201416,3.1687328815460205,3.88497257232666,4.16713809967041,4.624431133270264,5.038095951080322,4.812277317047119,3.960801839828491,2.2488882541656494,0.8739691972732544,1.6165621280670166,-0.7720290422439575,-1.4922550916671753,-0.8386112451553345,-0.08391519635915756,0.3048504889011383
18.642498016357422,17.059694290161133,16.228193283081055,16.520090103149414,17.499710083007812,18.342538833618164,17.23259925842285,14.207021713256836,11.57213020324707,9.051074981689453,7.708258152008057,6.966090202331543,5.330168724060059,3.44623064994812,1.8022325038909912,0.11818777024745941,-0.7649423480033875,0.29213380813598633,0.9221298694610596,1.6199204921722412,0.6333403587341309,-0.12717176973819733,-0.039905693382024765,0.08268260210752487,0.6255272030830383,1.3354787826538086,1.9054960012435913,2.576990842819214,2.8076014518737793,3.5682709217071533,4.027917861938477,4.488302230834961,5.104255199432373,5.740025520324707,5.596565246582031,4.425059795379639,2.001337766647339,2.4210877418518066,0.3579258322715759,-0.16482706367969513,-0.14711833000183105,0.6544408798217773,0.688804566860199
19.436050415039062,17.78652572631836,16.660274505615234,16.702856063842773,17.609386444091797,18.48777961730957,18.726930618286133,16.954313278198242,15.694611549377441,11.255973815917969,6.052486896514893,5.328008651733398,5.579260349273682,4.18981409072876,2.9996261596679688,0.7361688017845154,-0.9056673645973206,-0.46089816093444824,0.22809386253356934,0.6307737827301025,0.1762465238571167,-0.3130340576171875,-0.4430225193500519,-0.04539820924401283,0.560649573802948,1.3465368747711182,1.651237964630127,2.298740863800049,2.058236598968506,3.118680000305176,3.875664710998535,4.378838539123535,4.934279441833496,6.127681255340576,7.049783706665039,6.522550582885742,3.5926108360290527,3.2288618087768555,1.419208288192749,1.034104347229004,0.6465386748313904,1.3717525005340576,0.5251513123512268
18.657503128051758,17.35959815979004,16.540267944335938,16.701200485229492,16.978788375854492,17.968429565429688,19.039939880371094,18.62958526611328,18.144107818603516,14.013483047485352,6.86676549911499,5.091198444366455,6.272500514984131,4.716201305389404,4.212745666503906,0.7892500758171082,-0.18564048409461975,-1.5991075038909912,0.4780574142932892,0.31522440910339355,0.4671364724636078,0.22179588675498962,0.07977458089590073,0.22547787427902222,0.808462917804718,1.5127005577087402,1.696190357208252,1.8955142498016357,1.7247345447540283,3.118471145629883,3.904597282409668,4.434267520904541,4.91234016418457,6.247744083404541,7.825472831726074,8.2006196975708,5.373404026031494,4.285612106323242,2.407547950744629,1.6655690670013428,1.4826266765594482,2.0970160961151123,0.0850827544927597
18.247350692749023,17.586931228637695,17.335783004760742,17.522356033325195,16.78032684326172,17.291460037231445,18.92234992980957,19.555747985839844,18.844877243041992,17.7367000579834,10.966083526611328,6.0441670417785645,6.715949535369873,6.178031921386719,6.526095390319824,3.3084800243377686,1.9332730770111084,-1.2248467206954956,0.2608291506767273,0.06718923896551132,0.49584558606147766,-0.10707198083400726,0.05159232020378113,0.33336353302001953,0.7795194387435913,1.2213923931121826,1.5508506298065186,1.5173096656799316,2.224820375442505,3.686447858810425,4.371247291564941,4.9525065422058105,5.221977710723877,6.6238861083984375,8.411306381225586,9.215754508972168,6.859861373901367,5.629550933837891,3.6843814849853516,2.1038668155670166,2.566842555999756,2.064258098602295,-0.20509296655654907
18.01607894897461,18.508861541748047,18.925905227661133,18.93163299560547,17.29244041442871,16.775588989257812,18.500436782836914,19.984966278076172,19.22502899169922,18.75178337097168,16.124221801757812,9.534164428710938,7.212218284606934,6.499599456787109,7.085968017578125,5.400249481201172,3.4397168159484863,-0.26064813137054443,-0.44951412081718445,-0.4077211916446686,-0.4195597767829895,-0.8281656503677368,-0.49485519528388977,-0.2385891079902649,-0.06958860903978348,-0.07560210675001144,0.35452017188072205,0.8979887366294861,2.4641332626342773,3.763239860534668,4.427757740020752,5.4585418701171875,5.940483570098877,6.919105529785156,8.803816795349121,9.638650894165039,7.44748067855835,6.154171466827393,5.086728096008301,2.7062082290649414,3.801013946533203,1.8019905090332031,-0.19422246515750885
18.346282958984375,19.389923095703125,19.896896362304688,19.686525344848633,18.07339859008789,17.201757431030273,18.384416580200195,19.988483428955078,20.0217227935791,18.991558074951172,18.65060806274414,15.194107055664062,7.7858147621154785,5.643873691558838,8.045731544494629,7.855917453765869,5.361101150512695,1.1362297534942627,-0.8502820730209351,-0.9886043667793274,-1.0724616050720215,-1.6285663843154907,-1.139594554901123,-1.202544927597046,-1.0630877017974854,-1.5447998046875,-0.8979688286781311,0.6438169479370117,2.515528917312622,3.3034725189208984,4.655140399932861,6.094240188598633,6.7826642990112305,7.033572673797607,8.807315826416016,9.877729415893555,8.489252090454102,6.173368453979492,5.8891425132751465,2.895669937133789,4.402527809143066,2.145367383956909,-0.8586685061454773
19.508195877075195,20.044410705566406,20.14761734008789,19.8763370513916,18.485858917236328,17.8547420501709,18.850446701049805,20.114755630493164,19.991525650024414,19.348159790039062,18.235782623291016,18.621074676513672,11.914998054504395,6.093489646911621,7.277531147003174,8.804244995117188,6.1957550048828125,2.586587905883789,-1.2728029489517212,-0.6477211713790894,-0.5344542264938354,-1.5415390729904175,-2.1256093978881836,-2.4935081005096436,-2.803893804550171,-2.346773386001587,-1.5212912559509277,-0.6294000148773193,0.49881696701049805,1.2578741312026978,3.117809772491455,5.112419605255127,7.2074079513549805,8.034778594970703,8.704628944396973,9.893051147460938,10.01072883605957,6.995461463928223,5.885922431945801,2.725048780441284,4.227780818939209,1.346592664718628,-2.5113630294799805
20.25468635559082,20.151309967041016,19.864055633544922,19.402862548828125,17.934894561767578,17.58916473388672,18.956937789916992,20.45755386352539,19.80565643310547,18.785411834716797,17.792930603027344,18.58086395263672,16.691425323486328,8.532615661621094,7.1410980224609375,9.886664390563965,7.969320297241211,4.093106269836426,-1.2740583419799805,-0.3561400771141052,-1.7948341369628906,-1.6303753852844238,-2.6652660369873047,-3.3655972480773926,-3.2963247299194336,-1.7456024885177612,-1.555050253868103,-1.3139299154281616,-0.5779860615730286,0.04376600682735443,1.546973466873169,2.4754292964935303,2.442990779876709,2.562994956970215,2.883845806121826,5.004917621612549,6.812547206878662,4.8887104988098145,4.261447906494141,2.0557689666748047,2.6724655628204346,-0.6553414463996887,-3.4949135780334473
20.229185104370117,19.396883010864258,18.604421615600586,18.153526306152344,16.910158157348633,17.00121307373047,18.56324005126953,20.432262420654297,19.942766189575195,18.302080154418945,17.432647705078125,17.51871109008789,18.88959312438965,13.66257095336914,9.122282028198242,10.426552772521973,8.405831336975098,4.576498031616211,0.053448114544153214,-0.5249970555305481,-4.045405864715576,-4.664676189422607,-3.9231958389282227,-2.1946403980255127,-1.2672202587127686,-0.9573237895965576,-1.6137111186981201,-1.275811791419983,-0.9901668429374695,-0.4598706066608429,1.2537282705307007,2.17928147315979,2.8387808799743652,3.108700752258301,2.7525110244750977,3.1809840202331543,2.7945971488952637,0.4210723638534546,1.3065180778503418,0.4796449542045593,1.2056876420974731,-1.5091670751571655,-2.4638710021972656
19.787811279296875,18.854990005493164,18.005537033081055,17.841569900512695,17.07692527770996,17.404037475585938,18.748558044433594,20.273046493530273,19.9553165435791,18.637327194213867,17.525524139404297,16.724878311157227,18.65118408203125,17.238582611083984,12.1329984664917,11.585578918457031,9.205635070800781,5.074201583862305,1.7587028741836548,0.10195513069629669,-1.1136634349822998,-2.940129280090332,-4.159743785858154,-1.220781683921814,1.3743332624435425,1.6783645153045654,1.1132041215896606,0.8189828991889954,1.048855185508728,1.2211849689483643,1.0139052867889404,1.0418626070022583,1.0519732236862183,0.7217137813568115,0.2654143273830414,0.11036366969347,-0.712736189365387,-1.2686524391174316,-0.9310415387153625,-1.3110504150390625,0.8334278464317322,0.2348732352256775,-0.21654726564884186
18.890188217163086,18.53898048400879,18.23343276977539,18.458473205566406,18.176891326904297,18.483379364013672,19.482830047607422,20.29533576965332,19.895639419555664,18.865724563598633,18.145639419555664,16.808147430419922,17.798057556152344,19.046417236328125,15.639689445495605,13.604374885559082,9.54004955291748,5.209371089935303,2.52694034576416,0.4159669876098633,1.9394512176513672,1.2976937294006348,0.7041552066802979,2.22192645072937,3.2712242603302,2.9389896392822266,3.5985312461853027,3.8708932399749756,3.8450381755828857,4.364352226257324,3.464402914047241,2.3481788635253906,1.8497947454452515,0.7603328824043274,-0.48299136757850647,-1.9180165529251099,-3.059485912322998,-2.6569948196411133,-2.136589288711548,-2.734334945678711,0.9036575555801392,2.2005953788757324,2.1807897090911865
17.77682876586914,17.99190902709961,18.36077117919922,18.61168670654297,18.490726470947266,18.776723861694336,19.59815788269043,20.051855087280273,19.63279151916504,19.155765533447266,19.17609405517578,17.269296646118164,16.52711296081543,18.080188751220703,17.2628116607666,15.884411811828613,9.795096397399902,4.746362686157227,4.098796844482422,1.3432523012161255,3.5737082958221436,4.923192977905273,4.917243480682373,5.749149322509766,5.932064533233643,4.301275730133057,4.859553337097168,5.848250865936279,5.3844804763793945,5.820857048034668,4.587550640106201,2.548607349395752,2.279198408126831,0.8912323117256165,-1.3095515966415405,-3.113004684448242,-3.4185261726379395,-3.1598212718963623,-3.1486189365386963,-1.7633107900619507,-0.7635403275489807,1.1888084411621094,3.8220632076263428
16.867237091064453,17.36473274230957,17.811079025268555,18.122861862182617,17.91466522216797,18.34290313720703,19.38581657409668,19.808286666870117,19.554428100585938,19.45298194885254,20.22391700744629,19.295108795166016,18.381145477294922,17.757959365844727,17.253690719604492,16.986225128173828,9.209685325622559,3.880279064178467,4.642450332641602,4.062028884887695,6.270578861236572,8.05688190460205,8.523971557617188,8.297072410583496,7.7362871170043945,6.263363838195801,5.775834083557129,6.306962966918945,5.80678129196167,4.624425411224365,2.188887119293213,0.01775987073779106,0.3171002268791199,0.26599884033203125,-0.42284661531448364,-0.9908545017242432,-0.9881895780563354,-1.059523344039917,-1.8124592304229736,-0.9151974320411682,0.09701374173164368,-0.2435050904750824,1.564864158630371
16.133413314819336,16.54247283935547,16.84562873840332,17.18516731262207,17.102190017700195,17.947187423706055,19.197004318237305,19.480512619018555,19.329090118408203,19.446149826049805,20.415132522583008,19.808998107910156,19.29114532470703,18.937532424926758,17.839797973632812,18.388547897338867,10.27568244934082,4.994322299957275,5.124495029449463,7.236824989318848,10.075067520141602,11.519034385681152,11.388972282409668,9.162196159362793,7.828551769256592,7.695638179779053,6.5765252113342285,5.826746940612793,5.316334247589111,3.228436231613159,0.19737958908081055,-0.646729588508606,-0.14786311984062195,0.32041123509407043,0.7924777269363403,0.9995965361595154,1.0563653707504272,0.9750661253929138,0.7556818723678589,0.07559239119291306,-0.7057682871818542,-1.2923567295074463,-2.0559558868408203
14.792950630187988,15.22137451171875,15.462064743041992,15.879803657531738,16.235708236694336,17.3148250579834,18.633970260620117,19.134260177612305,19.53887367248535,20.042007446289062,20.473329544067383,19.751558303833008,18.827116012573242,19.52144432067871,18.843915939331055,20.510482788085938,13.48836612701416,7.338390827178955,6.66337251663208,9.53699779510498,12.949377059936523,13.9369535446167,12.118704795837402,8.87337589263916,7.732731342315674,7.8769330978393555,6.4500274658203125,5.143498420715332,4.607236385345459,3.0426368713378906,0.8665539026260376,0.037475790828466415,-0.019667869433760643,0.40942665934562683,1.3909192085266113,2.0966460704803467,2.230330467224121,1.725110411643982,0.9740653038024902,-1.4337915182113647,-6.660504341125488,-8.05490493774414,-7.199131965637207
13.523175239562988,14.05428409576416,14.344637870788574,14.804031372070312,15.198373794555664,16.055112838745117,17.235992431640625,18.36403465270996,19.579835891723633,20.512149810791016,21.132829666137695,20.842605590820312,20.397371292114258,20.521724700927734,18.469755172729492,20.684066772460938,17.26348114013672,10.006330490112305,8.454328536987305,10.767892837524414,13.111085891723633,13.8477201461792,11.617770195007324,9.611292839050293,9.239954948425293,8.077792167663574,6.246180057525635,5.4242658615112305,5.160416603088379,3.701385736465454,1.8572161197662354,-0.004220576956868172,-1.567600131034851,-2.870762348175049,-3.256993532180786,-2.4929087162017822,-1.2233420610427856,-0.28473353385925293,-0.19710345566272736,-5.136068344116211,-14.242877006530762,-13.136055946350098,-8.303006172180176
