data/wind_data/wind_69_2.json
{"header": {"parameterUnit": "KT", "parameterCategory": 2, "nx": 256, "ny": 198, "lo1": 44.73521041870117, "la1": -3.236724853515625, "lo2": 111.26478576660156, "la2": 43.468475341796875, "dx": 0.2609002888202667, "dy": -0.23708222806453705, "refTime": "2025-02-21 21:00:00", "forecastTime": 0, "parameterNumber": 2, "parameterNumberName": "eastward_wind"}, "data":
[rows 38 to 56 of 198, columns 86 to 128 of 256]
-9.106718063354492,-9.617923736572266,-10.990436553955078,-11.025729179382324,-9.532564163208008,-10.142248153686523,-10.647432327270508,-8.330055236816406,-7.373087406158447,-6.828038215637207,-9.982280731201172,-11.584036827087402,-8.895331382751465,-8.149701118469238,-8.061092376708984,-8.7510404586792,-7.020912170410156,-6.329190254211426,-7.674063682556152,-7.70505428314209,-7.157825469970703,-7.246555328369141,-10.749710083007812,-9.71355152130127,-10.814314842224121,-11.03698444366455,-10.32265567779541,-10.311126708984375,-13.836159706115723,-16.56797218322754,-16.51915168762207,-15.35960578918457,-14.21932601928711,-13.813011169433594,-14.478742599487305,-15.050432205200195,-14.50885009765625,-14.429582595825195,-14.95594596862793,-15.161985397338867,-14.138123512268066,-12.137959480285645,-11.367963790893555
-11.221541404724121,-7.304577827453613,-9.084403038024902,-13.591376304626465,-12.784405708312988,-11.227402687072754,-9.215957641601562,-9.252849578857422,-10.329060554504395,-10.49791145324707,-8.905486106872559,-7.356062412261963,-5.936235427856445,-8.455133438110352,-6.736649036407471,-6.505273342132568,-7.995720386505127,-7.50636625289917,-6.754213333129883,-8.023567199707031,-7.430826187133789,-8.444348335266113,-10.541289329528809,-11.645256996154785,-11.62990665435791,-11.625700950622559,-12.167388916015625,-14.953500747680664,-18.92563247680664,-20.066831588745117,-18.941452026367188,-17.63912582397461,-16.38614845275879,-15.989304542541504,-15.912734031677246,-15.577598571777344,-16.050085067749023,-17.057884216308594,-16.922069549560547,-15.586715698242188,-14.738944053649902,-13.25512981414795,-13.102039337158203
-8.884383201599121,-7.961151599884033,-9.588187217712402,-12.012821197509766,-12.525632858276367,-10.869095802307129,-7.7504072189331055,-7.684733867645264,-10.863235473632812,-12.187509536743164,-11.407842636108398,-8.12095832824707,-5.621395587921143,-8.15644645690918,-8.632607460021973,-6.67206335067749,-4.336778163909912,-8.16262435913086,-8.800934791564941,-6.117799758911133,-8.593629837036133,-11.973562240600586,-10.904966354370117,-14.173704147338867,-13.921676635742188,-15.233107566833496,-17.10239028930664,-18.56633186340332,-19.475574493408203,-20.25164794921875,-20.53985023498535,-19.914472579956055,-19.11306381225586,-18.277179718017578,-17.558895111083984,-17.67088508605957,-18.478595733642578,-18.17573356628418,-16.762126922607422,-15.994778633117676,-15.898083686828613,-15.74493408203125,-14.187217712402344
-7.487822532653809,-7.701851844787598,-7.6155104637146,-6.851833343505859,-9.94422721862793,-8.867337226867676,-7.513672351837158,-10.969036102294922,-12.790655136108398,-11.378055572509766,-8.038924217224121,-3.8374266624450684,-4.826601982116699,-8.96536922454834,-6.859560966491699,-6.750823020935059,-7.47258996963501,-6.665955543518066,-11.581001281738281,-13.360340118408203,-12.269926071166992,-12.857758522033691,-12.873950004577637,-15.511127471923828,-17.214027404785156,-18.932754516601562,-19.614713668823242,-19.051969528198242,-19.632055282592773,-21.06794548034668,-21.48898696899414,-20.671098709106445,-19.753999710083008,-19.085590362548828,-18.72796058654785,-19.019325256347656,-19.597820281982422,-19.869718551635742,-19.81495475769043,-19.202075958251953,-17.963058471679688,-16.76659393310547,-14.997261047363281
-7.3375091552734375,-5.465834617614746,-6.330666542053223,-4.917150497436523,-7.865571022033691,-8.05471420288086,-6.312795162200928,-7.404791355133057,-8.603259086608887,-9.56340503692627,-7.439698219299316,-2.6091692447662354,-9.16357135772705,-7.432378768920898,-6.162827014923096,-8.51672649383545,-11.077018737792969,-8.260494232177734,-7.317711353302002,-12.818265914916992,-13.8048095703125,-13.044739723205566,-13.514062881469727,-15.54107666015625,-17.571439743041992,-18.543325424194336,-18.695180892944336,-19.271963119506836,-21.0395565032959,-22.85083770751953,-23.830781936645508,-23.488187789916992,-22.11941909790039,-20.872970581054688,-19.790903091430664,-19.159440994262695,-19.161903381347656,-19.687179565429688,-20.721229553222656,-21.537586212158203,-20.367755889892578,-17.670068740844727,-16.778301239013672
-9.678337097167969,-7.338352680206299,-7.7837724685668945,-6.905152320861816,-5.540236949920654,-7.269853591918945,-6.016500473022461,-5.563097953796387,-3.1107869148254395,-4.783587455749512,-6.159247875213623,-5.1897807121276855,-9.526585578918457,-8.715880393981934,-7.536066055297852,-4.129298210144043,-7.342834949493408,-6.075316905975342,-7.502379894256592,-7.948949813842773,-12.095051765441895,-11.983197212219238,-12.0862455368042,-14.376296043395996,-15.836854934692383,-16.410879135131836,-17.030853271484375,-19.05944061279297,-21.41193389892578,-23.349809646606445,-24.79452896118164,-24.83808135986328,-23.790433883666992,-22.52945327758789,-21.00932502746582,-19.467653274536133,-18.371471405029297,-18.154781341552734,-19.095767974853516,-20.67286491394043,-20.977197647094727,-18.125146865844727,-15.663339614868164
-9.621360778808594,-8.078292846679688,-7.599135398864746,-6.972090721130371,-5.817906856536865,-5.510001182556152,-5.337181568145752,-6.0557780265808105,-5.022792816162109,-2.636523962020874,-5.167855262756348,-4.4492058753967285,-1.4242515563964844,-3.459500551223755,-9.788739204406738,-6.955093860626221,-3.2404837608337402,-4.890843391418457,-8.41846752166748,-7.887327194213867,-5.901178359985352,-6.856832504272461,-10.756329536437988,-11.635913848876953,-13.350797653198242,-14.27890682220459,-14.964679718017578,-16.907297134399414,-19.523887634277344,-21.6512508392334,-23.478487014770508,-24.026487350463867,-23.404550552368164,-22.65546226501465,-21.900745391845703,-20.41184425354004,-18.46963882446289,-16.962251663208008,-17.713884353637695,-19.777502059936523,-19.290916442871094,-17.736682891845703,-15.378887176513672
-7.071616172790527,-5.918747901916504,-6.275506496429443,-4.8726067543029785,-7.571752548217773,-6.475606918334961,-2.2520790100097656,-4.414722442626953,-7.228204250335693,-5.855715751647949,-6.310353755950928,-1.285193920135498,-3.6099112033843994,-5.750287055969238,-8.107258796691895,-7.634814739227295,-7.981378078460693,-6.636669635772705,-8.082061767578125,-8.294489860534668,-6.785643577575684,-6.823254108428955,-9.727861404418945,-9.126505851745605,-9.513959884643555,-11.434694290161133,-12.211727142333984,-12.856748580932617,-15.049089431762695,-18.277767181396484,-20.944358825683594,-21.69240379333496,-20.48232078552246,-19.973846435546875,-20.658628463745117,-20.658649444580078,-20.008174896240234,-19.802230834960938,-22.130712509155273,-22.170862197875977,-16.38185691833496,-15.078701972961426,-15.743097305297852
-7.270045280456543,-6.414140224456787,-6.242661952972412,-3.2284252643585205,-8.23957633972168,-7.198066711425781,-3.8379452228546143,-5.841137409210205,-5.310316562652588,-2.9770491123199463,-4.940813064575195,-3.416012763977051,-5.50689172744751,-7.736732482910156,-6.301888465881348,-7.347466945648193,-10.757654190063477,-10.8375825881958,-11.125267028808594,-11.427294731140137,-10.61225700378418,-7.810878753662109,-7.077423572540283,-8.290875434875488,-9.114243507385254,-7.995476245880127,-9.012499809265137,-10.321322441101074,-12.721596717834473,-14.819034576416016,-17.117042541503906,-17.9798526763916,-16.869464874267578,-16.89678955078125,-17.78049659729004,-18.55623435974121,-20.31376838684082,-23.033212661743164,-26.065595626831055,-22.48605728149414,-14.382783889770508,-13.165637016296387,-15.364035606384277
-9.04896068572998,-9.356039047241211,-8.228377342224121,-7.595836162567139,-8.644898414611816,-6.689212799072266,-4.878961086273193,-5.152612686157227,-6.369104862213135,-6.595323085784912,-4.312848091125488,-3.8265700340270996,-3.9431705474853516,-5.589747905731201,-6.326340675354004,-4.757584095001221,-5.670131683349609,-8.261597633361816,-10.497032165527344,-9.121949195861816,-9.052204132080078,-7.013203144073486,-4.025421619415283,-4.492307186126709,-8.811917304992676,-6.3456501960754395,-6.554896831512451,-7.879265785217285,-8.633509635925293,-11.042945861816406,-12.406502723693848,-12.60030460357666,-12.36633586883545,-12.91575813293457,-13.671002388000488,-15.22778034210205,-18.268211364746094,-23.503482818603516,-27.8181095123291,-23.3468017578125,-15.408190727233887,-13.365368843078613,-14.540918350219727
-10.261282920837402,-9.03399658203125,-9.842781066894531,-10.103744506835938,-8.298355102539062,-6.186710834503174,-6.369413375854492,-5.7497406005859375,-5.959146976470947,-7.2016754150390625,-5.579890727996826,-3.658590316772461,-3.716404438018799,-1.6825124025344849,-4.032327651977539,-3.106870412826538,-1.6853786706924438,-3.748765468597412,-5.482125759124756,-6.79553747177124,-7.230043411254883,-8.68613052368164,-3.8837876319885254,-2.4651854038238525,-1.881056308746338,-5.9688191413879395,-4.249361991882324,-4.6188530921936035,-6.46158504486084,-6.548306465148926,-6.0378336906433105,-5.471529960632324,-7.326377868652344,-6.648096084594727,-7.636844158172607,-10.703904151916504,-14.484430313110352,-22.735897064208984,-31.441373825073242,-26.495349884033203,-15.727519989013672,-13.837752342224121,-14.801900863647461
-11.514510154724121,-9.006292343139648,-7.281569004058838,-7.356024742126465,-7.296236038208008,-7.2239155769348145,-6.163931846618652,-5.83613395690918,-6.588538646697998,-5.369056224822998,-5.23135232925415,-4.572000980377197,-2.4193546772003174,-3.9624006748199463,-5.729941368103027,-1.1756633520126343,-0.5859895348548889,-3.47332763671875,-5.4320759773254395,-7.194146633148193,-5.197497367858887,-5.572589874267578,-4.282571315765381,-5.88896369934082,-1.3524349927902222,-0.8634987473487854,-3.3369154930114746,-1.3910771608352661,-2.465337038040161,-4.930020809173584,-3.5983431339263916,-1.6787140369415283,-1.89569091796875,-2.501671552658081,-3.869887113571167,-6.05869197845459,-12.5128812789917,-24.24310302734375,-33.08651351928711,-27.093664169311523,-14.908363342285156,-12.202094078063965,-14.121248245239258
-10.518381118774414,-8.862229347229004,-5.375557899475098,-5.629537105560303,-6.459186553955078,-5.599940299987793,-5.33707332611084,-4.6662278175354,-6.32041597366333,-6.486032962799072,-3.2966134548187256,-3.0216755867004395,-3.447113037109375,-2.4062769412994385,-2.339242696762085,-2.947333574295044,-2.4502060413360596,-6.893131732940674,-7.659780502319336,-4.954794406890869,-3.015611171722412,-1.21803879737854,0.014817041344940662,-6.744154453277588,-3.7561328411102295,0.20783035457134247,-1.6297776699066162,-0.8487035632133484,-1.249042272567749,-1.7555639743804932,-3.876601219177246,-1.9654966592788696,-0.9023857116699219,-1.7078393697738647,-1.2348154783248901,-1.799721598625183,-8.199968338012695,-24.386423110961914,-33.423683166503906,-26.183414459228516,-14.451489448547363,-11.456888198852539,-12.548672676086426
-9.367223739624023,-8.40589714050293,-5.291368007659912,-4.5468244552612305,-6.794157981872559,-5.146146297454834,-3.964672565460205,-5.690070152282715,-6.009937763214111,-5.882867813110352,-4.26531457901001,-3.441713333129883,-2.90250825881958,-3.2461652755737305,-3.3097684383392334,-3.1953134536743164,-3.8674557209014893,-4.868809223175049,-5.268775939941406,-3.1990725994110107,-1.0314840078353882,-3.3193037509918213,-3.4730231761932373,-7.085200786590576,-4.397012710571289,0.9852859377861023,-2.9261229038238525,-2.2035651206970215,-1.3449060916900635,0.9122231602668762,1.3140954971313477,0.8207316398620605,-0.33104097843170166,0.058036647737026215,0.5922037959098816,-2.879396438598633,-8.997403144836426,-26.025074005126953,-34.82152557373047,-28.399749755859375,-18.199337005615234,-13.127275466918945,-12.648845672607422
-9.03769302368164,-8.006982803344727,-6.5072503089904785,-4.857809543609619,-6.60627555847168,-4.870919227600098,-4.29374885559082,-5.993281841278076,-6.212042808532715,-5.689055919647217,-6.25987434387207,-2.467634677886963,-0.6212738752365112,-5.0575761795043945,-5.453026294708252,-4.889552116394043,-4.666223526000977,-5.049736976623535,-5.606969833374023,-4.757904529571533,-3.0583598613739014,-4.725058555603027,-4.915825366973877,-4.789084434509277,-4.234734058380127,2.5844054222106934,-5.149368762969971,-5.604979515075684,0.39459899067878723,0.8101890683174133,-0.017961395904421806,1.1415507793426514,0.00387919251807034,-1.2384486198425293,-6.530613422393799,-13.930765151977539,-20.879459381103516,-28.365976333618164,-30.612154006958008,-26.202877044677734,-21.07784080505371,-15.593904495239258,-13.458216667175293
-9.13325023651123,-7.80459451675415,-7.43008279800415,-6.717075347900391,-5.740316390991211,-3.7333407402038574,-4.519492149353027,-4.177196502685547,-3.809931993484497,-4.3517303466796875,-5.800537109375,-6.6595964431762695,-5.259944915771484,-4.137623310089111,-6.59853458404541,-7.197007179260254,-7.101208209991455,-6.379332065582275,-5.812239170074463,-5.760494709014893,-6.254663944244385,-6.2496795654296875,-4.441573143005371,-2.221586227416992,-3.414766311645508,0.11984837800264359,-1.7127972841262817,-6.683038234710693,-0.5339940190315247,1.2303106784820557,-0.31533217430114746,-1.54384446144104,-3.6047749519348145,-6.84060001373291,-15.451940536499023,-19.41400909423828,-23.905439376831055,-25.657512664794922,-21.783689498901367,-18.6594181060791,-16.02067756652832,-14.023234367370605,-13.151241302490234
-10.279186248779297,-9.303854942321777,-8.001273155212402,-6.937221527099609,-6.238975524902344,-4.0890913009643555,-2.9495911598205566,-2.6595964431762695,-2.7114531993865967,-1.9637961387634277,-2.205878734588623,-3.450197219848633,-4.1704020500183105,-5.7213664054870605,-6.361034393310547,-7.251166343688965,-9.082494735717773,-9.55427360534668,-8.267278671264648,-6.605041980743408,-6.339930534362793,-6.580352306365967,-5.45304536819458,-4.477468013763428,-5.225378513336182,-2.5277140140533447,-1.6883914470672607,-1.8636659383773804,-2.1872079372406006,-2.5941638946533203,-2.255478858947754,-2.2453999519348145,-4.739792823791504,-9.429319381713867,-18.41166877746582,-22.707378387451172,-26.111848831176758,-23.25006675720215,-18.296977996826172,-16.08531379699707,-13.79662799835205,-13.189859390258789,-13.482791900634766
-10.265528678894043,-9.648298263549805,-8.601428985595703,-6.914032936096191,-6.178338527679443,-4.93264102935791,-3.759699583053589,-2.8047409057617188,-2.8534247875213623,-2.14347767829895,-0.5797751545906067,-1.2606428861618042,-1.8500525951385498,-3.2152211666107178,-5.565367698669434,-5.955641746520996,-7.376835346221924,-9.751582145690918,-10.991840362548828,-9.877521514892578,-7.544897556304932,-6.657399654388428,-6.482819080352783,-6.130704879760742,-5.432065010070801,-3.732694149017334,-3.6554629802703857,-3.347282648086548,-4.542186737060547,-5.466022491455078,-6.521520614624023,-6.519449710845947,-6.067662239074707,-7.434978485107422,-10.487454414367676,-20.323789596557617,-30.4326229095459,-26.397302627563477,-17.614267349243164,-16.88159942626953,-14.771720886230469,-13.254345893859863,-13.396136283874512
-9.444281578063965,-9.023039817810059,-8.923748970031738,-7.606283664703369,-6.704834461212158,-6.250394344329834,-4.956275463104248,-4.14430046081543,-4.172022819519043,-3.898198366165161,-1.8973076343536377,-1.3766013383865356,-0.29217588901519775,-0.006636239122599363,-2.710797071456909,-3.979255437850952,-4.3117594718933105,-6.468670845031738,-9.452770233154297,-10.953251838684082,-9.875965118408203,-7.329823970794678,-6.381186008453369,-6.1869025230407715,-5.897744655609131,-4.736771106719971,-4.42725133895874,-4.535421848297119,-4.623169422149658,-5.654622554779053,-6.137279510498047,-5.581761360168457,-3.7159667015075684,-2.4285168647766113,-6.353275299072266,-22.770898818969727,-29.31722068786621,-27.020692825317383,-18.37360191345215,-15.805299758911133,-15.780052185058594,-14.96761417388916,-16.256155014038086
