data/wind_data/wind_8_1.json
{"header": {"parameterUnit": "KT", "parameterCategory": 2, "nx": 256, "ny": 198, "lo1": 44.73521041870117, "la1": -3.236724853515625, "lo2": 111.26478576660156, "la2": 43.468475341796875, "dx": 0.2609002888202667, "dy": -0.23708222806453705, "refTime": "2025-02-19 08:00:00", "forecastTime": 0, "parameterNumber": 2, "parameterNumberName": "eastward_wind"}, "data":
[rows 57 to 75 of 198, columns 172 to 214 of 256]
-6.1883544921875,-6.125182628631592,-6.143736839294434,-6.00049352645874,-5.890442371368408,-5.800806045532227,-5.401266098022461,-4.7156853675842285,-4.29486083984375,-3.8108863830566406,-2.8723011016845703,-3.6741771697998047,-10.051529884338379,-2.799565315246582,-6.639784812927246,-3.5966598987579346,-5.087210178375244,-4.668886184692383,-5.088438510894775,-4.793362140655518,-4.690893650054932,-4.719834327697754,-5.352266311645508,-5.868368148803711,-6.153750419616699,-6.365970611572266,-6.2462358474731445,-5.759510040283203,-5.294763088226318,-4.43425989151001,-2.768256425857544,-0.4632266163825989,2.3599839210510254,3.8589911460876465,4.236297130584717,-4.047512054443359,-2.8106329441070557,-8.605765342712402,-8.516082763671875,-0.4492506980895996,-4.9176836013793945,0.7089068293571472,0.26280608773231506
-5.743217468261719,-5.682247638702393,-5.57324743270874,-5.488465785980225,-5.38746976852417,-5.636882781982422,-5.566889762878418,-5.002829074859619,-4.222917079925537,-3.734200954437256,-3.120847463607788,-0.7726927399635315,-10.501214981079102,-3.1562554836273193,-4.577158451080322,-4.416965961456299,-3.7228569984436035,-4.705170154571533,-4.556009292602539,-4.8760271072387695,-4.361931800842285,-3.9025776386260986,-3.971290111541748,-4.625349998474121,-5.213219165802002,-5.684744834899902,-5.555062294006348,-4.933364391326904,-4.369839191436768,-3.41106915473938,-1.7581461668014526,0.4008360505104065,4.0900959968566895,4.832300662994385,4.139908313751221,-6.944822311401367,1.2422046661376953,-11.154012680053711,-8.051472663879395,-5.153611183166504,-3.018483877182007,0.6099708080291748,1.1807059049606323
-5.174528121948242,-5.4795026779174805,-5.416869163513184,-5.264371871948242,-4.809325218200684,-4.9005866050720215,-5.147299289703369,-5.201239109039307,-4.3231587409973145,-3.9192991256713867,-3.5629305839538574,-4.178840160369873,-0.7020816206932068,-6.44760274887085,-2.4582204818725586,-5.358104228973389,-2.7322638034820557,-4.464648246765137,-3.8267970085144043,-4.5228471755981445,-4.030625820159912,-3.5725457668304443,-2.9551823139190674,-3.189908981323242,-3.890347719192505,-4.518474102020264,-4.6997551918029785,-4.114173889160156,-3.459153652191162,-2.6438591480255127,-0.9387530088424683,1.4727672338485718,5.712296009063721,6.86451530456543,7.860446453094482,-11.647591590881348,3.171027421951294,-6.810215950012207,-11.058480262756348,-6.385092735290527,-0.2942771911621094,-0.6800839304924011,1.911705732345581
-4.528021812438965,-4.844290733337402,-5.003262996673584,-5.146048545837402,-4.966408729553223,-4.564220428466797,-4.495105743408203,-4.556647777557373,-4.229691982269287,-3.458305835723877,-1.9505680799484253,-1.3038671016693115,1.0450458526611328,-7.737323760986328,-3.2926645278930664,-4.9753570556640625,-2.5699737071990967,-4.01481294631958,-3.2825100421905518,-4.103095054626465,-3.66452693939209,-3.191460371017456,-2.3516125679016113,-2.169558525085449,-2.587648868560791,-3.192789316177368,-3.3867990970611572,-3.095977306365967,-2.4458963871002197,-1.7436580657958984,-0.08773192018270493,2.1363604068756104,6.954100608825684,7.853634357452393,10.1333589553833,-15.625170707702637,3.847114324569702,-3.286656618118286,-13.335043907165527,-6.7567949295043945,-0.4820958077907562,-0.16775000095367432,1.423346996307373
-4.258258819580078,-4.278129577636719,-4.353090286254883,-4.575873851776123,-4.997415542602539,-4.94852352142334,-4.548929691314697,-4.073468208312988,-3.587181806564331,-2.8477835655212402,-1.3311100006103516,-0.34628626704216003,4.0524678230285645,-12.632795333862305,-2.7098774909973145,-5.068331718444824,-2.1371188163757324,-3.5841434001922607,-2.8193986415863037,-3.685053825378418,-3.461439609527588,-3.076859951019287,-2.1395509243011475,-1.6524922847747803,-1.6287579536437988,-1.9773722887039185,-1.9994122982025146,-1.815172553062439,-1.318197250366211,-0.6763384938240051,1.040848970413208,2.997380495071411,8.012105941772461,7.672940731048584,13.63671875,-7.980332851409912,2.131451368331909,-8.672648429870605,-13.354572296142578,-6.40920877456665,1.8719053268432617,0.951712429523468,3.075432777404785
-4.067473888397217,-4.029354095458984,-4.053728103637695,-4.045843601226807,-4.435361385345459,-4.9290008544921875,-4.940053462982178,-4.477163791656494,-3.3354990482330322,-2.5472426414489746,-0.2108277827501297,-0.05121779814362526,-0.24697355926036835,-9.392729759216309,-3.2523856163024902,-4.404068470001221,-2.235377550125122,-2.9957351684570312,-2.302877902984619,-2.9279119968414307,-3.006035327911377,-2.937957525253296,-2.2140660285949707,-1.545499324798584,-1.086851716041565,-1.0355452299118042,-0.8708912134170532,-0.5798853635787964,0.07511403411626816,0.6307464241981506,2.479327917098999,4.089522361755371,9.311223983764648,8.008711814880371,12.301178932189941,-8.776362419128418,8.520410537719727,-10.731139183044434,-10.4541654586792,-9.758821487426758,-4.041426181793213,1.2368757724761963,3.352013111114502
-3.5698981285095215,-3.655254602432251,-4.003587245941162,-4.035572052001953,-4.138758659362793,-4.57469367980957,-4.793692111968994,-4.800294876098633,-3.6995339393615723,-2.869797468185425,0.2719549238681793,-0.17954154312610626,5.910053730010986,-13.263256072998047,-2.8375155925750732,-4.454502582550049,-2.022169589996338,-2.834244966506958,-1.6900604963302612,-2.094444751739502,-2.208165168762207,-2.4060497283935547,-2.1013834476470947,-1.692104697227478,-1.0693315267562866,-0.672988772392273,-0.29308369755744934,0.15672633051872253,1.2881170511245728,2.158780097961426,4.306359767913818,5.751227378845215,10.730388641357422,8.873431205749512,10.362279891967773,-6.444494724273682,8.467999458312988,-7.667868137359619,-7.486512660980225,-14.139033317565918,-6.193726539611816,0.58103346824646,3.3028297424316406
-3.142378568649292,-2.9497640132904053,-3.3351938724517822,-3.832690954208374,-4.109112739562988,-4.457586765289307,-4.628689289093018,-4.603578567504883,-4.265068531036377,-3.2592501640319824,-1.6459074020385742,-0.22687600553035736,1.054073691368103,-8.70082950592041,-2.886962652206421,-2.600078582763672,-2.5687763690948486,-2.076700448989868,-1.81383216381073,-1.324710488319397,-1.4683871269226074,-1.363889455795288,-1.3667454719543457,-1.3289601802825928,-1.0664265155792236,-0.6925714015960693,-0.3347417116165161,0.44209715723991394,1.697425127029419,3.5944740772247314,5.645179271697998,8.173579216003418,11.155604362487793,10.350820541381836,4.742931365966797,-3.7400314807891846,1.3879088163375854,-0.8224321603775024,-10.829139709472656,-13.23603343963623,-6.84511137008667,2.6759755611419678,5.133702754974365
-3.1818180084228516,-2.7317023277282715,-2.5795059204101562,-2.975731134414673,-3.569624900817871,-4.206198692321777,-4.649844646453857,-4.5796589851379395,-4.278968334197998,-3.6211962699890137,-3.057016611099243,-2.247140407562256,-3.9145700931549072,-0.6284114122390747,-3.633875608444214,-1.523301601409912,-2.362769365310669,-1.8588439226150513,-1.6670582294464111,-1.1987926959991455,-0.8757736682891846,-0.4940969944000244,-0.3216331899166107,-0.5032712817192078,-0.5745024681091309,-0.3527013063430786,-0.2609011232852936,0.7864291667938232,1.8208985328674316,4.389106750488281,6.156699180603027,9.475364685058594,11.930684089660645,15.013514518737793,-1.068189263343811,-1.2697957754135132,2.2967352867126465,-6.224967002868652,-11.358545303344727,-8.261907577514648,-8.086024284362793,0.5461372137069702,-0.8693332076072693
-3.2860705852508545,-2.8149192333221436,-2.575833559036255,-2.4929556846618652,-2.7501652240753174,-3.309103012084961,-4.195006847381592,-4.647889137268066,-4.290035247802734,-3.850557327270508,-3.3190295696258545,-3.053436756134033,-1.9515992403030396,-3.8998069763183594,-1.4108504056930542,-2.086897850036621,-1.6471996307373047,-1.9101651906967163,-1.382138967514038,-1.1747745275497437,-0.6235646605491638,-0.21291545033454895,0.27685219049453735,0.295877605676651,0.20535613596439362,0.18473193049430847,0.1774892657995224,0.7996394038200378,2.6825504302978516,3.7900452613830566,8.125971794128418,8.981274604797363,14.281826972961426,9.195592880249023,-7.962030410766602,9.422874450683594,-7.779790878295898,-6.79583740234375,-9.54699420928955,-7.482281684875488,-4.59867525100708,-2.4599456787109375,0.31006088852882385
-3.4804036617279053,-2.9305429458618164,-2.7281744480133057,-2.7320916652679443,-2.6892588138580322,-2.7075958251953125,-3.249613046646118,-3.9362053871154785,-4.2803497314453125,-3.976426601409912,-3.717599868774414,-3.589789628982544,-3.6536693572998047,-2.2264366149902344,-2.226869821548462,-1.4900959730148315,-1.6144999265670776,-1.6399579048156738,-1.3098610639572144,-0.9289276003837585,-0.3003855347633362,0.008326273411512375,0.3526497185230255,0.6246408224105835,0.8273388743400574,0.9366796016693115,0.8271299004554749,1.0598171949386597,3.0118372440338135,4.2662882804870605,7.9689717292785645,9.756569862365723,16.98256492614746,5.354800701141357,-1.1430755853652954,-3.257016658782959,-6.397087097167969,-6.318693161010742,-8.016786575317383,-6.301602363586426,-6.12694787979126,-3.780965805053711,-1.1233307123184204
-3.738468885421753,-3.207212209701538,-2.7975192070007324,-2.832214593887329,-3.076723337173462,-3.1159868240356445,-3.138054370880127,-3.218417167663574,-3.5804543495178223,-3.947537660598755,-3.851818561553955,-3.7131519317626953,-3.447873115539551,-3.326861619949341,-2.321154832839966,-2.1180403232574463,-1.4860918521881104,-1.5134235620498657,-1.2826353311538696,-0.7885591983795166,-0.20098476111888885,0.2719677984714508,0.34423211216926575,0.6483533978462219,0.8415347933769226,1.2885123491287231,1.3401395082473755,1.7071460485458374,2.960164785385132,5.43561315536499,6.758988857269287,11.836311340332031,15.952155113220215,6.0450286865234375,3.0166516304016113,-3.879945993423462,-5.179946422576904,-4.825456619262695,-7.841920375823975,-3.35943341255188,-7.850108623504639,-5.788036823272705,-2.8752317428588867
-4.306396484375,-3.6944563388824463,-2.9417126178741455,-2.803351402282715,-3.108870029449463,-3.4671242237091064,-3.6050992012023926,-3.4899559020996094,-3.502457618713379,-3.70206618309021,-3.757540225982666,-3.7422068119049072,-3.630345344543457,-3.18502140045166,-2.796607255935669,-2.402588367462158,-1.797300100326538,-1.2424688339233398,-1.0418599843978882,-0.588263988494873,-0.5624304413795471,0.3082050681114197,0.14815084636211395,0.6779274940490723,0.6709920167922974,1.2324451208114624,1.3033605813980103,2.312901735305786,2.7484514713287354,7.014591693878174,5.546104431152344,13.648042678833008,7.893014430999756,3.1589934825897217,1.234277606010437,-7.517500877380371,0.8396910429000854,-7.18320369720459,-6.447628498077393,-8.831599235534668,-0.005179539322853088,-6.441117286682129,-4.210411071777344
-5.506619930267334,-4.5861711502075195,-3.5905494689941406,-3.0382144451141357,-3.169752836227417,-3.5796453952789307,-3.8979954719543457,-3.831465244293213,-3.6367366313934326,-3.6651954650878906,-3.648691177368164,-3.5622470378875732,-3.522857904434204,-3.1092770099639893,-2.684218168258667,-2.415354013442993,-1.9070417881011963,-1.210555911064148,-1.0118556022644043,-0.5434773564338684,-1.2261338233947754,0.06014951318502426,-0.14537756145000458,0.6474612355232239,0.6178359389305115,1.1370853185653687,1.3439359664916992,2.3382489681243896,3.1148862838745117,7.0400710105896,5.932837009429932,13.229616165161133,5.200087070465088,-0.5578892827033997,-9.159875869750977,-1.652912974357605,5.186816692352295,-9.098527908325195,-7.140063762664795,-4.954648017883301,-7.235438346862793,-5.369883060455322,-6.8866190910339355
-6.621396541595459,-5.839494705200195,-4.872772216796875,-3.8268136978149414,-3.3330578804016113,-3.3890910148620605,-3.8779964447021484,-4.027050018310547,-3.813265085220337,-3.5638926029205322,-3.469707489013672,-3.3952016830444336,-3.2671380043029785,-2.856815814971924,-2.490128517150879,-1.896083116531372,-1.5474424362182617,-0.8009222745895386,-1.3490971326828003,-0.2040509730577469,-1.4837532043457031,0.12059967964887619,-0.03141491487622261,0.45861172676086426,0.5192923545837402,1.2434436082839966,1.4946855306625366,2.55873966217041,3.2209343910217285,7.391886234283447,6.856698513031006,12.144759178161621,3.7802584171295166,-0.5245111584663391,-6.360410213470459,4.7529706954956055,1.4573150873184204,-8.340693473815918,-8.637151718139648,-2.602958917617798,-10.360379219055176,-5.598601341247559,-8.624395370483398
-6.583409786224365,-6.6655049324035645,-6.151944160461426,-5.0307512283325195,-4.0021281242370605,-3.329413890838623,-3.2035224437713623,-3.4749534130096436,-3.683150053024292,-3.5582282543182373,-3.318150758743286,-3.1470255851745605,-2.924410581588745,-2.480093002319336,-2.0570333003997803,-1.104636788368225,-0.516598105430603,1.1114972829818726,-0.7136750817298889,1.2402254343032837,-0.8133929371833801,0.8601796627044678,0.5838560461997986,-0.06782932579517365,-0.030203083530068398,1.0210798978805542,1.5415327548980713,2.6740431785583496,3.8622288703918457,7.401238441467285,8.901985168457031,13.654845237731934,1.9777685403823853,0.38039904832839966,-2.5882697105407715,-3.4173755645751953,7.808871269226074,-3.591273546218872,-8.525741577148438,-3.309135675430298,-10.043802261352539,-5.990764141082764,-8.326680183410645
-5.776010036468506,-6.2569475173950195,-6.4154887199401855,-5.921202182769775,-4.884510517120361,-3.584731340408325,-2.725756883621216,-2.5475049018859863,-2.764326333999634,-2.9962961673736572,-3.0949788093566895,-2.978931427001953,-2.9159438610076904,-2.3171379566192627,-1.941514492034912,-0.3716438114643097,0.3086143136024475,4.7891340255737305,2.577511787414551,4.501613616943359,2.671704053878784,2.85790753364563,1.380112886428833,-0.42541298270225525,-1.5913804769515991,0.14412277936935425,1.5726953744888306,2.2859385013580322,5.049663543701172,7.078212261199951,11.519762992858887,15.320752143859863,1.2710087299346924,5.435507774353027,-9.513839721679688,5.35007905960083,2.1274149417877197,-4.5647125244140625,-7.459532737731934,-5.561872959136963,-9.702811241149902,-6.954170227050781,-7.93520975112915
-5.125607967376709,-5.49582576751709,-5.624794006347656,-5.428618907928467,-5.124678134918213,-4.297549724578857,-2.9828574657440186,-2.047903060913086,-1.8183488845825195,-2.0521225929260254,-2.235475540161133,-2.4958698749542236,-2.8364319801330566,-2.3080809116363525,-2.0353429317474365,-0.04732099920511246,1.0783659219741821,8.383818626403809,7.256467819213867,10.645156860351562,-0.9450114965438843,2.2050869464874268,1.2489367723464966,-7.390099048614502,-1.8275110721588135,-2.47105073928833,1.3404405117034912,1.2827852964401245,6.175004482269287,5.317428112030029,14.557908058166504,8.087395668029785,3.2516989707946777,6.858456611633301,-15.99179458618164,14.443253517150879,-3.755146026611328,3.6219351291656494,-10.9879732131958,-5.803354740142822,-9.367501258850098,-7.828841209411621,-6.6255784034729
-4.352782726287842,-4.780362129211426,-4.663496971130371,-4.279148101806641,-4.068943023681641,-3.888157367706299,-3.1783461570739746,-2.1241419315338135,-1.2720439434051514,-1.1300251483917236,-1.3500909805297852,-1.640496015548706,-1.9615583419799805,-1.9826866388320923,-1.5309984683990479,-0.7686123251914978,2.2096645832061768,4.975123882293701,4.575457572937012,9.942774772644043,-1.5348882675170898,3.9263956546783447,-0.5280526280403137,-3.555516004562378,-8.5587797164917,-2.06339693069458,-1.1660981178283691,0.7907266616821289,5.065329551696777,5.834601879119873,14.219080924987793,6.232014179229736,5.578485012054443,7.366621017456055,-5.557412624359131,2.2309436798095703,0.28436195850372314,-1.2452850341796875,-7.028819561004639,-6.267415523529053,-8.166548728942871,-6.554059028625488,-5.438591480255127
