data/wind_data/wind_22_8.json
{"header": {"parameterUnit": "KT", "parameterCategory": 2, "nx": 256, "ny": 198, "lo1": 44.73521041870117, "la1": -3.236724853515625, "lo2": 111.26478576660156, "la2": 43.468475341796875, "dx": 0.2609002888202667, "dy": -0.23708222806453705, "refTime": "2025-02-19 22:00:00", "forecastTime": 0, "parameterNumber": 2, "parameterNumberName": "eastward_wind"}, "data":
[rows 152 to 170 of 198, columns 132 to 175 of 256]
42.40790939331055,41.16585922241211,40.50669479370117,40.27431106567383,40.83000183105469,42.244136810302734,43.0440788269043,41.56940841674805,38.51251220703125,35.60908889770508,34.03563690185547,34.07992935180664,35.09408950805664,36.337806701660156,37.76441192626953,39.29218292236328,40.57258987426758,41.66413116455078,42.5289306640625,42.45928955078125,41.4013671875,40.629310607910156,41.01332092285156,41.758750915527344,42.055118560791016,42.38912582397461,43.201717376708984,44.16090393066406,44.81398391723633,44.71910095214844,43.777408599853516,42.69544982910156,42.6672248840332,43.866050720214844,45.037994384765625,45.63735580444336,46.1256103515625,46.70465850830078,47.4348030090332,48.533138275146484,49.943092346191406,51.14155197143555,51.55051040649414,51.14731979370117
39.67702865600586,38.91790771484375,38.58808135986328,38.452754974365234,39.442588806152344,41.61256790161133,42.327659606933594,39.76441192626953,35.09299850463867,30.900100708007812,29.301286697387695,30.856761932373047,33.56381607055664,35.707298278808594,36.94657516479492,37.45560836791992,37.65012741088867,38.308963775634766,39.55862045288086,40.27889633178711,39.777000427246094,39.3256950378418,40.08287811279297,41.286293029785156,42.11275100708008,42.8955192565918,43.71916198730469,44.05989074707031,43.8685417175293,43.114376068115234,42.117435455322266,41.94947814941406,43.28717803955078,45.1971549987793,46.160526275634766,46.17318344116211,46.35160446166992,47.0791130065918,48.08586883544922,49.293338775634766,50.680015563964844,51.92571258544922,52.63785171508789,52.50844955444336
38.32124710083008,37.88391876220703,37.8436279296875,38.45646667480469,40.240623474121094,42.274234771728516,41.41830825805664,37.07697677612305,32.10488510131836,29.55689811706543,30.566770553588867,33.38389205932617,35.472564697265625,35.999942779541016,35.68105697631836,35.11412811279297,34.668155670166016,34.99416732788086,36.36903381347656,37.930843353271484,38.88167953491211,39.50008773803711,40.381526947021484,41.350311279296875,42.42914962768555,43.94602584838867,45.40825271606445,45.69895553588867,44.577579498291016,42.68800354003906,41.2067985534668,41.53548049926758,43.68310546875,45.85112380981445,46.74044418334961,46.7717399597168,46.777435302734375,46.98698043823242,47.57878875732422,48.820892333984375,50.38334655761719,51.566680908203125,52.0473747253418,51.90311050415039
37.92630386352539,38.35689163208008,39.40047073364258,40.40678405761719,41.54611587524414,41.77162170410156,39.23118591308594,34.94207763671875,32.221920013427734,32.60214614868164,34.77068328857422,36.54993438720703,36.69676971435547,35.617698669433594,34.45400619506836,33.53983688354492,32.85276412963867,33.024330139160156,34.45698928833008,36.654457092285156,38.676700592041016,39.92025375366211,40.646026611328125,41.397804260253906,42.601219177246094,44.37303924560547,46.21983337402344,46.964599609375,45.84315872192383,43.460140228271484,41.58137512207031,41.851375579833984,44.00987243652344,45.89567947387695,46.42261505126953,46.38388442993164,46.63849639892578,47.00574493408203,47.18160629272461,47.67860412597656,48.740379333496094,49.850830078125,50.5546875,50.899539947509766
38.78392028808594,40.62527847290039,42.22492599487305,41.814483642578125,39.88069534301758,37.84210968017578,36.2058219909668,35.25069808959961,35.39210510253906,36.555999755859375,37.51880645751953,37.19759750366211,35.931705474853516,34.530906677246094,33.50392150878906,32.9255256652832,32.63340759277344,32.90203094482422,34.15231704711914,36.02177429199219,37.623050689697266,38.372867584228516,38.822994232177734,39.767333984375,41.22783660888672,42.87737274169922,44.5184211730957,45.56757736206055,45.07871627807617,43.08946228027344,41.27674865722656,41.499061584472656,43.4633674621582,45.03416442871094,45.253841400146484,44.955787658691406,45.23951721191406,46.08910369873047,46.798255920410156,47.076011657714844,47.01203155517578,47.01234817504883,47.70758056640625,49.24419403076172
40.948570251464844,43.384647369384766,43.056217193603516,39.340736389160156,35.3609504699707,34.41211700439453,36.06077575683594,37.69792175292969,38.173770904541016,38.1220588684082,37.589176177978516,36.394371032714844,34.89485549926758,33.444129943847656,32.47521209716797,32.207794189453125,32.4800910949707,33.14493179321289,34.216217041015625,35.386451721191406,35.99714279174805,35.87276077270508,35.966400146484375,37.08357238769531,38.695953369140625,40.09598922729492,41.351558685302734,42.42778015136719,42.516754150390625,41.198482513427734,39.797706604003906,40.02355194091797,41.714393615722656,43.21251678466797,43.641944885253906,43.47660446166992,43.690948486328125,44.6025390625,45.624786376953125,46.09020233154297,45.870330810546875,45.45130920410156,45.67441940307617,47.02550506591797
41.995723724365234,42.9688606262207,40.21449661254883,35.57942199707031,33.62618637084961,34.875083923339844,36.88829040527344,38.04210662841797,38.180179595947266,38.04721450805664,38.023841857910156,37.34658432006836,35.40185546875,32.956661224365234,31.51260757446289,31.579437255859375,32.44490051269531,33.4414176940918,34.41512680053711,35.06682586669922,34.93082809448242,34.2635383605957,34.20343780517578,35.43067169189453,36.988285064697266,38.04071044921875,38.803226470947266,39.54452896118164,39.7495002746582,38.97444152832031,38.122528076171875,38.38512420654297,39.64626693725586,40.97617721557617,41.787837982177734,42.08684539794922,42.24488067626953,42.67002487182617,43.332523345947266,43.89592742919922,44.355621337890625,44.80318069458008,45.0372428894043,45.299888610839844
40.041866302490234,39.56828689575195,36.983333587646484,34.70467758178711,34.41054916381836,35.243438720703125,36.3713264465332,37.337852478027344,37.99660110473633,38.489620208740234,38.619510650634766,37.52840805053711,35.03716278076172,32.41470718383789,31.218992233276367,31.55531120300293,32.571346282958984,33.709529876708984,34.73638153076172,35.12489318847656,34.464149475097656,33.47728729248047,33.64769744873047,35.34796142578125,36.796844482421875,37.141754150390625,37.306636810302734,37.8100471496582,38.01581573486328,37.56478500366211,37.261924743652344,37.83153533935547,38.757137298583984,39.42110824584961,39.99900817871094,40.57447052001953,40.77945327758789,40.56672286987305,40.534969329833984,41.284706115722656,42.74563980102539,43.97008514404297,44.20351028442383,43.831634521484375
37.48074722290039,37.16297149658203,35.558876037597656,34.33406448364258,34.82460021972656,36.10793685913086,37.00764465332031,37.12593460083008,37.054325103759766,37.26292419433594,37.19590377807617,36.038658142089844,33.97068405151367,32.15827941894531,31.45844268798828,31.718196868896484,32.66049575805664,34.0415153503418,35.23781204223633,35.41393280029297,34.340614318847656,32.87291717529297,32.780540466308594,34.59969711303711,36.127071380615234,36.1607780456543,36.04021072387695,36.52737808227539,36.832828521728516,36.75444793701172,37.14254379272461,38.3306999206543,39.271080017089844,39.22529220581055,38.9632453918457,39.0096321105957,39.001285552978516,38.704750061035156,38.60196304321289,39.51668167114258,41.263526916503906,42.4760856628418,42.69795227050781,42.7559928894043
36.36598205566406,35.96766662597656,35.17966079711914,35.662193298339844,36.94752502441406,37.62683868408203,37.08896255493164,35.88730239868164,35.167274475097656,35.17131423950195,35.10892868041992,34.456321716308594,33.47774887084961,32.63593292236328,32.103424072265625,32.01637649536133,32.750953674316406,34.23233413696289,35.480525970458984,35.45918273925781,34.14105987548828,32.355743408203125,31.45195198059082,32.42780685424805,34.009124755859375,34.73969268798828,34.88089370727539,34.93187713623047,34.929752349853516,35.40806198120117,36.84714889526367,38.616390228271484,39.498939514160156,39.33164978027344,38.89023208618164,38.45573043823242,37.71173095703125,36.92483901977539,36.73810577392578,37.602081298828125,39.15807342529297,40.321754455566406,40.9076042175293,41.75686264038086
35.55879592895508,36.45440673828125,37.09709930419922,37.798423767089844,37.83023452758789,37.18383026123047,36.38323974609375,35.231842041015625,34.15692138671875,33.62867736816406,33.534759521484375,33.53818893432617,33.44752502441406,33.160213470458984,32.62654113769531,32.132843017578125,32.39632034301758,33.66990280151367,34.98921585083008,35.005210876464844,33.79857635498047,32.22080612182617,30.83083152770996,30.666828155517578,32.057552337646484,33.776485443115234,34.25946044921875,33.314910888671875,32.56708526611328,33.71016311645508,36.296470642089844,38.357421875,38.81455993652344,38.67769241333008,38.9171257019043,38.98026657104492,37.91352844238281,36.13272476196289,35.035736083984375,35.60298156738281,37.195194244384766,38.40576171875,39.21499252319336,40.604286193847656
36.46969223022461,38.1761474609375,38.753944396972656,38.166690826416016,37.336185455322266,37.176456451416016,37.07322692871094,35.9499626159668,34.270416259765625,33.188438415527344,33.12316131591797,33.44655990600586,33.50556564331055,33.14973068237305,32.433876037597656,31.68128776550293,31.619274139404297,32.58976364135742,33.78964614868164,33.91805648803711,33.099796295166016,32.124908447265625,30.960859298706055,30.310543060302734,31.311296463012695,33.25092697143555,33.83552169799805,32.50221633911133,31.51746368408203,32.92798614501953,35.88523483276367,37.86096954345703,37.95034408569336,37.708065032958984,38.36992645263672,39.13154602050781,38.334632873535156,36.330291748046875,35.207298278808594,36.08407974243164,37.51700210571289,38.0319709777832,38.45042419433594,39.97577667236328
37.77301788330078,39.013702392578125,38.5035514831543,37.535892486572266,37.343013763427734,37.57884979248047,37.22123336791992,35.80318832397461,34.239601135253906,33.71946716308594,34.00483703613281,34.093345642089844,33.611602783203125,32.891685485839844,32.016910552978516,31.098154067993164,30.78726577758789,31.555021286010742,32.83015060424805,33.394805908203125,32.990901947021484,32.22275161743164,31.221384048461914,30.619890213012695,31.283939361572266,32.61078643798828,32.95527267456055,32.15971374511719,31.89243507385254,33.42197799682617,36.06160354614258,37.88814163208008,37.96290588378906,37.51546859741211,37.86739730834961,38.42851638793945,37.884124755859375,36.77278518676758,36.69670867919922,37.840206146240234,38.524208068847656,38.50872802734375,39.15073013305664,40.77116394042969
36.96776580810547,37.14699172973633,36.638587951660156,36.32928466796875,36.347984313964844,36.219234466552734,35.505470275878906,34.40536117553711,33.884483337402344,34.5015754699707,35.11585235595703,34.82761764526367,33.9067497253418,33.02622604370117,32.12811279296875,31.10565185546875,30.589263916015625,31.211963653564453,32.65309524536133,33.8376579284668,34.05893325805664,33.326499938964844,31.999357223510742,31.054304122924805,31.34724998474121,32.19329071044922,32.2891960144043,31.780542373657227,32.094913482666016,33.82106399536133,36.326271057128906,38.19027328491211,38.443397521972656,38.00022506713867,38.14657211303711,38.28309631347656,37.431095123291016,36.587486267089844,37.16926574707031,38.298160552978516,38.515289306640625,38.819969177246094,40.517215728759766,42.308006286621094
35.13604736328125,35.342979431152344,34.95011901855469,34.43204879760742,34.0716552734375,33.734649658203125,33.3000373840332,33.14045333862305,33.66093444824219,34.72285079956055,35.286006927490234,35.02242660522461,34.34623336791992,33.587520599365234,32.63139343261719,31.484708786010742,30.810129165649414,31.31743621826172,32.82015609741211,34.421600341796875,35.28609085083008,34.9708366394043,33.6016845703125,32.15226745605469,31.699369430541992,32.060543060302734,32.17972183227539,31.867389678955078,32.117923736572266,33.50706100463867,35.681976318359375,37.50775909423828,38.22235870361328,38.53057098388672,39.00668716430664,38.68220138549805,37.16977310180664,36.099300384521484,36.443729400634766,37.036624908447266,37.39044952392578,38.920928955078125,42.0745964050293,43.91054916381836
34.52172088623047,34.4732551574707,33.677284240722656,32.82178497314453,32.327030181884766,32.09708786010742,32.178287506103516,32.778282165527344,33.69684982299805,34.49016571044922,34.82506561279297,34.7884407043457,34.42820358276367,33.60002136230469,32.353851318359375,31.00324249267578,30.23805046081543,30.76788902282715,32.434898376464844,34.29086685180664,35.558589935302734,35.84892272949219,35.02153778076172,33.5822868347168,32.58481216430664,32.41603088378906,32.409889221191406,32.131683349609375,32.20488357543945,33.17666244506836,34.8115234375,36.27568054199219,37.212005615234375,38.188297271728516,39.084754943847656,38.72188949584961,36.977752685546875,35.37141418457031,34.859798431396484,34.92975997924805,35.67697525024414,38.40357208251953,42.64836883544922,44.587337493896484
34.06309509277344,33.34375,32.1215705871582,31.232492446899414,30.93882179260254,31.08477020263672,31.68047523498535,32.63798904418945,33.50397872924805,33.959815979003906,34.14313888549805,34.12553787231445,33.60431671142578,32.44088363647461,30.947011947631836,29.58131980895996,28.951770782470703,29.672618865966797,31.511539459228516,33.48107147216797,34.87175750732422,35.496543884277344,35.26398468017578,34.31797790527344,33.34649658203125,32.83080291748047,32.51492691040039,32.07139587402344,32.07212829589844,33.01850128173828,34.33879470825195,35.312198638916016,36.039276123046875,36.900508880615234,37.58717346191406,37.26985549926758,35.69208908081055,33.866580963134766,32.82730484008789,32.64244079589844,33.96337127685547,37.920692443847656,42.82009506225586,44.34685134887695
32.88059997558594,31.721641540527344,30.523340225219727,29.934574127197266,29.995380401611328,30.392045974731445,31.059846878051758,31.883447647094727,32.53825378417969,32.897727966308594,33.0104866027832,32.86553955078125,32.24830627441406,31.11126136779785,29.755271911621094,28.60141372680664,28.154468536376953,28.841907501220703,30.516212463378906,32.44822311401367,33.84207534790039,34.441551208496094,34.41239547729492,33.93395233154297,33.27223587036133,32.699607849121094,32.21803665161133,31.7413387298584,31.73662757873535,32.71825408935547,34.029930114746094,34.70458984375,34.842044830322266,34.875083923339844,34.70846176147461,34.06844711303711,32.90126419067383,31.805980682373047,31.132680892944336,30.94854736328125,32.73030471801758,37.59208679199219,42.451725006103516,42.877464294433594
32.24021530151367,30.983116149902344,29.796205520629883,29.118318557739258,29.12337303161621,29.59554100036621,30.190763473510742,30.613943099975586,30.770376205444336,30.828289031982422,31.010761260986328,31.24357032775879,31.14958381652832,30.487247467041016,29.43486785888672,28.392749786376953,27.864307403564453,28.258609771728516,29.598920822143555,31.368946075439453,32.711822509765625,33.226104736328125,33.1956672668457,32.9320068359375,32.4885368347168,31.98166847229004,31.603843688964844,31.410219192504883,31.560546875,32.3745231628418,33.52229690551758,34.03275680541992,33.61326217651367,32.783241271972656,31.88078498840332,30.983219146728516,30.40399169921875,30.383291244506836,30.03369903564453,29.444013595581055,31.353382110595703,36.943206787109375,41.529945373535156,41.1842155456543
