data/wind_data/wind_58_9.json
{"header": {"parameterUnit": "KT", "parameterCategory": 2, "nx": 256, "ny": 198, "lo1": 44.73521041870117, "la1": -3.236724853515625, "lo2": 111.26478576660156, "la2": 43.468475341796875, "dx": 0.2609002888202667, "dy": -0.23708222806453705, "refTime": "2025-02-21 10:00:00", "forecastTime": 0, "parameterNumber": 2, "parameterNumberName": "eastward_wind"}, "data":
[rows 38 to 56 of 198, columns 0 to 42 of 256]
21.41448402404785,20.48238182067871,20.29550552368164,20.44098472595215,21.92418098449707,23.747543334960938,24.523366928100586,24.541044235229492,24.59621810913086,25.030868530273438,25.725540161132812,26.060983657836914,25.690153121948242,24.860891342163086,24.07634162902832,23.474674224853516,22.923377990722656,22.288509368896484,21.861112594604492,21.61376190185547,21.5816593170166,21.846431732177734,22.439943313598633,23.665861129760742,25.07761001586914,26.55539321899414,28.140045166015625,29.4875431060791,30.350910186767578,30.65704917907715,30.642457962036133,30.454511642456055,30.136991500854492,29.127397537231445,27.223621368408203,24.949316024780273,22.938756942749023,21.716249465942383,21.58600616455078,22.386795043945312,23.561872482299805,24.62355613708496,25.64206314086914
19.342784881591797,18.03900909423828,18.302072525024414,19.14712142944336,21.391714096069336,23.72752571105957,24.72568130493164,24.77865219116211,24.775869369506836,25.00135040283203,25.46208381652832,25.7545223236084,25.620447158813477,25.188732147216797,24.51861000061035,23.638038635253906,22.634174346923828,21.55351448059082,20.7357234954834,20.41407012939453,20.530895233154297,20.755577087402344,21.066654205322266,21.985881805419922,23.431310653686523,25.011178970336914,26.639169692993164,27.964570999145508,28.778209686279297,29.161643981933594,29.414535522460938,29.516332626342773,29.2735538482666,28.30345344543457,26.749652862548828,25.123056411743164,23.51691436767578,22.272050857543945,21.957298278808594,22.698209762573242,24.31452178955078,26.1456356048584,27.60105323791504
17.617717742919922,16.242294311523438,16.57841682434082,17.739683151245117,20.261486053466797,22.76582908630371,24.105710983276367,24.542808532714844,24.743247985839844,24.962745666503906,25.215770721435547,25.27804946899414,25.14019012451172,24.88762092590332,24.516523361206055,23.735517501831055,22.55658531188965,21.39732551574707,20.643348693847656,20.38622283935547,20.50029754638672,20.63474464416504,20.721860885620117,20.998430252075195,21.809656143188477,22.997154235839844,24.47641372680664,25.793561935424805,26.66148567199707,27.15299415588379,27.553396224975586,27.712833404541016,27.37113380432129,26.885818481445312,26.46875762939453,26.014495849609375,25.345718383789062,24.520307540893555,24.17317008972168,24.59793472290039,25.860469818115234,27.41872787475586,28.310834884643555
16.14837074279785,14.996604919433594,15.3087739944458,16.495380401611328,18.919662475585938,21.084455490112305,22.449583053588867,23.295166015625,23.936809539794922,24.324481964111328,24.427568435668945,24.162418365478516,23.736486434936523,23.441173553466797,23.253803253173828,22.81707191467285,21.98518180847168,21.102157592773438,20.542978286743164,20.405378341674805,20.541757583618164,20.812883377075195,20.963016510009766,20.97464370727539,21.138851165771484,21.629716873168945,22.538835525512695,23.61425018310547,24.53495979309082,25.032672882080078,25.2304744720459,25.142791748046875,25.160642623901367,25.644763946533203,26.450014114379883,26.97756576538086,26.953920364379883,26.59731674194336,26.346920013427734,26.338546752929688,26.671222686767578,27.067733764648438,27.134262084960938
14.985267639160156,14.433433532714844,14.463634490966797,15.389060974121094,17.516204833984375,19.13698387145996,20.125869750976562,21.023719787597656,21.965587615966797,22.6060733795166,22.778545379638672,22.390790939331055,21.735252380371094,21.315528869628906,21.211423873901367,21.11063575744629,20.784940719604492,20.357444763183594,20.095260620117188,20.079204559326172,20.193790435791016,20.43443489074707,20.801982879638672,21.077850341796875,21.12360191345215,21.057720184326172,21.221282958984375,21.580459594726562,22.1115665435791,22.311487197875977,22.36215591430664,22.550247192382812,23.444875717163086,24.90322494506836,26.498266220092773,27.586999893188477,27.970258712768555,27.997337341308594,27.781705856323242,27.36646270751953,26.806650161743164,26.211000442504883,25.758930206298828
14.05657958984375,13.91519832611084,13.52755355834961,14.198934555053711,16.217018127441406,17.475488662719727,17.907625198364258,18.568397521972656,19.616851806640625,20.558931350708008,21.074121475219727,21.035503387451172,20.64021873474121,20.2724666595459,20.104639053344727,20.038061141967773,19.928001403808594,19.804004669189453,19.74118423461914,19.765178680419922,19.83731460571289,19.916255950927734,20.172319412231445,20.386554718017578,20.325563430786133,19.93429183959961,19.42072105407715,18.900659561157227,18.78329086303711,18.990427017211914,19.69570541381836,20.896957397460938,22.541807174682617,24.55051612854004,26.475322723388672,27.504270553588867,27.776166915893555,27.872356414794922,27.833478927612305,27.406373977661133,26.552295684814453,25.638572692871094,24.93703269958496
13.349335670471191,12.768187522888184,12.406498908996582,13.144256591796875,15.293871879577637,16.374000549316406,16.487140655517578,16.904619216918945,17.868122100830078,18.988162994384766,19.829315185546875,20.285490036010742,20.442110061645508,20.424646377563477,20.29025650024414,20.060564041137695,19.794200897216797,19.619264602661133,19.558406829833984,19.493968963623047,19.385379791259766,19.230741500854492,19.04545021057129,18.727048873901367,18.11284637451172,17.126218795776367,16.20745849609375,15.468953132629395,15.450993537902832,16.334726333618164,18.182538986206055,20.3745059967041,22.358978271484375,23.747753143310547,24.666173934936523,24.929561614990234,24.92253875732422,25.226964950561523,25.625768661499023,25.7804012298584,25.30501365661621,24.473121643066406,23.764734268188477
12.6791353225708,12.074024200439453,11.854736328125,12.554969787597656,14.65810489654541,15.684148788452148,15.814698219299316,16.099102020263672,16.9815673828125,18.14288330078125,19.04507064819336,19.582674026489258,19.9283504486084,20.178556442260742,20.16257667541504,19.899658203125,19.50494384765625,19.1329288482666,18.816694259643555,18.48564910888672,18.1625919342041,17.764448165893555,17.24188804626465,16.354307174682617,14.931523323059082,13.404366493225098,12.388002395629883,12.376615524291992,13.558772087097168,15.432127952575684,17.584550857543945,19.436498641967773,20.430078506469727,20.506460189819336,20.486251831054688,20.70684242248535,21.004161834716797,21.63857078552246,22.332988739013672,22.624967575073242,22.35818862915039,21.902183532714844,21.513233184814453
11.862969398498535,12.524031639099121,12.275683403015137,12.75329303741455,14.58028793334961,15.552556991577148,15.732856750488281,15.962287902832031,16.71037483215332,17.750110626220703,18.56270980834961,18.897151947021484,18.96238136291504,19.00659942626953,18.962602615356445,18.76997947692871,18.41354751586914,17.914701461791992,17.294193267822266,16.69769859313965,16.212398529052734,15.799788475036621,15.070034980773926,13.600992202758789,11.646023750305176,9.961080551147461,9.438997268676758,10.504199028015137,12.350189208984375,14.037434577941895,15.438236236572266,16.341733932495117,16.83348274230957,16.856569290161133,16.75702667236328,16.842609405517578,17.3276309967041,18.00084686279297,18.508363723754883,18.64903450012207,18.442317962646484,18.436872482299805,18.607707977294922
10.970919609069824,13.060897827148438,12.934324264526367,13.435379028320312,15.128886222839355,15.912615776062012,16.060413360595703,16.132490158081055,16.514989852905273,17.121849060058594,17.73080062866211,17.84779930114746,17.566246032714844,17.24724769592285,17.114643096923828,17.052947998046875,16.794618606567383,16.26374626159668,15.500234603881836,14.728116989135742,14.10186767578125,13.598313331604004,12.729851722717285,11.1278076171875,9.107382774353027,7.754953384399414,7.689034461975098,8.35130500793457,9.348731994628906,10.668245315551758,11.769529342651367,12.460844993591309,12.886268615722656,13.026518821716309,13.078696250915527,13.207881927490234,13.630051612854004,14.175116539001465,14.619222640991211,14.953073501586914,15.214211463928223,15.636626243591309,16.143192291259766
9.998856544494629,12.51614761352539,12.879423141479492,13.817648887634277,15.493674278259277,16.00649070739746,16.004831314086914,15.969313621520996,16.04881477355957,16.194303512573242,16.411666870117188,16.24807357788086,15.727041244506836,15.191927909851074,14.97373104095459,14.937102317810059,14.831844329833984,14.42580509185791,13.766305923461914,12.953700065612793,12.146588325500488,11.379636764526367,10.480875015258789,9.187911033630371,7.543807506561279,6.4384355545043945,5.6344099044799805,5.131372451782227,5.335195541381836,6.216631889343262,7.254485130310059,8.146958351135254,8.784985542297363,9.18549919128418,9.619884490966797,10.002537727355957,10.352994918823242,10.944153785705566,11.746125221252441,12.652240753173828,13.491909980773926,14.117073059082031,14.42495059967041
8.984156608581543,11.105895042419434,12.277210235595703,13.866003036499023,15.6304349899292,15.713464736938477,15.645906448364258,15.664867401123047,15.58993148803711,15.413076400756836,15.150815963745117,14.633218765258789,13.756325721740723,12.908823013305664,12.41641902923584,12.288656234741211,12.417131423950195,12.446968078613281,12.148809432983398,11.46291732788086,10.515457153320312,9.528921127319336,8.634797096252441,7.554886817932129,6.338902473449707,4.826354026794434,3.000947952270508,1.646488904953003,1.083364725112915,1.5938326120376587,2.7237141132354736,4.069930076599121,5.176877021789551,5.9895477294921875,6.804872512817383,7.391993522644043,7.986659049987793,8.94107437133789,10.204282760620117,11.52092456817627,12.552871704101562,13.127501487731934,13.09092903137207
7.8810133934021,10.327043533325195,11.670584678649902,13.498200416564941,15.616425514221191,15.43935489654541,15.488611221313477,15.711710929870605,15.466449737548828,14.898271560668945,14.18280029296875,13.257636070251465,11.979731559753418,10.720643997192383,9.781797409057617,9.474699974060059,9.843080520629883,10.463006019592285,10.708307266235352,10.289578437805176,9.348133087158203,8.304883003234863,7.247570037841797,6.0823798179626465,4.846668720245361,2.737963914871216,0.43853870034217834,-1.3464802503585815,-2.172964334487915,-1.9046227931976318,-0.9336441159248352,0.4484124183654785,2.0022525787353516,3.5647852420806885,4.77583122253418,5.55187463760376,6.5642924308776855,7.874470233917236,9.339612007141113,10.737753868103027,11.816997528076172,12.342184066772461,12.131375312805176
7.006329536437988,11.536745071411133,11.490912437438965,12.724899291992188,15.161612510681152,14.87671184539795,14.989444732666016,15.353931427001953,15.159842491149902,14.425718307495117,13.541969299316406,12.458527565002441,10.892370223999023,9.27579402923584,8.010313987731934,7.426616668701172,7.787353038787842,8.79117202758789,9.582423210144043,9.490249633789062,8.638575553894043,7.456765651702881,6.0718841552734375,4.857887268066406,3.3435001373291016,1.1015006303787231,-1.1228561401367188,-2.781238555908203,-3.5340540409088135,-3.6077699661254883,-3.0337929725646973,-2.076650381088257,-0.6379649639129639,1.3931212425231934,3.218160629272461,4.549588203430176,5.7611565589904785,7.180568695068359,8.748326301574707,10.149749755859375,11.215240478515625,11.726923942565918,11.715274810791016
6.5044121742248535,11.729948043823242,10.600787162780762,11.543182373046875,14.183977127075195,13.771773338317871,13.515692710876465,13.582740783691406,13.546900749206543,13.234156608581543,12.843330383300781,12.091719627380371,10.59367847442627,8.962138175964355,7.709399700164795,6.871760845184326,6.808135032653809,7.690550804138184,8.71310043334961,8.910651206970215,8.112411499023438,6.6868720054626465,5.250363349914551,4.094178199768066,2.429124593734741,0.419952392578125,-1.4756207466125488,-2.781992197036743,-3.5582642555236816,-3.888915538787842,-3.725456953048706,-3.166332483291626,-2.12589430809021,-0.4442075788974762,1.8455406427383423,3.9178407192230225,5.401796817779541,6.726045608520508,8.202963829040527,9.668395042419434,10.830134391784668,11.394660949707031,11.532428741455078
6.099579811096191,6.098286151885986,7.698439121246338,10.058697700500488,13.044134140014648,12.497734069824219,11.579042434692383,10.983529090881348,10.799734115600586,10.815886497497559,11.032072067260742,11.014852523803711,10.169999122619629,8.973573684692383,8.045080184936523,7.3086161613464355,6.860937118530273,7.223420143127441,8.023119926452637,8.245227813720703,7.461592197418213,6.125807762145996,5.043377876281738,3.9267940521240234,2.313587188720703,0.6217573881149292,-1.0555113554000854,-2.357076644897461,-3.3644561767578125,-3.9466755390167236,-4.019295692443848,-3.4432084560394287,-2.4247970581054688,-1.2103352546691895,0.7469480633735657,3.2284979820251465,5.103634834289551,6.42531156539917,7.7420501708984375,9.126968383789062,10.327996253967285,11.070169448852539,11.480172157287598
5.759359359741211,6.395103454589844,7.816932201385498,9.986848831176758,12.741284370422363,12.25401496887207,11.09292984008789,9.871764183044434,8.955085754394531,8.56622314453125,8.841424942016602,9.337800025939941,9.235198020935059,8.605472564697266,8.010767936706543,7.561309337615967,7.109158515930176,7.03809118270874,7.445618629455566,7.574496269226074,6.917365550994873,5.947932720184326,5.271047592163086,4.3363518714904785,2.900007724761963,1.424905776977539,-0.0917375236749649,-1.4632213115692139,-2.5248708724975586,-3.218447685241699,-3.511328935623169,-3.2043521404266357,-2.185396432876587,-0.8360247611999512,0.41150760650634766,2.4663174152374268,4.642088890075684,6.178887844085693,7.364008903503418,8.538472175598145,9.680521011352539,10.654778480529785,11.370783805847168
5.33571720123291,7.132049083709717,8.251773834228516,10.102385520935059,12.677789688110352,12.25687026977539,11.276735305786133,9.96683120727539,8.618416786193848,7.713950157165527,7.588907241821289,7.9984917640686035,8.222043991088867,7.930577754974365,7.423786640167236,7.1109299659729,6.87571382522583,6.715198516845703,6.919337272644043,7.183896064758301,6.918448448181152,6.279881954193115,5.733197212219238,5.080224514007568,4.025851249694824,2.702223777770996,1.4539785385131836,0.32392260432243347,-0.6278903484344482,-1.304137945175171,-1.581044316291809,-1.6645867824554443,-1.1648973226547241,0.040870510041713715,1.1134271621704102,2.211024045944214,4.149242401123047,5.766546726226807,6.83763313293457,7.889550685882568,9.076871871948242,10.197279930114746,10.973398208618164
4.774912357330322,6.863959789276123,7.923727512359619,9.745233535766602,12.419248580932617,11.779118537902832,10.638649940490723,9.575706481933594,8.355836868286133,7.211628437042236,6.6666765213012695,6.794905185699463,7.148791313171387,7.113498210906982,6.632811069488525,6.250050067901611,6.23618221282959,6.3552398681640625,6.638895034790039,7.118856906890869,7.406075954437256,7.146082878112793,6.544251918792725,5.999795913696289,5.4816670417785645,4.594021320343018,3.6085405349731445,2.7977514266967773,2.0818378925323486,1.4653674364089966,1.1601389646530151,0.9398221969604492,0.9363808631896973,1.4951664209365845,2.4576005935668945,2.943542242050171,3.961880683898926,5.283362865447998,6.17041015625,7.064677715301514,8.216064453125,9.430214881896973,10.38127326965332
