data/wind_data/wind_test.json
{"header": {"parameterUnit": "KT", "parameterCategory": 2, "nx": 256, "ny": 198, "lo1": 44.73521041870117, "la1": -3.236724853515625, "lo2": 111.26478576660156, "la2": 43.468475341796875, "dx": 0.2609002888202667, "dy": -0.23708222806453705, "refTime": "2025-02-19 00:00:00", "forecastTime": 0, "parameterNumber": 2, "parameterNumberName": "eastward_wind"}, "data":
[rows 160 to 179 of 198, columns 0 to 43 of 256]
78.5934829711914,78.86336517333984,77.04769134521484,76.0618667602539,78.31897735595703,79.92379760742188,79.95806884765625,78.73974609375,76.86023712158203,75.71537780761719,74.18638610839844,72.24987030029297,70.52156829833984,69.19918823242188,66.94803619384766,65.08551025390625,63.993324279785156,62.96368408203125,62.902034759521484,60.51035690307617,58.83509063720703,58.44429016113281,57.879878997802734,57.406524658203125,56.564579010009766,55.63688278198242,55.67342758178711,56.082794189453125,56.5037727355957,56.19416046142578,55.74446487426758,55.91094207763672,55.85807418823242,54.13093566894531,51.731998443603516,50.13041305541992,49.724056243896484,48.6435546875,47.10060501098633,45.67731857299805,44.11077117919922,41.790565490722656,39.31291198730469,37.04148864746094
78.33714294433594,77.88134765625,75.9941635131836,74.96538543701172,77.25077819824219,78.41728973388672,76.69625854492188,74.95817565917969,73.13150787353516,72.81126403808594,71.96637725830078,70.837646484375,69.95841217041016,68.22553253173828,66.44076538085938,64.73128509521484,63.07225799560547,62.19912338256836,62.13456344604492,60.3145637512207,58.205108642578125,57.35151672363281,56.33306121826172,55.9842414855957,55.383705139160156,54.25691604614258,54.77616500854492,55.49280548095703,55.376644134521484,54.658653259277344,54.73554229736328,55.55055618286133,54.20766830444336,52.53935241699219,50.06816101074219,47.75312042236328,46.99409484863281,45.990455627441406,44.756439208984375,43.527462005615234,42.27257537841797,40.84527587890625,38.283668518066406,35.51750946044922
77.70221710205078,77.7951889038086,76.31156158447266,75.81362915039062,77.98575592041016,78.48771667480469,76.68428802490234,75.34012603759766,73.39058685302734,72.82209777832031,71.12542724609375,70.84832763671875,69.0907211303711,66.77542877197266,65.79290008544922,63.40015411376953,61.828155517578125,61.44786071777344,61.37146759033203,59.41181564331055,57.165809631347656,56.289520263671875,55.06462860107422,54.552391052246094,54.484779357910156,53.445499420166016,54.168212890625,54.70966339111328,54.21315383911133,53.173892974853516,53.56086349487305,53.88353729248047,52.37454605102539,50.35158157348633,48.1086540222168,46.37971115112305,45.25520324707031,43.7335319519043,41.68309783935547,40.60697555541992,40.058631896972656,39.417537689208984,37.52486038208008,34.69405746459961
76.9073715209961,75.5289306640625,74.30757141113281,75.61748504638672,78.01030731201172,78.23518371582031,76.8272705078125,75.5722427368164,73.71424865722656,72.61246490478516,70.28569030761719,69.5177230834961,67.3949966430664,64.64480590820312,63.64725112915039,61.032615661621094,60.178592681884766,60.278892517089844,59.73975372314453,58.166629791259766,55.978824615478516,55.011314392089844,53.7267951965332,53.46339416503906,53.54878234863281,52.96563720703125,53.32823181152344,53.456382751464844,52.494876861572266,52.03133010864258,52.70668029785156,52.5489387512207,50.96892166137695,48.95376968383789,46.487388610839844,44.938541412353516,43.386226654052734,41.3892822265625,39.89146423339844,38.71299362182617,37.79896545410156,36.954917907714844,36.19052505493164,33.9017448425293
74.5599365234375,72.58003997802734,72.0947494506836,74.42443084716797,76.17102813720703,76.3003158569336,75.29161834716797,74.12187957763672,72.9483413696289,71.62326049804688,68.71058654785156,67.00563049316406,65.32711029052734,62.84657669067383,61.23093032836914,59.230628967285156,58.69007873535156,58.834590911865234,58.286956787109375,56.94369888305664,54.882301330566406,53.82680130004883,53.043392181396484,52.7520637512207,52.494476318359375,52.21961975097656,52.37662124633789,52.16831970214844,51.07778549194336,51.1362190246582,51.80815887451172,51.452796936035156,49.7745361328125,47.52842330932617,44.8192138671875,43.31581115722656,41.57143783569336,39.0905876159668,37.90476989746094,37.170867919921875,36.53456115722656,35.234703063964844,34.22346496582031,32.74127960205078
71.96347045898438,70.84717559814453,71.54202270507812,73.69107055664062,74.1906967163086,73.94373321533203,72.95069122314453,71.65225982666016,71.00565338134766,69.82117462158203,67.0171890258789,64.91534423828125,63.507957458496094,61.45446014404297,59.57903289794922,58.502723693847656,57.80664825439453,57.904136657714844,57.483070373535156,55.712684631347656,53.62754440307617,52.58989715576172,52.47101593017578,52.20899200439453,51.65498733520508,51.33712387084961,51.35853576660156,50.958431243896484,50.07706069946289,50.3807487487793,50.66036605834961,50.16383743286133,48.5097541809082,46.014163970947266,43.41862106323242,41.8644905090332,39.94951629638672,37.24258804321289,35.858741760253906,35.52738571166992,35.332786560058594,34.06575012207031,32.3438720703125,31.360355377197266
71.08863067626953,71.00296020507812,72.32646942138672,73.62798309326172,73.1846923828125,72.14938354492188,70.72462463378906,69.03160858154297,68.39802551269531,67.51438903808594,65.80306243896484,63.83332824707031,61.94319152832031,59.94063949584961,58.850982666015625,58.2395133972168,57.311397552490234,57.5263557434082,56.64584732055664,54.169307708740234,51.98851013183594,51.26243209838867,51.52880859375,51.642120361328125,51.03265380859375,50.51467514038086,50.31294250488281,49.823211669921875,49.20207977294922,49.607994079589844,49.30678939819336,48.54459762573242,47.128936767578125,44.858192443847656,42.580223083496094,40.605770111083984,38.219024658203125,35.6002197265625,34.269805908203125,33.77854537963867,33.25282287597656,32.491920471191406,31.067352294921875,30.074268341064453
71.40013885498047,71.64971923828125,71.73321533203125,71.56573486328125,70.554931640625,68.88616943359375,67.07302856445312,65.57694244384766,65.763671875,65.27508544921875,64.1785888671875,61.70722961425781,59.741695404052734,58.136226654052734,58.357608795166016,57.39885711669922,56.15995788574219,56.07967758178711,54.23141098022461,51.92597961425781,50.18210983276367,50.329410552978516,51.20688247680664,51.07550048828125,49.78183364868164,49.37488555908203,49.42462921142578,48.8990364074707,48.394168853759766,48.48147964477539,47.901912689208984,47.08546447753906,45.924835205078125,44.14723587036133,41.69956588745117,38.87081527709961,36.064456939697266,33.39448928833008,32.60173034667969,32.27719497680664,31.47215461730957,30.66189956665039,29.738008499145508,28.86052703857422
67.89488983154297,68.1565170288086,67.95633697509766,67.66509246826172,66.93647003173828,65.91209411621094,64.28921508789062,62.423526763916016,62.64434814453125,62.26129150390625,60.72684860229492,58.59606170654297,57.14149856567383,56.42237091064453,57.22035217285156,55.517662048339844,54.46311950683594,53.966949462890625,51.53621292114258,49.49524688720703,49.10192108154297,49.96397399902344,50.59006118774414,49.625526428222656,48.33936309814453,48.49909973144531,48.61797332763672,47.96281433105469,47.62708282470703,47.321807861328125,46.86457061767578,46.12158203125,44.97310256958008,43.31962203979492,40.12338638305664,36.75592041015625,34.32594299316406,32.209293365478516,31.603395462036133,31.37189292907715,30.17618751525879,28.749967575073242,27.954267501831055,27.655136108398438
64.8328857421875,65.1680679321289,65.1014404296875,64.69741821289062,63.94648361206055,63.18375778198242,61.5095329284668,59.27964401245117,58.865638732910156,58.593196868896484,57.11485290527344,56.22261428833008,55.32878112792969,55.16570281982422,55.65650177001953,53.467769622802734,52.47407531738281,51.2921028137207,48.65498733520508,47.678672790527344,48.31666564941406,49.261844635009766,49.29606628417969,48.35331344604492,47.93021774291992,47.94007110595703,47.19434356689453,46.53243637084961,46.71000671386719,46.607078552246094,45.960548400878906,45.24817657470703,44.059471130371094,42.34446334838867,38.62993240356445,35.42867660522461,33.34614181518555,31.352903366088867,30.418241500854492,30.13408851623535,29.241884231567383,27.604084014892578,26.592714309692383,26.57573890686035
61.4532585144043,61.671775817871094,61.94050216674805,61.722999572753906,60.51163101196289,59.251800537109375,57.56541061401367,55.857540130615234,55.0167236328125,54.47452926635742,54.02483367919922,54.26979446411133,52.9020881652832,52.132022857666016,52.63560104370117,50.826358795166016,49.83338165283203,48.71455383300781,46.447479248046875,46.308773040771484,47.42414474487305,48.21428298950195,48.03997039794922,47.59461975097656,47.47798538208008,46.72766876220703,45.503387451171875,45.25300216674805,45.99959945678711,45.71263122558594,45.03074645996094,44.5804328918457,43.360416412353516,41.489933013916016,37.51409149169922,34.45969772338867,32.481971740722656,30.590091705322266,29.112682342529297,28.700786590576172,28.471824645996094,26.879972457885742,25.53258514404297,25.491413116455078
57.91067886352539,58.35401153564453,58.974185943603516,58.652198791503906,56.79218673706055,54.8547248840332,53.238853454589844,52.30274963378906,51.73720932006836,51.55204772949219,52.465728759765625,52.82007598876953,50.50418472290039,48.60581970214844,49.0750846862793,48.246604919433594,47.8608512878418,46.46726989746094,44.722328186035156,45.09538650512695,46.24190902709961,46.987823486328125,47.17988204956055,47.133609771728516,46.643863677978516,45.24710464477539,44.17295455932617,44.46730041503906,45.403785705566406,44.80144500732422,44.2408332824707,43.9729118347168,42.7319221496582,40.53974533081055,36.60966110229492,33.59246063232422,31.625728607177734,29.843875885009766,28.315975189208984,27.643230438232422,27.8050537109375,26.4563045501709,24.852970123291016,24.618867874145508
55.40235137939453,56.65797805786133,57.41307067871094,55.98997497558594,53.59324264526367,51.39670181274414,49.64671325683594,48.95453643798828,49.46497344970703,50.863922119140625,52.28404235839844,51.61968231201172,48.959625244140625,46.591495513916016,46.27381134033203,46.46232986450195,47.28609848022461,44.38740539550781,43.07651901245117,44.03080368041992,45.104427337646484,46.05228042602539,46.72311782836914,46.60418701171875,45.79372787475586,44.44888687133789,43.59560775756836,44.06404113769531,44.65904235839844,44.2535400390625,43.75746536254883,43.2291145324707,41.935279846191406,39.296749114990234,35.755767822265625,32.923641204833984,30.930450439453125,29.083599090576172,28.1713809967041,27.321884155273438,27.333547592163086,26.413116455078125,24.77417755126953,24.234024047851562
55.32989501953125,56.443687438964844,56.815677642822266,53.86281967163086,51.068782806396484,48.568511962890625,46.04622268676758,46.11872100830078,48.35481643676758,50.2340087890625,50.310020446777344,48.80487060546875,46.23636245727539,44.39170837402344,43.53472137451172,44.69016647338867,45.171470642089844,42.1493034362793,42.208927154541016,43.71255111694336,45.10690689086914,46.379432678222656,46.590370178222656,45.98668670654297,45.41101837158203,44.44414138793945,43.441009521484375,43.56145477294922,43.83927917480469,43.65728759765625,43.30839157104492,42.47167205810547,41.031856536865234,38.322723388671875,35.365745544433594,32.80329895019531,30.209501266479492,28.213397979736328,27.179584503173828,27.20851707458496,27.270841598510742,26.76661491394043,25.379051208496094,24.19106674194336
54.48020553588867,54.139583587646484,54.33700942993164,52.496456146240234,50.54967498779297,47.81956481933594,43.91653823852539,45.31283950805664,49.31187438964844,49.28709030151367,48.8703727722168,47.082611083984375,44.53794860839844,43.1917724609375,42.61732482910156,43.58545684814453,44.0262451171875,42.35966873168945,42.66089630126953,44.00520706176758,45.608863830566406,46.59811782836914,46.18039321899414,45.51266860961914,45.249019622802734,44.611976623535156,43.51780700683594,42.9808235168457,42.919036865234375,42.99213409423828,42.85438919067383,41.492149353027344,40.131961822509766,37.835044860839844,35.163516998291016,32.56360626220703,29.641557693481445,27.477876663208008,26.446617126464844,26.834537506103516,27.39242172241211,26.94571304321289,25.960750579833984,24.547954559326172
53.974422454833984,52.78893280029297,51.81372833251953,50.592979431152344,49.119407653808594,46.367061614990234,43.06755447387695,45.451026916503906,50.36595916748047,49.06104278564453,47.489864349365234,46.07504653930664,44.35084533691406,43.1845703125,42.80050277709961,43.24500274658203,43.49802780151367,42.882381439208984,43.20170211791992,44.29194259643555,45.74742126464844,46.52857208251953,46.05641555786133,45.28884506225586,45.06035614013672,44.84601974487305,43.4597053527832,41.921260833740234,41.76008224487305,42.195804595947266,41.89101791381836,40.35972213745117,39.44411087036133,37.516029357910156,34.981361389160156,32.23368835449219,29.34102439880371,27.323108673095703,26.47847557067871,26.35384750366211,27.175586700439453,26.785140991210938,26.04820442199707,25.09249496459961
53.755699157714844,52.238616943359375,50.02846145629883,48.383392333984375,47.0759162902832,44.743064880371094,43.08992385864258,45.994205474853516,49.76339340209961,48.778724670410156,46.254093170166016,45.182373046875,44.56318283081055,43.5451545715332,43.05302047729492,43.07183837890625,43.183021545410156,43.16417694091797,43.61661911010742,44.71870040893555,45.92890167236328,46.51021957397461,46.144554138183594,45.1705322265625,44.72801971435547,44.63866424560547,43.078346252441406,41.09278869628906,41.004493713378906,41.48066329956055,40.684261322021484,39.39533996582031,38.98491287231445,37.314300537109375,34.92478942871094,32.080997467041016,29.502695083618164,27.466873168945312,26.607177734375,26.07461929321289,26.621477127075195,26.365036010742188,25.818389892578125,25.422361373901367
53.626102447509766,51.80429458618164,48.944618225097656,46.702919006347656,45.79061508178711,44.27987289428711,43.95683670043945,46.75600814819336,48.10761260986328,48.03548812866211,45.800575256347656,44.60643005371094,44.44282913208008,43.766971588134766,43.107601165771484,42.89882278442383,43.04115295410156,43.42992401123047,44.044857025146484,45.302398681640625,46.32096862792969,46.666236877441406,46.18220901489258,44.93874740600586,44.20143508911133,43.996803283691406,42.76118087768555,41.1336555480957,40.85221862792969,40.79781723022461,39.593475341796875,38.66379165649414,38.60207748413086,37.17731857299805,35.07742691040039,32.217552185058594,29.912986755371094,27.536176681518555,26.231884002685547,25.856273651123047,26.00525665283203,26.00676155090332,25.582731246948242,25.410160064697266
53.63530349731445,51.226383209228516,48.024147033691406,46.62350082397461,46.75056076049805,45.867191314697266,45.818443298339844,47.7108039855957,48.22877883911133,47.449825286865234,46.8056755065918,45.160621643066406,44.18404769897461,43.99163055419922,43.57825469970703,43.182308197021484,43.41518020629883,44.2132682800293,44.68095779418945,45.70909118652344,46.473514556884766,46.70124053955078,45.939884185791016,44.47865676879883,43.565673828125,43.60112380981445,43.3240852355957,42.118228912353516,40.79911422729492,39.831748962402344,38.818397521972656,37.91078186035156,38.09090042114258,37.017269134521484,35.36762237548828,32.491539001464844,30.00613021850586,27.357524871826172,25.329753875732422,25.113771438598633,25.657569885253906,26.046186447143555,25.50806427001953,25.28254508972168
54.47407913208008,51.03242111206055,47.512420654296875,48.29775619506836,49.61433029174805,47.81453323364258,46.28600311279297,47.78718948364258,48.50480270385742,47.3365592956543,45.345802307128906,43.70317459106445,43.498409271240234,43.6758918762207,43.71817398071289,43.44198989868164,43.859092712402344,44.60905075073242,45.1138801574707,45.71304702758789,46.26112365722656,46.29685974121094,45.667747497558594,44.57780456542969,43.778629302978516,43.86373519897461,44.192508697509766,43.1131591796875,40.754329681396484,39.28157043457031,38.343955993652344,37.358985900878906,37.954227447509766,37.07139587402344,35.32793426513672,32.72536087036133,30.382484436035156,27.840946197509766,25.3039608001709,24.37615966796875,25.126096725463867,25.40534210205078,25.08790397644043,25.096742630004883
