data/wind_data/wind_42_5.json
{"header": {"parameterUnit": "KT", "parameterCategory": 2, "nx": 256, "ny": 198, "lo1": 44.73521041870117, "la1": -3.236724853515625, "lo2": 111.26478576660156, "la2": 43.468475341796875, "dx": 0.2609002888202667, "dy": -0.23708222806453705, "refTime": "2025-02-20 18:00:00", "forecastTime": 0, "parameterNumber": 2, "parameterNumberName": "eastward_wind"}, "data":
[rows 38 to 56 of 198, columns 88 to 131 of 256]
-20.693222045898438,-20.098867416381836,-19.597972869873047,-19.255359649658203,-19.10045051574707,-19.158199310302734,-19.010963439941406,-18.43502426147461,-17.84651756286621,-17.50606918334961,-17.458749771118164,-17.396629333496094,-17.3037166595459,-17.35128402709961,-17.232059478759766,-16.21848487854004,-15.266523361206055,-15.051841735839844,-14.982972145080566,-14.424238204956055,-13.750692367553711,-13.511235237121582,-13.630250930786133,-13.792795181274414,-13.748808860778809,-13.385303497314453,-13.053969383239746,-13.063586235046387,-13.251603126525879,-13.131518363952637,-12.711090087890625,-12.436110496520996,-12.272581100463867,-12.242450714111328,-12.406888961791992,-12.147092819213867,-11.414546012878418,-10.552459716796875,-9.986358642578125,-10.21353816986084,-10.936180114746094,-11.258838653564453,-10.714509010314941,-9.85338306427002
-20.484909057617188,-20.096004486083984,-19.350418090820312,-18.67422103881836,-18.480955123901367,-18.719778060913086,-18.874385833740234,-18.547574996948242,-17.885778427124023,-17.427589416503906,-17.414836883544922,-17.37457275390625,-17.156038284301758,-17.19906234741211,-16.949281692504883,-15.936983108520508,-14.742773056030273,-14.196880340576172,-14.163514137268066,-14.017220497131348,-13.651327133178711,-13.162435531616211,-12.817832946777344,-12.828195571899414,-12.972549438476562,-13.006388664245605,-12.909794807434082,-12.92092227935791,-12.824344635009766,-12.488784790039062,-12.407439231872559,-12.160077095031738,-11.769274711608887,-11.632431030273438,-11.73443603515625,-11.502962112426758,-10.863543510437012,-10.211371421813965,-9.806015014648438,-10.042569160461426,-10.81394100189209,-11.306682586669922,-10.875981330871582,-10.087845802307129
-19.973407745361328,-19.618534088134766,-19.127628326416016,-18.604623794555664,-18.162626266479492,-18.12031364440918,-18.384084701538086,-18.48910903930664,-18.203292846679688,-17.758947372436523,-17.261905670166016,-16.884065628051758,-16.811676025390625,-16.854228973388672,-16.41556167602539,-15.41014289855957,-14.292190551757812,-13.621933937072754,-13.490361213684082,-13.543120384216309,-13.416873931884766,-13.00282096862793,-12.398237228393555,-11.899024963378906,-11.856914520263672,-12.091784477233887,-12.330401420593262,-12.459261894226074,-12.289484977722168,-12.238693237304688,-12.293876647949219,-11.813950538635254,-11.186108589172363,-10.975143432617188,-10.944300651550293,-10.68661880493164,-10.180743217468262,-9.752861022949219,-9.600258827209473,-9.701631546020508,-10.061054229736328,-10.64980411529541,-10.885940551757812,-10.678543090820312
-19.680889129638672,-19.523488998413086,-19.156360626220703,-18.628005981445312,-18.15510368347168,-18.042221069335938,-18.17183494567871,-18.26963996887207,-18.018962860107422,-17.476482391357422,-16.900190353393555,-16.491785049438477,-16.309114456176758,-16.114500045776367,-15.610381126403809,-14.751960754394531,-13.87596321105957,-13.36180591583252,-13.216086387634277,-13.155299186706543,-13.0228853225708,-12.764702796936035,-12.223649978637695,-11.510307312011719,-11.04358959197998,-11.149473190307617,-11.63597583770752,-11.8633394241333,-11.705246925354004,-11.65991497039795,-11.604209899902344,-11.121460914611816,-10.623538970947266,-10.478007316589355,-10.373103141784668,-9.985575675964355,-9.418075561523438,-9.115483283996582,-9.298977851867676,-9.475421905517578,-9.390562057495117,-9.831120491027832,-10.75611400604248,-11.302475929260254
-19.309328079223633,-19.114587783813477,-18.738603591918945,-18.47245979309082,-18.242767333984375,-18.06943702697754,-17.925888061523438,-17.801422119140625,-17.523422241210938,-17.07714080810547,-16.566232681274414,-16.06086540222168,-15.724055290222168,-15.319846153259277,-14.763264656066895,-14.157073020935059,-13.634790420532227,-13.34901237487793,-13.096721649169922,-12.770251274108887,-12.533811569213867,-12.343310356140137,-11.963165283203125,-11.327552795410156,-10.79477310180664,-10.807489395141602,-11.255753517150879,-11.57264518737793,-11.361947059631348,-10.780900955200195,-10.356001853942871,-10.256598472595215,-10.289745330810547,-10.298307418823242,-9.977426528930664,-9.1703519821167,-8.291919708251953,-8.145795822143555,-8.827305793762207,-9.327593803405762,-9.267681121826172,-9.67030143737793,-10.677380561828613,-11.356531143188477
-19.17790985107422,-18.82918357849121,-18.410829544067383,-18.164894104003906,-18.083398818969727,-18.06881332397461,-17.85080909729004,-17.42062759399414,-16.91705894470215,-16.521085739135742,-16.220355987548828,-15.701552391052246,-15.273869514465332,-14.858468055725098,-14.25399398803711,-13.747679710388184,-13.460190773010254,-13.226730346679688,-12.760188102722168,-12.211909294128418,-11.952394485473633,-11.892873764038086,-11.584491729736328,-10.976346015930176,-10.513103485107422,-10.562724113464355,-11.002922058105469,-11.36198902130127,-11.09550952911377,-10.1649808883667,-9.458267211914062,-9.559109687805176,-9.975632667541504,-10.212407112121582,-9.804428100585938,-8.462874412536621,-7.035238265991211,-7.14378023147583,-8.391372680664062,-9.131874084472656,-9.396479606628418,-9.95376205444336,-10.488945960998535,-10.543856620788574
-18.830673217773438,-18.50308609008789,-18.112205505371094,-17.76256561279297,-17.61899185180664,-17.70477294921875,-17.680583953857422,-17.318946838378906,-16.607297897338867,-15.979297637939453,-15.648759841918945,-15.21901798248291,-14.727011680603027,-14.23387336730957,-13.69691276550293,-13.391205787658691,-13.283538818359375,-13.011458396911621,-12.308051109313965,-11.560251235961914,-11.349309921264648,-11.43852424621582,-11.157644271850586,-10.501091003417969,-9.965072631835938,-9.935897827148438,-10.369608879089355,-10.867879867553711,-10.764140129089355,-9.950860023498535,-9.293851852416992,-9.317952156066895,-9.605680465698242,-9.859536170959473,-9.588242530822754,-8.305211067199707,-6.691000938415527,-6.389542579650879,-7.326237678527832,-8.392788887023926,-9.15535831451416,-9.834635734558105,-10.043352127075195,-9.634781837463379
-18.153709411621094,-17.92776870727539,-17.63711929321289,-17.31247329711914,-17.188617706298828,-17.24644660949707,-17.192480087280273,-16.77973175048828,-16.09220314025879,-15.453496932983398,-15.006817817687988,-14.560507774353027,-14.039857864379883,-13.386626243591309,-12.853177070617676,-12.661128997802734,-12.67441463470459,-12.52108383178711,-11.886637687683105,-11.160404205322266,-10.863865852355957,-10.881107330322266,-10.687618255615234,-10.101449966430664,-9.497842788696289,-9.278166770935059,-9.494996070861816,-9.958727836608887,-10.147488594055176,-9.843099594116211,-9.48686408996582,-9.483634948730469,-9.465235710144043,-9.391179084777832,-9.223577499389648,-8.602381706237793,-7.045058727264404,-5.41555118560791,-5.6397576332092285,-7.368283748626709,-8.651012420654297,-9.252635955810547,-9.110696792602539,-8.545567512512207
-17.64567756652832,-17.309986114501953,-16.964298248291016,-16.670141220092773,-16.559175491333008,-16.524946212768555,-16.36271095275879,-16.014116287231445,-15.515423774719238,-14.869917869567871,-14.315956115722656,-13.90107250213623,-13.297103881835938,-12.57075309753418,-12.056716918945312,-11.874614715576172,-11.88318157196045,-11.845459938049316,-11.409385681152344,-10.82553482055664,-10.554152488708496,-10.440999984741211,-10.169855117797852,-9.75788688659668,-9.371135711669922,-9.038177490234375,-8.867256164550781,-8.99856185913086,-9.352198600769043,-9.50413990020752,-9.444520950317383,-9.452503204345703,-9.263110160827637,-9.114439010620117,-8.909061431884766,-8.413195610046387,-6.4585280418396,-4.094501972198486,-4.834105968475342,-6.837983131408691,-7.955148220062256,-8.4871187210083,-8.039628982543945,-7.3458075523376465
-17.220067977905273,-16.916885375976562,-16.499847412109375,-16.128021240234375,-15.943037986755371,-15.855944633483887,-15.642901420593262,-15.233622550964355,-14.754575729370117,-14.252098083496094,-13.725093841552734,-13.210031509399414,-12.642675399780273,-12.017407417297363,-11.5155611038208,-11.275917053222656,-11.209774017333984,-11.122797012329102,-10.79836654663086,-10.448835372924805,-10.288409233093262,-10.011421203613281,-9.625162124633789,-9.404818534851074,-9.255228996276855,-8.959330558776855,-8.5757474899292,-8.405903816223145,-8.628536224365234,-8.93508529663086,-9.00876235961914,-8.821026802062988,-8.599626541137695,-8.779831886291504,-8.479181289672852,-7.771684169769287,-5.612540245056152,-3.962630271911621,-5.332358360290527,-6.991034507751465,-7.473911762237549,-7.833976745605469,-7.1377949714660645,-6.404605388641357
-16.733776092529297,-16.539926528930664,-16.243986129760742,-15.901715278625488,-15.541969299316406,-15.191673278808594,-14.822456359863281,-14.441697120666504,-14.041918754577637,-13.55650520324707,-13.053911209106445,-12.555066108703613,-12.065336227416992,-11.508408546447754,-10.967094421386719,-10.607377052307129,-10.441781997680664,-10.28143310546875,-9.992687225341797,-9.833952903747559,-9.815765380859375,-9.56479549407959,-9.07904052734375,-8.791597366333008,-8.7742338180542,-8.622522354125977,-8.266188621520996,-8.0108060836792,-8.124590873718262,-8.417159080505371,-8.32486629486084,-7.728226184844971,-7.746436595916748,-8.064943313598633,-7.600099563598633,-6.951416969299316,-5.5210490226745605,-5.266241550445557,-6.187356472015381,-7.135237693786621,-7.575399875640869,-7.80705451965332,-6.833433628082275,-5.962065696716309
-16.002809524536133,-15.843923568725586,-15.600700378417969,-15.400520324707031,-15.082535743713379,-14.554442405700684,-14.074660301208496,-13.711018562316895,-13.263970375061035,-12.787230491638184,-12.331953048706055,-11.855956077575684,-11.383538246154785,-10.823054313659668,-10.20699691772461,-9.73951244354248,-9.421344757080078,-9.198033332824707,-9.087506294250488,-9.08399486541748,-9.070643424987793,-8.822051048278809,-8.340537071228027,-8.024798393249512,-7.999991416931152,-7.943280220031738,-7.780065059661865,-7.622691631317139,-7.611310005187988,-7.7623419761657715,-7.513036251068115,-6.841502666473389,-7.093246936798096,-7.062510967254639,-6.41871452331543,-5.488012790679932,-4.9426422119140625,-5.972297191619873,-6.415595054626465,-6.792598724365234,-7.740319728851318,-8.08482551574707,-6.972589492797852,-5.929490566253662
-15.098451614379883,-14.907830238342285,-14.668076515197754,-14.403194427490234,-14.161163330078125,-13.66247272491455,-13.139819145202637,-12.77730941772461,-12.3866548538208,-11.917437553405762,-11.404890060424805,-10.878334045410156,-10.399569511413574,-9.89823055267334,-9.29814338684082,-8.725112915039062,-8.333313941955566,-8.16963005065918,-8.122235298156738,-8.131936073303223,-8.061914443969727,-7.781700134277344,-7.435407638549805,-7.253159523010254,-7.197198390960693,-7.115145683288574,-7.105719089508057,-7.070352554321289,-6.8710551261901855,-6.7271857261657715,-6.5234808921813965,-6.222635746002197,-6.603296756744385,-6.462616920471191,-5.331328392028809,-4.009430885314941,-4.446223258972168,-5.775859355926514,-5.9912333488464355,-6.327528953552246,-7.562341690063477,-7.831380844116211,-6.9641947746276855,-6.07267427444458
-14.047683715820312,-13.743308067321777,-13.457267761230469,-13.118796348571777,-12.818556785583496,-12.406609535217285,-11.989727020263672,-11.691889762878418,-11.379210472106934,-10.932806968688965,-10.35644817352295,-9.75528621673584,-9.203551292419434,-8.652144432067871,-8.141087532043457,-7.696334362030029,-7.347405910491943,-7.103006362915039,-6.958483695983887,-6.943258285522461,-6.872817039489746,-6.601500511169434,-6.383009433746338,-6.440987586975098,-6.500816822052002,-6.4450812339782715,-6.443521022796631,-6.267258644104004,-5.779929161071777,-5.308614253997803,-5.183444499969482,-5.544070720672607,-6.344351291656494,-6.334461688995361,-4.939210414886475,-3.242903232574463,-3.655902147293091,-4.7764153480529785,-5.414484977722168,-6.077386856079102,-7.134668827056885,-7.171619892120361,-6.612273693084717,-5.961878299713135
-12.957019805908203,-12.605308532714844,-12.25805377960205,-11.823019981384277,-11.324662208557129,-10.892475128173828,-10.621882438659668,-10.494011878967285,-10.325387954711914,-9.886340141296387,-9.257743835449219,-8.605514526367188,-7.981357097625732,-7.341069221496582,-6.925525665283203,-6.723428726196289,-6.412078380584717,-5.976076602935791,-5.623245716094971,-5.583131313323975,-5.677228927612305,-5.5117034912109375,-5.313718795776367,-5.458558082580566,-5.720574855804443,-5.895543575286865,-5.860255718231201,-5.39940881729126,-4.563368320465088,-3.8811194896698,-3.7871479988098145,-4.53192663192749,-5.839673042297363,-6.358956813812256,-4.986570358276367,-2.2627029418945312,-1.9299794435501099,-3.0260825157165527,-4.269153594970703,-5.654776573181152,-6.626104831695557,-6.5929059982299805,-6.211720943450928,-5.569700241088867
-11.713031768798828,-11.495050430297852,-11.128973007202148,-10.566120147705078,-9.972495079040527,-9.480704307556152,-9.256875991821289,-9.234582901000977,-9.166471481323242,-8.762092590332031,-8.075041770935059,-7.387887001037598,-6.867100715637207,-6.321584701538086,-5.872861385345459,-5.648781776428223,-5.327707767486572,-4.778318881988525,-4.284980297088623,-4.21664571762085,-4.466846466064453,-4.482119560241699,-4.3271403312683105,-4.4710493087768555,-4.838798522949219,-5.157036781311035,-5.051033973693848,-4.388664245605469,-3.4504098892211914,-2.8915562629699707,-2.993692398071289,-3.7441060543060303,-4.719351768493652,-5.378133773803711,-4.068512439727783,-0.7191944122314453,-0.5732699036598206,-2.0656774044036865,-3.461308002471924,-5.0129852294921875,-5.950492858886719,-6.04290246963501,-5.888216018676758,-5.150243759155273
-10.522417068481445,-10.316825866699219,-9.93010425567627,-9.32363224029541,-8.684619903564453,-8.25368881225586,-8.069132804870605,-7.968554496765137,-7.8308587074279785,-7.496227264404297,-6.877263069152832,-6.235777854919434,-5.809441566467285,-5.398383617401123,-4.864514350891113,-4.4379777908325195,-4.080253601074219,-3.5501890182495117,-3.052053451538086,-2.924968957901001,-3.1250457763671875,-3.2419519424438477,-3.3102355003356934,-3.634005308151245,-4.070509433746338,-4.242155075073242,-3.851922035217285,-3.060271978378296,-2.354356288909912,-2.1546552181243896,-2.3839027881622314,-2.9673781394958496,-3.073352098464966,-3.3014819622039795,-2.8360636234283447,-0.28135421872138977,-0.5465076565742493,-1.9318559169769287,-3.3002521991729736,-4.396951198577881,-4.803402900695801,-5.133166313171387,-5.4718780517578125,-4.811255931854248
-9.288972854614258,-9.100476264953613,-8.732050895690918,-8.147968292236328,-7.567002296447754,-7.162207126617432,-6.889847755432129,-6.671494960784912,-6.481061935424805,-6.2133941650390625,-5.783278465270996,-5.313539505004883,-4.968459129333496,-4.467325210571289,-3.6874494552612305,-3.1014883518218994,-2.83602237701416,-2.497361183166504,-2.04728102684021,-1.7428712844848633,-1.6527512073516846,-1.6924394369125366,-2.019808053970337,-2.681351661682129,-3.2164957523345947,-3.190614938735962,-2.6118862628936768,-1.8442628383636475,-1.3651461601257324,-1.279809594154358,-1.4023643732070923,-1.621636152267456,-1.4961928129196167,-1.6096147298812866,-2.6634960174560547,0.31104540824890137,-0.08208533376455307,-1.6171940565109253,-3.0260746479034424,-3.4285342693328857,-2.9365508556365967,-3.682370662689209,-4.643019199371338,-4.271811485290527
-8.036142349243164,-7.848600387573242,-7.628389358520508,-7.225890636444092,-6.720624923706055,-6.170453071594238,-5.739881992340088,-5.47039270401001,-5.219782829284668,-4.858462810516357,-4.6588335037231445,-4.532370090484619,-4.194462776184082,-3.5028600692749023,-2.5380985736846924,-1.8676832914352417,-1.7266372442245483,-1.6330972909927368,-1.2187265157699585,-0.6496951580047607,-0.19443437457084656,-0.0640658512711525,-0.3947070837020874,-1.1036601066589355,-1.706028699874878,-1.7530112266540527,-1.3437933921813965,-0.9307641983032227,-0.6626946926116943,-0.3060407042503357,0.008000805974006653,0.22487786412239075,-0.9732375741004944,-1.8711551427841187,-2.2569148540496826,1.4069766998291016,0.928127646446228,-1.1450648307800293,-2.2590487003326416,-2.039191246032715,-1.0374672412872314,-2.13100528717041,-3.2502129077911377,-3.199901819229126
