data/wind_data/wind_0_7.json
{"header": {"parameterUnit": "KT", "parameterCategory": 2, "nx": 256, "ny": 198, "lo1": 44.73521041870117, "la1": -3.236724853515625, "lo2": 111.26478576660156, "la2": 43.468475341796875, "dx": 0.2609002888202667, "dy": -0.23708222806453705, "refTime": "2025-02-19 00:00:00", "forecastTime": 0, "parameterNumber": 2, "parameterNumberName": "eastward_wind"}, "data":
[rows 160 to 179 of 198, columns 0 to 43 of 256]
77.63313293457031,77.31689453125,76.7244644165039,78.25796508789062,80.99982452392578,80.85939025878906,78.96263122558594,76.90874481201172,75.6844711303711,75.11681365966797,74.69036102294922,74.4609375,74.90097045898438,75.24053192138672,75.3370132446289,75.79046630859375,75.88544464111328,76.09048461914062,75.0164566040039,72.62815856933594,72.4852523803711,73.07564544677734,73.1545639038086,73.03173065185547,72.49752044677734,72.31097412109375,72.51162719726562,72.16292572021484,70.71256256103516,68.58777618408203,67.6094970703125,66.77644348144531,66.45795440673828,66.68766021728516,66.49351501464844,66.15567779541016,64.69563293457031,62.81371307373047,61.9444694519043,60.394920349121094,58.35207748413086,56.64811706542969,56.10274124145508,56.371883392333984
76.19300842285156,75.8326416015625,74.8514633178711,76.97801208496094,80.34598541259766,79.35774993896484,76.7699203491211,74.8370132446289,73.37071228027344,73.8249282836914,73.41813659667969,74.02669525146484,73.9650650024414,73.93399047851562,74.32817840576172,74.38228607177734,74.05522918701172,74.08831787109375,73.37423706054688,71.38722229003906,71.48639678955078,72.48002624511719,72.80669403076172,72.21597290039062,71.44684600830078,71.78438568115234,71.89189910888672,70.82860565185547,68.74609375,67.86690521240234,67.58256530761719,66.27578735351562,65.57978820800781,65.68502807617188,65.6087417602539,64.78662109375,63.45994186401367,61.540008544921875,60.632572174072266,59.4639778137207,57.515987396240234,55.184024810791016,54.37040328979492,55.01141357421875
74.3980484008789,73.58871459960938,73.24230194091797,76.34687042236328,78.71282196044922,76.97119903564453,74.41119384765625,73.23535919189453,72.07854461669922,72.89163970947266,72.23051452636719,73.20854949951172,72.18179321289062,72.7564926147461,73.53961944580078,73.16071319580078,73.1728286743164,72.79173278808594,72.12945556640625,70.36582946777344,70.63928985595703,71.99368286132812,72.14443969726562,71.50086212158203,70.64496612548828,70.7226791381836,70.78194427490234,69.29540252685547,67.77839660644531,67.1807861328125,66.76045227050781,65.5384292602539,64.52027893066406,64.1983871459961,64.09617614746094,63.2376594543457,61.524383544921875,59.828487396240234,59.05797576904297,58.53474807739258,57.01171112060547,54.279293060302734,52.65389633178711,53.407806396484375
71.90849304199219,71.0572738647461,72.34407806396484,76.13153076171875,76.82081604003906,74.64747619628906,72.40493774414062,71.35453796386719,70.69666290283203,71.34455871582031,70.2650146484375,71.926513671875,71.32032775878906,71.84178924560547,72.97518157958984,72.56908416748047,72.70191955566406,72.00060272216797,71.16616821289062,69.53337860107422,70.19277954101562,71.49916076660156,71.17861938476562,70.47991943359375,70.07721710205078,70.0344009399414,69.6126708984375,67.95175170898438,66.73983001708984,66.41094207763672,65.59334564208984,64.30319213867188,63.2755126953125,62.90850067138672,62.82918167114258,61.77763748168945,60.15082550048828,58.6656379699707,57.57599639892578,56.609798431396484,55.34752655029297,53.630699157714844,52.2984733581543,52.59807586669922
70.44088745117188,70.15980529785156,72.61918640136719,74.91036224365234,74.06537628173828,72.39515686035156,70.59341430664062,69.886474609375,69.79468536376953,70.06629943847656,69.33820343017578,71.09195709228516,71.36769104003906,71.35151672363281,72.12356567382812,71.84101867675781,71.91571044921875,71.32356262207031,69.8546142578125,68.5165786743164,69.23743438720703,70.33160400390625,69.9783706665039,69.38348388671875,69.15170288085938,68.95116424560547,68.16692352294922,66.57062530517578,65.70404052734375,65.42528533935547,64.21961212158203,62.85847091674805,61.87822723388672,61.59672927856445,61.388954162597656,60.380062103271484,58.77775192260742,57.35160827636719,56.39149856567383,55.222591400146484,53.74749755859375,52.58021926879883,51.94020080566406,51.995540618896484
69.88050842285156,70.04640197753906,72.39161682128906,72.545166015625,71.01642608642578,70.25989532470703,68.95390319824219,68.77057647705078,69.2720947265625,69.18472290039062,68.98993682861328,70.21446990966797,71.09857940673828,70.85113525390625,70.91951751708984,70.50821685791016,70.54418182373047,70.01134490966797,68.07646942138672,67.48585510253906,68.01641082763672,68.86910247802734,68.84585571289062,68.26788330078125,67.86492156982422,67.64225769042969,66.66870880126953,65.27518463134766,64.81790924072266,64.30982208251953,62.81529998779297,61.5130500793457,60.540218353271484,60.041316986083984,59.5903434753418,58.81433868408203,57.230682373046875,56.002384185791016,55.33320999145508,54.32477951049805,52.63588333129883,51.439048767089844,51.04587936401367,50.957801818847656
69.17979431152344,69.08661651611328,70.3857421875,69.99967193603516,68.72173309326172,68.40462493896484,67.63392639160156,67.74420166015625,68.5727767944336,68.30620574951172,68.14752197265625,68.93035125732422,70.02083587646484,70.10620880126953,69.73068237304688,68.79874420166016,68.9837417602539,68.02560424804688,66.51227569580078,66.81183624267578,67.22791290283203,67.80933380126953,67.8817138671875,67.14409637451172,66.72246551513672,66.62240600585938,65.40616607666016,64.32806396484375,64.1937026977539,63.23367691040039,61.492713928222656,60.330078125,59.28364181518555,58.24002456665039,57.59461212158203,56.945255279541016,55.65858459472656,54.89534378051758,54.171207427978516,53.17609405517578,51.715152740478516,50.68633270263672,49.99404525756836,49.47391128540039
68.11449432373047,67.71076965332031,68.3643569946289,68.38595581054688,67.44597625732422,66.98521423339844,66.76815795898438,67.17601013183594,67.50038146972656,67.40967559814453,67.6762466430664,68.6883773803711,69.777099609375,69.78654479980469,68.99352264404297,67.54576873779297,68.12520599365234,66.80349731445312,66.36473083496094,66.53814697265625,66.84132385253906,67.09259033203125,66.65222930908203,66.23638916015625,66.26348114013672,65.68586730957031,64.20738983154297,63.71497344970703,63.885128021240234,62.214508056640625,60.15900421142578,59.01676559448242,57.67692565917969,56.44159698486328,55.71726608276367,55.0508918762207,54.07556915283203,53.483741760253906,52.972198486328125,52.03170394897461,50.81795883178711,49.98736572265625,49.30738830566406,48.369503021240234
66.8332748413086,66.90496826171875,67.14649200439453,67.2713394165039,66.52652740478516,65.9439926147461,65.90001678466797,66.08683776855469,67.39419555664062,67.9951171875,68.4231185913086,69.0362319946289,69.40187072753906,69.11646270751953,67.95848846435547,66.762939453125,67.58382415771484,66.34889221191406,66.43616485595703,66.71611785888672,66.47383117675781,66.04237365722656,65.45076751708984,65.66979217529297,66.02117156982422,64.72683715820312,63.20002746582031,63.144561767578125,62.80653381347656,60.60565948486328,58.4752197265625,57.099300384521484,56.09746551513672,55.050899505615234,54.5362548828125,54.24161911010742,52.91301727294922,52.3155403137207,51.76890563964844,51.08951187133789,50.178585052490234,49.59027099609375,48.80891799926758,47.72231674194336
66.4073486328125,66.71520233154297,66.65435028076172,66.2642593383789,65.50285339355469,65.37401580810547,65.76264953613281,66.31130981445312,67.96456146240234,68.90861511230469,69.2587890625,69.11735534667969,68.38309478759766,68.25402069091797,67.20201873779297,66.48037719726562,67.07988739013672,65.51214599609375,66.20993041992188,66.23883819580078,65.89447021484375,65.10645294189453,64.9224624633789,65.5009994506836,65.16397094726562,63.37363815307617,62.42033767700195,62.5062141418457,61.219730377197266,58.888755798339844,57.21306228637695,55.929832458496094,54.76096725463867,53.68231201171875,53.45538330078125,53.47332000732422,52.29646301269531,51.1629524230957,50.776309967041016,50.13410568237305,49.35071563720703,48.94784927368164,48.3965950012207,47.295650482177734
66.06806945800781,66.62744140625,66.38053131103516,65.11504364013672,64.11234283447266,64.42497253417969,65.21208953857422,66.20502471923828,67.75521850585938,69.29711151123047,69.46147155761719,68.31339263916016,66.78921508789062,67.40589141845703,66.98030853271484,66.40214538574219,66.08262634277344,64.56441497802734,65.16555786132812,65.42816162109375,65.18000793457031,64.35565948486328,64.58214569091797,64.92279815673828,63.77640151977539,62.237213134765625,61.81794357299805,61.54469680786133,59.52574157714844,57.68839645385742,56.453956604003906,55.21245574951172,53.5584716796875,52.06023025512695,51.98566436767578,52.34884262084961,51.702903747558594,50.62954330444336,49.96608352661133,49.28289031982422,48.339630126953125,47.984737396240234,47.84239959716797,46.921722412109375
65.98545837402344,66.36669921875,65.48719024658203,63.57678985595703,62.63938903808594,63.108909606933594,63.8983268737793,65.41776275634766,67.09588623046875,68.64276885986328,68.09547424316406,66.208251953125,64.69088745117188,65.7074203491211,66.20545196533203,65.76647186279297,64.39410400390625,63.480247497558594,63.98942947387695,64.80073547363281,64.60551452636719,63.836204528808594,64.09159851074219,63.813262939453125,62.21293640136719,61.287109375,61.037349700927734,60.08860397338867,57.88459396362305,56.833683013916016,55.8162841796875,54.293678283691406,52.375492095947266,50.543880462646484,50.41556167602539,51.016197204589844,51.00966262817383,50.463584899902344,49.46179962158203,48.673622131347656,47.455013275146484,46.90978240966797,47.06557846069336,46.519325256347656
66.32666015625,65.63240814208984,63.496620178222656,61.7508544921875,61.627960205078125,61.92744827270508,62.47826385498047,64.85258483886719,66.94180297851562,66.97889709472656,65.17595672607422,63.26603698730469,62.55280303955078,63.006534576416016,64.177490234375,64.24805450439453,62.434417724609375,62.37943649291992,63.564918518066406,64.5125732421875,64.19197082519531,63.36237335205078,63.300575256347656,62.459651947021484,60.750160217285156,60.16136932373047,59.8609733581543,58.38291549682617,56.448368072509766,55.915061950683594,54.83946228027344,52.877017974853516,51.21900939941406,49.563629150390625,49.230010986328125,49.7873649597168,50.308494567871094,50.0602912902832,49.2114143371582,48.302818298339844,47.02677536010742,46.06480407714844,46.11164855957031,45.98971176147461
65.69567108154297,63.66632080078125,61.09470748901367,60.49051284790039,61.42806625366211,61.07699966430664,62.33538818359375,65.73590850830078,66.90677642822266,65.07103729248047,63.06433868408203,61.56134033203125,61.742984771728516,62.10751724243164,62.812049865722656,63.02888488769531,61.43236541748047,62.290306091308594,63.53664779663086,63.914878845214844,63.21772003173828,62.256553649902344,62.08705520629883,60.94602584838867,59.28083419799805,58.84008026123047,58.766258239746094,57.40549850463867,55.707740783691406,55.13677978515625,53.44667053222656,51.675289154052734,50.30813217163086,48.83628845214844,48.272953033447266,48.66087341308594,49.496578216552734,49.37168502807617,48.553436279296875,47.88262176513672,47.05497360229492,45.73930358886719,45.07550811767578,45.08897018432617
64.35025024414062,61.52510452270508,60.19245910644531,59.89162826538086,60.49889373779297,59.882408142089844,62.00886535644531,66.60554504394531,65.8906478881836,63.306732177734375,62.2415657043457,61.21924591064453,61.3281135559082,61.69634246826172,62.09639358520508,62.26698303222656,61.541629791259766,62.510047912597656,63.32062911987305,63.486000061035156,62.50952911376953,61.14024353027344,60.885589599609375,59.73110580444336,58.33539581298828,58.05845642089844,57.89264678955078,56.69267272949219,55.234092712402344,54.28362274169922,52.48765563964844,51.35112762451172,49.83094787597656,48.17257308959961,47.84180450439453,48.09905242919922,48.98324966430664,48.88280487060547,47.72439193725586,46.98279571533203,46.359371185302734,45.36922836303711,44.165897369384766,43.946319580078125
63.40433120727539,60.40592956542969,59.628868103027344,59.27375030517578,59.407222747802734,59.10737228393555,62.052486419677734,66.9696273803711,64.95144653320312,62.1216926574707,61.77385330200195,61.487754821777344,61.24513244628906,61.210716247558594,61.53569793701172,62.099613189697266,62.18376541137695,62.876564025878906,63.291500091552734,62.5901985168457,61.34602355957031,60.119232177734375,59.62971496582031,58.75957489013672,57.80586242675781,57.32352066040039,56.977081298828125,56.20318603515625,54.76448059082031,53.63726043701172,52.13265609741211,51.19851303100586,49.34505844116211,47.67991638183594,47.29640197753906,47.47132873535156,48.41130447387695,48.58203887939453,47.24142837524414,46.20871353149414,45.592201232910156,45.00686264038086,43.6994514465332,42.83747863769531
62.262229919433594,59.8844108581543,59.50359344482422,59.44735336303711,59.188533782958984,59.250587463378906,62.27918243408203,65.69480895996094,63.980560302734375,61.39818572998047,61.28483200073242,61.60298538208008,61.276309967041016,60.98944091796875,61.19471740722656,62.09360122680664,62.585384368896484,62.90907669067383,62.8843879699707,61.3927116394043,59.781211853027344,58.91468811035156,58.418182373046875,57.929988861083984,57.40925979614258,56.606319427490234,56.08414077758789,55.60992431640625,54.13432693481445,53.05284118652344,52.17464828491211,51.219078063964844,49.05603790283203,47.06358337402344,46.48698806762695,46.611427307128906,47.604156494140625,48.29650115966797,47.20425796508789,45.82719039916992,45.08339309692383,44.78129959106445,43.762916564941406,42.40312576293945
61.041385650634766,59.681488037109375,59.675140380859375,60.36577224731445,59.93881607055664,59.90337371826172,62.15913772583008,63.248016357421875,62.726234436035156,60.96929168701172,60.683292388916016,61.210235595703125,61.31156539916992,61.114601135253906,61.03153610229492,61.85343933105469,62.37118911743164,62.34838104248047,61.822181701660156,60.21726608276367,58.287445068359375,57.52517318725586,57.407649993896484,57.30309295654297,56.891815185546875,55.87200164794922,55.187294006347656,54.61064529418945,53.2546272277832,52.45906448364258,52.280513763427734,51.3985710144043,49.12126922607422,46.48210144042969,45.60606002807617,45.674835205078125,46.63579559326172,47.79728317260742,47.420074462890625,45.922691345214844,44.86799240112305,44.631866455078125,44.219810485839844,42.93442153930664
60.877357482910156,60.00859069824219,59.57438278198242,60.73716735839844,60.422080993652344,59.744873046875,61.12639236450195,61.812747955322266,61.20907211303711,60.719337463378906,60.0958251953125,60.51502227783203,61.33284378051758,61.126495361328125,60.82011032104492,61.342559814453125,61.81256866455078,61.42431640625,60.52203369140625,59.33298110961914,57.50624465942383,56.40250015258789,56.72888946533203,57.02119827270508,56.117042541503906,54.94867706298828,54.07296371459961,53.1177978515625,52.173377990722656,52.01411819458008,52.16621780395508,51.54304504394531,49.45136260986328,46.634666442871094,45.03418731689453,44.96297073364258,45.78740310668945,46.898128509521484,47.45814514160156,46.38093566894531,44.748287200927734,44.29926300048828,44.698020935058594,44.078365325927734
60.148109436035156,59.40699768066406,60.39826202392578,60.945404052734375,58.431365966796875,57.56956100463867,59.71046829223633,61.112709045410156,60.387451171875,59.87879180908203,60.066402435302734,60.294857025146484,60.583614349365234,60.86155319213867,61.26690673828125,61.60078430175781,62.00398635864258,61.46268844604492,60.06129455566406,59.1024169921875,57.47367477416992,56.133174896240234,56.15137481689453,56.11094665527344,55.0274658203125,53.522953033447266,52.49610137939453,51.7462272644043,51.61064910888672,52.06107711791992,52.0172233581543,51.77838134765625,50.06061553955078,47.53049087524414,44.615726470947266,43.929466247558594,45.09217071533203,45.75839614868164,46.55757141113281,46.43840408325195,44.821876525878906,43.92326354980469,44.30466079711914,44.45828628540039
