data/wind_data/wind_1_3.json
{"header": {"parameterUnit": "KT", "parameterCategory": 2, "nx": 256, "ny": 198, "lo1": 44.73521041870117, "la1": -3.236724853515625, "lo2": 111.26478576660156, "la2": 43.468475341796875, "dx": 0.2609002888202667, "dy": -0.23708222806453705, "refTime": "2025-02-19 01:00:00", "forecastTime": 0, "parameterNumber": 2, "parameterNumberName": "eastward_wind"}, "data":
[rows 38 to 56 of 198, columns 0 to 43 of 256]
-6.020423412322998,-7.633218288421631,-8.793280601501465,-9.00516414642334,-8.808627128601074,-8.190736770629883,-7.614547252655029,-6.9219889640808105,-6.214230537414551,-5.972876071929932,-6.1320013999938965,-6.42020845413208,-6.1725287437438965,-5.908932685852051,-5.758665084838867,-5.152193546295166,-4.5919036865234375,-4.304234504699707,-3.9030206203460693,-3.5524203777313232,-3.354386568069458,-3.3900816440582275,-3.462467908859253,-3.689471960067749,-4.2459187507629395,-5.227351665496826,-5.756725788116455,-5.8193206787109375,-6.375366687774658,-6.810511112213135,-6.455007076263428,-5.368574619293213,-5.223686695098877,-5.844277381896973,-5.837584972381592,-5.048017978668213,-4.331839084625244,-3.828124761581421,-3.7006216049194336,-3.828042507171631,-4.246414661407471,-4.894073963165283,-5.937019348144531,-7.626715183258057
-7.392307281494141,-9.204399108886719,-9.967581748962402,-10.019301414489746,-9.436331748962402,-8.473594665527344,-8.098306655883789,-7.835226535797119,-6.880798816680908,-6.300393104553223,-6.498905181884766,-6.8272480964660645,-6.690506935119629,-6.344341278076172,-6.111134052276611,-5.662038326263428,-4.857443332672119,-4.301882266998291,-4.0239362716674805,-3.735292434692383,-3.2859296798706055,-3.148984909057617,-3.336622476577759,-3.3737363815307617,-3.7761778831481934,-4.778509140014648,-5.253616809844971,-5.4096903800964355,-6.232463359832764,-6.8135504722595215,-6.618312835693359,-5.749702453613281,-5.698825836181641,-6.504624843597412,-6.456582546234131,-5.7054667472839355,-4.6980180740356445,-3.996350049972534,-4.208115577697754,-4.853246212005615,-5.427923679351807,-6.1064629554748535,-7.053861141204834,-8.334550857543945
-8.382823944091797,-10.254499435424805,-11.029740333557129,-11.187030792236328,-10.851827621459961,-9.345160484313965,-8.524711608886719,-8.032784461975098,-7.1483988761901855,-6.713939666748047,-6.939286231994629,-7.3563103675842285,-7.412489891052246,-7.020503520965576,-6.423519611358643,-5.9383039474487305,-4.9466071128845215,-4.060751438140869,-3.831205368041992,-3.955888509750366,-3.614710807800293,-3.154555320739746,-3.113755464553833,-3.185331106185913,-3.45382022857666,-3.9619321823120117,-4.352208137512207,-4.689377307891846,-5.55884313583374,-6.264235496520996,-6.450215816497803,-6.112154483795166,-6.33780574798584,-6.862026691436768,-7.01623010635376,-6.67344856262207,-5.753884792327881,-5.063694000244141,-5.075921058654785,-5.5969462394714355,-6.384268760681152,-7.1396613121032715,-8.057148933410645,-8.905284881591797
-9.266142845153809,-10.444557189941406,-11.35246753692627,-11.830249786376953,-11.966231346130371,-10.274341583251953,-8.992586135864258,-8.080132484436035,-7.353758335113525,-7.186335563659668,-7.332766056060791,-7.610401630401611,-8.147366523742676,-8.14594554901123,-7.196168422698975,-6.427613258361816,-5.244924068450928,-4.079128265380859,-3.671238660812378,-3.9704370498657227,-3.975715160369873,-3.6787304878234863,-3.1797680854797363,-3.161606788635254,-3.3236186504364014,-3.481224775314331,-3.8605000972747803,-4.343247890472412,-5.104423522949219,-6.032582759857178,-6.366448879241943,-6.457668304443359,-6.780250549316406,-7.2735795974731445,-7.507526874542236,-7.406054973602295,-6.866733551025391,-6.700872421264648,-6.700310707092285,-6.4530110359191895,-7.119475364685059,-7.8289995193481445,-8.71989917755127,-9.540860176086426
-10.20594596862793,-9.977776527404785,-10.285874366760254,-11.033592224121094,-11.605287551879883,-10.503711700439453,-9.352678298950195,-8.805682182312012,-8.610387802124023,-8.230025291442871,-7.679601192474365,-7.5094404220581055,-8.182368278503418,-8.744544982910156,-8.4006929397583,-7.881917953491211,-6.664706707000732,-5.2950663566589355,-4.625636100769043,-4.519478797912598,-4.535084247589111,-4.294811725616455,-3.9262735843658447,-3.8155648708343506,-3.6869492530822754,-3.661749839782715,-3.9592771530151367,-4.394006729125977,-5.10968542098999,-6.267725944519043,-6.680931091308594,-6.8552021980285645,-7.269362449645996,-7.914435386657715,-8.164276123046875,-7.840233325958252,-7.371823787689209,-7.575205326080322,-7.975833415985107,-7.7860260009765625,-7.9893107414245605,-8.27302360534668,-8.869184494018555,-9.758087158203125
-10.093303680419922,-9.773968696594238,-9.535048484802246,-9.596382141113281,-9.77673053741455,-9.268366813659668,-9.427556991577148,-9.683201789855957,-9.098881721496582,-8.729095458984375,-8.072038650512695,-8.049635887145996,-8.337298393249512,-8.389378547668457,-8.371223449707031,-8.32667350769043,-7.786280632019043,-6.84544038772583,-6.214895725250244,-5.63301420211792,-5.471409797668457,-5.016508102416992,-4.967864513397217,-4.965559005737305,-4.813577651977539,-4.85891580581665,-4.779619216918945,-4.842645645141602,-5.579649448394775,-6.752558708190918,-7.0848469734191895,-7.159132957458496,-7.6080451011657715,-8.26140022277832,-8.706286430358887,-8.449676513671875,-7.857999324798584,-7.96700382232666,-8.403732299804688,-8.909669876098633,-9.075243949890137,-8.84363842010498,-8.907649040222168,-9.50168514251709
-9.259366989135742,-8.950827598571777,-9.08469009399414,-8.468536376953125,-6.973186016082764,-7.667357921600342,-9.816960334777832,-10.199070930480957,-8.652815818786621,-8.764165878295898,-8.79471206665039,-8.635478019714355,-8.064424514770508,-7.634801387786865,-7.803233623504639,-7.87008810043335,-7.7585577964782715,-7.693498611450195,-7.513430595397949,-6.9563775062561035,-6.59691047668457,-6.420181751251221,-6.399503707885742,-6.39634370803833,-6.028141498565674,-6.120962619781494,-5.889554977416992,-5.5980095863342285,-6.067709922790527,-7.117607116699219,-7.726902008056641,-7.852818965911865,-8.061216354370117,-8.111360549926758,-8.432450294494629,-9.00999927520752,-8.90527629852295,-8.607720375061035,-8.875974655151367,-9.845993995666504,-10.052112579345703,-9.447446823120117,-9.215876579284668,-9.78946590423584
-8.734554290771484,-9.446568489074707,-8.721921920776367,-7.523190498352051,-5.1372151374816895,-5.683934688568115,-7.750597953796387,-8.548482894897461,-8.837821006774902,-9.08678150177002,-8.677103996276855,-8.555830955505371,-7.97594690322876,-7.167532444000244,-7.314094066619873,-7.540205001831055,-7.488440036773682,-7.955338001251221,-8.147130012512207,-7.4077677726745605,-7.382546901702881,-7.426737308502197,-7.5520758628845215,-7.751550197601318,-7.183193206787109,-6.8722405433654785,-6.891391754150391,-6.6969804763793945,-6.527194976806641,-7.041385173797607,-7.695315361022949,-8.243840217590332,-8.964582443237305,-8.900728225708008,-8.535772323608398,-8.94568157196045,-9.423548698425293,-9.62175178527832,-9.831843376159668,-10.570747375488281,-10.704448699951172,-10.460116386413574,-10.28322696685791,-10.583945274353027
-8.129435539245605,-8.686291694641113,-7.868106365203857,-6.495633125305176,-3.932884693145752,-4.963768482208252,-6.8509955406188965,-7.014492034912109,-8.515692710876465,-9.960086822509766,-10.271573066711426,-9.790239334106445,-8.851595878601074,-7.701238632202148,-7.227940082550049,-7.381250381469727,-7.439855098724365,-7.683578014373779,-7.347909450531006,-7.3108601570129395,-7.826341152191162,-7.6079487800598145,-7.8733439445495605,-8.335034370422363,-8.154618263244629,-7.4531097412109375,-7.29802131652832,-7.315800666809082,-6.986928462982178,-6.987104415893555,-7.322163105010986,-7.963698863983154,-9.162809371948242,-9.612523078918457,-9.071388244628906,-9.036551475524902,-9.61836051940918,-10.396071434020996,-10.73288631439209,-10.794025421142578,-10.960009574890137,-11.240817070007324,-11.52479076385498,-11.78679084777832
-6.852154731750488,-7.500427722930908,-7.14462423324585,-5.836136817932129,-2.9490394592285156,-3.3941497802734375,-6.157876968383789,-7.562765598297119,-9.014374732971191,-11.311253547668457,-12.129606246948242,-11.093055725097656,-9.90842056274414,-8.664775848388672,-7.691287040710449,-7.583008766174316,-7.328225135803223,-6.2596049308776855,-6.240221977233887,-7.225564479827881,-7.904131889343262,-7.347256660461426,-7.483684062957764,-8.383255958557129,-8.59511661529541,-7.955102920532227,-7.322878837585449,-7.264363765716553,-7.1918511390686035,-7.303715705871582,-7.668831825256348,-8.014876365661621,-8.589702606201172,-9.072978019714355,-9.056771278381348,-9.589801788330078,-10.599814414978027,-11.027088165283203,-11.108701705932617,-11.299493789672852,-11.602919578552246,-11.845890045166016,-12.39744758605957,-13.175278663635254
-5.50432825088501,-6.60911750793457,-6.683811187744141,-4.8956217765808105,-2.2433249950408936,-2.838195562362671,-5.069246768951416,-8.631758689880371,-10.765243530273438,-12.253809928894043,-12.640880584716797,-11.334005355834961,-10.257500648498535,-9.55030632019043,-8.881227493286133,-8.178788185119629,-6.639655113220215,-5.214852809906006,-5.571706771850586,-6.982142448425293,-7.737974643707275,-7.224250793457031,-7.081583499908447,-7.813561916351318,-8.249293327331543,-8.160809516906738,-7.37513542175293,-6.9856438636779785,-7.161765098571777,-7.3548665046691895,-7.830549240112305,-8.305716514587402,-8.563555717468262,-9.076048851013184,-9.626890182495117,-10.582380294799805,-11.411273956298828,-11.631287574768066,-11.841974258422852,-12.385025978088379,-12.597012519836426,-12.461621284484863,-13.14153003692627,-14.414728164672852
-5.208484649658203,-6.8088908195495605,-7.196691513061523,-5.503629684448242,-3.438088893890381,-3.8685872554779053,-5.861783981323242,-9.883238792419434,-13.111750602722168,-13.301908493041992,-12.336217880249023,-11.688605308532715,-11.365721702575684,-10.968591690063477,-9.683305740356445,-8.049088478088379,-6.307132720947266,-5.204864501953125,-5.272521495819092,-6.038291931152344,-7.064149379730225,-7.432765483856201,-6.904271125793457,-7.078068256378174,-7.450137615203857,-7.6831374168396,-7.439261436462402,-6.817444324493408,-6.982982158660889,-7.149897575378418,-7.519055366516113,-8.069732666015625,-8.595126152038574,-9.632274627685547,-10.689848899841309,-11.683794021606445,-12.216930389404297,-12.406311988830566,-12.638863563537598,-12.926604270935059,-13.116912841796875,-13.539515495300293,-14.453761100769043,-15.647363662719727
-4.618878364562988,-5.8645243644714355,-7.056268215179443,-5.948380470275879,-4.110114097595215,-4.745083808898926,-6.7746100425720215,-9.411242485046387,-12.155713081359863,-13.537633895874023,-12.881548881530762,-12.860363960266113,-12.394227027893066,-11.265040397644043,-10.0269775390625,-8.343340873718262,-6.548327445983887,-6.04672384262085,-5.62148904800415,-5.1457390785217285,-6.208043098449707,-7.3072509765625,-6.886084079742432,-6.616936206817627,-6.684842586517334,-6.92415189743042,-7.172691822052002,-7.056549549102783,-7.108684062957764,-7.153060436248779,-7.572665214538574,-8.282637596130371,-8.856900215148926,-9.67687702178955,-10.68537425994873,-11.934744834899902,-12.819953918457031,-13.073952674865723,-12.932418823242188,-13.094478607177734,-14.022245407104492,-15.370924949645996,-16.248477935791016,-16.64885902404785
-2.8478991985321045,-2.6539463996887207,-4.002052307128906,-3.974327564239502,-3.8203887939453125,-4.597136974334717,-6.705810070037842,-7.485767841339111,-8.615923881530762,-11.927699089050293,-12.612025260925293,-12.071098327636719,-11.498512268066406,-10.79344367980957,-10.187126159667969,-8.786602973937988,-6.985855579376221,-6.586630344390869,-6.2581787109375,-5.185229778289795,-5.468148708343506,-6.717309951782227,-6.778772830963135,-6.488494396209717,-6.3815693855285645,-6.541243553161621,-6.962984085083008,-7.262540817260742,-7.512582778930664,-7.6077561378479,-8.148344993591309,-9.031612396240234,-9.336710929870605,-9.718517303466797,-10.696709632873535,-12.058415412902832,-13.048638343811035,-13.209471702575684,-13.266783714294434,-14.009559631347656,-15.415258407592773,-16.959562301635742,-17.576583862304688,-17.4991455078125
-0.6888012290000916,-0.33644843101501465,-1.3831688165664673,-2.229888916015625,-2.9073545932769775,-4.466270446777344,-5.569542407989502,-4.690734386444092,-5.132833003997803,-9.757055282592773,-12.832186698913574,-10.512053489685059,-10.004322052001953,-9.995840072631836,-9.893245697021484,-8.39421272277832,-6.885773181915283,-6.132667541503906,-6.185487747192383,-6.100783348083496,-6.085360050201416,-6.802969932556152,-6.485050678253174,-6.33573055267334,-6.63834810256958,-6.647497653961182,-7.104185581207275,-7.301520824432373,-7.608225345611572,-7.935466289520264,-8.732943534851074,-9.749642372131348,-9.880728721618652,-9.896712303161621,-10.906391143798828,-12.333003044128418,-13.264094352722168,-13.566851615905762,-14.040173530578613,-15.258000373840332,-16.702247619628906,-17.72127342224121,-17.872379302978516,-17.93973159790039
-0.6943270564079285,-1.4856339693069458,-2.3446900844573975,-2.7314510345458984,-2.8297367095947266,-3.8983092308044434,-3.090205192565918,-1.9779337644577026,-2.5599658489227295,-6.578527927398682,-11.953895568847656,-10.819793701171875,-10.583877563476562,-11.11853313446045,-9.975508689880371,-7.9425201416015625,-6.950087070465088,-5.900622844696045,-5.881971836090088,-6.051039695739746,-6.525452136993408,-7.177300930023193,-6.889461994171143,-6.539824962615967,-6.983943939208984,-6.999953746795654,-7.203030586242676,-7.282377243041992,-7.586014747619629,-7.953866004943848,-8.745247840881348,-9.833337783813477,-10.25064468383789,-10.336283683776855,-11.492449760437012,-12.867829322814941,-13.574516296386719,-14.002409934997559,-14.936108589172363,-16.241744995117188,-17.45559310913086,-18.026046752929688,-18.0323486328125,-18.15665626525879
-0.44060230255126953,-1.6468514204025269,-3.243640184402466,-3.994716167449951,-4.095193862915039,-3.642488479614258,-2.655822992324829,-1.6854183673858643,-1.2638874053955078,-1.5880756378173828,-6.699622631072998,-8.55323600769043,-8.765463829040527,-9.433353424072266,-9.185118675231934,-7.76162052154541,-6.639477252960205,-5.645122051239014,-5.9680399894714355,-6.7653489112854,-7.013962268829346,-7.469875812530518,-8.16403865814209,-7.329357624053955,-7.470436096191406,-7.473355770111084,-7.402293682098389,-7.347177982330322,-7.677611351013184,-8.035079956054688,-8.597848892211914,-9.564078330993652,-10.440308570861816,-11.082932472229004,-12.155467987060547,-13.425580978393555,-14.184249877929688,-14.811711311340332,-15.941134452819824,-16.75058364868164,-17.278139114379883,-17.87307357788086,-18.335651397705078,-18.423500061035156
-0.923745334148407,-2.4106333255767822,-3.9161126613616943,-4.541721343994141,-4.108713150024414,-3.2443528175354004,-2.316006898880005,-1.1618815660476685,0.5283505916595459,2.3765628337860107,0.8507131934165955,-1.9242308139801025,-2.836805582046509,-3.856274366378784,-5.104165077209473,-5.228123188018799,-4.4302659034729,-3.543534278869629,-5.053660869598389,-7.854114532470703,-8.039837837219238,-8.101628303527832,-8.374245643615723,-7.590027332305908,-7.808494567871094,-8.123947143554688,-7.897404193878174,-7.535431861877441,-7.636801719665527,-8.119097709655762,-8.580810546875,-9.272397994995117,-10.348569869995117,-11.579333305358887,-12.74832534790039,-13.8626127243042,-14.770003318786621,-15.574695587158203,-16.424531936645508,-16.939289093017578,-17.323631286621094,-17.773759841918945,-18.07906723022461,-17.98270034790039
-2.7475812435150146,-3.7590720653533936,-4.579409599304199,-4.845187664031982,-4.03778600692749,-2.765909194946289,-1.8264187574386597,-0.8403517007827759,0.639150083065033,2.416497230529785,3.1079330444335938,2.325542449951172,1.7107473611831665,0.5138177275657654,-1.7832632064819336,-3.37337589263916,-3.357572078704834,-2.6067633628845215,-3.433870792388916,-6.353572845458984,-7.803292274475098,-7.758071422576904,-8.242910385131836,-8.03813362121582,-7.957643508911133,-8.297074317932129,-8.18924331665039,-7.741172790527344,-7.539816856384277,-7.979171276092529,-8.740588188171387,-9.479480743408203,-10.365715026855469,-11.616774559020996,-12.876192092895508,-13.988690376281738,-14.848174095153809,-15.563798904418945,-16.210346221923828,-16.6024227142334,-16.942813873291016,-17.47321319580078,-17.72829818725586,-17.535968780517578
