data/wind_data/wind_8_8.json
{"header": {"parameterUnit": "KT", "parameterCategory": 2, "nx": 256, "ny": 198, "lo1": 44.73521041870117, "la1": -3.236724853515625, "lo2": 111.26478576660156, "la2": 43.468475341796875, "dx": 0.2609002888202667, "dy": -0.23708222806453705, "refTime": "2025-02-19 08:00:00", "forecastTime": 0, "parameterNumber": 2, "parameterNumberName": "eastward_wind"}, "data":
[rows 19 to 37 of 198, columns 132 to 175 of 256]
-3.199955940246582,-3.16326642036438,-2.874788284301758,-2.6925160884857178,-2.979651927947998,-2.909623861312866,-2.4581949710845947,-2.278794527053833,-2.535998821258545,-2.6546459197998047,-2.668466329574585,-2.6944775581359863,-2.6188642978668213,-2.2733724117279053,-2.5082831382751465,-3.33381724357605,-3.9301507472991943,-4.428614616394043,-5.005778789520264,-5.5891547203063965,-6.072168827056885,-5.887290954589844,-5.143947601318359,-4.341744422912598,-4.26837682723999,-5.518651962280273,-7.446490287780762,-8.448978424072266,-8.192480087280273,-7.2679643630981445,-6.250216484069824,-5.644301414489746,-6.118009567260742,-8.348671913146973,-10.717683792114258,-11.590235710144043,-11.294103622436523,-11.176727294921875,-11.35543155670166,-10.974883079528809,-10.204859733581543,-10.315361022949219,-11.357654571533203,-11.845237731933594
-1.3630609512329102,-0.932898759841919,-0.9977774620056152,-1.81935715675354,-2.588740825653076,-2.6393673419952393,-2.729161262512207,-3.117661714553833,-3.446293830871582,-3.408013343811035,-2.984799861907959,-2.4035518169403076,-2.0919134616851807,-1.7498371601104736,-1.662959337234497,-2.2411911487579346,-2.930447578430176,-3.643009662628174,-3.9717369079589844,-4.480940818786621,-5.254526615142822,-5.289322376251221,-4.450616359710693,-3.572946548461914,-3.8852906227111816,-5.44965124130249,-6.899779319763184,-7.489823818206787,-7.0388007164001465,-6.122714042663574,-5.771864414215088,-6.065726280212402,-6.377691745758057,-7.37306547164917,-9.350905418395996,-11.254493713378906,-12.025493621826172,-12.059654235839844,-11.746862411499023,-10.957557678222656,-10.33209228515625,-10.370716094970703,-10.068821907043457,-9.085981369018555
-0.6319604516029358,-0.19788461923599243,-0.6339889168739319,-1.466625690460205,-1.8590184450149536,-1.9908238649368286,-2.473719358444214,-3.1611363887786865,-3.48817777633667,-3.383820056915283,-2.7570393085479736,-1.9550070762634277,-1.7323641777038574,-1.8260279893875122,-1.5563198328018188,-1.6175079345703125,-2.559948444366455,-3.0416994094848633,-2.820188045501709,-2.9583985805511475,-3.5896122455596924,-3.711812973022461,-3.115985155105591,-2.613027334213257,-3.105778217315674,-4.536403179168701,-5.566951274871826,-5.97834587097168,-5.8613457679748535,-5.3851165771484375,-5.665859222412109,-6.507697582244873,-6.7883381843566895,-7.075090408325195,-8.370834350585938,-10.386058807373047,-11.618010520935059,-11.996021270751953,-11.88607406616211,-11.208274841308594,-10.193218231201172,-9.137092590332031,-7.940616130828857,-7.253280162811279
-0.9861448407173157,-1.1730773448944092,-1.5203453302383423,-1.442875623703003,-1.468640685081482,-1.867249608039856,-2.4724791049957275,-3.0043303966522217,-2.975468397140503,-2.6332476139068604,-2.1688344478607178,-1.9067151546478271,-2.2288875579833984,-2.3966145515441895,-1.6841633319854736,-1.6662933826446533,-2.7616543769836426,-2.85345196723938,-2.1748616695404053,-1.7651472091674805,-1.9307806491851807,-1.8746391534805298,-1.1957319974899292,-0.8569037318229675,-1.578835368156433,-3.214564561843872,-4.486603736877441,-4.820326328277588,-4.726805210113525,-4.7599406242370605,-5.594780445098877,-6.313439846038818,-6.7037034034729,-6.738847255706787,-7.070093631744385,-8.637752532958984,-10.301406860351562,-10.977418899536133,-10.804339408874512,-10.070838928222656,-8.967655181884766,-7.86077356338501,-7.380524158477783,-7.547765254974365
-1.6937885284423828,-2.207460403442383,-2.0215446949005127,-1.555020809173584,-1.773299217224121,-2.283942222595215,-2.7585525512695312,-2.9602155685424805,-2.3359789848327637,-1.4193223714828491,-1.214439868927002,-1.715599536895752,-2.3642797470092773,-2.350482940673828,-1.9423701763153076,-2.5553359985351562,-3.4865975379943848,-3.3770246505737305,-2.283733367919922,-1.2798182964324951,-1.0683493614196777,-0.7978905439376831,0.2738529145717621,0.9139792323112488,0.314647912979126,-1.3641752004623413,-3.044063091278076,-3.63635516166687,-3.5515079498291016,-4.135804176330566,-5.3614821434021,-5.958384990692139,-6.598085403442383,-6.628157615661621,-6.205824851989746,-6.752317428588867,-8.278451919555664,-9.447983741760254,-9.537281036376953,-8.927189826965332,-8.190821647644043,-7.826948165893555,-7.980578422546387,-8.38772201538086
-2.4646975994110107,-2.7328219413757324,-2.1916606426239014,-1.8302807807922363,-1.992409586906433,-2.304324150085449,-2.701777696609497,-2.829145669937134,-1.9768896102905273,-0.7374069094657898,-0.21719373762607574,-0.5741798281669617,-1.2562899589538574,-1.6689505577087402,-2.228287935256958,-3.0990724563598633,-3.7175447940826416,-3.442514657974243,-2.0305469036102295,-0.9165537357330322,-0.8398898839950562,-0.5205940008163452,0.8046848773956299,1.8678885698318481,1.4423271417617798,0.2973874807357788,-1.1356467008590698,-1.973131775856018,-1.9173698425292969,-3.0095956325531006,-4.769606113433838,-5.691151142120361,-6.422992706298828,-6.466197967529297,-6.15326452255249,-5.685659885406494,-6.36747407913208,-7.941715717315674,-8.769883155822754,-9.220417022705078,-9.041441917419434,-8.224526405334473,-7.967759609222412,-9.068391799926758
-2.633127212524414,-3.0931100845336914,-2.6277952194213867,-2.0184848308563232,-1.8549972772598267,-2.0110998153686523,-2.2747886180877686,-2.262916326522827,-1.5623828172683716,-0.5576962828636169,0.32942500710487366,0.7968889474868774,0.433220237493515,-0.6987212300300598,-2.103109359741211,-2.857499122619629,-3.022509813308716,-2.2909834384918213,-0.9870128631591797,-0.5703385472297668,-1.0086818933486938,-0.7058457732200623,0.5334073901176453,1.9991501569747925,1.6633158922195435,0.9477767944335938,0.13049548864364624,-0.41123414039611816,-0.2482396364212036,-1.3679697513580322,-3.4652488231658936,-4.746208667755127,-5.674550533294678,-6.1734185218811035,-6.198243141174316,-5.494226455688477,-5.153083324432373,-6.3497490882873535,-7.644473552703857,-9.051408767700195,-10.065799713134766,-9.404240608215332,-8.29582405090332,-8.721437454223633
-1.5164875984191895,-2.6231424808502197,-2.5782735347747803,-1.7445080280303955,-1.468091607093811,-1.663766622543335,-1.5430798530578613,-1.1132069826126099,-0.7124130725860596,-0.19455139338970184,0.7696923017501831,1.7215546369552612,1.8200201988220215,0.2819339632987976,-1.438737154006958,-2.109556198120117,-1.9067109823226929,-1.0266796350479126,-0.36756351590156555,-0.7589205503463745,-1.3816180229187012,-0.7589837312698364,0.6898441314697266,1.7425416707992554,1.4059779644012451,1.3007234334945679,1.4951618909835815,1.4496331214904785,1.1283475160598755,-0.16564373672008514,-2.1015992164611816,-3.4782962799072266,-4.09233283996582,-4.821514129638672,-5.251032829284668,-5.160715103149414,-4.45918607711792,-4.23701810836792,-5.270155429840088,-6.884198188781738,-8.551584243774414,-9.10563850402832,-8.401095390319824,-7.7297797203063965
0.18560539186000824,-1.1461201906204224,-1.3673876523971558,-0.8254028558731079,-0.8404647707939148,-1.1339247226715088,-0.7033367156982422,-0.13277754187583923,-0.07927399128675461,0.2232224941253662,1.0834556818008423,2.023257255554199,2.2582640647888184,0.9894281625747681,-0.5410199761390686,-1.1459282636642456,-0.8776001334190369,-0.4710523188114166,-0.6956093907356262,-1.2438580989837646,-1.2599397897720337,-1.2225651741027832,0.8030247092247009,2.101694107055664,1.007205843925476,1.3531583547592163,2.6691293716430664,2.9017343521118164,1.9134490489959717,0.20521892607212067,-1.134491205215454,-2.2512996196746826,-1.959313154220581,-2.3299083709716797,-3.0646209716796875,-3.4309935569763184,-3.480212688446045,-3.09980845451355,-3.302717924118042,-4.463383197784424,-5.151745796203613,-5.400052070617676,-5.846824645996094,-6.380218982696533
1.3536633253097534,0.15347319841384888,-0.05446287617087364,0.07996433228254318,-0.319099485874176,-0.6325823068618774,-0.15254195034503937,0.3013674318790436,0.17953114211559296,0.5092994570732117,1.256598711013794,1.8091660737991333,1.8963093757629395,1.2462815046310425,0.2815403640270233,-0.28877532482147217,-0.18756206333637238,-0.20906639099121094,-1.0049983263015747,-2.029869556427002,-2.34761643409729,-1.050625205039978,0.9976113438606262,1.896675705909729,1.1910935640335083,1.6396574974060059,2.507227659225464,2.125220775604248,1.0096393823623657,0.03342246264219284,-0.6462644934654236,-1.4341238737106323,-1.112023949623108,-0.7781239151954651,-1.3959920406341553,-1.1568819284439087,-0.4804036319255829,-0.394700288772583,-1.5315908193588257,-2.8303515911102295,-2.8604087829589844,-1.5970838069915771,-1.6570122241973877,-3.6651573181152344
1.8800313472747803,0.8203803896903992,0.5371657013893127,0.4939839541912079,0.13743187487125397,-0.16711725294589996,-0.014476210810244083,0.38934656977653503,0.6025664806365967,0.8545168042182922,1.298068881034851,1.4379099607467651,1.6012985706329346,1.701158046722412,1.2103281021118164,0.5595287680625916,0.2720213532447815,0.14053875207901,-0.6313551664352417,-1.6916038990020752,-2.3103787899017334,-1.3933509588241577,0.8983717560768127,2.3848445415496826,2.272815227508545,1.519670844078064,1.4066396951675415,1.334155797958374,0.2398626059293747,-0.3117235004901886,-0.1741030216217041,-0.18796364963054657,-0.5169677138328552,-0.6359440088272095,-0.8259329795837402,-0.6861547827720642,0.011257519945502281,0.31544819474220276,-1.0576691627502441,-2.1756553649902344,-1.364633560180664,0.5965990424156189,1.0442839860916138,-1.0090442895889282
2.613306999206543,1.7962746620178223,1.2067670822143555,0.9650576710700989,0.8849303722381592,0.7761766314506531,0.3688371181488037,0.2773907482624054,0.7023630142211914,0.8947435021400452,1.1547118425369263,1.2928831577301025,1.5596685409545898,2.289069890975952,2.441648483276367,1.8128597736358643,1.0717225074768066,0.34199854731559753,-0.29562142491340637,-1.131657600402832,-2.0284852981567383,-1.5715422630310059,0.724162757396698,2.5651886463165283,2.2732083797454834,0.7237009406089783,0.22855600714683533,0.42778530716896057,-0.17625463008880615,-0.44415348768234253,0.07934017479419708,0.20643329620361328,-0.37990644574165344,-0.9312909245491028,-1.14180326461792,-1.641513466835022,-1.0751855373382568,-0.36233994364738464,-1.3418941497802734,-1.984938144683838,-0.7319878935813904,0.6602847576141357,1.065811276435852,-0.2482009381055832
3.411365270614624,3.0532076358795166,2.547682762145996,2.1664695739746094,2.0872814655303955,1.7838680744171143,0.9863054156303406,0.3065563440322876,0.32891610264778137,0.5918688774108887,0.9944400787353516,1.6426379680633545,2.1594371795654297,2.904106616973877,3.3082964420318604,3.014916181564331,2.460596799850464,1.5363343954086304,0.5071225762367249,-0.30826112627983093,-0.8914514183998108,-0.32353338599205017,1.1596556901931763,1.892547369003296,1.1760646104812622,0.25558772683143616,-0.22017566859722137,-0.9125053882598877,-1.585007667541504,-1.1072800159454346,-0.10359910875558853,0.18480536341667175,-0.6614928841590881,-1.6760164499282837,-1.9986883401870728,-1.8446084260940552,-1.0115599632263184,-0.4052056074142456,-1.0933738946914673,-1.7089991569519043,-1.2838099002838135,-0.7930271029472351,-0.691139817237854,-1.3755449056625366
3.8894875049591064,3.8569605350494385,3.6525232791900635,3.515824794769287,3.2987682819366455,2.3687021732330322,1.171250343322754,0.312543660402298,0.012583049945533276,0.4591034948825836,1.1585173606872559,2.1276352405548096,2.989827871322632,3.7853493690490723,4.222747325897217,3.9379210472106934,3.728555202484131,3.172818183898926,2.0326976776123047,1.2256134748458862,0.9965268969535828,1.534385323524475,2.331965446472168,2.181466817855835,0.9374483227729797,0.13895617425441742,-0.3574138879776001,-1.1443028450012207,-1.8451536893844604,-1.7768404483795166,-0.8015761375427246,0.1091993898153305,-0.6274378299713135,-2.5062475204467773,-2.9952008724212646,-2.112605333328247,-1.0979008674621582,-0.5336528420448303,-0.7289307713508606,-1.266819953918457,-1.2211335897445679,-1.2388054132461548,-1.6845899820327759,-2.1971426010131836
4.494957447052002,4.361842155456543,4.081715106964111,4.084537982940674,3.9075582027435303,2.6208083629608154,1.032551884651184,0.26059821248054504,0.289103239774704,1.039499044418335,1.7912579774856567,2.4850707054138184,3.4833102226257324,4.389244556427002,4.6319732666015625,4.199331760406494,3.8414669036865234,4.244448184967041,3.846480131149292,2.7251203060150146,2.3860371112823486,2.9866366386413574,3.5914676189422607,3.1126177310943604,1.7455469369888306,0.7688233256340027,0.010949184186756611,-0.8862596750259399,-1.602517008781433,-1.9748913049697876,-1.1246346235275269,0.12002261728048325,-0.05997512862086296,-1.8914860486984253,-3.4124033451080322,-3.0808370113372803,-2.103891134262085,-1.1266310214996338,-0.8176067471504211,-1.1940889358520508,-1.067739725112915,-0.7792352437973022,-0.8642607927322388,-1.2726819515228271
5.5196428298950195,5.143635272979736,4.501218318939209,4.021752834320068,3.5758416652679443,2.5001468658447266,1.2535511255264282,0.5597538948059082,0.8540202379226685,1.8380552530288696,2.635077953338623,3.0428671836853027,3.814112424850464,4.496644973754883,4.389011859893799,3.6716902256011963,3.2578282356262207,3.855130910873413,4.308679580688477,3.918992519378662,3.7485744953155518,4.256297588348389,4.8182902336120605,4.39408540725708,3.0640220642089844,1.6986943483352661,0.542283296585083,-0.7780335545539856,-1.9240620136260986,-2.108045816421509,-0.970224916934967,0.2658427953720093,0.3319547474384308,-0.2971993088722229,-1.5209770202636719,-2.6540584564208984,-2.6078665256500244,-1.811078667640686,-1.2331783771514893,-1.0518735647201538,-0.75159752368927,-0.3827754259109497,-0.33575552701950073,-0.6648154258728027
5.831711292266846,5.559099197387695,4.837482929229736,4.017859935760498,3.243450880050659,2.499483108520508,1.8119168281555176,1.2423661947250366,1.4356303215026855,2.473775625228882,3.4728140830993652,4.061168670654297,4.409966945648193,4.398717880249023,3.882922887802124,3.270735740661621,2.879854679107666,3.3302485942840576,4.211714267730713,4.511354923248291,4.371860504150391,4.752337455749512,5.450267314910889,5.053659439086914,3.0869596004486084,1.5445839166641235,0.8111386895179749,-0.6108661890029907,-1.994178056716919,-1.5961072444915771,-0.24032261967658997,0.458204984664917,0.4325363039970398,0.7069076895713806,0.9608209729194641,0.23116673529148102,-0.91054767370224,-1.3525515794754028,-1.0195245742797852,-0.4188595116138458,0.022663947194814682,-0.1925375610589981,-0.7801641225814819,-1.4369118213653564
5.69467830657959,5.509009838104248,4.773673057556152,3.8153769969940186,2.9517059326171875,2.3807661533355713,1.9605318307876587,1.6129276752471924,1.8200784921646118,2.954228162765503,4.315776824951172,5.043633460998535,4.924546718597412,4.502810955047607,4.074724197387695,3.5434420108795166,2.8778164386749268,2.7985498905181885,3.468881607055664,3.7032723426818848,3.6240477561950684,4.348040580749512,5.307226657867432,4.053630352020264,1.081087589263916,-0.3035081624984741,-0.37004539370536804,-0.9785172939300537,-1.8683701753616333,-1.328536868095398,0.5193994045257568,1.5208802223205566,1.4240511655807495,1.797013759613037,2.3350892066955566,2.2644119262695312,1.479260802268982,0.4016564190387726,-0.001534695504233241,0.44594138860702515,1.0742748975753784,0.702946126461029,-0.6948955655097961,-2.1461942195892334
5.703450679779053,5.415507793426514,4.913115501403809,4.049088478088379,3.1533687114715576,2.53289794921875,2.175152063369751,2.0343527793884277,2.195969820022583,3.141352653503418,4.508573055267334,5.096951007843018,4.73664665222168,4.557782173156738,4.745509147644043,4.294025421142578,3.1768574714660645,2.242469310760498,2.3246841430664062,2.2618825435638428,2.146496534347534,2.874635934829712,3.6699445247650146,2.298090696334839,-0.27947357296943665,-1.821333408355713,-1.757062554359436,-1.4334241151809692,-1.4616724252700806,-1.6872040033340454,-0.60704106092453,0.8365534543991089,1.3054606914520264,1.2940704822540283,1.4448871612548828,1.6612399816513062,1.5622974634170532,1.1663674116134644,1.1512389183044434,1.4965602159500122,1.4690806865692139,1.1475108861923218,-0.11006979644298553,-1.544659972190857
