data/wind_data/wind_6_5.json
{"header": {"parameterUnit": "KT", "parameterCategory": 2, "nx": 256, "ny": 198, "lo1": 44.73521041870117, "la1": -3.236724853515625, "lo2": 111.26478576660156, "la2": 43.468475341796875, "dx": 0.2609002888202667, "dy": -0.23708222806453705, "refTime": "2025-02-19 06:00:00", "forecastTime": 0, "parameterNumber": 2, "parameterNumberName": "eastward_wind"}, "data":
[rows 57 to 75 of 198, columns 176 to 219 of 256]
6.052796363830566,6.406839370727539,6.547175407409668,6.078948497772217,5.467060089111328,5.4392290115356445,6.001260757446289,6.46538782119751,6.519965171813965,6.53791618347168,6.656986236572266,6.752417087554932,6.800654888153076,6.6551737785339355,6.172745227813721,5.347635269165039,5.02077054977417,5.163417339324951,4.770191192626953,3.8920726776123047,3.8594651222229004,4.70124626159668,5.121414661407471,4.826233386993408,3.9555413722991943,2.565770387649536,1.6214324235916138,1.5112383365631104,0.9754272699356079,0.09730353951454163,-0.6117810010910034,-1.5567668676376343,1.7083368301391602,-0.1696053147315979,-0.9504455327987671,-1.3312374353408813,-1.4790596961975098,-1.6700432300567627,-2.366724967956543,-3.438857078552246,-3.6196513175964355,-2.695812940597534,-2.172625780105591,-3.1069436073303223
6.202325820922852,6.447481632232666,6.8881425857543945,7.020383834838867,6.46744966506958,5.935976982116699,6.103234767913818,6.6747283935546875,7.059987545013428,7.324408531188965,7.486087322235107,7.536652565002441,7.584527969360352,7.571232795715332,7.3380208015441895,6.684266567230225,6.074110507965088,5.845194339752197,5.475156307220459,4.8610944747924805,4.6017560958862305,5.133903980255127,5.629513740539551,5.465792655944824,4.978536128997803,4.002892971038818,2.700726270675659,2.025651454925537,1.8169662952423096,1.1711570024490356,0.6706761121749878,0.7426043748855591,0.5402138829231262,1.1398321390151978,0.4690488278865814,-0.6428196430206299,-1.479799509048462,-1.5122599601745605,-1.4779963493347168,-1.9595868587493896,-2.4277093410491943,-2.0411791801452637,-1.6366711854934692,-2.7675631046295166
6.605665683746338,6.840684413909912,7.15049934387207,7.495429039001465,7.5117950439453125,7.088855266571045,6.693197727203369,6.756929874420166,7.132445812225342,7.686641216278076,8.019624710083008,8.205352783203125,8.422133445739746,8.591328620910645,8.473254203796387,7.925727367401123,7.257911682128906,6.633279323577881,5.911551475524902,5.413360118865967,5.370440483093262,5.767261028289795,6.228853225708008,6.10746431350708,5.638341903686523,5.177609443664551,4.330165863037109,3.2697627544403076,2.8149774074554443,2.4241373538970947,1.7468340396881104,1.4911504983901978,1.4730290174484253,2.1285054683685303,1.9199970960617065,0.10830576717853546,-0.9629426002502441,-1.2974756956100464,-1.153425693511963,-0.9534937143325806,-0.8353092074394226,-0.7177872061729431,-1.002292513847351,-2.561371326446533
7.344601631164551,7.465572834014893,7.782810688018799,7.910393714904785,7.970505714416504,8.097994804382324,7.946553707122803,7.5868988037109375,7.376168251037598,7.705286979675293,8.181550979614258,8.540217399597168,8.905131340026855,9.250847816467285,9.497851371765137,9.350526809692383,8.716429710388184,7.848647117614746,6.740880489349365,5.998714447021484,5.971218585968018,6.250699996948242,6.560044288635254,6.6301045417785645,6.322873592376709,6.0864410400390625,5.791114807128906,4.827896595001221,4.0277605056762695,3.7626912593841553,3.1745173931121826,2.288313865661621,2.020329475402832,4.054186820983887,3.395516872406006,1.1217840909957886,-0.13755927979946136,-0.631994903087616,-0.7598151564598083,-0.2107265293598175,0.19331122934818268,0.46290457248687744,0.12750133872032166,-1.4952983856201172
8.284852027893066,8.080617904663086,8.187000274658203,8.392925262451172,8.521875381469727,8.812762260437012,9.123929023742676,9.110123634338379,8.61475944519043,8.177172660827637,8.394465446472168,8.733524322509766,9.103252410888672,9.401983261108398,9.732391357421875,10.080245018005371,10.103316307067871,9.63420295715332,8.47164249420166,7.268697261810303,6.865851879119873,6.771246910095215,6.624895095825195,6.712517738342285,6.7841973304748535,6.747700214385986,6.646225452423096,6.056143283843994,5.33351993560791,5.045698642730713,4.614383697509766,3.418272018432617,4.243326663970947,5.430239200592041,4.8067169189453125,2.510359525680542,1.238908052444458,0.8906869292259216,0.3950127065181732,0.634541928768158,0.9517800211906433,1.3060030937194824,1.2447681427001953,-0.03881948068737984
9.17451286315918,9.08958625793457,8.705629348754883,8.548189163208008,8.892107009887695,9.483161926269531,9.889842987060547,10.118758201599121,10.199297904968262,9.821410179138184,9.406343460083008,9.199307441711426,9.226217269897461,9.388952255249023,9.58248519897461,9.93934440612793,10.51449966430664,10.949658393859863,10.548989295959473,9.389557838439941,8.448888778686523,7.781710147857666,7.099997043609619,6.8979268074035645,7.085172176361084,7.14602518081665,6.944738864898682,6.647065162658691,6.533804416656494,6.471790313720703,6.2838053703308105,5.988070011138916,6.618748188018799,7.216416835784912,5.708182334899902,3.762141227722168,2.7053062915802,2.3782448768615723,1.7604961395263672,1.821038007736206,2.4989993572235107,2.432337760925293,2.39707612991333,1.6210381984710693
9.799055099487305,9.95761775970459,9.741105079650879,9.113588333129883,9.00665283203125,9.707155227661133,10.343794822692871,10.539466857910156,10.886883735656738,11.484366416931152,11.371577262878418,10.639220237731934,9.831506729125977,9.518108367919922,9.625861167907715,9.87470817565918,10.445521354675293,11.288895606994629,11.681302070617676,11.22607707977295,10.393031120300293,9.430505752563477,8.40174388885498,7.8345537185668945,7.8192033767700195,7.691911220550537,7.198199272155762,6.95058012008667,7.392290115356445,7.743361473083496,7.520956039428711,6.768167495727539,8.866025924682617,8.509912490844727,6.77095890045166,4.704350471496582,3.772843837738037,3.5923407077789307,2.964378595352173,0.9152103662490845,5.6268630027771,4.1556878089904785,3.4015743732452393,2.808284282684326
10.639396667480469,10.416351318359375,10.506192207336426,10.250984191894531,9.76644229888916,9.842886924743652,10.4443359375,10.861422538757324,11.149381637573242,11.870817184448242,12.653206825256348,12.642739295959473,11.576242446899414,10.411262512207031,10.075695037841797,10.3052339553833,10.72353458404541,11.304386138916016,11.83177375793457,11.975772857666016,11.749551773071289,11.188760757446289,10.285236358642578,9.52328872680664,9.184081077575684,8.741654396057129,7.906071662902832,7.3840484619140625,7.85403299331665,8.517582893371582,8.650473594665527,8.376241683959961,9.851804733276367,9.211889266967773,7.224096298217773,5.502146244049072,4.75927734375,4.959123611450195,5.0046000480651855,4.511579990386963,5.959649562835693,5.079894065856934,4.14063024520874,3.3536105155944824
11.872782707214355,11.260075569152832,11.017626762390137,11.04863166809082,10.952281951904297,10.629634857177734,10.69623851776123,11.204204559326172,11.601510047912598,11.887303352355957,12.594419479370117,13.51594352722168,13.542134284973145,12.416088104248047,11.440674781799316,11.298450469970703,11.511923789978027,11.677379608154297,11.838842391967773,12.099130630493164,12.352828979492188,12.332230567932129,11.954096794128418,11.3878755569458,10.8169527053833,10.148903846740723,9.247065544128418,8.47676944732666,8.42484188079834,9.15764331817627,9.632261276245117,10.045825004577637,9.812732696533203,9.336108207702637,7.582403182983398,6.364600658416748,6.17662239074707,6.253836631774902,6.484417915344238,6.3796844482421875,6.209242820739746,5.683803558349609,4.769781112670898,4.034814834594727
13.023506164550781,12.380148887634277,11.86677360534668,11.689143180847168,11.717719078063965,11.550829887390137,11.304102897644043,11.560497283935547,12.080182075500488,12.258970260620117,12.384607315063477,13.079742431640625,14.028060913085938,14.12939453125,13.506393432617188,13.03414535522461,12.82767105102539,12.581270217895508,12.290605545043945,12.305705070495605,12.682938575744629,12.946447372436523,12.891926765441895,12.628300666809082,12.190679550170898,11.512092590332031,10.654953956604004,9.961450576782227,9.434752464294434,9.812616348266602,10.950566291809082,11.189116477966309,10.567049980163574,9.890854835510254,8.632779121398926,7.7342023849487305,7.741024494171143,7.6905059814453125,6.924061298370361,6.70136022567749,6.6192240715026855,6.4027838706970215,5.586672782897949,5.012665271759033
14.05664348602295,13.452664375305176,12.859651565551758,12.49752426147461,12.398148536682129,12.321525573730469,12.055244445800781,11.945845603942871,12.27420425415039,12.558198928833008,12.548011779785156,12.6998291015625,13.33770751953125,14.20175552368164,14.724575996398926,14.82278823852539,14.581982612609863,13.991623878479004,13.218446731567383,12.801626205444336,13.086498260498047,13.486865043640137,13.507922172546387,13.25838565826416,12.91249942779541,12.403385162353516,11.69682788848877,11.135663986206055,10.805550575256348,10.994441986083984,11.884448051452637,12.15559196472168,12.012627601623535,11.832080841064453,10.57440185546875,9.208414077758789,8.869093894958496,8.677123069763184,8.493597030639648,7.395979404449463,7.015932083129883,7.270079612731934,6.847426891326904,6.263494491577148
15.283790588378906,14.81103801727295,14.071033477783203,13.474503517150879,13.203686714172363,13.133167266845703,12.989034652709961,12.691950798034668,12.579050064086914,12.672257423400879,12.751795768737793,12.814587593078613,12.94819450378418,13.448921203613281,14.435575485229492,15.365068435668945,15.754565238952637,15.509079933166504,14.672674179077148,13.797346115112305,13.601149559020996,13.899884223937988,14.040324211120605,13.786980628967285,13.356345176696777,12.861504554748535,12.331960678100586,12.035898208618164,12.277318000793457,12.643046379089355,12.818663597106934,12.953731536865234,13.27340316772461,14.039176940917969,13.089494705200195,11.044632911682129,10.220658302307129,9.458013534545898,10.72432804107666,9.227691650390625,7.792398452758789,7.920535087585449,7.8621416091918945,7.254744529724121
16.12285614013672,16.264558792114258,15.7144193649292,14.903546333312988,14.310551643371582,14.085905075073242,14.00284194946289,13.796445846557617,13.503649711608887,13.209535598754883,12.998335838317871,12.970279693603516,12.961312294006348,13.078043937683105,13.711135864257812,14.71902084350586,15.623126029968262,16.149126052856445,16.08650779724121,15.40284538269043,14.59431266784668,14.17996597290039,14.176092147827148,14.078128814697266,13.770567893981934,13.354117393493652,12.917041778564453,12.776932716369629,13.433418273925781,13.967068672180176,13.704537391662598,13.773723602294922,14.58663558959961,15.86830997467041,15.398971557617188,13.429309844970703,12.21119213104248,11.091556549072266,11.68423843383789,10.481168746948242,8.582452774047852,7.981330871582031,7.992401123046875,7.721900939941406
16.082883834838867,17.024261474609375,17.152307510375977,16.608919143676758,15.885449409484863,15.42172908782959,15.2000150680542,14.96672534942627,14.624021530151367,14.210251808166504,13.725577354431152,13.314467430114746,13.020025253295898,12.947819709777832,13.3618803024292,14.171235084533691,15.025546073913574,15.78479290008545,16.442047119140625,16.685152053833008,16.145587921142578,15.073799133300781,14.270702362060547,13.957443237304688,13.917123794555664,13.929144859313965,13.840885162353516,13.796913146972656,14.230640411376953,14.353432655334473,14.190811157226562,15.11906909942627,16.168508529663086,17.28968620300293,17.035842895507812,15.526761054992676,14.277868270874023,13.127182006835938,12.35448169708252,11.351235389709473,9.797773361206055,8.508501052856445,8.172680854797363,8.286252975463867
15.516355514526367,16.9630126953125,17.797645568847656,17.905879974365234,17.510520935058594,17.02105140686035,16.708179473876953,16.422027587890625,15.92220687866211,15.290904998779297,14.652364730834961,13.995196342468262,13.327521324157715,12.971179962158203,13.265549659729004,14.0502290725708,14.813333511352539,15.276498794555664,15.762056350708008,16.508106231689453,16.94731903076172,16.436304092407227,15.221829414367676,14.132990837097168,13.862000465393066,14.30636215209961,14.760873794555664,14.968411445617676,14.993769645690918,14.496562004089355,14.775134086608887,16.23394775390625,17.66983413696289,18.289892196655273,18.12268829345703,17.099069595336914,16.009767532348633,14.930176734924316,13.602148056030273,12.60136890411377,11.493182182312012,10.030902862548828,9.114300727844238,9.07506275177002
14.887795448303223,16.35898780822754,17.701019287109375,18.465314865112305,18.673986434936523,18.496665954589844,18.201879501342773,17.95013999938965,17.554536819458008,16.815372467041016,15.886639595031738,14.975637435913086,14.115004539489746,13.507481575012207,13.50813102722168,14.052240371704102,14.757006645202637,15.096405029296875,15.199064254760742,15.628914833068848,16.360078811645508,16.832080841064453,16.368288040161133,15.139966011047363,14.278566360473633,14.526555061340332,15.238900184631348,15.667312622070312,15.801093101501465,15.023117065429688,13.651456832885742,18.051851272583008,18.873281478881836,18.85860252380371,18.475675582885742,17.606346130371094,16.752208709716797,15.905543327331543,14.822122573852539,13.971054077148438,13.257946968078613,11.999570846557617,10.699182510375977,10.087010383605957
15.359858512878418,15.809642791748047,17.105831146240234,18.3811092376709,19.162181854248047,19.4930362701416,19.501869201660156,19.319425582885742,19.04840850830078,18.555835723876953,17.703052520751953,16.61688995361328,15.53626823425293,14.647893905639648,14.184709548950195,14.228361129760742,14.749870300292969,15.274847984313965,15.325467109680176,15.257706642150879,15.567072868347168,16.194101333618164,16.50243377685547,16.08188247680664,15.40689754486084,15.274860382080078,15.706510543823242,16.047927856445312,16.21498680114746,15.880935668945312,14.65385627746582,17.872161865234375,19.27572250366211,19.755298614501953,19.123689651489258,17.77657127380371,16.996694564819336,16.56652069091797,15.849863052368164,15.338488578796387,14.858076095581055,13.892502784729004,12.387045860290527,11.167242050170898
17.1162109375,16.348005294799805,16.535184860229492,17.72191619873047,19.04308319091797,19.920251846313477,20.36762809753418,20.477785110473633,20.274436950683594,19.904285430908203,19.410261154174805,18.678800582885742,17.595073699951172,16.396818161010742,15.324762344360352,14.773118019104004,14.947612762451172,15.52471923828125,15.701240539550781,15.429525375366211,15.177517890930176,15.319059371948242,15.764134407043457,16.162912368774414,16.38739585876465,16.5878849029541,16.921730041503906,16.961816787719727,16.9239559173584,17.021421432495117,16.41567039489746,17.991737365722656,19.68631935119629,20.647201538085938,20.07655906677246,18.548913955688477,17.63802146911621,17.60906410217285,17.569250106811523,16.36855697631836,15.972283363342285,15.534907341003418,14.123050689697266,12.631218910217285
19.353221893310547,18.18264389038086,16.942842483520508,16.946643829345703,18.270036697387695,19.765243530273438,20.748624801635742,21.252368927001953,21.330018997192383,20.996736526489258,20.602258682250977,20.310394287109375,19.70281219482422,18.584308624267578,17.119298934936523,15.92223834991455,15.517373085021973,15.683653831481934,15.863011360168457,15.68790054321289,15.147753715515137,14.687735557556152,14.856498718261719,15.76126480102539,16.67947006225586,17.39231300354004,18.07499885559082,18.395633697509766,18.547969818115234,18.27570915222168,17.519929885864258,16.49055290222168,21.473379135131836,21.395832061767578,20.47957420349121,19.372095108032227,18.62514305114746,18.83541488647461,18.97554588317871,17.6767520904541,17.177122116088867,17.09819793701172,16.046995162963867,14.620920181274414
