data/wind_data/wind_64_3.json
{"header": {"parameterUnit": "KT", "parameterCategory": 2, "nx": 256, "ny": 198, "lo1": 44.73521041870117, "la1": -3.236724853515625, "lo2": 111.26478576660156, "la2": 43.468475341796875, "dx": 0.2609002888202667, "dy": -0.23708222806453705, "refTime": "2025-02-21 16:00:00", "forecastTime": 0, "parameterNumber": 2, "parameterNumberName": "eastward_wind"}, "data":
[rows 95 to 113 of 198, columns 44 to 87 of 256]
12.643625259399414,12.51223373413086,12.879652976989746,12.69860553741455,10.367268562316895,8.85988998413086,9.189207077026367,9.537029266357422,9.192490577697754,8.834295272827148,8.395418167114258,7.948823928833008,7.329948425292969,6.355696678161621,5.4524970054626465,5.046966075897217,4.841018199920654,4.493683815002441,4.424221515655518,5.195636749267578,6.464971542358398,7.4802165031433105,7.93023681640625,8.072819709777832,8.163870811462402,8.105829238891602,7.814706802368164,7.437407493591309,7.1035943031311035,6.820005893707275,6.67647647857666,6.732641696929932,6.810451030731201,6.598288536071777,5.950679302215576,5.139804840087891,4.629177093505859,4.562379360198975,4.601628303527832,4.375923156738281,3.860107660293579,3.300649881362915,2.8545825481414795,2.421809196472168
12.43960189819336,12.284758567810059,12.872248649597168,13.692597389221191,12.609145164489746,11.001508712768555,10.409833908081055,9.987918853759766,8.297144889831543,7.927342891693115,8.668893814086914,8.884251594543457,7.8722968101501465,6.457261085510254,5.455995559692383,4.99046516418457,4.762077331542969,4.564055919647217,4.974289417266846,6.085549831390381,7.286647319793701,8.095304489135742,8.533018112182617,8.748213768005371,8.831153869628906,8.754663467407227,8.47945499420166,8.109697341918945,7.741196632385254,7.437363147735596,7.312133312225342,7.360957145690918,7.322329998016357,6.924534320831299,6.160959243774414,5.377737998962402,4.93971061706543,4.894317626953125,4.924607753753662,4.693057060241699,4.137265205383301,3.4776971340179443,2.9511966705322266,2.5450279712677
11.863715171813965,11.355154037475586,12.35299015045166,13.735810279846191,13.691181182861328,12.83878231048584,12.100608825683594,11.025824546813965,8.906181335449219,7.434530735015869,7.9407958984375,8.716678619384766,8.122845649719238,6.089700222015381,4.570529937744141,4.273815155029297,4.369592666625977,4.8015336990356445,6.038734436035156,7.433320045471191,8.204052925109863,8.489982604980469,8.69923210144043,8.910585403442383,9.108050346374512,9.26408576965332,9.259223937988281,9.051545143127441,8.696931838989258,8.293580055236816,7.9995622634887695,7.817902565002441,7.550140380859375,7.023125171661377,6.301313400268555,5.623814582824707,5.165584564208984,4.945651054382324,4.806763172149658,4.522005081176758,3.984029769897461,3.3007423877716064,2.714913845062256,2.340484857559204
11.481242179870605,10.63187026977539,12.073385238647461,13.654611587524414,14.12407398223877,13.753045082092285,12.69152545928955,11.330181121826172,10.475700378417969,9.773356437683105,8.924934387207031,8.308841705322266,6.881076812744141,4.905890941619873,3.6130003929138184,3.4811058044433594,3.9640259742736816,5.2067670822143555,7.056408405303955,8.455358505249023,8.820688247680664,8.697314262390137,8.651701927185059,8.841996192932129,9.263822555541992,9.770172119140625,10.14657974243164,10.267102241516113,10.029836654663086,9.429858207702637,8.732547760009766,8.14280891418457,7.592510223388672,6.979514122009277,6.359410285949707,5.791565418243408,5.2458600997924805,4.755143642425537,4.319581508636475,3.852592706680298,3.2837038040161133,2.62233567237854,2.036574363708496,1.7178466320037842
11.979902267456055,11.128408432006836,12.614509582519531,14.187888145446777,14.832221031188965,14.391792297363281,12.69983959197998,11.243629455566406,11.181427955627441,12.048279762268066,12.783848762512207,9.861547470092773,5.534725189208984,2.840517520904541,2.970790386199951,3.7840585708618164,4.447115898132324,5.711091041564941,7.433119773864746,8.625990867614746,9.055910110473633,9.052313804626465,8.912604331970215,9.026309967041016,9.55204963684082,10.361010551452637,11.146034240722656,11.5403470993042,11.269551277160645,10.453618049621582,9.557412147521973,8.726953506469727,7.824343681335449,6.951472759246826,6.308652877807617,5.812222480773926,5.27505350112915,4.6343770027160645,3.902749538421631,3.166384696960449,2.5200212001800537,1.9397318363189697,1.4507150650024414,1.2120403051376343
13.071388244628906,12.975829124450684,14.171147346496582,15.298221588134766,15.737567901611328,15.014142036437988,13.1410493850708,12.037757873535156,12.18269157409668,12.99051570892334,14.021260261535645,11.84355640411377,7.483940124511719,4.02175760269165,3.6052334308624268,4.637336730957031,5.169958114624023,6.245731830596924,7.688273906707764,8.737597465515137,9.372018814086914,9.519366264343262,9.205955505371094,9.086369514465332,9.704784393310547,10.854190826416016,11.976102828979492,12.446105003356934,12.004711151123047,11.160550117492676,10.397232055664062,9.454463005065918,8.168078422546387,7.034901142120361,6.425164699554443,6.075666427612305,5.669364929199219,5.0823974609375,4.273863315582275,3.3954787254333496,2.655643939971924,2.0686981678009033,1.5823490619659424,1.3462600708007812
13.406000137329102,14.673462867736816,16.126136779785156,16.746646881103516,16.61754608154297,15.572930335998535,14.236771583557129,13.55333137512207,13.488347053527832,13.55092716217041,13.339089393615723,13.498018264770508,14.214693069458008,9.372064590454102,5.258207321166992,4.744519233703613,5.538911819458008,7.018609046936035,8.374985694885254,9.273996353149414,9.815884590148926,9.78154468536377,9.269063949584961,9.242558479309082,9.915857315063477,10.944791793823242,11.845743179321289,12.224955558776855,12.041886329650879,11.727124214172363,11.399024963378906,10.43729019165039,8.882673263549805,7.625726222991943,6.994342803955078,6.626091480255127,6.274417877197266,5.781120777130127,5.070143699645996,4.342412948608398,3.806187391281128,3.322814464569092,2.7357161045074463,2.244992256164551
12.947868347167969,15.293448448181152,17.419240951538086,18.132091522216797,17.538537979125977,16.382213592529297,15.489689826965332,14.184988975524902,13.385298728942871,13.416170120239258,14.565143585205078,15.771254539489746,16.69651222229004,12.525873184204102,7.503026008605957,5.307717323303223,6.4169464111328125,8.062321662902832,9.12645435333252,9.788700103759766,10.112008094787598,9.982378005981445,9.857745170593262,10.065917015075684,10.432125091552734,10.721931457519531,10.975488662719727,11.348031044006348,11.639080047607422,11.840548515319824,11.828678131103516,11.191457748413086,9.954244613647461,8.861716270446777,8.067208290100098,7.32621431350708,6.501750946044922,5.705947399139404,5.109066486358643,4.799903392791748,4.739518642425537,4.769589424133301,4.6519856452941895,4.2220611572265625
13.13112735748291,15.501399040222168,17.997276306152344,19.50856590270996,20.291826248168945,19.67828941345215,17.25409698486328,13.952434539794922,12.645861625671387,13.61005973815918,13.768481254577637,14.01537799835205,13.401619911193848,12.266087532043457,10.861043930053711,8.718737602233887,8.272186279296875,9.091758728027344,9.92183780670166,10.278993606567383,10.386017799377441,10.560080528259277,10.779549598693848,10.964723587036133,10.829794883728027,10.433627128601074,10.625778198242188,11.07105827331543,11.184001922607422,11.353151321411133,11.726434707641602,11.473413467407227,10.525370597839355,9.831147193908691,9.37802505493164,8.224084854125977,6.575454235076904,5.3104939460754395,4.8394083976745605,4.914007663726807,5.102817058563232,5.46173095703125,6.017232418060303,6.204997539520264
14.784664154052734,16.783552169799805,18.921173095703125,21.441274642944336,21.667715072631836,21.029537200927734,19.96508026123047,17.479806900024414,14.686068534851074,14.572737693786621,14.161649703979492,13.893378257751465,14.007552146911621,14.00307559967041,12.42140007019043,10.215481758117676,9.390166282653809,9.737420082092285,10.637158393859863,11.253164291381836,11.234152793884277,11.337761878967285,11.970407485961914,12.235058784484863,12.016066551208496,11.28794002532959,10.503299713134766,9.656661033630371,9.722565650939941,10.370898246765137,10.438837051391602,10.622308731079102,11.071423530578613,11.379481315612793,11.253735542297363,10.151201248168945,8.277908325195312,6.774000644683838,6.115086078643799,5.8450422286987305,5.63424015045166,5.88730525970459,6.96476936340332,7.773249626159668
17.399267196655273,19.491474151611328,21.333942413330078,21.99880599975586,20.455760955810547,18.31559181213379,16.885896682739258,15.921878814697266,14.438660621643066,14.520167350769043,15.097146987915039,15.454601287841797,15.665627479553223,14.60500717163086,11.633466720581055,9.192713737487793,8.833569526672363,9.640274047851562,10.746294021606445,11.558510780334473,12.107514381408691,12.271870613098145,12.603816032409668,13.194212913513184,13.38660717010498,12.623785972595215,10.484007835388184,9.619479179382324,15.073053359985352,19.72983741760254,15.769363403320312,11.631471633911133,13.412991523742676,16.912220001220703,17.943572998046875,16.012510299682617,12.762673377990723,10.063006401062012,8.470962524414062,7.533840179443359,6.499639511108398,5.661314010620117,6.327649116516113,7.696891784667969
20.054073333740234,22.651371002197266,22.833547592163086,20.937437057495117,18.221248626708984,16.692691802978516,15.749407768249512,14.748635292053223,13.917397499084473,14.185009956359863,14.848944664001465,15.516231536865234,15.68932056427002,14.28790283203125,12.004542350769043,10.44650650024414,9.783353805541992,9.750597953796387,10.262862205505371,11.15354061126709,12.207249641418457,12.919790267944336,12.996113777160645,13.094992637634277,13.548007011413574,13.156233787536621,11.535534858703613,10.63121509552002,11.595613479614258,11.886701583862305,10.744270324707031,11.862297058105469,17.19943618774414,24.388851165771484,28.229238510131836,27.592615127563477,23.26130485534668,17.43952751159668,12.840853691101074,9.894067764282227,7.5485148429870605,5.330036640167236,5.164762020111084,6.664858818054199
22.46767807006836,25.389385223388672,23.534202575683594,19.573556900024414,17.51267433166504,17.1499080657959,16.812713623046875,16.25292205810547,15.394552230834961,14.82360553741455,14.760189056396484,15.335234642028809,15.686470985412598,14.9937744140625,13.813765525817871,12.939529418945312,12.572752952575684,12.487221717834473,12.318584442138672,12.372007369995117,12.775531768798828,13.033469200134277,12.836249351501465,12.610137939453125,12.767988204956055,12.680292129516602,11.889144897460938,11.393065452575684,11.372797966003418,10.91383171081543,10.513216972351074,11.379924774169922,14.050025939941406,17.030149459838867,18.65459632873535,18.862070083618164,17.592605590820312,15.03968620300293,12.133194923400879,9.91849136352539,8.725080490112305,7.7781982421875,7.228745460510254,7.359260082244873
21.602754592895508,21.43671989440918,19.739511489868164,18.653209686279297,18.410282135009766,18.31984519958496,18.15911865234375,17.954940795898438,17.768003463745117,17.936744689941406,18.34197998046875,17.977487564086914,16.73784828186035,15.948020935058594,15.839269638061523,15.254026412963867,14.073397636413574,13.512516021728516,13.751806259155273,13.975678443908691,13.831661224365234,13.575788497924805,13.388531684875488,13.352899551391602,13.271736145019531,12.934521675109863,12.43089771270752,11.929116249084473,11.026497840881348,10.021265983581543,9.74409294128418,10.341318130493164,11.120305061340332,11.660052299499512,12.294289588928223,13.283641815185547,14.188039779663086,14.163923263549805,13.087021827697754,11.844379425048828,10.973323822021484,10.217756271362305,9.671037673950195,9.28382682800293
21.59865951538086,19.3951416015625,17.545642852783203,17.365997314453125,17.409114837646484,17.522815704345703,18.025781631469727,18.541728973388672,18.563678741455078,18.314062118530273,18.3355712890625,18.32884407043457,18.44090461730957,19.063753128051758,18.908090591430664,16.990995407104492,15.039604187011719,14.296278953552246,14.307236671447754,14.489950180053711,14.60326099395752,14.580465316772461,14.402647018432617,14.262842178344727,14.080016136169434,13.713115692138672,13.239660263061523,12.292274475097656,10.784090042114258,9.765792846679688,9.568102836608887,9.515019416809082,9.306721687316895,9.035776138305664,9.576912879943848,11.131842613220215,12.85710620880127,13.887083053588867,13.762625694274902,13.240410804748535,12.755695343017578,11.89831256866455,12.625844955444336,14.311837196350098
21.47426986694336,20.693174362182617,20.41935920715332,21.236295700073242,21.39557456970215,20.759193420410156,20.26227569580078,19.74311065673828,18.966291427612305,18.853208541870117,20.123279571533203,22.56060218811035,25.309988021850586,26.807289123535156,25.239036560058594,21.63821792602539,18.908958435058594,17.57301902770996,16.853269577026367,16.59482765197754,16.39035987854004,16.071189880371094,16.10454750061035,16.096773147583008,15.70744514465332,15.082674026489258,14.106563568115234,12.604681968688965,10.607885360717773,9.090085983276367,8.517788887023926,8.242314338684082,8.768683433532715,9.17509937286377,9.192728042602539,10.020249366760254,12.149465560913086,14.710189819335938,17.02903175354004,17.829851150512695,18.14998435974121,18.644620895385742,19.320987701416016,20.570650100708008
20.2241268157959,20.363550186157227,20.783172607421875,22.908187866210938,23.417835235595703,23.3532657623291,24.254880905151367,24.13357925415039,23.405811309814453,24.104766845703125,26.045289993286133,27.724811553955078,28.808080673217773,28.854877471923828,26.798381805419922,22.96539306640625,20.299711227416992,19.589847564697266,19.028228759765625,17.982213973999023,17.349681854248047,16.9685001373291,16.21430015563965,15.651727676391602,15.272981643676758,14.897808074951172,13.555024147033691,11.467453956604004,9.936458587646484,8.234430313110352,8.103272438049316,10.91533088684082,15.031400680541992,17.25523567199707,16.943519592285156,16.731124877929688,15.84235668182373,14.38227653503418,17.466157913208008,23.222000122070312,28.922670364379883,32.25172424316406,30.51728057861328,29.373472213745117
19.33496856689453,19.710346221923828,19.997751235961914,21.91090965270996,23.76527214050293,24.690248489379883,24.937585830688477,24.271211624145508,23.610374450683594,24.33110237121582,25.9984130859375,27.309572219848633,28.224449157714844,28.12958335876465,26.078060150146484,22.85068702697754,21.00869369506836,21.061786651611328,20.948993682861328,19.44788932800293,17.665071487426758,16.656524658203125,16.222848892211914,16.363536834716797,16.016889572143555,14.381438255310059,12.375557899475098,11.052980422973633,9.517427444458008,8.592545509338379,9.51717758178711,11.318645477294922,12.70457649230957,14.066153526306152,16.198482513427734,16.907047271728516,14.904470443725586,13.912856101989746,15.036450386047363,14.363811492919922,14.276047706604004,14.88967227935791,19.048416137695312,24.41918182373047
18.23702621459961,18.435497283935547,18.470388412475586,19.858055114746094,22.105567932128906,24.301740646362305,25.552289962768555,25.956201553344727,25.906753540039062,25.564510345458984,25.072994232177734,25.115522384643555,25.991411209106445,26.582250595092773,25.656024932861328,23.613784790039062,22.279129028320312,21.98219108581543,21.592119216918945,20.303499221801758,18.6868953704834,17.74419593811035,17.503433227539062,17.423622131347656,16.820110321044922,15.113521575927734,13.369062423706055,12.23116683959961,11.14124870300293,10.612271308898926,10.326960563659668,10.234147071838379,11.4602689743042,13.698606491088867,14.942774772644043,13.985939979553223,12.722026824951172,12.648045539855957,10.394719123840332,8.409137725830078,10.329852104187012,14.806777954101562,19.599275588989258,23.18548583984375
