data/wind_data/wind_31_4.json
{"header": {"parameterUnit": "KT", "parameterCategory": 2, "nx": 256, "ny": 198, "lo1": 44.73521041870117, "la1": -3.236724853515625, "lo2": 111.26478576660156, "la2": 43.468475341796875, "dx": 0.2609002888202667, "dy": -0.23708222806453705, "refTime": "2025-02-20 07:00:00", "forecastTime": 0, "parameterNumber": 2, "parameterNumberName": "eastward_wind"}, "data":
[rows 114 to 132 of 198, columns 176 to 219 of 256]
25.594409942626953,24.207979202270508,22.925161361694336,22.7408447265625,23.139440536499023,24.359643936157227,26.886804580688477,26.335205078125,23.882953643798828,22.458078384399414,22.210771560668945,21.658462524414062,22.213638305664062,24.25261878967285,25.641456604003906,25.996755599975586,28.434520721435547,33.15287399291992,30.31432342529297,24.566068649291992,25.202362060546875,28.295978546142578,28.771427154541016,29.439973831176758,31.23246955871582,32.436458587646484,30.441364288330078,28.989534378051758,31.358673095703125,35.106178283691406,36.499732971191406,37.7610969543457,39.30358123779297,39.957313537597656,40.38347625732422,41.38438034057617,41.14402770996094,40.410308837890625,40.81532287597656,40.988128662109375,41.39430236816406,38.71983337402344,36.30540466308594,37.70576477050781
26.02959632873535,25.324951171875,24.565214157104492,24.306472778320312,24.632305145263672,25.048982620239258,25.762775421142578,27.003841400146484,27.196340560913086,25.86571502685547,24.47386360168457,23.681121826171875,22.847984313964844,23.02409553527832,24.913772583007812,27.692861557006836,28.156869888305664,31.046142578125,33.821842193603516,27.629209518432617,25.597217559814453,27.932958602905273,28.4658145904541,29.09927749633789,30.78836441040039,31.473892211914062,30.38332748413086,29.862743377685547,31.397335052490234,34.88432693481445,37.308284759521484,38.453643798828125,40.46042251586914,41.768192291259766,41.7231559753418,43.165672302246094,40.18473434448242,37.64228820800781,39.010963439941406,40.671180725097656,39.73246383666992,35.41904067993164,34.54474639892578,35.683860778808594
26.35971450805664,25.838468551635742,25.549606323242188,25.501861572265625,25.690658569335938,25.897926330566406,26.140853881835938,26.392608642578125,26.6579532623291,26.79479217529297,26.673917770385742,25.791418075561523,25.137372970581055,24.03814125061035,24.56123161315918,27.614704132080078,28.71637725830078,29.925758361816406,32.53562927246094,27.605480194091797,25.1716251373291,26.559053421020508,27.398460388183594,27.039587020874023,27.845823287963867,29.253570556640625,28.743589401245117,28.048397064208984,29.722251892089844,34.47868347167969,38.15245056152344,39.068626403808594,40.6792106628418,42.236793518066406,41.79546356201172,43.05522918701172,37.17708206176758,34.49655532836914,36.528343200683594,38.101783752441406,36.53770065307617,31.867748260498047,32.00400161743164,33.96896743774414
26.085567474365234,25.746469497680664,25.615049362182617,25.556594848632812,25.583824157714844,25.680866241455078,25.948862075805664,26.43006134033203,27.205156326293945,27.726154327392578,28.01812171936035,27.767810821533203,26.72407341003418,25.032190322875977,24.338041305541992,25.6745662689209,27.822620391845703,29.470096588134766,30.132080078125,27.42300796508789,25.799434661865234,25.904909133911133,25.77201271057129,24.93297004699707,25.79770278930664,28.0179443359375,26.38525390625,24.51137351989746,27.512123107910156,34.10413360595703,38.678794860839844,39.93409729003906,40.85920715332031,41.78942108154297,41.29423522949219,41.574520111083984,35.7835693359375,32.97147750854492,34.91945266723633,35.00063705444336,32.41640853881836,27.806093215942383,27.395538330078125,31.11441993713379
25.740066528320312,25.52412986755371,25.684255599975586,25.84024429321289,25.765789031982422,25.9732723236084,26.649139404296875,27.254615783691406,27.665254592895508,27.849897384643555,28.065980911254883,28.184572219848633,27.362417221069336,25.588542938232422,24.213871002197266,24.099655151367188,25.173070907592773,27.71356773376465,29.352216720581055,28.378847122192383,27.150842666625977,26.589601516723633,25.003082275390625,23.610393524169922,24.787792205810547,27.33496856689453,25.252702713012695,23.296947479248047,26.954893112182617,32.88516616821289,37.31645965576172,39.409156799316406,39.36408233642578,39.46659851074219,39.16329574584961,37.85346984863281,34.14795684814453,32.70419692993164,33.48777389526367,32.58383560180664,28.011560440063477,26.14653778076172,26.766746520996094,28.80176544189453
26.99528694152832,27.127531051635742,27.519319534301758,27.85422706604004,27.675270080566406,27.558500289916992,28.055295944213867,27.735349655151367,26.978342056274414,26.570634841918945,26.76663589477539,26.824975967407227,26.044172286987305,24.572343826293945,23.21580696105957,22.056692123413086,21.80015754699707,23.562204360961914,26.226167678833008,28.128986358642578,28.864673614501953,26.544095993041992,23.930805206298828,24.382080078125,27.410888671875,28.645801544189453,24.57904052734375,22.624765396118164,26.404539108276367,31.266765594482422,34.89396286010742,36.94950866699219,36.2721061706543,36.00178909301758,35.40303039550781,34.20921325683594,32.93348693847656,31.966045379638672,31.646387100219727,30.727766036987305,25.848495483398438,26.665973663330078,25.60235595703125,25.335342407226562
29.387001037597656,29.48052215576172,28.97553062438965,28.982091903686523,29.948606491088867,30.3587589263916,29.499839782714844,26.968360900878906,25.798460006713867,26.7362060546875,28.43331527709961,27.914709091186523,25.461538314819336,23.048660278320312,21.661584854125977,20.463083267211914,19.25942611694336,19.571638107299805,20.797956466674805,23.881792068481445,25.372325897216797,25.868318557739258,24.54133415222168,25.342010498046875,29.12109375,27.189563751220703,19.678207397460938,17.9759464263916,23.085725784301758,28.381271362304688,32.21217727661133,34.378631591796875,33.51348114013672,32.549739837646484,32.25497055053711,32.091392517089844,31.188724517822266,28.858203887939453,28.09584617614746,27.025867462158203,24.13440704345703,28.834115982055664,26.32945442199707,23.87367057800293
30.23107147216797,29.65909194946289,27.475135803222656,26.213422775268555,28.636320114135742,31.79095458984375,32.674041748046875,29.57626724243164,27.164690017700195,28.47444725036621,31.61865997314453,31.720809936523438,25.909507751464844,20.78180694580078,17.82110023498535,16.219816207885742,15.805115699768066,16.422435760498047,17.657909393310547,19.92576789855957,20.608943939208984,21.296709060668945,22.75567054748535,24.596086502075195,25.817949295043945,20.441314697265625,15.390886306762695,15.577502250671387,20.032123565673828,25.467514038085938,29.583463668823242,31.076213836669922,30.052812576293945,29.338953018188477,30.508907318115234,31.977874755859375,28.289592742919922,24.58098030090332,23.597896575927734,23.509733200073242,18.376161575317383,28.09989356994629,28.893089294433594,24.400774002075195
29.496129989624023,29.36829948425293,28.73228645324707,27.396772384643555,28.687204360961914,30.882678985595703,34.06611251831055,33.31610107421875,30.92483901977539,28.1309814453125,28.828399658203125,31.424118041992188,27.152355194091797,20.55628204345703,15.92498779296875,13.096475601196289,11.819473266601562,12.402462005615234,14.365401268005371,16.078046798706055,16.75504493713379,16.926767349243164,19.66520118713379,25.102447509765625,24.751628875732422,17.420013427734375,13.665145874023438,14.63992691040039,17.849529266357422,23.546709060668945,27.769258499145508,28.678247451782227,28.510337829589844,28.15362548828125,29.505748748779297,30.292882919311523,24.091955184936523,20.292510986328125,19.959577560424805,19.341814041137695,20.744260787963867,25.722076416015625,30.81353759765625,26.566049575805664
29.500728607177734,28.96273422241211,28.779464721679688,30.193967819213867,31.096546173095703,33.26926040649414,30.24646759033203,30.96795082092285,33.502323150634766,26.123411178588867,17.57164192199707,15.778523445129395,15.444147109985352,14.298391342163086,13.136181831359863,11.788413047790527,10.016203880310059,8.764641761779785,9.79592514038086,11.627592086791992,11.992111206054688,11.978798866271973,16.07313346862793,23.259294509887695,27.293598175048828,25.526592254638672,20.906591415405273,18.095020294189453,19.99985122680664,24.292890548706055,26.623193740844727,27.42247772216797,28.06174087524414,27.2504940032959,27.436067581176758,27.380918502807617,21.362537384033203,16.999555587768555,18.110977172851562,18.876564025878906,22.973186492919922,20.223976135253906,24.144681930541992,24.377843856811523
25.716745376586914,29.90692901611328,29.658143997192383,30.569778442382812,31.094491958618164,31.7684268951416,33.52619934082031,34.37870788574219,29.662946701049805,18.315092086791992,11.52066421508789,10.643080711364746,11.42905330657959,11.671174049377441,11.700725555419922,10.382083892822266,7.735161304473877,6.043425559997559,5.320350646972656,5.955924987792969,7.391899585723877,10.744980812072754,15.166177749633789,21.599647521972656,28.38218116760254,33.15895080566406,32.725765228271484,28.194597244262695,27.664827346801758,27.38246726989746,26.87537384033203,27.465749740600586,27.285612106323242,25.097423553466797,24.52429962158203,25.647869110107422,21.6201171875,18.71332359313965,13.324010848999023,15.983850479125977,15.429158210754395,20.343477249145508,26.372190475463867,22.963336944580078
22.171384811401367,27.245704650878906,27.214521408081055,25.4134578704834,23.23236656188965,23.058767318725586,26.959640502929688,25.11212730407715,31.547163009643555,27.6723690032959,22.23708724975586,18.524572372436523,16.135177612304688,15.133824348449707,14.482406616210938,9.90196704864502,5.146900177001953,5.328190803527832,5.615405082702637,4.858320713043213,8.34454345703125,15.812484741210938,20.266042709350586,22.272689819335938,26.600175857543945,19.78133201599121,28.46151351928711,33.736019134521484,32.7595100402832,28.406600952148438,27.52410316467285,26.53226661682129,24.18630599975586,22.46636390686035,22.897302627563477,25.26787757873535,23.615894317626953,23.442224502563477,16.408695220947266,18.97288703918457,15.631933212280273,22.30417823791504,26.51315689086914,23.292617797851562
19.93048095703125,19.335721969604492,20.274389266967773,19.602880477905273,16.783878326416016,18.017255783081055,21.406139373779297,17.008708953857422,19.79999542236328,21.355566024780273,23.908531188964844,23.073566436767578,18.849279403686523,16.249698638916016,16.38852310180664,11.724400520324707,6.177444934844971,6.780452728271484,10.116755485534668,8.361851692199707,9.600112915039062,17.713062286376953,23.76526641845703,22.62401008605957,19.493465423583984,21.705913543701172,30.230484008789062,34.52032470703125,32.11884307861328,26.367061614990234,25.552898406982422,25.778852462768555,23.182205200195312,22.162410736083984,22.833740234375,25.039386749267578,25.01209259033203,23.988754272460938,17.5902156829834,21.115121841430664,14.661481857299805,25.733259201049805,29.892515182495117,27.545194625854492
17.145036697387695,17.303556442260742,19.758325576782227,19.06821060180664,20.423717498779297,18.710081100463867,16.41899871826172,15.24450969696045,14.67878246307373,16.570018768310547,17.0904598236084,19.047649383544922,19.273332595825195,19.995315551757812,19.938373565673828,13.716262817382812,8.368919372558594,10.50413990020752,16.204843521118164,12.58424186706543,9.678918838500977,15.306366920471191,20.198383331298828,20.707670211791992,19.212203979492188,20.707683563232422,26.51607894897461,31.45416831970215,29.828582763671875,26.70388412475586,26.1175479888916,26.04197120666504,24.8897762298584,24.225513458251953,24.01715087890625,24.72153091430664,26.015918731689453,23.385520935058594,25.172473907470703,22.286128997802734,20.46639633178711,22.198965072631836,28.929954528808594,29.078475952148438
18.17998695373535,17.816335678100586,19.41546058654785,19.043195724487305,20.308853149414062,19.487451553344727,26.970943450927734,32.465065002441406,35.69574737548828,32.08576202392578,37.3720817565918,39.879207611083984,36.87898635864258,32.092350006103516,29.105159759521484,21.71971893310547,13.163069725036621,12.540786743164062,18.939924240112305,16.9962158203125,13.560750961303711,16.472867965698242,20.14981460571289,24.541643142700195,27.51003074645996,26.984132766723633,28.992645263671875,29.439926147460938,26.069107055664062,26.255849838256836,27.876916885375977,27.313508987426758,27.247604370117188,26.41800880432129,24.878934860229492,25.46540641784668,27.19186019897461,27.41312599182129,25.449670791625977,26.139863967895508,20.818721771240234,22.16972541809082,28.23399543762207,28.45716667175293
21.261865615844727,21.537620544433594,21.342512130737305,24.442569732666016,28.953567504882812,31.775867462158203,33.9398307800293,35.87611770629883,37.00653839111328,37.43537139892578,36.36873245239258,36.233882904052734,35.13633346557617,31.87641716003418,28.179906845092773,27.200334548950195,20.310117721557617,13.665579795837402,14.356138229370117,17.02527618408203,18.830232620239258,22.6906795501709,28.26227378845215,34.63894271850586,35.54795455932617,31.6198673248291,29.781570434570312,26.630931854248047,23.79217529296875,24.37930679321289,21.369304656982422,17.177356719970703,20.85762596130371,25.991851806640625,28.095787048339844,28.738052368164062,29.207656860351562,29.640249252319336,26.92426872253418,24.8865966796875,21.342185974121094,27.91658592224121,26.320219039916992,30.451393127441406
27.9060115814209,27.625722885131836,30.604633331298828,31.935237884521484,32.706356048583984,33.01101303100586,31.580156326293945,32.959739685058594,36.03925704956055,37.2288703918457,35.50139617919922,36.0306510925293,36.11132049560547,32.456600189208984,28.719161987304688,27.222318649291992,28.109317779541016,19.3845272064209,12.582108497619629,15.750189781188965,22.14105224609375,26.369300842285156,31.208755493164062,35.406944274902344,30.7456111907959,27.32642936706543,23.9141845703125,23.01653289794922,24.036937713623047,24.913982391357422,19.973665237426758,13.208651542663574,17.511890411376953,25.75459098815918,29.59598159790039,30.366662979125977,28.79526710510254,27.07280158996582,20.16374397277832,19.323017120361328,21.391799926757812,29.103376388549805,27.288652420043945,29.760379791259766
19.307512283325195,23.462133407592773,28.108747482299805,31.305131912231445,33.012752532958984,34.3490104675293,34.29010009765625,33.77142333984375,35.248802185058594,36.531402587890625,36.669586181640625,30.339252471923828,32.11731719970703,35.34501266479492,32.867740631103516,27.25942039489746,28.611724853515625,24.026268005371094,17.06429672241211,17.29279327392578,20.6538028717041,22.96717643737793,27.03899383544922,28.734651565551758,26.495067596435547,23.80668067932129,22.212970733642578,23.511077880859375,24.98699951171875,21.746389389038086,19.75197982788086,14.24104118347168,14.550042152404785,25.44138526916504,30.098968505859375,30.117780685424805,24.74966812133789,18.37541389465332,17.4116153717041,21.643924713134766,22.261180877685547,28.584728240966797,26.814382553100586,28.679214477539062
11.504631042480469,10.616415023803711,17.082653045654297,23.110586166381836,27.45233726501465,31.673263549804688,34.34213638305664,35.57248306274414,35.58292770385742,36.812740325927734,35.39471435546875,32.51816940307617,33.66539764404297,35.936832427978516,33.76117706298828,28.461780548095703,26.891067504882812,23.795455932617188,20.61086654663086,19.762226104736328,19.3696231842041,21.102767944335938,25.112451553344727,26.820600509643555,25.42030143737793,23.43704605102539,23.11423683166504,23.296262741088867,25.641090393066406,21.508821487426758,19.409414291381836,15.631768226623535,18.155742645263672,28.169776916503906,31.475360870361328,30.01505470275879,27.744125366210938,25.182029724121094,21.879337310791016,21.363346099853516,22.72804069519043,25.852087020874023,23.986045837402344,27.468935012817383
