data/wind_data/wind_11_7.json
{"header": {"parameterUnit": "KT", "parameterCategory": 2, "nx": 256, "ny": 198, "lo1": 44.73521041870117, "la1": -3.236724853515625, "lo2": 111.26478576660156, "la2": 43.468475341796875, "dx": 0.2609002888202667, "dy": -0.23708222806453705, "refTime": "2025-02-19 11:00:00", "forecastTime": 0, "parameterNumber": 2, "parameterNumberName": "eastward_wind"}, "data":
[rows 140 to 159 of 198, columns 0 to 43 of 256]
98.1764144897461,97.43666076660156,97.79850769042969,97.98690795898438,97.92582702636719,97.79036712646484,97.70965576171875,97.75712585449219,97.92325592041016,98.09546661376953,98.1243667602539,97.98104858398438,97.72465515136719,97.38531494140625,96.98116302490234,96.56097412109375,96.21884155273438,96.01407623291016,95.98706817626953,96.27633666992188,96.71271514892578,96.7669906616211,96.67376708984375,96.73400115966797,96.52519226074219,96.42024993896484,96.74440002441406,96.69784545898438,96.19469451904297,95.9940414428711,96.3478012084961,96.91704559326172,97.31427764892578,97.3245849609375,96.86070251464844,96.11534118652344,95.5278091430664,95.46699523925781,95.85262298583984,96.48271179199219,97.48890686035156,98.49828338623047,98.76285552978516,98.33615112304688
97.74310302734375,96.72928619384766,96.9482421875,96.99490356445312,96.80415344238281,96.75260925292969,96.75749969482422,96.74140930175781,96.76725769042969,96.8593978881836,96.91038513183594,96.86196899414062,96.73750305175781,96.5618896484375,96.32154846191406,95.98014068603516,95.57440185546875,95.23396301269531,95.15203094482422,95.47249603271484,95.81436920166016,95.66268157958984,95.43833923339844,95.39982604980469,95.20549011230469,95.23822021484375,95.61707305908203,95.56482696533203,95.1581802368164,95.1171646118164,95.36083984375,95.60159301757812,95.85786437988281,95.88330841064453,95.6469497680664,95.4375228881836,95.11103820800781,94.69552612304688,94.6390151977539,95.28240203857422,96.4782943725586,97.38932037353516,97.56690216064453,97.21044921875
96.94523620605469,95.94994354248047,96.09568786621094,96.08964538574219,95.88805389404297,95.89762115478516,95.88702392578125,95.73977661132812,95.6370620727539,95.66899871826172,95.71414947509766,95.7193374633789,95.69109344482422,95.64381408691406,95.54308319091797,95.27491760253906,94.85567474365234,94.48828887939453,94.41675567626953,94.67086029052734,94.66434478759766,94.21936798095703,93.95735168457031,93.86164855957031,93.81464385986328,94.0530776977539,94.42271423339844,94.48572540283203,94.18218994140625,93.90077209472656,93.83303833007812,93.9996337890625,94.35365295410156,94.59089660644531,94.56251525878906,94.41656494140625,94.06050109863281,93.39237976074219,93.02800750732422,93.70877075195312,94.9527816772461,95.59446716308594,95.59019470214844,95.2658920288086
95.83179473876953,94.91262817382812,95.11661529541016,95.28365325927734,95.2751235961914,95.29156494140625,95.16759490966797,94.91603088378906,94.70887756347656,94.6200180053711,94.60859680175781,94.64806365966797,94.69995880126953,94.73649597167969,94.69174194335938,94.4684829711914,94.17102813720703,93.92681121826172,93.7989273071289,93.77775573730469,93.43892669677734,92.81001281738281,92.45857238769531,92.39830780029297,92.59760284423828,93.08677673339844,93.45858001708984,93.29066467285156,92.73193359375,92.26232147216797,92.17951202392578,92.41988372802734,92.77999877929688,93.07417297363281,93.04702758789062,92.65365600585938,91.97593688964844,91.10023498535156,90.77445983886719,91.67749786376953,92.88397216796875,93.26549530029297,93.08061218261719,92.63524627685547
94.46040344238281,93.6989517211914,93.96671295166016,94.27726745605469,94.46676635742188,94.51513671875,94.34953308105469,94.03888702392578,93.72329711914062,93.49533081054688,93.40411376953125,93.50469970703125,93.68339538574219,93.75670623779297,93.67926788330078,93.50762939453125,93.35545349121094,93.17137145996094,92.8671875,92.48551940917969,91.8507080078125,91.14921569824219,90.84746551513672,90.97962951660156,91.45977020263672,91.98644256591797,92.07347106933594,91.50379943847656,90.63976287841797,90.0977783203125,90.09794616699219,90.35388946533203,90.60189819335938,90.75941467285156,90.57315063476562,89.89218139648438,88.98823547363281,88.22013854980469,88.12767028808594,89.11080932617188,90.36619567871094,90.82623291015625,90.60977935791016,90.08274841308594
92.80443572998047,92.4405517578125,92.74156188964844,93.02901458740234,93.28947448730469,93.37321472167969,93.16011047363281,92.75654602050781,92.36048126220703,92.13825225830078,92.11997985839844,92.28914642333984,92.46414184570312,92.45367431640625,92.35597229003906,92.28874969482422,92.15947723388672,91.81419372558594,91.26145935058594,90.5735855102539,89.68080139160156,89.02580261230469,89.07478332519531,89.4811782836914,89.91744232177734,90.17255401611328,89.8730697631836,88.994384765625,88.01887512207031,87.4992904663086,87.53329467773438,87.80203247070312,88.01390838623047,88.06060791015625,87.77535247802734,87.03944396972656,86.18305206298828,85.72270965576172,85.9537582397461,86.9644775390625,88.21768951416016,88.7911148071289,88.59264373779297,88.0913314819336
90.9994888305664,90.7503433227539,91.10568237304688,91.40631866455078,91.77265930175781,91.90601348876953,91.6249771118164,91.08818054199219,90.62494659423828,90.52831268310547,90.73240661621094,90.97161102294922,91.0911865234375,90.98806762695312,90.80158233642578,90.7463607788086,90.56381225585938,89.9417953491211,89.10438537597656,88.24979400634766,87.31352996826172,86.85588836669922,87.28656005859375,87.87240600585938,88.0713882446289,87.91666412353516,87.2614974975586,86.26619720458984,85.4941177368164,85.19294738769531,85.17448425292969,85.37249755859375,85.64592742919922,85.7380142211914,85.54893493652344,85.07129669189453,84.46170043945312,84.1700668334961,84.59375,85.72195434570312,86.95584106445312,87.43904876708984,87.12176513671875,86.58013916015625
89.05572509765625,88.28504943847656,88.6646728515625,89.1123046875,89.62621307373047,89.85838317871094,89.56590270996094,88.95594024658203,88.56269073486328,88.70166778564453,89.06182861328125,89.27818298339844,89.3941421508789,89.35545349121094,89.17078399658203,89.09382629394531,88.84555053710938,87.96754455566406,86.78392791748047,85.79893493652344,85.1308364868164,85.04854583740234,85.56871795654297,86.01823425292969,86.0444564819336,85.71805572509766,84.9188461303711,84.02664947509766,83.62355041503906,83.55097961425781,83.44422912597656,83.48765563964844,83.85574340820312,84.18990325927734,84.23973083496094,84.13800811767578,83.9034423828125,83.66688537597656,84.00865173339844,85.16482543945312,86.3095474243164,86.52079010009766,86.04205322265625,85.4917984008789
87.081787109375,85.7403793334961,86.00830078125,86.49254608154297,87.01461791992188,87.25390625,86.9677505493164,86.4821548461914,86.35774993896484,86.69978332519531,87.10481262207031,87.37504577636719,87.60460662841797,87.73355865478516,87.68401336669922,87.52230072021484,87.01461791992188,85.92623138427734,84.62197875976562,83.64629364013672,83.22423553466797,83.43832397460938,84.02062225341797,84.29727935791016,84.18639373779297,83.87478637695312,83.27519989013672,82.76458740234375,82.59274291992188,82.45487213134766,82.39588928222656,82.630859375,83.14323425292969,83.62945556640625,83.88041687011719,84.00755310058594,84.06071472167969,83.90503692626953,83.9190673828125,84.72164916992188,85.67092895507812,85.7095947265625,85.24072265625,84.88115692138672
85.29972839355469,83.92150115966797,84.02086639404297,84.34445190429688,84.66189575195312,84.75508880615234,84.47215270996094,84.15557098388672,84.25557708740234,84.73848724365234,85.23790740966797,85.63899230957031,85.99972534179688,86.20050811767578,86.160400390625,85.81945037841797,85.0098876953125,83.79296112060547,82.58023834228516,81.79460906982422,81.66459655761719,82.12218475341797,82.6938247680664,82.83335876464844,82.66222381591797,82.58230590820312,82.47671508789062,82.20784759521484,81.92672729492188,81.8704605102539,82.17002868652344,82.69224548339844,83.22972869873047,83.64813995361328,83.90691375732422,84.08419036865234,84.18733978271484,84.013671875,83.6734390258789,83.88925170898438,84.66288757324219,85.02572631835938,84.86085510253906,84.64271545410156
83.62577819824219,82.42327117919922,82.45059967041016,82.6141357421875,82.76880645751953,82.6307601928711,82.24435424804688,82.06419372558594,82.29063415527344,82.82996368408203,83.47802734375,84.0993423461914,84.51720428466797,84.54934692382812,84.25599670410156,83.72866821289062,82.83502197265625,81.61717224121094,80.54907989501953,80.12458038330078,80.41636657714844,81.01831817626953,81.43370056152344,81.4574966430664,81.58122253417969,81.962646484375,81.82605743408203,81.31986236572266,81.21681213378906,81.60575866699219,82.29178619384766,82.97331237792969,83.4361343383789,83.72135925292969,83.94108581542969,84.134033203125,84.12730407714844,83.71751403808594,83.10352325439453,82.98023223876953,83.70567321777344,84.57019805908203,84.81379699707031,84.51317596435547
81.91127014160156,80.63488006591797,80.72437286376953,80.9292221069336,81.09107208251953,80.81117248535156,80.26033782958984,80.09265899658203,80.41163635253906,81.04722595214844,81.86405944824219,82.64801788330078,82.99839782714844,82.77639770507812,82.24565124511719,81.61245727539062,80.77776336669922,79.77436065673828,79.05134582519531,78.97569274902344,79.3360366821289,79.76937866210938,80.10809326171875,80.46914672851562,81.08818054199219,81.36277770996094,80.88166046142578,80.53514862060547,80.83917999267578,81.5462417602539,82.38860321044922,83.13911437988281,83.67183685302734,84.04141235351562,84.30230712890625,84.3661117553711,83.99122619628906,83.16057586669922,82.36672973632812,82.28541564941406,83.08943176269531,84.08894348144531,84.40216064453125,83.88958740234375
80.13427734375,78.61544799804688,78.74231719970703,79.1102066040039,79.34434509277344,79.0632095336914,78.45121002197266,78.3178482055664,78.72576141357422,79.426513671875,80.3590316772461,81.17516326904297,81.3862075805664,81.06208801269531,80.52220153808594,79.87982940673828,79.2947998046875,78.79814910888672,78.37679290771484,78.21711730957031,78.28363800048828,78.43447875976562,79.04785919189453,80.13714599609375,80.82686614990234,80.7135009765625,80.3326644897461,80.4581527709961,81.04573822021484,81.76193237304688,82.56159973144531,83.3682632446289,84.06668090820312,84.568359375,84.73006439208984,84.36857604980469,83.42017364501953,82.24329376220703,81.5164566040039,81.63819885253906,82.37202453613281,83.0462417602539,83.06089782714844,82.3083267211914
78.54112243652344,76.87832641601562,76.99763488769531,77.39971160888672,77.61167907714844,77.39109802246094,76.86894226074219,76.84928131103516,77.3828353881836,78.18859100341797,79.13814544677734,79.83667755126953,79.94343566894531,79.64994812011719,79.2042007446289,78.85741424560547,78.89262390136719,78.73721313476562,78.03378295898438,77.3736801147461,77.1667709350586,77.45719146728516,78.5700454711914,80.01758575439453,80.70332336425781,80.56871032714844,80.3476333618164,80.5761947631836,81.2286148071289,82.0613784790039,82.90839385986328,83.65338134765625,84.2806167602539,84.66188049316406,84.48829650878906,83.63455963134766,82.36787414550781,81.22268676757812,80.66077423095703,80.7554931640625,81.14360046386719,81.31117248535156,80.94245147705078,80.03440856933594
77.16336059570312,75.78274536132812,75.92034149169922,76.17169189453125,76.2646255493164,76.0871810913086,75.72114562988281,75.83094787597656,76.56090545654297,77.56363677978516,78.4752426147461,79.03031158447266,79.06690979003906,78.7326431274414,78.4052505493164,78.58341979980469,79.17852020263672,78.99469757080078,77.70423126220703,76.38981628417969,75.99772644042969,76.71612548828125,78.27638244628906,79.99054718017578,81.06257629394531,80.99333190917969,80.41287994384766,80.46094512939453,81.30829620361328,82.34414672851562,83.2231216430664,83.874755859375,84.14348602294922,83.91646575927734,83.24854278564453,82.306396484375,81.25322723388672,80.3075180053711,79.6679916381836,79.400146484375,79.38445281982422,79.27984619140625,78.77149200439453,77.86466979980469
76.05389404296875,74.8838119506836,75.0433120727539,75.15648651123047,75.23383331298828,75.12303924560547,74.82902526855469,75.116943359375,76.1677474975586,77.31163787841797,78.11022186279297,78.47962951660156,78.34283447265625,77.9421157836914,77.91419219970703,78.67376708984375,79.59003448486328,79.20311737060547,77.28694152832031,75.29034423828125,74.65792846679688,75.99923706054688,78.68186950683594,80.78154754638672,81.32974243164062,80.9351806640625,80.55191802978516,80.81612396240234,81.60234069824219,82.37984466552734,83.04340362548828,83.46361541748047,83.17571258544922,82.24765014648438,81.37683868408203,80.68690490722656,79.89427185058594,78.96855163574219,78.10494995117188,77.58540344238281,77.49842834472656,77.51171875,77.14904022216797,76.35904693603516
75.41118621826172,74.290283203125,74.33836364746094,74.35616302490234,74.583740234375,74.60450744628906,74.42327117919922,74.94342803955078,76.14302062988281,77.24234771728516,77.87935638427734,78.08741760253906,77.95277404785156,77.66181182861328,77.89817810058594,79.09638214111328,80.18220520019531,79.5158920288086,76.95437622070312,74.28952026367188,73.67244720458984,76.0064697265625,79.75907135009766,81.71086120605469,81.27818298339844,80.52610778808594,80.56645202636719,81.04971313476562,81.32478332519531,81.4298095703125,81.75220489501953,81.76888275146484,80.87813568115234,79.9276123046875,79.54109191894531,79.02054595947266,78.03443908691406,76.92349243164062,76.10750579833984,75.88087463378906,76.1185073852539,76.2975845336914,75.9590835571289,75.1155014038086
75.06262969970703,73.6186752319336,73.62858581542969,73.73665618896484,74.14656829833984,74.37863159179688,74.43901062011719,75.0937728881836,76.22979736328125,77.12548065185547,77.54383087158203,77.80707550048828,78.01909637451172,77.91270446777344,78.11952209472656,79.219482421875,80.28260040283203,79.59117889404297,76.45550537109375,73.24517059326172,73.08741760253906,76.23481750488281,80.02091979980469,81.59363555908203,80.9115219116211,79.9526596069336,79.80099487304688,79.82799530029297,79.3041763305664,79.05558013916016,79.58718872070312,79.51197814941406,78.51392364501953,78.16780090332031,78.1239242553711,77.25318145751953,76.06218719482422,75.18354797363281,74.69540405273438,74.73225402832031,75.06080627441406,75.04081726074219,74.33639526367188,73.15149688720703
74.54700469970703,72.53709411621094,72.65738677978516,73.10733795166016,73.79765319824219,74.34553527832031,74.56708526611328,75.09796905517578,75.91426086425781,76.51811218261719,77.00038146972656,77.74913787841797,78.24317932128906,77.87507629394531,77.60604858398438,78.35545349121094,79.51775360107422,78.97483825683594,75.63629150390625,72.5450668334961,72.84642028808594,75.78570556640625,79.0123062133789,80.816650390625,80.5672607421875,79.38582611083984,78.38695526123047,77.30696868896484,76.4598159790039,77.08536529541016,78.49136352539062,78.61957550048828,77.74852752685547,77.40054321289062,76.87195587158203,75.62677764892578,74.6894760131836,74.23683166503906,73.7845687866211,73.4980239868164,73.39305877685547,72.88587951660156,71.69291687011719,70.2308120727539
73.93931579589844,71.41071319580078,71.63750457763672,72.520751953125,73.7519760131836,74.82764434814453,75.14122772216797,75.06114196777344,75.1497802734375,75.83544921875,77.19788360595703,78.5069580078125,78.6079330444336,77.37580871582031,76.47459411621094,77.06387329101562,78.4362564086914,78.31207275390625,75.59342956542969,73.08451843261719,73.40629577636719,75.88098907470703,78.61956787109375,80.18663787841797,80.19115447998047,79.1650161743164,77.27557373046875,75.38665008544922,75.44303894042969,77.3328857421875,78.74667358398438,78.64620208740234,77.69145202636719,76.60027313232422,75.49833679199219,74.47582244873047,73.72315979003906,72.90042114257812,71.92076873779297,71.27037048339844,70.9302978515625,70.2899169921875,69.00072479248047,67.46734619140625
