data/wind_data/wind_69_9.json
{"header": {"parameterUnit": "KT", "parameterCategory": 2, "nx": 256, "ny": 198, "lo1": 44.73521041870117, "la1": -3.236724853515625, "lo2": 111.26478576660156, "la2": 43.468475341796875, "dx": 0.2609002888202667, "dy": -0.23708222806453705, "refTime": "2025-02-21 21:00:00", "forecastTime": 0, "parameterNumber": 2, "parameterNumberName": "eastward_wind"}, "data":
[rows 114 to 132 of 198, columns 0 to 43 of 256]
11.690542221069336,14.245196342468262,16.202749252319336,16.434106826782227,15.556400299072266,15.904335975646973,17.990285873413086,21.454992294311523,25.22599983215332,26.069486618041992,22.622146606445312,17.597442626953125,14.364531517028809,14.443353652954102,16.773216247558594,19.448970794677734,21.790210723876953,23.97085189819336,25.640642166137695,25.49195098876953,22.85646629333496,19.581392288208008,18.207582473754883,19.57594871520996,22.913602828979492,26.40515899658203,27.510211944580078,25.07976531982422,21.341588973999023,19.072731018066406,19.081209182739258,21.008419036865234,23.335269927978516,23.93384552001953,22.16639518737793,19.365781784057617,17.187227249145508,16.281911849975586,16.070327758789062,15.848431587219238,15.85302734375,16.346633911132812,17.062742233276367,17.86907196044922
11.681005477905273,15.957063674926758,17.651397705078125,18.824804306030273,18.24983024597168,17.350461959838867,18.621627807617188,21.455055236816406,24.278850555419922,25.007661819458008,22.481853485107422,17.605880737304688,13.683375358581543,13.518470764160156,16.383237838745117,19.510988235473633,21.877065658569336,24.169906616210938,26.156986236572266,26.226778030395508,23.75180435180664,20.492813110351562,18.91094398498535,20.08262062072754,23.33751106262207,26.81344985961914,28.091522216796875,26.09546661376953,22.672521591186523,20.35694122314453,19.729249954223633,20.70403289794922,22.63373565673828,23.646625518798828,22.471574783325195,19.996997833251953,17.86533546447754,16.951990127563477,17.076921463012695,17.511150360107422,18.378076553344727,19.645538330078125,20.387027740478516,20.158246994018555
12.699651718139648,16.653566360473633,17.89794158935547,19.24500846862793,19.38608741760254,18.010347366333008,18.414064407348633,20.24274253845215,21.921995162963867,22.46794319152832,20.668651580810547,16.025951385498047,12.356412887573242,13.477814674377441,17.37905502319336,20.594799041748047,22.742414474487305,24.844457626342773,26.653066635131836,26.999170303344727,25.380887985229492,22.7410945892334,20.943796157836914,21.36836814880371,23.869544982910156,26.894824981689453,28.176883697509766,26.543851852416992,23.459945678710938,21.33799934387207,20.700407028198242,20.85325813293457,21.358827590942383,21.58580780029297,20.924989700317383,19.73006248474121,18.567928314208984,17.9265079498291,18.380470275878906,19.773590087890625,21.64700698852539,23.473495483398438,24.235105514526367,23.58937644958496
14.197617530822754,16.524581909179688,17.38884735107422,18.24079132080078,18.22913360595703,17.115861892700195,16.767580032348633,17.160425186157227,17.912866592407227,18.53067398071289,17.541831970214844,14.123467445373535,11.916991233825684,14.428199768066406,19.214820861816406,22.799118041992188,24.481204986572266,25.588457107543945,26.9101619720459,28.01080322265625,27.878734588623047,26.1627140045166,23.953577041625977,23.076356887817383,24.3291072845459,26.784040451049805,28.290672302246094,27.057498931884766,23.955163955688477,21.56882667541504,20.91817283630371,20.843273162841797,20.172151565551758,19.22865867614746,18.979326248168945,19.160341262817383,18.692163467407227,17.798297882080078,18.0938663482666,20.361448287963867,23.790607452392578,26.60048484802246,27.32122802734375,26.459815979003906
14.923062324523926,17.525829315185547,18.507648468017578,18.595508575439453,17.244895935058594,15.97879409790039,14.573240280151367,13.149293899536133,13.284765243530273,14.289154052734375,14.175434112548828,12.494091987609863,12.405513763427734,16.030710220336914,21.041500091552734,24.529460906982422,25.714365005493164,26.02469825744629,26.94821548461914,28.609987258911133,29.883275985717773,29.273889541625977,26.813127517700195,24.642759323120117,24.714820861816406,26.69846534729004,28.4652099609375,27.64409065246582,24.37067413330078,21.33112144470215,20.281375885009766,20.17938804626465,19.088136672973633,17.59900665283203,17.640626907348633,18.427583694458008,18.041868209838867,17.04027557373047,17.466087341308594,19.965925216674805,23.70001220703125,27.094078063964844,28.50887107849121,28.166261672973633
15.069276809692383,19.702367782592773,21.037181854248047,20.618789672851562,17.7802791595459,15.570368766784668,13.665536880493164,11.448199272155762,10.843781471252441,11.428336143493652,11.818930625915527,11.946586608886719,13.25960922241211,16.828458786010742,21.46636390686035,24.937482833862305,25.979846954345703,25.912395477294922,26.724918365478516,28.6119384765625,30.39801788330078,30.695175170898438,28.843345642089844,26.246257781982422,25.38734245300293,26.843490600585938,28.686784744262695,28.25415802001953,24.875730514526367,20.9736270904541,19.080537796020508,18.666833877563477,17.702293395996094,16.639305114746094,16.9594783782959,17.602922439575195,17.283119201660156,16.945497512817383,17.85836410522461,19.914154052734375,22.65697479248047,25.64618682861328,27.936737060546875,29.104291915893555
14.385602951049805,20.860780715942383,22.510908126831055,22.172927856445312,18.824846267700195,15.810526847839355,14.135923385620117,12.39852523803711,11.386473655700684,10.937729835510254,10.89406967163086,11.722497940063477,13.160965919494629,16.117721557617188,20.760595321655273,24.608600616455078,25.76194953918457,25.739543914794922,26.627347946166992,28.291934967041016,29.725603103637695,30.350278854370117,29.682415008544922,27.887094497680664,26.71906852722168,27.521020889282227,29.06513786315918,28.703685760498047,25.364212036132812,21.06623077392578,18.23705291748047,16.969234466552734,16.170917510986328,15.93053913116455,16.43035316467285,16.839704513549805,17.192581176757812,18.113744735717773,19.24311637878418,20.34062385559082,21.92945098876953,24.487123489379883,27.701120376586914,30.69072151184082
12.813305854797363,20.702865600585938,22.640230178833008,22.583965301513672,19.72774887084961,16.770017623901367,15.207913398742676,13.783954620361328,13.165034294128418,12.621818542480469,11.450708389282227,10.747288703918457,11.564682006835938,14.896041870117188,20.159587860107422,24.120960235595703,25.28603744506836,25.6361026763916,26.723373413085938,27.952640533447266,28.691476821899414,29.123172760009766,29.305315017700195,28.94999885559082,28.526918411254883,29.020536422729492,29.884244918823242,29.001609802246094,25.57010269165039,21.47028350830078,18.34427833557129,16.36659812927246,15.461652755737305,15.524598121643066,16.019468307495117,16.73479461669922,18.129812240600586,19.773969650268555,20.622337341308594,21.170822143554688,22.70182228088379,25.523752212524414,29.441587448120117,33.55140686035156
12.623312950134277,20.297929763793945,22.229938507080078,22.302722930908203,20.22251319885254,17.888402938842773,16.172698974609375,14.709502220153809,14.819388389587402,14.903968811035156,12.962154388427734,10.4562406539917,10.785700798034668,14.777548789978027,20.120532989501953,23.535184860229492,24.684589385986328,25.586210250854492,26.8841552734375,27.65791893005371,27.666879653930664,27.75079917907715,28.465850830078125,29.38673210144043,30.046310424804688,30.65550422668457,30.957170486450195,29.435848236083984,25.762269973754883,21.590087890625,18.428752899169922,16.499839782714844,15.515663146972656,15.42628002166748,16.13963508605957,17.65615463256836,19.689210891723633,21.067031860351562,21.498619079589844,22.606420516967773,25.269346237182617,28.947322845458984,33.412696838378906,37.860496520996094
14.261889457702637,19.40743064880371,21.43992042541504,21.911291122436523,20.20345687866211,18.098180770874023,16.514820098876953,15.744112968444824,16.634613037109375,16.877914428710938,14.528108596801758,11.511617660522461,11.848051071166992,16.031343460083008,20.834287643432617,23.482065200805664,24.616458892822266,25.943368911743164,27.321481704711914,27.786447525024414,27.476150512695312,27.523418426513672,28.474870681762695,29.682918548583984,30.401525497436523,30.763633728027344,30.83642578125,29.38547706604004,25.692787170410156,20.938692092895508,17.44257164001465,15.65577220916748,14.748844146728516,14.990842819213867,16.5835018157959,18.998512268066406,21.183259963989258,21.972009658813477,22.35712432861328,24.603687286376953,28.766834259033203,33.539920806884766,38.480831146240234,42.731685638427734
15.841522216796875,18.689151763916016,21.09845542907715,22.313232421875,20.616546630859375,17.74846649169922,16.22171974182129,16.726512908935547,18.727643966674805,18.713359832763672,15.312030792236328,12.473814964294434,13.65103816986084,18.271404266357422,22.93387794494629,25.380069732666016,26.502077102661133,27.622486114501953,28.471961975097656,28.589473724365234,28.54191017150879,29.066612243652344,29.9774169921875,30.326309204101562,29.624740600585938,28.661314010620117,28.156190872192383,27.22867202758789,23.559288024902344,17.835243225097656,14.514750480651855,13.630658149719238,13.346013069152832,14.471733093261719,17.22452735900879,20.381803512573242,22.607654571533203,23.1827335357666,23.858837127685547,27.05739974975586,32.59964370727539,38.51090621948242,43.84844970703125,46.49628829956055
17.010147094726562,19.128480911254883,21.802982330322266,23.718799591064453,22.455841064453125,18.297714233398438,16.077260971069336,17.252899169921875,20.255605697631836,20.518028259277344,16.138330459594727,13.178088188171387,15.733885765075684,21.812877655029297,27.28131103515625,29.878591537475586,30.365825653076172,30.17982292175293,29.93925666809082,30.017030715942383,30.604536056518555,31.426969528198242,31.879261016845703,30.89362335205078,28.08235740661621,25.034893035888672,23.291093826293945,20.90294075012207,14.971410751342773,9.595158576965332,9.149563789367676,10.317440032958984,11.46040153503418,14.068341255187988,17.81327247619629,21.206684112548828,23.68697738647461,25.06068229675293,26.558364868164062,30.541975021362305,37.0782470703125,43.741641998291016,48.84395217895508,45.98499298095703
17.626747131347656,20.405120849609375,23.10895347595215,25.298736572265625,24.541513442993164,19.701900482177734,16.79008674621582,17.781938552856445,21.156288146972656,22.220109939575195,18.24770736694336,15.457036018371582,18.98185157775879,26.33326530456543,32.658203125,35.11507034301758,34.278564453125,32.527137756347656,31.793193817138672,32.35181427001953,33.12237548828125,33.360172271728516,32.98239517211914,30.916725158691406,26.128360748291016,20.55166244506836,15.601083755493164,9.658771514892578,4.260493278503418,3.242361545562744,5.290656566619873,7.472423076629639,10.141291618347168,14.042462348937988,17.91790008544922,20.99125099182129,24.136127471923828,27.373498916625977,30.72264862060547,35.668155670166016,42.34238815307617,49.277103424072266,49.724021911621094,39.43376922607422
17.155366897583008,22.624879837036133,25.115947723388672,26.80793571472168,25.361576080322266,20.4014949798584,17.8759708404541,18.819318771362305,21.913997650146484,23.528873443603516,21.247634887695312,19.621971130371094,23.452199935913086,30.781097412109375,36.74300003051758,38.30087661743164,36.55876541137695,34.74610900878906,34.74063491821289,35.682212829589844,35.765262603759766,34.843955993652344,33.53192901611328,30.389501571655273,23.99591064453125,16.012271881103516,8.3198823928833,2.8985447883605957,2.359266996383667,5.008471488952637,7.776457786560059,10.268160820007324,13.390385627746582,16.933216094970703,19.65141487121582,22.169984817504883,26.016353607177734,31.109560012817383,36.71730041503906,42.44231414794922,48.843021392822266,51.385738372802734,42.606773376464844,30.620393753051758
16.422922134399414,24.285324096679688,27.000110626220703,28.031352996826172,24.574058532714844,19.40771484375,18.347137451171875,19.710460662841797,21.9005184173584,23.61326026916504,23.692625045776367,24.057682037353516,27.767335891723633,33.78419876098633,38.12778091430664,38.7059326171875,37.357975006103516,36.92776107788086,38.044132232666016,39.090484619140625,38.45212173461914,36.53900146484375,33.92646408081055,29.061681747436523,21.44285011291504,13.045129776000977,6.409857749938965,4.689572334289551,7.208159446716309,10.615616798400879,13.232589721679688,15.952549934387207,19.250572204589844,22.02256202697754,23.812047958374023,26.136112213134766,30.286893844604492,36.184566497802734,42.9468994140625,50.352909088134766,52.65608215332031,43.78496170043945,31.17074203491211,26.524099349975586
16.34248924255371,23.67195701599121,26.84710121154785,27.775217056274414,22.591920852661133,17.372373580932617,17.355928421020508,18.82899284362793,20.39133071899414,22.624582290649414,24.909029006958008,27.104639053344727,30.470447540283203,34.5987663269043,37.17953109741211,37.36034393310547,36.990394592285156,37.979698181152344,40.179779052734375,41.77597427368164,41.06092071533203,38.22214889526367,33.722755432128906,26.825170516967773,18.42559242248535,11.394428253173828,8.428255081176758,9.431817054748535,11.651483535766602,13.467551231384277,15.352749824523926,18.77255630493164,22.939016342163086,25.95247459411621,28.07861328125,31.07015037536621,35.78288650512695,41.803443908691406,49.551185607910156,53.84889602661133,45.490570068359375,31.442211151123047,25.80582046508789,27.277124404907227
16.499988555908203,21.568098068237305,25.087186813354492,26.353790283203125,20.345325469970703,15.066350936889648,14.902210235595703,16.554597854614258,19.086769104003906,22.58735466003418,25.892648696899414,28.486495971679688,31.103023529052734,33.714298248291016,35.23836898803711,35.33986282348633,35.45866394042969,37.185951232910156,40.307891845703125,42.78232955932617,42.42586898803711,38.9422607421875,33.013057708740234,24.821081161499023,16.204729080200195,11.183563232421875,11.02217960357666,12.282258033752441,12.60804271697998,12.65780258178711,14.843029022216797,19.82332420349121,25.141572952270508,28.9414005279541,32.33088684082031,36.63343048095703,41.71160888671875,47.62942123413086,51.6038932800293,46.304527282714844,33.991676330566406,27.437713623046875,27.43008041381836,30.14405632019043
16.513072967529297,20.10321044921875,23.84086799621582,25.386821746826172,19.508981704711914,13.949234008789062,13.2788724899292,15.839733123779297,20.147127151489258,24.805097579956055,28.077714920043945,29.440153121948242,30.409225463867188,32.00053405761719,33.13393020629883,32.83638000488281,32.62712860107422,34.54094696044922,38.104408264160156,40.93955612182617,41.08079528808594,38.20333480834961,32.81266403198242,25.073862075805664,17.082792282104492,12.72926139831543,12.223442077636719,12.797484397888184,14.03009033203125,15.44778823852539,18.690486907958984,23.8560848236084,28.34618377685547,32.468692779541016,37.08592224121094,42.21810531616211,46.83152389526367,48.87154006958008,44.49853515625,34.39726257324219,29.132091522216797,28.544586181640625,29.505455017089844,31.689529418945312
16.482097625732422,19.202625274658203,23.040973663330078,25.23886489868164,21.423934936523438,16.625564575195312,15.757243156433105,18.64021873474121,23.690006256103516,28.882633209228516,31.532480239868164,30.6807861328125,29.459468841552734,30.05099105834961,30.657817840576172,29.934215545654297,29.612834930419922,31.361330032348633,34.31391906738281,36.59175491333008,37.20225524902344,36.068145751953125,32.948299407958984,27.464542388916016,20.39996337890625,14.82158374786377,11.966938972473145,10.117286682128906,10.890861511230469,14.735307693481445,21.35816192626953,27.47768211364746,31.917709350585938,36.884361267089844,41.509422302246094,45.378326416015625,46.31180953979492,42.710784912109375,33.2760124206543,28.191957473754883,28.337841033935547,29.793519973754883,31.950302124023438,30.635053634643555
