data/wind_data/wind_50_2.json
{"header": {"parameterUnit": "KT", "parameterCategory": 2, "nx": 256, "ny": 198, "lo1": 44.73521041870117, "la1": -3.236724853515625, "lo2": 111.26478576660156, "la2": 43.468475341796875, "dx": 0.2609002888202667, "dy": -0.23708222806453705, "refTime": "2025-02-21 02:00:00", "forecastTime": 0, "parameterNumber": 2, "parameterNumberName": "eastward_wind"}, "data":
[rows 133 to 151 of 198, columns 43 to 85 of 256]
32.607269287109375,35.95646667480469,35.7313117980957,33.847557067871094,31.84963035583496,36.685577392578125,48.11675262451172,47.327735900878906,20.467411041259766,3.047825336456299,3.147552490234375,-0.07852444052696228,4.47550630569458,8.117728233337402,10.37156867980957,15.178359031677246,22.258695602416992,29.71540641784668,34.52861022949219,28.962078094482422,15.136054992675781,11.38033390045166,12.300055503845215,10.403361320495605,7.011529922485352,7.262510776519775,9.286500930786133,9.666415214538574,7.974471092224121,5.472464561462402,3.005897283554077,2.3770155906677246,2.3081858158111572,2.5486369132995605,3.12992787361145,2.4474246501922607,2.3568830490112305,0.9357147812843323,0.15985360741615295,2.7767834663391113,7.302310466766357,10.471359252929688,12.820932388305664
34.25958251953125,31.509126663208008,31.369962692260742,31.54983139038086,32.28496551513672,39.37771987915039,44.3959846496582,35.5263671875,12.979194641113281,2.7105789184570312,2.7597169876098633,0.6169602870941162,4.410080909729004,8.412530899047852,10.951817512512207,15.558523178100586,22.5058536529541,27.121414184570312,25.49799346923828,11.236017227172852,0.9722028374671936,2.3602263927459717,5.399597644805908,3.532172441482544,1.126965880393982,2.180551767349243,3.8253767490386963,3.7537336349487305,3.0706419944763184,2.169572353363037,0.7097253799438477,1.5635960102081299,2.8124327659606934,2.815680742263794,2.5660483837127686,2.7963366508483887,3.302298069000244,1.6052424907684326,-0.4031260907649994,1.5028401613235474,5.731296539306641,8.353617668151855,9.177359580993652
29.204622268676758,27.557037353515625,30.29934310913086,30.7799072265625,34.301231384277344,39.71415710449219,39.783363342285156,23.82325553894043,8.126276969909668,3.387366533279419,1.6756222248077393,-0.0437653623521328,4.057125091552734,9.262234687805176,12.644498825073242,16.16943359375,21.419260025024414,24.013938903808594,16.782957077026367,-0.1297154575586319,-7.386324405670166,-3.53008770942688,-0.3267388641834259,-0.6635028123855591,-1.307639718055725,-0.9611947536468506,-0.6070582866668701,0.5421109795570374,0.9304154515266418,0.16838409006595612,-2.4711475372314453,0.0663779005408287,2.3660619258880615,3.489171028137207,3.3094184398651123,3.599358558654785,4.14229679107666,3.0501513481140137,1.1883893013000488,2.1869211196899414,6.066965103149414,8.085101127624512,8.90542221069336
27.17326545715332,28.18736457824707,30.30683708190918,32.450504302978516,36.980587005615234,39.928184509277344,33.16803741455078,15.236412048339844,4.4741082191467285,1.3899121284484863,0.42963483929634094,0.2828232944011688,3.007681131362915,8.757101058959961,12.582673072814941,15.225692749023438,18.628765106201172,20.327369689941406,5.774008274078369,-7.836370944976807,-9.771729469299316,-6.537010669708252,-3.6229257583618164,-2.0212318897247314,-0.8918822407722473,-1.0495015382766724,-0.9824762940406799,-0.05275969207286835,-0.15243422985076904,-2.4996607303619385,-6.4726643562316895,-2.137289047241211,1.3359051942825317,2.2642111778259277,2.7155556678771973,2.903963088989258,3.7571256160736084,3.954944372177124,2.92759108543396,3.1304574012756348,6.369384288787842,10.515395164489746,12.901189804077148
27.511783599853516,28.652450561523438,31.319604873657227,35.794498443603516,39.906253814697266,39.2924919128418,23.15720558166504,8.62671184539795,4.054617404937744,1.300812840461731,1.3559893369674683,2.728891134262085,2.371925115585327,8.27609920501709,12.589373588562012,13.063872337341309,15.678959846496582,7.915981292724609,-5.057547569274902,-9.911534309387207,-8.726916313171387,-7.473665237426758,-6.0298004150390625,-4.722902297973633,-2.4307258129119873,-1.308812141418457,-1.544284701347351,-1.6715401411056519,-2.638495445251465,-6.391746520996094,-9.430489540100098,-4.425570011138916,-0.37664681673049927,0.15340793132781982,1.6642309427261353,2.6896133422851562,3.7961626052856445,4.0681257247924805,3.5963282585144043,2.855696678161621,6.143588066101074,11.527698516845703,16.315654754638672
25.38898468017578,26.986722946166992,33.4102897644043,40.13502502441406,41.02713394165039,28.818485260009766,12.212701797485352,6.14647912979126,4.380042552947998,1.9200900793075562,2.4270849227905273,4.142902851104736,0.5436171889305115,4.393733978271484,9.977209091186523,12.595239639282227,11.022729873657227,-0.6826186776161194,-9.066692352294922,-9.163556098937988,-7.595804691314697,-6.930157661437988,-7.892858982086182,-7.868028163909912,-6.64829158782959,-5.536164283752441,-4.958128452301025,-4.968934535980225,-6.21846866607666,-9.361764907836914,-11.360330581665039,-8.133393287658691,-4.011264801025391,-1.5487843751907349,0.2961413860321045,0.7650752663612366,0.8902214765548706,1.7859419584274292,2.4613027572631836,2.7684526443481445,6.332845687866211,10.348496437072754,14.782736778259277
24.335403442382812,30.236825942993164,38.24814987182617,40.786556243896484,35.18770217895508,17.321788787841797,4.744286060333252,4.530789375305176,3.651397466659546,2.20267653465271,3.888524055480957,5.999110221862793,4.879660129547119,3.4581210613250732,4.3534135818481445,9.266998291015625,7.022436141967773,-3.7385666370391846,-8.814041137695312,-8.10992431640625,-7.765224933624268,-6.507843017578125,-8.40137767791748,-9.487015724182129,-9.40014362335205,-8.475784301757812,-7.0747480392456055,-6.572497367858887,-7.542255401611328,-9.892399787902832,-11.503205299377441,-10.241257667541504,-7.707841396331787,-4.109899044036865,-1.5170687437057495,-1.1518315076828003,-1.3404161930084229,-1.7761458158493042,-0.9843896627426147,1.633851408958435,4.854761600494385,7.634064197540283,10.790865898132324
27.024566650390625,35.3358154296875,38.79804229736328,36.1765251159668,23.831710815429688,9.771903991699219,0.5977033376693726,2.7796895503997803,2.720489978790283,2.711688280105591,5.318782806396484,7.597653865814209,9.921896934509277,11.054917335510254,10.675135612487793,11.44153881072998,10.545156478881836,-1.3344212770462036,-7.271174430847168,-7.603846549987793,-8.211475372314453,-7.29426383972168,-8.897756576538086,-10.593668937683105,-11.13349437713623,-10.310201644897461,-8.966064453125,-8.727649688720703,-9.586125373840332,-10.808777809143066,-11.105072975158691,-10.734135627746582,-9.766453742980957,-6.514617443084717,-2.155097484588623,0.19206175208091736,1.4313595294952393,0.6064760684967041,-0.629993736743927,1.0451570749282837,3.398430585861206,5.55078649520874,9.13528060913086
31.032934188842773,34.93394470214844,37.68827819824219,25.183998107910156,10.131952285766602,5.33690881729126,0.5818041563034058,0.7262069582939148,0.32975491881370544,0.7964030504226685,4.36182165145874,7.984106063842773,11.088395118713379,13.866544723510742,17.2751407623291,17.51036834716797,17.045520782470703,3.9808831214904785,-6.334381580352783,-7.750340938568115,-8.192298889160156,-7.6932692527771,-9.113995552062988,-11.084494590759277,-12.281779289245605,-12.502203941345215,-12.211545944213867,-12.164395332336426,-11.709776878356934,-11.256391525268555,-11.653996467590332,-12.061923027038574,-10.692506790161133,-7.671663761138916,-2.846750259399414,1.8472007513046265,6.435441493988037,5.696960926055908,2.3685781955718994,1.9912514686584473,3.6338071823120117,4.991029262542725,7.851213455200195
32.045684814453125,32.34784698486328,32.742305755615234,22.54967498779297,12.737910270690918,10.391610145568848,5.122307777404785,-0.42339786887168884,0.37687361240386963,1.5458905696868896,4.350380897521973,8.421950340270996,11.658324241638184,14.871841430664062,18.632369995117188,19.875600814819336,18.685514450073242,5.022736549377441,-6.070903778076172,-7.196455478668213,-8.40520191192627,-8.820575714111328,-9.83231258392334,-10.885863304138184,-12.04626178741455,-13.502440452575684,-14.0468168258667,-14.127942085266113,-14.00268840789795,-13.321649551391602,-12.70720100402832,-11.53824234008789,-11.089861869812012,-9.562606811523438,-5.881632328033447,-0.7331704497337341,6.118953704833984,9.75182056427002,6.889875411987305,4.515498638153076,4.916681289672852,5.817177772521973,7.158155918121338
28.057151794433594,27.06464958190918,28.11273765563965,24.898588180541992,19.024051666259766,14.991324424743652,9.73828125,-2.792985200881958,-5.467100143432617,-4.7139573097229,-0.19673970341682434,6.403957843780518,12.866615295410156,16.711488723754883,18.31808853149414,19.839040756225586,14.948777198791504,2.8685507774353027,-5.8159613609313965,-7.008540630340576,-8.197357177734375,-9.322092056274414,-10.363553047180176,-10.642813682556152,-10.299649238586426,-10.617405891418457,-11.398119926452637,-12.173480033874512,-11.926905632019043,-10.27688217163086,-5.919421672821045,-1.7264368534088135,-5.297791004180908,-8.405501365661621,-4.948365211486816,-2.092373847961426,1.7943958044052124,4.954492092132568,5.93341588973999,7.336183547973633,8.992551803588867,8.68709945678711,7.658787250518799
26.129127502441406,24.20966148376465,25.555706024169922,21.993396759033203,20.36308479309082,18.7451171875,8.946308135986328,-0.6136540174484253,2.2326250076293945,2.743494749069214,1.4184105396270752,3.0326404571533203,11.08315658569336,16.26665496826172,18.127506256103516,20.426603317260742,13.17094898223877,-1.351771354675293,-6.7343339920043945,-7.655719757080078,-8.293089866638184,-10.539669036865234,-11.694936752319336,-10.252630233764648,-9.613104820251465,-9.97672176361084,-8.434605598449707,-7.572841167449951,-6.068408489227295,-3.075563907623291,0.8704273700714111,5.757978439331055,2.0160632133483887,-6.2755327224731445,-1.5677968263626099,0.6169397234916687,0.22771340608596802,0.3736843466758728,2.8674964904785156,7.315841197967529,11.318784713745117,12.98320198059082,12.53355598449707
25.854095458984375,24.58976173400879,25.281160354614258,24.306394577026367,21.117971420288086,18.317569732666016,12.604734420776367,7.543839931488037,9.688237190246582,12.851393699645996,13.596921920776367,10.246110916137695,8.284780502319336,12.280472755432129,16.468955993652344,20.43459701538086,8.26855182647705,-4.17345666885376,-5.358565330505371,-6.591598033905029,-8.640392303466797,-12.110721588134766,-13.344094276428223,-12.571733474731445,-11.250014305114746,-9.51579475402832,-7.92872428894043,-5.215610980987549,-1.5705437660217285,0.6907951831817627,5.058948040008545,6.598623275756836,10.04850959777832,-0.1526757925748825,-2.6390397548675537,3.282637596130371,1.7640190124511719,-1.0480161905288696,2.7974579334259033,6.519753456115723,10.09671688079834,13.835160255432129,14.876443862915039
21.517475128173828,21.61899185180664,21.918107986450195,23.33734703063965,17.352807998657227,13.63846492767334,14.70435905456543,16.308698654174805,15.54824161529541,17.602760314941406,19.968034744262695,17.569446563720703,10.467196464538574,8.881574630737305,11.555091857910156,18.066688537597656,8.283500671386719,-3.7517166137695312,-6.245123863220215,-7.471560478210449,-9.564545631408691,-11.743183135986328,-11.842266082763672,-11.509369850158691,-10.341426849365234,-8.051021575927734,-7.814975738525391,-5.268484115600586,-0.8836273550987244,1.0217063426971436,3.2744433879852295,3.0794837474823,7.687100410461426,10.674370765686035,2.6662840843200684,3.9498062133789062,1.5439788103103638,-2.482415199279785,2.196948528289795,6.473462104797363,10.236577987670898,13.41193962097168,14.197315216064453
19.98659324645996,22.40755844116211,25.1259708404541,20.493257522583008,12.060310363769531,12.41405200958252,17.28785514831543,19.655153274536133,19.171850204467773,20.36251449584961,20.624677658081055,18.56092643737793,13.011946678161621,11.464004516601562,10.190166473388672,14.290283203125,2.8804590702056885,-7.372788429260254,-7.520065784454346,-8.987937927246094,-9.57879638671875,-8.110918998718262,-6.801889419555664,-6.084061145782471,-4.514551162719727,-3.777419328689575,-3.8766162395477295,-1.631285548210144,-0.5368878245353699,1.9350669384002686,6.666089057922363,8.305652618408203,11.027924537658691,16.300607681274414,12.524683952331543,6.752303123474121,1.5320992469787598,-1.6501562595367432,1.4121308326721191,4.777695178985596,9.713513374328613,12.246777534484863,14.126236915588379
19.302379608154297,22.15146255493164,26.518083572387695,15.164840698242188,8.416089057922363,15.073986053466797,20.71246337890625,20.180267333984375,17.976850509643555,17.093599319458008,14.716439247131348,14.0858154296875,15.949423789978027,17.895343780517578,14.785613059997559,14.613810539245605,3.404646158218384,-5.1794233322143555,-3.9688608646392822,-3.982867479324341,-2.130951166152954,0.7142277956008911,1.7691618204116821,0.6647659540176392,-1.2735430002212524,-1.9814833402633667,-0.1389654576778412,0.5848715305328369,-0.296726793050766,3.202941656112671,7.131556034088135,9.02334213256836,11.322482109069824,13.868718147277832,15.900044441223145,13.236465454101562,5.551380157470703,1.1884747743606567,4.4234619140625,4.276841163635254,3.8798789978027344,7.465237617492676,11.743169784545898
14.937253952026367,15.737120628356934,21.170963287353516,14.280641555786133,13.395062446594238,17.092933654785156,18.624958038330078,16.44210433959961,13.05994701385498,9.433354377746582,8.969889640808105,11.881591796875,17.14596939086914,21.39476203918457,20.24472427368164,15.42100715637207,6.927178382873535,1.0620558261871338,2.644918203353882,4.217433452606201,5.532881259918213,7.1280598640441895,7.037624835968018,4.887261390686035,1.6689155101776123,-0.8973919153213501,-0.20817285776138306,1.1109315156936646,2.263134241104126,6.456362724304199,8.61480712890625,9.346383094787598,10.881524085998535,11.218596458435059,12.911445617675781,14.84589958190918,10.88607406616211,4.989761829376221,5.892605781555176,6.350980281829834,0.5331946015357971,4.530483722686768,9.485450744628906
5.787624835968018,6.18379545211792,10.005075454711914,11.110366821289062,13.970077514648438,14.361832618713379,12.96742057800293,9.23724365234375,6.1977152824401855,3.849330425262451,4.612218856811523,8.104926109313965,9.821602821350098,9.390531539916992,11.039048194885254,11.381904602050781,9.41790771484375,6.2140631675720215,6.680847644805908,8.414536476135254,8.18008804321289,5.659483432769775,5.060290813446045,4.5360107421875,1.2807068824768066,-0.9802437424659729,0.21351881325244904,2.956195116043091,5.162308692932129,7.316192150115967,8.726799011230469,9.319558143615723,9.809282302856445,10.083298683166504,10.955899238586426,12.071656227111816,12.153583526611328,10.558478355407715,9.500947952270508,9.71915340423584,9.008949279785156,8.482391357421875,8.318942070007324
6.358777046203613,2.847975969314575,4.154540061950684,6.7899017333984375,9.581934928894043,8.973365783691406,7.020843505859375,4.972761154174805,2.9790375232696533,1.2884310483932495,0.7373067736625671,-2.676266670227051,-3.9491591453552246,2.9046928882598877,7.797477722167969,8.339813232421875,7.884440898895264,5.488001346588135,5.59524393081665,7.866296768188477,10.52933120727539,9.716011047363281,8.335183143615723,8.69729232788086,6.883872032165527,4.230883598327637,4.703670978546143,6.704157829284668,8.552013397216797,9.871973037719727,10.948129653930664,11.062115669250488,10.468904495239258,9.68847942352295,9.993078231811523,10.518704414367676,10.298874855041504,10.287936210632324,10.837458610534668,10.82917594909668,9.890381813049316,8.954665184020996,8.390050888061523
