data/wind_data/wind_30_7.json
{"header": {"parameterUnit": "KT", "parameterCategory": 2, "nx": 256, "ny": 198, "lo1": 44.73521041870117, "la1": -3.236724853515625, "lo2": 111.26478576660156, "la2": 43.468475341796875, "dx": 0.2609002888202667, "dy": -0.23708222806453705, "refTime": "2025-02-20 06:00:00", "forecastTime": 0, "parameterNumber": 2, "parameterNumberName": "eastward_wind"}, "data":
[rows 120 to 139 of 198, columns 132 to 175 of 256]
99.39517211914062,100.28497314453125,100.9858627319336,100.6239013671875,99.22628784179688,97.93710327148438,97.5477066040039,97.73542785644531,97.84402465820312,97.71646881103516,97.6700210571289,97.90399169921875,98.04218292236328,97.6123275756836,96.8144760131836,96.25090026855469,96.09746551513672,96.0312271118164,95.65878295898438,94.85523223876953,93.9338150024414,93.3271255493164,93.26311492919922,93.73981475830078,94.36384582519531,94.64991760253906,94.46354675292969,94.175048828125,94.1722412109375,94.27664184570312,94.29424285888672,94.22714233398438,94.05766296386719,93.77318572998047,93.76395416259766,94.44857788085938,95.11272430419922,95.38761901855469,95.85245513916016,96.27113342285156,96.21051025390625,96.03001403808594,95.99850463867188,96.33733367919922
97.47172546386719,98.48652648925781,98.80656433105469,98.0921401977539,96.93110656738281,96.15859985351562,96.0550308227539,96.30083465576172,96.50568389892578,96.59144592285156,96.7109146118164,96.88098907470703,96.81139373779297,96.36471557617188,95.84539794921875,95.60002136230469,95.62439727783203,95.65263366699219,95.3558349609375,94.60167694091797,93.62342071533203,92.84111022949219,92.65117645263672,93.15402221679688,93.96056365966797,94.56192779541016,94.72431182861328,94.64198303222656,94.7692642211914,94.87991333007812,94.74128723144531,94.62944793701172,94.50841522216797,93.88267517089844,93.49896240234375,94.59539794921875,95.6031494140625,95.47411346435547,96.1466293334961,97.052490234375,96.39259338378906,95.65156555175781,96.12300109863281,96.60809326171875
95.3732681274414,96.55901336669922,96.61376190185547,95.65336608886719,94.72833251953125,94.47381591796875,94.71121978759766,95.00109100341797,95.12530517578125,95.13162994384766,95.1789779663086,95.30089569091797,95.31600952148438,95.11333465576172,94.83956146240234,94.67131042480469,94.64717102050781,94.58857727050781,94.26597595214844,93.64801788330078,92.94003295898438,92.46126556396484,92.4907455444336,93.06731414794922,93.8321762084961,94.3306884765625,94.4891586303711,94.63481140136719,94.91361999511719,94.73280334472656,94.41895294189453,94.99601745605469,95.31303405761719,93.70792388916016,92.09041595458984,93.33282470703125,94.95384979248047,95.15711975097656,96.02139282226562,96.92076110839844,96.72215270996094,96.36053466796875,96.38167572021484,96.40604400634766
93.60800170898438,94.63275909423828,94.68270874023438,93.87321472167969,93.19142150878906,93.3016586303711,93.80184173583984,93.9795150756836,93.74358367919922,93.4926528930664,93.51107025146484,93.74880981445312,93.94723510742188,93.91253662109375,93.70850372314453,93.41735076904297,93.07079315185547,92.7401351928711,92.45087432861328,92.21820831298828,92.11719512939453,92.25865173339844,92.60496520996094,92.99360656738281,93.37510681152344,93.7112045288086,93.84114837646484,94.03374481201172,94.4177474975586,93.81622314453125,93.28460693359375,94.88030242919922,95.54322052001953,93.11670684814453,90.73538970947266,91.62347412109375,93.9212646484375,95.1479721069336,96.20392608642578,96.76860809326172,96.5903091430664,96.6239242553711,96.19715881347656,94.95437622070312
92.3232421875,93.00263214111328,93.12799835205078,92.8274917602539,92.59800720214844,92.88037872314453,93.38130187988281,93.29427337646484,92.5785140991211,92.1260757446289,92.3987808227539,92.84557342529297,92.80693817138672,92.38330078125,91.98986053466797,91.59777069091797,91.09730529785156,90.6572494506836,90.4333724975586,90.54232788085938,91.08544921875,91.99131774902344,92.8431167602539,93.21581268310547,93.0622787475586,92.73046875,92.55856323242188,92.82506561279297,93.1700439453125,92.54094696044922,92.79764556884766,94.44245147705078,94.38172149658203,92.44303131103516,90.74371337890625,91.52342987060547,93.45649719238281,94.00273895263672,95.13761138916016,96.80432891845703,95.93525695800781,94.42230987548828,94.18505859375,93.92870330810547
91.08419799804688,91.5021743774414,91.90767669677734,92.43565368652344,92.84728240966797,93.08265686035156,93.09793090820312,92.66162109375,92.01448822021484,91.85132598876953,92.23808288574219,92.32429504394531,91.4505844116211,90.22490692138672,89.49681854248047,89.27593231201172,89.24143981933594,89.04839324951172,88.80159759521484,89.03055572509766,90.05421447753906,91.61421203613281,92.81407928466797,93.0162124633789,92.26240539550781,91.266845703125,90.77368927001953,90.832275390625,91.71818542480469,92.1837387084961,92.03706359863281,93.28184509277344,94.5072021484375,93.90703582763672,92.21990966796875,91.10233306884766,91.27379608154297,92.03145599365234,93.48101806640625,95.13338470458984,94.78096008300781,93.00739288330078,92.05370330810547,92.37036895751953
89.69154357910156,90.28700256347656,91.11754608154297,92.11175537109375,92.92665100097656,93.17455291748047,92.7177505493164,92.2528076171875,92.28972625732422,92.50718688964844,92.29878234863281,91.21565246582031,89.42008209228516,87.88162994384766,87.35317993164062,87.75212860107422,88.12007904052734,87.62841033935547,87.10139465332031,87.8489761352539,89.84574127197266,91.8660888671875,92.41637420654297,91.59394836425781,90.43885803222656,89.33877563476562,88.57189178466797,88.55533599853516,90.03740692138672,92.31178283691406,93.23892211914062,93.28451538085938,93.8379898071289,94.10862731933594,92.8833236694336,90.8209228515625,89.72669219970703,90.25334167480469,91.76834106445312,93.24349975585938,93.41228485107422,92.23580169677734,91.35311889648438,91.58466339111328
88.82335662841797,89.52587890625,90.17262268066406,91.20233917236328,92.45082092285156,93.11563110351562,92.66732025146484,92.23284912109375,92.67577362060547,92.80425262451172,91.38288879394531,89.01173400878906,87.00729370117188,86.11639404296875,86.63861083984375,87.33342742919922,86.83924102783203,86.14915466308594,86.63150024414062,88.14799499511719,90.13867950439453,91.30906677246094,90.78173828125,89.7058334350586,88.95552062988281,87.8416519165039,86.9043960571289,87.44823455810547,89.69283294677734,92.63557434082031,93.85371398925781,92.87224578857422,92.24453735351562,92.70999145507812,92.5040283203125,91.16961669921875,89.93601989746094,89.66040802001953,90.36134338378906,91.52784729003906,92.0251235961914,91.36872863769531,90.79335021972656,91.36295318603516
88.19804382324219,88.41448974609375,88.81986236572266,90.30242156982422,92.22230529785156,93.25199890136719,93.03514862060547,92.57227325439453,92.26061248779297,91.13472747802734,88.8145523071289,86.74339294433594,86.0306625366211,86.30223083496094,86.86476135253906,86.67410278320312,85.46244812011719,85.11991882324219,86.78349304199219,88.80665588378906,90.19149017333984,90.27017974853516,89.01538848876953,87.93157196044922,87.80851745605469,87.53492736816406,87.3795394897461,88.08578491210938,89.595703125,91.67660522460938,92.86971282958984,92.1325912475586,90.98448944091797,90.92909240722656,91.30560302734375,90.9906234741211,90.12874603271484,89.69638061523438,90.1374282836914,90.75989532470703,90.744873046875,90.1165771484375,89.8967514038086,90.83055877685547
87.16869354248047,87.33319854736328,88.20448303222656,90.05096435546875,92.17900085449219,93.65381622314453,93.7540512084961,92.06385803222656,89.9642105102539,88.31375122070312,86.68099975585938,85.78776550292969,86.12010955810547,86.80899047851562,86.56295013427734,85.16585540771484,83.6727523803711,84.38951110839844,87.50904846191406,88.97834014892578,88.09988403320312,87.20723724365234,87.10121154785156,87.51734161376953,88.27082824707031,88.61647033691406,88.09269714355469,87.76117706298828,88.71109008789062,90.42789459228516,91.62638092041016,91.23861694335938,89.81869506835938,89.12859344482422,89.67240905761719,90.36366271972656,90.49657440185547,90.48192596435547,90.43501281738281,89.9807357788086,89.25262451171875,88.83594512939453,89.00811004638672,89.87833404541016
86.349609375,86.73017120361328,87.78853607177734,89.42176818847656,91.70980072021484,93.85456085205078,93.95954132080078,90.9926528930664,87.16939544677734,84.63285064697266,84.09315490722656,85.22331237792969,86.79074096679688,87.17901611328125,85.86212921142578,84.41841125488281,84.00597381591797,85.01661682128906,87.37410736083984,87.90013122558594,85.89268493652344,84.52996063232422,85.37989044189453,86.93457794189453,88.25939178466797,89.07698822021484,88.66667938232422,87.61495208740234,87.50711822509766,88.65129852294922,89.97203826904297,89.9390869140625,88.72618103027344,88.12378692626953,89.06263732910156,90.69273376464844,91.5721206665039,91.22724151611328,90.09764862060547,88.6927719116211,87.65949249267578,87.67513275146484,88.18595886230469,88.81480407714844
85.72161865234375,86.2995376586914,86.46119689941406,87.85464477539062,90.84868621826172,93.39070892333984,92.70513916015625,89.6390609741211,85.90412902832031,82.83438873291016,82.0259780883789,83.34329986572266,85.10160827636719,85.11981964111328,83.61154174804688,83.92268371582031,85.95308685302734,86.6304931640625,86.46574401855469,85.96198272705078,84.56298065185547,83.44927215576172,83.88324737548828,85.4054183959961,87.20147705078125,88.36491394042969,88.06586456298828,86.89453887939453,86.3764877319336,87.19474029541016,88.37843322753906,88.6193618774414,88.2940444946289,88.4824447631836,89.38954162597656,90.65430450439453,91.50853729248047,91.09120178222656,89.44082641601562,87.52183532714844,86.38601684570312,86.60675048828125,87.2735595703125,87.65906524658203
84.94960021972656,85.16783142089844,84.99626159667969,85.69154357910156,88.23815155029297,90.80081939697266,91.3647689819336,89.67780303955078,85.95381164550781,81.76856994628906,79.5208740234375,79.4406967163086,80.02965545654297,79.88269805908203,80.49657440185547,83.73690032958984,86.33964538574219,86.21363067626953,85.21159362792969,84.11592102050781,82.73719787597656,81.9456558227539,82.37468719482422,83.79170989990234,85.52650451660156,86.61138153076172,86.43976593017578,85.58075714111328,85.12560272216797,85.73145294189453,86.97683715820312,88.1689224243164,88.90721130371094,88.62955474853516,88.15284729003906,88.91996765136719,90.46969604492188,91.07171630859375,89.60769653320312,87.08241271972656,85.1383056640625,85.03560638427734,86.16868591308594,86.84040832519531
83.26177978515625,82.8474349975586,82.75153350830078,82.80879974365234,85.04061889648438,88.1839370727539,89.96459197998047,88.864990234375,84.55948638916016,79.24391174316406,75.80065155029297,74.91494750976562,75.7999038696289,77.6052474975586,80.13677978515625,82.68653106689453,84.02344512939453,83.9599609375,82.94754028320312,81.47513580322266,80.42609405517578,80.25994873046875,80.88404846191406,82.05951690673828,83.17965698242188,83.85733795166016,84.08457946777344,83.87295532226562,83.70904541015625,84.379150390625,86.29340362548828,88.38445281982422,88.84352111816406,87.4576187133789,86.22586822509766,86.91556549072266,88.99317169189453,90.25121307373047,89.46629333496094,87.34178161621094,85.03707885742188,83.965087890625,84.6227798461914,85.6005859375
80.0234375,79.83197021484375,80.10777282714844,80.76387786865234,82.81295776367188,85.3224105834961,86.99381256103516,85.94096374511719,81.0611572265625,75.42681121826172,72.94535827636719,73.43450164794922,75.2080078125,77.10785675048828,78.32682800292969,79.22700500488281,80.3486557006836,81.01187896728516,80.31021881103516,79.17927551269531,78.8743667602539,79.19389343261719,79.5506591796875,79.86579132080078,80.2146224975586,80.62532806396484,80.94380950927734,81.28922271728516,82.43285369873047,84.3490982055664,86.1082992553711,87.06414031982422,86.87513732910156,85.84638214111328,85.17491149902344,85.82266998291016,87.50287628173828,88.83007049560547,88.74994659423828,87.42327880859375,85.33682250976562,83.64054107666016,83.3504867553711,83.83252716064453
77.29619598388672,77.67066192626953,77.8470458984375,77.97422790527344,78.84393310546875,80.5582504272461,82.44808197021484,81.75340270996094,78.03572845458984,74.85699462890625,73.7580337524414,73.5754623413086,73.75959014892578,73.68092346191406,73.38702392578125,74.4007339477539,76.84049224853516,78.46272277832031,78.4178237915039,78.10699462890625,78.28120422363281,78.42700958251953,78.03547668457031,77.18190002441406,76.58776092529297,76.5983657836914,77.35139465332031,79.41630554199219,82.1241226196289,83.87007141113281,84.42906951904297,84.52310180664062,84.44895935058594,84.24311065673828,84.18575286865234,84.7372055053711,86.02461242675781,87.232666015625,87.64262390136719,86.90371704101562,85.06604766845703,83.2965316772461,82.85531616210938,82.9884033203125
75.02619934082031,74.45574188232422,72.89359283447266,72.49175262451172,74.2584457397461,77.09949493408203,79.04583740234375,78.63086700439453,76.62079620361328,74.69051361083984,73.13220977783203,71.6557388305664,70.18598175048828,68.75122833251953,68.6902084350586,71.14352416992188,74.5599365234375,76.30872344970703,76.5442123413086,76.92481231689453,77.42780303955078,77.08586120605469,75.64114379882812,74.0118408203125,73.29928588867188,73.8104019165039,75.64897918701172,78.5618667602539,81.07470703125,82.00741577148438,81.87985229492188,81.7594223022461,81.95079040527344,82.27620697021484,82.6029052734375,83.17212677001953,84.37855529785156,85.85759735107422,86.76409149169922,86.40013885498047,84.65999603271484,82.93789672851562,82.63179779052734,82.59965515136719
72.03341674804688,68.92428588867188,67.02782440185547,69.03085327148438,73.0161361694336,76.15409851074219,77.19991302490234,75.78563690185547,73.40894317626953,71.78016662597656,70.36195373535156,68.49871826171875,66.2767562866211,65.11858367919922,66.45335388183594,69.83210754394531,72.67520904541016,73.52112579345703,74.0620346069336,75.03927612304688,75.26956176757812,74.4393539428711,73.12215423583984,71.84598541259766,71.45262145996094,72.44939422607422,74.6385498046875,77.15227508544922,78.7845458984375,79.10877990722656,78.9011459350586,78.95576477050781,79.41979217529297,80.04869842529297,80.66748809814453,81.53482055664062,83.06417846679688,84.78250122070312,85.7821273803711,85.65486145019531,84.36519622802734,82.7507095336914,82.11085510253906,82.02383422851562
66.46611022949219,64.06310272216797,65.76634979248047,69.95700073242188,72.93525695800781,74.25810241699219,73.61663055419922,71.12924194335938,68.9855728149414,68.13118743896484,67.30490112304688,65.81083679199219,64.28508758544922,64.14156341552734,65.96981048583984,68.88167572021484,70.46649169921875,70.77577209472656,71.86032104492188,72.93265533447266,72.79853057861328,72.0226821899414,71.11100769042969,69.87496185302734,69.57855224609375,70.89334869384766,72.9592514038086,74.7775650024414,75.66706085205078,75.76590728759766,75.87353515625,76.3036117553711,77.13536071777344,78.07012939453125,78.91336822509766,80.07063293457031,81.897216796875,83.82221221923828,84.72442626953125,84.37202453613281,83.46177673339844,82.55560302734375,81.88219451904297,81.3790283203125
62.611759185791016,62.920379638671875,67.15182495117188,70.40677642822266,70.99320220947266,70.44632720947266,68.7140121459961,66.74740600585938,66.40349578857422,66.52267456054688,65.78895568847656,64.81455993652344,64.37112426757812,64.6399917602539,66.2193603515625,68.16033935546875,68.70365905761719,68.87928771972656,70.26763916015625,71.38359832763672,71.03202056884766,70.1044692993164,68.58036804199219,67.38825225830078,67.86396789550781,69.51204681396484,71.31051635742188,72.56908416748047,72.870361328125,72.78922271728516,73.27122497558594,74.38369750976562,75.87564849853516,77.10900115966797,77.85597229003906,78.94586944580078,80.79003143310547,82.42933654785156,83.39801025390625,83.55567169189453,82.66502380371094,81.64500427246094,81.18810272216797,80.96778106689453
