data/wind_data/wind_34_3.json
{"header": {"parameterUnit": "KT", "parameterCategory": 2, "nx": 256, "ny": 198, "lo1": 44.73521041870117, "la1": -3.236724853515625, "lo2": 111.26478576660156, "la2": 43.468475341796875, "dx": 0.2609002888202667, "dy": -0.23708222806453705, "refTime": "2025-02-20 10:00:00", "forecastTime": 0, "parameterNumber": 2, "parameterNumberName": "eastward_wind"}, "data":
[rows 133 to 151 of 198, columns 0 to 43 of 256]
16.748815536499023,16.182720184326172,15.263530731201172,13.7225923538208,10.368167877197266,7.993417739868164,6.215286731719971,5.919720649719238,6.225583553314209,5.734612941741943,5.094066619873047,6.370460510253906,8.518484115600586,11.179566383361816,13.746683120727539,15.728126525878906,18.3878231048584,19.933536529541016,22.10908317565918,23.71879005432129,23.42853355407715,21.462078094482422,20.302772521972656,20.736528396606445,19.705137252807617,20.472721099853516,20.943023681640625,21.711143493652344,27.42555046081543,33.39474868774414,31.207120895385742,26.47886848449707,23.07828140258789,21.356338500976562,22.679931640625,21.051063537597656,17.11426544189453,19.698928833007812,21.14047622680664,25.82384490966797,30.359033584594727,35.98870086669922,42.3234748840332,43.38076400756836
15.374144554138184,15.240015029907227,14.319426536560059,12.306520462036133,8.963068008422852,6.359609127044678,5.757167816162109,5.990260124206543,5.9143290519714355,5.430420875549316,5.435154438018799,7.211246490478516,9.07606029510498,11.274518013000488,13.445660591125488,15.219626426696777,16.969463348388672,18.653221130371094,20.337806701660156,21.53614044189453,22.942068099975586,23.018342971801758,21.209213256835938,16.42000389099121,14.3010892868042,15.963668823242188,19.995698928833008,22.90854835510254,26.5827693939209,26.897106170654297,23.021957397460938,19.339988708496094,18.08487319946289,19.509357452392578,21.9964542388916,20.0632381439209,16.673479080200195,17.910846710205078,19.547861099243164,20.80661964416504,23.134336471557617,23.991230010986328,25.875425338745117,27.65068244934082
14.019253730773926,13.892788887023926,12.788317680358887,10.096570014953613,6.205973148345947,6.053953647613525,6.4616546630859375,5.593018531799316,4.612652778625488,4.37519645690918,6.056056499481201,7.562044143676758,8.830055236816406,10.492574691772461,12.15402889251709,13.84650707244873,15.671281814575195,17.69041633605957,19.27754020690918,19.807130813598633,19.598777770996094,18.650394439697266,18.263818740844727,16.29128074645996,15.059709548950195,18.199247360229492,25.009065628051758,28.116979598999023,26.82524299621582,22.063114166259766,19.77652359008789,18.89164161682129,16.510766983032227,16.466968536376953,16.76639175415039,10.544350624084473,15.604706764221191,18.418237686157227,19.52305793762207,20.1132869720459,15.240817070007324,15.833691596984863,20.8074951171875,21.197769165039062
12.712019920349121,12.465431213378906,11.021852493286133,8.476027488708496,6.826691150665283,6.4643635749816895,5.859289646148682,4.1232476234436035,3.504180908203125,4.495278835296631,6.313238620758057,6.466594696044922,7.62412691116333,9.381329536437988,11.168807983398438,13.016429901123047,14.617234230041504,15.625081062316895,15.902762413024902,15.404651641845703,16.613704681396484,17.0692081451416,17.486122131347656,18.92200469970703,21.12078857421875,23.40083122253418,27.98882293701172,30.683748245239258,31.34244728088379,31.939970016479492,29.812747955322266,24.508960723876953,13.106600761413574,7.856389999389648,6.508368492126465,6.097062587738037,11.915637016296387,16.27272605895996,18.494600296020508,17.47051429748535,12.438783645629883,17.256980895996094,22.972997665405273,24.061216354370117
11.179669380187988,10.520639419555664,8.956111907958984,7.148388862609863,5.929239273071289,5.292126178741455,4.545752048492432,3.561246395111084,3.538972854614258,4.680718421936035,5.884693145751953,6.076875686645508,7.63553524017334,9.009671211242676,10.255779266357422,11.521150588989258,12.503098487854004,13.874439239501953,15.451498985290527,17.25701141357422,17.6728515625,16.99559783935547,17.809356689453125,19.499805450439453,21.19365692138672,23.608247756958008,29.73263168334961,34.05979537963867,33.84716796875,32.54133224487305,30.85075569152832,24.15677261352539,11.188996315002441,5.2533955574035645,3.116666793823242,7.02129602432251,10.17422866821289,13.851202011108398,15.111832618713379,11.484749794006348,5.584644317626953,12.28018856048584,18.035707473754883,20.838239669799805
9.52039909362793,8.848869323730469,7.359408855438232,5.8207292556762695,3.742790699005127,4.013308525085449,4.241602897644043,3.7523295879364014,4.093843460083008,5.438992977142334,5.589058876037598,5.368039608001709,5.657957077026367,6.518495082855225,8.52261734008789,10.96918773651123,13.520190238952637,15.938060760498047,17.798418045043945,18.690523147583008,16.945405960083008,18.483726501464844,21.049190521240234,20.471839904785156,21.2166748046875,24.998817443847656,30.730745315551758,33.33124542236328,31.516990661621094,27.597408294677734,18.718870162963867,9.496997833251953,5.404764175415039,6.030695915222168,6.453256607055664,5.724332332611084,7.790524959564209,10.552630424499512,10.34291934967041,8.332663536071777,3.755225658416748,5.415403366088867,10.259047508239746,14.721948623657227
8.106996536254883,7.758029937744141,6.623643398284912,5.334310054779053,3.95344877243042,4.478238105773926,4.54245138168335,4.196639060974121,4.876889705657959,5.2137451171875,4.0986433029174805,3.1968302726745605,3.0880539417266846,5.143495082855225,8.382244110107422,11.554230690002441,13.815268516540527,16.256868362426758,17.673492431640625,14.45522689819336,12.02083969116211,18.09161949157715,20.88956642150879,20.36968231201172,22.46666145324707,21.791946411132812,19.549814224243164,22.59211540222168,24.468137741088867,9.498499870300293,4.035496234893799,1.799269676208496,3.2414064407348633,6.761823654174805,7.685627460479736,6.59901762008667,6.683980941772461,6.020585536956787,-0.49439069628715515,0.2870849072933197,-0.13965465128421783,0.7124601006507874,3.362154245376587,10.172966003417969
7.226827144622803,6.920938014984131,6.393118858337402,5.976435661315918,4.399829387664795,4.049415588378906,4.496466159820557,4.647885799407959,4.9307966232299805,3.9953114986419678,1.9609614610671997,1.8877395391464233,1.8844900131225586,2.295942544937134,2.359273910522461,2.081580877304077,3.710439443588257,6.9162516593933105,4.133791923522949,0.7717782258987427,3.4171347618103027,13.058895111083984,19.65741539001465,21.586362838745117,24.724769592285156,24.74078369140625,18.800214767456055,21.824462890625,16.932470321655273,2.473296880722046,0.8685384392738342,1.864282488822937,6.023208141326904,7.479115009307861,8.670357704162598,7.669654846191406,2.350651264190674,0.10649557411670685,-5.395001411437988,-2.6414124965667725,0.7767915725708008,1.460942268371582,5.782123565673828,7.782742977142334
6.5184550285339355,5.906362056732178,6.2283196449279785,7.1577467918396,3.0882318019866943,3.4473283290863037,4.374004364013672,4.160878658294678,3.088665723800659,1.6152780055999756,1.3498082160949707,2.2931337356567383,-0.17920368909835815,-2.399596929550171,-4.337193012237549,-5.3221869468688965,-4.653780937194824,-5.0391411781311035,-6.578775882720947,-5.516704559326172,4.283729553222656,15.800841331481934,20.051712036132812,21.512535095214844,24.303253173828125,24.510074615478516,23.241046905517578,23.13987922668457,12.68567180633545,1.8715457916259766,6.582764625549316,6.747480392456055,7.78964900970459,8.750852584838867,10.463621139526367,1.905038595199585,-2.8674447536468506,2.2204349040985107,1.573919653892517,0.5184853076934814,3.8079326152801514,8.784954071044922,9.725115776062012,2.5063047409057617
4.618351459503174,4.321960926055908,4.761883735656738,5.437844753265381,1.5141855478286743,1.0559332370758057,0.3778982162475586,1.5651466846466064,0.43850454688072205,0.25630518794059753,0.8310175538063049,2.2535362243652344,1.2874387502670288,-1.4703750610351562,-4.350096702575684,-7.265674114227295,-5.058071136474609,-6.925661087036133,-7.502326011657715,-1.7034964561462402,13.109127044677734,19.55508041381836,20.675657272338867,20.53914451599121,23.058238983154297,22.280532836914062,18.52860450744629,18.382986068725586,9.871382713317871,5.753617286682129,7.420262336730957,9.272772789001465,9.508056640625,11.936054229736328,10.726192474365234,3.415419340133667,6.0644073486328125,10.736135482788086,6.148634433746338,7.617148399353027,8.755430221557617,11.672196388244629,7.241587162017822,3.418442964553833
1.5824588537216187,2.824559450149536,1.915972352027893,-1.3833539485931396,-6.553947925567627,-5.040106773376465,-4.7842206954956055,-3.826833963394165,-3.1243629455566406,-1.1322517395019531,-0.1201019138097763,1.0862046480178833,2.5124449729919434,-0.0945323258638382,-6.618630409240723,-9.924294471740723,-5.7707648277282715,-6.682058334350586,-1.9625234603881836,11.106746673583984,19.36818504333496,21.620920181274414,20.744443893432617,22.08146858215332,20.909076690673828,14.755314826965332,15.41997241973877,14.478795051574707,7.962947845458984,6.085966110229492,6.783131122589111,11.410614013671875,15.293577194213867,16.017576217651367,8.533838272094727,7.453874588012695,15.8147554397583,15.644680976867676,6.857728004455566,9.847764015197754,12.899566650390625,11.167865753173828,6.454654693603516,7.913981914520264
-0.7221311926841736,1.0376709699630737,-1.2597277164459229,-6.515224933624268,-7.20780086517334,-10.135546684265137,-7.209417343139648,-4.757775783538818,-2.4329566955566406,-0.864330530166626,-0.33844318985939026,-0.243394672870636,-0.6731032729148865,-4.4919328689575195,-10.527647972106934,-7.563517093658447,-3.367267370223999,-4.280065059661865,5.565445423126221,17.497995376586914,22.154991149902344,22.17979621887207,22.695573806762695,21.85187339782715,21.435985565185547,17.150894165039062,14.210561752319336,7.716303825378418,5.999305248260498,6.785063743591309,9.500877380371094,14.134955406188965,18.78333854675293,17.052143096923828,7.274210453033447,12.920105934143066,20.47244644165039,16.09902572631836,9.409200668334961,8.781736373901367,12.855826377868652,9.934625625610352,5.662747383117676,12.46366024017334
-1.9781618118286133,-2.7689356803894043,-4.9533915519714355,-6.1076178550720215,0.8896133303642273,-6.6814680099487305,-3.962796926498413,-0.3708190321922302,3.8247644901275635,5.748023509979248,5.5268096923828125,1.7554283142089844,-4.829765796661377,-7.432323455810547,-7.8139328956604,-4.414705753326416,-2.2370715141296387,2.721252679824829,11.581881523132324,19.950429916381836,23.34135627746582,23.625059127807617,21.50103759765625,19.06243324279785,20.23331642150879,18.163856506347656,11.537540435791016,3.9344332218170166,5.96584939956665,8.956100463867188,11.803576469421387,16.734901428222656,17.52789306640625,11.82462215423584,12.958213806152344,16.056032180786133,16.36896324157715,13.451065063476562,10.214926719665527,8.638117790222168,8.955589294433594,8.307191848754883,8.182043075561523,9.78526782989502
-2.915097236633301,-6.431755065917969,-7.635045051574707,-5.7765350341796875,-0.9664555191993713,-4.247169017791748,-3.9591171741485596,-2.121425151824951,1.5208736658096313,6.034415245056152,4.949995040893555,-2.441617012023926,-6.62840461730957,-4.660041332244873,-1.0410195589065552,1.6326195001602173,2.6689534187316895,10.090291023254395,18.4990234375,22.333372116088867,23.505107879638672,22.27216148376465,19.55777359008789,16.76970863342285,16.1282958984375,12.87010669708252,9.811446189880371,7.902451515197754,8.488903999328613,11.213587760925293,15.446125984191895,13.745311737060547,16.092214584350586,14.982261657714844,13.788990020751953,13.007889747619629,11.730287551879883,10.20855712890625,7.8516082763671875,6.67833137512207,6.217440605163574,5.693335056304932,7.470373630523682,4.239590644836426
-3.5756545066833496,-7.003774642944336,-7.238281726837158,-5.470900535583496,-2.179872751235962,-3.9498372077941895,-5.224838733673096,-1.0564770698547363,4.1311259269714355,4.081798076629639,-0.6415891051292419,-6.249035358428955,-3.8998496532440186,-0.4596891701221466,2.9206132888793945,6.666130542755127,9.066742897033691,16.200611114501953,21.829233169555664,22.44976234436035,20.842437744140625,18.1451358795166,15.567619323730469,13.713988304138184,11.144648551940918,12.595969200134277,12.027170181274414,11.692728996276855,12.090794563293457,14.254692077636719,17.858047485351562,15.728641510009766,14.137313842773438,12.570823669433594,10.597829818725586,9.658500671386719,8.604776382446289,7.496857643127441,6.288191795349121,5.797101974487305,3.480926752090454,2.2825958728790283,1.5843358039855957,-0.21311768889427185
-4.261014461517334,-5.851405620574951,-5.341920852661133,-4.833408355712891,-1.7456644773483276,-3.70470929145813,-4.430444240570068,-0.2880134880542755,3.890662908554077,0.31757113337516785,-2.246626615524292,-4.09934139251709,-0.547084629535675,0.34312504529953003,3.44320011138916,9.367291450500488,13.249248504638672,16.117475509643555,17.039628982543945,17.11496925354004,15.996109962463379,12.885552406311035,12.079957962036133,12.005646705627441,11.997671127319336,15.051933288574219,15.810054779052734,12.3737211227417,14.999372482299805,16.053491592407227,15.633846282958984,13.952584266662598,12.156801223754883,9.555157661437988,8.261545181274414,6.335343360900879,3.6522696018218994,3.872053623199463,5.464324474334717,5.937260150909424,0.44575589895248413,-3.8017594814300537,-3.603297710418701,-1.0381569862365723
-6.180911064147949,-5.986824989318848,-4.546162128448486,-4.274302005767822,-2.2573094367980957,-3.782480001449585,-3.552544593811035,-1.4285839796066284,0.43056097626686096,-0.6321843862533569,-0.735829770565033,0.9020098447799683,3.2428171634674072,4.920501232147217,10.480835914611816,15.076427459716797,15.546473503112793,15.47586727142334,16.452741622924805,16.234066009521484,14.173839569091797,11.453547477722168,11.194381713867188,12.933002471923828,15.077150344848633,17.080814361572266,16.793893814086914,13.112919807434082,12.172917366027832,12.454885482788086,12.056097984313965,11.021851539611816,9.164509773254395,7.5701518058776855,6.101576805114746,2.834099769592285,-1.2092188596725464,0.3002285659313202,4.231377601623535,3.9427616596221924,-2.0038094520568848,-6.081212997436523,-5.27100133895874,-1.164543867111206
-8.48858642578125,-7.4197998046875,-5.0664448738098145,-3.310497522354126,-2.9342589378356934,-4.059300899505615,-3.166182518005371,-0.14516332745552063,2.637946605682373,2.7360341548919678,3.5578207969665527,5.825442790985107,8.608413696289062,12.573859214782715,16.878671646118164,17.99207878112793,17.17935562133789,17.911663055419922,18.145055770874023,15.911011695861816,12.78193473815918,12.177323341369629,11.920900344848633,12.339155197143555,13.362421989440918,16.133182525634766,11.611455917358398,9.455756187438965,9.312620162963867,9.436640739440918,9.614943504333496,8.642651557922363,7.270160675048828,4.769273281097412,1.2888096570968628,-1.942704200744629,-3.998772621154785,-1.1619435548782349,2.925930976867676,3.4636645317077637,-2.116194009780884,-5.497286319732666,-5.778459072113037,-3.5715949535369873
-7.406859397888184,-6.958324909210205,-5.127479076385498,-2.9075098037719727,-2.8030972480773926,-4.879611492156982,-3.6531600952148438,2.3094429969787598,4.735797882080078,5.427609920501709,6.733180046081543,9.369361877441406,12.220085144042969,14.922719955444336,16.163631439208984,15.957603454589844,16.872957229614258,18.156503677368164,16.178144454956055,11.450298309326172,9.658935546875,10.363802909851074,10.681317329406738,10.756897926330566,13.600607872009277,12.638629913330078,8.259780883789062,7.8068976402282715,7.901028633117676,7.500178813934326,7.344467639923096,6.353409290313721,3.5462939739227295,-0.5157384872436523,-3.4908864498138428,-4.223956108093262,-5.076836109161377,-2.0334272384643555,0.7119169235229492,2.6129884719848633,-1.2103607654571533,-4.758887767791748,-6.017170429229736,-5.576186180114746
