data/wind_data/wind_6_2.json
{"header": {"parameterUnit": "KT", "parameterCategory": 2, "nx": 256, "ny": 198, "lo1": 44.73521041870117, "la1": -3.236724853515625, "lo2": 111.26478576660156, "la2": 43.468475341796875, "dx": 0.2609002888202667, "dy": -0.23708222806453705, "refTime": "2025-02-19 06:00:00", "forecastTime": 0, "parameterNumber": 2, "parameterNumberName": "eastward_wind"}, "data":
[rows 76 to 94 of 198, columns 43 to 85 of 256]
-3.2589011192321777,-3.959683656692505,-4.656432151794434,-5.196923732757568,-5.6015801429748535,-5.953700065612793,-6.294842720031738,-6.567004203796387,-6.831058025360107,-7.238271236419678,-7.718398571014404,-8.124042510986328,-8.439821243286133,-8.711400032043457,-8.912492752075195,-9.020772933959961,-9.112953186035156,-9.209561347961426,-9.274295806884766,-9.306378364562988,-9.318695068359375,-9.271540641784668,-9.123087882995605,-8.930949211120605,-8.805907249450684,-8.76914119720459,-8.775362968444824,-8.809106826782227,-8.842326164245605,-8.93030834197998,-9.136836051940918,-9.374258995056152,-9.602429389953613,-9.916088104248047,-10.301712989807129,-10.694534301757812,-11.038925170898438,-11.282062530517578,-11.382672309875488,-11.328929901123047,-11.284601211547852,-11.502277374267578,-11.8959379196167
-2.461418867111206,-3.1524715423583984,-3.858579158782959,-4.408683776855469,-4.785568714141846,-5.116862773895264,-5.4442925453186035,-5.736693382263184,-6.068548202514648,-6.517853736877441,-6.997807025909424,-7.474388122558594,-7.951135635375977,-8.327147483825684,-8.55428409576416,-8.635514259338379,-8.62692928314209,-8.6207914352417,-8.682920455932617,-8.792899131774902,-8.830016136169434,-8.788060188293457,-8.688887596130371,-8.502016067504883,-8.398018836975098,-8.469391822814941,-8.529073715209961,-8.455154418945312,-8.31418514251709,-8.346389770507812,-8.597237586975098,-8.88654613494873,-9.15529727935791,-9.465371131896973,-9.772967338562012,-10.09668254852295,-10.528091430664062,-11.001664161682129,-11.375348091125488,-11.575959205627441,-11.687844276428223,-11.868376731872559,-12.080291748046875
-1.6694655418395996,-2.41695237159729,-3.0401196479797363,-3.584132432937622,-3.979684591293335,-4.347774505615234,-4.697103023529053,-5.029512882232666,-5.391335487365723,-5.804318428039551,-6.225295066833496,-6.65104341506958,-7.102631092071533,-7.549187183380127,-7.960505485534668,-8.23571491241455,-8.275603294372559,-8.163002967834473,-8.101725578308105,-8.210442543029785,-8.296871185302734,-8.23965835571289,-8.105395317077637,-7.953902244567871,-7.925663471221924,-8.031743049621582,-8.080785751342773,-7.981787204742432,-7.868716239929199,-8.002450942993164,-8.366002082824707,-8.713607788085938,-8.945731163024902,-9.155750274658203,-9.384346008300781,-9.638436317443848,-9.952068328857422,-10.35516357421875,-10.824971199035645,-11.318992614746094,-11.750299453735352,-12.103189468383789,-12.305468559265137
-0.8873298764228821,-1.5326497554779053,-2.181633472442627,-2.767573595046997,-3.249169111251831,-3.621717929840088,-3.931722402572632,-4.242621421813965,-4.625914573669434,-5.116145610809326,-5.616025924682617,-6.0091328620910645,-6.320120811462402,-6.662675857543945,-7.078452110290527,-7.505133628845215,-7.7536139488220215,-7.75246524810791,-7.675461292266846,-7.705035209655762,-7.777043342590332,-7.733874797821045,-7.556493282318115,-7.351659297943115,-7.266890525817871,-7.285350322723389,-7.326285362243652,-7.3943915367126465,-7.56905460357666,-7.908599376678467,-8.310718536376953,-8.616012573242188,-8.7963228225708,-8.91668701171875,-9.064289093017578,-9.287641525268555,-9.513639450073242,-9.727005004882812,-10.059654235839844,-10.607110023498535,-11.21011734008789,-11.710533142089844,-12.002922058105469
-0.37512052059173584,-0.6437836289405823,-1.0854748487472534,-1.8101601600646973,-2.424083948135376,-2.889105796813965,-3.2364728450775146,-3.536722421646118,-3.903136968612671,-4.409902572631836,-4.905264854431152,-5.2929487228393555,-5.637570858001709,-5.992134094238281,-6.351714134216309,-6.733684539794922,-7.024122714996338,-7.141158580780029,-7.152465343475342,-7.16121768951416,-7.186989784240723,-7.150243282318115,-6.979930877685547,-6.715760231018066,-6.478116512298584,-6.370303153991699,-6.458988666534424,-6.771819591522217,-7.26119327545166,-7.823300838470459,-8.262314796447754,-8.453333854675293,-8.502041816711426,-8.54277229309082,-8.652630805969238,-8.875565528869629,-9.153951644897461,-9.405742645263672,-9.664541244506836,-10.019013404846191,-10.46181869506836,-10.899908065795898,-11.21126651763916
0.059473633766174316,0.12096140533685684,-0.37386009097099304,-0.8597450852394104,-1.4430172443389893,-1.9315483570098877,-2.3705618381500244,-2.813430070877075,-3.2851476669311523,-3.7474524974823,-4.135518550872803,-4.527897834777832,-4.953407287597656,-5.409178256988525,-5.848519802093506,-6.175102233886719,-6.364506721496582,-6.47383975982666,-6.53676176071167,-6.546398162841797,-6.496662139892578,-6.397863388061523,-6.2159647941589355,-5.958760738372803,-5.721099853515625,-5.618013381958008,-5.740437984466553,-6.12788724899292,-6.772436618804932,-7.517037391662598,-8.054265022277832,-8.217377662658691,-8.189567565917969,-8.171814918518066,-8.221080780029297,-8.394418716430664,-8.704630851745605,-9.061335563659668,-9.359903335571289,-9.559136390686035,-9.697833061218262,-9.8692045211792,-10.08254337310791
0.3053963780403137,0.3436608612537384,0.2403223067522049,-0.6911195516586304,-0.8721442818641663,-1.0269083976745605,-1.4036486148834229,-1.957781434059143,-2.547936201095581,-3.0179929733276367,-3.3969037532806396,-3.775374174118042,-4.243417263031006,-4.837860107421875,-5.391330242156982,-5.7272725105285645,-5.864792346954346,-5.913951873779297,-5.932308673858643,-5.893255233764648,-5.77846097946167,-5.645824909210205,-5.491620063781738,-5.317545413970947,-5.215843200683594,-5.273165225982666,-5.437846660614014,-5.703861713409424,-6.209499359130859,-6.8988518714904785,-7.47740364074707,-7.775049209594727,-7.893345355987549,-7.9305419921875,-7.930549144744873,-7.987395763397217,-8.200611114501953,-8.517791748046875,-8.78149700164795,-8.874444007873535,-8.795110702514648,-8.672236442565918,-8.67260456085205
0.6704408526420593,0.3390238583087921,-0.0644286572933197,-0.35198721289634705,-0.6715661287307739,-0.6483983397483826,-0.8500396013259888,-1.2269757986068726,-1.6991363763809204,-2.1491644382476807,-2.565453052520752,-3.028286933898926,-3.629173994064331,-4.284031867980957,-4.801130294799805,-5.140959739685059,-5.3363423347473145,-5.400519847869873,-5.355473041534424,-5.190418243408203,-4.971775054931641,-4.843151092529297,-4.839191913604736,-4.8655877113342285,-4.9067606925964355,-5.064749240875244,-5.335340976715088,-5.626730918884277,-5.939827919006348,-6.322693824768066,-6.713225364685059,-7.064913272857666,-7.372482776641846,-7.562061309814453,-7.6112189292907715,-7.60219669342041,-7.640687942504883,-7.760814666748047,-7.887808322906494,-7.913239479064941,-7.7437520027160645,-7.4615936279296875,-7.2839837074279785
1.4772732257843018,0.40436598658561707,-0.15819792449474335,-0.3659885823726654,-0.8186385035514832,-0.49888166785240173,-0.5170601606369019,-0.7501185536384583,-1.048303484916687,-1.3686859607696533,-1.7491198778152466,-2.3210103511810303,-3.0579516887664795,-3.7524092197418213,-4.212761402130127,-4.4572577476501465,-4.603723526000977,-4.680445194244385,-4.644275188446045,-4.472054958343506,-4.241726875305176,-4.111293792724609,-4.1279096603393555,-4.235453128814697,-4.420012474060059,-4.6976094245910645,-5.058340549468994,-5.47819185256958,-5.859189987182617,-6.117053031921387,-6.243643283843994,-6.38859748840332,-6.5965118408203125,-6.772336006164551,-6.85576057434082,-6.82399845123291,-6.737025737762451,-6.693542003631592,-6.719083309173584,-6.768747806549072,-6.7034101486206055,-6.481639385223389,-6.290581226348877
2.515028953552246,1.0956135988235474,0.409524142742157,0.007558434270322323,-0.7463199496269226,-0.4541005492210388,-0.3252847194671631,-0.3703409731388092,-0.581122636795044,-0.8868776559829712,-1.2588272094726562,-1.848372220993042,-2.5383496284484863,-3.0991101264953613,-3.4729533195495605,-3.7040789127349854,-3.822958469390869,-3.8430941104888916,-3.7979328632354736,-3.7086243629455566,-3.5957367420196533,-3.5294997692108154,-3.542273998260498,-3.6054956912994385,-3.756406307220459,-4.078207015991211,-4.501591682434082,-4.992399215698242,-5.479720592498779,-5.800171852111816,-5.901082992553711,-5.889026641845703,-5.836853504180908,-5.780815124511719,-5.752853870391846,-5.695182800292969,-5.5800251960754395,-5.475606918334961,-5.453225612640381,-5.5569682121276855,-5.67360782623291,-5.6617560386657715,-5.591048717498779
3.3281455039978027,2.23636531829834,1.4559886455535889,0.7083184123039246,-0.13149787485599518,-0.26734820008277893,-0.03943468630313873,-0.27086904644966125,-0.38456764817237854,-0.5785323977470398,-0.9886469841003418,-1.5176352262496948,-1.9587438106536865,-2.283409833908081,-2.550175428390503,-2.7722370624542236,-2.974000930786133,-3.104703903198242,-3.1577870845794678,-3.0691275596618652,-2.8646628856658936,-2.743945598602295,-2.7924892902374268,-2.9195544719696045,-3.116506338119507,-3.4423623085021973,-3.8743233680725098,-4.343072414398193,-4.761708736419678,-5.004508018493652,-5.079040050506592,-5.0405144691467285,-4.910345554351807,-4.739239692687988,-4.587162494659424,-4.492324352264404,-4.4336957931518555,-4.371836185455322,-4.3381805419921875,-4.439714431762695,-4.643734455108643,-4.7891764640808105,-4.882222652435303
3.9850220680236816,3.215756416320801,2.5075418949127197,1.5993807315826416,0.5841153860092163,0.06940455734729767,-0.01714201085269451,-0.18384312093257904,-0.2977553904056549,-0.2931387722492218,-0.6262907981872559,-0.9852126240730286,-1.1914207935333252,-1.3621792793273926,-1.5934334993362427,-1.7964037656784058,-1.9822540283203125,-2.2398698329925537,-2.502225399017334,-2.517237901687622,-2.188030481338501,-1.807949423789978,-1.668326497077942,-1.7891093492507935,-2.1518263816833496,-2.658008337020874,-3.172131299972534,-3.68666672706604,-4.0625081062316895,-4.185817718505859,-4.132345676422119,-3.9637627601623535,-3.758488416671753,-3.5980286598205566,-3.466482162475586,-3.4328010082244873,-3.488400459289551,-3.566788673400879,-3.611186981201172,-3.641233444213867,-3.7168259620666504,-3.83327054977417,-4.043429851531982
5.012084007263184,4.0795087814331055,3.3363466262817383,2.479349136352539,1.4338654279708862,0.4216753840446472,-0.19754953682422638,0.028825154528021812,0.10485764592885971,0.11814446747303009,0.05366683751344681,-0.0860329419374466,-0.24136319756507874,-0.4462408721446991,-0.7123690843582153,-0.9266783595085144,-1.127092719078064,-1.293833613395691,-1.4356552362442017,-1.4461039304733276,-1.1750773191452026,-0.7967680096626282,-0.600683331489563,-0.6316480040550232,-0.9667702317237854,-1.586011290550232,-2.229602813720703,-2.7937378883361816,-3.1879730224609375,-3.3303024768829346,-3.3105649948120117,-3.159461498260498,-2.9458811283111572,-2.7720160484313965,-2.6594297885894775,-2.6422159671783447,-2.7312517166137695,-2.9118869304656982,-3.0828957557678223,-3.1518874168395996,-3.1464691162109375,-3.153428792953491,-3.277963161468506
5.904183864593506,4.873950958251953,3.926687002182007,3.1514623165130615,1.9629459381103516,0.6874406337738037,0.11833115667104721,0.6353101134300232,0.9987976551055908,0.9502361416816711,0.9577466249465942,0.9578825831413269,0.8200970888137817,0.5268396735191345,0.14093688130378723,-0.20140664279460907,-0.36113277077674866,-0.33822277188301086,-0.2774907946586609,-0.16437341272830963,0.10254170745611191,0.3850080072879791,0.47354790568351746,0.3357475697994232,-0.004310449119657278,-0.6035484671592712,-1.2720136642456055,-1.8025299310684204,-2.133396863937378,-2.227839231491089,-2.1897497177124023,-2.1220877170562744,-2.1038577556610107,-2.1820383071899414,-2.3126771450042725,-2.33428955078125,-2.2927215099334717,-2.3381991386413574,-2.4567909240722656,-2.5431370735168457,-2.592132091522217,-2.6960718631744385,-2.8404414653778076
6.146871566772461,5.573901653289795,4.657995700836182,3.808971405029297,2.398259401321411,1.190991997718811,0.9848365187644958,1.7827614545822144,2.0999388694763184,2.2121782302856445,2.161518096923828,2.0887451171875,1.91624116897583,1.6106617450714111,1.1571900844573975,0.7374418377876282,0.5679762959480286,0.6032976508140564,0.7280105948448181,0.9471714496612549,1.2558043003082275,1.4526617527008057,1.3832005262374878,1.0993919372558594,0.7184839248657227,0.19353178143501282,-0.3873496651649475,-0.8365822434425354,-1.067604899406433,-1.047892451286316,-0.9100840091705322,-0.9093372225761414,-1.132237434387207,-1.506998062133789,-1.8938630819320679,-2.0885508060455322,-2.057006359100342,-1.9475276470184326,-1.8629021644592285,-1.8364386558532715,-1.920403003692627,-2.218163251876831,-2.622746467590332
6.4790215492248535,6.396637439727783,5.574572563171387,4.342355251312256,3.073592185974121,2.814664602279663,2.9315648078918457,3.0448577404022217,3.217737913131714,3.344888687133789,3.3248767852783203,3.1625359058380127,2.9824342727661133,2.767963409423828,2.4618406295776367,2.1346018314361572,1.889320731163025,1.747992992401123,1.7501823902130127,1.9527555704116821,2.2537195682525635,2.380258083343506,2.1703763008117676,1.7914631366729736,1.4113078117370605,0.9804576635360718,0.5334239602088928,0.2117425948381424,0.10436543077230453,0.17672765254974365,0.23793795704841614,0.06283992528915405,-0.349994957447052,-0.8175068497657776,-1.1668719053268433,-1.3912309408187866,-1.4731955528259277,-1.4324930906295776,-1.3273656368255615,-1.3047716617584229,-1.4377210140228271,-1.7500873804092407,-2.300964117050171
7.286469459533691,7.075142860412598,6.447758674621582,5.144674301147461,4.237255096435547,4.566749572753906,3.840879440307617,3.7124555110931396,4.41732120513916,4.536149501800537,4.702897071838379,4.295668601989746,4.034515380859375,3.9301767349243164,3.8776614665985107,3.7123677730560303,3.3716378211975098,3.031475782394409,2.8928275108337402,2.966731548309326,3.170989990234375,3.2595667839050293,3.0575990676879883,2.6608059406280518,2.266557455062866,1.8778687715530396,1.4944385290145874,1.2565436363220215,1.2518970966339111,1.3175253868103027,1.2104542255401611,0.8537454605102539,0.3388490080833435,-0.10292123258113861,-0.3428258001804352,-0.49754711985588074,-0.6337217688560486,-0.7516822218894958,-0.8586366772651672,-0.9813363552093506,-1.0767229795455933,-1.2066653966903687,-1.7485421895980835
8.185020446777344,8.11365795135498,7.365293025970459,6.32019567489624,5.929568767547607,5.481653690338135,4.5926313400268555,4.549691677093506,5.339944839477539,6.150873184204102,6.260850429534912,5.6728835105896,5.261347770690918,5.113752365112305,5.1252570152282715,4.9662184715271,4.545639514923096,4.203015327453613,4.1021928787231445,4.184622764587402,4.3883538246154785,4.4560112953186035,4.195141792297363,3.755862236022949,3.3311049938201904,2.917268753051758,2.50251841545105,2.196897029876709,2.080258846282959,2.034803867340088,1.898544430732727,1.6145135164260864,1.1550029516220093,0.7102617025375366,0.39721158146858215,0.21016430854797363,0.09057813882827759,-0.11542029678821564,-0.45783698558807373,-0.7064883708953857,-0.6232212781906128,-0.5680403113365173,-1.0546456575393677
8.603250503540039,9.318597793579102,8.741900444030762,7.692471027374268,7.196346282958984,6.636581897735596,6.3278489112854,6.3145833015441895,6.675961494445801,7.384396553039551,7.398530960083008,6.883934497833252,6.2963762283325195,6.235177993774414,6.323027610778809,6.045654296875,5.534543037414551,5.274473190307617,5.343533039093018,5.573309898376465,5.839847564697266,5.896516799926758,5.572033405303955,4.990194797515869,4.402832984924316,3.955230712890625,3.5954067707061768,3.272416591644287,2.9440226554870605,2.599792718887329,2.3299951553344727,2.1397993564605713,1.8374547958374023,1.3896933794021606,0.9874655604362488,0.7857787609100342,0.6951087713241577,0.4234253466129303,-0.08914034813642502,-0.42398327589035034,-0.25522667169570923,-0.05219769850373268,-0.24603325128555298
