data/wind_data/wind_55_1.json
{"header": {"parameterUnit": "KT", "parameterCategory": 2, "nx": 256, "ny": 198, "lo1": 44.73521041870117, "la1": -3.236724853515625, "lo2": 111.26478576660156, "la2": 43.468475341796875, "dx": 0.2609002888202667, "dy": -0.23708222806453705, "refTime": "2025-02-21 07:00:00", "forecastTime": 0, "parameterNumber": 2, "parameterNumberName": "eastward_wind"}, "data":
[rows 95 to 113 of 198, columns 43 to 85 of 256]
-2.8540704250335693,-6.769763469696045,-6.499334335327148,-7.721426963806152,-6.475170135498047,-6.230538845062256,-4.347938060760498,-4.211008071899414,-3.196817636489868,-2.333988666534424,-0.8014987707138062,-1.6563329696655273,1.1644282341003418,0.8709398508071899,0.7335687279701233,0.9501315951347351,0.9560329914093018,1.0460186004638672,1.1619987487792969,0.6748151183128357,-0.2581864893436432,-1.1277577877044678,-1.6801676750183105,-2.001775026321411,-2.362379789352417,-2.41239857673645,-2.0437822341918945,-1.6370965242385864,-1.5214189291000366,-2.053987503051758,-2.589571237564087,-2.6248574256896973,-2.1174814701080322,-1.4914301633834839,-0.9955512285232544,-0.58598393201828,-0.5145885348320007,-0.6553334593772888,-1.806053638458252,-2.6476664543151855,-3.2261900901794434,-3.2683136463165283,-3.5299713611602783
-5.292679786682129,-8.02054500579834,-7.396866798400879,-8.5914306640625,-7.622792720794678,-6.40256929397583,-5.034480094909668,-4.380663871765137,-3.395927906036377,-2.603151559829712,-0.9635857939720154,-0.3338577449321747,1.1901953220367432,1.1476577520370483,3.016723871231079,2.264052152633667,2.1738696098327637,2.08727765083313,1.8845521211624146,1.3624653816223145,0.34688621759414673,-0.5216425657272339,-1.240330696105957,-1.849834680557251,-2.3464529514312744,-2.1771466732025146,-1.6562983989715576,-1.0514252185821533,-0.9272833466529846,-1.299704670906067,-1.7918599843978882,-1.8279573917388916,-1.4160676002502441,-0.9721540808677673,-0.6241534352302551,-0.29777759313583374,-0.2775380313396454,-0.7359309196472168,-1.7293757200241089,-2.4036364555358887,-2.859410524368286,-2.991903305053711,-3.230721950531006
-7.351207733154297,-9.043729782104492,-7.820298671722412,-8.506301879882812,-7.472025394439697,-6.027111530303955,-5.254885673522949,-4.396932601928711,-3.1060619354248047,-2.6305105686187744,-0.653356671333313,0.719967782497406,2.535015344619751,3.3532421588897705,3.2343802452087402,4.939781188964844,4.101319789886475,3.0940961837768555,2.393305778503418,1.766893744468689,0.8366323709487915,0.0663067102432251,-0.8263540863990784,-1.7489172220230103,-2.300771951675415,-1.9524481296539307,-1.289649248123169,-0.49313679337501526,-0.23157206177711487,-0.4789276123046875,-0.9475662708282471,-1.039210319519043,-0.8904265761375427,-0.5776509046554565,-0.3187147080898285,-0.12144425511360168,-0.23421919345855713,-0.9976588487625122,-1.945770263671875,-2.4094998836517334,-2.6571197509765625,-2.8769750595092773,-3.141812801361084
-8.826214790344238,-8.789484024047852,-7.7651896476745605,-8.162959098815918,-7.3478240966796875,-6.354269027709961,-4.892166614532471,-3.9716219902038574,-2.536318063735962,-1.4038563966751099,-0.11843996495008469,2.1930134296417236,5.119115352630615,5.982995986938477,4.0730509757995605,6.040111541748047,6.251372814178467,3.9490058422088623,2.55058217048645,2.0859546661376953,1.3717639446258545,0.5778594613075256,-0.3997557461261749,-1.5858352184295654,-1.990578055381775,-1.696334719657898,-0.9281409978866577,-0.12412779778242111,0.24316804111003876,0.11084603518247604,-0.2867562770843506,-0.4318949580192566,-0.4508230984210968,-0.28598061203956604,-0.13536182045936584,-0.13981419801712036,-0.43612006306648254,-1.2334394454956055,-1.9398728609085083,-2.3174657821655273,-2.408324718475342,-2.6567180156707764,-3.0470151901245117
-9.259451866149902,-9.118366241455078,-8.113212585449219,-7.80397891998291,-6.931707382202148,-5.073672294616699,-4.0613789558410645,-1.888242244720459,-2.726151466369629,0.7751785516738892,1.3928501605987549,4.9322285652160645,7.032996654510498,8.235041618347168,7.041178226470947,5.46512508392334,6.18071985244751,4.329784870147705,2.5371522903442383,2.259226083755493,1.9289878606796265,1.0179640054702759,-0.008407095447182655,-1.3276698589324951,-1.6448324918746948,-1.4826114177703857,-0.6408730745315552,0.03789066523313522,0.38181012868881226,0.2713075280189514,-0.11449264734983444,-0.2659628391265869,-0.2573307752609253,-0.1894543170928955,-0.19888484477996826,-0.2787986397743225,-0.5975072383880615,-1.2869362831115723,-1.8006820678710938,-2.258897066116333,-2.2110791206359863,-2.3618364334106445,-2.684807777404785
-9.076834678649902,-9.060522079467773,-8.540929794311523,-7.426791667938232,-5.715086460113525,-3.3796701431274414,-2.8351194858551025,-1.4122692346572876,-0.8703901171684265,2.0429396629333496,2.8406684398651123,5.124241352081299,9.27230453491211,12.021595001220703,10.84090805053711,4.3483662605285645,4.017170429229736,3.5777039527893066,2.4124181270599365,2.4277150630950928,2.2710633277893066,1.3721885681152344,0.26811251044273376,-1.0111212730407715,-1.3887019157409668,-1.368455410003662,-0.5446120500564575,0.09585931897163391,0.28674644231796265,0.10180380940437317,-0.37081074714660645,-0.5198718309402466,-0.42789483070373535,-0.3482506275177002,-0.388736367225647,-0.33492618799209595,-0.6252110004425049,-1.4015425443649292,-2.033449172973633,-2.4898946285247803,-2.2560198307037354,-1.9759961366653442,-1.977684497833252
-9.099709510803223,-8.499007225036621,-7.838135719299316,-6.841273784637451,-4.982776165008545,-3.642632246017456,-2.859945297241211,-0.8213149309158325,1.021722674369812,4.337199687957764,4.903281211853027,6.2738542556762695,10.099536895751953,15.845891952514648,10.085653305053711,0.2527344226837158,1.0650628805160522,2.4773950576782227,2.4699976444244385,2.417010545730591,2.064269542694092,1.3887734413146973,0.22261065244674683,-1.005733609199524,-1.419193983078003,-1.5299574136734009,-0.7242134809494019,-0.1515946090221405,-0.07030955702066422,-0.2791226804256439,-0.699798047542572,-0.7442846298217773,-0.7255682349205017,-0.6521400809288025,-0.6550820469856262,-0.5464884042739868,-1.0980278253555298,-2.0742599964141846,-2.668172836303711,-2.817375421524048,-2.319624662399292,-1.8934177160263062,-1.6194274425506592
-8.673166275024414,-7.30785608291626,-6.264207363128662,-5.827963352203369,-5.013584613800049,-1.776258945465088,0.107185959815979,3.051649808883667,3.2187392711639404,6.193107604980469,8.245686531066895,9.611574172973633,13.921833992004395,12.359694480895996,-1.1804378032684326,-4.30861234664917,-0.523485541343689,1.3116008043289185,2.4305994510650635,2.0113604068756104,1.7406927347183228,1.1811031103134155,0.08575080335140228,-1.3019465208053589,-1.990963339805603,-2.068897008895874,-1.2911760807037354,-0.7599740624427795,-0.5008386373519897,-0.5676382780075073,-0.857792854309082,-0.9324195384979248,-1.1269526481628418,-1.156463623046875,-1.2332786321640015,-1.3895704746246338,-2.169663429260254,-2.8775391578674316,-3.1620101928710938,-2.856806755065918,-2.020259141921997,-1.0929969549179077,-0.9925734400749207
-7.737119674682617,-6.345047950744629,-3.986992120742798,-3.533684492111206,-0.36971086263656616,0.9387861490249634,2.992246627807617,4.691677093505859,8.31936264038086,9.949919700622559,13.365461349487305,14.219705581665039,16.3704833984375,7.770750522613525,-9.071390151977539,-6.532406806945801,-2.156829357147217,0.7343751192092896,1.8302594423294067,1.4568970203399658,1.533797025680542,0.8258054256439209,-0.7921401858329773,-2.293959617614746,-2.8445396423339844,-2.710637331008911,-1.9084089994430542,-1.304660677909851,-0.79511559009552,-0.7215102910995483,-0.9174210429191589,-1.1840323209762573,-1.7568460702896118,-2.0273804664611816,-2.198404550552368,-2.3133792877197266,-2.7477335929870605,-3.2414937019348145,-3.170128583908081,-2.293156862258911,-1.4632810354232788,-0.20912779867649078,-0.21395589411258698
-6.991567134857178,-5.497228622436523,-1.750922679901123,2.331322193145752,5.878933429718018,7.045588493347168,9.07082462310791,7.146817684173584,8.964192390441895,9.33882999420166,14.178169250488281,14.558215141296387,14.80189037322998,-2.3861000537872314,-9.86653995513916,-7.381467819213867,-2.8851191997528076,0.06015562638640404,0.5949295163154602,0.6656082272529602,1.1599433422088623,-0.02360452525317669,-2.497713327407837,-3.6574301719665527,-3.654524803161621,-3.2344038486480713,-2.3712246417999268,-1.6563720703125,-1.0168235301971436,-0.9539241194725037,-1.2367417812347412,-1.878005027770996,-2.669163465499878,-2.893679141998291,-2.820793628692627,-2.719654083251953,-2.8253262042999268,-2.712012529373169,-2.528827667236328,-1.6292563676834106,-0.9441134333610535,0.5310156345367432,0.5001912117004395
-6.8596930503845215,-4.742915153503418,1.9654902219772339,6.617666244506836,12.713141441345215,11.891082763671875,5.472266674041748,5.129353046417236,8.621630668640137,9.353306770324707,12.540915489196777,8.456223487854004,-0.3949989676475525,-7.335580348968506,-8.360614776611328,-6.9127888679504395,-3.0791850090026855,-1.200080394744873,-0.6269958019256592,0.08375328779220581,-0.008851771242916584,-1.6539709568023682,-3.482750654220581,-3.89929461479187,-3.7128171920776367,-3.296396017074585,-2.591099500656128,-1.6147576570510864,-0.8836201429367065,-0.9462910890579224,-1.6496613025665283,-2.622354507446289,-3.2978615760803223,-3.442613124847412,-3.162611484527588,-2.765040874481201,-2.520158290863037,-2.2014501094818115,-1.9827207326889038,-1.12519371509552,-0.4928632378578186,0.7452164888381958,0.8373320698738098
-6.41404914855957,-2.5241005420684814,5.3256330490112305,14.06691837310791,15.710760116577148,2.550487518310547,-0.08972465991973877,0.5249817967414856,0.2332165390253067,3.0022966861724854,2.720583915710449,-4.632622241973877,-6.695408821105957,-7.010231018066406,-6.750332355499268,-5.949453353881836,-3.28490948677063,-2.2535016536712646,-1.4012374877929688,-1.131314754486084,-1.7251291275024414,-3.000981330871582,-4.0240960121154785,-3.9590861797332764,-3.5252628326416016,-2.8957200050354004,-1.949730634689331,-0.8796935677528381,-0.3018808662891388,-0.9170894026756287,-2.1183857917785645,-3.305544853210449,-4.062633037567139,-4.233147144317627,-3.894458532333374,-3.129002332687378,-2.4159045219421387,-2.1078004837036133,-1.719792366027832,-1.1213921308517456,-0.28506752848625183,0.6134555339813232,0.5181747674942017
-4.233938694000244,-0.10764514654874802,14.87814998626709,9.861464500427246,3.327317476272583,2.482734203338623,1.2708574533462524,-0.502912700176239,-0.98982173204422,-2.1900150775909424,-5.3298659324646,-7.168313026428223,-6.6218061447143555,-5.929461479187012,-5.653040409088135,-5.636957168579102,-4.428744792938232,-3.244873285293579,-2.5747079849243164,-2.7347664833068848,-3.5469934940338135,-4.187064170837402,-4.294041633605957,-3.604076623916626,-2.972052812576294,-2.157996654510498,-1.3944106101989746,-0.636589765548706,-0.6706981658935547,-1.8637088537216187,-3.4413535594940186,-4.349559783935547,-4.6301350593566895,-4.7328314781188965,-4.345541000366211,-3.2040011882781982,-2.4977896213531494,-2.4579808712005615,-2.223202705383301,-1.6422909498214722,-0.5953218936920166,-0.5226064920425415,-1.2701599597930908
-0.8753227591514587,7.541790008544922,5.118162631988525,-1.308798909187317,2.384641647338867,-1.466986894607544,-0.9092015027999878,-0.37723591923713684,-1.8092471361160278,-5.261102199554443,-7.699824810028076,-7.586187362670898,-6.35827112197876,-5.236888408660889,-6.070407867431641,-7.079655170440674,-6.358345985412598,-4.718791484832764,-4.184039115905762,-4.5314741134643555,-5.074427127838135,-5.341952800750732,-4.390713214874268,-3.7246639728546143,-3.0200304985046387,-2.767287015914917,-2.252976417541504,-2.109694242477417,-2.588911771774292,-3.5746195316314697,-4.268831729888916,-4.524085521697998,-5.08660364151001,-5.256527900695801,-4.116695880889893,-2.792616128921509,-2.7318215370178223,-3.1496055126190186,-2.918229103088379,-2.712864875793457,-2.7304162979125977,-2.8045873641967773,-3.7028868198394775
3.5770320892333984,4.3587965965271,-2.6176304817199707,-1.3633296489715576,-2.584940195083618,-5.8255438804626465,-5.034724235534668,-3.85125732421875,-3.7174222469329834,-5.421817302703857,-7.807899475097656,-8.588109970092773,-8.060190200805664,-7.390105247497559,-7.587656497955322,-8.887046813964844,-8.43388843536377,-7.267530918121338,-6.556072235107422,-5.848240852355957,-5.907865047454834,-5.4811110496521,-4.845210552215576,-4.849287986755371,-4.47615385055542,-4.795577526092529,-4.862961769104004,-5.166520118713379,-5.183675289154053,-5.131965637207031,-5.448495864868164,-6.008188247680664,-6.438427925109863,-5.597836971282959,-4.226126670837402,-2.9571774005889893,-2.908383846282959,-2.6765100955963135,-2.8888027667999268,-3.9880168437957764,-4.542478084564209,-4.572555065155029,-5.104484558105469
1.560105323791504,-6.881498336791992,-4.471147060394287,-7.240259170532227,-8.631233215332031,-11.017282485961914,-10.665084838867188,-10.140036582946777,-8.709078788757324,-8.336097717285156,-9.985512733459473,-11.438751220703125,-11.081446647644043,-10.254756927490234,-10.646098136901855,-10.81307315826416,-10.40098762512207,-9.028410911560059,-7.935947418212891,-7.806711196899414,-8.226729393005371,-8.545328140258789,-8.788962364196777,-9.045011520385742,-9.123358726501465,-8.786689758300781,-8.026253700256348,-7.4152679443359375,-7.013675689697266,-6.470126628875732,-7.24332332611084,-8.100654602050781,-8.63248348236084,-6.580047607421875,-4.230289936065674,-2.44209623336792,-1.4278295040130615,-1.3830771446228027,-2.823824882507324,-4.013702392578125,-4.570315837860107,-4.985049247741699,-5.849112510681152
-10.383554458618164,-9.718345642089844,-9.904608726501465,-8.724069595336914,-12.16364860534668,-13.996894836425781,-15.59527587890625,-15.636832237243652,-14.84261417388916,-14.185152053833008,-14.654154777526855,-15.232413291931152,-15.085864067077637,-13.96402359008789,-12.44245433807373,-11.947932243347168,-11.76364517211914,-11.783044815063477,-12.766419410705566,-13.450300216674805,-12.33029556274414,-11.388715744018555,-11.111063957214355,-10.440042495727539,-9.68001651763916,-8.818923950195312,-6.889022350311279,-5.7305426597595215,-5.074122428894043,-7.0429301261901855,-7.016279220581055,-6.865133762359619,-7.046005725860596,-6.019301891326904,-4.132488250732422,-2.1736700534820557,0.16855967044830322,-0.42193734645843506,-2.828352689743042,-3.9062411785125732,-4.916152477264404,-7.416438579559326,-9.71025276184082
-13.45132064819336,-12.065457344055176,-9.487776756286621,-9.281878471374512,-13.279425621032715,-16.0538387298584,-17.666996002197266,-18.63788604736328,-18.64748191833496,-17.544580459594727,-16.779338836669922,-16.536605834960938,-16.169795989990234,-15.075325965881348,-14.368513107299805,-14.373598098754883,-14.770916938781738,-14.112274169921875,-11.950887680053711,-8.765623092651367,-7.977282524108887,-6.753220558166504,-5.661975860595703,-5.314877033233643,-3.305173873901367,-7.06208610534668,-4.959491729736328,-2.8715131282806396,1.7584991455078125,-6.8845062255859375,-5.071547031402588,-5.04042387008667,-3.6796910762786865,-0.9940388798713684,0.6019815802574158,-2.2106692790985107,-2.19748592376709,-2.5746304988861084,-5.603079795837402,-4.4610090255737305,-3.467226982116699,-8.051011085510254,-12.140789031982422
-13.015101432800293,-13.97154426574707,-11.198382377624512,-10.251907348632812,-13.6907958984375,-16.528968811035156,-18.68379783630371,-20.081907272338867,-20.342681884765625,-18.89615249633789,-16.80215835571289,-13.748719215393066,-11.564181327819824,-12.614062309265137,-12.203892707824707,-11.976344108581543,-11.55518627166748,-11.059714317321777,-10.201807975769043,-8.996593475341797,-7.498279094696045,-6.474405288696289,-5.113344669342041,-4.592929840087891,-3.2887814044952393,-3.6799404621124268,-2.8865678310394287,-2.145550489425659,-0.7904432415962219,-1.300500750541687,-0.3019719123840332,-0.8123942613601685,-0.44230833649635315,0.2889014482498169,1.4512962102890015,-0.892902135848999,-1.3850315809249878,-4.577413558959961,-8.886034965515137,-8.43880558013916,-3.3884708881378174,-5.478048324584961,-10.52513599395752
