data/wind_data/wind_44_8.json
{"header": {"parameterUnit": "KT", "parameterCategory": 2, "nx": 256, "ny": 198, "lo1": 44.73521041870117, "la1": -3.236724853515625, "lo2": 111.26478576660156, "la2": 43.468475341796875, "dx": 0.2609002888202667, "dy": -0.23708222806453705, "refTime": "2025-02-20 20:00:00", "forecastTime": 0, "parameterNumber": 2, "parameterNumberName": "eastward_wind"}, "data":
[rows 152 to 170 of 198, columns 88 to 131 of 256]
43.594390869140625,44.63584518432617,44.06257247924805,37.580074310302734,32.95425033569336,37.34397888183594,45.47069549560547,48.802162170410156,46.77114486694336,42.621883392333984,39.69331359863281,38.483360290527344,38.11992263793945,37.6755485534668,36.47890090942383,36.12385177612305,37.43898391723633,39.35429763793945,40.209075927734375,39.29484939575195,37.13815689086914,35.22028732299805,34.765647888183594,35.15180206298828,35.66542053222656,35.836822509765625,35.54308319091797,35.66191101074219,36.370140075683594,36.93582534790039,36.85670852661133,36.462154388427734,35.700435638427734,34.242130279541016,33.18288803100586,33.696590423583984,35.200016021728516,36.7359619140625,38.5029182434082,41.482818603515625,44.04220199584961,43.987449645996094,43.32402801513672,43.018760681152344
41.6973991394043,43.13835525512695,45.6942138671875,41.46620178222656,31.42681121826172,29.51551628112793,38.15157699584961,46.27431869506836,47.95450210571289,44.87208938598633,40.84882736206055,38.897037506103516,39.04343795776367,39.02880096435547,37.1377067565918,34.82931137084961,34.306884765625,35.41970443725586,36.85420227050781,37.7751350402832,37.8732795715332,37.34984588623047,36.76102828979492,35.991458892822266,35.230628967285156,34.981815338134766,34.827083587646484,34.81996154785156,35.313228607177734,35.838077545166016,35.89128494262695,35.78249740600586,36.004661560058594,35.72201919555664,34.28009033203125,33.42885971069336,34.35460662841797,36.403079986572266,39.362056732177734,42.80284118652344,45.172454833984375,45.00432205200195,42.69157028198242,40.090599060058594
41.149635314941406,42.01653289794922,44.7475471496582,44.381595611572266,36.16371536254883,27.71442222595215,30.453683853149414,39.913089752197266,46.34637451171875,46.2330322265625,42.808937072753906,40.03450393676758,39.60698699951172,40.1117057800293,38.608455657958984,35.65840148925781,33.79469680786133,33.26609802246094,33.7148551940918,35.055171966552734,36.74013900756836,38.1138916015625,38.55064010620117,37.225406646728516,35.042964935302734,33.94673156738281,33.7999382019043,33.65955352783203,33.88131332397461,34.3575439453125,34.717002868652344,35.30424880981445,36.09817886352539,35.99445724487305,34.57084655761719,33.53874206542969,34.32514190673828,36.66790771484375,39.59226989746094,42.351806640625,44.79696273803711,46.719276428222656,45.31388473510742,40.29667663574219
40.74773406982422,40.44496536254883,42.786766052246094,45.200801849365234,41.51365280151367,33.08332824707031,28.859251022338867,33.986305236816406,41.88794708251953,45.61817169189453,44.75315856933594,42.08762741088867,40.58559036254883,40.49030303955078,39.247886657714844,36.04816818237305,32.95411682128906,31.57586669921875,31.834270477294922,33.419151306152344,35.70265197753906,37.93659210205078,39.318546295166016,38.456390380859375,35.8273811340332,33.84392166137695,33.40668869018555,33.3958625793457,33.35475540161133,33.7724494934082,34.89777374267578,36.110416412353516,36.62250900268555,36.24852752685547,35.41172790527344,34.5738410949707,34.488502502441406,36.1126823425293,38.751399993896484,41.25099182128906,44.07772445678711,47.072269439697266,46.877750396728516,41.82249450683594
40.0736198425293,39.243385314941406,40.306488037109375,43.47819900512695,44.69337463378906,39.51559066772461,32.26002883911133,31.160917282104492,36.39248275756836,41.42337417602539,43.390750885009766,42.81599807739258,41.609718322753906,41.231632232666016,40.051300048828125,37.23621368408203,33.08761978149414,29.166074752807617,28.588014602661133,31.087831497192383,34.41398239135742,37.18836975097656,39.10908126831055,39.251625061035156,37.33718490600586,35.03323745727539,34.01995086669922,33.94385528564453,33.82435989379883,34.164276123046875,35.65471267700195,37.14881896972656,37.62411880493164,37.50223922729492,37.057403564453125,36.033424377441406,35.16514205932617,36.040767669677734,38.10517883300781,40.02102279663086,42.38589096069336,45.05451202392578,45.75300598144531,42.7514533996582
39.41171646118164,38.914066314697266,38.740318298339844,40.163429260253906,43.47190856933594,44.415618896484375,39.222103118896484,33.17426681518555,32.51338195800781,35.47819137573242,37.73476028442383,38.70488739013672,39.3231086730957,41.013919830322266,41.5212516784668,39.31024169921875,35.80389404296875,30.933998107910156,27.162513732910156,28.123350143432617,31.78926658630371,35.29838562011719,37.91404724121094,39.21555709838867,38.523780822753906,36.5153694152832,35.07441329956055,34.68991470336914,34.35165023803711,34.40652847290039,35.96852493286133,37.8669319152832,38.739776611328125,38.7580680847168,38.20922088623047,37.26735305786133,36.73121643066406,37.36467361450195,38.33772277832031,38.655582427978516,39.31987762451172,41.323551177978516,43.36585235595703,42.54511260986328
39.12941360473633,38.081878662109375,37.42097854614258,37.79560470581055,40.64804458618164,44.65956115722656,45.048973083496094,39.64004898071289,33.99787902832031,31.681087493896484,31.796977996826172,32.45449447631836,33.56846618652344,36.452091217041016,40.64183807373047,41.32878494262695,38.866329193115234,35.81689453125,32.31222152709961,30.013965606689453,30.604589462280273,33.08384704589844,35.9412841796875,38.003578186035156,38.367347717285156,37.158538818359375,35.660057067871094,34.933815002441406,34.45354080200195,34.278770446777344,35.74837112426758,38.087215423583984,39.32143783569336,39.28596115112305,38.865936279296875,38.760318756103516,39.048091888427734,39.16929626464844,38.60362243652344,37.472721099853516,36.99460983276367,38.36331558227539,40.40831756591797,40.42653274536133
39.2631950378418,36.906978607177734,36.36293029785156,37.00727462768555,39.08138656616211,42.833473205566406,45.63721466064453,44.269535064697266,38.81935119628906,33.63107681274414,30.76043701171875,30.456581115722656,30.752153396606445,32.280723571777344,36.46723937988281,40.62357711791992,40.336097717285156,38.33009338378906,37.61747360229492,37.04970169067383,35.48928451538086,34.447689056396484,35.156131744384766,36.549041748046875,37.14077377319336,36.45362091064453,35.08055114746094,34.25303649902344,33.89726257324219,33.74810028076172,35.04664993286133,37.75536346435547,39.60503387451172,39.67697525024414,39.56574630737305,40.46333312988281,41.0876350402832,40.05038070678711,38.17747116088867,36.81702423095703,36.52701950073242,37.0260009765625,37.51333999633789,37.568965911865234
39.235870361328125,37.013668060302734,36.77410888671875,37.3428840637207,38.186317443847656,40.776275634765625,44.253360748291016,45.079200744628906,42.207889556884766,37.416526794433594,33.526466369628906,32.48255157470703,33.30131149291992,33.34793472290039,34.85321044921875,38.16006851196289,39.832271575927734,39.14238357543945,39.161048889160156,40.06665802001953,39.98438262939453,38.5772819519043,37.38072967529297,37.040706634521484,36.75953674316406,35.65422439575195,33.965450286865234,33.033897399902344,32.9057731628418,33.01838302612305,34.38579177856445,37.27526092529297,39.9501838684082,40.78227615356445,40.88948440551758,41.717613220214844,41.6645622253418,39.71371841430664,37.573204040527344,36.7811279296875,37.169456481933594,37.29187774658203,36.53500747680664,36.1925048828125
39.56874084472656,38.3040657043457,38.130130767822266,38.06486892700195,38.012386322021484,39.43744659423828,42.64533996582031,44.80476379394531,43.52955627441406,40.13227462768555,36.53369140625,34.6641845703125,35.318359375,36.070552825927734,36.12547302246094,37.59823989868164,39.04249954223633,38.56606674194336,38.74971389770508,40.32258987426758,40.93039321899414,40.05451583862305,38.93989944458008,38.34153747558594,37.69126892089844,36.11884689331055,33.95719528198242,32.65561294555664,32.41460418701172,32.608306884765625,34.17680740356445,37.368282318115234,40.57315444946289,42.024940490722656,42.123695373535156,42.20366287231445,41.33315658569336,39.021419525146484,37.04745864868164,36.939876556396484,38.1591796875,38.675148010253906,37.557823181152344,36.50463104248047
40.06890869140625,39.514442443847656,39.41422653198242,39.06147766113281,38.75569152832031,39.52989959716797,41.740623474121094,44.06221389770508,43.986000061035156,41.6437873840332,38.897342681884766,36.88532257080078,36.733154296875,37.458343505859375,37.29622268676758,37.44078826904297,38.475830078125,38.39247131347656,37.8598747253418,39.07950210571289,40.50950241088867,40.29035568237305,39.182926177978516,38.49298858642578,38.13474655151367,36.975345611572266,34.894046783447266,33.359867095947266,32.89684295654297,33.01593780517578,34.731353759765625,38.28876495361328,41.59787368774414,42.78351593017578,42.319358825683594,41.74518966674805,40.7734489440918,38.77788162231445,36.90953063964844,36.94492721557617,38.58232498168945,39.621917724609375,38.94831466674805,37.82686996459961
40.48530960083008,40.248199462890625,40.38542175292969,40.25408172607422,40.0935173034668,40.55257034301758,41.70246505737305,43.09979248046875,43.63520812988281,42.792755126953125,41.12168502807617,39.1246337890625,38.10319900512695,38.39595031738281,38.39994430541992,37.92333221435547,37.80836486816406,37.524017333984375,37.281673431396484,38.26504135131836,39.65516662597656,39.94300842285156,39.1245231628418,38.326988220214844,38.07781219482422,37.47580337524414,35.97600173950195,34.56157684326172,33.966434478759766,34.23442840576172,36.09537887573242,39.587799072265625,42.726688385009766,43.22585678100586,41.61625289916992,40.32266616821289,40.135833740234375,39.6423454284668,38.28936767578125,37.72378158569336,38.49850845336914,39.34128952026367,39.62926483154297,38.960365295410156
41.12129211425781,40.86357116699219,40.908084869384766,41.14982604980469,41.4119758605957,41.668968200683594,41.98684310913086,42.49175262451172,43.015663146972656,43.16291046142578,42.709877014160156,41.29689025878906,39.66610336303711,39.137943267822266,39.284996032714844,39.24060821533203,38.62675857543945,37.30252456665039,36.47454071044922,37.38581848144531,38.9161491394043,39.41852569580078,38.894081115722656,38.281314849853516,38.22880935668945,38.07814025878906,37.176456451416016,36.05299758911133,35.474456787109375,36.11446762084961,38.00107192993164,40.66968536376953,43.2547492980957,43.58594512939453,41.24103546142578,39.11214828491211,39.44852828979492,40.543792724609375,40.227508544921875,39.0825309753418,38.44016647338867,38.71580505371094,39.335853576660156,39.11704635620117
41.44894027709961,41.099754333496094,41.2047233581543,41.78928756713867,42.25676727294922,42.22038650512695,42.055015563964844,42.33466339111328,42.9600830078125,43.32802963256836,43.199947357177734,42.43431091308594,41.03023147583008,39.913692474365234,39.76496124267578,40.21467590332031,40.11726760864258,38.599849700927734,36.75111770629883,36.585811614990234,37.80854034423828,38.623138427734375,38.58279800415039,38.37865447998047,38.54799270629883,38.760860443115234,38.45463180541992,37.75647735595703,37.53724670410156,38.48537826538086,39.8512077331543,41.12050247192383,42.896366119384766,43.89430236816406,42.38783645629883,39.60550308227539,38.63258743286133,39.806541442871094,40.54256820678711,39.79507064819336,38.78750228881836,38.601314544677734,38.954864501953125,39.10734939575195
41.10757827758789,40.83524703979492,41.3369140625,42.251014709472656,42.71826171875,42.39369583129883,42.02446746826172,42.460933685302734,43.45526885986328,43.82780456542969,43.29964065551758,42.538330078125,41.63465881347656,40.61869812011719,40.26827621459961,40.844112396240234,41.203643798828125,40.155242919921875,38.112701416015625,36.892581939697266,37.0728874206543,37.61555862426758,37.968257904052734,38.37114334106445,39.01541519165039,39.65464782714844,39.71926498413086,39.4337158203125,39.83345031738281,40.77487564086914,41.215946197509766,41.362892150878906,42.423973083496094,43.98978042602539,44.001983642578125,41.26372528076172,38.37965393066406,37.9952278137207,38.86852264404297,39.180362701416016,38.947200775146484,38.71073913574219,38.60517501831055,38.48942947387695
40.55833435058594,40.58866500854492,41.37763595581055,42.39994430541992,42.904571533203125,42.63298416137695,42.33646011352539,42.80588912963867,43.87248229980469,44.212581634521484,43.39298629760742,42.37947463989258,41.784515380859375,41.21101760864258,40.955848693847656,41.419979095458984,41.7940559387207,40.98955535888672,39.39860153198242,38.22780227661133,37.713924407958984,37.29693603515625,37.26042938232422,38.10514450073242,39.534584045410156,40.74024200439453,40.996009826660156,40.94849395751953,41.66437911987305,42.50615310668945,42.52036666870117,42.08784484863281,42.351165771484375,43.51702117919922,44.265689849853516,42.50910949707031,39.101932525634766,36.83228302001953,36.60868453979492,37.44183349609375,38.28184127807617,38.481754302978516,38.03684616088867,37.61544418334961
40.4243278503418,40.82022476196289,41.62904357910156,42.40791702270508,42.825408935546875,42.8437614440918,42.851383209228516,43.196617126464844,43.85728073120117,44.00596237182617,43.309043884277344,42.436424255371094,42.06691360473633,41.906982421875,41.803836822509766,41.96074676513672,41.93085479736328,41.03926467895508,39.98727798461914,39.54410171508789,39.3031120300293,38.36017608642578,37.3310546875,37.834842681884766,39.806007385253906,41.684146881103516,42.17798614501953,41.984352111816406,42.63800811767578,43.737274169921875,43.81056594848633,42.80922317504883,42.29555130004883,42.869659423828125,43.43174362182617,42.22884750366211,39.17133331298828,36.230323791503906,35.15110397338867,35.88577651977539,37.1832275390625,37.689857482910156,37.305259704589844,36.95992660522461
40.79325485229492,41.42774963378906,42.03171920776367,42.3956298828125,42.612186431884766,42.817420959472656,42.993751525878906,43.10166549682617,43.30644607543945,43.33386993408203,43.09059143066406,42.82329177856445,42.793243408203125,42.83933639526367,42.637977600097656,42.310874938964844,41.69678497314453,40.649662017822266,39.93967819213867,40.26396179199219,40.82651138305664,40.17571258544922,38.47361755371094,38.04067611694336,39.79842758178711,41.91938018798828,42.65390396118164,42.7373046875,43.40468978881836,44.163761138916016,44.1006965637207,43.20504379272461,42.47591018676758,42.267967224121094,41.89609909057617,40.55851364135742,38.17953872680664,35.670894622802734,34.43696212768555,34.78635787963867,35.81410217285156,36.391048431396484,36.401004791259766,36.55427169799805
41.40610122680664,42.067283630371094,42.35683822631836,42.39241027832031,42.417762756347656,42.47184753417969,42.39345169067383,42.21090316772461,42.30833053588867,42.600711822509766,43.014892578125,43.50696563720703,43.95726776123047,43.98124313354492,43.30776596069336,42.28422927856445,41.185577392578125,40.147953033447266,39.79145431518555,40.46782684326172,41.50429916381836,41.5296516418457,40.09275436401367,39.009185791015625,39.85529708862305,41.362815856933594,42.366153717041016,43.505401611328125,43.97579574584961,43.51359939575195,43.173866271972656,42.97492218017578,42.49011993408203,41.51944351196289,40.182281494140625,38.7115592956543,37.12478256225586,35.34284210205078,33.89713668823242,33.50861740112305,34.006771087646484,34.649879455566406,35.153343200683594,35.9864387512207
