data/wind_data/wind_37_4.json
{"header": {"parameterUnit": "KT", "parameterCategory": 2, "nx": 256, "ny": 198, "lo1": 44.73521041870117, "la1": -3.236724853515625, "lo2": 111.26478576660156, "la2": 43.468475341796875, "dx": 0.2609002888202667, "dy": -0.23708222806453705, "refTime": "2025-02-20 13:00:00", "forecastTime": 0, "parameterNumber": 2, "parameterNumberName": "eastward_wind"}, "data":
[rows 57 to 75 of 198, columns 44 to 87 of 256]
-11.467214584350586,-10.97279167175293,-10.499985694885254,-10.174681663513184,-10.078160285949707,-10.08828067779541,-10.161890029907227,-10.293146133422852,-10.510635375976562,-10.816123008728027,-11.035384178161621,-11.17241096496582,-11.263022422790527,-11.39814281463623,-11.603475570678711,-11.69498062133789,-11.687996864318848,-11.57870101928711,-11.346651077270508,-11.047110557556152,-10.779316902160645,-10.55349063873291,-10.308276176452637,-9.949378967285156,-9.825789451599121,-9.905389785766602,-10.013716697692871,-9.907724380493164,-9.64140796661377,-9.451987266540527,-9.459226608276367,-9.451275825500488,-9.272680282592773,-9.059815406799316,-8.754002571105957,-8.52360725402832,-8.44083309173584,-8.565746307373047,-8.742563247680664,-8.733861923217773,-8.557099342346191,-8.539839744567871,-8.613945007324219,-8.582307815551758
-12.350543975830078,-11.83575439453125,-11.248394966125488,-10.62997055053711,-10.181228637695312,-9.902166366577148,-9.755035400390625,-9.660436630249023,-9.679866790771484,-9.940013885498047,-10.27991008758545,-10.522846221923828,-10.544295310974121,-10.529166221618652,-10.559240341186523,-10.55508041381836,-10.55766487121582,-10.53955078125,-10.43091869354248,-10.137655258178711,-9.746332168579102,-9.508090019226074,-9.433046340942383,-9.337430953979492,-9.252923011779785,-9.270064353942871,-9.362556457519531,-9.383981704711914,-9.155021667480469,-8.913172721862793,-8.766456604003906,-8.718581199645996,-8.588922500610352,-8.431535720825195,-8.170557975769043,-7.844237804412842,-7.743351936340332,-7.803833484649658,-7.990962505340576,-8.023721694946289,-7.958785057067871,-7.915261745452881,-7.847375392913818,-7.709508419036865
-13.33198070526123,-12.79736328125,-12.16376781463623,-11.38217544555664,-10.594396591186523,-10.016790390014648,-9.556612968444824,-9.22370719909668,-9.061027526855469,-9.17105484008789,-9.434775352478027,-9.640176773071289,-9.749781608581543,-9.763740539550781,-9.729772567749023,-9.573431968688965,-9.400467872619629,-9.291187286376953,-9.224961280822754,-9.121925354003906,-8.905324935913086,-8.728511810302734,-8.633355140686035,-8.608146667480469,-8.545851707458496,-8.526993751525879,-8.591350555419922,-8.705596923828125,-8.62053394317627,-8.29497241973877,-8.013021469116211,-7.89886999130249,-7.840335369110107,-7.736783504486084,-7.69970703125,-7.421557903289795,-7.263655185699463,-7.2220001220703125,-7.229254245758057,-7.257086753845215,-7.23329496383667,-7.243539333343506,-7.208378314971924,-7.103176593780518
-13.999544143676758,-13.488790512084961,-12.840644836425781,-12.052485466003418,-11.153388977050781,-10.397677421569824,-9.781384468078613,-9.188180923461914,-8.832334518432617,-8.66124439239502,-8.638931274414062,-8.718419075012207,-8.779875755310059,-8.82110595703125,-8.794268608093262,-8.631054878234863,-8.492409706115723,-8.292915344238281,-8.047053337097168,-7.971423625946045,-7.988368988037109,-7.922609329223633,-7.862377166748047,-7.697434902191162,-7.542332649230957,-7.419148921966553,-7.474429130554199,-7.575536251068115,-7.698460102081299,-7.591732501983643,-7.4277825355529785,-7.119688510894775,-6.996796607971191,-6.955199241638184,-6.8825531005859375,-6.806753158569336,-6.664734840393066,-6.470786094665527,-6.304385662078857,-6.222729682922363,-6.232712745666504,-6.318569660186768,-6.364826679229736,-6.299657344818115
-14.289994239807129,-13.80687427520752,-13.184118270874023,-12.444180488586426,-11.614394187927246,-10.809294700622559,-10.135976791381836,-9.472811698913574,-8.920976638793945,-8.498126983642578,-8.28398323059082,-8.161423683166504,-8.09588623046875,-7.933873176574707,-7.698777198791504,-7.503461837768555,-7.466301441192627,-7.455588340759277,-7.328782081604004,-7.1303205490112305,-6.9437785148620605,-6.8774213790893555,-6.884754657745361,-6.652251243591309,-6.519853115081787,-6.4167280197143555,-6.507522106170654,-6.606244087219238,-6.68959903717041,-6.566829204559326,-6.451956272125244,-6.382917404174805,-6.306912899017334,-6.193270683288574,-5.979687690734863,-5.807491779327393,-5.690313816070557,-5.4789204597473145,-5.291247844696045,-5.187331676483154,-5.171114921569824,-5.212410926818848,-5.256684303283691,-5.259142875671387
-14.086252212524414,-13.65556812286377,-13.133156776428223,-12.524227142333984,-11.839494705200195,-11.100557327270508,-10.363879203796387,-9.648876190185547,-9.016837120056152,-8.496474266052246,-8.11953353881836,-7.86903190612793,-7.690337181091309,-7.411830902099609,-7.001563549041748,-6.652266502380371,-6.520332336425781,-6.568230152130127,-6.592813014984131,-6.42628288269043,-6.142350673675537,-5.99563455581665,-5.9723896980285645,-5.884777545928955,-5.828772068023682,-5.614831924438477,-5.480560302734375,-5.6459641456604,-5.690311908721924,-5.47160530090332,-5.290633678436279,-5.21235990524292,-5.284942626953125,-5.288259029388428,-5.234269142150879,-5.03675651550293,-4.725115776062012,-4.415421962738037,-4.254992961883545,-4.223942279815674,-4.233713150024414,-4.208375930786133,-4.137601852416992,-4.080495357513428
-13.492642402648926,-13.204955101013184,-12.840889930725098,-12.3483304977417,-11.765580177307129,-11.085519790649414,-10.32776165008545,-9.586092948913574,-8.961298942565918,-8.438006401062012,-8.012978553771973,-7.623575687408447,-7.23079776763916,-6.781661033630371,-6.330241680145264,-5.995941162109375,-5.88893985748291,-5.9133148193359375,-5.84003210067749,-5.634871482849121,-5.421163082122803,-5.279805660247803,-5.176992416381836,-5.119697093963623,-5.107722759246826,-4.936037540435791,-4.719527721405029,-4.658627510070801,-4.57817268371582,-4.407388210296631,-4.2049760818481445,-4.135470390319824,-4.083444118499756,-4.065555095672607,-4.1601996421813965,-4.08424186706543,-3.872539758682251,-3.455204486846924,-3.223355531692505,-3.160614013671875,-3.1187551021575928,-3.144739866256714,-3.085646390914917,-2.8976521492004395
-12.592122077941895,-12.598783493041992,-12.410848617553711,-12.042729377746582,-11.530442237854004,-10.8880615234375,-10.166339874267578,-9.37119197845459,-8.690093994140625,-8.171092987060547,-7.738142490386963,-7.300824165344238,-6.80391788482666,-6.264152526855469,-5.7944207191467285,-5.4994988441467285,-5.409108638763428,-5.356998920440674,-5.204895973205566,-4.987502098083496,-4.77369499206543,-4.543475151062012,-4.2941741943359375,-4.149363040924072,-4.113419532775879,-4.018171787261963,-3.8916513919830322,-3.709750175476074,-3.49092960357666,-3.2992758750915527,-3.196697473526001,-3.140829563140869,-3.084975004196167,-3.0770630836486816,-3.1136574745178223,-3.006747007369995,-2.7755184173583984,-2.4626638889312744,-2.1154592037200928,-1.8830130100250244,-1.7375644445419312,-1.7028841972351074,-1.7610129117965698,-1.7259427309036255
-11.401473045349121,-11.610018730163574,-11.685063362121582,-11.490033149719238,-11.102438926696777,-10.587486267089844,-9.936092376708984,-9.152679443359375,-8.421217918395996,-7.803680419921875,-7.305777072906494,-6.8950653076171875,-6.449522972106934,-5.929214954376221,-5.421138286590576,-5.052696704864502,-4.8921966552734375,-4.826602458953857,-4.713625907897949,-4.499338150024414,-4.232609272003174,-3.98725962638855,-3.7817091941833496,-3.606029748916626,-3.4115285873413086,-3.1812386512756348,-2.9476985931396484,-2.715005874633789,-2.4992425441741943,-2.3515889644622803,-2.268472194671631,-2.164584159851074,-2.0283403396606445,-1.9302748441696167,-1.7986528873443604,-1.6631340980529785,-1.4916309118270874,-1.273119568824768,-1.0238006114959717,-0.7573370337486267,-0.4753362238407135,-0.35101795196533203,-0.4009781777858734,-0.5128709077835083
-10.312809944152832,-10.366071701049805,-10.494937896728516,-10.500572204589844,-10.342975616455078,-10.019142150878906,-9.506383895874023,-8.827343940734863,-8.175081253051758,-7.569941997528076,-7.022947311401367,-6.595662593841553,-6.1680169105529785,-5.6417131423950195,-5.103971481323242,-4.671278476715088,-4.458128929138184,-4.394900798797607,-4.2808709144592285,-4.02263879776001,-3.7075307369232178,-3.4338490962982178,-3.1827361583709717,-2.9584858417510986,-2.765589714050293,-2.557116985321045,-2.304328441619873,-2.017134428024292,-1.7516441345214844,-1.556227684020996,-1.5139986276626587,-1.4998136758804321,-1.3626365661621094,-1.1308563947677612,-0.8486536145210266,-0.5263669490814209,-0.20171427726745605,0.06559206545352936,0.210002601146698,0.33322814106941223,0.499729722738266,0.6126213669776917,0.6257539987564087,0.5741454362869263
-9.575886726379395,-9.447875022888184,-9.376001358032227,-9.300310134887695,-9.142365455627441,-8.935745239257812,-8.650288581848145,-8.2568359375,-7.834901809692383,-7.391412258148193,-6.917774200439453,-6.480738162994385,-6.045887470245361,-5.514917373657227,-4.999547004699707,-4.567576885223389,-4.283978462219238,-4.07568359375,-3.8320188522338867,-3.529913902282715,-3.202796697616577,-2.875168800354004,-2.5218167304992676,-2.1869916915893555,-1.9352991580963135,-1.7469072341918945,-1.5994060039520264,-1.4244850873947144,-1.2348605394363403,-1.066949725151062,-0.9025668501853943,-0.8374446630477905,-0.6619603037834167,-0.37949463725090027,-0.022868433967232704,0.3496514856815338,0.7012580633163452,1.0759971141815186,1.3687796592712402,1.5063931941986084,1.581120491027832,1.7042640447616577,1.804362416267395,1.8714276552200317
-8.786602020263672,-8.724051475524902,-8.547812461853027,-8.325671195983887,-8.046884536743164,-7.7297468185424805,-7.479440689086914,-7.296329498291016,-7.153797149658203,-7.000916481018066,-6.766310691833496,-6.428830146789551,-6.005585193634033,-5.5191473960876465,-5.050607681274414,-4.633288383483887,-4.272739410400391,-3.9083571434020996,-3.523806571960449,-3.1664090156555176,-2.8116631507873535,-2.4334239959716797,-2.062514305114746,-1.746653437614441,-1.4916845560073853,-1.2643884420394897,-1.0780415534973145,-0.9223292469978333,-0.7855739593505859,-0.661220908164978,-0.5100040435791016,-0.28318238258361816,0.03658778965473175,0.4692693054676056,0.8921132683753967,1.223586082458496,1.490740418434143,1.8024623394012451,2.142920732498169,2.475033760070801,2.71065616607666,2.904575824737549,3.130063772201538,3.350539207458496
-7.775705814361572,-7.774868011474609,-7.650921821594238,-7.448511123657227,-7.143592834472656,-6.740434646606445,-6.385190963745117,-6.188055992126465,-6.161600112915039,-6.2299675941467285,-6.291116714477539,-6.245865345001221,-5.841001987457275,-5.383171081542969,-4.91519021987915,-4.515045166015625,-4.130326747894287,-3.7221150398254395,-3.2866365909576416,-2.8210599422454834,-2.379875659942627,-2.005852699279785,-1.725968837738037,-1.502390742301941,-1.2664577960968018,-0.9689527750015259,-0.7065296769142151,-0.540621817111969,-0.4424014389514923,-0.3432793617248535,-0.1745312660932541,0.10019972175359726,0.5224933624267578,1.0529671907424927,1.586233377456665,2.027784585952759,2.348742961883545,2.6045703887939453,2.8776607513427734,3.2296435832977295,3.5953431129455566,3.86421799659729,4.137901782989502,4.493009567260742
-6.74336051940918,-6.7515692710876465,-6.709120273590088,-6.570956230163574,-6.2881975173950195,-5.886861801147461,-5.476591110229492,-5.218151569366455,-5.220739841461182,-5.366386890411377,-5.524505615234375,-5.5756449699401855,-5.328988552093506,-4.943902492523193,-4.5225958824157715,-4.065277576446533,-3.63773250579834,-3.1830992698669434,-2.686662435531616,-2.2001209259033203,-1.8122389316558838,-1.5563905239105225,-1.3817591667175293,-1.2101866006851196,-0.9802367091178894,-0.7008036971092224,-0.451494961977005,-0.2587087154388428,-0.13340018689632416,-0.06398274004459381,0.017615104094147682,0.24049696326255798,0.64926677942276,1.1859861612319946,1.7581268548965454,2.301143169403076,2.817561388015747,3.260211706161499,3.621978998184204,3.9322285652160645,4.279358863830566,4.573767185211182,4.856226444244385,5.252633571624756
-5.645889759063721,-5.7218852043151855,-5.756597518920898,-5.6446685791015625,-5.369415760040283,-5.025782108306885,-4.693279266357422,-4.51626443862915,-4.572137832641602,-4.768447399139404,-4.900352954864502,-4.815407752990723,-4.5272908210754395,-4.16869592666626,-3.814009666442871,-3.3498690128326416,-2.8132588863372803,-2.2979979515075684,-1.7463793754577637,-1.279956579208374,-0.9620891809463501,-0.8706427216529846,-0.8710243105888367,-0.7771248817443848,-0.5598048567771912,-0.26676425337791443,-0.02902366779744625,0.1435661017894745,0.2401115894317627,0.2793152928352356,0.30015501379966736,0.38052627444267273,0.6167329549789429,1.047370433807373,1.540795922279358,2.05361008644104,2.592475652694702,3.100309371948242,3.5728657245635986,4.005486965179443,4.427021026611328,4.857182025909424,5.27379035949707,5.723561763763428
-4.384836673736572,-4.5345306396484375,-4.629884243011475,-4.56274938583374,-4.330707550048828,-4.088830471038818,-3.9214019775390625,-3.8965234756469727,-4.065021991729736,-4.3277130126953125,-4.4348249435424805,-4.239381790161133,-3.825835704803467,-3.3882033824920654,-2.921755313873291,-2.4076075553894043,-1.849448561668396,-1.3085625171661377,-0.7742663621902466,-0.32267487049102783,-0.07047402113676071,-0.00957257580012083,-0.05985892191529274,-0.040856681764125824,0.12745077908039093,0.3361877202987671,0.5291563272476196,0.6426848769187927,0.7061058282852173,0.7058454751968384,0.7177667617797852,0.7895312309265137,0.9234548211097717,1.1713625192642212,1.4643511772155762,1.817454218864441,2.1943390369415283,2.589489459991455,2.9881980419158936,3.4007091522216797,3.870133638381958,4.37790060043335,4.894973278045654,5.422484397888184
-3.0784714221954346,-3.277390241622925,-3.413552761077881,-3.3788411617279053,-3.2088100910186768,-3.0492374897003174,-3.0277349948883057,-3.195277452468872,-3.5337133407592773,-3.8083672523498535,-3.7968502044677734,-3.48987078666687,-3.0402004718780518,-2.5527563095092773,-2.0347015857696533,-1.4883108139038086,-0.9070495963096619,-0.31765085458755493,0.182684063911438,0.5375089049339294,0.741528332233429,0.7754557728767395,0.7809650301933289,0.8384475708007812,0.9919685125350952,1.1707357168197632,1.2765605449676514,1.2736399173736572,1.2225130796432495,1.184887409210205,1.2308083772659302,1.375915765762329,1.5987893342971802,1.8369609117507935,2.026144504547119,2.157676935195923,2.2869739532470703,2.498914957046509,2.806164264678955,3.1593611240386963,3.5449483394622803,3.9594333171844482,4.382180213928223,4.762260437011719
-1.7875536680221558,-2.070186138153076,-2.225682258605957,-2.196254253387451,-2.0556318759918213,-1.9634153842926025,-2.0705173015594482,-2.411316394805908,-2.8524115085601807,-3.111189365386963,-3.0176405906677246,-2.6405696868896484,-2.1447911262512207,-1.6010650396347046,-1.062453269958496,-0.5187080502510071,0.06790801137685776,0.6403025388717651,1.0772939920425415,1.3432127237319946,1.4945541620254517,1.5531474351882935,1.6242601871490479,1.7227816581726074,1.8474186658859253,1.946022629737854,1.9611380100250244,1.9049030542373657,1.8298218250274658,1.8220794200897217,1.9546197652816772,2.23319411277771,2.576300859451294,2.8656418323516846,2.9931371212005615,2.960031509399414,2.912205696105957,3.0140819549560547,3.272125720977783,3.6043388843536377,3.937843084335327,4.223119735717773,4.421114444732666,4.504288196563721
-0.43208974599838257,-0.8477201461791992,-1.081261396408081,-1.094286322593689,-0.9933184385299683,-0.9763728380203247,-1.1833651065826416,-1.5896193981170654,-1.990427851676941,-2.1633403301239014,-2.048480987548828,-1.6910533905029297,-1.2061904668807983,-0.676162600517273,-0.13908430933952332,0.41679447889328003,1.016067624092102,1.5487604141235352,1.9345647096633911,2.1800737380981445,2.3496155738830566,2.475637435913086,2.5927679538726807,2.664804220199585,2.6834535598754883,2.654773712158203,2.5995452404022217,2.5598933696746826,2.5795400142669678,2.69258713722229,2.935652256011963,3.3105149269104004,3.7100942134857178,3.9841809272766113,4.040813446044922,3.938065528869629,3.834623336791992,3.884307622909546,4.125982761383057,4.489893436431885,4.8529181480407715,5.0970282554626465,5.157077312469482,5.039201259613037
