data/wind_data/wind_64_4.json
{"header": {"parameterUnit": "KT", "parameterCategory": 2, "nx": 256, "ny": 198, "lo1": 44.73521041870117, "la1": -3.236724853515625, "lo2": 111.26478576660156, "la2": 43.468475341796875, "dx": 0.2609002888202667, "dy": -0.23708222806453705, "refTime": "2025-02-21 16:00:00", "forecastTime": 0, "parameterNumber": 2, "parameterNumberName": "eastward_wind"}, "data":
[rows 133 to 151 of 198, columns 88 to 131 of 256]
41.72644805908203,37.24949645996094,34.51176834106445,32.228111267089844,29.711488723754883,28.7702693939209,31.529102325439453,37.08414840698242,40.04616165161133,32.38394546508789,20.6084041595459,12.645060539245605,11.625657081604004,16.430814743041992,19.403024673461914,19.91804313659668,20.673917770385742,22.537094116210938,24.442909240722656,25.367408752441406,25.29833984375,24.86631202697754,24.049646377563477,22.67511749267578,21.572376251220703,21.11215591430664,20.81499481201172,20.635988235473633,20.17335319519043,18.774625778198242,16.480316162109375,14.55939769744873,13.587190628051758,13.091780662536621,11.877272605895996,10.822807312011719,11.63099479675293,12.282378196716309,11.811840057373047,9.933260917663574,8.720101356506348,8.296102523803711,8.990592002868652,9.84348201751709
43.12819290161133,41.74209976196289,36.49908447265625,32.306827545166016,29.464214324951172,27.57997703552246,28.387666702270508,34.08637619018555,39.75650405883789,36.728092193603516,20.35376739501953,10.037163734436035,8.179891586303711,13.74706745147705,17.51521873474121,17.779037475585938,18.707538604736328,21.229026794433594,23.763469696044922,25.12913703918457,25.529529571533203,25.30962371826172,23.889368057250977,21.636404037475586,20.211505889892578,19.878650665283203,19.636259078979492,19.243595123291016,18.319408416748047,16.59303855895996,14.713483810424805,13.417935371398926,12.814594268798828,12.359509468078613,11.092741966247559,9.525352478027344,10.185117721557617,11.102639198303223,10.546195030212402,9.874702453613281,10.468369483947754,11.120626449584961,11.408364295959473,10.566261291503906
39.7191162109375,37.96734619140625,32.70317077636719,30.39942741394043,30.009754180908203,29.65251922607422,29.471609115600586,32.42606735229492,35.59217834472656,34.74897003173828,20.422849655151367,6.443511486053467,5.772667407989502,8.91355037689209,11.537186622619629,14.01065444946289,16.957515716552734,20.07813262939453,22.572547912597656,23.913782119750977,24.072805404663086,23.310535430908203,21.535364151000977,19.8304500579834,19.292356491088867,19.05743408203125,18.376996994018555,17.384464263916016,15.638016700744629,13.58181381225586,12.336868286132812,11.11048698425293,10.827893257141113,10.884188652038574,9.560843467712402,8.33597183227539,9.232952117919922,11.577224731445312,12.428847312927246,12.1067476272583,12.254562377929688,13.874625205993652,17.336414337158203,21.29441261291504
35.89827346801758,34.3420295715332,31.621932983398438,29.823728561401367,29.06058120727539,28.421159744262695,28.817119598388672,31.73301887512207,34.35747528076172,31.035110473632812,20.701000213623047,10.287576675415039,6.124507427215576,7.996936321258545,11.2091064453125,14.474241256713867,17.74433135986328,20.339473724365234,21.855876922607422,21.972461700439453,21.21381187438965,20.30863380432129,19.408193588256836,19.042444229125977,18.59974479675293,17.573408126831055,16.379016876220703,14.66002368927002,12.239828109741211,10.459755897521973,10.137104988098145,9.232211112976074,9.623207092285156,10.081449508666992,8.702739715576172,8.718281745910645,11.30813980102539,14.374456405639648,14.683977127075195,12.80854320526123,11.520608901977539,15.51061725616455,23.74659538269043,30.62873077392578
35.76935958862305,35.08493423461914,33.450443267822266,30.00312042236328,28.31724739074707,27.08977699279785,27.404590606689453,30.99390983581543,33.39078903198242,28.02437400817871,19.636554718017578,13.73147964477539,9.868880271911621,8.984724044799805,10.772477149963379,14.153470993041992,17.923229217529297,20.202550888061523,20.420574188232422,19.251384735107422,18.150745391845703,17.7944393157959,18.1083927154541,17.69780921936035,16.307024002075195,15.138989448547363,14.075165748596191,12.062373161315918,10.029891014099121,9.259474754333496,9.513177871704102,8.521456718444824,8.471901893615723,8.536651611328125,7.6272454261779785,8.211723327636719,10.76298999786377,13.3987398147583,14.623366355895996,13.974800109863281,18.166027069091797,25.82091522216797,31.44377899169922,33.89267349243164
34.6090202331543,33.52972412109375,31.814987182617188,27.209348678588867,27.259841918945312,27.558013916015625,27.711164474487305,29.707565307617188,30.097854614257812,24.13960075378418,18.147634506225586,15.212483406066895,13.129769325256348,12.294391632080078,13.339886665344238,15.610212326049805,18.050155639648438,19.295312881469727,18.848787307739258,17.515625,16.504295349121094,15.93029499053955,15.6151704788208,14.93203353881836,14.227375030517578,13.726277351379395,12.239666938781738,10.203230857849121,9.006258010864258,8.87399673461914,9.14095687866211,7.9960503578186035,6.863006591796875,6.446530342102051,6.128800392150879,7.0780816078186035,9.316283226013184,11.628921508789062,13.077688217163086,17.806474685668945,24.974369049072266,30.85489845275879,34.42276382446289,34.970306396484375
31.999116897583008,30.762969970703125,27.37340545654297,23.762998580932617,25.721433639526367,27.096132278442383,27.320833206176758,26.345489501953125,26.29147720336914,21.99460220336914,17.68325424194336,16.759096145629883,17.373178482055664,17.99464988708496,18.207944869995117,18.378929138183594,18.566682815551758,18.218517303466797,17.295509338378906,16.26424217224121,15.417972564697266,14.633962631225586,13.983985900878906,13.293185234069824,12.596993446350098,11.95335578918457,10.361154556274414,9.114140510559082,8.817804336547852,8.805401802062988,8.373523712158203,6.792145252227783,4.71360969543457,4.399682998657227,4.27980375289917,4.7583441734313965,6.7561492919921875,8.466564178466797,12.06410026550293,21.5253849029541,28.568998336791992,31.447261810302734,33.212738037109375,33.96976852416992
30.1005859375,28.2176570892334,24.21923828125,22.46847152709961,25.328433990478516,24.61356544494629,23.430471420288086,22.386728286743164,23.27450180053711,20.25770378112793,18.648401260375977,19.59523582458496,20.923276901245117,21.515344619750977,21.00066375732422,19.60767936706543,17.94160270690918,16.25194549560547,15.087848663330078,14.846150398254395,14.640058517456055,13.969722747802734,12.778965950012207,11.726826667785645,10.845054626464844,10.591331481933594,9.373467445373535,8.536972999572754,8.679802894592285,7.971855163574219,6.585109710693359,4.3047637939453125,1.8589869737625122,2.5714874267578125,1.624251127243042,-0.5315757393836975,1.5494047403335571,12.378713607788086,22.465347290039062,29.437898635864258,30.84542465209961,29.995603561401367,30.374216079711914,31.216873168945312
28.19585609436035,27.235301971435547,23.73334312438965,23.780845642089844,24.71219253540039,22.818458557128906,20.538455963134766,20.619674682617188,21.147003173828125,20.491897583007812,20.585445404052734,21.701854705810547,22.61500358581543,22.581050872802734,21.234121322631836,18.8256893157959,16.32216453552246,14.261521339416504,13.362138748168945,13.625850677490234,13.604208946228027,12.453362464904785,10.865055084228516,10.152754783630371,9.878701210021973,10.088695526123047,9.14969253540039,7.908632755279541,8.000292778015137,6.76047945022583,3.864006280899048,0.3917478024959564,-1.1918190717697144,-1.9240972995758057,-2.457052707672119,1.7764681577682495,9.722843170166016,21.04912757873535,29.395509719848633,32.423545837402344,29.750953674316406,25.734386444091797,26.77872085571289,30.071269989013672
28.13800048828125,26.173154830932617,22.466415405273438,23.33272933959961,23.064733505249023,20.887805938720703,20.081111907958984,20.503814697265625,21.473785400390625,21.745576858520508,21.84982681274414,22.0739803314209,22.32608413696289,21.979434967041016,20.32433319091797,17.650253295898438,14.942158699035645,12.80119800567627,12.119255065917969,12.28005599975586,11.690747261047363,10.589102745056152,9.664651870727539,9.596831321716309,9.688770294189453,9.914377212524414,9.313016891479492,8.17453384399414,7.918938159942627,4.997762203216553,0.5966396331787109,-2.783754825592041,-3.158745050430298,-0.8240923285484314,8.763948440551758,18.363643646240234,22.37555503845215,25.172740936279297,30.538911819458008,33.80963134765625,29.834531784057617,28.74460220336914,30.94369888305664,33.83275604248047
28.309288024902344,23.593421936035156,20.41301918029785,20.67994499206543,19.030622482299805,18.56358528137207,20.395687103271484,22.477949142456055,23.409399032592773,23.492172241210938,22.710350036621094,22.029651641845703,21.6285457611084,20.658893585205078,18.35500144958496,15.623884201049805,13.373693466186523,11.893636703491211,11.093537330627441,10.51286792755127,9.711763381958008,9.671850204467773,9.770853042602539,10.12346363067627,9.820981979370117,9.770681381225586,9.255794525146484,7.6552958488464355,5.984761714935303,1.4124975204467773,-1.8188047409057617,-3.533153533935547,-0.18229444324970245,10.809542655944824,19.705398559570312,24.600784301757812,26.538780212402344,29.132661819458008,33.5909538269043,34.83099365234375,32.45471954345703,30.853355407714844,30.159025192260742,30.422700881958008
26.190141677856445,22.630556106567383,20.796464920043945,17.44394302368164,16.621137619018555,19.91654396057129,24.464771270751953,27.559566497802734,27.51754379272461,26.20873260498047,23.82988739013672,20.828201293945312,18.48310661315918,16.722841262817383,15.021964073181152,13.01427173614502,11.433754920959473,10.339695930480957,9.521167755126953,8.57758617401123,8.380438804626465,9.35260009765625,10.032779693603516,10.127946853637695,9.96666145324707,9.688356399536133,7.9090776443481445,4.701353073120117,2.4175291061401367,-0.3242189884185791,0.5494896769523621,1.8506604433059692,3.7278335094451904,11.922385215759277,19.425331115722656,24.27640724182129,27.416500091552734,31.229095458984375,34.019344329833984,32.82969284057617,30.10533905029297,27.96551513671875,26.670347213745117,27.87809181213379
24.879688262939453,22.93442153930664,21.048633575439453,18.757936477661133,18.024051666259766,21.545766830444336,27.988250732421875,31.697463989257812,29.005531311035156,24.088619232177734,20.781972885131836,16.60883140563965,13.478528022766113,12.321229934692383,11.791773796081543,10.520998001098633,9.03571605682373,8.324300765991211,8.303881645202637,8.116403579711914,8.711836814880371,9.32687759399414,9.989081382751465,9.748167991638184,9.602259635925293,8.889634132385254,5.577572822570801,2.6678755283355713,1.7913671731948853,3.643998861312866,7.415895938873291,9.305965423583984,9.976869583129883,12.916627883911133,18.616600036621094,25.380279541015625,30.110397338867188,31.877775192260742,30.96448516845703,28.005958557128906,25.819774627685547,24.550474166870117,24.976228713989258,26.82679557800293
21.094528198242188,22.701091766357422,21.87752914428711,17.87088966369629,18.936573028564453,25.316755294799805,31.685958862304688,32.628318786621094,28.21540069580078,22.943937301635742,19.342185974121094,16.515104293823242,14.280576705932617,13.01034164428711,11.430180549621582,9.082661628723145,7.985429763793945,8.404403686523438,8.916605949401855,8.628355026245117,9.220632553100586,9.269258499145508,9.850095748901367,9.215020179748535,7.754071235656738,7.276254177093506,4.766339302062988,3.8766207695007324,5.890130519866943,8.185001373291016,9.905461311340332,11.906285285949707,13.233270645141602,16.27992057800293,22.534374237060547,29.33074951171875,31.418167114257812,28.448400497436523,24.825885772705078,24.609262466430664,27.579586029052734,29.437589645385742,26.673734664916992,25.650665283203125
21.195159912109375,22.52180290222168,18.666278839111328,17.45597267150879,21.546457290649414,28.281639099121094,32.31119918823242,30.60044288635254,25.9517879486084,21.922569274902344,18.42670440673828,15.559635162353516,14.293453216552734,13.142882347106934,10.958439826965332,9.273421287536621,9.16602611541748,9.65032958984375,9.801156044006348,8.999191284179688,8.576675415039062,8.449169158935547,8.722643852233887,7.723083019256592,6.516977787017822,7.598358154296875,8.88447093963623,9.746025085449219,10.548867225646973,10.46207046508789,10.09250259399414,9.85964298248291,12.662751197814941,18.39895248413086,25.457372665405273,31.27782440185547,29.017168045043945,24.109392166137695,22.568689346313477,26.085838317871094,30.232593536376953,31.510587692260742,29.001651763916016,29.435596466064453
19.16781234741211,22.6152286529541,19.562196731567383,19.041309356689453,23.93182945251465,28.64527130126953,31.165510177612305,28.03725242614746,23.02630615234375,19.422555923461914,16.68000602722168,14.64019775390625,13.10287094116211,12.108515739440918,11.126303672790527,10.684837341308594,10.648707389831543,10.296619415283203,9.990833282470703,9.360860824584961,7.33021354675293,6.97786808013916,7.19575309753418,7.226609706878662,7.2194414138793945,9.192773818969727,11.993219375610352,12.13492202758789,10.314594268798828,9.908441543579102,11.616222381591797,11.495036125183105,16.074281692504883,22.40974235534668,27.660314559936523,27.519315719604492,23.9552001953125,21.4246768951416,24.092485427856445,27.639432907104492,31.904865264892578,34.2817497253418,31.969091415405273,31.316476821899414
21.139570236206055,21.846162796020508,23.138256072998047,24.268383026123047,27.351207733154297,29.20478630065918,28.99406623840332,24.777860641479492,20.64883804321289,17.390621185302734,15.655611038208008,14.350440979003906,13.005682945251465,13.032931327819824,11.418754577636719,10.158968925476074,9.877923965454102,9.659510612487793,8.702020645141602,6.877486228942871,5.043605804443359,6.208512783050537,7.213097095489502,7.583172798156738,7.926354885101318,9.747491836547852,10.154508590698242,8.8941011428833,5.627370357513428,4.943713665008545,11.737823486328125,17.26272964477539,22.603437423706055,27.545909881591797,26.1834774017334,22.749069213867188,19.443668365478516,18.443519592285156,22.059619903564453,27.973514556884766,34.109825134277344,35.64981460571289,33.53510284423828,33.2106819152832
28.27163314819336,25.958820343017578,26.561044692993164,27.07100486755371,27.0723819732666,25.880489349365234,24.446989059448242,21.22545623779297,19.032936096191406,16.92547607421875,16.66278839111328,13.835622787475586,12.173819541931152,11.445938110351562,8.554634094238281,6.931272983551025,8.355887413024902,8.868759155273438,6.526029109954834,4.2157697677612305,3.2662792205810547,4.134450435638428,5.65272855758667,6.928016662597656,8.268558502197266,8.16869068145752,8.49921989440918,6.422755241394043,4.863404750823975,9.462717056274414,16.53818702697754,21.223684310913086,24.39427375793457,24.84552001953125,22.623096466064453,18.81106185913086,15.478382110595703,18.664356231689453,25.588977813720703,31.045042037963867,34.097900390625,34.315670013427734,35.093143463134766,36.597259521484375
24.703283309936523,25.59282112121582,25.879610061645508,23.19411277770996,20.841196060180664,20.80045509338379,20.723529815673828,19.2054443359375,17.585294723510742,17.356998443603516,16.33466339111328,11.606900215148926,10.19961166381836,9.282072067260742,8.326520919799805,9.533933639526367,9.13399600982666,6.33377742767334,4.517515182495117,3.5941672325134277,2.40911602973938,2.437309741973877,3.9661436080932617,5.5206098556518555,8.034457206726074,9.38309097290039,7.065701007843018,6.151678562164307,10.32858657836914,15.720223426818848,19.81153678894043,21.653112411499023,21.82195281982422,19.952964782714844,19.9918155670166,17.388473510742188,22.550857543945312,26.453989028930664,28.781009674072266,30.994171142578125,33.36036682128906,36.16355895996094,39.49127960205078,40.51066589355469
