data/wind_data/wind_64_6.json
{"header": {"parameterUnit": "KT", "parameterCategory": 2, "nx": 256, "ny": 198, "lo1": 44.73521041870117, "la1": -3.236724853515625, "lo2": 111.26478576660156, "la2": 43.468475341796875, "dx": 0.2609002888202667, "dy": -0.23708222806453705, "refTime": "2025-02-21 16:00:00", "forecastTime": 0, "parameterNumber": 2, "parameterNumberName": "eastward_wind"}, "data":
[rows 140 to 159 of 198, columns 90 to 134 of 256]
62.90095901489258,64.26545715332031,63.276004791259766,61.54860305786133,60.38189697265625,59.34441375732422,57.94841384887695,56.84397506713867,57.06532669067383,57.45303726196289,57.79253387451172,58.453773498535156,58.97874069213867,59.0465087890625,58.786712646484375,58.63907241821289,58.982566833496094,59.863059997558594,61.15064239501953,62.53668212890625,63.51913833618164,63.826839447021484,63.71660614013672,63.677001953125,64.002685546875,64.47305297851562,64.52100372314453,63.921241760253906,63.30620574951172,63.19890594482422,63.22813034057617,63.06084442138672,63.025028228759766,62.528865814208984,61.512149810791016,61.31974792480469,61.516414642333984,60.12921142578125,58.31982421875,58.975894927978516,60.35333251953125,59.09641647338867,57.514060974121094,58.25796890258789,59.347557067871094
62.30290985107422,63.22367477416992,61.814273834228516,60.46703338623047,59.78466796875,58.73085403442383,57.475337982177734,56.74995040893555,57.03432083129883,57.3779182434082,57.645442962646484,58.15260314941406,58.62252426147461,58.80229949951172,58.673255920410156,58.6174430847168,58.99995422363281,59.81455993652344,60.94165802001953,62.14991760253906,62.96704864501953,63.20903778076172,63.166259765625,63.15520095825195,63.17786407470703,63.129180908203125,62.87993621826172,62.541107177734375,62.60112762451172,62.98341369628906,63.145904541015625,62.872344970703125,62.71430587768555,62.024391174316406,61.22931671142578,62.04050064086914,61.9781379699707,59.561702728271484,58.19539260864258,59.306121826171875,60.084320068359375,58.6996955871582,57.560211181640625,58.51922607421875,58.453392028808594
61.484901428222656,61.9347038269043,60.352420806884766,59.13400650024414,58.65362548828125,57.88895034790039,56.986228942871094,56.54065704345703,57.02849197387695,57.57848358154297,57.650516510009766,57.62306213378906,57.738033294677734,57.8851318359375,57.97481918334961,58.204078674316406,58.698524475097656,59.44758605957031,60.402427673339844,61.34830093383789,61.97861099243164,62.21097183227539,62.18178939819336,61.952388763427734,61.58131790161133,61.372047424316406,61.42177200317383,61.69960021972656,62.12754440307617,62.40166473388672,62.35527038574219,62.0142822265625,62.07955551147461,61.7468376159668,61.08437728881836,62.016510009765625,61.54902648925781,59.042503356933594,58.43312072753906,59.466609954833984,59.95260238647461,58.65279769897461,57.193153381347656,56.94282150268555,55.68354034423828
59.8507080078125,60.214412689208984,59.00288772583008,58.2861442565918,57.7627067565918,56.65823745727539,55.79033279418945,55.815677642822266,57.02436065673828,57.88277816772461,57.58393859863281,56.86796569824219,56.54932403564453,56.75876235961914,57.176509857177734,57.51335906982422,57.82607650756836,58.33733367919922,59.06391525268555,59.83303451538086,60.369300842285156,60.512176513671875,60.265724182128906,59.8049201965332,59.510318756103516,59.65200424194336,60.122013092041016,60.66449737548828,61.018402099609375,61.17380142211914,61.364192962646484,61.491546630859375,61.88994598388672,61.886287689208984,61.17994689941406,60.91426086425781,59.81980514526367,58.80607986450195,59.65794372558594,60.222434997558594,59.70847702026367,57.89620590209961,55.27373504638672,53.31319808959961,52.480308532714844
57.690826416015625,58.074562072753906,57.81698226928711,57.37052917480469,56.2016716003418,54.99894332885742,54.58324432373047,55.47003936767578,57.16294860839844,57.51187515258789,56.60917663574219,55.72172164916992,55.60376739501953,56.061424255371094,56.459266662597656,56.52077865600586,56.4825325012207,56.73459243774414,57.27180099487305,57.85684585571289,58.24839401245117,58.24766540527344,58.01127243041992,57.87618637084961,58.017539978027344,58.27762985229492,58.61653137207031,59.19214630126953,59.7663459777832,60.09511184692383,60.587188720703125,61.34389114379883,61.84954071044922,61.68003463745117,60.5732421875,59.237525939941406,58.30392074584961,58.322017669677734,59.339656829833984,59.61868667602539,58.315147399902344,55.705848693847656,53.13747787475586,51.283687591552734,51.24134063720703
55.522132873535156,55.51573944091797,56.070682525634766,55.71964645385742,53.828521728515625,52.4824333190918,52.93695068359375,55.48542022705078,57.3732795715332,56.8361701965332,55.38653564453125,54.49995803833008,54.51634979248047,55.00440216064453,55.250465393066406,55.138671875,54.952247619628906,54.996925354003906,55.31709671020508,55.79120635986328,56.177860260009766,56.426082611083984,56.693145751953125,56.86982345581055,56.81284713745117,56.623172760009766,56.860286712646484,57.81865692138672,58.81720733642578,59.51521682739258,60.16613006591797,61.070152282714844,61.707759857177734,61.011962890625,59.016319274902344,57.49366760253906,57.79323196411133,58.556941986083984,58.45602035522461,57.29790496826172,55.23658752441406,53.62105941772461,52.872154235839844,51.94867706298828,51.44950485229492
54.33802795410156,54.13584518432617,53.960086822509766,53.46769714355469,51.841251373291016,50.73871612548828,51.767295837402344,54.5305290222168,56.690818786621094,56.45599365234375,54.89695739746094,53.694461822509766,53.41861343383789,53.661685943603516,53.71890640258789,53.5032958984375,53.37714385986328,53.54415512084961,54.002628326416016,54.54197311401367,55.04603958129883,55.560386657714844,55.8400993347168,55.587520599365234,55.03046417236328,54.90043258666992,55.682899475097656,56.989356994628906,58.029624938964844,58.76551055908203,59.686336517333984,60.85759353637695,61.11907958984375,59.444026947021484,56.95392990112305,56.632232666015625,57.896488189697266,57.795166015625,56.337764739990234,54.30982971191406,52.75440216064453,53.26002883911133,53.29130554199219,51.716670989990234,50.911346435546875
53.8509521484375,53.3713264465332,52.45395278930664,51.56229019165039,50.20853042602539,49.700138092041016,51.6135368347168,54.01974868774414,55.29225158691406,55.07844543457031,53.85570526123047,52.6674690246582,52.23106384277344,52.30316925048828,52.264488220214844,52.06812286376953,52.13190460205078,52.663814544677734,53.50846862792969,54.22285842895508,54.66023254394531,54.80068588256836,54.41011047363281,53.7349967956543,53.351409912109375,53.802764892578125,55.1228141784668,56.38283920288086,57.06224060058594,57.75789260864258,58.79323959350586,59.6109733581543,58.98838806152344,57.1857795715332,56.06983947753906,57.10091018676758,57.12419891357422,55.729103088378906,54.848175048828125,53.562171936035156,52.218238830566406,53.02641677856445,53.00728988647461,51.17917251586914,50.47164535522461
53.31902313232422,52.376766204833984,51.11325454711914,50.142765045166016,49.07593536376953,49.16447830200195,51.77149200439453,53.49191665649414,53.6190071105957,53.18130874633789,52.18539810180664,51.295467376708984,51.096981048583984,51.05540084838867,50.98783874511719,51.097923278808594,51.50172805786133,52.295928955078125,53.29645538330078,53.7581787109375,53.64752960205078,53.319156646728516,52.715980529785156,52.207557678222656,52.3775520324707,53.31461715698242,54.6003303527832,55.58306121826172,56.05552673339844,56.79658508300781,57.63138198852539,57.314353942871094,55.73005676269531,55.127349853515625,56.4691162109375,57.07193374633789,55.35472106933594,54.22959899902344,54.47544860839844,53.55226516723633,52.22947311401367,52.575626373291016,51.46445083618164,49.822181701660156,49.85927963256836
52.131710052490234,51.28001022338867,50.301448822021484,49.36455154418945,48.37000274658203,48.62431335449219,50.92015838623047,52.204532623291016,52.119842529296875,51.703800201416016,50.983009338378906,50.420799255371094,50.20429992675781,50.048484802246094,50.02153015136719,50.255645751953125,50.71184158325195,51.39897918701172,51.98397445678711,52.011600494384766,51.87784957885742,51.74119567871094,51.48033142089844,51.52602005004883,52.09532165527344,52.64952850341797,53.372161865234375,54.234195709228516,54.45869445800781,54.88495635986328,55.531280517578125,54.937198638916016,53.636199951171875,54.38204574584961,56.260101318359375,56.02565002441406,54.34688949584961,53.883541107177734,54.35127258300781,54.05683898925781,52.9488639831543,51.18050003051758,48.99652862548828,48.23474884033203,48.73121643066406
50.83525848388672,50.70126724243164,49.78226089477539,48.89288330078125,48.09888458251953,48.33235168457031,50.06721878051758,51.132965087890625,51.128597259521484,50.795616149902344,50.066246032714844,49.396514892578125,49.02485275268555,48.8188362121582,48.585060119628906,48.78317642211914,49.419410705566406,49.76263427734375,49.86863327026367,50.11967849731445,50.55421447753906,50.784786224365234,50.712791442871094,50.834686279296875,51.16175079345703,51.57956314086914,52.365291595458984,52.58295440673828,52.16903305053711,52.1008415222168,52.924625396728516,53.61205291748047,53.24098587036133,53.52454376220703,54.68574523925781,54.67550277709961,53.953338623046875,53.86302947998047,54.04246520996094,53.78675079345703,51.92033767700195,48.86215591430664,47.074432373046875,47.61758804321289,48.57866668701172
48.97254180908203,49.265480041503906,49.015621185302734,48.46540069580078,47.74254608154297,47.54129409790039,48.4696044921875,49.331878662109375,49.55778503417969,49.26643753051758,48.592750549316406,47.58189392089844,46.69464111328125,46.36228561401367,46.604427337646484,47.20806121826172,47.579132080078125,47.59513473510742,47.97270202636719,48.8095588684082,49.466705322265625,49.56913375854492,49.27024459838867,49.278194427490234,49.56404495239258,50.339134216308594,50.92197799682617,50.559425354003906,49.877201080322266,49.708133697509766,51.0302734375,52.2424201965332,52.14300537109375,52.370845794677734,53.08041763305664,53.48282241821289,53.807594299316406,53.804019927978516,53.05961227416992,51.644039154052734,49.446266174316406,47.400108337402344,47.104515075683594,47.65745162963867,48.06081008911133
48.19993209838867,48.43791961669922,48.282814025878906,47.536338806152344,46.73469924926758,46.29828643798828,46.373199462890625,46.550201416015625,46.726959228515625,46.71419143676758,45.98472213745117,44.89806365966797,44.30234909057617,44.455753326416016,45.127925872802734,45.372093200683594,45.26340866088867,45.535465240478516,46.30234909057617,47.02407455444336,47.555335998535156,47.64859390258789,47.4710578918457,47.6302375793457,48.48066711425781,49.197914123535156,49.0789794921875,48.32061767578125,47.45902633666992,47.71208953857422,49.98709487915039,50.968502044677734,50.51546096801758,51.419803619384766,53.018516540527344,53.04887390136719,52.72073745727539,52.58268356323242,51.33705139160156,49.3743896484375,47.48792266845703,46.73555374145508,47.374752044677734,47.5983772277832,47.67607498168945
48.15037536621094,48.07329559326172,47.212520599365234,45.96842956542969,44.934356689453125,44.32060241699219,44.052982330322266,43.865020751953125,43.62586212158203,43.42753219604492,43.2025032043457,42.8620719909668,42.65570831298828,42.50065231323242,42.60166931152344,42.84046173095703,43.2640380859375,43.93607711791992,44.82305908203125,45.5948600769043,46.11687469482422,45.97938537597656,45.60966110229492,45.741607666015625,46.47472381591797,46.96438980102539,46.79364013671875,46.37248611450195,45.96149826049805,47.20186233520508,48.999168395996094,49.74567413330078,50.31688690185547,51.12958526611328,51.89171600341797,51.85105895996094,51.580020904541016,50.63959884643555,48.4591178894043,47.51359558105469,47.303794860839844,46.76063537597656,46.83928680419922,47.356903076171875,48.048763275146484
47.328895568847656,45.707008361816406,44.33864974975586,43.598751068115234,42.76933670043945,41.967227935791016,41.75190353393555,41.577449798583984,41.254417419433594,41.145652770996094,41.21246337890625,41.125144958496094,40.70649337768555,40.396446228027344,40.547245025634766,40.90101623535156,41.70135498046875,42.711692810058594,43.705535888671875,44.277408599853516,44.49500274658203,44.227638244628906,43.24381637573242,43.4075813293457,44.148658752441406,44.577239990234375,45.01434326171875,45.23732376098633,45.42597961425781,47.39771270751953,49.268943786621094,49.470272064208984,49.652957916259766,50.033203125,50.00654602050781,49.60580062866211,49.351497650146484,47.64158630371094,46.04238510131836,47.118682861328125,47.73048782348633,46.647361755371094,45.72341537475586,46.33122634887695,47.693077087402344
43.56411361694336,41.06651306152344,40.77682876586914,41.174495697021484,40.49811553955078,39.613094329833984,39.400455474853516,39.31105041503906,38.841854095458984,38.64162063598633,39.105716705322266,39.2226448059082,38.921142578125,38.57577896118164,38.955806732177734,39.67036437988281,40.40810775756836,41.12922668457031,41.94003677368164,42.59305191040039,43.091880798339844,43.796993255615234,43.1382942199707,41.96836471557617,42.525856018066406,43.73059844970703,44.457698822021484,44.787845611572266,45.86941909790039,47.72630310058594,48.67120361328125,48.71101379394531,48.3953742980957,47.7565803527832,47.380645751953125,47.30485153198242,46.655242919921875,45.18974685668945,45.41690444946289,47.01499938964844,47.044864654541016,45.44584655761719,43.70364761352539,44.38686752319336,46.272300720214844
39.18675994873047,38.40960693359375,38.74790573120117,38.459510803222656,37.485233306884766,36.59328842163086,36.10441970825195,36.17780303955078,36.450042724609375,36.94794845581055,37.56373977661133,37.68936538696289,37.37445068359375,37.485923767089844,38.211204528808594,38.85576629638672,39.33073425292969,39.820255279541016,40.525550842285156,41.186729431152344,41.63577651977539,42.392398834228516,42.86534881591797,42.352787017822266,42.10112762451172,43.11044692993164,44.11100387573242,45.04143524169922,46.101806640625,46.511390686035156,46.40597152709961,46.370975494384766,45.6889533996582,44.624874114990234,44.81134033203125,45.72611999511719,45.1331672668457,44.426353454589844,45.55207824707031,46.4354133605957,45.21311569213867,42.59687042236328,40.98413848876953,42.85514831542969,45.65435791015625
35.621360778808594,35.17817306518555,34.803585052490234,34.58314895629883,34.582550048828125,34.46784973144531,34.5666618347168,35.29591751098633,36.198734283447266,36.83307647705078,36.85240173339844,36.420623779296875,35.84988784790039,36.22373580932617,36.91820526123047,37.447349548339844,38.24637222290039,38.88114929199219,38.934391021728516,39.12887191772461,39.66655349731445,40.536685943603516,42.07517623901367,43.078094482421875,43.219566345214844,43.36842346191406,43.806724548339844,44.12001419067383,44.23892593383789,44.36760711669922,43.88273239135742,42.96358871459961,42.219451904296875,42.300315856933594,44.069000244140625,45.55118942260742,44.66807174682617,43.86991500854492,44.4050178527832,44.57917785644531,42.7453498840332,39.84063720703125,40.06298828125,43.38090896606445,45.24513626098633
35.281097412109375,32.86421203613281,30.76394271850586,30.500423431396484,31.212364196777344,31.778867721557617,32.20738220214844,33.070343017578125,34.047698974609375,34.29247283935547,34.050601959228516,33.66441345214844,33.6420783996582,34.33877182006836,35.28123474121094,35.94313430786133,36.66939926147461,37.25046157836914,37.37419509887695,37.84526062011719,39.01752853393555,40.668678283691406,42.24354553222656,42.91800308227539,43.11541748046875,43.17093276977539,42.53450393676758,41.5667839050293,41.26724624633789,41.60596466064453,41.020992279052734,39.486610412597656,39.069557189941406,41.27824020385742,44.86783981323242,45.61548614501953,43.22589111328125,41.840118408203125,42.06940460205078,42.49580764770508,41.41102600097656,39.383270263671875,40.70673751831055,43.48139953613281,44.270572662353516
34.56613540649414,30.20112419128418,27.037586212158203,26.34370994567871,27.798181533813477,29.24974250793457,29.860246658325195,29.866748809814453,29.903902053833008,30.54464340209961,31.2103328704834,31.135324478149414,31.252809524536133,32.344146728515625,33.45882797241211,34.347984313964844,35.18756103515625,36.04014587402344,36.909339904785156,38.0886116027832,39.6380500793457,40.97689437866211,41.58234786987305,41.3591194152832,41.10253143310547,40.84055709838867,39.94502639770508,39.142730712890625,38.963706970214844,38.57646560668945,37.2267951965332,36.13143539428711,37.82221603393555,42.15291213989258,45.47246170043945,43.96426773071289,40.42827606201172,39.667022705078125,40.95207214355469,41.862022399902344,41.15501022338867,40.288299560546875,41.54989242553711,42.80438995361328,43.2721061706543
