data/wind_data/wind_36_7.json
{"header": {"parameterUnit": "KT", "parameterCategory": 2, "nx": 256, "ny": 198, "lo1": 44.73521041870117, "la1": -3.236724853515625, "lo2": 111.26478576660156, "la2": 43.468475341796875, "dx": 0.2609002888202667, "dy": -0.23708222806453705, "refTime": "2025-02-20 12:00:00", "forecastTime": 0, "parameterNumber": 2, "parameterNumberName": "eastward_wind"}, "data":
[rows 140 to 159 of 198, columns 0 to 43 of 256]
75.83537292480469,74.52091217041016,74.1356201171875,73.5763931274414,72.71527862548828,71.6465072631836,71.04795837402344,71.39934539794922,71.68890380859375,71.77342987060547,72.04725646972656,72.30987548828125,72.48145294189453,72.49205017089844,72.39269256591797,72.52300262451172,73.04853057861328,73.8814926147461,74.95618438720703,76.11738586425781,76.9655532836914,77.6090316772461,78.74773406982422,79.96576690673828,80.17938232421875,80.39027404785156,80.6215591430664,79.89306640625,80.58675384521484,82.377685546875,81.84980773925781,79.63375091552734,78.37008666992188,78.23174285888672,79.74613952636719,81.20442199707031,79.41072082519531,75.88001251220703,73.82974243164062,73.54402923583984,74.11212158203125,74.88679504394531,75.29497528076172,75.71408081054688
75.17203521728516,73.95375061035156,73.83274841308594,73.42729187011719,72.37323760986328,71.1809310913086,70.63568878173828,71.07760620117188,71.28411102294922,71.12761688232422,71.34671020507812,71.45719909667969,71.1724624633789,70.72383880615234,70.61174011230469,71.03658294677734,71.78224182128906,72.7242202758789,73.89199829101562,74.97310638427734,75.90160369873047,76.566650390625,77.43363189697266,78.4758529663086,79.14899444580078,80.04268646240234,80.76631164550781,80.82673645019531,81.62814331054688,81.88338470458984,79.28150177001953,75.88024139404297,75.03370666503906,77.50076293945312,81.3700942993164,82.10858917236328,78.47914123535156,74.48635864257812,72.76377868652344,72.79753875732422,73.63262939453125,74.34087371826172,74.37130737304688,74.53800964355469
74.98765563964844,73.63324737548828,73.47709655761719,73.07440948486328,71.85525512695312,70.7771987915039,70.39440155029297,70.6626968383789,71.05224609375,71.05076599121094,70.93450164794922,70.56352233886719,69.89171600341797,69.33961486816406,69.19147491455078,69.57089233398438,70.47517395019531,71.7780532836914,73.00717163085938,73.84429168701172,74.13581085205078,74.41506958007812,76.02845764160156,77.88713073730469,78.87767028808594,79.43594360351562,79.89025115966797,80.207275390625,80.63115692138672,80.77413177490234,78.39118957519531,74.46678161621094,73.73541259765625,77.89888763427734,82.34452819824219,81.15558624267578,76.09972381591797,72.92559051513672,72.31573486328125,72.76329040527344,74.20669555664062,75.22142028808594,74.44112396240234,73.74173736572266
75.20624542236328,73.6321029663086,73.12876892089844,72.50067901611328,71.14571380615234,70.38140869140625,70.267822265625,70.4496841430664,70.84626007080078,70.87154388427734,70.4482421875,69.77627563476562,69.06678771972656,68.41747283935547,68.18991088867188,68.65631103515625,69.45938110351562,70.52169036865234,71.6629409790039,72.36712646484375,72.74313354492188,73.20015716552734,74.8681640625,76.70264434814453,77.76761627197266,78.01212310791016,78.2906494140625,78.81307983398438,79.42623901367188,79.74695587158203,77.845458984375,74.95027160644531,74.57131958007812,78.53109741210938,81.30150604248047,78.42670440673828,74.1926498413086,72.94789123535156,72.56526184082031,72.68409729003906,74.79933166503906,76.52970123291016,75.38587951660156,74.23453521728516
75.44855499267578,73.69976806640625,72.85030364990234,72.0133056640625,70.7119140625,70.15045928955078,70.14029693603516,70.39000701904297,70.6487045288086,70.38643646240234,69.7944107055664,69.3311538696289,68.77127075195312,68.0313491821289,67.56681823730469,67.75386047363281,68.42192077636719,69.19696044921875,70.05658721923828,70.67528533935547,71.4116439819336,72.35298919677734,73.66063690185547,75.01846313476562,76.0915298461914,76.69347381591797,77.06781005859375,77.30429077148438,77.71580505371094,78.16291046142578,77.46281433105469,76.27401733398438,76.36067962646484,77.83042907714844,78.04112243652344,75.95196533203125,74.17826843261719,73.54808807373047,72.59808349609375,72.44212341308594,74.85993957519531,77.27112579345703,76.6799545288086,75.86276245117188
75.66341400146484,73.58277130126953,72.5203857421875,71.65768432617188,70.59200286865234,70.07386779785156,69.90323638916016,70.18610382080078,70.37395477294922,69.77851104736328,69.15811920166016,69.10564422607422,68.84564971923828,68.01934051513672,67.3674545288086,67.24150085449219,67.6219253540039,68.16503143310547,68.6094970703125,69.05480194091797,69.98086547851562,71.24114990234375,72.36534118652344,73.4278564453125,74.51776123046875,75.13614654541016,74.97298431396484,74.9117202758789,75.86536407470703,77.02445983886719,77.2255859375,76.63224792480469,75.84321594238281,75.66796112060547,75.91722106933594,75.25406646728516,73.89823913574219,72.9549331665039,72.41082000732422,72.76354217529297,74.93656158447266,76.93756103515625,77.1240463256836,77.29454803466797
75.95037078857422,73.9402084350586,72.61754608154297,71.5538558959961,70.7079849243164,70.1064453125,69.62865447998047,69.62247467041016,69.75308227539062,69.51344299316406,69.07581329345703,68.96569061279297,68.84569549560547,68.11766815185547,67.51630401611328,67.29911804199219,67.18250274658203,66.98184967041016,67.09605407714844,67.91204833984375,69.21026611328125,70.54515075683594,71.21131896972656,71.44281005859375,71.99916076660156,72.43694305419922,72.43232727050781,73.04057312011719,74.45906066894531,75.67450714111328,76.1417465209961,75.63670349121094,74.71891021728516,74.6395263671875,74.806884765625,73.8371353149414,72.3866958618164,71.99838256835938,72.55919647216797,73.42854309082031,74.7148208618164,75.97474670410156,76.76817321777344,77.36334991455078
76.36078643798828,74.5078353881836,73.00701141357422,71.49761199951172,70.76856231689453,70.15670776367188,69.56031036376953,69.2200698852539,69.0920639038086,69.25862884521484,69.22925567626953,68.86997985839844,68.58546447753906,68.24407958984375,67.89994812011719,67.37864685058594,67.10814666748047,66.5556869506836,66.07353210449219,66.53323364257812,68.18860626220703,69.90665435791016,70.27787017822266,69.88134765625,69.76499938964844,70.05046081542969,70.71269226074219,71.63777923583984,72.75672912597656,74.01079559326172,74.67229461669922,74.12193298339844,73.51253509521484,73.50910186767578,73.1693344116211,72.18360900878906,71.3876724243164,71.53469848632812,72.36544036865234,73.29374694824219,74.2759017944336,75.28106689453125,76.00509643554688,76.33011627197266
76.82453918457031,75.29833221435547,73.59573364257812,71.63046264648438,70.99605560302734,70.49617767333984,69.69857788085938,69.06890869140625,68.77373504638672,68.75391387939453,69.02024841308594,69.13253784179688,68.56324768066406,67.78387451171875,67.60342407226562,67.48595428466797,67.49046325683594,66.88444519042969,65.81771850585938,65.40155029296875,66.85635375976562,68.52925109863281,69.13631439208984,69.21160888671875,69.05304718017578,69.04320526123047,69.55276489257812,70.41293334960938,71.65958404541016,72.70560455322266,72.87593841552734,72.0432357788086,71.27973937988281,71.41691589355469,71.86492156982422,71.73018646240234,71.03585052490234,70.64861297607422,71.2508773803711,72.60120391845703,73.95918273925781,74.80804443359375,75.17278289794922,75.3794937133789
77.238525390625,75.70689392089844,74.02862548828125,72.10408020019531,71.50477600097656,71.00997924804688,70.02720642089844,69.22220611572266,68.77796173095703,68.3552474975586,68.39163970947266,68.87733459472656,68.77949523925781,67.55219268798828,66.72376251220703,67.09623718261719,67.8609619140625,67.36541748046875,66.15422821044922,65.3860092163086,65.70296478271484,66.3160400390625,67.19941711425781,68.30284881591797,68.6956558227539,68.92131042480469,69.80073547363281,70.43498992919922,70.72679138183594,70.90751647949219,70.73770141601562,70.03565216064453,69.51594543457031,70.07254791259766,71.13866424560547,71.3122329711914,70.45195770263672,69.89221954345703,70.55291748046875,72.02558135986328,73.32125091552734,74.0666732788086,74.52377319335938,74.92591094970703
77.65387725830078,75.76976013183594,74.31990814208984,72.83446502685547,72.17481994628906,71.53780364990234,70.53252410888672,69.64798736572266,69.03590393066406,68.33102416992188,67.84214782714844,68.2296371459961,68.4942398071289,67.61051177978516,66.39729309082031,66.05547332763672,66.48180389404297,67.03386688232422,67.377685546875,66.7538070678711,65.31553649902344,64.48942565917969,65.21652221679688,66.63581848144531,67.99495697021484,69.85306549072266,70.76236724853516,69.97087860107422,69.3769302368164,69.5888671875,69.61132049560547,69.14202117919922,68.85926818847656,69.39379119873047,70.2577896118164,70.55088806152344,70.3868408203125,70.40296173095703,70.76783752441406,71.38787078857422,72.21910095214844,73.17790985107422,74.03335571289062,74.57860565185547
78.24250030517578,75.95956420898438,74.7245101928711,73.6281509399414,72.85517120361328,71.9382095336914,70.96199798583984,70.1080551147461,69.47822570800781,68.7461166381836,67.9645767211914,67.71527099609375,67.70124816894531,67.62696838378906,66.79205322265625,65.05850982666016,63.93240737915039,65.24610900878906,67.74370574951172,68.17269134521484,66.12255096435547,64.18353271484375,64.11067962646484,65.54270935058594,68.12605285644531,70.34690856933594,70.22354888916016,69.08831787109375,68.86414337158203,69.19843292236328,69.20657348632812,68.89723205566406,68.744384765625,69.08377838134766,69.67356872558594,70.28629302978516,70.98513793945312,71.35997772216797,71.17118072509766,71.05199432373047,71.54216766357422,72.52365112304688,73.58085632324219,74.27591705322266
79.03077697753906,76.59827423095703,75.47602844238281,74.55845642089844,73.66950988769531,72.32335662841797,71.20341491699219,70.4654769897461,70.01588439941406,69.48612213134766,68.69686126708984,67.76985168457031,67.19893646240234,67.17756652832031,66.8273696899414,64.99163055419922,63.103824615478516,63.79330825805664,66.39350128173828,67.62165069580078,66.23416900634766,64.488037109375,64.53755950927734,66.14119720458984,68.12238311767578,69.19603729248047,69.12297058105469,68.84596252441406,68.84990692138672,68.99813079833984,69.13053894042969,69.17098236083984,69.15509796142578,69.26692962646484,69.69989776611328,70.57318878173828,71.50272369384766,71.83734893798828,71.67135620117188,71.5247802734375,71.73088073730469,72.36882781982422,73.25366973876953,73.90448760986328
79.71620178222656,77.03518676757812,75.82186126708984,75.05902862548828,74.29299926757812,72.63246154785156,71.2626724243164,70.67025756835938,70.43803405761719,70.13584899902344,69.51908874511719,68.33384704589844,67.14247131347656,66.61681365966797,66.44437408447266,65.6467514038086,64.32312774658203,63.84040832519531,64.76737976074219,65.61720275878906,65.28207397460938,65.14173889160156,65.9021224975586,66.70323181152344,67.36318969726562,68.04060363769531,68.45930480957031,68.61812591552734,68.81132507324219,69.12242889404297,69.45844268798828,69.66165161132812,69.68706512451172,69.7022933959961,70.04962921142578,70.87596130371094,71.72105407714844,72.26821899414062,72.42354583740234,72.26863098144531,72.1714859008789,72.45280456542969,72.9429931640625,73.408447265625
80.28844451904297,77.3434829711914,75.72696685791016,74.94172668457031,74.4292984008789,72.77091979980469,71.21334075927734,70.6844253540039,70.62008666992188,70.44002532958984,69.93482208251953,68.8788070678711,67.35039520263672,66.19680786132812,66.07642364501953,66.24409484863281,65.64580535888672,64.64225006103516,64.33390045166016,64.61715698242188,65.11990356445312,65.9852066040039,66.62430572509766,66.7734603881836,67.00182342529297,67.5049819946289,68.03935241699219,68.52527618408203,69.04402160644531,69.56034851074219,69.9601058959961,70.13631439208984,70.1015396118164,70.07037353515625,70.34968566894531,71.07910919189453,72.00814056396484,72.75482940673828,73.00186157226562,72.79519653320312,72.54246520996094,72.56415557861328,72.772705078125,73.2755126953125
80.60319519042969,77.15301513671875,75.24250030517578,74.37886047363281,74.04310607910156,72.56702423095703,71.00508117675781,70.49552154541016,70.5184097290039,70.38056945800781,69.91741180419922,69.03101348876953,67.59111022949219,66.176513671875,65.72044372558594,65.9050064086914,65.72850799560547,65.25028228759766,65.09146118164062,65.40673065185547,66.1435775756836,66.78925323486328,67.03301239013672,66.99655151367188,67.10810089111328,67.48389434814453,68.09329223632812,68.82593536376953,69.55459594726562,70.18751525878906,70.64059448242188,70.73026275634766,70.54508972167969,70.41895294189453,70.647216796875,71.3619384765625,72.35429382324219,73.16436004638672,73.45413208007812,73.25572967529297,72.91299438476562,72.75908660888672,72.93207550048828,73.62646484375
80.3528060913086,76.78667449951172,74.91217041015625,73.82276916503906,73.3119888305664,71.91476440429688,70.41123962402344,69.96295928955078,70.08865356445312,70.05411529541016,69.72740173339844,68.96292114257812,67.56411743164062,66.03057861328125,65.17585754394531,64.93685913085938,65.05670166015625,65.53115844726562,66.20726013183594,66.83622741699219,67.37586212158203,67.52886199951172,67.52371215820312,67.42674255371094,67.50794219970703,67.89976501464844,68.66397857666016,69.5770263671875,70.46357727050781,71.17711639404297,71.51363372802734,71.399169921875,71.12602233886719,71.0262680053711,71.23287200927734,71.8008041381836,72.65787506103516,73.50563049316406,73.91979217529297,73.7693099975586,73.37022399902344,73.16424560546875,73.42577362060547,74.27267456054688
79.75556945800781,76.39897918701172,74.68971252441406,73.33954620361328,72.3497314453125,70.8733139038086,69.48755645751953,69.07412719726562,69.32646942138672,69.62283325195312,69.5579833984375,68.75647735595703,67.20816040039062,65.5643081665039,64.50508880615234,64.25556945800781,64.87525177001953,65.94056701660156,66.95491027832031,67.7640380859375,68.22583770751953,68.13009643554688,67.8967514038086,67.83966064453125,68.01800537109375,68.53440856933594,69.39547729492188,70.41573333740234,71.42716217041016,72.28714752197266,72.49076080322266,72.11160278320312,71.76968383789062,71.74148559570312,71.8948745727539,72.29378509521484,73.04218292236328,73.87588500976562,74.31629943847656,74.24578857421875,73.95062255859375,73.84581756591797,74.16787719726562,74.94049072265625
79.3382568359375,75.96867370605469,74.21443176269531,72.61731719970703,71.27669525146484,69.73017120361328,68.38892364501953,67.93729400634766,68.34127044677734,68.93374633789062,68.9929428100586,68.0353012084961,66.29747009277344,64.71037292480469,63.94594192504883,64.20068359375,65.401123046875,66.7462158203125,67.61053466796875,68.49610137939453,69.1082763671875,68.7601547241211,68.02291107177734,67.78601837158203,68.10595703125,68.86006927490234,69.9056625366211,71.12371063232422,72.26563262939453,73.00397491455078,73.08612060546875,72.94107818603516,72.7704849243164,72.34751892089844,72.07357788085938,72.51085662841797,73.44204711914062,74.19305419921875,74.5385513305664,74.64088439941406,74.6032943725586,74.55827331542969,74.74966430664062,75.3090591430664
79.06935119628906,75.48970794677734,73.61211395263672,71.79931640625,70.4391860961914,68.9664077758789,67.76232147216797,67.35094451904297,67.60893249511719,68.06507873535156,68.0296630859375,66.83799743652344,64.92635345458984,63.615638732910156,63.540199279785156,64.56185913085938,66.21061706542969,67.66958618164062,68.67575073242188,69.58573150634766,69.83049011230469,69.14527130126953,68.05931854248047,67.52481842041016,67.75776672363281,68.76005554199219,70.23958587646484,71.71077728271484,72.8293228149414,73.4486312866211,73.64410400390625,73.43656158447266,72.63816833496094,71.83167266845703,71.9646224975586,72.8865737915039,73.73294830322266,74.21162414550781,74.59475708007812,74.87718963623047,74.90170288085938,74.84043884277344,75.0377426147461,75.62052917480469
