data/wind_data/wind_23_9.json
{"header": {"parameterUnit": "KT", "parameterCategory": 2, "nx": 256, "ny": 198, "lo1": 44.73521041870117, "la1": -3.236724853515625, "lo2": 111.26478576660156, "la2": 43.468475341796875, "dx": 0.2609002888202667, "dy": -0.23708222806453705, "refTime": "2025-02-19 23:00:00", "forecastTime": 0, "parameterNumber": 2, "parameterNumberName": "eastward_wind"}, "data":
[rows 57 to 75 of 198, columns 176 to 219 of 256]
20.261144638061523,20.949573516845703,21.45298957824707,22.204254150390625,23.439149856567383,24.27314567565918,24.563608169555664,24.94546127319336,25.524215698242188,25.84421730041504,25.65801239013672,25.39314079284668,25.402006149291992,25.527536392211914,25.896944046020508,26.679973602294922,27.381744384765625,27.50262451171875,27.10445785522461,26.596858978271484,26.426593780517578,26.681800842285156,26.886465072631836,26.639856338500977,25.834449768066406,24.75142478942871,23.047758102416992,20.85939598083496,19.019237518310547,17.92207908630371,17.35529327392578,17.78742027282715,18.293659210205078,18.065874099731445,18.087566375732422,19.058298110961914,20.14873504638672,22.492895126342773,24.28260040283203,24.08807945251465,21.7547664642334,19.575660705566406,19.900115966796875,21.273927688598633
18.487329483032227,19.790956497192383,20.595609664916992,20.933595657348633,21.68454933166504,22.46181869506836,22.952138900756836,23.589981079101562,24.433313369750977,24.985767364501953,25.038429260253906,24.99629783630371,25.241426467895508,25.48273468017578,25.702518463134766,26.360675811767578,27.237295150756836,27.612699508666992,27.12898826599121,26.292984008789062,25.859886169433594,25.957149505615234,26.07505226135254,25.88680648803711,25.324588775634766,24.755815505981445,23.1925048828125,20.492719650268555,18.161623001098633,16.95620346069336,16.87883949279785,17.609506607055664,18.662282943725586,19.44103240966797,19.768848419189453,19.460695266723633,19.299959182739258,21.473033905029297,23.829452514648438,24.38457679748535,23.679672241210938,22.55738067626953,22.256805419921875,21.871707916259766
16.73476219177246,18.448566436767578,19.8730411529541,20.08864402770996,20.329181671142578,20.982229232788086,21.55874252319336,22.054651260375977,22.87704849243164,23.750791549682617,24.070070266723633,24.048036575317383,24.359670639038086,24.808944702148438,24.97930335998535,25.407907485961914,26.297821044921875,26.9281063079834,26.61935043334961,25.589773178100586,24.762548446655273,24.65851593017578,24.943925857543945,25.014802932739258,24.691898345947266,24.2567195892334,22.971559524536133,20.283451080322266,18.012460708618164,17.47140121459961,17.910057067871094,18.373788833618164,19.080978393554688,20.2614803314209,21.38495445251465,21.46338653564453,20.65223503112793,21.10953712463379,21.689929962158203,22.387359619140625,23.87287139892578,24.551279067993164,24.40436363220215,22.820289611816406
15.225495338439941,16.841697692871094,18.558359146118164,19.185632705688477,19.53896713256836,20.34839630126953,21.133502960205078,21.436433792114258,21.98332405090332,22.85350227355957,23.37677574157715,23.278091430664062,23.32369041442871,23.67270851135254,23.80921745300293,24.079992294311523,24.931318283081055,25.671693801879883,25.493144989013672,24.48801040649414,23.54144287109375,23.278865814208984,23.608980178833008,23.86202049255371,23.735088348388672,23.345367431640625,22.43161964416504,20.651901245117188,19.116506576538086,19.09091567993164,19.949918746948242,20.246501922607422,19.884273529052734,20.317148208618164,21.891626358032227,23.060001373291016,22.568513870239258,21.512964248657227,19.99907684326172,20.7172794342041,23.366443634033203,24.891056060791016,24.84074592590332,23.16690444946289
13.840888977050781,15.078783988952637,16.78072166442871,18.0013427734375,18.940292358398438,20.07129669189453,20.915254592895508,21.10621452331543,21.474342346191406,22.233558654785156,22.82855224609375,22.68297004699707,22.36927604675293,22.342609405517578,22.43233871459961,22.617141723632812,23.280899047851562,24.052003860473633,24.173290252685547,23.655658721923828,23.07278060913086,22.784934997558594,22.81380271911621,22.971067428588867,22.94705581665039,22.60210609436035,21.99227523803711,21.271968841552734,20.652494430541992,20.607179641723633,21.203210830688477,21.705352783203125,21.326091766357422,21.167203903198242,22.173002243041992,23.030311584472656,22.57297706604004,21.360149383544922,19.75909423828125,20.424131393432617,22.99302101135254,24.512514114379883,24.3050537109375,23.225183486938477
12.828611373901367,13.608342170715332,15.06169605255127,16.638113021850586,18.01206398010254,19.237871170043945,19.954137802124023,20.079139709472656,20.454519271850586,21.342866897583008,22.129899978637695,22.228557586669922,21.844886779785156,21.49381446838379,21.439931869506836,21.572587966918945,22.010576248168945,22.663599014282227,23.07640266418457,23.235658645629883,23.35207176208496,23.35027503967285,23.120607376098633,22.9630126953125,22.920547485351562,22.628360748291016,22.088790893554688,21.725601196289062,21.29336166381836,20.753070831298828,20.798362731933594,21.407381057739258,21.978757858276367,22.49385643005371,23.11268424987793,22.8789119720459,22.1243839263916,21.027877807617188,19.859760284423828,20.74616050720215,23.054800033569336,23.667482376098633,23.1897029876709,23.293149948120117
12.421184539794922,12.852071762084961,13.789493560791016,15.187803268432617,16.623090744018555,17.850692749023438,18.633634567260742,19.035181045532227,19.663074493408203,20.668296813964844,21.582300186157227,21.99237823486328,21.871559143066406,21.46520233154297,21.160999298095703,21.158279418945312,21.43212127685547,21.922740936279297,22.42295265197754,22.923250198364258,23.470592498779297,23.773290634155273,23.656862258911133,23.54372787475586,23.60619354248047,23.39337158203125,22.661426544189453,21.78736114501953,20.907312393188477,19.855266571044922,19.253009796142578,19.68815803527832,20.89460563659668,22.375513076782227,23.544313430786133,23.38629913330078,22.716583251953125,22.04609489440918,21.279373168945312,21.27872657775879,21.870121002197266,21.779695510864258,21.684316635131836,22.79129981994629
12.12182331085205,12.447776794433594,12.924200057983398,13.848370552062988,15.151291847229004,16.47836685180664,17.525798797607422,18.36187171936035,19.308847427368164,20.33669090270996,21.077924728393555,21.42771339416504,21.432435989379883,21.102842330932617,20.663692474365234,20.56739616394043,20.92405128479004,21.584108352661133,22.18599510192871,22.585155487060547,22.927757263183594,23.088468551635742,23.126218795776367,23.57525062561035,24.289546966552734,24.453136444091797,23.579885482788086,21.992948532104492,20.32318115234375,18.88136863708496,17.714385986328125,17.741931915283203,18.946640014648438,20.676265716552734,22.847320556640625,23.852054595947266,23.514259338378906,23.741125106811523,23.561491012573242,21.8281192779541,20.589643478393555,20.418838500976562,20.46874237060547,22.207557678222656
11.352893829345703,11.625165939331055,11.94959831237793,12.663084030151367,13.942553520202637,15.437727928161621,16.719341278076172,17.761472702026367,18.81215476989746,19.712142944335938,20.131372451782227,20.13263702392578,19.94011878967285,19.626375198364258,19.21207618713379,19.12622833251953,19.784011840820312,21.018259048461914,22.05347442626953,22.320112228393555,22.062101364135742,21.689611434936523,21.717605590820312,22.885225296020508,24.491151809692383,25.0643253326416,24.229938507080078,22.397672653198242,20.403278350830078,18.61876678466797,16.989316940307617,16.30695915222168,16.946748733520508,18.77225112915039,21.663312911987305,23.56385040283203,23.450334548950195,24.340673446655273,25.016984939575195,22.48183822631836,20.654451370239258,20.755535125732422,21.404521942138672,22.00453758239746
10.320152282714844,10.418844223022461,10.729623794555664,11.477828025817871,12.812359809875488,14.42734432220459,15.816426277160645,16.893430709838867,17.83722686767578,18.523487091064453,18.718238830566406,18.535602569580078,18.209453582763672,17.830188751220703,17.385717391967773,17.27744483947754,18.16254234313965,19.909605026245117,21.431962966918945,21.811819076538086,21.228759765625,20.50794792175293,20.5573673248291,22.15859603881836,24.275537490844727,24.976131439208984,24.054258346557617,22.45017433166504,21.01861000061035,19.165380477905273,17.001129150390625,15.761418342590332,15.85225772857666,17.752655029296875,20.594562530517578,22.312265396118164,22.445837020874023,23.551986694335938,24.833492279052734,22.580642700195312,21.071626663208008,21.929996490478516,22.808414459228516,21.04837989807129
9.593343734741211,9.461657524108887,9.646092414855957,10.359128952026367,11.653891563415527,13.237682342529297,14.669548034667969,15.824300765991211,16.757211685180664,17.32035255432129,17.468488693237305,17.34031105041504,17.03427505493164,16.57269859313965,16.040897369384766,15.810402870178223,16.540624618530273,18.231504440307617,19.813865661621094,20.41066551208496,20.14741325378418,19.689422607421875,19.912511825561523,21.455425262451172,23.394651412963867,23.961782455444336,23.074010848999023,22.221166610717773,21.826574325561523,19.83828353881836,17.314830780029297,16.22760581970215,16.22730827331543,17.375654220581055,19.588241577148438,20.93893051147461,21.251293182373047,21.99155616760254,23.362548828125,22.341957092285156,20.955106735229492,21.875459671020508,22.675315856933594,20.24886131286621
9.203369140625,8.99442195892334,8.977933883666992,9.55362606048584,10.817541122436523,12.3948335647583,13.830595970153809,14.994038581848145,15.932402610778809,16.487621307373047,16.640535354614258,16.59560775756836,16.336509704589844,15.7713623046875,15.10940933227539,14.759064674377441,15.151260375976562,16.400083541870117,17.68226432800293,18.35053253173828,18.603290557861328,18.681488037109375,19.012971878051758,20.13121795654297,21.48655128479004,21.836864471435547,21.328590393066406,21.682050704956055,22.498878479003906,20.51679229736328,17.718088150024414,16.880041122436523,16.90284538269043,17.223112106323242,18.805940628051758,20.41632080078125,20.46472930908203,20.36751365661621,21.45216178894043,22.1776180267334,20.733238220214844,20.26067543029785,21.51905059814453,19.872255325317383
8.957182884216309,8.778977394104004,8.632922172546387,9.066670417785645,10.379825592041016,12.09946060180664,13.563093185424805,14.556514739990234,15.23386001586914,15.660369873046875,15.802724838256836,15.772933959960938,15.588005065917969,15.061901092529297,14.370275497436523,13.99567985534668,14.257831573486328,15.152928352355957,16.054834365844727,16.506105422973633,16.993162155151367,17.492156982421875,17.856800079345703,18.547666549682617,19.440908432006836,19.59827423095703,19.34317970275879,20.436237335205078,22.090314865112305,20.660844802856445,18.089767456054688,17.19306755065918,17.002992630004883,17.1661434173584,18.84246253967285,20.400421142578125,20.017038345336914,19.623411178588867,20.318817138671875,21.457992553710938,20.347667694091797,18.44855499267578,19.19755744934082,18.909765243530273
8.894861221313477,8.710360527038574,8.481588363647461,8.75119400024414,9.965015411376953,11.733352661132812,13.296045303344727,14.228421211242676,14.614078521728516,14.737910270690918,14.771209716796875,14.751652717590332,14.655172348022461,14.311763763427734,13.820279121398926,13.61452579498291,13.937681198120117,14.667997360229492,15.215174674987793,15.233986854553223,15.551798820495605,16.440311431884766,17.137901306152344,17.676551818847656,18.256404876708984,18.244495391845703,17.896076202392578,18.884946823120117,20.510833740234375,19.758710861206055,17.86420249938965,17.02835464477539,16.725845336914062,17.194713592529297,18.930665969848633,19.871463775634766,20.054126739501953,20.673641204833984,20.626220703125,19.803407669067383,18.603328704833984,16.770116806030273,16.785537719726562,17.939193725585938
8.815903663635254,8.725774765014648,8.505669593811035,8.570085525512695,9.44330883026123,10.994534492492676,12.581446647644043,13.650040626525879,14.06076717376709,14.044833183288574,13.96822738647461,13.99932861328125,14.031691551208496,13.833745002746582,13.477883338928223,13.364437103271484,13.713473320007324,14.387738227844238,14.82066822052002,14.54891586303711,14.441585540771484,15.463168144226074,16.70843505859375,17.239727020263672,17.34978485107422,17.21518325805664,16.933507919311523,17.67961883544922,18.865732192993164,18.245107650756836,16.726253509521484,16.089637756347656,15.953641891479492,16.617982864379883,18.148359298706055,18.95247459411621,20.26321792602539,21.947710037231445,21.09368324279785,18.22784423828125,16.338083267211914,15.347900390625,16.078025817871094,18.573068618774414
8.477612495422363,8.55903434753418,8.526203155517578,8.4627103805542,8.96234130859375,10.226086616516113,11.75976848602295,12.966320037841797,13.55827522277832,13.591455459594727,13.491067886352539,13.700540542602539,14.09827995300293,14.13100528717041,13.62396240234375,13.109132766723633,13.168122291564941,13.819035530090332,14.447301864624023,14.248327255249023,13.731451988220215,14.322388648986816,15.817349433898926,16.51987648010254,16.20208740234375,15.915514945983887,15.972344398498535,16.72222900390625,17.571826934814453,16.67731285095215,14.834749221801758,14.081591606140137,14.418007850646973,15.43349838256836,16.416027069091797,17.346715927124023,19.704654693603516,21.89346694946289,20.838951110839844,17.426393508911133,15.019942283630371,15.084280967712402,17.38697052001953,20.133567810058594
8.345393180847168,8.24628734588623,8.263225555419922,8.225123405456543,8.549819946289062,9.673707962036133,11.255221366882324,12.605155944824219,13.318641662597656,13.384885787963867,13.281392097473145,13.629547119140625,14.428170204162598,14.906529426574707,14.40383529663086,13.31615161895752,12.729984283447266,13.17764663696289,13.964426040649414,13.853116989135742,12.998580932617188,12.968738555908203,14.38927936553955,15.521821022033691,15.184883117675781,14.594741821289062,14.751462936401367,15.616090774536133,16.34583282470703,15.176200866699219,12.667181015014648,11.437079429626465,12.323993682861328,13.842939376831055,14.614982604980469,15.852737426757812,18.494888305664062,20.45491600036621,19.737911224365234,17.08247184753418,14.98873519897461,15.83471393585205,18.967952728271484,21.100074768066406
8.829615592956543,8.396928787231445,8.079582214355469,7.948533058166504,8.1878080368042,9.167152404785156,10.788590431213379,12.381568908691406,13.356480598449707,13.569852828979492,13.446061134338379,13.683806419372559,14.484662055969238,15.267725944519043,15.093954086303711,13.90339183807373,12.89031982421875,13.02731704711914,13.684922218322754,13.451411247253418,12.220179557800293,11.696264266967773,13.017004013061523,14.531879425048828,14.39235782623291,13.574288368225098,13.604254722595215,14.448692321777344,15.105671882629395,13.776853561401367,10.721173286437988,9.25749683380127,10.457357406616211,12.242644309997559,13.563974380493164,15.48216724395752,17.577152252197266,18.583553314208984,17.966753005981445,16.276195526123047,15.294004440307617,16.458114624023438,19.138315200805664,20.5623779296875
9.410304069519043,9.074214935302734,8.497252464294434,8.022039413452148,7.947458744049072,8.589767456054688,10.055212020874023,11.877129554748535,13.34985637664795,14.00320816040039,13.920035362243652,13.764659881591797,14.064990997314453,14.741073608398438,15.017532348632812,14.321870803833008,13.343564987182617,13.18610668182373,13.650643348693848,13.46220588684082,12.152876853942871,11.305359840393066,12.226239204406738,13.499185562133789,13.508801460266113,12.981947898864746,13.086010932922363,13.718171119689941,13.926589965820312,12.259649276733398,9.29528522491455,8.022297859191895,9.299747467041016,11.740021705627441,13.989970207214355,15.895419120788574,16.822975158691406,16.810571670532227,16.007917404174805,14.828147888183594,14.96957778930664,16.713634490966797,18.656970977783203,19.278335571289062
