data/wind_data/wind_9_0.json
{"header": {"parameterUnit": "KT", "parameterCategory": 2, "nx": 255, "ny": 198, "lo1": 44.73521041870117, "la1": -3.236724853515625, "lo2": 111.26478576660156, "la2": 43.468475341796875, "dx": 0.26192745566368103, "dy": -0.23708222806453705, "refTime": "2025-02-19 09:00:00", "forecastTime": 0, "parameterNumber": 3, "parameterNumberName": "northward_wind"}, "data":
[rows 95 to 113 of 198, columns 0 to 42 of 255]
10.275277137756348,9.911554336547852,9.27876091003418,8.187262535095215,6.046215534210205,4.359273433685303,3.417388916015625,2.156672954559326,1.0563833713531494,0.12896616756916046,-0.7840930819511414,-1.8270103931427002,-2.691706657409668,-3.4161739349365234,-4.181230068206787,-4.974449634552002,-5.673450469970703,-6.279847621917725,-6.836252689361572,-7.373843193054199,-8.014103889465332,-8.597434043884277,-8.996319770812988,-9.270589828491211,-9.48404598236084,-9.686898231506348,-9.900612831115723,-10.098310470581055,-10.135926246643066,-9.8934965133667,-9.385847091674805,-8.505058288574219,-6.655880451202393,-5.877671241760254,-5.127691745758057,-4.150217056274414,-3.3553004264831543,-2.5714669227600098,-1.9298473596572876,-1.3682341575622559,-0.7928380370140076,-1.5009571313858032,-0.7219303250312805
10.926331520080566,10.393879890441895,9.727380752563477,8.843057632446289,6.949289321899414,4.693845748901367,3.992669105529785,2.6625304222106934,1.3301748037338257,0.18487048149108887,-0.8068652749061584,-1.9196127653121948,-2.871701717376709,-3.644470691680908,-4.377751350402832,-5.032547473907471,-5.622644424438477,-6.212667942047119,-6.757013320922852,-7.297407150268555,-8.05262565612793,-8.894349098205566,-9.564142227172852,-10.065290451049805,-10.42580509185791,-10.599445343017578,-10.66409969329834,-10.714694023132324,-10.747635841369629,-10.60902214050293,-10.138248443603516,-9.232998847961426,-7.228569984436035,-6.222912788391113,-5.954941272735596,-5.407561779022217,-4.837757110595703,-4.4410552978515625,-3.1789205074310303,-2.608149528503418,-3.217087984085083,-4.1185173988342285,-3.4554731845855713
11.968603134155273,11.001655578613281,9.924433708190918,8.93588924407959,7.307755470275879,5.058656692504883,3.765366554260254,2.5895166397094727,1.4203572273254395,0.07498394697904587,-1.0899282693862915,-2.2060298919677734,-3.1842052936553955,-3.94234561920166,-4.659336566925049,-5.245713233947754,-5.7726030349731445,-6.33964204788208,-6.8514556884765625,-7.305434226989746,-7.982664108276367,-8.837672233581543,-9.670552253723145,-10.440313339233398,-11.008980751037598,-11.239653587341309,-11.30388355255127,-11.381600379943848,-11.526680946350098,-11.555566787719727,-11.277320861816406,-10.60168170928955,-8.739399909973145,-6.805090427398682,-6.369404315948486,-6.181539058685303,-5.5274786949157715,-5.222537040710449,-5.186951160430908,-4.888364791870117,-4.805697441101074,-6.307485103607178,-4.5321431159973145
13.006219863891602,11.597858428955078,10.012649536132812,8.873990058898926,7.896462440490723,5.843522071838379,3.9539599418640137,2.6841347217559814,1.411038875579834,0.031765956431627274,-1.2624379396438599,-2.544635772705078,-3.557938575744629,-4.455780029296875,-5.307879447937012,-5.866881370544434,-6.431286811828613,-6.962920665740967,-7.477817535400391,-7.863763809204102,-8.444753646850586,-9.12752914428711,-9.851755142211914,-10.629572868347168,-11.293749809265137,-11.631516456604004,-11.74947452545166,-11.823661804199219,-12.019073486328125,-12.139368057250977,-11.902575492858887,-11.426127433776855,-10.543794631958008,-8.21288013458252,-6.712496280670166,-6.825315952301025,-6.353736877441406,-6.142513751983643,-6.345295429229736,-6.7789082527160645,-6.66405725479126,-7.371251583099365,-5.563318252563477
13.072381019592285,11.67271900177002,10.132140159606934,9.124713897705078,8.496562957763672,6.892598628997803,4.721937656402588,2.662276029586792,1.4057790040969849,0.18055817484855652,-1.312339186668396,-2.488262891769409,-3.426281213760376,-4.653131008148193,-6.218721389770508,-6.903996467590332,-7.542156219482422,-7.9791998863220215,-8.474347114562988,-8.780807495117188,-9.143980979919434,-9.56328296661377,-10.144092559814453,-10.931743621826172,-11.675450325012207,-12.149940490722656,-12.253183364868164,-12.208487510681152,-12.286964416503906,-12.411608695983887,-12.197280883789062,-11.729706764221191,-11.305875778198242,-10.088580131530762,-7.649238586425781,-7.540375232696533,-7.343921661376953,-7.199987411499023,-7.888051986694336,-8.242515563964844,-7.628573894500732,-8.112136840820312,-5.971271514892578
12.471380233764648,11.421469688415527,10.255189895629883,9.509859085083008,8.965978622436523,7.632452964782715,5.239220142364502,2.8752613067626953,1.812932014465332,0.5275817513465881,-0.878425121307373,-2.029015302658081,-2.822843551635742,-4.084422588348389,-6.30200719833374,-7.37746524810791,-8.177154541015625,-8.624271392822266,-9.035456657409668,-9.361111640930176,-9.552506446838379,-9.801613807678223,-10.2520751953125,-11.003396987915039,-11.838441848754883,-12.424581527709961,-12.54588794708252,-12.615304946899414,-12.663091659545898,-12.749550819396973,-12.526201248168945,-12.108532905578613,-11.935482025146484,-11.481569290161133,-9.46933650970459,-8.934502601623535,-8.942339897155762,-8.516857147216797,-8.892790794372559,-9.491707801818848,-8.702319145202637,-8.27071762084961,-6.408206462860107
12.174056053161621,11.489788055419922,10.441715240478516,9.762563705444336,9.155850410461426,8.391373634338379,6.536630153656006,3.9531638622283936,2.4920897483825684,1.1510001420974731,-0.0415458157658577,-1.0825353860855103,-1.7531038522720337,-2.7709693908691406,-5.116842269897461,-6.758989334106445,-7.822427749633789,-8.322803497314453,-8.520259857177734,-8.805132865905762,-9.25633430480957,-9.81876277923584,-10.352023124694824,-10.830582618713379,-11.448575019836426,-11.924298286437988,-12.247540473937988,-12.704294204711914,-13.049761772155762,-13.070578575134277,-12.781718254089355,-12.512962341308594,-12.324148178100586,-12.337377548217773,-11.278013229370117,-10.377825736999512,-10.570542335510254,-10.069612503051758,-10.010716438293457,-10.513381004333496,-9.623871803283691,-8.295823097229004,-6.508076190948486
12.001317977905273,11.868736267089844,10.827299118041992,9.791162490844727,8.950666427612305,8.680807113647461,7.399408340454102,5.005026340484619,3.0423851013183594,1.8771625757217407,0.4633376896381378,-0.5310875773429871,-1.1273223161697388,-1.8583946228027344,-3.9212489128112793,-5.7992753982543945,-7.030086517333984,-7.453400611877441,-7.469743728637695,-7.471550464630127,-7.964182376861572,-8.926137924194336,-9.793274879455566,-10.38038158416748,-10.986321449279785,-11.323548316955566,-11.603702545166016,-11.664729118347168,-12.45352554321289,-12.811763763427734,-12.840015411376953,-12.91164493560791,-12.63768196105957,-12.621979713439941,-12.606290817260742,-11.74370002746582,-12.189616203308105,-11.6802978515625,-11.173017501831055,-10.967440605163574,-10.475330352783203,-9.063706398010254,-7.298877239227295
11.973015785217285,12.324575424194336,11.06835651397705,9.169923782348633,7.6060686111450195,7.854981422424316,6.796952247619629,5.145616054534912,3.102919101715088,2.043848752975464,0.4752437472343445,-0.8478254079818726,-1.6718686819076538,-2.1844394207000732,-3.714902877807617,-5.236555576324463,-6.111447334289551,-6.392185688018799,-6.651642799377441,-6.879328727722168,-6.821080684661865,-7.180922985076904,-7.440939426422119,-7.955074787139893,-8.901519775390625,-9.913861274719238,-10.668047904968262,-10.766831398010254,-11.233205795288086,-11.5478515625,-12.233078956604004,-12.842730522155762,-12.844454765319824,-12.859962463378906,-12.939299583435059,-12.917367935180664,-12.837855339050293,-12.566291809082031,-12.14863109588623,-11.683767318725586,-11.496926307678223,-10.538293838500977,-9.126304626464844
12.677974700927734,12.779279708862305,10.831587791442871,8.418126106262207,7.066573143005371,7.2055535316467285,5.347301959991455,3.552532434463501,1.7625950574874878,1.2328264713287354,0.21757350862026215,-1.571900486946106,-2.8128228187561035,-3.416313409805298,-4.492330551147461,-5.30493688583374,-5.4412055015563965,-5.852908134460449,-6.59175443649292,-7.096338272094727,-7.304315090179443,-7.30544900894165,-7.455471038818359,-7.945804119110107,-8.954113960266113,-10.158849716186523,-11.086755752563477,-10.657299041748047,-11.076705932617188,-10.930740356445312,-11.38505744934082,-12.21721076965332,-12.565845489501953,-12.691242218017578,-12.862747192382812,-12.75787353515625,-12.746261596679688,-12.351826667785645,-12.038945198059082,-11.476308822631836,-11.512330055236816,-11.273323059082031,-10.722798347473145
13.57656478881836,12.835594177246094,10.351799964904785,8.18326187133789,7.748630523681641,7.499363899230957,5.248578071594238,2.823676109313965,1.2230815887451172,0.6615214943885803,-0.6703395843505859,-1.8684483766555786,-3.340200424194336,-4.068795680999756,-4.7632737159729,-5.120358467102051,-5.427675724029541,-6.210550308227539,-7.139514446258545,-7.71528434753418,-7.829971790313721,-8.100683212280273,-8.613027572631836,-9.360719680786133,-10.42379093170166,-11.800786018371582,-12.810894012451172,-11.661614418029785,-12.524998664855957,-12.183953285217285,-11.964422225952148,-12.182621002197266,-12.377265930175781,-12.339808464050293,-12.228609085083008,-12.058659553527832,-11.785086631774902,-11.288874626159668,-10.856215476989746,-10.337763786315918,-10.184500694274902,-10.436507225036621,-10.847867965698242
13.770934104919434,12.295221328735352,9.973159790039062,8.471702575683594,8.511178016662598,7.95595645904541,6.259840965270996,3.8588647842407227,1.7044024467468262,0.5647808909416199,-0.9730451703071594,-1.6988391876220703,-2.7834110260009766,-3.6619927883148193,-4.350179195404053,-4.740144729614258,-4.923778533935547,-5.463232517242432,-5.8718438148498535,-6.750685691833496,-7.4417572021484375,-7.957411766052246,-8.202033996582031,-8.716870307922363,-9.491260528564453,-11.060138702392578,-13.377811431884766,-12.352548599243164,-12.083019256591797,-12.216819763183594,-12.420504570007324,-12.47533130645752,-12.44872760772705,-12.28416633605957,-11.946982383728027,-11.458148002624512,-11.114501953125,-10.348613739013672,-9.778038024902344,-9.097261428833008,-8.631673812866211,-8.585942268371582,-9.492915153503418
13.314352035522461,11.466474533081055,9.587949752807617,8.50155258178711,8.248988151550293,6.444333553314209,6.189384937286377,4.6758527755737305,2.3693156242370605,0.8499891757965088,-0.9096114039421082,-1.476794958114624,-2.5233097076416016,-3.6205856800079346,-4.533604145050049,-5.252804279327393,-5.217988967895508,-5.612132549285889,-5.820215702056885,-6.520353317260742,-7.584824085235596,-8.494464874267578,-9.278934478759766,-9.348897933959961,-9.246306419372559,-9.553441047668457,-10.86612319946289,-11.021230697631836,-9.847916603088379,-10.6774320602417,-11.522241592407227,-11.71264362335205,-11.653008460998535,-11.614054679870605,-11.12878131866455,-10.520670890808105,-9.964405059814453,-9.90219783782959,-9.183902740478516,-8.609084129333496,-7.883142948150635,-7.1051740646362305,-7.960983753204346
12.507760047912598,10.601873397827148,9.090407371520996,8.288840293884277,7.519320011138916,5.09467887878418,5.296878814697266,3.9434022903442383,2.3619282245635986,0.4076666831970215,-0.9543151259422302,-1.5334129333496094,-2.668245315551758,-3.715337038040161,-4.737949371337891,-6.08381462097168,-6.593315124511719,-7.495782375335693,-8.457545280456543,-9.124946594238281,-9.512239456176758,-10.017775535583496,-10.883187294006348,-10.922683715820312,-9.59242057800293,-8.466177940368652,-5.155524730682373,-9.275444984436035,-9.81198787689209,-10.551131248474121,-10.42900562286377,-10.172662734985352,-9.817178726196289,-9.519351959228516,-9.152922630310059,-8.684575080871582,-7.19740104675293,-8.54244327545166,-8.923201560974121,-8.361967086791992,-7.537339210510254,-6.453311920166016,-6.703307628631592
11.45895767211914,9.848287582397461,8.849575996398926,8.283188819885254,7.215480327606201,5.543403625488281,4.834550380706787,3.7437777519226074,3.1145176887512207,1.9277276992797852,0.916942834854126,-0.6661113500595093,-2.098798990249634,-3.006459951400757,-4.602262020111084,-6.320028781890869,-7.456441402435303,-8.49252986907959,-9.365325927734375,-10.144977569580078,-10.772690773010254,-11.40259838104248,-12.255648612976074,-12.711801528930664,-9.670343399047852,-8.5598783493042,-3.3358747959136963,-9.694273948669434,-10.343016624450684,-10.85744857788086,-10.786955833435059,-10.51628303527832,-9.85175609588623,-9.088447570800781,-9.191010475158691,-8.642426490783691,-7.267280101776123,-6.925243377685547,-7.930655002593994,-8.103554725646973,-7.372538089752197,-6.171345233917236,-5.521592617034912
10.299501419067383,9.24828815460205,9.263964653015137,8.93587589263916,8.01607894897461,6.6855340003967285,5.79507303237915,5.166892051696777,4.102018356323242,2.7763831615448,1.2013124227523804,-0.04490283876657486,-1.6703095436096191,-3.024446964263916,-5.079559803009033,-6.365445137023926,-7.50663423538208,-8.308518409729004,-9.190016746520996,-9.934224128723145,-10.94088077545166,-12.13906192779541,-12.771720886230469,-13.3878173828125,-9.619939804077148,-9.30123233795166,-6.749561309814453,-10.603596687316895,-10.244858741760254,-10.415986061096191,-11.011889457702637,-10.812116622924805,-10.400557518005371,-9.65966796875,-9.720553398132324,-9.125761032104492,-8.562766075134277,-7.517242908477783,-6.060983180999756,-6.9435248374938965,-6.958772659301758,-6.0443501472473145,-4.439691066741943
9.88106632232666,9.273355484008789,9.222980499267578,9.058563232421875,7.578925132751465,6.486098766326904,6.346878528594971,6.036045074462891,3.9181597232818604,2.0093042850494385,0.14928962290287018,-0.9851831793785095,-2.1590240001678467,-3.674346923828125,-5.741886615753174,-6.800678730010986,-7.475369930267334,-8.143070220947266,-9.107674598693848,-9.942904472351074,-11.070545196533203,-12.366786003112793,-13.006998062133789,-12.510420799255371,-9.153448104858398,-9.510042190551758,-11.058119773864746,-10.890947341918945,-10.850642204284668,-10.413318634033203,-9.919081687927246,-9.629965782165527,-9.622796058654785,-8.91464900970459,-8.970070838928223,-8.664397239685059,-8.641352653503418,-8.270639419555664,-6.422878265380859,-5.370595455169678,-5.960294246673584,-5.805871963500977,-4.535991668701172
10.292706489562988,9.45058822631836,8.71287727355957,7.517553806304932,5.236806869506836,5.416559219360352,5.699848651885986,5.1606621742248535,3.1676485538482666,1.4449018239974976,-0.3020307719707489,-1.6085104942321777,-3.187413454055786,-4.529466152191162,-5.8194355964660645,-7.106431484222412,-7.884720802307129,-8.400910377502441,-9.137845993041992,-9.828376770019531,-10.667914390563965,-12.546415328979492,-12.130577087402344,-11.669496536254883,-9.318309783935547,-10.060946464538574,-12.428926467895508,-11.932110786437988,-11.635021209716797,-11.12204647064209,-10.325450897216797,-9.833784103393555,-9.32489013671875,-8.356670379638672,-8.226105690002441,-8.094250679016113,-8.0739107131958,-7.3698859214782715,-6.705517768859863,-5.600730895996094,-4.219233989715576,-5.151956081390381,-4.1282525062561035
9.904504776000977,9.301578521728516,8.361844062805176,6.8480682373046875,5.462782859802246,5.859496593475342,5.539200782775879,4.268643856048584,2.0386130809783936,0.3360462486743927,-0.9428996443748474,-2.2621450424194336,-3.4901070594787598,-5.252131938934326,-6.24567985534668,-7.215892314910889,-8.029179573059082,-8.611190795898438,-9.135032653808594,-9.265985488891602,-9.666316032409668,-11.521267890930176,-9.084510803222656,-10.682660102844238,-9.769363403320312,-10.80620288848877,-12.190665245056152,-12.9562406539917,-12.951545715332031,-12.424613952636719,-11.512639999389648,-10.769646644592285,-9.421707153320312,-8.083752632141113,-7.3130083084106445,-6.903689384460449,-6.049404144287109,-5.173316478729248,-4.428386211395264,-4.373031139373779,-3.8689000606536865,-3.0009663105010986,-3.569164276123047
