data/wind_data/wind_11_9.json
{"header": {"parameterUnit": "KT", "parameterCategory": 2, "nx": 256, "ny": 198, "lo1": 44.73521041870117, "la1": -3.236724853515625, "lo2": 111.26478576660156, "la2": 43.468475341796875, "dx": 0.2609002888202667, "dy": -0.23708222806453705, "refTime": "2025-02-19 11:00:00", "forecastTime": 0, "parameterNumber": 2, "parameterNumberName": "eastward_wind"}, "data":
[rows 171 to 189 of 198, columns 43 to 85 of 256]
31.648090362548828,31.85374641418457,30.025283813476562,26.684520721435547,23.82156753540039,22.237892150878906,20.919967651367188,19.533512115478516,18.668611526489258,18.737716674804688,19.643360137939453,20.869762420654297,21.790790557861328,22.032625198364258,21.736854553222656,21.555387496948242,21.977359771728516,22.84635353088379,23.667682647705078,24.01101303100586,23.949953079223633,24.20514488220215,25.250669479370117,26.36850929260254,26.392505645751953,25.487489700317383,25.127470016479492,26.001188278198242,27.652162551879883,29.12154769897461,29.243724822998047,27.90287971496582,26.243083953857422,25.120500564575195,24.568880081176758,24.56963348388672,24.825462341308594,24.28913688659668,22.427703857421875,19.831209182739258,17.39702796936035,16.10103988647461,16.128002166748047
31.24882698059082,31.44369125366211,29.926578521728516,27.00381851196289,23.888626098632812,21.62535858154297,20.361661911010742,19.802112579345703,19.719743728637695,19.970870971679688,20.51933479309082,21.349828720092773,22.205659866333008,22.605730056762695,22.360002517700195,22.0659122467041,22.577138900756836,23.771390914916992,24.685863494873047,24.731578826904297,24.260393142700195,24.092693328857422,24.68663787841797,25.64386749267578,26.11600685119629,25.800046920776367,25.484813690185547,25.994298934936523,27.144695281982422,28.26711082458496,28.553133010864258,27.52004623413086,25.811412811279297,24.52423667907715,24.031856536865234,24.14495277404785,24.37274169921875,24.088960647583008,23.120372772216797,21.578767776489258,19.53311538696289,17.45378875732422,16.13943099975586
30.59097671508789,30.19133949279785,28.628808975219727,25.965578079223633,23.011579513549805,21.07906150817871,20.641477584838867,20.854320526123047,20.916587829589844,20.889331817626953,21.0350399017334,21.35357666015625,21.72233772277832,21.95431900024414,21.989145278930664,22.14006233215332,22.895570755004883,24.198089599609375,25.22400665283203,25.270612716674805,24.567520141601562,23.988262176513672,24.15084457397461,24.914627075195312,25.708457946777344,26.00625228881836,25.84990692138672,25.940847396850586,26.69713020324707,27.68166160583496,28.045089721679688,27.128602981567383,25.267498016357422,23.621931076049805,22.879270553588867,22.882537841796875,23.12444496154785,22.980213165283203,22.30681037902832,21.589088439941406,20.840322494506836,19.445903778076172,17.519309997558594
29.005578994750977,28.141767501831055,26.80012321472168,24.745285034179688,22.538362503051758,21.414047241210938,21.58673858642578,21.951114654541016,21.826011657714844,21.664703369140625,21.84333038330078,21.951854705810547,21.67189598083496,21.37065887451172,21.557491302490234,22.329639434814453,23.42447853088379,24.569581985473633,25.485681533813477,25.80173110961914,25.34366798400879,24.516008377075195,24.089481353759766,24.438793182373047,25.293529510498047,26.0667667388916,26.237056732177734,25.97382926940918,26.05670738220215,26.776004791259766,27.433143615722656,26.930343627929688,25.005216598510742,22.810426712036133,21.555286407470703,21.304405212402344,21.524253845214844,21.536441802978516,20.946685791015625,20.439783096313477,20.497852325439453,20.25480079650879,18.929033279418945
26.602197647094727,25.739330291748047,24.84746551513672,23.58358383178711,22.449010848999023,22.221555709838867,22.643064498901367,22.809694290161133,22.578123092651367,22.6683406829834,23.289751052856445,23.606464385986328,22.98992919921875,22.135162353515625,22.152193069458008,23.204240798950195,24.53424835205078,25.498676300048828,26.145349502563477,26.554655075073242,26.41384506225586,25.61195182800293,24.799945831298828,24.698444366455078,25.30721664428711,26.096464157104492,26.49664306640625,26.260683059692383,25.775339126586914,25.77968978881836,26.32884407043457,26.441953659057617,25.128782272338867,22.85099220275879,21.015037536621094,20.195720672607422,20.088132858276367,20.13774871826172,19.86306381225586,19.430028915405273,19.463727951049805,19.67563819885254,19.211105346679688
24.329349517822266,23.659454345703125,23.09649658203125,22.339536666870117,21.92922019958496,22.27560806274414,22.923078536987305,23.32341194152832,23.668794631958008,24.460525512695312,25.580459594726562,26.118330001831055,25.34641456604004,23.977046966552734,23.512985229492188,24.370647430419922,25.6763973236084,26.561016082763672,27.095674514770508,27.518251419067383,27.414386749267578,26.489198684692383,25.44430160522461,25.20922088623047,25.816869735717773,26.531883239746094,26.79618263244629,26.519180297851562,25.821979522705078,25.179454803466797,25.160184860229492,25.477622985839844,25.07371711730957,23.537235260009766,21.696828842163086,20.256507873535156,19.32321548461914,18.892229080200195,18.788501739501953,18.814647674560547,18.95704460144043,19.12923812866211,19.155841827392578
23.239696502685547,22.403179168701172,21.710010528564453,21.02241325378418,20.9154052734375,21.633686065673828,22.682201385498047,23.649232864379883,24.628013610839844,25.833911895751953,27.218704223632812,28.198701858520508,27.952974319458008,26.618303298950195,25.528108596801758,25.582637786865234,26.413949966430664,27.24233627319336,27.87537956237793,28.376941680908203,28.2484188079834,27.09194564819336,25.69497299194336,25.31392478942871,26.125659942626953,27.135786056518555,27.405797958374023,26.868865966796875,25.895286560058594,24.860031127929688,24.329599380493164,24.51001739501953,24.67604637145996,24.030412673950195,22.743074417114258,21.24909019470215,19.548080444335938,18.040149688720703,17.428056716918945,17.880985260009766,18.87981414794922,19.766855239868164,20.42156410217285
23.405994415283203,22.093969345092773,20.795774459838867,19.812673568725586,19.874753952026367,21.00487518310547,22.491254806518555,23.769025802612305,24.717496871948242,25.576152801513672,26.722612380981445,28.030027389526367,28.66875648498535,28.176671981811523,27.192893981933594,26.65167808532715,26.877168655395508,27.59384536743164,28.386478424072266,28.958738327026367,28.871126174926758,27.83478546142578,26.405691146850586,25.737098693847656,26.300674438476562,27.343358993530273,27.775522232055664,27.242700576782227,26.080385208129883,24.745651245117188,23.847200393676758,23.837459564208984,24.260351181030273,24.143047332763672,23.271406173706055,22.007810592651367,20.130657196044922,17.69471549987793,16.096940994262695,16.535503387451172,18.589006423950195,21.027009963989258,23.048540115356445
24.116180419921875,22.526098251342773,20.577960968017578,19.2794246673584,19.418386459350586,20.684144973754883,22.16583824157715,23.166290283203125,23.57895851135254,23.852739334106445,24.67384910583496,26.140939712524414,27.491497039794922,28.029176712036133,27.81172752380371,27.381649017333984,27.311607360839844,27.808982849121094,28.57847023010254,29.15142822265625,29.167123794555664,28.524660110473633,27.61846351623535,27.12314796447754,27.316913604736328,27.792173385620117,27.893360137939453,27.300251007080078,26.12076759338379,24.68512535095215,23.625648498535156,23.540878295898438,24.10765266418457,24.21662139892578,23.320499420166016,21.911727905273438,20.049983978271484,17.409643173217773,15.196372032165527,15.353671073913574,18.102033615112305,22.234893798828125,25.793317794799805
24.613420486450195,23.339282989501953,21.310068130493164,20.003530502319336,20.20132827758789,21.362194061279297,22.444753646850586,22.788455963134766,22.443464279174805,22.072507858276367,22.54437828063965,24.045068740844727,25.89966583251953,27.292064666748047,27.94569969177246,28.04645347595215,28.015565872192383,28.22139549255371,28.682941436767578,29.083385467529297,29.17893409729004,29.000486373901367,28.817171096801758,28.884048461914062,29.10951805114746,29.120983123779297,28.608741760253906,27.52801513671875,26.044403076171875,24.46593475341797,23.381927490234375,23.369882583618164,24.128501892089844,24.432531356811523,23.363405227661133,21.32781982421875,19.06484603881836,16.602535247802734,14.49587631225586,14.740480422973633,18.214000701904297,23.533090591430664,27.19614601135254
24.412368774414062,24.320697784423828,23.329036712646484,22.240304946899414,22.000307083129883,22.623165130615234,23.346193313598633,23.38858413696289,22.583436965942383,21.590116500854492,21.552827835083008,22.897127151489258,24.954755783081055,26.729564666748047,27.829133987426758,28.417348861694336,28.699142456054688,28.829248428344727,28.951921463012695,29.05354118347168,29.098459243774414,29.28580665588379,29.795034408569336,30.450464248657227,30.8033447265625,30.552093505859375,29.654787063598633,28.19805908203125,26.377534866333008,24.538143157958984,23.25633430480957,23.113689422607422,23.91291046142578,24.451196670532227,23.479265213012695,20.92841911315918,17.922332763671875,15.225381851196289,13.612936973571777,14.833545684814453,19.232805252075195,24.475452423095703,26.61511993408203
23.958181381225586,24.11326026916504,24.327743530273438,24.183815002441406,24.122798919677734,24.542339324951172,24.997154235839844,24.8033504486084,23.795942306518555,22.565046310424805,22.245460510253906,23.414161682128906,25.410770416259766,27.12409782409668,28.133813858032227,28.710344314575195,29.07669448852539,29.20584487915039,29.148162841796875,29.058284759521484,29.069528579711914,29.521129608154297,30.582496643066406,31.740034103393555,32.154685974121094,31.57258415222168,30.373929977416992,28.88155746459961,27.18614959716797,25.42719268798828,23.968914031982422,23.33290672302246,23.618732452392578,24.01435089111328,23.277721405029297,20.84363555908203,17.452987670898438,14.27352523803711,13.100762367248535,15.445352554321289,20.29399871826172,24.330549240112305,24.778663635253906
24.612516403198242,24.339323043823242,24.433340072631836,24.782207489013672,25.41536521911621,26.26955223083496,26.738933563232422,26.302045822143555,25.11974334716797,23.920886993408203,23.687393188476562,24.90572166442871,26.90103530883789,28.6216983795166,29.567869186401367,29.85610008239746,29.73165512084961,29.37375259399414,29.02048110961914,28.892135620117188,29.064348220825195,29.764907836914062,31.180255889892578,32.724117279052734,33.282806396484375,32.39289093017578,30.723203659057617,29.10590934753418,27.767892837524414,26.574899673461914,25.448301315307617,24.532331466674805,24.014423370361328,23.64616584777832,22.72205924987793,20.703454971313477,17.62398910522461,14.512951850891113,13.74885368347168,16.451547622680664,20.750246047973633,23.319902420043945,23.023406982421875
24.05403709411621,24.416337966918945,24.992870330810547,25.776552200317383,26.809152603149414,27.827550888061523,28.222793579101562,27.55807113647461,26.10991668701172,24.79363441467285,24.63491439819336,25.939306259155273,27.907611846923828,29.64567756652832,30.9597225189209,31.6243953704834,31.19099998474121,29.90093994140625,28.801315307617188,28.563892364501953,29.026208877563477,29.943586349487305,31.410804748535156,33.08222961425781,33.89199447631836,33.03791427612305,30.93760108947754,28.834178924560547,27.577016830444336,27.067338943481445,26.69650650024414,26.043472290039062,25.147357940673828,24.038707733154297,22.528715133666992,20.493560791015625,17.883625030517578,15.417962074279785,15.1344633102417,17.688255310058594,21.10064697265625,22.63190460205078,22.10748863220215
23.54679298400879,23.882963180541992,24.974708557128906,26.29338836669922,27.585250854492188,28.59538459777832,28.853559494018555,27.983278274536133,26.293018341064453,24.896583557128906,24.907976150512695,26.337678909301758,28.18407440185547,29.725160598754883,31.312097549438477,32.782283782958984,32.75687026977539,30.933332443237305,29.066242218017578,28.557117462158203,29.13887596130371,29.995912551879883,31.06961441040039,32.50258255004883,33.55947494506836,33.15338897705078,31.128313064575195,28.653594970703125,27.168256759643555,26.96831512451172,27.146757125854492,26.87770652770996,26.080951690673828,24.84878921508789,23.03497314453125,20.67713165283203,18.114164352416992,16.20060920715332,16.385454177856445,18.82158851623535,21.70682716369629,22.860315322875977,22.304224014282227
25.810136795043945,25.51497459411621,25.971269607543945,26.898422241210938,27.901138305664062,28.536314010620117,28.342082977294922,27.158294677734375,25.500158309936523,24.552207946777344,25.160696029663086,26.820592880249023,28.382225036621094,29.562545776367188,31.144582748413086,33.131465911865234,33.585609436035156,31.770429611206055,29.818723678588867,29.30034065246582,29.7340087890625,30.151222229003906,30.50435447692871,31.41868782043457,32.53285598754883,32.60443878173828,31.075754165649414,28.8360538482666,27.315385818481445,26.953800201416016,26.99814224243164,26.69498062133789,26.05599021911621,25.22421646118164,23.766176223754883,21.35843849182129,18.569171905517578,16.75155258178711,17.18977165222168,19.66336441040039,22.401729583740234,23.607738494873047,23.33307456970215
28.261159896850586,27.826568603515625,27.773225784301758,28.162607192993164,28.7364444732666,28.90187644958496,28.147253036499023,26.56858253479004,24.96941375732422,24.472562789916992,25.582576751708984,27.441200256347656,28.738313674926758,29.556304931640625,30.933860778808594,32.968994140625,33.67066955566406,32.10044860839844,30.536664962768555,30.35456657409668,30.62720489501953,30.584537506103516,30.437103271484375,30.89681625366211,31.80885887145996,32.00123977661133,30.855222702026367,29.15262222290039,28.015602111816406,27.474470138549805,26.864492416381836,25.936437606811523,25.108901977539062,24.709001541137695,24.0655574798584,22.16422462463379,19.28866958618164,17.261308670043945,17.657482147216797,20.177766799926758,22.953014373779297,24.269731521606445,24.37395477294922
30.20856285095215,29.730920791625977,29.331714630126953,29.17211151123047,29.264659881591797,29.19961166381836,28.42237663269043,26.892353057861328,25.386756896972656,25.04865074157715,26.27880096435547,28.05807876586914,29.034587860107422,29.47249412536621,30.496179580688477,32.23366165161133,33.23160934448242,32.31631851196289,31.00691032409668,30.727895736694336,30.82643699645996,30.835546493530273,30.96134376525879,31.36440086364746,31.855091094970703,31.77997589111328,30.73578643798828,29.418481826782227,28.784690856933594,28.37643814086914,27.15595245361328,25.266725540161133,23.887178421020508,23.690868377685547,23.807069778442383,22.649961471557617,20.04058265686035,17.9207763671875,18.22502326965332,20.778820037841797,23.61799430847168,25.01276206970215,25.323001861572266
31.94725799560547,31.950305938720703,31.55551528930664,30.801054000854492,29.996000289916992,29.27713394165039,28.40690803527832,27.202512741088867,26.132177352905273,26.107383728027344,27.322458267211914,28.73577880859375,29.23961639404297,29.237085342407227,29.81934356689453,31.203466415405273,32.586578369140625,32.548240661621094,31.167709350585938,30.07088279724121,29.874374389648438,30.39600372314453,31.41382598876953,32.23311233520508,32.385250091552734,31.86850929260254,30.755735397338867,29.64272689819336,29.36170768737793,29.26609230041504,27.8358097076416,25.2514705657959,23.291746139526367,22.894289016723633,23.021438598632812,22.061901092529297,19.787273406982422,17.994455337524414,18.558753967285156,21.272409439086914,24.16786003112793,25.560306549072266,25.84617042541504
