data/wind_data/wind_58_9.json
{"header": {"parameterUnit": "KT", "parameterCategory": 2, "nx": 256, "ny": 198, "lo1": 44.73521041870117, "la1": -3.236724853515625, "lo2": 111.26478576660156, "la2": 43.468475341796875, "dx": 0.2609002888202667, "dy": -0.23708222806453705, "refTime": "2025-02-21 10:00:00", "forecastTime": 0, "parameterNumber": 2, "parameterNumberName": "eastward_wind"}, "data":
[rows 95 to 113 of 198, columns 86 to 128 of 256]
1.2814873456954956,2.848184585571289,3.694270133972168,3.0938308238983154,1.8708240985870361,1.0164430141448975,0.8055658340454102,1.1117466688156128,1.7628052234649658,2.5698864459991455,3.386702060699463,4.248133182525635,5.183389186859131,6.037168979644775,6.480884552001953,6.240009784698486,5.360390663146973,4.325186252593994,3.9004039764404297,4.4154582023620605,5.343360900878906,5.8126420974731445,5.510833263397217,4.892756462097168,4.209478855133057,3.0926568508148193,0.9556347727775574,-2.2246625423431396,-5.669093608856201,-8.836067199707031,-11.528458595275879,-13.068441390991211,-12.798734664916992,-11.144964218139648,-9.6021146774292,-9.423554420471191,-10.233696937561035,-10.765883445739746,-10.23483657836914,-8.224848747253418,-5.557462215423584,-3.137343406677246,-1.463168978691101
0.8342910408973694,2.337949514389038,3.079793930053711,2.3770086765289307,1.1292476654052734,0.6490814685821533,1.2265584468841553,2.206073760986328,3.0011210441589355,3.558487892150879,4.0042877197265625,4.551760673522949,5.282269477844238,6.0865797996521,6.719188213348389,6.755082607269287,5.8667893409729,4.526830673217773,3.7428112030029297,3.9749457836151123,4.817239761352539,5.494996547698975,5.523693084716797,5.183376312255859,4.704506874084473,3.7777841091156006,1.885454773902893,-1.164634108543396,-4.699872016906738,-8.115185737609863,-11.246932983398438,-13.595864295959473,-14.391563415527344,-13.507308959960938,-12.056928634643555,-11.299866676330566,-11.174686431884766,-10.739627838134766,-9.811854362487793,-8.562430381774902,-6.667060375213623,-4.6073384284973145,-3.1429877281188965
0.3900967836380005,1.6943790912628174,2.500318765640259,2.2452280521392822,1.5181171894073486,1.3929051160812378,2.192626953125,3.2767434120178223,3.9703433513641357,4.154095649719238,4.147751808166504,4.3666090965271,4.955604553222656,5.786553859710693,6.578409671783447,6.903413772583008,6.4084696769714355,5.309713363647461,4.342840194702148,4.039517402648926,4.396484375,4.929257869720459,5.044595718383789,4.808701038360596,4.547667503356934,3.9569320678710938,2.4148714542388916,-0.2574540078639984,-3.4261369705200195,-6.643120765686035,-10.222800254821777,-14.123991012573242,-17.264585494995117,-18.245742797851562,-17.16139793395996,-15.522826194763184,-13.971089363098145,-12.109418869018555,-10.133419036865234,-8.797898292541504,-7.858034610748291,-6.647184371948242,-5.39688777923584
0.6224408149719238,1.492425560951233,2.1364622116088867,2.1090381145477295,1.8841705322265625,2.094388008117676,2.7622852325439453,3.526181697845459,3.9169301986694336,3.7957732677459717,3.5288496017456055,3.537339687347412,3.9651660919189453,4.717807769775391,5.564346790313721,5.972884178161621,5.571598052978516,4.729013919830322,4.102511405944824,4.084610462188721,4.582817554473877,5.112399101257324,5.170827865600586,4.798075199127197,4.457295894622803,4.133605480194092,3.1734230518341064,1.1132535934448242,-1.6787160634994507,-4.760038375854492,-8.63036060333252,-13.403013229370117,-17.950895309448242,-20.664541244506836,-20.735027313232422,-19.16373062133789,-17.22820472717285,-15.064249038696289,-12.72375774383545,-10.936501502990723,-10.045007705688477,-9.345382690429688,-8.314255714416504
1.4018924236297607,1.5331569910049438,1.546766757965088,1.3204975128173828,1.4023782014846802,2.1066348552703857,3.0562098026275635,3.659463882446289,3.6863701343536377,3.4103565216064453,3.19940447807312,3.150405168533325,3.316969871520996,3.8530237674713135,4.62428092956543,4.8007965087890625,3.9926352500915527,2.9295337200164795,2.4831671714782715,2.9527528285980225,4.0111188888549805,4.949185848236084,5.217400074005127,4.906111717224121,4.594018459320068,4.482452392578125,4.1136369705200195,3.034547805786133,1.144624948501587,-1.656305193901062,-5.538423538208008,-10.105170249938965,-14.272540092468262,-17.21187400817871,-18.45231056213379,-18.29969596862793,-17.677709579467773,-16.97246551513672,-15.884057998657227,-14.483360290527344,-13.2855224609375,-12.355037689208984,-11.258002281188965
2.406662702560425,1.7390693426132202,0.9935042858123779,0.5381584763526917,0.9120877981185913,2.199871063232422,3.591667890548706,4.118037223815918,3.855567216873169,3.6126155853271484,3.6007986068725586,3.4441721439361572,3.1809937953948975,3.2806777954101562,3.533724308013916,3.197702407836914,2.1273601055145264,0.9858952760696411,0.5672199726104736,1.125221610069275,2.3581321239471436,3.584531545639038,4.2099609375,4.243113994598389,4.168182849884033,4.30946159362793,4.50357723236084,4.452847480773926,3.8379034996032715,1.9932944774627686,-1.3855074644088745,-5.631052494049072,-9.388797760009766,-11.96142292022705,-13.468799591064453,-14.216401100158691,-14.677988052368164,-15.447640419006348,-16.254329681396484,-16.13918113708496,-15.170791625976562,-14.209556579589844,-13.142602920532227
3.5827763080596924,2.3554751873016357,1.1378103494644165,0.6931787133216858,1.4750257730484009,3.153618335723877,4.523953914642334,4.721921443939209,4.176957607269287,3.81730580329895,3.644972801208496,3.1827034950256348,2.4220917224884033,2.009622812271118,1.9466533660888672,1.3883945941925049,0.13062156736850739,-0.8713005781173706,-0.9364680051803589,-0.11639633774757385,1.1203393936157227,2.2432844638824463,2.82421875,2.8600778579711914,2.8444204330444336,3.1474175453186035,3.759190797805786,4.414996147155762,4.725153923034668,3.969322443008423,1.4653642177581787,-2.2729883193969727,-5.797152519226074,-8.242384910583496,-9.824975967407227,-11.077698707580566,-12.289698600769043,-13.528016090393066,-14.681591987609863,-15.246706008911133,-14.803239822387695,-13.951286315917969,-13.233489036560059
4.657269477844238,3.090723752975464,1.895728349685669,1.8683160543441772,3.1099698543548584,4.782290935516357,5.658924579620361,5.229407787322998,4.257586479187012,3.5053815841674805,2.8242645263671875,1.871973991394043,0.843413233757019,0.7649017572402954,1.5249707698822021,0.9979587197303772,-0.8863329887390137,-2.1861090660095215,-2.0486321449279785,-1.010069489479065,0.17580100893974304,1.1400693655014038,1.5478508472442627,1.336862564086914,1.152369499206543,1.557555079460144,2.494685173034668,3.537180185317993,4.222352504730225,3.8610877990722656,1.6703225374221802,-1.872165560722351,-5.196227073669434,-7.442951202392578,-8.522015571594238,-9.356388092041016,-11.02609920501709,-13.205684661865234,-14.681621551513672,-14.82328987121582,-14.043462753295898,-12.807100296020508,-11.649116516113281
5.749718189239502,4.152163028717041,3.2246971130371094,3.538094997406006,4.922830581665039,6.294003009796143,6.499038219451904,5.530818939208984,4.346549034118652,3.1788876056671143,1.8553111553192139,0.4875642955303192,-0.28552037477493286,0.6594861149787903,1.98780357837677,1.2264055013656616,-1.1401690244674683,-2.883420467376709,-3.2407844066619873,-2.9441308975219727,-2.3676645755767822,-1.4266071319580078,-0.5816223621368408,-0.2068478763103485,0.13167239725589752,0.884063720703125,1.9602102041244507,2.9580140113830566,3.4353718757629395,2.806863784790039,0.3419116735458374,-3.63224720954895,-7.39768123626709,-9.515108108520508,-9.610970497131348,-9.12474250793457,-9.9369478225708,-12.157299995422363,-14.336408615112305,-15.068936347961426,-14.249589920043945,-12.63916015625,-10.677383422851562
7.396601676940918,5.814888954162598,4.732465744018555,4.941866874694824,6.2307257652282715,7.233969688415527,7.0253520011901855,5.881971836090088,4.669525146484375,3.255500078201294,1.5307950973510742,0.05655466392636299,-0.2495926469564438,0.8993186354637146,1.8616808652877808,1.0585291385650635,-1.3226630687713623,-3.4653851985931396,-4.680538654327393,-5.549572467803955,-5.769633769989014,-4.769979000091553,-3.0094754695892334,-1.3139991760253906,0.017515238374471664,1.1253111362457275,2.082164764404297,2.7569284439086914,2.7877321243286133,1.5457078218460083,-1.419857144355774,-5.566250801086426,-9.317827224731445,-11.277944564819336,-11.247884750366211,-10.384260177612305,-10.069443702697754,-10.835465431213379,-12.358394622802734,-13.959609031677246,-14.603835105895996,-13.673670768737793,-11.578850746154785
9.048355102539062,7.492312431335449,6.167332172393799,6.254537582397461,7.398531913757324,8.09216022491455,7.640979290008545,6.3480424880981445,4.89633846282959,3.3632593154907227,1.7851359844207764,0.4661652147769928,0.23497775197029114,0.6967249512672424,1.2801965475082397,0.745244026184082,-1.3285536766052246,-3.449037790298462,-5.002903938293457,-6.339828014373779,-6.843206405639648,-5.874641418457031,-3.8915462493896484,-1.9409127235412598,-0.5206577777862549,0.5020464658737183,1.239611268043518,1.6712067127227783,1.702129602432251,0.5851272344589233,-2.1264336109161377,-5.5169548988342285,-8.179980278015137,-9.721924781799316,-10.64059066772461,-11.096467018127441,-10.938253402709961,-10.47876262664795,-10.484834671020508,-11.76519775390625,-13.711853981018066,-14.598007202148438,-13.959529876708984
10.168651580810547,8.75606632232666,7.591874122619629,7.7410197257995605,8.694729804992676,9.112658500671387,8.467455863952637,6.856964111328125,5.050441741943359,3.3354804515838623,2.0850305557250977,1.0427454710006714,0.7671611905097961,1.2020046710968018,1.4201648235321045,0.3677070438861847,-1.4603289365768433,-2.7631614208221436,-3.5302438735961914,-4.44696569442749,-5.278014183044434,-5.056018352508545,-3.7280821800231934,-2.4413578510284424,-1.9078311920166016,-1.667971134185791,-1.2258343696594238,-0.6374087333679199,0.05050455033779144,0.19330362975597382,-0.9497028589248657,-2.973219394683838,-4.83281946182251,-6.388028621673584,-8.095244407653809,-9.696393013000488,-10.290492057800293,-9.86463451385498,-9.643264770507812,-10.604462623596191,-12.296868324279785,-13.848071098327637,-15.116759300231934
10.543124198913574,9.3719482421875,8.605875968933105,8.874471664428711,9.820676803588867,10.400858879089355,9.820698738098145,7.704887866973877,5.447502136230469,4.100864410400391,2.759016275405884,1.2773058414459229,1.3549871444702148,2.636643886566162,2.5573184490203857,0.5949056148529053,-1.4322309494018555,-2.079284429550171,-1.9226258993148804,-2.6544671058654785,-4.149920463562012,-4.583998680114746,-3.5650908946990967,-2.7959144115448,-3.5303544998168945,-4.6751508712768555,-4.605246543884277,-3.3486709594726562,-1.569288730621338,0.05912451818585396,0.677738606929779,-0.1423492133617401,-2.058673143386841,-4.405402660369873,-6.556236267089844,-7.916677474975586,-8.215051651000977,-8.227078437805176,-9.11194133758545,-10.721802711486816,-12.02612590789795,-12.883679389953613,-14.183368682861328
10.72840690612793,9.699310302734375,9.198609352111816,9.52511215209961,10.614327430725098,11.67273235321045,11.256489753723145,9.150938034057617,6.917673587799072,5.637084484100342,3.878915786743164,1.8439220190048218,1.9926867485046387,3.970864772796631,4.098036766052246,1.8791615962982178,0.03526494279503822,-0.42679089307785034,-0.803632915019989,-2.428614854812622,-4.423586845397949,-4.864585876464844,-3.6277668476104736,-2.9071640968322754,-4.465658187866211,-6.819234371185303,-7.3775787353515625,-5.846060276031494,-3.419128179550171,-0.9930254220962524,0.5661896467208862,0.45823055505752563,-1.4689233303070068,-4.317161560058594,-6.459640026092529,-6.83917236328125,-6.2120232582092285,-6.557832717895508,-8.725201606750488,-11.276668548583984,-12.705435752868652,-13.091487884521484,-13.71600341796875
10.864888191223145,10.2976713180542,10.003639221191406,10.093454360961914,11.383284568786621,12.76677417755127,12.501635551452637,10.702942848205566,8.919341087341309,7.435105800628662,5.073672771453857,2.720247745513916,3.0467276573181152,5.2933197021484375,5.59060525894165,3.7608323097229004,2.6304454803466797,2.286876678466797,1.0651297569274902,-1.4817503690719604,-3.832850217819214,-4.46182107925415,-3.515968084335327,-2.850438117980957,-4.075533866882324,-6.499290943145752,-8.204174041748047,-8.008408546447754,-6.20188570022583,-3.864974021911621,-2.094194173812866,-1.7616323232650757,-3.1934304237365723,-5.49660062789917,-6.780713081359863,-6.2332868576049805,-5.366752624511719,-6.255655765533447,-9.153077125549316,-12.241721153259277,-13.920746803283691,-14.166362762451172,-14.211383819580078
11.066115379333496,11.01577377319336,10.58587646484375,10.558573722839355,11.915393829345703,13.530304908752441,13.61301326751709,12.458520889282227,11.009101867675781,8.882951736450195,5.968568801879883,3.8331782817840576,4.534468650817871,6.917914390563965,7.308864116668701,5.451144695281982,4.132444858551025,3.819873571395874,2.924851894378662,0.7579383254051208,-1.5685564279556274,-2.8697261810302734,-2.930986166000366,-2.6611199378967285,-3.126349449157715,-4.748204231262207,-7.143287181854248,-8.731657981872559,-8.656611442565918,-7.618582248687744,-6.454681396484375,-5.926503658294678,-6.434599876403809,-7.20521879196167,-7.172542572021484,-6.603598594665527,-6.505127906799316,-7.786768436431885,-10.680143356323242,-13.749690055847168,-15.443923950195312,-15.548551559448242,-14.881172180175781
11.050801277160645,10.931625366210938,10.438749313354492,10.564753532409668,12.093795776367188,14.098525047302246,14.743597030639648,14.155618667602539,12.649091720581055,9.861695289611816,6.574887275695801,5.079238414764404,6.529804229736328,8.706767082214355,8.263834953308105,5.666310787200928,3.7476308345794678,3.463061809539795,3.4336154460906982,2.221989154815674,0.29211223125457764,-1.2632393836975098,-2.0060412883758545,-2.2377891540527344,-2.5378153324127197,-3.8520290851593018,-6.338552951812744,-8.602848052978516,-9.850594520568848,-10.393267631530762,-10.19141960144043,-9.735387802124023,-9.469096183776855,-9.208893775939941,-9.223017692565918,-9.726923942565918,-10.322882652282715,-11.277202606201172,-13.309394836425781,-15.720926284790039,-17.077877044677734,-16.935651779174805,-15.52271556854248
10.34950065612793,10.305261611938477,10.01401138305664,10.155835151672363,11.758050918579102,14.359779357910156,15.839652061462402,15.43127155303955,13.405840873718262,10.373269081115723,7.1923980712890625,6.403380393981934,8.139819145202637,9.223402976989746,7.375401973724365,4.532999515533447,2.9452216625213623,2.796436309814453,2.7268738746643066,1.790216088294983,0.3132662773132324,-0.728584885597229,-1.197701334953308,-1.5553582906723022,-2.2027852535247803,-4.1388773918151855,-6.973321914672852,-9.341368675231934,-10.927924156188965,-11.796675682067871,-11.53101921081543,-10.787575721740723,-10.76039981842041,-11.843973159790039,-13.59354305267334,-15.037691116333008,-15.848411560058594,-16.46894073486328,-17.335582733154297,-18.410480499267578,-19.0279483795166,-18.490934371948242,-16.485383987426758
9.333425521850586,9.717387199401855,9.727334022521973,9.948967933654785,11.449934005737305,14.39644718170166,16.75572395324707,16.238243103027344,13.77026081085205,10.784672737121582,7.943406105041504,7.335441589355469,7.969442844390869,7.325464248657227,5.48762321472168,3.984069347381592,3.23979115486145,2.7282304763793945,1.7895387411117554,0.5039108991622925,-0.4976622760295868,-0.651983916759491,-0.5481226444244385,-0.9789913892745972,-2.4981863498687744,-5.3754425048828125,-8.30809211730957,-10.360840797424316,-11.730826377868652,-12.151846885681152,-11.609195709228516,-11.33462142944336,-12.535237312316895,-14.94453239440918,-17.454381942749023,-19.51114845275879,-20.994638442993164,-21.575899124145508,-21.45857048034668,-21.249755859375,-20.848234176635742,-19.665023803710938,-17.2486629486084
