data/wind_data/wind_26_6.json
{"header": {"parameterUnit": "KT", "parameterCategory": 2, "nx": 256, "ny": 198, "lo1": 44.73521041870117, "la1": -3.236724853515625, "lo2": 111.26478576660156, "la2": 43.468475341796875, "dx": 0.2609002888202667, "dy": -0.23708222806453705, "refTime": "2025-02-20 02:00:00", "forecastTime": 0, "parameterNumber": 2, "parameterNumberName": "eastward_wind"}, "data":
[rows 140 to 159 of 198, columns 45 to 89 of 256]
91.79029083251953,91.01642608642578,90.88431549072266,91.29669952392578,91.09256744384766,89.86408233642578,87.84746551513672,84.88496398925781,80.953857421875,76.67915344238281,73.21023559570312,71.23312377929688,70.18617248535156,69.01434326171875,67.50556945800781,66.03958892822266,64.70951080322266,63.42100524902344,61.90891647338867,60.01564407348633,58.03770446777344,56.3728141784668,55.24686813354492,54.973724365234375,55.82141876220703,57.613006591796875,59.67794418334961,61.62765884399414,63.60693359375,65.41656494140625,66.86083221435547,68.13472747802734,69.47801971435547,70.8511734008789,71.96379852294922,73.0952377319336,74.51853942871094,75.92588806152344,76.97396850585938,77.6965560913086,78.0807876586914,78.18463134765625,78.37579345703125,77.84838104248047,76.01004028320312
89.51518249511719,89.29902648925781,89.3663330078125,89.03234100341797,88.02020263671875,86.20254516601562,83.02888488769531,78.66133880615234,74.28926086425781,70.96930694580078,69.13886260986328,68.2817611694336,67.3659896850586,66.03649139404297,64.5457992553711,63.19797897338867,61.905235290527344,60.18549728393555,57.864295959472656,55.26045608520508,53.225711822509766,52.39608383178711,52.500492095947266,53.24579620361328,54.74165725708008,57.022972106933594,59.438106536865234,61.47610092163086,63.24692916870117,64.84149169921875,66.37751770019531,67.91313171386719,69.51065826416016,71.07439422607422,72.2135009765625,73.11849212646484,74.31935119628906,75.43533325195312,75.9970474243164,76.21769714355469,76.38896942138672,76.38774108886719,76.35301208496094,75.78398895263672,73.8141860961914
86.79862976074219,86.74076080322266,86.01847839355469,84.87308502197266,83.22425842285156,80.51856231689453,76.71446990966797,72.71126556396484,69.50235748291016,67.36476135253906,66.23216247558594,65.37349700927734,63.94025421142578,62.316650390625,60.87736129760742,59.54941940307617,58.10687255859375,56.144039154052734,53.82067108154297,51.66070556640625,50.36874771118164,50.61726379394531,51.80427169799805,53.13228225708008,54.65486145019531,56.737545013427734,58.971961975097656,60.987491607666016,62.92899703979492,64.6966552734375,66.54242706298828,68.4097900390625,69.9786148071289,71.25511169433594,71.96611785888672,72.26458740234375,72.9034423828125,73.76136016845703,74.2586669921875,74.4000244140625,74.48787689208984,74.52747344970703,74.37217712402344,73.60426330566406,71.36357116699219
83.58576202392578,83.3072509765625,82.28614807128906,80.58313751220703,77.86965942382812,74.27359771728516,70.7339859008789,67.89134979248047,65.91626739501953,64.6061782836914,63.67167663574219,62.41155242919922,60.37345886230469,58.36374282836914,56.89674758911133,55.60462188720703,54.182151794433594,52.79790115356445,51.68001174926758,50.772396087646484,50.269020080566406,50.65127944946289,51.90903091430664,53.38603591918945,54.78523635864258,56.48497009277344,58.531776428222656,60.67623519897461,63.069313049316406,65.41053771972656,67.46926879882812,69.32768249511719,70.5118179321289,70.94741821289062,70.93231201171875,70.76922607421875,70.82935333251953,71.10856628417969,71.3481216430664,71.68571472167969,71.93968963623047,71.98578643798828,71.81141662597656,70.8814468383789,68.23429107666016
80.57086181640625,79.53052520751953,77.57308197021484,74.85004425048828,71.32437133789062,68.01946258544922,65.54621887207031,63.68834686279297,62.36138153076172,61.331851959228516,60.38019561767578,59.21839141845703,57.59901809692383,55.745391845703125,54.27884292602539,52.991729736328125,51.89885711669922,51.61310958862305,51.88862991333008,51.980201721191406,51.83388900756836,51.72344970703125,52.20890426635742,53.37629699707031,54.824832916259766,56.606319427490234,58.70028305053711,60.87465286254883,63.21065902709961,65.8233413696289,68.24219512939453,69.8494873046875,70.43379974365234,69.82894897460938,68.94577026367188,68.71361541748047,68.84536743164062,69.0096664428711,68.63743591308594,67.76883697509766,67.33393096923828,67.44680786132812,67.64910125732422,67.20561981201172,64.2676773071289
75.15357208251953,73.69380950927734,71.47111511230469,68.78820037841797,66.07035064697266,63.496559143066406,61.14229965209961,59.418827056884766,58.45940017700195,57.655235290527344,56.80277633666992,56.187835693359375,55.22710418701172,53.74005126953125,52.62076187133789,51.898624420166016,51.65903854370117,52.03117370605469,52.5296630859375,52.849002838134766,53.07099533081055,53.060768127441406,53.08778381347656,53.7689323425293,55.168460845947266,56.99787139892578,58.98207092285156,61.023677825927734,62.89780044555664,64.6006088256836,66.65575408935547,68.68421936035156,69.40666961669922,68.62090301513672,67.45039367675781,67.1123046875,67.05380249023438,67.11747741699219,66.94026947021484,65.05882263183594,62.04880905151367,60.35651779174805,60.65999221801758,61.68081283569336,59.7769775390625
68.52165222167969,66.25309753417969,64.40233612060547,63.688514709472656,62.66374969482422,60.41651916503906,58.24433898925781,56.66542053222656,55.04179763793945,53.668827056884766,52.88740539550781,51.66013717651367,50.22075653076172,49.77011489868164,50.19425964355469,50.882389068603516,51.4494743347168,51.64838409423828,51.7494010925293,52.27995300292969,53.15052032470703,53.95740509033203,54.5619010925293,55.17878341674805,56.1126823425293,57.35825729370117,58.81782913208008,60.471797943115234,62.034210205078125,63.09153747558594,63.4981689453125,65.08995056152344,67.35371398925781,67.8414077758789,67.03134155273438,66.34862518310547,65.7240219116211,65.25259399414062,64.7535629272461,62.77311325073242,58.52365493774414,54.32811737060547,52.6910400390625,54.1158332824707,54.52935028076172
60.254722595214844,61.016170501708984,61.88485336303711,61.57453536987305,59.85476303100586,57.970619201660156,56.03702163696289,52.915679931640625,49.4863395690918,47.401649475097656,46.38990783691406,45.592506408691406,45.28478240966797,45.61272048950195,46.50476837158203,48.12797546386719,49.54533004760742,50.15157699584961,50.74330139160156,52.0184326171875,53.494869232177734,54.69622039794922,55.69886779785156,56.51307678222656,57.10123062133789,57.64555740356445,58.48917770385742,59.68085861206055,60.944759368896484,62.12465286254883,62.50411605834961,62.20835876464844,63.45846939086914,65.23336029052734,65.70781707763672,65.3304672241211,64.29241943359375,63.07468795776367,61.83177947998047,59.175594329833984,54.79702377319336,50.17429733276367,47.15324401855469,46.890262603759766,48.31796646118164
55.591880798339844,54.7444953918457,56.07548522949219,56.65982437133789,55.86386489868164,53.95787048339844,50.156280517578125,45.836307525634766,42.95665740966797,41.421958923339844,40.936378479003906,41.34121322631836,42.19781494140625,42.87376022338867,43.705543518066406,45.34491729736328,47.2396240234375,48.92799377441406,50.56145477294922,52.29911804199219,53.86119079589844,54.9890022277832,55.90525436401367,56.76478958129883,57.35872268676758,57.700584411621094,58.20006561279297,59.08279800415039,60.03377914428711,60.84979248046875,61.39817810058594,61.073795318603516,60.404781341552734,61.00107955932617,62.26249694824219,62.79066467285156,61.94170379638672,60.02415084838867,58.11727523803711,55.40567398071289,51.3192253112793,47.078956604003906,43.56171798706055,41.61964416503906,42.47738265991211
45.39873504638672,50.34817886352539,53.01026916503906,52.605953216552734,49.70671844482422,45.6439094543457,42.50072479248047,41.14970779418945,40.54572296142578,40.356849670410156,40.79587173461914,41.49245834350586,42.048118591308594,42.40119934082031,43.2083854675293,44.95033645629883,47.0473518371582,48.94029235839844,50.551048278808594,51.97527313232422,53.397979736328125,54.70931625366211,55.85279846191406,56.75934982299805,57.30556869506836,57.532806396484375,57.5812873840332,57.8509635925293,58.45828628540039,59.0277214050293,59.35748291015625,59.49919128417969,59.10788345336914,58.474124908447266,58.468841552734375,58.40155029296875,57.36259078979492,55.65538787841797,54.087833404541016,52.16559600830078,49.150108337402344,45.307804107666016,41.278587341308594,38.31888198852539,38.53347396850586
46.28529739379883,49.74306869506836,50.19660186767578,47.08469772338867,42.8564567565918,40.2752571105957,39.80839920043945,40.36117935180664,40.23647689819336,39.95880889892578,40.27877426147461,40.69746017456055,41.13885498046875,42.245628356933594,43.94356918334961,45.91142654418945,47.67247772216797,49.10630416870117,50.427268981933594,51.715118408203125,53.09746170043945,54.519935607910156,55.72941970825195,56.65293502807617,57.26582336425781,57.445159912109375,57.06758117675781,56.50615692138672,56.447296142578125,56.895790100097656,57.421112060546875,57.708351135253906,57.778472900390625,56.97265625,55.1827392578125,53.249515533447266,51.58003616333008,50.4031867980957,49.76704406738281,48.847511291503906,47.187965393066406,44.17005157470703,39.80293655395508,36.18300247192383,35.63602066040039
47.58971405029297,47.457237243652344,44.310523986816406,40.4742431640625,38.54167556762695,38.686927795410156,39.7954216003418,40.61863327026367,40.55842971801758,39.933013916015625,39.731624603271484,40.203304290771484,41.375274658203125,43.027732849121094,44.7396125793457,46.245826721191406,47.53412628173828,48.85873794555664,50.31901931762695,51.762001037597656,53.016841888427734,54.229530334472656,55.39788818359375,56.443946838378906,57.120338439941406,57.06547927856445,56.35773849487305,55.46158218383789,55.003326416015625,55.222984313964844,55.81048583984375,56.19131851196289,55.98208999633789,54.734352111816406,52.00485610961914,48.838218688964844,46.89509582519531,46.364532470703125,46.031681060791016,44.91011047363281,43.86233901977539,42.32359313964844,38.49679183959961,34.325626373291016,33.01570129394531
44.167564392089844,40.96651840209961,37.92326354980469,36.5842170715332,36.77655029296875,38.039363861083984,39.468170166015625,39.81277084350586,39.19668960571289,38.86715316772461,39.4129524230957,40.84667205810547,42.50029754638672,44.01229476928711,45.47934341430664,46.716636657714844,47.79384231567383,49.070552825927734,50.38114547729492,51.5375862121582,52.570255279541016,53.76655960083008,55.1501579284668,56.33415222167969,56.7660026550293,56.16482925415039,55.11695098876953,54.23786544799805,53.69768142700195,53.71921157836914,54.14137268066406,54.280784606933594,53.52024841308594,51.6326789855957,48.74723434448242,45.61264419555664,43.65837097167969,43.41355895996094,43.5307731628418,42.13387680053711,40.196659088134766,39.03428649902344,36.258705139160156,32.55337905883789,31.087867736816406
37.45005798339844,35.189430236816406,34.6442985534668,35.56483459472656,37.309410095214844,38.690608978271484,39.25947189331055,39.14400863647461,38.862850189208984,39.33678436279297,40.756473541259766,42.505191802978516,43.89616012573242,44.95000457763672,46.131893157958984,47.28111267089844,48.28850173950195,49.36071014404297,50.30726623535156,51.1660041809082,52.33259582519531,53.88991165161133,55.337738037109375,56.015926361083984,55.6964111328125,54.628929138183594,53.623172760009766,53.12122344970703,52.74483871459961,52.47199630737305,52.321739196777344,51.83540344238281,50.53227233886719,48.44960403442383,45.94536209106445,43.36119842529297,41.37665557861328,40.767215728759766,41.09342575073242,40.437705993652344,37.99602508544922,35.597862243652344,33.032859802246094,30.633975982666016,29.57981300354004
33.186546325683594,33.23274230957031,34.2940788269043,35.16096496582031,36.28927230834961,38.069793701171875,39.10401916503906,39.09170150756836,39.310455322265625,40.63269805908203,42.63504409790039,44.24156951904297,45.07472610473633,45.64117431640625,46.50798797607422,47.52759552001953,48.46464538574219,49.31801986694336,50.13321304321289,51.156856536865234,52.673282623291016,54.368038177490234,55.278812408447266,54.91891098022461,53.82963180541992,52.840065002441406,52.38197326660156,52.23611831665039,51.947540283203125,51.456153869628906,50.69218826293945,49.474876403808594,47.73585510253906,45.62601852416992,43.4882926940918,41.37607955932617,39.35853576660156,38.301387786865234,38.418399810791016,38.50599670410156,36.63963317871094,33.22988510131836,30.08192253112793,28.436681747436523,27.52631950378418
32.576881408691406,32.76041030883789,33.46182632446289,35.66039276123047,38.14950942993164,39.44617462158203,39.64569854736328,39.702388763427734,40.51734161376953,42.312286376953125,44.41151428222656,45.52271270751953,45.64299392700195,45.78528594970703,46.37565612792969,47.2877082824707,48.349143981933594,49.405826568603516,50.4369010925293,51.60113525390625,53.04134750366211,54.297428131103516,54.36962127685547,53.31240463256836,52.18162536621094,51.619754791259766,51.52995681762695,51.350563049316406,50.78425216674805,49.954689025878906,48.85188293457031,47.28611373901367,45.30255126953125,43.20719528198242,41.32331085205078,39.61494064331055,37.74100875854492,36.33756637573242,35.99294662475586,35.95582580566406,34.948360443115234,31.815549850463867,28.340059280395508,26.379819869995117,24.79282569885254
33.65528869628906,34.322696685791016,36.09193801879883,38.299781799316406,39.695701599121094,40.081565856933594,39.92488479614258,40.237403869628906,41.538299560546875,43.58763122558594,45.4458122253418,45.84995651245117,45.40784454345703,45.45277404785156,46.06517791748047,47.089908599853516,48.505043029785156,49.89719009399414,51.00176239013672,51.960819244384766,52.90644836425781,53.52931213378906,53.1924934387207,52.24021911621094,51.49874496459961,51.088623046875,50.788612365722656,50.238346099853516,49.3060417175293,48.14841079711914,46.77604675292969,45.0859375,43.13232421875,41.209014892578125,39.55165100097656,38.10220718383789,36.3702507019043,34.636905670166016,33.916351318359375,33.41305923461914,32.67959976196289,30.712512969970703,27.688949584960938,24.70002555847168,21.917579650878906
35.89841842651367,37.17026901245117,38.6919059753418,39.87370681762695,40.16387939453125,39.71820068359375,39.566104888916016,40.496395111083984,42.1065788269043,43.819400787353516,44.98146438598633,44.997535705566406,44.825809478759766,45.219234466552734,45.94685745239258,47.23741912841797,48.99763107299805,50.397586822509766,51.24125671386719,51.86595153808594,52.36832046508789,52.67958450317383,52.51502227783203,51.9949836730957,51.43159103393555,50.73005676269531,49.87643814086914,48.91832733154297,47.85829162597656,46.6584358215332,45.08304977416992,43.142459869384766,41.16656494140625,39.40925598144531,37.889251708984375,36.55308151245117,35.01924514770508,33.146385192871094,31.98780059814453,31.17061996459961,30.32767677307129,29.24118995666504,27.400060653686523,23.56390953063965,19.662555694580078
38.73404312133789,39.46699905395508,39.7362060546875,39.767189025878906,39.40536880493164,39.139991760253906,39.658321380615234,40.895206451416016,41.96693420410156,42.92375946044922,43.80717849731445,44.23076248168945,44.59860610961914,45.113670349121094,45.95307540893555,47.562496185302734,49.31972122192383,50.402618408203125,51.01583480834961,51.511722564697266,51.910240173339844,52.32457733154297,52.467323303222656,52.107704162597656,51.31941604614258,50.11326599121094,48.73862838745117,47.54096603393555,46.54349899291992,45.418941497802734,43.71417236328125,41.49790573120117,39.286834716796875,37.4523811340332,35.975379943847656,34.65081787109375,33.39290237426758,31.919822692871094,30.43784523010254,29.085643768310547,28.093719482421875,27.331026077270508,26.58244514465332,22.783065795898438,18.591440200805664
39.924625396728516,39.65563201904297,39.1657829284668,38.7683219909668,38.839691162109375,39.27031326293945,39.860069274902344,40.27272415161133,40.76708984375,42.05192565917969,43.324764251708984,43.86308288574219,44.26194381713867,44.91099548339844,46.082401275634766,47.79195785522461,49.194664001464844,49.978397369384766,50.63365173339844,51.284366607666016,51.9002685546875,52.54112243652344,52.683616638183594,52.01974105834961,50.7823486328125,49.20125961303711,47.61856460571289,46.35942840576172,45.337745666503906,44.02459716796875,42.00506591796875,39.543128967285156,37.178714752197266,35.250186920166016,33.85295867919922,32.64059066772461,31.469661712646484,30.457849502563477,29.252973556518555,27.3881778717041,26.00141143798828,25.29688835144043,24.982166290283203,21.73368263244629,18.148670196533203
