data/wind_data/wind_29_7.json
{"header": {"parameterUnit": "KT", "parameterCategory": 2, "nx": 256, "ny": 198, "lo1": 44.73521041870117, "la1": -3.236724853515625, "lo2": 111.26478576660156, "la2": 43.468475341796875, "dx": 0.2609002888202667, "dy": -0.23708222806453705, "refTime": "2025-02-20 05:00:00", "forecastTime": 0, "parameterNumber": 2, "parameterNumberName": "eastward_wind"}, "data":
[rows 100 to 119 of 198, columns 132 to 175 of 256]
97.05084991455078,97.01309204101562,96.89228057861328,96.61405944824219,96.11518096923828,95.42855834960938,94.62821960449219,93.88143920898438,93.37339782714844,92.89276885986328,92.12637329101562,91.26631164550781,90.6847915649414,90.43367004394531,90.20446014404297,89.85286712646484,89.52838134765625,89.47457885742188,89.91925048828125,90.63031005859375,90.92916870117188,90.4274673461914,89.33831787109375,88.29122924804688,87.88638305664062,88.25273132324219,88.8421859741211,89.19912719726562,89.42992401123047,89.55342864990234,89.3145980834961,88.67346954345703,88.01321411132812,87.55912780761719,87.11328887939453,86.49490356445312,85.66917419433594,84.60487365722656,83.33667755126953,82.2475814819336,81.9185562133789,82.11788940429688,82.06636047363281,81.57543182373047
99.73513793945312,99.77893829345703,99.53768157958984,98.73310852050781,97.61958312988281,96.73300170898438,96.20565795898438,95.79829406738281,95.39350128173828,94.96754455566406,94.14488983154297,92.89700317382812,91.92139434814453,91.57339477539062,91.3257064819336,90.96564483642578,90.88861083984375,91.18489074707031,91.53240966796875,91.74568939208984,91.90083312988281,91.80801391601562,91.18502044677734,90.23282623291016,89.5521469116211,89.49980926513672,90.00849151611328,90.68984985351562,91.15155029296875,91.30052185058594,91.28243255615234,91.0749282836914,90.52225494384766,89.64774322509766,88.64143371582031,87.73809051513672,87.0290298461914,86.34342956542969,85.39301300048828,84.2880630493164,83.7307357788086,83.76380157470703,83.62905883789062,83.0926742553711
102.25030517578125,102.37493133544922,102.01832580566406,101.0167007446289,99.62538146972656,98.47848510742188,97.86546325683594,97.53291320800781,97.16841888427734,96.6369400024414,95.7978286743164,94.64356231689453,93.5519027709961,92.93341064453125,92.60198211669922,92.36053466796875,92.35999298095703,92.56466674804688,92.66663360595703,92.64517211914062,92.79977416992188,92.95004272460938,92.73253631591797,92.10516357421875,91.5640869140625,91.35630798339844,91.43553924560547,91.8044662475586,92.31397247314453,92.63565063476562,92.65624237060547,92.51982116699219,92.29527282714844,91.82170104980469,90.90726470947266,89.72188568115234,88.65226745605469,87.83975219726562,86.99517822265625,85.94359588623047,85.27168273925781,85.21473693847656,85.13019561767578,84.76582336425781
104.33644104003906,104.57673645019531,104.04922485351562,102.8653335571289,101.39326477050781,100.20042419433594,99.54096221923828,99.25272369384766,99.00629425048828,98.4129409790039,97.33956909179688,96.19998168945312,95.27668762207031,94.55389404296875,93.95745086669922,93.6349868774414,93.65379333496094,93.84567260742188,93.96827697753906,94.11251831054688,94.27225494384766,94.10861206054688,93.72154235839844,93.43974304199219,93.46833038330078,93.57211303710938,93.47463989257812,93.09130096435547,92.81747436523438,93.02132415771484,93.51260375976562,93.86251068115234,93.84960174560547,93.41522979736328,92.56427764892578,91.52155303955078,90.58882904052734,89.84693145751953,89.0477066040039,87.93787384033203,87.0188217163086,86.7452621459961,86.64685821533203,86.45538330078125
106.15043640136719,106.72332763671875,106.23091888427734,104.74822998046875,102.7937240600586,101.20513916015625,100.44300079345703,100.29000854492188,100.29582214355469,99.94175720214844,99.06063842773438,97.9925765991211,97.02772521972656,96.22066497802734,95.55992126464844,95.1136245727539,94.80852508544922,94.78639221191406,95.13829040527344,95.72636413574219,95.87732696533203,95.48219299316406,94.85263061523438,94.5933837890625,94.84783172607422,95.21846008300781,95.32603454589844,94.813720703125,93.9073486328125,93.41063690185547,93.73127746582031,94.51067352294922,95.09100341796875,95.0467758178711,94.35413360595703,93.33949279785156,92.39933013916016,91.66427612304688,90.95338439941406,89.9686508178711,88.98866271972656,88.57469940185547,88.45015716552734,88.22785186767578
107.49127197265625,108.5654296875,108.45487213134766,107.033447265625,104.79975128173828,102.5819320678711,101.13265991210938,100.64277648925781,100.73493194580078,100.82688903808594,100.66043090820312,100.12864685058594,99.25718688964844,98.35247039794922,97.48887634277344,96.73548889160156,96.07234954833984,96.07452392578125,96.41770935058594,96.38935089111328,96.86016082763672,96.99235534667969,96.09085845947266,95.27993774414062,95.54000091552734,96.2737045288086,96.5938491821289,96.26416778564453,95.42080688476562,94.49797058105469,94.15198516845703,94.6874771118164,95.62006378173828,96.16356658935547,95.95474243164062,95.2435531616211,94.45085906982422,93.68948364257812,92.84918212890625,91.78156280517578,90.69151306152344,90.13450622558594,90.04085540771484,89.8772964477539
108.34894561767578,109.6987075805664,109.96235656738281,108.7196044921875,106.55310821533203,104.22692108154297,102.33624267578125,101.30333709716797,101.11575317382812,101.40335083007812,101.7180404663086,101.75117492675781,101.3223876953125,100.64666748046875,99.69183349609375,98.56808471679688,97.97364044189453,98.02429962158203,98.43971252441406,98.04025268554688,98.18251037597656,98.08560180664062,96.91291809082031,95.96817016601562,96.07923889160156,96.56645202636719,96.72601318359375,96.65875244140625,96.28565979003906,95.59107971191406,95.03758239746094,95.13065338134766,95.84646606445312,96.6107406616211,96.88806915283203,96.6729736328125,96.22469329833984,95.59147644042969,94.6954345703125,93.51201629638672,92.2509994506836,91.47240447998047,91.33479309082031,91.28533935546875
108.82625579833984,110.2571029663086,110.76252746582031,109.64046478271484,107.54373931884766,105.4029541015625,103.6856460571289,102.5754165649414,102.1080322265625,102.18363189697266,102.4752426147461,102.62348937988281,102.38613891601562,101.96179962158203,101.3928451538086,100.57683563232422,99.90229797363281,100.24849700927734,100.70985412597656,100.41724395751953,99.87427520751953,98.659912109375,97.91905212402344,97.64277648925781,97.79163360595703,97.43805694580078,96.77039337158203,96.70301818847656,96.98904418945312,96.92253875732422,96.41535186767578,95.97669219970703,96.1055679321289,96.72396087646484,97.30790710449219,97.53443908691406,97.44890594482422,97.1113510131836,96.43565368652344,95.34030151367188,94.00888061523438,92.99649810791016,92.67854309082031,92.62059020996094
108.32955169677734,109.65393829345703,110.32081604003906,109.55064392089844,107.70667266845703,105.80472564697266,104.37559509277344,103.43572998046875,102.87837219238281,102.7382583618164,102.88290405273438,102.98007202148438,102.7376480102539,102.22859954833984,101.84456634521484,101.6665267944336,101.51350402832031,101.62957763671875,102.1788558959961,102.20873260498047,101.9479751586914,100.90264892578125,99.28755950927734,97.9725341796875,97.69404602050781,98.13606262207031,98.46956634521484,98.35173797607422,98.13158416748047,98.12442016601562,98.08915710449219,97.71104431152344,97.48486328125,97.86886596679688,98.40428924560547,98.56645965576172,98.44898986816406,98.27587890625,97.92420196533203,97.14662170410156,96.00181579589844,94.92385864257812,94.31343078613281,94.06791687011719
106.83457946777344,107.76152801513672,108.2839126586914,108.03600311279297,107.02716064453125,105.7164077758789,104.48845672607422,103.44672393798828,102.64378356933594,102.18827056884766,102.0790786743164,102.09315490722656,101.94840240478516,101.54508972167969,101.16859436035156,101.13378143310547,101.68767547607422,102.4607925415039,102.8787841796875,102.75213623046875,102.62397003173828,102.31941223144531,100.95819854736328,99.04544067382812,97.75933074951172,97.99546813964844,99.22518920898438,100.00570678710938,99.79466247558594,99.34770202636719,99.24113464355469,99.17184448242188,99.04912567138672,99.20137786865234,99.58846282958984,99.86351776123047,99.88824462890625,99.72987365722656,99.43586730957031,98.95569610595703,98.20702362060547,97.2444076538086,96.33480072021484,95.73909759521484
105.04092407226562,105.54461669921875,105.6377182006836,105.58259582519531,105.38530731201172,104.89925384521484,104.03987121582031,102.91749572753906,101.84329223632812,101.04120635986328,100.49588775634766,100.12725067138672,99.95576477050781,99.88330841064453,99.81973266601562,99.86650848388672,100.35009765625,101.43323516845703,102.53079986572266,102.88738250732422,102.6329116821289,102.0237045288086,100.9474105834961,99.26517486572266,97.69317626953125,97.48004913330078,98.63322448730469,99.86327362060547,100.15594482421875,100.01390838623047,100.0464096069336,100.0212631225586,99.88213348388672,99.9693832397461,100.27074432373047,100.54943084716797,100.74127197265625,100.87889099121094,100.95206451416016,100.87107849121094,100.46633911132812,99.6142349243164,98.48439025878906,97.50618743896484
103.6419448852539,103.97030639648438,103.67521667480469,103.28377532958984,103.13541412353516,103.03632354736328,102.62969970703125,101.85078430175781,100.91835021972656,100.02091979980469,99.15684509277344,98.31021118164062,97.73681640625,97.6672134399414,97.90677642822266,98.17532348632812,98.47224426269531,99.15591430664062,100.27777099609375,101.20947265625,101.37161254882812,100.79558563232422,99.68501281738281,98.3193130493164,96.99864959716797,96.42461395263672,97.0633773803711,98.4560546875,99.5907974243164,99.91755676269531,99.79124450683594,99.6688003540039,99.73091888427734,99.9481430053711,100.1043930053711,100.16634368896484,100.40010833740234,100.90155792236328,101.43507385253906,101.74148559570312,101.62745666503906,100.96282196044922,99.87986755371094,98.802001953125
103.17697143554688,103.64401245117188,103.20562744140625,102.1713638305664,101.33141326904297,100.97163391113281,100.78396606445312,100.46255493164062,99.925537109375,99.1480712890625,98.13126373291016,96.98435974121094,95.99589538574219,95.4957275390625,95.48664093017578,95.71943664550781,96.02366638183594,96.4820556640625,97.22360229492188,98.05606842041016,98.49394989013672,98.2195053100586,97.34635925292969,96.28617858886719,95.4261474609375,95.11683654785156,95.63553619384766,96.82162475585938,98.11331939697266,98.83023834228516,98.78475952148438,98.43317413330078,98.33809661865234,98.64253234863281,99.02882385253906,99.23230743408203,99.37353515625,99.68408966064453,100.2016372680664,100.74037170410156,100.99251556396484,100.68017578125,99.81334686279297,98.8877182006836
103.43630981445312,104.05426788330078,103.69190979003906,102.43472290039062,101.10603332519531,100.1873550415039,99.67162322998047,99.43125915527344,99.21995544433594,98.67009735107422,97.62601470947266,96.33014678955078,95.11814880371094,94.14667510986328,93.472412109375,93.20182800292969,93.36022186279297,93.85114288330078,94.49787902832031,95.08792114257812,95.3749008178711,95.20844268798828,94.7116928100586,94.18419647216797,93.8227310180664,93.70629119873047,93.98564910888672,94.75977325439453,95.82605743408203,96.67774200439453,96.9105453491211,96.7022933959961,96.59476470947266,96.84183502197266,97.22177124023438,97.44926452636719,97.50540924072266,97.6058349609375,98.0041732788086,98.68827819824219,99.29029083251953,99.33126068115234,98.68585205078125,97.97380065917969
103.49044036865234,104.046875,103.98070526123047,103.16524505615234,102.0394515991211,100.8821029663086,99.84294891357422,99.18876647949219,98.9192886352539,98.58558654785156,97.81697082519531,96.7170181274414,95.53031158447266,94.30281829833984,93.06550598144531,92.07615661621094,91.65357208251953,91.86144256591797,92.46467590332031,93.1065444946289,93.5311279296875,93.60782623291016,93.3796615600586,93.05352783203125,92.77465057373047,92.53453826904297,92.45690155029297,92.71900177001953,93.28160858154297,93.8735580444336,94.25777435302734,94.48368072509766,94.81951141357422,95.30518341064453,95.68087005615234,95.75699615478516,95.63011932373047,95.56877136230469,95.8125,96.41416931152344,97.1714096069336,97.65015411376953,97.54052734375,97.18082427978516
103.33504486083984,103.66217803955078,103.9589614868164,103.73731994628906,102.9844741821289,101.85177612304688,100.54403686523438,99.46294403076172,98.90243530273438,98.69741821289062,98.4290542602539,97.84432220458984,96.90666961669922,95.63178253173828,94.11441802978516,92.61697387695312,91.53254699707031,91.14474487304688,91.46550750732422,92.19776153564453,92.96502685546875,93.43580627441406,93.42381286621094,93.01866149902344,92.44480895996094,91.7984390258789,91.22142028808594,91.0075454711914,91.27667999267578,91.76752471923828,92.21112823486328,92.65139770507812,93.2137451171875,93.74465942382812,94.005615234375,94.02848815917969,94.02029418945312,94.11479187011719,94.35535430908203,94.80049133300781,95.46170806884766,96.12696075439453,96.50054168701172,96.56879425048828
103.2408218383789,103.61309814453125,104.28623962402344,104.38680267333984,103.68423461914062,102.49674224853516,101.17903137207031,100.01040649414062,99.27513885498047,99.0741195678711,99.11299896240234,98.92401123046875,98.22203063964844,96.98423767089844,95.42181396484375,93.85552215576172,92.5848388671875,91.87208557128906,91.787353515625,92.13048553466797,92.71150207519531,93.38849639892578,93.82814025878906,93.66454315185547,92.87324523925781,91.7605209350586,90.75428009033203,90.23501586914062,90.32743072509766,90.7890853881836,91.309326171875,91.83036041259766,92.3062515258789,92.4853286743164,92.3429946899414,92.24551391601562,92.45567321777344,92.90188598632812,93.45665740966797,94.0787124633789,94.69087219238281,95.20899200439453,95.65113067626953,96.01912689208984
103.24890899658203,103.99945831298828,104.96199798583984,105.03871154785156,104.02487182617188,102.65747833251953,101.55713653564453,100.71233367919922,100.06048583984375,99.7419662475586,99.66211700439453,99.40824890136719,98.6709976196289,97.48151397705078,96.15058898925781,94.98990631103516,94.05364990234375,93.31396484375,92.79002380371094,92.51066589355469,92.61180877685547,93.23380279541016,93.98658752441406,94.12326049804688,93.43878173828125,92.46212768554688,91.69351196289062,91.15142822265625,90.75434875488281,90.5743637084961,90.7932357788086,91.40869903564453,92.01335906982422,92.08396911621094,91.65416717529297,91.28173065185547,91.36395263671875,91.92692565917969,92.87149810791016,93.8953857421875,94.6021499633789,94.92642974853516,95.24982452392578,95.76185607910156
103.28999328613281,104.3421859741211,105.1844482421875,104.91373443603516,103.67253875732422,102.4571533203125,101.7508773803711,101.17757415771484,100.47933197021484,99.90731048583984,99.5919189453125,99.22030639648438,98.47579193115234,97.45608520507812,96.49223327636719,95.76569366455078,95.19058990478516,94.60029602050781,93.95855712890625,93.36521911621094,93.00874328613281,93.12564086914062,93.58618927001953,93.93721008300781,93.91148376464844,93.64787292480469,93.2657699584961,92.5541000366211,91.52526092529297,90.71200561523438,90.6878433227539,91.41534423828125,92.23757934570312,92.44642639160156,91.98149108886719,91.41588592529297,91.26000213623047,91.78861236572266,92.989990234375,94.24034118652344,95.00294494628906,95.32716369628906,95.51712036132812,95.77271270751953
102.81330108642578,104.18135070800781,104.59548950195312,103.73214721679688,102.47692108154297,101.86290740966797,101.70136260986328,101.07835388183594,99.94931030273438,99.06751251220703,98.75453186035156,98.57478332519531,98.07537841796875,97.27652740478516,96.43240356445312,95.77588653564453,95.45234680175781,95.36019897460938,95.16946411132812,94.65999603271484,93.93049621582031,93.36559295654297,93.29342651367188,93.72666931152344,94.36478424072266,94.7323226928711,94.50958251953125,93.68506622314453,92.59619140625,91.82844543457031,91.78495025634766,92.2553482055664,92.75840759277344,92.84955596923828,92.55730438232422,92.39364624023438,92.51289367675781,92.94625854492188,93.83187866210938,94.81178283691406,95.50639343261719,95.85437774658203,95.74472045898438,95.59171295166016
