data/wind_data/wind_52_0.json
{"header": {"parameterUnit": "KT", "parameterCategory": 2, "nx": 255, "ny": 198, "lo1": 44.73521041870117, "la1": -3.236724853515625, "lo2": 111.26478576660156, "la2": 43.468475341796875, "dx": 0.26192745566368103, "dy": -0.23708222806453705, "refTime": "2025-02-21 04:00:00", "forecastTime": 0, "parameterNumber": 2, "parameterNumberName": "eastward_wind"}, "data":
[rows 152 to 170 of 198, columns 172 to 214 of 255]
20.41425132751465,19.55752944946289,18.675064086914062,18.637496948242188,16.196889877319336,14.473016738891602,14.678956985473633,16.623661041259766,15.62646198272705,14.924867630004883,14.803895950317383,12.815848350524902,10.496256828308105,11.097684860229492,12.948138236999512,13.313860893249512,12.980648040771484,13.736279487609863,15.146794319152832,16.371044158935547,17.404251098632812,17.98265838623047,15.670845985412598,10.426270484924316,8.769891738891602,10.683719635009766,11.051177978515625,10.112613677978516,8.417059898376465,7.8010711669921875,10.751652717590332,13.244730949401855,11.398884773254395,8.617122650146484,7.484603404998779,6.623793125152588,6.407777786254883,9.26468276977539,15.03990650177002,14.363127708435059,9.95861530303955,7.059410572052002,6.809314250946045
19.4356632232666,19.359895706176758,16.72956085205078,15.510161399841309,15.51810359954834,17.719623565673828,18.28497886657715,15.94164752960205,14.706130981445312,13.858956336975098,13.140335083007812,12.537943840026855,12.18545913696289,13.052899360656738,14.388203620910645,13.987412452697754,13.048943519592285,14.108436584472656,15.954842567443848,16.366323471069336,16.1168270111084,14.843042373657227,11.687295913696289,8.99268627166748,9.90217113494873,12.818378448486328,13.841654777526855,13.539067268371582,12.77363109588623,11.722209930419922,11.664886474609375,12.829896926879883,11.265901565551758,6.2323784828186035,2.3838071823120117,2.167329788208008,4.6080403327941895,8.005906105041504,12.577594757080078,12.228866577148438,8.626361846923828,6.12552547454834,6.258692264556885
18.36829376220703,19.324573516845703,19.4437198638916,19.307796478271484,19.535980224609375,20.450084686279297,20.948408126831055,20.209571838378906,18.202102661132812,15.018044471740723,14.162369728088379,14.567646026611328,14.957846641540527,15.347105979919434,15.171269416809082,14.844705581665039,13.870123863220215,13.583857536315918,14.82132625579834,14.84269905090332,14.298110008239746,13.81552505493164,12.093599319458008,10.911352157592773,12.30575180053711,14.274280548095703,15.730917930603027,15.77575397491455,12.83696174621582,9.573864936828613,9.542426109313965,11.294135093688965,8.512943267822266,2.676617383956909,0.2619748115539551,2.4132893085479736,6.771941184997559,10.710628509521484,12.834929466247559,10.000181198120117,5.864792346954346,4.717378616333008,5.576838493347168
16.986923217773438,18.169984817504883,19.5094051361084,19.908767700195312,20.01998519897461,20.717451095581055,21.25795555114746,20.374202728271484,18.4005184173584,16.90227699279785,15.170293807983398,15.372255325317383,17.571979522705078,17.423410415649414,15.051060676574707,11.89736557006836,11.505240440368652,13.127222061157227,14.007524490356445,13.443377494812012,12.761847496032715,13.470452308654785,14.340047836303711,14.4411039352417,14.802351951599121,15.940242767333984,15.650264739990234,11.512428283691406,6.0860395431518555,5.731153964996338,10.634682655334473,9.408973693847656,4.706566333770752,2.311969757080078,3.073542833328247,5.8211846351623535,8.437065124511719,10.665247917175293,12.025559425354004,8.913827896118164,4.014229774475098,3.3192262649536133,4.781148433685303
15.185023307800293,16.689844131469727,18.388389587402344,18.700143814086914,18.790983200073242,19.6087589263916,20.21863555908203,20.05455780029297,18.513931274414062,15.633167266845703,16.650306701660156,18.351566314697266,18.174251556396484,14.228780746459961,10.999743461608887,10.05201244354248,10.58841609954834,13.182156562805176,13.865293502807617,11.745999336242676,11.28501033782959,13.24626350402832,15.763877868652344,17.362688064575195,17.49531364440918,15.795731544494629,12.362321853637695,8.789623260498047,6.38961124420166,6.10602331161499,6.955361366271973,6.280973434448242,3.7598962783813477,2.8029074668884277,4.867804050445557,7.541918754577637,9.782845497131348,11.368927001953125,11.304036140441895,6.220150470733643,1.763702392578125,2.7359464168548584,4.01400089263916
14.553200721740723,15.691265106201172,17.05054473876953,17.038497924804688,16.906431198120117,18.04172134399414,19.250097274780273,19.438161849975586,18.78086280822754,17.97752571105957,17.912643432617188,17.949567794799805,16.267072677612305,12.507784843444824,8.947610855102539,8.144427299499512,9.847126960754395,11.992496490478516,12.715810775756836,13.715786933898926,14.126835823059082,15.309402465820312,15.33771800994873,15.604713439941406,15.07538890838623,13.94593334197998,12.707650184631348,13.134072303771973,11.010971069335938,7.519981384277344,6.2100749015808105,4.939537525177002,3.7402265071868896,3.499382972717285,5.147381782531738,7.137628555297852,8.866307258605957,11.40942096710205,8.887784957885742,1.077962875366211,-0.5143656730651855,3.021043539047241,3.5445780754089355
15.063015937805176,15.238737106323242,15.667813301086426,16.01648712158203,16.44890594482422,16.6970272064209,16.81909942626953,17.878332138061523,18.51749038696289,18.717973709106445,17.548330307006836,16.165494918823242,15.070170402526855,12.910035133361816,10.682648658752441,10.21487045288086,11.800825119018555,14.084486961364746,15.556941986083984,15.650663375854492,15.752262115478516,16.393970489501953,15.378216743469238,14.888421058654785,14.282281875610352,14.855201721191406,15.899643898010254,15.33405876159668,12.079329490661621,9.0385103225708,7.791790962219238,5.477209091186523,3.0790867805480957,3.371851682662964,4.098178863525391,5.008904933929443,8.024255752563477,11.394821166992188,5.764220237731934,-2.94663405418396,-1.7767703533172607,1.9329968690872192,3.1052606105804443
14.293932914733887,14.621685028076172,14.873244285583496,16.135438919067383,16.73297882080078,16.606664657592773,16.84919548034668,17.81926727294922,18.495922088623047,17.155010223388672,14.126031875610352,12.836187362670898,13.953777313232422,14.60979175567627,14.7615966796875,15.555524826049805,15.556220054626465,16.047555923461914,16.823583602905273,16.031896591186523,16.11699676513672,17.6982421875,18.204936981201172,17.143171310424805,16.21234893798828,15.555282592773438,15.146583557128906,17.213958740234375,13.37048625946045,6.255115509033203,3.752211570739746,1.9874662160873413,0.14604848623275757,0.7458063364028931,2.1683743000030518,4.368780136108398,8.371012687683105,10.043366432189941,1.4109854698181152,-5.172333240509033,-3.5487163066864014,-1.4502151012420654,1.232546329498291
12.226388931274414,13.772109031677246,16.69379425048828,17.234670639038086,18.07256317138672,19.599212646484375,18.73530387878418,17.830856323242188,17.7642879486084,13.892095565795898,9.419562339782715,10.499700546264648,14.146659851074219,15.849953651428223,16.04454803466797,15.704367637634277,15.111934661865234,15.911895751953125,15.65372085571289,14.487836837768555,16.124404907226562,18.403236389160156,18.097902297973633,16.85954475402832,17.557682037353516,18.66421127319336,16.971986770629883,11.467421531677246,3.621098041534424,0.21255257725715637,0.9829179644584656,-1.281337022781372,-3.112727642059326,-1.666341781616211,1.5294699668884277,5.772795677185059,9.94950008392334,6.605745315551758,-3.602287769317627,-6.357847690582275,-4.837615013122559,-2.6688573360443115,0.014362527057528496
9.267546653747559,11.976385116577148,17.902637481689453,19.181705474853516,17.360313415527344,17.294593811035156,17.81181526184082,17.141178131103516,16.270952224731445,13.324908256530762,9.575138092041016,10.299736022949219,14.293740272521973,15.877058029174805,13.83410358428955,11.747740745544434,11.875354766845703,13.800843238830566,14.628259658813477,13.169734001159668,13.896899223327637,15.801315307617188,15.445144653320312,14.267829895019531,11.647648811340332,5.553596496582031,-0.7147740125656128,-3.605835437774658,-3.4652562141418457,-3.3683438301086426,-4.306432247161865,-5.077023983001709,-4.802000999450684,-2.8026273250579834,2.0703654289245605,8.854646682739258,7.515865802764893,-1.1958457231521606,-6.439140796661377,-5.233323097229004,-2.583068609237671,-1.8747143745422363,0.09122444689273834
10.260878562927246,13.23267650604248,17.297367095947266,17.215316772460938,14.631071090698242,15.888601303100586,19.198015213012695,17.010421752929688,12.010647773742676,8.601957321166992,6.124554634094238,7.004176139831543,11.812247276306152,14.369978904724121,10.955102920532227,7.394344329833984,6.36801815032959,7.017200946807861,7.061739921569824,3.6886491775512695,-0.7544407248497009,-6.229080677032471,-10.717178344726562,-12.910992622375488,-12.728453636169434,-10.755135536193848,-9.77393913269043,-8.409873008728027,-8.858664512634277,-9.226517677307129,-7.475636005401611,-4.989246845245361,-3.9723894596099854,-2.9035165309906006,4.873072624206543,7.058802127838135,-1.887157917022705,-5.80190372467041,-1.9663779735565186,0.5447590351104736,1.5456020832061768,2.7479000091552734,4.306178092956543
13.39559555053711,12.312036514282227,13.246596336364746,14.331521034240723,14.920719146728516,17.75370979309082,17.619808197021484,11.543006896972656,5.6123366355896,3.059795379638672,1.9235179424285889,3.2757577896118164,7.429380893707275,9.688797950744629,7.866317272186279,3.0058677196502686,-2.903837203979492,-7.464452743530273,-11.700265884399414,-15.336613655090332,-17.79301643371582,-19.6564884185791,-20.291975021362305,-19.71843910217285,-17.91806983947754,-15.35744571685791,-12.19135856628418,-9.98005485534668,-10.272074699401855,-10.81473445892334,-9.005858421325684,-5.79152250289917,-3.4048023223876953,0.1265413612127304,4.775864124298096,3.425784111022949,0.20638878643512726,3.286559820175171,3.9501564502716064,0.4106438457965851,-0.9982336163520813,1.4444591999053955,6.068971157073975
10.157523155212402,8.241195678710938,10.911890029907227,13.107858657836914,14.44174861907959,15.759903907775879,13.553736686706543,7.626275539398193,2.2502493858337402,0.5100146532058716,1.2104778289794922,3.2297823429107666,5.322652339935303,4.215549945831299,-0.7584920525550842,-7.191222667694092,-11.28603458404541,-12.960134506225586,-14.816816329956055,-16.66802215576172,-18.132469177246094,-19.313976287841797,-19.935009002685547,-19.952768325805664,-19.151382446289062,-17.02247428894043,-12.977008819580078,-9.156225204467773,-8.430965423583984,-9.985795974731445,-10.2501802444458,-7.520567417144775,-4.298696041107178,-0.5117935538291931,3.7450358867645264,4.930645942687988,6.87624979019165,6.265596866607666,-0.24002037942409515,-3.439356565475464,-2.2863776683807373,1.320991039276123,5.379465579986572
6.555911064147949,6.139028072357178,5.720017433166504,7.03284215927124,9.4332275390625,11.041356086730957,8.237645149230957,1.1234420537948608,-2.546104669570923,-0.24454931914806366,2.5915565490722656,4.006702423095703,2.238234043121338,-2.3281354904174805,-6.105588912963867,-8.956548690795898,-11.730208396911621,-13.634397506713867,-15.021766662597656,-15.665655136108398,-15.879927635192871,-16.08124542236328,-16.52250099182129,-17.348716735839844,-17.40838623046875,-15.190108299255371,-10.75959300994873,-7.8279194831848145,-8.155290603637695,-9.277642250061035,-9.606390953063965,-7.890196800231934,-3.5976407527923584,1.3612488508224487,5.313615322113037,7.2039313316345215,8.061410903930664,5.254608154296875,-2.353745460510254,-5.6471052169799805,-2.649625539779663,1.2246229648590088,5.269934177398682
3.645951509475708,0.5920600295066833,-0.15491002798080444,2.90334153175354,6.5341033935546875,7.2547502517700195,3.100266695022583,-0.6220640540122986,0.21884770691394806,1.6190156936645508,1.1374411582946777,0.22162853181362152,-0.7782106995582581,-2.683576822280884,-5.091948509216309,-7.711483955383301,-10.772624015808105,-13.222306251525879,-14.127537727355957,-13.720988273620605,-12.838522911071777,-11.968087196350098,-11.767692565917969,-12.358611106872559,-12.329028129577637,-10.641144752502441,-7.821985721588135,-6.234278678894043,-6.950997352600098,-7.861908912658691,-5.578145980834961,-1.1902331113815308,3.2227067947387695,6.2475266456604,7.572626113891602,7.272833347320557,6.40963888168335,3.975158452987671,-0.6460590958595276,-3.003629684448242,-1.6391814947128296,2.1830122470855713,6.098180770874023
1.7220584154129028,0.5265326499938965,0.1808418482542038,2.439289093017578,2.711007833480835,0.2566874623298645,-1.1791883707046509,0.1654738038778305,2.767064332962036,3.3224477767944336,1.801474928855896,0.10137040913105011,-0.6527162194252014,-1.3601622581481934,-2.8566043376922607,-3.955354928970337,-4.580323696136475,-6.036921977996826,-8.047645568847656,-8.760700225830078,-8.357205390930176,-8.249202728271484,-8.720193862915039,-9.418222427368164,-9.08755111694336,-7.674902439117432,-5.816316604614258,-4.120077133178711,-2.5307817459106445,-0.4513547122478485,1.8292040824890137,4.690736293792725,8.433076858520508,8.498800277709961,6.497414588928223,7.027796745300293,8.217306137084961,8.08180046081543,4.691976547241211,2.4055590629577637,3.9155054092407227,5.978494644165039,6.789928436279297
1.9158339500427246,3.51066255569458,1.4265317916870117,-0.9285030364990234,-1.720900297164917,-1.572688102722168,-0.8746089339256287,0.583465039730072,2.0663580894470215,1.9713588953018188,0.9098243713378906,-0.3733212649822235,-1.151710033416748,-1.9477635622024536,-3.035130023956299,-2.874150276184082,-1.5002533197402954,-0.9871662855148315,-2.465520143508911,-3.434386968612671,-3.08197283744812,-2.808237314224243,-2.0139107704162598,-2.6663060188293457,-4.551806449890137,-3.2812602519989014,-0.18830038607120514,1.2112467288970947,0.967772901058197,0.5636010766029358,2.1207759380340576,6.7719244956970215,10.964223861694336,9.400901794433594,7.904514789581299,9.322893142700195,10.950325012207031,11.899577140808105,11.676626205444336,10.386387825012207,7.970837593078613,6.859808444976807,7.138540744781494
0.6796859502792358,2.369910478591919,1.2397266626358032,0.2368554323911667,-0.4907394349575043,-2.9022674560546875,-2.95436692237854,-0.702004611492157,-0.5377441644668579,-2.151090621948242,-3.0094594955444336,-2.913975477218628,-2.62861704826355,-2.609177827835083,-1.9917718172073364,-0.45320579409599304,1.4938468933105469,2.542771816253662,1.3448295593261719,0.28804636001586914,-1.1752197742462158,-3.000373363494873,-1.1518129110336304,1.0961711406707764,0.6541842818260193,0.5780333280563354,1.730808138847351,2.031846523284912,1.5803121328353882,2.404844284057617,5.074402809143066,9.185920715332031,11.609674453735352,10.130844116210938,9.44176197052002,10.28193473815918,11.029739379882812,11.524629592895508,10.421637535095215,6.591747760772705,4.139202117919922,5.428777694702148,7.085255146026611
-0.8843502998352051,0.747692346572876,-0.0782456174492836,-2.6076457500457764,-5.3884806632995605,-6.038323879241943,-3.54242205619812,-2.011622667312622,-3.2102456092834473,-4.969598293304443,-4.946340084075928,-4.353113174438477,-4.2085347175598145,-2.3410751819610596,0.3613607883453369,1.5343105792999268,2.07843279838562,2.7903823852539062,3.1090903282165527,1.002703070640564,-2.906372547149658,-3.7616615295410156,-0.4997110068798065,2.2221407890319824,1.978285789489746,2.634566068649292,4.471766948699951,4.825863838195801,4.265100479125977,4.0228142738342285,5.073194980621338,8.485642433166504,10.422868728637695,9.627260208129883,9.344857215881348,10.907289505004883,12.094326972961426,12.560420036315918,9.737359046936035,6.153557777404785,6.173259735107422,6.682806015014648,6.7525482177734375
