data/wind_data/wind_0_8.json
{"header": {"parameterUnit": "KT", "parameterCategory": 2, "nx": 256, "ny": 198, "lo1": 44.73521041870117, "la1": -3.236724853515625, "lo2": 111.26478576660156, "la2": 43.468475341796875, "dx": 0.2609002888202667, "dy": -0.23708222806453705, "refTime": "2025-02-19 00:00:00", "forecastTime": 0, "parameterNumber": 2, "parameterNumberName": "eastward_wind"}, "data":
[rows 19 to 37 of 198, columns 44 to 87 of 256]
-14.832171440124512,-16.500469207763672,-17.581823348999023,-16.823074340820312,-16.887510299682617,-16.29361915588379,-17.412919998168945,-16.39237403869629,-16.67780303955078,-14.57222843170166,-12.57141399383545,-11.974023818969727,-13.201908111572266,-13.040717124938965,-12.290572166442871,-10.928826332092285,-9.582444190979004,-9.566252708435059,-10.433526992797852,-10.87460994720459,-10.7349214553833,-10.48548698425293,-9.187060356140137,-8.56606674194336,-10.948921203613281,-13.143840789794922,-13.231045722961426,-14.886545181274414,-14.499480247497559,-13.24470329284668,-11.957633018493652,-10.503824234008789,-9.116806030273438,-8.313325881958008,-7.193265438079834,-6.99667501449585,-6.42393684387207,-5.908494472503662,-5.215357780456543,-4.752995014190674,-6.120500564575195,-7.592595100402832,-7.639415740966797,-7.930874347686768
-14.818596839904785,-16.62249183654785,-17.004785537719727,-16.926685333251953,-17.476816177368164,-16.661603927612305,-17.18824005126953,-17.34852409362793,-15.364164352416992,-14.122857093811035,-13.037847518920898,-12.26101303100586,-12.014059066772461,-13.05374813079834,-13.492206573486328,-12.4663724899292,-10.87946891784668,-10.213472366333008,-10.74038314819336,-10.393699645996094,-9.934110641479492,-8.547478675842285,-7.488182067871094,-8.610922813415527,-11.036916732788086,-11.870697975158691,-11.942960739135742,-13.003091812133789,-10.998748779296875,-10.022567749023438,-11.576547622680664,-11.905994415283203,-11.989891052246094,-9.922700881958008,-7.781245708465576,-6.714931011199951,-6.747382640838623,-5.742177963256836,-3.952051877975464,-3.8354921340942383,-4.367491245269775,-5.6119585037231445,-7.561478614807129,-8.14492416381836
-15.5559663772583,-16.996109008789062,-16.532943725585938,-16.984088897705078,-18.41438102722168,-17.08749008178711,-16.466041564941406,-16.19548797607422,-13.384749412536621,-13.249757766723633,-12.846151351928711,-12.11722469329834,-10.567285537719727,-10.913932800292969,-12.779037475585938,-13.519807815551758,-11.026952743530273,-10.575350761413574,-11.849756240844727,-10.67245101928711,-10.33124828338623,-10.321367263793945,-9.806588172912598,-10.426645278930664,-11.400819778442383,-10.947916030883789,-11.631732940673828,-11.35296630859375,-9.507731437683105,-11.046269416809082,-11.563063621520996,-9.712922096252441,-8.675030708312988,-9.36442756652832,-8.965760231018066,-7.6530914306640625,-6.778885841369629,-5.206106662750244,-3.0255112648010254,-3.8289794921875,-4.360726356506348,-5.604264259338379,-7.962663173675537,-8.237972259521484
-16.037769317626953,-16.96196746826172,-15.991814613342285,-16.118377685546875,-17.58080291748047,-16.350608825683594,-15.072104454040527,-13.34713363647461,-11.936725616455078,-11.521968841552734,-10.833152770996094,-11.134522438049316,-10.622264862060547,-10.642660140991211,-11.802359580993652,-12.413445472717285,-11.509062767028809,-11.105049133300781,-11.84118938446045,-11.801583290100098,-13.467619895935059,-14.381528854370117,-13.038610458374023,-12.801498413085938,-12.519410133361816,-11.030969619750977,-10.461908340454102,-10.61151123046875,-10.345293998718262,-10.232605934143066,-8.098724365234375,-5.948935508728027,-6.650887489318848,-7.52695894241333,-6.221505641937256,-5.333652019500732,-5.150781631469727,-5.299424171447754,-4.392419815063477,-3.805959463119507,-4.640990734100342,-6.156943321228027,-7.481128215789795,-7.86443567276001
-16.405784606933594,-16.31609535217285,-15.529084205627441,-15.141633987426758,-15.576483726501465,-15.07892894744873,-14.485798835754395,-12.236773490905762,-10.179990768432617,-9.001517295837402,-10.313176155090332,-12.035318374633789,-12.845699310302734,-11.230958938598633,-11.66968822479248,-11.151091575622559,-10.043683052062988,-10.570469856262207,-11.883405685424805,-12.924034118652344,-14.056361198425293,-14.78190803527832,-14.28305435180664,-13.382908821105957,-11.785273551940918,-10.491851806640625,-11.173585891723633,-12.01115608215332,-11.238797187805176,-9.744053840637207,-7.629520416259766,-5.960555553436279,-7.12213659286499,-7.513084888458252,-5.475368499755859,-4.925569534301758,-4.409158706665039,-5.329596996307373,-5.175438404083252,-4.396300792694092,-4.608302116394043,-5.294390678405762,-5.572877407073975,-7.148479461669922
-15.663030624389648,-16.013442993164062,-15.738167762756348,-14.555907249450684,-14.51513957977295,-14.039055824279785,-13.676506996154785,-11.300003051757812,-8.824838638305664,-9.261494636535645,-10.93563175201416,-12.047203063964844,-11.953431129455566,-11.301360130310059,-10.569231986999512,-10.464125633239746,-10.144410133361816,-10.639998435974121,-10.574729919433594,-10.85349178314209,-11.792502403259277,-12.824556350708008,-12.494186401367188,-11.724474906921387,-10.805974960327148,-11.049881935119629,-12.09898567199707,-12.327058792114258,-11.891175270080566,-9.481977462768555,-7.453962802886963,-7.384606838226318,-7.013574600219727,-6.000486850738525,-5.433558464050293,-6.31272029876709,-5.672454833984375,-4.642890930175781,-4.226889610290527,-4.4240641593933105,-4.145180702209473,-3.5500130653381348,-5.071608066558838,-7.269158363342285
-14.345240592956543,-14.475374221801758,-14.79502010345459,-14.41275691986084,-13.9520263671875,-12.103784561157227,-11.353004455566406,-10.638254165649414,-9.440617561340332,-10.267695426940918,-10.626018524169922,-10.785353660583496,-10.191973686218262,-10.215463638305664,-10.259008407592773,-9.640816688537598,-10.71209716796875,-10.767943382263184,-10.067015647888184,-9.730582237243652,-9.533446311950684,-9.714877128601074,-9.812325477600098,-9.267708778381348,-9.221624374389648,-10.537602424621582,-11.965498924255371,-11.597930908203125,-9.973525047302246,-7.107944011688232,-6.330901622772217,-5.575531959533691,-5.568410873413086,-6.2109150886535645,-7.5578508377075195,-7.133557319641113,-5.214361190795898,-4.618251800537109,-4.26316499710083,-4.565464019775391,-4.367313861846924,-3.159121036529541,-3.3852195739746094,-3.9424993991851807
-13.820375442504883,-12.837543487548828,-12.741299629211426,-13.18476676940918,-12.388822555541992,-11.156011581420898,-9.604385375976562,-10.266429901123047,-10.198128700256348,-11.314190864562988,-11.507010459899902,-10.870474815368652,-9.958420753479004,-8.894447326660156,-8.508085250854492,-8.991378784179688,-10.124384880065918,-9.589755058288574,-9.047825813293457,-9.161441802978516,-8.718541145324707,-7.808897018432617,-7.37396240234375,-6.71770715713501,-6.9248199462890625,-7.74298095703125,-8.691291809082031,-8.916315078735352,-6.455583095550537,-5.150740623474121,-4.379831790924072,-4.476312637329102,-5.296084880828857,-6.960338592529297,-7.741969585418701,-5.550570964813232,-4.265371799468994,-5.814469814300537,-6.8743062019348145,-6.396731376647949,-4.633843898773193,-2.905397891998291,-2.9608683586120605,-3.8404955863952637
-11.982975006103516,-11.37270736694336,-11.532041549682617,-11.978182792663574,-11.127752304077148,-10.800712585449219,-8.37224292755127,-9.339781761169434,-10.468220710754395,-11.389118194580078,-10.535229682922363,-8.858084678649902,-8.506287574768066,-8.482439994812012,-7.714292526245117,-8.10525131225586,-8.184925079345703,-7.4536895751953125,-6.735119819641113,-7.319543361663818,-7.875072002410889,-7.4229230880737305,-7.363678932189941,-6.719740390777588,-5.468745231628418,-5.126572132110596,-6.10363245010376,-6.073297023773193,-4.2460761070251465,-4.915853500366211,-4.607415199279785,-5.944485187530518,-6.399350166320801,-7.160660743713379,-7.412834167480469,-7.073655128479004,-7.5354743003845215,-8.409964561462402,-7.1505351066589355,-5.090823173522949,-3.3258917331695557,-2.1358776092529297,-2.277883291244507,-1.9785587787628174
-9.922844886779785,-9.225744247436523,-9.838273048400879,-10.807491302490234,-10.564064979553223,-10.527715682983398,-8.822234153747559,-9.141912460327148,-9.50329875946045,-10.035333633422852,-8.955336570739746,-6.685990810394287,-6.272179126739502,-7.2819061279296875,-6.5278120040893555,-5.468932628631592,-5.924403190612793,-6.354306697845459,-5.899575710296631,-6.275655746459961,-7.689273357391357,-8.135174751281738,-7.551079273223877,-6.746011257171631,-5.905036449432373,-5.04775333404541,-4.595839500427246,-3.367546796798706,-2.996730327606201,-3.4561445713043213,-5.292297840118408,-6.987637042999268,-7.726812362670898,-7.381102561950684,-7.229959011077881,-7.819340229034424,-7.273110866546631,-6.378577709197998,-5.011679649353027,-3.6409575939178467,-2.0461316108703613,-0.6492627263069153,-0.5062192678451538,-0.40705516934394836
-8.379287719726562,-7.413232326507568,-8.135431289672852,-9.101057052612305,-9.013386726379395,-9.652544975280762,-9.512619018554688,-8.563154220581055,-7.414580821990967,-8.106789588928223,-7.378352642059326,-5.936351776123047,-4.7855329513549805,-5.214447021484375,-4.8200201988220215,-4.009014129638672,-4.944834232330322,-5.909667491912842,-5.955687999725342,-6.214107036590576,-7.03733491897583,-6.930638790130615,-6.734764575958252,-5.908182621002197,-4.690728664398193,-3.8157448768615723,-2.7238636016845703,-0.9650119543075562,-0.9704346060752869,-2.3338639736175537,-5.780348300933838,-7.270885467529297,-6.716921806335449,-4.6621174812316895,-3.3097646236419678,-3.438217878341675,-4.221245288848877,-3.8323044776916504,-2.4291439056396484,-1.3987410068511963,-0.7485841512680054,0.011306267231702805,-0.13064007461071014,-1.17569899559021
-6.476910591125488,-6.863482475280762,-6.426975250244141,-6.2287092208862305,-6.596716403961182,-7.661531448364258,-7.304378032684326,-5.7684149742126465,-5.214269638061523,-6.237782001495361,-5.519317150115967,-5.081879138946533,-4.614967346191406,-4.901036739349365,-4.7886762619018555,-3.679875612258911,-4.748606204986572,-5.1137542724609375,-5.18197774887085,-5.808691501617432,-6.217845916748047,-5.207493782043457,-4.2342939376831055,-3.5595173835754395,-2.5430116653442383,-1.4947209358215332,-0.5541589260101318,0.8971024751663208,-0.352031409740448,-3.343224048614502,-4.663815021514893,-3.9359657764434814,-3.042587995529175,-1.46949303150177,0.4832737445831299,0.6456597447395325,-1.0685844421386719,-1.6692174673080444,-0.9753679633140564,-1.6131619215011597,-2.0693657398223877,-0.9209230542182922,0.5740267634391785,-0.21140289306640625
-4.258548259735107,-5.03874397277832,-4.649358749389648,-4.686446666717529,-5.8742899894714355,-6.477900505065918,-5.022538185119629,-3.716409206390381,-4.22965145111084,-4.571682929992676,-3.468801736831665,-2.3752400875091553,-3.3247721195220947,-3.844675064086914,-2.784398078918457,-2.5126426219940186,-3.3400890827178955,-2.8285744190216064,-3.036032199859619,-4.421389102935791,-5.023634433746338,-4.2329583168029785,-2.734083890914917,-1.4056768417358398,-0.8545679450035095,-0.6045840978622437,-0.3248276710510254,-0.1630222052335739,-1.431719422340393,-4.027140140533447,-2.5243756771087646,-0.30957555770874023,0.40705013275146484,1.9806280136108398,2.3698573112487793,-0.1790030300617218,-0.689564049243927,-1.823792576789856,-2.4201836585998535,-3.308823823928833,-3.257188558578491,-1.3827861547470093,0.8951295614242554,1.1771774291992188
-1.8324779272079468,-2.1092472076416016,-2.21856951713562,-3.950944423675537,-4.753159046173096,-4.148436069488525,-2.33229398727417,-1.9184489250183105,-3.255561590194702,-2.5318682193756104,-0.9183446764945984,0.11179488152265549,-1.2895910739898682,-1.2716665267944336,-0.3868999481201172,-1.070083498954773,-2.317582845687866,-2.498964548110962,-2.753812551498413,-3.9971861839294434,-3.878063678741455,-2.8207263946533203,-1.8200945854187012,-0.6336537599563599,-0.07685855031013489,-0.2654751241207123,-0.8202729821205139,-1.7760144472122192,-2.103651523590088,-2.071875810623169,0.33136850595474243,3.2876694202423096,5.028205871582031,4.111978530883789,1.102887749671936,-0.6681155562400818,-1.4062174558639526,-1.5599230527877808,-1.1992671489715576,-1.6796990633010864,-2.0559654235839844,-0.8726021647453308,0.27082574367523193,0.28693243861198425
0.1974947154521942,0.40885698795318604,-0.5802146792411804,-3.230424642562866,-3.7545278072357178,-2.0091092586517334,0.07462988793849945,0.14433293044567108,-0.8022063374519348,0.25002098083496094,1.3463785648345947,0.7213128209114075,-0.42615559697151184,0.14250291883945465,0.1452198475599289,-1.0708492994308472,-2.49000883102417,-3.446392297744751,-3.1900978088378906,-3.8529486656188965,-3.177264451980591,-2.0078036785125732,-1.1983883380889893,-0.8991308808326721,-0.40804576873779297,0.25297656655311584,0.33417195081710815,-0.31182560324668884,0.34378841519355774,2.3044447898864746,3.5544650554656982,4.3283233642578125,4.107782363891602,2.6093854904174805,0.5297284126281738,-0.2047796994447708,-0.5274978280067444,-0.5364263653755188,-0.5376526117324829,-0.8774523138999939,-0.9130834937095642,-0.18311022222042084,0.39723673462867737,-0.8951365947723389
1.049946904182434,1.7263058423995972,1.2649255990982056,-1.020254135131836,-0.8375692963600159,0.8776626586914062,0.9957530498504639,0.20017395913600922,0.8927809000015259,2.032893657684326,2.2626307010650635,0.8571078777313232,0.03817446529865265,0.7032731771469116,-0.4655279219150543,-1.5492944717407227,-2.438432216644287,-2.9711945056915283,-1.8815127611160278,-1.9258403778076172,-1.6744009256362915,-1.2337286472320557,-0.9198519587516785,-0.11348295956850052,0.7283501625061035,1.4711695909500122,1.388999581336975,0.3990721106529236,1.5308431386947632,2.688495635986328,2.23796010017395,2.15509033203125,2.8541598320007324,2.185436248779297,0.4291047751903534,0.081063412129879,0.5362928509712219,0.29321303963661194,-0.6857704520225525,-0.6859564185142517,0.8249444961547852,0.25145459175109863,-1.2920958995819092,-1.6853686571121216
2.891249656677246,2.4641897678375244,2.2976338863372803,2.1509249210357666,3.015460252761841,2.80275297164917,2.4301469326019287,1.3810360431671143,2.0301551818847656,2.704497814178467,2.811462163925171,1.8681931495666504,1.0293748378753662,0.027955736964941025,-0.8281038403511047,-1.1209207773208618,-1.6862139701843262,-1.5617395639419556,-0.6467479467391968,-0.8855973482131958,-1.2825095653533936,-0.7827257513999939,0.18221750855445862,1.2450131177902222,1.5498924255371094,1.3384130001068115,1.2387886047363281,1.2726558446884155,1.7374826669692993,1.3698594570159912,1.128949522972107,2.755387306213379,2.2417163848876953,0.9922721982002258,0.7375635504722595,0.03094138205051422,0.8568457365036011,1.4918733835220337,1.1933250427246094,1.2899610996246338,1.3453412055969238,-0.5426251292228699,-1.570914626121521,0.4160526394844055
4.441344261169434,3.7129974365234375,4.386806964874268,5.347287178039551,5.389052867889404,3.2551705837249756,3.3664424419403076,2.979609251022339,3.118964672088623,3.8910927772521973,3.9323694705963135,2.712254762649536,1.30232834815979,-0.25073713064193726,0.30808478593826294,-0.2793831527233124,-0.9580105543136597,-0.6215551495552063,-0.2912214696407318,-1.261328101158142,-1.149271845817566,0.2300429493188858,1.2021431922912598,1.6591185331344604,1.713537573814392,1.9828459024429321,1.648891806602478,0.9209847450256348,2.1915860176086426,2.754828929901123,2.003735065460205,2.4882514476776123,1.821717619895935,2.0708811283111572,1.6560882329940796,0.9356548190116882,1.5810866355895996,0.9663364887237549,0.17776255309581757,0.25772660970687866,-1.454595923423767,-2.5179009437561035,-0.9785794019699097,1.7651551961898804
5.495884418487549,5.853334903717041,6.564355850219727,7.005419731140137,6.841869354248047,4.788044452667236,4.400019645690918,5.452820777893066,5.319126129150391,5.914478302001953,5.323075294494629,2.909632682800293,2.2332732677459717,2.0759084224700928,1.2087106704711914,0.3502155840396881,0.17649328708648682,-0.04289809986948967,0.6358199715614319,-0.025972209870815277,-0.2604618966579437,0.5482968688011169,1.413629412651062,2.3820302486419678,2.938214063644409,3.480318069458008,4.321345806121826,5.308114528656006,5.936002254486084,5.547839164733887,3.270575523376465,2.5792508125305176,3.651942253112793,3.292818784713745,3.2208259105682373,2.6536214351654053,1.5318182706832886,-0.9010881781578064,-2.1706807613372803,-1.1684985160827637,-0.6601943969726562,-0.6558907628059387,-0.5402805805206299,0.3442419171333313
