data/wind_data/wind_67_1.json
{"header": {"parameterUnit": "KT", "parameterCategory": 2, "nx": 256, "ny": 198, "lo1": 44.73521041870117, "la1": -3.236724853515625, "lo2": 111.26478576660156, "la2": 43.468475341796875, "dx": 0.2609002888202667, "dy": -0.23708222806453705, "refTime": "2025-02-21 19:00:00", "forecastTime": 0, "parameterNumber": 2, "parameterNumberName": "eastward_wind"}, "data":
[rows 114 to 132 of 198, columns 86 to 128 of 256]
-4.8137898445129395,-4.871361255645752,-2.6656248569488525,2.148604154586792,2.1526520252227783,-2.2722859382629395,-5.054262638092041,-4.424053192138672,-3.915445566177368,-4.862509727478027,-5.1453986167907715,-4.576464653015137,-6.46314001083374,-8.198857307434082,-7.066587924957275,-4.4083356857299805,-1.289054036140442,0.05379686504602432,-0.48008283972740173,-2.034757137298584,-2.495225429534912,-2.8136794567108154,-4.437187671661377,-3.8156707286834717,-6.069105625152588,-11.533937454223633,-9.729252815246582,-4.15448522567749,0.08029098063707352,0.03738992288708687,-0.6635178923606873,-0.07375583052635193,0.7078284025192261,0.8757737278938293,0.4399096667766571,0.17876173555850983,-1.6145002841949463,-2.5562758445739746,0.13415297865867615,1.9395103454589844,4.204615116119385,7.655010223388672,7.005917549133301
-2.6936211585998535,-2.731539011001587,0.8659562468528748,5.5031657218933105,3.8585457801818848,-2.6912355422973633,-4.916895389556885,-4.616744041442871,-5.061067581176758,-6.482599258422852,-6.716357231140137,-6.421410083770752,-7.998316287994385,-9.154181480407715,-7.955407619476318,-5.229866981506348,-1.6766694784164429,-0.5217734575271606,0.06746993958950043,-0.10607966035604477,-1.9894328117370605,-3.0750317573547363,-4.32981014251709,-4.868407726287842,-5.218871593475342,-8.502582550048828,-9.721290588378906,-6.204061985015869,-1.9596964120864868,-0.3914012610912323,-0.9313353896141052,-0.27708005905151367,0.5988799929618835,0.14663231372833252,-0.4476836919784546,-0.6560336947441101,-0.17510098218917847,-0.8890478610992432,0.2451968789100647,1.794561505317688,3.4758872985839844,6.104658126831055,7.4579010009765625
1.6121182441711426,2.7094762325286865,6.608983039855957,9.626250267028809,5.590756416320801,-2.7630908489227295,-4.146106243133545,-4.803357124328613,-6.175685405731201,-7.35868501663208,-7.642322063446045,-6.998569488525391,-7.981491565704346,-9.146376609802246,-7.904719352722168,-5.549739837646484,-3.0172698497772217,-1.8414366245269775,-1.3180888891220093,-2.2378907203674316,-3.6189842224121094,-3.2380940914154053,-3.2915732860565186,-3.6480958461761475,-4.702690601348877,-5.802219867706299,-7.262753963470459,-7.325249671936035,-4.478819370269775,-0.8536279201507568,-0.06305501610040665,0.6827840209007263,1.3477200269699097,0.0763910561800003,-0.06528211385011673,-0.6596198678016663,-1.4116164445877075,-0.23932160437107086,2.2545204162597656,3.0910873413085938,3.3642468452453613,4.790311813354492,6.397580146789551
4.421600818634033,7.657666206359863,7.320097923278809,8.547083854675293,5.294365882873535,-2.934039831161499,-3.724933385848999,-5.240851402282715,-6.46237325668335,-6.928391933441162,-7.540052890777588,-7.578853130340576,-8.256514549255371,-8.355276107788086,-6.9265055656433105,-5.40519905090332,-3.424151659011841,-1.738718032836914,-1.9247487783432007,-4.43680477142334,-5.404188632965088,-3.775080919265747,-2.572550058364868,-2.7831382751464844,-4.1905341148376465,-4.208904266357422,-4.868095874786377,-7.511302947998047,-6.229844570159912,-1.632590413093567,1.2750972509384155,1.9102355241775513,1.0621614456176758,-0.574009120464325,-0.6865819096565247,-0.2379428595304489,-0.21349471807479858,-0.21001297235488892,2.465642213821411,4.873892784118652,5.196061134338379,5.034048557281494,5.468391418457031
5.438374042510986,9.612604141235352,5.134814262390137,4.229039669036865,1.7419770956039429,-3.7498557567596436,-4.9048051834106445,-5.363368988037109,-5.6767964363098145,-5.955338478088379,-6.747513294219971,-7.805120944976807,-9.108595848083496,-9.008441925048828,-7.030620098114014,-5.147869110107422,-3.1025240421295166,-1.1147940158843994,-1.367980718612671,-4.580172538757324,-5.771786212921143,-4.523038387298584,-2.9592764377593994,-3.3455605506896973,-4.125324249267578,-2.8368163108825684,-3.254680633544922,-6.487977504730225,-5.927693843841553,-1.5451571941375732,1.8535085916519165,1.497218370437622,-0.09467262774705887,-0.17182233929634094,-0.7245317101478577,-0.20217014849185944,2.7487685680389404,2.3244783878326416,2.136168956756592,4.909372329711914,6.437374114990234,6.182613372802734,5.825439453125
5.859964847564697,10.006950378417969,6.872822284698486,1.327359676361084,2.6235733032226562,-2.1833858489990234,-4.224580764770508,-4.872803688049316,-4.987428665161133,-4.717278957366943,-5.6602630615234375,-8.175586700439453,-8.689616203308105,-8.09839153289795,-6.46086311340332,-4.6202921867370605,-3.4545788764953613,-1.8433109521865845,-1.4676533937454224,-3.576815128326416,-5.037857532501221,-4.95540189743042,-3.7036666870117188,-3.365962266921997,-3.7307627201080322,-2.4388985633850098,-2.252223253250122,-4.461981296539307,-4.592068195343018,-1.511712670326233,0.6901447176933289,-0.2995677888393402,-0.7297270894050598,0.7764007449150085,1.3652592897415161,1.1726999282836914,3.057940721511841,4.3455328941345215,4.105173110961914,5.363747596740723,6.610699653625488,6.535825729370117,6.652482509613037
5.927285194396973,10.83836841583252,7.358950614929199,1.88823664188385,3.4798548221588135,0.006175074260681868,-2.591294765472412,-3.636350393295288,-3.7753944396972656,-4.102707862854004,-5.248887538909912,-7.659512519836426,-8.023466110229492,-5.943878650665283,-3.4397754669189453,-2.642993450164795,-3.675330638885498,-4.021231651306152,-3.1410748958587646,-2.2883553504943848,-3.0262043476104736,-4.502586364746094,-4.579386234283447,-3.308464288711548,-2.5246076583862305,-1.8898454904556274,-1.949811577796936,-3.0446884632110596,-3.5178558826446533,-2.384152412414551,-0.8408543467521667,-0.16663749516010284,-0.2027890384197235,1.3649418354034424,2.4859020709991455,2.623629331588745,3.930466890335083,5.060992240905762,5.5375566482543945,6.253572463989258,6.095710754394531,5.7260050773620605,6.263219356536865
4.974738121032715,10.784134864807129,9.142213821411133,1.2209233045578003,3.670034885406494,-0.4052666127681732,-0.6189738512039185,-1.629736304283142,-2.6911020278930664,-3.619013547897339,-4.777421951293945,-6.420703411102295,-6.517210960388184,-4.18475341796875,-1.6629763841629028,-1.5700194835662842,-3.243831157684326,-4.3673529624938965,-3.927860975265503,-2.2791078090667725,-2.142667293548584,-4.432518005371094,-5.234612464904785,-3.5663163661956787,-1.3034942150115967,-0.487822949886322,-1.5138753652572632,-2.3060128688812256,-2.2754926681518555,-2.4800667762756348,-1.4212599992752075,0.5747020840644836,1.4808787107467651,2.5661399364471436,2.846257209777832,3.255939483642578,5.701598644256592,6.391821384429932,5.847043037414551,6.36163330078125,5.603732585906982,5.5585174560546875,6.492965221405029
4.721687316894531,10.241969108581543,11.795614242553711,0.7180081009864807,2.57682204246521,-1.073767066001892,-1.0862078666687012,0.06473055481910706,-1.152384638786316,-2.808663845062256,-3.5233476161956787,-4.80080509185791,-4.926342964172363,-2.981383800506592,-1.0980128049850464,-0.7799481749534607,-1.6299471855163574,-2.4082329273223877,-2.8650786876678467,-3.453623056411743,-3.9378440380096436,-4.392512798309326,-4.566763401031494,-3.16149640083313,-0.9942061901092529,-0.0731397271156311,-0.445291668176651,-1.32787024974823,-1.160017967224121,-1.4107797145843506,-1.0493685007095337,1.0178741216659546,2.9124271869659424,3.9772050380706787,4.101358413696289,4.367373466491699,6.671941757202148,7.782390594482422,6.767587184906006,6.281528472900391,5.599818229675293,5.951923847198486,7.240999698638916
6.645166397094727,11.077044486999512,12.748574256896973,3.2814173698425293,1.184782862663269,-1.3052644729614258,-2.0318822860717773,-0.7857412695884705,-0.3650257885456085,-0.6424733996391296,-1.1778759956359863,-2.2523555755615234,-3.1507315635681152,-2.4573092460632324,-0.9473493099212646,0.23618470132350922,0.1981637328863144,-0.3659381568431854,-1.8231185674667358,-3.871485948562622,-4.6147942543029785,-4.40000581741333,-3.450434923171997,-2.136115312576294,-1.1122928857803345,-0.46223393082618713,0.2577017843723297,-0.15590013563632965,-0.25721612572669983,0.0708252489566803,0.5760878920555115,1.8439228534698486,3.3670005798339844,4.898397445678711,5.918243885040283,5.949914932250977,6.952531337738037,8.15854549407959,8.120537757873535,6.742852210998535,6.028470039367676,6.713033199310303,7.280486583709717
9.470985412597656,12.422245979309082,11.349846839904785,2.9887712001800537,1.7533740997314453,-0.1355762630701065,-1.1390564441680908,-0.4844963848590851,-0.40017351508140564,-0.02998991869390011,0.5493441820144653,1.7119771242141724,-0.23393988609313965,-0.8425059914588928,-0.2513316571712494,1.1144429445266724,1.780363917350769,0.9326533079147339,-0.7899067997932434,-2.707629680633545,-3.9686272144317627,-3.937433958053589,-2.740952253341675,-1.1661711931228638,-1.1549851894378662,-0.814277708530426,0.7348455786705017,0.6051403284072876,0.3146214187145233,1.4186955690383911,2.611468553543091,2.9938571453094482,3.5956645011901855,4.901067733764648,5.955816268920898,6.543231964111328,6.941047668457031,7.24619197845459,7.890880107879639,7.097489833831787,6.595448017120361,7.48852014541626,6.886362552642822
10.749527931213379,14.652591705322266,9.366181373596191,3.043966054916382,3.471111536026001,1.5852360725402832,-0.027584413066506386,-0.6868194341659546,-0.2582261860370636,-0.13883283734321594,-1.8742233514785767,0.16148066520690918,1.4381247758865356,1.7397698163986206,1.7896922826766968,1.767870545387268,2.156846046447754,2.212390184402466,0.6890489459037781,-0.8440951704978943,-2.568870782852173,-2.8769757747650146,-2.1347999572753906,-0.506788969039917,-0.24265070259571075,-0.4182247519493103,0.9435487985610962,0.1878681480884552,0.32841604948043823,2.055527925491333,3.3552989959716797,3.59647274017334,3.814844846725464,4.579096794128418,5.49044942855835,6.645888805389404,7.079855918884277,6.430603504180908,6.899721145629883,7.695899486541748,7.258650779724121,6.99973201751709,5.951507568359375
5.646921157836914,9.658409118652344,4.5619378089904785,4.978261947631836,4.781895637512207,0.38756227493286133,-1.2780812978744507,-1.3767834901809692,-1.324906587600708,0.6755103468894958,-3.050269365310669,-4.061086654663086,-0.00731119466945529,0.7280236482620239,2.1787257194519043,3.0701262950897217,1.676821231842041,2.6289074420928955,2.076688051223755,1.2168278694152832,-0.3289719820022583,-1.060581088066101,-0.7536130547523499,0.12160289287567139,1.0613197088241577,0.547283411026001,0.5444914698600769,-0.5491090416908264,0.10422837734222412,2.207939863204956,3.1814441680908203,3.3247640132904053,3.6668431758880615,4.415002822875977,5.609868049621582,6.91317892074585,6.949312686920166,5.293381690979004,5.33348274230957,7.4789719581604,7.4413886070251465,5.861232280731201,5.646183967590332
10.151933670043945,3.2960476875305176,0.5295738577842712,8.027631759643555,2.4569590091705322,-3.1437454223632812,-2.6354808807373047,-1.2094744443893433,-0.4490278959274292,2.432488441467285,2.5804126262664795,-1.5038999319076538,-0.645906388759613,-2.6056337356567383,-1.5432496070861816,1.2411248683929443,1.6797873973846436,2.5628631114959717,1.5926513671875,2.1159799098968506,1.7388404607772827,1.4544308185577393,1.1326974630355835,0.67136549949646,0.954330563545227,1.6365573406219482,1.1719472408294678,-0.30120259523391724,0.04580530524253845,1.4471824169158936,2.217238426208496,2.523686408996582,3.486431360244751,4.418435573577881,5.627836227416992,6.332284927368164,5.419354438781738,4.542505264282227,5.853171348571777,7.1325154304504395,6.86785364151001,6.133544921875,6.057334899902344
24.978246688842773,-0.28763270378112793,1.8426806926727295,0.9406753182411194,-3.542912483215332,-3.9800174236297607,-2.3879518508911133,-0.8156058192253113,0.40041080117225647,3.146280288696289,4.73020076751709,4.36745548248291,0.004915519151836634,-4.447079658508301,-2.9433536529541016,-1.0182006359100342,-1.7540010213851929,-0.43139588832855225,0.08272252976894379,1.9686057567596436,3.1676316261291504,2.654066562652588,1.310850977897644,0.7463414072990417,1.2755829095840454,2.3931665420532227,2.0707879066467285,0.4613575339317322,0.22771742939949036,0.651997447013855,1.2299927473068237,2.205676794052124,2.9912517070770264,3.8442134857177734,4.764963150024414,4.342356204986572,4.152735233306885,5.328889846801758,6.4185404777526855,5.987080097198486,6.510335445404053,7.2304582595825195,5.702232360839844
29.84221649169922,13.889533042907715,1.738327145576477,-2.587212085723877,-6.502844333648682,-4.30577278137207,-0.8268616795539856,0.45190203189849854,0.9591479897499084,3.076305627822876,5.1301798820495605,6.626582145690918,2.6507508754730225,-3.4385595321655273,-3.014878749847412,-2.15468168258667,-3.108157157897949,-1.9702794551849365,-1.6657757759094238,-0.8206692337989807,1.7575581073760986,2.738962411880493,1.7973544597625732,1.556540846824646,1.9331592321395874,2.263268232345581,1.5788837671279907,0.27317294478416443,-0.26691561937332153,0.22476540505886078,1.1490892171859741,2.230717897415161,3.2227213382720947,4.1060991287231445,4.082938194274902,3.305379629135132,4.3516693115234375,5.512017250061035,5.220023155212402,5.850770473480225,7.123087406158447,7.5121870040893555,4.814287185668945
24.88286018371582,12.012141227722168,8.563689231872559,-2.3127281665802,-8.991546630859375,-4.259364604949951,1.3469650745391846,2.7635793685913086,1.5562634468078613,1.321236252784729,4.196198463439941,7.6307759284973145,6.560747146606445,-2.0156354904174805,-3.109069585800171,-1.872668981552124,-2.1613121032714844,-2.345961093902588,-2.0017824172973633,-1.4996142387390137,-0.17756804823875427,1.8046609163284302,1.91181480884552,2.17659068107605,1.5426806211471558,0.742479145526886,0.9643560647964478,-0.09802413731813431,-0.5906315445899963,0.38602718710899353,1.6397467851638794,3.2362170219421387,4.424898624420166,4.656235218048096,3.9245495796203613,3.6747429370880127,4.92840576171875,4.256467342376709,3.439197540283203,5.49517822265625,6.250800609588623,6.8025736808776855,2.7202582359313965
20.786972045898438,10.207443237304688,7.445489883422852,-1.7317285537719727,-5.191685676574707,-1.2871417999267578,3.9254255294799805,4.61978006362915,3.769012212753296,1.846848726272583,4.101831436157227,8.18808650970459,8.585387229919434,1.1710870265960693,-3.0159473419189453,-1.804343581199646,-2.132885694503784,-2.799021005630493,-2.024754047393799,-0.07571166753768921,0.4947718381881714,1.5901973247528076,1.5063024759292603,2.553980588912964,1.9349931478500366,0.7230034470558167,1.5614902973175049,0.3009680509567261,-0.015171017497777939,0.807087242603302,2.1274595260620117,4.18993616104126,5.342895984649658,4.7116312980651855,4.014317989349365,4.907865047454834,5.23855447769165,3.5844578742980957,3.2688560485839844,4.594534397125244,3.5875611305236816,4.5078229904174805,-4.019726276397705
19.000871658325195,12.910537719726562,5.315756320953369,0.3644496500492096,1.4224570989608765,5.975118160247803,6.033090114593506,3.4879350662231445,4.819070339202881,5.0504608154296875,5.9625773429870605,8.823891639709473,9.466629028320312,5.5971832275390625,-1.4517420530319214,-1.3987329006195068,-1.166887879371643,-1.712665319442749,-1.1216503381729126,0.403445303440094,1.3398414850234985,1.683928370475769,1.5600956678390503,2.441678047180176,2.4001967906951904,2.129664659500122,3.0772595405578613,1.1249321699142456,0.6410945057868958,1.318221092224121,2.7197976112365723,4.735844135284424,5.285830974578857,4.270636081695557,4.859892845153809,5.686318397521973,4.730230331420898,3.661210536956787,2.4199061393737793,3.2576704025268555,1.9838355779647827,-2.047780990600586,-10.348287582397461
