data/wind_data/wind_1_2.json
{"header": {"parameterUnit": "KT", "parameterCategory": 2, "nx": 256, "ny": 198, "lo1": 44.73521041870117, "la1": -3.236724853515625, "lo2": 111.26478576660156, "la2": 43.468475341796875, "dx": 0.2609002888202667, "dy": -0.23708222806453705, "refTime": "2025-02-19 01:00:00", "forecastTime": 0, "parameterNumber": 2, "parameterNumberName": "eastward_wind"}, "data":
[rows 0 to 18 of 198, columns 43 to 85 of 256]
-4.1128740310668945,-4.376204490661621,-4.6414361000061035,-4.297187328338623,-3.8851892948150635,-3.7190725803375244,-3.3819029331207275,-3.35347318649292,-3.5623278617858887,-3.5113275051116943,-3.716665744781494,-4.043646812438965,-4.2238054275512695,-4.281336307525635,-4.314610481262207,-4.279130935668945,-4.098147392272949,-4.2004218101501465,-4.086257457733154,-3.823464870452881,-3.7187814712524414,-3.7981178760528564,-3.7901949882507324,-4.0476555824279785,-4.19846248626709,-3.7429587841033936,-3.2946760654449463,-3.290689706802368,-3.2278993129730225,-3.1309478282928467,-3.4031434059143066,-3.541985273361206,-3.7119932174682617,-4.008194446563721,-3.89654541015625,-3.4986884593963623,-3.4189610481262207,-3.7825331687927246,-4.328815460205078,-4.406990051269531,-4.44877815246582,-4.361244201660156,-4.304131031036377
-4.665868759155273,-4.949870586395264,-5.039154529571533,-4.476874351501465,-4.159854888916016,-4.028226375579834,-3.775045871734619,-3.8974685668945312,-4.257004737854004,-4.265696048736572,-4.3117995262146,-4.566860675811768,-4.695766925811768,-4.67510461807251,-4.687349319458008,-4.604531764984131,-4.6126227378845215,-4.58418607711792,-4.582149028778076,-4.264416217803955,-4.110880374908447,-4.154322147369385,-4.166749477386475,-4.451818466186523,-4.523646831512451,-4.208125114440918,-3.9392778873443604,-3.9819953441619873,-3.9566733837127686,-3.757680892944336,-3.8450582027435303,-3.8446435928344727,-3.9294135570526123,-4.225611686706543,-4.246819019317627,-3.9275786876678467,-3.962822437286377,-4.47550106048584,-4.981713771820068,-5.000117301940918,-4.9541120529174805,-4.824902057647705,-4.795286178588867
-5.094438552856445,-5.1584672927856445,-5.3365888595581055,-4.696331977844238,-4.469902992248535,-4.476254940032959,-4.34052848815918,-4.4030561447143555,-4.8536458015441895,-4.847416877746582,-4.83801794052124,-4.889156818389893,-5.123468399047852,-5.138601779937744,-5.016110897064209,-4.9714789390563965,-4.948688507080078,-4.939596652984619,-4.9250168800354,-4.666259288787842,-4.353116989135742,-4.106875419616699,-4.219059467315674,-4.580075263977051,-4.714031219482422,-4.684124946594238,-4.667032241821289,-4.698787212371826,-4.594693183898926,-4.219515323638916,-4.375048637390137,-4.494911193847656,-4.544651985168457,-4.757091522216797,-4.734211444854736,-4.604728698730469,-4.831200122833252,-5.1766438484191895,-5.333147048950195,-5.353346824645996,-5.26596736907959,-5.006674766540527,-4.985102653503418
-5.393257141113281,-5.384172439575195,-5.5497145652771,-5.006342887878418,-4.8258442878723145,-4.922719478607178,-4.901484966278076,-5.073324680328369,-5.455039024353027,-5.423262119293213,-5.3339667320251465,-5.367156505584717,-5.649097919464111,-5.763525009155273,-5.682632923126221,-5.631197929382324,-5.440476417541504,-5.159024715423584,-5.045270919799805,-4.848682403564453,-4.508623123168945,-4.176196098327637,-4.263853073120117,-4.732121467590332,-5.088308811187744,-5.501422882080078,-5.436527729034424,-5.445359706878662,-5.247701644897461,-5.021254539489746,-5.217626094818115,-5.200985908508301,-5.209855556488037,-5.2425713539123535,-4.967213153839111,-5.120614051818848,-5.412964820861816,-5.392795085906982,-5.429073810577393,-5.610421180725098,-5.447354316711426,-5.008423805236816,-5.040925025939941
-5.497077941894531,-5.504312038421631,-5.73851203918457,-5.157390117645264,-5.193685531616211,-5.352959632873535,-5.620378017425537,-5.951866626739502,-6.076621055603027,-5.9233717918396,-5.800246715545654,-5.851515293121338,-6.201873779296875,-6.2974348068237305,-6.129270553588867,-6.083719253540039,-5.797463893890381,-5.328274250030518,-4.9790730476379395,-4.657249927520752,-4.665590763092041,-4.505306720733643,-4.833178997039795,-5.338191986083984,-5.681150436401367,-6.099192142486572,-6.06150484085083,-5.803540229797363,-6.009947776794434,-5.632323741912842,-5.35191535949707,-5.412662506103516,-5.380855560302734,-5.158621788024902,-4.699355602264404,-5.008458137512207,-5.349729061126709,-5.028393268585205,-5.069151878356934,-5.552835464477539,-5.4007415771484375,-5.110025405883789,-5.387004852294922
-5.575786113739014,-5.706601142883301,-5.793277740478516,-5.5062336921691895,-5.707499980926514,-6.2376203536987305,-6.522281646728516,-6.65887975692749,-6.406932353973389,-6.0666303634643555,-5.963684558868408,-6.172571659088135,-6.588258266448975,-6.663527488708496,-6.6166534423828125,-6.615164279937744,-6.357090950012207,-5.760507583618164,-5.16055965423584,-4.750796794891357,-4.817591667175293,-5.082586765289307,-6.342660427093506,-5.953988552093506,-5.716180801391602,-6.438564300537109,-6.920888900756836,-6.539920330047607,-7.022836208343506,-6.866408824920654,-6.339398384094238,-6.632536888122559,-6.872072219848633,-6.288431167602539,-5.285749435424805,-5.387734889984131,-5.722403526306152,-5.467642307281494,-5.309295177459717,-5.710458755493164,-5.582098960876465,-5.517118453979492,-5.741169452667236
-6.031450271606445,-6.3559722900390625,-5.946361541748047,-6.06130838394165,-6.516047954559326,-7.254981517791748,-7.499613285064697,-7.404304504394531,-6.900837421417236,-6.448525428771973,-6.30510139465332,-6.557440757751465,-6.834475994110107,-6.901732921600342,-7.1769328117370605,-7.3617072105407715,-7.092928886413574,-6.124182224273682,-5.688351154327393,-5.561060428619385,-5.2610578536987305,-5.8619489669799805,-6.925182342529297,-7.233539581298828,-7.180596828460693,-7.509059906005859,-8.03469467163086,-7.780684947967529,-7.756209850311279,-7.882569313049316,-7.259490966796875,-7.664877891540527,-8.117178916931152,-7.823873043060303,-7.050225734710693,-6.343608379364014,-5.711501121520996,-5.580048561096191,-5.697202205657959,-5.71748685836792,-5.970891952514648,-6.2198920249938965,-6.2588653564453125
-6.093822002410889,-6.867453098297119,-6.6894755363464355,-6.714032173156738,-7.154271125793457,-7.88411808013916,-8.141385078430176,-8.024456024169922,-7.682417869567871,-7.282676696777344,-6.998183250427246,-6.981121063232422,-7.22204065322876,-7.180527687072754,-7.240060329437256,-7.754669666290283,-7.824103832244873,-7.186612129211426,-6.847573280334473,-5.952524662017822,-5.535337448120117,-6.96296501159668,-7.218385696411133,-7.825550556182861,-8.380125999450684,-8.33181095123291,-8.365957260131836,-8.444480895996094,-8.317416191101074,-8.671133041381836,-8.4810791015625,-8.787102699279785,-8.864253997802734,-8.53150463104248,-7.857911109924316,-7.005990982055664,-6.153643608093262,-5.757589340209961,-5.897601127624512,-5.931779384613037,-6.3831915855407715,-6.6996355056762695,-6.5782036781311035
-5.952404499053955,-6.380059242248535,-6.646330833435059,-6.852146148681641,-7.521289348602295,-8.05605697631836,-8.276211738586426,-8.573424339294434,-8.409348487854004,-7.929479598999023,-7.731795787811279,-7.6460347175598145,-7.671620845794678,-7.645778656005859,-7.6408867835998535,-8.046137809753418,-8.461565017700195,-8.290237426757812,-7.478637218475342,-6.270775318145752,-6.155231952667236,-7.517058372497559,-8.321282386779785,-8.41670036315918,-8.295309066772461,-7.84620475769043,-7.949416160583496,-8.306562423706055,-8.49007511138916,-8.910572052001953,-9.165299415588379,-9.110208511352539,-8.836583137512207,-8.575870513916016,-8.03278636932373,-7.193991661071777,-6.480258464813232,-6.1827311515808105,-6.109645366668701,-6.166866779327393,-6.589737892150879,-6.901686191558838,-6.844057083129883
-5.894939422607422,-5.556288242340088,-5.980976104736328,-6.265207767486572,-7.430835723876953,-8.496308326721191,-8.684272766113281,-8.786434173583984,-8.730819702148438,-8.45474910736084,-8.501296997070312,-8.565357208251953,-8.482399940490723,-8.5852689743042,-8.559231758117676,-8.523786544799805,-8.614665031433105,-8.594313621520996,-8.19991683959961,-8.003532409667969,-8.157419204711914,-8.891956329345703,-9.858420372009277,-9.318249702453613,-7.860690116882324,-6.5157599449157715,-6.815464973449707,-7.947299957275391,-8.53185749053955,-8.452199935913086,-8.318522453308105,-8.424250602722168,-8.33023738861084,-8.255636215209961,-7.9342122077941895,-7.692113876342773,-7.523756980895996,-6.925365924835205,-6.194878578186035,-5.988996505737305,-6.7316813468933105,-7.421859264373779,-7.427379608154297
-5.90401029586792,-5.625669479370117,-5.366727352142334,-6.079061031341553,-8.133132934570312,-9.020000457763672,-9.203722953796387,-9.05449390411377,-9.012642860412598,-9.097854614257812,-9.131367683410645,-9.283151626586914,-9.084929466247559,-8.797162055969238,-8.847918510437012,-8.873875617980957,-8.75197982788086,-8.646227836608887,-8.477628707885742,-9.662210464477539,-11.328577995300293,-11.210075378417969,-10.484682083129883,-10.143020629882812,-8.495851516723633,-6.205323696136475,-6.1102213859558105,-7.836122512817383,-8.98978328704834,-8.805554389953613,-8.229424476623535,-8.222042083740234,-7.9903035163879395,-7.552746772766113,-7.540754318237305,-7.851794719696045,-7.642889022827148,-6.8574299812316895,-6.289665222167969,-6.247579574584961,-7.110907554626465,-7.784890651702881,-7.62973690032959
-6.96579122543335,-7.257963180541992,-6.272817611694336,-6.76774263381958,-8.34363079071045,-8.93242073059082,-9.71337604522705,-9.569731712341309,-9.169483184814453,-9.338968276977539,-9.363759994506836,-9.165103912353516,-9.454694747924805,-8.903687477111816,-8.700955390930176,-9.133478164672852,-9.46260929107666,-9.40461254119873,-8.964555740356445,-9.267777442932129,-10.25826644897461,-10.15593147277832,-9.666727066040039,-10.191391944885254,-9.20033073425293,-7.242889881134033,-6.741302490234375,-8.166691780090332,-9.653674125671387,-9.61950397491455,-9.026884078979492,-8.803470611572266,-8.337536811828613,-7.717545032501221,-7.840088844299316,-8.077645301818848,-7.599669456481934,-7.068214416503906,-6.8991289138793945,-6.956303119659424,-7.028958320617676,-7.097542762756348,-7.359732151031494
-7.909314155578613,-8.662873268127441,-7.420486927032471,-6.996719837188721,-7.899803161621094,-9.387036323547363,-10.417830467224121,-10.16004753112793,-9.937129020690918,-9.500399589538574,-9.306478500366211,-9.166685104370117,-9.861946105957031,-9.689375877380371,-8.855291366577148,-8.689836502075195,-9.052755355834961,-9.339042663574219,-8.778193473815918,-7.991082191467285,-8.060075759887695,-8.192668914794922,-7.389338970184326,-7.895631313323975,-8.051934242248535,-7.576531887054443,-7.651112079620361,-8.585274696350098,-9.643823623657227,-9.711814880371094,-9.9210786819458,-9.786097526550293,-9.234379768371582,-8.879752159118652,-9.172684669494629,-9.114371299743652,-8.28536319732666,-7.582780838012695,-7.646609783172607,-7.727419853210449,-7.3241472244262695,-6.877716064453125,-7.241151809692383
-8.37728500366211,-9.16628646850586,-8.371789932250977,-7.689633369445801,-8.355870246887207,-9.991755485534668,-10.740464210510254,-10.569354057312012,-10.940704345703125,-10.512453079223633,-9.793919563293457,-9.490856170654297,-10.17371940612793,-10.289546966552734,-9.19985580444336,-8.312276840209961,-8.337597846984863,-8.45897388458252,-8.472179412841797,-8.10193157196045,-7.8548264503479,-7.872371673583984,-6.77004861831665,-6.608044147491455,-7.236412525177002,-7.91363525390625,-8.734230995178223,-9.431291580200195,-9.431575775146484,-9.50004768371582,-9.962202072143555,-10.418628692626953,-10.172069549560547,-9.62864875793457,-9.905755043029785,-9.613570213317871,-8.823944091796875,-8.111827850341797,-8.214613914489746,-8.268798828125,-7.989835262298584,-7.9883809089660645,-7.462064743041992
-9.353201866149902,-10.003357887268066,-9.285537719726562,-8.731281280517578,-9.310469627380371,-10.378018379211426,-10.792329788208008,-10.371758460998535,-10.422504425048828,-11.003327369689941,-10.827367782592773,-10.086139678955078,-10.515810012817383,-10.55514907836914,-9.483431816101074,-8.86936092376709,-8.495793342590332,-8.339266777038574,-8.688861846923828,-9.053364753723145,-9.083612442016602,-8.900511741638184,-8.18088436126709,-7.5998921394348145,-8.810595512390137,-9.611299514770508,-9.90271282196045,-10.243071556091309,-9.842209815979004,-9.934017181396484,-9.335060119628906,-9.382814407348633,-9.973085403442383,-9.782164573669434,-9.829648971557617,-9.588313102722168,-8.942018508911133,-8.41105842590332,-8.288558006286621,-8.237592697143555,-8.405884742736816,-8.585590362548828,-7.996438503265381
-9.813647270202637,-9.58285140991211,-9.175385475158691,-9.116628646850586,-10.084702491760254,-10.876336097717285,-11.265368461608887,-11.236069679260254,-10.721040725708008,-11.094773292541504,-11.190038681030273,-10.433130264282227,-10.583075523376465,-10.785604476928711,-10.182149887084961,-9.44758129119873,-8.844606399536133,-8.656752586364746,-8.564985275268555,-9.068083763122559,-9.978632926940918,-9.331536293029785,-9.18580150604248,-9.093790054321289,-9.568559646606445,-10.013160705566406,-11.42894458770752,-11.171001434326172,-9.461240768432617,-9.416391372680664,-9.60197925567627,-8.995243072509766,-9.277198791503906,-9.493505477905273,-9.572504997253418,-9.341755867004395,-9.037273406982422,-8.427188873291016,-7.954986095428467,-8.67011833190918,-8.796292304992676,-8.567553520202637,-8.63123607635498
-9.390061378479004,-8.814238548278809,-8.572304725646973,-9.338479042053223,-10.616701126098633,-11.717472076416016,-12.169172286987305,-12.023089408874512,-11.412175178527832,-11.173171043395996,-11.03642749786377,-10.506762504577637,-10.384035110473633,-10.838579177856445,-10.673330307006836,-9.578728675842285,-9.065620422363281,-9.115554809570312,-9.28158187866211,-9.71632194519043,-10.0040283203125,-9.422249794006348,-9.801796913146973,-10.8241605758667,-10.958786010742188,-10.393763542175293,-11.069330215454102,-10.612019538879395,-9.835394859313965,-9.466127395629883,-9.120662689208984,-8.591987609863281,-8.559282302856445,-9.26205062866211,-9.462881088256836,-9.5690279006958,-9.514120101928711,-8.68542194366455,-8.092523574829102,-8.984577178955078,-9.109540939331055,-9.266514778137207,-10.39702320098877
-9.211285591125488,-9.471261978149414,-9.334990501403809,-9.714967727661133,-10.89643383026123,-11.985456466674805,-12.280184745788574,-12.166709899902344,-11.897883415222168,-11.48298454284668,-11.1503267288208,-10.89399528503418,-10.6595458984375,-10.58042049407959,-10.724190711975098,-10.776759147644043,-9.939884185791016,-9.703232765197754,-9.741653442382812,-9.475192070007324,-9.323160171508789,-9.746363639831543,-10.972159385681152,-11.004706382751465,-10.979573249816895,-10.716273307800293,-10.382594108581543,-10.14901065826416,-10.15106201171875,-10.011747360229492,-9.308049201965332,-8.978918075561523,-8.361845970153809,-8.989166259765625,-9.617353439331055,-10.208769798278809,-10.590330123901367,-9.978687286376953,-8.969550132751465,-9.266581535339355,-9.594889640808105,-10.39690113067627,-11.731291770935059
-10.140716552734375,-10.408485412597656,-10.36880874633789,-10.626044273376465,-11.907901763916016,-12.205029487609863,-12.328598976135254,-12.093558311462402,-12.146450996398926,-11.8525972366333,-11.549393653869629,-11.229248046875,-11.284445762634277,-10.769635200500488,-10.560280799865723,-10.641846656799316,-10.59378433227539,-11.006180763244629,-11.057872772216797,-10.949052810668945,-10.289114952087402,-10.519637107849121,-11.597493171691895,-11.157221794128418,-11.120369911193848,-10.752851486206055,-10.701881408691406,-10.853837966918945,-10.629401206970215,-10.71500301361084,-10.546768188476562,-9.824793815612793,-8.416051864624023,-8.834918975830078,-9.881635665893555,-10.038323402404785,-10.113374710083008,-10.521025657653809,-9.826969146728516,-9.482858657836914,-10.20720386505127,-11.189149856567383,-11.72889232635498
