data/wind_data/wind_71_8.json
{"header": {"parameterUnit": "KT", "parameterCategory": 2, "nx": 256, "ny": 198, "lo1": 44.73521041870117, "la1": -3.236724853515625, "lo2": 111.26478576660156, "la2": 43.468475341796875, "dx": 0.2609002888202667, "dy": -0.23708222806453705, "refTime": "2025-02-21 23:00:00", "forecastTime": 0, "parameterNumber": 2, "parameterNumberName": "eastward_wind"}, "data":
[rows 57 to 75 of 198, columns 44 to 87 of 256]
0.2719498574733734,0.3639809191226959,0.24942533671855927,-0.04339125007390976,-0.29070138931274414,-0.45437365770339966,-0.5682209134101868,-0.48108771443367004,-0.17264920473098755,0.19438518583774567,0.2644365727901459,0.14608384668827057,-0.1558632105588913,-0.7838572859764099,-1.4964733123779297,-1.9482921361923218,-1.9646012783050537,-1.8027639389038086,-1.7403079271316528,-1.7702425718307495,-1.5528602600097656,-1.0112899541854858,-0.4517543315887451,-0.09913841634988785,0.029280291870236397,0.030010605230927467,0.005868543870747089,-0.02277495339512825,-0.06923119723796844,-0.1575109362602234,-0.273047536611557,-0.3811064660549164,-0.5380316376686096,-0.7557312846183777,-1.1079038381576538,-1.7419726848602295,-2.643763542175293,-3.5927629470825195,-4.360193252563477,-4.83918571472168,-5.058504581451416,-5.116223335266113,-5.172567844390869,-5.381503105163574
1.0143160820007324,0.8717396855354309,0.8519009351730347,0.6923442482948303,0.38921448588371277,0.24498844146728516,0.3365022838115692,0.48152396082878113,0.7185572981834412,1.0858134031295776,1.2469631433486938,1.0640336275100708,0.7745667695999146,0.47485587000846863,0.07916542142629623,-0.38940533995628357,-0.7083133459091187,-0.8020103573799133,-0.8706904649734497,-1.0502313375473022,-1.054133653640747,-0.653826892375946,-0.06264758855104446,0.4040656089782715,0.6712969541549683,0.7810259461402893,0.7751211524009705,0.7007449269294739,0.6258235573768616,0.5754190683364868,0.5456746816635132,0.49405035376548767,0.442902535200119,0.4148937463760376,0.3442932069301605,0.021532481536269188,-0.6539050340652466,-1.592557430267334,-2.5775222778320312,-3.3893847465515137,-3.8779358863830566,-4.066772937774658,-4.172499179840088,-4.466900825500488
1.707896113395691,1.2565747499465942,0.9934607148170471,0.9222114682197571,0.8875641822814941,0.8571509718894958,0.9280496835708618,1.0992265939712524,1.3478076457977295,1.707313060760498,2.1123125553131104,2.2054810523986816,1.8741247653961182,1.459020972251892,1.2305104732513428,1.1719938516616821,1.0614451169967651,0.8038174510002136,0.5165528059005737,0.26568320393562317,0.15389226377010345,0.3135237693786621,0.6880303621292114,1.1035856008529663,1.4026492834091187,1.5343371629714966,1.5151275396347046,1.42349374294281,1.321587085723877,1.2688100337982178,1.2988135814666748,1.3861157894134521,1.478474497795105,1.5815691947937012,1.6375007629394531,1.5260841846466064,1.0927869081497192,0.2696889638900757,-0.7919955849647522,-1.8184798955917358,-2.546205759048462,-2.853565216064453,-2.9371609687805176,-3.158958911895752
2.2248263359069824,1.710209608078003,1.2873375415802002,1.0795910358428955,1.1790574789047241,1.3898837566375732,1.512231707572937,1.6149293184280396,1.7661058902740479,2.0625789165496826,2.5447542667388916,3.0586936473846436,3.178440570831299,2.8076744079589844,2.370718240737915,2.255295515060425,2.419760227203369,2.489312171936035,2.276930809020996,1.988754391670227,1.8546295166015625,1.8929435014724731,2.0342321395874023,2.2403368949890137,2.430673837661743,2.525226354598999,2.4473330974578857,2.27394437789917,2.110945224761963,2.0246737003326416,2.056668281555176,2.217667818069458,2.4503109455108643,2.696305513381958,2.8841559886932373,2.9440128803253174,2.687788486480713,1.9533045291900635,0.8096070289611816,-0.4088325798511505,-1.3209114074707031,-1.7422975301742554,-1.7916289567947388,-1.8044061660766602
2.503202199935913,2.049199342727661,1.6944316625595093,1.476789116859436,1.547296166419983,1.8234961032867432,2.043948173522949,2.171659469604492,2.2771501541137695,2.483079671859741,2.862191915512085,3.3986995220184326,3.921947479248047,4.08443021774292,3.838625192642212,3.554915428161621,3.5312585830688477,3.7191600799560547,3.833606004714966,3.7398836612701416,3.611370801925659,3.624368190765381,3.7023675441741943,3.7306644916534424,3.7467710971832275,3.764503240585327,3.6544790267944336,3.3639769554138184,3.0232319831848145,2.7990989685058594,2.788839101791382,2.9749677181243896,3.2512266635894775,3.560441493988037,3.9071786403656006,4.215418338775635,4.237850666046143,3.6776998043060303,2.4876089096069336,0.9611212015151978,-0.33193469047546387,-0.9872347712516785,-1.001407504081726,-0.7405401468276978
2.550041437149048,2.192124366760254,2.0268683433532715,1.9779949188232422,2.032691478729248,2.215299606323242,2.4406535625457764,2.636725902557373,2.8203766345977783,3.0297250747680664,3.349515676498413,3.763421058654785,4.246322154998779,4.7423095703125,4.9947967529296875,4.927608489990234,4.802145957946777,4.855985164642334,5.0782976150512695,5.264613628387451,5.277611255645752,5.247293472290039,5.26680850982666,5.257195472717285,5.179561138153076,5.085978031158447,4.935967922210693,4.6304402351379395,4.19252872467041,3.768033504486084,3.557769536972046,3.607971668243408,3.786553382873535,4.073631763458252,4.518255233764648,5.062095642089844,5.427494525909424,5.269526958465576,4.407990455627441,2.8967738151550293,1.1633179187774658,-0.14043164253234863,-0.6611989736557007,-0.45309653878211975
2.4985084533691406,2.2541582584381104,2.317291498184204,2.48681640625,2.592132091522217,2.640671968460083,2.7466280460357666,2.9422707557678223,3.212611675262451,3.54388427734375,3.8981196880340576,4.26797342300415,4.667089939117432,5.124762058258057,5.614099025726318,5.944965839385986,6.0362935066223145,6.0438385009765625,6.183592796325684,6.4551520347595215,6.67430305480957,6.739410877227783,6.721670627593994,6.703449726104736,6.633789539337158,6.458127498626709,6.180212497711182,5.837402820587158,5.452452659606934,5.052735805511475,4.711155414581299,4.495732307434082,4.432243347167969,4.541182041168213,4.910306453704834,5.513601779937744,6.084297180175781,6.293787956237793,5.959073066711426,4.999795436859131,3.439901828765869,1.7269988059997559,0.40159881114959717,-0.22920508682727814
2.7602877616882324,2.478888988494873,2.736475944519043,3.0489590167999268,3.22420334815979,3.2495474815368652,3.239600896835327,3.2793846130371094,3.432945728302002,3.8196349143981934,4.357287883758545,4.814563751220703,5.217325210571289,5.657283782958984,6.111155986785889,6.56171989440918,6.969023704528809,7.238717079162598,7.401742935180664,7.5694966316223145,7.756356239318848,7.890059471130371,7.973588466644287,8.051000595092773,8.082098960876465,7.9583516120910645,7.6031975746154785,7.118072032928467,6.666665554046631,6.341840744018555,6.076527118682861,5.816099166870117,5.619486331939697,5.572692394256592,5.749596118927002,6.183565616607666,6.716970443725586,7.036468982696533,6.920581340789795,6.377185821533203,5.399294376373291,4.000912666320801,2.465780735015869,1.1394824981689453
3.6935582160949707,3.148965835571289,3.3988614082336426,3.7628836631774902,3.973935604095459,4.062994956970215,4.052104949951172,3.9748971462249756,3.9329941272735596,4.101932525634766,4.575245380401611,5.17537784576416,5.741273403167725,6.307049751281738,6.833415508270264,7.270505428314209,7.692416667938232,8.151552200317383,8.563043594360352,8.837681770324707,8.95634651184082,8.963603973388672,8.991125106811523,9.139701843261719,9.350265502929688,9.425896644592285,9.224128723144531,8.781020164489746,8.245555877685547,7.76539945602417,7.400030136108398,7.130699634552002,6.9596638679504395,6.931746482849121,7.073291301727295,7.400369644165039,7.8527140617370605,8.167555809020996,8.01607894897461,7.41264009475708,6.625057697296143,5.692257881164551,4.512217998504639,3.1702358722686768
5.010598659515381,4.295279026031494,4.323009490966797,4.676012992858887,4.909627437591553,4.981367588043213,5.004746913909912,4.970531463623047,4.884119987487793,4.877941131591797,5.068559169769287,5.503476142883301,6.134549617767334,6.8684611320495605,7.581282138824463,8.1437406539917,8.54204273223877,8.93769359588623,9.416420936584473,9.882662773132324,10.163409233093262,10.183692932128906,10.086832046508789,10.100510597229004,10.331713676452637,10.630698204040527,10.773497581481934,10.651143074035645,10.284442901611328,9.780375480651855,9.248130798339844,8.779824256896973,8.43312931060791,8.244659423828125,8.277510643005371,8.563507080078125,9.064518928527832,9.525217056274414,9.518110275268555,8.854755401611328,7.874335765838623,6.954794406890869,6.055807590484619,4.99531364440918
6.217754364013672,5.5836100578308105,5.420654773712158,5.67361307144165,5.93155574798584,6.025373458862305,6.092488765716553,6.149637222290039,6.125229835510254,6.0515851974487305,6.074419021606445,6.340934753417969,6.83624792098999,7.476325988769531,8.171353340148926,8.83358383178711,9.367730140686035,9.756428718566895,10.096983909606934,10.521050453186035,10.962542533874512,11.251218795776367,11.314568519592285,11.276061058044434,11.377164840698242,11.655136108398438,11.968825340270996,12.162704467773438,12.122672080993652,11.83714485168457,11.391011238098145,10.890434265136719,10.418170928955078,10.008158683776855,9.714611053466797,9.652073860168457,9.933084487915039,10.43282699584961,10.738801956176758,10.420524597167969,9.506032943725586,8.419832229614258,7.412542343139648,6.419484615325928
7.2813239097595215,6.861931324005127,6.64279317855835,6.690425872802734,6.855912208557129,7.02928352355957,7.209859371185303,7.421609878540039,7.594170570373535,7.597399711608887,7.488011837005615,7.5623602867126465,7.9536213874816895,8.468233108520508,8.949607849121094,9.427645683288574,9.95252513885498,10.448309898376465,10.806782722473145,11.073047637939453,11.387526512145996,11.784469604492188,12.158285140991211,12.376510620117188,12.507425308227539,12.700468063354492,12.995075225830078,13.272102355957031,13.387690544128418,13.2865571975708,13.016823768615723,12.679474830627441,12.305139541625977,11.897909164428711,11.519917488098145,11.2035551071167,11.07066822052002,11.18557357788086,11.41804027557373,11.40929126739502,10.884081840515137,9.939038276672363,8.834877967834473,7.705857753753662
8.289021492004395,8.15694522857666,7.9854230880737305,7.82743501663208,7.804040908813477,8.025907516479492,8.375341415405273,8.74100112915039,9.0850830078125,9.29257583618164,9.281089782714844,9.178030967712402,9.235905647277832,9.539763450622559,9.938469886779785,10.27707576751709,10.607789039611816,11.016575813293457,11.45067310333252,11.770830154418945,11.953765869140625,12.15011215209961,12.490998268127441,12.924822807312012,13.297797203063965,13.57263469696045,13.849540710449219,14.139554023742676,14.325370788574219,14.31667709350586,14.125977516174316,13.860610961914062,13.578742980957031,13.284710884094238,13.004873275756836,12.74982738494873,12.517491340637207,12.3112154006958,12.167157173156738,12.036368370056152,11.67738151550293,10.944911003112793,9.928019523620605,8.788415908813477
9.202747344970703,9.462849617004395,9.416933059692383,9.101881980895996,8.828862190246582,8.941417694091797,9.376106262207031,9.91171646118164,10.411418914794922,10.77881145477295,11.001991271972656,11.057063102722168,10.9406099319458,10.835769653320312,10.95236873626709,11.222383499145508,11.486942291259766,11.75676441192627,12.100356101989746,12.507288932800293,12.84538745880127,13.01294994354248,13.092039108276367,13.276982307434082,13.636387825012207,14.0176362991333,14.33450698852539,14.631331443786621,14.928302764892578,15.136445045471191,15.134571075439453,14.916784286499023,14.580161094665527,14.216050148010254,13.916520118713379,13.744508743286133,13.649455070495605,13.485838890075684,13.178656578063965,12.775553703308105,12.280661582946777,11.540907859802246,10.53164005279541,9.43025016784668
10.010292053222656,10.716890335083008,10.912016868591309,10.52495002746582,9.992015838623047,9.805106163024902,10.059405326843262,10.613143920898438,11.244562149047852,11.77682876586914,12.22268295288086,12.554240226745605,12.653481483459473,12.519105911254883,12.382614135742188,12.422161102294922,12.597078323364258,12.7907133102417,13.003194808959961,13.346416473388672,13.816102981567383,14.207021713256836,14.321771621704102,14.218843460083008,14.170236587524414,14.323047637939453,14.563608169555664,14.802996635437012,15.12134838104248,15.548776626586914,15.923428535461426,16.033199310302734,15.798726081848145,15.31811809539795,14.814811706542969,14.476004600524902,14.325400352478027,14.22518539428711,14.007292747497559,13.58309555053711,12.952143669128418,12.108199119567871,11.04804515838623,9.92088794708252
10.606063842773438,11.656530380249023,12.11790657043457,11.793656349182129,11.138647079467773,10.682866096496582,10.6115140914917,10.961181640625,11.632927894592285,12.42275333404541,13.125483512878418,13.613707542419434,13.873485565185547,13.962900161743164,13.96882438659668,13.99787712097168,14.113309860229492,14.254925727844238,14.355560302734375,14.533934593200684,14.912567138671875,15.358428001403809,15.607253074645996,15.526402473449707,15.240781784057617,15.000272750854492,14.9387845993042,15.022687911987305,15.255426406860352,15.698339462280273,16.300432205200195,16.827167510986328,17.009305953979492,16.73845863342285,16.155975341796875,15.564325332641602,15.128182411193848,14.819916725158691,14.552640914916992,14.230847358703613,13.695895195007324,12.869490623474121,11.806021690368652,10.673274040222168
10.652946472167969,11.689566612243652,12.260948181152344,12.173897743225098,11.75173568725586,11.328798294067383,11.113865852355957,11.271649360656738,11.904271125793457,12.943916320800781,14.046165466308594,14.751863479614258,14.98440933227539,15.090302467346191,15.2896728515625,15.53676700592041,15.794010162353516,16.03057098388672,16.168521881103516,16.272531509399414,16.484357833862305,16.743804931640625,16.811594009399414,16.605411529541016,16.26577377319336,15.91019058227539,15.617204666137695,15.474813461303711,15.561909675598145,15.922881126403809,16.53452491760254,17.240726470947266,17.775625228881836,17.90941619873047,17.57428550720215,16.93537712097168,16.270599365234375,15.708468437194824,15.263229370117188,14.902390480041504,14.50920295715332,13.895469665527344,12.968932151794434,11.846853256225586
10.310490608215332,10.774532318115234,11.113543510437012,11.257917404174805,11.38149642944336,11.511631965637207,11.646617889404297,11.934823989868164,12.544013977050781,13.583328247070312,14.894339561462402,15.959453582763672,16.38146209716797,16.437898635864258,16.60515785217285,16.93027114868164,17.304197311401367,17.651636123657227,17.944318771362305,18.240903854370117,18.552061080932617,18.671016693115234,18.397396087646484,17.76112174987793,17.016572952270508,16.47298240661621,16.148880004882812,15.959047317504883,15.972527503967285,16.271282196044922,16.836149215698242,17.54496192932129,18.208892822265625,18.62005615234375,18.60533905029297,18.14513397216797,17.449827194213867,16.791879653930664,16.262107849121094,15.83143424987793,15.47930908203125,15.089569091796875,14.44235897064209,13.448883056640625
10.617894172668457,10.396440505981445,10.162806510925293,10.196913719177246,10.71817398071289,11.508402824401855,12.277142524719238,12.999410629272461,13.769161224365234,14.738421440124512,15.913240432739258,17.039358139038086,17.79981231689453,18.13386344909668,18.296728134155273,18.528051376342773,18.84000587463379,19.108274459838867,19.358062744140625,19.776525497436523,20.40138816833496,20.81389808654785,20.531551361083984,19.499126434326172,18.131839752197266,16.94624137878418,16.2470760345459,16.02161979675293,16.156461715698242,16.569927215576172,17.183534622192383,17.877246856689453,18.536325454711914,19.056062698364258,19.283008575439453,19.080747604370117,18.510038375854492,17.84418487548828,17.30183219909668,16.87898826599121,16.51549530029297,16.210418701171875,15.864692687988281,15.203742980957031
