data/wind_data/wind_10_5.json
{"header": {"parameterUnit": "KT", "parameterCategory": 2, "nx": 256, "ny": 198, "lo1": 44.73521041870117, "la1": -3.236724853515625, "lo2": 111.26478576660156, "la2": 43.468475341796875, "dx": 0.2609002888202667, "dy": -0.23708222806453705, "refTime": "2025-02-19 10:00:00", "forecastTime": 0, "parameterNumber": 2, "parameterNumberName": "eastward_wind"}, "data":
[rows 100 to 119 of 198, columns 44 to 87 of 256]
38.22282028198242,38.16139602661133,37.9978141784668,37.731754302978516,37.286563873291016,36.859439849853516,36.79777908325195,37.21471405029297,37.8389892578125,38.0968017578125,37.7570915222168,38.23606872558594,39.70829391479492,39.04722213745117,36.60475540161133,35.06867218017578,35.287322998046875,35.5999870300293,35.35475540161133,34.7274284362793,34.08457565307617,33.72757339477539,33.775169372558594,34.19799041748047,34.8703498840332,35.51549530029297,35.8911247253418,35.9638557434082,35.93192672729492,36.06317901611328,36.35920333862305,36.60371017456055,36.66421890258789,36.61838150024414,36.51527404785156,36.32943344116211,36.20855712890625,36.343284606933594,36.6909294128418,37.103515625,37.36542510986328,37.42323684692383,37.23286437988281,37.102935791015625
39.21039962768555,38.9691276550293,38.68354797363281,38.335697174072266,37.7928466796875,37.3654670715332,37.4217643737793,37.80774688720703,37.85105514526367,37.204933166503906,37.06117630004883,38.73813247680664,40.34656524658203,37.27996826171875,34.757965087890625,34.65633773803711,35.1909065246582,35.18928527832031,34.73115158081055,34.2169303894043,33.8277587890625,33.63810348510742,33.82057189941406,34.46543884277344,35.32438659667969,35.983219146728516,36.24934005737305,36.28792190551758,36.4354248046875,36.93102264404297,37.66365051269531,38.23182678222656,38.23311233520508,37.70439147949219,37.05374526977539,36.61165237426758,36.55998992919922,36.89942932128906,37.46409225463867,38.072322845458984,38.6087532043457,38.94563293457031,38.80556869506836,38.410762786865234
40.17212677001953,39.96466827392578,40.08013916015625,40.26750564575195,40.106117248535156,40.057342529296875,40.0323600769043,39.04316329956055,37.80793380737305,36.7561149597168,37.84016418457031,39.62726593017578,37.75106430053711,36.46094512939453,36.17272186279297,36.03398513793945,35.72681427001953,35.02690505981445,34.28651428222656,33.86122131347656,33.821563720703125,34.135108947753906,34.76375961303711,35.598575592041016,36.40427780151367,36.91270446777344,37.02113723754883,36.94316864013672,37.07797622680664,37.585693359375,38.45307922363281,39.49527359008789,40.169105529785156,39.883148193359375,38.77263641357422,37.664180755615234,37.24652099609375,37.551239013671875,38.1149787902832,38.53843688964844,38.90739059448242,39.404693603515625,39.72636413574219,39.59347152709961
40.84929275512695,40.63872146606445,40.927406311035156,41.667259216308594,42.14040756225586,41.93737030029297,40.96889114379883,39.09346389770508,37.581871032714844,38.66604995727539,38.77898406982422,37.25077438354492,37.824745178222656,38.41537094116211,37.866371154785156,36.875282287597656,35.81431198120117,34.965911865234375,34.493743896484375,34.36822509765625,34.56964874267578,35.12373352050781,35.972171783447266,36.946495056152344,37.767887115478516,38.23155975341797,38.43870544433594,38.573429107666016,38.77009582519531,39.10306167602539,39.62187576293945,40.414493560791016,41.400665283203125,41.966800689697266,41.29562759399414,39.58021926879883,38.108970642089844,37.75410079956055,38.294193267822266,38.985328674316406,39.38204574584961,39.66002655029297,39.942569732666016,39.92292785644531
41.056209564208984,41.204345703125,41.12467956542969,41.285274505615234,41.924293518066406,40.45622634887695,38.065460205078125,37.98344421386719,39.15781021118164,39.123046875,38.687286376953125,38.742855072021484,38.676753997802734,38.4476318359375,38.03957748413086,37.1878776550293,36.19029998779297,35.49911880493164,35.236839294433594,35.30740737915039,35.678855895996094,36.32359313964844,37.1448860168457,38.05976867675781,38.957698822021484,39.600887298583984,40.035282135009766,40.53539276123047,41.05214309692383,41.27900314331055,41.271785736083984,41.47789764404297,42.05989074707031,42.696929931640625,42.822757720947266,41.8483772277832,40.09432601928711,38.960426330566406,39.17860412597656,40.189998626708984,41.105743408203125,41.27144241333008,40.721336364746094,40.09535598754883
40.80412673950195,41.101417541503906,40.98879623413086,40.6560173034668,39.23554229736328,38.2651481628418,39.37907028198242,39.68202590942383,39.18117141723633,38.97353744506836,39.26816940307617,39.608760833740234,39.70813751220703,39.505062103271484,38.80207443237305,37.724647521972656,36.739437103271484,36.170799255371094,36.0540657043457,36.275760650634766,36.720943450927734,37.303611755371094,37.9498291015625,38.715858459472656,39.6623420715332,40.62786865234375,41.448917388916016,42.16521453857422,42.843074798583984,43.22209930419922,43.01131820678711,42.52520751953125,42.26715850830078,42.3449592590332,42.66695785522461,42.92135238647461,42.63535690307617,42.07855224609375,42.03716278076172,42.783226013183594,43.87638854980469,44.086387634277344,42.86939239501953,41.3488883972168
40.53458023071289,41.08765411376953,40.383033752441406,38.263633728027344,38.101314544677734,39.580780029296875,39.763389587402344,39.28401184082031,39.059791564941406,39.176475524902344,39.52474594116211,39.869571685791016,39.943359375,39.578243255615234,38.82942199707031,37.97709274291992,37.30621337890625,36.914913177490234,36.84298324584961,37.0211296081543,37.322940826416016,37.72419357299805,38.279300689697266,39.027645111083984,39.97148513793945,41.0268669128418,42.0845832824707,43.03042221069336,43.76039505004883,44.18083953857422,44.12646484375,43.54496765136719,42.6757926940918,42.101646423339844,42.15163040161133,42.68930435180664,43.643680572509766,44.841983795166016,45.872779846191406,46.58144760131836,46.95999526977539,46.57274627685547,45.222145080566406,43.385807037353516
40.39131164550781,40.718238830566406,39.03254318237305,37.494544982910156,38.365966796875,39.04588317871094,38.91329574584961,38.593528747558594,38.568641662597656,38.952789306640625,39.553916931152344,40.020389556884766,40.1016731262207,39.811256408691406,39.33638000488281,38.79296112060547,38.15497970581055,37.46232986450195,36.95981979370117,36.79765701293945,36.97031784057617,37.48884582519531,38.28340148925781,39.127471923828125,39.9466438293457,40.857425689697266,41.894134521484375,42.89155578613281,43.638145446777344,44.027645111083984,44.030860900878906,43.65450668334961,42.97342300415039,42.40872573852539,42.61481857299805,43.6545295715332,45.12781524658203,46.6805419921875,47.94652557373047,48.61189270019531,48.63871383666992,47.99221420288086,46.7275276184082,45.085166931152344
40.39765167236328,39.97349548339844,38.25261688232422,37.26504898071289,37.73841094970703,38.02702713012695,37.80322265625,37.74224090576172,38.23392105102539,39.138938903808594,39.91059112548828,40.161739349365234,40.058475494384766,39.941471099853516,39.83735275268555,39.48445129394531,38.69607925415039,37.64306640625,36.77199172973633,36.4238395690918,36.6940803527832,37.50001525878906,38.43454360961914,39.13161849975586,39.65277862548828,40.32819747924805,41.2468376159668,42.19088363647461,42.953094482421875,43.42182159423828,43.450408935546875,42.98140335083008,42.51671600341797,42.66648483276367,43.692108154296875,45.373104095458984,46.91423797607422,47.67246627807617,47.89710998535156,48.126304626464844,48.31953048706055,48.02621841430664,47.27825164794922,46.387638092041016
40.508792877197266,39.34038543701172,37.66324996948242,36.73850631713867,36.769920349121094,36.824703216552734,36.784461975097656,37.21129608154297,38.324913024902344,39.59720993041992,40.25510025024414,40.217994689941406,40.04608154296875,40.10675811767578,40.13884353637695,39.75992202758789,38.93586730957031,37.96177291870117,37.26823425292969,37.15446472167969,37.63175582885742,38.45867156982422,39.22408676147461,39.73149108886719,40.135223388671875,40.67625427246094,41.33696746826172,41.98574447631836,42.58442306518555,42.9776725769043,42.91104507446289,42.376502990722656,41.98809051513672,42.35679244995117,43.473602294921875,44.90745162963867,45.952171325683594,46.2062873840332,46.22056579589844,46.637367248535156,47.283477783203125,47.62250900268555,47.56403350830078,47.36747360229492
39.31483459472656,37.855857849121094,36.54961013793945,35.850563049316406,35.649967193603516,35.66139221191406,36.183013916015625,37.419734954833984,38.960636138916016,40.03588104248047,40.33300018310547,40.32769012451172,40.50031661987305,40.639930725097656,40.259849548339844,39.43947219848633,38.72725296020508,38.36968994140625,38.236759185791016,38.28243637084961,38.65236282348633,39.381500244140625,40.21601104736328,40.910369873046875,41.48759841918945,42.028900146484375,42.492000579833984,42.866024017333984,43.09454345703125,43.027217864990234,42.67351531982422,42.40272521972656,42.57317352294922,43.12506103515625,43.76763153076172,44.30357360839844,44.61227798461914,44.73311996459961,45.00851821899414,45.66203689575195,46.414703369140625,46.965087890625,47.360633850097656,47.53280258178711
36.85011672973633,35.955448150634766,35.662498474121094,35.41050720214844,35.23228073120117,35.52186584472656,36.544761657714844,38.18611526489258,39.7359619140625,40.450923919677734,40.608158111572266,40.89213943481445,41.231773376464844,41.04623031616211,40.25679397583008,39.45588684082031,39.058860778808594,38.94476318359375,38.84005355834961,38.78847122192383,39.17702102661133,40.10248947143555,41.15403747558594,41.94590377807617,42.42006301879883,42.65634536743164,42.90882110595703,43.27274703979492,43.4703369140625,43.36669921875,43.2103271484375,43.3576545715332,43.86984634399414,44.454891204833984,44.85748291015625,44.99722671508789,44.81470489501953,44.37350082397461,44.051536560058594,44.351070404052734,45.2437744140625,46.25845718383789,46.974178314208984,46.997825622558594
35.0396842956543,34.99490737915039,35.55088424682617,35.414649963378906,35.322998046875,36.078617095947266,37.50408935546875,39.0985221862793,40.253875732421875,40.97756576538086,41.6623649597168,42.0756950378418,41.83055877685547,41.07665252685547,40.377830505371094,40.041358947753906,39.774532318115234,39.38574981689453,39.034358978271484,39.06234359741211,39.77995300292969,40.9461555480957,41.92417907714844,42.586612701416016,42.90021514892578,42.847476959228516,42.8726921081543,43.05183029174805,43.2476692199707,43.58757781982422,44.079715728759766,44.5032844543457,44.86237716674805,45.15557098388672,45.345252990722656,45.307071685791016,45.06556701660156,44.7518310546875,44.35807418823242,44.38718795776367,45.11603546142578,45.96458053588867,46.3491096496582,45.99086380004883
34.4321403503418,34.835689544677734,35.485633850097656,35.47078323364258,35.915096282958984,37.058837890625,38.52447509765625,39.80776596069336,40.793846130371094,42.250736236572266,43.3863639831543,42.94493865966797,41.73145294189453,40.88618469238281,40.585628509521484,40.444698333740234,40.144474029541016,39.79042434692383,39.584739685058594,39.88597869873047,40.78947448730469,41.84833908081055,42.69511795043945,43.13686752319336,43.19508743286133,43.29092788696289,43.30699920654297,42.99681854248047,43.34489059448242,44.62776565551758,45.54977035522461,45.58246612548828,45.3772087097168,45.35688400268555,45.65361785888672,45.99702072143555,46.089229583740234,45.960933685302734,45.695281982421875,45.51279830932617,45.775611877441406,46.150997161865234,45.915225982666016,45.294227600097656
35.533226013183594,35.59813690185547,35.61473083496094,35.93400192260742,36.882808685302734,38.07856750488281,39.47966766357422,40.614803314208984,42.1430549621582,44.59821319580078,44.824337005615234,42.74538040161133,41.19023513793945,40.88395309448242,40.98469924926758,41.0423698425293,41.09553909301758,41.00444030761719,40.88360595703125,41.21441650390625,42.12188720703125,43.0997200012207,43.68143081665039,43.864158630371094,43.7158088684082,43.43548583984375,43.39775085449219,43.749366760253906,44.7982063293457,46.443870544433594,47.49317169189453,47.397918701171875,46.79343032836914,46.041542053222656,45.791664123535156,46.324928283691406,47.30146026611328,47.362571716308594,46.4996223449707,47.077396392822266,47.751312255859375,47.06731033325195,45.85795593261719,45.229244232177734
36.8370361328125,36.504756927490234,36.39221954345703,36.93692398071289,37.971229553222656,39.270450592041016,40.43716812133789,41.93538284301758,45.30504608154297,46.91209411621094,44.847774505615234,42.476890563964844,41.50989532470703,41.63410186767578,42.11637878417969,42.64854431152344,43.04967498779297,43.00361251831055,42.730831146240234,42.81816864013672,43.472015380859375,44.320892333984375,44.813995361328125,44.86466979980469,44.54814529418945,44.171085357666016,44.40156555175781,45.426761627197266,46.8547248840332,48.38545608520508,49.368892669677734,49.240020751953125,48.48984909057617,47.62077713012695,47.12540054321289,47.39601516723633,48.314815521240234,48.80099868774414,47.49459457397461,47.299564361572266,49.40373611450195,49.5757942199707,47.835487365722656,46.08100128173828
37.67831802368164,37.607852935791016,37.554988861083984,37.91492462158203,39.00004959106445,40.715728759765625,42.35496139526367,45.96065139770508,48.946495056152344,47.79081726074219,44.96657180786133,43.01116943359375,42.514949798583984,43.139320373535156,44.16124725341797,45.04008102416992,45.48223114013672,45.47624969482422,45.242061614990234,45.03778076171875,45.2331428527832,45.71351623535156,46.05484390258789,46.279422760009766,46.2694206237793,46.04683303833008,46.32160949707031,47.48081588745117,48.908180236816406,49.89137268066406,50.421409606933594,50.63140106201172,50.41447830200195,49.859195709228516,49.207801818847656,48.853275299072266,49.276275634765625,49.811038970947266,49.38557052612305,49.66958999633789,51.2796516418457,51.47735595703125,49.90989303588867,47.233245849609375
38.66748046875,39.01852798461914,38.98837661743164,38.745723724365234,39.820926666259766,42.23779296875,46.20540237426758,50.392127990722656,50.73533630371094,48.16852569580078,45.60315704345703,44.656795501708984,45.12723922729492,46.102684020996094,47.17634201049805,48.09770202636719,48.51529312133789,48.53034210205078,48.40585708618164,48.22627639770508,48.34999084472656,48.61549377441406,48.61357879638672,48.66162872314453,48.84394836425781,48.90744400024414,49.0956916809082,49.7154426574707,50.50042724609375,51.005306243896484,51.597023010253906,52.62848663330078,53.25840759277344,52.647430419921875,51.49838638305664,50.499324798583984,50.46040725708008,51.32284927368164,51.82288360595703,52.68076705932617,53.79570388793945,53.26182556152344,50.8967399597168,47.04147720336914
39.968196868896484,40.35236740112305,40.10331726074219,39.62678527832031,40.67864990234375,44.085025787353516,49.40472412109375,52.311058044433594,50.81578063964844,48.7435188293457,47.4637565612793,47.51258087158203,48.09551239013672,48.5866584777832,49.26417922973633,50.1489372253418,50.786651611328125,51.2779655456543,51.740394592285156,51.98413848876953,52.295413970947266,52.432682037353516,52.048038482666016,51.83656311035156,52.00698471069336,52.31072235107422,52.626834869384766,52.672664642333984,52.55560302734375,52.84404373168945,53.857669830322266,55.30314254760742,56.019859313964844,55.237266540527344,53.78482437133789,52.49303436279297,52.29475402832031,53.07416534423828,53.95805740356445,55.070281982421875,56.08397674560547,54.86196517944336,52.17416763305664,46.75638198852539
40.66594696044922,40.96348571777344,40.79871368408203,40.780311584472656,42.13374328613281,45.62052536010742,49.91355895996094,51.2280158996582,50.131004333496094,49.34702682495117,48.64187240600586,48.32339859008789,48.41716384887695,48.68328094482422,49.23544692993164,50.09073257446289,51.06497573852539,52.276119232177734,53.702552795410156,54.723472595214844,55.11955261230469,55.050968170166016,54.65192413330078,54.319068908691406,54.28104019165039,54.74441909790039,55.281768798828125,55.318668365478516,55.33732986450195,55.838096618652344,56.654178619384766,57.36547088623047,57.52533721923828,56.89764404296875,55.793052673339844,54.6937141418457,54.327293395996094,54.65227508544922,55.38234329223633,56.44132995605469,57.1470832824707,55.597930908203125,53.347347259521484,47.74852752685547
