data/wind_data/wind_34_7.json
{"header": {"parameterUnit": "KT", "parameterCategory": 2, "nx": 256, "ny": 198, "lo1": 44.73521041870117, "la1": -3.236724853515625, "lo2": 111.26478576660156, "la2": 43.468475341796875, "dx": 0.2609002888202667, "dy": -0.23708222806453705, "refTime": "2025-02-20 10:00:00", "forecastTime": 0, "parameterNumber": 2, "parameterNumberName": "eastward_wind"}, "data":
[rows 120 to 139 of 198, columns 44 to 87 of 256]
86.48229217529297,85.55054473876953,85.60707092285156,86.23963165283203,87.13524627685547,87.53355407714844,86.74202728271484,86.10292053222656,86.78543090820312,87.07508087158203,86.56135559082031,86.94426727294922,88.0647201538086,88.9193115234375,88.97777557373047,89.11851501464844,89.53166961669922,90.17076873779297,90.1744613647461,89.05147552490234,87.65958404541016,87.1219711303711,86.76915740966797,85.83157348632812,84.90486145019531,84.4116439819336,84.11920928955078,83.97694396972656,84.05586242675781,84.57067108154297,85.84793090820312,87.59676361083984,89.240234375,90.62721252441406,91.63045501708984,92.15850830078125,92.55960083007812,92.9641342163086,92.97708129882812,92.5173110961914,91.29913330078125,89.83728790283203,90.69979858398438,93.89124298095703
85.18425750732422,83.91781616210938,83.85604858398438,84.63845825195312,85.56370544433594,85.86274719238281,85.04574584960938,84.03749084472656,83.7170639038086,83.82299041748047,84.37586975097656,85.57279205322266,86.93939971923828,87.92558288574219,88.58531188964844,89.24280548095703,89.86600494384766,90.2911376953125,90.24473571777344,89.12303924560547,87.62958526611328,87.02365112304688,86.6766128540039,86.07152557373047,85.81365966796875,85.49784851074219,84.67181396484375,84.02904510498047,84.09029388427734,84.87983703613281,86.42118072509766,88.15833282470703,89.51747131347656,90.59589385986328,91.40168762207031,91.90921783447266,92.47657775878906,93.17637634277344,93.38340759277344,92.90128326416016,91.89346313476562,90.69218444824219,91.0543212890625,93.74795532226562
84.40933990478516,82.92838287353516,82.56999206542969,83.26287078857422,83.98108673095703,83.7762222290039,82.80571746826172,82.00434875488281,81.83721923828125,82.27332305908203,83.12875366210938,84.3886489868164,85.62875366210938,86.87914276123047,88.01020050048828,89.35199737548828,90.2433853149414,90.49232482910156,90.13704681396484,88.8782730102539,87.33175659179688,86.47227478027344,86.05013275146484,86.11837768554688,86.52501678466797,86.0964584350586,84.97490692138672,84.25931549072266,84.35517883300781,85.24298858642578,86.76053619384766,88.29810333251953,89.38323974609375,90.21275329589844,90.90054321289062,91.55518341064453,92.41912841796875,93.34314727783203,93.65642547607422,93.15508270263672,92.4620361328125,91.91902923583984,92.3461685180664,94.46441650390625
83.37081909179688,82.15841674804688,81.88070678710938,82.1914291381836,82.33526611328125,81.89510345458984,81.4146728515625,81.33082580566406,81.33220672607422,81.32699584960938,81.84893035888672,83.0936279296875,84.84586334228516,86.52442932128906,88.05758666992188,89.59870910644531,90.51329040527344,90.46815490722656,89.81282806396484,88.46709442138672,87.0091552734375,86.19485473632812,85.93944549560547,86.20410919189453,86.45556640625,85.96337127685547,85.08013916015625,84.40989685058594,84.41522216796875,85.32201385498047,86.82264709472656,88.22233581542969,89.08452606201172,89.75826263427734,90.41900634765625,91.00042724609375,91.95015716552734,93.21392822265625,93.97217559814453,93.62027740478516,92.85746002197266,92.91400909423828,94.18697357177734,96.07906341552734
82.08509063720703,81.7925796508789,81.64533233642578,81.41778564453125,81.45203399658203,81.29634094238281,80.92634582519531,80.63394165039062,79.94319152832031,79.3917007446289,80.17636108398438,82.4038314819336,85.230712890625,87.55171203613281,88.8982925415039,89.6871566772461,90.12493896484375,89.92059326171875,89.07450103759766,87.46875,86.32968139648438,86.32818603515625,86.90637969970703,86.88981628417969,86.28334045410156,85.58319091796875,84.80560302734375,84.1015625,84.10191345214844,85.10858917236328,86.6668472290039,88.05194091796875,88.83061981201172,89.35794830322266,90.09134674072266,90.64733123779297,91.3162612915039,92.52584075927734,93.97759246826172,94.59566497802734,93.8180923461914,93.75545501708984,95.82759094238281,97.87974548339844
80.76497650146484,80.95661163330078,81.23532104492188,81.15612030029297,81.33875274658203,81.08840942382812,80.17192077636719,78.76789855957031,77.03514862060547,77.15019989013672,80.11849975585938,83.92139434814453,86.77325439453125,88.33934783935547,88.83296203613281,88.85879516601562,89.07211303710938,89.4906005859375,88.79290771484375,86.8428955078125,86.092529296875,86.95388793945312,87.59828186035156,87.1489028930664,86.25784301757812,85.37344360351562,84.40914154052734,83.61138916015625,83.63372802734375,84.66552734375,86.13687896728516,87.44799041748047,88.36579132080078,88.9677505493164,89.86927795410156,90.88742065429688,91.6312484741211,92.34913635253906,93.63265991210938,95.27461242675781,95.1951675415039,94.72892761230469,96.71480560302734,98.86139678955078
79.9309310913086,80.40713500976562,81.09388732910156,81.21644592285156,80.8559799194336,80.00557708740234,78.32501220703125,75.56967163085938,74.23899841308594,76.90839385986328,81.82356262207031,85.43741607666016,87.15029907226562,87.9268569946289,88.4730453491211,88.36991882324219,88.07211303710938,88.43869018554688,88.24810791015625,87.43551635742188,87.17658996582031,86.84807586669922,86.24766540527344,86.07661437988281,85.92886352539062,85.13778686523438,83.9337158203125,83.08982849121094,83.18315887451172,84.14128112792969,85.3668212890625,86.54644775390625,87.74738311767578,88.83370971679688,90.06809997558594,91.67973327636719,92.86286926269531,93.07683563232422,93.29370880126953,94.94652557373047,95.99653625488281,95.48751068115234,96.82962799072266,99.1308364868164
79.75908660888672,79.86060333251953,80.34720611572266,80.2694091796875,79.00823211669922,77.60247039794922,75.61519622802734,73.79409790039062,74.99137115478516,78.8275375366211,82.61066436767578,85.6058120727539,87.07290649414062,87.34610748291016,87.41799926757812,87.1462173461914,87.22171783447266,87.8892822265625,87.77339172363281,87.53461456298828,87.78629302978516,87.11827087402344,86.04488372802734,85.69771575927734,85.3636474609375,84.39813995361328,83.31770324707031,82.75186157226562,82.86331176757812,83.60603332519531,84.67965698242188,85.94783782958984,87.51844787597656,89.1460189819336,90.57472229003906,92.19676208496094,93.57685852050781,93.61502838134766,92.90247344970703,93.69400787353516,95.81936645507812,96.35722351074219,96.97343444824219,99.32596588134766
79.75963592529297,78.50041198730469,77.79914093017578,77.65560913085938,76.97341918945312,75.38115692138672,74.3333511352539,74.69935607910156,76.10015106201172,78.8868408203125,82.59130096435547,85.28666687011719,86.09004211425781,86.20215606689453,86.5167236328125,86.73194122314453,87.11277770996094,87.65518188476562,87.71565246582031,87.70266723632812,87.59020233154297,87.0536117553711,86.5753402709961,86.16948699951172,85.21554565429688,83.98955535888672,83.15826416015625,82.68860626220703,82.51500701904297,83.05353546142578,84.32232666015625,85.91170501708984,87.64276885986328,89.39107513427734,90.69628143310547,91.70633697509766,92.75054168701172,92.98446655273438,92.47073364257812,92.89838409423828,95.51506042480469,98.28619384765625,98.91600799560547,99.93621063232422
77.0593032836914,75.03494262695312,74.64163208007812,76.0312271118164,76.70133972167969,76.16609954833984,76.72547912597656,76.32485961914062,75.10247802734375,76.92961120605469,80.87721252441406,83.18938446044922,84.12754821777344,85.12417602539062,86.26072692871094,86.94515228271484,87.3530044555664,87.73217010498047,87.95568084716797,88.05451965332031,87.69891357421875,87.13988494873047,86.71258544921875,86.16340637207031,85.32975769042969,84.43553161621094,83.60594177246094,82.70824432373047,82.08733367919922,82.4999771118164,83.95941925048828,85.70854949951172,87.2254638671875,88.66399383544922,89.93791961669922,90.72492980957031,91.46197509765625,92.03809356689453,92.195556640625,93.09307861328125,95.6933822631836,100.14958190917969,102.7053451538086,101.728271484375
73.23821258544922,71.93000793457031,73.36918640136719,76.47676849365234,78.40503692626953,79.57652282714844,78.49758911132812,74.21833801269531,72.18829345703125,74.60123443603516,77.68692016601562,80.1074447631836,82.39480590820312,84.64292907714844,86.34114837646484,87.15071105957031,87.70306396484375,88.4431381225586,88.90553283691406,88.6072006225586,87.81294250488281,87.0848388671875,86.42967224121094,85.81227111816406,85.35509490966797,84.75208282470703,83.56617736816406,82.02032470703125,81.15003204345703,81.64166259765625,83.05050659179688,84.61450958251953,86.02806091308594,87.4320068359375,88.98526763916016,90.25894927978516,91.27369689941406,92.24359893798828,92.8162841796875,93.7443618774414,95.81486511230469,100.05001831054688,105.2558822631836,105.04356384277344
71.52399444580078,72.4477310180664,76.22704315185547,79.13512420654297,80.01720428466797,78.79547882080078,74.79782104492188,71.825927734375,72.59393310546875,74.37689208984375,76.17826843261719,78.70030212402344,81.64441680908203,84.37893676757812,86.2057113647461,87.01422119140625,87.72846984863281,88.80352783203125,89.605224609375,89.22776794433594,87.79170227050781,86.45503997802734,85.72960662841797,85.42322540283203,85.12791442871094,84.29368591308594,82.54065704345703,80.563232421875,79.68106842041016,80.4165267944336,82.00800323486328,83.47647094726562,84.85128784179688,86.68916320800781,88.87651824951172,90.69596862792969,92.06880950927734,93.4292984008789,94.4073486328125,95.15509796142578,95.72027587890625,98.24920654296875,104.27130126953125,106.95640563964844
72.38803100585938,75.49253845214844,78.2540512084961,78.62278747558594,77.46636962890625,75.0810546875,74.26716613769531,76.06131744384766,76.30290985107422,75.4832992553711,76.34794616699219,78.85643768310547,81.55464935302734,83.81624603271484,85.28788757324219,86.16036224365234,87.18495178222656,88.56634521484375,89.77910614013672,89.50631713867188,87.56434631347656,85.90222930908203,85.47174835205078,85.46805572509766,84.98287200927734,83.67942810058594,81.4453125,79.11713409423828,78.07079315185547,78.94953918457031,81.06626892089844,83.33629608154297,85.19915008544922,86.8227767944336,88.56637573242188,90.4268798828125,92.42556762695312,94.57359313964844,96.08692169189453,96.90047454833984,96.24781036376953,95.61650085449219,100.09976959228516,105.79985046386719
74.83389282226562,74.86700439453125,74.5688705444336,75.1703109741211,75.9439468383789,75.78829193115234,77.40697479248047,78.94649505615234,77.6865463256836,76.574951171875,77.45681762695312,79.27194213867188,80.92937469482422,82.49268341064453,83.95710754394531,85.36688232421875,87.04846954345703,88.8127212524414,89.72238159179688,88.84043884277344,87.04525756835938,86.14168548583984,85.99807739257812,85.63816833496094,84.93721771240234,83.47747802734375,81.07210540771484,78.50128936767578,77.42396545410156,78.60010528564453,81.16746520996094,83.87157440185547,85.87104034423828,86.87884521484375,87.5297622680664,88.93246459960938,91.44805145263672,94.50843811035156,96.69056701660156,97.52128601074219,97.13383483886719,94.65283203125,95.1449966430664,101.42784881591797
73.22779083251953,72.90219116210938,74.1463851928711,75.94607543945312,76.47303771972656,77.19694519042969,79.03095245361328,79.26595306396484,78.15809631347656,78.10407257080078,79.20187377929688,80.18962860107422,80.80245208740234,81.79410552978516,83.41043853759766,85.28438568115234,87.26786041259766,88.9987564086914,89.27938842773438,88.06681823730469,86.87004852294922,86.68498229980469,86.67759704589844,86.13294219970703,85.11422729492188,83.3909683227539,81.10574340820312,79.14667510986328,78.6474609375,79.77323913574219,81.75917053222656,83.61424255371094,84.85675048828125,85.57111358642578,86.33704376220703,87.97268676757812,90.69084930419922,93.84366607666016,96.09088134765625,96.70730590820312,96.6782455444336,95.44071197509766,93.43020629882812,95.21843719482422
71.94786071777344,73.66062927246094,75.94933319091797,76.29066467285156,76.35223388671875,78.65731048583984,80.24726867675781,79.72079467773438,79.25387573242188,79.85796356201172,80.59744262695312,80.81378936767578,81.0272445678711,81.92511749267578,83.46319580078125,85.16962432861328,87.08854675292969,88.67733764648438,88.78241729736328,87.69322204589844,87.03997039794922,87.63798522949219,88.17041015625,87.50513458251953,85.69060516357422,83.5196762084961,81.61412811279297,80.31232452392578,79.78974151611328,80.1685562133789,81.13655853271484,82.04475402832031,82.85274505615234,84.0846176147461,85.93233489990234,88.2070541381836,90.71044158935547,93.22946166992188,94.89659118652344,94.925048828125,94.40548706054688,94.21138000488281,93.26426696777344,92.18199157714844
72.61624145507812,74.19477081298828,75.75393676757812,76.32667541503906,77.54071807861328,79.87648010253906,81.02406311035156,80.9028091430664,80.79234313964844,80.96955871582031,81.02788543701172,81.06049346923828,81.52964782714844,82.51739501953125,83.80231475830078,85.37226104736328,87.34858703613281,88.77802276611328,88.72405242919922,87.79020690917969,87.63573455810547,88.71527099609375,89.41586303710938,88.45928955078125,86.36744689941406,84.47392272949219,83.06291961669922,81.9182357788086,81.0379867553711,80.58360290527344,80.55299377441406,80.82792663574219,81.62899017333984,83.36968994140625,85.86769104003906,88.43704223632812,90.56780242919922,92.23429107666016,93.26420593261719,92.97257995605469,91.87683868408203,91.30789184570312,91.01492309570312,89.66753387451172
73.1291732788086,73.79383850097656,75.86299133300781,77.45563507080078,78.50957489013672,79.86698150634766,80.95455932617188,81.32471466064453,81.2718276977539,81.21663665771484,81.41111755371094,81.87787628173828,82.62298583984375,83.5277099609375,84.66161346435547,86.21778106689453,87.98223876953125,88.9863510131836,88.91112518310547,88.50552368164062,88.85752868652344,89.80206298828125,89.95130920410156,88.68810272216797,87.177734375,86.29203033447266,85.6714096069336,84.68354797363281,83.09547424316406,81.31969451904297,79.96798706054688,79.66101837158203,80.6734390258789,82.8656234741211,85.64764404296875,88.15679931640625,89.83788299560547,90.74063873291016,91.18338775634766,90.9679183959961,89.77005767822266,88.49907684326172,87.92869567871094,86.5257797241211
74.71062469482422,74.72135162353516,76.17723083496094,77.33912658691406,78.11234283447266,79.12679290771484,80.11795806884766,80.66252136230469,80.93537139892578,81.38639068603516,82.20185089111328,83.12467193603516,83.96353149414062,84.80632781982422,85.87823486328125,87.08529663085938,88.224609375,88.97879791259766,89.43762969970703,89.88514709472656,90.74301147460938,91.19709014892578,90.228759765625,88.49968719482422,87.7284164428711,88.022705078125,88.1642074584961,87.11878967285156,84.62079620361328,81.40079498291016,78.87882995605469,78.35701751708984,79.97822570800781,82.7942886352539,85.65453338623047,87.6644515991211,88.57579803466797,88.71846771240234,88.54747772216797,88.29551696777344,87.36397552490234,85.78025817871094,84.74813079833984,83.2788314819336
77.78207397460938,76.86039733886719,76.01535034179688,76.09599304199219,77.23155975341797,78.65501403808594,79.70568084716797,80.22513580322266,80.58390045166016,81.2709732055664,82.49767303466797,83.93276977539062,85.0131607055664,85.86433410644531,86.6678237915039,87.48440551757812,88.27472686767578,89.27539825439453,90.3264389038086,91.65121459960938,92.62185668945312,92.07959747314453,89.81513977050781,87.9034423828125,87.8062515258789,88.68053436279297,88.89131927490234,87.563232421875,84.61404418945312,80.87273406982422,78.12168884277344,77.97142791748047,80.26004791259766,83.35626220703125,85.73055267333984,86.73197174072266,86.66791534423828,86.0062484741211,85.1202163696289,84.58116149902344,84.1580581665039,83.00529479980469,81.74166870117188,80.04353332519531
