data/wind_data/wind_46_2.json
{"header": {"parameterUnit": "KT", "parameterCategory": 2, "nx": 256, "ny": 198, "lo1": 44.73521041870117, "la1": -3.236724853515625, "lo2": 111.26478576660156, "la2": 43.468475341796875, "dx": 0.2609002888202667, "dy": -0.23708222806453705, "refTime": "2025-02-20 22:00:00", "forecastTime": 0, "parameterNumber": 2, "parameterNumberName": "eastward_wind"}, "data":
[rows 133 to 151 of 198, columns 43 to 85 of 256]
39.13044357299805,40.9576416015625,37.64887237548828,33.02928161621094,30.858125686645508,35.96769714355469,50.67552947998047,37.2121696472168,4.223623275756836,0.07783281803131104,1.2572590112686157,6.519888877868652,10.340047836303711,10.616891860961914,8.591937065124512,11.330522537231445,18.940454483032227,23.318037033081055,22.937746047973633,5.352047920227051,-7.592432022094727,-6.021606922149658,-3.462635040283203,-1.908886432647705,-0.41774803400039673,0.8124661445617676,1.312367558479309,2.3527400493621826,4.535586833953857,7.043084621429443,8.537188529968262,8.898884773254395,7.007889747619629,3.9453094005584717,0.9751023650169373,0.9091194272041321,1.0256264209747314,0.5810794234275818,0.904449462890625,1.4749088287353516,2.726531982421875,6.4355950355529785,12.255172729492188
34.19562530517578,32.2701530456543,32.445072174072266,33.666107177734375,34.7879753112793,40.439395904541016,47.716068267822266,21.84601593017578,1.8614510297775269,-1.109315276145935,-0.8363528251647949,2.400730609893799,8.556976318359375,11.71670150756836,10.758313179016113,11.675398826599121,16.948781967163086,22.776899337768555,14.156401634216309,-4.416888236999512,-9.173020362854004,-5.260393142700195,-3.247893810272217,-2.0555691719055176,-0.7529503703117371,0.46009525656700134,1.3438133001327515,2.06766414642334,2.820988416671753,4.538646697998047,3.9318289756774902,4.707787036895752,5.709285736083984,2.1721978187561035,-0.7873918414115906,0.5020306706428528,1.0510636568069458,0.8650264143943787,1.5169765949249268,2.2427117824554443,2.0137200355529785,3.768224000930786,8.156241416931152
26.955141067504883,28.07894515991211,31.072124481201172,33.929420471191406,36.43250274658203,42.94111251831055,39.36903381347656,13.254794120788574,1.112933874130249,-1.9896436929702759,-1.5391236543655396,0.14725682139396667,5.691605091094971,11.649378776550293,14.136211395263672,16.18950653076172,16.660152435302734,22.500459671020508,11.32299518585205,-6.747504711151123,-7.20942497253418,-5.076559543609619,-3.442652702331543,-2.327317953109741,-0.9942967891693115,0.46511349081993103,2.19555401802063,4.028197765350342,4.138585090637207,2.290114402770996,-1.0203521251678467,0.4762209951877594,3.8235769271850586,2.351022243499756,-0.1377555876970291,0.3115784525871277,1.082047939300537,0.46431413292884827,-1.1296842098236084,0.5134308934211731,4.886686325073242,6.465310096740723,5.443489074707031
24.45238494873047,26.68869972229004,29.625064849853516,32.196956634521484,36.984764099121094,41.149112701416016,28.28753089904785,6.836510181427002,-1.1944549083709717,-2.53568696975708,-2.1393468379974365,0.5106250643730164,4.344970226287842,8.941877365112305,12.731070518493652,16.731929779052734,19.501211166381836,22.482341766357422,4.590793132781982,-8.528827667236328,-5.692711353302002,-4.92866325378418,-3.2669243812561035,-2.2550766468048096,-0.8987009525299072,1.4828121662139893,4.095358848571777,6.213559627532959,6.008419990539551,2.1002094745635986,-2.5318057537078857,-1.2447433471679688,2.665022134780884,4.624645709991455,3.387251615524292,2.0150094032287598,2.244361162185669,1.9390133619308472,-0.7153796553611755,-0.11152677983045578,5.36668586730957,11.263404846191406,12.429069519042969
21.067806243896484,23.114713668823242,27.284420013427734,35.31183624267578,42.602535247802734,32.620758056640625,11.027273178100586,-0.23705148696899414,-2.186903953552246,-3.1417665481567383,-1.5538721084594727,1.9780642986297607,3.7975363731384277,5.075190544128418,8.449626922607422,12.557037353515625,16.94524383544922,8.259359359741211,-5.598015785217285,-8.165987014770508,-5.742920398712158,-4.957757949829102,-3.1305735111236572,-2.528489828109741,-1.4405739307403564,0.4375942647457123,2.3464927673339844,4.001252174377441,4.454707145690918,1.8002021312713623,-1.5716087818145752,-1.7967467308044434,1.3128210306167603,5.795079708099365,7.196410179138184,4.593924522399902,3.007603645324707,2.1369528770446777,0.20558904111385345,0.10393266379833221,3.9223272800445557,9.991086959838867,13.82327651977539
21.28575897216797,25.26035499572754,35.679073333740234,44.139827728271484,33.916290283203125,11.706707000732422,-1.0294197797775269,-1.1892368793487549,-0.5982158780097961,-2.5292000770568848,-1.9479570388793945,0.3475516736507416,1.373769998550415,2.0927207469940186,5.527477264404297,10.447145462036133,11.13666820526123,-2.5233571529388428,-8.858247756958008,-7.317017555236816,-6.283576488494873,-5.577515125274658,-3.953409433364868,-2.960017681121826,-1.9403448104858398,-1.4593075513839722,-0.9810009002685547,0.18165841698646545,-0.23926401138305664,-2.1989097595214844,-3.7029776573181152,-3.8745217323303223,-1.1626757383346558,2.834627866744995,4.746397972106934,2.2443175315856934,0.35036951303482056,0.1580810248851776,0.620742678642273,2.2585880756378174,4.209437847137451,7.172607421875,10.478652000427246
25.660171508789062,35.721893310546875,47.79176712036133,42.689048767089844,19.14761734008789,2.9698407649993896,-2.2100777626037598,-0.2841683030128479,-0.903295636177063,-2.153454542160034,-1.6086015701293945,-1.0743755102157593,0.15460509061813354,1.7301585674285889,3.9370839595794678,8.609232902526855,5.570877552032471,-6.370697498321533,-8.675666809082031,-6.881611347198486,-6.2471747398376465,-5.154617786407471,-4.3168816566467285,-3.327120304107666,-2.1761796474456787,-2.370077610015869,-3.5612735748291016,-4.272221565246582,-5.616538047790527,-6.547446250915527,-6.37844705581665,-5.3451151847839355,-3.397430658340454,-1.2793515920639038,-0.03756812587380409,-0.5199347734451294,-0.8106344938278198,-0.24831491708755493,0.7641928195953369,1.89554762840271,2.732665777206421,3.9241695404052734,6.233667850494385
33.3457145690918,45.446998596191406,47.22617721557617,28.843408584594727,11.14469051361084,0.16644492745399475,-3.334019184112549,0.3152880370616913,-1.2752611637115479,-1.1056883335113525,-0.4767529368400574,-0.07650928944349289,1.549892783164978,3.3971245288848877,5.236840724945068,9.26356029510498,7.967665672302246,-4.279214859008789,-7.357156276702881,-5.442212104797363,-5.3535990715026855,-4.170575141906738,-3.843689203262329,-3.142130136489868,-2.5857419967651367,-3.557063341140747,-5.952756881713867,-8.044473648071289,-8.529537200927734,-8.25380802154541,-7.9775872230529785,-7.229507923126221,-5.691535949707031,-4.408402919769287,-3.6133198738098145,-2.177778482437134,-0.5840843915939331,-0.10075043886899948,0.9355876445770264,1.4284762144088745,1.9011427164077759,3.1966280937194824,5.606034755706787
37.771419525146484,44.20716094970703,37.016204833984375,15.266719818115234,2.536151170730591,-4.041414737701416,-5.0265889167785645,-3.110856294631958,-1.3486117124557495,-1.2691770792007446,0.35334742069244385,3.2414448261260986,4.8611040115356445,5.654151916503906,7.084780216217041,10.047327995300293,10.650717735290527,-0.9310505390167236,-5.46510648727417,-4.355526447296143,-4.545097827911377,-3.7289366722106934,-3.611062526702881,-3.3348228931427,-3.8421711921691895,-5.684075355529785,-7.839865684509277,-8.84635066986084,-9.489097595214844,-9.75545597076416,-9.6292724609375,-8.414925575256348,-5.989646911621094,-4.266276836395264,-2.7879860401153564,-1.5683341026306152,0.7953606247901917,1.4740113019943237,1.1598608493804932,1.5335807800292969,3.035323143005371,5.122158527374268,7.068099021911621
34.776615142822266,36.76579666137695,30.31321907043457,20.3970890045166,14.544024467468262,9.141256332397461,4.5195159912109375,-1.5061291456222534,-3.2549471855163574,-1.8041856288909912,1.1271679401397705,5.884268283843994,8.478999137878418,10.000419616699219,10.240143775939941,7.124790668487549,2.7315430641174316,-4.338935375213623,-5.701239585876465,-5.094462871551514,-4.121310234069824,-4.431534290313721,-4.813450813293457,-4.744299411773682,-5.410715579986572,-5.802307605743408,-6.5564446449279785,-8.168292999267578,-9.264652252197266,-10.316038131713867,-10.97669792175293,-9.341814994812012,-7.369555950164795,-7.39452600479126,-5.344213008880615,-1.1258362531661987,0.19555115699768066,2.487359046936035,4.240458011627197,4.385760307312012,4.623725414276123,5.731733798980713,7.6928486824035645
26.773508071899414,29.148258209228516,26.694290161132812,25.159217834472656,24.35615348815918,21.936561584472656,17.310131072998047,9.568415641784668,1.8052276372909546,-1.3303805589675903,1.2935234308242798,5.383996963500977,8.209177017211914,10.14318561553955,12.169973373413086,10.477058410644531,4.988434314727783,-0.16567082703113556,-5.752058029174805,-6.554067134857178,-5.741436958312988,-6.751087665557861,-6.312929153442383,-6.0540080070495605,-4.912952899932861,-3.3812925815582275,-4.5673980712890625,-6.960778713226318,-9.80153751373291,-12.589468955993652,-11.140995025634766,-6.766839981079102,-6.870294094085693,-8.61944580078125,-6.048927307128906,-2.885138750076294,-1.028658151626587,1.986487627029419,3.60863995552063,6.425591468811035,9.082812309265137,8.378743171691895,8.849185943603516
22.171539306640625,22.831588745117188,23.95688819885254,25.670852661132812,27.46856117248535,25.764209747314453,20.423479080200195,11.037083625793457,5.396205425262451,1.0393849611282349,1.822387456893921,3.741816997528076,5.968130111694336,9.14413833618164,11.872652053833008,11.671278953552246,11.71773624420166,7.541807174682617,-4.183648586273193,-6.365818023681641,-5.986536979675293,-5.607526779174805,-5.809816837310791,-6.239633083343506,-5.414514541625977,-4.610194683074951,-5.537553310394287,-7.5810418128967285,-10.01708984375,-10.451948165893555,-5.381434917449951,0.6066446900367737,-2.2826457023620605,-6.730465412139893,-3.872171640396118,-1.3741416931152344,-1.2263273000717163,-0.2680357098579407,2.743457794189453,6.213534832000732,10.507250785827637,11.668697357177734,11.405034065246582
25.702878952026367,23.628461837768555,24.497896194458008,25.185787200927734,24.38581085205078,19.472370147705078,11.441932678222656,5.529208183288574,2.009721040725708,-0.7298164963722229,0.4726940095424652,2.0057437419891357,4.398669242858887,6.924191474914551,9.164590835571289,10.862942695617676,12.554957389831543,6.507163047790527,-2.3669488430023193,-4.04057502746582,-3.85141921043396,-4.3748459815979,-5.155290126800537,-6.278342247009277,-6.829317092895508,-6.562813758850098,-6.272269248962402,-7.306385040283203,-8.508795738220215,-5.155821800231934,3.0329108238220215,8.20010757446289,6.182561874389648,-1.4465827941894531,-1.817423701286316,1.1821532249450684,-1.505745768547058,-4.152535915374756,1.4026427268981934,4.986237049102783,8.297455787658691,11.116621017456055,12.407648086547852
27.498294830322266,25.546722412109375,24.516691207885742,22.186870574951172,16.14446449279785,8.238033294677734,4.075028419494629,1.2731653451919556,-1.3081556558609009,-2.467446804046631,-2.0484652519226074,-1.4559987783432007,0.16986161470413208,1.8913626670837402,4.780111312866211,9.318451881408691,10.54729175567627,4.642510890960693,-1.0218958854675293,-2.269810438156128,-2.981750965118408,-4.149144172668457,-5.324594497680664,-6.095987319946289,-6.1932501792907715,-6.315041542053223,-6.6039323806762695,-6.9857683181762695,-5.903483867645264,-1.3659319877624512,8.511037826538086,12.684308052062988,11.536961555480957,5.764828205108643,1.1874910593032837,2.4854657649993896,-0.20857928693294525,-3.2567830085754395,1.250110387802124,4.109556674957275,7.1551008224487305,9.744462013244629,12.974600791931152
25.537883758544922,22.98470115661621,19.148170471191406,15.082381248474121,6.603756427764893,1.987593173980713,0.9050100445747375,-1.305838942527771,-2.4537200927734375,-0.968066930770874,-0.8606572151184082,-0.19876092672348022,0.9123679995536804,2.153554916381836,5.0782623291015625,8.65426254272461,7.9706902503967285,2.6791954040527344,-1.7462866306304932,-2.5778279304504395,-3.8279364109039307,-4.7693328857421875,-5.986605644226074,-6.685555934906006,-6.06782341003418,-5.472178936004639,-5.0214338302612305,-4.695395469665527,-4.324338436126709,-1.743998646736145,6.131741046905518,11.91567611694336,13.712510108947754,12.560861587524414,7.579348564147949,5.229902267456055,0.6897071003913879,-2.2392046451568604,1.4180902242660522,2.9685487747192383,5.176601886749268,8.238344192504883,11.436720848083496
17.737707138061523,14.132235527038574,11.570195198059082,5.355297565460205,1.5172200202941895,0.46299394965171814,0.600648820400238,-2.1737029552459717,-1.1005973815917969,2.843550443649292,4.1900315284729,5.482686996459961,6.8854169845581055,8.491719245910645,9.984769821166992,8.597315788269043,4.420469284057617,-1.60673987865448,-4.215664863586426,-3.881098747253418,-4.971203327178955,-5.085300922393799,-5.8919267654418945,-6.527167797088623,-6.030872821807861,-4.456601142883301,-2.6362998485565186,-0.6182450652122498,0.6056541204452515,1.0215306282043457,4.618928909301758,9.210233688354492,12.474775314331055,15.170609474182129,13.145029067993164,9.154092788696289,3.2961018085479736,1.2535322904586792,4.673656463623047,-0.9592238068580627,-2.980620861053467,3.3638834953308105,8.941978454589844
11.769712448120117,8.089522361755371,3.515526056289673,-0.40391185879707336,0.3449706733226776,2.7002878189086914,1.1342023611068726,-2.2785236835479736,1.1035228967666626,4.30201530456543,5.867030620574951,7.9224982261657715,11.086325645446777,13.45617961883545,12.054805755615234,7.0441765785217285,-1.618140697479248,-6.22044038772583,-5.698600769042969,-5.049873352050781,-6.251552104949951,-5.7422003746032715,-4.254613876342773,-3.9929099082946777,-3.56001615524292,-1.743706226348877,1.654382348060608,5.560634613037109,7.531630039215088,7.726757526397705,8.410457611083984,10.789005279541016,12.092815399169922,14.154492378234863,14.320837020874023,12.26984977722168,7.176222801208496,4.5653605461120605,5.882210731506348,2.0208237171173096,-2.7263383865356445,0.6821265816688538,5.308309555053711
7.9285478591918945,4.84871244430542,-0.1707156002521515,-1.0903995037078857,2.108722686767578,4.655962944030762,0.5896705389022827,-1.6372802257537842,1.4060288667678833,2.388092041015625,4.718873500823975,9.259015083312988,12.615713119506836,12.43864917755127,7.202960014343262,-1.3418320417404175,-7.2930707931518555,-7.673736095428467,-5.612542152404785,-4.116728782653809,-4.9328837394714355,-3.8724138736724854,-1.2206894159317017,0.7139663696289062,1.6397751569747925,3.377239465713501,7.039904594421387,10.396366119384766,11.505375862121582,10.915955543518066,10.485613822937012,11.45981502532959,12.198639869689941,12.4451265335083,12.941202163696289,12.834100723266602,10.518573760986328,7.625921726226807,5.859679222106934,3.6614208221435547,2.2144253253936768,3.110405445098877,4.923428535461426
5.695043563842773,3.778839349746704,1.032132625579834,0.6957136392593384,2.1664159297943115,3.6687028408050537,-0.546133279800415,-1.7890329360961914,-1.216235876083374,1.8173877000808716,6.556985855102539,8.07121467590332,8.71596908569336,7.171864986419678,-0.632585346698761,-7.4725847244262695,-9.513833999633789,-7.607343673706055,-4.792515277862549,-2.3260319232940674,-1.7648733854293823,-1.6699532270431519,0.13064484298229218,2.1918516159057617,4.328414440155029,6.465234756469727,9.372041702270508,11.819586753845215,12.864850044250488,12.3849515914917,11.961146354675293,12.841092109680176,13.120887756347656,12.390729904174805,12.792802810668945,13.707903861999512,12.230857849121094,8.94559383392334,6.743532657623291,4.681009769439697,3.6018996238708496,4.644527435302734,6.121223449707031
