data/wind_data/wind_57_3.json
{"header": {"parameterUnit": "KT", "parameterCategory": 2, "nx": 256, "ny": 198, "lo1": 44.73521041870117, "la1": -3.236724853515625, "lo2": 111.26478576660156, "la2": 43.468475341796875, "dx": 0.2609002888202667, "dy": -0.23708222806453705, "refTime": "2025-02-21 09:00:00", "forecastTime": 0, "parameterNumber": 2, "parameterNumberName": "eastward_wind"}, "data":
[rows 133 to 151 of 198, columns 132 to 175 of 256]
-6.340973377227783,1.177441954612732,9.892374992370605,16.84586524963379,19.79258918762207,23.008758544921875,28.869728088378906,36.47918701171875,39.16376876831055,36.086177825927734,31.79533576965332,37.144859313964844,44.401058197021484,47.5781364440918,46.448883056640625,44.1334228515625,41.05086898803711,36.9599494934082,34.27911376953125,34.94816207885742,36.51499938964844,38.4693603515625,40.22239685058594,40.99216842651367,40.47464370727539,40.67903518676758,41.875526428222656,42.05028533935547,41.30888366699219,40.889015197753906,40.103755950927734,38.654685974121094,37.132232666015625,36.23160171508789,36.11345291137695,35.560977935791016,33.80678176879883,32.05978775024414,30.896015167236328,25.456254959106445,18.987913131713867,18.241252899169922,19.47914695739746,18.680984497070312
-3.461338758468628,6.245038032531738,20.379592895507812,31.204103469848633,36.22767639160156,39.2473258972168,42.34236526489258,43.2017822265625,42.6871223449707,41.958839416503906,42.95425033569336,44.418243408203125,44.89982986450195,42.92755126953125,40.629974365234375,38.39103698730469,36.62408447265625,35.73202896118164,36.143898010253906,37.00840377807617,38.34669494628906,40.65058517456055,42.79458999633789,43.39009094238281,42.99065017700195,42.98445510864258,43.89580154418945,44.38334274291992,42.85544967651367,41.06768798828125,39.43523025512695,37.54378890991211,36.04098892211914,35.1491813659668,34.316986083984375,33.16764831542969,31.371036529541016,30.61981964111328,31.172517776489258,31.548538208007812,26.754697799682617,20.610881805419922,19.627004623413086,19.79804039001465
9.072775840759277,15.979042053222656,25.414043426513672,35.46259307861328,42.250755310058594,44.5546760559082,43.86539077758789,43.41295623779297,42.80437088012695,41.64057159423828,41.38020324707031,44.38795471191406,44.21928024291992,38.1395378112793,34.75682067871094,34.70283889770508,35.0911750793457,36.785037994384766,38.792911529541016,38.48896026611328,39.135066986083984,41.368133544921875,42.71800231933594,42.925899505615234,42.647422790527344,42.51055908203125,43.24717712402344,44.069908142089844,42.871986389160156,40.865447998046875,39.404964447021484,37.61091995239258,36.48422622680664,36.20744705200195,35.14881896972656,33.171390533447266,31.312639236450195,31.073810577392578,31.97938346862793,30.218530654907227,24.24392318725586,17.30781364440918,15.332898139953613,15.9794921875
32.51686096191406,36.529056549072266,38.39876937866211,40.868919372558594,43.04530715942383,42.1883430480957,40.810699462890625,39.39622497558594,36.9793701171875,34.70336151123047,34.68748474121094,37.589805603027344,39.748348236083984,40.26270294189453,39.5009880065918,39.16401672363281,39.91836929321289,41.71005630493164,41.912601470947266,40.51922607421875,40.47854232788086,41.77701187133789,42.72818374633789,42.71901321411133,42.31051254272461,41.676517486572266,41.377071380615234,41.325626373291016,40.20615768432617,38.61182403564453,37.13950729370117,35.464805603027344,35.122737884521484,35.53118896484375,33.61759567260742,31.569570541381836,29.092275619506836,26.155336380004883,22.922122955322266,17.81093406677246,16.53670883178711,14.914227485656738,16.613908767700195,16.095827102661133
39.325843811035156,45.007606506347656,45.29977798461914,41.95486831665039,39.68659210205078,38.66815948486328,37.129520416259766,36.776641845703125,37.84651184082031,36.90031433105469,36.55280685424805,38.9649772644043,41.66733932495117,42.20353317260742,40.57155990600586,40.250919342041016,42.835514068603516,45.24583053588867,44.25581741333008,42.91795349121094,43.272300720214844,44.49946594238281,45.175716400146484,44.730403900146484,43.70432662963867,42.94837951660156,42.54917907714844,41.68647003173828,39.86522674560547,38.20528793334961,37.16522979736328,36.23854064941406,36.65544509887695,36.89646530151367,33.48868179321289,29.38121795654297,24.379680633544922,21.55254364013672,20.8122501373291,17.372974395751953,16.13562774658203,18.281394958496094,20.20779800415039,20.15440559387207
41.94694137573242,42.67059326171875,39.334747314453125,34.80064392089844,33.054134368896484,33.34540939331055,33.32366180419922,34.67332077026367,37.63456726074219,40.389713287353516,42.52601623535156,44.39837646484375,46.099388122558594,46.10669708251953,44.94775390625,45.33538055419922,47.544395446777344,48.410953521728516,45.54891586303711,42.897918701171875,43.05400848388672,44.314754486083984,45.362640380859375,45.562374114990234,44.49017333984375,43.24980545043945,43.5610237121582,43.45415496826172,41.2972526550293,38.895565032958984,36.34480285644531,34.07955551147461,34.957881927490234,35.93702697753906,33.43482971191406,29.452442169189453,26.667922973632812,24.851987838745117,25.967878341674805,27.890838623046875,29.524303436279297,30.21549415588379,21.010751724243164,12.923337936401367
41.516143798828125,40.07361602783203,36.96683883666992,33.488643646240234,33.30934143066406,35.44418716430664,36.81013870239258,37.39235305786133,38.08039093017578,38.93796157836914,40.10191345214844,42.243370056152344,44.29352951049805,44.66157150268555,44.15810012817383,45.762359619140625,49.217185974121094,50.4015998840332,47.36088943481445,44.71841049194336,44.4593391418457,45.418548583984375,46.35600280761719,46.55610275268555,45.18197250366211,43.3500862121582,42.86028289794922,42.63481140136719,41.2237548828125,39.50649642944336,37.050392150878906,34.25741195678711,34.60896301269531,37.11522674560547,34.57452392578125,29.14449119567871,27.03035545349121,27.487834930419922,28.86275863647461,26.120800018310547,20.872230529785156,18.176265716552734,15.137764930725098,15.43493366241455
41.09846496582031,38.46704864501953,35.059566497802734,36.79225540161133,41.59934616088867,44.51066207885742,46.97972106933594,46.68960189819336,44.38499069213867,44.67726516723633,45.56589126586914,46.51179885864258,47.291053771972656,46.686485290527344,44.715911865234375,44.49138641357422,46.736228942871094,47.0016975402832,43.80638122558594,41.83094787597656,42.14466857910156,43.37501525878906,44.26339340209961,43.87032699584961,42.23394012451172,40.571617126464844,39.22035217285156,38.31413269042969,37.3148193359375,36.31904602050781,33.905696868896484,33.159141540527344,38.18284606933594,38.51768112182617,28.483543395996094,23.14014434814453,24.995906829833984,26.117992401123047,27.980144500732422,23.54876136779785,13.727980613708496,12.390148162841797,16.869882583618164,17.289791107177734
43.657833099365234,39.47291564941406,39.97300720214844,45.192466735839844,49.12205123901367,52.152923583984375,52.306915283203125,49.29629135131836,46.080562591552734,45.96648406982422,46.06448745727539,46.10942077636719,48.133995056152344,49.4942626953125,48.59660339355469,48.29360580444336,49.51731872558594,48.10956954956055,43.61997604370117,40.33534240722656,39.79244613647461,40.60580825805664,41.37583923339844,41.66883850097656,41.53303527832031,40.92407989501953,39.2457160949707,37.88362121582031,36.8680305480957,34.08568572998047,32.286766052246094,34.958126068115234,39.89186096191406,38.22819137573242,24.278541564941406,19.755382537841797,22.576725006103516,17.63200569152832,17.406091690063477,15.589410781860352,13.751744270324707,17.430023193359375,19.251142501831055,21.603994369506836
46.872093200683594,45.85270690917969,48.38399124145508,49.6519889831543,49.37863540649414,50.06550598144531,47.538490295410156,43.01129913330078,43.21345520019531,45.40598678588867,44.52019119262695,43.94675827026367,45.91521072387695,47.64501953125,47.82368850708008,48.1558952331543,48.21095657348633,46.86566925048828,44.931312561035156,42.73253631591797,40.49264144897461,38.628273010253906,37.78947448730469,38.27095031738281,38.96613693237305,39.16644287109375,37.876224517822266,35.82466125488281,34.00162124633789,31.509519577026367,33.09246063232422,38.965599060058594,46.11576461791992,42.1759147644043,26.22935676574707,21.939071655273438,23.136146545410156,16.308120727539062,13.067817687988281,17.85873031616211,19.87969970703125,20.654281616210938,21.62508773803711,23.66301918029785
48.83509826660156,48.60568618774414,47.26951217651367,44.34065628051758,42.452388763427734,41.975215911865234,41.04853439331055,40.95586013793945,43.167396545410156,45.1049919128418,44.207794189453125,43.25795364379883,44.323020935058594,45.2431526184082,45.2357292175293,45.21696472167969,44.59938049316406,42.72532272338867,40.522769927978516,38.995784759521484,37.970130920410156,36.552635192871094,35.4998893737793,35.82615280151367,36.64229202270508,37.50196075439453,37.606685638427734,34.35625076293945,31.555240631103516,34.72540283203125,35.60391616821289,40.286678314208984,41.986656188964844,31.724454879760742,21.628618240356445,23.08525848388672,26.760000228881836,25.134227752685547,24.820354461669922,26.914955139160156,30.20494270324707,32.39280700683594,31.923460006713867,31.446889877319336
44.840728759765625,43.48118591308594,39.2039794921875,36.5233268737793,36.229461669921875,36.98940658569336,39.431190490722656,42.67278289794922,43.89579772949219,43.420936584472656,42.189414978027344,41.19770431518555,41.271175384521484,41.44118881225586,41.59583282470703,41.56229782104492,41.08604049682617,39.945804595947266,37.84208679199219,36.568580627441406,36.747039794921875,36.90414810180664,36.66575241088867,36.65644073486328,35.9245719909668,36.1842155456543,36.567195892333984,31.504365921020508,33.11921310424805,34.94486999511719,32.3314094543457,33.60150146484375,27.454280853271484,18.55524444580078,18.00045394897461,21.36143684387207,27.060230255126953,28.580978393554688,24.764245986938477,23.98346710205078,26.712711334228516,28.443195343017578,29.00653076171875,28.71967887878418
35.66275405883789,33.52559280395508,32.49603271484375,33.07782745361328,35.51263427734375,36.51655578613281,38.5011100769043,42.25563430786133,42.16712188720703,39.588558197021484,38.27320098876953,37.8881721496582,37.536285400390625,37.06877136230469,37.12055969238281,37.17806625366211,37.15697479248047,36.93260955810547,35.43256378173828,34.49842071533203,35.09969711303711,35.216087341308594,34.13252258300781,32.495567321777344,32.01427459716797,33.352867126464844,34.069637298583984,30.626989364624023,32.43745040893555,33.57283401489258,26.79322052001953,22.573225021362305,24.61577033996582,24.260446548461914,20.387468338012695,21.16004180908203,28.916152954101562,29.75674057006836,25.44950294494629,22.319271087646484,20.0470027923584,20.801464080810547,20.507612228393555,19.082883834838867
37.97676086425781,37.45377731323242,38.625816345214844,39.968563079833984,38.40333557128906,36.239227294921875,36.88197326660156,39.23336410522461,39.3103141784668,36.99980163574219,35.54344177246094,35.180240631103516,34.8692512512207,34.07999801635742,33.13684844970703,32.41938400268555,32.2307014465332,31.812206268310547,30.737560272216797,30.6163272857666,32.10193634033203,32.63723373413086,32.099632263183594,31.38694953918457,30.964706420898438,32.03203201293945,32.360931396484375,30.853946685791016,31.821001052856445,33.12851333618164,27.930734634399414,23.8039493560791,28.354219436645508,31.092987060546875,27.08460235595703,28.74113655090332,30.427183151245117,25.68817138671875,23.314208984375,24.572689056396484,23.30351448059082,22.143226623535156,20.104164123535156,18.654939651489258
43.85244369506836,47.750572204589844,45.51354217529297,35.20881271362305,30.801904678344727,31.972209930419922,32.95183181762695,35.3474235534668,36.76244354248047,35.92957305908203,34.70893478393555,34.5516357421875,34.69188690185547,33.594093322753906,31.44121742248535,30.30021095275879,30.650592803955078,30.002487182617188,28.65020179748535,28.654041290283203,28.730066299438477,28.735576629638672,30.048431396484375,30.4544677734375,30.533552169799805,30.996932983398438,31.64740753173828,31.134790420532227,31.141334533691406,32.41166305541992,30.667375564575195,28.52519989013672,29.446657180786133,30.626110076904297,28.905874252319336,33.2057991027832,31.99227523803711,22.60748863220215,20.667402267456055,24.492589950561523,27.835786819458008,29.136714935302734,29.369274139404297,28.54484748840332
37.3363151550293,31.73865509033203,28.51955795288086,28.72504234313965,28.772172927856445,28.942590713500977,30.028703689575195,31.587615966796875,32.3697509765625,32.489994049072266,32.82950210571289,33.44541931152344,33.73851013183594,32.7674560546875,30.22562026977539,29.922470092773438,31.343507766723633,30.01521873474121,28.31171417236328,28.5570125579834,28.31145668029785,28.459915161132812,29.112335205078125,29.583375930786133,30.070756912231445,28.851247787475586,28.54640769958496,30.213489532470703,31.283422470092773,30.559404373168945,28.993799209594727,28.678110122680664,29.88898277282715,30.134397506713867,30.344524383544922,33.889198303222656,31.121532440185547,26.07727813720703,26.39992904663086,28.98836898803711,29.717182159423828,29.895177841186523,29.646696090698242,29.704936981201172
28.083295822143555,28.2955265045166,28.464439392089844,29.461772918701172,28.637393951416016,27.29214096069336,28.434757232666016,30.462196350097656,31.89106559753418,32.39558029174805,32.70196533203125,33.088565826416016,33.17307662963867,32.35019302368164,29.989320755004883,29.058897018432617,29.427478790283203,28.117122650146484,26.304893493652344,25.286874771118164,25.40994644165039,26.82901382446289,28.515268325805664,29.891572952270508,29.576488494873047,27.084564208984375,26.206066131591797,27.479887008666992,29.1953067779541,29.300622940063477,28.9714298248291,29.491287231445312,30.607589721679688,31.154165267944336,30.74604034423828,31.148849487304688,30.75089454650879,30.046342849731445,31.272144317626953,32.51033020019531,32.292823791503906,31.781999588012695,30.816118240356445,30.329391479492188
42.59904098510742,41.43598937988281,45.261375427246094,47.669864654541016,44.77304458618164,33.55806350708008,27.618650436401367,29.687602996826172,31.265541076660156,31.801057815551758,32.74137878417969,33.67076110839844,33.58625411987305,31.578428268432617,28.76218605041504,27.61988639831543,27.6823787689209,27.481935501098633,27.38361167907715,26.667545318603516,25.473039627075195,25.693016052246094,27.28580093383789,28.864818572998047,28.60074806213379,27.073490142822266,26.61296272277832,27.360923767089844,27.32650375366211,27.837440490722656,29.831764221191406,30.663787841796875,29.821657180786133,28.852134704589844,30.365968704223633,31.970481872558594,30.006362915039062,29.414527893066406,32.5462646484375,33.42872619628906,28.06656265258789,23.541250228881836,23.653409957885742,26.46746063232422
46.24436950683594,45.402313232421875,46.818328857421875,47.135616302490234,46.365116119384766,37.83460998535156,29.646175384521484,29.343280792236328,29.799394607543945,29.34162139892578,30.204057693481445,32.53251647949219,33.036556243896484,31.812198638916016,30.340604782104492,29.137989044189453,29.230453491210938,29.22028160095215,28.90855598449707,28.623384475708008,27.1191349029541,25.84694480895996,27.482791900634766,29.405948638916016,28.584278106689453,26.445585250854492,25.83675193786621,25.077749252319336,25.217578887939453,27.264570236206055,28.974328994750977,29.365922927856445,26.810884475708008,26.3656005859375,31.646135330200195,29.08864402770996,22.669958114624023,23.563505172729492,26.858055114746094,21.870933532714844,15.568520545959473,16.191898345947266,21.729780197143555,25.894683837890625
