data/wind_data/wind_0_1.json
{"header": {"parameterUnit": "KT", "parameterCategory": 2, "nx": 256, "ny": 198, "lo1": 44.73521041870117, "la1": -3.236724853515625, "lo2": 111.26478576660156, "la2": 43.468475341796875, "dx": 0.2609002888202667, "dy": -0.23708222806453705, "refTime": "2025-02-19 00:00:00", "forecastTime": 0, "parameterNumber": 2, "parameterNumberName": "eastward_wind"}, "data":
[rows 57 to 75 of 198, columns 86 to 128 of 256]
-5.18708610534668,-4.567408084869385,-3.921170711517334,-3.3871512413024902,-3.0341663360595703,-2.957181215286255,-3.0866336822509766,-2.938697099685669,-2.540463924407959,-2.446861505508423,-2.435922384262085,-2.068439483642578,-1.6496814489364624,-1.2060834169387817,-0.7737393975257874,-0.3072966933250427,0.15212662518024445,0.2615469694137573,0.24299737811088562,0.15569370985031128,0.06112994626164436,-0.05769181624054909,-0.2441277652978897,-0.4974135458469391,-0.6470274329185486,-0.41887909173965454,-0.02568873018026352,0.33253705501556396,0.7487558126449585,0.4876145124435425,-1.1672744750976562,-1.7869402170181274,-2.465606451034546,-2.287163496017456,-1.7370861768722534,-0.5550861954689026,-1.780177354812622,0.5554365515708923,0.3283817172050476,1.0253688097000122,1.7246017456054688,0.37471306324005127,-2.9542596340179443
-5.518968105316162,-4.952993869781494,-4.313351154327393,-3.7679474353790283,-3.4430410861968994,-3.255222797393799,-3.225750684738159,-3.078688621520996,-2.706951379776001,-2.5528035163879395,-2.499629497528076,-2.381195306777954,-1.8510682582855225,-1.4422355890274048,-0.9888715147972107,-0.42615583539009094,0.10578978061676025,0.34380972385406494,0.27214691042900085,0.11928192526102066,0.17221631109714508,0.15962454676628113,-0.09823989123106003,-0.40481364727020264,-0.6317956447601318,-0.5065686106681824,-0.13993166387081146,0.39532196521759033,0.9779065847396851,-0.6632968783378601,-2.1195027828216553,-2.218329906463623,-2.188032627105713,-3.061738967895508,-1.8740663528442383,0.21731022000312805,0.3273197412490845,-0.10907664149999619,-1.5689942836761475,0.43753015995025635,1.308388113975525,-0.3748475909233093,-2.492492914199829
-5.894063949584961,-5.476317405700684,-4.796496868133545,-4.079601287841797,-3.5617733001708984,-3.2820992469787598,-3.2291486263275146,-3.1856157779693604,-3.053168535232544,-3.0889391899108887,-2.86482310295105,-2.647037982940674,-2.0505335330963135,-1.5738810300827026,-1.1641935110092163,-0.6025589108467102,-0.068803571164608,0.24738073348999023,0.3024865388870239,0.1366322934627533,0.12419865280389786,0.10127925127744675,-0.06537865102291107,-0.31701773405075073,-0.5941777229309082,-0.6008603572845459,-0.3069194555282593,0.4023979902267456,1.0106128454208374,-2.380767822265625,-2.8672893047332764,-2.1005465984344482,-2.2762179374694824,-2.1133570671081543,-1.142605185508728,0.771648645401001,0.4409143924713135,0.391802042722702,0.052889056503772736,-1.1389282941818237,-0.6319024562835693,-1.4529930353164673,-2.7697513103485107
-5.868597507476807,-5.63464879989624,-5.072596073150635,-4.308942794799805,-3.595318078994751,-3.2234954833984375,-3.168759346008301,-3.2258825302124023,-3.287254571914673,-3.523712396621704,-3.4180445671081543,-2.9584574699401855,-2.210796356201172,-1.6513341665267944,-1.2537918090820312,-0.7780859470367432,-0.2678995132446289,0.051226064562797546,0.1502297818660736,-0.03869650512933731,-0.15348520874977112,-0.23707857728004456,-0.38402804732322693,-0.5669847130775452,-0.7454649209976196,-0.6227712631225586,-0.2142340987920761,0.42146897315979004,0.8240046501159668,-3.388991355895996,-3.2850852012634277,-2.316711902618408,-2.8583884239196777,-2.308980941772461,-0.38451138138771057,-0.435184121131897,-0.7569414973258972,0.6687121987342834,0.8082075715065002,-1.7807772159576416,-2.081158399581909,-1.7893407344818115,-1.1713850498199463
-5.427221298217773,-5.336778163909912,-4.982152938842773,-4.414034843444824,-3.7799293994903564,-3.297792434692383,-3.237570285797119,-3.4046542644500732,-3.514317035675049,-3.739575147628784,-3.6249544620513916,-3.0044870376586914,-2.2246272563934326,-1.7267470359802246,-1.3449952602386475,-0.9923214316368103,-0.5795997381210327,-0.1843782514333725,-0.005338137503713369,-0.3004263937473297,-0.6575536131858826,-0.8288602232933044,-0.8577114939689636,-0.8699274659156799,-0.9474743008613586,-0.6652106642723083,-0.1341884434223175,0.4948119819164276,0.4149327278137207,-4.049741268157959,-2.611213445663452,-1.95138680934906,-2.5529892444610596,-3.6223948001861572,-1.1403769254684448,-1.0694247484207153,-0.5186935067176819,0.4320797920227051,-0.7178992033004761,-2.9102869033813477,-3.8028690814971924,-2.534907579421997,-0.4504684507846832
-4.98444938659668,-5.033730983734131,-4.905930042266846,-4.523219108581543,-3.9654242992401123,-3.3591506481170654,-3.2379512786865234,-3.4365592002868652,-3.6598432064056396,-3.851011276245117,-3.5449750423431396,-2.8719797134399414,-2.3360607624053955,-1.9980305433273315,-1.6321057081222534,-1.3574626445770264,-1.0676275491714478,-0.6286004781723022,-0.2045440375804901,-0.276673287153244,-0.7933481335639954,-1.1430680751800537,-1.2059026956558228,-1.1412560939788818,-1.1688427925109863,-0.8831658959388733,-0.4820626378059387,0.10026099532842636,-0.361899197101593,-3.897670030593872,-2.316495895385742,-1.7352362871170044,-2.707603931427002,-3.4040207862854004,-0.9198203086853027,0.19043713808059692,0.4715099334716797,-0.4536120593547821,-2.713271141052246,-4.4699625968933105,-4.836376190185547,-3.72031307220459,-1.8861368894577026
-4.930445671081543,-4.889764308929443,-4.929088115692139,-4.7332377433776855,-4.125069618225098,-3.2998781204223633,-2.924220561981201,-3.110614538192749,-3.4750401973724365,-3.5946884155273438,-3.328669548034668,-2.9890239238739014,-2.7606942653656006,-2.5189287662506104,-2.1711666584014893,-1.904740333557129,-1.596360445022583,-1.1103466749191284,-0.5666984915733337,-0.272414892911911,-0.5509558916091919,-0.951187789440155,-1.105941891670227,-1.1684136390686035,-1.4272887706756592,-1.3316537141799927,-1.1311030387878418,-0.6149812340736389,-1.7849087715148926,-2.759047031402588,-2.138765811920166,-2.2874555587768555,-2.962892532348633,-1.639248013496399,1.1584551334381104,0.7265017032623291,-0.27530437707901,-2.2176735401153564,-4.124813556671143,-4.660120010375977,-4.655529499053955,-3.5803308486938477,-3.258492946624756
-5.290308475494385,-5.118403434753418,-5.070709228515625,-4.741505146026611,-4.011934757232666,-3.1009347438812256,-2.5018422603607178,-2.5627834796905518,-2.992032766342163,-3.1266415119171143,-3.167285680770874,-3.22786545753479,-3.206721544265747,-2.990394115447998,-2.696974277496338,-2.5013928413391113,-2.0276968479156494,-1.3261373043060303,-0.6299718022346497,-0.15143220126628876,-0.15114371478557587,-0.4144805669784546,-0.6368470788002014,-0.8229981064796448,-1.363193154335022,-1.6569617986679077,-1.6306946277618408,-1.489980936050415,-4.003951549530029,-2.9691944122314453,-2.547217845916748,-2.780325412750244,-2.2341105937957764,-0.571044385433197,1.589870572090149,0.10963571071624756,-0.6685521602630615,-2.5354232788085938,-2.907810688018799,-2.1046433448791504,-3.0874056816101074,-3.0891270637512207,-3.340336799621582
-5.843402862548828,-5.616225719451904,-5.237179279327393,-4.512571811676025,-3.6544816493988037,-2.860457420349121,-2.237365961074829,-2.040860414505005,-2.418811321258545,-2.6947906017303467,-2.8933310508728027,-3.1185686588287354,-3.253636598587036,-3.1719894409179688,-3.0913448333740234,-3.00699520111084,-2.254753589630127,-1.2829691171646118,-0.45197173953056335,0.10004010051488876,0.373563289642334,0.38159602880477905,0.08151515573263168,-0.3483085036277771,-0.8267792463302612,-1.3781070709228516,-1.7655211687088013,-2.070260763168335,-3.5688161849975586,-2.6465747356414795,-3.0174925327301025,-2.288770914077759,-1.1134355068206787,-1.323642373085022,-0.20923258364200592,0.09708757698535919,0.796726644039154,0.7536922693252563,-0.8141313791275024,-0.7631025314331055,-2.2975854873657227,-3.21638560295105,-1.807927131652832
-6.060345649719238,-5.685126304626465,-5.064476013183594,-4.242831707000732,-3.402458429336548,-2.696157217025757,-2.108957052230835,-1.7227435111999512,-1.8917227983474731,-2.257967948913574,-2.452787399291992,-2.824284315109253,-3.1301698684692383,-3.183279514312744,-3.1832242012023926,-3.1342239379882812,-2.393767833709717,-1.3224868774414062,-0.402331680059433,0.29676276445388794,0.9172957539558411,1.2310653924942017,0.9769201278686523,0.3727729618549347,-0.07873838394880295,-0.6429556608200073,-1.257927417755127,-2.3645451068878174,-2.961616277694702,-2.7840678691864014,-2.003575086593628,-1.5257095098495483,-0.43659907579421997,-0.7618443369865417,-1.0604605674743652,0.28064337372779846,2.417032480239868,1.9472565650939941,-0.2423926144838333,-1.9486923217773438,-2.4184410572052,-2.6523096561431885,-0.7537517547607422
-5.949175834655762,-5.535149097442627,-4.801995754241943,-3.9973113536834717,-3.2109897136688232,-2.5570437908172607,-2.1046948432922363,-1.7443310022354126,-1.6380704641342163,-1.8871251344680786,-2.124634265899658,-2.6545040607452393,-3.079587936401367,-3.155470371246338,-2.957773447036743,-2.6588237285614014,-2.3318934440612793,-1.6066102981567383,-0.5993621349334717,0.4046441316604614,1.2809239625930786,1.7640844583511353,1.7617841958999634,1.4119817018508911,0.8655033707618713,0.10923776775598526,-0.4278372824192047,-2.7747037410736084,-3.0098540782928467,-3.332157850265503,-2.259823799133301,-1.246788501739502,-0.01940319500863552,-0.33040207624435425,-1.3797675371170044,1.1528818607330322,3.654217481613159,1.641968011856079,-0.24300028383731842,-1.584225058555603,-1.5341250896453857,-1.3470264673233032,-0.880804717540741
-5.874601364135742,-5.451258659362793,-4.730928897857666,-3.880897045135498,-3.046691656112671,-2.371936798095703,-2.066687822341919,-1.9884843826293945,-1.9388443231582642,-2.0792646408081055,-2.206385374069214,-2.556276559829712,-2.6776199340820312,-2.6810617446899414,-2.664111614227295,-2.245753288269043,-2.0846140384674072,-1.7476184368133545,-0.7644204497337341,0.4026859998703003,1.3291096687316895,1.9164677858352661,2.132127046585083,1.99979829788208,1.54898202419281,0.9932944178581238,0.002330520423129201,-2.7403664588928223,-2.828796863555908,-3.0131256580352783,-1.8053417205810547,-1.008339285850525,0.2744242548942566,0.2133411020040512,-0.9911839962005615,1.3948588371276855,2.196355104446411,1.975861668586731,1.2303452491760254,-1.493884563446045,-1.8878910541534424,-1.3427510261535645,-1.6439452171325684
-5.579577922821045,-5.241931438446045,-4.66484260559082,-3.9360389709472656,-3.0823452472686768,-2.3540310859680176,-2.116048574447632,-2.2390120029449463,-2.389371633529663,-2.436447858810425,-2.3380837440490723,-2.348513603210449,-2.08154559135437,-1.989640712738037,-2.279707670211792,-2.238556146621704,-2.09238600730896,-1.8312994241714478,-0.8995856046676636,0.38546931743621826,1.3480849266052246,2.0736684799194336,2.382099151611328,1.884588599205017,1.3160747289657593,0.9557607769966125,-0.6991488337516785,-2.1864490509033203,-2.060640335083008,-2.0793497562408447,-0.8245910406112671,0.43708691000938416,-0.015001493506133556,-0.21206101775169373,-0.9103143811225891,-0.5062792897224426,-1.5100367069244385,0.5615957379341125,0.40271249413490295,-3.0216705799102783,-3.05332350730896,-2.3790481090545654,-3.305450439453125
-5.172508239746094,-4.817028522491455,-4.3575215339660645,-3.8032681941986084,-3.1398017406463623,-2.546201229095459,-2.3119757175445557,-2.34497332572937,-2.4443161487579346,-2.465664863586426,-2.3116655349731445,-2.1809439659118652,-1.7518199682235718,-1.514835238456726,-1.8348166942596436,-2.1190431118011475,-2.115361213684082,-1.8400053977966309,-1.1361545324325562,0.03955930471420288,1.2836121320724487,2.336852550506592,2.545252561569214,1.592280387878418,0.5962205529212952,-1.0173325538635254,-1.7175612449645996,-1.6843899488449097,-0.9456958174705505,-1.015617847442627,0.3481946587562561,0.8642611503601074,-0.262225478887558,0.23097144067287445,-0.14653797447681427,-2.642352819442749,-4.808130741119385,-1.6723248958587646,-1.436767339706421,-3.759382486343384,-3.5926475524902344,-3.2335398197174072,-3.42104172706604
-5.075287342071533,-4.598186016082764,-4.17222261428833,-3.730677366256714,-3.233591318130493,-2.794867753982544,-2.58267879486084,-2.429903268814087,-2.277183771133423,-2.2309939861297607,-2.0801985263824463,-2.0792930126190186,-1.8477941751480103,-1.4398611783981323,-1.5470895767211914,-1.7361292839050293,-1.6209132671356201,-1.336181640625,-1.0007492303848267,-0.45514950156211853,0.656655490398407,2.0881593227386475,2.4390172958374023,1.511135458946228,-0.11646346002817154,-3.1018290519714355,-2.0817806720733643,-1.3992310762405396,-0.2068631500005722,-0.20479249954223633,0.24037660658359528,1.1966272592544556,-0.9464981555938721,-0.015144351869821548,0.30393075942993164,-1.9403029680252075,-4.16488790512085,-2.752772569656372,-3.17153263092041,-4.756979942321777,-4.38582706451416,-3.026613235473633,-1.8036330938339233
-4.966484546661377,-4.429084300994873,-4.057849884033203,-3.8213016986846924,-3.499122381210327,-3.060023069381714,-2.6523618698120117,-2.3018791675567627,-2.0158369541168213,-1.8493261337280273,-1.5671488046646118,-1.643816590309143,-1.880024790763855,-1.6497305631637573,-1.4873716831207275,-1.4727534055709839,-1.1950817108154297,-0.693472683429718,-0.3760538399219513,-0.38071882724761963,-0.05986621230840683,0.9594535231590271,1.5591806173324585,1.180904507637024,-1.0349318981170654,-3.7618284225463867,-2.0269742012023926,-1.8764598369598389,-0.7538273930549622,-0.40071049332618713,-0.34704893827438354,0.6668746471405029,0.3973800241947174,-3.8447110652923584,-3.6056957244873047,-2.7927210330963135,-2.5743441581726074,-3.3171002864837646,-3.669320821762085,-4.990062713623047,-4.384178161621094,-3.251899480819702,-1.290316104888916
-4.4983367919921875,-3.957263469696045,-3.766618251800537,-3.833584785461426,-3.7790310382843018,-3.356189727783203,-2.66526198387146,-1.985290765762329,-1.5368446111679077,-1.3419458866119385,-1.1115319728851318,-1.0380257368087769,-1.443991780281067,-1.635053038597107,-1.4994500875473022,-1.3124926090240479,-0.9684834480285645,-0.36689841747283936,0.20763441920280457,0.17863678932189941,-0.18444889783859253,-0.0058447872288525105,0.47463536262512207,-0.004922377411276102,-2.5347461700439453,-2.6843373775482178,-1.9575812816619873,-2.381896734237671,-0.9041069746017456,-0.45412498712539673,-0.5169298648834229,-0.39116841554641724,0.15942110121250153,-4.969048976898193,-5.523437976837158,-3.4414119720458984,-0.9815859198570251,-0.9489414691925049,-2.3561506271362305,-3.42232608795166,-3.105046272277832,-2.9682817459106445,-2.4655416011810303
-3.8870840072631836,-3.3849825859069824,-3.279365301132202,-3.543386697769165,-3.694159746170044,-3.3434064388275146,-2.681288957595825,-2.034297466278076,-1.502192735671997,-1.1972830295562744,-0.9828488230705261,-0.7618484497070312,-0.936601459980011,-1.3726574182510376,-1.5094698667526245,-1.1108953952789307,-0.5386244058609009,-0.00971465278416872,0.6459689736366272,0.9623530507087708,0.6562219858169556,0.11101001501083374,0.012939917854964733,-1.4402635097503662,-3.1022026538848877,-1.4907588958740234,-2.05005145072937,-2.0204789638519287,-0.9701693058013916,0.9684532284736633,1.3526777029037476,1.494877815246582,1.5162235498428345,-1.6306060552597046,-4.1843743324279785,-3.1831586360931396,-0.7689154744148254,0.11589030921459198,-0.8189773559570312,-1.994955062866211,-2.7615232467651367,-3.1658225059509277,-3.685957431793213
-3.4946320056915283,-2.8998072147369385,-2.8361976146698,-3.1552164554595947,-3.2709877490997314,-2.8390743732452393,-2.260092258453369,-1.7827166318893433,-1.4523117542266846,-1.3470817804336548,-1.3608319759368896,-1.0101103782653809,-0.6780835390090942,-0.9487922191619873,-1.1926624774932861,-0.5979403853416443,0.07968030869960785,0.5766712427139282,1.212507963180542,1.7506822347640991,1.794824481010437,1.227285623550415,0.18913522362709045,-1.8775802850723267,-2.2863709926605225,-1.235489010810852,-1.6693449020385742,-0.3132428526878357,0.9486261010169983,1.3597750663757324,2.2904398441314697,3.3425750732421875,2.5375001430511475,-0.6985177397727966,-4.364594459533691,-3.0325019359588623,-0.8401435613632202,-0.26886358857154846,-0.5452801585197449,-1.9168089628219604,-2.3431806564331055,-3.0763561725616455,-2.576801061630249
