data/wind_data/wind_5_3.json
{"header": {"parameterUnit": "KT", "parameterCategory": 2, "nx": 256, "ny": 198, "lo1": 44.73521041870117, "la1": -3.236724853515625, "lo2": 111.26478576660156, "la2": 43.468475341796875, "dx": 0.2609002888202667, "dy": -0.23708222806453705, "refTime": "2025-02-19 05:00:00", "forecastTime": 0, "parameterNumber": 2, "parameterNumberName": "eastward_wind"}, "data":
[rows 95 to 113 of 198, columns 0 to 43 of 256]
14.121397972106934,13.391702651977539,12.307519912719727,12.926095962524414,13.519623756408691,13.707076072692871,14.415180206298828,14.984794616699219,15.042619705200195,14.7887544631958,14.590441703796387,14.581787109375,14.468829154968262,13.903298377990723,13.011199951171875,12.082328796386719,11.362653732299805,10.910357475280762,10.68224048614502,10.595443725585938,10.529777526855469,10.482921600341797,10.429771423339844,10.209503173828125,9.856818199157715,9.74734878540039,10.13715648651123,10.67578125,11.090853691101074,11.415619850158691,11.768747329711914,11.9900541305542,11.921278953552246,11.70740032196045,11.440741539001465,11.045425415039062,10.28593921661377,9.261357307434082,8.461688995361328,8.12862777709961,8.059764862060547,8.332197189331055,8.476628303527832,7.7624359130859375
14.983561515808105,14.427482604980469,12.88232135772705,12.880892753601074,13.087495803833008,12.743816375732422,13.572249412536621,14.304582595825195,14.601988792419434,14.30403995513916,14.061951637268066,14.11501407623291,14.093279838562012,13.899225234985352,13.617631912231445,13.21153450012207,12.690622329711914,12.207009315490723,11.939053535461426,11.894583702087402,11.84068489074707,11.582343101501465,11.294857025146484,11.102400779724121,10.81409740447998,10.603612899780273,10.861944198608398,11.483715057373047,12.07640552520752,12.441956520080566,12.74790096282959,12.983999252319336,12.96969223022461,12.871721267700195,12.94699764251709,12.927223205566406,12.260882377624512,11.068930625915527,9.829876899719238,9.027291297912598,8.668889999389648,8.669257164001465,8.65639877319336,8.438982963562012
15.923383712768555,15.65060043334961,13.91706657409668,13.071738243103027,13.248847007751465,12.514429092407227,12.580036163330078,12.993969917297363,13.42669677734375,13.216525077819824,12.958776473999023,13.168634414672852,13.37165641784668,13.364459991455078,13.384445190429688,13.483941078186035,13.535560607910156,13.477285385131836,13.367406845092773,13.259559631347656,13.066186904907227,12.555707931518555,11.938763618469238,11.68354606628418,11.635766983032227,11.585173606872559,11.788655281066895,12.399389266967773,13.23011589050293,13.908990859985352,14.30885124206543,14.45639419555664,14.2371826171875,13.850690841674805,13.725878715515137,13.771575927734375,13.454861640930176,12.527907371520996,11.299997329711914,10.286626815795898,9.63237476348877,9.356493949890137,8.949493408203125,8.32773494720459
16.5194034576416,16.368722915649414,14.662593841552734,13.317934036254883,12.939699172973633,12.854744911193848,12.063755989074707,11.684600830078125,11.571220397949219,11.377459526062012,11.207161903381348,11.480035781860352,11.77658748626709,11.86871337890625,12.007173538208008,12.346381187438965,12.88080883026123,13.498983383178711,14.066895484924316,14.267440795898438,13.983999252319336,13.370233535766602,12.545016288757324,12.106315612792969,12.1812105178833,12.223617553710938,12.276798248291016,12.659217834472656,13.483320236206055,14.463804244995117,15.13266372680664,15.34997272491455,15.203540802001953,14.843448638916016,14.44836139678955,14.164718627929688,13.893378257751465,13.20897388458252,12.343027114868164,11.892292976379395,11.423707008361816,10.695222854614258,9.996373176574707,9.31173324584961
17.023195266723633,16.610740661621094,14.779847145080566,13.148165702819824,11.787069320678711,12.536145210266113,12.379988670349121,11.2750825881958,10.211813926696777,9.934104919433594,9.808309555053711,9.783211708068848,9.850634574890137,9.948637962341309,10.168482780456543,10.599869728088379,11.295361518859863,12.235589027404785,13.20300579071045,13.867644309997559,13.919472694396973,13.616600036621094,13.104106903076172,12.505431175231934,12.051593780517578,11.761975288391113,11.657502174377441,11.73503589630127,12.297769546508789,13.494336128234863,14.650444030761719,15.131210327148438,15.153185844421387,15.059537887573242,14.778095245361328,14.403916358947754,14.164518356323242,13.84307861328125,13.327211380004883,12.80981159210205,12.01167106628418,11.26742935180664,11.247928619384766,11.613726615905762
17.627559661865234,16.67331314086914,14.501052856445312,12.60226058959961,10.871724128723145,11.453569412231445,12.458781242370605,11.535954475402832,10.116958618164062,9.83067798614502,9.602021217346191,8.831114768981934,8.369831085205078,8.387595176696777,8.732911109924316,9.194746017456055,9.853001594543457,10.664192199707031,11.402068138122559,12.086255073547363,12.684139251708984,12.431445121765137,12.089268684387207,11.725014686584473,11.379404067993164,11.122604370117188,10.828499794006348,10.442364692687988,10.448395729064941,11.449724197387695,12.928751945495605,13.896499633789062,14.284674644470215,14.49012279510498,14.500617027282715,14.390312194824219,14.313591957092285,14.235136985778809,13.906020164489746,13.228120803833008,12.24263858795166,11.47009563446045,11.744012832641602,12.883865356445312
17.520235061645508,16.501096725463867,14.124808311462402,12.016120910644531,10.415204048156738,10.371088027954102,12.134368896484375,12.253039360046387,10.892759323120117,9.97006893157959,9.503072738647461,8.503402709960938,7.586371898651123,7.428858280181885,7.862218379974365,8.554496765136719,8.89943790435791,9.129934310913086,9.207245826721191,9.347662925720215,10.140973091125488,10.908665657043457,10.815637588500977,10.353373527526855,9.742815971374512,9.549721717834473,9.37497329711914,8.927240371704102,8.551667213439941,9.088337898254395,10.512066841125488,11.995981216430664,13.0443754196167,13.66010570526123,13.949886322021484,14.228799819946289,14.554983139038086,14.82667064666748,14.840119361877441,14.257360458374023,13.253680229187012,12.436172485351562,12.494796752929688,13.489067077636719
15.49179458618164,15.094162940979004,13.327474594116211,11.723939895629883,10.347869873046875,9.963991165161133,11.79888916015625,12.884357452392578,11.397872924804688,9.91753101348877,9.279247283935547,8.943286895751953,8.3884916305542,7.843576908111572,7.852903366088867,8.5164213180542,8.383683204650879,7.64207124710083,6.671347618103027,6.193020820617676,6.858262062072754,7.540153503417969,7.347714424133301,7.259049415588379,7.38593053817749,7.524337291717529,7.770915985107422,8.008625984191895,8.076852798461914,8.187177658081055,8.892640113830566,10.215901374816895,11.686339378356934,12.826815605163574,13.484908103942871,13.98692798614502,14.633868217468262,15.152798652648926,15.385757446289062,15.327526092529297,15.065773010253906,14.648246765136719,14.311225891113281,14.770895957946777
13.71031665802002,13.893146514892578,13.062822341918945,12.208356857299805,10.755602836608887,9.75286865234375,10.772451400756836,12.45919418334961,11.331818580627441,9.49809741973877,8.97347640991211,8.983599662780762,8.644430160522461,8.516462326049805,8.612554550170898,9.069087028503418,8.461404800415039,6.483945369720459,4.582507133483887,3.889155149459839,3.6586854457855225,3.637303113937378,3.842885732650757,4.3412766456604,4.983789920806885,5.543785572052002,6.199782371520996,7.031147480010986,7.885344505310059,8.43872356414795,8.825857162475586,9.596871376037598,10.774384498596191,12.02565860748291,13.14262580871582,13.991345405578613,14.751282691955566,15.388496398925781,15.6984224319458,15.864354133605957,16.298295974731445,16.856849670410156,16.796977996826172,16.71076011657715
13.651081085205078,14.223011016845703,13.761999130249023,13.130821228027344,11.62073040008545,10.096715927124023,10.558948516845703,12.300505638122559,10.91376781463623,8.506803512573242,8.127020835876465,8.417571067810059,8.43635082244873,8.626343727111816,9.486003875732422,10.725082397460938,10.244416236877441,7.500572204589844,4.988093376159668,3.7997474670410156,3.010544538497925,2.523409128189087,2.438624382019043,2.676814079284668,3.1679489612579346,3.668121814727783,4.305920124053955,5.436617374420166,6.963755130767822,8.338224411010742,9.239104270935059,9.914905548095703,10.673622131347656,11.633275032043457,12.807080268859863,13.924633026123047,14.833735466003418,15.677133560180664,16.2763614654541,16.517927169799805,16.8889102935791,17.807769775390625,18.410842895507812,18.220661163330078
14.23997688293457,14.99953842163086,14.519576072692871,13.77401351928711,12.402482032775879,11.418574333190918,12.45544147491455,14.441617012023926,12.603843688964844,9.439716339111328,9.107059478759766,9.564573287963867,9.411968231201172,9.304949760437012,10.498918533325195,12.42615795135498,12.435282707214355,10.063777923583984,7.644781589508057,5.924675941467285,4.477962493896484,3.502775192260742,3.041954517364502,2.8223159313201904,2.790891647338867,2.8163490295410156,3.0169947147369385,3.897740602493286,5.353923797607422,6.980727672576904,8.450202941894531,9.648850440979004,10.652256965637207,11.604445457458496,12.663437843322754,13.734079360961914,14.638967514038086,15.537528991699219,16.478506088256836,17.177339553833008,17.642974853515625,18.18731689453125,18.74535369873047,18.932693481445312
15.078787803649902,15.834199905395508,15.095519065856934,13.987370491027832,12.792642593383789,12.512742042541504,14.132055282592773,16.363195419311523,15.254544258117676,11.905464172363281,10.998716354370117,11.938446044921875,12.320609092712402,11.948756217956543,11.693486213684082,12.147576332092285,12.478869438171387,11.74284553527832,10.1915283203125,8.280791282653809,6.561904430389404,5.494171142578125,5.001019477844238,4.732573509216309,4.379225730895996,3.875134229660034,3.4507269859313965,3.561399459838867,4.292416095733643,5.461148262023926,6.887851715087891,8.371332168579102,9.751387596130371,10.984687805175781,12.122098922729492,13.081743240356445,13.96322250366211,14.990826606750488,16.04181480407715,16.85605812072754,17.33603858947754,17.780628204345703,18.48145294189453,18.997121810913086
15.30763053894043,15.990317344665527,15.053817749023438,13.743613243103027,13.027238845825195,13.23900032043457,14.694693565368652,16.4115047454834,16.111520767211914,13.590275764465332,12.280714988708496,12.77486801147461,13.201800346374512,13.12050724029541,12.428837776184082,11.679800987243652,11.74374771118164,12.063467025756836,11.402546882629395,9.6508207321167,7.909092426300049,6.892420291900635,6.392423152923584,6.065967559814453,5.696850776672363,5.456521511077881,5.390074253082275,5.288024425506592,5.2258806228637695,5.516176223754883,6.187959671020508,7.178557395935059,8.431777000427246,9.832578659057617,11.212035179138184,12.325153350830078,13.225820541381836,14.128812789916992,15.045900344848633,15.797479629516602,16.368310928344727,17.054569244384766,17.882713317871094,18.634403228759766
14.393128395080566,15.129404067993164,14.32120132446289,13.566136360168457,13.451522827148438,14.08829116821289,15.121116638183594,16.188310623168945,16.11841583251953,14.955513000488281,14.077924728393555,14.017751693725586,13.736764907836914,12.877931594848633,12.078217506408691,11.370018005371094,11.464085578918457,12.013134956359863,11.689823150634766,10.20888900756836,8.702926635742188,7.887840747833252,7.439374923706055,7.046665191650391,6.560828685760498,6.511116981506348,6.8341450691223145,7.11386775970459,7.372531890869141,7.747129917144775,8.0026216506958,8.167686462402344,8.414386749267578,8.94363784790039,9.85288143157959,10.983901977539062,12.18798828125,13.364222526550293,14.45239543914795,15.325325012207031,16.230588912963867,17.15672492980957,18.12244987487793,18.740842819213867
13.696432113647461,14.3862886428833,13.963338851928711,14.014915466308594,14.125391006469727,14.985541343688965,16.212453842163086,17.61588478088379,17.411853790283203,16.60772132873535,16.319772720336914,15.930890083312988,15.081499099731445,13.225393295288086,11.196212768554688,10.50961971282959,11.079856872558594,11.741036415100098,11.363609313964844,10.081427574157715,9.068045616149902,8.645513534545898,8.39523983001709,8.087770462036133,7.644255638122559,7.564457893371582,7.763230323791504,8.010019302368164,8.37675666809082,8.985037803649902,9.64947509765625,9.949695587158203,9.980356216430664,10.11518383026123,10.447869300842285,10.854055404663086,11.441370010375977,12.359094619750977,13.496216773986816,14.653814315795898,15.958578109741211,17.329416275024414,18.49352264404297,19.767141342163086
14.123053550720215,14.859625816345215,14.75042724609375,15.120330810546875,15.318331718444824,16.68290138244629,18.445091247558594,19.535863876342773,18.710847854614258,18.137950897216797,18.32843589782715,17.47062873840332,16.023427963256836,15.01364517211914,13.15893840789795,11.36709976196289,11.087550163269043,11.264650344848633,10.852449417114258,10.139399528503418,9.740768432617188,9.608283042907715,9.411931991577148,8.937450408935547,8.604727745056152,8.765618324279785,8.973944664001465,9.083720207214355,9.42104434967041,9.856938362121582,10.268538475036621,10.815194129943848,11.654102325439453,12.450189590454102,12.904566764831543,13.0089111328125,13.00395679473877,13.205300331115723,13.979683876037598,15.058751106262207,16.17225456237793,17.32468605041504,18.720029830932617,20.47368621826172
14.621171951293945,15.42530345916748,15.590094566345215,16.079513549804688,16.768648147583008,18.58022117614746,20.201507568359375,20.024620056152344,18.73088836669922,18.29046058654785,18.0248966217041,16.76190185546875,15.488152503967285,15.345382690429688,15.326116561889648,14.653045654296875,13.734277725219727,13.35830307006836,13.341985702514648,12.924593925476074,12.077482223510742,11.421469688415527,11.030915260314941,10.599968910217285,10.439282417297363,10.612869262695312,10.645763397216797,10.688494682312012,11.114791870117188,11.663262367248535,12.140276908874512,12.596092224121094,13.110033988952637,13.562261581420898,13.869712829589844,14.12753677368164,14.481882095336914,14.997198104858398,15.707215309143066,16.715261459350586,17.934053421020508,19.32347869873047,20.98342514038086,22.85234260559082
14.504120826721191,14.854069709777832,15.16650104522705,16.290407180786133,17.59438133239746,18.902738571166992,19.42186737060547,18.940908432006836,18.73918342590332,18.254669189453125,16.671314239501953,15.772478103637695,16.3536319732666,17.193620681762695,16.834699630737305,15.983567237854004,16.02718162536621,17.079633712768555,18.001861572265625,17.44276237487793,15.669170379638672,14.193472862243652,13.396410942077637,13.075136184692383,13.234341621398926,13.644417762756348,13.801342010498047,13.859052658081055,14.191629409790039,14.661330223083496,14.943387985229492,14.970376014709473,14.887203216552734,14.807548522949219,14.795510292053223,14.910784721374512,15.321310997009277,16.186962127685547,17.294218063354492,18.273181915283203,19.16620445251465,20.689983367919922,22.9271183013916,25.765792846679688
14.51955795288086,14.380120277404785,14.69908618927002,16.50731658935547,17.70619010925293,17.672868728637695,17.35418128967285,17.814321517944336,18.573970794677734,18.25895118713379,17.146730422973633,16.45183753967285,16.554210662841797,17.165693283081055,17.08150291442871,16.173763275146484,16.00129508972168,17.394010543823242,19.460798263549805,19.706340789794922,18.15041732788086,17.06195640563965,17.016345977783203,17.606403350830078,18.383892059326172,18.968860626220703,19.217042922973633,19.337940216064453,19.54126739501953,19.683124542236328,19.59039878845215,19.25126838684082,18.757753372192383,18.20138168334961,17.595529556274414,17.010398864746094,16.716955184936523,17.045141220092773,17.996810913085938,19.114381790161133,19.963197708129883,21.26512336730957,23.450254440307617,26.540170669555664
