data/wind_data/wind_36_3.json
{"header": {"parameterUnit": "KT", "parameterCategory": 2, "nx": 256, "ny": 198, "lo1": 44.73521041870117, "la1": -3.236724853515625, "lo2": 111.26478576660156, "la2": 43.468475341796875, "dx": 0.2609002888202667, "dy": -0.23708222806453705, "refTime": "2025-02-20 12:00:00", "forecastTime": 0, "parameterNumber": 2, "parameterNumberName": "eastward_wind"}, "data":
[rows 19 to 37 of 198, columns 44 to 87 of 256]
1.036155343055725,1.1371386051177979,2.0769989490509033,2.7596659660339355,2.7455615997314453,2.200056314468384,2.1304004192352295,2.5044796466827393,3.03413987159729,2.874732494354248,2.537769317626953,2.6129422187805176,2.6340129375457764,2.7402946949005127,2.5563642978668213,2.398667097091675,2.043487787246704,1.7803099155426025,2.2534172534942627,2.867201805114746,3.6429755687713623,3.838361978530884,3.3394906520843506,2.515773057937622,1.2955654859542847,0.229206383228302,0.9339373111724854,0.4082404375076294,-0.8959993720054626,-1.5178629159927368,-2.6965856552124023,-2.964604139328003,-3.4583165645599365,-4.166388988494873,-4.806000709533691,-5.333611011505127,-5.764873504638672,-5.196022987365723,-5.213775634765625,-5.102907657623291,-6.515927791595459,-7.48985481262207,-8.939238548278809,-9.41899585723877
0.7972235679626465,0.707542896270752,1.4091124534606934,2.2242019176483154,2.324826955795288,1.731783151626587,1.5226280689239502,1.9152183532714844,2.135028600692749,1.819278597831726,1.3506593704223633,1.2118074893951416,1.6161199808120728,2.104093074798584,1.931613564491272,1.5741493701934814,1.7928766012191772,1.4311378002166748,0.9324545860290527,1.3632807731628418,2.5024826526641846,2.8042540550231934,2.1465930938720703,1.1594712734222412,0.27697286009788513,-0.6757339835166931,-1.2780991792678833,-2.075186252593994,-2.95367693901062,-3.4985013008117676,-3.9928436279296875,-4.154494762420654,-4.340531349182129,-4.264158725738525,-4.261496543884277,-5.0993571281433105,-7.056594371795654,-4.9780707359313965,-5.8218560218811035,-6.879215717315674,-7.328184127807617,-7.456641674041748,-8.835408210754395,-8.848794937133789
0.9541176557540894,0.3985271155834198,0.4492424428462982,1.052263855934143,1.1066269874572754,0.43028464913368225,0.33332356810569763,0.8560976982116699,1.182085633277893,1.0048736333847046,0.7732419967651367,0.534501850605011,0.6876190900802612,1.1110203266143799,1.2042829990386963,1.038305640220642,0.6756421327590942,0.09635365754365921,-0.19113723933696747,0.09106632322072983,0.48133155703544617,0.6441479325294495,0.04396254941821098,-0.7001467347145081,-1.1324414014816284,-1.372787356376648,-2.3964879512786865,-3.9590816497802734,-4.816511631011963,-4.866458415985107,-4.82809591293335,-4.6816487312316895,-4.777325630187988,-4.852508544921875,-5.311893463134766,-6.666276931762695,-6.983365058898926,-6.166018486022949,-7.041736602783203,-7.622213363647461,-7.706785202026367,-7.7651166915893555,-7.7459211349487305,-7.518844127655029
-2.4455409049987793,-1.8179107904434204,-0.9868310689926147,-0.03714959695935249,0.17583149671554565,-0.901271641254425,-1.1774977445602417,-0.19896084070205688,0.6370693445205688,0.14154227077960968,0.0303548164665699,-0.22446806728839874,0.07813825458288193,0.030163228511810303,-0.21587242186069489,-0.7159404754638672,-0.918063759803772,-1.1044204235076904,-1.941823124885559,-2.6575772762298584,-2.1813223361968994,-1.5322812795639038,-1.3992819786071777,-1.704599142074585,-2.4215736389160156,-3.3699467182159424,-4.422696113586426,-5.243816375732422,-5.42606782913208,-5.311707496643066,-5.393260955810547,-5.396609783172607,-5.595797538757324,-6.236850738525391,-6.815947532653809,-6.847079753875732,-6.4471025466918945,-7.383522987365723,-8.526206016540527,-8.770843505859375,-8.466806411743164,-8.125226974487305,-7.251533031463623,-7.41177225112915
-8.038557052612305,-5.182872772216797,-3.6617629528045654,-1.801651120185852,-2.100980281829834,-1.4119441509246826,-2.2254672050476074,-2.1066737174987793,-0.14756028354167938,-1.200804352760315,-0.8550202250480652,-1.1405608654022217,-1.0046947002410889,-1.400554895401001,-1.6249700784683228,-1.7392938137054443,-1.7739876508712769,-2.3069000244140625,-3.2515640258789062,-3.855164051055908,-3.5696170330047607,-2.8794491291046143,-2.499394655227661,-2.974564790725708,-4.354495048522949,-5.776609420776367,-6.532808780670166,-6.58527135848999,-6.126676559448242,-5.8526997566223145,-6.105112075805664,-6.388245582580566,-6.749449253082275,-7.543923377990723,-8.386778831481934,-7.967283248901367,-6.913254737854004,-8.04173469543457,-10.018062591552734,-9.065446853637695,-8.051750183105469,-8.67235279083252,-7.238061428070068,-7.651962757110596
-10.848099708557129,-8.90155029296875,-7.211248397827148,-6.022215843200684,-6.232161045074463,-4.660637378692627,-0.8707645535469055,-5.686119079589844,-1.8834912776947021,-2.678732395172119,-2.041447401046753,-2.142396926879883,-1.9986166954040527,-2.321765661239624,-2.7313179969787598,-2.977334499359131,-2.814694881439209,-2.98189115524292,-3.5823581218719482,-4.354093551635742,-4.721573829650879,-4.729640007019043,-4.925198078155518,-5.694819927215576,-6.789055824279785,-7.951684474945068,-8.357600212097168,-7.6342854499816895,-6.636585235595703,-6.3435773849487305,-6.710153102874756,-7.044449806213379,-7.534491539001465,-8.704649925231934,-10.150893211364746,-10.022242546081543,-9.269424438476562,-8.487770080566406,-9.088326454162598,-9.161572456359863,-9.01284122467041,-8.399007797241211,-7.590270042419434,-7.735385894775391
-8.436970710754395,-7.917456150054932,-8.232969284057617,-8.082168579101562,-8.060029029846191,-5.895477294921875,-6.36292028427124,-5.714462757110596,-3.8652713298797607,-2.8291354179382324,-3.1679320335388184,-3.2256712913513184,-3.3084449768066406,-3.290661573410034,-3.4583499431610107,-3.714381217956543,-3.6041831970214844,-3.9411845207214355,-4.5331339836120605,-5.323882102966309,-5.74281120300293,-6.12930154800415,-6.960545539855957,-7.982797622680664,-8.643899917602539,-9.493999481201172,-9.418808937072754,-8.589155197143555,-7.605906963348389,-7.332309722900391,-7.373449325561523,-7.778038024902344,-8.068642616271973,-9.528153419494629,-11.519762992858887,-10.451700210571289,-10.431585311889648,-9.67280101776123,-9.75450611114502,-9.585809707641602,-9.329436302185059,-8.451165199279785,-7.619815349578857,-7.2112627029418945
-2.424339771270752,-4.680490016937256,-7.437892436981201,-9.590993881225586,-8.008731842041016,-6.269379138946533,-6.322309494018555,-7.01034688949585,-5.341391563415527,-3.789557695388794,-4.682441711425781,-4.325805187225342,-4.355400562286377,-4.085381984710693,-4.0562968254089355,-4.549887180328369,-4.659891128540039,-4.691460609436035,-5.451146602630615,-6.29885721206665,-6.869121551513672,-7.187274932861328,-7.583766460418701,-8.393099784851074,-9.458491325378418,-10.277750015258789,-10.299117088317871,-9.704035758972168,-9.142974853515625,-8.920296669006348,-9.090413093566895,-9.81671142578125,-9.865360260009766,-11.095688819885254,-11.862813949584961,-11.560644149780273,-10.820465087890625,-10.392679214477539,-10.188191413879395,-9.533763885498047,-8.932948112487793,-8.572765350341797,-8.032995223999023,-7.161238193511963
-4.231404781341553,-5.192827224731445,-7.093943119049072,-9.207813262939453,-9.266073226928711,-8.378522872924805,-7.739389419555664,-7.614076137542725,-7.2791748046875,-5.555771827697754,-6.07103967666626,-6.018475532531738,-4.79980993270874,-4.9839091300964355,-4.962436676025391,-5.059825897216797,-5.4289445877075195,-5.600042343139648,-6.305678844451904,-7.227414608001709,-7.792945384979248,-7.932098865509033,-7.8867411613464355,-8.33212661743164,-9.485260009765625,-10.57439136505127,-10.850752830505371,-10.690460205078125,-10.552424430847168,-10.587059020996094,-10.899672508239746,-11.021328926086426,-10.963801383972168,-11.591866493225098,-12.360825538635254,-12.134773254394531,-11.433623313903809,-10.803685188293457,-9.775941848754883,-8.881586074829102,-8.486525535583496,-8.634686470031738,-8.547577857971191,-7.7083659172058105
-5.729397773742676,-7.261880397796631,-8.574065208435059,-8.797308921813965,-8.707403182983398,-8.863441467285156,-8.721413612365723,-8.12759780883789,-8.554973602294922,-8.757801055908203,-9.003464698791504,-7.856290817260742,-5.061980247497559,-6.030263900756836,-6.2842841148376465,-5.901717185974121,-6.1346259117126465,-6.400583744049072,-7.2021660804748535,-7.907828330993652,-8.244095802307129,-8.573267936706543,-8.915485382080078,-9.36304759979248,-9.84263801574707,-10.292618751525879,-10.895681381225586,-11.61670970916748,-12.012776374816895,-12.006107330322266,-12.134134292602539,-12.216679573059082,-12.047532081604004,-12.07768440246582,-11.806302070617676,-11.477519989013672,-10.712722778320312,-10.539012908935547,-9.165464401245117,-8.666769981384277,-8.788822174072266,-8.923770904541016,-8.596505165100098,-8.07276439666748
-7.386711597442627,-6.907242298126221,-7.281917095184326,-7.39971923828125,-7.8993659019470215,-8.968506813049316,-9.410820960998535,-8.961202621459961,-8.189377784729004,-7.848755359649658,-7.485509395599365,-7.086879253387451,-7.407553672790527,-7.631505966186523,-7.395046234130859,-6.904481887817383,-7.218140125274658,-7.18206787109375,-7.8091020584106445,-8.311565399169922,-8.773673057556152,-9.293664932250977,-9.774292945861816,-10.343585968017578,-10.98340892791748,-11.46414566040039,-11.618849754333496,-11.739006996154785,-12.217056274414062,-12.830775260925293,-13.033347129821777,-12.777182579040527,-12.37919807434082,-12.105677604675293,-11.743368148803711,-11.067117691040039,-10.382023811340332,-9.674844741821289,-8.986458778381348,-9.143702507019043,-9.078720092773438,-9.070109367370605,-9.135910987854004,-8.939803123474121
-7.501811504364014,-7.037731170654297,-6.903458118438721,-7.0084147453308105,-7.68087100982666,-9.3718843460083,-9.846390724182129,-8.916723251342773,-8.046568870544434,-8.521392822265625,-9.839619636535645,-8.822131156921387,-8.999711036682129,-8.780716896057129,-8.739141464233398,-8.000978469848633,-7.565018653869629,-8.123594284057617,-8.605101585388184,-9.006518363952637,-9.225406646728516,-9.796875953674316,-10.569795608520508,-11.41061782836914,-11.99345588684082,-12.342029571533203,-12.401373863220215,-12.343849182128906,-12.567585945129395,-13.11316204071045,-13.367409706115723,-12.989640235900879,-12.368559837341309,-12.066263198852539,-11.86816120147705,-11.09003734588623,-9.778189659118652,-9.222705841064453,-9.505233764648438,-9.67759895324707,-9.806416511535645,-9.73763370513916,-9.701354026794434,-9.604978561401367
-7.462991714477539,-7.882769584655762,-8.105134963989258,-7.9540181159973145,-8.242833137512207,-9.560887336730957,-10.00693416595459,-8.927376747131348,-9.705535888671875,-9.720596313476562,-10.511046409606934,-9.68014144897461,-10.506129264831543,-9.779596328735352,-9.587762832641602,-8.836925506591797,-7.528995990753174,-9.121390342712402,-9.846467971801758,-9.49561595916748,-9.900320053100586,-10.11030387878418,-11.17334270477295,-12.32612419128418,-12.920146942138672,-13.1306734085083,-13.21153450012207,-13.227973937988281,-13.346776962280273,-13.450411796569824,-13.382452011108398,-13.155350685119629,-12.814553260803223,-12.272858619689941,-11.34591293334961,-10.373665809631348,-9.862217903137207,-9.777542114257812,-9.992196083068848,-10.379494667053223,-10.60011100769043,-10.592209815979004,-10.521592140197754,-10.369840621948242
-6.639027118682861,-7.405852317810059,-8.975574493408203,-9.580863952636719,-9.011370658874512,-8.815939903259277,-9.655906677246094,-10.144021987915039,-9.497838020324707,-7.888967990875244,-8.696791648864746,-10.325578689575195,-12.136609077453613,-10.886979103088379,-9.63070297241211,-8.824972152709961,-8.446111679077148,-12.29401969909668,-12.251851081848145,-9.324687004089355,-11.02955150604248,-10.519550323486328,-11.75194263458252,-13.27706527709961,-13.629561424255371,-13.996881484985352,-13.981833457946777,-13.894551277160645,-13.886845588684082,-13.876716613769531,-13.765626907348633,-13.533394813537598,-12.861336708068848,-11.96249008178711,-11.16553020477295,-10.709203720092773,-10.51006031036377,-10.479649543762207,-10.77725887298584,-11.19485092163086,-11.44308853149414,-11.57687759399414,-11.6857271194458,-11.714604377746582
-6.564108371734619,-7.6483330726623535,-9.60776138305664,-10.496217727661133,-9.71517276763916,-8.561612129211426,-8.775829315185547,-9.120684623718262,-8.765291213989258,-8.126763343811035,-8.973413467407227,-10.798263549804688,-11.92000675201416,-11.397078514099121,-10.655125617980957,-10.44893741607666,-10.513702392578125,-11.731249809265137,-11.461962699890137,-10.186383247375488,-11.495341300964355,-11.733680725097656,-13.023337364196777,-14.451926231384277,-13.685260772705078,-14.801675796508789,-14.162947654724121,-14.229107856750488,-14.186141967773438,-14.130038261413574,-14.020905494689941,-13.723758697509766,-13.047162055969238,-12.167131423950195,-11.567669868469238,-11.453804016113281,-11.493821144104004,-11.475043296813965,-11.812884330749512,-12.342875480651855,-12.543116569519043,-12.794244766235352,-13.244729995727539,-13.47752857208252
-7.798605918884277,-7.970517158508301,-9.33277416229248,-10.567421913146973,-10.454570770263672,-9.693638801574707,-9.459428787231445,-9.393695831298828,-9.597386360168457,-10.295411109924316,-11.213778495788574,-11.697683334350586,-11.882120132446289,-11.131266593933105,-11.06503677368164,-11.669961929321289,-12.397660255432129,-12.385207176208496,-12.527081489562988,-12.031232833862305,-12.294325828552246,-13.392125129699707,-13.994762420654297,-13.910975456237793,-13.889586448669434,-14.845914840698242,-13.801302909851074,-14.19099235534668,-14.436704635620117,-14.543824195861816,-14.578330039978027,-14.10547161102295,-13.6907958984375,-13.0609130859375,-12.637859344482422,-12.349061965942383,-12.320120811462402,-12.66712760925293,-13.170780181884766,-13.604155540466309,-13.977821350097656,-14.433146476745605,-14.83816909790039,-14.922896385192871
-9.0858154296875,-8.985671043395996,-8.916038513183594,-10.155781745910645,-10.779526710510254,-10.705291748046875,-10.285059928894043,-10.101920127868652,-10.100359916687012,-10.340034484863281,-11.44723129272461,-12.204815864562988,-12.807756423950195,-11.781251907348633,-11.51760482788086,-12.63351058959961,-14.266599655151367,-12.755528450012207,-13.689521789550781,-13.251893043518066,-13.302891731262207,-14.420716285705566,-15.27422046661377,-15.573527336120605,-14.445661544799805,-13.403779029846191,-13.519813537597656,-13.91751766204834,-14.356764793395996,-15.045367240905762,-15.391996383666992,-15.149133682250977,-14.510486602783203,-14.263821601867676,-13.884214401245117,-13.86806583404541,-13.709107398986816,-13.925333023071289,-14.298345565795898,-14.804801940917969,-15.371854782104492,-15.822652816772461,-16.03911590576172,-16.085304260253906
-9.024767875671387,-9.466207504272461,-9.10647964477539,-9.233522415161133,-10.401224136352539,-11.078577041625977,-10.964481353759766,-11.445992469787598,-11.427018165588379,-11.20392894744873,-11.55355167388916,-12.531363487243652,-13.542245864868164,-12.924129486083984,-12.8992919921875,-13.137385368347168,-13.445610046386719,-13.548110961914062,-14.124351501464844,-13.908984184265137,-14.591582298278809,-15.590600967407227,-15.915800094604492,-15.718565940856934,-14.764871597290039,-14.203208923339844,-14.10904598236084,-13.528085708618164,-13.611072540283203,-15.999926567077637,-16.009597778320312,-17.078506469726562,-14.521258354187012,-15.837864875793457,-14.965302467346191,-15.31832218170166,-15.338643074035645,-15.234278678894043,-15.426746368408203,-15.855881690979004,-16.461959838867188,-16.752294540405273,-16.78050422668457,-16.82916259765625
-8.3356351852417,-9.185977935791016,-10.314848899841309,-10.660857200622559,-10.41147232055664,-10.82165813446045,-11.199994087219238,-12.079174041748047,-11.68608283996582,-12.236612319946289,-12.495820045471191,-12.63693904876709,-13.248655319213867,-13.826264381408691,-14.353747367858887,-14.6052827835083,-14.58378791809082,-14.043607711791992,-14.46745777130127,-15.028745651245117,-15.845000267028809,-16.188987731933594,-16.24192237854004,-16.06587028503418,-15.712841987609863,-15.707419395446777,-15.871841430664062,-15.620810508728027,-15.53178596496582,-17.10611915588379,-18.60158920288086,-17.305410385131836,-15.921843528747559,-16.75832748413086,-16.30013084411621,-16.587688446044922,-17.02732276916504,-16.703853607177734,-16.815595626831055,-17.013900756835938,-17.4971923828125,-17.5489501953125,-17.23308563232422,-17.133365631103516
