data/wind_data/wind_63_0.json
{"header": {"parameterUnit": "KT", "parameterCategory": 2, "nx": 255, "ny": 198, "lo1": 44.73521041870117, "la1": -3.236724853515625, "lo2": 111.26478576660156, "la2": 43.468475341796875, "dx": 0.26192745566368103, "dy": -0.23708222806453705, "refTime": "2025-02-21 15:00:00", "forecastTime": 0, "parameterNumber": 3, "parameterNumberName": "northward_wind"}, "data":
[rows 19 to 37 of 198, columns 86 to 128 of 255]
-8.786378860473633,-9.704757690429688,-9.347898483276367,-7.73945426940918,-7.096405506134033,-7.83084774017334,-8.239480018615723,-8.67733097076416,-8.893003463745117,-8.802080154418945,-8.858924865722656,-8.815485954284668,-8.977081298828125,-9.215805053710938,-9.479182243347168,-9.449376106262207,-9.45757007598877,-9.627159118652344,-10.11007022857666,-10.663739204406738,-11.273935317993164,-10.69437313079834,-10.537276268005371,-10.008681297302246,-10.046273231506348,-9.792299270629883,-9.448728561401367,-9.623370170593262,-9.805709838867188,-9.750916481018066,-6.804815769195557,-2.7155070304870605,-3.1578941345214844,-7.447686195373535,-9.802022933959961,-10.625378608703613,-9.74852466583252,-8.213171005249023,-9.331917762756348,-10.640299797058105,-11.834733963012695,-12.472631454467773,-11.182611465454102
-8.227410316467285,-8.72072982788086,-8.921407699584961,-7.890780925750732,-7.034424304962158,-7.421525478363037,-7.984810829162598,-8.289785385131836,-8.288061141967773,-8.196821212768555,-8.473353385925293,-8.77462387084961,-8.85805606842041,-8.778772354125977,-8.988130569458008,-9.204124450683594,-9.586441040039062,-10.062421798706055,-10.352899551391602,-10.906580924987793,-10.996307373046875,-10.022065162658691,-9.26353645324707,-9.430334091186523,-9.727160453796387,-9.149958610534668,-8.94216537475586,-9.44626235961914,-10.29035472869873,-11.050737380981445,-8.672638893127441,-4.399251937866211,-4.86353874206543,-7.8509297370910645,-9.495471954345703,-10.393997192382812,-9.85766887664795,-9.386693000793457,-9.472207069396973,-9.91890811920166,-10.363409042358398,-9.965130805969238,-9.841239929199219
-7.68247127532959,-7.66811466217041,-7.427673816680908,-7.102663040161133,-7.181557655334473,-7.1783928871154785,-7.5083770751953125,-7.600080490112305,-6.98662805557251,-6.665082931518555,-7.645642280578613,-8.561858177185059,-8.637107849121094,-7.742630481719971,-7.662256717681885,-8.522492408752441,-9.480454444885254,-9.750012397766113,-9.92966079711914,-10.32286548614502,-10.131416320800781,-9.46783447265625,-8.434304237365723,-9.034764289855957,-9.048693656921387,-8.649639129638672,-8.37410831451416,-9.111572265625,-10.624627113342285,-11.794490814208984,-11.139433860778809,-7.9627838134765625,-6.567503929138184,-8.000170707702637,-8.96942138671875,-9.668153762817383,-9.9834566116333,-9.614516258239746,-9.31065845489502,-9.613261222839355,-9.827839851379395,-9.74669075012207,-9.738371849060059
-7.274883270263672,-7.64821720123291,-7.467689037322998,-6.910806179046631,-6.608971118927002,-6.78582239151001,-7.087304592132568,-7.308960914611816,-6.858417987823486,-6.354067325592041,-6.526007175445557,-7.849989891052246,-8.614242553710938,-7.641223430633545,-6.7729644775390625,-7.837304592132568,-9.366592407226562,-9.017040252685547,-9.06898021697998,-9.81047248840332,-9.817850112915039,-9.594182968139648,-9.11587142944336,-9.349282264709473,-9.39864444732666,-8.636161804199219,-8.44891357421875,-9.521750450134277,-10.159723281860352,-9.251296043395996,-10.352927207946777,-10.00443172454834,-8.111374855041504,-8.153276443481445,-8.88664722442627,-9.391607284545898,-9.496137619018555,-9.364433288574219,-9.021384239196777,-9.452858924865723,-9.33719539642334,-8.847306251525879,-7.957761764526367
-6.497066497802734,-7.4671759605407715,-7.623351097106934,-6.789182662963867,-6.135333061218262,-6.399427890777588,-6.5985541343688965,-6.777256965637207,-7.4185638427734375,-7.148895740509033,-6.355510711669922,-7.201878070831299,-8.261188507080078,-7.971279621124268,-7.1349639892578125,-7.679802417755127,-8.934598922729492,-8.729369163513184,-8.315462112426758,-8.993863105773926,-9.305206298828125,-9.598809242248535,-9.210393905639648,-9.269246101379395,-9.38769245147705,-8.787931442260742,-8.806374549865723,-9.603351593017578,-9.612424850463867,-7.720052242279053,-7.9542083740234375,-9.139067649841309,-8.623367309570312,-7.7441725730896,-8.372812271118164,-8.840513229370117,-9.127462387084961,-9.052584648132324,-9.02437686920166,-9.148946762084961,-8.575589179992676,-7.803293228149414,-7.484396934509277
-5.7412004470825195,-6.81553840637207,-6.890122413635254,-6.384506702423096,-5.640416622161865,-5.528861045837402,-5.9758501052856445,-6.0757951736450195,-6.174908638000488,-6.013853549957275,-6.510870933532715,-7.270423889160156,-7.490736484527588,-7.2908759117126465,-7.211264610290527,-7.2924017906188965,-7.875301837921143,-8.388777732849121,-8.370988845825195,-8.584830284118652,-8.811016082763672,-8.893712997436523,-8.516100883483887,-8.015457153320312,-7.970174789428711,-8.428082466125488,-8.609951972961426,-8.700864791870117,-8.965131759643555,-8.737776756286621,-8.17878532409668,-8.27650260925293,-7.967284679412842,-7.223191261291504,-7.827394962310791,-8.243511199951172,-8.658034324645996,-8.268598556518555,-8.038752555847168,-8.079222679138184,-7.81259822845459,-7.656731605529785,-7.7434515953063965
-6.1363725662231445,-5.829606056213379,-6.1732707023620605,-6.665313243865967,-5.946448802947998,-5.211671829223633,-5.511173248291016,-6.0388593673706055,-5.689640045166016,-5.501999855041504,-6.168275833129883,-6.818068981170654,-7.12214994430542,-6.93720006942749,-6.872844696044922,-6.720221519470215,-7.210361480712891,-7.839761734008789,-8.28024959564209,-8.286001205444336,-8.023980140686035,-7.69871711730957,-7.342806816101074,-6.969851016998291,-6.999212265014648,-7.613887786865234,-7.880368232727051,-7.6610283851623535,-7.8531951904296875,-8.511083602905273,-8.576308250427246,-7.855164051055908,-6.909299850463867,-6.691720008850098,-7.177975654602051,-7.544973850250244,-7.62803316116333,-6.742736339569092,-6.770020961761475,-7.202129364013672,-7.384159088134766,-7.606603145599365,-7.662152290344238
-5.188579082489014,-4.910455703735352,-5.818039417266846,-6.5870795249938965,-6.2661614418029785,-5.862093448638916,-6.143182754516602,-6.830106735229492,-6.79020357131958,-6.211625099182129,-5.801943778991699,-6.082232475280762,-6.978882312774658,-7.078463554382324,-6.425585746765137,-6.051644802093506,-6.206037998199463,-6.865948677062988,-6.719350814819336,-6.725949287414551,-6.172520637512207,-5.876297473907471,-6.062877655029297,-6.270078182220459,-5.964605331420898,-6.077629089355469,-6.484158515930176,-6.7020769119262695,-6.903167724609375,-7.2539191246032715,-7.309323787689209,-6.5721354484558105,-5.8896050453186035,-5.818063259124756,-6.060319423675537,-6.470287322998047,-6.36940860748291,-5.893472671508789,-6.288806915283203,-6.736654281616211,-7.037136077880859,-7.082507610321045,-7.0334672927856445
-4.044118404388428,-3.5489203929901123,-4.37598180770874,-5.769687652587891,-6.228366374969482,-6.285404205322266,-6.315365314483643,-6.5850067138671875,-6.356366157531738,-5.4588212966918945,-5.05674409866333,-6.011376857757568,-6.860241889953613,-6.37001371383667,-5.067025184631348,-4.899515628814697,-5.37331485748291,-5.915233612060547,-5.548556804656982,-5.3861403465271,-5.187197208404541,-5.363252639770508,-5.467979431152344,-5.171788692474365,-4.761394500732422,-4.848331928253174,-5.186820983886719,-5.596874237060547,-5.9106340408325195,-5.816685199737549,-5.305478096008301,-4.808960914611816,-4.714125633239746,-4.738263130187988,-4.7933478355407715,-5.188067436218262,-6.108644008636475,-6.304655075073242,-6.194230556488037,-6.491140365600586,-6.931739807128906,-6.868504524230957,-6.236490726470947
-5.93173885345459,-4.965330600738525,-4.269241809844971,-4.446812152862549,-5.260419845581055,-5.956690788269043,-5.8174872398376465,-6.141067981719971,-5.505851745605469,-5.196742534637451,-5.7338056564331055,-6.834199905395508,-6.774928569793701,-6.038516998291016,-5.747149467468262,-5.816690921783447,-5.933810234069824,-5.8560261726379395,-6.089322566986084,-5.788117408752441,-5.521711349487305,-5.566679954528809,-5.260806560516357,-4.766845703125,-5.026371479034424,-5.151574611663818,-5.0648674964904785,-4.929443359375,-4.787566184997559,-4.551502704620361,-4.350305080413818,-4.437910079956055,-4.341439723968506,-4.357263565063477,-4.4510698318481445,-4.531977653503418,-5.455471992492676,-6.0442633628845215,-5.76934289932251,-6.228654861450195,-6.97540807723999,-7.58923864364624,-6.5028300285339355
-7.110658168792725,-6.864871978759766,-5.813191890716553,-4.436216831207275,-4.186112880706787,-5.317123889923096,-6.025696754455566,-6.229466915130615,-6.074363708496094,-6.4152655601501465,-6.995790481567383,-6.922913074493408,-6.360103130340576,-6.922287940979004,-7.715095520019531,-7.378112316131592,-6.169525146484375,-6.066440105438232,-6.622621536254883,-6.538959980010986,-6.170713424682617,-5.702317237854004,-5.214051246643066,-4.880112171173096,-5.293776988983154,-5.257391929626465,-5.297952651977539,-5.233160018920898,-4.956151008605957,-4.490201950073242,-3.9983577728271484,-3.8956267833709717,-4.107241153717041,-4.756137847900391,-5.347132205963135,-5.56455659866333,-4.787347793579102,-4.653514385223389,-5.395986080169678,-5.841752052307129,-6.54742956161499,-7.221255302429199,-6.23042631149292
-5.745433807373047,-6.276025772094727,-6.3839521408081055,-5.971275329589844,-5.421105861663818,-4.985940933227539,-5.0760273933410645,-5.766718864440918,-6.396461009979248,-6.309049129486084,-5.455297946929932,-5.359947204589844,-6.5902485847473145,-7.597014904022217,-7.29531192779541,-6.458582878112793,-6.127712249755859,-6.798435688018799,-6.519583702087402,-6.154116630554199,-6.526255130767822,-6.281458854675293,-5.622828006744385,-5.150269985198975,-5.29128360748291,-5.2889180183410645,-5.25183629989624,-5.4361186027526855,-5.418979167938232,-4.806737422943115,-3.9175641536712646,-3.608081340789795,-4.2374091148376465,-5.297186374664307,-5.815186500549316,-5.862449645996094,-4.669188499450684,-3.9673304557800293,-5.03855562210083,-5.469682693481445,-5.5579657554626465,-5.233837604522705,-4.743460178375244
-4.459995269775391,-5.077890396118164,-5.6333136558532715,-5.653995513916016,-6.182097911834717,-5.680295467376709,-4.950773239135742,-4.959460258483887,-5.687475204467773,-5.678806304931641,-4.307441711425781,-4.111170768737793,-5.807867050170898,-6.723414421081543,-5.912339687347412,-5.309510707855225,-5.876267433166504,-6.168089389801025,-5.569792747497559,-5.08793306350708,-5.26399040222168,-5.778684139251709,-5.664505481719971,-5.14998722076416,-5.148797988891602,-5.078223705291748,-5.230762958526611,-5.129748821258545,-5.161962032318115,-5.159648418426514,-4.796492576599121,-4.64137077331543,-4.628394603729248,-4.793887615203857,-4.864139080047607,-4.683094501495361,-4.402735233306885,-4.141311168670654,-4.767232894897461,-4.9827799797058105,-4.533398628234863,-4.0928754806518555,-4.2358880043029785
-6.535893440246582,-4.2409234046936035,-3.5996921062469482,-4.380769729614258,-5.431005954742432,-5.980094909667969,-6.11798620223999,-4.904805660247803,-4.715743064880371,-5.848963737487793,-5.51274299621582,-4.429422378540039,-4.398134708404541,-4.861161708831787,-5.1013875007629395,-4.770524024963379,-4.578179836273193,-5.245131492614746,-5.1680097579956055,-4.996481418609619,-4.628249645233154,-4.277397632598877,-4.7448577880859375,-4.8722028732299805,-4.047942161560059,-3.301114797592163,-3.4131476879119873,-3.7288753986358643,-3.928027868270874,-4.288501739501953,-4.807609558105469,-5.256839275360107,-4.990164756774902,-4.253862380981445,-3.908372640609741,-3.452183485031128,-3.3043768405914307,-3.7492001056671143,-4.6849212646484375,-4.890097618103027,-4.5007781982421875,-4.514943599700928,-4.619061470031738
-8.307075500488281,-5.799480438232422,-4.432243824005127,-4.520242214202881,-5.174614906311035,-5.895457744598389,-6.474000930786133,-5.583602428436279,-4.114935398101807,-4.859673976898193,-5.774845123291016,-4.81511926651001,-4.249316692352295,-3.7945826053619385,-4.006213188171387,-4.222360134124756,-3.7136292457580566,-4.528425693511963,-4.49255895614624,-4.438700199127197,-4.458364963531494,-3.7688729763031006,-4.26629114151001,-4.739392280578613,-4.592565536499023,-3.7766783237457275,-1.8718461990356445,-0.8561109900474548,-0.523957371711731,-0.5068718194961548,-1.9658496379852295,-4.70127010345459,-5.212155818939209,-4.168621063232422,-2.75830078125,-1.715331792831421,-1.4063365459442139,-2.480100393295288,-4.665119171142578,-4.645407676696777,-4.271829128265381,-4.506815433502197,-4.458010196685791
-7.447628021240234,-7.3238139152526855,-7.111845970153809,-5.72518253326416,-5.298343658447266,-5.772558212280273,-5.977110385894775,-5.306710720062256,-3.587594747543335,-3.365294933319092,-4.575279235839844,-3.976466417312622,-3.5856425762176514,-3.3987956047058105,-3.7118098735809326,-4.274777889251709,-3.7571096420288086,-3.763249397277832,-4.013140678405762,-3.9920947551727295,-4.027857303619385,-4.087531089782715,-4.643167495727539,-5.491362571716309,-7.006652355194092,-7.542924880981445,-4.8303303718566895,-0.4245777130126953,0.4420619010925293,0.18298135697841644,-0.38489773869514465,-3.4144198894500732,-4.86863899230957,-4.27677059173584,-2.341930389404297,-1.2716060876846313,-2.3333935737609863,-4.473750114440918,-4.529026031494141,-3.8400473594665527,-3.759357452392578,-3.9756360054016113,-4.20136022567749
-7.354484558105469,-6.775806427001953,-6.371645450592041,-6.095897674560547,-6.2182817459106445,-6.417360305786133,-5.515809059143066,-4.829028129577637,-4.118066310882568,-3.929119110107422,-3.849989891052246,-3.4349613189697266,-2.966951608657837,-2.553891897201538,-2.987818479537964,-3.665363073348999,-3.219085454940796,-3.13995623588562,-3.8699235916137695,-4.468399524688721,-4.451134204864502,-4.250863552093506,-4.569879531860352,-5.720553398132324,-7.454909324645996,-8.952506065368652,-8.475632667541504,-4.085216999053955,-0.5593738555908203,-1.6362158060073853,-2.9361555576324463,-3.184230327606201,-3.9319968223571777,-3.9790663719177246,-2.9364430904388428,-2.2731144428253174,-3.900550365447998,-6.339770317077637,-4.858868598937988,-3.636199474334717,-3.9026856422424316,-3.9944894313812256,-4.589414596557617
-7.267264366149902,-6.325136184692383,-6.189487934112549,-6.159774303436279,-6.464371681213379,-7.179444313049316,-6.828163146972656,-6.5646562576293945,-6.545585632324219,-6.1644206047058105,-5.267595291137695,-3.9506218433380127,-2.9342052936553955,-1.374379277229309,-0.6242492198944092,-2.129777669906616,-3.4734742641448975,-3.210659980773926,-3.4298295974731445,-4.23621940612793,-4.487311840057373,-4.084682464599609,-3.927485466003418,-5.186828136444092,-6.492924690246582,-7.445858001708984,-7.846983909606934,-6.4313154220581055,-1.8988633155822754,-1.108323097229004,-2.7190394401550293,-2.8322110176086426,-4.266366958618164,-5.060001850128174,-2.727609634399414,-1.8796247243881226,-3.754485845565796,-5.093502998352051,-4.7284111976623535,-4.024777889251709,-4.190016269683838,-4.714123725891113,-5.276857852935791
-6.64794921875,-6.283466815948486,-6.877144813537598,-7.020070552825928,-7.295142650604248,-7.09260892868042,-7.433566093444824,-8.485613822937012,-8.773225784301758,-7.497607231140137,-6.2844929695129395,-5.158461570739746,-4.1587605476379395,-1.874119520187378,-0.06389747560024261,-1.359671711921692,-3.772676467895508,-3.3689324855804443,-2.8716928958892822,-3.7830939292907715,-4.3584442138671875,-4.062387943267822,-3.3130290508270264,-4.000898361206055,-4.732010364532471,-5.317102432250977,-4.990778923034668,-4.654854774475098,-2.7880213260650635,-0.6932957768440247,-0.4139130115509033,-1.3253566026687622,-3.344022274017334,-4.549304485321045,-2.8746299743652344,-2.023188829421997,-3.7336883544921875,-4.03198766708374,-3.4266393184661865,-3.6095502376556396,-4.442359447479248,-5.824059009552002,-6.163290977478027
