data/wind_data/wind_58_1.json
{"header": {"parameterUnit": "KT", "parameterCategory": 2, "nx": 256, "ny": 198, "lo1": 44.73521041870117, "la1": -3.236724853515625, "lo2": 111.26478576660156, "la2": 43.468475341796875, "dx": 0.2609002888202667, "dy": -0.23708222806453705, "refTime": "2025-02-21 10:00:00", "forecastTime": 0, "parameterNumber": 2, "parameterNumberName": "eastward_wind"}, "data":
[rows 152 to 170 of 198, columns 172 to 214 of 256]
19.77583885192871,18.236774444580078,16.283597946166992,16.891864776611328,16.887975692749023,17.495290756225586,18.285804748535156,20.87449073791504,21.835283279418945,16.9249324798584,14.992585182189941,16.9558162689209,17.572439193725586,15.768803596496582,15.53707504272461,17.816837310791016,20.448009490966797,18.572124481201172,16.18124008178711,19.005077362060547,25.132719039916992,14.009143829345703,8.991134643554688,16.107860565185547,17.9769287109375,13.312196731567383,10.70976448059082,9.237814903259277,9.909478187561035,11.4039306640625,12.595368385314941,13.53528118133545,14.346057891845703,15.65685749053955,14.914751052856445,15.386298179626465,16.395822525024414,14.681864738464355,13.89061450958252,12.439107894897461,9.766763687133789,9.574665069580078,9.000724792480469
19.83987808227539,21.125642776489258,18.34485626220703,16.301923751831055,17.17889976501465,18.36402130126953,21.230972290039062,20.43343734741211,18.61304473876953,19.652841567993164,19.92003631591797,17.712125778198242,15.750649452209473,17.57079315185547,19.01319694519043,19.3082332611084,17.944547653198242,18.446348190307617,20.888919830322266,21.801376342773438,23.441242218017578,24.753620147705078,16.372241973876953,4.401669025421143,10.754356384277344,16.420032501220703,9.09226131439209,6.849803447723389,11.824529647827148,14.873519897460938,15.818596839904785,17.573339462280273,14.988066673278809,13.510592460632324,18.978740692138672,18.85138702392578,15.916976928710938,13.201889038085938,9.391400337219238,7.414488792419434,7.980126857757568,8.93790340423584,5.9988789558410645
18.257051467895508,19.571985244750977,20.479976654052734,21.395999908447266,22.06582260131836,22.150089263916016,22.13341522216797,21.368623733520508,21.660924911499023,21.632509231567383,20.979028701782227,21.56290054321289,21.345109939575195,21.803211212158203,22.338550567626953,23.885629653930664,26.471651077270508,24.171724319458008,22.532371520996094,22.855669021606445,22.15468978881836,21.8525333404541,21.2463321685791,11.65202522277832,9.201545715332031,14.708510398864746,10.617944717407227,8.538667678833008,12.961756706237793,16.52437973022461,17.856956481933594,16.692373275756836,20.10263442993164,12.587215423583984,12.771828651428223,16.60829734802246,11.147767066955566,9.21821117401123,3.927574634552002,6.635012149810791,11.09941291809082,7.77017068862915,4.753072738647461
16.781347274780273,19.732919692993164,20.782379150390625,21.500099182128906,22.539026260375977,22.169361114501953,21.5227108001709,21.644384384155273,21.17719268798828,21.389135360717773,21.364891052246094,18.91387176513672,21.052316665649414,23.301822662353516,22.828996658325195,21.740272521972656,21.428396224975586,22.688861846923828,14.66684341430664,10.548971176147461,15.3031005859375,22.19213104248047,24.728923797607422,13.074376106262207,12.426204681396484,15.21980094909668,11.72445011138916,10.776106834411621,16.510326385498047,16.0241756439209,21.88295555114746,22.993602752685547,18.526508331298828,15.793580055236816,11.187816619873047,11.240804672241211,6.358145236968994,4.901411056518555,6.065236568450928,10.805013656616211,9.631558418273926,5.320593357086182,5.093505382537842
19.033594131469727,20.040985107421875,18.70208168029785,18.401704788208008,20.829696655273438,23.355798721313477,21.956384658813477,17.475576400756836,18.224409103393555,19.506851196289062,18.85423469543457,22.213701248168945,22.533498764038086,22.25498390197754,20.429828643798828,19.493257522583008,23.172607421875,16.233577728271484,8.19824504852295,10.274391174316406,12.581032752990723,13.567158699035645,17.389862060546875,17.312599182128906,15.771927833557129,13.18436336517334,12.2604398727417,14.9198637008667,16.038671493530273,12.790600776672363,11.758779525756836,9.519968032836914,13.197644233703613,17.314594268798828,12.292985916137695,11.389899253845215,7.614976406097412,1.5346851348876953,4.853422164916992,8.147828102111816,6.192245006561279,4.583268642425537,5.275296211242676
18.942960739135742,17.26150131225586,13.76772403717041,13.80264663696289,18.443281173706055,15.74449348449707,15.633395195007324,18.708133697509766,18.639745712280273,19.468162536621094,20.845783233642578,21.804763793945312,21.54407501220703,21.597625732421875,23.13727569580078,24.980438232421875,21.676740646362305,25.857955932617188,22.857177734375,10.662220001220703,7.936347007751465,9.220969200134277,12.133330345153809,14.878755569458008,11.955022811889648,7.948127746582031,11.363727569580078,12.759942054748535,10.466681480407715,5.639392852783203,4.335118770599365,5.07941198348999,5.29146146774292,4.473623752593994,5.764156818389893,8.730130195617676,7.9995317459106445,8.911988258361816,8.666852951049805,5.64804744720459,3.5684359073638916,5.7732625007629395,7.775816917419434
17.816469192504883,16.089040756225586,14.138274192810059,15.625292778015137,15.861308097839355,14.032690048217773,13.634881973266602,14.111946105957031,16.424467086791992,18.247365951538086,14.977252006530762,16.052810668945312,21.848283767700195,20.588293075561523,20.888017654418945,22.09054946899414,20.371078491210938,25.48423957824707,18.476083755493164,-0.42230847477912903,-0.4617939293384552,3.461430788040161,5.592494010925293,4.171192646026611,4.570425033569336,4.1439690589904785,4.836040496826172,4.149471759796143,-1.7254315614700317,-6.067830562591553,-1.425808072090149,-0.0202191099524498,0.1772618591785431,2.030512809753418,5.67866325378418,8.532711029052734,10.728791236877441,13.166912078857422,7.055153846740723,-9.558212280273438,-10.263910293579102,-8.218722343444824,-7.502707481384277
12.241850852966309,11.895968437194824,10.026262283325195,12.554512977600098,15.616982460021973,13.164735794067383,14.410888671875,18.594449996948242,18.523218154907227,19.92610740661621,21.33743667602539,19.014707565307617,18.169757843017578,20.77396011352539,19.543418884277344,17.55318832397461,14.057697296142578,12.569975852966309,2.5545694828033447,-4.473546981811523,-0.4876393675804138,3.973524332046509,5.428436756134033,2.7547402381896973,3.9599454402923584,1.9193634986877441,-0.2261143922805786,-3.1677258014678955,-6.1686177253723145,-4.32230281829834,-1.6777058839797974,2.35571551322937,2.0496182441711426,3.3605682849884033,3.800626516342163,10.041863441467285,10.075458526611328,13.409341812133789,-9.215965270996094,-15.045952796936035,-14.09597110748291,-14.336455345153809,-14.06421184539795
5.652838706970215,7.290285110473633,13.85082721710205,14.11400318145752,13.698040962219238,14.50393295288086,13.210506439208984,15.116332054138184,20.29458236694336,20.6020565032959,19.68010711669922,11.455172538757324,11.425859451293945,5.682134628295898,-0.27238914370536804,-3.413170576095581,-2.593693256378174,6.002569198608398,10.661041259765625,6.085132598876953,5.2427825927734375,7.344127655029297,8.469029426574707,4.783310413360596,3.2957139015197754,-0.6894469857215881,-4.117947101593018,-3.968928337097168,-0.3592720031738281,3.8056159019470215,3.9983949661254883,6.0374836921691895,5.579760551452637,5.508502960205078,4.831954002380371,8.3518705368042,13.03460693359375,2.1926069259643555,-13.324310302734375,-10.893152236938477,-11.947441101074219,-14.617609024047852,-14.287193298339844
1.2512233257293701,5.262109756469727,9.885295867919922,12.116830825805664,13.061710357666016,13.955849647521973,13.142194747924805,14.514559745788574,14.47164535522461,5.785955429077148,-2.328279972076416,-3.772160530090332,0.1236233115196228,-2.1138346195220947,-2.29669189453125,-2.301208972930908,0.3652743995189667,6.82034969329834,12.396950721740723,11.672077178955078,8.676366806030273,10.781336784362793,7.950196743011475,4.656163692474365,1.779525876045227,0.07419097423553467,-1.1426091194152832,2.3723297119140625,4.578640460968018,7.109278202056885,4.44785213470459,5.160019874572754,6.100568771362305,4.853765487670898,3.99658465385437,8.533244132995605,0.8963841795921326,-11.085529327392578,-11.234136581420898,-10.045833587646484,-14.214778900146484,-15.301860809326172,-12.604668617248535
0.6045886874198914,1.6783939599990845,3.8575475215911865,6.340414524078369,6.215570449829102,7.469264984130859,3.13883113861084,6.797886371612549,-7.1685590744018555,-13.022419929504395,-9.84562873840332,-7.8614630699157715,-2.9540936946868896,-2.2850301265716553,-0.3638588488101959,0.31568601727485657,2.171374559402466,6.18809175491333,9.55576229095459,9.843661308288574,6.784207820892334,6.0432047843933105,2.1865127086639404,2.8456192016601562,0.8452503681182861,3.049933671951294,0.548801839351654,4.064936637878418,4.408391952514648,0.6411364078521729,2.3646295070648193,1.2264374494552612,3.2324018478393555,3.015913724899292,2.7032477855682373,0.5437467694282532,-11.374792098999023,-9.952653884887695,-10.254537582397461,-6.843623638153076,-10.540148735046387,-11.214460372924805,-11.326162338256836
3.323392391204834,4.183155536651611,5.2927727699279785,8.393854141235352,8.68382740020752,9.160691261291504,9.805633544921875,11.354565620422363,-12.166925430297852,-9.98635482788086,-6.567649841308594,-6.803226470947266,-3.6561365127563477,-1.9716867208480835,0.19916310906410217,2.056779146194458,2.4553396701812744,5.559575080871582,5.143547534942627,4.8424530029296875,1.025831937789917,0.5272125005722046,0.43220755457878113,0.16979537904262543,-1.0246336460113525,-0.07368803024291992,-0.938512921333313,-1.7504451274871826,-1.8542211055755615,-1.1811155080795288,-2.5959067344665527,-4.990894317626953,-5.592313289642334,-2.792590379714966,-1.627211332321167,-10.820700645446777,-7.293971061706543,-5.352671146392822,-4.786505222320557,-11.030086517333984,-12.565277099609375,-12.308613777160645,-11.13360595703125
2.535937547683716,4.801755428314209,4.771067142486572,6.015556812286377,8.96479320526123,12.490424156188965,16.006513595581055,7.059775352478027,-11.239937782287598,-6.835456848144531,-7.460440158843994,-4.972410678863525,-3.186998128890991,-0.9456887245178223,1.0574063062667847,3.244418144226074,3.183947801589966,3.3928616046905518,1.9921739101409912,1.7303392887115479,1.2302486896514893,0.8683880567550659,-0.0020550230983644724,0.06852705776691437,-0.2695903182029724,-1.9992176294326782,-3.702467203140259,-2.9801597595214844,-2.001682996749878,-2.4109580516815186,-3.889538049697876,-6.531664848327637,-5.591033935546875,-3.707575559616089,-2.125331163406372,-5.6259355545043945,-2.2905666828155518,1.5534489154815674,-9.34863567352295,-8.600008964538574,-12.223995208740234,-11.910100936889648,-10.746634483337402
1.8206990957260132,4.427095413208008,3.3717145919799805,5.617603302001953,7.344261169433594,8.803398132324219,9.053712844848633,-4.050780773162842,-9.702139854431152,-4.212048530578613,-4.863088607788086,-3.802920341491699,-2.2772865295410156,-1.0236529111862183,2.2004334926605225,3.3194339275360107,4.4785380363464355,3.620635986328125,4.059025287628174,3.7135188579559326,3.951098680496216,4.010135173797607,3.845630168914795,3.8397490978240967,2.25649356842041,-2.285510301589966,-5.206148624420166,-1.6327532529830933,-0.5196677446365356,-2.0900471210479736,-2.522897243499756,-2.745511531829834,-3.0788817405700684,-0.9708598852157593,1.77322256565094,2.020045280456543,3.6111929416656494,-2.618075370788574,-10.585823059082031,-7.56040620803833,-10.188248634338379,-7.779723167419434,-7.47076940536499
0.9713387489318848,0.18792429566383362,1.2906932830810547,3.218545436859131,-0.699840784072876,-0.9294353127479553,-1.3170185089111328,-2.5103750228881836,-4.270461082458496,-3.9061641693115234,-2.4329497814178467,-1.9876981973648071,-0.6996831893920898,0.28456228971481323,2.6309778690338135,2.808912992477417,4.710803508758545,4.766482830047607,5.437216281890869,6.0047197341918945,6.173990249633789,6.04551887512207,5.703728199005127,5.998596668243408,9.02479362487793,2.4445855617523193,-4.582132816314697,-1.2553051710128784,2.134613513946533,-0.3135508596897125,0.24716462194919586,0.7431880831718445,1.876105785369873,3.900728940963745,3.6731812953948975,5.346399784088135,2.6201987266540527,-1.9232189655303955,-9.430553436279297,-6.859798908233643,-6.154475688934326,-3.195594310760498,-5.270566940307617
-2.64115571975708,-3.985391855239868,-0.609927237033844,-2.0356290340423584,-5.574167728424072,-4.222858905792236,-1.3185027837753296,-3.8892173767089844,-3.3716819286346436,-2.61989688873291,-1.5284970998764038,-0.8579049706459045,0.2403465360403061,1.0177342891693115,2.8553080558776855,4.212443828582764,4.970290660858154,5.208838939666748,6.355038166046143,7.414012908935547,7.1656413078308105,6.407813549041748,6.34649133682251,6.553469657897949,11.195551872253418,8.186834335327148,-0.9502295851707458,-1.2076399326324463,-1.3027018308639526,-3.602447509765625,-0.9659010171890259,1.381899118423462,2.950955390930176,4.655797958374023,3.1697750091552734,7.2689666748046875,3.7451584339141846,6.244477272033691,-2.821272611618042,-6.152937889099121,-4.3011908531188965,-4.855595111846924,-11.871480941772461
-5.623666763305664,-5.46858024597168,-0.8166657090187073,-1.5314444303512573,-0.5724694728851318,-1.1743073463439941,-2.4705970287323,-7.028636932373047,-4.754735946655273,-3.540330648422241,-1.9754202365875244,-0.5739096403121948,0.5586334466934204,1.9710328578948975,2.9403889179229736,4.490447521209717,4.521927356719971,4.692241668701172,6.402315616607666,7.30328893661499,7.530004501342773,8.300176620483398,6.982927322387695,6.743043422698975,6.495663642883301,6.499797821044922,6.41871452331543,-0.5425339341163635,-3.4857940673828125,-2.8893325328826904,-3.0998382568359375,-0.36249059438705444,2.3169665336608887,4.21546745300293,3.2966997623443604,6.552459716796875,5.402044296264648,6.687540054321289,-6.334067344665527,-11.887590408325195,-9.586524963378906,-10.68925666809082,-9.385493278503418
-8.747060775756836,-7.398059368133545,-1.5749363899230957,-2.07364821434021,-1.419343113899231,-2.574016809463501,-6.115598678588867,-6.8827338218688965,-5.258874416351318,-5.955946445465088,-3.754040241241455,-1.2050539255142212,0.16976502537727356,2.806675910949707,2.873600959777832,4.378664016723633,2.08496356010437,1.709307312965393,3.19789457321167,2.4354963302612305,3.1498353481292725,5.579948902130127,4.869260787963867,1.1246600151062012,3.0397841930389404,5.093306064605713,2.397671699523926,-2.293842077255249,-2.8049182891845703,0.3564855456352234,0.14220629632472992,2.1645290851593018,3.9033701419830322,4.594278335571289,5.122845649719238,7.069705486297607,7.115690231323242,0.9736981391906738,-11.878805160522461,-10.61168384552002,-8.625689506530762,-8.98715591430664,-7.0219221115112305
-6.603429794311523,-5.271806240081787,0.4061039686203003,-3.3988828659057617,-4.095497131347656,-8.392455101013184,-5.917276859283447,-3.6853320598602295,-5.678923606872559,-8.82555866241455,-5.460231304168701,-1.7323975563049316,-0.8151261210441589,2.465660572052002,3.096449136734009,4.356000900268555,-2.183537483215332,-3.906729221343994,-3.0694897174835205,-4.050698757171631,-5.532059669494629,-3.7723276615142822,-1.9551013708114624,-1.3873099088668823,0.7307336330413818,-0.7256323099136353,-2.4959235191345215,-0.6744741797447205,1.8695552349090576,5.983434677124023,4.847214221954346,2.938150644302368,1.0679914951324463,2.806602954864502,8.481358528137207,8.003887176513672,8.24057388305664,-9.15109920501709,-11.028347969055176,-6.8369526863098145,-6.456143379211426,-7.303569793701172,-4.549892902374268
