data/wind_data/wind_32_7.json
{"header": {"parameterUnit": "KT", "parameterCategory": 2, "nx": 256, "ny": 198, "lo1": 44.73521041870117, "la1": -3.236724853515625, "lo2": 111.26478576660156, "la2": 43.468475341796875, "dx": 0.2609002888202667, "dy": -0.23708222806453705, "refTime": "2025-02-20 08:00:00", "forecastTime": 0, "parameterNumber": 2, "parameterNumberName": "eastward_wind"}, "data":
[rows 20 to 39 of 198, columns 132 to 175 of 256]
-3.4479315280914307,-4.894604682922363,-7.06162691116333,-9.245077133178711,-12.760774612426758,-17.363174438476562,-16.795318603515625,-12.44686508178711,-10.265765190124512,-12.353607177734375,-12.983738899230957,-10.540999412536621,-8.425955772399902,-9.820290565490723,-12.054243087768555,-10.129471778869629,-9.319005012512207,-9.095035552978516,-8.87849235534668,-9.179450035095215,-11.443168640136719,-15.08453369140625,-17.000015258789062,-16.883554458618164,-17.344112396240234,-17.9317569732666,-17.267518997192383,-16.90498161315918,-17.00661277770996,-16.923677444458008,-16.011764526367188,-14.041478157043457,-12.672109603881836,-12.292988777160645,-11.40951919555664,-10.863887786865234,-15.240179061889648,-16.40281105041504,-13.94020938873291,-14.18702220916748,-14.844494819641113,-15.936636924743652,-16.63435173034668,-16.89287757873535
-4.555416584014893,-5.075537204742432,-8.457765579223633,-10.198281288146973,-14.874927520751953,-17.90989875793457,-14.65528392791748,-14.067785263061523,-15.065414428710938,-17.376901626586914,-15.134121894836426,-10.646675109863281,-4.618882179260254,-6.39948844909668,-9.346781730651855,-6.971185684204102,-9.098453521728516,-9.933402061462402,-8.733132362365723,-8.882884979248047,-9.682501792907715,-11.860559463500977,-13.189718246459961,-13.995949745178223,-16.459251403808594,-18.187742233276367,-18.274744033813477,-17.093753814697266,-15.46937370300293,-14.152831077575684,-12.907892227172852,-10.515615463256836,-10.351285934448242,-12.587573051452637,-14.830085754394531,-15.452655792236328,-18.849273681640625,-18.039897918701172,-16.485994338989258,-15.509136199951172,-14.723721504211426,-16.439987182617188,-17.66891860961914,-17.671358108520508
-5.94109582901001,-6.9335784912109375,-9.364852905273438,-10.754270553588867,-12.808388710021973,-13.743587493896484,-12.182652473449707,-14.680200576782227,-15.31101131439209,-16.35160255432129,-16.587799072265625,-11.400959968566895,-5.99782133102417,-1.0222694873809814,-4.558804988861084,-4.91285514831543,-7.640246391296387,-9.724387168884277,-8.02687931060791,-8.707144737243652,-8.683493614196777,-9.792640686035156,-11.369928359985352,-12.69159984588623,-14.864483833312988,-18.020414352416992,-17.790176391601562,-16.575525283813477,-13.791709899902344,-10.054100036621094,-10.461657524108887,-7.184604644775391,-6.832446575164795,-12.808128356933594,-17.267906188964844,-18.996944427490234,-18.85149574279785,-17.620283126831055,-17.659809112548828,-16.762250900268555,-15.690099716186523,-17.123210906982422,-18.53704833984375,-18.500595092773438
-8.443744659423828,-9.222740173339844,-9.58817195892334,-9.074451446533203,-9.121383666992188,-10.050699234008789,-10.981463432312012,-13.03705883026123,-12.645370483398438,-12.471284866333008,-13.967523574829102,-11.689166069030762,-6.114369869232178,-0.10969697684049606,-2.510829448699951,-3.6810028553009033,-5.76950216293335,-6.502347469329834,-6.123100280761719,-8.34848403930664,-8.411755561828613,-9.189178466796875,-10.457967758178711,-11.828789710998535,-13.293968200683594,-15.686456680297852,-16.773550033569336,-16.099241256713867,-11.44620132446289,-7.8785400390625,-7.213565349578857,-8.416900634765625,-8.781790733337402,-10.66478443145752,-17.38897132873535,-19.360002517700195,-17.841032028198242,-16.265832901000977,-18.097171783447266,-17.475845336914062,-16.820322036743164,-17.715944290161133,-18.694787979125977,-18.875240325927734
-9.866737365722656,-10.443890571594238,-10.133040428161621,-9.058565139770508,-8.388916015625,-8.972418785095215,-8.130950927734375,-9.127176284790039,-10.072220802307129,-10.057612419128418,-9.943424224853516,-10.558445930480957,-8.680807113647461,-4.265970706939697,-3.528874397277832,-3.4811606407165527,-4.404157638549805,-4.967170238494873,-6.081813812255859,-7.83217716217041,-8.4083833694458,-9.11373233795166,-9.41755199432373,-10.833649635314941,-11.87155818939209,-13.442578315734863,-14.550559043884277,-13.463578224182129,-8.761648178100586,-5.97906494140625,-5.60552453994751,-8.948763847351074,-9.638570785522461,-11.758320808410645,-14.898355484008789,-17.005035400390625,-16.972354888916016,-16.20331382751465,-16.91335678100586,-16.973974227905273,-17.293170928955078,-17.83424186706543,-18.47954559326172,-18.832183837890625
-9.989545822143555,-10.364252090454102,-10.216164588928223,-9.196008682250977,-8.28598690032959,-8.293984413146973,-7.003443241119385,-7.654969215393066,-9.954733848571777,-10.67190933227539,-9.846731185913086,-10.173933029174805,-9.373153686523438,-7.331543445587158,-6.0053863525390625,-5.935910224914551,-5.630780220031738,-6.661342144012451,-8.188600540161133,-8.169865608215332,-7.963780403137207,-8.645284652709961,-9.054436683654785,-9.84096622467041,-11.106821060180664,-12.486040115356445,-12.82661247253418,-10.986461639404297,-7.998245716094971,-6.282313823699951,-5.887368202209473,-7.6751508712768555,-10.291863441467285,-13.39822006225586,-15.291836738586426,-15.636667251586914,-15.817404747009277,-16.228422164916992,-15.363507270812988,-16.064359664916992,-16.87234878540039,-17.45172691345215,-17.860593795776367,-18.223012924194336
-9.86900520324707,-10.398259162902832,-10.317431449890137,-8.786914825439453,-7.370931148529053,-7.301120281219482,-7.460596561431885,-7.920220851898193,-9.893547058105469,-10.438047409057617,-10.452882766723633,-9.918094635009766,-8.833695411682129,-8.0421724319458,-7.979486465454102,-8.36770248413086,-7.88815975189209,-8.29836368560791,-9.081197738647461,-8.530346870422363,-8.016983032226562,-8.592084884643555,-9.630495071411133,-10.286676406860352,-11.027449607849121,-11.976151466369629,-11.90722370147705,-10.297555923461914,-8.215102195739746,-7.1271185874938965,-7.0818190574646,-8.437455177307129,-10.92914867401123,-14.220911979675293,-16.92753028869629,-16.13446044921875,-15.294010162353516,-15.550527572631836,-15.348856925964355,-15.477676391601562,-15.686521530151367,-16.69978904724121,-17.379474639892578,-17.323837280273438
-10.04422378540039,-11.032108306884766,-11.091996192932129,-8.644072532653809,-6.110081195831299,-6.352939605712891,-7.9883809089660645,-8.241905212402344,-8.853447914123535,-8.559550285339355,-8.641977310180664,-8.627039909362793,-8.500497817993164,-9.024188041687012,-9.790570259094238,-10.057360649108887,-9.570244789123535,-8.633747100830078,-8.216572761535645,-8.502097129821777,-8.842738151550293,-9.15910530090332,-9.931267738342285,-10.62214183807373,-10.709461212158203,-11.009683609008789,-11.103547096252441,-10.432899475097656,-8.771925926208496,-7.699691295623779,-8.023493766784668,-9.955153465270996,-13.547835350036621,-16.919538497924805,-17.37447738647461,-17.07099151611328,-16.059701919555664,-15.689226150512695,-15.597738265991211,-14.441397666931152,-14.273959159851074,-16.38196563720703,-16.897371292114258,-17.002492904663086
-11.076059341430664,-11.251242637634277,-11.123869895935059,-8.687601089477539,-6.163979530334473,-6.281703948974609,-7.70889139175415,-7.925339221954346,-7.936939239501953,-7.142807960510254,-6.9875807762146,-8.30625057220459,-9.55523681640625,-11.050817489624023,-12.140872955322266,-12.356313705444336,-11.099104881286621,-9.382168769836426,-8.923152923583984,-9.142127990722656,-9.327778816223145,-9.196656227111816,-9.230920791625977,-9.5194091796875,-9.424405097961426,-9.500210762023926,-10.092267990112305,-9.824870109558105,-8.613123893737793,-8.708515167236328,-10.35483169555664,-12.587288856506348,-16.00348472595215,-17.874649047851562,-17.521940231323242,-17.052152633666992,-15.64660930633545,-15.61750316619873,-15.640052795410156,-14.678879737854004,-14.90060806274414,-16.41429328918457,-16.848974227905273,-17.640527725219727
-12.033758163452148,-12.087271690368652,-11.46537971496582,-10.084731101989746,-7.916530132293701,-7.30897331237793,-8.003241539001465,-8.944510459899902,-9.391340255737305,-8.171942710876465,-8.85453987121582,-10.859496116638184,-12.09559440612793,-13.58275318145752,-14.7069091796875,-14.463695526123047,-12.475601196289062,-9.568453788757324,-7.863666534423828,-9.260143280029297,-10.241792678833008,-10.5864839553833,-11.009420394897461,-10.647122383117676,-9.332464218139648,-7.941384792327881,-7.361677646636963,-7.296923637390137,-7.651732921600342,-9.525514602661133,-12.524770736694336,-14.572551727294922,-15.505813598632812,-15.840903282165527,-16.871604919433594,-15.918791770935059,-15.411858558654785,-16.02167320251465,-14.883167266845703,-13.223708152770996,-15.936737060546875,-16.975149154663086,-17.808162689208984,-17.71392250061035
-13.63174057006836,-13.62044620513916,-13.766599655151367,-13.051004409790039,-11.243305206298828,-10.257211685180664,-11.15195369720459,-12.051746368408203,-12.02559757232666,-11.663309097290039,-12.728020668029785,-14.190511703491211,-15.021285057067871,-15.848445892333984,-16.80381965637207,-16.049114227294922,-12.798449516296387,-7.5608296394348145,-6.099126815795898,-9.417580604553223,-12.58617877960205,-14.083572387695312,-14.960982322692871,-13.376574516296387,-8.92952823638916,-6.088357925415039,-6.11863899230957,-5.213763236999512,-5.925009250640869,-7.96484899520874,-11.415823936462402,-14.17591381072998,-13.955157279968262,-13.448965072631836,-14.439485549926758,-14.627460479736328,-14.828658103942871,-15.46671199798584,-14.592123985290527,-13.657968521118164,-15.955389976501465,-16.732412338256836,-18.11163902282715,-17.409870147705078
-15.156035423278809,-15.508947372436523,-16.21232032775879,-15.629423141479492,-14.69582462310791,-14.171360969543457,-14.428915023803711,-14.594502449035645,-14.169102668762207,-14.322762489318848,-15.494790077209473,-16.581218719482422,-16.711734771728516,-17.17999267578125,-18.180654525756836,-15.96799373626709,-10.315293312072754,-6.723879814147949,-6.578325271606445,-11.403182983398438,-14.984639167785645,-17.47743797302246,-18.277942657470703,-14.304417610168457,-7.798470497131348,-5.218814849853516,-5.750280857086182,-5.153526306152344,-4.81632137298584,-6.852316856384277,-9.609638214111328,-11.919354438781738,-12.950135231018066,-12.812647819519043,-13.104508399963379,-13.775216102600098,-14.153915405273438,-14.566513061523438,-14.274497032165527,-14.028214454650879,-16.034626007080078,-16.89858055114746,-17.829635620117188,-16.876052856445312
-16.13286018371582,-16.513425827026367,-16.77073860168457,-16.30217170715332,-16.429777145385742,-16.4888916015625,-15.94318962097168,-15.646987915039062,-15.383879661560059,-15.653077125549316,-16.397502899169922,-16.75281524658203,-16.78072166442871,-17.51096534729004,-18.305845260620117,-15.335814476013184,-9.73983097076416,-7.09149694442749,-9.159512519836426,-13.063470840454102,-16.163747787475586,-18.870925903320312,-19.238750457763672,-14.313053131103516,-6.49009895324707,-3.449282646179199,-4.8367743492126465,-3.9547998905181885,-3.690948724746704,-6.366992950439453,-7.744403839111328,-9.416765213012695,-12.305119514465332,-13.768122673034668,-13.255660057067871,-13.131361961364746,-13.733765602111816,-14.696045875549316,-14.905913352966309,-14.562811851501465,-15.876744270324707,-16.765880584716797,-16.928035736083984,-15.769248962402344
-16.37538719177246,-16.278913497924805,-16.332111358642578,-16.739112854003906,-17.377727508544922,-17.372793197631836,-16.82647132873535,-16.62900733947754,-16.496944427490234,-16.38671875,-16.388301849365234,-16.443510055541992,-16.955415725708008,-18.103479385375977,-18.192949295043945,-16.032272338867188,-13.225456237792969,-11.846872329711914,-12.21570873260498,-13.48756217956543,-15.90918254852295,-18.762540817260742,-19.347339630126953,-15.284036636352539,-7.751762866973877,-3.136089563369751,-4.891524791717529,-4.424592971801758,-4.626394748687744,-7.211781024932861,-8.265774726867676,-9.481651306152344,-12.445693969726562,-14.28156566619873,-13.90538501739502,-13.71657943725586,-14.385982513427734,-15.293255805969238,-15.293047904968262,-15.462249755859375,-16.028642654418945,-16.01972770690918,-16.131366729736328,-15.53020191192627
-16.26215171813965,-16.197261810302734,-16.79628562927246,-17.977069854736328,-18.588247299194336,-18.246837615966797,-17.963171005249023,-17.992568969726562,-17.950889587402344,-17.779041290283203,-17.580591201782227,-17.62921905517578,-18.37161636352539,-19.235286712646484,-19.14244842529297,-17.809093475341797,-16.36212730407715,-15.531216621398926,-14.672184944152832,-14.111673355102539,-14.978202819824219,-17.68735694885254,-18.859811782836914,-16.871633529663086,-12.177358627319336,-6.990838527679443,-5.173975467681885,-6.672740936279297,-8.054102897644043,-10.127595901489258,-11.46643352508545,-11.523980140686035,-12.086322784423828,-12.859718322753906,-13.548133850097656,-13.89289665222168,-13.963079452514648,-14.235743522644043,-14.620768547058105,-15.597589492797852,-16.00150489807129,-15.497817039489746,-15.200681686401367,-15.055174827575684
-16.258071899414062,-16.924711227416992,-17.914409637451172,-19.033449172973633,-19.506059646606445,-19.6341609954834,-20.098281860351562,-20.35021209716797,-20.00385284423828,-19.57632064819336,-19.31787109375,-19.159944534301758,-19.12125015258789,-19.34620475769043,-19.68951988220215,-19.148984909057617,-16.798229217529297,-13.335409164428711,-12.604105949401855,-14.604840278625488,-14.573932647705078,-15.686427116394043,-17.355648040771484,-17.051645278930664,-15.01499080657959,-11.566000938415527,-7.356332778930664,-6.7333478927612305,-10.303300857543945,-11.779829025268555,-12.484589576721191,-12.14179515838623,-11.498608589172363,-11.868779182434082,-12.658693313598633,-13.087738990783691,-13.30765438079834,-13.232929229736328,-13.320877075195312,-14.053178787231445,-14.51329517364502,-14.304885864257812,-14.406410217285156,-15.309605598449707
-16.176050186157227,-17.162208557128906,-17.807098388671875,-18.399282455444336,-19.191312789916992,-20.351123809814453,-21.594974517822266,-22.18461036682129,-21.92812156677246,-21.261375427246094,-20.468976974487305,-19.861778259277344,-19.72012710571289,-19.95680809020996,-20.01668930053711,-19.204444885253906,-17.09259033203125,-14.323887825012207,-13.13732624053955,-14.193170547485352,-14.03332805633545,-13.367929458618164,-14.390246391296387,-15.24940299987793,-14.337918281555176,-12.20632553100586,-9.353239059448242,-8.338495254516602,-10.896526336669922,-11.175240516662598,-10.534833908081055,-10.481583595275879,-10.705972671508789,-11.446617126464844,-12.242825508117676,-12.844711303710938,-13.478047370910645,-13.317730903625488,-12.389248847961426,-12.071708679199219,-12.347434997558594,-12.385212898254395,-13.136189460754395,-14.546154975891113
-15.261933326721191,-16.04070281982422,-16.357091903686523,-16.796371459960938,-17.931045532226562,-19.381839752197266,-20.385042190551758,-20.661998748779297,-20.647228240966797,-20.546964645385742,-20.26878547668457,-19.951587677001953,-19.616506576538086,-19.759929656982422,-20.313047409057617,-19.457571029663086,-16.490215301513672,-13.879539489746094,-13.04920482635498,-13.08173656463623,-13.359540939331055,-12.364768981933594,-11.325764656066895,-11.827378273010254,-12.33927059173584,-11.702149391174316,-10.647974967956543,-10.070965766906738,-10.485140800476074,-10.252346992492676,-9.677480697631836,-9.899589538574219,-10.67556381225586,-11.481287002563477,-12.428845405578613,-13.235910415649414,-13.91774845123291,-13.903838157653809,-12.768295288085938,-12.136293411254883,-12.2508544921875,-12.118128776550293,-12.502017974853516,-14.089781761169434
-14.019428253173828,-14.450540542602539,-14.773741722106934,-15.539798736572266,-16.839941024780273,-17.923458099365234,-18.69226837158203,-19.58833122253418,-20.156749725341797,-18.452062606811523,-16.169477462768555,-17.51163673400879,-18.636775970458984,-18.56269645690918,-19.077165603637695,-18.106292724609375,-15.701926231384277,-13.91079330444336,-13.107876777648926,-13.161770820617676,-13.604203224182129,-12.793972969055176,-10.7864990234375,-9.54714584350586,-9.980775833129883,-10.877614974975586,-10.610030174255371,-9.937594413757324,-10.06960391998291,-10.743175506591797,-11.212098121643066,-11.655309677124023,-12.274810791015625,-12.624801635742188,-13.134385108947754,-13.829571723937988,-14.368698120117188,-14.46420955657959,-14.080162048339844,-13.615751266479492,-13.11330509185791,-13.00931453704834,-13.780187606811523,-14.97961711883545
-12.835705757141113,-13.137958526611328,-13.586243629455566,-14.473888397216797,-15.524888038635254,-16.107589721679688,-16.798656463623047,-18.649961471557617,-20.54620361328125,-18.369712829589844,-13.21147632598877,-13.345527648925781,-17.19528579711914,-17.63532829284668,-17.460952758789062,-16.90696907043457,-15.848769187927246,-15.223381996154785,-13.555895805358887,-13.350314140319824,-14.626911163330078,-14.66580867767334,-12.96131706237793,-10.464139938354492,-9.303215980529785,-9.808427810668945,-10.173563003540039,-10.291654586791992,-10.990699768066406,-12.115289688110352,-12.898576736450195,-13.117383003234863,-13.090288162231445,-13.09964656829834,-13.628071784973145,-14.352238655090332,-14.950676918029785,-15.220202445983887,-15.30395793914795,-15.225740432739258,-14.902273178100586,-14.913251876831055,-15.632125854492188,-16.561431884765625
