data/wind_data/wind_Surface_59.json
{"header": {"parameterUnit": "KT", "parameterCategory": 2, "nx": 255, "ny": 198, "lo1": 44.73521041870117, "la1": -3.236724853515625, "lo2": 111.26478576660156, "la2": 43.468475341796875, "dx": 0.26192745566368103, "dy": -0.23708222806453705, "refTime": "2025-02-21 11:00:00", "forecastTime": 0, "parameterNumber": 3, "parameterNumberName": "northward_wind"}, "data":
[rows 114 to 132 of 198, columns 129 to 171 of 255]
-3.5631966590881348,-3.2546138763427734,-3.332916259765625,-3.1451315879821777,-3.0526468753814697,-3.061272621154785,-3.254406452178955,-3.253826379776001,-2.678560495376587,-1.9937530755996704,-1.5864194631576538,-2.0727243423461914,-0.03726327046751976,2.0216078758239746,1.897345781326294,1.7159383296966553,1.4373048543930054,0.6761210560798645,0.08629000186920166,-0.16487841308116913,-0.6926860809326172,-1.6839210987091064,-2.089092493057251,-2.405043601989746,-2.34820556640625,-1.8173308372497559,-1.6601455211639404,-1.9580490589141846,-1.9385441541671753,-1.794858694076538,-1.8218443393707275,-1.4182357788085938,-1.0618400573730469,-0.721687912940979,-0.37426596879959106,-0.17338570952415466,0.1204879954457283,0.47230345010757446,0.4482209086418152,0.5289739370346069,0.7630532383918762,1.1204707622528076,1.3582313060760498
-3.534790515899658,-3.599820852279663,-3.2609052658081055,-2.963993787765503,-2.8309078216552734,-2.8602163791656494,-2.8602874279022217,-2.6623077392578125,-1.973610520362854,-1.332807183265686,-0.9632093906402588,-0.9080178737640381,-0.3608354926109314,1.34773588180542,2.1805002689361572,2.2986836433410645,2.2110936641693115,2.809718370437622,2.8347251415252686,1.654335618019104,0.26684144139289856,-1.1554118394851685,-1.5178385972976685,-1.699996829032898,-1.5924983024597168,-1.2643887996673584,-0.7379875183105469,-0.5159687399864197,-0.7005165219306946,-0.7256156206130981,-0.17302079498767853,0.5367929935455322,1.0839990377426147,1.21586012840271,0.921832799911499,0.5534080266952515,0.38172993063926697,0.23784537613391876,0.280535489320755,0.5474938750267029,0.6935006976127625,1.052893042564392,1.5391325950622559
-3.999281883239746,-3.676510810852051,-3.2013230323791504,-2.689359426498413,-2.3799123764038086,-2.1920502185821533,-2.3926870822906494,-2.688593626022339,-2.239018678665161,-1.2909773588180542,-0.8392256498336792,-0.806507408618927,-0.16186557710170746,1.2665824890136719,2.4937641620635986,3.0218112468719482,3.384286880493164,3.6392457485198975,3.231851100921631,2.3999738693237305,1.2356300354003906,0.0171321053057909,-0.39677751064300537,-0.38894417881965637,-0.06829521805047989,0.2754759192466736,0.4535582661628723,0.37501034140586853,0.4264131784439087,0.7844687104225159,1.1850224733352661,1.3422564268112183,1.6037886142730713,1.6158576011657715,1.3411718606948853,1.0795929431915283,0.7383766174316406,0.7593271732330322,0.8560128211975098,0.5136876702308655,0.19326479732990265,0.04094196856021881,0.5343431234359741
-2.8820924758911133,-2.9421136379241943,-2.669757843017578,-2.099938154220581,-1.829329013824463,-1.8270888328552246,-2.2290987968444824,-2.5597448348999023,-2.448040008544922,-1.6941142082214355,-0.9155833721160889,-0.47205668687820435,0.3154042363166809,1.3721939325332642,2.1738975048065186,2.5578956604003906,2.8440310955047607,2.9172439575195312,2.6100869178771973,2.3679981231689453,1.6044299602508545,0.6023250222206116,0.46159180998802185,0.33432453870773315,0.5275186896324158,0.4685760736465454,0.486453115940094,0.5117049813270569,0.4993378818035126,0.6044883728027344,0.6674099564552307,1.0164259672164917,1.9978135824203491,1.721238136291504,1.2008440494537354,0.5888720154762268,0.18197771906852722,-0.06177879124879837,-0.08713895827531815,-0.032146602869033813,-0.4148256778717041,-0.25718697905540466,0.30761146545410156
-2.756408452987671,-3.346959352493286,-2.860175609588623,-1.7941573858261108,-1.0885345935821533,-0.6773894429206848,-0.8882049322128296,-1.6026475429534912,-1.5808132886886597,-1.0283567905426025,-0.7345871329307556,-0.29123982787132263,0.5794103741645813,1.3517606258392334,1.8226910829544067,1.9505083560943604,2.2127888202667236,2.271101474761963,2.419579029083252,2.5006954669952393,2.030673027038574,1.7772419452667236,1.8551920652389526,1.3591938018798828,0.9681629538536072,1.076123595237732,1.286147117614746,1.271954894065857,1.1994248628616333,1.0579898357391357,1.2572438716888428,1.4116013050079346,2.7895431518554688,2.9062747955322266,1.8320788145065308,1.4148085117340088,2.19590425491333,2.4297852516174316,0.9317440986633301,-1.0655977725982666,-2.5964341163635254,-2.162982702255249,-0.31041043996810913
-3.627551555633545,-3.572746753692627,-3.1403448581695557,-1.8123934268951416,-0.42014577984809875,0.2965141832828522,0.2109115868806839,-0.5167081952095032,-0.9172510504722595,-0.827506422996521,-0.2363997995853424,0.2241806983947754,0.5535524487495422,0.5310956835746765,0.5441809892654419,0.7106167674064636,0.8164891004562378,1.1554290056228638,1.5646600723266602,1.3850452899932861,1.6777280569076538,2.2787787914276123,2.4977598190307617,2.3131816387176514,1.6286569833755493,1.223204493522644,0.802739679813385,0.5196813941001892,0.3282906711101532,0.6820639967918396,1.667146921157837,2.27433443069458,4.521164894104004,6.280982971191406,5.082940101623535,1.854594349861145,3.1255977153778076,6.3117828369140625,5.0810675621032715,1.9017447233200073,0.3652937114238739,-0.5164922475814819,1.0263433456420898
-2.0561511516571045,-2.226163387298584,-2.464524984359741,-1.4844890832901,0.4592326879501343,1.679088830947876,1.4505747556686401,0.514339029788971,-0.13757382333278656,-0.02522389218211174,0.39668819308280945,0.6060968041419983,0.6590405106544495,0.8604756593704224,1.5557547807693481,1.631943702697754,1.810957431793213,1.7220535278320312,1.764426827430725,2.2366526126861572,3.353233814239502,4.070847034454346,4.003582954406738,3.4291319847106934,2.402613639831543,1.86832594871521,1.212250828742981,0.9527500867843628,1.3355481624603271,1.9627660512924194,1.892956018447876,1.3618724346160889,4.14334774017334,7.50262975692749,6.354748249053955,1.2708559036254883,-1.1951470375061035,3.781895399093628,5.970702648162842,4.373396873474121,5.122751235961914,6.3436126708984375,6.0482401847839355
-0.45819374918937683,-1.5590330362319946,-1.4498686790466309,-0.686476469039917,0.773707926273346,2.2835655212402344,2.4375643730163574,1.6364105939865112,1.8846808671951294,1.859650731086731,1.8136292695999146,1.8072160482406616,1.9958981275558472,2.5725269317626953,1.9781343936920166,1.5423110723495483,1.0636390447616577,0.8106814026832581,1.2672874927520752,2.3583264350891113,3.5250587463378906,3.886983633041382,3.9058475494384766,2.542391300201416,1.7984340190887451,1.6986112594604492,2.219741106033325,2.8140501976013184,2.6024696826934814,-0.26412904262542725,-2.0267558097839355,-2.791652202606201,3.655360460281372,9.600164413452148,7.88126802444458,-0.03890804946422577,-2.8398828506469727,3.193758010864258,4.318991661071777,0.5603311657905579,-0.6441982984542847,5.456720352172852,9.109389305114746
0.172774076461792,-0.433345228433609,-0.5813126564025879,-0.3828163743019104,0.9717972874641418,2.671010971069336,3.0604140758514404,2.2599480152130127,1.4625182151794434,0.8847847580909729,0.9374915957450867,1.2271279096603394,1.4519753456115723,0.9876089692115784,-0.005046718288213015,-0.090819351375103,0.12044884264469147,1.241934061050415,3.0642223358154297,4.863831996917725,6.052180290222168,5.345523357391357,5.38386344909668,4.01339054107666,2.028455972671509,-0.37562429904937744,-1.8730692863464355,-1.9517823457717896,-3.0160326957702637,-5.5857834815979,-6.146684169769287,-6.714362144470215,0.3962553143501282,10.21723461151123,9.30278491973877,4.294195175170898,2.14052677154541,10.621006965637207,6.834537506103516,0.6215752959251404,-3.711974620819092,1.1109031438827515,6.740621089935303
0.4432257413864136,0.10077650845050812,0.45036375522613525,0.65537428855896,1.5344384908676147,3.075862169265747,3.249013662338257,3.1501355171203613,2.6625990867614746,2.189540386199951,2.3881072998046875,2.243450164794922,1.1689300537109375,-0.4674648642539978,0.17326709628105164,1.004812479019165,2.4597246646881104,3.9567503929138184,6.674568176269531,8.676444053649902,7.655139923095703,7.178397178649902,6.216607570648193,4.862271785736084,0.28653040528297424,-2.3697142601013184,-5.211644649505615,-4.5587897300720215,-1.2539056539535522,0.36139005422592163,-0.15467701852321625,-3.002924680709839,-5.883111000061035,4.291222095489502,9.03381633758545,12.136761665344238,6.419459819793701,6.924671649932861,10.949167251586914,10.724233627319336,5.011776924133301,1.108559012413025,5.2232770919799805
0.5144916772842407,0.6042215824127197,1.0819154977798462,1.4991763830184937,1.7268558740615845,2.598621368408203,2.906226634979248,2.847597599029541,2.4399049282073975,2.4556710720062256,1.6086169481277466,0.24630920588970184,-0.1412920504808426,-0.18586774170398712,0.17578211426734924,0.8168298602104187,1.141844630241394,2.6480913162231445,5.5500807762146,7.311356544494629,7.334476947784424,6.634582042694092,2.5628345012664795,-2.580667734146118,-7.067383289337158,-1.8210499286651611,1.1787577867507935,3.9172017574310303,9.632774353027344,13.873120307922363,11.831021308898926,4.83711576461792,-0.2193985879421234,-4.192819118499756,8.491721153259277,16.372343063354492,11.951704978942871,2.2998127937316895,4.972101211547852,12.295093536376953,12.888694763183594,6.94394063949585,7.584659099578857
0.9794261455535889,1.5889077186584473,2.125286817550659,2.6857187747955322,2.9393718242645264,3.1976780891418457,3.863633155822754,4.584605693817139,4.404054641723633,3.3658194541931152,1.8199180364608765,-0.599329948425293,-1.039977788925171,-0.6188653707504272,-0.6479125618934631,-1.3476051092147827,-2.1606507301330566,-2.135127067565918,2.2600529193878174,7.400189399719238,7.0288190841674805,5.386308193206787,2.529705762863159,2.4427216053009033,2.500808000564575,7.1706743240356445,10.819405555725098,15.435983657836914,17.16518783569336,16.979454040527344,10.898813247680664,3.8085291385650635,1.5441864728927612,-8.076770782470703,-1.6423665285110474,8.376325607299805,9.990473747253418,7.1426167488098145,4.4530134201049805,8.570255279541016,11.779023170471191,8.97197437286377,12.295034408569336
2.2091946601867676,2.832214593887329,3.2843270301818848,3.523383140563965,3.702383518218994,3.7104086875915527,4.430497169494629,3.9256367683410645,1.6577438116073608,0.7453934550285339,0.15953268110752106,-0.8413394093513489,-0.6552048921585083,1.6307154893875122,1.9981303215026855,-0.25732502341270447,-3.15681529045105,-4.593498706817627,-3.197636127471924,4.378554821014404,7.303703784942627,12.021982192993164,13.991132736206055,18.67756462097168,17.539329528808594,12.22900390625,10.422966003417969,11.96515941619873,5.116174697875977,0.21136502921581268,-3.7687389850616455,-3.867178440093994,-5.762694358825684,-7.070446968078613,-5.925926208496094,-0.8089056015014648,1.9541279077529907,7.332503795623779,11.16366195678711,11.251873016357422,9.852691650390625,6.901422500610352,9.785341262817383
3.2403223514556885,3.4547932147979736,4.303272724151611,4.2220025062561035,3.0812273025512695,2.5040504932403564,2.693598747253418,2.2760813236236572,1.9986207485198975,1.1314018964767456,0.6549591422080994,0.1575731784105301,0.5425498485565186,2.053471088409424,2.707850456237793,1.1031887531280518,-0.7511480450630188,-1.4987610578536987,-3.5951690673828125,-1.081215500831604,4.708403587341309,9.705484390258789,11.616655349731445,9.748476028442383,5.419455528259277,4.835153102874756,3.1977736949920654,-0.46533024311065674,-6.00177001953125,-7.401401042938232,-5.117748737335205,-2.535858392715454,-1.6718552112579346,-0.8953716158866882,0.1993495225906372,-0.14256173372268677,1.4657710790634155,7.268671035766602,8.639392852783203,6.816237449645996,6.704071998596191,5.997426986694336,5.5023980140686035
3.7178070545196533,4.177020072937012,3.4515156745910645,1.2649469375610352,2.1466567516326904,3.595850944519043,2.785907030105591,4.748570442199707,5.238629341125488,2.7253055572509766,1.9727632999420166,3.477792263031006,1.9706331491470337,-0.7427173256874084,-1.009088158607483,-0.18619723618030548,-0.5651792883872986,-2.8151183128356934,-6.3242387771606445,-8.801101684570312,-4.871891975402832,-2.5560460090637207,-2.228013753890991,-3.853459119796753,-4.338207244873047,-2.862905740737915,-3.946936845779419,-5.782230377197266,-5.989283561706543,-5.562863349914551,-2.7852609157562256,-1.0970373153686523,-1.1418262720108032,-2.9635767936706543,-3.9985766410827637,-5.347002029418945,-2.1986446380615234,1.4212327003479004,3.2312397956848145,4.089930534362793,2.389833450317383,1.0211631059646606,2.7676243782043457
3.5221774578094482,3.822002410888672,2.4136862754821777,2.389831066131592,3.5168094635009766,3.7247602939605713,2.229027032852173,0.09453733265399933,0.21620573103427887,1.2893513441085815,2.4130475521087646,2.2770464420318604,-1.392599105834961,-4.727956771850586,-4.143976211547852,-3.9364800453186035,-4.008151054382324,-3.747314214706421,-4.794083118438721,-5.004218578338623,-3.5168709754943848,-1.6572149991989136,-2.996839761734009,-4.4224042892456055,-4.259554386138916,-4.786384582519531,-4.03847074508667,-2.8477232456207275,-2.2649333477020264,-2.1831188201904297,-1.8524500131607056,-2.05348539352417,-2.7720847129821777,-2.8687801361083984,-2.852043628692627,-2.7861220836639404,-2.2423224449157715,-1.4020860195159912,1.5702104568481445,5.15196418762207,4.018815517425537,1.4061824083328247,1.0486665964126587
2.518251657485962,-0.1445343792438507,2.233482599258423,3.168679714202881,0.11387879401445389,-0.9418050646781921,-3.002561569213867,-1.5529953241348267,-1.108296275138855,-0.47452035546302795,2.499387264251709,1.3149060010910034,-2.5571930408477783,-5.879243850708008,-4.948477745056152,-4.169300079345703,-3.561833143234253,-0.7233588099479675,2.599475145339966,3.787355899810791,2.416666030883789,0.9939524531364441,-0.8399207592010498,-2.8733651638031006,-3.548041820526123,-3.204507827758789,-2.33425235748291,-1.3456486463546753,-0.6178143620491028,-0.43857499957084656,-0.914557933807373,-1.0535277128219604,-0.766185998916626,-0.5937165021896362,-0.2010328471660614,0.1110994890332222,0.002982857171446085,0.3552229404449463,1.279517650604248,3.1721086502075195,5.450080871582031,6.03870153427124,4.671396255493164
1.8626751899719238,3.1906144618988037,3.598921060562134,0.08367830514907837,0.49497538805007935,1.1289105415344238,0.9024147391319275,3.179702043533325,-1.67721688747406,-3.1944236755371094,-1.2363511323928833,2.664952039718628,-0.5806303024291992,-3.3027503490448,-1.1234976053237915,0.9416154623031616,2.7919929027557373,3.462437868118286,4.764162540435791,4.222414493560791,1.9524511098861694,0.17010018229484558,-0.4541485607624054,-0.08499950915575027,0.34548524022102356,0.5531625151634216,0.20641803741455078,-0.263888955116272,-0.6319184899330139,-0.6562370657920837,-1.1515882015228271,-1.6365580558776855,-1.5101077556610107,-1.9822218418121338,-2.150596857070923,-2.437901496887207,-2.739434003829956,-2.725212812423706,-1.9802312850952148,-0.5170983076095581,2.2364091873168945,5.146669864654541,6.170433521270752
3.5801150798797607,2.8948476314544678,-0.04539007321000099,3.708159923553467,6.496244430541992,4.288451194763184,2.108630418777466,-1.1284345388412476,-2.8922290802001953,-1.701717495918274,0.3614862859249115,4.947323322296143,2.802989959716797,1.6198091506958008,4.9467668533325195,8.084117889404297,9.255229949951172,7.54953145980835,6.286426544189453,4.544458866119385,2.7448058128356934,1.5846805572509766,1.6258610486984253,1.8533381223678589,2.213071584701538,2.7747652530670166,3.0538713932037354,2.4859778881073,1.3599247932434082,0.6880290508270264,-0.35928189754486084,-1.3815306425094604,-1.5008032321929932,-2.157865285873413,-2.392868995666504,-3.169733762741089,-3.825838088989258,-3.872921943664551,-2.974686622619629,-2.3116514682769775,-1.5093050003051758,0.41704270243644714,3.1589643955230713
