data/wind_data/wind_3_2.json
{"header": {"parameterUnit": "KT", "parameterCategory": 2, "nx": 256, "ny": 198, "lo1": 44.73521041870117, "la1": -3.236724853515625, "lo2": 111.26478576660156, "la2": 43.468475341796875, "dx": 0.2609002888202667, "dy": -0.23708222806453705, "refTime": "2025-02-19 03:00:00", "forecastTime": 0, "parameterNumber": 2, "parameterNumberName": "eastward_wind"}, "data":
[rows 171 to 189 of 198, columns 129 to 171 of 256]
2.138514518737793,1.8253283500671387,1.2828607559204102,0.9422188401222229,0.5098256468772888,0.1134018525481224,-0.052101634442806244,-0.39938363432884216,-1.016113519668579,-1.9515262842178345,-2.879185676574707,-3.1932172775268555,-3.227628469467163,-3.2516281604766846,-3.376389741897583,-3.463024377822876,-3.654733419418335,-3.957242727279663,-4.316215515136719,-4.858813762664795,-5.532166957855225,-6.097681522369385,-6.364133358001709,-6.533121109008789,-6.757657527923584,-6.650815486907959,-6.250765800476074,-5.910069465637207,-5.786526679992676,-6.259251594543457,-6.725679397583008,-4.463915824890137,-0.8272690773010254,1.089012861251831,1.9847568273544312,3.049280881881714,6.135725021362305,11.885324478149414,13.371826171875,14.05941390991211,17.886842727661133,19.800189971923828,20.703716278076172
1.1433265209197998,1.198544979095459,0.9060745239257812,0.6254933476448059,0.3354913890361786,0.09182146936655045,-0.13124650716781616,-0.6616353392601013,-1.5312598943710327,-2.4090497493743896,-3.1662778854370117,-3.5044491291046143,-3.551187753677368,-3.6527535915374756,-3.9773709774017334,-4.228127479553223,-4.309305667877197,-4.6605072021484375,-5.172598838806152,-5.614649295806885,-5.875936031341553,-5.979986190795898,-5.926174163818359,-5.878148078918457,-5.910183429718018,-5.605858325958252,-5.020009517669678,-4.815523147583008,-4.93755578994751,-5.185737133026123,-5.768499851226807,-6.142988204956055,-5.699566841125488,-4.178417205810547,-2.7065281867980957,-1.1599992513656616,1.0717259645462036,3.805542230606079,4.9848713874816895,7.8679633140563965,11.095782279968262,14.853134155273438,20.458086013793945
0.2840222120285034,0.46750348806381226,0.5223447680473328,0.4679102599620819,0.43428999185562134,0.4923999607563019,0.14192762970924377,-0.8883231282234192,-2.0752296447753906,-2.8661136627197266,-3.251854181289673,-3.50858998298645,-3.868133544921875,-4.29710578918457,-4.741839408874512,-5.0453200340271,-5.478492736816406,-6.112907409667969,-6.572885036468506,-6.683802604675293,-6.446183681488037,-6.012228965759277,-5.614811897277832,-5.4857096672058105,-5.54564905166626,-5.174793243408203,-4.318202018737793,-3.9403507709503174,-4.208725929260254,-4.834904193878174,-5.580965042114258,-5.132407188415527,-3.886392116546631,-2.974639415740967,-2.3205888271331787,-2.4672763347625732,-2.3667409420013428,-1.1625194549560547,1.7775086164474487,7.507754325866699,10.710345268249512,13.425570487976074,19.614728927612305
-0.30369940400123596,-0.2920289933681488,-0.3530179262161255,-0.385211706161499,-0.16745474934577942,-0.0019969409331679344,-0.5152509212493896,-1.4693446159362793,-2.428605079650879,-3.129427671432495,-3.5827131271362305,-4.1106109619140625,-4.650541305541992,-5.152668476104736,-5.636991500854492,-6.09555721282959,-6.6245622634887695,-7.014653205871582,-7.170956611633301,-7.06945276260376,-6.686496257781982,-6.155093669891357,-5.679745197296143,-5.38743257522583,-5.294637680053711,-5.051126956939697,-4.441510200500488,-4.017731666564941,-4.116840362548828,-4.433577537536621,-4.558730602264404,-4.0344367027282715,-2.8493542671203613,-1.4509066343307495,-1.2970889806747437,-1.6367013454437256,-2.057103157043457,-2.1721103191375732,-0.9973442554473877,3.1037983894348145,7.367678165435791,9.374740600585938,10.887503623962402
-0.9143226146697998,-0.9194493293762207,-1.1020246744155884,-1.2933051586151123,-1.0275942087173462,-1.0025402307510376,-1.457340955734253,-1.9837734699249268,-2.624138116836548,-3.450500011444092,-4.326416969299316,-4.87650728225708,-5.150275230407715,-5.587566375732422,-6.077976226806641,-6.553421974182129,-6.820314884185791,-6.782698631286621,-6.648499488830566,-6.38784122467041,-5.981266975402832,-5.465995788574219,-4.936472415924072,-4.542108535766602,-4.408720970153809,-4.3181023597717285,-4.281651973724365,-4.277276039123535,-4.053337574005127,-3.8631513118743896,-3.588654041290283,-2.8433661460876465,-1.9759490489959717,-1.20319664478302,-0.9304426312446594,-1.0147026777267456,-0.885569155216217,-0.9643434882164001,-1.318389892578125,-0.5600684881210327,-0.032241158187389374,1.1641489267349243,1.8083661794662476
-1.110119342803955,-1.1679024696350098,-1.3345848321914673,-1.4584784507751465,-1.5460968017578125,-1.7172911167144775,-2.055922508239746,-2.3713371753692627,-2.909285068511963,-3.878326892852783,-4.775059700012207,-4.932661056518555,-5.015176773071289,-5.435611248016357,-5.83161735534668,-6.119661331176758,-6.073099613189697,-5.806386470794678,-5.665539741516113,-5.445371150970459,-5.009366512298584,-4.434995174407959,-3.8845176696777344,-3.5177903175354004,-3.3899316787719727,-3.5044236183166504,-3.649425506591797,-3.6955068111419678,-2.9643006324768066,-2.3249237537384033,-2.038357973098755,-1.8227654695510864,-1.1116265058517456,-0.8653119802474976,-0.754164457321167,-0.6735117435455322,-0.3523150086402893,-0.002105149906128645,-0.44194477796554565,-1.6813278198242188,-2.3771932125091553,-1.9126462936401367,-1.1904451847076416
-0.6835761070251465,-0.7027450799942017,-0.913972795009613,-1.1171842813491821,-1.6595561504364014,-2.148721933364868,-2.408855438232422,-2.5898993015289307,-3.190227746963501,-3.9753239154815674,-4.350683689117432,-4.3301496505737305,-4.490873336791992,-4.83197021484375,-5.069489002227783,-5.221628189086914,-5.103489398956299,-4.899197578430176,-4.948315143585205,-4.7279510498046875,-4.0884833335876465,-3.4068756103515625,-2.7116482257843018,-2.2290942668914795,-1.756809115409851,-1.9231675863265991,-1.9098024368286133,-1.8470324277877808,-1.498745322227478,-0.7991518974304199,-0.6178145408630371,-0.6874670386314392,-0.5281447172164917,-0.4482169449329376,-0.3711971342563629,-0.2690386474132538,-0.21405385434627533,-0.2004857063293457,-0.6436308026313782,-1.621405005455017,-2.475480318069458,-2.7258946895599365,-2.8923959732055664
0.048762716352939606,0.17599835991859436,-0.26999035477638245,-0.6537835597991943,-1.3419432640075684,-1.9151636362075806,-2.046191930770874,-2.2606892585754395,-2.866276502609253,-3.339339256286621,-3.2990260124206543,-3.373854398727417,-3.6512203216552734,-3.9454798698425293,-4.365645885467529,-4.637885093688965,-4.379210472106934,-4.152166366577148,-4.034793376922607,-3.3740644454956055,-2.6331820487976074,-1.7570184469223022,-0.754681408405304,-0.2435261756181717,-0.027054540812969208,0.16954536736011505,0.04975202679634094,-0.16151125729084015,-0.14380551874637604,0.09167737513780594,-0.02224084921181202,-0.1153034195303917,-0.006115703843533993,0.16848964989185333,0.27687981724739075,0.5554614663124084,0.3043682873249054,-0.16350963711738586,-0.4018166959285736,-0.5442126393318176,-1.1615921258926392,-1.714695930480957,-1.4794962406158447
1.8137226104736328,0.7164166569709778,-0.4220101833343506,-0.4720202684402466,-0.4396771788597107,-0.8504425287246704,-1.0573762655258179,-1.3597005605697632,-1.826585054397583,-2.004758358001709,-1.9113436937332153,-2.2151315212249756,-2.6004340648651123,-3.256639003753662,-4.082011699676514,-4.088216781616211,-3.5038130283355713,-2.9739925861358643,-2.5366485118865967,-1.7288117408752441,-0.6566739082336426,0.5029988288879395,1.3338578939437866,1.8938804864883423,2.2440567016601562,2.49265193939209,2.2622287273406982,1.6842501163482666,1.1178849935531616,0.8683794140815735,0.6966251134872437,0.437069833278656,0.38072481751441956,0.6569359302520752,0.9016876816749573,1.2806386947631836,1.0439634323120117,0.23829805850982666,0.16172413527965546,0.24042539298534393,0.16314633190631866,0.4052128493785858,0.22158674895763397
4.7145094871521,3.131586790084839,0.46646302938461304,0.300403892993927,0.608913004398346,0.7606520652770996,0.3193425238132477,-0.08069613575935364,-0.2615712285041809,-0.2622452676296234,-0.6441455483436584,-1.2883696556091309,-1.90305495262146,-2.8386576175689697,-3.4961788654327393,-2.9551873207092285,-2.2196216583251953,-1.4050370454788208,-0.7245824337005615,0.03639180213212967,0.9416475892066956,2.081742286682129,2.867750644683838,3.3677778244018555,3.8849143981933594,4.282986164093018,4.084758281707764,3.2907493114471436,2.37473726272583,1.7755522727966309,1.5685596466064453,1.3228015899658203,0.9367620348930359,0.9241162538528442,1.1576344966888428,1.4003912210464478,1.436034917831421,0.861617922782898,0.6305797100067139,1.0083388090133667,1.3776535987854004,1.8911491632461548,1.7030284404754639
8.524121284484863,5.523322105407715,1.8800207376480103,1.5513142347335815,1.913437843322754,1.9146785736083984,1.7085493803024292,1.426110863685608,1.4216290712356567,1.1541184186935425,0.12977401912212372,-0.8957284092903137,-1.1340258121490479,-1.627403736114502,-1.777288556098938,-1.3873931169509888,-0.5751962065696716,0.30540233850479126,1.0418589115142822,1.7531123161315918,2.312052011489868,3.0174014568328857,3.767552614212036,4.187067985534668,4.651940822601318,5.3724565505981445,5.6317644119262695,5.006169319152832,4.056458950042725,3.2074146270751953,2.6397604942321777,2.176137924194336,1.493816614151001,0.9591150879859924,1.1682658195495605,1.3597604036331177,1.5634500980377197,1.3687701225280762,0.852553129196167,1.0444891452789307,1.6643733978271484,1.9109982252120972,1.4819482564926147
8.321996688842773,8.874544143676758,6.411017894744873,3.833472728729248,4.253722190856934,4.145278453826904,3.497863292694092,3.2549996376037598,3.070013999938965,2.2014942169189453,0.808373212814331,0.23268410563468933,-0.08526283502578735,0.04045439511537552,0.24461837112903595,0.5739980936050415,1.2346786260604858,1.9028929471969604,2.37379789352417,2.9078330993652344,3.2039899826049805,3.403409481048584,4.0705156326293945,4.736600875854492,5.343332767486572,5.963910102844238,6.33061408996582,6.075776100158691,5.432313919067383,4.61405611038208,3.735445261001587,2.859476327896118,1.771795630455017,0.8603557348251343,1.001099705696106,1.4123984575271606,1.8644076585769653,1.686259150505066,0.8301981687545776,0.434778094291687,1.1498736143112183,1.210261344909668,0.5397364497184753
6.607054710388184,6.503201007843018,7.324188709259033,7.140777587890625,6.839261054992676,5.847887992858887,4.4795145988464355,4.524085998535156,4.383922100067139,3.256120204925537,1.868799090385437,1.4417474269866943,0.8967115879058838,1.433721661567688,2.17341947555542,2.5404884815216064,2.7585718631744385,3.1452038288116455,3.455078125,4.1348981857299805,4.276114463806152,3.9481923580169678,4.415018081665039,5.244842052459717,5.965140342712402,6.287810325622559,6.244304180145264,5.975011348724365,5.5421953201293945,4.89471435546875,4.026193141937256,2.9594004154205322,1.7224845886230469,0.9777693152427673,0.9392807483673096,1.4744683504104614,2.189572334289551,2.4854469299316406,2.1455764770507812,1.199835181236267,1.4075015783309937,1.8574801683425903,2.079174757003784
5.783005714416504,6.084264755249023,6.3894524574279785,6.617321491241455,5.096870422363281,3.4246020317077637,3.8939931392669678,5.605291366577148,5.809245586395264,4.633358001708984,3.408104419708252,2.6695048809051514,2.543874979019165,3.1416993141174316,3.6958999633789062,3.596135377883911,3.5926012992858887,3.9817302227020264,4.58716344833374,5.058798313140869,5.1895432472229,5.248166084289551,5.35975980758667,5.577749729156494,5.754124164581299,5.564983367919922,5.086765766143799,4.566619396209717,4.204864025115967,3.7810537815093994,3.119908332824707,2.41648530960083,1.9732557535171509,1.7489179372787476,1.4427070617675781,1.6796951293945312,2.4688451290130615,3.5220181941986084,4.566965579986572,4.068909168243408,3.235426187515259,3.33060622215271,3.872084140777588
5.484613418579102,2.949552059173584,2.8262579441070557,3.6572110652923584,1.9462811946868896,1.3453556299209595,3.0412282943725586,5.183384895324707,5.852588653564453,5.675461292266846,5.043516635894775,4.071908473968506,4.005807876586914,4.3434929847717285,4.821329116821289,4.853399276733398,5.035865306854248,5.793813705444336,6.311119079589844,6.3025288581848145,5.856389999389648,5.395353317260742,5.14848518371582,4.991453170776367,4.411401271820068,3.420820713043213,2.9000537395477295,2.654412031173706,2.3272604942321777,2.132412910461426,2.00874924659729,2.3336567878723145,2.0760867595672607,1.8104236125946045,1.8846068382263184,3.151627779006958,5.735296249389648,7.240774631500244,7.193145751953125,6.083377838134766,4.965073108673096,5.187319755554199,5.918994426727295
7.875553607940674,5.448173522949219,0.6199617981910706,0.3371565341949463,1.3936116695404053,1.875413179397583,1.662950873374939,3.8841216564178467,6.387250900268555,7.661192893981934,7.490910530090332,6.079742431640625,5.503116130828857,6.032860279083252,7.003015041351318,6.7203521728515625,6.538836479187012,7.4720306396484375,7.627633094787598,6.87073278427124,6.039129257202148,5.283369064331055,4.577303886413574,3.979386568069458,3.1169888973236084,2.0281198024749756,1.3593541383743286,1.1197584867477417,0.8202747106552124,0.8455768823623657,1.6598836183547974,2.425011396408081,3.326378107070923,5.162312984466553,7.056341171264648,9.265585899353027,11.450277328491211,11.416547775268555,10.109123229980469,8.84220027923584,7.625478267669678,7.879382610321045,7.029989719390869
6.9453020095825195,10.98654842376709,3.4381940364837646,-3.28011417388916,2.053256034851074,3.753718376159668,5.813581466674805,7.497962474822998,7.654468059539795,8.581292152404785,10.095049858093262,11.007731437683105,10.544120788574219,9.349431037902832,8.061687469482422,7.265649795532227,8.080812454223633,8.470762252807617,7.452467441558838,6.809537887573242,6.6653218269348145,5.6988701820373535,4.070015907287598,3.1555683612823486,2.7894773483276367,2.278625965118408,1.0887833833694458,0.36047807335853577,0.024238282814621925,0.33037668466567993,2.058229923248291,3.0876994132995605,4.679816246032715,6.614586353302002,6.963208198547363,6.476258277893066,5.887097358703613,5.993012428283691,6.362056255340576,5.53733491897583,4.791771411895752,4.388300895690918,3.8231563568115234
6.194982528686523,3.5125632286071777,4.230076313018799,1.8004621267318726,2.258699655532837,1.0893632173538208,8.996198654174805,8.601602554321289,8.022845268249512,12.775519371032715,14.390439987182617,13.2147855758667,12.565402030944824,10.765666007995605,9.09735107421875,9.420310020446777,10.655280113220215,10.358173370361328,8.548539161682129,7.2801642417907715,7.242211818695068,6.51149845123291,4.692284107208252,2.946749687194824,2.233435869216919,2.231355905532837,0.6610423922538757,0.32563379406929016,2.1109797954559326,2.9615139961242676,3.905045509338379,4.444395065307617,4.606812477111816,1.5242520570755005,-1.2265429496765137,-1.1461864709854126,-1.3906760215759277,-1.5159893035888672,-2.1367855072021484,-1.2643970251083374,0.22155722975730896,1.8853559494018555,2.965442180633545
9.578503608703613,6.2579240798950195,2.6932945251464844,3.3069446086883545,0.04378277063369751,6.208191871643066,13.720782279968262,16.285255432128906,11.281103134155273,10.064590454101562,10.60303783416748,12.016326904296875,10.153837203979492,8.82441520690918,9.20443344116211,9.506348609924316,9.388638496398926,8.956554412841797,8.654433250427246,8.761370658874512,9.539426803588867,7.534745693206787,4.637187957763672,3.8175909519195557,3.9295589923858643,3.9215283393859863,4.323556900024414,4.381959915161133,4.384556293487549,4.351429462432861,2.4312496185302734,2.49528169631958,1.1812583208084106,-1.82402765750885,-2.851500988006592,-1.4404194355010986,-0.45396023988723755,-2.909048080444336,-4.001657485961914,-1.3005834817886353,-0.497366726398468,-0.23494930565357208,0.8155882358551025
