data/wind_data/wind_3_3.json
{"header": {"parameterUnit": "KT", "parameterCategory": 2, "nx": 256, "ny": 198, "lo1": 44.73521041870117, "la1": -3.236724853515625, "lo2": 111.26478576660156, "la2": 43.468475341796875, "dx": 0.2609002888202667, "dy": -0.23708222806453705, "refTime": "2025-02-19 03:00:00", "forecastTime": 0, "parameterNumber": 2, "parameterNumberName": "eastward_wind"}, "data":
[rows 19 to 37 of 198, columns 0 to 43 of 256]
-5.792651653289795,-6.249992370605469,-6.389363765716553,-6.301303863525391,-5.994682312011719,-5.190481185913086,-4.933776378631592,-5.112064361572266,-5.462222576141357,-5.332527160644531,-5.065502166748047,-4.552331924438477,-3.344205379486084,-2.1463027000427246,-1.4415839910507202,-1.472954273223877,-1.924742579460144,-2.406635046005249,-2.942108631134033,-3.343345880508423,-3.6937835216522217,-4.022439956665039,-4.6496782302856445,-4.94301176071167,-4.857250213623047,-4.5198774337768555,-4.265336036682129,-4.580544948577881,-4.636961460113525,-3.8812310695648193,-3.279139757156372,-3.6376101970672607,-4.207683563232422,-4.712386131286621,-5.71722936630249,-6.844690799713135,-7.26705265045166,-7.166149616241455,-7.23930025100708,-7.208161354064941,-6.751059532165527,-6.264257907867432,-6.26962947845459,-6.876759052276611
-5.837555885314941,-6.42417049407959,-6.562156677246094,-6.4175496101379395,-6.191749095916748,-5.129223346710205,-4.740511417388916,-4.66942834854126,-5.012884616851807,-5.134060859680176,-5.1588945388793945,-5.064073085784912,-4.366701602935791,-3.276951551437378,-2.5127036571502686,-2.0971975326538086,-2.36810564994812,-2.6634395122528076,-3.1102311611175537,-3.5184247493743896,-3.891176700592041,-4.103565692901611,-4.447886943817139,-4.597108364105225,-4.465682506561279,-3.9698126316070557,-3.8442399501800537,-4.748649597167969,-5.053685665130615,-4.0527448654174805,-2.71336030960083,-2.370312213897705,-3.3719348907470703,-4.503848075866699,-5.450625419616699,-6.378472328186035,-6.873820781707764,-6.8444719314575195,-7.082399368286133,-7.557879447937012,-7.856564521789551,-7.783479690551758,-7.472723960876465,-7.3061065673828125
-6.135091781616211,-6.622171401977539,-6.566232681274414,-6.221083641052246,-6.068781852722168,-4.94300651550293,-4.384612083435059,-4.281152725219727,-4.806982517242432,-5.110840320587158,-5.237011909484863,-5.156936168670654,-4.796352863311768,-4.174504280090332,-3.681382179260254,-3.2546019554138184,-3.300356149673462,-3.3180007934570312,-3.329432964324951,-3.4635398387908936,-3.7288599014282227,-3.898817539215088,-4.2096099853515625,-4.297080039978027,-4.081992149353027,-3.8847291469573975,-4.087686538696289,-4.738937854766846,-4.734518051147461,-3.752847194671631,-2.39920973777771,-2.001936197280884,-3.19836688041687,-4.726411819458008,-5.448643684387207,-5.893231391906738,-6.209247589111328,-6.361428260803223,-6.909623146057129,-7.908188819885254,-8.503313064575195,-8.261931419372559,-7.838527202606201,-7.789856910705566
-6.38072395324707,-6.6692914962768555,-6.440506458282471,-5.88156270980835,-5.738955497741699,-5.29328727722168,-4.172059059143066,-4.05088472366333,-5.115454196929932,-5.630622863769531,-5.410353660583496,-4.919806003570557,-4.536956787109375,-4.332881927490234,-4.305905342102051,-4.164835453033447,-4.084090232849121,-4.266567230224609,-3.9770233631134033,-3.8555519580841064,-3.688277244567871,-3.8917055130004883,-4.318253993988037,-4.3610968589782715,-3.9958760738372803,-4.105564594268799,-4.521809101104736,-4.579749584197998,-4.298837184906006,-3.6259782314300537,-2.7390456199645996,-2.447700023651123,-3.405160665512085,-5.067709445953369,-5.720300674438477,-5.553360462188721,-5.709781646728516,-6.2395830154418945,-6.909722805023193,-7.605746746063232,-8.009145736694336,-7.745125770568848,-7.469475269317627,-8.098033905029297
-6.186923027038574,-6.261691093444824,-6.1087164878845215,-5.691836833953857,-5.465658664703369,-5.691491603851318,-4.411318302154541,-4.594958305358887,-5.890995979309082,-6.4984450340271,-5.961739540100098,-4.899280071258545,-4.124410152435303,-4.038156986236572,-4.334182262420654,-4.372469425201416,-4.601852893829346,-5.072011470794678,-4.992913246154785,-4.553559303283691,-4.25931453704834,-4.307895183563232,-4.736288547515869,-4.691331386566162,-4.204765319824219,-4.144895553588867,-4.40266227722168,-4.428996562957764,-4.229217529296875,-4.002814769744873,-3.878058671951294,-3.7291736602783203,-4.084368705749512,-5.348306179046631,-5.940569877624512,-5.244088172912598,-5.099641799926758,-6.381946563720703,-7.3724260330200195,-7.267157077789307,-7.100450038909912,-6.928650856018066,-6.717667579650879,-7.397472858428955
-6.064144611358643,-5.932833194732666,-5.739805221557617,-5.533823490142822,-5.288822650909424,-5.134942531585693,-4.345901012420654,-5.525641441345215,-6.91514778137207,-7.463747501373291,-6.706146240234375,-5.096036434173584,-4.0917205810546875,-4.0114359855651855,-4.377715587615967,-4.3927130699157715,-4.603828430175781,-5.082633972167969,-5.589143753051758,-5.478174686431885,-5.427695274353027,-5.335312366485596,-5.1699981689453125,-4.77664852142334,-4.276206970214844,-3.893244743347168,-3.681614875793457,-3.694366455078125,-3.6472723484039307,-3.8520052433013916,-4.539536952972412,-4.925384998321533,-4.995258808135986,-5.474771976470947,-5.826350212097168,-5.343542575836182,-5.116961479187012,-6.167596817016602,-7.474902153015137,-7.338377475738525,-6.790747165679932,-6.463327884674072,-6.130677223205566,-6.7170023918151855
-6.5138092041015625,-5.760134696960449,-5.324481010437012,-5.254993438720703,-5.432260036468506,-3.8103275299072266,-3.0280184745788574,-5.257880210876465,-7.022714138031006,-7.783799648284912,-7.09602689743042,-5.343482494354248,-4.3015947341918945,-4.130098342895508,-4.483072280883789,-4.629143714904785,-4.425704479217529,-4.575876235961914,-5.1821675300598145,-5.974390983581543,-6.4245381355285645,-6.1430559158325195,-5.211907863616943,-4.2663984298706055,-3.6129660606384277,-3.1813647747039795,-2.8826489448547363,-2.8696770668029785,-2.97407865524292,-3.4069180488586426,-4.212497234344482,-4.832762718200684,-5.079314231872559,-5.079611301422119,-5.125655174255371,-5.3670573234558105,-5.553238868713379,-5.985776901245117,-6.634287357330322,-6.873428821563721,-6.676084041595459,-6.067371368408203,-5.402550220489502,-5.851716995239258
-7.486705303192139,-6.429879665374756,-5.636021137237549,-5.57080078125,-5.672325134277344,-2.91412353515625,-1.5625208616256714,-3.527221441268921,-5.716782093048096,-6.898459434509277,-6.662586212158203,-5.241598129272461,-4.393551826477051,-4.246441841125488,-4.488744735717773,-4.598362922668457,-4.205275535583496,-3.9706315994262695,-4.549009799957275,-5.573304653167725,-6.135117530822754,-5.9412736892700195,-4.965651035308838,-3.786583423614502,-2.8566510677337646,-2.607151746749878,-2.5819408893585205,-2.634655237197876,-2.849792242050171,-3.32395076751709,-3.9304451942443848,-4.455219268798828,-4.743256568908691,-4.5898613929748535,-4.30872106552124,-4.328693866729736,-4.684179306030273,-5.303448677062988,-5.838250637054443,-5.908985614776611,-5.8607025146484375,-5.346342086791992,-4.6506147384643555,-4.950680255889893
-9.07675552368164,-8.24981689453125,-7.332674980163574,-7.024352073669434,-6.175021171569824,-2.556077480316162,-1.5939850807189941,-3.0067989826202393,-4.619744777679443,-5.6160173416137695,-5.646702289581299,-4.791691780090332,-4.154718399047852,-4.099660396575928,-4.2749433517456055,-4.110660552978516,-3.6941022872924805,-3.5082013607025146,-3.8406364917755127,-4.453616142272949,-5.076133728027344,-5.323444843292236,-4.769986152648926,-3.798698902130127,-3.0342984199523926,-2.8406827449798584,-2.8679895401000977,-3.0844926834106445,-3.282698392868042,-3.6417319774627686,-4.149747371673584,-4.431886672973633,-4.573323726654053,-4.3924431800842285,-3.934070110321045,-3.557520627975464,-3.6336894035339355,-4.28157377243042,-5.096762180328369,-5.234354019165039,-4.908052444458008,-4.506894588470459,-4.2547807693481445,-4.733877658843994
-9.915160179138184,-9.344907760620117,-8.527971267700195,-7.923376083374023,-6.4291510581970215,-3.1711199283599854,-3.1944010257720947,-4.503901481628418,-5.048897743225098,-5.232797622680664,-4.859143257141113,-4.223414897918701,-3.792595148086548,-3.5878171920776367,-3.6971726417541504,-3.7097270488739014,-3.434634208679199,-3.2023119926452637,-3.090924024581909,-3.213271379470825,-3.6843488216400146,-4.120215892791748,-4.049424171447754,-3.5028016567230225,-3.340179204940796,-3.1598432064056396,-3.2925570011138916,-3.560317277908325,-3.663794994354248,-3.6931536197662354,-3.888309955596924,-4.13208532333374,-4.327615737915039,-4.2344536781311035,-3.8529815673828125,-3.550440549850464,-3.472656488418579,-3.6954712867736816,-4.3358564376831055,-4.8888139724731445,-4.98715353012085,-4.624822616577148,-4.4401936531066895,-4.9787797927856445
-9.58318042755127,-9.11754322052002,-8.515371322631836,-7.8793253898620605,-6.39886999130249,-4.923491954803467,-5.912716388702393,-6.744736671447754,-6.322134971618652,-5.66303014755249,-4.7507219314575195,-3.922985076904297,-3.457420825958252,-3.1848695278167725,-3.040860652923584,-3.352891683578491,-3.281003713607788,-2.9045116901397705,-2.501985549926758,-2.2278149127960205,-2.304468870162964,-2.63857364654541,-2.9685418605804443,-2.80446195602417,-2.9395809173583984,-3.1265439987182617,-3.2576804161071777,-3.538233518600464,-3.773738145828247,-3.683302164077759,-3.477163791656494,-3.637657880783081,-4.108399868011475,-4.280898094177246,-3.9981956481933594,-3.7264978885650635,-3.5881431102752686,-3.6703855991363525,-4.261297225952148,-4.792830944061279,-5.2523512840271,-5.293898105621338,-4.790990352630615,-4.4761433601379395
-9.179080963134766,-8.762664794921875,-8.236274719238281,-7.851177215576172,-6.870423793792725,-6.778011798858643,-7.919395923614502,-8.06120777130127,-7.049991130828857,-5.830517768859863,-4.668999671936035,-3.856471300125122,-3.322990894317627,-3.0148823261260986,-2.690005302429199,-2.7888150215148926,-2.8694913387298584,-2.5585386753082275,-2.025230646133423,-1.531075358390808,-1.3467942476272583,-1.479303240776062,-2.1849148273468018,-2.7201156616210938,-2.6515679359436035,-2.709566593170166,-2.963667154312134,-3.5020670890808105,-3.9784834384918213,-3.855337381362915,-3.363830089569092,-3.3255133628845215,-3.91935658454895,-4.304422378540039,-4.130178928375244,-3.852430820465088,-3.8375084400177,-4.035802364349365,-4.379779815673828,-4.514933109283447,-4.845978260040283,-5.164502143859863,-4.6446638107299805,-3.7852108478546143
-8.7484769821167,-8.674701690673828,-7.841514587402344,-6.856637477874756,-6.519583702087402,-7.084754943847656,-7.809198379516602,-7.328616142272949,-6.427611351013184,-5.330369472503662,-4.451976776123047,-3.8337624073028564,-3.326488733291626,-2.8514387607574463,-2.2521884441375732,-1.9342412948608398,-2.2456021308898926,-2.030076265335083,-1.4945721626281738,-1.2154401540756226,-1.1663179397583008,-1.5086796283721924,-2.237009048461914,-2.815856456756592,-2.767732858657837,-2.7698357105255127,-3.019087791442871,-3.6921815872192383,-4.367267608642578,-4.163216590881348,-3.249635696411133,-2.748079538345337,-3.2120182514190674,-3.855515480041504,-4.060156345367432,-3.8012843132019043,-3.750568151473999,-4.050301551818848,-4.3187127113342285,-4.103204250335693,-3.9168856143951416,-4.136370658874512,-4.059210777282715,-3.058938503265381
-8.23476505279541,-8.05413818359375,-6.952600479125977,-5.555624485015869,-5.526268005371094,-5.8433918952941895,-6.260931968688965,-5.8701043128967285,-5.408937454223633,-4.746285915374756,-4.169941425323486,-3.6614491939544678,-3.1540613174438477,-2.564176082611084,-1.7775710821151733,-1.4305894374847412,-1.7699998617172241,-1.8459769487380981,-1.4013246297836304,-1.1222219467163086,-1.5436358451843262,-2.28464412689209,-2.909390449523926,-3.349749803543091,-3.7004129886627197,-3.7645928859710693,-3.6160600185394287,-3.8736648559570312,-4.29920768737793,-4.1063737869262695,-3.234036922454834,-2.597566843032837,-2.5989551544189453,-3.107544183731079,-3.6407063007354736,-3.586200475692749,-3.5348730087280273,-3.9413259029388428,-4.19936990737915,-3.963897228240967,-3.627284288406372,-3.4117562770843506,-3.135366201400757,-2.231463670730591
-7.837055206298828,-6.886319637298584,-5.698029518127441,-4.523948669433594,-4.700350761413574,-4.725888729095459,-5.183203220367432,-5.177703857421875,-4.720518112182617,-4.146912574768066,-3.806473970413208,-3.71439266204834,-3.177893877029419,-2.2215988636016846,-1.8300070762634277,-1.971830129623413,-2.1974048614501953,-2.3122711181640625,-2.3530759811401367,-2.1130294799804688,-2.1014561653137207,-2.4643301963806152,-2.974660634994507,-3.3509562015533447,-4.036183834075928,-4.446511268615723,-4.218122959136963,-4.108479022979736,-4.179614543914795,-4.079742431640625,-3.676100254058838,-3.1464791297912598,-2.617553234100342,-2.568377733230591,-3.088212013244629,-3.608250856399536,-3.754640579223633,-3.7984328269958496,-3.832240581512451,-3.663882255554199,-3.2982659339904785,-2.7925682067871094,-1.9799513816833496,-0.9652482867240906
-7.73957633972168,-6.184228420257568,-5.159214019775391,-4.389916896820068,-4.345001697540283,-4.669642448425293,-5.049729347229004,-5.005643844604492,-4.551155090332031,-3.9970815181732178,-3.8052380084991455,-3.9584434032440186,-3.6247212886810303,-2.7544684410095215,-2.4253249168395996,-2.7043418884277344,-2.996811866760254,-3.149754762649536,-3.555915117263794,-3.573260545730591,-3.0929315090179443,-2.7227303981781006,-2.814445734024048,-3.2219061851501465,-3.9400973320007324,-4.3152055740356445,-4.0995049476623535,-4.077372074127197,-4.157951831817627,-4.225480079650879,-4.227511882781982,-3.8623645305633545,-3.305178165435791,-3.0735247135162354,-3.211775302886963,-3.5262515544891357,-3.5796923637390137,-3.406543493270874,-3.386139154434204,-3.2294185161590576,-2.606844902038574,-2.2026171684265137,-1.4230536222457886,-0.5710001587867737
-7.8415846824646,-6.074984073638916,-5.171832084655762,-5.216940879821777,-4.894883155822754,-5.049860000610352,-5.195552349090576,-4.986631870269775,-4.677502155303955,-4.341129779815674,-4.174589157104492,-4.123241424560547,-3.899196147918701,-3.3342037200927734,-2.94262957572937,-3.1640117168426514,-3.6503851413726807,-3.9647939205169678,-4.435481071472168,-4.640345573425293,-4.216860771179199,-3.792484998703003,-3.7347075939178467,-3.7890713214874268,-3.9412407875061035,-3.9096100330352783,-3.7601287364959717,-4.092789649963379,-4.481199264526367,-4.740684509277344,-4.807906150817871,-4.365976333618164,-4.039924621582031,-3.6864500045776367,-3.453460216522217,-3.2884671688079834,-3.1149988174438477,-3.0854761600494385,-3.3070785999298096,-3.041696310043335,-2.3424832820892334,-2.1752302646636963,-1.7757459878921509,-1.3107564449310303
-7.9917707443237305,-7.138199329376221,-6.702709197998047,-6.919889450073242,-6.604560375213623,-5.531370639801025,-5.426248073577881,-5.0625152587890625,-4.722991466522217,-4.549771308898926,-4.389825344085693,-4.257604122161865,-4.007068634033203,-3.520265579223633,-3.377992630004883,-3.8401782512664795,-4.3882646560668945,-4.708612442016602,-4.827596187591553,-4.788314342498779,-4.616990089416504,-4.551854133605957,-4.469333171844482,-4.217377185821533,-3.9987916946411133,-3.758875846862793,-3.684678792953491,-4.081526756286621,-4.621960163116455,-5.273655414581299,-5.6339216232299805,-4.986422061920166,-4.527154445648193,-3.9407646656036377,-3.5432794094085693,-3.527117967605591,-3.467736005783081,-3.2238214015960693,-3.0345101356506348,-2.6606760025024414,-2.6220810413360596,-2.9279227256774902,-2.7469942569732666,-2.82442045211792
-8.021002769470215,-8.614480018615723,-8.826322555541992,-8.72714900970459,-8.344125747680664,-6.724692344665527,-6.145626068115234,-5.436487197875977,-4.878195285797119,-4.652467250823975,-4.664479732513428,-4.922233581542969,-4.73474645614624,-4.122025489807129,-4.147060871124268,-4.627739906311035,-4.988190650939941,-4.996923446655273,-4.670290946960449,-4.4203104972839355,-4.41015100479126,-4.579361915588379,-4.6635355949401855,-4.44665002822876,-4.266340732574463,-4.2651238441467285,-4.516201019287109,-4.961358070373535,-5.438272476196289,-6.083972930908203,-6.567276954650879,-6.053406238555908,-5.247854709625244,-4.5564866065979,-4.362728595733643,-4.4500813484191895,-4.268923759460449,-3.730283498764038,-3.1662042140960693,-2.9759769439697266,-3.365316390991211,-3.9548113346099854,-4.3935546875,-4.843235492706299
