data/wind_data/wind_34_1.json
{"header": {"parameterUnit": "KT", "parameterCategory": 2, "nx": 256, "ny": 198, "lo1": 44.73521041870117, "la1": -3.236724853515625, "lo2": 111.26478576660156, "la2": 43.468475341796875, "dx": 0.2609002888202667, "dy": -0.23708222806453705, "refTime": "2025-02-20 10:00:00", "forecastTime": 0, "parameterNumber": 2, "parameterNumberName": "eastward_wind"}, "data":
[rows 76 to 94 of 198, columns 43 to 85 of 256]
1.925589919090271,0.9454965591430664,-0.04056970402598381,-0.7528537511825562,-1.5848950147628784,-2.4046506881713867,-3.319979429244995,-4.145233631134033,-4.68789005279541,-4.872003078460693,-4.968121528625488,-5.126605033874512,-5.420557498931885,-5.826666355133057,-6.422047138214111,-6.727192401885986,-6.901556968688965,-7.02701997756958,-6.997376441955566,-6.828891754150391,-6.815900802612305,-6.936600208282471,-7.0857133865356445,-7.3627543449401855,-7.751345634460449,-7.896079063415527,-7.861120223999023,-7.808038711547852,-7.360321521759033,-6.709132194519043,-6.18781852722168,-5.735651016235352,-5.393186569213867,-5.160583972930908,-5.048949241638184,-4.920461654663086,-4.879763603210449,-4.887136459350586,-4.845086097717285,-4.855649948120117,-5.372736930847168,-5.532846450805664,-5.592290878295898
2.746722936630249,1.4697717428207397,0.3816341459751129,-0.5992333889007568,-1.4037537574768066,-2.365974187850952,-3.3448801040649414,-4.070715427398682,-4.438415050506592,-4.534494400024414,-4.459024429321289,-4.433326721191406,-4.777730464935303,-5.3377885818481445,-5.909198760986328,-6.274151802062988,-6.664909362792969,-6.770034313201904,-6.689060688018799,-6.731360912322998,-6.697302341461182,-6.775393009185791,-6.933830261230469,-7.183605194091797,-7.379298210144043,-7.603174209594727,-7.698113918304443,-7.490629196166992,-7.194179058074951,-6.793209075927734,-6.156810760498047,-5.3472795486450195,-4.818996906280518,-4.4827985763549805,-4.5347161293029785,-4.527497291564941,-4.44866943359375,-4.607611656188965,-4.934837818145752,-5.04664421081543,-5.49907922744751,-5.637216567993164,-5.7162299156188965
3.151474714279175,2.0084140300750732,0.48198097944259644,-0.12835469841957092,-1.2968930006027222,-2.2814602851867676,-3.30338191986084,-3.8996801376342773,-4.126745700836182,-3.9885573387145996,-3.929626226425171,-3.8655929565429688,-3.988492012023926,-4.626640319824219,-5.164509296417236,-5.782087802886963,-6.385752201080322,-6.487914562225342,-6.623051166534424,-6.586765766143799,-6.613855838775635,-6.725815296173096,-6.804786682128906,-7.097111225128174,-7.296040058135986,-7.306234359741211,-7.198805332183838,-7.141233921051025,-6.733863353729248,-6.299883842468262,-5.72894811630249,-4.964071750640869,-4.404999256134033,-4.021683692932129,-4.089852809906006,-3.968931198120117,-4.000158309936523,-4.511688709259033,-5.005296230316162,-5.224261283874512,-5.529798984527588,-5.405401706695557,-5.674605846405029
3.7050018310546875,2.240744113922119,1.7338095903396606,-0.1548869013786316,-0.934417724609375,-2.2512259483337402,-3.0532069206237793,-3.47878098487854,-3.4799087047576904,-3.330670118331909,-3.274181842803955,-3.1699533462524414,-3.3034000396728516,-3.9508535861968994,-4.79912805557251,-5.680148601531982,-6.411548137664795,-6.695115566253662,-6.539592742919922,-6.501256942749023,-6.53265380859375,-6.429966449737549,-6.418600082397461,-6.616568565368652,-6.837441444396973,-6.833889007568359,-6.71049165725708,-6.761171817779541,-6.382796764373779,-5.687499523162842,-5.009771347045898,-4.4715728759765625,-4.032336711883545,-3.646777629852295,-3.6108953952789307,-3.6613521575927734,-3.8917436599731445,-4.187039375305176,-4.612227439880371,-4.778491020202637,-5.110063076019287,-5.188325881958008,-5.427489280700684
2.560601234436035,2.355626106262207,0.21540158987045288,0.8828198313713074,-1.0843044519424438,-1.8997632265090942,-2.8489468097686768,-2.8774726390838623,-2.7690157890319824,-2.6136326789855957,-2.5356056690216064,-2.430471181869507,-2.708397388458252,-3.3244004249572754,-4.431032657623291,-5.577329158782959,-6.2701334953308105,-6.468427658081055,-6.434704780578613,-6.25857400894165,-6.113002777099609,-5.979720592498779,-5.8478264808654785,-5.956259727478027,-6.017093181610107,-6.117701530456543,-6.157670974731445,-6.08610200881958,-5.603600025177002,-4.787631034851074,-4.135478973388672,-3.5672032833099365,-3.24895977973938,-3.148057699203491,-3.3097121715545654,-3.6611461639404297,-4.093386173248291,-4.328364849090576,-4.5199055671691895,-4.4752678871154785,-4.640391826629639,-4.770865440368652,-5.1264238357543945
0.7468029260635376,0.7903934717178345,3.9841465950012207,-0.5923977494239807,-0.46581122279167175,-1.9367618560791016,-2.2139768600463867,-2.345839500427246,-1.903957486152649,-1.6992331743240356,-1.5440500974655151,-1.661210298538208,-2.2669124603271484,-3.1856436729431152,-4.472609996795654,-5.602015018463135,-6.004663467407227,-6.099572658538818,-6.129002571105957,-5.661634922027588,-5.365300178527832,-5.370845317840576,-5.4234299659729,-5.368812561035156,-5.619943618774414,-5.752566814422607,-5.81436014175415,-5.74164342880249,-5.095256805419922,-4.220949172973633,-3.516976833343506,-2.9871208667755127,-2.630791425704956,-2.693591833114624,-3.119351625442505,-3.593780517578125,-4.181304454803467,-4.354121685028076,-4.418808460235596,-4.1574883460998535,-4.279258728027344,-4.5165863037109375,-4.813275337219238
0.40099194645881653,3.1907355785369873,-1.8350763320922852,0.6984332799911499,-0.8305552005767822,-1.6844545602798462,-1.9873697757720947,-1.5889407396316528,-1.178001046180725,-0.8318473100662231,-0.7859592437744141,-1.1476635932922363,-1.9524626731872559,-3.076439142227173,-4.377591609954834,-5.17024564743042,-5.684599876403809,-5.753504276275635,-5.423406600952148,-5.103269577026367,-4.778974533081055,-4.55332088470459,-4.624794006347656,-4.85754919052124,-5.198440074920654,-5.471020221710205,-5.690648555755615,-5.5092291831970215,-4.881422996520996,-3.89363431930542,-3.0412278175354004,-2.36623477935791,-1.9820806980133057,-2.0738332271575928,-2.6433262825012207,-3.4247944355010986,-3.991507053375244,-4.0696330070495605,-4.1934895515441895,-3.8589649200439453,-3.920799493789673,-4.009115695953369,-4.430419921875
-1.6042661666870117,1.7097704410552979,-3.878749370574951,-0.8333840370178223,-1.9484953880310059,-1.368198037147522,-1.3184125423431396,-1.0642858743667603,-0.26410046219825745,-0.10227642953395844,-0.14678944647312164,-0.873508095741272,-1.894929051399231,-3.2095563411712646,-4.513327121734619,-5.1699981689453125,-5.2173991203308105,-4.95110559463501,-4.659775733947754,-4.166789531707764,-3.838613510131836,-3.752589464187622,-4.0023417472839355,-4.441457271575928,-4.915389537811279,-5.162949085235596,-5.327756404876709,-5.030434608459473,-4.441799640655518,-3.599799633026123,-2.763963222503662,-2.108077049255371,-1.8386691808700562,-1.8718842267990112,-2.4500772953033447,-3.05715012550354,-3.4230077266693115,-3.4789466857910156,-3.6806206703186035,-3.2819266319274902,-3.459014654159546,-3.6973342895507812,-4.189383506774902
-2.5129473209381104,-1.029396891593933,-4.281520843505859,-6.10909366607666,-2.2955989837646484,-2.093090772628784,-1.8143534660339355,0.11722942441701889,0.171448215842247,0.671739935874939,0.20242279767990112,-0.817909836769104,-2.1268324851989746,-3.5858426094055176,-4.552565574645996,-4.73415994644165,-4.492179870605469,-4.143727779388428,-3.872622489929199,-3.402308940887451,-3.2072126865386963,-3.270254135131836,-3.591071367263794,-4.048244953155518,-4.549802303314209,-4.720480918884277,-4.6925859451293945,-4.443210124969482,-3.7398905754089355,-2.9553372859954834,-2.463942289352417,-2.027679204940796,-2.007671594619751,-2.324213981628418,-2.7322771549224854,-2.900146007537842,-2.962937831878662,-2.826019525527954,-3.0055127143859863,-2.7621614933013916,-3.140268325805664,-3.1334311962127686,-3.2167160511016846
-2.6290743350982666,-3.7367382049560547,-5.160736083984375,-10.451224327087402,-2.718831777572632,-3.1793997287750244,0.6543389558792114,-1.2026246786117554,1.4131909608840942,0.5773882865905762,0.3923480808734894,-1.1500275135040283,-2.381730556488037,-3.6292519569396973,-4.031239032745361,-4.113654136657715,-3.755836248397827,-3.331282138824463,-2.9795923233032227,-2.765184164047241,-2.7614755630493164,-2.7578868865966797,-3.194974422454834,-3.640303134918213,-4.055381774902344,-4.219856262207031,-3.980884552001953,-3.652700901031494,-3.117048740386963,-2.2796549797058105,-1.8544034957885742,-1.884611964225769,-2.2035481929779053,-2.5983946323394775,-2.9466962814331055,-2.8261702060699463,-2.649965763092041,-2.4468636512756348,-2.4371089935302734,-2.230120897293091,-2.316237449645996,-2.048186779022217,-2.2427735328674316
-2.7806808948516846,-5.217642784118652,-5.5015106201171875,-9.360596656799316,-1.7548328638076782,-1.358129620552063,-1.575218677520752,0.790205180644989,0.8659517168998718,0.7017241716384888,-0.10951104760169983,-1.4470738172531128,-2.5474603176116943,-3.2471537590026855,-3.2721428871154785,-2.9670894145965576,-2.611652135848999,-2.3836965560913086,-2.2668018341064453,-2.300659418106079,-2.4513275623321533,-2.684370756149292,-3.001856803894043,-3.413949489593506,-3.617147445678711,-3.6125009059906006,-3.404560089111328,-3.055189609527588,-2.572657346725464,-1.93209969997406,-1.6092792749404907,-1.567124843597412,-1.9236551523208618,-2.29573917388916,-2.6259145736694336,-2.6848857402801514,-2.431353807449341,-2.227809190750122,-2.1330111026763916,-1.85997474193573,-1.81267511844635,-1.551766276359558,-1.7049986124038696
-2.8817708492279053,-5.11921501159668,-5.379178047180176,-6.806118965148926,-1.0378037691116333,-1.2541561126708984,-3.1692681312561035,-0.3328888416290283,0.39260149002075195,0.11441121995449066,-0.6934629082679749,-1.6773093938827515,-2.23494553565979,-2.5303850173950195,-2.489816188812256,-2.164262533187866,-1.6738861799240112,-1.5433158874511719,-1.5691076517105103,-1.9514236450195312,-2.416189193725586,-2.7671995162963867,-2.9889612197875977,-3.200148105621338,-3.087167739868164,-3.0010147094726562,-2.8367350101470947,-2.5918798446655273,-2.1383607387542725,-1.6547112464904785,-1.2817485332489014,-1.1497557163238525,-1.4046437740325928,-1.7202552556991577,-1.9539673328399658,-2.146554946899414,-2.1120779514312744,-1.89458167552948,-1.816391110420227,-1.5362486839294434,-1.5055370330810547,-1.275947093963623,-1.543184518814087
-2.8626725673675537,-4.264038562774658,-4.546651840209961,-4.7824320793151855,-0.7799978256225586,-2.7730135917663574,-3.3725295066833496,-3.565894842147827,-0.06528866291046143,-1.1198720932006836,-1.2232208251953125,-1.6441535949707031,-1.5808645486831665,-1.7545791864395142,-1.8797526359558105,-1.5973564386367798,-1.0966486930847168,-0.9618017673492432,-1.0468090772628784,-1.4937413930892944,-2.0729362964630127,-2.5938098430633545,-3.000598907470703,-3.017991065979004,-2.8234148025512695,-2.6791954040527344,-2.445011615753174,-2.0504567623138428,-1.6076408624649048,-1.1046688556671143,-0.8049851059913635,-0.6825234293937683,-0.8528330326080322,-1.1071001291275024,-1.4953423738479614,-1.8581172227859497,-1.9118852615356445,-1.6605329513549805,-1.6528291702270508,-1.3877829313278198,-1.4044389724731445,-1.1596367359161377,-1.323790192604065
-2.4520206451416016,-3.131678819656372,-3.3325693607330322,-3.44799542427063,-0.8351154327392578,-3.962259531021118,-3.8961713314056396,-6.5575151443481445,-0.40572991967201233,-2.85551118850708,-0.8129250407218933,-1.6234749555587769,-0.8842850923538208,-1.342116117477417,-1.4942259788513184,-1.2087990045547485,-0.769340991973877,-0.6239715218544006,-0.8934201598167419,-1.4225475788116455,-2.0720407962799072,-2.492910385131836,-2.7499849796295166,-2.6550562381744385,-2.570387601852417,-2.3564562797546387,-1.950847864151001,-1.414661169052124,-0.9687707424163818,-0.455658495426178,-0.3088292181491852,-0.3221067190170288,-0.6701432466506958,-0.8881651163101196,-1.5330616235733032,-2.066683292388916,-2.1456167697906494,-1.859804391860962,-1.7707092761993408,-1.2835428714752197,-1.369901180267334,-1.130321741104126,-1.2022383213043213
-1.6632764339447021,-2.5266849994659424,-2.123147487640381,-2.738419532775879,-1.376376986503601,-4.552219867706299,-4.569177627563477,-8.329690933227539,-1.9741833209991455,-2.556241750717163,-2.0452775955200195,-1.0281368494033813,-0.8045464754104614,-1.055855393409729,-1.246313214302063,-0.8924791216850281,-0.4510648250579834,-0.4781877100467682,-0.9727427363395691,-1.4661465883255005,-2.1072845458984375,-2.5904014110565186,-2.6341967582702637,-2.555406093597412,-2.2445178031921387,-1.721925973892212,-1.2172683477401733,-0.6861623525619507,-0.3433911204338074,-0.03462263196706772,-0.10693857073783875,-0.3995918929576874,-0.9350003600120544,-1.3558138608932495,-1.8973122835159302,-1.9114588499069214,-1.7176698446273804,-1.2874670028686523,-1.2608366012573242,-0.8853724002838135,-1.187608242034912,-0.9268900752067566,-0.9775874018669128
-1.5606329441070557,-1.4812126159667969,-2.001112461090088,-2.2672016620635986,-2.0619125366210938,-4.245738983154297,-5.0545477867126465,-9.139272689819336,-2.1424102783203125,-6.54594087600708,0.8666091561317444,-1.9187809228897095,-0.23484469950199127,-1.023754596710205,-1.0088831186294556,-0.6688804030418396,-0.1946459263563156,-0.26782089471817017,-1.0574778318405151,-1.7535994052886963,-2.439363479614258,-2.7178003787994385,-2.574876308441162,-2.296254873275757,-1.7451153993606567,-1.055567979812622,-0.43987736105918884,0.04523053765296936,0.0849541574716568,0.035171907395124435,-0.4488661587238312,-0.8963693380355835,-1.4676975011825562,-1.6769107580184937,-1.8009196519851685,-1.3377783298492432,-0.8023914098739624,-0.32861122488975525,-0.7221584320068359,-0.5488511323928833,-0.8852298259735107,-0.5198994874954224,-0.766884982585907
-0.8990814089775085,-1.6820573806762695,-1.2212297916412354,-2.215444564819336,-2.1569507122039795,-3.970780849456787,-4.022117614746094,-8.755449295043945,-3.218625783920288,2.324613571166992,-6.317248821258545,-1.1713080406188965,-1.0123234987258911,-0.8654186129570007,-0.8336647748947144,-0.40932613611221313,0.11272887885570526,-0.11968056112527847,-1.1294047832489014,-2.030237913131714,-2.722520589828491,-2.8389477729797363,-2.38749098777771,-1.7660691738128662,-1.1101545095443726,-0.2641231119632721,0.19096621870994568,0.5919891595840454,0.22206805646419525,-0.39149150252342224,-1.0077240467071533,-1.3673484325408936,-1.6486905813217163,-1.4900370836257935,-1.2621017694473267,-0.7171810865402222,-0.22299383580684662,0.3964325189590454,-0.16532519459724426,-0.13783378899097443,-0.5233045816421509,-0.08528628945350647,-0.6776712536811829
-1.160560965538025,-0.6281905770301819,-1.0075019598007202,-1.7778083086013794,-2.206825017929077,-3.545750856399536,-4.452667713165283,-5.9440836906433105,-5.696726322174072,4.542157173156738,-10.397051811218262,0.14287833869457245,-3.0264391899108887,-0.21409907937049866,-1.1570720672607422,0.17720559239387512,0.414191335439682,0.12457557767629623,-0.9572089314460754,-2.1162893772125244,-2.7620301246643066,-2.8102307319641113,-2.0491340160369873,-1.1722646951675415,-0.3711857199668884,0.3234206736087799,0.7248244881629944,0.6352362632751465,-0.15065355598926544,-0.8686944246292114,-1.2611597776412964,-1.334826946258545,-1.1994342803955078,-0.8447667360305786,-0.5327916741371155,-0.07385029643774033,0.16919854283332825,0.6254649758338928,0.1656630039215088,0.11661145091056824,-0.350238174200058,0.3013981878757477,-0.18340377509593964
0.1793336719274521,-1.0326955318450928,-0.5012713670730591,-1.3416870832443237,-2.255535364151001,-2.9238009452819824,-4.34566068649292,-4.133713245391846,-4.772980690002441,1.3788726329803467,-6.421676158905029,-3.6280159950256348,-1.3028510808944702,-2.3985910415649414,-0.5452355742454529,-0.029214926064014435,0.7171895503997803,0.2608077824115753,-0.6177315711975098,-1.7243701219558716,-2.416670322418213,-2.3575193881988525,-1.4938942193984985,-0.5076470971107483,0.1983170360326767,0.5292235016822815,0.6346185207366943,0.07421603798866272,-0.5447537899017334,-0.9207969307899475,-1.0359649658203125,-0.8901451230049133,-0.7014027833938599,-0.26914262771606445,0.04197882115840912,0.42058029770851135,0.5320029258728027,0.8726675510406494,0.6900129914283752,0.623907208442688,0.1551329791545868,0.7212711572647095,0.6464554071426392
