data/wind_data/wind_Surface_2.json
{"header": {"parameterUnit": "KT", "parameterCategory": 2, "nx": 255, "ny": 198, "lo1": 44.73521041870117, "la1": -3.236724853515625, "lo2": 111.26478576660156, "la2": 43.468475341796875, "dx": 0.26192745566368103, "dy": -0.23708222806453705, "refTime": "2025-02-19 02:00:00", "forecastTime": 0, "parameterNumber": 2, "parameterNumberName": "eastward_wind"}, "data":
[rows 95 to 113 of 198, columns 129 to 171 of 255]
-2.041271448135376,-1.38290274143219,-1.459131121635437,-2.3388543128967285,-3.5593409538269043,-4.602978229522705,-4.954232215881348,-4.378793239593506,-2.764972448348999,-0.8419238924980164,0.12936748564243317,-0.003919698763638735,-0.4575463831424713,-0.5137120485305786,-0.1945248693227768,0.42387184500694275,0.6489803791046143,-0.328355610370636,-0.8704239130020142,-0.978356122970581,-1.3169986009597778,-1.746508240699768,-2.955631732940674,-2.552018642425537,-0.7865771055221558,-0.5485909581184387,-2.3219947814941406,-3.212151288986206,-1.6134533882141113,-0.3494393527507782,0.23216433823108673,1.0160518884658813,2.2320992946624756,3.4993109703063965,4.095217227935791,4.1106438636779785,4.431709289550781,5.103026866912842,5.026768207550049,4.055129528045654,3.5515642166137695,4.265058994293213,5.186892032623291
-0.11729229986667633,-0.741973340511322,-1.8133807182312012,-2.091341972351074,-2.6685614585876465,-3.577038288116455,-3.8639047145843506,-4.132937431335449,-2.9837188720703125,-0.8127495646476746,0.43110233545303345,-0.0642281249165535,-0.8939414620399475,-1.4231828451156616,-1.5876675844192505,-0.8089483380317688,-0.43087440729141235,-1.2512568235397339,-1.6918915510177612,-1.6218483448028564,-2.4533498287200928,-3.4205899238586426,-3.6397545337677,-2.105632781982422,-0.07426817715167999,-2.1563820838928223,-3.9819517135620117,-2.018172264099121,-0.6830652952194214,-1.1087998151779175,0.51934415102005,2.444592237472534,2.447875499725342,3.6463136672973633,5.072442531585693,4.928114414215088,4.409181594848633,4.558337688446045,3.8089494705200195,2.4504363536834717,2.5729548931121826,3.7281267642974854,4.469385623931885
0.7340947985649109,-0.5487408638000488,-2.4227752685546875,-2.324575185775757,-1.466482162475586,-1.4405858516693115,-2.8363351821899414,-4.862918853759766,-3.7085306644439697,-0.3411688506603241,1.6142301559448242,0.6278957724571228,-0.42910078167915344,-1.3001298904418945,-2.1027705669403076,-1.2408013343811035,-1.369301438331604,-2.323453664779663,-2.358271837234497,-3.3635051250457764,-5.0443902015686035,-4.183945178985596,-3.8469531536102295,-2.611135244369507,-1.1805799007415771,-4.220659255981445,-4.076918125152588,-0.28256481885910034,-1.3434439897537231,-2.9542365074157715,1.2648087739944458,4.538500785827637,2.5593175888061523,2.0904552936553955,3.117887496948242,3.7946736812591553,4.531176567077637,4.03790807723999,1.8008568286895752,-0.17132240533828735,-0.2334478497505188,1.0159962177276611,2.3194808959960938
-0.9300510287284851,-1.2681727409362793,-2.157405138015747,-2.410905122756958,-1.0193560123443604,-0.12972231209278107,-1.8704297542572021,-4.278984546661377,-4.539429187774658,-0.8498560786247253,2.3684370517730713,1.7092983722686768,-0.16596098244190216,-0.8790781497955322,-1.4765830039978027,-1.4078311920166016,-1.4594693183898926,-2.2501072883605957,-2.632209300994873,-2.1968259811401367,-1.3047205209732056,-2.3228964805603027,-4.23186731338501,-2.650041341781616,-1.5006712675094604,-4.292918682098389,-3.1633639335632324,0.316356897354126,-1.8566017150878906,-3.270763635635376,1.7801647186279297,4.976470470428467,2.316582441329956,1.39423668384552,1.910778284072876,1.7888184785842896,1.7198601961135864,0.4517557621002197,-0.801644504070282,-0.8579973578453064,-0.5083380937576294,-0.09312833100557327,0.4743281900882721
-3.2599828243255615,-1.863235592842102,-1.2480870485305786,-1.281254529953003,-0.4146628677845001,-0.47391653060913086,-2.760162591934204,-4.179885387420654,-4.236843109130859,-1.4530607461929321,2.3473377227783203,2.7857866287231445,0.38543906807899475,-0.5680427551269531,-0.8400478363037109,-1.3642568588256836,-1.318982481956482,-1.705933690071106,-2.4959139823913574,-2.102980136871338,-0.9037614464759827,-1.516050934791565,-2.92130708694458,-1.9484117031097412,-1.0703749656677246,-2.6098828315734863,-2.4363174438476562,-0.24720746278762817,-0.062430690973997116,0.0021042583975940943,2.8519339561462402,3.703007698059082,1.465884804725647,0.2694340944290161,-0.1951381266117096,-0.49099206924438477,-0.4912252426147461,-0.7163082361221313,-0.9992546439170837,-1.0042084455490112,-0.6978113651275635,-0.2233087718486786,0.060044754296541214
-3.6083576679229736,-2.9148037433624268,-1.4862065315246582,-0.308260440826416,-0.09798765182495117,-1.5544352531433105,-3.638207197189331,-4.304154396057129,-3.6813149452209473,-2.6631550788879395,0.08735301345586777,1.6124452352523804,0.9265176057815552,-0.21482153236865997,-0.33576491475105286,-0.7816787362098694,-1.4823307991027832,-1.444442629814148,-1.9418061971664429,-1.6826531887054443,-0.6679453253746033,-0.6738258004188538,-1.3267371654510498,-1.5940428972244263,-1.94007408618927,-2.7949626445770264,-2.536684036254883,-0.549561083316803,0.916089653968811,1.2552485466003418,1.977104902267456,1.318115472793579,-0.4399716854095459,-1.4642581939697266,-1.8818836212158203,-1.678955316543579,-0.8702899217605591,-0.7254925966262817,-1.0943628549575806,-0.879144012928009,-0.4709981083869934,-0.27216431498527527,-0.17507338523864746
-2.886759042739868,-2.8953778743743896,-1.9092754125595093,-0.7989538908004761,-0.8198117613792419,-1.8349721431732178,-3.1904962062835693,-4.094293594360352,-4.886799335479736,-5.263350963592529,-4.1270670890808105,-2.0455751419067383,0.6523714661598206,1.4329395294189453,1.31243097782135,0.7151691913604736,-1.6613506078720093,-3.1020796298980713,-2.0180206298828125,-0.4270431697368622,-0.616259753704071,-1.349825382232666,-1.2501757144927979,-0.9779215455055237,-1.0324524641036987,-2.081207275390625,-2.2212772369384766,0.029615145176649094,0.9631165862083435,-0.5155738592147827,-1.4274297952651978,-1.0286647081375122,-0.9839483499526978,-1.5996531248092651,-2.105647087097168,-1.9567757844924927,-0.8305274248123169,-0.4918251037597656,-0.8527860045433044,-0.5318783521652222,-0.17543935775756836,-0.20767778158187866,-0.24774757027626038
-3.2673633098602295,-3.4976890087127686,-3.014108657836914,-2.266078472137451,-1.9119064807891846,-2.020993947982788,-2.8005149364471436,-3.839043140411377,-5.061258792877197,-5.7003173828125,-5.139440059661865,-2.3848347663879395,2.039151191711426,4.231576919555664,3.6466948986053467,1.3028335571289062,-2.566378116607666,-4.859328269958496,-3.205869197845459,-1.2008498907089233,-1.5324206352233887,-1.626783847808838,-0.75785231590271,0.008072945289313793,-0.41313284635543823,-1.9918606281280518,-1.7281816005706787,0.43118607997894287,0.5813870429992676,-1.4295071363449097,-2.13738751411438,-0.7121514678001404,-0.5225241780281067,-2.096198558807373,-2.730562686920166,-1.8906995058059692,-0.7817903757095337,0.058570194989442825,0.44723910093307495,0.16151447594165802,-0.4329208731651306,-0.6807798743247986,-0.6474575996398926
-2.9478471279144287,-3.5189781188964844,-3.4937314987182617,-3.158041477203369,-2.9154553413391113,-3.100005865097046,-4.083796501159668,-5.171136379241943,-5.802944660186768,-5.054207801818848,-2.6868979930877686,0.17687954008579254,2.1504993438720703,2.8059327602386475,1.6088649034500122,-0.5001342296600342,-2.523159980773926,-4.31405782699585,-5.12489128112793,-4.9858808517456055,-3.258213758468628,-0.7712529897689819,1.2363678216934204,1.7479393482208252,-0.22682350873947144,-2.3233230113983154,-1.0960617065429688,0.8680079579353333,0.36256441473960876,-1.1331284046173096,-1.1691168546676636,-0.604109525680542,-1.4179439544677734,-2.9750287532806396,-3.428230047225952,-2.295656204223633,-0.8783321380615234,-0.09465733915567398,0.15115225315093994,-0.20401757955551147,-0.9573228359222412,-1.140205979347229,-0.8453874588012695
-3.5882527828216553,-2.7662315368652344,-2.3397746086120605,-2.6337437629699707,-3.088052988052368,-3.702197551727295,-5.045185089111328,-6.124324798583984,-5.574939250946045,-3.6448075771331787,-1.4409631490707397,-0.6553698182106018,-1.0424340963363647,-1.7746505737304688,-2.0732386112213135,-0.8176051378250122,-0.22412221133708954,-1.5310328006744385,-3.659660816192627,-5.365147113800049,-3.969642162322998,-0.5130934715270996,1.469030737876892,1.7433992624282837,-0.07447110861539841,-1.5886175632476807,-0.28098365664482117,0.9548417329788208,0.04489828646183014,-1.0176560878753662,-0.8700053691864014,-1.180302619934082,-2.2022180557250977,-3.143805503845215,-3.45290470123291,-2.659306526184082,-1.4902969598770142,-0.859987199306488,-1.1035445928573608,-1.325014591217041,-1.3754929304122925,-1.3257189989089966,-0.958975613117218
-5.382708549499512,-2.644444704055786,-1.0129196643829346,-1.6445657014846802,-3.1678273677825928,-4.378344535827637,-5.024170398712158,-5.24613618850708,-4.611508369445801,-3.30075740814209,-2.090108633041382,-2.286365032196045,-3.311169147491455,-4.115236282348633,-2.821700096130371,1.0476161241531372,2.986046552658081,0.9564455151557922,-2.205029010772705,-3.39011549949646,-2.1724486351013184,-0.35732629895210266,0.637590229511261,1.2239782810211182,1.2535697221755981,0.557857096195221,0.4783366322517395,0.5587363839149475,0.34558698534965515,-0.5471153855323792,-1.8454554080963135,-2.4898924827575684,-2.6660473346710205,-2.6179513931274414,-2.51448917388916,-2.4637367725372314,-2.0367112159729004,-1.4369651079177856,-1.259139060974121,-1.3575774431228638,-1.241081714630127,-0.8494175672531128,-0.7987181544303894
-5.737960338592529,-2.8890833854675293,-1.1272932291030884,-1.5074663162231445,-3.3667919635772705,-5.05036735534668,-4.839353561401367,-4.305068016052246,-4.102997779846191,-3.2125866413116455,-2.654764413833618,-3.3347439765930176,-4.305121421813965,-3.965338945388794,-1.6611230373382568,2.3117380142211914,3.986264705657959,2.2843055725097656,0.144483745098114,-0.5235482454299927,0.20654591917991638,0.571222186088562,0.24143020808696747,-0.20915661752223969,0.32753753662109375,0.4029254615306854,-0.2670465111732483,-0.23403744399547577,-0.20966769754886627,-1.1108635663986206,-2.3647940158843994,-2.907841920852661,-2.7451510429382324,-2.087940216064453,-1.8593711853027344,-2.0042407512664795,-1.9636071920394897,-1.5320628881454468,-1.0087974071502686,-0.7163996696472168,-0.6366144418716431,-0.5947219729423523,-0.7766517400741577
-5.370026111602783,-3.4462976455688477,-2.165757656097412,-2.277073621749878,-3.136777400970459,-3.9610512256622314,-3.9774770736694336,-3.957470655441284,-3.428431987762451,-2.2924110889434814,-2.0459539890289307,-2.4912617206573486,-2.920398473739624,-2.787238121032715,-1.3686152696609497,1.296374797821045,2.90175724029541,2.732252836227417,1.9662463665008545,1.8090146780014038,1.994653582572937,0.5841849446296692,-0.7507228851318359,-1.093060851097107,-1.7420333623886108,-1.865565299987793,-0.9979950785636902,0.24131429195404053,-0.08461523801088333,-1.4872113466262817,-2.16097092628479,-2.6487369537353516,-2.557873487472534,-1.6631629467010498,-1.3038771152496338,-1.2929248809814453,-1.35145103931427,-1.2863290309906006,-0.9724177718162537,-0.7107418775558472,-0.451710969209671,-0.27773019671440125,-0.8695719242095947
-4.638913154602051,-3.7478225231170654,-2.8603157997131348,-3.018016815185547,-2.7074387073516846,-2.767169713973999,-3.640183448791504,-3.9478063583374023,-2.684708833694458,-1.664751410484314,-1.9652070999145508,-2.4576189517974854,-2.8067469596862793,-2.9397780895233154,-2.331773281097412,-0.5336840152740479,1.548050045967102,2.381511926651001,2.005171775817871,2.2006077766418457,2.343219041824341,0.3992137908935547,-0.689375638961792,0.11446493119001389,-0.04129774495959282,-0.9412441849708557,-0.9715400338172913,-0.7554325461387634,-1.2620683908462524,-2.1592633724212646,-2.4317147731781006,-2.4439611434936523,-2.1707777976989746,-1.4035576581954956,-0.8338316082954407,-0.49992913007736206,-0.6248540878295898,-0.8511804342269897,-0.8283435702323914,-0.9217529296875,-0.833916962146759,-0.5101038217544556,-0.7608712315559387
-3.529749870300293,-3.5118215084075928,-3.0612595081329346,-3.251107931137085,-2.486905813217163,-2.558739185333252,-3.4908580780029297,-3.4161291122436523,-2.3738784790039062,-1.654463529586792,-1.9747185707092285,-2.6466567516326904,-2.690863609313965,-2.1005096435546875,-1.3921241760253906,-0.7302224636077881,0.1793183535337448,0.1268555372953415,-0.0799095407128334,1.521337628364563,2.8188164234161377,1.8193860054016113,0.7048871517181396,1.245241403579712,1.5654127597808838,1.0666223764419556,0.13987120985984802,-0.7626960277557373,-1.542834997177124,-2.155992031097412,-2.2400104999542236,-2.096360206604004,-1.7157706022262573,-1.3625726699829102,-0.7015687227249146,0.21717917919158936,0.14742068946361542,-0.3982636034488678,-0.489381343126297,-0.6363089680671692,-0.859630823135376,-0.9999306797981262,-1.4162229299545288
-2.680596351623535,-2.839962959289551,-2.3816490173339844,-3.0805928707122803,-2.897814989089966,-2.616823673248291,-2.6840577125549316,-2.49163556098938,-2.0968339443206787,-1.151720643043518,-0.7880087494850159,-1.5070183277130127,-1.6037654876708984,-0.3974245488643646,0.25426173210144043,-0.29045942425727844,-0.7904835343360901,-0.16520600020885468,0.6287057995796204,1.311750054359436,3.1546263694763184,3.428133964538574,1.8220257759094238,1.49174165725708,1.6097049713134766,1.548967957496643,1.4571985006332397,0.7481615543365479,-0.5725188851356506,-1.6824463605880737,-1.941179633140564,-1.6858060359954834,-1.346243143081665,-1.4291508197784424,-0.7352414131164551,0.7725884318351746,0.8606069684028625,0.026355205103754997,-0.1543523669242859,-0.20681196451187134,-0.4699903428554535,-0.9537309408187866,-1.9800186157226562
-2.7427730560302734,-2.138321876525879,-1.4360244274139404,-2.608165740966797,-2.860377788543701,-1.9227572679519653,-1.1634650230407715,-1.0974619388580322,-1.3405389785766602,-0.45768144726753235,0.39896702766418457,0.2001686692237854,0.228720560669899,0.4499035179615021,0.3713657259941101,0.3098900020122528,0.5201672911643982,1.2201536893844604,2.00129771232605,2.0908379554748535,2.3030223846435547,2.010528087615967,1.1708987951278687,0.8953062295913696,0.8159307241439819,1.401982069015503,2.0029213428497314,1.7951444387435913,0.5391902923583984,-1.2791308164596558,-1.9756040573120117,-1.4102091789245605,-1.151414394378662,-1.5641462802886963,-1.113818883895874,0.6281786561012268,1.2329908609390259,0.46712997555732727,0.24673844873905182,0.025057120248675346,-0.6090399622917175,-0.8972514271736145,-1.4138189554214478
-2.117582082748413,-1.9484529495239258,-1.847001314163208,-2.5421369075775146,-2.4539549350738525,-1.415371298789978,-0.678948700428009,-0.6359694600105286,-0.6500031352043152,-0.2994505763053894,-0.2130037397146225,-0.21677260100841522,0.24244827032089233,0.5572384595870972,0.6601802110671997,0.9479641318321228,1.2202461957931519,1.6087149381637573,1.8291629552841187,1.696808934211731,1.5678038597106934,1.4634435176849365,1.234215259552002,0.6848374009132385,0.6628848314285278,1.037440538406372,1.0768247842788696,0.812010645866394,0.1562851518392563,-1.0491284132003784,-1.3910374641418457,-1.2184621095657349,-1.4402432441711426,-1.45395028591156,-1.1190446615219116,0.1230587586760521,0.9602319002151489,0.6989606022834778,0.2932458519935608,-0.26346760988235474,-0.9898994565010071,-1.1737159490585327,-0.7773476243019104
-1.1086173057556152,-1.5155599117279053,-1.7777968645095825,-1.867701768875122,-1.6412017345428467,-1.1935843229293823,-0.9428152441978455,-0.8439094424247742,-0.5415010452270508,-0.17856456339359283,-0.25400152802467346,-0.06080714613199234,0.14633780717849731,0.19099579751491547,0.5969022512435913,0.7969021797180176,0.8590734004974365,0.9447977542877197,1.211364984512329,1.2259384393692017,0.9634531736373901,1.1472704410552979,1.7366843223571777,1.8273550271987915,1.2709259986877441,0.73974609375,0.2472764551639557,-0.10079654306173325,-0.5232588648796082,-1.1605656147003174,-1.3869223594665527,-1.435991644859314,-1.5152242183685303,-1.4406081438064575,-1.2463715076446533,-0.6180281043052673,0.09900557994842529,0.2855910360813141,-0.35704538226127625,-1.132657766342163,-1.4657636880874634,-1.5363878011703491,-0.9650083780288696
