data/wind_data/wind_53_4.json
{"header": {"parameterUnit": "KT", "parameterCategory": 2, "nx": 256, "ny": 198, "lo1": 44.73521041870117, "la1": -3.236724853515625, "lo2": 111.26478576660156, "la2": 43.468475341796875, "dx": 0.2609002888202667, "dy": -0.23708222806453705, "refTime": "2025-02-21 05:00:00", "forecastTime": 0, "parameterNumber": 2, "parameterNumberName": "eastward_wind"}, "data":
[rows 114 to 132 of 198, columns 44 to 87 of 256]
41.10246658325195,40.52692413330078,38.647579193115234,37.43450927734375,36.84742736816406,36.686683654785156,37.11809539794922,37.788352966308594,37.8796501159668,37.44107437133789,36.938690185546875,36.772865295410156,37.0755500793457,37.86731719970703,38.98117446899414,40.099754333496094,40.929840087890625,41.03535842895508,40.42903518676758,39.9434700012207,40.166805267333984,40.7144775390625,40.950836181640625,40.85126876831055,40.575721740722656,40.15342712402344,39.934471130371094,40.0026741027832,40.288822174072266,41.15919494628906,42.92218780517578,43.5994987487793,41.81502914428711,39.999900817871094,39.394657135009766,38.92559814453125,34.38982391357422,27.6274356842041,25.17742919921875,26.335790634155273,29.10093116760254,32.33553695678711,30.186262130737305,26.669893264770508
42.086891174316406,41.81629180908203,39.6180419921875,38.46314239501953,38.73432159423828,39.474674224853516,40.04755783081055,40.4902229309082,40.70167922973633,40.48209762573242,39.959510803222656,39.439327239990234,39.28533935546875,39.639461517333984,40.570674896240234,41.90574264526367,43.17958450317383,43.787227630615234,43.63514709472656,43.234397888183594,42.96565246582031,42.83688735961914,42.75579833984375,42.645118713378906,42.39256286621094,42.072574615478516,42.19845962524414,42.952144622802734,43.859649658203125,44.83802795410156,45.560977935791016,44.66541290283203,43.02552795410156,41.55008316040039,38.71541976928711,35.15108871459961,32.002872467041016,30.184988021850586,30.603275299072266,31.967302322387695,32.788448333740234,30.908700942993164,28.77838897705078,28.855098724365234
40.48025131225586,39.59986114501953,38.60240173339844,38.41170120239258,39.52949523925781,41.59373092651367,43.209781646728516,44.06678771972656,44.54684829711914,44.262813568115234,43.376060485839844,42.828895568847656,42.911766052246094,43.2790641784668,44.0031623840332,45.14189529418945,46.24848556518555,46.95566177368164,47.23658752441406,47.142635345458984,46.68942642211914,46.07841873168945,45.64360809326172,45.67925262451172,46.18904495239258,46.76277160644531,47.085060119628906,47.21797180175781,47.38825225830078,47.34724044799805,46.528411865234375,45.01036834716797,43.47310256958008,41.31201171875,37.83677673339844,34.0137939453125,32.43915557861328,33.890625,35.659358978271484,34.00817108154297,30.351943969726562,28.944948196411133,30.31804084777832,32.07954406738281
42.14994430541992,39.5942268371582,37.737274169921875,37.17378616333008,39.14458084106445,43.45648956298828,46.23606872558594,47.376338958740234,47.98188018798828,48.15144729614258,47.714500427246094,47.46512985229492,47.85796356201172,48.438148498535156,49.104705810546875,49.8173713684082,50.22783660888672,50.4135627746582,50.537235260009766,50.47308349609375,50.25408935546875,49.84024429321289,49.319374084472656,49.2675895690918,49.89125061035156,50.70964813232422,51.244354248046875,51.04890441894531,50.25162887573242,49.191062927246094,47.94827651977539,46.85612106323242,45.588897705078125,42.77130126953125,39.13418960571289,36.8177490234375,36.26188659667969,35.92897415161133,33.39692306518555,29.996740341186523,29.046361923217773,31.76845932006836,34.92220687866211,35.83382797241211
44.389739990234375,42.945228576660156,40.293399810791016,38.92258071899414,40.957237243652344,46.04574203491211,50.081626892089844,50.910526275634766,51.00322341918945,51.26552963256836,51.39420700073242,51.399837493896484,51.679508209228516,51.93980407714844,52.23330307006836,52.7071533203125,52.99997329711914,53.004573822021484,52.7668571472168,52.41611862182617,52.272403717041016,52.0368537902832,51.61096954345703,51.589359283447266,52.05091094970703,52.73991012573242,53.36322784423828,53.13743209838867,51.895172119140625,50.43268966674805,49.415870666503906,49.173343658447266,48.11070251464844,44.72179412841797,41.85035705566406,41.06175231933594,39.397701263427734,35.269683837890625,29.493501663208008,27.71428871154785,30.620084762573242,34.49348449707031,36.60099411010742,36.54423141479492
43.12702941894531,45.3843879699707,45.626564025878906,44.381465911865234,44.2874755859375,47.623600006103516,51.56437683105469,52.59434509277344,52.00450897216797,51.54948043823242,51.63928985595703,51.83998107910156,52.256961822509766,52.5949592590332,52.6913948059082,52.831459045410156,53.063514709472656,53.26687240600586,53.3594970703125,53.25967788696289,53.105873107910156,52.862430572509766,52.51211166381836,52.259735107421875,52.50718688964844,53.399253845214844,54.08174514770508,53.451744079589844,51.910362243652344,50.48907470703125,50.036346435546875,50.830718994140625,49.1844482421875,45.61214828491211,44.78901290893555,43.61118698120117,38.15267562866211,31.43244171142578,27.36490249633789,27.831260681152344,31.79176139831543,35.4027214050293,37.18985366821289,36.67081832885742
41.25859069824219,45.135257720947266,47.130615234375,47.10814666748047,46.56991958618164,47.991294860839844,50.232269287109375,51.14665603637695,50.44304656982422,49.8784065246582,50.12928771972656,50.548240661621094,51.077762603759766,51.5906867980957,51.93102264404297,52.269493103027344,52.60249710083008,53.02498245239258,53.71387481689453,54.22462463378906,54.081172943115234,53.62742614746094,52.89632034301758,52.146636962890625,52.56244659423828,53.70732498168945,53.960758209228516,52.39339065551758,50.81972122192383,50.72919845581055,52.16969680786133,53.42103958129883,54.58271026611328,55.201927185058594,49.64728546142578,40.49493408203125,33.5182991027832,29.581172943115234,28.474042892456055,30.905746459960938,34.38268280029297,36.358070373535156,36.93121337890625,35.8577995300293
40.76848220825195,43.91990661621094,43.52632141113281,43.308631896972656,45.71804428100586,48.95346450805664,50.931312561035156,50.759521484375,49.71133804321289,49.60943603515625,50.576026916503906,51.48659896850586,51.917442321777344,52.2590217590332,52.88676834106445,53.722843170166016,54.396018981933594,54.736812591552734,55.15847396850586,55.674217224121094,55.540897369384766,54.843448638916016,53.929054260253906,53.848209381103516,54.734954833984375,54.97480010986328,53.731842041015625,51.3748893737793,51.0123405456543,52.47441864013672,53.862274169921875,55.54574203491211,57.43299102783203,54.0215950012207,43.796573638916016,35.881385803222656,33.79523468017578,32.97059631347656,32.60548400878906,34.560203552246094,36.533843994140625,37.348114013671875,37.266719818115234,35.54126739501953
43.44002151489258,43.989837646484375,42.01886749267578,39.76170349121094,41.26276779174805,46.65627670288086,51.926239013671875,52.61872100830078,50.47880935668945,49.499752044677734,50.31272506713867,51.550743103027344,52.95782470703125,54.29476547241211,55.27886962890625,55.991981506347656,56.62169647216797,57.119693756103516,57.28363800048828,56.870201110839844,55.86043930053711,55.2393684387207,55.10511779785156,56.25996398925781,57.49488067626953,55.72172927856445,53.0938720703125,51.977848052978516,52.93564224243164,53.26889419555664,53.759971618652344,56.14762496948242,54.04472732543945,46.42502212524414,39.84931564331055,37.03050994873047,35.68165969848633,34.70856857299805,35.24667739868164,37.36773681640625,38.51011276245117,38.22974395751953,37.75709533691406,35.251983642578125
45.06285095214844,45.04512023925781,44.18964385986328,42.1943473815918,41.68575668334961,43.69429016113281,46.119930267333984,46.93986129760742,47.33018112182617,49.243568420410156,51.40046310424805,53.48594665527344,54.835777282714844,55.22356033325195,55.39101028442383,56.032901763916016,57.18256759643555,57.95000457763672,57.27238845825195,56.17858123779297,54.868980407714844,55.04052734375,56.35288619995117,58.294498443603516,57.47845458984375,54.68310546875,53.1190071105957,53.448551177978516,54.17363739013672,54.14152145385742,56.30362319946289,56.1728515625,49.780704498291016,43.12343215942383,39.669246673583984,38.24510192871094,37.689659118652344,37.539329528808594,37.90257263183594,39.08704376220703,39.177581787109375,37.506134033203125,36.623291015625,34.641883850097656
45.08950424194336,45.9351921081543,46.677825927734375,46.63583755493164,45.91399002075195,45.838958740234375,44.96181106567383,42.5229377746582,42.22795867919922,45.09833908081055,50.3726806640625,55.495609283447266,57.571048736572266,56.94063949584961,55.80402755737305,56.152862548828125,58.10678482055664,58.46953201293945,57.5622444152832,55.30278396606445,54.83810806274414,54.25067138671875,57.05017852783203,59.279388427734375,56.001712799072266,52.548221588134766,51.43234634399414,52.269657135009766,52.64449691772461,54.1524658203125,55.01604080200195,48.7369384765625,40.055328369140625,35.22724914550781,32.86212158203125,32.112464904785156,34.82876205444336,38.7164421081543,40.857757568359375,41.16492462158203,39.53736877441406,35.84725570678711,34.09416580200195,32.9535026550293
43.24797439575195,45.431209564208984,46.68341827392578,47.642723083496094,48.04206085205078,49.76116943359375,49.253414154052734,47.36360168457031,44.020530700683594,46.73407745361328,51.39063262939453,52.703163146972656,52.88006591796875,53.435340881347656,54.646446228027344,57.14592361450195,61.48197937011719,62.837989807128906,57.72419738769531,52.58516311645508,48.813201904296875,53.316837310791016,59.59628677368164,60.39302444458008,57.242523193359375,54.44279479980469,52.811424255371094,51.7227668762207,51.67752456665039,51.57114028930664,47.12785339355469,39.75208282470703,35.471702575683594,33.33003616333008,31.338016510009766,31.142454147338867,35.21348190307617,39.85652542114258,42.40891647338867,41.424903869628906,37.592613220214844,32.899532318115234,31.584260940551758,31.450523376464844
40.96868896484375,43.464229583740234,44.29787063598633,44.1007194519043,45.22168731689453,50.21882247924805,53.49641036987305,52.292327880859375,52.32445526123047,51.32590866088867,45.5711555480957,43.63993835449219,43.3204345703125,44.345855712890625,47.836402893066406,53.26893997192383,58.74846649169922,60.82033157348633,56.59109878540039,49.3509635925293,46.51113510131836,54.961246490478516,57.0235710144043,56.52199172973633,55.37381362915039,53.38477325439453,51.32218933105469,50.495521545410156,49.4760627746582,44.383541107177734,39.03147888183594,36.954551696777344,37.359310150146484,37.78884506225586,36.694210052490234,35.87654113769531,36.46953582763672,37.32283401489258,37.584617614746094,35.90282440185547,32.68773651123047,29.82244110107422,29.965856552124023,30.115333557128906
39.378509521484375,41.578914642333984,41.94942092895508,40.37605667114258,42.013519287109375,47.588043212890625,53.742027282714844,54.00536346435547,52.11385726928711,50.478328704833984,45.15314483642578,43.059207916259766,42.495758056640625,42.22554016113281,43.72322082519531,46.10005569458008,47.65483474731445,48.06410598754883,49.417991638183594,46.536537170410156,47.64103317260742,50.856388092041016,51.581146240234375,50.245704650878906,48.14704513549805,46.823829650878906,47.549861907958984,48.680755615234375,45.61628341674805,39.960060119628906,37.36316680908203,37.192344665527344,36.782962799072266,37.14025115966797,39.64424133300781,39.06393814086914,32.72844696044922,28.011253356933594,28.69929313659668,29.741056442260742,28.380687713623047,27.84473419189453,29.524084091186523,28.961030960083008
37.86933135986328,38.9840202331543,37.920467376708984,37.261802673339844,39.39602279663086,43.202728271484375,47.93752670288086,49.11790084838867,49.82854461669922,51.42109680175781,49.18730926513672,47.4328498840332,46.699676513671875,46.544517517089844,49.702938079833984,51.805442810058594,49.56219482421875,45.455665588378906,45.9598388671875,40.560489654541016,35.95252990722656,39.83870315551758,43.1589241027832,44.95964431762695,45.71455764770508,46.57196807861328,48.51262664794922,47.223602294921875,41.71811294555664,38.056270599365234,38.14105987548828,39.29438781738281,39.97774887084961,38.513221740722656,35.348114013671875,30.21140480041504,23.414352416992188,19.88902473449707,21.97802734375,25.435287475585938,25.515901565551758,26.55675506591797,29.742305755615234,29.2902774810791
35.34130859375,37.176143646240234,37.802547454833984,39.47759246826172,43.679161071777344,46.10628890991211,42.187774658203125,40.61668014526367,45.151710510253906,49.33024215698242,51.337894439697266,51.608177185058594,51.348045349121094,51.43789291381836,55.78440856933594,59.9417839050293,57.93727493286133,52.01143264770508,48.424686431884766,40.89169692993164,34.583396911621094,32.95909118652344,31.54470443725586,30.794513702392578,31.884206771850586,35.425777435302734,39.51081085205078,40.24907684326172,39.30549621582031,39.005611419677734,39.270809173583984,37.76655578613281,32.36705017089844,25.30739402770996,19.70832633972168,16.276620864868164,14.777618408203125,15.386065483093262,17.870677947998047,20.23320960998535,20.78546142578125,22.212684631347656,27.62840461730957,28.524656295776367
36.160621643066406,40.107051849365234,42.15947341918945,43.36316680908203,42.90011978149414,39.52741622924805,30.76259994506836,28.271493911743164,34.86597442626953,41.30787658691406,46.200984954833984,48.96596145629883,50.117881774902344,51.917781829833984,58.116546630859375,63.1587028503418,62.81486892700195,58.45738220214844,55.065635681152344,51.061038970947266,47.568519592285156,43.693267822265625,38.596500396728516,32.31566619873047,27.020977020263672,26.772789001464844,28.17375373840332,26.01153564453125,23.528823852539062,23.345197677612305,23.53127098083496,21.092144012451172,17.122583389282227,13.704617500305176,12.55179500579834,13.292994499206543,14.275382041931152,14.969171524047852,15.9197359085083,17.086984634399414,19.869163513183594,22.062641143798828,27.305116653442383,28.00200843811035
39.000667572021484,41.428558349609375,38.489952087402344,33.0749397277832,31.497711181640625,33.02000427246094,19.157711029052734,16.409271240234375,26.615100860595703,34.15533447265625,38.66498565673828,41.56985092163086,44.155433654785156,48.12810134887695,55.922264099121094,62.04278564453125,63.60017776489258,62.228824615478516,61.557437896728516,59.15021896362305,54.131126403808594,50.14719772338867,46.149776458740234,41.92589569091797,35.91529083251953,29.809595108032227,26.63983154296875,27.02444076538086,28.4204044342041,28.531606674194336,27.38897132873535,25.21514892578125,24.278423309326172,23.764751434326172,23.56364631652832,23.838905334472656,23.09832000732422,21.7572021484375,20.73204803466797,21.001602172851562,23.947460174560547,26.458650588989258,29.632598876953125,29.77393913269043
37.69331359863281,32.128501892089844,24.90280532836914,26.05137825012207,32.21778106689453,37.37968444824219,16.62724494934082,15.875555992126465,25.281707763671875,29.56177520751953,31.99172019958496,34.60101318359375,38.32554244995117,43.40132141113281,50.99353790283203,57.44437789916992,61.037784576416016,61.601810455322266,61.285133361816406,56.79119873046875,53.427528381347656,52.028221130371094,49.66413497924805,45.41575622558594,40.78479766845703,38.009857177734375,37.16905975341797,37.796974182128906,38.097164154052734,36.493160247802734,33.79315185546875,32.07086944580078,31.872295379638672,32.31536865234375,32.75771713256836,33.33594512939453,31.670883178710938,29.10738182067871,28.22899627685547,28.623916625976562,31.044300079345703,32.56103515625,34.11104202270508,33.42390060424805
