data/wind_data/wind_55_8.json
{"header": {"parameterUnit": "KT", "parameterCategory": 2, "nx": 256, "ny": 198, "lo1": 44.73521041870117, "la1": -3.236724853515625, "lo2": 111.26478576660156, "la2": 43.468475341796875, "dx": 0.2609002888202667, "dy": -0.23708222806453705, "refTime": "2025-02-21 07:00:00", "forecastTime": 0, "parameterNumber": 2, "parameterNumberName": "eastward_wind"}, "data":
[rows 114 to 132 of 198, columns 0 to 43 of 256]
70.79087829589844,68.14839172363281,68.4119873046875,68.20844268798828,67.67585754394531,66.54840087890625,65.2573013305664,64.58230590820312,64.56816864013672,64.21478271484375,62.170291900634766,58.292633056640625,54.297183990478516,52.42219161987305,52.99816131591797,54.47651672363281,55.53565216064453,55.98517608642578,55.7746467590332,54.48645782470703,52.562217712402344,51.3056526184082,51.11974334716797,51.32701873779297,51.25496292114258,50.5714225769043,49.48896408081055,48.582889556884766,48.450286865234375,49.402374267578125,51.200965881347656,53.52824401855469,55.80363082885742,56.23848342895508,55.12797927856445,55.19174575805664,57.23875427246094,59.8408088684082,61.36384582519531,61.14511489868164,58.796051025390625,54.967857360839844,52.57887268066406,53.5041389465332
72.1847915649414,69.22108459472656,69.184814453125,68.7347640991211,68.16090393066406,67.4340591430664,66.6377182006836,66.11382293701172,65.83219909667969,65.11433410644531,62.993804931640625,59.26590347290039,55.152530670166016,52.73054885864258,53.01575469970703,54.72649383544922,56.18349075317383,57.06328582763672,57.61094284057617,57.50292205810547,56.48411178588867,55.339595794677734,54.72283935546875,54.460693359375,54.2777099609375,53.930091857910156,53.011714935302734,51.36711502075195,49.643890380859375,49.291934967041016,50.88449478149414,53.573341369628906,56.19463348388672,57.680564880371094,57.272823333740234,56.65389633178711,57.895545959472656,60.881107330322266,63.806617736816406,65.23776245117188,64.81063842773438,61.962913513183594,57.318817138671875,54.737937927246094
73.31114196777344,70.35612487792969,70.08279418945312,69.34780883789062,68.49291229248047,67.97277069091797,67.69426727294922,67.59445190429688,67.28168487548828,66.13595581054688,63.72016525268555,60.182762145996094,56.39468002319336,53.67679977416992,53.19934844970703,54.449398040771484,55.83892059326172,56.99571990966797,58.27555465698242,59.326351165771484,59.38441467285156,58.65178298950195,57.861846923828125,57.15729904174805,56.60090637207031,56.446144104003906,56.386207580566406,55.56850051879883,53.83189010620117,52.27946090698242,52.26348114013672,53.961490631103516,56.36221694946289,58.42306900024414,59.02633285522461,58.585418701171875,58.88684844970703,61.18181228637695,64.48999786376953,67.1592788696289,68.22270965576172,67.7156753540039,64.30329895019531,59.3963623046875
74.24515533447266,71.52112579345703,71.39164733886719,70.57164764404297,69.3560562133789,68.64259338378906,68.31952667236328,68.25935363769531,68.11639404296875,67.1601333618164,64.84737396240234,61.3515625,57.667850494384766,55.02153396606445,54.30276870727539,55.09425735473633,55.96399688720703,56.63718032836914,57.95693588256836,59.662906646728516,60.67625427246094,60.695831298828125,60.22962188720703,59.57874298095703,58.91377639770508,58.743194580078125,59.244911193847656,59.48381042480469,58.728179931640625,57.22505187988281,55.8575553894043,55.53669357299805,56.55594253540039,58.345420837402344,59.692813873291016,60.05944061279297,60.28335952758789,61.61667251586914,64.28175354003906,67.30859375,69.411376953125,70.3363037109375,69.55367279052734,65.90360260009766
75.13280487060547,73.1958236694336,73.39085388183594,72.72599792480469,71.55487823486328,70.54031372070312,69.70439910888672,69.07524108886719,68.64102172851562,67.93505096435547,66.22650909423828,63.12030792236328,59.310237884521484,56.39256286621094,55.5971794128418,56.36212158203125,56.92901611328125,57.01658630371094,57.710723876953125,59.20243453979492,60.5936393737793,61.37709426879883,61.669227600097656,61.6093635559082,61.28028106689453,61.09697341918945,61.56227493286133,62.1808967590332,62.081119537353516,61.058326721191406,59.41875457763672,58.179176330566406,58.16172790527344,59.23078536987305,60.391380310058594,61.061283111572266,61.525211334228516,62.26970672607422,63.93336486816406,66.57611846923828,69.1491470336914,70.87776947021484,71.79802703857422,70.84521484375
75.9497299194336,75.45301818847656,76.03617858886719,75.67829895019531,75.09668731689453,73.95829010009766,72.53575897216797,71.1844253540039,70.05935668945312,69.0996322631836,67.78894805908203,65.30770111083984,61.679534912109375,58.41327667236328,57.12628173828125,57.55065155029297,57.875099182128906,57.59966278076172,57.791831970214844,58.948760986328125,60.46923065185547,61.799598693847656,62.790531158447266,63.33774185180664,63.35108184814453,63.14079666137695,63.26566696166992,63.789955139160156,63.936492919921875,63.15815353393555,61.68876266479492,60.4925651550293,60.38942337036133,61.359375,62.525901794433594,62.83330154418945,62.595157623291016,62.817344665527344,63.983306884765625,66.01105499267578,68.36219024658203,70.14468383789062,71.5508041381836,72.61573791503906
76.67298126220703,77.07328796386719,78.05794525146484,78.22216033935547,78.62559509277344,77.80760192871094,76.13090515136719,74.32191467285156,72.62369537353516,71.1838607788086,69.8322525024414,67.73946380615234,64.46436309814453,61.10665512084961,59.32889938354492,59.18545913696289,59.11420822143555,58.426788330078125,58.111907958984375,58.908775329589844,60.604949951171875,62.49300765991211,64.09468841552734,65.12171173095703,65.31007385253906,64.89576721191406,64.69676208496094,65.01591491699219,65.11164093017578,64.40894317626953,63.23069763183594,62.3424186706543,62.35340881347656,63.30622100830078,64.77424621582031,65.72769165039062,65.2133560180664,64.10945129394531,64.30674743652344,65.41100311279297,66.95958709716797,68.57303619384766,70.16863250732422,72.02173614501953
77.30401611328125,77.76929473876953,78.99900817871094,79.65503692626953,80.98110961914062,80.71475219726562,79.21782684326172,77.41515350341797,75.571044921875,73.85603332519531,72.3144302368164,70.3263931274414,67.31159973144531,63.92774200439453,61.68721389770508,61.07623291015625,60.995826721191406,60.5167121887207,59.93693923950195,60.01429748535156,61.06415939331055,62.81666946411133,64.70783996582031,66.41461944580078,67.26361083984375,66.95177459716797,66.43058013916016,66.35684204101562,66.16510772705078,65.51828002929688,64.66947937011719,63.97945022583008,63.91102981567383,64.83013916015625,66.70954895019531,68.84219360351562,69.16741180419922,66.99089050292969,65.14510345458984,64.73151397705078,65.436279296875,67.10266876220703,68.84832000732422,70.6130599975586
77.87127685546875,77.63147735595703,78.80632019042969,79.68708038330078,81.37140655517578,81.45204162597656,80.38150024414062,79.06352233886719,77.60285949707031,76.02082061767578,74.41609954833984,72.47599792480469,69.77102661132812,66.59693145751953,63.97842025756836,62.658565521240234,62.50574493408203,62.891258239746094,63.1505241394043,63.16144561767578,63.24167251586914,63.80622482299805,64.98583221435547,66.9211654663086,68.92268371582031,69.45808410644531,68.56695556640625,67.62165069580078,67.01055145263672,66.57070922851562,66.01499938964844,65.36902618408203,65.32127380371094,66.60643005371094,68.88777160644531,71.25508117675781,72.15841674804688,70.23797607421875,66.98468017578125,64.55422973632812,64.2115478515625,65.94978332519531,68.0051498413086,69.41421508789062
78.46289825439453,76.57603454589844,77.41091918945312,78.32062530517578,79.83328247070312,79.97577667236328,79.29498291015625,78.56209564208984,77.69520568847656,76.5772705078125,75.2577133178711,73.6390151977539,71.47528076171875,68.80326843261719,66.13838958740234,64.16317749023438,63.502811431884766,64.06017303466797,65.08914947509766,66.00761413574219,66.55411529541016,66.68206024169922,66.89892578125,68.15526580810547,70.50537109375,71.82572174072266,70.7789306640625,68.78677368164062,67.44380187988281,67.00703430175781,66.68012237548828,66.31413269042969,66.90058898925781,68.74330139160156,71.0636978149414,73.08094787597656,73.77376556396484,72.40164947509766,69.06514739990234,65.01756286621094,63.14731216430664,64.36624145507812,66.47590637207031,67.789306640625
78.51056671142578,75.10920715332031,75.55146026611328,76.35770416259766,77.51173400878906,77.53485870361328,76.95125579833984,76.54905700683594,76.22750854492188,75.73871612548828,74.9898452758789,73.92915344238281,72.34117126464844,70.1158447265625,67.60426330566406,65.40725708007812,64.17465209960938,64.1061019897461,64.90837860107422,66.39033508300781,68.11814880371094,69.25560760498047,69.69760131835938,70.49259185791016,72.40306091308594,73.8502426147461,72.94046020507812,70.40587615966797,68.22981262207031,67.15218353271484,66.76039123535156,67.2232894897461,68.90898895263672,71.02018737792969,72.99402618408203,74.68537139892578,74.85400390625,73.3109130859375,70.16136169433594,65.80960845947266,62.73235321044922,62.769287109375,64.48712158203125,65.73116302490234
77.63141632080078,73.33157348632812,73.48130798339844,74.13672637939453,74.96099853515625,74.99493408203125,74.45941162109375,74.21282958984375,74.33954620361328,74.46996307373047,74.29668426513672,73.72845458984375,72.46702575683594,70.24825286865234,67.63823699951172,65.44783782958984,64.05467987060547,63.4285774230957,63.54447555541992,64.75048828125,66.97867584228516,69.21226501464844,70.77581787109375,72.1664810180664,74.04582214355469,75.4356689453125,74.75955200195312,72.36863708496094,69.89566040039062,68.07095336914062,67.400634765625,68.82941436767578,71.4435806274414,73.2524642944336,74.4108657836914,75.4202880859375,75.11581420898438,73.30696105957031,70.6435317993164,66.62818145751953,62.67385482788086,61.2696533203125,62.16719436645508,62.817604064941406
76.74583435058594,71.9471435546875,71.77325439453125,72.08798217773438,72.6468505859375,72.83026123046875,72.38542938232422,72.19989776611328,72.59138488769531,73.12411499023438,73.2931137084961,72.96363067626953,71.85911560058594,69.49505615234375,66.5145492553711,64.26813507080078,63.103851318359375,62.438201904296875,61.992408752441406,62.394309997558594,64.27611541748047,66.89483642578125,69.32528686523438,71.70430755615234,74.24887084960938,75.92525482177734,75.56689453125,73.67475891113281,71.37653350830078,69.34750366210938,68.97215270996094,71.21966552734375,73.9701156616211,74.84442901611328,74.80733489990234,75.1015625,74.69249725341797,73.05448150634766,70.59768676757812,66.48454284667969,61.74244689941406,59.256736755371094,59.17961120605469,60.09267807006836
76.5654296875,71.75874328613281,71.29367065429688,71.15469360351562,71.6173095703125,71.77494049072266,71.20613861083984,70.8716812133789,71.14863586425781,71.61888885498047,71.7806625366211,71.50128173828125,70.56671142578125,68.38677215576172,65.37088012695312,63.09298324584961,62.16715621948242,61.735294342041016,61.09531021118164,60.80823516845703,61.85477828979492,63.95134735107422,66.36077117919922,69.23128509521484,72.45832061767578,74.66522216796875,74.88438415527344,73.60171508789062,71.61197662353516,70.19512176513672,71.02193450927734,73.95346069335938,75.7486801147461,75.0020751953125,74.32209014892578,74.8479232788086,74.35186004638672,72.26358795166016,69.14176177978516,64.60762786865234,60.02492904663086,57.55989456176758,57.23345947265625,57.79147720336914
76.32029724121094,71.80799865722656,71.3902587890625,71.15309143066406,71.73086547851562,71.75935363769531,71.00242614746094,70.43871307373047,70.28865814208984,70.22960662841797,70.04518127441406,69.68763732910156,68.86602783203125,67.06371307373047,64.502685546875,62.44429016113281,61.634368896484375,61.55582809448242,61.28693771362305,60.94172286987305,61.23431396484375,62.20819854736328,63.6429557800293,66.08314514160156,69.37260437011719,71.8345718383789,72.61249542236328,72.08589172363281,70.8253173828125,70.66350555419922,72.86184692382812,75.53926849365234,75.67565155029297,74.2574462890625,74.0965576171875,74.34803009033203,72.55162048339844,70.36531829833984,67.3194351196289,62.42523193359375,58.192527770996094,55.808837890625,54.81897735595703,55.132328033447266
75.1654281616211,70.60255432128906,70.49861145019531,70.57086181640625,71.24653625488281,71.33596801757812,70.70428466796875,70.10389709472656,69.59036254882812,68.99919891357422,68.43460845947266,67.93486022949219,67.11029815673828,65.60086822509766,63.65042495727539,62.07725524902344,61.44147872924805,61.60572052001953,61.96048355102539,62.057044982910156,62.02045440673828,62.11433029174805,62.479042053222656,63.95329666137695,66.48536682128906,68.52732849121094,69.5575180053711,69.67778015136719,69.46205139160156,70.68413543701172,73.47610473632812,75.00899505615234,74.27828979492188,73.3605728149414,73.44123840332031,72.32756805419922,69.08382415771484,67.34764099121094,63.73735809326172,58.077205657958984,53.8646125793457,52.693397521972656,53.41401672363281,54.62228775024414
73.67961883544922,68.99907684326172,68.98118591308594,69.16072082519531,69.60478973388672,69.71802520751953,69.30093383789062,68.81515502929688,68.24955749511719,67.57667541503906,66.9754409790039,66.4588851928711,65.6108169555664,64.20283508300781,62.686031341552734,61.63080596923828,61.23518753051758,61.449073791503906,62.06344223022461,62.486392974853516,62.438941955566406,62.26981735229492,62.27940368652344,63.19683837890625,64.75447845458984,66.0107650756836,66.68964385986328,66.90577697753906,67.8026123046875,70.30436706542969,72.74552917480469,73.13093566894531,72.48804473876953,72.33026885986328,71.7823486328125,68.65071105957031,63.919254302978516,62.78723907470703,59.622535705566406,54.03321075439453,51.254638671875,52.30364227294922,54.17665100097656,54.68964385986328
72.86406707763672,68.58106994628906,68.32312774658203,68.10425567626953,67.8073959350586,67.53246307373047,67.08381652832031,66.756591796875,66.41934967041016,65.98336029052734,65.59736633300781,65.23235321044922,64.42335510253906,62.96830368041992,61.53950500488281,60.75410842895508,60.516639709472656,60.61424255371094,61.12306594848633,61.63055419921875,61.676246643066406,61.54024887084961,61.85231018066406,62.79832458496094,63.79345703125,64.36328887939453,64.24082946777344,64.42744445800781,66.42741394042969,69.64476776123047,71.35155487060547,71.36003875732422,71.00762939453125,70.27861022949219,68.2674331665039,64.47590637207031,59.003089904785156,55.872657775878906,53.38691711425781,51.21688461303711,52.40437316894531,54.40838623046875,54.80375289916992,54.76942443847656
72.45352935791016,68.8154525756836,68.40950012207031,67.72769927978516,66.47603607177734,65.71631622314453,65.27542114257812,65.11994171142578,64.94841003417969,64.6435775756836,64.42594909667969,64.26105499267578,63.514251708984375,61.91178512573242,60.268104553222656,59.38817596435547,59.0887565612793,59.02173614501953,59.40114212036133,59.979434967041016,60.14238739013672,60.09372329711914,60.78901672363281,61.99774169921875,63.00875473022461,63.25979995727539,62.519046783447266,62.641563415527344,65.55901336669922,69.21331787109375,70.37659454345703,69.71051025390625,69.03108978271484,67.91853332519531,65.67583465576172,63.1954460144043,58.397281646728516,52.38835525512695,50.207706451416016,52.96406555175781,55.91398620605469,56.659420013427734,57.012428283691406,56.58616638183594
