data/wind_data/wind_7_5.json
{"header": {"parameterUnit": "KT", "parameterCategory": 2, "nx": 256, "ny": 198, "lo1": 44.73521041870117, "la1": -3.236724853515625, "lo2": 111.26478576660156, "la2": 43.468475341796875, "dx": 0.2609002888202667, "dy": -0.23708222806453705, "refTime": "2025-02-19 07:00:00", "forecastTime": 0, "parameterNumber": 2, "parameterNumberName": "eastward_wind"}, "data":
[rows 60 to 79 of 198, columns 0 to 43 of 256]
-5.821019649505615,-6.4232988357543945,-5.978179454803467,-5.504025936126709,-5.227272987365723,-5.783780574798584,-5.552663326263428,-5.341842174530029,-5.310819149017334,-5.202327251434326,-4.9366044998168945,-4.811611175537109,-5.055662631988525,-5.319658279418945,-5.633987903594971,-6.025698661804199,-6.099003791809082,-5.797640323638916,-5.540396213531494,-5.643716335296631,-5.955968856811523,-5.915369033813477,-5.759433746337891,-6.030084609985352,-6.244271755218506,-5.946139812469482,-5.459781646728516,-5.357100486755371,-5.588560104370117,-5.562062740325928,-5.2810821533203125,-5.143552303314209,-5.368095874786377,-5.7843523025512695,-6.290877342224121,-6.779880046844482,-7.066926956176758,-7.169342041015625,-7.089146614074707,-6.821632385253906,-6.644589900970459,-6.656608581542969,-6.716253757476807,-6.5661940574646
-4.352582931518555,-4.745356559753418,-4.5008087158203125,-4.127476692199707,-4.134685039520264,-4.364994049072266,-4.483425140380859,-4.49573278427124,-4.505820274353027,-4.46750545501709,-4.278837203979492,-4.054837226867676,-4.0150465965271,-4.270398139953613,-4.5965704917907715,-4.713202953338623,-4.762731075286865,-4.683502197265625,-4.563200950622559,-4.597271919250488,-4.682395935058594,-4.534724712371826,-4.423793315887451,-4.72783899307251,-4.943519115447998,-4.552906513214111,-3.8800528049468994,-3.6474575996398926,-4.073808193206787,-4.430798053741455,-4.376817226409912,-4.299293518066406,-4.510722637176514,-4.852193355560303,-5.1361002922058105,-5.469906806945801,-5.707109451293945,-5.971813201904297,-6.170368194580078,-5.977997303009033,-5.609362602233887,-5.412842273712158,-5.468904972076416,-5.678524494171143
-2.7645821571350098,-3.060162305831909,-2.823676347732544,-2.8181958198547363,-3.5235095024108887,-2.8848652839660645,-3.0924274921417236,-3.232728958129883,-3.2830018997192383,-3.2437338829040527,-3.289245843887329,-3.4004642963409424,-3.512436628341675,-3.6022658348083496,-3.67494535446167,-3.5641045570373535,-3.4894042015075684,-3.5244250297546387,-3.530144691467285,-3.5739243030548096,-3.5468413829803467,-3.275247573852539,-3.1904218196868896,-3.5060720443725586,-3.5713858604431152,-3.1673147678375244,-2.577026605606079,-2.175386667251587,-2.4314892292022705,-3.0753307342529297,-3.360318422317505,-3.349771022796631,-3.486072301864624,-3.7876508235931396,-3.9399313926696777,-4.148324012756348,-4.533298969268799,-4.966289043426514,-5.189743518829346,-5.083434581756592,-4.733579635620117,-4.422564506530762,-4.44901180267334,-4.744107246398926
-1.2158350944519043,0.0039759050123393536,-0.2766510844230652,-0.47022902965545654,-1.2656431198120117,-1.1463958024978638,-1.5090597867965698,-1.6970046758651733,-1.818218469619751,-2.0449910163879395,-2.363978385925293,-2.6989657878875732,-2.9857003688812256,-2.9918200969696045,-2.8969614505767822,-2.829164505004883,-2.8345344066619873,-2.7920660972595215,-2.5942845344543457,-2.4407451152801514,-2.380941390991211,-2.191899299621582,-2.1800894737243652,-2.3813135623931885,-2.3727004528045654,-2.0113210678100586,-1.531148076057434,-1.2268848419189453,-1.2190613746643066,-1.5039135217666626,-1.9114816188812256,-2.232455253601074,-2.440925121307373,-2.627411127090454,-2.620173931121826,-2.7367494106292725,-3.290766477584839,-3.913076162338257,-4.1254448890686035,-3.9992990493774414,-3.8073439598083496,-3.6500461101531982,-3.6746268272399902,-3.933350086212158
0.19875402748584747,1.3361639976501465,2.050293207168579,2.6236798763275146,3.0586211681365967,2.1388957500457764,0.986518383026123,0.13185012340545654,-0.4480358362197876,-1.0595628023147583,-1.5018293857574463,-1.853075623512268,-2.1779606342315674,-2.2880098819732666,-2.1254422664642334,-1.9668302536010742,-2.010272264480591,-2.0189096927642822,-1.868355631828308,-1.6878952980041504,-1.5411458015441895,-1.3592268228530884,-1.112046718597412,-0.99311763048172,-1.0331758260726929,-0.9662692546844482,-0.7278870344161987,-0.6388765573501587,-0.4805728793144226,-0.2841108441352844,-0.44045260548591614,-0.9408890008926392,-1.3699508905410767,-1.6224459409713745,-1.663771629333496,-1.6758413314819336,-2.056439161300659,-2.655395269393921,-3.039647340774536,-2.9727561473846436,-2.813551425933838,-2.75006365776062,-2.7067084312438965,-2.752620220184326
1.3806138038635254,4.798086166381836,4.450509548187256,4.879441261291504,6.1240458488464355,5.623881816864014,4.40349006652832,3.1481025218963623,1.5761938095092773,0.4544716477394104,-0.3148308992385864,-0.8545681834220886,-1.1669590473175049,-1.3436049222946167,-1.249922752380371,-1.0350995063781738,-0.968417227268219,-1.12815260887146,-1.2170295715332031,-1.0536695718765259,-0.8334451913833618,-0.6341239809989929,-0.2648186683654785,0.23495347797870636,0.521132230758667,0.41596731543540955,0.15212097764015198,-0.04804730787873268,0.12873147428035736,0.5861304402351379,0.7292196750640869,0.3294406533241272,-0.1281263530254364,-0.4025190472602844,-0.6539459824562073,-0.8961646556854248,-1.2047175168991089,-1.6488982439041138,-2.0397121906280518,-2.0790772438049316,-1.950769066810608,-1.8271936178207397,-1.697825312614441,-1.5337796211242676
2.531602144241333,5.996288299560547,5.75532341003418,5.765191555023193,6.189574718475342,6.860295295715332,6.649956226348877,5.791197299957275,4.24995231628418,2.8806161880493164,1.881917119026184,0.9130818843841553,0.1460537612438202,-0.15220151841640472,0.010078067891299725,0.04287058115005493,-0.12273040413856506,-0.32221719622612,-0.48219919204711914,-0.4719694256782532,-0.2573298215866089,0.05246589705348015,0.4506830871105194,0.951576292514801,1.5032027959823608,1.6835908889770508,1.3305444717407227,0.9083204865455627,0.8650355339050293,1.1457785367965698,1.3313665390014648,1.2555913925170898,1.0539799928665161,0.7926052808761597,0.39793962240219116,-0.03451579064130783,-0.38355687260627747,-0.7866386771202087,-1.1329649686813354,-1.2282048463821411,-1.099219560623169,-0.8830183744430542,-0.6561223864555359,-0.42974957823753357
4.228712558746338,5.761146068572998,6.094192981719971,6.372352123260498,6.308583736419678,7.3880791664123535,8.500248908996582,8.457969665527344,7.28916072845459,5.565993309020996,4.10973596572876,3.0426840782165527,1.987072467803955,1.2739899158477783,1.3790373802185059,1.6351603269577026,1.3376240730285645,0.6170182228088379,0.1854362040758133,0.3111797869205475,0.4900617003440857,0.6853444576263428,0.9792361259460449,1.3034917116165161,1.735336422920227,2.133753538131714,2.2506165504455566,2.1503491401672363,2.0685763359069824,1.9967492818832397,1.8255064487457275,1.7169615030288696,1.718677043914795,1.5614060163497925,1.1408884525299072,0.7587787508964539,0.41369518637657166,-0.006738206837326288,-0.2875339686870575,-0.3038138151168823,-0.1563372164964676,0.1133749783039093,0.5110586881637573,0.8526985049247742
5.972024917602539,6.741117477416992,6.887447834014893,7.389413356781006,7.027339935302734,8.201772689819336,9.325389862060547,9.80800724029541,9.686470985412598,8.9896821975708,7.326897144317627,5.2912116050720215,4.233214378356934,3.3040127754211426,2.596390724182129,2.771092653274536,2.8262784481048584,2.142702579498291,1.0650023221969604,0.731796383857727,0.8063567876815796,0.9331212639808655,1.0430828332901,1.1557703018188477,1.4997912645339966,2.022902011871338,2.478769540786743,2.8321409225463867,3.0711545944213867,2.996554136276245,2.5801146030426025,2.2259743213653564,2.1187493801116943,1.8878648281097412,1.4253560304641724,1.1446924209594727,1.0215826034545898,0.765506386756897,0.536464273929596,0.5528564453125,0.7459985017776489,1.0511367321014404,1.529003620147705,2.0281851291656494
6.654318332672119,7.659387588500977,8.067121505737305,8.70096206665039,8.188349723815918,9.024164199829102,9.601244926452637,9.453764915466309,9.616659164428711,10.19120979309082,10.453897476196289,9.345172882080078,7.4893412590026855,6.017693996429443,5.0383620262146,4.926286220550537,4.670276165008545,2.9733283519744873,1.7419532537460327,1.1518276929855347,0.9172292947769165,0.88300621509552,0.8532756567001343,0.9686655402183533,1.3548403978347778,1.9330148696899414,2.4465909004211426,2.7997052669525146,3.111896514892578,3.1811821460723877,2.9981071949005127,2.834623336791992,2.7286205291748047,2.378542423248291,1.7913209199905396,1.3872613906860352,1.3364942073822021,1.4115772247314453,1.4524731636047363,1.4957423210144043,1.6177725791931152,1.8295637369155884,2.2053725719451904,2.717029094696045
7.1392717361450195,8.590271949768066,9.270282745361328,9.918457984924316,9.201099395751953,9.519290924072266,10.10272216796875,9.83344841003418,9.601265907287598,10.360435485839844,11.207260131835938,11.568957328796387,10.875934600830078,9.521438598632812,8.333900451660156,7.418762683868408,6.923863887786865,5.111481666564941,3.355531692504883,2.7999653816223145,2.3733255863189697,2.0144169330596924,1.7972058057785034,1.754035234451294,2.0405685901641846,2.510507345199585,2.880404472351074,2.8943488597869873,2.925039768218994,2.984959125518799,2.988175392150879,3.080162286758423,3.228119134902954,3.117690086364746,2.646394729614258,2.0693440437316895,1.7451175451278687,1.8173868656158447,2.0949559211730957,2.3704609870910645,2.58481764793396,2.7455241680145264,2.846684455871582,3.0215885639190674
8.062411308288574,9.944109916687012,10.476892471313477,11.030651092529297,10.312492370605469,10.064404487609863,10.378907203674316,10.285093307495117,9.80679702758789,10.148909568786621,11.321942329406738,12.050043106079102,11.892383575439453,11.137739181518555,9.680304527282715,8.186285972595215,7.7354416847229,7.491678237915039,6.778642177581787,6.130028247833252,5.3922882080078125,4.744810104370117,4.170846462249756,3.411951780319214,3.043037176132202,3.465017318725586,3.902592420578003,3.6427507400512695,3.311140298843384,3.4355051517486572,3.584465742111206,3.5889980792999268,3.5968925952911377,3.6548991203308105,3.528571367263794,3.1028642654418945,2.6198623180389404,2.49652361869812,2.743131399154663,3.062061309814453,3.3396379947662354,3.6172962188720703,3.7309699058532715,3.608973503112793
9.02167797088623,11.768769264221191,11.86955738067627,12.091547966003418,11.376422882080078,11.049651145935059,11.134471893310547,11.092408180236816,10.450809478759766,10.081194877624512,10.494545936584473,10.987471580505371,11.116850852966309,10.980245590209961,10.084189414978027,8.748425483703613,7.890634536743164,7.62727165222168,7.814947605133057,7.988826751708984,7.986126899719238,7.676225662231445,6.588133811950684,5.0581254959106445,4.70313835144043,5.308243274688721,5.440243721008301,4.966109275817871,4.639195442199707,4.718630790710449,4.753085136413574,4.665360450744629,4.414510726928711,4.2427449226379395,4.16537618637085,4.019668102264404,3.746398448944092,3.571363925933838,3.694688558578491,3.9372615814208984,4.099273204803467,4.254672050476074,4.358972549438477,4.292294502258301
9.994393348693848,13.759263038635254,13.064122200012207,13.04134464263916,12.569815635681152,12.420075416564941,12.263345718383789,12.116615295410156,11.621928215026855,10.607620239257812,9.684877395629883,9.559175491333008,9.84565258026123,10.050997734069824,9.863892555236816,9.41488265991211,8.960448265075684,8.518033981323242,8.461893081665039,8.353347778320312,8.223084449768066,7.917673587799072,7.665226459503174,7.55282735824585,7.631565570831299,7.627087593078613,7.1031718254089355,6.66505765914917,6.554134368896484,6.269574165344238,5.8876566886901855,5.798650741577148,5.566495895385742,5.274102210998535,5.070383548736572,4.915714740753174,4.800967693328857,4.673464775085449,4.682819843292236,4.949692249298096,5.258622169494629,5.387354850769043,5.296143531799316,5.084402561187744
10.853414535522461,12.839584350585938,13.208024978637695,13.71444034576416,13.75259017944336,13.716028213500977,13.4775972366333,13.15514850616455,12.783021926879883,11.84343147277832,10.435615539550781,9.829874038696289,10.103827476501465,10.512960433959961,10.565665245056152,10.321723937988281,9.994331359863281,9.823151588439941,9.945876121520996,9.93665599822998,9.556302070617676,9.020096778869629,8.766033172607422,8.9700345993042,8.848233222961426,8.452775955200195,8.39438247680664,8.415840148925781,8.14586353302002,7.562284469604492,7.173073768615723,7.273658275604248,7.339885234832764,7.205768585205078,6.830672740936279,6.356520652770996,6.091896057128906,5.981661319732666,5.87822961807251,5.974905490875244,6.341656684875488,6.702662944793701,6.802701950073242,6.608641624450684
12.51242733001709,13.445651054382324,14.158600807189941,14.546355247497559,14.412428855895996,14.453216552734375,14.500653266906738,14.265351295471191,13.735373497009277,13.176873207092285,12.59680461883545,12.091506958007812,11.847892761230469,11.73680591583252,11.832995414733887,11.846009254455566,11.375480651855469,10.954617500305176,11.038254737854004,11.408528327941895,11.599007606506348,11.594000816345215,11.426307678222656,11.110782623291016,10.33146858215332,9.617680549621582,9.357420921325684,9.261276245117188,8.840764045715332,8.30694580078125,8.178035736083984,8.55980396270752,9.0415678024292,9.31201457977295,9.118480682373047,8.595229148864746,8.074532508850098,7.8006486892700195,7.709246635437012,7.678773403167725,7.765310287475586,7.998212814331055,8.26443862915039,8.367950439453125
15.605375289916992,15.59788990020752,15.616205215454102,15.404621124267578,14.40644359588623,14.296774864196777,14.786101341247559,15.015179634094238,14.701072692871094,14.508333206176758,14.856937408447266,14.713335990905762,14.030604362487793,13.402907371520996,13.206246376037598,13.09594440460205,12.735644340515137,12.413039207458496,12.451292991638184,12.775242805480957,13.154106140136719,13.510811805725098,13.523125648498535,13.150907516479492,12.463480949401855,11.847051620483398,11.46374225616455,11.260848999023438,10.852771759033203,10.21324348449707,9.899473190307617,10.184497833251953,10.577763557434082,10.50440788269043,10.218188285827637,10.027702331542969,9.779705047607422,9.606318473815918,9.543835639953613,9.594195365905762,9.793246269226074,9.99556827545166,10.160778045654297,10.274295806884766
17.032255172729492,17.13041877746582,16.65795135498047,15.970340728759766,14.643929481506348,14.28990364074707,14.784743309020996,15.374463081359863,15.766955375671387,16.10110855102539,16.690147399902344,16.73846435546875,16.05476188659668,15.282535552978516,14.791751861572266,14.331056594848633,14.003767013549805,14.017098426818848,14.358515739440918,14.789116859436035,15.025766372680664,15.021340370178223,14.906095504760742,14.820673942565918,14.629590034484863,14.386439323425293,14.261566162109375,14.340373039245605,14.326120376586914,14.220168113708496,14.229999542236328,14.470874786376953,14.394469261169434,13.435661315917969,12.19896125793457,11.190327644348145,10.756867408752441,10.738409042358398,10.891501426696777,11.234668731689453,11.712303161621094,12.152266502380371,12.343445777893066,12.304682731628418
16.87632179260254,18.125701904296875,17.66518211364746,16.72642707824707,15.814802169799805,15.554900169372559,15.864688873291016,16.303983688354492,16.852529525756836,17.505661010742188,18.062406539916992,18.007219314575195,17.418825149536133,16.90308380126953,16.605466842651367,16.211645126342773,15.842403411865234,15.881169319152832,16.28723907470703,16.567087173461914,16.497520446777344,16.362361907958984,16.387277603149414,16.579814910888672,16.736902236938477,16.682329177856445,16.563678741455078,16.700563430786133,17.057613372802734,17.41222381591797,17.656158447265625,17.766620635986328,17.646207809448242,17.199588775634766,16.28753662109375,14.60517406463623,12.875990867614746,12.299942970275879,12.911224365234375,13.722894668579102,13.778692245483398,13.613611221313477,13.553873062133789,13.612127304077148
17.72909927368164,18.657724380493164,18.248769760131836,17.528108596801758,16.990535736083984,16.72665023803711,16.877405166625977,17.094343185424805,17.30758285522461,17.69688606262207,17.994308471679688,17.833148956298828,17.332721710205078,16.957582473754883,16.906953811645508,16.92323112487793,16.95180892944336,17.196107864379883,17.546302795410156,17.608179092407227,17.3156795501709,17.11576271057129,17.318172454833984,17.886798858642578,18.563796997070312,18.886497497558594,18.64607048034668,18.22466278076172,18.02571678161621,18.0848388671875,18.223520278930664,18.24883460998535,18.232879638671875,18.096132278442383,17.698646545410156,16.998233795166016,16.08036231994629,15.75423812866211,16.472122192382812,17.203275680541992,16.49066925048828,14.942390441894531,13.988415718078613,13.988120079040527
