data/wind_data/wind_28_9.json
{"header": {"parameterUnit": "KT", "parameterCategory": 2, "nx": 256, "ny": 198, "lo1": 44.73521041870117, "la1": -3.236724853515625, "lo2": 111.26478576660156, "la2": 43.468475341796875, "dx": 0.2609002888202667, "dy": -0.23708222806453705, "refTime": "2025-02-20 04:00:00", "forecastTime": 0, "parameterNumber": 2, "parameterNumberName": "eastward_wind"}, "data":
[rows 133 to 151 of 198, columns 172 to 214 of 256]
6.357754230499268,1.3990813493728638,-1.040839433670044,-1.5447088479995728,-0.8264398574829102,0.6243400573730469,1.0469321012496948,0.15677975118160248,-1.2787837982177734,-2.6485509872436523,-2.911721706390381,-2.213914632797241,-1.283569097518921,-0.7259570956230164,-0.14175210893154144,1.1403656005859375,3.330204486846924,5.682886123657227,6.543640613555908,5.750209808349609,5.295141696929932,5.879867076873779,7.134117603302002,8.295079231262207,9.147692680358887,9.602495193481445,8.930543899536133,6.882978916168213,4.599256992340088,2.797245502471924,1.5076589584350586,1.1716878414154053,2.4401307106018066,4.640411853790283,5.662130832672119,5.13620662689209,4.01057767868042,2.2247066497802734,1.8639240264892578,3.5136077404022217,4.985823631286621,5.110928058624268,5.261197090148926
7.5228657722473145,3.394817352294922,1.3462275266647339,0.412986695766449,0.591635525226593,1.3523688316345215,0.6739382743835449,-1.2638533115386963,-2.666386604309082,-2.018291711807251,-0.12672466039657593,1.5040212869644165,2.280958890914917,2.187458038330078,2.379215955734253,3.2853844165802,4.728141784667969,5.981269359588623,6.104403972625732,5.456017971038818,5.497909069061279,6.356448173522949,7.398918628692627,8.248215675354004,9.038274765014648,9.558098793029785,9.27965259552002,7.512235164642334,5.181053161621094,3.5695383548736572,2.8357889652252197,2.424806833267212,2.966142416000366,4.460502624511719,5.3225998878479,5.030721664428711,4.310731887817383,3.1876139640808105,2.4788639545440674,2.840580701828003,3.817270278930664,4.382413864135742,4.631767272949219
8.779149055480957,5.959558963775635,3.1974844932556152,0.5595529675483704,-0.15309986472129822,0.4984806776046753,0.6257093548774719,0.3143918514251709,0.8009019494056702,1.9119333028793335,3.1706924438476562,4.314144134521484,5.127183437347412,5.226867198944092,4.939609050750732,4.304341793060303,4.975170135498047,5.670381546020508,5.424266815185547,4.979403972625732,5.235178470611572,6.041942119598389,6.912721633911133,7.588119029998779,8.33021068572998,9.234663009643555,9.76189136505127,9.061861038208008,6.9962358474731445,4.556023597717285,3.322504758834839,3.3346004486083984,3.8924131393432617,4.720478057861328,4.922628402709961,4.0251569747924805,3.120832681655884,2.8042426109313965,2.840590238571167,2.913480043411255,2.7971041202545166,2.716533660888672,3.1463301181793213
9.021063804626465,7.778604030609131,4.6185688972473145,1.3672271966934204,0.15668503940105438,0.9755029082298279,1.9720470905303955,2.703770875930786,3.1191112995147705,3.4931108951568604,4.379861831665039,5.642212867736816,6.640065670013428,6.6790547370910645,5.136404991149902,3.3928046226501465,4.029072284698486,4.860711097717285,4.688825607299805,4.457113265991211,4.773157119750977,5.395737648010254,5.996923923492432,6.325903415679932,6.761082172393799,7.807546615600586,8.952249526977539,9.247373580932617,8.02099323272705,5.611055374145508,3.778876781463623,3.4867892265319824,4.295115947723389,5.208171844482422,4.556238174438477,2.2242558002471924,-0.059090834110975266,-0.11747077107429504,1.2023727893829346,3.5039141178131104,4.032664775848389,2.749568462371826,1.7937304973602295
8.960744857788086,8.483599662780762,5.535761833190918,2.4863457679748535,0.7090668678283691,1.3339289426803589,2.504192352294922,3.1303586959838867,3.2054927349090576,3.6785449981689453,4.670635223388672,5.8755669593811035,6.576848983764648,6.442488193511963,5.077247619628906,3.067448616027832,3.3986504077911377,4.422039985656738,4.558013916015625,4.34074068069458,4.283397674560547,4.373768329620361,4.536909580230713,4.590463638305664,4.86263370513916,5.787332534790039,6.8380045890808105,7.2034149169921875,6.901670455932617,6.025360584259033,4.559906005859375,3.371291160583496,3.398656129837036,4.115385055541992,3.538684368133545,0.8211034536361694,-2.2331037521362305,-2.7898755073547363,-0.7948348522186279,2.8050854206085205,5.34922456741333,4.99212121963501,2.87611722946167
8.59582805633545,8.618165016174316,6.292009353637695,3.669255256652832,1.624096393585205,1.556452989578247,2.3389790058135986,2.9289791584014893,3.395801305770874,3.8782455921173096,4.280153751373291,4.451267719268799,4.967498302459717,6.048462867736816,6.212712287902832,4.499962329864502,3.5569634437561035,4.150781154632568,4.634288787841797,4.3837409019470215,3.8536829948425293,3.3352959156036377,2.9623467922210693,2.7740774154663086,2.837202548980713,3.2649638652801514,3.764005422592163,4.546443462371826,5.734122276306152,5.9097514152526855,4.472225666046143,2.7657506465911865,2.242682933807373,2.491520881652832,2.231720209121704,0.9998887181282043,-0.5141294002532959,-1.775019884109497,-1.4166268110275269,1.361299991607666,4.9312334060668945,6.536271095275879,5.316100597381592
7.633655071258545,8.139263153076172,6.828286170959473,4.459136009216309,2.1278772354125977,1.815416932106018,2.7097063064575195,3.399487257003784,3.534571886062622,3.0203897953033447,2.368842124938965,2.511228561401367,3.9765970706939697,5.731029510498047,6.4553399085998535,5.8405375480651855,4.42888879776001,4.3845367431640625,4.980981349945068,4.62729549407959,3.820856809616089,3.297414541244507,3.2123003005981445,3.065007209777832,2.4298439025878906,1.807631015777588,2.1668026447296143,3.7587645053863525,5.185630798339844,4.780735492706299,3.0999209880828857,2.0157976150512695,2.3283379077911377,2.7532081604003906,2.3257434368133545,1.5693684816360474,1.251798391342163,1.159716248512268,0.5581741333007812,1.2942626476287842,4.013282775878906,6.492987155914307,6.40973424911499
5.7471113204956055,6.896568298339844,6.436671733856201,4.1031060218811035,1.6829297542572021,1.753514289855957,3.270198345184326,4.101038455963135,3.7978405952453613,2.6760807037353516,1.854128122329712,2.5310544967651367,3.9722092151641846,5.253451824188232,6.7348527908325195,7.338903427124023,5.936017036437988,5.045970916748047,4.962568283081055,4.551619052886963,4.158174514770508,4.209957599639893,4.362726211547852,4.108102321624756,3.118004322052002,2.0228354930877686,1.9103407859802246,2.6488349437713623,3.0495188236236572,2.6038918495178223,1.894138216972351,2.045344591140747,3.162080764770508,3.9762892723083496,3.5843310356140137,2.490980863571167,1.8815302848815918,2.122497320175171,2.1307053565979004,2.44814395904541,4.028604507446289,5.7475786209106445,5.669656753540039
3.2771413326263428,4.356035232543945,4.225131988525391,2.369208574295044,0.49270954728126526,1.0946813821792603,3.1614291667938232,4.454028606414795,4.421513557434082,3.6999359130859375,3.3371171951293945,3.8869271278381348,4.615171909332275,5.701406002044678,7.679937362670898,8.611924171447754,7.570653438568115,5.970015048980713,4.678961277008057,4.34306526184082,4.72982120513916,5.212558269500732,5.183972358703613,4.382403373718262,3.000607967376709,1.7405765056610107,1.1903257369995117,0.9812026619911194,0.8071690797805786,0.8324218392372131,1.2300769090652466,2.2815396785736084,3.545254707336426,4.314039707183838,4.306004524230957,3.5319080352783203,2.1710939407348633,1.2502323389053345,1.1008535623550415,2.152401924133301,4.0199198722839355,5.337026596069336,5.210236549377441
0.26936644315719604,1.3454406261444092,1.5139275789260864,0.4460007846355438,-0.26842713356018066,1.0035945177078247,3.2823057174682617,4.92143440246582,5.481264591217041,5.424001693725586,5.318633556365967,5.352787494659424,5.517647743225098,6.5951008796691895,8.397726058959961,8.738447189331055,7.391285419464111,5.62733268737793,4.6234941482543945,4.858161449432373,5.747340202331543,6.311490535736084,5.997674465179443,4.919774055480957,3.428523302078247,1.9463419914245605,0.9098490476608276,0.4552556276321411,0.26145854592323303,0.16152095794677734,0.5145693421363831,1.5210615396499634,2.641519546508789,3.3872923851013184,3.8449058532714844,3.954083204269409,2.7228872776031494,0.6700557470321655,-0.21679659187793732,0.8053950071334839,3.087773323059082,4.830915927886963,5.853442668914795
-2.3213894367218018,-0.9099341630935669,0.0698581337928772,0.05472633242607117,0.23760350048542023,1.4462358951568604,3.246748924255371,5.232041358947754,6.705545425415039,7.002585411071777,6.283987045288086,5.4217939376831055,5.66638708114624,7.185555458068848,8.566953659057617,8.51219654083252,7.208491325378418,5.76057243347168,5.096948146820068,5.544459819793701,6.560685634613037,7.097546577453613,6.875664710998535,6.215259075164795,4.809134006500244,2.8898911476135254,1.14787757396698,0.28155621886253357,0.382094144821167,0.5687832236289978,0.5758305191993713,0.7565048336982727,1.2105984687805176,1.8476890325546265,2.7408714294433594,3.822129964828491,3.6707041263580322,1.471444845199585,-0.13361668586730957,-0.19153723120689392,1.5522854328155518,3.7577767372131348,5.965648651123047
-2.990413188934326,-1.6601587533950806,-0.6204454302787781,-0.39587637782096863,-0.21304593980312347,0.6173596382141113,2.4516849517822266,5.14877986907959,6.988364219665527,6.674856662750244,5.014598846435547,4.215236663818359,5.315840244293213,7.011850833892822,8.098526000976562,8.639287948608398,8.684880256652832,7.938371181488037,6.8076605796813965,6.341638088226318,6.664556503295898,7.005650520324707,7.260711193084717,7.384315490722656,6.20399284362793,4.144150733947754,2.030890464782715,0.829456090927124,1.2827930450439453,2.0022969245910645,1.8348782062530518,1.2072721719741821,0.9127291440963745,1.1732227802276611,1.8929413557052612,3.1819605827331543,4.387698173522949,3.641749858856201,1.7597150802612305,0.24273785948753357,-0.06690876185894012,1.75482976436615,4.8171892166137695
-3.297895908355713,-2.7913148403167725,-2.4095022678375244,-2.697568655014038,-2.635314464569092,-1.213808536529541,1.4692823886871338,4.036730766296387,4.91340970993042,4.032192707061768,2.937044858932495,3.083951711654663,4.352715969085693,5.818802833557129,7.499955177307129,9.372641563415527,10.418641090393066,9.898123741149902,8.566425323486328,7.584628105163574,7.1212158203125,6.942468166351318,7.1884684562683105,7.4745869636535645,6.797896385192871,5.264162063598633,3.3970420360565186,2.1792070865631104,2.4438316822052,3.249175548553467,3.1899607181549072,2.491816759109497,1.9315342903137207,1.720685601234436,1.8196947574615479,2.5019965171813965,4.020632266998291,5.333406448364258,4.765003204345703,2.9614288806915283,0.9910174012184143,0.9416394829750061,3.740755081176758
-2.2241311073303223,-1.8418550491333008,-2.3143157958984375,-3.5305519104003906,-3.795660972595215,-2.274873971939087,-0.0949339047074318,1.2140511274337769,1.5057647228240967,1.6007002592086792,1.9864535331726074,2.483530044555664,3.4512009620666504,5.117428302764893,7.193954944610596,8.792243957519531,9.210485458374023,8.857577323913574,8.729728698730469,8.68492603302002,7.954644680023193,6.868056774139404,6.238018035888672,6.103158950805664,5.883053302764893,5.300418376922607,4.490011692047119,3.4878690242767334,2.657193660736084,2.7520928382873535,3.132596969604492,3.066675901412964,2.6008801460266113,2.1303889751434326,1.9145902395248413,2.076902389526367,3.0765504837036133,5.128503799438477,6.9171648025512695,6.931526184082031,5.419349193572998,4.332609176635742,5.2274980545043945
-0.4165653884410858,-1.0483691692352295,-1.9569405317306519,-2.759061098098755,-3.086845874786377,-2.8525118827819824,-2.4930260181427,-1.8131637573242188,-0.50956130027771,1.1702630519866943,2.206573486328125,2.357329845428467,2.489475727081299,2.9497110843658447,3.9136390686035156,4.934669017791748,5.640756130218506,6.335143089294434,7.251949787139893,7.8632307052612305,7.5149760246276855,6.455202102661133,5.442079544067383,4.993309497833252,4.928868293762207,4.854518413543701,4.542632579803467,3.4973816871643066,1.8812400102615356,1.2460615634918213,1.8922901153564453,2.5923051834106445,2.469573736190796,1.849531888961792,1.4862455129623413,1.6384947299957275,2.3160343170166016,3.9947545528411865,6.663594722747803,9.28081226348877,9.43961238861084,8.627230644226074,8.078140258789062
-2.137598752975464,-3.4373645782470703,-3.135460376739502,-2.6181390285491943,-2.9170961380004883,-3.9252045154571533,-4.239666938781738,-2.9833807945251465,-0.7900202870368958,1.0338443517684937,1.4296795129776,0.48640769720077515,-0.7968235015869141,-0.8962794542312622,0.2817702293395996,1.4968757629394531,2.643033981323242,3.764009475708008,5.049609184265137,6.311889171600342,6.9271626472473145,6.565764904022217,5.624619960784912,4.877836227416992,4.646460056304932,4.528542518615723,3.880037784576416,2.420358657836914,0.5827611088752747,-0.30820533633232117,0.5526275634765625,1.8922934532165527,2.2682383060455322,1.5322169065475464,0.8379302024841309,1.2158302068710327,2.181453227996826,3.520667791366577,6.123311996459961,10.369925498962402,11.543571472167969,10.699623107910156,9.673873901367188
-4.625260353088379,-4.343240737915039,-3.116150379180908,-2.351095676422119,-2.9106297492980957,-3.9841277599334717,-3.9558277130126953,-2.8450281620025635,-1.8464387655258179,-1.519115924835205,-2.086348533630371,-3.111274480819702,-3.4507014751434326,-2.766934633255005,-1.9364094734191895,-0.7759804725646973,0.7050803899765015,2.256897211074829,4.020151615142822,5.522801876068115,6.214000701904297,6.054253101348877,5.383885860443115,4.699002742767334,4.390227794647217,4.016702175140381,2.958097219467163,1.572671890258789,0.3763061463832855,-0.25934237241744995,0.3446475863456726,1.7000107765197754,2.310526132583618,1.6608749628067017,0.762078046798706,0.7512961030006409,1.7189338207244873,2.734544038772583,6.8293046951293945,11.727856636047363,11.429462432861328,10.201939582824707,9.892072677612305
-4.003602981567383,-2.5156631469726562,-1.4151195287704468,-1.3692320585250854,-2.3464040756225586,-3.1322996616363525,-3.2678356170654297,-3.9174013137817383,-4.9021501541137695,-5.631041049957275,-5.942821979522705,-5.304393291473389,-4.256107807159424,-3.7908477783203125,-3.451261520385742,-2.630640983581543,-1.7526708841323853,-0.10726442188024521,2.2050185203552246,4.024479389190674,4.864991664886475,5.133777141571045,5.033854961395264,4.639503002166748,4.251844882965088,3.5523462295532227,2.2996034622192383,1.2469961643218994,0.7939987182617188,0.6306794285774231,0.8424818515777588,1.5257738828659058,1.8558803796768188,1.5056918859481812,1.198767900466919,0.8070789575576782,0.6213245987892151,1.7789602279663086,8.282431602478027,12.730385780334473,10.11396598815918,9.207249641418457,9.570204734802246
-2.6234841346740723,-1.389588713645935,-0.9864451289176941,-1.499903678894043,-2.4586050510406494,-3.20990252494812,-4.202078819274902,-5.4031782150268555,-6.272364139556885,-7.115993022918701,-7.513280391693115,-6.9591383934021,-6.157832145690918,-5.2779412269592285,-4.197315216064453,-4.046621799468994,-3.7730605602264404,-1.9449377059936523,0.6802845597267151,2.6198787689208984,3.7559397220611572,4.646167278289795,5.116551399230957,5.021578311920166,4.566980838775635,3.7313761711120605,2.4690635204315186,1.1703869104385376,0.503528356552124,0.43870440125465393,0.6255032420158386,0.8135303854942322,0.7015690803527832,0.6473243236541748,0.9369445443153381,1.3542096614837646,0.9731358885765076,3.26444935798645,10.691226959228516,14.15396785736084,10.207710266113281,9.312836647033691,9.130767822265625
