data/wind_data/wind_50_6.json
{"header": {"parameterUnit": "KT", "parameterCategory": 2, "nx": 256, "ny": 198, "lo1": 44.73521041870117, "la1": -3.236724853515625, "lo2": 111.26478576660156, "la2": 43.468475341796875, "dx": 0.2609002888202667, "dy": -0.23708222806453705, "refTime": "2025-02-21 02:00:00", "forecastTime": 0, "parameterNumber": 2, "parameterNumberName": "eastward_wind"}, "data":
[rows 160 to 179 of 198, columns 44 to 87 of 256]
38.4005126953125,35.86009979248047,33.787322998046875,32.925804138183594,33.2021369934082,33.90203857421875,34.4532585144043,34.51666259765625,34.30381393432617,34.55455017089844,35.820030212402344,37.69062042236328,38.99073028564453,39.86895751953125,40.79331970214844,41.25933074951172,40.96377944946289,40.88924026489258,41.204410552978516,41.35469055175781,41.46608352661133,41.88444519042969,42.68466567993164,43.61096954345703,44.1822624206543,44.164085388183594,43.65328598022461,43.02699279785156,42.28804397583008,41.68630599975586,41.32716369628906,41.2309684753418,41.46134567260742,41.24639129638672,40.40974426269531,40.12846755981445,40.254432678222656,39.915489196777344,39.12343215942383,37.92634582519531,36.95163345336914,36.65525436401367,37.27054977416992,38.35637283325195
35.96070861816406,33.546348571777344,32.04903030395508,31.854419708251953,32.55680465698242,33.46847915649414,34.066497802734375,34.2712287902832,34.33226013183594,35.176753997802734,36.3751106262207,37.130287170410156,37.54239273071289,38.3511962890625,39.14306640625,39.281158447265625,39.25063705444336,39.62058639526367,39.6927375793457,39.21863555908203,39.00770950317383,39.602317810058594,40.7280387878418,41.669795989990234,42.01467514038086,41.90354919433594,41.38505935668945,40.737884521484375,39.90100860595703,38.96076202392578,38.60401153564453,38.856895446777344,38.61821746826172,37.69342803955078,37.561912536621094,37.86958312988281,37.457496643066406,35.953765869140625,33.71200180053711,32.773746490478516,33.010311126708984,33.516056060791016,34.31867599487305,35.44298553466797
34.173431396484375,32.513404846191406,31.549278259277344,31.39540672302246,31.93159294128418,32.598114013671875,33.10101318359375,33.663299560546875,34.529945373535156,35.27403259277344,35.31074523925781,35.33094787597656,36.247432708740234,37.62446212768555,38.08591079711914,38.020633697509766,38.45545196533203,38.868141174316406,38.23166275024414,37.225494384765625,37.069461822509766,37.8307991027832,38.70037078857422,39.07249450683594,39.0067024230957,38.81217575073242,38.39639663696289,37.86799240112305,37.34885025024414,36.760047912597656,35.56679153442383,34.32911682128906,34.26950454711914,35.001644134521484,34.98884582519531,33.78662872314453,31.290205001831055,29.319011688232422,29.94474220275879,30.14182472229004,29.42837905883789,29.815649032592773,31.647348403930664,33.10287857055664
32.81766891479492,31.460983276367188,30.325496673583984,29.70340347290039,29.7885684967041,30.508588790893555,31.63579559326172,33.12495803833008,34.042354583740234,33.71884536743164,33.51873779296875,34.73735046386719,36.19009017944336,36.339630126953125,36.18192672729492,36.67964172363281,37.37211227416992,37.24350357055664,36.11112976074219,35.14765167236328,35.13800048828125,35.68104934692383,36.0169563293457,35.9211311340332,35.72713088989258,35.67438507080078,35.633140563964844,35.290489196777344,34.3513069152832,32.87296676635742,31.320240020751953,31.124052047729492,32.15721130371094,32.07765197753906,29.777023315429688,27.218708038330078,27.154176712036133,28.363256454467773,27.14520835876465,25.332134246826172,26.07760238647461,28.147066116333008,29.570659637451172,29.963138580322266
31.21504020690918,29.63370704650879,28.388883590698242,27.989295959472656,28.557878494262695,29.815099716186523,31.51361656188965,32.69615173339844,32.680503845214844,32.4305305480957,33.54884719848633,34.84794998168945,34.60841369628906,33.701969146728516,34.17755126953125,35.675758361816406,35.91995620727539,34.685997009277344,33.30064392089844,32.72951889038086,32.95915603637695,33.36684799194336,33.36261749267578,33.10311508178711,33.027587890625,33.09505844116211,32.85500717163086,31.877811431884766,30.623004913330078,29.42401695251465,29.06060791015625,29.347726821899414,28.506654739379883,26.217763900756836,25.411901473999023,26.56369400024414,26.579071044921875,24.09910011291504,22.529155731201172,23.85248374938965,25.743515014648438,26.88639259338379,27.605955123901367,28.632699966430664
29.47725486755371,28.765132904052734,28.541879653930664,28.829326629638672,29.339542388916016,30.10468101501465,30.725528717041016,30.963449478149414,31.28731346130371,32.49922180175781,33.66468048095703,32.963134765625,32.33803939819336,32.83903121948242,33.37321090698242,34.45610809326172,33.74283981323242,31.466102600097656,30.177074432373047,30.47950553894043,31.178295135498047,31.378137588500977,30.984663009643555,30.62413215637207,30.43103790283203,30.233949661254883,29.551898956298828,28.445924758911133,27.488658905029297,26.842124938964844,25.958402633666992,24.610076904296875,24.576072692871094,25.496366500854492,25.753923416137695,23.88690757751465,21.621339797973633,21.3188419342041,22.83251190185547,24.35316276550293,25.43222427368164,26.491134643554688,28.035490036010742,30.30245018005371
28.970029830932617,29.523183822631836,29.86092758178711,29.690248489379883,29.050127029418945,28.15069007873535,28.356595993041992,29.54381561279297,31.270545959472656,32.47381591796875,31.8345890045166,30.62330436706543,31.178417205810547,31.895366668701172,32.16379928588867,32.6326904296875,30.928537368774414,28.4940185546875,27.967681884765625,28.903968811035156,29.75240135192871,29.640226364135742,28.6547794342041,27.74813461303711,26.982948303222656,26.263540267944336,25.431533813476562,24.653324127197266,23.853195190429688,22.83509063720703,22.923830032348633,24.48638343811035,25.47725486755371,23.81577491760254,21.22016143798828,20.521224975585938,21.22785758972168,22.612232208251953,24.04926872253418,25.437959671020508,26.763755798339844,28.22467803955078,30.257957458496094,32.343505859375
29.839529037475586,29.83620262145996,28.93144989013672,27.493999481201172,25.965795516967773,25.360952377319336,27.02109146118164,28.887348175048828,30.241283416748047,30.65941619873047,29.627643585205078,28.784503936767578,29.17454719543457,29.535552978515625,29.72951889038086,29.595428466796875,28.151283264160156,26.65351676940918,26.66208267211914,27.422958374023438,27.727283477783203,27.18943977355957,25.7543888092041,24.47085189819336,23.206541061401367,22.243751525878906,21.61053466796875,21.2592830657959,21.326425552368164,22.495323181152344,23.94656753540039,23.402664184570312,20.957599639892578,19.46084976196289,20.048931121826172,21.48813819885254,22.933330535888672,24.39514923095703,26.121158599853516,27.678369522094727,28.862394332885742,30.10580825805664,30.778400421142578,29.870540618896484
29.700485229492188,27.78551483154297,25.819652557373047,24.35670280456543,24.37633514404297,25.465492248535156,26.743772506713867,27.104690551757812,27.84363555908203,28.170650482177734,27.659088134765625,27.406734466552734,27.057464599609375,26.436655044555664,26.156381607055664,25.841402053833008,25.331195831298828,24.99030113220215,25.179031372070312,25.535829544067383,25.20062828063965,24.460256576538086,23.35403060913086,22.197471618652344,21.62104606628418,21.080421447753906,20.561920166015625,20.526906967163086,20.700504302978516,20.337491989135742,19.51424789428711,18.54615020751953,18.535463333129883,19.72135353088379,21.416349411010742,22.957809448242188,24.63641357421875,26.409868240356445,27.84693145751953,28.773164749145508,29.197492599487305,28.604713439941406,27.019960403442383,25.631364822387695
27.05364990234375,25.459171295166016,24.43246078491211,24.256465911865234,25.228670120239258,25.942174911499023,25.864229202270508,25.686450958251953,26.224773406982422,25.826200485229492,25.005857467651367,25.77345848083496,26.195894241333008,24.286678314208984,22.57698631286621,22.162212371826172,22.51117706298828,22.985023498535156,23.314054489135742,23.45301628112793,23.15340232849121,22.281755447387695,21.34939956665039,19.825767517089844,20.390708923339844,19.01106834411621,16.71513557434082,15.579961776733398,15.638566017150879,16.581804275512695,17.487316131591797,18.247068405151367,19.56729507446289,21.177146911621094,22.71491050720215,24.360408782958984,25.958784103393555,26.987628936767578,27.54939842224121,27.643043518066406,26.460657119750977,24.787416458129883,23.830575942993164,23.003219604492188
24.66010856628418,25.723751068115234,26.089279174804688,25.991931915283203,25.674924850463867,25.449283599853516,25.378684997558594,25.29972267150879,24.983184814453125,23.650522232055664,22.746152877807617,23.421903610229492,24.41506004333496,23.919599533081055,21.50227165222168,20.26752471923828,20.594491958618164,21.220569610595703,21.54095458984375,21.72885513305664,21.43130111694336,20.81897735595703,20.01894760131836,18.487266540527344,18.842817306518555,15.423686027526855,13.604363441467285,14.609953880310059,16.59239959716797,18.23339080810547,19.045209884643555,19.77458381652832,20.831607818603516,22.244678497314453,23.749835968017578,25.046720504760742,25.72002410888672,25.76999282836914,25.581876754760742,24.587018966674805,23.15109634399414,22.348731994628906,21.682432174682617,20.925613403320312
25.070405960083008,28.135473251342773,28.540250778198242,27.259811401367188,25.918800354003906,25.55756187438965,25.568525314331055,24.943355560302734,23.385480880737305,22.021512985229492,21.292152404785156,21.30809783935547,22.415319442749023,23.901813507080078,22.309267044067383,20.25188636779785,20.058467864990234,20.320465087890625,20.287036895751953,20.35995101928711,19.618988037109375,19.48346519470215,19.41925048828125,18.879854202270508,18.41046905517578,16.162328720092773,15.68346118927002,17.368581771850586,19.249357223510742,20.147123336791992,20.311147689819336,20.547290802001953,21.347043991088867,22.65468978881836,23.85536003112793,24.279964447021484,23.93631935119629,23.347633361816406,22.6071834564209,21.69265365600586,20.954975128173828,20.388568878173828,19.94458770751953,20.334060668945312
26.880294799804688,29.893613815307617,29.836463928222656,28.32379722595215,26.762889862060547,26.015987396240234,25.478328704833984,24.03667640686035,21.867443084716797,20.883522033691406,20.48798942565918,20.010772705078125,20.923267364501953,23.195079803466797,22.483280181884766,20.52284812927246,20.283226013183594,20.087488174438477,19.57189178466797,19.084585189819336,18.26900291442871,18.183151245117188,18.62237548828125,18.787002563476562,17.984689712524414,16.726593017578125,16.644315719604492,17.723482131958008,19.011409759521484,19.73004150390625,19.8604736328125,20.264179229736328,21.344846725463867,22.402528762817383,22.634998321533203,21.960378646850586,21.13737678527832,20.58336639404297,20.058439254760742,19.584564208984375,19.152250289916992,19.134077072143555,19.52669906616211,20.329423904418945
27.661251068115234,29.973215103149414,29.91463279724121,28.6597843170166,27.161659240722656,26.135265350341797,25.02078628540039,22.986083984375,20.7314510345459,19.977338790893555,19.801830291748047,19.139362335205078,19.403047561645508,21.223800659179688,21.929780960083008,21.00165557861328,21.052825927734375,20.69504165649414,19.3917236328125,18.249832153320312,17.384695053100586,16.9117431640625,17.046924591064453,17.212238311767578,16.505008697509766,15.74425983428955,16.0266170501709,17.242015838623047,18.378774642944336,18.79026222229004,19.08687400817871,19.975303649902344,20.880582809448242,20.809804916381836,19.845319747924805,18.975074768066406,18.62127685546875,18.392616271972656,18.124874114990234,18.058456420898438,18.2806396484375,18.814754486083984,19.338115692138672,19.35775375366211
27.546985626220703,29.294326782226562,29.257211685180664,28.082773208618164,26.689910888671875,25.412582397460938,23.981094360351562,21.872079849243164,19.913375854492188,19.223371505737305,18.91407585144043,18.334016799926758,17.92352294921875,18.898468017578125,21.029565811157227,21.54022979736328,21.511760711669922,20.902904510498047,19.528629302978516,17.717838287353516,16.2210693359375,15.80750560760498,15.760443687438965,14.909371376037598,14.295268058776855,15.350591659545898,17.00737190246582,17.98677635192871,18.053586959838867,17.971097946166992,18.489973068237305,19.091442108154297,18.76959991455078,17.716650009155273,17.047700881958008,16.97430419921875,16.869903564453125,16.74001693725586,16.955629348754883,17.480928421020508,18.0047607421875,18.411359786987305,18.427993774414062,17.825315475463867
27.432958602905273,28.392654418945312,28.049833297729492,26.939697265625,25.609466552734375,24.232181549072266,22.80536651611328,20.91548728942871,19.353134155273438,18.64422607421875,18.111806869506836,17.736120223999023,17.528263092041016,18.50868034362793,20.593069076538086,21.339536666870117,20.87423324584961,19.848432540893555,18.976137161254883,17.254682540893555,15.289867401123047,14.278339385986328,13.199586868286133,12.778587341308594,14.566866874694824,16.7258243560791,17.801485061645508,17.634721755981445,16.875751495361328,16.768333435058594,17.06890296936035,16.7462100982666,15.942824363708496,15.600826263427734,15.731342315673828,15.67309284210205,15.489612579345703,15.843867301940918,16.642135620117188,17.32976531982422,17.644855499267578,17.627378463745117,17.258026123046875,16.793743133544922
27.167043685913086,27.482784271240234,26.954729080200195,26.25745964050293,25.420042037963867,24.25354766845703,22.429973602294922,20.421419143676758,19.193540573120117,18.402936935424805,17.651702880859375,17.54439926147461,18.361125946044922,19.43400001525879,20.2302188873291,20.51494598388672,19.741830825805664,18.448123931884766,17.90871238708496,16.694965362548828,14.31240463256836,12.011128425598145,11.62409496307373,13.52004337310791,16.24972915649414,17.566518783569336,17.20030975341797,16.126924514770508,15.089775085449219,14.963388442993164,15.121660232543945,15.02222728729248,14.985678672790527,15.058521270751953,14.842982292175293,14.498680114746094,14.790074348449707,15.820472717285156,16.8489990234375,17.259748458862305,17.0640811920166,16.547548294067383,16.11484146118164,16.429153442382812
27.06080436706543,27.28108024597168,27.0936222076416,26.91828727722168,26.910327911376953,25.734834671020508,22.925865173339844,20.414173126220703,19.159427642822266,18.370588302612305,17.7498779296875,17.970348358154297,19.015138626098633,19.30510902404785,19.07718276977539,19.066211700439453,18.281782150268555,17.29573631286621,16.4786319732666,15.152033805847168,13.000347137451172,12.819144248962402,13.952163696289062,14.826517105102539,15.794278144836426,16.096647262573242,15.41834831237793,14.3197021484375,13.678515434265137,13.877175331115723,14.528898239135742,15.040905952453613,15.112220764160156,14.664820671081543,13.988974571228027,13.941192626953125,14.931316375732422,16.272199630737305,17.07316017150879,16.870559692382812,16.079059600830078,15.453524589538574,15.790085792541504,17.075637817382812
28.214704513549805,28.55945587158203,29.101055145263672,29.467512130737305,29.62539291381836,27.861501693725586,24.170673370361328,20.63776206970215,18.545888900756836,18.354507446289062,18.672616958618164,18.830123901367188,18.806289672851562,18.163846969604492,17.722286224365234,17.6263370513916,17.163984298706055,16.297460556030273,14.991312980651855,13.982756614685059,13.5972900390625,15.48226547241211,16.500762939453125,15.225678443908691,14.437350273132324,14.285411834716797,13.923420906066895,13.387541770935059,13.290501594543457,13.870720863342285,14.792891502380371,15.28905200958252,14.96799373626709,14.137321472167969,13.62353229522705,14.157337188720703,15.496007919311523,16.65472412109375,16.860509872436523,16.057594299316406,15.143104553222656,15.29737377166748,16.613306045532227,18.089378356933594
31.019620895385742,31.028141021728516,31.75465965270996,32.15922546386719,31.311559677124023,28.99151611328125,25.331340789794922,20.721181869506836,17.617591857910156,18.84374237060547,20.120452880859375,19.49515151977539,18.186580657958984,17.11719512939453,16.819059371948242,16.72604751586914,16.43614959716797,15.587303161621094,14.715984344482422,14.309120178222656,14.86586856842041,17.079607009887695,17.5225772857666,15.975759506225586,14.579305648803711,13.797317504882812,13.307355880737305,13.048333168029785,13.187353134155273,13.923070907592773,14.856131553649902,15.125149726867676,14.498641967773438,13.71199893951416,13.68012523651123,14.675088882446289,16.013376235961914,16.74201011657715,16.29215431213379,15.26929759979248,14.930891036987305,15.996526718139648,17.636796951293945,18.739850997924805
