data/wind_data/wind_63_9.json
{"header": {"parameterUnit": "KT", "parameterCategory": 2, "nx": 256, "ny": 198, "lo1": 44.73521041870117, "la1": -3.236724853515625, "lo2": 111.26478576660156, "la2": 43.468475341796875, "dx": 0.2609002888202667, "dy": -0.23708222806453705, "refTime": "2025-02-21 15:00:00", "forecastTime": 0, "parameterNumber": 2, "parameterNumberName": "eastward_wind"}, "data":
[rows 0 to 18 of 198, columns 0 to 42 of 256]
21.48714828491211,21.105119705200195,20.411542892456055,19.423442840576172,18.81792449951172,18.54481315612793,18.426008224487305,18.41209602355957,18.187850952148438,17.875181198120117,17.692909240722656,17.50068473815918,17.10917854309082,16.645872116088867,16.124101638793945,15.784401893615723,15.9155855178833,15.988783836364746,15.67971420288086,15.760198593139648,16.528385162353516,16.941600799560547,16.83753204345703,16.845354080200195,16.98082733154297,16.95169448852539,16.813772201538086,17.007631301879883,17.410430908203125,17.759340286254883,17.9432315826416,17.454715728759766,16.657428741455078,15.82907772064209,15.338484764099121,15.987510681152344,16.55098533630371,16.02178955078125,15.897734642028809,16.983488082885742,17.57546043395996,17.15584373474121,16.947540283203125
22.01955223083496,20.170116424560547,19.16522789001465,18.270465850830078,18.11729621887207,18.17180061340332,18.008798599243164,17.795812606811523,17.54032325744629,17.765352249145508,18.314199447631836,18.269758224487305,17.784812927246094,16.963741302490234,16.230688095092773,16.254566192626953,16.408079147338867,16.31597137451172,15.924449920654297,15.517498016357422,16.444171905517578,18.00042152404785,18.472631454467773,18.195344924926758,18.280630111694336,18.515121459960938,18.149757385253906,17.819332122802734,18.191513061523438,18.88776397705078,19.068370819091797,17.987037658691406,16.93379783630371,16.47272300720215,16.00383949279785,16.580656051635742,17.36581039428711,17.088895797729492,17.08656120300293,17.682863235473633,17.384183883666992,16.900707244873047,17.450119018554688
21.814130783081055,19.871503829956055,18.41849136352539,17.954723358154297,18.23164939880371,18.446739196777344,18.422012329101562,18.344497680664062,18.126096725463867,18.273147583007812,18.634241104125977,18.408573150634766,17.863935470581055,17.0715274810791,16.362321853637695,16.41930389404297,16.68358039855957,16.359275817871094,15.536656379699707,15.363890647888184,16.479307174682617,17.69817352294922,18.14397621154785,18.130090713500977,18.15577507019043,18.188276290893555,17.965578079223633,17.87295913696289,18.163379669189453,18.5933837890625,18.762224197387695,18.298450469970703,17.76823616027832,17.343557357788086,16.869426727294922,16.85659408569336,17.209741592407227,17.480737686157227,17.501657485961914,17.52486801147461,17.425302505493164,17.508832931518555,18.24917221069336
21.68877601623535,19.193912506103516,18.002893447875977,17.296308517456055,18.13205909729004,18.800569534301758,19.084293365478516,19.11471176147461,18.913427352905273,18.886680603027344,18.93747901916504,18.549604415893555,17.90791893005371,17.08525276184082,16.439071655273438,16.42078399658203,16.60541343688965,16.28195571899414,15.646882057189941,15.761453628540039,16.650312423706055,17.416343688964844,17.807252883911133,17.887147903442383,17.798357009887695,17.742835998535156,17.748245239257812,17.827957153320312,18.043289184570312,18.3704833984375,18.548519134521484,18.51041603088379,18.413860321044922,18.113422393798828,17.64516258239746,17.125572204589844,16.96456527709961,17.375516891479492,17.52414321899414,17.42845344543457,17.64033317565918,18.254053115844727,19.208749771118164
22.13445281982422,17.21099090576172,16.742874145507812,16.87871551513672,16.903566360473633,17.408449172973633,18.332183837890625,18.801748275756836,18.77470588684082,18.970808029174805,19.56047248840332,19.949647903442383,19.741947174072266,18.884506225585938,17.799829483032227,17.193490982055664,17.204038619995117,17.152555465698242,17.15389060974121,17.459470748901367,17.53421974182129,17.46326446533203,17.724437713623047,18.07007598876953,18.105117797851562,17.84457015991211,17.70345687866211,17.7310791015625,17.744422912597656,17.9510555267334,18.244787216186523,18.258337020874023,18.029296875,17.694984436035156,17.386489868164062,17.043806076049805,16.716510772705078,16.528507232666016,16.331214904785156,16.257709503173828,16.70083236694336,17.767446517944336,19.208864212036133
22.67522430419922,16.657596588134766,16.20343589782715,16.68115997314453,16.770915985107422,17.02669906616211,17.970571517944336,18.95458984375,19.473512649536133,19.787303924560547,20.342355728149414,20.80350685119629,20.85987091064453,20.501142501831055,20.003530502319336,19.670907974243164,19.69011878967285,19.701129913330078,19.527141571044922,19.43711280822754,19.205398559570312,18.743547439575195,18.488834381103516,18.677724838256836,19.0294189453125,19.231504440307617,19.23643684387207,18.981014251708984,18.48642921447754,18.044063568115234,17.861600875854492,17.74184799194336,17.540943145751953,17.341894149780273,17.284950256347656,17.229642868041992,16.972110748291016,16.6101016998291,16.482603073120117,16.712417602539062,17.234176635742188,18.097837448120117,19.355520248413086
23.265731811523438,18.912870407104492,17.69009017944336,17.449846267700195,17.567350387573242,17.801124572753906,18.562076568603516,19.57180404663086,20.372539520263672,21.10279655456543,21.793365478515625,22.027170181274414,21.79392433166504,21.38881492614746,21.23909568786621,21.316537857055664,21.52724838256836,21.64377784729004,21.423376083374023,21.100793838500977,20.790903091430664,20.385732650756836,19.938796997070312,19.7679386138916,20.057004928588867,20.688291549682617,21.256254196166992,21.313100814819336,20.749265670776367,19.859472274780273,18.97943878173828,18.269332885742188,17.892024993896484,17.881072998046875,18.110363006591797,18.255861282348633,18.108747482299805,17.848602294921875,17.825483322143555,18.10826301574707,18.523134231567383,19.102256774902344,19.948598861694336
23.528013229370117,20.611801147460938,19.36376190185547,18.853105545043945,19.507158279418945,19.766223907470703,19.903493881225586,20.346031188964844,20.978839874267578,21.819194793701172,22.699169158935547,23.2416934967041,23.265098571777344,22.893341064453125,22.613725662231445,22.632219314575195,22.702314376831055,22.77115821838379,22.64423942565918,22.23556137084961,21.763559341430664,21.387126922607422,21.244781494140625,21.188199996948242,21.189651489257812,21.513641357421875,22.214908599853516,22.858415603637695,22.960140228271484,22.35921859741211,21.251554489135742,20.04292869567871,19.15691566467285,18.874248504638672,19.042137145996094,19.205921173095703,19.116437911987305,18.951370239257812,19.002225875854492,19.233232498168945,19.57219123840332,20.046009063720703,20.66738510131836
23.325241088867188,21.151945114135742,20.12116813659668,19.71755599975586,20.94919776916504,21.638004302978516,21.502538681030273,21.511795043945312,21.73442840576172,22.12213134765625,22.7401123046875,23.431623458862305,23.830326080322266,23.993934631347656,24.028453826904297,24.07325553894043,23.994287490844727,23.93141746520996,23.7554988861084,23.30217933654785,22.84583282470703,22.394542694091797,22.09454917907715,21.986650466918945,21.945043563842773,22.085304260253906,22.63306999206543,23.387178421020508,23.855297088623047,23.646085739135742,22.786907196044922,21.569747924804688,20.371810913085938,19.599145889282227,19.376602172851562,19.4169979095459,19.391374588012695,19.35354995727539,19.52130126953125,19.85981559753418,20.31521224975586,20.830015182495117,21.44713592529297
23.382369995117188,22.317155838012695,21.10988426208496,20.298446655273438,21.07423210144043,21.98855209350586,22.133922576904297,22.347763061523438,22.628704071044922,22.762462615966797,22.88503074645996,23.092201232910156,23.42815589904785,23.80855369567871,24.181581497192383,24.405675888061523,24.443552017211914,24.4160213470459,24.199344635009766,23.91098976135254,23.653133392333984,23.52740478515625,22.998579025268555,22.341474533081055,22.114543914794922,22.450416564941406,23.357847213745117,24.21733856201172,24.484302520751953,24.03618812561035,23.13440704345703,21.97763442993164,20.7575740814209,19.795921325683594,19.39463233947754,19.478126525878906,19.635974884033203,19.784650802612305,20.067951202392578,20.557554244995117,21.14174461364746,21.657276153564453,22.232257843017578
23.751407623291016,23.71023941040039,22.65641212463379,21.521570205688477,21.60989761352539,22.168487548828125,22.204978942871094,22.562294006347656,23.15165901184082,23.51045799255371,23.53223419189453,23.333322525024414,23.215259552001953,23.325729370117188,23.627275466918945,23.951765060424805,24.054542541503906,24.15420150756836,24.217464447021484,24.452835083007812,24.406801223754883,24.403671264648438,23.996564865112305,23.35652732849121,23.11165428161621,23.404836654663086,24.357749938964844,25.453588485717773,25.791797637939453,25.08110237121582,23.701274871826172,22.23529815673828,20.944795608520508,20.021791458129883,19.716402053833008,19.995147705078125,20.494815826416016,20.906513214111328,21.11208152770996,21.403011322021484,21.866716384887695,22.323362350463867,22.735851287841797
24.56939697265625,24.805320739746094,24.095922470092773,23.185527801513672,23.33482551574707,23.422256469726562,22.944711685180664,22.996488571166992,23.601844787597656,24.224592208862305,24.530254364013672,24.412620544433594,24.157453536987305,24.154926300048828,24.27193832397461,24.33616065979004,24.3798828125,24.69993782043457,25.13907241821289,25.632461547851562,25.760921478271484,25.54831886291504,25.34355926513672,25.311216354370117,25.539731979370117,25.973709106445312,26.384597778320312,27.03645133972168,27.31023597717285,26.750675201416016,25.30084800720215,23.587623596191406,22.160764694213867,21.225513458251953,20.893911361694336,21.140527725219727,21.782262802124023,22.3514461517334,22.40507698059082,22.22410011291504,22.240684509277344,22.481571197509766,22.67222785949707
25.769521713256836,26.011812210083008,25.41232681274414,24.87771224975586,25.34626007080078,24.9461669921875,24.009605407714844,23.703712463378906,24.21302604675293,25.0291690826416,25.690074920654297,25.979000091552734,26.03180503845215,26.015445709228516,25.996543884277344,25.992507934570312,26.226112365722656,26.754955291748047,27.369165420532227,27.8492431640625,27.84938621520996,27.516765594482422,27.53186798095703,28.03071403503418,28.62319564819336,29.46551513671875,29.68309211730957,29.656333923339844,29.319211959838867,28.59092903137207,27.487207412719727,26.055166244506836,24.673974990844727,23.668901443481445,23.137311935424805,22.99100112915039,23.16471290588379,23.41762351989746,23.24458885192871,22.645950317382812,22.15120506286621,21.99352264404297,22.035615921020508
26.41343116760254,26.88107681274414,26.404434204101562,26.298599243164062,26.904401779174805,26.1718692779541,24.853160858154297,24.213218688964844,24.5806884765625,25.524856567382812,26.54457664489746,27.308847427368164,27.79480743408203,27.96718406677246,28.061084747314453,28.138866424560547,28.421445846557617,29.0234317779541,29.703948974609375,29.997472763061523,30.091407775878906,30.195127487182617,30.343515396118164,30.672164916992188,31.241605758666992,32.161556243896484,32.7467155456543,32.882835388183594,32.336204528808594,31.17104721069336,29.952768325805664,28.81407356262207,27.70001220703125,26.67912483215332,25.923187255859375,25.314228057861328,24.694534301757812,24.021682739257812,23.218687057495117,22.408370971679688,21.696718215942383,21.26953887939453,21.297224044799805
26.71414566040039,27.43602752685547,27.11245346069336,27.376028060913086,28.194469451904297,27.512386322021484,26.03775978088379,25.09296417236328,25.009525299072266,25.63357162475586,26.73908233642578,27.92067527770996,28.85380744934082,29.33401107788086,29.44264793395996,29.5196475982666,29.791078567504883,30.225109100341797,30.73223114013672,31.045530319213867,31.38184928894043,31.731945037841797,31.720317840576172,31.575157165527344,31.651411056518555,32.26416778564453,33.26525115966797,34.465362548828125,34.81892013549805,33.92778396606445,32.44398498535156,31.12283706665039,30.157089233398438,29.178712844848633,28.15751075744629,27.01531219482422,25.54146957397461,23.934762954711914,22.534940719604492,21.57793426513672,21.1639347076416,21.121055603027344,21.425264358520508
27.573383331298828,27.91526222229004,27.729082107543945,28.123319625854492,29.262271881103516,28.86769676208496,27.56951141357422,26.68040657043457,26.24239158630371,26.3162784576416,27.03200912475586,28.16834831237793,29.280956268310547,29.898941040039062,29.834867477416992,29.54023551940918,29.48727035522461,29.691307067871094,30.05936050415039,30.420360565185547,30.81456756591797,30.962478637695312,30.48657989501953,29.856435775756836,29.483444213867188,30.00322723388672,31.401031494140625,33.38587951660156,34.73775863647461,34.68309783935547,33.705902099609375,32.3031005859375,31.226152420043945,30.292612075805664,28.944351196289062,27.102813720703125,24.93674659729004,22.83323097229004,21.377180099487305,20.81888771057129,21.138532638549805,21.81416893005371,22.459571838378906
28.58978271484375,28.24953842163086,28.192825317382812,28.597511291503906,29.999555587768555,29.81951904296875,28.76409149169922,28.16832733154297,27.89543342590332,27.89960479736328,28.341489791870117,29.14932632446289,29.934452056884766,30.151607513427734,29.570037841796875,28.77324676513672,28.280675888061523,28.155975341796875,28.392669677734375,28.835342407226562,29.1749210357666,29.051652908325195,28.362674713134766,27.499404907226562,27.077404022216797,27.660947799682617,29.233688354492188,31.161725997924805,32.43046188354492,32.79523849487305,32.457733154296875,31.607595443725586,30.65575408935547,29.843990325927734,28.335874557495117,25.887670516967773,23.316265106201172,21.375473022460938,20.544124603271484,20.801820755004883,21.72274398803711,22.721952438354492,23.388463973999023
28.714862823486328,28.417810440063477,28.4932918548584,28.991493225097656,30.59150505065918,30.411272048950195,29.339725494384766,28.8080997467041,28.82069969177246,29.237415313720703,29.773462295532227,30.310070037841797,30.687347412109375,30.44185447692871,29.400924682617188,28.080923080444336,27.183225631713867,26.92084503173828,27.085750579833984,27.40727996826172,27.584054946899414,27.241764068603516,26.4609432220459,25.710554122924805,25.59868812561035,26.402244567871094,27.81679344177246,28.9584903717041,29.415138244628906,29.62110710144043,29.45258331298828,29.229251861572266,28.92969512939453,28.332496643066406,26.934188842773438,24.49985122680664,22.07562255859375,20.79228973388672,20.665319442749023,21.41961097717285,22.498458862304688,23.4390869140625,23.922565460205078
28.539474487304688,28.56499481201172,28.610492706298828,29.2823429107666,31.225425720214844,31.021800994873047,29.719614028930664,28.866729736328125,28.84549903869629,29.533470153808594,30.168493270874023,30.422927856445312,30.47810935974121,30.103227615356445,29.00765037536621,27.515653610229492,26.399381637573242,26.132083892822266,26.3790340423584,26.64113426208496,26.57466697692871,25.96906089782715,25.104494094848633,24.538801193237305,24.75157928466797,25.635759353637695,26.47227668762207,26.760093688964844,26.394975662231445,26.293750762939453,26.529539108276367,26.82615852355957,27.128490447998047,26.822139739990234,25.63582992553711,23.870725631713867,22.226579666137695,21.611976623535156,21.782943725585938,22.598237991333008,23.61847496032715,24.43688201904297,24.765050888061523
