data/wind_data/wind_52_3.json
{"header": {"parameterUnit": "KT", "parameterCategory": 2, "nx": 256, "ny": 198, "lo1": 44.73521041870117, "la1": -3.236724853515625, "lo2": 111.26478576660156, "la2": 43.468475341796875, "dx": 0.2609002888202667, "dy": -0.23708222806453705, "refTime": "2025-02-21 04:00:00", "forecastTime": 0, "parameterNumber": 2, "parameterNumberName": "eastward_wind"}, "data":
[rows 152 to 170 of 198, columns 44 to 87 of 256]
5.950968265533447,4.748476982116699,4.813658237457275,5.963781833648682,5.338174343109131,-1.2359941005706787,-7.435885906219482,-2.7876136302948,9.099871635437012,7.3223443031311035,1.701349139213562,-6.042585372924805,-8.655866622924805,-9.359895706176758,-7.106650352478027,-3.573944568634033,-0.5188287496566772,1.6895681619644165,3.783389091491699,6.463103771209717,8.576701164245605,8.864225387573242,8.848477363586426,7.50808048248291,4.573298931121826,1.7356510162353516,1.1096934080123901,1.8340061902999878,3.0437796115875244,3.5362234115600586,3.569796323776245,5.012460708618164,6.940752983093262,6.823579788208008,5.476416110992432,5.353199481964111,6.907698154449463,9.18083381652832,10.889265060424805,12.332050323486328,13.548933029174805,13.995019912719727,14.450455665588379,15.134689331054688
8.475920677185059,7.709254264831543,7.103762626647949,9.21943187713623,6.964802265167236,-2.0245959758758545,-8.37724781036377,-4.27289342880249,3.810258626937866,0.25100359320640564,-4.2782883644104,-7.702831268310547,-9.126888275146484,-8.430648803710938,-6.013000965118408,-5.406329154968262,-5.77800178527832,-5.497983932495117,-4.044683933258057,-2.4355218410491943,-1.75774347782135,-1.7964229583740234,-1.7314250469207764,-2.2076668739318848,-3.3507769107818604,-4.096292972564697,-2.9098620414733887,-2.0693514347076416,-0.6008769273757935,1.3819375038146973,3.0597410202026367,5.150359153747559,5.369699478149414,4.593029499053955,4.669519901275635,6.2809271812438965,8.430776596069336,10.656819343566895,12.639130592346191,14.627427101135254,15.677372932434082,15.363313674926758,15.186375617980957,14.915557861328125
8.308415412902832,8.05359935760498,7.905542373657227,9.851606369018555,7.244136333465576,0.9304036498069763,-3.072526693344116,-1.4612374305725098,-1.453637719154358,-3.777574062347412,-4.296972751617432,-5.007418632507324,-6.37135648727417,-6.73038911819458,-5.8766608238220215,-6.539793491363525,-6.2776618003845215,-3.729389190673828,-0.9690818190574646,-0.16527768969535828,-0.6971734762191772,-2.1177401542663574,-3.627560615539551,-4.505274295806885,-5.838582992553711,-6.498037338256836,-5.6178717613220215,-2.5197763442993164,0.4564282298088074,1.6788145303726196,3.162823438644409,4.902570724487305,5.107728481292725,4.882138729095459,5.92854118347168,8.264427185058594,9.911261558532715,11.673074722290039,14.024421691894531,16.080459594726562,15.928689956665039,15.026420593261719,14.657220840454102,14.771459579467773
9.488921165466309,8.204622268676758,7.517650604248047,7.571492671966553,4.413754463195801,2.7538657188415527,2.1315853595733643,0.8742930889129639,-2.1094186305999756,-3.0059239864349365,-3.053950548171997,-3.2233574390411377,-4.2010393142700195,-4.900542736053467,-4.926418781280518,-6.098264217376709,-5.754580020904541,-0.8623642325401306,2.8261327743530273,3.5238330364227295,2.5002756118774414,0.31562933325767517,-1.5589302778244019,-2.31636643409729,-3.4880268573760986,-3.9055066108703613,-2.6319081783294678,2.2371506690979004,2.6857619285583496,2.498483180999756,3.2621750831604004,4.697284698486328,5.103194713592529,5.342012882232666,6.661884307861328,8.734471321105957,10.401847839355469,12.925115585327148,14.65281867980957,14.146578788757324,14.103965759277344,14.459771156311035,14.66124439239502,12.256690979003906
10.755559921264648,8.374349594116211,7.59205961227417,8.240388870239258,6.098806381225586,5.1077656745910645,5.454353332519531,3.4080851078033447,0.6539745330810547,0.0801483541727066,0.24290335178375244,-0.3457949757575989,-1.264525055885315,-1.9650682210922241,-2.9106063842773438,-4.162143707275391,-3.737999677658081,-0.06963679194450378,2.302851915359497,2.912662982940674,2.5801758766174316,2.012868642807007,0.7477433085441589,0.03911149874329567,0.10396833717823029,0.4015549123287201,3.887875556945801,5.782085418701172,2.702012300491333,2.5167558193206787,3.680375099182129,4.440083026885986,4.623419761657715,5.412596702575684,7.584952354431152,10.089215278625488,12.232926368713379,14.060504913330078,13.973969459533691,13.196571350097656,14.14124870300293,15.395157814025879,12.515904426574707,7.423375129699707
11.123479843139648,8.612959861755371,8.302709579467773,10.137951850891113,10.498540878295898,9.062722206115723,7.791267395019531,5.632704257965088,3.2532541751861572,2.8042409420013428,2.7554008960723877,1.267518401145935,-0.33599939942359924,-1.6337772607803345,-2.4644312858581543,-1.6927086114883423,-0.9872081279754639,0.18387152254581451,0.9667477607727051,1.5855646133422852,1.9174878597259521,2.419837474822998,2.1405069828033447,1.075817584991455,0.564969539642334,1.4385242462158203,6.10308837890625,6.428407192230225,2.8635313510894775,1.3729437589645386,2.000605821609497,2.722900152206421,3.5701565742492676,5.4347381591796875,8.05102825164795,10.830613136291504,12.998897552490234,14.619063377380371,14.615385055541992,12.931751251220703,11.160758972167969,11.68281078338623,8.664641380310059,7.9181342124938965
11.562812805175781,8.856067657470703,9.164931297302246,11.447935104370117,12.536802291870117,10.1627197265625,6.017513751983643,3.356821060180664,1.7973591089248657,0.9395960569381714,0.2696239948272705,1.1004142761230469,1.2887563705444336,-0.18122367560863495,-0.37446463108062744,1.6792447566986084,1.8552201986312866,1.141777515411377,0.6217195987701416,1.292352557182312,1.7014449834823608,2.129201889038086,2.7408950328826904,2.4645652770996094,1.7823207378387451,2.7862343788146973,7.292989730834961,9.000038146972656,6.043351650238037,2.8007709980010986,1.3603534698486328,1.8090574741363525,3.151407480239868,4.742851257324219,6.5254998207092285,8.283888816833496,11.057262420654297,11.396624565124512,10.80095100402832,9.671652793884277,8.854205131530762,10.233512878417969,9.364907264709473,9.208740234375
12.58832836151123,8.597671508789062,6.577395915985107,6.9410529136657715,7.212225437164307,5.204625606536865,1.8700809478759766,0.8298652172088623,0.08831389993429184,2.0630853176116943,-0.11388923972845078,-0.2512363791465759,0.7026519775390625,0.3967880308628082,2.091024398803711,2.8458080291748047,2.5462758541107178,1.7375603914260864,1.6453161239624023,1.0184112787246704,1.2899361848831177,1.7592676877975464,2.8953917026519775,3.5720417499542236,3.634873390197754,4.647875785827637,7.665794849395752,8.726279258728027,6.627022743225098,4.130961894989014,3.199514627456665,3.2676236629486084,3.446798086166382,3.857088088989258,4.777848243713379,5.675734043121338,6.1173553466796875,7.213841438293457,8.724148750305176,9.222238540649414,9.527210235595703,9.934061050415039,9.995206832885742,9.951220512390137
11.970516204833984,7.970156192779541,5.175741195678711,3.7509653568267822,2.4055564403533936,1.5514006614685059,0.92426997423172,0.8464494347572327,0.6011772751808167,1.4623665809631348,1.3114843368530273,0.725134015083313,0.5130440592765808,1.5340240001678467,3.329850196838379,3.0850164890289307,2.3559978008270264,1.9482771158218384,2.8157050609588623,1.6030594110488892,1.132277011871338,1.5630093812942505,3.151822328567505,4.382896423339844,5.124881744384766,6.217980861663818,7.288005352020264,6.6901469230651855,5.198619842529297,3.9683640003204346,3.7613751888275146,4.30789041519165,4.225705623626709,4.524460792541504,5.263760089874268,4.818830966949463,5.321228504180908,6.878627300262451,7.312544345855713,7.0027756690979,7.771885395050049,7.989322662353516,8.718000411987305,8.976339340209961
11.645695686340332,10.509011268615723,8.823617935180664,7.08442497253418,5.569821357727051,3.850433349609375,1.8389623165130615,0.9396210312843323,1.0550897121429443,1.0825423002243042,1.1325366497039795,1.0695631504058838,0.4610106647014618,1.9069514274597168,3.0990476608276367,2.0615224838256836,1.8007636070251465,2.316009283065796,4.596220970153809,3.526749849319458,1.9436997175216675,1.4767130613327026,2.51116943359375,3.9718527793884277,5.4522480964660645,6.706190586090088,6.767610549926758,5.413876533508301,4.253389358520508,3.867849111557007,4.400604724884033,5.43818998336792,5.352108955383301,5.635279178619385,5.591365814208984,5.315518856048584,5.278686046600342,5.425591468811035,5.606619358062744,6.4172749519348145,6.425180435180664,6.479786396026611,7.631796836853027,7.991240501403809
10.921931266784668,12.47242259979248,13.1702241897583,12.13951587677002,10.092761039733887,7.4384870529174805,4.343964576721191,2.129751205444336,1.785885214805603,1.0384782552719116,2.3343682289123535,1.8828920125961304,1.8174660205841064,2.359454870223999,1.6251486539840698,-0.20329760015010834,1.1825735569000244,4.3330607414245605,6.874728202819824,5.103985786437988,3.1663575172424316,1.9693585634231567,1.8849437236785889,2.938446044921875,4.6174187660217285,5.4424967765808105,5.084072589874268,4.281205177307129,3.8704476356506348,3.989800214767456,4.642364501953125,5.5212578773498535,6.347657203674316,6.083019256591797,5.698896884918213,5.6090264320373535,5.185729026794434,4.8727240562438965,5.0732550621032715,5.663959980010986,5.30513334274292,4.934286594390869,6.178380489349365,7.316107273101807
9.017404556274414,10.8519287109375,11.726606369018555,8.725119590759277,5.307471752166748,4.829916000366211,4.454733371734619,4.911306381225586,4.114870548248291,3.1101536750793457,3.1329543590545654,3.1467509269714355,2.839033603668213,2.133404016494751,2.3083391189575195,2.6121370792388916,3.821068286895752,5.753130912780762,6.637913703918457,5.079229831695557,3.6479036808013916,2.455303430557251,1.8014947175979614,2.1457014083862305,3.113746404647827,3.3730130195617676,3.2871792316436768,3.5133392810821533,3.743161678314209,4.066926002502441,4.295551776885986,5.3185272216796875,6.268255233764648,5.436228275299072,5.132185935974121,5.516975402832031,5.590083122253418,4.986746311187744,4.250494480133057,3.8097918033599854,3.344421863555908,3.5415987968444824,4.348519325256348,5.23708963394165
10.202560424804688,10.839264869689941,8.477560997009277,3.41182279586792,0.6224033236503601,3.319302797317505,6.413156032562256,6.680926322937012,5.249430179595947,3.783534049987793,3.6610660552978516,3.778855800628662,4.025693416595459,5.637101173400879,4.681845664978027,3.017106533050537,3.518467426300049,3.887429714202881,4.140557765960693,3.903043270111084,3.284635066986084,3.0743017196655273,2.736142158508301,2.123021125793457,2.163179874420166,2.299830675125122,2.515620708465576,2.9891982078552246,3.394103527069092,3.9169631004333496,4.207531929016113,5.6034255027771,5.46460485458374,4.266458988189697,4.567060470581055,5.0950026512146,5.018863201141357,4.066425323486328,2.8606410026550293,2.081500768661499,1.9137537479400635,2.189807176589966,1.6944539546966553,0.8612920045852661
9.507959365844727,10.175856590270996,9.435392379760742,6.776340961456299,5.466789245605469,6.260535717010498,7.062316417694092,6.332147598266602,4.846654415130615,4.403400897979736,4.3076934814453125,5.362922668457031,6.127549171447754,4.1123366355896,3.7931034564971924,1.7058610916137695,1.5121252536773682,1.258221983909607,1.3892885446548462,2.042919397354126,2.364314317703247,3.206044912338257,3.978865623474121,2.9535000324249268,2.0566349029541016,1.8322476148605347,1.9901317358016968,2.366569995880127,2.87847900390625,3.277832269668579,3.69740891456604,5.070017337799072,3.83127760887146,2.9695346355438232,3.481050491333008,3.7802927494049072,3.258847236633301,2.054053544998169,1.5117743015289307,1.5347120761871338,1.8149142265319824,2.1808576583862305,0.7729635238647461,-1.365128517150879
7.936105251312256,9.834054946899414,10.933550834655762,10.933804512023926,11.129936218261719,9.001826286315918,5.500923156738281,4.810576438903809,4.316965579986572,3.553170919418335,3.501729965209961,5.120121479034424,3.0876851081848145,3.062793254852295,1.0996946096420288,-0.4067641794681549,-0.26417842507362366,-0.582115888595581,-0.13187275826931,0.7077030539512634,1.378011703491211,2.2266714572906494,3.219209671020508,2.5002644062042236,1.0314496755599976,0.32811030745506287,0.6208727955818176,1.145427942276001,1.4565227031707764,1.6645679473876953,2.6106812953948975,3.229591131210327,1.4869134426116943,1.0542422533035278,1.580090880393982,1.510374903678894,0.6277612447738647,0.20972760021686554,0.9363201260566711,1.2856407165527344,1.8775557279586792,2.2161905765533447,0.19433243572711945,-1.5370762348175049
4.156496047973633,5.157522678375244,6.151758193969727,5.849961757659912,5.98980188369751,4.687188625335693,3.691133975982666,3.9415571689605713,3.6494431495666504,4.123096942901611,3.864774465560913,2.581989049911499,1.884587287902832,1.373768925666809,-0.18242810666561127,-1.2835558652877808,-1.821276068687439,-1.773380160331726,-0.7254729270935059,0.003295084461569786,0.4657696783542633,0.6863184571266174,1.0708197355270386,0.6457052826881409,-1.078905463218689,-1.4693138599395752,-0.8874675035476685,-0.5838832855224609,-0.4437814950942993,-0.03659924492239952,0.523017942905426,-0.02875354327261448,-0.9956687092781067,-0.6997327208518982,-0.5624290108680725,-0.6682673096656799,-0.6755858063697815,-0.2584579885005951,0.7320432066917419,0.4911860227584839,2.281829357147217,1.9346191883087158,-0.7430945038795471,-3.1677308082580566
-0.7139538526535034,-0.455433189868927,-0.4538058638572693,-1.3564841747283936,-0.31383615732192993,2.2470061779022217,3.321096420288086,3.7042012214660645,3.737529993057251,3.1244325637817383,2.3601930141448975,1.4841350317001343,0.974478006362915,-0.1743260771036148,-0.691537618637085,-1.6642190217971802,-2.969188690185547,-2.464632511138916,-1.0347388982772827,-0.4042898118495941,-0.1024833545088768,0.12691178917884827,-0.09944654256105423,-0.5728722214698792,-2.178739070892334,-2.3113479614257812,-2.0935842990875244,-2.3666579723358154,-2.2159576416015625,-1.9629403352737427,-2.0753307342529297,-2.6563527584075928,-2.6123828887939453,-2.1916489601135254,-2.107151746749878,-1.6599544286727905,-0.6846833825111389,0.09061489999294281,1.2183051109313965,2.9207005500793457,3.925880193710327,2.218215227127075,-3.442650318145752,-6.491703510284424
-2.4821791648864746,-2.9113972187042236,-1.3599236011505127,0.35836878418922424,1.2902005910873413,2.1036200523376465,2.655442953109741,3.3129777908325195,1.4506685733795166,-0.6277918219566345,-0.9866580963134766,-0.5909563302993774,-1.3140217065811157,-1.9630272388458252,-0.9500767588615417,-1.7953015565872192,-3.242435932159424,-2.3307478427886963,-0.7991138696670532,-0.21758060157299042,0.12819939851760864,0.4457065463066101,-0.3773733377456665,-1.2939835786819458,-2.53204607963562,-3.2402760982513428,-4.12454891204834,-4.304803371429443,-3.9319653511047363,-3.7899539470672607,-3.973489284515381,-3.9896228313446045,-3.535792112350464,-3.0948145389556885,-2.646888494491577,-1.9903502464294434,-0.9091670513153076,0.3469517230987549,2.184199333190918,4.448471546173096,4.045080184936523,3.6132924556732178,-3.3148157596588135,-7.932210922241211
-2.567232608795166,-2.285857677459717,-0.4637807309627533,1.7793573141098022,3.008629322052002,1.7428460121154785,0.10964502394199371,-0.5037044286727905,-1.9140127897262573,-2.62044358253479,-2.484049081802368,-2.194690704345703,-2.634411334991455,-2.2638683319091797,-0.8864408731460571,-1.6779487133026123,-2.7021076679229736,-1.5573092699050903,-0.060013141483068466,0.48910287022590637,0.6999669075012207,0.47572970390319824,-0.7264363169670105,-2.0042834281921387,-3.6277878284454346,-5.2137627601623535,-6.24284553527832,-6.123531341552734,-5.51216459274292,-5.127013206481934,-4.889719009399414,-4.453341007232666,-3.8488731384277344,-3.34728741645813,-2.6843554973602295,-1.903579831123352,-0.8555262088775635,0.6517564058303833,2.0147922039031982,2.709141254425049,4.3319010734558105,4.706848621368408,4.195267200469971,-0.9996617436408997
