data/wind_data/wind_66_1.json
{"header": {"parameterUnit": "KT", "parameterCategory": 2, "nx": 256, "ny": 198, "lo1": 44.73521041870117, "la1": -3.236724853515625, "lo2": 111.26478576660156, "la2": 43.468475341796875, "dx": 0.2609002888202667, "dy": -0.23708222806453705, "refTime": "2025-02-21 18:00:00", "forecastTime": 0, "parameterNumber": 2, "parameterNumberName": "eastward_wind"}, "data":
[rows 19 to 37 of 198, columns 172 to 214 of 256]
-1.6737546920776367,-2.5283591747283936,-2.324660539627075,-2.4926810264587402,-5.540365695953369,-4.0242462158203125,-4.428525924682617,-4.435307025909424,-2.9820358753204346,-4.271336555480957,-7.03955602645874,-4.432690620422363,-2.9215469360351562,-1.4191588163375854,-0.1843165010213852,-0.2901802659034729,0.16928251087665558,-1.3207017183303833,1.6365057229995728,-1.6556817293167114,0.4360593259334564,-0.3010222911834717,-1.3802911043167114,1.1058013439178467,0.32533058524131775,2.9352340698242188,-8.527562141418457,-2.6822896003723145,-0.024170272052288055,0.13282346725463867,-0.9108472466468811,-1.4261128902435303,-2.907292127609253,-0.1166205108165741,3.9415197372436523,0.713615357875824,-1.2898333072662354,1.1017106771469116,6.653939723968506,5.28527307510376,2.164275646209717,3.5672383308410645,3.241117000579834
-1.7482634782791138,-4.025086402893066,-1.507142424583435,-3.246022939682007,-4.362881660461426,-4.30042839050293,-5.286541938781738,-5.712179660797119,-4.624665260314941,-5.268928527832031,-5.900184631347656,-4.9868621826171875,-3.7846758365631104,-2.712334632873535,-0.23118199408054352,-2.3321034908294678,-0.16845262050628662,-2.4499590396881104,-0.6845541596412659,-1.0314048528671265,1.759586215019226,3.044558525085449,-4.347408771514893,-2.5531864166259766,0.089719258248806,-2.562685012817383,-2.7706117630004883,-4.380098342895508,-1.485244870185852,0.6811842322349548,0.3209759294986725,-2.480149984359741,-0.248284712433815,0.2931364178657532,3.595770835876465,0.8054675459861755,-2.272003173828125,3.955289602279663,8.26992130279541,5.676490783691406,2.5378684997558594,4.343648910522461,2.9767966270446777
-1.8087222576141357,-6.238947868347168,-3.1824228763580322,-4.573609352111816,-1.9760786294937134,-4.489890098571777,-6.479013919830322,-5.319838047027588,-4.784521102905273,-5.690947532653809,-5.703307151794434,-5.007210731506348,-3.5425028800964355,-2.50312876701355,-2.172933340072632,-2.4998021125793457,-1.466913104057312,-2.45348858833313,-1.9125725030899048,-0.45867910981178284,0.13846544921398163,1.082657814025879,-4.26863956451416,0.17093774676322937,-2.0124993324279785,-2.7113072872161865,-1.8749489784240723,-2.3472373485565186,-2.5351521968841553,4.15641975402832,-6.088534355163574,-0.13172823190689087,-3.458073854446411,1.0129938125610352,2.732755184173584,-1.4555567502975464,1.6895954608917236,7.09998083114624,8.904942512512207,4.468585968017578,2.616795539855957,5.413147449493408,2.897390842437744
-5.577065944671631,-4.761628150939941,-4.7850751876831055,-4.171875,-1.994095802307129,-2.288841485977173,-6.7858147621154785,-4.783538818359375,-5.463150501251221,-5.79517126083374,-4.852400779724121,-5.160706520080566,-3.309401273727417,-2.683340549468994,-3.0534355640411377,-2.3870601654052734,-2.207324743270874,-2.1591737270355225,-2.2487168312072754,-1.4920331239700317,-1.6947097778320312,0.14086522161960602,-3.1554157733917236,2.6676409244537354,-0.8427178859710693,-3.4995648860931396,-2.9160170555114746,-0.08245009183883667,-0.9498991966247559,-0.6173509955406189,-4.118152141571045,-2.2697558403015137,-3.1029272079467773,3.943660259246826,-0.4516199827194214,0.18221917748451233,5.5715813636779785,6.776460647583008,6.565904140472412,3.7654733657836914,4.758248805999756,4.056422233581543,1.1683709621429443
-5.854567527770996,-5.195042133331299,-4.011538982391357,-4.527099132537842,-4.936290740966797,-4.514613628387451,-4.775075912475586,-5.8328447341918945,-6.651278972625732,-5.336872577667236,-3.4153366088867188,-5.178071022033691,-3.796750545501709,-3.9398229122161865,-2.637265920639038,-2.701746940612793,-2.287031888961792,-2.4272916316986084,-2.17120361328125,-3.218519687652588,-0.4367128312587738,-1.9077309370040894,-0.42910099029541016,-0.9097078442573547,3.7689692974090576,-4.105873107910156,-3.6099789142608643,-3.5586392879486084,-0.6270984411239624,1.5467666387557983,-6.69046688079834,-4.674302577972412,-3.0074098110198975,7.236044883728027,-4.885477066040039,4.381043434143066,7.7740983963012695,7.685945987701416,4.0801100730896,4.098730564117432,6.535308361053467,2.0896687507629395,0.3320857286453247
-6.875133514404297,-5.546383857727051,-5.1387410163879395,-5.285894870758057,-6.131471633911133,-4.36243200302124,-4.317154884338379,-6.614498615264893,-6.239770412445068,-5.435974597930908,-4.324557781219482,-5.051730155944824,-5.920843601226807,-3.1652848720550537,-4.5646443367004395,-2.494290590286255,-2.7643511295318604,-2.2252211570739746,-1.0245956182479858,-1.886447548866272,1.6016498804092407,-1.2426584959030151,-0.22953714430332184,-1.4130799770355225,0.2698126435279846,-0.18601036071777344,-6.095066070556641,-3.770836114883423,-4.233677387237549,2.523749589920044,-2.941913604736328,-3.674867630004883,-0.2622518241405487,3.8140387535095215,-2.677795171737671,3.580439329147339,6.870793342590332,6.268576145172119,4.03032112121582,6.495360851287842,4.9852614402771,2.292289972305298,-0.37750694155693054
-6.0489821434021,-5.660125255584717,-6.200206279754639,-5.30112886428833,-6.039897441864014,-4.22084903717041,-4.087033748626709,-5.817639350891113,-6.711759090423584,-5.995296955108643,-5.087302207946777,-5.4334821701049805,-6.016665935516357,-5.5522308349609375,-4.915810585021973,-2.855639696121216,-2.401312828063965,-1.6048215627670288,-0.22831693291664124,-0.4787181615829468,0.6474611163139343,-0.7377777695655823,-0.05446028336882591,-0.4623909294605255,-0.2689967155456543,-5.781341075897217,-4.731991767883301,-3.659524440765381,-3.3140013217926025,4.241802215576172,-2.8242030143737793,-1.1073024272918701,-1.1023905277252197,1.094184160232544,3.6420350074768066,6.465968132019043,4.633909702301025,5.60841178894043,7.396303653717041,6.516665935516357,3.9422121047973633,3.056081771850586,0.6458550691604614
-5.214656829833984,-7.135937213897705,-5.885373592376709,-5.008240222930908,-7.072971820831299,-5.587975978851318,-3.8534812927246094,-5.069112777709961,-6.726315498352051,-7.067177772521973,-6.259099960327148,-6.628370761871338,-7.021739482879639,-6.043319225311279,-5.045926094055176,-3.663862943649292,-2.074388265609741,-0.4450390338897705,0.8649944067001343,1.180279016494751,2.193629741668701,-2.1032869815826416,-0.7343846559524536,-2.430194616317749,-1.4934735298156738,-7.947417736053467,-6.608530521392822,-4.096200466156006,1.3930307626724243,2.132697343826294,-2.778953790664673,2.5210769176483154,2.2765936851501465,2.7851200103759766,5.889067649841309,5.766740798950195,5.140742778778076,7.325826168060303,5.70020055770874,4.383178234100342,3.989633798599243,3.2099194526672363,-0.7197678089141846
-6.310943603515625,-11.343633651733398,-5.805220127105713,-2.56539249420166,-8.999503135681152,-7.785983085632324,-5.391450881958008,-4.844211101531982,-6.622025966644287,-7.776143550872803,-7.295915126800537,-7.8019914627075195,-7.508334159851074,-6.246365547180176,-5.2492146492004395,-3.9118127822875977,-2.1746699810028076,0.3364293575286865,1.5593738555908203,4.455583095550537,2.6902825832366943,0.9537434577941895,-1.3948159217834473,-1.8598979711532593,-3.803701877593994,-6.877109527587891,-5.548220157623291,-3.1586620807647705,0.4336172342300415,-7.273221492767334,2.7010369300842285,4.744594097137451,4.675446510314941,4.578609943389893,4.656242847442627,6.750492572784424,6.664679527282715,4.544346332550049,2.9576807022094727,3.8240153789520264,3.5613622665405273,3.6915078163146973,-1.6055277585983276
-11.144614219665527,-10.807880401611328,-5.61295223236084,-2.1820759773254395,-12.931838035583496,-10.938374519348145,-7.685325622558594,-5.21429967880249,-7.429237365722656,-7.689236164093018,-7.624555587768555,-7.298295497894287,-5.8154473304748535,-4.63874626159668,-3.999204635620117,-3.8408286571502686,-1.0454902648925781,1.7515584230422974,2.2826473712921143,3.8128607273101807,4.043031692504883,2.8053150177001953,-0.15124130249023438,-0.732509434223175,-7.176259517669678,-3.763091802597046,-4.227353096008301,-3.651177167892456,-6.090811729431152,-5.6157121658325195,3.2608532905578613,5.440830707550049,5.726272106170654,7.630540370941162,6.48413610458374,3.7993483543395996,2.3767476081848145,1.476547122001648,2.0687835216522217,3.9604649543762207,3.324572801589966,3.5977041721343994,-2.5059707164764404
-10.554293632507324,-10.361175537109375,-7.697098255157471,-8.839282035827637,-12.920890808105469,-11.441802978515625,-10.249062538146973,-7.2636799812316895,-7.0403218269348145,-6.9167985916137695,-7.44571590423584,-6.5588250160217285,-4.1239013671875,-2.4627530574798584,-2.0392942428588867,-4.992386341094971,-0.9265967011451721,-1.3777854442596436,-1.8672624826431274,4.107586860656738,4.187199115753174,4.584773540496826,1.956121802330017,-0.05161528289318085,-6.400720596313477,-2.610196828842163,-0.765291690826416,-4.844933032989502,-6.270673751831055,-0.6883100271224976,2.1597676277160645,7.621372222900391,4.985739707946777,7.3900861740112305,6.715327262878418,1.6492455005645752,1.5963938236236572,2.511629343032837,2.843031167984009,3.842766761779785,2.466887950897217,4.45104455947876,-2.8281266689300537
-11.327141761779785,-9.096015930175781,-8.737163543701172,-7.809021949768066,-7.016401767730713,-5.6660003662109375,-12.751720428466797,-11.89355182647705,-8.85848617553711,-7.84553337097168,-8.165905952453613,-6.027722358703613,-2.867138385772705,-2.81780743598938,-1.6936535835266113,-12.057595252990723,-10.704784393310547,-10.35991382598877,-5.468907833099365,-0.7052732110023499,-0.08647097647190094,5.21671724319458,0.49971917271614075,-5.788646221160889,-5.301318168640137,-4.9088592529296875,-5.737990856170654,-9.613926887512207,-2.8618226051330566,1.8868608474731445,4.487782001495361,4.716341972351074,4.572498798370361,4.520092964172363,2.615624189376831,3.2085485458374023,2.9451005458831787,2.6339194774627686,2.157320261001587,1.7208787202835083,0.4285174608230591,0.09722734242677689,-3.9995641708374023
-12.107246398925781,-9.6707763671875,-8.949272155761719,-7.958471775054932,-6.809421062469482,-11.047611236572266,-13.872389793395996,-16.18955421447754,-11.15138053894043,-11.092951774597168,-9.512901306152344,-5.638948440551758,-2.8149030208587646,-10.805400848388672,-12.797808647155762,-14.65756607055664,-14.880489349365234,-13.580421447753906,-9.234155654907227,-6.28094482421875,-3.4071593284606934,-6.2825398445129395,-7.321262836456299,-6.0276970863342285,-6.548096179962158,-4.523116111755371,-3.7025563716888428,-6.3276591300964355,-2.7344465255737305,2.3267340660095215,2.7018158435821533,4.730761528015137,4.452518463134766,0.4680785536766052,1.798517107963562,2.9286909103393555,3.079025983810425,1.956537127494812,-2.3315162658691406,-4.87982702255249,-6.813401222229004,-4.835993766784668,-4.722641944885254
-9.046163558959961,-9.010442733764648,-10.286787986755371,-9.720057487487793,-12.666674613952637,-17.459985733032227,-17.99313735961914,-11.819239616394043,-13.580690383911133,-10.588951110839844,-8.390366554260254,-9.537261962890625,-13.47038459777832,-13.665072441101074,-10.487737655639648,-16.458436965942383,-16.88295555114746,-13.291690826416016,-12.199182510375977,-11.359317779541016,-10.777143478393555,-12.814738273620605,-11.448430061340332,-6.72183084487915,-7.250340938568115,-5.728221893310547,-3.8999571800231934,-2.8226606845855713,-0.920692503452301,2.821423053741455,4.310845851898193,1.6558952331542969,-0.010397360660135746,-1.7545160055160522,-4.681382179260254,-5.9663987159729,-5.69191312789917,-8.457062721252441,-11.01221752166748,-12.294580459594727,-11.3233642578125,-7.891113758087158,-7.045341491699219
-9.367987632751465,-8.840409278869629,-10.64821720123291,-10.86369514465332,-13.467921257019043,-17.064882278442383,-17.833621978759766,-14.184159278869629,-10.918418884277344,-9.359037399291992,-6.843884468078613,-17.2625732421875,-13.123688697814941,-14.135050773620605,-15.263391494750977,-16.590476989746094,-16.363805770874023,-14.77160930633545,-14.491439819335938,-14.229615211486816,-14.061553955078125,-9.737689971923828,-10.352949142456055,-10.61451530456543,-11.254361152648926,-12.288249969482422,-6.885869979858398,-5.068838596343994,-2.2659640312194824,-0.010519171133637428,-0.41368499398231506,-3.1054694652557373,-10.355525016784668,-10.750349998474121,-14.629475593566895,-13.399895668029785,-12.673583984375,-12.319343566894531,-12.468427658081055,-13.345359802246094,-12.797411918640137,-8.207533836364746,-7.523544788360596
-9.108269691467285,-9.423495292663574,-11.644783973693848,-13.190876960754395,-12.79173755645752,-14.329326629638672,-14.838268280029297,-11.349796295166016,-10.891616821289062,-13.838081359863281,-12.924646377563477,-15.764171600341797,-14.640828132629395,-15.643413543701172,-14.987361907958984,-14.105691909790039,-14.710915565490723,-15.261303901672363,-16.25745964050293,-16.192094802856445,-15.909852981567383,-16.092458724975586,-16.3930606842041,-15.72545337677002,-14.225558280944824,-12.907742500305176,-10.40709114074707,-9.039563179016113,-5.78045129776001,-4.344577789306641,-6.9333062171936035,-10.49474811553955,-11.988565444946289,-12.981977462768555,-11.917951583862305,-12.72907543182373,-12.600997924804688,-13.167834281921387,-13.617530822753906,-12.395406723022461,-11.766152381896973,-7.638804912567139,-5.347219467163086
-6.895233631134033,-14.23106861114502,-19.326908111572266,-11.61638069152832,-7.253141403198242,-12.671406745910645,-17.799100875854492,-13.378837585449219,-14.141241073608398,-15.148968696594238,-13.925520896911621,-14.848278999328613,-14.911125183105469,-13.769660949707031,-14.628679275512695,-15.621251106262207,-16.390649795532227,-15.204476356506348,-15.247096061706543,-15.391683578491211,-16.06009864807129,-16.61724281311035,-16.865554809570312,-16.33419418334961,-15.609552383422852,-14.768370628356934,-13.602668762207031,-11.160460472106934,-8.257803916931152,-9.094017028808594,-11.736442565917969,-13.918249130249023,-12.64411449432373,-12.902870178222656,-13.546475410461426,-13.188453674316406,-13.493831634521484,-13.954146385192871,-13.59991455078125,-13.232149124145508,-12.066847801208496,-7.683564186096191,-5.4822773933410645
-11.516336441040039,-16.4582576751709,-16.303434371948242,-10.536097526550293,-6.097169876098633,-17.297996520996094,-20.14436149597168,-13.770963668823242,-7.260851860046387,-14.970830917358398,-15.315067291259766,-15.280677795410156,-13.440232276916504,-14.41718578338623,-15.858935356140137,-15.947305679321289,-15.65285873413086,-15.44906997680664,-15.262977600097656,-15.105254173278809,-15.202775001525879,-15.702756881713867,-15.56713581085205,-15.37807846069336,-15.673316955566406,-15.515028953552246,-14.58039665222168,-12.759795188903809,-11.957509994506836,-12.635587692260742,-14.044852256774902,-13.96720027923584,-14.171557426452637,-14.255417823791504,-14.25487232208252,-13.991820335388184,-13.987874031066895,-14.288795471191406,-13.585284233093262,-13.970881462097168,-8.745102882385254,-5.795403480529785,-6.798887729644775
-13.135449409484863,-13.053420066833496,-10.78325080871582,-10.715656280517578,-14.981225967407227,-20.71536636352539,-19.26164436340332,-13.562020301818848,-13.029765129089355,-16.04136848449707,-15.652155876159668,-12.858221054077148,-14.202418327331543,-16.971961975097656,-15.38518238067627,-15.200069427490234,-14.619836807250977,-14.785052299499512,-14.870749473571777,-14.339268684387207,-14.248381614685059,-14.1461181640625,-13.890182495117188,-13.926100730895996,-14.014896392822266,-13.559622764587402,-12.168725967407227,-10.619866371154785,-10.493247985839844,-13.48013687133789,-15.367587089538574,-15.22474479675293,-15.034738540649414,-14.771708488464355,-14.67443561553955,-14.435134887695312,-13.922613143920898,-14.140607833862305,-13.592684745788574,-13.242781639099121,-9.261427879333496,-6.282496929168701,-6.367260932922363
