data/wind_data/wind_62_3.json
{"header": {"parameterUnit": "KT", "parameterCategory": 2, "nx": 256, "ny": 198, "lo1": 44.73521041870117, "la1": -3.236724853515625, "lo2": 111.26478576660156, "la2": 43.468475341796875, "dx": 0.2609002888202667, "dy": -0.23708222806453705, "refTime": "2025-02-21 14:00:00", "forecastTime": 0, "parameterNumber": 2, "parameterNumberName": "eastward_wind"}, "data":
[rows 76 to 94 of 198, columns 88 to 131 of 256]
-8.232101440429688,-7.996979713439941,-7.431621074676514,-6.915190696716309,-6.520468235015869,-6.056320667266846,-5.503626346588135,-4.991260051727295,-4.445464134216309,-3.9283809661865234,-3.7970192432403564,-4.124448299407959,-4.61613130569458,-4.996891498565674,-5.526326656341553,-6.734808444976807,-8.551899909973145,-10.385622024536133,-11.328947067260742,-11.822835922241211,-12.955822944641113,-11.583032608032227,-9.189696311950684,-10.322016716003418,-11.3648042678833,-12.606039047241211,-4.481451988220215,-5.741546154022217,-5.52006196975708,-5.7589592933654785,-5.4227190017700195,-4.439558982849121,-5.428317546844482,-4.797749042510986,-6.27383279800415,-5.985641002655029,-6.926150321960449,-7.59357213973999,-6.243960380554199,-1.1473915576934814,5.000014305114746,10.150708198547363,9.663056373596191,6.794017791748047
-8.30618667602539,-8.127033233642578,-7.332401275634766,-6.316944122314453,-5.586883068084717,-5.179642200469971,-4.781849384307861,-4.3096466064453125,-3.8820197582244873,-3.4231882095336914,-3.106729745864868,-3.1618030071258545,-3.4107720851898193,-3.794605255126953,-4.521886348724365,-5.829869747161865,-7.8659892082214355,-10.314565658569336,-11.902400016784668,-11.400229454040527,-10.192023277282715,-9.54578685760498,-10.79567813873291,-13.197074890136719,-12.764808654785156,-10.011019706726074,-3.6437790393829346,-4.035920143127441,-4.617986679077148,-4.039356231689453,-3.933896541595459,-4.100620746612549,-5.044829368591309,-4.927834510803223,-5.339183807373047,-5.776981353759766,-6.663876056671143,-5.977846622467041,-4.914463043212891,-0.3544089198112488,5.027793884277344,8.304757118225098,7.265107154846191,6.428770065307617
-8.147019386291504,-8.319087982177734,-7.723741054534912,-6.321381568908691,-4.810291290283203,-3.9440553188323975,-3.741239070892334,-3.5133790969848633,-3.0167391300201416,-2.48832631111145,-2.1335971355438232,-2.1750595569610596,-2.309593439102173,-2.2864744663238525,-2.972166061401367,-4.523564338684082,-6.681088447570801,-9.393047332763672,-11.986361503601074,-11.70176887512207,-8.68451976776123,-7.64444637298584,-9.065572738647461,-11.442466735839844,-11.099562644958496,-7.176467418670654,-3.8234078884124756,-1.1447008848190308,-2.2322726249694824,-3.91585636138916,-3.8607592582702637,-4.654449462890625,-4.452012062072754,-5.432064056396484,-5.877403259277344,-6.221392631530762,-7.388611316680908,-5.936891078948975,-4.8238205909729,-2.235459327697754,2.933481216430664,7.294666767120361,7.467328071594238,6.067628860473633
-7.606503963470459,-7.99772310256958,-8.06466293334961,-7.123368263244629,-5.193944454193115,-3.201367139816284,-2.1081037521362305,-2.014927864074707,-2.054147720336914,-1.6327471733093262,-1.0580428838729858,-1.0573629140853882,-1.5193341970443726,-1.351953387260437,-1.333971619606018,-2.733337163925171,-4.8686909675598145,-7.421538829803467,-9.268821716308594,-9.427887916564941,-7.170788288116455,-4.733364105224609,-4.330596446990967,-7.381552219390869,-10.102323532104492,-3.0468242168426514,0.027271579951047897,0.2625138461589813,-1.4011632204055786,-4.02571439743042,-4.005765438079834,-4.603462219238281,-5.296340465545654,-5.79453182220459,-5.8140974044799805,-6.113611221313477,-5.95844030380249,-5.159001350402832,-4.648600101470947,-3.214185953140259,-0.9507694244384766,4.380990028381348,5.674630641937256,4.033879280090332
-7.076446533203125,-7.282660007476807,-7.51793909072876,-7.481358528137207,-6.524166584014893,-4.43054723739624,-2.0438156127929688,-0.43041253089904785,0.05523504689335823,0.03837466239929199,0.1633937805891037,0.16071434319019318,-0.41568925976753235,-0.6144452095031738,-0.5345495343208313,-1.5322941541671753,-3.3906610012054443,-6.435396194458008,-9.249277114868164,-9.35588550567627,-7.34567928314209,-4.958206653594971,-3.1231741905212402,-5.406791687011719,-8.647673606872559,-1.9406665563583374,-0.35626089572906494,-0.7754507660865784,-2.318253993988037,-2.9521658420562744,-2.8781650066375732,-5.1168904304504395,-5.8529229164123535,-6.611751556396484,-4.6714606285095215,-5.554293632507324,-4.42051362991333,-3.9374403953552246,-3.281503915786743,-3.573537826538086,-2.225013256072998,0.33415403962135315,3.9461171627044678,2.4958276748657227
-6.486276626586914,-6.685642242431641,-6.820831775665283,-6.904796600341797,-6.902458190917969,-6.301791667938232,-4.503585338592529,-1.9369394779205322,0.3324725329875946,1.6704367399215698,2.184840202331543,2.0581467151641846,1.1766859292984009,0.09363464266061783,-0.4935648441314697,-1.4551193714141846,-3.0257275104522705,-4.690519332885742,-7.449399471282959,-9.646130561828613,-8.230488777160645,-6.32517671585083,-4.584524631500244,-4.805383205413818,-4.491144180297852,-2.254356622695923,-0.07005676627159119,-2.1162827014923096,-0.9848021268844604,-3.5536949634552,-3.6756887435913086,-6.300503253936768,-5.305887222290039,-4.358275413513184,-3.9076876640319824,-3.3086342811584473,-1.87931227684021,-2.2233073711395264,-0.9917572140693665,-3.396017551422119,-2.9758052825927734,-1.628758430480957,-1.2060391902923584,0.46268966794013977
-5.722378730773926,-5.925389766693115,-6.016925811767578,-6.090823650360107,-6.271061420440674,-6.538608074188232,-6.41152811050415,-5.282970905303955,-3.1296546459198,-0.6476289629936218,1.383315086364746,2.4859111309051514,2.4554154872894287,1.525294542312622,0.49288704991340637,-0.8343033790588379,-2.6109282970428467,-2.905625104904175,-3.7855727672576904,-6.958514213562012,-9.08053970336914,-8.088214874267578,-6.044819355010986,-4.537703990936279,5.215024471282959,5.11710786819458,0.4299377202987671,-1.5069302320480347,-2.253265380859375,-4.14836311340332,-4.205616474151611,-4.271368026733398,-3.7345385551452637,-3.7546823024749756,-4.188623905181885,-2.7595431804656982,-2.621584177017212,-2.9878735542297363,-1.7538319826126099,-1.875311017036438,-2.9536044597625732,0.23815949261188507,-1.7013652324676514,1.7722374200820923
-4.867276668548584,-5.091788291931152,-5.121701240539551,-5.094486713409424,-5.2133989334106445,-5.5614752769470215,-5.891829967498779,-5.890074729919434,-5.373984336853027,-4.186255931854248,-2.3159117698669434,-0.32900771498680115,1.089015245437622,1.4685232639312744,0.8633756041526794,-0.5820154547691345,-2.267735242843628,-2.5063846111297607,-2.69875168800354,-4.661043643951416,-5.708239555358887,-6.187536716461182,-4.760422229766846,1.7356135845184326,2.509758710861206,-1.469836711883545,-1.8262523412704468,-2.914275884628296,-4.291858673095703,-3.685734510421753,-3.5945370197296143,-3.009723424911499,-3.0856471061706543,-3.335014820098877,-3.047516345977783,-1.7191776037216187,-1.9631606340408325,-2.6061112880706787,-3.062490701675415,-1.064898133277893,-3.3285558223724365,-1.4597631692886353,0.002043719170615077,2.0435478687286377
-3.8928465843200684,-4.1586012840271,-4.242345809936523,-4.190799236297607,-4.180334091186523,-4.348745822906494,-4.575132846832275,-4.671963214874268,-4.678430557250977,-4.761193752288818,-4.596862316131592,-3.664128065109253,-2.189711570739746,-0.9533171057701111,-0.784163236618042,-2.094721555709839,-3.9352917671203613,-4.755992412567139,-4.363926410675049,-5.583987236022949,-7.483425140380859,-7.444339752197266,-3.1216788291931152,1.9395173788070679,-1.776790976524353,-2.6014761924743652,-3.6489288806915283,-3.6276140213012695,-3.9455132484436035,-2.924856662750244,-2.346320152282715,-0.7486379742622375,-0.7881289720535278,-1.2396142482757568,-1.9750772714614868,-1.4353080987930298,-1.6231642961502075,-1.9210453033447266,-2.717466115951538,-0.43681812286376953,-1.85198974609375,-1.3476320505142212,-0.5310165882110596,0.8460912108421326
-2.8145291805267334,-3.166138172149658,-3.3963589668273926,-3.448805570602417,-3.4002325534820557,-3.3870348930358887,-3.353638172149658,-3.2344260215759277,-3.273017406463623,-3.7113616466522217,-4.435660362243652,-4.9997992515563965,-4.812049388885498,-3.8732595443725586,-2.960367202758789,-3.3909919261932373,-5.09768533706665,-5.715553283691406,-4.6187567710876465,-5.220805644989014,-7.351141452789307,-7.181119918823242,-4.016600131988525,2.922867774963379,-3.5644748210906982,-1.9749579429626465,-3.5855910778045654,-1.1235498189926147,-2.833280563354492,-0.3078409433364868,-0.1294333040714264,1.5311546325683594,1.2781485319137573,2.219878911972046,-0.2717345654964447,-0.8988193869590759,-1.1675238609313965,-1.0592941045761108,-1.0657966136932373,-0.45811977982521057,0.2952767312526703,-0.6632270216941833,2.5639736652374268,0.262954443693161
-1.6944695711135864,-2.1081244945526123,-2.4944908618927,-2.7757232189178467,-2.850252389907837,-2.792919158935547,-2.595008611679077,-2.2590012550354004,-2.156425714492798,-2.5590336322784424,-3.3299360275268555,-4.328901290893555,-5.29514741897583,-5.616556644439697,-4.916778564453125,-4.021513938903809,-4.262746810913086,-4.9533867835998535,-5.689488887786865,-7.2040934562683105,-8.246786117553711,-7.47845458984375,-5.6261396408081055,0.6851246953010559,-3.4388482570648193,-0.9582746028900146,-2.480476140975952,0.14330098032951355,1.2098987102508545,2.9293007850646973,3.3128979206085205,3.739600658416748,2.975996255874634,1.8213533163070679,-0.02861584722995758,0.381442666053772,0.8933737277984619,1.1801904439926147,0.742928147315979,1.3620309829711914,2.20682954788208,1.6613457202911377,3.947420835494995,1.9971369504928589
-0.6219355463981628,-1.1262010335922241,-1.550779104232788,-1.9501739740371704,-2.308070659637451,-2.4834816455841064,-2.3218483924865723,-1.887764811515808,-1.5738284587860107,-1.7354049682617188,-2.2871110439300537,-3.0218300819396973,-3.946225881576538,-5.004932880401611,-5.528507709503174,-4.852451324462891,-3.8662688732147217,-4.590756416320801,-6.902257442474365,-8.149347305297852,-5.8868865966796875,-4.893826484680176,-4.395272254943848,-0.7138029336929321,-1.3144351243972778,1.1139880418777466,-1.0894825458526611,2.011188507080078,2.0087344646453857,2.2050490379333496,0.7149960994720459,0.8320668339729309,-1.0587323904037476,-1.0309443473815918,-0.08845683932304382,0.5860663056373596,0.8176786303520203,2.5721819400787354,2.8656344413757324,1.6229499578475952,2.965691089630127,4.010561943054199,4.8593573570251465,3.492737293243408
0.378967821598053,-0.3065110445022583,-0.887569010257721,-1.3044627904891968,-1.7354779243469238,-2.166489601135254,-2.221609115600586,-1.834660530090332,-1.410359263420105,-1.3299829959869385,-1.6087377071380615,-1.9722880125045776,-2.406052589416504,-3.0571255683898926,-3.93780517578125,-4.615429401397705,-4.406852722167969,-4.245504379272461,-6.015420436859131,-6.900767803192139,-4.619707107543945,-5.440420627593994,-4.835843086242676,-0.026900187134742737,1.2924102544784546,0.5924273133277893,-1.830222249031067,0.6897729635238647,-1.0127912759780884,-0.9888805747032166,-0.9523950815200806,-1.5726908445358276,-1.5053805112838745,-0.8251649141311646,1.9924911260604858,2.0110599994659424,1.507287621498108,3.5240604877471924,3.6581897735595703,3.262655019760132,2.832904577255249,4.556306838989258,6.520740032196045,5.366591930389404
1.2627958059310913,0.46562960743904114,-0.3594575822353363,-0.9786040782928467,-1.4841574430465698,-1.9657450914382935,-2.094738245010376,-1.7361364364624023,-1.3094016313552856,-1.1628412008285522,-1.2097543478012085,-1.2853628396987915,-1.3722625970840454,-1.515437364578247,-1.8978097438812256,-2.469043493270874,-3.357335090637207,-3.8299753665924072,-4.1586103439331055,-4.647507667541504,-4.92970085144043,-5.597403049468994,-4.581913471221924,2.583555221557617,3.79455828666687,1.6802726984024048,0.10743580758571625,-0.28650420904159546,-1.4346799850463867,-0.13672250509262085,1.6389081478118896,1.4965002536773682,2.2692105770111084,2.357884645462036,4.432865619659424,4.256711959838867,3.2948195934295654,4.618429183959961,4.955528736114502,4.203186988830566,2.733238697052002,3.787266969680786,5.353871822357178,6.065853118896484
1.9144004583358765,1.2395415306091309,0.3984156548976898,-0.42543813586235046,-1.1717394590377808,-1.7381610870361328,-1.8387587070465088,-1.4258249998092651,-1.0133835077285767,-0.9548448920249939,-0.9673939943313599,-0.9286333322525024,-0.7173928022384644,-0.39245766401290894,-0.21551305055618286,-0.36491233110427856,-0.6132440567016602,-0.914379894733429,-0.8923954367637634,-2.0261619091033936,-4.120644569396973,-5.078690528869629,-6.864381790161133,-1.393449306488037,3.377030849456787,5.331020832061768,3.5180702209472656,2.4514639377593994,2.3492655754089355,1.8403468132019043,4.544747829437256,4.726203441619873,5.782029151916504,3.783914804458618,6.099553108215332,7.008333206176758,5.43681001663208,5.984043598175049,5.469640731811523,6.364438056945801,5.564145565032959,6.309046268463135,7.352575302124023,8.974788665771484
2.3382792472839355,1.8691059350967407,1.2739871740341187,0.4989246726036072,-0.33706343173980713,-0.8637577295303345,-0.8959739804267883,-0.6041248440742493,-0.4681490659713745,-0.34406688809394836,0.20876571536064148,-0.0332266166806221,-0.44673335552215576,0.17241057753562927,0.783911406993866,1.1845062971115112,1.4843794107437134,1.591424822807312,1.9014036655426025,1.8638991117477417,-0.3138451874256134,-3.0231618881225586,-4.957368850708008,-3.207489013671875,1.7583352327346802,5.870913505554199,7.051866054534912,8.536581039428711,9.984960556030273,10.828132629394531,9.242866516113281,6.316590785980225,6.487827777862549,6.7520952224731445,6.982446193695068,8.642130851745605,7.478115558624268,6.852558612823486,6.513047695159912,7.173591136932373,7.3407816886901855,8.242425918579102,8.323872566223145,8.62791633605957
2.6220648288726807,2.230060577392578,1.8823777437210083,1.3871053457260132,0.746766209602356,0.33755064010620117,0.32359805703163147,0.37368425726890564,0.2990298867225647,0.8688992857933044,1.4796040058135986,1.7914680242538452,1.2846215963363647,1.236190915107727,1.340650200843811,1.4652472734451294,2.252058744430542,3.1614415645599365,4.045389175415039,4.152392864227295,3.586732864379883,4.225739479064941,1.6213915348052979,-1.1066352128982544,-1.4103270769119263,4.432794570922852,6.232985973358154,8.494311332702637,10.352020263671875,12.200560569763184,13.664981842041016,14.537463188171387,16.06837272644043,14.813276290893555,12.850019454956055,13.276213645935059,12.603163719177246,12.294589042663574,9.883223533630371,8.111532211303711,8.514335632324219,10.279044151306152,9.86020278930664,8.91800594329834
2.9578773975372314,2.456843376159668,2.1367392539978027,1.8322417736053467,1.5118733644485474,1.353564739227295,1.2426480054855347,0.9636867046356201,1.0199167728424072,0.6120519638061523,-1.053925633430481,0.16627676784992218,3.0793099403381348,4.276688575744629,3.0098392963409424,1.8214725255966187,2.211604595184326,3.659471273422241,5.299377918243408,5.6327033042907715,5.774769306182861,6.918453693389893,6.9031782150268555,5.836495399475098,7.659389019012451,9.51296329498291,10.121293067932129,10.466604232788086,11.762874603271484,13.407112121582031,14.206201553344727,14.937026977539062,13.811826705932617,12.695509910583496,12.943429946899414,13.894623756408691,13.650395393371582,13.416234970092773,12.160828590393066,9.327217102050781,8.822760581970215,11.090119361877441,10.712835311889648,10.534622192382812
3.410301923751831,2.800304412841797,2.3966217041015625,2.115774631500244,1.9631234407424927,1.9395053386688232,1.8799923658370972,1.481054425239563,1.1886866092681885,-2.5802950859069824,-4.20225191116333,-2.876643419265747,2.5930981636047363,7.359936237335205,6.872122287750244,4.384718418121338,2.5492727756500244,3.8812458515167236,6.228758335113525,5.858860015869141,7.581989288330078,8.182774543762207,5.949451446533203,6.6018900871276855,8.453592300415039,10.79840087890625,12.347160339355469,13.254766464233398,14.0621337890625,13.676097869873047,12.258210182189941,10.652284622192383,8.230224609375,8.570928573608398,10.778462409973145,11.957575798034668,12.43823528289795,12.346994400024414,11.997980117797852,10.8202543258667,8.990604400634766,10.788981437683105,11.81031322479248,11.925334930419922
