data/wind_data/wind_68_7.json
{"header": {"parameterUnit": "KT", "parameterCategory": 2, "nx": 256, "ny": 198, "lo1": 44.73521041870117, "la1": -3.236724853515625, "lo2": 111.26478576660156, "la2": 43.468475341796875, "dx": 0.2609002888202667, "dy": -0.23708222806453705, "refTime": "2025-02-21 20:00:00", "forecastTime": 0, "parameterNumber": 2, "parameterNumberName": "eastward_wind"}, "data":
[rows 160 to 179 of 198, columns 0 to 43 of 256]
105.23873901367188,104.39312744140625,103.91378021240234,101.9747543334961,100.26582336425781,100.26969146728516,101.00871276855469,101.49159240722656,100.36054229736328,98.10981750488281,96.43724822998047,96.7354965209961,98.97978210449219,100.2721176147461,98.25636291503906,94.97322845458984,93.23078155517578,93.36263275146484,94.31531524658203,95.04113006591797,94.94813537597656,93.81031036376953,92.24076080322266,90.86920166015625,89.0904312133789,87.39663696289062,86.53547668457031,84.90088653564453,83.42755126953125,85.70781707763672,88.65772247314453,88.2539291381836,86.2104263305664,84.4795150756836,83.52225494384766,83.88754272460938,84.81795501708984,84.78960418701172,83.6961669921875,81.92420959472656,79.46173095703125,77.10276794433594,75.65108489990234,74.0334701538086
102.61259460449219,104.48432922363281,103.14546203613281,100.36839294433594,98.7507553100586,99.34989929199219,100.90217590332031,101.25360107421875,99.70785522460938,97.72154998779297,96.46221160888672,97.04182434082031,98.9896240234375,99.26350402832031,97.15673828125,95.05170440673828,94.1800537109375,93.69107055664062,93.0768814086914,92.91718292236328,93.05272674560547,92.47899627685547,90.90571594238281,88.20109558105469,85.20882415771484,84.61286163330078,84.33087921142578,82.65638732910156,83.1825942993164,84.8447265625,85.08332061767578,85.44666290283203,85.95903778076172,85.33428192138672,84.00296783447266,83.4523696899414,83.8414306640625,83.51654815673828,81.84518432617188,79.67353057861328,77.4220199584961,75.60589599609375,74.24864196777344,72.37487030029297
99.91425323486328,100.35176086425781,98.55813598632812,96.62553405761719,96.69911193847656,98.65914916992188,100.18924713134766,100.18905639648438,99.26409912109375,97.26339721679688,95.3930892944336,96.64797973632812,99.47636413574219,99.7842788696289,98.27243041992188,96.77334594726562,95.38825988769531,93.99038696289062,92.74861907958984,91.85610961914062,91.64102935791016,91.57530212402344,90.15975189208984,87.18452453613281,84.4644546508789,83.27137756347656,82.25355529785156,81.73863983154297,83.48543548583984,85.36359405517578,85.84202575683594,86.58609771728516,87.51319885253906,86.83776092529297,84.58831024169922,82.8481216430664,82.40126037597656,81.53330993652344,79.85674285888672,78.16481018066406,76.21756744384766,74.30366516113281,72.48682403564453,70.52104187011719
96.76457214355469,94.58007049560547,92.49861907958984,92.54520416259766,94.9250259399414,97.38042449951172,98.28400421142578,98.39210510253906,97.1734390258789,94.10116577148438,93.1633529663086,96.86136627197266,100.03794860839844,100.01751708984375,98.71702575683594,96.82591247558594,94.93718719482422,93.60658264160156,92.38602447509766,91.15853881835938,90.55238342285156,90.20245361328125,88.98216247558594,86.79296875,84.29236602783203,82.6898193359375,82.29365539550781,82.88581848144531,84.8507308959961,87.24610137939453,88.63583374023438,88.96328735351562,88.52372741699219,87.0897445678711,84.94894409179688,83.21227264404297,82.0964126586914,80.74222564697266,79.08137512207031,77.29227447509766,75.42696380615234,73.64881134033203,71.7553482055664,70.10948944091797
93.3284912109375,89.6480712890625,87.76139831542969,89.94548797607422,93.76126098632812,95.67276000976562,96.05938720703125,95.65355682373047,93.28645324707031,90.84728240966797,92.6905746459961,96.86032104492188,98.75462341308594,98.54048919677734,97.14738464355469,95.34427642822266,93.94442749023438,92.63994598388672,91.2796859741211,90.1222152709961,89.15469360351562,88.34313201904297,87.23779296875,85.69562530517578,84.02777862548828,82.9255599975586,83.10059356689453,84.33419036865234,86.22486114501953,88.5994644165039,90.40399169921875,90.38575744628906,88.82398986816406,86.86333465576172,85.07363891601562,83.65312194824219,82.41609191894531,80.98353576660156,79.29196166992188,77.35013580322266,75.40917205810547,73.71748352050781,72.17926025390625,70.87379455566406
89.84130096435547,86.32564544677734,85.44246673583984,88.81491088867188,92.62215423583984,93.7724380493164,93.58685302734375,92.0328598022461,89.72310638427734,89.63236236572266,91.87391662597656,94.22335815429688,95.83618927001953,95.93472290039062,94.78836822509766,93.59662628173828,92.33219146728516,90.65868377685547,89.38079833984375,88.45292663574219,87.15230560302734,85.94534301757812,85.17658233642578,84.48200988769531,83.56779479980469,83.18704223632812,83.95144653320312,85.20053100585938,86.75396728515625,88.77909851074219,90.20558166503906,89.90119171142578,88.27250671386719,86.32401275634766,84.5007553100586,83.07415771484375,81.98331451416016,80.9072265625,79.607666015625,77.8555908203125,75.90287780761719,74.17362976074219,72.75294494628906,71.6028823852539
86.11255645751953,84.84442138671875,85.43592834472656,88.60688781738281,91.4316635131836,92.06591033935547,91.10055541992188,88.81515502929688,87.7170181274414,88.63057708740234,89.51034545898438,91.0213851928711,93.01329803466797,93.41032409667969,92.36691284179688,91.11713409423828,89.4964828491211,87.6151123046875,86.43074798583984,85.49968719482422,84.48043823242188,83.7933349609375,83.62344360351562,83.61180114746094,83.47966766357422,83.63349151611328,84.1329116821289,84.89662170410156,86.31563568115234,87.99092864990234,88.68913269042969,88.08897399902344,86.73251342773438,84.97367858886719,83.089599609375,81.60126495361328,80.68783569335938,80.03829956054688,79.10224914550781,77.55939483642578,75.845947265625,74.30890655517578,72.9096450805664,71.80873107910156
83.00662231445312,83.21604919433594,85.0775375366211,87.70130920410156,89.497314453125,89.78277587890625,88.27692413330078,86.18798065185547,86.52574157714844,87.722900390625,87.77903747558594,88.64014434814453,90.28934478759766,90.53521728515625,89.12458801269531,87.27152252197266,85.27800750732422,83.78041076660156,82.94816589355469,82.33474731445312,82.38912963867188,82.87963104248047,83.25227355957031,83.49394226074219,83.7242431640625,83.8133316040039,83.76986694335938,84.32334899902344,85.6810531616211,86.7304916381836,86.64791107177734,85.78479766845703,84.54051971435547,82.89338684082031,81.082763671875,79.68900299072266,78.87693786621094,78.29486083984375,77.53732299804688,76.31254577636719,74.76942443847656,73.38578796386719,72.27224731445312,71.39356231689453
81.29582214355469,82.43789672851562,84.6401138305664,86.80384063720703,87.44316864013672,86.9959716796875,85.52307891845703,84.8404541015625,86.63409423828125,87.3563003540039,86.00481414794922,85.68695068359375,86.75521087646484,86.88591003417969,85.40453338623047,83.1129150390625,81.23815155029297,80.72663879394531,80.39981079101562,80.3167953491211,81.36803436279297,82.61347198486328,83.23908233642578,83.64288330078125,84.04048919677734,84.00263214111328,83.77102661132812,84.16815948486328,84.99295806884766,85.23050689697266,84.591064453125,83.55379486083984,82.24640655517578,80.53572082519531,78.74238586425781,77.4154281616211,76.68194580078125,76.18099975585938,75.41883850097656,74.21305847167969,72.88011932373047,71.84220123291016,71.0886001586914,70.46692657470703
80.18267822265625,81.47195434570312,83.80330657958984,85.98249053955078,85.59921264648438,84.51188659667969,84.10661315917969,85.25363159179688,86.94256591796875,86.24507904052734,84.22749328613281,83.47499084472656,83.59392547607422,83.52837371826172,82.84671020507812,80.75634002685547,79.02101135253906,78.8564453125,78.58522033691406,78.73212432861328,80.15746307373047,81.77932739257812,82.97742462158203,83.9898910522461,84.64610290527344,84.49330139160156,83.98612976074219,83.87901306152344,84.03639221191406,83.73495483398438,82.80906677246094,81.55313110351562,79.9495849609375,78.01644134521484,76.1928939819336,74.97640228271484,74.46183013916016,74.1335220336914,73.43115997314453,72.25949096679688,70.99504089355469,70.16175079345703,69.76971435546875,69.38164520263672
78.67449951171875,80.54985809326172,82.79945373535156,84.66727447509766,83.75709533691406,82.69435119628906,83.31135559082031,85.32699584960938,86.6192398071289,85.53974151611328,83.7324447631836,82.57935333251953,81.86990356445312,82.35867309570312,82.52589416503906,80.27066802978516,77.9175033569336,77.11246490478516,76.98448944091797,77.76387023925781,79.50397491455078,81.30158996582031,83.00579071044922,84.55457305908203,85.31121826171875,84.87094116210938,83.7900390625,83.00041961669922,82.64794921875,82.08807373046875,80.97428894042969,79.41352844238281,77.50005340576172,75.48079681396484,73.7967300415039,72.8311538696289,72.591064453125,72.55131530761719,72.03435516357422,70.88233184814453,69.61946868896484,68.83982849121094,68.58634185791016,68.38410186767578
76.99226379394531,79.81829071044922,81.70146179199219,82.83027648925781,81.91036224365234,81.0073013305664,81.8554458618164,84.35188293457031,86.04890441894531,85.18567657470703,83.2943344116211,81.85958862304688,81.40330505371094,81.95098876953125,81.49410247802734,79.87078857421875,78.48138427734375,77.30722045898438,76.86703491210938,78.12281799316406,80.21629333496094,81.9762191772461,83.58423614501953,85.00787353515625,85.4824447631836,84.59978485107422,82.93973541259766,81.59600067138672,80.9137191772461,80.23037719726562,78.92147064208984,77.0392837524414,74.98435974121094,73.16997528076172,71.9205551147461,71.32705688476562,71.30810546875,71.44043731689453,71.08370971679688,70.05422973632812,68.80895233154297,67.95021057128906,67.7071304321289,67.7216796875
74.75010681152344,78.3813705444336,80.04338073730469,80.6679916381836,79.74262237548828,79.0645523071289,80.2761459350586,83.04035949707031,84.76539611816406,83.90828704833984,81.89584350585938,80.47576904296875,80.0710220336914,79.8532485961914,79.61991119384766,80.23872375488281,80.29438781738281,78.91108703613281,78.29313659667969,79.59581756591797,81.48468780517578,82.88329315185547,83.94913482666016,84.72735595703125,84.6945571899414,83.54586791992188,81.7624740600586,80.2165756225586,79.26524353027344,78.32567596435547,76.70126342773438,74.52427673339844,72.52627563476562,71.2079086303711,70.55499267578125,70.360595703125,70.52091217041016,70.72898864746094,70.50697326660156,69.63456726074219,68.39928436279297,67.44440460205078,67.16730499267578,67.39461517333984
71.55372619628906,75.0251693725586,76.81462860107422,77.3191909790039,76.4999771118164,76.517333984375,78.17560577392578,80.64047241210938,81.9505615234375,81.28936767578125,79.65545654296875,78.11620330810547,77.23172760009766,77.11682891845703,78.23548889160156,80.28690338134766,81.02848052978516,80.244140625,80.06714630126953,81.08399963378906,82.13587951660156,82.78221130371094,83.27478790283203,83.59129333496094,83.30982208251953,82.22366333007812,80.63591766357422,79.07257843017578,77.80181884765625,76.40908813476562,74.38141632080078,72.00724792480469,70.22111511230469,69.46855163574219,69.39530181884766,69.60761260986328,69.9525375366211,70.20752716064453,70.10992431640625,69.41041564941406,68.16691589355469,67.04568481445312,66.75524139404297,67.26920318603516
68.14898681640625,71.54207611083984,73.18282318115234,73.51152038574219,72.87911987304688,72.96236419677734,74.35873413085938,76.7174072265625,78.2470703125,77.98798370361328,76.50044250488281,74.80562591552734,74.01825714111328,74.59354400634766,76.46753692626953,78.99803161621094,80.63681030273438,80.85631561279297,80.89765167236328,81.38175964355469,81.76315307617188,81.81717681884766,81.82876586914062,81.8600845336914,81.57271575927734,80.69806671142578,79.31632232666016,77.81568908691406,76.39279174804688,74.68177032470703,72.34298706054688,69.85839080810547,68.2650375366211,67.91297149658203,68.29438018798828,68.8951187133789,69.40483856201172,69.64598846435547,69.59900665283203,69.02449035644531,67.77434539794922,66.56141662597656,66.33435821533203,67.18174743652344
65.42852783203125,68.9811782836914,70.32698059082031,70.49169921875,69.38160705566406,68.77334594726562,70.12428283691406,72.8698501586914,74.4140853881836,73.85929870605469,72.3825454711914,70.9825439453125,70.45652770996094,71.60803985595703,74.14749145507812,76.91610717773438,78.90748596191406,79.74716186523438,80.02969360351562,80.4057388305664,80.64033508300781,80.4215087890625,79.98435974121094,79.59562683105469,79.16002655029297,78.46648406982422,77.51336669921875,76.43272399902344,75.19495391845703,73.40925598144531,70.89252471923828,68.34504699707031,66.81429290771484,66.6278076171875,67.32516479492188,68.256591796875,68.86961364746094,69.00027465820312,68.84716796875,68.25336456298828,67.0672607421875,65.97491455078125,65.82843017578125,66.803466796875
63.101192474365234,66.7632064819336,68.0019302368164,67.86934661865234,66.17691802978516,65.51025390625,67.16507720947266,69.77567291259766,70.8193359375,70.19677734375,69.1435775756836,67.947998046875,67.51071166992188,68.9998779296875,71.61783599853516,73.99059295654297,75.72923278808594,76.81278228759766,77.53936767578125,78.23199462890625,78.56134033203125,78.19935607910156,77.43846130371094,76.70035552978516,76.14567565917969,75.79375457763672,75.51730346679688,75.00550842285156,73.9574966430664,72.17066192626953,69.80250549316406,67.52315521240234,66.07904052734375,65.8154525756836,66.54837799072266,67.60945129394531,68.23277282714844,68.18917083740234,67.79754638671875,67.16791534423828,66.21392059326172,65.30424499511719,65.07524108886719,65.84036254882812
60.47344970703125,63.27684020996094,64.55960083007812,64.31668090820312,62.501747131347656,62.212364196777344,64.28683471679688,66.72888946533203,67.6904067993164,67.74061584472656,67.19670104980469,65.9835433959961,65.4712905883789,66.63150787353516,68.68334197998047,70.53709411621094,71.8620376586914,72.8544921875,73.88811492919922,74.9754867553711,75.46167755126953,75.04210662841797,74.22685241699219,73.55069732666016,73.21451568603516,73.2191390991211,73.30052185058594,72.9381103515625,71.89717102050781,70.43861389160156,68.86787414550781,67.30113220214844,65.97636413574219,65.4119644165039,65.8642807006836,66.79087829589844,67.27098083496094,66.98818969726562,66.55586242675781,66.16752624511719,65.37161254882812,64.39833068847656,63.932762145996094,64.33377838134766
57.377193450927734,62.896324157714844,63.06047439575195,61.870731353759766,59.83039855957031,59.82598876953125,62.08789825439453,64.2640151977539,65.38145446777344,65.84432220458984,65.34513854980469,64.18290710449219,63.546539306640625,64.02810668945312,65.33980560302734,66.76470947265625,67.82720184326172,68.70793151855469,69.8833236694336,71.23944854736328,71.98155975341797,71.79241180419922,71.22901153564453,70.8249282836914,70.6361083984375,70.51167297363281,70.26246643066406,69.74398040771484,69.08184814453125,68.55619049072266,68.03272247314453,67.08589172363281,65.80564880371094,64.96735382080078,65.10964965820312,65.74922943115234,65.98827362060547,65.72643280029297,65.53648376464844,65.22122192382812,64.32754516601562,63.22185134887695,62.488948822021484,62.3873176574707
54.140499114990234,61.280452728271484,60.96122741699219,59.59242248535156,58.103519439697266,58.41487503051758,60.54984664916992,62.683982849121094,63.860435485839844,64.02703094482422,63.337669372558594,62.36484146118164,61.6213264465332,61.35881423950195,61.77580642700195,62.71023941040039,63.7483024597168,64.83476257324219,66.19396209716797,67.68302154541016,68.7439956665039,69.07572174072266,68.916259765625,68.44593048095703,67.77935791015625,67.08169555664062,66.57461547851562,66.413818359375,66.5949935913086,66.90446472167969,66.87714385986328,66.11133575439453,64.87873840332031,64.07792663574219,64.16508483886719,64.60811614990234,64.82087707519531,64.85015106201172,64.70105743408203,64.06622314453125,63.01847457885742,61.86066818237305,60.82229232788086,60.12895584106445
