data/wind_data/wind_52_9.json
{"header": {"parameterUnit": "KT", "parameterCategory": 2, "nx": 256, "ny": 198, "lo1": 44.73521041870117, "la1": -3.236724853515625, "lo2": 111.26478576660156, "la2": 43.468475341796875, "dx": 0.2609002888202667, "dy": -0.23708222806453705, "refTime": "2025-02-21 04:00:00", "forecastTime": 0, "parameterNumber": 2, "parameterNumberName": "eastward_wind"}, "data":
[rows 38 to 56 of 198, columns 176 to 219 of 256]
24.051847457885742,26.40294075012207,27.62893295288086,27.094741821289062,24.96730613708496,23.082704544067383,22.725292205810547,22.569353103637695,22.288768768310547,20.827871322631836,20.059316635131836,21.59744644165039,23.96698760986328,22.327030181884766,21.21307373046875,22.445682525634766,22.77461051940918,22.839818954467773,23.223604202270508,24.602975845336914,25.790706634521484,26.061532974243164,26.559816360473633,27.213926315307617,28.037872314453125,28.7385311126709,29.152835845947266,29.802534103393555,31.521665573120117,33.556724548339844,34.60346984863281,34.33072280883789,33.18465042114258,32.38985061645508,32.3475341796875,32.61021423339844,32.80976867675781,32.823448181152344,32.533599853515625,31.903961181640625,31.467037200927734,32.11089324951172,33.79234313964844,35.040138244628906
24.452974319458008,26.813743591308594,27.495330810546875,26.684371948242188,25.256793975830078,22.95168685913086,22.54677391052246,23.82831382751465,23.89194107055664,22.56516456604004,23.40451431274414,20.53717613220215,23.407726287841797,22.906232833862305,20.731027603149414,22.300973892211914,23.746322631835938,22.7664794921875,22.82063865661621,24.210134506225586,26.434831619262695,27.828304290771484,27.17147445678711,26.588945388793945,27.746644973754883,29.424041748046875,29.99310302734375,30.156391143798828,31.177627563476562,32.732662200927734,33.99732971191406,34.41243362426758,33.557098388671875,32.496559143066406,32.11515426635742,32.21508026123047,32.29533386230469,32.109378814697266,31.66878890991211,31.18907928466797,30.980571746826172,31.837310791015625,33.67707061767578,35.100181579589844
23.40743064880371,25.31913948059082,26.25762939453125,26.32908058166504,24.97139549255371,22.68555450439453,22.63680076599121,23.539356231689453,24.74370574951172,23.76115608215332,23.732728958129883,21.723674774169922,25.0478572845459,24.681039810180664,21.139841079711914,21.933202743530273,23.280532836914062,22.828065872192383,22.28309440612793,23.512109756469727,26.475706100463867,28.574230194091797,28.433788299560547,27.53691291809082,28.123449325561523,29.770164489746094,31.0252685546875,31.737213134765625,31.97553253173828,31.689010620117188,31.916641235351562,33.269466400146484,34.04922103881836,33.712547302246094,33.114112854003906,32.63758087158203,32.240474700927734,31.78045082092285,31.15978240966797,30.74045181274414,30.926156997680664,32.1743278503418,33.89744186401367,35.03801345825195
20.707712173461914,22.633028030395508,24.263229370117188,25.19049644470215,24.596506118774414,22.6426944732666,22.14142608642578,22.877727508544922,24.739986419677734,24.986011505126953,23.568893432617188,21.711286544799805,26.781147003173828,25.926158905029297,21.64034080505371,22.659685134887695,23.711660385131836,23.263051986694336,22.347614288330078,22.96108627319336,25.091724395751953,27.57795524597168,29.130207061767578,29.2646484375,29.048126220703125,29.570064544677734,31.042804718017578,32.64270782470703,32.68126678466797,30.811443328857422,29.985610961914062,32.198177337646484,34.393985748291016,34.5542106628418,33.571266174316406,32.94926071166992,32.87709426879883,32.576690673828125,31.575258255004883,30.67754554748535,31.037073135375977,32.486106872558594,34.224395751953125,34.70063400268555
18.264760971069336,20.048831939697266,22.413721084594727,23.87297248840332,24.275131225585938,22.78112030029297,20.420225143432617,21.12948226928711,25.25398063659668,26.28498077392578,24.366079330444336,22.922361373901367,26.026315689086914,25.760984420776367,23.169851303100586,23.56366539001465,24.131216049194336,24.14037322998047,23.101255416870117,22.435901641845703,23.48558235168457,25.792020797729492,28.009180068969727,29.22100067138672,29.661991119384766,30.043907165527344,30.991207122802734,31.97589111328125,31.423099517822266,29.58785629272461,29.504730224609375,32.25773620605469,34.418304443359375,34.28916931152344,33.49078369140625,33.513328552246094,34.068267822265625,33.66274642944336,32.412349700927734,31.48379135131836,31.922813415527344,33.32239532470703,34.30082321166992,34.159324645996094
17.51449203491211,18.5775146484375,20.441495895385742,22.192468643188477,23.243797302246094,22.728717803955078,20.20220375061035,20.470947265625,24.745973587036133,27.11902618408203,26.241966247558594,24.651670455932617,24.691753387451172,24.682113647460938,24.966251373291016,25.5592098236084,24.752941131591797,24.24553680419922,23.585403442382812,21.952024459838867,21.96546173095703,24.312137603759766,26.524274826049805,27.829992294311523,28.90787696838379,29.96897315979004,30.68281364440918,30.566076278686523,29.44839859008789,28.579526901245117,29.628446578979492,32.336673736572266,34.27989196777344,34.233673095703125,34.45534896850586,35.017784118652344,34.5318603515625,33.38009262084961,32.684906005859375,33.1053581237793,34.126068115234375,34.84403991699219,34.55540084838867,33.70703887939453
17.94968032836914,18.357952117919922,19.469724655151367,20.568222045898438,21.994070053100586,22.55681037902832,21.31658935546875,21.614704132080078,25.024152755737305,28.106027603149414,27.369260787963867,25.041728973388672,24.00887680053711,24.420562744140625,25.67317771911621,27.251399993896484,25.738189697265625,24.233980178833008,23.71599006652832,21.769073486328125,21.065351486206055,22.79292869567871,24.78137969970703,25.89851188659668,26.94646453857422,28.46367835998535,29.42040252685547,29.045352935791016,28.19474983215332,28.08778190612793,29.316844940185547,31.358728408813477,33.3741455078125,34.98674011230469,36.21989059448242,36.22166061401367,34.691165924072266,33.0091667175293,31.995359420776367,33.4222412109375,35.18749237060547,35.864253997802734,35.05943298339844,33.99474334716797
19.12018394470215,19.77797508239746,20.532808303833008,20.947233200073242,21.681814193725586,22.172794342041016,22.053241729736328,23.128623962402344,26.156408309936523,29.09800148010254,27.7403564453125,25.031532287597656,24.644908905029297,25.629138946533203,25.72186851501465,26.50862693786621,25.56915855407715,24.179338455200195,24.008590698242188,22.394861221313477,21.470476150512695,22.073461532592773,23.06170654296875,23.561630249023438,24.200002670288086,26.12647247314453,28.056015014648438,28.578765869140625,28.351219177246094,28.418678283691406,29.454607009887695,30.71373748779297,32.07819747924805,34.638397216796875,36.59608459472656,36.283409118652344,34.70557403564453,33.79578399658203,32.49890899658203,32.980926513671875,34.48649215698242,35.14955520629883,34.720611572265625,34.217533111572266
21.085647583007812,22.24024200439453,22.959461212158203,22.92417335510254,22.542308807373047,22.11866569519043,22.59800148010254,24.557376861572266,26.958887100219727,28.94721031188965,27.739381790161133,25.536544799804688,25.619327545166016,26.267271041870117,24.643213272094727,24.988861083984375,25.459247589111328,24.644149780273438,24.458526611328125,23.232139587402344,22.452621459960938,22.570871353149414,22.224262237548828,21.68291473388672,21.8691463470459,23.910993576049805,26.688583374023438,28.4412899017334,29.046218872070312,29.548368453979492,30.55058479309082,31.503128051757812,32.4413948059082,34.03795623779297,35.50205993652344,35.77447509765625,34.83272171020508,34.57257080078125,33.60851287841797,33.649600982666016,34.6159553527832,33.68485641479492,33.02192306518555,33.64955139160156
23.669523239135742,24.66748809814453,24.690370559692383,24.398462295532227,24.189441680908203,23.9371337890625,23.97651481628418,25.272567749023438,26.465364456176758,27.339143753051758,27.55779266357422,26.717239379882812,26.2664737701416,25.978853225708008,23.6143856048584,23.934249877929688,25.669706344604492,26.104909896850586,24.812156677246094,23.601879119873047,23.109207153320312,23.16975975036621,22.31352996826172,21.14871597290039,20.626535415649414,22.100893020629883,25.33485984802246,27.979610443115234,29.31163787841797,30.19881820678711,31.305042266845703,32.81199264526367,33.940364837646484,34.408660888671875,34.79139709472656,35.080665588378906,34.58028793334961,34.6254997253418,33.08321762084961,32.64874267578125,34.43517303466797,33.761837005615234,32.22908020019531,32.694129943847656
25.874635696411133,26.2646484375,25.279220581054688,25.124731063842773,25.864742279052734,25.959556579589844,25.414798736572266,25.26695442199707,25.286039352416992,25.634281158447266,26.569766998291016,27.61103630065918,27.26525115966797,25.90376853942871,24.505823135375977,24.120630264282227,24.70637321472168,25.844972610473633,25.278884887695312,23.70394515991211,22.9844913482666,23.892351150512695,24.17378807067871,23.235877990722656,21.3411922454834,20.771577835083008,23.6588191986084,27.143526077270508,28.81319808959961,29.8682804107666,31.320409774780273,33.06452560424805,34.22760009765625,34.60235595703125,34.711666107177734,34.252384185791016,32.99048614501953,32.56531524658203,31.874422073364258,31.69800567626953,32.8541259765625,32.92329406738281,32.267547607421875,32.53811264038086
26.846742630004883,27.203176498413086,25.683595657348633,25.477069854736328,26.632244110107422,26.943300247192383,26.16779899597168,24.82483673095703,24.36253547668457,24.946985244750977,26.04802131652832,27.40892219543457,27.829744338989258,26.751934051513672,25.33651351928711,24.58329200744629,24.28964614868164,24.852155685424805,25.00912857055664,24.46997833251953,23.685041427612305,23.990575790405273,24.740123748779297,25.520204544067383,24.51079750061035,22.63311004638672,23.230260848999023,25.890920639038086,27.524263381958008,28.847333908081055,31.182199478149414,33.280765533447266,34.04812240600586,34.258399963378906,34.70233917236328,33.80546951293945,31.781381607055664,30.694366455078125,31.583555221557617,32.20642852783203,32.28004455566406,32.35810470581055,32.55890655517578,32.954105377197266
26.098621368408203,27.018951416015625,26.62901496887207,26.0051326751709,26.32831573486328,27.102354049682617,26.940261840820312,25.11112403869629,23.950422286987305,24.585020065307617,26.1556396484375,26.97004508972168,27.75295066833496,27.61163902282715,26.365238189697266,24.76677131652832,24.463764190673828,24.97581672668457,25.24122428894043,25.24648666381836,24.6507511138916,24.183393478393555,24.368106842041016,25.755861282348633,26.712207794189453,26.510025024414062,25.90916633605957,25.940359115600586,26.30283546447754,27.588977813720703,30.41997528076172,33.30363464355469,34.24044418334961,33.79930877685547,33.74612045288086,33.37635803222656,32.49345397949219,31.507328033447266,32.01483154296875,32.15397644042969,31.511653900146484,32.3233757019043,33.08061218261719,34.03622817993164
24.621944427490234,26.151853561401367,26.927400588989258,26.80208396911621,26.848793029785156,27.681957244873047,27.260501861572266,24.78049087524414,23.18592643737793,24.27042579650879,26.18462371826172,26.55062484741211,26.747896194458008,27.464183807373047,27.1781063079834,25.270347595214844,24.67737579345703,25.854658126831055,26.274328231811523,26.09767723083496,25.706775665283203,25.518518447875977,25.727170944213867,25.972980499267578,26.858652114868164,28.92282485961914,29.687009811401367,28.12154769897461,26.360191345214844,26.823328018188477,29.309696197509766,31.867534637451172,33.134334564208984,33.06836700439453,33.32564163208008,33.551944732666016,32.880592346191406,31.879528045654297,32.084720611572266,31.483810424804688,30.405094146728516,32.451904296875,33.00804901123047,34.265716552734375
23.438522338867188,25.014572143554688,26.407583236694336,27.176990509033203,27.77820587158203,28.598831176757812,27.47028350830078,24.250301361083984,22.046798706054688,23.12056541442871,25.569812774658203,25.97988510131836,25.277612686157227,25.48698616027832,26.22977638244629,25.704204559326172,25.34330940246582,26.666975021362305,27.18296241760254,27.12020492553711,27.04402732849121,27.179933547973633,27.420358657836914,26.88921356201172,26.907106399536133,29.118736267089844,31.405269622802734,30.186508178710938,27.325002670288086,26.818370819091797,28.45026206970215,29.91305160522461,30.667295455932617,31.472454071044922,32.60529327392578,32.873497009277344,32.16027069091797,31.594329833984375,31.113441467285156,30.537935256958008,29.922086715698242,30.416704177856445,31.61060333251953,33.54922103881836
22.652421951293945,24.010421752929688,25.635311126708984,26.861106872558594,27.79230499267578,28.84429168701172,27.913440704345703,24.725534439086914,21.798357009887695,21.559268951416016,23.44036102294922,24.36187171936035,23.78917121887207,23.118497848510742,23.490907669067383,24.451351165771484,25.7266788482666,27.343570709228516,27.982484817504883,28.216997146606445,28.224573135375977,27.8384952545166,27.481138229370117,27.079816818237305,27.3716983795166,28.904054641723633,30.597230911254883,30.02011489868164,27.66387367248535,26.87103843688965,27.967941284179688,28.952117919921875,29.259763717651367,29.68135643005371,30.9991397857666,31.658531188964844,31.112369537353516,30.636659622192383,29.905500411987305,29.58574676513672,29.105989456176758,28.589399337768555,29.9200496673584,32.484554290771484
21.675382614135742,23.03116798400879,24.68185806274414,26.003992080688477,27.046409606933594,27.953840255737305,27.8936710357666,26.02080726623535,22.767366409301758,20.867889404296875,20.953819274902344,21.668685913085938,21.875154495239258,21.45587730407715,21.111740112304688,21.988698959350586,24.45956802368164,27.190153121948242,28.7003116607666,29.153934478759766,28.897045135498047,27.66573143005371,26.701019287109375,26.645875930786133,27.509660720825195,28.688331604003906,29.071304321289062,28.034236907958984,26.53540802001953,26.346120834350586,27.473161697387695,28.509078979492188,28.882186889648438,29.318927764892578,30.081003189086914,30.442296981811523,30.433595657348633,29.778993606567383,29.44905662536621,28.806020736694336,28.01654815673828,27.35859489440918,28.554168701171875,30.93426513671875
20.554969787597656,21.66551971435547,23.191730499267578,24.64948844909668,25.942302703857422,26.733898162841797,27.12479019165039,26.50181007385254,23.856664657592773,21.016149520874023,19.671222686767578,19.81744384765625,20.117826461791992,19.784082412719727,19.655763626098633,20.592870712280273,22.929075241088867,25.85486602783203,28.22197151184082,29.449127197265625,29.416288375854492,27.728477478027344,26.300687789916992,26.14199447631836,26.860841751098633,27.63981056213379,27.273351669311523,25.902210235595703,24.906597137451172,25.07942008972168,26.505029678344727,28.1480655670166,28.845684051513672,29.136272430419922,28.974281311035156,28.697410583496094,28.8281307220459,28.75843048095703,28.68815803527832,28.481334686279297,27.716041564941406,26.854976654052734,27.32799530029297,28.98341178894043
19.837932586669922,20.297828674316406,21.55461883544922,23.19413185119629,24.638282775878906,25.540863037109375,26.026132583618164,25.709644317626953,23.83184242248535,21.273588180541992,19.57415199279785,19.456533432006836,19.320903778076172,18.53241729736328,18.516029357910156,19.8525333404541,21.973846435546875,24.221364974975586,26.515254974365234,28.490528106689453,29.400068283081055,28.153226852416992,26.231494903564453,25.575693130493164,25.863758087158203,26.331119537353516,25.77939796447754,24.3184871673584,23.28032875061035,23.59540557861328,25.772672653198242,27.991899490356445,28.42943000793457,28.239837646484375,27.1578426361084,26.067319869995117,26.48360252380371,26.792356491088867,27.559112548828125,28.111806869506836,27.558183670043945,26.515602111816406,26.345304489135742,27.231704711914062
