data/wind_data/wind_45_1.json
{"header": {"parameterUnit": "KT", "parameterCategory": 2, "nx": 256, "ny": 198, "lo1": 44.73521041870117, "la1": -3.236724853515625, "lo2": 111.26478576660156, "la2": 43.468475341796875, "dx": 0.2609002888202667, "dy": -0.23708222806453705, "refTime": "2025-02-20 21:00:00", "forecastTime": 0, "parameterNumber": 2, "parameterNumberName": "eastward_wind"}, "data":
[rows 38 to 56 of 198, columns 0 to 42 of 256]
-11.736366271972656,-13.714484214782715,-13.215312957763672,-12.800498962402344,-12.796610832214355,-13.82522964477539,-12.55545425415039,-12.041823387145996,-11.338509559631348,-10.315629959106445,-11.357706069946289,-12.041459083557129,-11.222380638122559,-11.978320121765137,-12.211518287658691,-13.1712007522583,-12.483187675476074,-10.46778678894043,-12.16573429107666,-13.758445739746094,-12.042154312133789,-11.67307186126709,-10.693291664123535,-10.95561695098877,-11.719657897949219,-12.177366256713867,-12.520731925964355,-12.258857727050781,-12.351611137390137,-12.710942268371582,-13.063969612121582,-13.151996612548828,-12.475973129272461,-11.32261848449707,-10.818280220031738,-11.945779800415039,-11.524452209472656,-10.791792869567871,-11.123504638671875,-10.478950500488281,-9.528762817382812,-8.503419876098633,-10.156120300292969
-11.502389907836914,-14.056777954101562,-12.417856216430664,-12.523310661315918,-13.232512474060059,-13.73873519897461,-12.337735176086426,-11.92297077178955,-11.385004043579102,-10.835419654846191,-10.261628150939941,-11.383654594421387,-12.299271583557129,-11.634163856506348,-11.2317533493042,-11.421032905578613,-11.209015846252441,-9.920475959777832,-11.77096939086914,-13.750980377197266,-11.67585277557373,-11.104119300842285,-11.621322631835938,-10.979081153869629,-11.699935913085938,-12.943330764770508,-12.641478538513184,-11.822274208068848,-12.590875625610352,-13.00275993347168,-13.315225601196289,-13.325687408447266,-12.957823753356934,-11.362184524536133,-10.601543426513672,-11.786096572875977,-10.95583438873291,-11.658601760864258,-10.451018333435059,-9.029595375061035,-8.455106735229492,-10.285344123840332,-11.538355827331543
-14.34395694732666,-14.251941680908203,-11.86645221710205,-12.341614723205566,-13.714835166931152,-12.94636344909668,-12.305716514587402,-12.08234691619873,-10.853719711303711,-9.568174362182617,-9.090832710266113,-9.903746604919434,-10.230003356933594,-10.637819290161133,-10.631048202514648,-10.307382583618164,-10.51747989654541,-10.159549713134766,-9.090972900390625,-11.18069076538086,-12.091924667358398,-11.406245231628418,-12.22649097442627,-10.876938819885254,-11.705381393432617,-12.406500816345215,-12.186844825744629,-11.60811710357666,-12.909621238708496,-13.375114440917969,-12.971750259399414,-11.950974464416504,-10.998627662658691,-10.168694496154785,-11.37869644165039,-12.070303916931152,-9.818158149719238,-11.190658569335938,-10.528246879577637,-7.726288795471191,-6.802725315093994,-10.485980033874512,-10.917098045349121
-12.22107982635498,-11.349261283874512,-9.868635177612305,-10.981350898742676,-12.574722290039062,-12.03258228302002,-12.091795921325684,-11.714922904968262,-10.411205291748047,-9.602046012878418,-9.1790189743042,-8.738729476928711,-8.616653442382812,-9.007881164550781,-9.288013458251953,-10.230928421020508,-11.045049667358398,-10.311457633972168,-8.596281051635742,-8.900155067443848,-10.766140937805176,-11.939971923828125,-11.610608100891113,-10.866132736206055,-10.978524208068848,-11.983345985412598,-12.02225399017334,-11.602740287780762,-12.200966835021973,-12.600625991821289,-11.794334411621094,-10.076238632202148,-8.165762901306152,-10.75009536743164,-12.938085556030273,-11.276111602783203,-10.556726455688477,-11.233033180236816,-9.885396003723145,-6.091779708862305,-8.817438125610352,-12.695866584777832,-10.434114456176758
-9.983838081359863,-9.044315338134766,-8.373017311096191,-9.11797046661377,-11.667853355407715,-12.137690544128418,-11.782212257385254,-10.30179214477539,-9.302228927612305,-10.22800064086914,-8.24803352355957,-6.316464900970459,-7.595796585083008,-9.633228302001953,-10.066911697387695,-10.5412015914917,-11.202817916870117,-10.215056419372559,-7.796291351318359,-5.917816638946533,-7.976138591766357,-11.4721097946167,-11.139249801635742,-10.124449729919434,-9.980688095092773,-10.768272399902344,-11.395386695861816,-11.51093578338623,-10.745038986206055,-10.632920265197754,-11.371268272399902,-11.333897590637207,-11.058453559875488,-12.806921005249023,-11.546710014343262,-10.165306091308594,-13.299137115478516,-9.956299781799316,-7.192327499389648,-10.432344436645508,-14.107840538024902,-12.847260475158691,-10.680940628051758
-8.551697731018066,-8.250688552856445,-7.889446258544922,-8.142004013061523,-8.901017189025879,-10.549909591674805,-10.167566299438477,-8.513707160949707,-8.180841445922852,-10.283299446105957,-8.61446475982666,-7.1108269691467285,-10.109939575195312,-11.653329849243164,-10.818219184875488,-9.992996215820312,-9.867842674255371,-8.753908157348633,-6.506337642669678,-5.085803031921387,-6.433995723724365,-10.001545906066895,-10.705790519714355,-9.616535186767578,-9.182355880737305,-9.584424018859863,-9.893594741821289,-10.378626823425293,-10.643895149230957,-10.541393280029297,-11.254488945007324,-12.918312072753906,-12.793182373046875,-10.007820129394531,-8.827348709106445,-11.339245796203613,-14.099668502807617,-10.483755111694336,-8.474942207336426,-13.836206436157227,-12.329473495483398,-9.93469524383545,-10.954090118408203
-7.1631598472595215,-6.8632893562316895,-6.68057918548584,-6.255758762359619,-5.135554313659668,-3.527355909347534,-3.8960368633270264,-5.794040203094482,-8.391288757324219,-9.151920318603516,-8.657964706420898,-10.03360366821289,-12.465582847595215,-11.55729866027832,-10.725019454956055,-10.172098159790039,-8.765789031982422,-7.229949951171875,-6.375714302062988,-6.315211296081543,-5.050209999084473,-6.480258941650391,-10.111413955688477,-9.83611011505127,-8.587574005126953,-9.208623886108398,-8.978142738342285,-9.891718864440918,-10.793195724487305,-11.159518241882324,-11.27204418182373,-11.011343955993652,-11.296648025512695,-11.680792808532715,-10.882326126098633,-11.23643970489502,-11.959956169128418,-12.125988960266113,-12.490111351013184,-11.882207870483398,-9.578619956970215,-8.588347434997559,-9.225682258605957
-6.271877765655518,-5.830444812774658,-5.780205726623535,-4.698845863342285,-5.602993488311768,-6.862343788146973,-6.30051851272583,-6.60422420501709,-8.459660530090332,-9.867977142333984,-8.04443359375,-8.962813377380371,-10.661059379577637,-11.021592140197754,-10.137394905090332,-8.366772651672363,-7.471744537353516,-8.1775484085083,-8.33001708984375,-7.422706604003906,-6.176880359649658,-3.9634478092193604,-7.235673427581787,-10.346800804138184,-8.66860580444336,-8.699763298034668,-8.914800643920898,-9.89289665222168,-10.298237800598145,-9.534799575805664,-9.611419677734375,-10.677777290344238,-10.800979614257812,-11.94748592376709,-11.006561279296875,-10.099241256713867,-10.58007526397705,-9.767716407775879,-10.33027172088623,-10.850346565246582,-9.202398300170898,-11.592803955078125,-9.76383113861084
-3.345207691192627,-4.900995254516602,-5.750370502471924,-6.660418510437012,-9.718779563903809,-6.876557350158691,-7.323483467102051,-6.307470798492432,-4.935324668884277,-6.708823204040527,-8.950159072875977,-9.76279354095459,-10.863371849060059,-9.977465629577637,-7.398992538452148,-6.180661201477051,-10.036940574645996,-12.268972396850586,-8.553224563598633,-5.787136554718018,-5.527907371520996,-3.768977403640747,-5.2953104972839355,-8.490507125854492,-8.892724990844727,-6.856297492980957,-7.996000289916992,-8.025408744812012,-8.940034866333008,-9.581357955932617,-9.2989501953125,-10.489975929260254,-9.901167869567871,-9.203845977783203,-7.9971208572387695,-10.506486892700195,-12.458736419677734,-8.592243194580078,-6.287354946136475,-10.672179222106934,-11.8033447265625,-11.011393547058105,-9.136874198913574
1.0081120729446411,-2.9707231521606445,-4.319561004638672,-7.750585556030273,-9.91614055633545,-4.70620584487915,-3.862687349319458,-5.269388675689697,-9.137445449829102,-10.5700044631958,-10.240653038024902,-9.555227279663086,-8.088418960571289,-5.66796350479126,-3.4988927841186523,-8.66872501373291,-14.399094581604004,-10.279380798339844,-4.60574197769165,-4.072010040283203,-4.625384330749512,-3.4182002544403076,-2.7351839542388916,-5.22397518157959,-7.114356994628906,-6.7889838218688965,-8.525775909423828,-8.506921768188477,-6.6188812255859375,-8.088460922241211,-9.262371063232422,-8.013071060180664,-9.153118133544922,-9.442981719970703,-9.107924461364746,-10.887176513671875,-11.782337188720703,-8.202423095703125,-9.312159538269043,-9.755409240722656,-7.031138896942139,-10.39628791809082,-8.903836250305176
1.9427379369735718,-2.624965190887451,-4.969121932983398,-6.120241165161133,-4.701344013214111,-3.3724756240844727,-1.524773120880127,-3.296420097351074,-10.538630485534668,-12.76854133605957,-9.316807746887207,-7.252917766571045,-4.096222400665283,-2.731276273727417,-7.023622989654541,-13.495732307434082,-11.175321578979492,-6.041512489318848,-3.2726328372955322,-2.2311205863952637,-3.3325119018554688,-2.96828031539917,-1.8999993801116943,-3.390233039855957,-4.616575717926025,-5.757164001464844,-7.279003143310547,-8.917356491088867,-6.7490763664245605,-8.060359001159668,-9.77151107788086,-7.010868072509766,-5.296292304992676,-9.634154319763184,-9.999809265136719,-8.790011405944824,-10.365900039672852,-9.968420028686523,-10.271306037902832,-10.43957233428955,-9.978408813476562,-9.065970420837402,-10.494744300842285
-0.3509819209575653,-3.939208507537842,-5.901649475097656,-5.150485515594482,-1.4804869890213013,-1.245652437210083,-3.556108236312866,-6.486229419708252,-8.363946914672852,-10.091867446899414,-8.836067199707031,-7.237983226776123,-4.620396614074707,-3.6031079292297363,-7.285882949829102,-10.118547439575195,-7.32887601852417,-3.33164644241333,-2.9146342277526855,-4.133581161499023,-3.3674087524414062,-0.3658256530761719,-0.709854006767273,-1.825648307800293,-3.7516415119171143,-5.03495979309082,-6.226379871368408,-8.206945419311523,-8.356244087219238,-8.807770729064941,-9.254217147827148,-7.747251033782959,-8.087904930114746,-11.31204605102539,-10.93484115600586,-7.245092391967773,-7.136189937591553,-12.003426551818848,-11.310754776000977,-8.298613548278809,-8.65212631225586,-9.772943496704102,-11.454363822937012
-1.7861812114715576,-4.460516452789307,-4.5381855964660645,-2.780054807662964,-1.195361852645874,-3.0804758071899414,-5.663349151611328,-3.9433517456054688,-7.598354339599609,-13.153857231140137,-9.142983436584473,-6.524019718170166,-5.325798511505127,-4.436532974243164,-6.27975606918335,-8.570788383483887,-6.504227638244629,-4.671647071838379,-5.06176233291626,-5.284012317657471,-4.107409477233887,-0.9999671578407288,-1.4114729166030884,-2.1238954067230225,-3.0266237258911133,-3.8792712688446045,-4.453379154205322,-7.347659587860107,-7.665290355682373,-6.361674785614014,-7.171483039855957,-8.139572143554688,-9.991867065429688,-9.371145248413086,-7.65226936340332,-8.677513122558594,-10.241661071777344,-9.22900390625,-9.086073875427246,-9.821640014648438,-10.124302864074707,-7.436243057250977,-6.185165882110596
0.16680088639259338,-0.05334584042429924,-1.6914050579071045,-0.5726821422576904,0.3365386128425598,-5.00580358505249,-4.0245819091796875,1.7235026359558105,-6.304454326629639,-17.832481384277344,-10.749394416809082,-4.963551998138428,-3.321803331375122,-4.8657331466674805,-7.826952934265137,-7.930552005767822,-5.373300552368164,-4.108887195587158,-3.2785913944244385,-2.6043312549591064,-2.750262498855591,-2.2149758338928223,-1.9855456352233887,-1.2703980207443237,-1.5581732988357544,-3.725980758666992,-5.283260345458984,-5.1645827293396,-6.612407684326172,-4.5605292320251465,-5.035093784332275,-6.578082084655762,-9.257862091064453,-9.609582901000977,-8.970744132995605,-8.52759075164795,-9.296396255493164,-9.894014358520508,-8.927053451538086,-9.058523178100586,-8.71575927734375,-5.949435710906982,-5.800361633300781
-1.904322862625122,2.010826826095581,1.8250623941421509,1.5107245445251465,0.9150837063789368,-7.1517767906188965,-2.3547677993774414,4.154881954193115,-7.982725143432617,-17.988746643066406,-11.689273834228516,-3.1458730697631836,-4.241887092590332,-7.746685981750488,-8.2824125289917,-5.469597339630127,-3.494429588317871,-3.996286630630493,-4.568600654602051,-3.7438926696777344,-4.262515068054199,-5.192912578582764,-2.244702100753784,0.676623523235321,1.5941221714019775,-4.7892327308654785,-7.515445709228516,-2.5393855571746826,-5.438179969787598,-4.526182651519775,-6.488465785980225,-8.379924774169922,-11.396310806274414,-10.98275375366211,-9.18913459777832,-8.299774169921875,-6.256375789642334,-5.807831287384033,-7.4729180335998535,-9.062313079833984,-9.287887573242188,-8.642616271972656,-8.744860649108887
-3.906430721282959,-2.9491403102874756,-0.8822835683822632,-0.33561280369758606,-0.8591455817222595,-5.071102619171143,-0.7164299488067627,5.347223281860352,-1.5220444202423096,-11.463724136352539,-11.266340255737305,-4.67860221862793,-7.809876918792725,-9.746578216552734,-7.233264923095703,-5.135678291320801,-2.2402453422546387,-0.8419856429100037,-3.431385040283203,-7.249958515167236,-7.1619768142700195,-3.5197694301605225,-1.6157854795455933,-0.122284434735775,3.511458396911621,-0.9226779341697693,-7.2047553062438965,-3.8497672080993652,-6.44559907913208,-7.4145827293396,-8.126273155212402,-9.033031463623047,-10.291943550109863,-10.493478775024414,-9.143986701965332,-7.471365451812744,-5.774289131164551,-5.711794853210449,-7.595386981964111,-9.476532936096191,-7.764802932739258,-8.672442436218262,-10.842111587524414
-5.826060771942139,-6.70579195022583,-6.941845417022705,-7.676702499389648,-7.265141487121582,-5.508834362030029,-3.7784242630004883,-0.7662858963012695,2.472567081451416,-2.921372175216675,-8.075549125671387,-7.3449387550354,-8.194733619689941,-8.973078727722168,-7.941437244415283,-6.007565975189209,-2.626842737197876,0.5556137561798096,-7.664697647094727,-15.143346786499023,-9.8080472946167,-0.8260496854782104,3.2361483573913574,2.722046375274658,1.2639769315719604,-0.9771000742912292,-4.5789947509765625,-4.270496368408203,-6.864928245544434,-7.182624340057373,-5.4445977210998535,-6.181782245635986,-8.008625030517578,-8.06650161743164,-8.028145790100098,-9.51668643951416,-8.709105491638184,-7.412732124328613,-6.8640971183776855,-6.865909099578857,-7.466582298278809,-8.996009826660156,-8.641863822937012
-7.319617748260498,-9.144739151000977,-10.35206127166748,-11.412070274353027,-9.439316749572754,-6.7530436515808105,-9.871950149536133,-10.5700101852417,-11.017208099365234,-7.221156120300293,-8.401185035705566,-7.695667743682861,-5.686146259307861,-5.73261833190918,-6.106889247894287,-3.484102964401245,-0.3730316460132599,1.605692744255066,-10.116986274719238,-15.15053939819336,-5.762494087219238,2.449923515319824,2.3707923889160156,-0.5346890687942505,0.6450034976005554,0.44352227449417114,-5.2226972579956055,-5.901886940002441,-6.257111072540283,-6.360939979553223,-7.897461891174316,-8.771995544433594,-7.311040878295898,-7.079291820526123,-8.316751480102539,-10.620100975036621,-9.287456512451172,-7.125063896179199,-7.186358451843262,-7.303050518035889,-5.065976142883301,-8.981781005859375,-10.105752944946289
-8.290936470031738,-9.958776473999023,-10.85079288482666,-11.747220039367676,-11.268320083618164,-7.3184003829956055,-10.270358085632324,-10.751928329467773,-13.699624061584473,-15.79178524017334,-17.390043258666992,-15.076385498046875,-10.899215698242188,-7.7027387619018555,-7.354444980621338,-5.784661769866943,-2.7647037506103516,3.1698498725891113,-3.0369951725006104,-7.2968645095825195,-2.935668706893921,0.8685814738273621,-5.950916290283203,-8.04920482635498,0.26541969180107117,-1.2618995904922485,-6.185242176055908,-6.573813438415527,-6.328798294067383,-6.619244575500488,-7.139768600463867,-8.19270133972168,-7.665526866912842,-8.641335487365723,-8.941993713378906,-9.317919731140137,-7.922967433929443,-7.032641887664795,-5.937016487121582,-8.382996559143066,-9.378832817077637,-7.201157093048096,-5.514474391937256
