data/wind_data/wind_68_2.json
{"header": {"parameterUnit": "KT", "parameterCategory": 2, "nx": 256, "ny": 198, "lo1": 44.73521041870117, "la1": -3.236724853515625, "lo2": 111.26478576660156, "la2": 43.468475341796875, "dx": 0.2609002888202667, "dy": -0.23708222806453705, "refTime": "2025-02-21 20:00:00", "forecastTime": 0, "parameterNumber": 2, "parameterNumberName": "eastward_wind"}, "data":
[rows 114 to 132 of 198, columns 0 to 42 of 256]
-10.686515808105469,-10.083695411682129,-8.639512062072754,-8.765645027160645,-9.734262466430664,-7.6040520668029785,-6.318173408508301,-4.389820575714111,-3.5412440299987793,-3.939039707183838,-4.626543045043945,-5.2206830978393555,-5.222480297088623,-4.302831649780273,-3.7515761852264404,-3.247549295425415,-0.5206491947174072,1.5665104389190674,1.4091663360595703,-1.4535261392593384,-2.5256001949310303,-0.9707077145576477,0.36707210540771484,0.47072964906692505,0.2991794943809509,0.26849833130836487,0.2129087746143341,-0.7675520181655884,-1.5375388860702515,-2.1840555667877197,-3.3804984092712402,-4.4699530601501465,-5.94597864151001,-7.325048923492432,-8.064324378967285,-7.609819412231445,-7.318933010101318,-8.108954429626465,-7.946551322937012,-6.745416164398193,-6.447886943817139,-6.917940616607666,-5.979259967803955
-10.006965637207031,-9.840641021728516,-7.936069965362549,-7.245131969451904,-6.805627346038818,-4.604659557342529,-4.541331768035889,-4.9704084396362305,-3.920487403869629,-4.004186630249023,-5.247129917144775,-6.3020830154418945,-6.633718490600586,-5.977379322052002,-5.318065166473389,-1.9854655265808105,1.00947105884552,1.4455969333648682,-0.7642298340797424,-2.309196949005127,-1.3201799392700195,0.51348876953125,0.907383382320404,1.0232609510421753,1.0541239976882935,0.9226629734039307,0.3655046820640564,-0.8150594830513,-1.3041778802871704,-1.4594786167144775,-2.344599485397339,-3.6832592487335205,-5.014292240142822,-6.290849208831787,-7.572625637054443,-7.619296073913574,-6.773343086242676,-6.607083320617676,-7.250638961791992,-7.2209014892578125,-6.854377746582031,-6.064786911010742,-4.505772590637207
-8.365279197692871,-8.904205322265625,-7.7269768714904785,-7.109564304351807,-5.4244585037231445,-3.147644281387329,-3.934917449951172,-4.968013763427734,-3.7432332038879395,-3.8704307079315186,-5.01296854019165,-6.700399398803711,-6.770186424255371,-5.087043285369873,-2.7886850833892822,0.19503910839557648,0.19155871868133545,-0.7986089587211609,-1.7074066400527954,-1.119804859161377,0.570676863193512,1.4075593948364258,1.541556715965271,1.4705286026000977,1.4550524950027466,1.3239784240722656,0.9412336349487305,-0.2889517545700073,-1.0034302473068237,-0.6750543713569641,-1.2801358699798584,-2.2942655086517334,-3.476339340209961,-4.417356967926025,-5.828180313110352,-6.740077495574951,-6.427258491516113,-5.193443298339844,-4.458864212036133,-4.557329177856445,-4.504358768463135,-3.9652597904205322,-3.7487165927886963
-6.527941703796387,-7.895774841308594,-7.669434070587158,-7.3097920417785645,-5.245486736297607,-3.2098968029022217,-3.225088119506836,-3.38166880607605,-3.162745952606201,-2.964395046234131,-4.0755133628845215,-5.668923854827881,-5.1074910163879395,-2.8791990280151367,-0.9151500463485718,0.7994397878646851,-1.2107808589935303,-2.0458154678344727,-0.8777040839195251,0.6829037666320801,1.859559416770935,2.559429407119751,2.843575954437256,2.249692678451538,1.7849355936050415,1.5534001588821411,1.0850415229797363,0.07107289880514145,-0.766269326210022,-0.3228214681148529,-0.6725395917892456,-0.9584454298019409,-1.5996665954589844,-2.5521602630615234,-3.4712789058685303,-4.228074550628662,-4.4605393409729,-4.240851879119873,-3.679520606994629,-2.1746175289154053,-1.0838515758514404,-1.832504153251648,-4.022335529327393
-5.9395904541015625,-7.422739028930664,-7.438277721405029,-6.957859992980957,-5.119497776031494,-3.8449840545654297,-2.79309344291687,-2.3398752212524414,-2.4042727947235107,-3.729255199432373,-4.982671737670898,-4.846276760101318,-2.9521610736846924,-1.9636540412902832,-0.47590407729148865,0.5760156512260437,-1.50956130027771,-1.5122458934783936,0.10763387382030487,1.9999134540557861,3.3777170181274414,4.20226526260376,4.018487453460693,2.8902556896209717,1.9057947397232056,1.5961812734603882,1.0586796998977661,0.09637864679098129,-0.5421985387802124,-0.20171242952346802,-0.21609719097614288,-0.29896047711372375,-0.2816271185874939,-0.982369601726532,-1.4096964597702026,-1.3396477699279785,-1.2986031770706177,-1.5290000438690186,-1.594964861869812,-0.8112851977348328,-0.3693925738334656,-1.3433983325958252,-3.6499814987182617
-6.400934219360352,-7.458550930023193,-6.945944786071777,-5.918852806091309,-4.443627834320068,-3.4985239505767822,-2.209244728088379,-2.6817896366119385,-4.196044921875,-5.089096546173096,-3.7039239406585693,-2.777902126312256,-2.3253605365753174,-1.7182544469833374,-1.757881760597229,-0.40968814492225647,-1.3233816623687744,0.015262780711054802,1.6768397092819214,3.3501839637756348,4.723226547241211,5.291922092437744,4.464729309082031,2.9300177097320557,1.7300347089767456,1.3974536657333374,1.1080900430679321,0.14707274734973907,-0.5625658631324768,-0.4729601740837097,-0.33788302540779114,-0.148350790143013,-0.22689935564994812,-0.09349161386489868,0.45283377170562744,1.5425885915756226,2.033676862716675,1.9112814664840698,2.1051878929138184,2.5633795261383057,2.446991443634033,0.5094616413116455,-2.348900079727173
-7.311001300811768,-8.032556533813477,-6.8544793128967285,-5.416910171508789,-3.9792661666870117,-3.0887763500213623,-1.7863681316375732,-3.7885286808013916,-5.813534259796143,-5.367030620574951,-2.8242039680480957,-1.899096965789795,-2.428906202316284,-1.5202531814575195,-2.9671950340270996,-1.941696047782898,-0.6530786156654358,1.3169039487838745,2.9025590419769287,4.201756477355957,5.195697784423828,5.266910076141357,4.165650844573975,2.554264545440674,1.3227322101593018,0.9097433686256409,0.7114260196685791,0.042107097804546356,-0.6358599066734314,-0.8675811290740967,-0.8489389419555664,-0.7688059210777283,-0.18624992668628693,0.7530654668807983,1.3696869611740112,2.2259907722473145,2.2680106163024902,1.4235308170318604,1.073541283607483,1.3838509321212769,2.9190354347229004,1.605621576309204,-0.7157716155052185
-8.31607437133789,-8.731603622436523,-7.34787130355835,-5.928610324859619,-4.615711688995361,-3.9645206928253174,-2.071479082107544,-3.9463260173797607,-5.06036901473999,-4.7056145668029785,-3.018630266189575,-3.212817430496216,-3.3467891216278076,-1.207109808921814,-1.4097561836242676,-1.2346550226211548,0.7041946053504944,2.2333297729492188,3.389708995819092,4.141268253326416,4.379629135131836,4.000487327575684,3.1126902103424072,1.9039390087127686,0.7284543514251709,0.27225685119628906,0.05542683228850365,-0.2213064432144165,-0.8737168908119202,-1.2869079113006592,-1.3124349117279053,-0.7718316912651062,-0.5045937299728394,0.546177864074707,0.9698766469955444,1.5376191139221191,0.527794361114502,-2.00887131690979,-2.4085402488708496,-1.7756558656692505,-0.37874409556388855,0.07154015451669693,-1.0957940816879272
-8.123598098754883,-8.850569725036621,-7.93017578125,-6.571341037750244,-4.95267391204834,-4.1004462242126465,-1.6464977264404297,-2.334785223007202,-2.848588228225708,-4.4434685707092285,-3.0334997177124023,-4.6568450927734375,-4.641602516174316,-2.666489362716675,-1.068280816078186,0.43810752034187317,1.8107205629348755,2.976191759109497,3.5091359615325928,3.0385406017303467,2.243147850036621,1.8199716806411743,1.4854907989501953,0.9239813685417175,-0.09824507683515549,-0.4239535927772522,-0.6935324668884277,-0.6132338047027588,-1.1653133630752563,-1.6263691186904907,-2.029214382171631,-2.1554718017578125,-1.3750532865524292,-0.744599461555481,-1.223198413848877,-1.9591481685638428,-3.45706844329834,-4.9346113204956055,-4.671403884887695,-2.592487335205078,-1.7137303352355957,-1.1719096899032593,-1.6763942241668701
-6.73973274230957,-8.522705078125,-8.219420433044434,-6.667727947235107,-3.984895706176758,-2.6591012477874756,-0.9373098611831665,-1.3225784301757812,-1.9990922212600708,-3.665985107421875,-1.2798696756362915,-1.2311608791351318,-1.5937145948410034,-2.151319980621338,-0.4260961711406708,1.4884196519851685,2.6947455406188965,3.641256093978882,3.4104881286621094,1.959046721458435,0.5662537217140198,-0.08305875957012177,-0.16308990120887756,-0.08632568269968033,-1.042012095451355,-1.205767273902893,-1.4081238508224487,-1.2826144695281982,-1.9641809463500977,-3.0964834690093994,-3.332929849624634,-3.03589129447937,-2.2428479194641113,-1.4221463203430176,-1.628282904624939,-2.9765267372131348,-4.53395414352417,-5.204035758972168,-4.2078328132629395,1.3512725830078125,2.0759332180023193,1.0214581489562988,-0.6635229587554932
-6.401729106903076,-8.221714973449707,-7.9583868980407715,-6.254507064819336,-2.761446475982666,-0.840106189250946,-0.09879875928163528,-0.2333967238664627,-0.9341346621513367,-1.6870297193527222,-0.27103132009506226,2.6756091117858887,3.4608452320098877,0.9945979118347168,0.6645928621292114,1.9415552616119385,2.9964330196380615,3.6802523136138916,2.851194381713867,1.241289734840393,-0.23933446407318115,-1.2326830625534058,-1.2015485763549805,-0.6926296353340149,-1.7461767196655273,-1.8629207611083984,-2.1998212337493896,-2.546837568283081,-3.2918038368225098,-4.229605674743652,-4.321806907653809,-4.238482475280762,-3.192328453063965,-1.324364423751831,-0.9060252904891968,-2.6062870025634766,-3.574821949005127,-2.9325008392333984,-0.8621333837509155,1.9379839897155762,3.5128276348114014,2.84006929397583,-0.32649508118629456
-7.742283821105957,-8.367413520812988,-7.670110702514648,-6.091469764709473,-3.06540846824646,-0.5900476574897766,0.2766616642475128,0.5900537371635437,-0.010357504710555077,-0.24403785169124603,-0.4625875949859619,2.055173397064209,2.846404790878296,1.329110860824585,1.649773359298706,2.143787145614624,3.2009811401367188,3.2975988388061523,2.122363567352295,0.7502496838569641,-0.7496130466461182,-1.918936014175415,-1.3857104778289795,-0.9137506484985352,-2.0888500213623047,-2.1757659912109375,-2.6176400184631348,-3.2560019493103027,-4.22019100189209,-5.068253517150879,-4.720245361328125,-4.1203203201293945,-3.3446943759918213,-1.7039604187011719,-0.1914743185043335,-0.8835375905036926,-2.4608750343322754,-1.4301576614379883,1.762687087059021,0.468315452337265,1.9751255512237549,3.7129077911376953,1.7965118885040283
-8.89616870880127,-8.822117805480957,-7.771401882171631,-6.510733604431152,-4.686342239379883,-0.9941216111183167,-0.06456270068883896,-0.28630974888801575,0.3497767746448517,1.11775541305542,0.4571484923362732,2.324960947036743,1.5277700424194336,-0.4636639952659607,-0.31815361976623535,0.8988847136497498,2.7894704341888428,2.421945810317993,1.4235974550247192,0.44780656695365906,-0.9942542314529419,-1.852767825126648,-0.8129019737243652,-0.6734829545021057,-1.9154326915740967,-2.5296826362609863,-3.573129177093506,-4.853183746337891,-5.432002544403076,-5.263021945953369,-2.973759651184082,-1.1976407766342163,-1.9445006847381592,-1.7624304294586182,-0.2836744785308838,0.16428713500499725,-0.46754565834999084,0.48682984709739685,0.9822618365287781,-1.5661115646362305,4.690847396850586,5.184237480163574,4.317093849182129
-8.834444046020508,-8.767268180847168,-7.7633490562438965,-6.869194030761719,-6.107637405395508,-2.0267415046691895,-0.4997089207172394,0.7253428101539612,2.1732568740844727,2.146364450454712,1.3624755144119263,2.5274393558502197,0.1883222609758377,-1.6627215147018433,-1.6505404710769653,0.49368464946746826,1.808611512184143,1.318973422050476,0.7623153924942017,-0.0983990728855133,-0.9442225694656372,-0.7884544730186462,-0.0030713847372680902,-0.2103358656167984,-1.5201815366744995,-2.595109462738037,-3.909935235977173,-4.975268363952637,-4.737820148468018,-3.4380056858062744,0.35575464367866516,4.266552925109863,2.509244918823242,0.1836784929037094,-0.10213793069124222,-0.01641589030623436,0.12642036378383636,1.2934646606445312,1.882454514503479,3.4970505237579346,3.001901865005493,3.503516674041748,4.863368988037109
-8.425299644470215,-8.543132781982422,-7.600374221801758,-6.713914394378662,-5.939760208129883,-2.6450939178466797,-0.4316011667251587,0.8531625866889954,0.06831405311822891,0.8554668426513672,3.9337425231933594,1.21202552318573,-1.2445640563964844,-1.4842661619186401,-1.2513360977172852,0.31035315990448,0.7689267992973328,0.5743414759635925,0.08059990406036377,-0.8156426548957825,-0.4918225109577179,0.5107280611991882,0.3970089256763458,0.0792267769575119,-1.6257795095443726,-2.989701986312866,-3.85233736038208,-4.720095157623291,-3.9450771808624268,0.5402526259422302,5.931796550750732,7.8614501953125,5.985812187194824,3.2580978870391846,2.365025043487549,2.2713730335235596,2.828386068344116,4.736584186553955,6.733152866363525,5.5020270347595215,2.390702486038208,2.8192715644836426,5.8386030197143555
-8.6888427734375,-8.642289161682129,-7.672327518463135,-6.591324329376221,-5.624871730804443,-2.806091070175171,-0.7006410360336304,1.8429999351501465,3.1177823543548584,3.0836968421936035,-0.12120307981967926,-3.1220173835754395,-2.1349687576293945,-2.064582347869873,-0.5992285013198853,0.2667621076107025,0.4563843309879303,0.17634376883506775,-0.5117489695549011,-1.0867023468017578,0.15380629897117615,1.094340443611145,0.10066782683134079,-0.7930026054382324,-2.8758435249328613,-3.8024628162384033,-3.3358967304229736,-5.388787746429443,-3.3149912357330322,4.166661739349365,9.52970027923584,7.227804660797119,5.248698711395264,6.203821659088135,7.3999247550964355,6.309474468231201,5.6516265869140625,7.407918930053711,8.803211212158203,7.011537075042725,4.402063846588135,3.6323442459106445,5.694813251495361
-9.239459037780762,-8.961508750915527,-7.869741916656494,-6.641087055206299,-5.664324760437012,-2.8824615478515625,-0.6321961879730225,0.14840278029441833,-0.29688313603401184,-2.981511116027832,-5.373709201812744,-4.886384963989258,-4.051230430603027,-2.3405416011810303,-0.21288539469242096,0.4854868948459625,0.9303558468818665,0.37086570262908936,-0.5745515823364258,-1.0037376880645752,0.023371297866106033,0.6167232394218445,-0.690126895904541,-2.408686637878418,-4.630581855773926,-4.381918430328369,-3.8409228324890137,-4.504019737243652,0.8387084603309631,7.791656970977783,9.09397029876709,3.326846122741699,2.354105234146118,3.8420374393463135,4.1400885581970215,3.8439900875091553,5.278174877166748,8.22987174987793,10.726543426513672,10.660613059997559,8.94861125946045,5.802164554595947,6.290121078491211
-10.048683166503906,-9.588691711425781,-8.260615348815918,-6.643498420715332,-4.6229329109191895,-3.121825933456421,-1.8890382051467896,-2.0840132236480713,-2.5796873569488525,-4.300674915313721,-5.239734172821045,-5.189772605895996,-4.471214294433594,-2.4114582538604736,-0.3460094928741455,1.6170949935913086,1.9133766889572144,1.0745056867599487,-0.019187750294804573,-0.9034244418144226,-0.9312466979026794,-1.0516365766525269,-2.431748151779175,-3.138814687728882,-4.670596122741699,-4.965692520141602,-3.2960751056671143,0.7701084017753601,7.569950103759766,11.352333068847656,6.5118207931518555,0.914932131767273,0.5269717574119568,1.1662260293960571,1.965897798538208,3.561311721801758,7.223791122436523,11.099053382873535,13.133012771606445,10.708089828491211,8.790117263793945,7.285978317260742,7.363565921783447
-11.172776222229004,-10.483288764953613,-8.949573516845703,-6.798751354217529,-2.808072805404663,-3.070385217666626,-2.7777321338653564,-2.2749249935150146,-1.5229079723358154,-2.8240859508514404,-3.587183713912964,-4.172800540924072,-3.984337091445923,-1.306758165359497,0.5537713170051575,2.676567554473877,2.7549543380737305,2.160160779953003,1.4297138452529907,-0.22253713011741638,-1.5170429944992065,-3.398735523223877,-5.339012145996094,-5.0415358543396,-4.139187335968018,-2.882115602493286,-0.23061776161193848,4.950523853302002,10.968026161193848,11.789199829101562,5.1829142570495605,0.06484708189964294,0.92514568567276,1.660636067390442,4.077930450439453,9.083471298217773,13.844793319702148,15.811031341552734,12.748263359069824,9.45812702178955,8.744780540466309,9.229066848754883,10.196565628051758
