data/wind_data/wind_69_1.json
{"header": {"parameterUnit": "KT", "parameterCategory": 2, "nx": 256, "ny": 198, "lo1": 44.73521041870117, "la1": -3.236724853515625, "lo2": 111.26478576660156, "la2": 43.468475341796875, "dx": 0.2609002888202667, "dy": -0.23708222806453705, "refTime": "2025-02-21 21:00:00", "forecastTime": 0, "parameterNumber": 2, "parameterNumberName": "eastward_wind"}, "data":
[rows 133 to 151 of 198, columns 86 to 128 of 256]
16.480501174926758,12.901795387268066,6.971782207489014,3.6467928886413574,6.678702354431152,9.31281566619873,2.68707013130188,-6.110037326812744,-3.0697805881500244,1.933308720588684,11.209916114807129,12.052812576293945,10.916691780090332,11.790629386901855,3.5594372749328613,0.621782660484314,0.46848222613334656,0.07879900187253952,0.33742523193359375,1.0721094608306885,1.573638916015625,2.4996590614318848,2.8640072345733643,3.0932376384735107,4.2171502113342285,4.8940653800964355,5.090230941772461,5.016017436981201,4.601386070251465,4.426042079925537,4.989834308624268,6.00047492980957,6.308833122253418,5.108964443206787,4.047911167144775,3.8976080417633057,4.328795909881592,4.554309844970703,4.354422569274902,3.27156925201416,2.570159912109375,-3.2209625244140625,-10.461122512817383
9.595895767211914,11.702535629272461,9.597794532775879,10.966835021972656,13.732810974121094,10.809282302856445,5.938952922821045,2.1642611026763916,-3.894913911819458,0.29667404294013977,10.870638847351074,11.381806373596191,11.378515243530273,13.061294555664062,5.994840145111084,1.331714391708374,1.5721700191497803,1.214078664779663,1.2715694904327393,1.8404450416564941,2.399294853210449,3.1910784244537354,4.159307479858398,4.536101818084717,4.858415603637695,5.247952461242676,5.333630561828613,4.828023433685303,4.510307312011719,4.645758628845215,5.0555806159973145,5.583410263061523,5.594655513763428,5.123879432678223,4.668789863586426,4.527472019195557,5.291721343994141,1.0944592952728271,-2.8815886974334717,-2.271191120147705,-4.909073829650879,-9.229357719421387,-10.796537399291992
0.6307019591331482,8.494489669799805,11.600432395935059,15.523834228515625,15.645155906677246,10.281248092651367,5.8215508460998535,3.725955009460449,2.777571439743042,2.5202713012695312,6.244658946990967,7.373168468475342,10.444446563720703,12.883931159973145,8.401350021362305,2.4667229652404785,2.875192403793335,2.82539701461792,2.441586971282959,2.5794100761413574,3.242116928100586,4.058648586273193,4.742773532867432,5.193639755249023,5.28246545791626,4.867457866668701,5.041337013244629,5.342721462249756,5.691248893737793,5.304233074188232,5.058915615081787,5.273435115814209,5.785109043121338,6.257167816162109,6.010940074920654,6.129406452178955,2.778559923171997,-5.8903279304504395,-8.132596969604492,-6.203375816345215,-6.780896186828613,-10.43328857421875,-11.962772369384766
-0.7054712176322937,1.4156862497329712,8.685484886169434,13.204623222351074,11.258870124816895,8.07791519165039,5.374230861663818,1.2252964973449707,0.5112600922584534,5.115597724914551,3.8385913372039795,4.58185338973999,8.435603141784668,12.48523235321045,7.6609368324279785,2.319465398788452,3.5055863857269287,4.123173236846924,3.6486899852752686,3.3203725814819336,3.97357177734375,4.925889015197754,5.307265281677246,5.632391929626465,5.239794731140137,4.61361837387085,5.220582962036133,6.09242582321167,6.678795337677002,5.3578267097473145,4.330832481384277,5.625741481781006,7.436122894287109,7.619941711425781,5.636249542236328,5.109923362731934,-4.336472988128662,-11.064664840698242,-11.308151245117188,-9.39946460723877,-7.449786186218262,-9.783487319946289,-13.502455711364746
5.759911060333252,5.242111682891846,11.892187118530273,13.112767219543457,9.637760162353516,7.882086753845215,6.675239562988281,3.644604206085205,-0.7073101997375488,1.6093535423278809,4.577754020690918,6.065408706665039,9.232921600341797,12.637472152709961,5.475351333618164,1.3276335000991821,3.8231377601623535,4.911043167114258,4.433856010437012,4.07249641418457,4.517606258392334,5.295536041259766,5.69780158996582,5.638129711151123,5.056890964508057,4.654768466949463,5.532240390777588,6.546492099761963,6.1225457191467285,3.916414260864258,4.3581390380859375,6.644481658935547,7.2608442306518555,5.283627033233643,1.894105076789856,-0.5593317747116089,-9.505602836608887,-13.594937324523926,-13.160326957702637,-13.014931678771973,-10.36947250366211,-10.086387634277344,-13.16487979888916
12.396065711975098,9.44554328918457,9.572644233703613,7.962557792663574,7.765785217285156,8.683038711547852,8.227139472961426,6.064797878265381,3.6622183322906494,-1.0711041688919067,1.8471167087554932,7.667295932769775,11.159435272216797,11.869723320007324,2.2473015785217285,0.8825256824493408,3.955261468887329,4.91688871383667,5.2094573974609375,5.10146951675415,4.823812007904053,5.341774940490723,5.673933029174805,5.395754814147949,5.024458885192871,5.1523237228393555,5.597983360290527,6.2754130363464355,4.728609085083008,3.049731969833374,5.095040798187256,5.640038013458252,4.103438377380371,-0.352411687374115,-3.7277817726135254,-4.66873836517334,-9.7588529586792,-15.07825756072998,-15.231739044189453,-12.02554988861084,-11.523080825805664,-14.646187782287598,-13.17782211303711
9.98754596710205,4.609549522399902,-0.08951386064291,2.6690211296081543,6.951353073120117,8.720832824707031,7.651342868804932,5.961379051208496,8.170988082885742,2.764488697052002,2.6858980655670166,9.559563636779785,13.771480560302734,10.501380920410156,0.5663301944732666,1.7086772918701172,3.8024063110351562,4.457367420196533,5.562363147735596,6.0062479972839355,5.296863555908203,5.302052974700928,5.225747108459473,4.8809075355529785,5.033905506134033,5.38538932800293,5.407684803009033,5.536705493927002,3.917926549911499,3.945366382598877,5.042875289916992,3.5771937370300293,1.367688536643982,-4.9583001136779785,-7.651328086853027,-7.31895637512207,-11.361295700073242,-17.186738967895508,-17.50159454345703,-13.94456672668457,-14.753889083862305,-15.507476806640625,-11.594383239746094
-2.359916925430298,-2.6790614128112793,-1.9215387105941772,2.944258689880371,5.1161699295043945,7.594006061553955,6.39619255065918,5.776796340942383,10.426565170288086,7.513567924499512,6.528307914733887,12.491308212280273,16.453968048095703,8.837421417236328,1.3737750053405762,2.0522007942199707,2.4980509281158447,3.84588623046875,6.084568977355957,6.616939067840576,6.191718101501465,5.5905609130859375,4.54458475112915,3.701634407043457,4.570064067840576,4.903376579284668,5.037243843078613,5.239925384521484,4.199744701385498,4.0428338050842285,3.254462480545044,1.2752372026443481,0.780492901802063,-8.279080390930176,-10.684575080871582,-9.435011863708496,-12.235696792602539,-16.98072624206543,-19.71077537536621,-19.290958404541016,-17.1042537689209,-12.659680366516113,-6.570324897766113
-5.059857368469238,-3.6182949542999268,-2.1098155975341797,2.4443209171295166,3.4092345237731934,5.366888523101807,5.9967803955078125,8.132505416870117,12.502361297607422,9.418807029724121,9.541108131408691,14.838884353637695,16.98533821105957,5.4662370681762695,0.8021182417869568,1.3281177282333374,0.1651475876569748,2.9223527908325195,6.7911481857299805,6.5388898849487305,6.727498531341553,5.750803470611572,4.054874897003174,2.569176197052002,4.109358310699463,4.024917125701904,4.647644519805908,5.414373397827148,3.793060302734375,2.357893943786621,0.6874033808708191,0.18733938038349152,0.5631004571914673,-5.60766077041626,-8.84911060333252,-13.73768138885498,-17.296598434448242,-16.68036651611328,-18.038829803466797,-21.163402557373047,-15.068623542785645,-2.9215242862701416,4.496913909912109
-3.6537232398986816,-4.9228949546813965,-3.589212417602539,-1.4621659517288208,2.5494561195373535,4.217278003692627,7.262079238891602,10.015442848205566,8.570367813110352,6.900724411010742,8.006234169006348,12.006999015808105,11.385451316833496,1.9466381072998047,-1.6407743692398071,2.9685144424438477,2.704403877258301,3.4714646339416504,4.561664581298828,3.5679688453674316,4.236265182495117,4.042534828186035,3.914783000946045,1.7502474784851074,2.678830862045288,3.3552911281585693,4.473831653594971,4.216818332672119,1.4326527118682861,-0.26224857568740845,-1.340060830116272,-0.1662571281194687,-0.5246604084968567,-10.386649131774902,-14.881765365600586,-16.36528778076172,-17.707908630371094,-16.78460693359375,-15.377427101135254,-15.50755786895752,-8.779136657714844,9.890524864196777,8.37741756439209
-6.514030933380127,-3.835313320159912,-2.8965413570404053,-1.8346837759017944,-0.03950972855091095,2.5816664695739746,7.460021018981934,5.343668460845947,0.7679807543754578,5.995114326477051,8.556764602661133,6.836198329925537,7.830300807952881,6.6625213623046875,-0.16063453257083893,5.5302019119262695,8.148506164550781,2.9025163650512695,-3.912052869796753,0.5479992032051086,4.550500869750977,4.463223457336426,2.70885968208313,0.2248501032590866,-0.8031460642814636,2.2514119148254395,3.5257368087768555,1.7985397577285767,-0.7911281585693359,-1.4886915683746338,-1.9693106412887573,-4.9649248123168945,-6.673870086669922,-12.380166053771973,-15.64217472076416,-15.179617881774902,-16.318811416625977,-15.926965713500977,-11.74579906463623,-9.963220596313477,-2.4533872604370117,16.90044403076172,7.9554290771484375
-2.686863422393799,-2.0868208408355713,0.21044686436653137,-0.8273985981941223,-1.1248903274536133,-0.00913904793560505,2.2007193565368652,0.9891467094421387,1.6646335124969482,8.116264343261719,12.800675392150879,12.0840425491333,12.298359870910645,12.073619842529297,4.9414873123168945,5.519998550415039,8.110281944274902,-2.806220054626465,-8.910957336425781,0.24711835384368896,6.502692699432373,6.58907413482666,4.374724864959717,4.820605278015137,0.40401458740234375,1.421595811843872,2.939767599105835,0.13643310964107513,-2.385488510131836,-2.2468810081481934,-6.897948741912842,-11.288110733032227,-11.401437759399414,-10.832917213439941,-12.796148300170898,-13.462628364562988,-14.540712356567383,-13.446168899536133,-10.091760635375977,-5.943267822265625,4.098308563232422,15.95684814453125,11.48024845123291
1.9045335054397583,0.5107900500297546,0.4073747396469116,0.6466737389564514,-2.513813018798828,-3.9971866607666016,-1.562074065208435,3.126352071762085,6.200536251068115,10.393478393554688,14.055970191955566,14.437788009643555,14.407057762145996,12.97527027130127,2.8498640060424805,-0.5218086242675781,4.717433452606201,-1.3097347021102905,-5.4285101890563965,1.1661466360092163,6.612966060638428,8.070856094360352,7.3841142654418945,8.31827163696289,6.185685634613037,2.4815714359283447,-0.722939133644104,-4.02083683013916,-4.655159950256348,-7.370280742645264,-11.532724380493164,-12.545283317565918,-11.53165340423584,-9.623640060424805,-9.248920440673828,-9.693536758422852,-11.90627384185791,-11.55373477935791,-6.054307460784912,0.9843962788581848,9.488531112670898,13.926697731018066,10.208328247070312
6.370344161987305,2.9750287532806396,3.074974775314331,4.050268650054932,-0.8786396980285645,-3.755009412765503,-1.713974118232727,1.1425232887268066,9.683902740478516,14.212006568908691,13.980265617370605,12.869004249572754,12.831549644470215,8.685197830200195,-1.7742626667022705,-0.8277641534805298,2.6525518894195557,7.41761589050293,2.1386682987213135,1.8692541122436523,5.713104248046875,7.650602340698242,8.24217414855957,8.562755584716797,8.853658676147461,-0.5908284783363342,-7.138847827911377,-7.356261253356934,-8.02380657196045,-10.231045722961426,-12.722502708435059,-12.775152206420898,-10.897794723510742,-11.422731399536133,-9.496503829956055,-3.157062292098999,-0.15997055172920227,-4.748844623565674,3.066431760787964,11.758525848388672,6.727961540222168,-0.19500814378261566,2.2980995178222656
10.270283699035645,7.487002849578857,6.965084075927734,7.260622501373291,5.974036693572998,1.986818790435791,-0.17765364050865173,-2.1745219230651855,8.493614196777344,15.472323417663574,13.592885971069336,10.582405090332031,7.95070743560791,0.8793392181396484,-0.6236465573310852,2.801229953765869,5.4262285232543945,8.257732391357422,5.778473377227783,1.3409723043441772,3.3532493114471436,6.454312324523926,6.231544017791748,6.166123867034912,4.099043369293213,-7.38822078704834,-9.577798843383789,-10.607121467590332,-11.2178316116333,-11.169229507446289,-11.622469902038574,-12.250519752502441,-11.002534866333008,-12.834450721740723,-8.898628234863281,0.8572137355804443,13.29068374633789,8.888166427612305,9.970088005065918,6.254277229309082,-7.029217720031738,-5.250221252441406,2.984992742538452
8.811847686767578,11.114812850952148,13.63690185546875,10.94310474395752,10.19839859008789,6.636168479919434,-2.1316068172454834,-1.5815950632095337,6.8339080810546875,14.190783500671387,12.145681381225586,10.19347858428955,-0.9060956835746765,-3.218066930770874,1.32096529006958,6.4720282554626465,7.586008071899414,6.321697235107422,7.657609939575195,4.704766750335693,1.8958901166915894,2.7330689430236816,-0.1496679186820984,-1.9287136793136597,-6.957871437072754,-9.673344612121582,-10.530549049377441,-12.15079402923584,-11.30964183807373,-9.110590934753418,-7.805171012878418,-14.158334732055664,-13.821188926696777,-12.793244361877441,-4.602017402648926,4.507376670837402,15.577407836914062,17.09571647644043,7.024415969848633,-2.9908273220062256,0.9509074091911316,0.14298589527606964,0.10045478492975235
6.466871738433838,10.649785995483398,16.114421844482422,14.136963844299316,11.679410934448242,8.651602745056152,2.9009313583374023,0.5118468999862671,2.8213367462158203,8.537494659423828,10.2410306930542,7.9313130378723145,-6.681281566619873,-1.4099608659744263,5.44852352142334,10.297038078308105,11.557002067565918,8.608267784118652,10.22335433959961,9.866000175476074,5.516589641571045,1.3870625495910645,-7.302513122558594,-7.449244976043701,-9.377047538757324,-10.434298515319824,-11.320509910583496,-12.063791275024414,-10.088251113891602,-3.1163439750671387,-0.40979623794555664,-21.385574340820312,-17.75568199157715,-10.626367568969727,0.2197214663028717,9.250431060791016,13.39364242553711,15.3985595703125,2.5384316444396973,0.9223098158836365,8.289505004882812,-1.4896916151046753,-0.15746794641017914
4.101574420928955,7.7959113121032715,13.727060317993164,15.804420471191406,14.751554489135742,12.350764274597168,9.694794654846191,1.3828771114349365,-2.17527437210083,6.251054763793945,9.360358238220215,4.975625514984131,0.40151217579841614,4.6458635330200195,10.752954483032227,14.131638526916504,16.056339263916016,11.481712341308594,9.921785354614258,11.131569862365723,8.279515266418457,0.6468687653541565,-14.757729530334473,-11.711464881896973,-11.084918975830078,-12.264192581176758,-13.492937088012695,-10.84036636352539,-3.5687122344970703,2.9112401008605957,-8.614459991455078,-17.82138442993164,-14.48651123046875,-8.704442024230957,1.0601781606674194,7.229192733764648,16.208711624145508,12.62946891784668,-1.4026437997817993,3.0516231060028076,2.7197041511535645,-5.122360706329346,6.209978103637695
2.687713146209717,4.194194316864014,9.405924797058105,8.25983715057373,5.199915885925293,6.577919006347656,10.554777145385742,1.9998115301132202,-2.7174692153930664,2.248830795288086,9.474634170532227,11.153515815734863,9.876190185546875,9.856355667114258,12.088199615478516,14.808514595031738,18.28407859802246,13.093765258789062,5.95668888092041,7.422950267791748,1.7309582233428955,-8.812084197998047,-15.881779670715332,-15.770853996276855,-14.290238380432129,-16.98932456970215,-16.73592758178711,-5.821041107177734,6.778573513031006,-4.4102020263671875,-14.351436614990234,-12.969056129455566,-8.307577133178711,-1.81986403465271,6.646411418914795,7.802440166473389,13.445525169372559,-3.717350721359253,-3.6606149673461914,-6.458198547363281,-8.85017204284668,-7.325139999389648,0.8703412413597107
