data/wind_data/wind_Surface_44.json
{"header": {"parameterUnit": "KT", "parameterCategory": 2, "nx": 255, "ny": 198, "lo1": 44.73521041870117, "la1": -3.236724853515625, "lo2": 111.26478576660156, "la2": 43.468475341796875, "dx": 0.26192745566368103, "dy": -0.23708222806453705, "refTime": "2025-02-20 20:00:00", "forecastTime": 0, "parameterNumber": 3, "parameterNumberName": "northward_wind"}, "data":
[rows 171 to 189 of 198, columns 43 to 85 of 255]
3.6550071239471436,5.107572555541992,4.479753494262695,5.62755012512207,6.974090099334717,8.052041053771973,7.927637100219727,6.326071262359619,3.2575902938842773,0.9707948565483093,0.640241801738739,2.3177783489227295,3.0116803646087646,3.1762304306030273,3.3512284755706787,4.005189895629883,4.661077499389648,5.113431930541992,5.446153163909912,5.483523368835449,5.514370441436768,5.521109104156494,5.163190841674805,4.134890556335449,3.3739302158355713,2.974785804748535,2.7349486351013184,2.620149612426758,2.651089906692505,2.560853958129883,2.414539337158203,2.478825807571411,2.5900135040283203,2.04404616355896,1.8617271184921265,1.7057147026062012,0.7721045613288879,1.2738995552062988,4.59492301940918,7.7788896560668945,9.454681396484375,5.7402729988098145,-2.054553747177124
0.9692977666854858,3.9431357383728027,4.501134872436523,6.484414100646973,7.687048435211182,6.053800582885742,2.922325611114502,1.4087347984313965,1.0803416967391968,1.726731777191162,3.149320363998413,3.4127156734466553,3.3836562633514404,3.5448546409606934,3.5533206462860107,3.8329508304595947,4.069020748138428,4.076298713684082,4.150413513183594,4.391473293304443,4.474179744720459,4.275003910064697,4.225762367248535,3.7184391021728516,3.2495779991149902,2.9533889293670654,2.91438364982605,2.8988966941833496,2.7344353199005127,2.5411617755889893,2.371704339981079,2.161902904510498,1.7847020626068115,1.2157480716705322,1.0849101543426514,1.5822975635528564,2.027733325958252,1.776149868965149,2.56658673286438,4.256896018981934,3.5821776390075684,0.6210038661956787,-1.0050863027572632
-1.867331624031067,1.1293208599090576,4.259420871734619,5.473553657531738,2.85646915435791,-0.11384924501180649,-1.971490740776062,0.4929599165916443,2.361482620239258,2.9056107997894287,3.5566484928131104,3.894446849822998,3.918220281600952,4.049480438232422,4.199275493621826,4.161635398864746,3.9680306911468506,3.7714319229125977,3.7444679737091064,3.9974801540374756,4.1786208152771,3.9137911796569824,3.551642656326294,3.1550166606903076,2.792759418487549,2.55749773979187,2.575873374938965,2.6531128883361816,2.4867427349090576,2.1673436164855957,1.90706205368042,1.4196170568466187,1.0141538381576538,1.0625879764556885,0.8296598196029663,0.4735676944255829,1.0206247568130493,1.5421533584594727,1.4280270338058472,2.0955114364624023,3.0928165912628174,4.352134704589844,6.658618450164795
-0.8863978981971741,-0.22188161313533783,0.7479506134986877,0.09713578969240189,-2.5866565704345703,-3.4101192951202393,-1.4957938194274902,1.857796311378479,3.570652484893799,4.09658145904541,4.325577735900879,4.521177768707275,4.639570236206055,4.526468753814697,4.648199558258057,4.518681526184082,4.352398872375488,4.331712245941162,4.266419887542725,4.18961238861084,4.161398410797119,3.914733409881592,3.4691452980041504,2.853945016860962,2.3798348903656006,2.2168052196502686,2.167346477508545,2.1768229007720947,2.1034629344940186,1.7803136110305786,1.5986071825027466,1.160923719406128,1.0851508378982544,1.5145562887191772,1.2512929439544678,0.39666470885276794,0.18460306525230408,0.6512357592582703,0.9408364295959473,1.5445195436477661,3.5199809074401855,6.822942733764648,8.940584182739258
-0.7043336629867554,-1.5238460302352905,-2.537999391555786,-3.142157554626465,-4.585667133331299,-4.003065586090088,0.018831785768270493,2.5827155113220215,4.334813117980957,4.764384746551514,4.912135601043701,4.929880142211914,5.389068126678467,5.454470634460449,5.138144016265869,4.747657299041748,4.714807987213135,4.7588677406311035,4.601268291473389,4.333261013031006,3.708453416824341,3.3009023666381836,3.102473735809326,2.660262107849121,2.3264241218566895,2.1324985027313232,1.9094538688659668,1.7808032035827637,1.6945443153381348,1.5546432733535767,1.097827672958374,0.9810085892677307,1.2816203832626343,1.4068621397018433,1.1020480394363403,0.8169608116149902,1.064692735671997,1.579731822013855,1.0604968070983887,-1.2143118381500244,-3.355851411819458,-3.1546378135681152,1.59364914894104
-2.2836499214172363,-3.3830363750457764,-4.022780895233154,-3.9666473865509033,-5.205836296081543,-3.3549041748046875,1.3463250398635864,3.5365285873413086,4.163782596588135,4.4371185302734375,5.257514476776123,5.686254501342773,6.1492228507995605,6.182730197906494,5.338155269622803,4.792285919189453,4.878517150878906,4.708714008331299,4.319321632385254,3.690866708755493,3.066263198852539,2.6158995628356934,2.4109017848968506,2.3232357501983643,2.2694928646087646,2.0257508754730225,1.736647129058838,1.4976624250411987,1.267045259475708,0.8046517372131348,0.4338981509208679,0.6471704840660095,0.8486995697021484,0.4576593339443207,0.3755755126476288,1.128696322441101,1.2345361709594727,0.5879530310630798,0.22574539482593536,0.025719819590449333,-2.1269288063049316,-3.1321990489959717,1.082460880279541
-2.5633463859558105,-3.2580602169036865,-3.476792812347412,-3.8375539779663086,-4.135008335113525,-1.4696004390716553,2.250244140625,3.7614312171936035,3.8691775798797607,4.238099098205566,5.373116493225098,6.360820770263672,6.788454532623291,6.341386795043945,5.47504186630249,5.108235836029053,5.225771427154541,5.015063285827637,4.474802017211914,3.8078460693359375,3.5135231018066406,3.115431308746338,2.6448168754577637,2.25838041305542,2.011051654815674,1.6025722026824951,1.2529315948486328,1.0746899843215942,0.576651394367218,0.2941347360610962,0.29415619373321533,0.41450396180152893,0.36744946241378784,0.11549316346645355,-0.11166411638259888,-0.24255108833312988,-1.1004582643508911,-2.521467924118042,-2.530493974685669,1.8623647689819336,4.4396562576293945,5.5903472900390625,7.295931339263916
-2.2268269062042236,-3.0155253410339355,-3.075920343399048,-3.3336310386657715,-2.414299249649048,0.2425786405801773,2.8593380451202393,3.4051263332366943,4.248592376708984,5.412049770355225,6.235715389251709,7.070242404937744,7.330358028411865,7.0715813636779785,6.479964256286621,6.073415756225586,5.859739780426025,5.476169586181641,4.812098979949951,4.326412200927734,4.203524112701416,3.9071688652038574,3.296116352081299,2.514988660812378,1.8761093616485596,1.1683601140975952,0.7140269875526428,0.5962456464767456,0.4014793038368225,0.6015663743019104,0.7078086137771606,0.35065582394599915,-0.06743591278791428,-0.332248717546463,-0.8919165134429932,-1.8304277658462524,-1.7902730703353882,-1.1046847105026245,-1.812170147895813,-0.36046120524406433,3.8240139484405518,5.856518268585205,5.022151470184326
-2.6765518188476562,-2.8026888370513916,-2.210029125213623,-2.7809219360351562,-0.5883881449699402,1.8726460933685303,2.844177484512329,3.687260627746582,5.229770660400391,6.2463226318359375,6.808080196380615,7.553154468536377,7.85045051574707,8.085291862487793,7.690781593322754,6.972713947296143,6.028451919555664,5.280378341674805,4.776310443878174,4.461381912231445,4.306233882904053,3.948143243789673,3.4230566024780273,2.7914369106292725,2.152271032333374,1.4068375825881958,0.9816671013832092,0.737327516078949,0.5834261775016785,0.7980737686157227,0.7815788984298706,0.294283926486969,-0.365634024143219,-0.668705940246582,-0.4017643630504608,0.30063360929489136,0.6295841336250305,0.17403307557106018,-1.6863529682159424,-3.506810426712036,-2.9053046703338623,-1.3694093227386475,-1.9071576595306396
-2.204148054122925,-0.9707103371620178,-0.46112024784088135,-1.8074063062667847,1.069779396057129,3.3199656009674072,3.3350253105163574,4.142592906951904,5.618669509887695,6.2224955558776855,6.798157691955566,7.320521831512451,7.691887855529785,7.9259538650512695,7.482431411743164,6.6046142578125,5.502493858337402,4.89257287979126,4.8567047119140625,4.628242492675781,4.324695110321045,3.837620973587036,3.42879319190979,3.0415568351745605,2.4943416118621826,1.7304319143295288,1.1525418758392334,0.6681442856788635,0.3798077702522278,0.08619832247495651,-0.28900158405303955,-0.20296519994735718,0.5500995516777039,0.9289743900299072,1.3459995985031128,2.38089656829834,1.627764344215393,-0.6891135573387146,-2.46252703666687,-3.6373074054718018,-4.686636447906494,-3.825456380844116,-1.9410101175308228
-0.38675233721733093,0.7689815759658813,0.30806541442871094,0.29505524039268494,2.8214166164398193,4.190385341644287,4.632967472076416,5.448947429656982,6.246200084686279,6.5980119705200195,6.969386577606201,7.002451419830322,7.212385654449463,7.051029205322266,6.533026695251465,5.87711238861084,5.202191352844238,4.91207218170166,4.9908976554870605,4.832131385803223,4.383714199066162,3.7932324409484863,3.47934889793396,3.175278902053833,2.546046495437622,1.8862839937210083,1.546547770500183,1.3494586944580078,0.46238115429878235,-1.4805935621261597,-3.1220831871032715,-3.202850818634033,-0.2880874574184418,3.239316701889038,3.5739965438842773,3.5648036003112793,3.657269239425659,3.2156577110290527,2.25339674949646,0.9698621034622192,-0.158187136054039,0.0605306439101696,1.9863903522491455
1.3353426456451416,1.6669663190841675,0.4442553222179413,2.49399471282959,3.629420518875122,5.086765289306641,6.470153331756592,7.061039447784424,7.404748916625977,7.506394863128662,7.447237491607666,7.189572334289551,6.840639591217041,6.4893975257873535,6.073927879333496,5.640705585479736,5.263668537139893,5.253523826599121,5.187625885009766,4.892794609069824,4.381864070892334,3.722919225692749,3.3544228076934814,3.042179822921753,2.44551420211792,2.117792844772339,2.292675256729126,2.1603002548217773,0.18037497997283936,-2.81831955909729,-5.29095458984375,-5.640469551086426,-3.402916431427002,3.0234782695770264,5.836966514587402,6.141755104064941,6.826040744781494,8.421823501586914,8.530167579650879,7.670750617980957,7.071488857269287,6.409512996673584,6.600459575653076
2.7117960453033447,1.6438307762145996,1.3294918537139893,3.7004404067993164,3.9899656772613525,5.858497142791748,7.1872758865356445,7.789566516876221,8.080195426940918,7.982135772705078,7.68052864074707,7.297176837921143,6.691110134124756,6.285951137542725,5.988400459289551,5.583120822906494,5.23738956451416,5.288391590118408,5.08944034576416,4.864422798156738,4.5673112869262695,3.8247835636138916,3.224133014678955,2.9086620807647705,2.693155527114868,2.5300397872924805,2.515942096710205,1.460692048072815,-0.15730564296245575,-1.7691688537597656,-3.6057519912719727,-4.7581377029418945,-4.273688316345215,0.6824273467063904,5.171838760375977,5.750798225402832,5.606049537658691,5.78185510635376,7.163967132568359,8.555913925170898,9.450867652893066,8.777471542358398,6.500415802001953
2.6550610065460205,1.0254509449005127,1.9564476013183594,3.934998035430908,4.988214492797852,5.728374004364014,6.950035572052002,7.584099769592285,7.878617286682129,7.959925174713135,7.7443742752075195,7.339371204376221,6.738974094390869,6.255002975463867,5.92957878112793,5.477998733520508,5.035761833190918,4.860049724578857,4.738981246948242,4.76294469833374,4.490170955657959,3.6375174522399902,2.9223380088806152,2.8885505199432373,3.2287535667419434,3.401014566421509,2.733011484146118,1.4912166595458984,0.7442500591278076,0.09133695811033249,-1.3531520366668701,-3.403648853302002,-3.6746559143066406,-1.6866841316223145,0.5317564606666565,1.0978270769119263,0.9082294702529907,0.9873555898666382,1.8137255907058716,2.4346940517425537,3.3973636627197266,4.148785591125488,2.6291542053222656
2.206169605255127,1.912285327911377,3.0561952590942383,4.29652214050293,5.140928268432617,5.461677074432373,6.237407684326172,6.679383277893066,6.851670742034912,7.291842937469482,7.420476913452148,7.149412155151367,6.576388835906982,6.138016223907471,5.798613548278809,5.34376859664917,4.77410888671875,4.519878387451172,4.3354620933532715,4.235146522521973,3.7876815795898438,3.0843448638916016,2.44545316696167,2.475898265838623,3.2775397300720215,4.1632819175720215,3.6768100261688232,2.9844486713409424,3.098407745361328,2.755805730819702,0.49064743518829346,-3.1417899131774902,-5.161108016967773,-4.798900127410889,-3.058847188949585,-0.9871945381164551,0.30782175064086914,0.35506725311279297,0.007285192143172026,-0.2570817768573761,0.004240391310304403,-0.05783829465508461,-1.055307149887085
3.447925090789795,3.8644683361053467,3.8360390663146973,4.539185047149658,5.245142936706543,5.826550483703613,5.913296222686768,6.3847784996032715,6.089423179626465,6.468311309814453,6.659359931945801,6.667850494384766,6.265383720397949,5.861117362976074,5.486392974853516,4.892961025238037,4.473699569702148,4.055149078369141,3.6270511150360107,3.3223257064819336,3.04007887840271,2.9119269847869873,2.4950404167175293,2.1707096099853516,2.883047103881836,3.918055772781372,4.433806896209717,5.236998081207275,6.3571696281433105,6.289627552032471,3.5637850761413574,-0.6525620818138123,-3.8929216861724854,-4.449636936187744,-2.1805050373077393,0.5827162265777588,1.7028025388717651,1.4635637998580933,1.1974585056304932,1.1581919193267822,1.01919686794281,0.16161613166332245,-0.9163036346435547
4.326481342315674,4.151217937469482,4.725906848907471,5.329697608947754,5.723387241363525,6.22613525390625,6.290561199188232,6.168667316436768,5.511341571807861,5.610153675079346,5.763636112213135,5.951667308807373,5.830967426300049,5.293449401855469,4.605023384094238,3.6257152557373047,3.3532114028930664,3.1940956115722656,2.732928991317749,2.7383930683135986,2.9181463718414307,3.0279760360717773,2.6614413261413574,1.9899628162384033,1.8120847940444946,2.321178913116455,2.761178731918335,3.779890775680542,5.495314598083496,6.173166751861572,5.879613399505615,4.862600326538086,2.811955690383911,0.9152517318725586,-0.07253675162792206,0.6821916699409485,1.2128963470458984,1.0490635633468628,1.0706865787506104,0.9461830854415894,0.6599932909011841,0.5333601832389832,0.20410272479057312
3.701470136642456,3.7508018016815186,5.245563507080078,5.601560592651367,5.559736728668213,6.01745080947876,6.480482578277588,6.0042219161987305,5.173065185546875,5.097421646118164,4.980344295501709,4.972769260406494,5.028343200683594,4.442541122436523,3.4298832416534424,2.6403160095214844,2.373919725418091,2.0838422775268555,1.80534029006958,2.1158299446105957,2.648513078689575,2.9946398735046387,2.621656894683838,1.6875022649765015,1.0203038454055786,0.47802960872650146,0.02534131333231926,0.03330780193209648,0.74637770652771,1.4491885900497437,3.215684175491333,5.96195125579834,6.445559978485107,3.9465439319610596,-0.4740147888660431,-1.5152548551559448,-0.9606640934944153,-0.2532191574573517,0.09190324693918228,0.2547932267189026,0.374460905790329,0.569351315498352,0.468135803937912
2.9037556648254395,3.7536489963531494,4.794987678527832,5.067593574523926,4.936010360717773,5.321523666381836,6.089755058288574,5.163156032562256,4.765268325805664,4.590317726135254,4.347924709320068,4.242378234863281,4.271256446838379,3.988159656524658,3.2281060218811035,2.9574813842773438,2.6666858196258545,1.9166135787963867,1.2690012454986572,1.5916221141815186,2.298734188079834,2.7409677505493164,2.5995280742645264,2.090075731277466,1.2100939750671387,0.36686190962791443,0.06108703836798668,-0.26728197932243347,-1.6308257579803467,-2.607591390609741,-1.9038820266723633,0.3404153883457184,1.8072980642318726,0.5884588956832886,-2.022136926651001,-2.7961056232452393,-2.4240283966064453,-1.414275050163269,-0.638193666934967,-0.10234841704368591,0.33739137649536133,0.5914676785469055,0.46354585886001587
