data/wind_data/wind_24_5.json
{"header": {"parameterUnit": "KT", "parameterCategory": 2, "nx": 256, "ny": 198, "lo1": 44.73521041870117, "la1": -3.236724853515625, "lo2": 111.26478576660156, "la2": 43.468475341796875, "dx": 0.2609002888202667, "dy": -0.23708222806453705, "refTime": "2025-02-20 00:00:00", "forecastTime": 0, "parameterNumber": 2, "parameterNumberName": "eastward_wind"}, "data":
[rows 114 to 132 of 198, columns 176 to 219 of 256]
27.25050926208496,28.15359878540039,29.576427459716797,31.014781951904297,32.33138656616211,33.35997009277344,33.53464889526367,33.038719177246094,32.67681121826172,32.857933044433594,33.34775161743164,34.26304244995117,35.779624938964844,36.93727111816406,37.70253372192383,38.618003845214844,38.9058837890625,38.51640701293945,37.333614349365234,36.53414535522461,36.87785720825195,37.193115234375,36.542747497558594,36.17561340332031,36.2731819152832,35.41529083251953,34.95206069946289,37.043277740478516,42.322044372558594,47.24165344238281,48.24114227294922,48.275943756103516,49.72671890258789,51.38185119628906,51.02516555786133,48.605098724365234,45.12155532836914,44.431095123291016,47.07626724243164,48.85681915283203,46.397647857666016,40.52070236206055,40.906272888183594,45.99820327758789
28.721830368041992,29.016141891479492,29.769027709960938,30.69524383544922,31.721132278442383,32.71498489379883,33.268348693847656,33.19700241088867,33.18451690673828,33.399105072021484,33.8489875793457,34.49525833129883,35.20335388183594,36.280853271484375,37.49827575683594,38.657711029052734,40.06746292114258,40.949623107910156,39.134864807128906,36.11326599121094,34.818328857421875,34.764583587646484,33.812744140625,33.16816711425781,33.140342712402344,32.46113204956055,32.82759094238281,34.9442024230957,38.90259552001953,44.54250717163086,47.979976654052734,49.0026969909668,50.53361511230469,52.56293869018555,52.52167510986328,49.59589385986328,44.18574142456055,43.127685546875,45.64927291870117,46.901634216308594,43.00849533081055,36.76154708862305,38.36658477783203,43.452972412109375
30.27568817138672,30.55199432373047,31.1551456451416,31.86419677734375,32.673526763916016,33.47811508178711,33.977867126464844,34.06777572631836,34.17363357543945,34.57770538330078,35.087677001953125,35.411014556884766,35.444801330566406,35.87659454345703,37.01408386230469,38.56404113769531,39.90282440185547,40.054481506347656,37.71094512939453,33.95361328125,31.11832046508789,29.630474090576172,28.40452003479004,28.013568878173828,28.817337036132812,29.4511661529541,30.08036231994629,31.734580993652344,35.99393081665039,43.015689849853516,48.45793151855469,50.36890411376953,51.20105743408203,52.45807647705078,52.00986862182617,48.54795455932617,42.021121978759766,40.942623138427734,42.89389419555664,42.20722579956055,36.385093688964844,32.35367202758789,35.78242874145508,40.53117370605469
32.04998016357422,32.44351577758789,32.92613983154297,33.412776947021484,34.123878479003906,34.86967086791992,35.27421188354492,35.20497512817383,35.309112548828125,35.814334869384766,35.99017333984375,35.62238311767578,34.9422607421875,34.74290466308594,35.23028564453125,36.198184967041016,37.13570022583008,37.10166931152344,35.19048309326172,32.09186935424805,27.838729858398438,24.191526412963867,22.620981216430664,22.89356803894043,25.12239646911621,27.078411102294922,27.13088035583496,28.083131790161133,33.216461181640625,41.05598068237305,47.04252624511719,49.220394134521484,49.83700180053711,50.71723175048828,49.87606430053711,46.44386291503906,39.743690490722656,39.27606201171875,41.267879486083984,36.80877685546875,28.533042907714844,26.799821853637695,30.532800674438477,34.782588958740234
33.408077239990234,34.023414611816406,34.43769073486328,34.866817474365234,35.529823303222656,36.243370056152344,36.61202621459961,36.6495475769043,36.55903625488281,36.2512092590332,35.46770477294922,34.49227523803711,33.82818603515625,32.99977493286133,31.958995819091797,30.91339874267578,30.879167556762695,31.606189727783203,32.08039093017578,30.824996948242188,27.399364471435547,23.445167541503906,19.88972282409668,18.691635131835938,21.34432029724121,23.739988327026367,23.83030128479004,26.026071548461914,31.649890899658203,37.21653366088867,41.409854888916016,43.769744873046875,44.88496780395508,46.48615264892578,46.1544075012207,42.92967987060547,37.69874954223633,36.48666763305664,38.33540344238281,32.562599182128906,23.282724380493164,23.878421783447266,27.310579299926758,30.619585037231445
34.171112060546875,34.64932632446289,35.06734085083008,35.95710754394531,36.98838424682617,37.74320602416992,37.954978942871094,37.53380584716797,36.66559982299805,35.500518798828125,34.05927276611328,32.971763610839844,32.00508499145508,30.298681259155273,27.81783676147461,24.871068954467773,22.945417404174805,23.964935302734375,26.48086929321289,27.031654357910156,24.976709365844727,21.395191192626953,17.65854263305664,17.811552047729492,20.040546417236328,19.83308982849121,19.471450805664062,23.099281311035156,28.960094451904297,31.824926376342773,33.800575256347656,36.26201248168945,38.47489547729492,41.40721130371094,41.45257568359375,38.42329025268555,35.003231048583984,33.14151382446289,34.54351806640625,30.622692108154297,21.1346378326416,23.898815155029297,27.924877166748047,30.680253982543945
34.57590103149414,34.538997650146484,35.56303024291992,37.440399169921875,38.70144271850586,38.478477478027344,38.30097579956055,37.62540817260742,36.3475341796875,35.06954574584961,33.34127426147461,32.55573272705078,31.005773544311523,28.473194122314453,25.350360870361328,21.65890884399414,18.684463500976562,16.769351959228516,15.9288969039917,16.261314392089844,17.07101058959961,17.56908416748047,18.69755744934082,21.34324073791504,21.28377342224121,17.424549102783203,14.334254264831543,16.459148406982422,21.851600646972656,25.72034454345703,28.753284454345703,30.720712661743164,32.18120193481445,34.788658142089844,35.927833557128906,35.63553237915039,32.10009002685547,28.944826126098633,30.95806884765625,31.90520668029785,25.991044998168945,23.033550262451172,27.90940284729004,32.77224349975586
34.56924057006836,34.56907272338867,36.104068756103516,37.83161926269531,38.45673751831055,37.46720504760742,37.00447463989258,36.363346099853516,34.910789489746094,34.524253845214844,33.55436706542969,34.008304595947266,32.3906135559082,28.21693992614746,22.9536190032959,17.91001319885254,12.894187927246094,8.975178718566895,8.052312850952148,9.513907432556152,11.700318336486816,14.307589530944824,18.420835494995117,22.69940948486328,21.81834602355957,14.364574432373047,11.011725425720215,12.488091468811035,16.847482681274414,22.700651168823242,26.385873794555664,26.649232864379883,26.560287475585938,28.118932723999023,30.83188247680664,32.879905700683594,28.422016143798828,27.3456974029541,31.267366409301758,32.383697509765625,32.45995330810547,27.78589630126953,26.455995559692383,31.787954330444336
33.99314880371094,33.43701171875,34.433197021484375,35.48612594604492,36.225738525390625,37.540000915527344,37.16923141479492,35.634033203125,33.99314880371094,34.135929107666016,34.47544860839844,35.11455154418945,33.54165267944336,28.45393180847168,20.881868362426758,13.62987995147705,8.530374526977539,6.588996887207031,6.433868408203125,7.300439834594727,8.278539657592773,10.429523468017578,16.548959732055664,23.001405715942383,22.322128295898438,15.285648345947266,13.320086479187012,14.148810386657715,16.226945877075195,21.041776657104492,23.80742073059082,25.029356002807617,26.1700496673584,28.207605361938477,31.78262710571289,32.62409973144531,29.084697723388672,30.159011840820312,33.63872528076172,34.86356735229492,34.83882141113281,31.74079704284668,30.45611572265625,32.25125503540039
33.179203033447266,31.8924560546875,33.3868522644043,35.324371337890625,36.99933624267578,38.30056381225586,44.50466537475586,40.76460647583008,35.419471740722656,34.77587890625,32.520023345947266,29.476369857788086,27.384992599487305,23.69677734375,17.359251022338867,11.653240203857422,9.278076171875,7.916866302490234,5.9061174392700195,5.263309955596924,6.015260219573975,8.554039001464844,15.286564826965332,22.50959014892578,25.555770874023438,24.17168426513672,21.54591178894043,19.819128036499023,20.146902084350586,21.622053146362305,24.41363525390625,26.85374641418457,28.928380966186523,31.79979705810547,35.61149597167969,36.137508392333984,33.4265251159668,33.5009765625,36.12440872192383,37.00436782836914,36.242156982421875,32.865692138671875,30.34634780883789,33.47869110107422
34.61480712890625,31.412151336669922,34.359130859375,37.30183029174805,37.966575622558594,38.712833404541016,41.86650848388672,43.248817443847656,38.07565689086914,36.076358795166016,30.40899658203125,25.57990837097168,23.448028564453125,20.218595504760742,15.056549072265625,11.641087532043457,10.95218563079834,9.399723052978516,6.839433193206787,6.390800952911377,9.174603462219238,13.172869682312012,17.879671096801758,23.94955062866211,31.23219108581543,32.32332992553711,30.377859115600586,28.157487869262695,25.675687789916992,26.13820457458496,27.6328182220459,28.532297134399414,30.579225540161133,33.73416519165039,37.222747802734375,38.73135757446289,36.9421272277832,36.2487678527832,38.13289260864258,40.040103912353516,40.547080993652344,37.27022933959961,32.6239013671875,33.833892822265625
33.53565216064453,29.980878829956055,34.048770904541016,37.99441909790039,39.80377197265625,40.263912200927734,40.76023864746094,41.29225158691406,39.15407180786133,36.610618591308594,33.04946517944336,27.78415298461914,23.611658096313477,20.957380294799805,17.447744369506836,14.219226837158203,12.906534194946289,12.73308277130127,11.954562187194824,12.070417404174805,16.652158737182617,22.57282066345215,26.02736473083496,28.037067413330078,31.84980010986328,34.601341247558594,36.216835021972656,35.874698638916016,34.06239700317383,33.41899871826172,32.6168212890625,31.439542770385742,32.61886215209961,34.87548065185547,37.49723434448242,39.5899543762207,38.76831817626953,36.46464538574219,36.85999298095703,39.4700927734375,43.39557647705078,43.38929748535156,37.76801300048828,35.45488739013672
34.507389068603516,34.6646614074707,37.402408599853516,40.074607849121094,41.461063385009766,41.86869812011719,41.6355094909668,41.27360153198242,38.99113845825195,36.75279998779297,36.29725646972656,32.92243576049805,27.9178466796875,24.919858932495117,21.48789405822754,17.15892219543457,15.02724552154541,16.40452003479004,18.184785842895508,19.294235229492188,22.565086364746094,28.315227508544922,30.929214477539062,29.841262817382812,28.93071174621582,31.3060359954834,36.242591857910156,37.83443069458008,33.56135177612305,31.891822814941406,32.4988899230957,33.730552673339844,35.54032516479492,36.960323333740234,38.92213439941406,41.563411712646484,42.16803741455078,39.90436553955078,38.7059211730957,39.23431396484375,41.326698303222656,42.521419525146484,40.25578689575195,37.80306625366211
36.071563720703125,37.139766693115234,38.72789001464844,39.626129150390625,40.17549514770508,40.665931701660156,40.54462432861328,40.789363861083984,38.0562858581543,35.5757942199707,36.14824295043945,35.8015251159668,31.95289421081543,27.302690505981445,22.632883071899414,17.820369720458984,16.287235260009766,19.546886444091797,22.257505416870117,22.400922775268555,23.274871826171875,27.563011169433594,30.77726173400879,31.089866638183594,29.9472599029541,30.616018295288086,34.647762298583984,37.035789489746094,34.446685791015625,32.743125915527344,34.78410339355469,37.12800979614258,37.849857330322266,38.467044830322266,40.64588165283203,44.083072662353516,45.61100769042969,43.85292434692383,41.1448974609375,40.84105682373047,42.791656494140625,41.78539276123047,38.99348449707031,33.808170318603516
35.8405876159668,37.06336212158203,36.56911849975586,36.649688720703125,37.43216323852539,37.38395690917969,37.35466003417969,37.05998611450195,34.144622802734375,31.93817901611328,32.36969757080078,33.63951873779297,31.25289535522461,25.375308990478516,19.744943618774414,16.35222625732422,15.880656242370605,19.381254196166992,21.216678619384766,22.262371063232422,24.150609970092773,27.76329231262207,30.887508392333984,33.93536376953125,33.301475524902344,34.16349411010742,36.86931228637695,38.26206588745117,38.2458610534668,36.9566535949707,38.45527267456055,40.36381530761719,40.3404655456543,40.5955810546875,42.78209686279297,45.90643310546875,47.27741622924805,45.630271911621094,40.54075241088867,39.334571838378906,41.34659194946289,41.760032653808594,37.86198425292969,30.865478515625
35.347530364990234,35.78017044067383,35.41242218017578,35.15507507324219,35.082061767578125,35.00102233886719,35.08747100830078,35.66044235229492,35.40201187133789,34.48129653930664,32.825172424316406,31.14055633544922,29.080015182495117,24.3238468170166,19.949382781982422,17.71513557434082,17.111894607543945,18.662004470825195,21.775676727294922,25.32387924194336,28.74930763244629,32.32832717895508,35.41244888305664,39.26485061645508,36.61077117919922,38.439964294433594,40.4980354309082,41.3715934753418,42.038116455078125,41.955867767333984,42.28080368041992,43.4818229675293,44.159278869628906,44.703163146972656,45.98575973510742,47.542518615722656,47.82997131347656,45.62807846069336,38.9146614074707,36.561424255371094,38.25295639038086,40.94889450073242,32.6474494934082,25.421754837036133
35.46528625488281,35.759490966796875,36.813026428222656,37.63563919067383,37.19913864135742,36.47486114501953,36.326942443847656,36.50609588623047,36.68871307373047,36.161258697509766,34.777095794677734,32.79011917114258,29.92578887939453,24.762903213500977,22.449377059936523,22.858854293823242,21.613525390625,21.44613265991211,23.87074089050293,28.551607131958008,32.50115966796875,35.35245895385742,38.669044494628906,41.064754486083984,40.39329147338867,40.49817657470703,42.45018768310547,43.778316497802734,44.497169494628906,44.15964889526367,44.12317657470703,45.18575668334961,46.66250228881836,48.03963088989258,48.703033447265625,48.90312957763672,47.23421096801758,43.2331657409668,36.24006271362305,32.90760803222656,35.608890533447266,39.40884780883789,31.85076141357422,21.628156661987305
34.93815994262695,37.410648345947266,37.56686782836914,36.549713134765625,33.94169235229492,31.326950073242188,32.19426727294922,33.48914337158203,32.321224212646484,30.61707305908203,29.881816864013672,28.767562866210938,27.749204635620117,27.013757705688477,27.03858184814453,27.56587028503418,26.43966293334961,26.987987518310547,29.180896759033203,32.312644958496094,34.61195755004883,35.534828186035156,38.25836181640625,38.73263931274414,39.42824935913086,39.8079719543457,41.76392364501953,43.44861602783203,44.33400344848633,43.8776741027832,43.24911117553711,44.22071838378906,47.177974700927734,49.97039794921875,50.14857482910156,48.757049560546875,44.84368133544922,39.43920135498047,33.04578399658203,31.09994888305664,35.130096435546875,38.260894775390625,34.363609313964844,18.01951789855957
34.705360412597656,38.958553314208984,37.59152603149414,31.92074966430664,26.76738166809082,25.357025146484375,24.41106605529785,23.452312469482422,23.00126838684082,24.293489456176758,25.575777053833008,25.487329483032227,26.42536735534668,28.65506935119629,29.794797897338867,28.851337432861328,28.993513107299805,29.553363800048828,31.05883026123047,32.53176498413086,33.71096420288086,34.355777740478516,37.29908752441406,37.16030502319336,39.22514724731445,39.18777084350586,41.280372619628906,42.85770797729492,43.16843032836914,42.463783264160156,41.79609298706055,42.568115234375,45.03697204589844,47.76017761230469,47.68872833251953,44.92055892944336,41.68949508666992,37.18927764892578,32.59693908691406,31.897932052612305,35.32421875,37.34512710571289,34.90263366699219,22.536468505859375
