data/wind_data/wind_4_6.json
{"header": {"parameterUnit": "KT", "parameterCategory": 2, "nx": 256, "ny": 198, "lo1": 44.73521041870117, "la1": -3.236724853515625, "lo2": 111.26478576660156, "la2": 43.468475341796875, "dx": 0.2609002888202667, "dy": -0.23708222806453705, "refTime": "2025-02-19 04:00:00", "forecastTime": 0, "parameterNumber": 2, "parameterNumberName": "eastward_wind"}, "data":
[rows 140 to 159 of 198, columns 44 to 87 of 256]
81.82019805908203,82.53498840332031,82.9937744140625,83.01408386230469,83.41204833984375,83.77293395996094,83.05671691894531,81.79811096191406,80.93268585205078,80.44147491455078,80.06116485595703,79.69686126708984,79.42240905761719,79.45503234863281,79.70919036865234,79.85807800292969,80.38836669921875,80.99502563476562,80.53449249267578,79.72181701660156,79.63619995117188,79.64702606201172,78.67317962646484,77.06968688964844,75.070068359375,73.71266174316406,72.79010009765625,72.76868438720703,72.48583984375,71.06370544433594,68.81942749023438,65.69966888427734,63.1141242980957,60.78371047973633,54.85952377319336,53.72950744628906,33.689369201660156,25.794946670532227,35.689300537109375,43.98930358886719,49.32871627807617,48.98626708984375,44.18741989135742,39.42006301879883
81.04586791992188,81.20052337646484,81.2891616821289,80.79077911376953,80.4921875,80.67377471923828,79.8393783569336,77.94898986816406,76.43291473388672,75.8843994140625,75.86133575439453,75.8676986694336,75.72283172607422,75.59133911132812,76.06880187988281,77.27734375,78.80941009521484,79.67424774169922,79.19976043701172,78.35460662841797,78.1545181274414,78.12277221679688,77.38350677490234,75.72911071777344,74.01097106933594,72.50596618652344,71.88203430175781,71.39733123779297,70.74199676513672,69.15638732910156,67.45801544189453,65.31970977783203,63.4378547668457,60.8994026184082,56.5362434387207,53.511714935302734,44.78229522705078,34.761749267578125,40.34964370727539,52.89605712890625,57.4094123840332,53.616416931152344,44.878719329833984,41.00701141357422
79.22148132324219,79.06672668457031,78.67051696777344,77.59688568115234,76.42101287841797,76.2596664428711,75.74099731445312,73.932861328125,72.2041244506836,71.78551483154297,72.42912292480469,73.41546630859375,74.03073120117188,74.11207580566406,74.98242950439453,76.7244644165039,77.99858093261719,78.53697967529297,78.42314147949219,77.83072662353516,77.3043441772461,76.67588806152344,75.771240234375,74.25843811035156,72.72579956054688,71.12355041503906,70.3326644897461,69.56746673583984,68.96916198730469,67.9349365234375,66.30268096923828,64.3167953491211,62.868080139160156,60.923179626464844,58.178688049316406,55.42347717285156,52.50071716308594,48.15711212158203,50.48569107055664,57.4356803894043,57.82550811767578,53.54693603515625,47.97651290893555,45.249969482421875
76.5819320678711,76.3082046508789,75.40343475341797,73.6897964477539,71.8160171508789,71.27672576904297,71.30410766601562,70.48094940185547,69.70349884033203,70.13284301757812,71.4437026977539,72.98509979248047,73.96546936035156,74.12162017822266,75.00711059570312,76.594970703125,77.0173110961914,76.72032165527344,76.6646957397461,76.35014343261719,75.57530975341797,74.48287963867188,73.20406341552734,71.6793212890625,70.32962036132812,68.63245391845703,67.16580963134766,66.63058471679688,66.38484954833984,66.12211608886719,64.31961059570312,62.63479232788086,61.769927978515625,61.08753967285156,59.44093704223633,57.102516174316406,54.0898323059082,51.961814880371094,52.74428939819336,54.6796760559082,53.755027770996094,52.148109436035156,51.26354217529297,50.751564025878906
73.47872161865234,72.90060424804688,71.74372100830078,69.80392456054688,67.87252044677734,67.30860137939453,67.7425308227539,68.01444244384766,68.5685806274414,69.98140716552734,71.63648986816406,72.93012237548828,73.45571899414062,73.22355651855469,73.36856842041016,74.45413970947266,74.64557647705078,73.53227996826172,72.84754180908203,72.57864379882812,71.88137817382812,70.69944763183594,69.1557846069336,67.78840637207031,66.51539611816406,65.13530731201172,63.620296478271484,62.744293212890625,62.92268371582031,63.615543365478516,63.649349212646484,61.94633483886719,60.22318649291992,59.87123107910156,59.467384338378906,57.917274475097656,54.59037399291992,51.733055114746094,51.46546936035156,52.2613410949707,52.016517639160156,52.36161804199219,54.756134033203125,55.46549987792969
70.42562103271484,69.43028259277344,68.00247192382812,66.30709838867188,64.99845123291016,64.95410919189453,65.92343139648438,66.87161254882812,68.03453826904297,69.72909545898438,71.29875946044922,71.90763854980469,71.42040252685547,70.41617584228516,69.83045959472656,70.53857421875,70.98455810546875,69.70498657226562,68.27400970458984,67.66079711914062,67.0439453125,65.35641479492188,63.781288146972656,62.5958251953125,62.03993225097656,61.14159393310547,59.995094299316406,58.85622024536133,58.88880157470703,60.332088470458984,61.60806655883789,61.21867370605469,59.380584716796875,57.97081756591797,57.6876220703125,56.64751434326172,55.130313873291016,52.709815979003906,51.73625183105469,51.494384765625,50.586177825927734,51.88043975830078,57.48393630981445,58.08949279785156
67.66063690185547,66.4444808959961,64.70529174804688,63.4815673828125,63.25557327270508,63.79969024658203,64.9273452758789,66.25640869140625,67.61002349853516,69.0071029663086,69.93999481201172,69.60197448730469,68.06255340576172,66.4068603515625,65.71078491210938,66.0431900024414,66.73804473876953,65.95258331298828,64.26820373535156,62.65205383300781,61.92212677001953,59.5976448059082,58.41437911987305,56.736698150634766,56.85325241088867,56.68996047973633,55.511863708496094,54.75590515136719,54.506736755371094,55.92255401611328,57.884185791015625,58.89220428466797,58.56792449951172,57.03936767578125,56.20631408691406,55.644927978515625,54.73320770263672,52.902259826660156,52.24081802368164,52.6761589050293,52.8752555847168,54.57133483886719,59.05531311035156,58.31622314453125
64.74281311035156,63.64094161987305,62.342010498046875,61.891605377197266,62.358089447021484,63.031272888183594,63.89779281616211,65.11127471923828,66.44184112548828,67.61457824707031,67.99708557128906,66.88160705566406,64.60393524169922,62.49563980102539,61.55887985229492,61.565216064453125,62.21732711791992,61.79186248779297,60.27873611450195,57.84458923339844,56.85377883911133,54.63663101196289,53.319602966308594,51.010009765625,50.765316009521484,52.159141540527344,50.34678649902344,50.29784393310547,49.23420333862305,48.294158935546875,50.81767654418945,53.79220962524414,55.208900451660156,53.95104217529297,53.61637496948242,54.595115661621094,55.46870422363281,57.11103057861328,57.41945266723633,57.020118713378906,57.176979064941406,59.20957946777344,60.65489196777344,58.80510330200195
61.69927978515625,61.024478912353516,60.96908950805664,61.455806732177734,61.87731170654297,62.19085693359375,62.76789474487305,63.41007614135742,64.20775604248047,65.12493896484375,65.32473754882812,63.966148376464844,61.40142822265625,58.97942352294922,57.659523010253906,57.249366760253906,57.35919189453125,57.06161880493164,55.928707122802734,53.61643600463867,52.470550537109375,50.076900482177734,49.078704833984375,46.28156280517578,45.912322998046875,47.4749755859375,47.179447174072266,45.61943435668945,46.1904411315918,45.705322265625,48.88002395629883,52.20820236206055,52.86309814453125,51.20247268676758,48.616905212402344,46.84928894042969,44.69634246826172,42.87874221801758,46.29998016357422,53.619415283203125,58.436798095703125,59.93712615966797,59.79644775390625,58.49018478393555
59.251670837402344,59.11695861816406,59.96760177612305,61.013607025146484,61.19646072387695,61.0476188659668,61.28668212890625,61.372459411621094,61.39128875732422,61.6861572265625,61.61518859863281,60.45203399658203,58.2191047668457,55.69868469238281,53.88518142700195,53.24765396118164,53.075462341308594,52.60533142089844,51.83613967895508,49.835105895996094,48.54667663574219,46.041255950927734,45.08914566040039,43.00680923461914,42.22887420654297,43.931156158447266,45.14741516113281,43.97041702270508,44.43944549560547,46.85194396972656,50.008636474609375,50.967674255371094,50.4995231628418,49.71700668334961,48.613365173339844,43.030426025390625,34.43927764892578,32.480125427246094,39.04254150390625,49.86954116821289,56.153358459472656,56.00672149658203,55.10207748413086,54.82864761352539
57.781185150146484,58.023807525634766,58.75963592529297,59.642765045166016,59.722415924072266,59.38264465332031,59.14299392700195,58.64995193481445,58.1221923828125,57.75286102294922,57.185760498046875,56.33408737182617,54.79540252685547,52.48064041137695,50.596580505371094,50.008399963378906,49.560062408447266,48.793113708496094,48.08309555053711,46.30110549926758,44.85444641113281,42.27647399902344,41.21564865112305,40.389225006103516,39.20415496826172,40.6142578125,42.685768127441406,43.42643356323242,43.70454025268555,45.28810501098633,46.32343673706055,46.98614501953125,47.020477294921875,47.29552459716797,49.07437515258789,47.865943908691406,37.53863525390625,31.961021423339844,37.523284912109375,47.24366760253906,52.841854095458984,52.24149703979492,50.55500793457031,50.61772537231445
56.815330505371094,57.02838897705078,57.12848663330078,57.45322799682617,57.46099090576172,56.98225021362305,56.275394439697266,55.321067810058594,54.41847610473633,53.55385971069336,52.578590393066406,51.82806396484375,50.94116973876953,49.30244445800781,47.65774917602539,46.916465759277344,46.0847053527832,44.93232345581055,44.1644287109375,42.73570251464844,41.09915542602539,38.63131332397461,37.37162780761719,36.787452697753906,35.89866638183594,37.36350631713867,39.665592193603516,42.518341064453125,43.71941375732422,43.85601806640625,42.29399108886719,42.19062805175781,43.09878158569336,44.56185531616211,47.408756256103516,50.28547668457031,46.89347839355469,41.07448196411133,41.50224304199219,47.02457809448242,51.522220611572266,51.817195892333984,50.327999114990234,50.43327713012695
55.668216705322266,55.545806884765625,55.09437561035156,54.8546028137207,54.70296859741211,54.06727981567383,52.98841094970703,51.5992431640625,50.23859786987305,49.080894470214844,48.034217834472656,47.39670944213867,47.02214813232422,46.13471984863281,44.626060485839844,43.36147689819336,42.195011138916016,40.902793884277344,40.179744720458984,39.14079284667969,37.446170806884766,35.37224578857422,34.648067474365234,33.82868957519531,32.59321212768555,34.211795806884766,36.73882293701172,39.920814514160156,42.8505744934082,43.42612838745117,41.87443161010742,40.45109176635742,41.0628662109375,43.3292121887207,46.033424377441406,48.92007064819336,50.9384880065918,50.32908248901367,50.365962982177734,52.67931365966797,54.81523132324219,55.493038177490234,54.90105438232422,54.495384216308594
54.294761657714844,53.7506217956543,52.70677185058594,51.862178802490234,51.53152847290039,50.90435791015625,49.50421142578125,47.62233352661133,45.867652893066406,44.742496490478516,44.06060028076172,43.715213775634766,43.54765319824219,42.96613693237305,41.49412155151367,39.72639083862305,38.43113708496094,37.4676399230957,36.86534881591797,36.01788330078125,34.39897918701172,32.934017181396484,33.57985305786133,33.229496002197266,30.82392692565918,31.24962043762207,34.06528091430664,37.2234001159668,40.19754409790039,42.05938720703125,42.0926399230957,41.19430160522461,41.69148635864258,43.93384552001953,46.268585205078125,48.01586151123047,50.33671188354492,53.08967208862305,56.0367546081543,58.88987350463867,60.657569885253906,61.53424072265625,61.1414680480957,59.46200180053711
52.597084045410156,51.42853927612305,49.7895622253418,48.589664459228516,48.06011962890625,47.43754959106445,45.91836166381836,43.81836700439453,42.008758544921875,41.08989334106445,40.7920036315918,40.70068359375,40.5681266784668,39.9892463684082,38.56867980957031,36.68251037597656,35.582481384277344,35.10018539428711,34.5816535949707,33.72528076171875,32.25807571411133,31.16771697998047,32.63078308105469,33.39971923828125,31.008291244506836,30.147146224975586,32.2784538269043,34.79983901977539,37.253395080566406,40.12588119506836,41.422698974609375,41.53024673461914,42.67634201049805,45.29983139038086,47.706668853759766,49.059261322021484,50.41460418701172,53.17604064941406,56.9814453125,60.34268569946289,62.929290771484375,64.68724060058594,64.3560791015625,61.82378005981445
50.07191848754883,48.22318649291992,46.5745735168457,45.53849792480469,44.682159423828125,43.63174819946289,42.1565055847168,40.3961296081543,38.93067169189453,38.10947036743164,37.75277328491211,37.65886688232422,37.59526443481445,37.129295349121094,35.984947204589844,34.24357223510742,33.22188186645508,32.8861083984375,32.49076461791992,32.00046157836914,30.975488662719727,30.008365631103516,31.187074661254883,32.40989685058594,31.82647705078125,31.420251846313477,32.18400573730469,33.449275970458984,35.82992935180664,39.37294006347656,41.09660720825195,41.528175354003906,42.54975128173828,45.27769470214844,48.49861526489258,50.83538818359375,52.372249603271484,54.216495513916016,56.786041259765625,59.42893981933594,61.98402404785156,63.950435638427734,63.70497131347656,61.70610809326172
46.81611633300781,44.792869567871094,43.64138412475586,42.80034637451172,41.588157653808594,40.04268264770508,38.479305267333984,37.18367004394531,36.29902267456055,35.630348205566406,34.94298553466797,34.50678634643555,34.402523040771484,34.089481353759766,33.368526458740234,32.016204833984375,30.891023635864258,30.557706832885742,30.218442916870117,30.189741134643555,30.01231575012207,29.77358627319336,30.60972785949707,31.488122940063477,31.846189498901367,32.16653060913086,32.77251434326172,34.43580627441406,37.034080505371094,39.32338333129883,40.76076889038086,41.32406234741211,41.864288330078125,43.712520599365234,46.99958419799805,50.49190902709961,53.265953063964844,55.29230499267578,57.122318267822266,59.04249572753906,61.06560516357422,62.30967330932617,62.40999221801758,61.40306854248047
43.739131927490234,42.09397888183594,41.08102798461914,39.987552642822266,38.625526428222656,37.070316314697266,35.45889663696289,34.22639083862305,33.63951110839844,33.19091796875,32.45302200317383,31.72395896911621,31.371946334838867,30.948026657104492,30.32284927368164,29.699281692504883,29.071937561035156,28.799360275268555,28.290447235107422,28.23794174194336,28.880640029907227,29.753904342651367,31.12171745300293,32.12181091308594,32.48033905029297,32.66776657104492,33.312744140625,34.817955017089844,37.256629943847656,38.95701599121094,39.2995491027832,39.6205940246582,40.4403190612793,41.9051628112793,44.38228225708008,47.660377502441406,50.988948822021484,54.163822174072266,56.875518798828125,59.192779541015625,60.822662353515625,61.0574951171875,60.768333435058594,60.18119430541992
41.50279235839844,40.18185043334961,38.67667770385742,37.09954833984375,35.80936050415039,34.507469177246094,33.002010345458984,31.664318084716797,30.9204044342041,30.488405227661133,29.894176483154297,29.073301315307617,28.52267837524414,28.09407615661621,27.53069305419922,27.384485244750977,27.342439651489258,27.12264060974121,26.85767364501953,26.71709632873535,27.662790298461914,29.287254333496094,31.409984588623047,33.21061325073242,33.92580032348633,33.84349822998047,34.081974029541016,34.97867965698242,35.768035888671875,36.13664627075195,36.65496826171875,37.42361831665039,38.52711868286133,39.868892669677734,41.63972854614258,44.14984130859375,47.31815719604492,51.037418365478516,54.626182556152344,57.720760345458984,59.460060119628906,59.62651062011719,58.99392318725586,58.758766174316406
39.91667938232422,38.466285705566406,36.39015579223633,34.508506774902344,33.368377685546875,32.23257064819336,30.72513771057129,29.331951141357422,28.477020263671875,27.98980712890625,27.34596061706543,26.44562339782715,25.807405471801758,25.44398307800293,25.107770919799805,25.09437370300293,25.420209884643555,25.54012680053711,25.61545753479004,25.5218448638916,26.09226417541504,28.159887313842773,30.81250762939453,33.353538513183594,35.0875244140625,35.644840240478516,35.64364242553711,35.96408462524414,35.888423919677734,34.835636138916016,34.46466827392578,35.85889434814453,38.108428955078125,40.04991149902344,41.20859146118164,42.29642105102539,44.188682556152344,47.22762680053711,50.977970123291016,54.31303787231445,56.56208801269531,57.5222053527832,57.28733444213867,57.052032470703125
