data/wind_data/wind_Surface_37.json
{"header": {"parameterUnit": "KT", "parameterCategory": 2, "nx": 255, "ny": 198, "lo1": 44.73521041870117, "la1": -3.236724853515625, "lo2": 111.26478576660156, "la2": 43.468475341796875, "dx": 0.26192745566368103, "dy": -0.23708222806453705, "refTime": "2025-02-20 13:00:00", "forecastTime": 0, "parameterNumber": 2, "parameterNumberName": "eastward_wind"}, "data":
[rows 95 to 113 of 198, columns 129 to 171 of 255]
2.901350975036621,4.772328853607178,2.5059311389923096,0.6265487670898438,0.9579049348831177,1.7632064819335938,3.533585786819458,5.600702285766602,5.039099216461182,4.663571834564209,2.427833080291748,2.442307949066162,2.76657772064209,3.024080753326416,3.428964138031006,3.3030543327331543,3.8696773052215576,2.227703332901001,-0.950736939907074,-5.56206750869751,-10.544469833374023,-6.81538200378418,-3.0818798542022705,-0.24353034794330597,2.3072001934051514,-1.2988622188568115,-1.4381613731384277,1.3405826091766357,0.3074319362640381,-2.2530083656311035,-3.279743194580078,-4.694489002227783,-6.804780006408691,-6.38275671005249,-5.2385406494140625,-4.381380558013916,-4.2614312171936035,-4.743746280670166,-4.454382419586182,-3.39599609375,-2.9269864559173584,-2.4203217029571533,-0.8308811783790588
1.7026420831680298,3.067028284072876,4.922020435333252,1.000852108001709,0.4143134653568268,2.56064772605896,4.555184364318848,4.889413356781006,3.436678647994995,4.319328308105469,2.213242530822754,1.8074378967285156,2.365834951400757,3.2571849822998047,2.877526044845581,2.5918920040130615,2.5656211376190186,1.3704661130905151,-0.4146949052810669,-4.851487159729004,-7.443118572235107,-5.748746395111084,-3.8541510105133057,-0.20614182949066162,0.5320415496826172,-3.1732048988342285,-2.5085365772247314,-2.4695088863372803,-1.85330069065094,-1.9498655796051025,-4.793792724609375,-5.8552727699279785,-6.169425964355469,-6.8010149002075195,-5.832387447357178,-4.645620822906494,-4.702601909637451,-4.470696926116943,-3.282402753829956,-2.2870655059814453,-1.7589255571365356,-1.4394140243530273,-0.5181359648704529
4.0988640785217285,5.349436283111572,3.668320417404175,0.2237035632133484,1.394702434539795,2.0563700199127197,2.307466983795166,1.699540615081787,2.761577844619751,4.44618034362793,2.48193621635437,3.936622381210327,2.526390790939331,1.1457420587539673,1.5910418033599854,0.6195182204246521,1.3227347135543823,0.5860365033149719,-0.2610403597354889,-3.4104840755462646,-7.671389579772949,-4.705690860748291,-5.159353256225586,-6.859816074371338,-4.573816299438477,-4.102158069610596,-6.788564682006836,-8.103556632995605,-2.179710626602173,1.813534140586853,-2.683950901031494,-5.2688164710998535,-4.5249104499816895,-4.209195137023926,-4.132059097290039,-4.772320747375488,-4.5578131675720215,-3.6843457221984863,-2.5691142082214355,-1.757182002067566,-1.3190858364105225,-0.7070174217224121,0.4313589334487915
5.249964714050293,5.946038246154785,4.508039951324463,-0.5781317949295044,0.10237397253513336,1.496527075767517,0.5732718110084534,0.2626616954803467,3.3307416439056396,4.64936637878418,4.554715156555176,3.4958302974700928,1.0742590427398682,-0.043183837085962296,1.9946774244308472,2.775132179260254,0.9327600598335266,-2.043431520462036,-4.869798183441162,-4.389357566833496,-5.524313926696777,-7.588268756866455,-9.938817977905273,-13.364068984985352,-10.646137237548828,-6.235300064086914,-6.3452863693237305,-2.6900103092193604,-1.8606200218200684,-4.949355125427246,-6.18504524230957,-2.1630003452301025,2.252234697341919,-0.2622641324996948,-2.416642427444458,-2.6383485794067383,-1.828471302986145,-1.5462613105773926,-0.8320567607879639,-0.18103404343128204,-0.07134434580802917,0.10913978517055511,0.6524192690849304
4.964152812957764,5.446471691131592,4.575137615203857,2.2361202239990234,-0.9682244658470154,-2.341935873031616,0.32631534337997437,1.608279824256897,2.6391587257385254,4.225464820861816,4.563918113708496,1.067206621170044,-0.5711469650268555,-0.05574220418930054,0.68276047706604,-1.4045124053955078,-4.338798999786377,-5.447615623474121,-7.072200775146484,-7.585572242736816,-9.193480491638184,-10.07519245147705,-9.83578109741211,-9.359871864318848,-9.09084701538086,-7.444881439208984,-6.006898880004883,-4.703214168548584,-5.417845726013184,-9.271090507507324,-7.972480297088623,-3.554051160812378,0.28307604789733887,3.733482837677002,3.824763059616089,2.1937038898468018,0.6007829308509827,-0.14898131787776947,-0.06481346487998962,0.3264023959636688,0.27994051575660706,0.33481070399284363,0.10766760259866714
5.008111953735352,4.62412691116333,4.4925642013549805,3.5034501552581787,1.2025789022445679,-2.789746046066284,-0.1163654774427414,3.2987427711486816,2.756880760192871,5.907556533813477,4.514976978302002,-1.3525469303131104,-3.11759614944458,-2.6181564331054688,-1.6136572360992432,-1.5943236351013184,-3.2391715049743652,-3.421290874481201,-5.16839599609375,-5.702221393585205,-6.625744819641113,-7.407548427581787,-9.22227954864502,-8.6825532913208,-7.770515441894531,-7.5379109382629395,-5.442249774932861,-5.411146640777588,-5.438745021820068,-5.8446855545043945,-6.0683088302612305,-8.001508712768555,-8.46944808959961,-3.0125889778137207,5.464388847351074,10.248580932617188,6.645952224731445,1.9720402956008911,0.7289894223213196,0.8533045649528503,0.8655440807342529,0.9205363392829895,-0.1720847189426422
4.140220642089844,3.6299545764923096,3.8112313747406006,3.481727123260498,2.9606001377105713,-1.7164360284805298,0.2304157018661499,4.164213180541992,4.428102970123291,6.091972351074219,2.636437177658081,-3.723336935043335,-4.635673999786377,-4.78770637512207,-1.3906599283218384,0.595518946647644,-2.281177282333374,-3.8060872554779053,-4.87034273147583,-4.874033451080322,-4.347215175628662,-6.291783809661865,-7.470423221588135,-5.9463653564453125,-5.4132232666015625,-6.730566024780273,-5.27072286605835,-3.98989200592041,-4.335476398468018,-4.893549919128418,-6.539797782897949,-11.012619018554688,-12.879281997680664,-4.180602550506592,5.883442401885986,12.615137100219727,13.220882415771484,6.275695323944092,1.6182525157928467,0.9765691161155701,1.1801927089691162,1.4149062633514404,-0.015110962092876434
5.649271488189697,5.048160552978516,4.340453624725342,5.379941463470459,5.5345025062561035,0.6808428168296814,1.2403937578201294,4.633429527282715,4.563388347625732,3.9560506343841553,-0.11642548441886902,-2.618058681488037,-2.9937479496002197,-1.4947254657745361,1.5756255388259888,-0.7725459933280945,-3.823909044265747,-5.17538595199585,-4.501309394836426,-1.6886091232299805,-4.2317891120910645,-4.630842685699463,-4.372293949127197,-4.826633453369141,-6.434420108795166,-7.88829231262207,-5.457090377807617,-2.8520703315734863,-1.6862818002700806,-2.745656967163086,-4.438197135925293,-9.217425346374512,-16.04364585876465,-7.168468952178955,7.875467777252197,12.653148651123047,15.924664497375488,12.49350357055664,4.0604248046875,0.21644625067710876,0.5229860544204712,1.435157299041748,0.08958166092634201
4.322957515716553,4.235354423522949,4.905885696411133,4.7785964012146,3.4044597148895264,-0.1216244027018547,0.7297459840774536,3.860584020614624,0.7021608352661133,-0.5997770428657532,-1.5764557123184204,0.3274889290332794,0.6465374827384949,0.3600695729255676,0.1388898342847824,-5.902997970581055,-3.83305287361145,-3.0781097412109375,-5.271877288818359,-5.3714189529418945,-4.727009296417236,-3.164525032043457,-1.8373613357543945,-3.174980878829956,-5.752960681915283,-6.562986373901367,-4.221097946166992,-3.120861291885376,-3.757463216781616,-3.9857900142669678,-3.9513304233551025,-6.956439971923828,-12.924874305725098,-8.250682830810547,6.2915778160095215,11.87243366241455,14.982769966125488,13.82734203338623,4.168976783752441,-0.16320903599262238,-0.21969328820705414,0.37803757190704346,-0.12774576246738434
5.623510360717773,5.703233242034912,5.924248218536377,4.426755905151367,2.0134479999542236,-1.1485999822616577,0.009912654757499695,2.3677566051483154,-0.9251434803009033,-0.6513019800186157,-0.07885120809078217,2.143075466156006,2.838139533996582,0.3187318742275238,-1.7239218950271606,-3.5922677516937256,-2.8644943237304688,-2.611889362335205,-4.2874755859375,-5.109497547149658,-5.2697434425354,-4.952606678009033,-1.2922022342681885,-1.3052164316177368,-5.283243656158447,-6.294702529907227,-5.471851825714111,-2.059767484664917,-2.06247615814209,-2.4475512504577637,-2.3044593334198,-3.33988356590271,-5.640137195587158,-2.965728998184204,5.876749038696289,10.674936294555664,10.935304641723633,7.436121463775635,3.4949638843536377,0.0006487668142654002,0.3169539272785187,-0.0735078677535057,0.23829224705696106
5.053191661834717,4.716944694519043,4.3706135749816895,2.60662841796875,0.5393437743186951,1.1022752523422241,-0.25886616110801697,-1.4473378658294678,-1.5006611347198486,-0.9998588562011719,1.1284223794937134,2.8846802711486816,0.32222798466682434,-2.8981056213378906,-4.064174175262451,-4.520801067352295,-0.055874500423669815,-0.7854018807411194,-4.327938556671143,-4.3573408126831055,-3.2662575244903564,-0.9941648244857788,0.6473032236099243,1.3433159589767456,-3.214043378829956,-5.274323463439941,-4.901418685913086,-3.7536590099334717,-2.0305891036987305,-1.6818257570266724,-1.141611933708191,-0.6795215010643005,-0.39975401759147644,1.5289262533187866,4.583259105682373,3.9037821292877197,1.62789785861969,1.7234373092651367,4.3819050788879395,2.795273780822754,1.7233048677444458,0.8918829560279846,1.2731008529663086
5.77052640914917,5.056936740875244,3.222461462020874,1.4911726713180542,1.521838665008545,2.069258213043213,-2.837305784225464,-2.8221681118011475,-0.46494391560554504,-0.995995044708252,2.599043130874634,2.6214704513549805,-0.5153641700744629,-1.6536661386489868,-2.1149001121520996,-4.882595062255859,-1.039025068283081,-0.48122432827949524,-4.682436943054199,-4.3013505935668945,-2.8551669120788574,-1.0717886686325073,-0.9408730864524841,-0.1579209715127945,0.21178403496742249,-1.2889397144317627,-3.9933724403381348,-4.293380260467529,-2.651773691177368,-2.74697208404541,-2.6137821674346924,-1.2341365814208984,-0.2891888916492462,0.4004775285720825,0.12417210638523102,-2.2879927158355713,-3.731423854827881,-2.7983596324920654,3.250549793243408,7.946743965148926,5.062847137451172,2.286344289779663,-0.658137857913971
5.337928295135498,6.233029365539551,5.353259563446045,3.435704469680786,1.4263906478881836,-0.40742847323417664,-4.9824419021606445,-1.5828334093093872,1.8321601152420044,-1.4932531118392944,0.8074954748153687,-1.3732601404190063,-1.8226838111877441,0.017540857195854187,-1.7663439512252808,-3.060894727706909,-2.2776718139648438,-3.187126398086548,-4.420891284942627,-3.913104772567749,-2.459127187728882,-0.9096721410751343,-3.106947422027588,-1.8192625045776367,-0.05238500237464905,-1.6056841611862183,-3.6302738189697266,-4.535490989685059,-4.102097511291504,-4.038710117340088,-3.6729578971862793,-1.539215326309204,-0.6866095662117004,-1.6162523031234741,-3.025153875350952,-3.015852689743042,-2.3211803436279297,-0.5086134076118469,3.2233726978302,6.0952582359313965,6.1261305809021,4.145686626434326,1.8371376991271973
5.331140041351318,5.9556684494018555,5.28865385055542,3.0426089763641357,1.5722124576568604,-0.8058376908302307,-4.326648235321045,-0.5786483883857727,0.9490304589271545,-2.662903070449829,0.1725255399942398,-3.4310741424560547,-3.5216166973114014,0.4031565487384796,-1.7241848707199097,-2.107468366622925,-2.9036576747894287,-2.211038112640381,-1.3916354179382324,-4.290174961090088,-3.8463082313537598,-2.0683391094207764,-3.3850150108337402,-1.7849147319793701,-1.2192459106445312,-1.9570142030715942,-1.8249293565750122,-3.584982395172119,-4.541412830352783,-4.2893548011779785,-3.0590744018554688,-1.2863386869430542,-0.8818598389625549,-0.2932452857494354,-0.5121995210647583,-1.665611743927002,-1.1504528522491455,0.15924197435379028,2.6992573738098145,5.94957971572876,7.387899398803711,6.565572738647461,4.298496723175049
4.719549655914307,5.963278293609619,6.0926713943481445,3.963360548019409,1.735288143157959,0.2254873365163803,-0.8990169763565063,-0.8345422744750977,-1.4922760725021362,-1.8015005588531494,-0.019416334107518196,-3.690519094467163,-3.6748909950256348,-1.8982651233673096,-4.027211666107178,-0.9485414028167725,-0.5413417220115662,-2.140415668487549,-2.798814058303833,-3.660700559616089,-4.0676374435424805,-3.608391523361206,-2.5176825523376465,-1.0868663787841797,-0.6380304098129272,0.12104535847902298,1.5347167253494263,1.313933253288269,-1.1713008880615234,-2.927060604095459,-1.6740859746932983,-0.43631869554519653,-0.09155016392469406,-0.09502794593572617,-0.14258182048797607,0.5294873118400574,1.684386968612671,1.7074182033538818,3.1804983615875244,6.008234024047852,6.559808731079102,5.927884578704834,5.448407173156738
3.8889975547790527,4.894927024841309,5.95634651184082,4.0840888023376465,1.537268877029419,-2.4901533126831055,-1.802018165588379,1.45032799243927,-1.5782465934753418,-2.312990665435791,-2.7010953426361084,-4.610629081726074,-5.190921783447266,-2.7059385776519775,-1.5693508386611938,-2.8647639751434326,-2.9452860355377197,-2.8819570541381836,-4.048954486846924,-3.3708579540252686,-3.2343151569366455,-2.0054824352264404,1.0561819076538086,-0.1512456238269806,0.5547638535499573,0.95345139503479,0.44413942098617554,0.5634213089942932,-0.02458684891462326,-0.563763439655304,0.2114713042974472,0.8462184071540833,-0.1276579350233078,-0.8352610468864441,-0.14501318335533142,2.2601218223571777,3.041475772857666,1.9147177934646606,3.723444700241089,6.01409912109375,5.782340049743652,4.999405860900879,5.289255142211914
4.111158847808838,4.6890411376953125,5.544328212738037,2.282902956008911,2.228848457336426,0.7581779360771179,-0.9701511263847351,-0.17304033041000366,-1.7919975519180298,-2.9192984104156494,-5.088314056396484,-5.188944339752197,-3.938300132751465,-3.1537530422210693,-3.0211546421051025,-3.364356279373169,-4.300934314727783,-2.8474292755126953,-2.412108898162842,-2.9608490467071533,-1.514865756034851,-0.0042097074910998344,0.5821309089660645,-0.09745585173368454,-0.8676896095275879,-2.0186071395874023,-1.2805203199386597,-0.7820369601249695,-1.2086284160614014,-1.149354100227356,-0.836792528629303,-0.6487759351730347,-1.4069687128067017,-2.401683807373047,-2.6257505416870117,-0.46400362253189087,1.2199785709381104,1.5566989183425903,2.747518301010132,3.3615756034851074,3.022217035293579,2.7237548828125,2.7197906970977783
4.647348880767822,4.410436630249023,5.399615287780762,2.0888071060180664,1.905372142791748,1.9561042785644531,-1.551020860671997,-2.3472025394439697,-2.386901378631592,-4.6982269287109375,-5.72712516784668,-5.416953086853027,-3.7207772731781006,-2.390623092651367,-2.903053045272827,-2.5000133514404297,-2.21435546875,-2.4130043983459473,-2.765040397644043,-1.8357996940612793,-0.7445111870765686,-0.3632121682167053,-0.24332842230796814,-0.9130426049232483,-2.95927357673645,-4.087091445922852,-1.8717437982559204,-0.4708726406097412,-1.3338314294815063,-2.2756855487823486,-2.4947991371154785,-2.0878963470458984,-1.6361448764801025,-1.5669621229171753,-2.051480770111084,-1.4787309169769287,-0.5973323583602905,0.18376955389976501,0.7962644696235657,1.0186522006988525,1.1087909936904907,1.7283812761306763,2.418461561203003
4.36715030670166,3.9064431190490723,5.360937595367432,4.167886734008789,2.3525989055633545,-0.21440096199512482,-3.579974889755249,-3.0237436294555664,-2.6035308837890625,-4.7773237228393555,-5.520611763000488,-6.710285663604736,-4.989978790283203,0.6107196807861328,-0.47905904054641724,-3.013500452041626,-2.94577956199646,-2.8073060512542725,-2.0752267837524414,-1.884951114654541,-1.5691022872924805,-1.5995725393295288,-1.8934022188186646,-2.3419487476348877,-3.2369701862335205,-3.542814254760742,-1.4107952117919922,-0.4095308184623718,-1.724438190460205,-2.542168378829956,-2.1122214794158936,-1.6414498090744019,-1.3253298997879028,-0.7114966511726379,-0.36246368288993835,0.18264725804328918,0.9551535248756409,1.6807501316070557,1.500695824623108,1.333236813545227,1.0707265138626099,1.364444375038147,2.0937659740448
