data/wind_data/wind_19_5.json
{"header": {"parameterUnit": "KT", "parameterCategory": 2, "nx": 256, "ny": 198, "lo1": 44.73521041870117, "la1": -3.236724853515625, "lo2": 111.26478576660156, "la2": 43.468475341796875, "dx": 0.2609002888202667, "dy": -0.23708222806453705, "refTime": "2025-02-19 19:00:00", "forecastTime": 0, "parameterNumber": 2, "parameterNumberName": "eastward_wind"}, "data":
[rows 57 to 75 of 198, columns 88 to 131 of 256]
-12.83356761932373,-13.03405475616455,-13.136662483215332,-13.163698196411133,-13.054429054260254,-12.893747329711914,-12.840201377868652,-12.766942977905273,-12.605020523071289,-12.304006576538086,-11.925054550170898,-11.52791976928711,-11.105998039245605,-10.621695518493652,-10.167927742004395,-9.878418922424316,-9.724376678466797,-9.558902740478516,-9.124581336975098,-8.333291053771973,-7.3449225425720215,-6.522822856903076,-6.150618553161621,-6.049435138702393,-5.998636722564697,-5.938847064971924,-5.783486366271973,-5.718400478363037,-5.6334757804870605,-5.081307888031006,-4.654844760894775,-4.52915620803833,-4.966109752655029,-4.552422046661377,-2.1781654357910156,0.45121845602989197,3.7358174324035645,2.315901279449463,-0.7418498992919922,-2.321803092956543,-1.617187738418579,-1.0123367309570312,-0.8855109810829163,-0.29943880438804626
-11.460273742675781,-11.750021934509277,-12.05537223815918,-12.236034393310547,-12.269542694091797,-12.27822494506836,-12.319265365600586,-12.324522018432617,-12.210136413574219,-11.904722213745117,-11.417364120483398,-10.82596206665039,-10.205978393554688,-9.647748947143555,-9.20709228515625,-8.857396125793457,-8.56294059753418,-8.281381607055664,-7.87983512878418,-7.208879470825195,-6.361233234405518,-5.687295913696289,-5.297705173492432,-5.047699451446533,-4.867679119110107,-4.666276454925537,-4.553652286529541,-4.856048583984375,-5.217067718505859,-5.320329189300537,-4.995358467102051,-5.136449813842773,-5.548041343688965,-5.0836944580078125,-0.8658773899078369,2.8096988201141357,4.146671772003174,2.061854124069214,-1.0749081373214722,-1.9946143627166748,-0.9388574361801147,0.2252991795539856,0.09987977892160416,0.2452174425125122
-10.12565803527832,-10.372121810913086,-10.669586181640625,-10.994987487792969,-11.22400951385498,-11.376748085021973,-11.50788402557373,-11.600273132324219,-11.53539752960205,-11.21644115447998,-10.689783096313477,-10.038500785827637,-9.31403636932373,-8.581185340881348,-7.941340923309326,-7.426680088043213,-7.0224738121032715,-6.716031551361084,-6.434938907623291,-6.0068817138671875,-5.4440016746521,-4.931089401245117,-4.543227672576904,-4.265787601470947,-4.057387828826904,-3.8143157958984375,-3.5033953189849854,-3.490628242492676,-3.6012606620788574,-4.239860534667969,-5.100828170776367,-5.527346611022949,-6.439451694488525,-6.438211917877197,-0.8732793927192688,4.828518390655518,5.071780204772949,2.358464241027832,-1.0448381900787354,-1.5297911167144775,-0.6235677003860474,0.39677172899246216,0.8437195420265198,0.8238711357116699
-8.914559364318848,-9.073780059814453,-9.211833953857422,-9.473941802978516,-9.793746948242188,-10.038700103759766,-10.191664695739746,-10.26809310913086,-10.20272445678711,-9.941913604736328,-9.488895416259766,-8.902507781982422,-8.205193519592285,-7.428930759429932,-6.641454696655273,-5.941125392913818,-5.4407548904418945,-5.197054386138916,-5.067043781280518,-4.8296709060668945,-4.44590425491333,-3.977858066558838,-3.5432069301605225,-3.2614963054656982,-3.0776922702789307,-2.9234132766723633,-2.4938626289367676,-1.9451390504837036,-1.7035995721817017,-2.2552762031555176,-3.422541379928589,-4.225803375244141,-6.386500835418701,-7.209772109985352,-1.7687169313430786,5.068554401397705,5.591587066650391,3.5798373222351074,0.3489949703216553,-0.6156237125396729,-0.5644782781600952,0.06478976458311081,1.3720066547393799,1.4800602197647095
-7.804419994354248,-7.955504894256592,-7.977738380432129,-8.007427215576172,-8.145112037658691,-8.365650177001953,-8.562557220458984,-8.624951362609863,-8.521737098693848,-8.28903579711914,-7.926425457000732,-7.477001190185547,-6.952946662902832,-6.326385498046875,-5.5810112953186035,-4.816039085388184,-4.228721618652344,-3.9513020515441895,-3.862609624862671,-3.7175917625427246,-3.387791156768799,-2.8948099613189697,-2.3770360946655273,-1.9792835712432861,-1.698433756828308,-1.5911494493484497,-1.2662670612335205,-0.731437087059021,-0.28390952944755554,-0.27180230617523193,-0.8318226933479309,-2.2639598846435547,-5.323957920074463,-6.381734371185303,-1.8584246635437012,3.526092529296875,4.901547908782959,4.299152851104736,2.589285135269165,0.9840083718299866,-0.24118824303150177,0.24339823424816132,1.914463996887207,2.119704484939575
-6.720840930938721,-6.900594711303711,-6.972207546234131,-6.974592685699463,-6.894791603088379,-6.8527913093566895,-6.900600910186768,-6.935024261474609,-6.856502532958984,-6.699098110198975,-6.47597599029541,-6.1832475662231445,-5.797675132751465,-5.283380031585693,-4.620322227478027,-3.8719005584716797,-3.2230381965637207,-2.842707872390747,-2.6850547790527344,-2.530982494354248,-2.234950065612793,-1.7590371370315552,-1.2491421699523926,-0.7287952303886414,-0.2696930468082428,-0.05119756981730461,0.1309593915939331,0.5875842571258545,1.1382664442062378,1.5140223503112793,1.4795430898666382,-0.20011571049690247,-3.6500661373138428,-4.859134674072266,-0.5565214157104492,2.475480556488037,3.4612746238708496,3.798297882080078,4.038248538970947,2.777010679244995,0.8154388070106506,0.9086734652519226,2.597032308578491,2.795682668685913
-5.775674819946289,-5.89666748046875,-6.02236270904541,-6.148269176483154,-6.11519718170166,-5.904962539672852,-5.655742645263672,-5.474072456359863,-5.338935375213623,-5.2001118659973145,-5.0456647872924805,-4.822729110717773,-4.506340026855469,-4.072109222412109,-3.488229751586914,-2.783334493637085,-2.1190202236175537,-1.6900196075439453,-1.500693678855896,-1.3609870672225952,-1.051340103149414,-0.5566309690475464,-0.022690316662192345,0.4981125295162201,0.9577682018280029,1.2591029405593872,1.4835796356201172,1.989201545715332,2.665952205657959,3.5464730262756348,3.6156115531921387,1.9874411821365356,-1.5270098447799683,-3.0349314212799072,0.8654246926307678,2.406052827835083,2.050173044204712,2.7626452445983887,4.296445369720459,4.1387715339660645,2.3320205211639404,1.7642838954925537,3.2288782596588135,3.446925401687622
-4.973052978515625,-5.035439491271973,-5.142245292663574,-5.286261081695557,-5.332496166229248,-5.186488151550293,-4.842177867889404,-4.460577964782715,-4.171520233154297,-3.930150032043457,-3.7138280868530273,-3.472844123840332,-3.150749683380127,-2.718230724334717,-2.155191421508789,-1.490363597869873,-0.8805062174797058,-0.5222344398498535,-0.42333486676216125,-0.37919628620147705,-0.060676801949739456,0.5838195085525513,1.2486939430236816,1.7635806798934937,2.1185483932495117,2.397782325744629,2.7506582736968994,3.1214704513549805,3.9596242904663086,5.250052452087402,5.268182277679443,4.072399139404297,1.2043007612228394,-0.43558043241500854,2.3259708881378174,2.7474186420440674,1.1228957176208496,1.8563348054885864,3.9648492336273193,4.94675874710083,3.8412630558013916,2.8946468830108643,3.8384008407592773,4.233375549316406
-4.244997978210449,-4.218293190002441,-4.256611347198486,-4.32550048828125,-4.343277931213379,-4.255969524383545,-3.9870808124542236,-3.6141371726989746,-3.2645936012268066,-2.9654903411865234,-2.7140953540802,-2.4611315727233887,-2.1121270656585693,-1.6061155796051025,-0.9751196503639221,-0.2868211567401886,0.27930694818496704,0.5341670513153076,0.48698705434799194,0.44163650274276733,0.8376178741455078,1.5483113527297974,2.3005146980285645,2.9894206523895264,3.3427436351776123,3.596357822418213,3.9991586208343506,4.213078022003174,5.0813374519348145,6.225400447845459,5.984750270843506,5.297282695770264,3.594270706176758,2.839057207107544,4.281309604644775,3.053952693939209,0.9770650863647461,1.3778809309005737,3.5497007369995117,5.333042144775391,5.026976108551025,4.076981067657471,4.498754978179932,5.027746677398682
-3.71470308303833,-3.517061233520508,-3.342970609664917,-3.2647945880889893,-3.2371106147766113,-3.151332139968872,-2.922332286834717,-2.5973458290100098,-2.2716124057769775,-1.9986586570739746,-1.7873244285583496,-1.5947190523147583,-1.320554494857788,-0.8276895880699158,-0.11852730810642242,0.6645256280899048,1.2770706415176392,1.4933587312698364,1.393738031387329,1.4095306396484375,1.953036904335022,2.555061101913452,3.2377476692199707,4.069910049438477,4.5316362380981445,4.80580997467041,5.276137828826904,5.566743850708008,6.206187725067139,7.1978960037231445,6.950820446014404,5.965878963470459,4.569085121154785,5.9077558517456055,6.595828533172607,3.8134334087371826,1.907604455947876,1.8657857179641724,3.618065357208252,5.483488082885742,5.907918453216553,5.373566627502441,5.425612449645996,5.948397159576416
-3.312997817993164,-3.0467448234558105,-2.7014853954315186,-2.4044761657714844,-2.239226818084717,-2.1247873306274414,-1.9158530235290527,-1.577634334564209,-1.1990325450897217,-0.8750870823860168,-0.6416555643081665,-0.4706149101257324,-0.2793411612510681,0.07971856743097305,0.6961070895195007,1.4864569902420044,2.1728312969207764,2.4414944648742676,2.4254870414733887,2.6489875316619873,3.3205785751342773,3.7864933013916016,4.3025007247924805,5.151568412780762,5.772643566131592,5.986664295196533,6.359994888305664,6.746744632720947,7.214145660400391,8.14132022857666,8.13814640045166,6.798295497894287,4.985803127288818,7.628169059753418,8.573920249938965,5.3216872215271,3.2123868465423584,3.0096418857574463,4.077652931213379,5.5326995849609375,6.434330463409424,6.493402004241943,6.619349002838135,7.147732734680176
-2.9340860843658447,-2.7596540451049805,-2.40596604347229,-1.9827182292938232,-1.6218035221099854,-1.363731026649475,-1.1045805215835571,-0.7379123568534851,-0.3167111277580261,0.07075066864490509,0.3953130543231964,0.6784282922744751,0.9582012891769409,1.3140562772750854,1.8354988098144531,2.4957735538482666,3.1066226959228516,3.4381093978881836,3.613753080368042,4.0838847160339355,4.814379692077637,5.213010787963867,5.548811912536621,6.254876613616943,6.971114635467529,7.2283782958984375,7.340282440185547,7.653926372528076,8.124503135681152,9.081872940063477,9.242975234985352,7.831456661224365,5.885731220245361,8.726941108703613,9.49052906036377,7.035048484802246,4.788336277008057,4.311406135559082,4.745964527130127,5.74355936050415,6.844964981079102,7.271667957305908,7.698568344116211,8.3818359375
-2.305593729019165,-2.3645975589752197,-2.1561226844787598,-1.7633696794509888,-1.3212482929229736,-0.9225091338157654,-0.5341481566429138,-0.09955436736345291,0.35066676139831543,0.7455680966377258,1.0932964086532593,1.4588255882263184,1.8858047723770142,2.434234142303467,3.116123914718628,3.8137640953063965,4.324357986450195,4.5917768478393555,4.903462886810303,5.556090831756592,6.238722801208496,6.559629917144775,6.7772135734558105,7.284937858581543,7.900730133056641,8.347739219665527,8.469218254089355,8.551321983337402,8.872048377990723,9.931925773620605,10.2278470993042,8.83528995513916,7.660861015319824,9.811361312866211,9.899239540100098,8.360888481140137,6.386575222015381,5.675889492034912,5.713149547576904,6.16898775100708,7.244755744934082,7.9353227615356445,8.516746520996094,9.328882217407227
-1.1587893962860107,-1.3741438388824463,-1.4100914001464844,-1.216324806213379,-0.8446575403213501,-0.41752302646636963,0.016283025965094566,0.4746881127357483,0.965755045413971,1.4159303903579712,1.7968016862869263,2.1519527435302734,2.598717212677002,3.2483696937561035,4.126718044281006,5.055968284606934,5.69726037979126,5.947819709777832,6.2388505935668945,6.907784938812256,7.469545841217041,7.663023948669434,7.787346839904785,8.136374473571777,8.576266288757324,9.192806243896484,9.665193557739258,9.524423599243164,9.711278915405273,10.772502899169922,10.88545036315918,9.775678634643555,9.8599214553833,11.267228126525879,11.120726585388184,9.406815528869629,7.504637241363525,6.812958240509033,6.785382270812988,6.676414489746094,7.461856365203857,8.531006813049316,9.229168891906738,9.911144256591797
0.4694707691669464,0.18772052228450775,0.011222204193472862,-0.020869385451078415,0.14702314138412476,0.47568532824516296,0.8536409735679626,1.2556233406066895,1.7124449014663696,2.2277698516845703,2.7398288249969482,3.1911189556121826,3.611909866333008,4.160705089569092,4.9846086502075195,5.999293327331543,6.827934265136719,7.188948631286621,7.458719730377197,8.06179141998291,8.541889190673828,8.650553703308105,8.72360897064209,8.88791561126709,9.07807731628418,9.807943344116211,10.67795467376709,10.577045440673828,10.84974479675293,11.894462585449219,11.551318168640137,11.132469177246094,11.783319473266602,12.519596099853516,13.186014175415039,11.18055534362793,8.562911033630371,7.7294721603393555,7.667707443237305,7.3945770263671875,7.724526405334473,8.712924003601074,9.586200714111328,10.228062629699707
2.2901554107666016,1.9087450504302979,1.5910478830337524,1.4271512031555176,1.433495283126831,1.6180323362350464,1.9101277589797974,2.259061336517334,2.6698567867279053,3.1939761638641357,3.8211617469787598,4.438586711883545,4.957760334014893,5.442257404327393,6.058464050292969,6.884104251861572,7.714561462402344,8.153374671936035,8.394244194030762,8.947216033935547,9.494305610656738,9.622323989868164,9.733476638793945,9.845113754272461,9.77107048034668,10.418679237365723,11.496950149536133,11.696243286132812,12.02217960357666,12.81298542022705,12.289637565612793,12.908642768859863,13.039068222045898,13.359195709228516,14.400177955627441,13.688535690307617,10.750930786132812,9.01863956451416,8.510723114013672,8.289742469787598,8.528135299682617,8.874197006225586,9.5274076461792,10.21462345123291
3.8566105365753174,3.490265369415283,3.126741886138916,2.805190086364746,2.6291887760162354,2.681530237197876,2.916934013366699,3.259669542312622,3.6858596801757812,4.225703716278076,4.906961441040039,5.647871494293213,6.288856506347656,6.8184943199157715,7.357944011688232,7.976399898529053,8.625264167785645,9.04604434967041,9.222822189331055,9.661389350891113,10.330733299255371,10.556283950805664,10.73558235168457,10.919503211975098,10.958789825439453,11.637481689453125,12.463851928710938,12.512287139892578,12.778361320495605,13.18087100982666,12.657845497131348,13.911796569824219,14.372551918029785,14.678168296813965,15.351180076599121,16.089767456054688,13.683359146118164,10.588879585266113,9.426804542541504,9.309250831604004,9.741479873657227,9.869959831237793,10.125389099121094,10.455318450927734
5.092187881469727,4.828563213348389,4.5329718589782715,4.195512771606445,3.904851198196411,3.785351276397705,3.931893825531006,4.290573596954346,4.759245872497559,5.300462245941162,5.955008029937744,6.705650329589844,7.420383930206299,8.008298873901367,8.537236213684082,9.130853652954102,9.744699478149414,10.136361122131348,10.282100677490234,10.525411605834961,11.099987030029297,11.441546440124512,11.760750770568848,12.071475982666016,12.558189392089844,13.299452781677246,13.71670913696289,13.06536865234375,13.005107879638672,12.824563980102539,12.579889297485352,14.507927894592285,15.584850311279297,15.977774620056152,15.900094985961914,16.964250564575195,16.82910919189453,13.29411792755127,10.851008415222168,10.378578186035156,10.840123176574707,11.144549369812012,11.463170051574707,11.58726978302002
6.2119622230529785,6.054850101470947,5.911488056182861,5.694998264312744,5.435591697692871,5.260145664215088,5.308570384979248,5.6156110763549805,6.101596832275391,6.643338680267334,7.2021918296813965,7.821098804473877,8.473014831542969,9.064120292663574,9.595927238464355,10.165926933288574,10.795672416687012,11.308809280395508,11.516552925109863,11.660468101501465,12.073161125183105,12.402709007263184,12.814986228942871,13.342159271240234,14.010725021362305,14.429718017578125,14.599382400512695,13.76577091217041,13.196331977844238,12.500848770141602,12.234588623046875,15.230252265930176,16.350313186645508,16.260414123535156,15.876070022583008,16.21856689453125,17.99597930908203,17.183807373046875,13.639278411865234,11.680146217346191,11.716265678405762,12.383249282836914,12.722517013549805,12.95539379119873
