data/wind_data/wind_2_2.json
{"header": {"parameterUnit": "KT", "parameterCategory": 2, "nx": 256, "ny": 198, "lo1": 44.73521041870117, "la1": -3.236724853515625, "lo2": 111.26478576660156, "la2": 43.468475341796875, "dx": 0.2609002888202667, "dy": -0.23708222806453705, "refTime": "2025-02-19 02:00:00", "forecastTime": 0, "parameterNumber": 2, "parameterNumberName": "eastward_wind"}, "data":
[rows 0 to 18 of 198, columns 172 to 214 of 256]
8.352372169494629,8.782755851745605,9.049344062805176,9.177416801452637,9.523214340209961,9.73933219909668,9.797863960266113,9.671648025512695,9.732199668884277,9.971144676208496,10.175307273864746,10.397066116333008,10.264769554138184,10.16762924194336,10.481712341308594,11.061566352844238,11.264252662658691,11.074020385742188,10.702356338500977,10.639800071716309,10.757847785949707,10.70146369934082,10.592405319213867,10.755728721618652,11.037036895751953,10.817717552185059,10.230344772338867,9.692988395690918,9.169320106506348,9.186079025268555,9.35063648223877,8.959479331970215,8.194668769836426,7.616843223571777,7.4040751457214355,7.131603717803955,7.114104747772217,6.144802570343018,5.458454132080078,5.3848876953125,5.110387325286865,4.42349910736084,4.1018452644348145
8.018157958984375,8.4850435256958,8.617751121520996,8.921833992004395,9.257553100585938,9.572012901306152,9.852367401123047,9.925716400146484,10.111546516418457,10.277332305908203,10.058951377868652,9.803686141967773,9.831480026245117,10.328479766845703,10.815211296081543,11.11494255065918,11.068784713745117,10.755995750427246,10.407414436340332,10.546279907226562,10.730863571166992,10.7097806930542,10.59569263458252,10.747396469116211,11.045591354370117,10.633091926574707,9.869610786437988,9.131572723388672,8.586179733276367,8.483180046081543,8.63201904296875,8.115025520324707,7.337604999542236,7.002130031585693,6.651210308074951,6.408533573150635,6.341073513031006,5.831509590148926,5.174098491668701,5.142046928405762,5.01699161529541,4.3974528312683105,4.083518028259277
8.222795486450195,8.72279167175293,8.719988822937012,8.764087677001953,9.108956336975098,9.661412239074707,9.996275901794434,10.219508171081543,10.419142723083496,10.313403129577637,9.704399108886719,9.364274024963379,9.837578773498535,10.540621757507324,10.851826667785645,10.940834045410156,10.862519264221191,10.546131134033203,10.414901733398438,10.651668548583984,10.6912202835083,10.739665031433105,10.612744331359863,10.382474899291992,10.257352828979492,10.105185508728027,9.53901481628418,8.61688232421875,8.250436782836914,7.753567218780518,7.773756980895996,7.491785049438477,6.880768299102783,6.79493522644043,6.451972961425781,5.731509685516357,5.539441108703613,5.320006847381592,4.555899620056152,4.328975200653076,4.394185543060303,4.0347490310668945,4.061285018920898
8.49306869506836,8.916387557983398,8.987198829650879,9.001372337341309,9.08708381652832,9.664772987365723,10.092727661132812,10.426274299621582,10.519512176513672,10.282968521118164,9.615560531616211,9.344002723693848,9.842277526855469,10.413346290588379,10.662999153137207,10.691085815429688,10.586490631103516,10.281492233276367,10.475519180297852,10.75003433227539,10.597772598266602,10.530423164367676,10.213091850280762,9.643482208251953,9.286298751831055,9.32815933227539,8.959158897399902,7.93890905380249,7.273890495300293,7.10452938079834,7.117321491241455,6.964539527893066,6.59917688369751,6.294971466064453,5.864576816558838,5.130511283874512,5.075305938720703,4.753631591796875,3.6707653999328613,3.188384532928467,3.9613537788391113,4.158829689025879,3.7244579792022705
8.668203353881836,9.165162086486816,9.67927360534668,9.698409080505371,9.091745376586914,9.318353652954102,10.003143310546875,10.406710624694824,10.505509376525879,10.399864196777344,9.772001266479492,9.324195861816406,9.468070983886719,10.108196258544922,10.408581733703613,10.283793449401855,10.1415433883667,10.061736106872559,10.558420181274414,10.182754516601562,9.774292945861816,9.472260475158691,9.25037670135498,8.638891220092773,8.844242095947266,8.794118881225586,7.855226993560791,7.015920162200928,5.696519374847412,6.133426666259766,6.327051639556885,6.04054069519043,6.269896507263184,5.816245079040527,4.840099811553955,4.1987481117248535,5.2246174812316895,4.623168468475342,3.330819606781006,2.645704746246338,4.703854084014893,5.308050632476807,3.9198715686798096
8.736120223999023,9.426613807678223,9.68533706665039,9.168922424316406,9.22359848022461,9.662182807922363,9.945015907287598,10.265649795532227,10.051456451416016,9.801499366760254,9.371254920959473,8.985777854919434,9.092798233032227,9.943984985351562,10.636602401733398,10.332429885864258,10.279397010803223,10.878769874572754,10.568473815917969,9.434535026550293,9.510368347167969,9.377606391906738,8.710538864135742,8.444664001464844,8.607378005981445,8.670733451843262,8.039854049682617,7.214610576629639,6.519827842712402,6.249014854431152,5.908385276794434,5.35446834564209,5.5007734298706055,5.1775946617126465,4.2548828125,5.043393135070801,5.914504528045654,4.335516452789307,2.903731107711792,2.7029569149017334,4.6999616622924805,5.411972522735596,3.7828829288482666
8.993866920471191,9.220378875732422,8.71332836151123,8.6831693649292,9.160038948059082,9.526865005493164,10.047444343566895,9.892119407653809,9.558915138244629,9.392326354980469,9.620830535888672,9.762106895446777,9.670661926269531,10.375368118286133,10.615997314453125,10.162105560302734,10.08310604095459,10.656257629394531,10.203124046325684,9.606101989746094,9.101253509521484,8.857757568359375,8.35300064086914,8.277082443237305,8.317543029785156,8.534873962402344,8.290376663208008,7.272537708282471,6.676692485809326,6.9390106201171875,6.75665807723999,5.636185169219971,4.971851825714111,3.5994880199432373,3.7729599475860596,5.582294464111328,5.391247749328613,4.190554141998291,3.53947114944458,4.414098262786865,4.305583477020264,3.8810458183288574,1.397535800933838
8.733672142028809,8.506318092346191,8.081144332885742,8.12033748626709,8.294602394104004,9.011991500854492,9.837939262390137,10.11525821685791,9.696210861206055,9.352723121643066,9.401039123535156,9.530838012695312,9.2247896194458,9.523179054260254,9.807120323181152,9.965094566345215,9.805262565612793,9.949514389038086,9.679546356201172,9.183906555175781,8.505453109741211,8.615918159484863,8.766095161437988,8.75100040435791,8.306011199951172,8.654294967651367,7.999070167541504,6.61895751953125,6.239066123962402,7.1714348793029785,7.422080039978027,6.430099964141846,5.410248279571533,4.186404705047607,4.685029029846191,4.909891128540039,3.787123441696167,3.2551229000091553,4.2949113845825195,4.978532314300537,3.360809087753296,2.77982234954834,2.0478668212890625
7.9525861740112305,7.64675760269165,7.723486423492432,7.6690850257873535,8.049920082092285,8.80551815032959,9.686260223388672,9.813382148742676,9.080220222473145,8.74223518371582,9.085749626159668,9.191576957702637,9.044496536254883,9.560772895812988,9.676596641540527,9.49150562286377,9.021255493164062,9.037083625793457,9.50777530670166,9.47381591796875,8.9591064453125,8.63237190246582,8.423696517944336,8.691025733947754,8.952520370483398,8.766294479370117,7.430760383605957,6.08730936050415,5.924784183502197,6.4456658363342285,6.546643257141113,6.363219261169434,5.919803619384766,5.220894813537598,4.757962226867676,3.7908308506011963,3.3679380416870117,3.599578380584717,5.007797718048096,4.327766418457031,2.548797130584717,2.269700765609741,1.9880696535110474
7.307730197906494,6.899939060211182,7.313721179962158,7.565100193023682,7.801379680633545,8.947614669799805,9.797486305236816,9.349785804748535,8.567636489868164,8.381428718566895,8.530360221862793,8.415756225585938,8.6851806640625,9.610895156860352,9.85738468170166,9.318922996520996,8.604959487915039,8.638177871704102,9.12702465057373,9.110113143920898,8.858642578125,8.66691780090332,8.40694522857666,9.034427642822266,9.353998184204102,8.784626007080078,7.4472432136535645,6.454596519470215,6.056326866149902,6.027406215667725,6.093257427215576,5.81511926651001,5.381886959075928,4.900577545166016,4.210102558135986,3.8674933910369873,4.403364658355713,5.171291351318359,4.838432312011719,3.8100337982177734,1.6406528949737549,-1.20067298412323,-3.7131264209747314
7.227937698364258,6.493307113647461,6.906393527984619,7.338092803955078,7.504578590393066,8.236870765686035,8.596741676330566,8.349960327148438,8.059647560119629,8.156200408935547,8.512857437133789,8.126104354858398,7.947037696838379,8.857816696166992,9.598431587219238,9.22949504852295,8.389036178588867,8.171004295349121,8.538286209106445,8.540428161621094,8.093762397766113,8.445816993713379,9.15770149230957,9.29763126373291,9.086420059204102,8.57147216796875,7.474704265594482,6.448205947875977,5.320691108703613,5.500255107879639,5.981293201446533,5.337312698364258,4.6830878257751465,4.951721668243408,4.439418315887451,4.444528102874756,5.243335723876953,5.794253826141357,4.917608737945557,3.23919415473938,0.8473404049873352,-3.3446693420410156,-6.4761962890625
6.554620265960693,6.198298931121826,6.132664203643799,6.196206569671631,6.610689163208008,7.659936904907227,7.661571025848389,7.3946614265441895,7.353785514831543,7.756349086761475,8.46618366241455,8.029966354370117,7.24732780456543,7.78717041015625,8.76671028137207,8.588691711425781,8.271954536437988,8.396565437316895,8.497300148010254,8.511725425720215,8.161009788513184,8.284087181091309,9.017407417297363,9.334918022155762,8.860599517822266,8.17963695526123,7.461155414581299,6.381722927093506,4.983660697937012,4.752994060516357,5.386068820953369,5.288536071777344,4.882155895233154,4.7779974937438965,4.187709808349609,4.335704326629639,5.657414436340332,5.677324295043945,3.704515218734741,1.3099684715270996,-0.2762175500392914,-1.7783666849136353,-4.139858245849609
5.5421905517578125,5.425197601318359,5.174502849578857,5.472429275512695,5.951797008514404,6.3381218910217285,7.026865005493164,7.144059181213379,6.7435126304626465,6.938172340393066,7.175379753112793,6.938211441040039,6.637192249298096,7.355838298797607,7.8834991455078125,7.747031211853027,7.983478546142578,8.20816707611084,8.300762176513672,8.456685066223145,8.7542724609375,8.556243896484375,8.265278816223145,8.639113426208496,8.776477813720703,8.459291458129883,7.5494608879089355,6.326843738555908,5.209820747375488,4.655248641967773,4.690052032470703,4.917207717895508,4.720738410949707,3.9192328453063965,3.1402931213378906,3.568352222442627,3.5742952823638916,3.2950258255004883,1.929983377456665,-0.1779457926750183,-1.3835111856460571,-1.9385833740234375,-3.9690661430358887
4.353826522827148,4.187353610992432,4.134371757507324,4.73057222366333,5.018433094024658,5.083571910858154,5.7331461906433105,5.907978057861328,5.118801116943359,5.196147918701172,5.700323581695557,5.952298164367676,5.939017295837402,6.600393295288086,7.177846908569336,6.823311805725098,7.4998779296875,8.421928405761719,8.638545989990234,8.661587715148926,8.689862251281738,8.149075508117676,7.528354167938232,7.737247943878174,7.928858757019043,7.792648792266846,7.104480743408203,5.7264227867126465,4.811347007751465,4.593077182769775,4.054447650909424,3.751103401184082,3.474585771560669,2.8034515380859375,2.4620163440704346,2.8562021255493164,1.3411940336227417,1.5194677114486694,1.3334274291992188,-0.615590512752533,-1.8209747076034546,-4.147317409515381,-3.3737611770629883
3.554457187652588,3.0422990322113037,3.533195972442627,4.443802356719971,4.075440406799316,3.537978410720825,3.754911422729492,4.377324104309082,4.273280143737793,4.126213073730469,4.514301300048828,5.061892986297607,5.2278618812561035,5.907249927520752,6.6149115562438965,6.160397052764893,6.695981502532959,8.235325813293457,8.85787296295166,8.571564674377441,8.175451278686523,7.250363349914551,6.759397029876709,7.051386833190918,7.01532506942749,6.649431228637695,6.254927635192871,5.262901306152344,4.568514823913574,4.016972541809082,3.535588502883911,2.8775546550750732,2.1983377933502197,2.4244019985198975,2.6011953353881836,3.3985085487365723,2.4382340908050537,1.739296555519104,0.5859051942825317,-1.8725711107254028,-3.3590340614318848,-4.4312357902526855,-3.4590420722961426
3.157196283340454,2.8715291023254395,3.3399240970611572,3.642901659011841,3.176804780960083,2.7318663597106934,2.8844590187072754,3.318014621734619,3.5662078857421875,3.230455160140991,3.379399538040161,4.214901924133301,4.777597904205322,5.489416599273682,6.084742069244385,5.675698757171631,5.827022552490234,7.718327045440674,9.037956237792969,8.444791793823242,7.415002822875977,6.780724048614502,6.568317413330078,6.5979461669921875,6.732378005981445,6.019153118133545,5.209972381591797,4.456302165985107,4.52127742767334,4.127315521240234,3.548330545425415,2.4415316581726074,2.4193031787872314,2.5837385654449463,3.1362359523773193,2.747112989425659,2.171363115310669,0.8480997085571289,-1.0917880535125732,-4.0113043785095215,-3.744959592819214,-3.3792288303375244,-5.721057891845703
2.626286745071411,2.9927895069122314,2.9170596599578857,2.6632895469665527,2.1691105365753174,2.0376529693603516,2.183950424194336,2.7115049362182617,2.7344696521759033,2.828150749206543,3.0513007640838623,3.7332491874694824,4.505204677581787,5.448694705963135,5.998287677764893,5.443192958831787,5.014674186706543,7.166122913360596,9.278681755065918,9.031900405883789,7.528909683227539,6.702347278594971,6.357279300689697,6.2579827308654785,6.630612850189209,5.770097732543945,4.417191505432129,3.6099822521209717,4.121349811553955,4.145390033721924,3.398715019226074,2.77974534034729,1.8433598279953003,1.509319543838501,2.6606805324554443,2.1900265216827393,1.1559747457504272,-1.2444243431091309,-3.5014748573303223,-4.383647918701172,-3.0428264141082764,-3.7881789207458496,-6.0003204345703125
2.0733141899108887,2.2912073135375977,1.9687273502349854,1.5645302534103394,1.3963346481323242,1.3219748735427856,1.481680989265442,2.303356885910034,2.166317939758301,2.682426691055298,2.9171934127807617,2.971268892288208,3.9323763847351074,4.9163408279418945,5.542051792144775,5.598692417144775,5.641629219055176,7.232986927032471,8.849493980407715,8.954228401184082,8.11705493927002,7.170580863952637,6.428288459777832,6.114294052124023,6.546751976013184,5.479154109954834,3.882920503616333,3.271533727645874,3.8712050914764404,3.9455201625823975,3.8738949298858643,2.8141298294067383,1.225942850112915,1.6469500064849854,2.117718458175659,1.8443896770477295,0.6743634343147278,-3.325126886367798,-5.622389793395996,-4.195059776306152,-3.7409541606903076,-4.158766269683838,-4.365729331970215
1.2921026945114136,1.0840622186660767,0.8646497130393982,0.5946547389030457,0.716270923614502,0.9890738129615784,1.2099909782409668,1.5005435943603516,1.5122787952423096,1.678113341331482,2.294387102127075,2.6547446250915527,3.3541178703308105,4.437812328338623,5.200232028961182,5.4829912185668945,6.302359104156494,7.7746710777282715,8.80247974395752,8.91373062133789,8.168020248413086,7.156219482421875,6.258205413818359,5.595643997192383,5.6379594802856445,4.495904445648193,3.5171782970428467,3.2204325199127197,3.07256817817688,3.2118477821350098,3.556713581085205,3.011112689971924,2.1979565620422363,2.167510986328125,1.923771619796753,1.0424481630325317,-1.0836756229400635,-5.177724361419678,-6.401022434234619,-4.366931915283203,-3.7846035957336426,-2.9241368770599365,-2.5824146270751953
