data/wind_data/wind_44_2.json
{"header": {"parameterUnit": "KT", "parameterCategory": 2, "nx": 256, "ny": 198, "lo1": 44.73521041870117, "la1": -3.236724853515625, "lo2": 111.26478576660156, "la2": 43.468475341796875, "dx": 0.2609002888202667, "dy": -0.23708222806453705, "refTime": "2025-02-20 20:00:00", "forecastTime": 0, "parameterNumber": 2, "parameterNumberName": "eastward_wind"}, "data":
[rows 171 to 189 of 198, columns 129 to 171 of 256]
1.2080233097076416,0.8376719355583191,0.7120331525802612,0.19107165932655334,0.09345819801092148,-0.6085337400436401,-1.6698024272918701,-5.220333099365234,-10.313812255859375,-11.98891830444336,-10.99929141998291,-10.215209007263184,-10.140562057495117,-10.59166431427002,-10.16762638092041,-9.405818939208984,-9.53316593170166,-11.698328971862793,-14.455687522888184,-16.091833114624023,-16.257095336914062,-15.11637020111084,-13.719782829284668,-12.876446723937988,-12.945426940917969,-14.055554389953613,-16.300107955932617,-18.847013473510742,-20.4846134185791,-19.814420700073242,-17.374061584472656,-14.346860885620117,-10.935392379760742,-7.591180324554443,-4.889713764190674,-3.8902883529663086,-2.511993169784546,-1.5950578451156616,-2.1639108657836914,0.6979541182518005,3.3146378993988037,2.5724070072174072,2.68497633934021
0.56903076171875,-0.09439536184072495,-0.18884168565273285,-0.560969352722168,-0.6586028933525085,-1.0093339681625366,-3.0232603549957275,-7.533047199249268,-11.036820411682129,-10.913957595825195,-9.701632499694824,-9.289159774780273,-9.853476524353027,-10.73829174041748,-10.743940353393555,-10.748588562011719,-10.962207794189453,-12.398573875427246,-14.742469787597656,-16.464576721191406,-16.160688400268555,-14.700582504272461,-13.796048164367676,-13.431026458740234,-13.29261302947998,-13.637313842773438,-14.820538520812988,-16.264257431030273,-16.693387985229492,-16.118459701538086,-15.817214012145996,-15.651786804199219,-14.170063972473145,-11.1939058303833,-7.762571334838867,-5.010084629058838,-4.438301086425781,-4.662878036499023,-3.13628888130188,-1.1231831312179565,3.410102605819702,6.382920265197754,7.544198513031006
0.318609356880188,-0.5270029902458191,-0.9407328963279724,-1.2578120231628418,-1.152340054512024,-1.4957610368728638,-3.9664499759674072,-7.9056267738342285,-10.054288864135742,-9.513693809509277,-8.722624778747559,-8.825132369995117,-9.536754608154297,-10.189746856689453,-10.147817611694336,-10.213912963867188,-10.680130958557129,-11.761246681213379,-13.539522171020508,-14.901031494140625,-14.596993446350098,-13.775131225585938,-13.322383880615234,-13.017102241516113,-12.928922653198242,-13.174714088439941,-13.5894136428833,-13.72982120513916,-13.255265235900879,-12.87108039855957,-13.33765697479248,-14.389412879943848,-15.129507064819336,-15.058712005615234,-14.255500793457031,-12.468897819519043,-10.028176307678223,-9.502304077148438,-9.545266151428223,-4.690105438232422,-0.6453304290771484,2.2300612926483154,3.1570687294006348
0.4460749924182892,-0.14978019893169403,-0.7629135251045227,-1.4212043285369873,-1.7025268077850342,-2.3914506435394287,-4.390275955200195,-6.918994426727295,-8.296976089477539,-8.123209953308105,-7.999759674072266,-8.607365608215332,-9.33057689666748,-9.56469440460205,-9.442253112792969,-9.643162727355957,-10.372910499572754,-11.582466125488281,-13.128936767578125,-14.459893226623535,-14.576505661010742,-14.080517768859863,-13.393027305603027,-12.64668083190918,-12.319136619567871,-12.122821807861328,-11.35889720916748,-10.259864807128906,-9.746413230895996,-10.071588516235352,-10.849162101745605,-11.911571502685547,-13.416824340820312,-15.38378620147705,-17.563547134399414,-19.21297836303711,-19.17384910583496,-17.36473274230957,-16.133119583129883,-15.949753761291504,-12.715034484863281,-8.973586082458496,-4.6226806640625
0.11295454949140549,-0.11046122759580612,-0.1546431928873062,-0.8167782425880432,-1.6027240753173828,-2.5928635597229004,-3.778599262237549,-5.112299919128418,-6.104168891906738,-6.518198013305664,-7.17486572265625,-8.273041725158691,-9.099641799926758,-9.09587287902832,-8.921751976013184,-9.150629997253418,-9.741842269897461,-10.656444549560547,-11.901723861694336,-13.269715309143066,-13.809796333312988,-13.638978004455566,-13.117283821105957,-12.452651023864746,-11.592948913574219,-10.449297904968262,-9.294584274291992,-8.54015064239502,-8.68237590789795,-9.545187950134277,-10.169262886047363,-10.24081039428711,-10.811020851135254,-12.606688499450684,-15.472474098205566,-18.71702003479004,-21.128889083862305,-22.07724380493164,-21.185455322265625,-19.917091369628906,-18.694324493408203,-16.420162200927734,-13.766924858093262
-0.5271266102790833,-0.829602837562561,-0.21544325351715088,0.23397473990917206,-0.7759382724761963,-2.107208728790283,-2.443683624267578,-2.8509573936462402,-3.8973891735076904,-4.842839241027832,-5.886672496795654,-7.249431610107422,-8.223612785339355,-8.294343948364258,-8.283675193786621,-8.703591346740723,-9.30256462097168,-9.930329322814941,-10.733588218688965,-11.70058822631836,-12.06741714477539,-11.877971649169922,-11.700727462768555,-11.215129852294922,-10.035399436950684,-8.564477920532227,-7.191314697265625,-6.6128716468811035,-7.0723676681518555,-8.343195915222168,-9.30646800994873,-9.659605026245117,-10.282424926757812,-11.312867164611816,-12.757575988769531,-15.015893936157227,-17.522981643676758,-19.216554641723633,-20.383230209350586,-21.01106834411621,-20.767242431640625,-20.373676300048828,-20.29555320739746
-0.5492249727249146,-0.8913672566413879,-1.124889612197876,-0.3207740783691406,-0.4120219349861145,-1.3713725805282593,-1.4895776510238647,-1.235658884048462,-1.9867154359817505,-3.23152494430542,-4.304906368255615,-5.690670490264893,-6.835635185241699,-7.15315580368042,-7.420474052429199,-8.113748550415039,-8.831582069396973,-9.30148696899414,-9.7194242477417,-10.250547409057617,-10.289196014404297,-9.75186824798584,-9.31262493133545,-8.796562194824219,-7.920511722564697,-6.859324932098389,-5.886425495147705,-5.480424880981445,-5.983776092529297,-7.3707594871521,-8.640244483947754,-9.399433135986328,-10.246522903442383,-11.06857681274414,-11.910294532775879,-13.38519287109375,-15.519392013549805,-17.516313552856445,-19.07390594482422,-19.94385528564453,-20.088529586791992,-20.062116622924805,-20.405662536621094
-0.768078088760376,0.168541818857193,-0.0037683462724089622,-0.015941347926855087,0.2659830152988434,-0.08295974880456924,-0.5375220775604248,-0.6926417350769043,-0.9019407033920288,-1.9496856927871704,-2.9599337577819824,-4.069569110870361,-5.174238681793213,-5.742504596710205,-6.3522772789001465,-7.321658134460449,-8.1449613571167,-8.56938362121582,-8.878406524658203,-9.106995582580566,-8.685103416442871,-7.6602678298950195,-6.693579196929932,-5.928964138031006,-5.1395039558410645,-4.612133026123047,-4.569957256317139,-4.620441436767578,-5.352127552032471,-7.096593379974365,-8.564620018005371,-9.584172248840332,-10.793123245239258,-11.755104064941406,-12.491204261779785,-13.337611198425293,-14.704564094543457,-16.54056167602539,-18.510387420654297,-19.980941772460938,-20.657669067382812,-20.92206382751465,-20.875499725341797
-0.4421217441558838,-1.3101149797439575,-1.8940672874450684,-1.5194255113601685,-0.05152391642332077,0.8369765281677246,0.650339663028717,-0.22108376026153564,-0.3110068738460541,-0.8135083913803101,-1.70686936378479,-2.6181998252868652,-3.595918893814087,-4.34662389755249,-5.231991767883301,-6.353387832641602,-7.238668441772461,-7.747349262237549,-8.175962448120117,-8.170191764831543,-7.279878616333008,-5.81920051574707,-4.534400939941406,-3.6595001220703125,-2.7809064388275146,-2.3154523372650146,-2.7594528198242188,-3.614649772644043,-4.758732795715332,-6.664106845855713,-8.163381576538086,-9.422317504882812,-10.978294372558594,-12.262748718261719,-13.472216606140137,-14.391395568847656,-15.176342964172363,-15.917835235595703,-16.754343032836914,-17.947280883789062,-19.338607788085938,-20.53569221496582,-20.916683197021484
1.9939055442810059,0.5756281614303589,-0.9004225730895996,-0.13339781761169434,0.8620858192443848,1.1603206396102905,0.7207074165344238,0.496061772108078,0.18266242742538452,-0.09565718472003937,-0.5599779486656189,-1.4233072996139526,-2.42984676361084,-3.29211163520813,-4.2636823654174805,-5.3561177253723145,-6.3748955726623535,-7.0898213386535645,-7.5019989013671875,-7.140676498413086,-5.960382461547852,-4.346954822540283,-3.025458335876465,-2.2421178817749023,-1.6301568746566772,-1.2943347692489624,-1.5104585886001587,-2.7933499813079834,-4.4923601150512695,-6.418520450592041,-7.569511413574219,-8.379729270935059,-10.018953323364258,-11.945236206054688,-13.899353981018066,-15.488192558288574,-16.510648727416992,-16.975255966186523,-17.07353401184082,-17.38505744934082,-18.309532165527344,-19.71604347229004,-21.08453369140625
-0.5495600700378418,0.8280391693115234,0.8064320087432861,0.8349496126174927,0.9460753798484802,1.8757647275924683,1.5057603120803833,0.9200740456581116,0.5804798007011414,0.0844721719622612,-0.021775836125016212,-0.677250325679779,-1.7510125637054443,-2.6987788677215576,-3.638869285583496,-4.619687557220459,-5.842899799346924,-6.729616165161133,-6.734075546264648,-6.0523505210876465,-4.861470699310303,-3.2793965339660645,-2.2919604778289795,-1.9985690116882324,-2.2028396129608154,-2.301459789276123,-2.0304126739501953,-2.5839571952819824,-4.702508926391602,-6.786376953125,-7.671916961669922,-8.190141677856445,-9.76335334777832,-12.242950439453125,-14.216615676879883,-15.530601501464844,-16.46886444091797,-17.430923461914062,-18.47606658935547,-19.02242088317871,-19.105958938598633,-19.36662483215332,-20.281221389770508
-4.565436840057373,-3.428433418273926,-0.24913175404071808,1.911563754081726,2.566527843475342,2.4975621700286865,1.8346636295318604,1.2404158115386963,0.13926538825035095,-0.011831739917397499,0.12367382645606995,-0.5242198705673218,-1.7252758741378784,-2.795391082763672,-3.6572604179382324,-4.504405975341797,-5.665068626403809,-6.431186676025391,-6.075124740600586,-5.3073506355285645,-4.204372882843018,-2.8400204181671143,-2.62400484085083,-3.3085358142852783,-3.7946889400482178,-3.67607045173645,-3.5433247089385986,-3.4105818271636963,-5.246316432952881,-7.411120891571045,-8.748477935791016,-10.106854438781738,-11.815607070922852,-13.082765579223633,-13.724599838256836,-14.15782642364502,-14.764883041381836,-15.922409057617188,-17.401763916015625,-18.137359619140625,-18.20685386657715,-18.43841552734375,-19.65222930908203
-5.983839988708496,-3.488715648651123,-3.9424781799316406,-2.892425775527954,-0.43039995431900024,2.6239211559295654,1.3374625444412231,0.26005828380584717,-0.8517892360687256,-0.49965372681617737,-0.1901976615190506,-1.073785424232483,-2.224395990371704,-2.9840590953826904,-3.6757657527923584,-4.61728572845459,-5.402649879455566,-6.001906871795654,-5.3666157722473145,-4.832271575927734,-4.208158016204834,-3.2705740928649902,-3.9359517097473145,-5.044944763183594,-4.531482219696045,-4.048592567443848,-5.115852355957031,-5.638769149780273,-7.238296985626221,-9.602517127990723,-10.647804260253906,-11.18337345123291,-12.091461181640625,-13.015216827392578,-13.14522933959961,-13.113360404968262,-13.609504699707031,-14.736919403076172,-15.63070011138916,-15.430270195007324,-15.182753562927246,-15.755126953125,-16.9168758392334
-5.051515579223633,-6.145996570587158,-4.844344615936279,-5.039931297302246,-2.260653257369995,-2.0956735610961914,1.6012064218521118,0.6991337537765503,-0.04892636463046074,0.3507682681083679,0.7385008931159973,0.21574677526950836,-0.825630247592926,-1.932600736618042,-3.092635154724121,-3.937344551086426,-4.547873020172119,-4.95429801940918,-4.293520927429199,-4.353224277496338,-4.297297954559326,-3.895911455154419,-4.824681282043457,-5.836822032928467,-6.174224376678467,-6.2947998046875,-6.8628387451171875,-7.562326431274414,-8.083663940429688,-10.194509506225586,-10.55905818939209,-10.360966682434082,-10.555685043334961,-10.568378448486328,-10.10793685913086,-11.141837120056152,-13.0446138381958,-15.141716957092285,-15.883883476257324,-14.773877143859863,-13.081318855285645,-12.596263885498047,-13.602691650390625
-6.035800933837891,-5.95051383972168,-2.630862236022949,0.18031510710716248,1.6667627096176147,-2.3395042419433594,-0.7008212804794312,0.06892919540405273,0.459067702293396,1.03303062915802,1.7224615812301636,1.889465570449829,0.6268225908279419,-1.2380104064941406,-2.5025904178619385,-2.9239649772644043,-2.9384641647338867,-2.8232603073120117,-2.922818422317505,-3.313624858856201,-3.6511471271514893,-4.094985485076904,-4.791057586669922,-7.282445907592773,-10.958171844482422,-11.701303482055664,-9.262191772460938,-8.5674409866333,-8.609269142150879,-9.075281143188477,-8.945137023925781,-8.163286209106445,-6.512726783752441,-5.749536514282227,-7.299087047576904,-8.752754211425781,-11.93739128112793,-14.831253051757812,-15.740551948547363,-14.536487579345703,-13.143295288085938,-12.652146339416504,-13.134286880493164
-7.041940689086914,-5.707269191741943,-3.3642797470092773,-0.020587658509612083,-1.0694113969802856,-2.2096757888793945,-2.0509393215179443,0.3136640191078186,1.8441920280456543,2.8202102184295654,3.4761736392974854,3.5409200191497803,2.386368751525879,0.9696579575538635,-0.3663542866706848,-1.384164571762085,-1.7024909257888794,-1.5489373207092285,-1.5547187328338623,-1.553774118423462,-2.2480759620666504,-3.701787233352661,-4.787879467010498,-8.30001163482666,-12.644329071044922,-14.123939514160156,-11.126785278320312,-7.161202907562256,-7.552899360656738,-7.3186540603637695,-6.042901515960693,-3.9762749671936035,-2.5616893768310547,-3.4849586486816406,-3.4134840965270996,-5.246603012084961,-10.140942573547363,-14.302166938781738,-14.991430282592773,-13.87918758392334,-13.879049301147461,-14.508551597595215,-14.294422149658203
-7.421626091003418,-7.683484077453613,-6.0970964431762695,1.2104886770248413,-2.1766510009765625,-2.933757781982422,-3.136007308959961,-1.169594645500183,1.5912507772445679,3.16023588180542,4.226799964904785,5.101540565490723,5.320966720581055,4.7912116050720215,2.8012943267822266,0.7142145037651062,-0.21710030734539032,-0.4045428931713104,-0.22889526188373566,-0.5983200073242188,-2.183432102203369,-3.7923126220703125,-4.941214561462402,-7.909134387969971,-10.913191795349121,-12.17935562133789,-11.939512252807617,-9.069029808044434,-6.525719165802002,-7.608791351318359,-5.804853916168213,-5.812402248382568,-5.2328619956970215,-5.395988941192627,-6.611023426055908,-9.80864143371582,-13.298432350158691,-14.7708158493042,-14.53324031829834,-13.533143043518066,-13.44747257232666,-13.750226974487305,-13.419061660766602
-8.565669059753418,-8.422487258911133,-6.1813578605651855,-1.750092625617981,-1.7604877948760986,-3.9178824424743652,-5.200675010681152,-6.1227335929870605,-3.6237356662750244,-0.8293319344520569,-0.4232158064842224,0.6580264568328857,3.326093912124634,4.498446941375732,4.201117515563965,3.0799105167388916,0.3370961844921112,-0.7754696607589722,-0.6290953755378723,-1.547995924949646,-4.327079772949219,-4.7415032386779785,-4.721169948577881,-6.2448320388793945,-7.5785908699035645,-6.893303394317627,-7.5939435958862305,-11.380220413208008,-8.847987174987793,-9.216243743896484,-10.603536605834961,-13.114011764526367,-13.794358253479004,-14.421564102172852,-14.742966651916504,-14.791033744812012,-15.00416374206543,-14.719939231872559,-13.413758277893066,-11.634805679321289,-10.915785789489746,-9.759974479675293,-8.20788860321045
-8.095537185668945,-8.062223434448242,-5.56273889541626,-0.47094130516052246,-2.251098871231079,-3.4306650161743164,-2.635791540145874,-0.8501811623573303,-2.2022459506988525,-1.454822301864624,-3.050238609313965,-6.047234535217285,-0.9234971404075623,0.2660309970378876,0.9605873227119446,0.24871546030044556,-0.7954307198524475,-2.033461809158325,-3.365633726119995,-3.551384925842285,-4.173018455505371,-3.924234390258789,-3.409360408782959,-3.480914831161499,-2.857149600982666,-1.9655699729919434,-4.61833381652832,-10.834379196166992,-10.155987739562988,-10.26305866241455,-11.370091438293457,-13.764795303344727,-14.077545166015625,-13.31442928314209,-12.179094314575195,-11.897789001464844,-13.605517387390137,-13.576837539672852,-10.382392883300781,-7.885642051696777,-7.7531843185424805,-8.507556915283203,-8.852763175964355
