data/wind_data/wind_Surface_38.json
{"header": {"parameterUnit": "KT", "parameterCategory": 2, "nx": 255, "ny": 198, "lo1": 44.73521041870117, "la1": -3.236724853515625, "lo2": 111.26478576660156, "la2": 43.468475341796875, "dx": 0.26192745566368103, "dy": -0.23708222806453705, "refTime": "2025-02-20 14:00:00", "forecastTime": 0, "parameterNumber": 2, "parameterNumberName": "eastward_wind"}, "data":
[rows 133 to 151 of 198, columns 43 to 85 of 255]
9.553478240966797,13.56491470336914,12.847952842712402,8.483002662658691,6.760283946990967,10.061983108520508,4.0940327644348145,-4.001855373382568,-0.20335456728935242,0.08137279003858566,-5.16001558303833,-7.602593898773193,-8.38037395477295,-8.786734580993652,-7.664722919464111,-2.7514426708221436,-0.8305135369300842,-6.366799831390381,-6.169023036956787,-1.9776921272277832,-1.9023187160491943,-1.998981237411499,-1.7222864627838135,-1.9064327478408813,-2.0517351627349854,-1.4607149362564087,-0.2522328794002533,0.8207420706748962,1.2126437425613403,1.3194491863250732,1.8464564085006714,2.31823992729187,3.651693820953369,4.995959758758545,5.343459606170654,4.714498043060303,4.1167683601379395,3.1135308742523193,2.999411106109619,3.9305851459503174,4.77228307723999,5.486544132232666,8.208394050598145
10.97841739654541,11.728599548339844,10.134735107421875,5.469360828399658,7.328829765319824,10.825039863586426,1.1168028116226196,-4.278872966766357,-0.7967016696929932,-2.773869752883911,-5.500953197479248,-6.771002769470215,-6.9219183921813965,-8.013143539428711,-8.587430000305176,-1.8743189573287964,0.6153613328933716,-4.457286834716797,-4.722185134887695,-2.51951003074646,-1.5153374671936035,-1.9261161088943481,-2.427058458328247,-1.9878371953964233,-1.3907464742660522,-0.06071808561682701,1.2981226444244385,1.860404133796692,2.071589231491089,2.610772132873535,3.035773754119873,3.3218746185302734,3.9630963802337646,4.624927043914795,4.990533351898193,4.4040141105651855,3.572620391845703,3.2918341159820557,3.024587392807007,4.051237106323242,5.310596466064453,5.556044101715088,5.827792167663574
9.341197967529297,8.478490829467773,8.741013526916504,7.176203727722168,10.323332786560059,7.503514766693115,-3.8263540267944336,-2.66951060295105,-1.845475196838379,-5.187265396118164,-5.904830455780029,-5.585265636444092,-3.2322113513946533,-2.190507650375366,-1.2000484466552734,0.3771854043006897,-2.933458089828491,-5.980411529541016,-4.343539714813232,-2.431166410446167,-1.6028307676315308,-2.1178836822509766,-2.9712212085723877,-1.7448627948760986,0.18464751541614532,1.617570400238037,2.6425716876983643,2.713233232498169,2.6906814575195312,2.8014438152313232,2.7472877502441406,3.089728832244873,3.313713788986206,3.6901040077209473,3.996274709701538,3.7235310077667236,3.003152847290039,2.6313297748565674,2.8860230445861816,3.790087938308716,5.314549446105957,4.98972225189209,5.067244052886963
7.742950439453125,8.845938682556152,9.739587783813477,10.961146354675293,10.700525283813477,0.5772028565406799,-5.827864646911621,-2.658745288848877,-3.660015106201172,-5.3647871017456055,-5.60076904296875,-3.492262125015259,-1.1122461557388306,-2.5553479194641113,-4.694621562957764,-6.387304782867432,-7.270514965057373,-5.925351619720459,-3.6837291717529297,-3.2153260707855225,-2.0189287662506104,-2.554689645767212,-3.701604127883911,-1.5148882865905762,1.1787501573562622,2.3400535583496094,2.942233085632324,3.1433796882629395,3.14363169670105,3.1847763061523438,3.120870590209961,3.335233688354492,3.220065116882324,3.1508445739746094,3.477386236190796,3.382603645324707,2.793121814727783,2.2783284187316895,2.139155626296997,2.427262544631958,3.837893486022949,4.816472053527832,3.6266934871673584
5.860561847686768,8.28917121887207,11.299501419067383,11.764726638793945,2.3347091674804688,-5.610391139984131,-3.9284732341766357,-3.421253204345703,-3.8217077255249023,-3.659085512161255,-3.7749204635620117,-4.593690872192383,-6.553999423980713,-8.543036460876465,-10.599390983581543,-9.897769927978516,-7.416990756988525,-5.713703155517578,-5.215512752532959,-4.476598262786865,-3.0617380142211914,-3.062235116958618,-3.675581693649292,-1.0311816930770874,1.667027473449707,2.7601053714752197,3.579977035522461,3.699479341506958,3.5183870792388916,3.594411849975586,3.456718683242798,2.560819625854492,2.8871102333068848,3.382026195526123,3.669391393661499,3.121792793273926,2.911025047302246,2.2761995792388916,1.9852347373962402,1.8684237003326416,2.1849799156188965,3.17769193649292,2.8226850032806396
3.1225414276123047,7.812326431274414,9.670453071594238,1.9469244480133057,-5.509903430938721,-3.85843563079834,-3.0413761138916016,-3.310755729675293,-2.9026529788970947,-2.253390312194824,-4.429715156555176,-8.385276794433594,-9.99771785736084,-10.286378860473633,-10.84738826751709,-10.010504722595215,-7.122842311859131,-5.2495903968811035,-5.129844665527344,-4.343635082244873,-2.675691604614258,-2.637239456176758,-2.345200538635254,-0.47680413722991943,0.977181077003479,3.2245430946350098,4.1017374992370605,4.308053493499756,3.924131155014038,4.0813164710998535,3.4249885082244873,2.2097232341766357,2.394792318344116,3.1705434322357178,3.3378074169158936,3.3690590858459473,3.156531572341919,2.7763781547546387,2.330983877182007,1.9233574867248535,1.6542044878005981,2.1416659355163574,3.161223888397217
2.9320287704467773,7.671197891235352,2.350795269012451,-6.11973237991333,-5.287698268890381,-2.301285743713379,-2.410266637802124,-2.7763991355895996,-2.5518980026245117,-3.8545138835906982,-7.56064510345459,-10.528907775878906,-10.955559730529785,-10.401986122131348,-9.776829719543457,-8.356720924377441,-5.977604866027832,-4.713873386383057,-4.7542266845703125,-4.075481414794922,-2.1269617080688477,-1.7238231897354126,-1.7427908182144165,-0.196995809674263,1.0896453857421875,3.523573875427246,4.035485744476318,4.385274887084961,4.024667739868164,3.3100943565368652,2.144514560699463,1.0510814189910889,2.4327762126922607,3.440971851348877,3.3082187175750732,3.388030529022217,4.173314094543457,4.277163028717041,3.618037700653076,2.7900888919830322,2.6129093170166016,3.200010061264038,3.6681149005889893
4.101786136627197,3.372286319732666,-5.163113117218018,-8.47692584991455,-5.174276828765869,-2.2347381114959717,-1.9621046781539917,-2.936307430267334,-3.861743688583374,-6.166567325592041,-9.237813949584961,-10.469795227050781,-10.316557884216309,-9.025113105773926,-7.674626350402832,-6.300165176391602,-4.3935112953186035,-4.173610210418701,-3.899625062942505,-3.358884572982788,-2.288041591644287,-1.605775237083435,-1.7886584997177124,-0.4773666262626648,1.3199645280838013,3.353253126144409,4.116704940795898,4.359882831573486,4.265867710113525,3.1176230907440186,0.9343125224113464,1.4747929573059082,3.145467758178711,3.3792951107025146,3.2579610347747803,4.105350494384766,5.869348049163818,5.779053211212158,4.306386947631836,3.881035566329956,3.8591248989105225,3.7750346660614014,4.182069778442383
4.568181991577148,-3.774045944213867,-9.504586219787598,-7.478075981140137,-5.015429973602295,-2.5916600227355957,-2.0804574489593506,-3.3542721271514893,-5.147802352905273,-7.067968368530273,-8.05465030670166,-8.459790229797363,-8.153332710266113,-6.562242031097412,-5.020512104034424,-4.222586154937744,-3.9568324089050293,-3.843855381011963,-3.089617967605591,-2.7732462882995605,-1.336604118347168,-1.184920310974121,-2.295025110244751,-0.6267362236976624,1.0971907377243042,2.8046517372131348,4.223523139953613,3.1319010257720947,3.604109287261963,3.5009427070617676,1.8420056104660034,2.084987163543701,3.0790860652923584,3.2774503231048584,3.6917357444763184,5.1495747566223145,6.524111270904541,5.965629577636719,4.562763690948486,3.59265398979187,3.405134677886963,3.62465763092041,4.1541547775268555
-0.7682899832725525,-10.81959342956543,-11.906874656677246,-8.117773056030273,-6.764769554138184,-4.413514137268066,-2.803987741470337,-3.608450412750244,-5.0078020095825195,-5.8793110847473145,-5.700226783752441,-6.024010181427002,-6.556956768035889,-5.20067024230957,-3.2667202949523926,-3.1773898601531982,-4.242339134216309,-3.8521170616149902,-2.5846164226531982,-1.4264506101608276,0.6337096691131592,-0.6980759501457214,-2.2698402404785156,-1.4148210287094116,0.33951327204704285,2.589562177658081,3.449566602706909,2.582796812057495,3.0622365474700928,3.6099355220794678,2.8492319583892822,1.8727867603302002,2.300114870071411,3.1243679523468018,3.4806008338928223,4.7058234214782715,4.896938800811768,3.8063838481903076,3.617516040802002,3.783320665359497,3.2655622959136963,3.019425392150879,2.7502360343933105
-8.56844711303711,-13.626502990722656,-11.194247245788574,-8.582137107849121,-8.392391204833984,-6.152843952178955,-3.570810556411743,-3.798266649246216,-4.676292419433594,-4.617828369140625,-4.063272953033447,-4.198618412017822,-4.86992073059082,-4.551555633544922,-2.8389225006103516,-2.7403388023376465,-4.476824760437012,-3.895728349685669,-2.3189971446990967,-0.5583738088607788,-0.0961277037858963,-2.8123927116394043,-3.6214237213134766,-2.521362781524658,0.6151155829429626,1.498110055923462,1.2516844272613525,2.0429184436798096,3.0722672939300537,3.1670444011688232,2.573212146759033,1.0231077671051025,0.29955753684043884,2.0072503089904785,3.4175519943237305,3.4311506748199463,1.6840145587921143,2.0318050384521484,2.5503225326538086,2.4430646896362305,3.2603681087493896,3.4729959964752197,2.7962722778320312
-12.944356918334961,-12.75505542755127,-8.896183013916016,-6.741467475891113,-8.501605033874512,-8.166325569152832,-5.5013604164123535,-4.271264553070068,-4.215743541717529,-3.606461763381958,-3.4333016872406006,-3.6169474124908447,-4.306138038635254,-3.776444673538208,-2.3136587142944336,-2.1955618858337402,-4.1150970458984375,-3.7805354595184326,-1.973803997039795,0.5085445642471313,-0.32367798686027527,-3.1864712238311768,-3.814789295196533,-2.491147518157959,0.33751413226127625,1.927893877029419,2.215104818344116,2.773306369781494,2.6501898765563965,2.565748453140259,2.719618082046509,-0.5164970755577087,-2.3121931552886963,-0.72419673204422,0.48555076122283936,-0.895270586013794,-0.22053655982017517,1.6714407205581665,0.644683301448822,-0.3789406418800354,1.6445345878601074,3.8932344913482666,3.776259422302246
-12.826391220092773,-11.312326431274414,-7.2834553718566895,-4.96440315246582,-7.618846416473389,-9.318556785583496,-6.444680690765381,-3.912501335144043,-2.7962758541107178,-2.6650238037109375,-3.25103759765625,-3.276751756668091,-3.1600334644317627,-2.464867353439331,-1.5029538869857788,-2.4997503757476807,-4.465587139129639,-3.576795816421509,-1.3492367267608643,0.9941220283508301,-0.05578344687819481,-2.449906587600708,-3.5661683082580566,-3.1679980754852295,-1.6689940690994263,0.9994406700134277,3.3063371181488037,3.3339409828186035,2.982166290283203,2.3562724590301514,0.3042532205581665,0.5240649580955505,1.2746764421463013,-0.3257959187030792,-1.883169412612915,-0.8116515278816223,0.7991520166397095,0.1143060103058815,-1.9844346046447754,-3.688629627227783,-2.7923989295959473,0.5426476001739502,5.865914344787598
-12.485032081604004,-11.055191993713379,-8.08361530303955,-6.8054351806640625,-9.0686674118042,-10.086712837219238,-6.487398147583008,-3.0229103565216064,-1.3696935176849365,-1.753682017326355,-2.5217764377593994,-2.389719009399414,-2.422339916229248,-1.4973247051239014,-1.1259490251541138,-2.560213327407837,-3.174675703048706,-3.681177854537964,-1.8081436157226562,-0.3160305321216583,0.012381872162222862,-1.685575246810913,-3.4744701385498047,-3.362247943878174,-2.6528801918029785,-1.0507465600967407,1.0782639980316162,2.3360400199890137,2.423274278640747,0.5085927844047546,-3.4076740741729736,-2.139148473739624,2.2911505699157715,3.5883147716522217,0.19007806479930878,-0.31444528698921204,0.735706090927124,-1.983787178993225,-5.1079816818237305,-5.5279974937438965,-4.733944416046143,-1.6710329055786133,7.086565017700195
-12.975729942321777,-11.696722984313965,-9.50908088684082,-9.107102394104004,-10.875144004821777,-9.971778869628906,-5.491026878356934,-2.109696626663208,-0.8964326977729797,-0.9118569493293762,-1.0969687700271606,-0.7939477562904358,-0.8672146201133728,-0.7830052375793457,-0.2034340351819992,-1.6809402704238892,-4.09745979309082,-3.312657356262207,-2.3141839504241943,-2.139220714569092,0.33732178807258606,0.127701535820961,-2.798548936843872,-3.2254269123077393,-2.6025843620300293,-1.5898959636688232,0.05439633131027222,0.33346548676490784,1.0013140439987183,0.4770493805408478,-2.9681758880615234,-3.6619322299957275,-0.05459173396229744,3.5001814365386963,3.208493947982788,1.8038051128387451,0.3157103955745697,-3.6447956562042236,-5.273745536804199,-4.853743076324463,-5.876932144165039,-4.338499546051025,1.444962739944458
-14.522506713867188,-13.228373527526855,-9.608850479125977,-8.94060230255127,-10.634601593017578,-8.366327285766602,-5.021382808685303,-2.7690231800079346,-1.5634479522705078,-1.793739676475525,-1.2977975606918335,0.2388393133878708,1.2869797945022583,0.8998924493789673,-1.4728204011917114,-5.143516540527344,-6.035479545593262,-3.1661972999572754,-2.044691562652588,-2.9932332038879395,-0.43663159012794495,0.9993952512741089,-1.8096256256103516,-3.3712844848632812,-2.5842106342315674,-1.9393587112426758,-2.5621514320373535,-2.8525331020355225,-0.27368783950805664,0.219764843583107,-1.8637157678604126,-3.454923391342163,-3.1414053440093994,-0.42698782682418823,2.0118179321289062,3.337777614593506,0.66030353307724,-4.401311874389648,-2.5038199424743652,-1.2449698448181152,-4.814270496368408,-6.100625038146973,-2.954177141189575
-15.391132354736328,-14.844057083129883,-9.693014144897461,-7.174239158630371,-7.695223331451416,-6.79148530960083,-5.288423538208008,-3.7859292030334473,-3.0962166786193848,-3.1950876712799072,-1.3943042755126953,0.4462798833847046,0.30578121542930603,-2.9156482219696045,-7.42227840423584,-8.607621192932129,-5.445168495178223,-3.0105199813842773,-2.6859383583068848,-3.433323621749878,-1.5575916767120361,1.5251290798187256,-0.16229495406150818,-2.254798412322998,-2.541330575942993,-3.4739978313446045,-4.31852912902832,-3.326958179473877,-0.05744948610663414,0.8622218370437622,-0.4632759690284729,-1.6803864240646362,-3.4157845973968506,-4.42618989944458,-2.720991373062134,1.4294825792312622,1.142969012260437,-2.339689016342163,-0.47441932559013367,0.8823179602622986,-4.463766098022461,-9.186610221862793,-6.630831241607666
-15.157564163208008,-14.688322067260742,-9.40904712677002,-5.685354232788086,-5.273599147796631,-6.12222146987915,-6.24277925491333,-4.8331685066223145,-3.968214273452759,-3.037999153137207,-0.8594846725463867,-0.38930511474609375,-4.444240093231201,-7.915116310119629,-8.683375358581543,-6.555703639984131,-4.724052906036377,-3.6556851863861084,-2.840710163116455,-1.5989283323287964,-0.3276066780090332,1.6278469562530518,2.0351569652557373,0.2362608164548874,-1.1308398246765137,-2.6572766304016113,-2.938490629196167,-0.8501812219619751,0.667969286441803,0.42892706394195557,0.39674055576324463,0.1995690017938614,-2.3825485706329346,-5.192330360412598,-5.4683122634887695,-1.9012149572372437,1.3392705917358398,1.1451166868209839,1.8192273378372192,-0.08010508120059967,-3.4880893230438232,-3.2192585468292236,-4.144165992736816
-12.598966598510742,-12.40052318572998,-8.796784400939941,-5.4906744956970215,-5.710962772369385,-7.006186485290527,-6.047786235809326,-4.9665679931640625,-4.719954490661621,-1.98612642288208,-0.2891997694969177,-3.6251468658447266,-8.435200691223145,-10.238069534301758,-7.632629871368408,-5.142029762268066,-4.348999500274658,-4.506163120269775,-3.4684462547302246,-2.227889060974121,-0.17551293969154358,1.9143311977386475,2.255906105041504,1.5399811267852783,-0.004643365740776062,-2.124131202697754,-2.7844223976135254,-1.4140130281448364,-0.6806376576423645,-0.969889223575592,-2.0056967735290527,-3.69836163520813,-5.464554786682129,-5.261317253112793,-3.7008774280548096,-1.015578269958496,1.6060612201690674,2.817171573638916,3.521425485610962,0.7138513326644897,-2.457477569580078,0.7475820779800415,2.6262331008911133
