data/wind_data/wind_45_6.json
{"header": {"parameterUnit": "KT", "parameterCategory": 2, "nx": 256, "ny": 198, "lo1": 44.73521041870117, "la1": -3.236724853515625, "lo2": 111.26478576660156, "la2": 43.468475341796875, "dx": 0.2609002888202667, "dy": -0.23708222806453705, "refTime": "2025-02-20 21:00:00", "forecastTime": 0, "parameterNumber": 2, "parameterNumberName": "eastward_wind"}, "data":
[rows 0 to 19 of 198, columns 44 to 87 of 256]
-25.775991439819336,-24.90471839904785,-24.036287307739258,-23.19552230834961,-22.862890243530273,-22.9671573638916,-23.501327514648438,-24.351804733276367,-25.29059410095215,-26.200973510742188,-26.914669036865234,-27.12171173095703,-25.922239303588867,-25.231542587280273,-26.623363494873047,-28.057403564453125,-28.738245010375977,-29.52581024169922,-30.707429885864258,-30.966903686523438,-30.049421310424805,-29.811275482177734,-30.290346145629883,-30.526878356933594,-30.51573371887207,-29.825586318969727,-28.68720817565918,-27.841753005981445,-27.2016544342041,-27.08207893371582,-26.85624885559082,-25.222463607788086,-23.57794761657715,-23.266695022583008,-23.28805160522461,-23.50745391845703,-22.804363250732422,-20.429330825805664,-17.720104217529297,-14.885753631591797,-12.48145866394043,-10.605167388916016,-9.050387382507324,-7.853185176849365
-26.892475128173828,-25.42344856262207,-24.207237243652344,-23.256750106811523,-23.217782974243164,-23.801368713378906,-24.516315460205078,-25.3231258392334,-25.886695861816406,-26.583436965942383,-27.728206634521484,-28.146474838256836,-27.270172119140625,-26.981956481933594,-27.801618576049805,-28.786785125732422,-29.802173614501953,-30.361719131469727,-30.459196090698242,-30.281095504760742,-29.840312957763672,-29.641918182373047,-29.594955444335938,-29.748382568359375,-29.94632911682129,-29.3828182220459,-28.510221481323242,-27.858259201049805,-27.309812545776367,-27.268770217895508,-27.034942626953125,-25.366432189941406,-23.44657325744629,-22.471561431884766,-21.971988677978516,-21.73151206970215,-20.008098602294922,-16.340715408325195,-13.324873924255371,-11.10826301574707,-9.479976654052734,-8.822745323181152,-8.165807723999023,-7.33221435546875
-26.551298141479492,-25.19692039489746,-24.063661575317383,-23.302255630493164,-23.886520385742188,-24.955923080444336,-25.305482864379883,-25.953250885009766,-27.08697509765625,-28.187894821166992,-29.2293758392334,-29.570453643798828,-29.05658531188965,-28.865032196044922,-29.162513732910156,-29.919721603393555,-31.05426788330078,-31.232662200927734,-30.6369686126709,-29.97339630126953,-29.109148025512695,-28.79660987854004,-28.821929931640625,-28.81365203857422,-28.975791931152344,-28.6159610748291,-28.061439514160156,-28.026735305786133,-27.93031120300293,-27.51260757446289,-26.61111831665039,-24.81756591796875,-22.61317253112793,-20.352962493896484,-18.18558692932129,-16.072765350341797,-13.75175666809082,-11.452943801879883,-10.127588272094727,-9.398405075073242,-8.571958541870117,-8.242446899414062,-8.122230529785156,-7.768191814422607
-25.53156089782715,-24.57827377319336,-23.85492706298828,-23.672496795654297,-24.688228607177734,-25.68968391418457,-25.873790740966797,-26.77235221862793,-28.30853843688965,-29.463294982910156,-30.17579460144043,-30.31063461303711,-29.952878952026367,-29.790090560913086,-29.922996520996094,-30.538869857788086,-31.397802352905273,-31.311744689941406,-30.66806411743164,-29.845748901367188,-28.71739387512207,-28.26640510559082,-28.311687469482422,-28.091293334960938,-27.84944725036621,-27.585758209228516,-27.50959014892578,-27.8366756439209,-27.70465660095215,-26.656702041625977,-24.983224868774414,-22.885913848876953,-20.37472152709961,-17.224632263183594,-14.024314880371094,-11.236726760864258,-9.327970504760742,-8.60335922241211,-8.711240768432617,-9.174147605895996,-9.126163482666016,-9.334702491760254,-9.761534690856934,-9.716012954711914
-23.755844116210938,-23.735998153686523,-23.87712860107422,-24.115463256835938,-24.608016967773438,-25.48727035522461,-26.71723175048828,-27.92347526550293,-28.73186492919922,-29.337841033935547,-29.880252838134766,-30.428220748901367,-30.937746047973633,-31.233125686645508,-31.348424911499023,-31.51761245727539,-31.7266788482666,-31.599498748779297,-31.142745971679688,-30.461217880249023,-29.855575561523438,-29.454265594482422,-29.038679122924805,-28.41551399230957,-27.602882385253906,-27.174911499023438,-27.182985305786133,-26.84452247619629,-25.76861000061035,-24.165616989135742,-21.976581573486328,-19.341089248657227,-16.552978515625,-13.584807395935059,-10.570037841796875,-9.257797241210938,-9.458230018615723,-9.318014144897461,-10.03253173828125,-11.827391624450684,-12.283003807067871,-13.016683578491211,-13.959747314453125,-13.938783645629883
-22.81397247314453,-23.156442642211914,-23.63936996459961,-24.219585418701172,-24.989837646484375,-26.075838088989258,-27.1143856048584,-27.866682052612305,-28.52176284790039,-29.14491081237793,-29.637466430664062,-30.158395767211914,-30.762248992919922,-31.169801712036133,-31.245891571044922,-31.34609603881836,-31.407878875732422,-31.313539505004883,-30.968198776245117,-30.43397331237793,-29.921823501586914,-29.4202880859375,-29.122392654418945,-28.749332427978516,-27.756633758544922,-26.791175842285156,-26.0954532623291,-24.895065307617188,-22.808794021606445,-20.56451416015625,-18.406055450439453,-16.115604400634766,-13.869439125061035,-11.307123184204102,-7.857030868530273,-7.656455039978027,-9.566292762756348,-10.125646591186523,-10.564178466796875,-11.25675106048584,-10.984375953674316,-11.482501983642578,-12.73448371887207,-13.550187110900879
-22.518930435180664,-22.888273239135742,-23.507585525512695,-24.318376541137695,-25.039011001586914,-25.712873458862305,-26.50798988342285,-27.40104103088379,-28.082658767700195,-28.39422035217285,-28.54839324951172,-28.939428329467773,-29.586008071899414,-30.14139747619629,-30.492427825927734,-30.546497344970703,-30.030559539794922,-29.094663619995117,-28.141141891479492,-27.43108367919922,-26.658945083618164,-26.130102157592773,-26.116609573364258,-25.660402297973633,-24.58110237121582,-23.16642189025879,-22.12628173828125,-20.5684757232666,-17.906156539916992,-15.269196510314941,-13.7028169631958,-12.669831275939941,-11.5536527633667,-9.8162202835083,-7.079156398773193,-7.84120512008667,-10.67459774017334,-11.523883819580078,-13.211878776550293,-12.975189208984375,-12.232683181762695,-12.447583198547363,-12.53498363494873,-13.639694213867188
-22.604732513427734,-22.819490432739258,-23.18606948852539,-23.659175872802734,-24.012723922729492,-24.47551918029785,-25.30847930908203,-26.181180953979492,-26.66120719909668,-26.773387908935547,-26.791664123535156,-27.00760269165039,-27.586532592773438,-28.320348739624023,-28.541074752807617,-27.969892501831055,-26.49698829650879,-24.63766860961914,-22.872753143310547,-21.321321487426758,-20.147659301757812,-19.67388343811035,-19.951480865478516,-20.26207160949707,-19.63873863220215,-18.432775497436523,-17.559553146362305,-16.595335006713867,-14.547331809997559,-12.457283020019531,-11.583792686462402,-11.13459300994873,-9.84699821472168,-7.989569187164307,-7.113636016845703,-9.117793083190918,-10.917753219604492,-12.193785667419434,-13.455838203430176,-12.463748931884766,-12.344192504882812,-12.611568450927734,-11.327410697937012,-11.359328269958496
-22.712854385375977,-22.683969497680664,-22.555118560791016,-22.431793212890625,-22.540117263793945,-23.028465270996094,-23.646080017089844,-24.024612426757812,-24.115495681762695,-24.14699363708496,-24.16509437561035,-24.091384887695312,-24.032655715942383,-24.058130264282227,-23.617673873901367,-22.432533264160156,-20.679264068603516,-18.755069732666016,-17.051809310913086,-15.86669921875,-15.518083572387695,-15.872406959533691,-16.670719146728516,-17.656206130981445,-17.800378799438477,-17.14094352722168,-16.827980041503906,-16.31993865966797,-14.62606430053711,-12.516130447387695,-11.819915771484375,-10.918694496154785,-9.49520492553711,-8.698599815368652,-9.224623680114746,-10.290925025939941,-10.464959144592285,-11.6654052734375,-12.361577033996582,-12.23311996459961,-12.880354881286621,-13.568227767944336,-12.493500709533691,-11.120322227478027
-22.501920700073242,-22.356460571289062,-22.058990478515625,-21.756662368774414,-21.68083381652832,-21.814725875854492,-21.811058044433594,-21.538400650024414,-21.243513107299805,-20.96710777282715,-20.60602378845215,-20.06574058532715,-19.38648223876953,-18.797080993652344,-17.981542587280273,-16.626201629638672,-14.879900932312012,-13.404550552368164,-12.96337890625,-13.62276840209961,-14.739092826843262,-15.408371925354004,-15.694696426391602,-15.99167251586914,-16.17051124572754,-16.06351661682129,-16.05376434326172,-15.74949836730957,-15.190133094787598,-14.093955993652344,-13.153615951538086,-12.100897789001465,-10.845909118652344,-9.866290092468262,-9.502527236938477,-9.569343566894531,-9.861650466918945,-11.16140079498291,-12.094504356384277,-12.289073944091797,-12.80784797668457,-13.637889862060547,-13.993683815002441,-15.738147735595703
-22.060997009277344,-21.77420997619629,-21.596702575683594,-21.480985641479492,-21.243755340576172,-20.782337188720703,-20.116352081298828,-19.329574584960938,-18.618091583251953,-17.903657913208008,-17.062368392944336,-16.196096420288086,-15.411052703857422,-14.85052490234375,-14.273749351501465,-13.50153636932373,-12.668810844421387,-12.162373542785645,-12.559283256530762,-13.571017265319824,-14.312482833862305,-14.466316223144531,-14.128750801086426,-13.84066104888916,-13.811853408813477,-13.790769577026367,-13.914706230163574,-14.305936813354492,-15.224370956420898,-15.002055168151855,-13.622034072875977,-12.7200927734375,-11.639254570007324,-10.362544059753418,-9.553574562072754,-9.24193000793457,-9.776671409606934,-11.404679298400879,-12.447275161743164,-12.417560577392578,-11.92740535736084,-10.87438678741455,-10.165352821350098,-12.599705696105957
-21.861169815063477,-21.33938980102539,-21.09992218017578,-20.89203453063965,-20.444398880004883,-19.636476516723633,-18.595272064208984,-17.541040420532227,-16.519166946411133,-15.579179763793945,-14.604533195495605,-13.764593124389648,-13.24052906036377,-13.013337135314941,-13.0233736038208,-13.220165252685547,-13.468195915222168,-13.574646949768066,-13.382147789001465,-13.186973571777344,-12.972270011901855,-13.1222562789917,-13.03855037689209,-12.871514320373535,-12.79729175567627,-12.764708518981934,-12.974781036376953,-13.633124351501465,-14.000008583068848,-13.884690284729004,-12.893465995788574,-12.818632125854492,-12.41486930847168,-11.635942459106445,-10.348941802978516,-9.072632789611816,-9.534184455871582,-11.436746597290039,-12.847928047180176,-12.629486083984375,-10.26268482208252,-9.435251235961914,-10.276336669921875,-10.599308967590332
-21.763811111450195,-21.04819107055664,-20.545116424560547,-19.989065170288086,-19.254716873168945,-18.29314613342285,-17.13767433166504,-15.91602611541748,-14.839730262756348,-13.987832069396973,-13.20859146118164,-12.673652648925781,-12.610701560974121,-12.957024574279785,-13.499913215637207,-13.993328094482422,-14.23026180267334,-13.896638870239258,-13.340008735656738,-12.787700653076172,-12.24505615234375,-12.240497589111328,-12.312356948852539,-12.464994430541992,-12.70752239227295,-13.034093856811523,-13.175355911254883,-12.795318603515625,-12.90720272064209,-12.406578063964844,-12.346409797668457,-12.984461784362793,-12.799782752990723,-12.30444049835205,-10.858623504638672,-9.527379035949707,-10.015193939208984,-11.302465438842773,-12.093047142028809,-12.085291862487793,-9.527141571044922,-11.888806343078613,-10.343167304992676,-9.047080039978027
-20.89778709411621,-20.030872344970703,-19.17766761779785,-18.26640510559082,-17.333147048950195,-16.394859313964844,-15.400710105895996,-14.421124458312988,-13.60725212097168,-13.115666389465332,-12.833149909973145,-12.695082664489746,-12.803683280944824,-13.288330078125,-13.934158325195312,-14.14712142944336,-13.73351001739502,-12.846295356750488,-12.063440322875977,-11.615942001342773,-11.364055633544922,-11.32682991027832,-11.49260139465332,-12.008698463439941,-12.795307159423828,-12.82459545135498,-12.98647689819336,-12.641378402709961,-12.073338508605957,-11.753711700439453,-12.425628662109375,-12.951595306396484,-12.70328426361084,-11.940488815307617,-10.562567710876465,-9.709050178527832,-10.112598419189453,-10.936066627502441,-11.109322547912598,-10.613649368286133,-11.018674850463867,-12.19093132019043,-11.812687873840332,-8.225153923034668
-18.983386993408203,-18.22119903564453,-17.360254287719727,-16.366750717163086,-15.463873863220215,-14.831364631652832,-14.412013053894043,-13.980314254760742,-13.491793632507324,-13.165115356445312,-13.108850479125977,-13.109858512878418,-13.038007736206055,-13.14875316619873,-13.51057243347168,-13.513428688049316,-12.70667552947998,-11.651517868041992,-10.77247142791748,-10.355615615844727,-10.880939483642578,-11.209369659423828,-11.271690368652344,-11.224191665649414,-12.161088943481445,-12.111627578735352,-11.970693588256836,-12.03801441192627,-11.669825553894043,-11.813627243041992,-12.061447143554688,-12.223810195922852,-12.106557846069336,-11.497971534729004,-10.363626480102539,-9.631781578063965,-9.943778991699219,-11.227442741394043,-12.05514907836914,-11.502143859863281,-10.886808395385742,-10.900361061096191,-11.085745811462402,-11.077265739440918
-17.190372467041016,-16.711139678955078,-16.292978286743164,-15.743277549743652,-15.16518783569336,-14.741562843322754,-14.468029975891113,-14.204139709472656,-13.829562187194824,-13.45316219329834,-13.139593124389648,-12.977622032165527,-12.871334075927734,-12.767799377441406,-12.712944030761719,-12.5958890914917,-12.026918411254883,-11.296241760253906,-11.000372886657715,-10.712234497070312,-10.968433380126953,-11.174241065979004,-11.369380950927734,-10.849184036254883,-11.117796897888184,-11.463652610778809,-11.176532745361328,-11.346060752868652,-11.084056854248047,-11.337209701538086,-11.448827743530273,-11.507919311523438,-11.302287101745605,-10.980557441711426,-10.527320861816406,-9.917008399963379,-9.72700023651123,-11.083568572998047,-11.922158241271973,-11.797961235046387,-11.893704414367676,-10.959491729736328,-10.563253402709961,-11.267973899841309
-16.30002784729004,-16.02817153930664,-15.845053672790527,-15.663759231567383,-15.355483055114746,-14.892210960388184,-14.342545509338379,-13.860726356506348,-13.497946739196777,-13.134176254272461,-12.74151611328125,-12.463547706604004,-12.327790260314941,-12.18186092376709,-12.252328872680664,-12.147538185119629,-12.00301456451416,-11.964951515197754,-11.907288551330566,-11.86736011505127,-11.670709609985352,-11.3552885055542,-10.59174919128418,-10.211539268493652,-10.986063957214355,-10.592329978942871,-10.803689002990723,-11.022836685180664,-10.721293449401855,-10.978109359741211,-11.204732894897461,-11.323467254638672,-11.018536567687988,-10.573049545288086,-10.26473331451416,-10.239855766296387,-10.664018630981445,-11.314274787902832,-11.224730491638184,-11.948466300964355,-12.748948097229004,-12.77232551574707,-12.273895263671875,-11.806078910827637
-15.32302474975586,-15.169977188110352,-15.03137493133545,-14.89606761932373,-14.634820938110352,-14.221287727355957,-13.704809188842773,-13.089125633239746,-12.727999687194824,-12.404915809631348,-12.207613945007324,-11.847365379333496,-11.810436248779297,-11.9212007522583,-12.08154296875,-12.094376564025879,-12.300646781921387,-12.299942016601562,-12.214926719665527,-11.856446266174316,-11.245549201965332,-10.686655044555664,-10.307853698730469,-10.508893013000488,-10.684075355529785,-10.441095352172852,-11.084803581237793,-11.018193244934082,-10.76263427734375,-10.938177108764648,-11.210138320922852,-11.274765968322754,-11.105022430419922,-10.553969383239746,-10.437186241149902,-10.444991111755371,-10.970717430114746,-11.308314323425293,-11.552563667297363,-12.671089172363281,-13.37096881866455,-13.127591133117676,-12.87758731842041,-12.305562973022461
-13.6404447555542,-13.453282356262207,-13.36982250213623,-13.274145126342773,-13.062671661376953,-12.775774002075195,-12.47236156463623,-12.209456443786621,-12.054523468017578,-11.911650657653809,-11.987178802490234,-11.82102108001709,-11.74416446685791,-11.981490135192871,-12.29920768737793,-12.409132957458496,-12.461201667785645,-12.529966354370117,-12.20156478881836,-11.422124862670898,-10.670307159423828,-10.519408226013184,-10.967206001281738,-11.32373046875,-11.28270149230957,-11.399330139160156,-11.494646072387695,-11.125290870666504,-11.047170639038086,-11.19787311553955,-11.405400276184082,-11.204657554626465,-10.517740249633789,-10.572754859924316,-10.781242370605469,-10.551197052001953,-10.752896308898926,-11.148451805114746,-11.712008476257324,-12.399277687072754,-12.93481159210205,-12.625774383544922,-11.77673053741455,-11.3552827835083
-12.299382209777832,-12.046136856079102,-11.889572143554688,-11.776214599609375,-11.646716117858887,-11.587078094482422,-11.533626556396484,-11.565539360046387,-11.6139497756958,-11.759542465209961,-12.080999374389648,-12.315113067626953,-12.57723331451416,-12.76717472076416,-12.819579124450684,-12.547545433044434,-12.398640632629395,-12.369483947753906,-12.268181800842285,-11.742871284484863,-10.968600273132324,-10.904804229736328,-11.622785568237305,-12.119929313659668,-12.21626091003418,-12.212397575378418,-11.690435409545898,-11.174755096435547,-11.260749816894531,-11.49112606048584,-11.321351051330566,-10.834056854248047,-10.88862419128418,-11.125494003295898,-10.901646614074707,-10.501078605651855,-11.247054100036621,-11.533123970031738,-11.592267036437988,-11.713264465332031,-11.705160140991211,-10.99561595916748,-10.075305938720703,-9.612722396850586
