data/wind_data/wind_61_3.json
{"header": {"parameterUnit": "KT", "parameterCategory": 2, "nx": 256, "ny": 198, "lo1": 44.73521041870117, "la1": -3.236724853515625, "lo2": 111.26478576660156, "la2": 43.468475341796875, "dx": 0.2609002888202667, "dy": -0.23708222806453705, "refTime": "2025-02-21 13:00:00", "forecastTime": 0, "parameterNumber": 2, "parameterNumberName": "eastward_wind"}, "data":
[rows 114 to 132 of 198, columns 176 to 219 of 256]
14.180355072021484,15.51461410522461,16.805133819580078,17.997800827026367,18.602872848510742,17.264066696166992,18.258089065551758,16.435956954956055,15.253037452697754,13.888980865478516,12.6904935836792,12.7181978225708,8.729849815368652,11.19780445098877,12.888315200805664,15.343478202819824,16.093570709228516,15.831974029541016,12.35788345336914,7.880971431732178,5.886338233947754,9.700307846069336,9.670721054077148,7.200470447540283,3.5016427040100098,7.132290363311768,8.739831924438477,6.508356094360352,14.8078031539917,26.07231903076172,30.552810668945312,27.85232162475586,25.693599700927734,26.772123336791992,27.706851959228516,26.556379318237305,24.791833877563477,24.571285247802734,25.904094696044922,28.23505401611328,29.481966018676758,28.365699768066406,23.864524841308594,22.40204620361328
13.94839859008789,13.17707633972168,13.187716484069824,17.243181228637695,18.627588272094727,18.061792373657227,18.873722076416016,16.865699768066406,15.303032875061035,14.913890838623047,15.91667652130127,14.629326820373535,12.884262084960938,12.796409606933594,14.375679016113281,16.0521297454834,17.5142822265625,19.740646362304688,14.322081565856934,4.80797815322876,4.463956832885742,7.824878692626953,6.576722145080566,-1.5895155668258667,2.584914445877075,7.42493200302124,10.709790229797363,9.06055736541748,12.402721405029297,21.46681785583496,29.777896881103516,30.30474090576172,28.102540969848633,28.088491439819336,28.83373260498047,30.464441299438477,29.000207901000977,24.090652465820312,23.44435691833496,27.617341995239258,30.694061279296875,29.539649963378906,24.739524841308594,22.561809539794922
15.555047035217285,16.261962890625,16.205842971801758,18.61128807067871,19.930524826049805,19.587331771850586,20.00732421875,18.357254028320312,15.59155559539795,14.67185115814209,14.467680931091309,15.719576835632324,15.441725730895996,14.17066478729248,17.014352798461914,18.650346755981445,18.906946182250977,22.981760025024414,16.861984252929688,9.944548606872559,7.715269088745117,1.3631212711334229,4.254298686981201,0.3449493944644928,3.4392967224121094,5.299559593200684,9.506002426147461,11.584651947021484,16.6787052154541,24.97721290588379,32.59571075439453,33.86576461791992,31.469032287597656,30.910184860229492,31.723602294921875,32.14552307128906,29.92203712463379,24.2825870513916,23.16411781311035,27.410959243774414,30.369510650634766,28.99186134338379,25.846872329711914,24.26228141784668
14.260924339294434,16.392457962036133,18.503549575805664,21.06560516357422,22.606149673461914,22.095001220703125,21.937034606933594,21.645858764648438,20.894824981689453,19.27454376220703,16.823755264282227,17.375146865844727,17.92120361328125,15.455672264099121,16.44080924987793,19.625741958618164,20.76050567626953,23.234485626220703,18.63427734375,15.355514526367188,11.536479949951172,3.598097324371338,4.371682167053223,2.4218411445617676,3.0849640369415283,7.328698635101318,11.918956756591797,15.087226867675781,19.32390022277832,27.410306930541992,34.13135528564453,35.849021911621094,34.387203216552734,34.477394104003906,35.78758239746094,35.170719146728516,31.827919006347656,26.53152847290039,24.532289505004883,25.94747543334961,26.95090103149414,26.28643035888672,24.894119262695312,24.833641052246094
16.119110107421875,18.208152770996094,20.305931091308594,22.495410919189453,24.089731216430664,24.243133544921875,24.13991355895996,24.67483901977539,25.406047821044922,25.4854679107666,23.10053253173828,20.026432037353516,18.03417205810547,16.20772361755371,12.459617614746094,12.00091552734375,13.917352676391602,18.661216735839844,23.22443199157715,25.854265213012695,24.167972564697266,14.492318153381348,9.096857070922852,9.281051635742188,9.453277587890625,11.408995628356934,11.515202522277832,13.550078392028809,17.688152313232422,25.1448917388916,31.749441146850586,35.54377746582031,35.292327880859375,35.67201614379883,37.81072235107422,36.7123908996582,33.16183853149414,29.903486251831055,29.898475646972656,28.816638946533203,23.528133392333984,22.415943145751953,23.223590850830078,24.451231002807617
16.844860076904297,17.96647834777832,18.26651382446289,19.414230346679688,21.360733032226562,22.37639617919922,22.264970779418945,22.692398071289062,24.89411735534668,27.046798706054688,27.834924697875977,26.16643524169922,23.7364501953125,22.02033233642578,20.76554298400879,20.296030044555664,21.333038330078125,22.892362594604492,24.746824264526367,27.925098419189453,28.784936904907227,21.161386489868164,14.9783353805542,15.641404151916504,17.680971145629883,10.419620513916016,9.039360046386719,10.076634407043457,16.414649963378906,23.835433959960938,29.956632614135742,34.33602523803711,33.83048629760742,33.88737106323242,36.1495475769043,35.42719268798828,33.97616958618164,33.395912170410156,33.56257629394531,35.337894439697266,30.113636016845703,21.147972106933594,18.34774398803711,20.788524627685547
16.825233459472656,16.945491790771484,15.152215957641602,18.176652908325195,22.396879196166992,24.15555763244629,19.29909896850586,17.711809158325195,20.222335815429688,23.478235244750977,25.79546356201172,26.63582992553711,25.25478172302246,24.748546600341797,25.713855743408203,27.716257095336914,29.600210189819336,29.10576820373535,27.440181732177734,26.171321868896484,28.007963180541992,24.984615325927734,24.457794189453125,25.43724822998047,29.375690460205078,24.043853759765625,11.038809776306152,7.551999568939209,15.791512489318848,24.72491455078125,30.88960075378418,33.744850158691406,31.72415542602539,30.770719528198242,32.562503814697266,34.70340347290039,37.08761978149414,35.64261245727539,34.095985412597656,36.02201843261719,35.958457946777344,29.049293518066406,21.922325134277344,17.871797561645508
19.343177795410156,17.63334846496582,12.377813339233398,15.197815895080566,21.117740631103516,23.570274353027344,22.095680236816406,20.136499404907227,18.254390716552734,19.53472900390625,22.525671005249023,22.591814041137695,19.701454162597656,18.47096824645996,18.743392944335938,20.421772003173828,21.322290420532227,20.356657028198242,18.895265579223633,18.9859619140625,21.95786476135254,22.95534896850586,28.317461013793945,30.562103271484375,34.02389144897461,23.32013511657715,10.947813034057617,12.570524215698242,20.100221633911133,27.37872886657715,31.305328369140625,32.4190673828125,32.18523025512695,32.0743522644043,34.1676139831543,37.961082458496094,38.79090118408203,35.72442626953125,34.247406005859375,35.441978454589844,35.76925277709961,34.687923431396484,30.818918228149414,23.16796112060547
24.60219383239746,18.307151794433594,11.408885955810547,13.644023895263672,18.67743682861328,21.799348831176758,21.768081665039062,27.875728607177734,25.32703971862793,21.22015380859375,21.887283325195312,21.45858383178711,19.01409339904785,13.721248626708984,6.9745049476623535,5.646159648895264,6.0600738525390625,6.7867865562438965,8.55202865600586,11.454957962036133,16.390113830566406,22.107778549194336,27.062095642089844,30.157148361206055,34.35257339477539,25.626623153686523,18.111316680908203,19.60651206970215,23.256229400634766,28.837949752807617,32.95808029174805,32.49262619018555,31.731470108032227,31.78163719177246,34.81332015991211,37.83039855957031,37.195674896240234,34.710365295410156,34.315067291259766,34.719303131103516,34.52006149291992,34.11163330078125,33.80644607543945,29.06283950805664
22.19218635559082,18.504980087280273,15.301844596862793,17.222740173339844,19.42683982849121,21.49941062927246,21.59502601623535,20.74104118347168,23.23554801940918,17.02121353149414,11.9174222946167,11.408952713012695,15.003633499145508,12.845670700073242,5.678463935852051,3.0792057514190674,1.9580578804016113,0.1761196106672287,1.8930634260177612,4.430251598358154,11.669892311096191,17.142332077026367,22.300445556640625,27.0154972076416,30.136035919189453,30.528837203979492,27.41122817993164,24.26528549194336,26.230609893798828,31.50997543334961,33.80256652832031,32.479312896728516,32.52096176147461,32.78631591796875,35.13243103027344,37.08594512939453,36.81318664550781,34.70907974243164,34.16701889038086,33.82138442993164,32.79254150390625,32.72172546386719,30.638376235961914,29.10370635986328
27.5866756439209,19.78168487548828,16.470190048217773,19.036151885986328,20.55582046508789,23.7195987701416,22.406808853149414,8.252833366394043,16.871376037597656,12.582443237304688,9.56002426147461,6.701756954193115,7.4809746742248535,9.909826278686523,10.385361671447754,6.684147357940674,1.1538342237472534,0.40783247351646423,0.6945381760597229,1.2183128595352173,6.3368635177612305,11.873729705810547,17.497591018676758,22.52350425720215,25.36380958557129,27.846651077270508,26.804309844970703,25.73807144165039,29.844327926635742,33.322731018066406,33.044368743896484,33.18980026245117,33.91792297363281,33.474002838134766,34.38826370239258,35.141746520996094,32.3577995300293,31.413410186767578,32.11894607543945,31.949316024780273,30.436513900756836,29.15140151977539,25.72282600402832,22.5833683013916
25.37919807434082,20.617279052734375,18.823434829711914,22.519309997558594,25.013826370239258,27.784414291381836,26.443361282348633,17.329477310180664,21.690914154052734,13.672834396362305,0.10282332450151443,3.7898988723754883,9.775662422180176,11.807062149047852,9.564146041870117,4.043128967285156,-0.10955776274204254,2.319753885269165,3.1287593841552734,0.7149765491485596,4.985940456390381,12.951286315917969,18.673418045043945,22.265472412109375,24.713245391845703,26.377185821533203,27.455698013305664,28.661766052246094,33.87139129638672,34.708335876464844,34.40736389160156,35.365020751953125,34.43048095703125,32.431453704833984,32.36172103881836,31.023048400878906,27.38501739501953,23.4257869720459,25.164751052856445,26.242460250854492,25.109682083129883,23.018604278564453,21.764528274536133,26.278833389282227
13.760199546813965,14.676974296569824,18.39466094970703,20.740503311157227,20.162494659423828,19.026927947998047,22.430448532104492,18.234567642211914,21.31746482849121,10.066995620727539,1.2795298099517822,1.1464382410049438,5.528738975524902,8.690979957580566,10.305529594421387,5.483119010925293,2.44492769241333,5.634500503540039,9.712708473205566,7.094742774963379,8.149818420410156,16.26039695739746,21.749889373779297,21.11434555053711,17.812898635864258,20.1219482421875,26.23130989074707,31.033226013183594,33.0550422668457,32.19816970825195,32.1369743347168,34.094383239746094,33.04029846191406,30.192691802978516,28.966224670410156,27.2548770904541,26.68680191040039,22.710689544677734,20.948671340942383,21.774272918701172,22.175893783569336,20.26041030883789,21.738779067993164,21.905424118041992
20.287691116333008,18.720552444458008,18.885597229003906,19.16987419128418,20.18353271484375,17.437589645385742,19.848604202270508,21.945083618164062,13.688043594360352,9.902812004089355,10.524110794067383,7.399284839630127,6.609036922454834,8.225630760192871,9.544661521911621,11.793904304504395,8.375717163085938,8.539813995361328,12.940611839294434,13.283028602600098,11.316597938537598,14.772438049316406,18.737916946411133,19.508100509643555,18.533061981201172,21.37651252746582,27.849422454833984,33.04237747192383,31.439197540283203,28.040937423706055,28.863574981689453,29.278148651123047,28.233312606811523,26.977752685546875,26.004289627075195,25.31638526916504,26.467906951904297,20.123472213745117,17.494285583496094,17.657495498657227,17.467470169067383,15.968631744384766,20.608274459838867,20.642061233520508
22.623382568359375,18.012418746948242,15.363701820373535,15.334985733032227,14.428289413452148,15.003251075744629,18.618555068969727,13.860788345336914,10.522887229919434,14.199004173278809,17.02953338623047,15.759000778198242,14.958913803100586,10.510628700256348,5.089455604553223,12.015751838684082,6.163252830505371,5.732944488525391,13.814496040344238,16.89326286315918,16.19510841369629,17.566022872924805,19.70610809326172,22.319721221923828,24.227886199951172,24.94065284729004,29.201135635375977,31.11155128479004,26.224609375,25.096174240112305,23.943635940551758,24.791656494140625,24.660274505615234,26.058584213256836,25.6500186920166,25.416065216064453,25.27168846130371,17.132797241210938,11.015089988708496,10.544466972351074,12.871114730834961,14.920575141906738,17.787214279174805,19.666378021240234
31.883806228637695,25.93149185180664,22.622182846069336,20.79055404663086,18.595380783081055,15.473929405212402,14.044435501098633,13.590120315551758,13.62119197845459,13.06128215789795,14.705157279968262,15.745711326599121,15.41529369354248,13.121888160705566,11.75182819366455,16.424556732177734,12.3977689743042,7.27293586730957,7.981846332550049,18.777618408203125,22.481555938720703,20.331605911254883,18.412456512451172,21.494565963745117,23.668664932250977,23.207061767578125,23.76294708251953,24.34848403930664,21.867023468017578,18.210988998413086,18.391502380371094,20.792638778686523,21.877145767211914,22.415714263916016,23.196950912475586,26.791353225708008,24.932518005371094,16.267780303955078,6.771792888641357,6.258268356323242,11.47777271270752,13.58481502532959,19.238433837890625,28.005165100097656
40.833351135253906,38.086002349853516,37.00062942504883,35.34663772583008,31.26108169555664,23.343534469604492,21.812734603881836,25.12700653076172,27.108623504638672,24.83885955810547,23.179462432861328,19.508451461791992,16.59061622619629,14.326380729675293,15.563309669494629,15.17760944366455,18.274503707885742,10.885729789733887,5.258490085601807,17.35293960571289,18.419254302978516,15.396184921264648,17.569660186767578,24.96208381652832,27.99413299560547,25.424013137817383,20.88349723815918,24.441574096679688,25.19405174255371,19.968948364257812,18.360637664794922,20.049278259277344,21.325477600097656,22.44312858581543,23.850059509277344,24.853559494018555,20.53095817565918,14.534735679626465,5.425133228302002,5.326846122741699,11.086690902709961,17.291717529296875,27.622961044311523,18.08561897277832
40.87065124511719,33.797813415527344,29.427879333496094,30.747053146362305,30.902856826782227,27.58374786376953,28.158178329467773,32.60740280151367,36.62042999267578,36.523353576660156,35.67939376831055,32.00401306152344,24.033544540405273,18.25547981262207,18.910429000854492,20.60398292541504,21.848052978515625,16.650537490844727,10.580140113830566,17.39719009399414,17.474096298217773,15.697689056396484,20.470441818237305,28.125173568725586,29.926109313964844,19.151437759399414,14.532795906066895,16.866796493530273,23.3564395904541,22.954256057739258,22.764402389526367,21.376636505126953,22.503734588623047,24.862064361572266,23.278583526611328,19.90706443786621,13.41323184967041,12.328802108764648,7.816800594329834,7.051189422607422,12.24239444732666,22.742284774780273,19.683368682861328,2.2386507987976074
37.84270477294922,34.64451217651367,27.609071731567383,23.214336395263672,26.43960189819336,31.296106338500977,33.5229377746582,34.611656188964844,36.88920974731445,34.917266845703125,31.51811981201172,24.748430252075195,19.574609756469727,20.42601203918457,22.16880989074707,22.102195739746094,20.013547897338867,19.3590030670166,18.12640380859375,19.743440628051758,19.194908142089844,20.856172561645508,26.871286392211914,30.107566833496094,28.637004852294922,16.414993286132812,14.445741653442383,21.856300354003906,24.443418502807617,23.74650001525879,25.537683486938477,24.11807632446289,24.215246200561523,24.091726303100586,23.400606155395508,24.42017936706543,19.52202796936035,18.22545623779297,14.561935424804688,10.081817626953125,13.941750526428223,18.881553649902344,14.645979881286621,-1.9533582925796509
