data/wind_data/wind_43_1.json
{"header": {"parameterUnit": "KT", "parameterCategory": 2, "nx": 256, "ny": 198, "lo1": 44.73521041870117, "la1": -3.236724853515625, "lo2": 111.26478576660156, "la2": 43.468475341796875, "dx": 0.2609002888202667, "dy": -0.23708222806453705, "refTime": "2025-02-20 19:00:00", "forecastTime": 0, "parameterNumber": 2, "parameterNumberName": "eastward_wind"}, "data":
[rows 76 to 94 of 198, columns 129 to 171 of 256]
-3.5181033611297607,-4.803274631500244,-2.153696298599243,-0.7348508238792419,-0.5306805968284607,-0.8663563132286072,-0.7214916944503784,-1.6654047966003418,-4.187279224395752,-4.9256744384765625,-4.7490057945251465,-4.0886335372924805,-3.705775260925293,-3.5977277755737305,-6.142078876495361,-6.772799968719482,-5.91002082824707,-5.8307719230651855,-5.05318021774292,-4.002958297729492,-4.109624862670898,-3.594693660736084,-2.9737887382507324,-3.5720129013061523,-3.5334208011627197,-3.312798261642456,-3.363624095916748,-4.57744026184082,-5.737651348114014,-6.206046104431152,-6.385984420776367,-5.290072441101074,-5.286449432373047,-4.5137410163879395,-3.88112735748291,-4.229221820831299,-4.130262851715088,-3.1017560958862305,-3.4807324409484863,-3.2056565284729004,-3.2134463787078857,-2.989126443862915,-2.9713757038116455
-2.479619264602661,-1.0596328973770142,-1.3045076131820679,-2.602159261703491,-2.048529863357544,-2.0461153984069824,-1.452833652496338,-2.6316797733306885,-4.664851188659668,-5.8769330978393555,-6.036501884460449,-5.5576252937316895,-5.06105899810791,-4.486744403839111,-4.0815839767456055,-5.91265869140625,-5.775379657745361,-5.06053352355957,-4.036516189575195,-3.8152520656585693,-3.300278425216675,-4.046862602233887,-1.6174099445343018,-3.2363202571868896,-2.2463786602020264,-1.682969093322754,-1.5303046703338623,-3.373279571533203,-4.529297828674316,-4.847926616668701,-5.072441577911377,-4.936159133911133,-4.648181915283203,-4.2266340255737305,-4.090161323547363,-4.860610008239746,-3.85307240486145,-3.95906662940979,-3.816030263900757,-3.7713327407836914,-3.6069600582122803,-3.2248682975769043,-3.0622222423553467
-2.854048490524292,-0.48169803619384766,-1.8200738430023193,-3.531805992126465,-2.90136981010437,-2.0192863941192627,-1.174460768699646,-2.585451602935791,-4.9332146644592285,-5.26797342300415,-4.889617919921875,-5.556529521942139,-5.46143913269043,-5.007075786590576,-3.9101974964141846,-5.297677993774414,-5.7355523109436035,-3.3096907138824463,-3.9622223377227783,-2.447645664215088,-3.141369104385376,-2.677966833114624,-1.4358670711517334,-1.4660842418670654,-0.5367732644081116,0.08448094129562378,-0.6294490098953247,-1.6575937271118164,-3.284390449523926,-3.5243897438049316,-4.038692474365234,-4.790220737457275,-4.4206061363220215,-4.096219539642334,-4.064855098724365,-5.231598854064941,-3.9212794303894043,-4.554207801818848,-4.050280570983887,-3.9177958965301514,-3.52264142036438,-3.2262628078460693,-2.764392614364624
-1.5223734378814697,-1.078389048576355,-1.4955711364746094,-3.0381131172180176,-3.3779990673065186,-1.673750400543213,-0.2315075397491455,-1.3951778411865234,-4.301156997680664,-6.072704792022705,-6.346306324005127,-7.723129749298096,-6.491933822631836,-4.759562015533447,-3.9421074390411377,-2.4443349838256836,-3.080902576446533,-3.2915494441986084,-2.3156232833862305,-1.312389612197876,-3.52321457862854,0.13178394734859467,-0.6655126214027405,-0.42385292053222656,-0.031387437134981155,1.3711161613464355,0.3592333495616913,0.12264031916856766,-2.158712148666382,-2.5092127323150635,-3.3313498497009277,-4.302241802215576,-4.209616184234619,-3.9266953468322754,-3.9807658195495605,-4.575364112854004,-4.063083171844482,-4.253398895263672,-3.98317289352417,-3.5867671966552734,-3.3135716915130615,-2.9366559982299805,-2.508195400238037
-0.6488113403320312,-0.749646008014679,-1.1434714794158936,-1.8357607126235962,-2.167452573776245,-1.456732988357544,-0.4854964315891266,-1.1197330951690674,-2.2976150512695312,-3.836454153060913,-5.953402519226074,-8.776533126831055,-8.02819538116455,-6.236207008361816,-5.944334506988525,-4.138472557067871,0.30223315954208374,0.08550839126110077,-1.1707030534744263,-0.6980693340301514,-1.6285456418991089,0.6482255458831787,0.6122063994407654,0.5737928152084351,2.184598445892334,0.047941241413354874,1.4003251791000366,0.7336113452911377,-1.0459905862808228,-1.0560057163238525,-2.755448818206787,-3.3460490703582764,-3.747035026550293,-3.6832752227783203,-3.7617461681365967,-3.7299418449401855,-3.5397889614105225,-3.59065842628479,-3.3945553302764893,-3.241330146789551,-2.9433271884918213,-2.84112548828125,-2.1913485527038574
-2.952786684036255,-0.6910688281059265,0.3425358235836029,0.29500555992126465,0.25181400775909424,-0.9627990126609802,-1.6343879699707031,-1.165978193283081,-0.8626261353492737,-1.4461063146591187,-3.0697977542877197,-6.973230361938477,-9.725768089294434,-7.388297080993652,-5.402337074279785,-1.9309980869293213,0.4230510890483856,5.139462471008301,1.9021342992782593,1.453355073928833,-0.400654673576355,1.8673509359359741,1.36836576461792,1.4034479856491089,3.279663562774658,-0.2884504497051239,1.1804193258285522,1.8693097829818726,-0.544975757598877,0.04732682555913925,-2.2520039081573486,-2.7197141647338867,-3.244314193725586,-3.2995872497558594,-3.213202476501465,-3.0638890266418457,-2.8353583812713623,-2.8920745849609375,-2.7696056365966797,-2.900627613067627,-2.595402479171753,-2.4940576553344727,-1.746991515159607
-2.460392713546753,-0.3871271312236786,1.3057026863098145,2.186084032058716,2.074181318283081,-0.0931539237499237,-1.0931227207183838,-0.9281453490257263,-1.2647267580032349,-1.699062466621399,-1.3430110216140747,-0.48996400833129883,-5.931598663330078,-10.162711143493652,-7.881995677947998,-4.529311180114746,2.7348625659942627,7.9279046058654785,7.523289680480957,3.5566046237945557,1.5733633041381836,2.770314931869507,2.6232082843780518,1.5760024785995483,2.660628080368042,1.456376314163208,1.2367490530014038,2.449726104736328,0.10519836097955704,0.3971167802810669,-1.7507226467132568,-2.356900215148926,-2.6621625423431396,-2.6415882110595703,-2.4244110584259033,-2.510622262954712,-2.264338731765747,-2.1876673698425293,-2.300250768661499,-2.4502828121185303,-2.1980526447296143,-1.8504077196121216,-1.0529171228408813
-3.99885892868042,1.8406647443771362,2.7793447971343994,2.8828482627868652,2.448451519012451,0.3587871789932251,0.13487768173217773,-1.6798356771469116,-3.1145191192626953,-2.6173768043518066,-1.4138097763061523,0.787538468837738,1.7113054990768433,-4.322513103485107,-8.639592170715332,-7.668991565704346,-1.1688956022262573,7.540842533111572,9.996051788330078,6.088037490844727,2.2599401473999023,2.641759157180786,4.068517208099365,2.009981870651245,2.31274676322937,1.976393461227417,2.2188730239868164,2.912555694580078,0.6200303435325623,0.07891277223825455,-1.2468819618225098,-2.0049984455108643,-2.0775012969970703,-1.923261284828186,-1.7613301277160645,-1.9209059476852417,-1.7339726686477661,-1.4659934043884277,-1.7997236251831055,-1.7160037755966187,-1.6340954303741455,-1.0957834720611572,-0.5379573702812195
-0.29221463203430176,-0.4729499816894531,3.348141670227051,3.79815936088562,2.9864678382873535,1.6088463068008423,0.20351102948188782,-2.1508209705352783,-3.948366641998291,-4.339061737060547,-3.493316650390625,-1.1224101781845093,2.8738391399383545,2.1357369422912598,-2.803786277770996,-9.326949119567871,-4.118521690368652,6.352528095245361,9.269882202148438,4.194174766540527,0.9645300507545471,2.820966958999634,2.7481257915496826,3.0952165126800537,2.8509511947631836,2.711965322494507,2.9923009872436523,2.8109660148620605,1.556990623474121,-0.4015893042087555,-1.0595290660858154,-1.9677516222000122,-1.8675000667572021,-1.3027809858322144,-1.1778475046157837,-1.3013572692871094,-1.2497234344482422,-0.7745470404624939,-1.17812979221344,-1.081338882446289,-1.0829055309295654,-0.5561640858650208,0.015304619446396828
0.4163658916950226,1.7886877059936523,0.9517392516136169,3.1797921657562256,3.219569683074951,1.3558186292648315,-1.8609591722488403,-3.439237356185913,-4.501256465911865,-4.722095489501953,-3.0806610584259033,-1.3550516366958618,-0.10455796122550964,2.4735047817230225,1.5199663639068604,-4.265206336975098,-4.370027542114258,4.075229644775391,7.185719966888428,2.7832109928131104,-1.1740257740020752,2.3002047538757324,3.2354543209075928,4.971710681915283,3.44277286529541,3.5318307876586914,3.255753517150879,2.5048904418945312,1.553343415260315,0.004973734728991985,-1.5324478149414062,-1.8387244939804077,-1.347320318222046,-0.7409761548042297,-0.5424578785896301,-0.6866127848625183,-0.6768307089805603,-0.1730523556470871,-0.5805262327194214,-0.5461846590042114,-0.49233072996139526,0.0854092538356781,0.5614226460456848
1.0711454153060913,2.0221550464630127,0.26294729113578796,-0.3837859630584717,0.19537368416786194,0.013080306351184845,-3.561039924621582,-3.437300443649292,-3.5108225345611572,-3.6814262866973877,-2.776068925857544,-2.881608724594116,-2.361290216445923,1.6070574522018433,3.4176864624023438,0.9907557964324951,-4.032970905303955,1.3348244428634644,4.323524475097656,2.0760037899017334,0.7072548866271973,0.22324013710021973,3.6931135654449463,6.440126895904541,5.717552185058594,4.458794593811035,2.0286619663238525,2.316176414489746,0.8767138719558716,0.11979983001947403,-1.7676204442977905,-2.213646411895752,-1.0330920219421387,-0.1538112610578537,0.32538631558418274,-0.10324440896511078,0.023347578942775726,0.28213807940483093,0.020974669605493546,-0.013745489530265331,-0.10939927399158478,0.4808722138404846,0.7471040487289429
2.7224535942077637,1.9920592308044434,-0.1276409775018692,2.6638574600219727,2.190948247909546,-2.0769996643066406,-4.651750564575195,-4.241299152374268,-4.360609531402588,-4.626824855804443,-2.746551275253296,-1.402449131011963,-0.9258769750595093,3.2938477993011475,4.643914222717285,2.934795618057251,-2.535468101501465,-1.9983521699905396,1.6121392250061035,2.2335805892944336,0.3933280110359192,-0.2953551709651947,4.0612969398498535,9.441825866699219,4.2651848793029785,3.297814130783081,1.7243726253509521,1.734561562538147,0.3391537666320801,-0.015611164271831512,-1.338265299797058,-2.0279338359832764,-0.6748627424240112,0.2607985734939575,0.6062171459197998,0.7382005453109741,0.5902601480484009,0.6489536762237549,0.5230589509010315,0.6790698170661926,0.3365260362625122,0.8310015201568604,1.4600937366485596
5.617401123046875,4.668856620788574,3.557161331176758,6.023470878601074,6.339146614074707,-1.0703758001327515,-4.8752360343933105,-3.5628209114074707,-5.370127201080322,-5.109387397766113,-1.4733065366744995,2.5224392414093018,1.3379701375961304,2.087428331375122,3.0926265716552734,5.884537220001221,3.574394702911377,-2.5297937393188477,0.049713265150785446,0.660372793674469,-0.4477217197418213,0.6113795638084412,6.141557693481445,8.544929504394531,1.1450093984603882,0.6663332581520081,1.676330327987671,0.6089733839035034,-0.5114247798919678,-0.32371845841407776,0.10740874707698822,-1.5846340656280518,-0.4000350832939148,0.49394312500953674,0.8179730772972107,1.3450170755386353,1.2864365577697754,1.0552735328674316,1.2225548028945923,1.3244907855987549,1.2978343963623047,1.6308494806289673,2.5295443534851074
6.989999294281006,6.3396406173706055,5.527817726135254,6.320313453674316,5.473443508148193,-1.0735517740249634,-6.32554292678833,-4.509225845336914,-4.449131488800049,-3.7505857944488525,0.26508527994155884,3.8711304664611816,2.7389326095581055,2.556288242340088,3.5037143230438232,6.9424285888671875,7.127377033233643,-0.8236564993858337,-1.8208119869232178,-1.8967339992523193,-1.7781561613082886,2.0210354328155518,9.391605377197266,5.523007869720459,-1.529329538345337,-0.9884048700332642,1.1117783784866333,-0.9822674989700317,-0.8376955389976501,-0.0533270500600338,0.23846255242824554,-0.5057504177093506,-1.2717249393463135,1.1743922233581543,1.029896855354309,2.155921697616577,2.1428065299987793,1.8260018825531006,2.0469281673431396,2.330456495285034,2.4932916164398193,2.455195665359497,3.1763927936553955
5.0850830078125,6.893452167510986,5.761504173278809,4.762099742889404,3.09256911277771,-1.780639410018921,-5.549476623535156,-4.996932029724121,-3.2162439823150635,-2.516165256500244,-0.2298378348350525,1.8851592540740967,5.2105512619018555,6.197469711303711,8.482908248901367,5.339635848999023,6.05770206451416,3.6139631271362305,-2.750762939453125,-5.364493370056152,-3.6057465076446533,0.9516993761062622,8.404096603393555,4.576746940612793,-1.644362449645996,-2.924656629562378,-2.5700278282165527,-1.7079755067825317,-3.3215715885162354,-1.0259184837341309,0.2956697940826416,-1.0950640439987183,-0.259461373090744,0.02309812605381012,2.610743999481201,2.982902765274048,3.552474021911621,3.109694004058838,3.2705979347229004,3.728192090988159,3.657364845275879,3.344815254211426,3.5583255290985107
4.151898384094238,7.526242256164551,5.5236029624938965,3.041527271270752,0.8433687090873718,-0.9333001375198364,-3.806295394897461,-5.251006603240967,-3.4079010486602783,-0.9219438433647156,-0.183294877409935,1.9604601860046387,6.486778736114502,7.548199653625488,6.752800941467285,4.437378883361816,5.548916816711426,6.019956111907959,-0.6873645782470703,-3.9492063522338867,-4.047702312469482,-1.785852313041687,3.955198287963867,6.330954551696777,-2.413705348968506,-7.149172782897949,-5.885324954986572,-4.635161876678467,-4.747262001037598,-3.565678834915161,-1.475934386253357,-1.5777560472488403,-1.6222397089004517,-0.6609431505203247,3.2210636138916016,4.003695011138916,4.910118579864502,4.9904327392578125,5.1321845054626465,5.434839725494385,5.208611488342285,4.522912502288818,4.092029094696045
4.4432878494262695,5.861077308654785,3.63015079498291,2.7744457721710205,4.180049419403076,2.797994375228882,-2.960742712020874,-6.820667743682861,-4.5282769203186035,-0.19047664105892181,1.045532464981079,2.841334342956543,5.454782485961914,6.607632637023926,3.3374338150024414,7.676523208618164,7.038493633270264,1.2590839862823486,-0.9580409526824951,-1.9917465448379517,-4.243927001953125,-1.6420384645462036,1.2725772857666016,-1.9994641542434692,-8.024553298950195,-9.853266716003418,-6.960054874420166,-6.000580310821533,-5.056715965270996,-4.718560218811035,-3.5821423530578613,-2.5398032665252686,-1.692153811454773,0.08509000390768051,3.1300671100616455,4.173855304718018,5.432534217834473,6.194442272186279,6.9114508628845215,7.6110639572143555,7.342437744140625,6.064357757568359,5.143535614013672
1.4953415393829346,2.5587987899780273,1.1604584455490112,2.040583610534668,7.323533058166504,5.751689910888672,-2.418488025665283,-3.7510640621185303,-0.7958943843841553,3.714668035507202,3.953636884689331,4.613487243652344,5.4552836418151855,5.739956855773926,1.4654393196105957,6.2293219566345215,3.137857437133789,-4.814502239227295,-7.9923529624938965,-8.41777515411377,-5.7048797607421875,-4.894864559173584,-5.760312080383301,-8.374855041503906,-9.912625312805176,-8.641156196594238,-7.669635772705078,-7.781010627746582,-7.419699192047119,-5.989163875579834,-4.193699836730957,-2.0909411907196045,-1.3722784519195557,1.83962881565094,1.3307671546936035,4.25477409362793,5.9670586585998535,6.565571308135986,7.390623092651367,8.528306007385254,9.308721542358398,8.455012321472168,6.59203577041626
-1.7448127269744873,1.2177469730377197,2.094111680984497,3.031022787094116,4.178335189819336,6.1792683601379395,0.42378246784210205,-4.021706581115723,-1.1930925846099854,3.2673518657684326,3.1475510597229004,5.232761859893799,5.558477878570557,2.09859037399292,2.408313751220703,6.50364875793457,-2.4968631267547607,-10.424787521362305,-10.046666145324707,-7.376718044281006,-8.33669662475586,-11.129871368408203,-11.176652908325195,-11.497089385986328,-11.337650299072266,-9.159478187561035,-9.665425300598145,-9.032449722290039,-7.32492208480835,-5.661194801330566,-3.5138254165649414,-0.3330411911010742,0.038501910865306854,0.7918891310691833,1.7377444505691528,4.0150628089904785,6.480522632598877,7.200350761413574,7.5601582527160645,8.116262435913086,9.117799758911133,10.163384437561035,9.330793380737305
