data/wind_data/wind_59_1.json
{"header": {"parameterUnit": "KT", "parameterCategory": 2, "nx": 256, "ny": 198, "lo1": 44.73521041870117, "la1": -3.236724853515625, "lo2": 111.26478576660156, "la2": 43.468475341796875, "dx": 0.2609002888202667, "dy": -0.23708222806453705, "refTime": "2025-02-21 11:00:00", "forecastTime": 0, "parameterNumber": 2, "parameterNumberName": "eastward_wind"}, "data":
[rows 0 to 18 of 198, columns 43 to 85 of 256]
-8.969371795654297,-8.682709693908691,-7.681448459625244,-6.956678867340088,-6.4532246589660645,-6.0321855545043945,-5.710586071014404,-5.533611297607422,-5.4699320793151855,-5.464797496795654,-5.507059097290039,-5.589317321777344,-5.618587970733643,-5.456839561462402,-5.246710777282715,-5.044316291809082,-4.893121719360352,-4.786835670471191,-4.9446587562561035,-5.524127006530762,-5.627795696258545,-5.083217620849609,-5.1103105545043945,-5.720214366912842,-5.705655097961426,-5.189361572265625,-4.7728495597839355,-4.445497989654541,-4.511490821838379,-4.7115607261657715,-4.423519134521484,-4.014318943023682,-3.9020273685455322,-3.8852453231811523,-3.881814956665039,-3.8647985458374023,-3.8065807819366455,-3.6751813888549805,-3.446904420852661,-3.1530511379241943,-2.799813985824585,-2.37809157371521,-1.8826465606689453
-9.323175430297852,-8.996927261352539,-7.972902774810791,-7.341310977935791,-6.871496200561523,-6.371633052825928,-6.047663688659668,-6.0729241371154785,-6.1886305809021,-6.119568347930908,-6.052760601043701,-6.018698692321777,-5.978183746337891,-5.925821304321289,-5.812962055206299,-5.558154582977295,-5.252223968505859,-5.035004615783691,-5.294519901275635,-6.141315937042236,-6.155496120452881,-5.257818698883057,-5.330145359039307,-6.084336280822754,-6.018977642059326,-5.448354721069336,-5.050043106079102,-4.803360939025879,-4.961690425872803,-5.182056427001953,-4.8457865715026855,-4.368577480316162,-4.133723258972168,-4.037605285644531,-4.068782806396484,-4.144472122192383,-4.155106067657471,-3.9823544025421143,-3.5814099311828613,-3.2288849353790283,-3.008483409881592,-2.748307704925537,-2.4195830821990967
-9.095246315002441,-9.005023956298828,-8.203680992126465,-7.613694667816162,-7.07816219329834,-6.6789751052856445,-6.4776153564453125,-6.55000114440918,-6.676277160644531,-6.683086395263672,-6.666523456573486,-6.596297740936279,-6.511504173278809,-6.4410881996154785,-6.3132500648498535,-6.0017876625061035,-5.6416096687316895,-5.477031230926514,-5.731490135192871,-6.460782051086426,-6.501639366149902,-5.834395885467529,-5.911099433898926,-6.513880729675293,-6.404555797576904,-5.861390590667725,-5.6439995765686035,-5.5706024169921875,-5.421333312988281,-5.2031025886535645,-4.8556365966796875,-4.488601207733154,-4.191697597503662,-4.091914176940918,-4.34466552734375,-4.538755416870117,-4.372763156890869,-3.9756784439086914,-3.481865882873535,-3.178781747817993,-3.071451425552368,-2.94650936126709,-2.704028844833374
-8.178421974182129,-8.332525253295898,-8.093521118164062,-7.563687324523926,-7.236319065093994,-7.359621524810791,-7.281036853790283,-7.518069744110107,-7.497507572174072,-7.390386581420898,-7.396454334259033,-7.311101913452148,-7.379187107086182,-7.402130126953125,-7.110208034515381,-6.584386825561523,-6.021804332733154,-5.643163681030273,-5.748889446258545,-7.160540580749512,-7.04232120513916,-6.633109092712402,-6.759732246398926,-7.224160194396973,-7.074751377105713,-6.393050670623779,-6.036581039428711,-5.923156261444092,-5.508291244506836,-5.287464618682861,-5.149025917053223,-4.737125396728516,-4.5548553466796875,-4.4004411697387695,-4.550494194030762,-4.666128635406494,-4.340826511383057,-3.6058263778686523,-2.5205979347229004,-2.14760684967041,-2.7039806842803955,-3.192145824432373,-2.6301136016845703
-7.1673665046691895,-7.3041863441467285,-7.594051837921143,-7.288417339324951,-7.315225601196289,-8.686552047729492,-8.92287826538086,-9.006471633911133,-9.157424926757812,-8.732573509216309,-8.454596519470215,-8.669222831726074,-9.21330738067627,-9.208346366882324,-7.796558380126953,-6.065079689025879,-4.810993194580078,-4.876418590545654,-5.843703269958496,-10.098623275756836,-7.707970142364502,-7.4929938316345215,-8.02719783782959,-8.759713172912598,-8.496077537536621,-7.255230903625488,-5.963932991027832,-5.182046890258789,-4.277480125427246,-5.495307445526123,-6.739898681640625,-5.424623966217041,-5.7395172119140625,-5.366009712219238,-4.4475789070129395,-4.002035617828369,-3.4964935779571533,-2.2703282833099365,0.5003288388252258,1.7925448417663574,-0.2702443301677704,-3.4924142360687256,-0.6218302249908447
-9.140159606933594,-8.799519538879395,-7.754105567932129,-6.624611854553223,-6.667120933532715,-7.695314407348633,-7.814648628234863,-7.526325225830078,-7.4907050132751465,-7.859551906585693,-7.95137357711792,-8.3670015335083,-8.444092750549316,-7.303605556488037,-5.79548978805542,-3.55116605758667,-2.461132049560547,-7.160579204559326,-8.821174621582031,-9.405426025390625,-7.128180027008057,-6.385924816131592,-8.623388290405273,-9.0941162109375,-8.420234680175781,-7.676406383514404,-6.658936977386475,-5.97030782699585,-5.717443466186523,-6.008233070373535,-5.857377052307129,-5.66398811340332,-4.978220462799072,-4.768090724945068,-5.267547130584717,-5.2126007080078125,-4.460636615753174,-2.6933774948120117,-2.1499390602111816,-3.7253916263580322,-3.0666730403900146,-2.5211870670318604,-0.33822914958000183
-8.107617378234863,-7.930725574493408,-7.676370620727539,-7.340313911437988,-7.29991340637207,-8.105817794799805,-8.55584716796875,-8.200918197631836,-7.6564178466796875,-8.045698165893555,-8.434281349182129,-8.639993667602539,-8.023209571838379,-6.872115135192871,-5.711184024810791,-5.312623500823975,-7.370473861694336,-10.729114532470703,-8.386467933654785,-8.441306114196777,-5.668500900268555,-4.82210111618042,-10.18172550201416,-9.380228042602539,-8.988227844238281,-8.096107482910156,-7.510439395904541,-6.848342418670654,-6.044454097747803,-5.5663275718688965,-5.193000316619873,-5.278017997741699,-5.12252950668335,-4.655836582183838,-3.8846147060394287,-5.5887451171875,-4.740006923675537,-0.7813987731933594,0.23007376492023468,-3.7123491764068604,-5.140469551086426,-4.260108947753906,-1.3624316453933716
-6.334766864776611,-5.4330854415893555,-6.561585903167725,-8.834976196289062,-8.625210762023926,-8.381254196166992,-8.594603538513184,-7.9533305168151855,-6.571140766143799,-6.913862228393555,-9.438687324523926,-9.77580451965332,-8.583769798278809,-7.760053634643555,-7.256211280822754,-8.435005187988281,-9.883798599243164,-10.091935157775879,-8.433477401733398,-6.820374965667725,-6.172667503356934,-7.634748458862305,-9.574798583984375,-8.725049018859863,-9.020895957946777,-7.943653583526611,-7.413797378540039,-6.5013203620910645,-5.604414939880371,-4.929506778717041,-5.098117351531982,-5.481719017028809,-5.542216777801514,-4.725162029266357,-2.926863193511963,-2.83628249168396,-6.083880424499512,-2.9548227787017822,-2.1786820888519287,-6.837986946105957,-7.982993125915527,-6.345702171325684,-3.7794880867004395
-7.531710147857666,-6.083220481872559,-6.400474548339844,-9.610175132751465,-9.96480655670166,-8.764955520629883,-9.25615406036377,-8.59138298034668,-5.862216949462891,-5.983315467834473,-9.264443397521973,-10.010072708129883,-9.471232414245605,-9.332572937011719,-8.718301773071289,-8.859434127807617,-8.946845054626465,-8.999702453613281,-8.500173568725586,-7.1456427574157715,-7.014174938201904,-8.377218246459961,-9.54047966003418,-8.657997131347656,-7.6156325340271,-7.436891555786133,-7.161614894866943,-6.847816467285156,-5.201770782470703,-3.5649640560150146,-4.433712959289551,-4.744304656982422,-5.740916728973389,-5.882054328918457,-4.206599712371826,-3.341686487197876,-6.10662841796875,-4.7600507736206055,-5.487675189971924,-8.06618881225586,-8.055191040039062,-7.351654052734375,-5.3898820877075195
-9.023744583129883,-8.5716552734375,-8.302348136901855,-8.86473274230957,-8.850893020629883,-8.908029556274414,-9.327779769897461,-8.317606925964355,-6.242066383361816,-4.133089542388916,-7.039773464202881,-10.402627944946289,-11.522994995117188,-10.560362815856934,-9.58867359161377,-9.200363159179688,-9.084504127502441,-8.69450855255127,-8.223871231079102,-7.2350592613220215,-7.279189109802246,-7.536138534545898,-7.616823673248291,-7.416275501251221,-6.069666385650635,-5.5575642585754395,-7.113247394561768,-7.6490983963012695,-5.489007472991943,-3.526660919189453,-2.156517505645752,-2.2058751583099365,-4.957364559173584,-8.012950897216797,-6.810808181762695,-5.274423122406006,-5.855312347412109,-5.2770233154296875,-5.72206974029541,-6.655115127563477,-7.454447269439697,-6.967957973480225,-5.744949817657471
-9.950981140136719,-9.306388854980469,-7.6714348793029785,-6.811931610107422,-6.487803936004639,-7.048648357391357,-7.580406665802002,-8.096761703491211,-7.113640785217285,-4.239436149597168,-6.4058146476745605,-11.814922332763672,-12.538995742797852,-10.574089050292969,-9.116510391235352,-8.692831993103027,-10.127275466918945,-9.976126670837402,-8.503210067749023,-7.1645307540893555,-7.015254974365234,-7.354911804199219,-7.125102996826172,-6.844109058380127,-6.822877407073975,-6.812277317047119,-7.628255844116211,-6.981428623199463,-4.855804920196533,-3.2678236961364746,-1.134475588798523,-2.4178905487060547,-6.966558456420898,-6.756247520446777,-5.941679000854492,-5.3509955406188965,-5.214569091796875,-4.882846355438232,-5.712918281555176,-7.776721000671387,-7.443208694458008,-6.956602096557617,-6.1738972663879395
-8.719376564025879,-7.656646728515625,-5.701491355895996,-4.22192907333374,-3.767228841781616,-5.605062007904053,-7.712119102478027,-8.701133728027344,-8.439493179321289,-9.888982772827148,-12.91407299041748,-11.739089965820312,-11.517132759094238,-10.389528274536133,-8.035470008850098,-6.5189056396484375,-8.874479293823242,-10.370757102966309,-9.247681617736816,-7.224661350250244,-6.050508975982666,-5.978422164916992,-6.810028076171875,-7.062813758850098,-7.518024444580078,-8.020023345947266,-8.001931190490723,-6.918481349945068,-4.833296298980713,-2.6438069343566895,-2.398843288421631,-8.915136337280273,-9.473368644714355,-5.930104732513428,-5.51118278503418,-5.698039531707764,-4.222777366638184,-4.234561920166016,-6.460999011993408,-10.284780502319336,-8.530601501464844,-6.437614917755127,-6.970210075378418
-9.188878059387207,-7.004025459289551,-5.90155029296875,-4.68754243850708,-6.093155384063721,-10.076428413391113,-8.486868858337402,-8.800113677978516,-8.820720672607422,-11.292012214660645,-12.807918548583984,-11.62951946258545,-10.565223693847656,-9.90158748626709,-9.065152168273926,-7.922169208526611,-7.959049224853516,-10.328165054321289,-9.417740821838379,-6.854962348937988,-4.974980354309082,-3.619673490524292,-5.187199115753174,-6.36205530166626,-6.666706562042236,-7.801074028015137,-8.887507438659668,-8.041401863098145,-5.8813605308532715,-4.224748134613037,-5.592733383178711,-10.022026062011719,-7.865052223205566,-5.114780902862549,-5.160009860992432,-5.693532466888428,-4.510361671447754,-4.458128929138184,-6.473845481872559,-10.38522720336914,-9.040545463562012,-6.41300106048584,-8.178815841674805
-10.207545280456543,-8.555499076843262,-7.254626274108887,-6.624704837799072,-9.67849349975586,-12.541360855102539,-11.377525329589844,-9.083714485168457,-8.533148765563965,-9.12382984161377,-9.669881820678711,-9.905536651611328,-9.701821327209473,-9.032787322998047,-8.976616859436035,-9.384443283081055,-10.591126441955566,-10.205921173095703,-8.489251136779785,-7.3881306648254395,-5.682097434997559,-4.334301471710205,-4.599372863769531,-5.732635021209717,-4.758673191070557,-5.121721267700195,-7.871229648590088,-9.183754920959473,-8.002701759338379,-6.577193260192871,-7.685420513153076,-8.604186058044434,-6.877896785736084,-5.294280529022217,-5.965414524078369,-5.312945365905762,-4.445671081542969,-4.1049370765686035,-4.918447017669678,-7.681662082672119,-9.071499824523926,-8.801488876342773,-9.535388946533203
-10.38567066192627,-9.209628105163574,-8.771469116210938,-10.529016494750977,-12.635981559753418,-12.63286304473877,-10.785233497619629,-8.943307876586914,-6.967238903045654,-7.453685283660889,-9.525006294250488,-9.522357940673828,-8.469507217407227,-7.07971715927124,-7.771310329437256,-8.843829154968262,-8.936774253845215,-8.417844772338867,-8.181506156921387,-7.901494026184082,-8.269001007080078,-9.004955291748047,-8.865699768066406,-7.637073040008545,-5.577808380126953,-4.819663047790527,-8.114948272705078,-9.112082481384277,-8.82207202911377,-8.372543334960938,-8.648463249206543,-8.170514106750488,-6.40501594543457,-5.754147529602051,-6.1537346839904785,-5.697603702545166,-4.789307594299316,-5.357546329498291,-6.218785285949707,-6.02141809463501,-10.266647338867188,-11.541243553161621,-7.950209617614746
-9.587911605834961,-8.696885108947754,-10.06113338470459,-13.037391662597656,-13.78459358215332,-12.526535034179688,-10.548849105834961,-7.915236949920654,-5.512434482574463,-7.577885150909424,-8.619451522827148,-9.32809066772461,-9.147095680236816,-8.038050651550293,-8.03044319152832,-8.360047340393066,-6.72440767288208,-5.370865345001221,-5.55842399597168,-7.721137523651123,-11.107417106628418,-11.124825477600098,-7.729550361633301,-6.479392051696777,-5.510080337524414,-6.245924949645996,-8.042675971984863,-7.050484657287598,-8.499844551086426,-9.223222732543945,-9.103842735290527,-7.921750068664551,-5.720650672912598,-5.846442699432373,-6.9257307052612305,-6.0276641845703125,-4.436898708343506,-4.495312213897705,-7.971307754516602,-10.476874351501465,-13.278951644897461,-11.270918846130371,-6.360112190246582
-9.118907928466797,-8.13266658782959,-9.991996765136719,-12.216849327087402,-12.904184341430664,-12.106094360351562,-10.422621726989746,-9.240375518798828,-9.745697975158691,-10.668329238891602,-9.55901050567627,-8.675922393798828,-9.638035774230957,-10.77868938446045,-11.54379940032959,-9.065655708312988,-5.922407627105713,-3.3596315383911133,-2.1544394493103027,-7.591145992279053,-14.116741180419922,-12.330554008483887,-7.615743637084961,-5.786186695098877,-5.271974563598633,-5.889888286590576,-6.4392991065979,-7.310626029968262,-7.0775275230407715,-8.531352996826172,-10.003278732299805,-8.622353553771973,-6.221222400665283,-7.162467002868652,-9.386393547058105,-6.1858811378479,-4.492671966552734,-5.4245686531066895,-11.654131889343262,-12.652835845947266,-12.046453475952148,-10.576135635375977,-7.678465366363525
-10.132977485656738,-9.286225318908691,-9.154306411743164,-10.468292236328125,-11.193799018859863,-10.612347602844238,-10.178372383117676,-10.6182861328125,-12.142224311828613,-13.05125617980957,-11.065908432006836,-8.086699485778809,-7.05844259262085,-9.996716499328613,-11.23585319519043,-8.346599578857422,-5.562948226928711,-3.9974513053894043,-3.6048152446746826,-10.062206268310547,-14.485346794128418,-11.556562423706055,-8.620676040649414,-7.460731506347656,-7.965167045593262,-9.40337085723877,-8.257405281066895,-7.228574752807617,-7.159266948699951,-8.871635437011719,-10.546669006347656,-10.227147102355957,-8.885571479797363,-9.469569206237793,-9.55852222442627,-7.2654242515563965,-6.328151226043701,-8.238853454589844,-10.973902702331543,-12.046438217163086,-11.115035057067871,-10.720259666442871,-8.670010566711426
-11.748985290527344,-11.804201126098633,-10.81348705291748,-9.740214347839355,-10.016863822937012,-9.459371566772461,-10.305755615234375,-10.878411293029785,-10.707962989807129,-10.275833129882812,-9.75012493133545,-8.422309875488281,-7.6652021408081055,-9.16055679321289,-10.401480674743652,-7.366714000701904,-4.489163398742676,-3.7627246379852295,-8.013708114624023,-13.603781700134277,-12.797574043273926,-10.440866470336914,-9.546472549438477,-9.170391082763672,-9.251964569091797,-9.38507080078125,-9.174004554748535,-8.722501754760742,-8.80259895324707,-9.917471885681152,-10.737610816955566,-8.846549034118652,-7.385202407836914,-8.564974784851074,-9.697340965270996,-8.685680389404297,-8.341980934143066,-9.527976989746094,-11.186758995056152,-12.262505531311035,-10.919246673583984,-9.156839370727539,-8.515411376953125
