data/wind_data/wind_57_1.json
{"header": {"parameterUnit": "KT", "parameterCategory": 2, "nx": 256, "ny": 198, "lo1": 44.73521041870117, "la1": -3.236724853515625, "lo2": 111.26478576660156, "la2": 43.468475341796875, "dx": 0.2609002888202667, "dy": -0.23708222806453705, "refTime": "2025-02-21 09:00:00", "forecastTime": 0, "parameterNumber": 2, "parameterNumberName": "eastward_wind"}, "data":
[rows 19 to 37 of 198, columns 43 to 85 of 256]
-12.529500007629395,-11.963274002075195,-12.648048400878906,-12.691488265991211,-9.997282028198242,-7.640516757965088,-9.631574630737305,-9.79125690460205,-11.00636100769043,-9.998064041137695,-9.168197631835938,-9.990191459655762,-10.408285140991211,-9.896589279174805,-10.382901191711426,-11.050460815429688,-9.452202796936035,-6.294780254364014,-4.376976013183594,-8.187994956970215,-13.107038497924805,-13.079241752624512,-11.280046463012695,-10.541971206665039,-9.859318733215332,-9.939934730529785,-10.913211822509766,-11.963193893432617,-10.108034133911133,-9.442320823669434,-9.548177719116211,-10.260418891906738,-9.355745315551758,-7.581426620483398,-7.6146721839904785,-8.463802337646484,-8.750276565551758,-8.57758903503418,-9.623263359069824,-10.050227165222168,-11.540122985839844,-10.276089668273926,-7.988492965698242
-11.418970108032227,-11.169596672058105,-12.1687593460083,-11.967828750610352,-10.062677383422852,-9.082902908325195,-10.567704200744629,-11.23356819152832,-11.635590553283691,-9.686190605163574,-7.191389083862305,-5.570148944854736,-9.076056480407715,-11.567084312438965,-11.957945823669434,-11.816791534423828,-8.83889102935791,-5.594935417175293,-5.930812358856201,-11.273367881774902,-12.594114303588867,-13.117147445678711,-11.885458946228027,-11.32453727722168,-11.40527629852295,-10.930267333984375,-10.264878273010254,-10.717177391052246,-11.546753883361816,-11.545316696166992,-10.18913745880127,-8.006264686584473,-6.309462070465088,-7.069624423980713,-11.032404899597168,-10.563947677612305,-9.030378341674805,-8.5449857711792,-9.634881973266602,-10.274063110351562,-10.706920623779297,-10.271746635437012,-8.803586959838867
-10.38862419128418,-9.578683853149414,-11.23555850982666,-11.431645393371582,-10.614423751831055,-11.399293899536133,-13.230685234069824,-13.135978698730469,-11.073500633239746,-9.997098922729492,-8.777956008911133,-8.574368476867676,-11.492793083190918,-12.757055282592773,-12.0968017578125,-10.211167335510254,-9.550909042358398,-9.192052841186523,-10.459197998046875,-12.13508415222168,-12.659414291381836,-13.331419944763184,-12.458599090576172,-11.167540550231934,-10.838172912597656,-10.486092567443848,-10.53070068359375,-12.018454551696777,-13.212010383605957,-12.363646507263184,-10.47126293182373,-8.184389114379883,-8.421031951904297,-10.893342971801758,-11.387885093688965,-10.878500938415527,-9.715010643005371,-8.709382057189941,-9.218976974487305,-10.008857727050781,-10.489923477172852,-10.537222862243652,-9.417842864990234
-12.125237464904785,-11.907430648803711,-12.349547386169434,-12.395282745361328,-11.920480728149414,-11.554821968078613,-12.176756858825684,-12.213644981384277,-10.771489143371582,-8.585397720336914,-7.582252025604248,-10.247314453125,-13.626310348510742,-13.346359252929688,-10.27188777923584,-8.544963836669922,-11.306212425231934,-11.999269485473633,-11.448375701904297,-11.683582305908203,-12.38434886932373,-12.413500785827637,-11.571572303771973,-11.740056991577148,-11.036101341247559,-8.9548921585083,-8.491637229919434,-11.900254249572754,-13.86051082611084,-12.988272666931152,-10.742600440979004,-10.076738357543945,-10.665167808532715,-11.610270500183105,-11.684273719787598,-10.706779479980469,-9.402671813964844,-8.489538192749023,-9.226093292236328,-10.783859252929688,-10.886881828308105,-10.362720489501953,-9.415343284606934
-12.820199012756348,-12.799335479736328,-13.349958419799805,-12.795943260192871,-12.048501968383789,-12.069092750549316,-12.271001815795898,-11.498543739318848,-9.428776741027832,-6.777472972869873,-5.716951847076416,-9.552804946899414,-12.343008995056152,-11.197837829589844,-10.852224349975586,-11.224102020263672,-12.116744041442871,-11.652798652648926,-10.791088104248047,-11.347649574279785,-11.533798217773438,-11.388453483581543,-10.763458251953125,-11.5325345993042,-10.878667831420898,-9.122450828552246,-8.404192924499512,-11.289684295654297,-14.093348503112793,-13.488269805908203,-10.921821594238281,-10.268656730651855,-11.006192207336426,-11.345043182373047,-10.865700721740723,-10.60260009765625,-9.503592491149902,-9.545949935913086,-11.082687377929688,-10.948538780212402,-10.397746086120605,-10.335000991821289,-10.714037895202637
-13.673656463623047,-12.625569343566895,-12.408681869506836,-12.228015899658203,-12.058796882629395,-12.13588809967041,-11.841583251953125,-10.841584205627441,-8.67663860321045,-6.896965980529785,-8.947126388549805,-12.851847648620605,-11.682634353637695,-9.583885192871094,-9.747248649597168,-12.742566108703613,-12.924978256225586,-11.215032577514648,-11.514509201049805,-12.114319801330566,-11.373148918151855,-11.381422996520996,-11.22686767578125,-10.432968139648438,-10.260581016540527,-11.621685028076172,-11.529370307922363,-12.385924339294434,-13.249699592590332,-12.206916809082031,-11.799375534057617,-11.25224494934082,-10.769891738891602,-10.507218360900879,-10.538437843322754,-10.361958503723145,-10.367240905761719,-11.594438552856445,-11.313373565673828,-10.333746910095215,-9.737616539001465,-10.799607276916504,-11.10396957397461
-13.60348129272461,-12.50255012512207,-12.342185974121094,-12.044543266296387,-12.443380355834961,-12.451431274414062,-11.922134399414062,-11.073084831237793,-9.817305564880371,-9.637426376342773,-11.640978813171387,-13.074586868286133,-12.188592910766602,-10.251814842224121,-10.150322914123535,-12.574775695800781,-13.062492370605469,-11.468437194824219,-10.195042610168457,-10.676403045654297,-10.812122344970703,-10.87224292755127,-11.080050468444824,-10.965615272521973,-11.461173057556152,-11.36628246307373,-11.375347137451172,-11.855157852172852,-12.401854515075684,-12.019001960754395,-12.293400764465332,-12.044151306152344,-10.394922256469727,-9.69577407836914,-10.966812133789062,-11.765507698059082,-11.375102043151855,-11.620477676391602,-11.35168170928955,-10.106118202209473,-9.821600914001465,-11.199074745178223,-11.052000999450684
-12.477850914001465,-11.70163631439209,-11.821390151977539,-12.401068687438965,-13.032791137695312,-12.981755256652832,-13.051314353942871,-12.412755966186523,-11.258381843566895,-10.685941696166992,-10.185772895812988,-10.087862014770508,-11.888630867004395,-12.529855728149414,-10.922804832458496,-11.159187316894531,-12.904250144958496,-11.824433326721191,-9.965957641601562,-10.298917770385742,-10.26912784576416,-10.209381103515625,-12.282441139221191,-12.373239517211914,-11.238290786743164,-11.06351089477539,-11.315102577209473,-11.622564315795898,-12.469583511352539,-12.081008911132812,-12.523950576782227,-12.775590896606445,-11.665318489074707,-11.12938117980957,-11.190879821777344,-11.03941822052002,-11.159638404846191,-12.067593574523926,-11.402144432067871,-10.189599990844727,-10.802322387695312,-11.153833389282227,-10.589388847351074
-13.053549766540527,-11.515037536621094,-10.636893272399902,-12.162266731262207,-12.840181350708008,-12.563159942626953,-13.535894393920898,-13.242568969726562,-11.879817008972168,-10.804224014282227,-10.061479568481445,-9.737701416015625,-11.846353530883789,-12.836413383483887,-11.527493476867676,-11.782995223999023,-12.215414047241211,-11.307782173156738,-10.727591514587402,-10.207491874694824,-8.832192420959473,-9.327522277832031,-12.909584045410156,-12.218460083007812,-11.072522163391113,-11.988804817199707,-11.690807342529297,-11.298681259155273,-12.170186996459961,-12.210434913635254,-11.973441123962402,-12.590228080749512,-12.624314308166504,-12.094167709350586,-11.381476402282715,-10.778497695922852,-10.917083740234375,-11.335436820983887,-10.622832298278809,-9.78619384765625,-10.083440780639648,-9.550821304321289,-9.590902328491211
-13.668704986572266,-11.894038200378418,-8.897499084472656,-7.5833024978637695,-8.57436466217041,-11.832060813903809,-13.578265190124512,-13.21857738494873,-11.702079772949219,-11.17271900177002,-11.606927871704102,-12.100951194763184,-12.510958671569824,-12.967266082763672,-13.568894386291504,-13.115015983581543,-11.812783241271973,-10.675650596618652,-10.946343421936035,-10.832907676696777,-8.652684211730957,-8.088674545288086,-12.089863777160645,-13.036818504333496,-11.251639366149902,-11.90900707244873,-12.564624786376953,-11.560286521911621,-10.897625923156738,-11.233786582946777,-11.365849494934082,-12.663829803466797,-12.624727249145508,-12.187856674194336,-11.545809745788574,-10.651559829711914,-9.69007396697998,-9.692606925964355,-10.069916725158691,-9.59130573272705,-9.44481086730957,-9.598554611206055,-8.991827964782715
-15.127228736877441,-11.112532615661621,-7.820609092712402,-5.056422710418701,-7.567477703094482,-15.386734962463379,-14.11065673828125,-13.374044418334961,-11.221054077148438,-10.75216007232666,-11.513534545898438,-12.296486854553223,-12.70248031616211,-13.528324127197266,-14.12168025970459,-13.546911239624023,-12.112542152404785,-11.25280475616455,-11.286500930786133,-11.04223918914795,-9.211348533630371,-8.776392936706543,-11.604084014892578,-11.170952796936035,-9.311137199401855,-13.240363121032715,-13.144293785095215,-11.83598518371582,-12.244932174682617,-11.592857360839844,-10.491083145141602,-10.965933799743652,-11.91732120513916,-12.222119331359863,-11.484334945678711,-10.542044639587402,-10.297720909118652,-10.36381721496582,-10.193497657775879,-9.070040702819824,-8.800801277160645,-10.558550834655762,-9.757333755493164
-15.07067584991455,-10.343902587890625,-5.443160057067871,-4.845081329345703,-13.393991470336914,-17.01053237915039,-14.971879005432129,-12.326457023620605,-9.643656730651855,-7.917963981628418,-8.57498550415039,-10.366362571716309,-11.378902435302734,-13.011486053466797,-14.590666770935059,-13.63082504272461,-12.356133460998535,-11.58109188079834,-11.502876281738281,-9.944930076599121,-7.634425163269043,-9.680886268615723,-11.799087524414062,-10.171082496643066,-9.135581970214844,-12.292388916015625,-12.943126678466797,-12.547978401184082,-12.587599754333496,-11.43652629852295,-10.357941627502441,-9.701925277709961,-9.942646026611328,-10.7990140914917,-10.388073921203613,-10.437775611877441,-12.03610897064209,-11.118526458740234,-9.680036544799805,-9.028044700622559,-8.778355598449707,-10.711647987365723,-10.699234962463379
-13.25931453704834,-10.486328125,-6.794031620025635,-8.836398124694824,-14.544000625610352,-14.977128982543945,-13.239822387695312,-10.938676834106445,-8.153871536254883,-6.097393035888672,-6.534029483795166,-7.618055820465088,-10.622714042663574,-13.687915802001953,-15.104249000549316,-13.21231460571289,-11.737700462341309,-11.591479301452637,-11.408823013305664,-9.245345115661621,-8.549528121948242,-11.513608932495117,-11.781669616699219,-10.264640808105469,-10.281195640563965,-11.193948745727539,-10.84901237487793,-11.867121696472168,-12.444144248962402,-11.422872543334961,-10.126737594604492,-11.241129875183105,-12.096054077148438,-11.496729850769043,-10.964980125427246,-10.890809059143066,-10.977921485900879,-10.060277938842773,-10.133472442626953,-10.80663776397705,-10.499557495117188,-10.000833511352539,-10.966261863708496
-10.024494171142578,-10.15052604675293,-11.493624687194824,-13.501591682434082,-14.76527214050293,-13.605042457580566,-11.299235343933105,-8.611403465270996,-5.814177513122559,-4.88368034362793,-6.6301655769348145,-7.225334167480469,-9.640812873840332,-14.1294584274292,-15.334281921386719,-13.608257293701172,-13.007658958435059,-12.17763900756836,-11.169569969177246,-9.947672843933105,-9.75222110748291,-11.068133354187012,-9.882431983947754,-9.15575122833252,-9.93160629272461,-9.967547416687012,-8.34679889678955,-8.112512588500977,-11.068137168884277,-12.334918022155762,-11.690099716186523,-11.13154411315918,-11.354106903076172,-10.526253700256348,-8.969902992248535,-9.041616439819336,-8.834148406982422,-8.39661693572998,-9.124756813049316,-10.404060363769531,-9.832477569580078,-8.733569145202637,-9.62021255493164
-12.00285530090332,-12.32472038269043,-13.62282657623291,-13.419370651245117,-11.759382247924805,-10.38583755493164,-8.578312873840332,-7.049793720245361,-7.402811527252197,-7.069835186004639,-5.419491291046143,-9.121381759643555,-16.491485595703125,-16.613126754760742,-13.948587417602539,-13.300922393798828,-13.520281791687012,-11.833719253540039,-11.075993537902832,-10.693304061889648,-10.5830078125,-9.145364761352539,-6.944336891174316,-6.185979843139648,-6.980542182922363,-7.910552501678467,-7.597721576690674,-5.962271690368652,-8.07600212097168,-10.820781707763672,-11.9547700881958,-10.939102172851562,-9.211005210876465,-8.97517204284668,-9.289580345153809,-8.726810455322266,-6.640502452850342,-5.331995964050293,-7.21018123626709,-8.324413299560547,-9.45188045501709,-9.053764343261719,-7.184701919555664
-11.501213073730469,-12.524787902832031,-13.811237335205078,-12.84957504272461,-11.060606002807617,-9.484735488891602,-7.867445468902588,-8.153264999389648,-9.497454643249512,-8.321908950805664,-8.543500900268555,-13.363697052001953,-16.149356842041016,-15.677700996398926,-14.822155952453613,-14.043886184692383,-12.31749153137207,-11.294774055480957,-10.892413139343262,-10.482686042785645,-9.854304313659668,-8.084657669067383,-6.349205493927002,-4.131823539733887,-4.046721935272217,-7.520022392272949,-9.196099281311035,-9.498863220214844,-9.532083511352539,-11.88151741027832,-11.412969589233398,-10.246880531311035,-9.568267822265625,-9.433297157287598,-9.168054580688477,-8.439619064331055,-7.1505889892578125,-6.714833736419678,-7.967661380767822,-7.927148342132568,-9.324834823608398,-9.422088623046875,-7.312882900238037
-10.979024887084961,-12.467178344726562,-13.13413143157959,-11.939441680908203,-10.064299583435059,-8.562385559082031,-9.836398124694824,-11.684452056884766,-10.836507797241211,-10.071200370788574,-10.843629837036133,-11.712237358093262,-14.35132884979248,-14.27037525177002,-13.371757507324219,-12.684833526611328,-11.422663688659668,-10.923130989074707,-10.328102111816406,-9.395575523376465,-8.993674278259277,-8.481278419494629,-6.781467914581299,-6.33707857131958,-9.333553314208984,-12.091939926147461,-10.305859565734863,-8.992341041564941,-10.98046875,-12.90313720703125,-10.569620132446289,-8.834392547607422,-8.80566120147705,-8.767901420593262,-8.59498405456543,-8.580220222473145,-6.759960174560547,-7.941323280334473,-9.317706108093262,-9.300887107849121,-8.781034469604492,-8.398855209350586,-8.431295394897461
-12.553356170654297,-12.423210144042969,-10.662528991699219,-9.857348442077637,-8.959219932556152,-9.22494125366211,-12.789163589477539,-13.195671081542969,-11.817280769348145,-11.755799293518066,-11.127095222473145,-10.844428062438965,-12.353758811950684,-13.692098617553711,-13.486117362976074,-11.546528816223145,-10.027241706848145,-10.639097213745117,-10.279170989990234,-9.044625282287598,-8.346766471862793,-7.904197692871094,-6.933505535125732,-7.713897228240967,-9.546921730041504,-10.668035507202148,-8.975374221801758,-7.6197381019592285,-8.944939613342285,-9.047574996948242,-8.594842910766602,-8.782791137695312,-8.146255493164062,-7.029208660125732,-6.63824987411499,-8.653301239013672,-8.766304016113281,-7.826460838317871,-8.221837043762207,-8.244200706481934,-8.166305541992188,-7.798258304595947,-6.325224876403809
-11.293173789978027,-10.524847984313965,-9.557168960571289,-10.54710865020752,-11.260110855102539,-12.827713012695312,-14.282108306884766,-12.748910903930664,-10.47145938873291,-9.796732902526855,-11.089908599853516,-12.196560859680176,-12.04893970489502,-12.363966941833496,-12.406879425048828,-11.11075210571289,-10.37646484375,-10.76215934753418,-9.949052810668945,-8.733592987060547,-7.6336140632629395,-7.0015668869018555,-8.054240226745605,-8.47050952911377,-8.120417594909668,-8.238205909729004,-8.832296371459961,-9.378058433532715,-9.898280143737793,-8.727409362792969,-7.755463600158691,-7.663357734680176,-8.42258071899414,-8.961997032165527,-8.365416526794434,-8.566751480102539,-9.299992561340332,-8.821253776550293,-6.452678680419922,-5.651352882385254,-8.540265083312988,-8.716981887817383,-8.185837745666504
