data/wind_data/wind_16_8.json
{"header": {"parameterUnit": "KT", "parameterCategory": 2, "nx": 256, "ny": 198, "lo1": 44.73521041870117, "la1": -3.236724853515625, "lo2": 111.26478576660156, "la2": 43.468475341796875, "dx": 0.2609002888202667, "dy": -0.23708222806453705, "refTime": "2025-02-19 16:00:00", "forecastTime": 0, "parameterNumber": 2, "parameterNumberName": "eastward_wind"}, "data":
[rows 19 to 37 of 198, columns 132 to 175 of 256]
-4.796354293823242,-5.452620983123779,-4.555171489715576,-3.633212089538574,-3.3773205280303955,-3.6304123401641846,-4.300541877746582,-5.154170513153076,-6.447257041931152,-6.956491470336914,-5.826244354248047,-4.90317964553833,-5.749917507171631,-7.171828746795654,-8.013321876525879,-7.764214992523193,-6.6092119216918945,-5.3415422439575195,-4.688724517822266,-5.318185329437256,-5.890688896179199,-5.751567840576172,-6.296383380889893,-7.5083818435668945,-7.722897529602051,-7.48572301864624,-7.231923580169678,-7.070699691772461,-7.180408477783203,-6.740950107574463,-7.377769470214844,-8.079684257507324,-7.5011067390441895,-7.66212797164917,-8.31636905670166,-9.475191116333008,-11.270380020141602,-12.954534530639648,-13.023736000061035,-13.147281646728516,-14.746142387390137,-16.00103759765625,-15.865456581115723,-14.703608512878418
-3.729269504547119,-4.4206953048706055,-4.024583339691162,-2.949317216873169,-2.160820722579956,-2.4200456142425537,-2.7677969932556152,-4.0523176193237305,-6.081201076507568,-7.122676372528076,-6.073121070861816,-5.1288862228393555,-5.484303951263428,-6.810523509979248,-7.382078647613525,-6.404998779296875,-5.107977390289307,-4.576244831085205,-4.5967206954956055,-4.991051197052002,-5.588314056396484,-5.81456184387207,-6.533806324005127,-7.458065509796143,-8.39363956451416,-7.913508415222168,-7.102621555328369,-6.839623928070068,-6.844541072845459,-6.005773067474365,-6.239255905151367,-7.009824752807617,-7.229069709777832,-7.201293468475342,-7.473404884338379,-7.672684192657471,-8.972616195678711,-11.278675079345703,-12.35982894897461,-13.103013038635254,-14.375154495239258,-15.565427780151367,-16.14502716064453,-15.612013816833496
-3.60385799407959,-3.9450631141662598,-3.303832769393921,-2.1035826206207275,-1.6896628141403198,-2.121777296066284,-2.1945810317993164,-2.436758518218994,-4.561882972717285,-6.255143642425537,-5.721944332122803,-5.317920684814453,-4.965273380279541,-5.461533546447754,-6.083431720733643,-5.087735652923584,-3.9960901737213135,-4.070717811584473,-4.14307975769043,-4.517735481262207,-5.386329650878906,-5.437615394592285,-6.0131449699401855,-6.221731662750244,-7.8569183349609375,-8.501849174499512,-8.075150489807129,-6.741952419281006,-6.857567310333252,-6.8411054611206055,-6.828647613525391,-7.00684118270874,-6.619538307189941,-6.953956604003906,-7.693483829498291,-7.372721195220947,-7.538769245147705,-8.963232040405273,-10.504629135131836,-11.703134536743164,-12.768648147583008,-13.854106903076172,-15.060687065124512,-15.61180591583252
-3.4063401222229004,-3.402909755706787,-2.4626107215881348,-1.556540608406067,-1.3386136293411255,-1.0273100137710571,-1.7355709075927734,-2.3497955799102783,-3.053562879562378,-4.70512580871582,-4.476420879364014,-4.9409637451171875,-4.793880939483643,-3.9726457595825195,-3.9434823989868164,-4.175724029541016,-3.614581346511841,-3.1886541843414307,-2.8496203422546387,-3.142578601837158,-4.920008182525635,-6.101870536804199,-6.231482982635498,-6.503393650054932,-7.0579118728637695,-8.333394050598145,-8.05334758758545,-6.290219306945801,-6.674084186553955,-6.587385654449463,-6.638727188110352,-6.691865921020508,-6.085513591766357,-7.063607692718506,-8.063020706176758,-7.725638389587402,-7.329593181610107,-7.506897449493408,-8.323497772216797,-9.346381187438965,-10.529740333557129,-11.44385051727295,-12.414703369140625,-14.030252456665039
-2.6507225036621094,-2.516305446624756,-1.390936255455017,-0.39104706048965454,-0.5300443768501282,-1.1269701719284058,-1.583693504333496,-2.1216378211975098,-3.09313702583313,-4.410839080810547,-3.8080921173095703,-4.039486408233643,-3.798435926437378,-3.019510269165039,-1.9406025409698486,-2.2474288940429688,-2.3208725452423096,-2.208268165588379,-2.8617162704467773,-3.5418031215667725,-3.9318790435791016,-5.575645446777344,-4.99039888381958,-5.868156909942627,-5.755819320678711,-7.049752235412598,-7.046361923217773,-5.893061637878418,-5.98918342590332,-5.331902027130127,-6.126501083374023,-6.753812789916992,-6.570658206939697,-7.0812602043151855,-7.518093109130859,-7.479431629180908,-7.4159955978393555,-7.561221599578857,-7.943642616271973,-8.45969009399414,-8.982324600219727,-9.079318046569824,-9.438166618347168,-11.683882713317871
-1.4947012662887573,-1.5051846504211426,-0.6548829674720764,0.28511905670166016,0.42543643712997437,-0.3013152778148651,-0.6376574039459229,-1.2347080707550049,-3.1205499172210693,-4.318088054656982,-3.105586528778076,-3.2161917686462402,-3.2840840816497803,-1.7395650148391724,-0.8310721516609192,-1.455710530281067,-0.9565497636795044,-1.102454423904419,-1.6944196224212646,-2.6814968585968018,-4.896310806274414,-5.865114688873291,-3.979592800140381,-4.157902717590332,-4.739453315734863,-6.000741004943848,-5.601553916931152,-5.060133457183838,-4.8414530754089355,-4.338798522949219,-5.539821147918701,-6.533600330352783,-6.987227439880371,-6.966470241546631,-6.584665775299072,-6.824689865112305,-7.797994136810303,-9.106054306030273,-10.046504974365234,-9.996759414672852,-9.030176162719727,-7.826828956604004,-8.105354309082031,-10.818016052246094
-1.004724144935608,-0.8170443773269653,-0.13633325695991516,0.6330780982971191,0.7655637264251709,0.4566751718521118,0.007337796036154032,-0.5521187782287598,-2.075029134750366,-3.3181912899017334,-2.6593682765960693,-3.1413862705230713,-3.0446105003356934,-1.2266789674758911,-0.43172359466552734,-0.6897445321083069,-0.836165726184845,-0.8023920655250549,-1.3766252994537354,-2.430009603500366,-3.908627510070801,-4.113979339599609,-2.1989424228668213,-1.94423508644104,-3.0415542125701904,-3.924936056137085,-3.666949987411499,-3.8989598751068115,-3.6088080406188965,-3.471031427383423,-4.319343566894531,-5.0297160148620605,-5.843083381652832,-6.175736427307129,-5.840367317199707,-6.296178340911865,-8.016611099243164,-9.607019424438477,-10.188092231750488,-10.072163581848145,-9.249858856201172,-8.251374244689941,-8.76950454711914,-10.236581802368164
-1.2251864671707153,-0.2871913015842438,0.4478130340576172,0.6849246025085449,0.8816420435905457,0.7895119786262512,0.4572928845882416,0.0915873795747757,-0.8694640398025513,-1.770883321762085,-2.1444592475891113,-2.8520662784576416,-2.4370296001434326,-1.1829062700271606,-0.7956866025924683,-0.6381012797355652,-1.3985787630081177,-1.3889416456222534,-1.5860059261322021,-2.0500662326812744,-2.348266839981079,-2.020616292953491,-0.44149187207221985,0.36930492520332336,-0.32799503207206726,-1.2326717376708984,-2.058502435684204,-3.122222661972046,-2.890045642852783,-2.336554765701294,-2.3031935691833496,-2.933284282684326,-4.243419647216797,-5.530601978302002,-5.987436294555664,-6.334973335266113,-7.292409896850586,-8.327077865600586,-8.915682792663574,-8.911253929138184,-8.688366889953613,-8.46773910522461,-8.664554595947266,-9.698357582092285
-0.9942746162414551,0.3033908009529114,0.815159797668457,0.7991737723350525,1.3848788738250732,1.4818601608276367,0.6980981826782227,0.28827211260795593,0.12636227905750275,-0.26193374395370483,-0.8934274911880493,-1.4446426630020142,-1.3084594011306763,-0.5185278654098511,-0.45310574769973755,-1.2398828268051147,-2.2307703495025635,-1.9544721841812134,-1.560886025428772,-1.3646197319030762,-1.823129653930664,-1.514843225479126,0.2355596274137497,1.5592143535614014,1.6060457229614258,0.9252513647079468,-0.4410206377506256,-1.4456113576889038,-1.178118348121643,-0.5471464991569519,-0.2753260135650635,-1.4663240909576416,-2.998586654663086,-4.388311862945557,-5.441183567047119,-6.4991278648376465,-7.353181838989258,-7.496237754821777,-7.447067737579346,-7.546811580657959,-7.942201137542725,-8.287813186645508,-8.988425254821777,-8.74854564666748
-0.404776930809021,0.8889368772506714,1.1312012672424316,1.3764501810073853,2.1129074096679688,2.5274062156677246,1.4746739864349365,0.5629185438156128,0.5137913823127747,0.5325002670288086,0.25425490736961365,0.09977274388074875,-0.12546411156654358,0.186448872089386,0.22559216618537903,-1.1262986660003662,-2.1347780227661133,-1.8717904090881348,-1.1599445343017578,-0.9158497452735901,-1.413667917251587,-0.8253212571144104,0.6694273948669434,1.9147285223007202,2.46164608001709,2.4935243129730225,1.9546455144882202,1.5078002214431763,1.5876712799072266,1.6365381479263306,1.377244234085083,-0.3317471444606781,-2.1362600326538086,-3.189161539077759,-4.072777271270752,-5.613490104675293,-7.032677173614502,-7.313589096069336,-6.38700532913208,-6.1303887367248535,-6.892091274261475,-7.335653305053711,-7.878337383270264,-7.866242408752441
0.8130163550376892,1.5462112426757812,1.649180293083191,1.8813241720199585,2.7951464653015137,3.225151538848877,2.679074764251709,1.82884681224823,1.5568722486495972,1.528581976890564,1.3637372255325317,1.3395600318908691,1.0892537832260132,1.2317895889282227,1.427832841873169,0.18692170083522797,-1.4990906715393066,-1.7846364974975586,-1.0889018774032593,-0.7039099931716919,-0.21522070467472076,1.0660704374313354,2.0437028408050537,2.5798768997192383,2.972686529159546,3.477097511291504,3.488835573196411,2.904445171356201,2.8564538955688477,2.556328058242798,2.218649387359619,1.5631581544876099,-0.09527809917926788,-1.9100171327590942,-2.7545220851898193,-3.838942527770996,-4.937534332275391,-5.797328948974609,-5.749423027038574,-5.58985710144043,-5.821160316467285,-5.995052814483643,-5.953791618347168,-6.633915901184082
2.5144317150115967,2.925239324569702,2.346435070037842,2.453749418258667,3.1445791721343994,3.7290823459625244,3.859442710876465,3.6015849113464355,3.7283928394317627,3.668722152709961,3.28554368019104,3.085850954055786,2.7963786125183105,2.6075501441955566,2.417924642562866,0.9897620677947998,-0.9457464218139648,-1.5350295305252075,-0.7377758622169495,-0.25583505630493164,0.5622931718826294,1.8334496021270752,2.7527527809143066,3.253530979156494,3.7410717010498047,4.2754058837890625,4.162710189819336,3.582932710647583,3.3339180946350098,2.557271718978882,2.3964715003967285,3.1166958808898926,2.320983409881592,0.14159032702445984,-1.2293668985366821,-1.8091517686843872,-2.3635661602020264,-3.4990625381469727,-4.657217979431152,-5.2793965339660645,-5.743267059326172,-6.019237518310547,-5.387992858886719,-5.337841033935547
4.241839408874512,4.36955451965332,3.432605504989624,3.2427608966827393,3.3459203243255615,4.208950519561768,4.589335918426514,4.783926010131836,5.426612377166748,5.794408321380615,5.353499889373779,4.987390518188477,4.820180416107178,4.457894802093506,3.715909957885742,1.8428854942321777,-0.14186106622219086,-0.46018868684768677,0.3921540081501007,0.717608630657196,0.9698526859283447,1.755568265914917,2.631545066833496,3.4761524200439453,4.324918746948242,4.8283491134643555,4.812595844268799,4.713919639587402,4.0109944343566895,3.0352728366851807,2.730616807937622,3.5776045322418213,3.720762014389038,2.3775551319122314,1.0036921501159668,0.4595400094985962,-0.14524875581264496,-1.3216813802719116,-2.8110296726226807,-4.220921039581299,-5.616100788116455,-6.0161004066467285,-5.742215156555176,-5.042819976806641
5.2252302169799805,5.204375267028809,4.571815490722656,4.160818099975586,4.117537498474121,4.61826229095459,5.094939231872559,5.590677261352539,6.238654136657715,6.533140659332275,6.2457756996154785,6.2954607009887695,6.436491012573242,6.178224086761475,5.347397327423096,3.4717297554016113,1.3859668970108032,0.9568215608596802,1.7137857675552368,2.077958106994629,1.916890025138855,2.2769646644592285,2.8177077770233154,3.4545071125030518,4.269433498382568,5.129214763641357,5.878900527954102,6.1164870262146,4.980803966522217,3.8394951820373535,3.308417558670044,3.7736613750457764,4.735789775848389,4.651608943939209,3.428575038909912,2.1417081356048584,1.0190212726593018,-0.05764436349272728,-1.2016679048538208,-2.559196710586548,-4.300054550170898,-5.664804935455322,-5.34932804107666,-4.790343761444092
5.678293704986572,5.833627700805664,5.852826118469238,5.5245585441589355,5.3794050216674805,5.336008071899414,5.610904693603516,6.6422014236450195,7.280151844024658,6.638495922088623,5.921051502227783,6.254631996154785,6.868715286254883,6.937074661254883,6.397151947021484,5.139027118682861,3.359936475753784,2.50870943069458,2.6621317863464355,2.948767900466919,3.0221478939056396,3.325472354888916,3.636151075363159,3.807133913040161,4.39138650894165,5.506260395050049,6.835622787475586,7.329675197601318,6.3939208984375,5.207143306732178,4.2580647468566895,3.979471445083618,5.14094352722168,5.928500652313232,5.008246421813965,3.0562310218811035,1.3509206771850586,0.3993913531303406,-0.275211900472641,-1.2768996953964233,-2.640571355819702,-3.3439269065856934,-3.3569154739379883,-4.294426918029785
6.390206336975098,6.78416633605957,7.07401180267334,6.924327850341797,6.734761714935303,6.658137321472168,6.874698638916016,7.929924488067627,8.621126174926758,7.518374919891357,6.261564254760742,6.201718807220459,6.795790195465088,7.095653057098389,6.903059482574463,6.280717849731445,5.264915466308594,4.375051021575928,3.8016202449798584,3.525397539138794,3.7277486324310303,4.400996685028076,4.751433372497559,4.635854244232178,4.992578506469727,5.905679702758789,7.3881330490112305,8.197351455688477,7.70315408706665,6.464949607849121,5.103609085083008,4.261051654815674,4.84377384185791,5.9123616218566895,5.724936485290527,3.940984010696411,1.8821911811828613,0.8695926666259766,0.45059043169021606,-0.2818291187286377,-0.8989434838294983,-1.144557237625122,-1.6144938468933105,-2.517230749130249
7.3484015464782715,8.04728889465332,8.392879486083984,8.231266975402832,8.058321952819824,8.324686050415039,8.47987174987793,8.787755966186523,9.583089828491211,9.178918838500977,7.832916736602783,7.169960021972656,6.931683540344238,6.8104705810546875,6.770997524261475,6.662540435791016,6.428068161010742,6.0691657066345215,5.395647048950195,4.6239447593688965,4.718976020812988,5.81136417388916,6.587821006774902,6.394951820373535,5.931911468505859,6.622406005859375,8.255785942077637,9.133380889892578,9.303614616394043,8.477828979492188,6.663009166717529,4.619749069213867,3.9416966438293457,5.058639049530029,5.885465145111084,5.257134914398193,3.4326772689819336,1.6630499362945557,0.8634788990020752,0.22387440502643585,-0.24974361062049866,-0.3748137950897217,-0.13452716171741486,-0.13746260106563568
7.695304870605469,8.714434623718262,9.462949752807617,9.623486518859863,9.49614429473877,9.707762718200684,9.827957153320312,9.664511680603027,10.145465850830078,10.488919258117676,9.446065902709961,8.449029922485352,7.6419291496276855,6.847621440887451,6.477062225341797,6.613297462463379,6.815633773803711,6.86568021774292,6.5615410804748535,5.990359306335449,6.056845664978027,6.997337341308594,7.96510648727417,8.351131439208984,7.77567720413208,7.90401029586792,9.322200775146484,10.696616172790527,11.47658634185791,11.161803245544434,9.752988815307617,7.127275466918945,4.671665191650391,4.510590076446533,5.990888595581055,6.557297706604004,5.304376125335693,3.051450252532959,1.5250229835510254,0.7951967120170593,0.35551103949546814,0.5255386829376221,1.1039514541625977,1.2432607412338257
7.166392803192139,8.356305122375488,9.690279960632324,10.53100872039795,10.771580696105957,10.613476753234863,10.52472972869873,10.457082748413086,10.786274909973145,11.006467819213867,10.134925842285156,9.447033882141113,8.87825870513916,7.893671989440918,7.042539596557617,6.811697006225586,7.141784191131592,7.466238975524902,7.383752822875977,7.028711795806885,7.211244106292725,8.137596130371094,9.013662338256836,9.54057788848877,9.072884559631348,8.562361717224121,9.532010078430176,11.67652416229248,13.572500228881836,14.171429634094238,13.000946044921875,10.349546432495117,7.194430828094482,5.391310214996338,6.090072154998779,7.250385761260986,6.601831912994385,4.572775363922119,2.600456476211548,1.6834684610366821,1.2828110456466675,1.3584743738174438,1.434216022491455,1.1665244102478027
