data/wind_data/wind_12_0.json
{"header": {"parameterUnit": "KT", "parameterCategory": 2, "nx": 255, "ny": 198, "lo1": 44.73521041870117, "la1": -3.236724853515625, "lo2": 111.26478576660156, "la2": 43.468475341796875, "dx": 0.26192745566368103, "dy": -0.23708222806453705, "refTime": "2025-02-19 12:00:00", "forecastTime": 0, "parameterNumber": 3, "parameterNumberName": "northward_wind"}, "data":
[rows 57 to 75 of 198, columns 86 to 128 of 255]
-5.95798921585083,-5.888275623321533,-5.88067626953125,-5.810391426086426,-5.7877326011657715,-5.717447757720947,-5.671860218048096,-5.485978603363037,-5.304769992828369,-5.137436866760254,-4.989004135131836,-4.74560022354126,-4.499260425567627,-4.387650012969971,-4.316788673400879,-4.20557165145874,-3.875566005706787,-3.6380088329315186,-3.336996078491211,-3.1353397369384766,-3.0104222297668457,-2.8234004974365234,-2.509476900100708,-2.2629337310791016,-2.0959293842315674,-2.263021945953369,-1.8527004718780518,-2.0474178791046143,-3.5581979751586914,-2.342658281326294,-0.409121036529541,1.181843638420105,0.6835483312606812,-0.0203363299369812,2.037961483001709,1.5264631509780884,-0.48921069502830505,5.074464797973633,3.692826747894287,1.3597904443740845,2.4970831871032715,1.2434840202331543,0.45949211716651917
-5.712904930114746,-5.880032539367676,-5.963981628417969,-6.03327751159668,-6.088189125061035,-6.052146911621094,-5.881639003753662,-5.638558864593506,-5.355202674865723,-5.104572772979736,-4.9051995277404785,-4.7783379554748535,-4.535426616668701,-4.168875694274902,-3.7571237087249756,-3.50209903717041,-3.391523838043213,-3.4742848873138428,-3.4752345085144043,-3.311640739440918,-3.0753448009490967,-2.913969039916992,-2.558964967727661,-2.2417988777160645,-1.9214314222335815,-1.9746472835540771,-1.6762421131134033,-1.343336582183838,-2.315567970275879,-1.3345798254013062,-0.8691491484642029,-0.45680058002471924,-0.0515110120177269,0.8607743978500366,0.9217986464500427,-2.964590549468994,-3.7250325679779053,-1.4374730587005615,0.009873638860881329,1.9641799926757812,4.19573450088501,1.7273199558258057,1.4125573635101318
-6.318745136260986,-6.303503036499023,-6.3133158683776855,-6.418574333190918,-6.482124328613281,-6.438204765319824,-6.2490668296813965,-5.991497039794922,-5.7480058670043945,-5.556521892547607,-5.4205098152160645,-5.264845848083496,-5.086878776550293,-4.757768630981445,-4.305942535400391,-3.9125635623931885,-3.7126665115356445,-3.6288905143737793,-3.711380958557129,-3.760467529296875,-3.698967695236206,-3.4827213287353516,-3.1870176792144775,-2.8092379570007324,-2.3751392364501953,-1.950002908706665,-1.5112767219543457,-1.7920440435409546,-1.637134075164795,-2.225301504135132,0.13932010531425476,0.1705215871334076,0.40240731835365295,1.4346421957015991,-1.154712200164795,-2.2047479152679443,-3.171584129333496,-1.4331971406936646,1.2518707513809204,2.8224070072174072,1.6514768600463867,0.38033920526504517,0.8689132928848267
-7.2935028076171875,-7.124061584472656,-7.080230236053467,-7.041094779968262,-6.975119590759277,-6.878223896026611,-6.73356819152832,-6.5742387771606445,-6.45994758605957,-6.405080795288086,-6.424280643463135,-6.472845554351807,-6.451551914215088,-6.199032306671143,-5.724588871002197,-5.1698384284973145,-4.718812942504883,-4.469440937042236,-4.344491004943848,-4.251848220825195,-4.131592750549316,-3.856018543243408,-3.600731372833252,-3.271395683288574,-2.959916353225708,-2.731888771057129,-2.528618574142456,-2.6681132316589355,-2.6962151527404785,-2.3965680599212646,-0.9412599205970764,0.013765978626906872,-0.3790264129638672,-0.3142595589160919,-2.33035945892334,-1.9183682203292847,-2.1413204669952393,-0.46415165066719055,1.2029591798782349,1.2995556592941284,0.8608828186988831,0.7725309729576111,1.477189064025879
-8.021692276000977,-7.833645820617676,-7.820136547088623,-7.699139595031738,-7.594009876251221,-7.40192985534668,-7.234135150909424,-7.1046061515808105,-7.045685768127441,-7.037098407745361,-7.11768913269043,-7.236996650695801,-7.369670867919922,-7.398462772369385,-7.162607192993164,-6.708571434020996,-6.183742046356201,-5.643581867218018,-5.19082498550415,-4.7717814445495605,-4.341920852661133,-3.9754741191864014,-3.69724440574646,-3.5093677043914795,-3.434661626815796,-3.230851888656616,-3.640421152114868,-3.382938861846924,-3.9415085315704346,-2.5168001651763916,-0.6653428077697754,0.353876531124115,-0.8993021249771118,-0.6969363689422607,-2.0293357372283936,-3.0371828079223633,-2.295745372772217,-1.5423696041107178,-1.0653387308120728,-0.11667029559612274,1.2013194561004639,0.7746752500534058,0.677601158618927
-7.966226577758789,-8.14587688446045,-8.250638008117676,-8.291720390319824,-8.272212982177734,-8.06991195678711,-7.910656929016113,-7.679653644561768,-7.43056058883667,-7.214114665985107,-7.094462871551514,-7.115373611450195,-7.204375743865967,-7.3003716468811035,-7.354220390319824,-7.116458892822266,-6.734168529510498,-6.235158443450928,-5.698266983032227,-5.187878608703613,-4.676637649536133,-4.233038425445557,-3.8957161903381348,-3.6591265201568604,-3.65983510017395,-3.503754138946533,-3.7635579109191895,-3.94320011138916,-4.436574459075928,-3.5374417304992676,-1.6387934684753418,0.5493690967559814,1.6523982286453247,0.4506337642669678,-2.537809133529663,-2.314211368560791,-1.8044394254684448,-2.012014150619507,-2.266462802886963,-1.9970250129699707,-1.187581181526184,-0.3093873858451843,0.1626625657081604
-7.68405818939209,-8.14342212677002,-8.28756046295166,-8.483083724975586,-8.481663703918457,-8.37343692779541,-8.357089042663574,-8.20710563659668,-7.950930595397949,-7.530672550201416,-7.131094932556152,-6.907907485961914,-6.742374420166016,-6.670523643493652,-6.80637788772583,-6.709898948669434,-6.540701389312744,-6.226559162139893,-5.806334972381592,-5.370480537414551,-4.8779706954956055,-4.353816509246826,-3.9165477752685547,-3.6036412715911865,-3.4969680309295654,-3.3603806495666504,-3.3126003742218018,-3.805471420288086,-4.0713934898376465,-3.5512287616729736,-2.969195604324341,-0.9035156965255737,1.2001614570617676,-3.1085758209228516,-3.219425678253174,-2.8037784099578857,-2.556182622909546,-3.24424409866333,-3.7615225315093994,-3.367574691772461,-2.3239805698394775,-1.1968520879745483,0.32327398657798767
-7.934958457946777,-8.103848457336426,-8.156549453735352,-8.257624626159668,-8.105738639831543,-7.942255020141602,-7.998462677001953,-8.024755477905273,-8.103302955627441,-7.9155049324035645,-7.636434078216553,-7.32070779800415,-7.023312091827393,-6.787690162658691,-6.669474124908447,-6.491919040679932,-6.343379497528076,-6.113813400268555,-5.74175500869751,-5.43556547164917,-5.042253494262695,-4.546384334564209,-4.068610191345215,-3.703409433364868,-3.3821070194244385,-3.2152843475341797,-2.686570882797241,-3.4426374435424805,-3.1637072563171387,-2.290560245513916,-1.0560415983200073,-0.1195865347981453,-0.4928547739982605,-3.4142189025878906,-2.984947681427002,-2.7567074298858643,-3.245649576187134,-4.007359981536865,-4.340149879455566,-4.27328634262085,-3.724090337753296,-2.6082980632781982,-1.009398341178894
-8.096750259399414,-8.069624900817871,-8.024979591369629,-7.9658989906311035,-7.775781154632568,-7.486520290374756,-7.372226238250732,-7.391311168670654,-7.628030776977539,-7.79772424697876,-7.936574935913086,-7.872166156768799,-7.7538161277771,-7.576047897338867,-7.331182956695557,-7.051612854003906,-6.777427673339844,-6.497235298156738,-6.055757522583008,-5.729873180389404,-5.393397331237793,-4.8937201499938965,-4.340046405792236,-3.9258625507354736,-3.314204692840576,-3.4107913970947266,-2.3528778553009033,-3.8246731758117676,-2.640427350997925,-0.15530619025230408,1.435396671295166,1.9689669609069824,-1.193259835243225,-0.16082431375980377,-2.4453532695770264,-2.15236234664917,-3.048414707183838,-3.186349391937256,-3.4788994789123535,-3.6233103275299072,-3.2330057621002197,-2.619791030883789,-1.8458796739578247
-7.961499214172363,-7.889141082763672,-7.826089859008789,-7.811870574951172,-7.789103984832764,-7.651553630828857,-7.471297740936279,-7.442197799682617,-7.559004306793213,-7.7111968994140625,-7.924013614654541,-8.110377311706543,-8.248274803161621,-8.320364952087402,-8.276873588562012,-8.16229248046875,-7.948235511779785,-7.670474052429199,-7.151491641998291,-6.623380184173584,-6.129921913146973,-5.519552230834961,-4.771399974822998,-4.008862495422363,-3.431972026824951,-3.2565383911132812,-2.831604480743408,-3.8773934841156006,-2.144782781600952,0.07662656903266907,0.8925618529319763,2.342510938644409,-2.257779359817505,-2.374221086502075,-1.8304738998413086,-2.1746890544891357,-1.5877653360366821,-2.3876264095306396,-2.7815661430358887,-3.6278269290924072,-3.1616523265838623,-2.1791329383850098,-1.216302752494812
-7.965034484863281,-7.818100929260254,-7.733438014984131,-7.817876815795898,-7.9468913078308105,-8.068842887878418,-8.14294719696045,-8.231654167175293,-8.336999893188477,-8.364556312561035,-8.424277305603027,-8.55937671661377,-8.752089500427246,-8.98134708404541,-9.10356616973877,-9.253990173339844,-9.360404968261719,-9.236133575439453,-8.769442558288574,-8.01863956451416,-7.156782627105713,-6.332136154174805,-5.334720134735107,-4.30337381362915,-3.5424773693084717,-2.9714510440826416,-3.178088426589966,-3.1595120429992676,-1.6495695114135742,-0.20423725247383118,-0.2859213054180145,-2.4071784019470215,-2.940796375274658,-3.417074203491211,-1.7037022113800049,-1.6598271131515503,-2.1878249645233154,-2.7838704586029053,-3.131098747253418,-3.5845885276794434,-3.8048994541168213,-3.3731765747070312,-2.2065272331237793
-8.223654747009277,-8.083956718444824,-7.974796295166016,-8.052996635437012,-8.246821403503418,-8.462331771850586,-8.735603332519531,-9.02241039276123,-9.263547897338867,-9.404044151306152,-9.460955619812012,-9.481949806213379,-9.57369327545166,-9.740567207336426,-9.853691101074219,-9.943066596984863,-10.1476469039917,-10.214983940124512,-10.024345397949219,-9.300454139709473,-8.304220199584961,-7.296823024749756,-6.005812644958496,-4.947726249694824,-3.833986520767212,-2.9125123023986816,-3.811382293701172,-2.1320314407348633,0.1800006777048111,0.9893405437469482,1.1771491765975952,-2.6118581295013428,-1.647048830986023,-1.163240671157837,-0.9099218845367432,-1.3833431005477905,-1.8470762968063354,-2.5215840339660645,-3.0494325160980225,-2.863614320755005,-2.7282042503356934,-1.8797862529754639,-0.7327765822410583
-8.421844482421875,-8.419422149658203,-8.4730806350708,-8.5502347946167,-8.667915344238281,-8.917887687683105,-9.220245361328125,-9.563368797302246,-9.868864059448242,-10.101747512817383,-10.191696166992188,-10.186773300170898,-10.2108793258667,-10.303380012512207,-10.323576927185059,-10.148276329040527,-10.044838905334473,-10.042981147766113,-10.048418045043945,-9.506490707397461,-8.856267929077148,-7.987354755401611,-6.666435241699219,-5.837152004241943,-3.733948230743408,-3.9632673263549805,-3.978961229324341,-0.4933864176273346,1.4643018245697021,1.2280479669570923,0.6755054593086243,-2.002126455307007,-2.122326612472534,-2.0062689781188965,-1.5401586294174194,0.10421674698591232,-0.4380406439304352,-1.4405847787857056,-2.218691110610962,-2.229426383972168,-1.9183458089828491,-1.7392033338546753,-1.132924199104309
-8.278833389282227,-8.606674194335938,-8.928516387939453,-9.070852279663086,-9.228476524353027,-9.502768516540527,-9.753355979919434,-10.026924133300781,-10.25165843963623,-10.23644733428955,-10.252168655395508,-10.236821174621582,-10.276472091674805,-10.321477890014648,-10.196560859680176,-10.034710884094238,-9.681525230407715,-9.324251174926758,-9.275928497314453,-8.711660385131836,-8.143478393554688,-7.52446174621582,-6.710381507873535,-5.898094654083252,-4.134904861450195,-4.4502644538879395,-2.8150429725646973,-1.400557518005371,-0.18814070522785187,-0.04976686090230942,-2.645298480987549,-1.9589213132858276,-1.7245835065841675,-1.3202470541000366,-1.7601515054702759,-0.43867403268814087,-0.3369712233543396,-0.5091326832771301,-1.7195886373519897,-0.8640611171722412,-0.6308655738830566,-0.9591795206069946,-0.3871261775493622
-7.911198616027832,-8.53184700012207,-8.951382637023926,-9.300797462463379,-9.646275520324707,-9.944397926330566,-10.229768753051758,-10.424570083618164,-10.536609649658203,-10.265595436096191,-10.207016944885254,-10.080148696899414,-10.018865585327148,-10.054632186889648,-9.904709815979004,-9.899012565612793,-9.575860023498535,-9.004441261291504,-8.841339111328125,-8.080674171447754,-7.052073955535889,-6.227510452270508,-5.645470142364502,-4.724466323852539,-4.516980171203613,-3.5997729301452637,-3.416020154953003,-2.940183162689209,-1.9850627183914185,-0.5012009739875793,-2.8729798793792725,-2.3387644290924072,-2.0683014392852783,-1.738769769668579,-2.4178507328033447,-3.112494945526123,-0.6007503867149353,-0.21599236130714417,-0.9049763679504395,0.014535888098180294,-0.5296157598495483,-0.5374065041542053,0.43592843413352966
-7.862401962280273,-8.3859224319458,-8.76836109161377,-9.547358512878418,-9.847600936889648,-10.477253913879395,-10.763651847839355,-10.898449897766113,-11.010581016540527,-10.841885566711426,-10.727789878845215,-10.509806632995605,-10.231900215148926,-10.227635383605957,-10.163232803344727,-10.095234870910645,-9.852142333984375,-9.294411659240723,-8.941571235656738,-8.241072654724121,-6.866183280944824,-5.458050727844238,-4.6381330490112305,-3.1777894496917725,-4.152750492095947,-2.806955575942993,-1.900024175643921,-1.1361043453216553,-1.5724095106124878,-2.2166736125946045,-2.481088638305664,-3.525670289993286,-2.8039515018463135,-1.8795371055603027,-0.906887948513031,-1.9864814281463623,-1.0471662282943726,-0.8411086201667786,-1.2352933883666992,-1.6762478351593018,-1.9554681777954102,-1.7555721998214722,-0.10342976450920105
-8.574660301208496,-8.931838035583496,-9.365633964538574,-10.276548385620117,-10.537748336791992,-11.416016578674316,-11.533806800842285,-11.656327247619629,-11.891654014587402,-11.813697814941406,-11.787447929382324,-11.694443702697754,-11.468099594116211,-11.314323425292969,-11.153096199035645,-11.009716987609863,-10.782811164855957,-9.985613822937012,-9.672012329101562,-9.15746784210205,-7.653918266296387,-6.010205268859863,-4.302287578582764,-3.0343987941741943,-3.3696532249450684,-2.9553170204162598,-2.029078960418701,-0.9275248646736145,-0.03944053873419762,-1.8389791250228882,-3.3553924560546875,-3.136173963546753,-3.2058191299438477,-2.8660600185394287,-1.6016602516174316,-2.13507080078125,-2.9924838542938232,-1.1303813457489014,-0.6717503070831299,-1.848732590675354,-1.6515791416168213,-1.6659799814224243,-0.37162673473358154
-9.502171516418457,-9.91681957244873,-10.623529434204102,-11.419346809387207,-11.70203685760498,-12.464715957641602,-12.553764343261719,-12.616488456726074,-12.936911582946777,-12.892587661743164,-13.09351634979248,-13.168595314025879,-13.178509712219238,-13.049086570739746,-12.793670654296875,-12.565042495727539,-12.364768981933594,-11.463915824890137,-11.16928482055664,-10.539497375488281,-8.960775375366211,-7.456450939178467,-4.544052600860596,-4.729412078857422,-2.479191303253174,-1.3163824081420898,-0.9270746111869812,0.4777577817440033,0.28319668769836426,-2.46582293510437,-2.728178024291992,-2.617415189743042,-2.730135202407837,-2.7831976413726807,-3.0668678283691406,-2.3726823329925537,-2.0696566104888916,-1.7710869312286377,-1.8642354011535645,-1.557847023010254,-1.9145028591156006,-1.8927873373031616,-1.648455262184143
-10.041261672973633,-10.511899948120117,-11.263914108276367,-11.919510841369629,-12.416624069213867,-13.2174654006958,-13.532745361328125,-13.630400657653809,-13.814491271972656,-13.927948951721191,-14.17965030670166,-14.404163360595703,-14.542407989501953,-14.552515983581543,-14.368489265441895,-14.15943431854248,-14.088724136352539,-13.54891586303711,-13.023435592651367,-12.242427825927734,-10.916694641113281,-8.966181755065918,-6.644617557525635,-5.920334339141846,-3.0903587341308594,-0.3211502730846405,0.8420695662498474,-0.41541677713394165,-2.361323118209839,-3.1243581771850586,-1.9255189895629883,-2.3552751541137695,-2.388458728790283,-2.6687381267547607,-2.1315724849700928,-1.8621786832809448,-2.527111768722534,-3.3547496795654297,-1.9210255146026611,-1.4011240005493164,-1.4193856716156006,-1.0409737825393677,0.3175700604915619
