data/wind_data/wind_30_3.json
{"header": {"parameterUnit": "KT", "parameterCategory": 2, "nx": 256, "ny": 198, "lo1": 44.73521041870117, "la1": -3.236724853515625, "lo2": 111.26478576660156, "la2": 43.468475341796875, "dx": 0.2609002888202667, "dy": -0.23708222806453705, "refTime": "2025-02-20 06:00:00", "forecastTime": 0, "parameterNumber": 2, "parameterNumberName": "eastward_wind"}, "data":
[rows 38 to 56 of 198, columns 176 to 219 of 256]
-2.3502373695373535,-3.1665642261505127,-4.277334690093994,-4.554531097412109,-4.543698787689209,-5.98155403137207,-8.931729316711426,-7.623665809631348,-7.918546676635742,-7.602200984954834,-7.672031879425049,-7.3966755867004395,-7.96386194229126,-8.11346435546875,-6.994067192077637,-5.9623637199401855,-6.265012264251709,-8.049651145935059,-12.126016616821289,-12.470922470092773,-9.691852569580078,-11.74643611907959,-11.087512016296387,-10.934586524963379,-8.982121467590332,-8.00893783569336,-7.856531143188477,-9.076593399047852,-10.992231369018555,-12.63687515258789,-12.85363483428955,-12.265127182006836,-11.71910572052002,-10.932242393493652,-10.039306640625,-8.829972267150879,-6.917691707611084,-6.7199578285217285,-9.266576766967773,-11.617024421691895,-13.546865463256836,-15.40090274810791,-16.051395416259766,-16.248470306396484
-4.87833833694458,-4.861487865447998,-4.943291664123535,-5.937412738800049,-6.734905242919922,-6.95290470123291,-7.797759532928467,-8.110702514648438,-7.665807247161865,-7.763853073120117,-7.871089935302734,-7.740675449371338,-8.314142227172852,-8.34412956237793,-7.696020603179932,-6.804372310638428,-5.479704856872559,-4.972754955291748,-6.3185224533081055,-7.20088005065918,-7.518824100494385,-8.664999008178711,-8.761310577392578,-9.234743118286133,-10.483386993408203,-10.278227806091309,-10.534541130065918,-12.097773551940918,-13.814680099487305,-13.980098724365234,-13.334723472595215,-12.466498374938965,-11.401050567626953,-9.994622230529785,-8.978180885314941,-7.946653842926025,-8.53728199005127,-11.171493530273438,-12.631770133972168,-14.362730979919434,-16.112464904785156,-16.757959365844727,-16.696352005004883,-16.966262817382812
-7.440951347351074,-7.2425618171691895,-6.555395603179932,-6.979454040527344,-7.696134090423584,-8.4697847366333,-9.225512504577637,-8.959674835205078,-8.812606811523438,-9.021402359008789,-9.200080871582031,-8.641318321228027,-8.262857437133789,-8.594850540161133,-9.562374114990234,-9.339301109313965,-7.193729400634766,-7.905128002166748,-8.139169692993164,-8.921987533569336,-9.086682319641113,-8.933599472045898,-9.714387893676758,-10.946495056152344,-11.816963195800781,-11.834914207458496,-12.389448165893555,-13.997864723205566,-14.615267753601074,-14.155301094055176,-13.292551040649414,-11.8048734664917,-10.880352973937988,-10.932909965515137,-10.25355052947998,-9.901479721069336,-12.603590965270996,-14.689974784851074,-15.438749313354492,-16.016849517822266,-16.635595321655273,-17.486658096313477,-17.725709915161133,-17.49945831298828
-7.52512264251709,-7.943538665771484,-7.912991046905518,-8.380696296691895,-9.393292427062988,-9.745957374572754,-9.825373649597168,-9.927302360534668,-10.062178611755371,-9.969006538391113,-9.712523460388184,-9.137996673583984,-9.447649002075195,-10.397221565246582,-10.699080467224121,-10.789250373840332,-9.91033935546875,-11.511326789855957,-12.63543701171875,-13.313183784484863,-11.778060913085938,-11.485207557678223,-12.876093864440918,-13.40331745147705,-13.219123840332031,-13.513644218444824,-14.151742935180664,-14.654799461364746,-14.390331268310547,-13.793509483337402,-12.478180885314941,-11.293821334838867,-11.618409156799316,-12.354435920715332,-12.425691604614258,-13.844958305358887,-16.058961868286133,-17.35223388671875,-17.411001205444336,-17.458547592163086,-17.697755813598633,-18.075536727905273,-18.31673812866211,-18.028743743896484
-8.084075927734375,-8.499364852905273,-8.815536499023438,-9.361248970031738,-10.256780624389648,-10.794791221618652,-10.949187278747559,-10.973363876342773,-10.485416412353516,-10.294427871704102,-10.156579971313477,-9.783530235290527,-10.731393814086914,-12.419050216674805,-11.764382362365723,-11.846948623657227,-10.943231582641602,-11.02280044555664,-13.406968116760254,-15.316726684570312,-14.696964263916016,-14.789813041687012,-15.84965705871582,-16.10315704345703,-16.146535873413086,-15.715868949890137,-14.572750091552734,-13.715681076049805,-13.478158950805664,-13.23013687133789,-12.940956115722656,-13.300375938415527,-13.792076110839844,-13.277769088745117,-14.24641227722168,-15.930550575256348,-17.113006591796875,-17.738849639892578,-18.292343139648438,-18.669252395629883,-18.872344970703125,-18.7584171295166,-18.91440200805664,-18.696224212646484
-9.04965877532959,-10.119980812072754,-10.570075035095215,-10.608748435974121,-11.12017822265625,-12.140305519104004,-12.541359901428223,-12.008153915405273,-11.03311824798584,-10.400623321533203,-10.604701042175293,-11.028125762939453,-11.603350639343262,-11.93554401397705,-12.373106956481934,-12.398591995239258,-12.197954177856445,-12.660836219787598,-14.402856826782227,-16.255041122436523,-16.57632064819336,-16.836580276489258,-17.801542282104492,-18.273937225341797,-17.587230682373047,-15.806174278259277,-13.940882682800293,-12.7991943359375,-12.314881324768066,-12.603497505187988,-14.000035285949707,-15.864745140075684,-15.050609588623047,-14.250398635864258,-15.096357345581055,-16.537128448486328,-17.036293029785156,-17.38909339904785,-17.94968605041504,-18.72127914428711,-19.403209686279297,-19.867084503173828,-19.680706024169922,-19.275056838989258
-9.689172744750977,-10.718944549560547,-11.177823066711426,-11.320981979370117,-11.62954330444336,-12.715092658996582,-13.712900161743164,-13.535701751708984,-12.406213760375977,-11.691840171813965,-11.625219345092773,-11.345137596130371,-11.708490371704102,-11.823755264282227,-13.953125,-13.968099594116211,-14.772953033447266,-14.315568923950195,-15.402294158935547,-16.90135383605957,-17.722322463989258,-18.380573272705078,-19.07267189025879,-18.77232551574707,-17.42860221862793,-15.750048637390137,-13.879598617553711,-12.32251262664795,-12.003421783447266,-13.469578742980957,-15.303498268127441,-16.740915298461914,-15.536304473876953,-14.459770202636719,-15.180158615112305,-16.703857421875,-16.11345863342285,-15.632428169250488,-16.433015823364258,-17.593793869018555,-18.91431427001953,-19.647050857543945,-19.474445343017578,-19.077783584594727
-10.221085548400879,-11.524746894836426,-12.460224151611328,-12.759068489074707,-12.508809089660645,-13.071816444396973,-13.952536582946777,-14.169836044311523,-13.902901649475098,-13.710540771484375,-13.75998592376709,-14.017173767089844,-13.679292678833008,-13.702668190002441,-14.938121795654297,-16.009647369384766,-16.18834114074707,-15.614814758300781,-15.9923095703125,-17.267356872558594,-18.449159622192383,-19.132490158081055,-19.213972091674805,-18.52141571044922,-17.474781036376953,-16.146026611328125,-14.295675277709961,-12.898297309875488,-13.761199951171875,-17.302061080932617,-18.976123809814453,-18.727420806884766,-17.2458553314209,-15.466387748718262,-15.432649612426758,-16.78010368347168,-16.111562728881836,-14.748311996459961,-15.618021965026855,-15.898761749267578,-17.137182235717773,-17.8564453125,-18.123218536376953,-18.406614303588867
-11.074234962463379,-12.795307159423828,-13.985748291015625,-14.326695442199707,-14.017133712768555,-14.193825721740723,-14.159528732299805,-14.045196533203125,-14.577549934387207,-15.949878692626953,-16.93749237060547,-17.237382888793945,-15.922006607055664,-15.77685832977295,-16.405826568603516,-16.998964309692383,-16.877525329589844,-16.430912017822266,-16.410154342651367,-17.55837059020996,-18.64269256591797,-19.024364471435547,-18.876432418823242,-18.34442710876465,-17.38138198852539,-15.94336223602295,-14.602330207824707,-14.061532974243164,-13.693886756896973,-13.07994556427002,-14.461176872253418,-18.734619140625,-18.877792358398438,-17.062131881713867,-17.97323226928711,-19.44376564025879,-18.332286834716797,-14.395556449890137,-16.11160659790039,-14.850057601928711,-15.718475341796875,-16.6285343170166,-17.2978572845459,-17.942575454711914
-11.970637321472168,-13.3558988571167,-14.678997993469238,-15.314589500427246,-15.679495811462402,-15.818410873413086,-15.110503196716309,-14.040555000305176,-14.061960220336914,-16.04273223876953,-18.594343185424805,-20.893775939941406,-17.077430725097656,-17.114683151245117,-17.170461654663086,-17.60904312133789,-17.37200927734375,-16.595571517944336,-16.32474136352539,-17.230087280273438,-18.30494499206543,-18.586793899536133,-18.45503044128418,-18.088802337646484,-17.504762649536133,-16.287267684936523,-14.229904174804688,-13.046566009521484,-16.074607849121094,-18.440567016601562,-16.167011260986328,-19.293071746826172,-16.103090286254883,-17.676231384277344,-20.117074966430664,-19.239652633666992,-17.919309616088867,-16.32247543334961,-15.32469367980957,-15.088512420654297,-15.627885818481445,-16.673484802246094,-17.36073875427246,-17.700660705566406
-12.619844436645508,-13.745721817016602,-14.900033950805664,-15.598895072937012,-16.549489974975586,-16.545631408691406,-15.849994659423828,-14.675373077392578,-13.42294979095459,-14.667571067810059,-17.493925094604492,-18.32523536682129,-17.699369430541992,-17.472753524780273,-17.327190399169922,-17.938552856445312,-17.430095672607422,-16.792821884155273,-16.3947811126709,-17.056358337402344,-18.028409957885742,-18.296091079711914,-18.04891586303711,-17.788129806518555,-17.643455505371094,-17.09404945373535,-15.658735275268555,-14.587766647338867,-16.510847091674805,-17.612836837768555,-16.055273056030273,-19.745813369750977,-13.78890323638916,-9.351224899291992,-18.4397029876709,-19.425487518310547,-18.961971282958984,-17.259138107299805,-15.737020492553711,-15.562734603881836,-15.748706817626953,-16.324626922607422,-17.21031951904297,-17.764747619628906
-12.626503944396973,-14.484987258911133,-15.478870391845703,-16.131988525390625,-16.348363876342773,-16.515714645385742,-16.186689376831055,-15.157224655151367,-13.735969543457031,-14.2874174118042,-15.472966194152832,-17.04718780517578,-17.99116325378418,-17.073598861694336,-17.574186325073242,-18.004125595092773,-17.51148796081543,-17.355571746826172,-17.22170066833496,-17.43888282775879,-17.913440704345703,-17.92799949645996,-17.67133903503418,-17.5362548828125,-17.654008865356445,-17.580936431884766,-16.622682571411133,-15.030072212219238,-14.272066116333008,-13.950735092163086,-13.922606468200684,-14.89351749420166,-14.74648666381836,-14.603827476501465,-17.032392501831055,-17.89560890197754,-17.70716667175293,-17.52385902404785,-16.464580535888672,-16.10106658935547,-15.573662757873535,-15.661913871765137,-16.523637771606445,-17.352243423461914
-12.28230094909668,-14.143756866455078,-15.692514419555664,-15.924982070922852,-16.4119873046875,-16.392419815063477,-16.383543014526367,-15.995683670043945,-15.180754661560059,-14.489055633544922,-14.853838920593262,-16.521682739257812,-16.669668197631836,-17.535511016845703,-17.24631118774414,-17.834075927734375,-17.116046905517578,-17.406051635742188,-17.81455421447754,-17.926759719848633,-17.966861724853516,-17.912155151367188,-17.676027297973633,-17.2524471282959,-17.0772647857666,-17.027101516723633,-16.368812561035156,-15.010964393615723,-14.17616081237793,-14.157381057739258,-13.98338794708252,-14.426746368408203,-15.326147079467773,-16.458126068115234,-18.108060836791992,-18.869844436645508,-18.523094177246094,-17.281328201293945,-16.98555564880371,-17.140789031982422,-17.211435317993164,-16.47812843322754,-16.215576171875,-16.515819549560547
-12.365691184997559,-13.125044822692871,-15.900040626525879,-15.553872108459473,-17.334667205810547,-16.122385025024414,-16.17275047302246,-15.81225872039795,-16.2469425201416,-15.797842025756836,-15.68953800201416,-15.24339771270752,-15.56185245513916,-16.546350479125977,-17.22298812866211,-17.73211097717285,-17.302095413208008,-17.553115844726562,-18.177268981933594,-18.363418579101562,-18.226621627807617,-17.935876846313477,-17.512487411499023,-16.962390899658203,-16.586444854736328,-16.3997745513916,-16.08040428161621,-15.389376640319824,-14.745382308959961,-14.591425895690918,-14.230460166931152,-14.161340713500977,-15.318781852722168,-16.170263290405273,-17.45326805114746,-17.44697380065918,-14.334318161010742,-15.301959991455078,-18.436941146850586,-18.92832374572754,-19.279924392700195,-18.892833709716797,-17.738571166992188,-16.227453231811523
-12.449342727661133,-14.084061622619629,-15.3265380859375,-15.624984741210938,-16.56414222717285,-16.3051700592041,-16.61208152770996,-16.44420051574707,-16.683500289916992,-16.383543014526367,-16.22269058227539,-15.698502540588379,-15.033501625061035,-15.55892276763916,-16.71846580505371,-17.736812591552734,-18.253713607788086,-18.31870460510254,-18.68052101135254,-18.750165939331055,-18.32015609741211,-17.674072265625,-17.14980125427246,-16.65922737121582,-16.14385986328125,-15.504850387573242,-14.87879467010498,-14.368935585021973,-13.812825202941895,-13.30130672454834,-13.194576263427734,-13.690601348876953,-14.464435577392578,-15.075495719909668,-18.09981346130371,-15.845827102661133,-7.093678951263428,-13.01313304901123,-19.277746200561523,-20.53451156616211,-20.254404067993164,-20.0669002532959,-18.787294387817383,-17.07157325744629
-12.546995162963867,-13.981671333312988,-15.267596244812012,-15.57498836517334,-15.821922302246094,-16.25868034362793,-16.526622772216797,-17.06774139404297,-16.86850357055664,-16.76799201965332,-16.306529998779297,-16.367919921875,-16.067472457885742,-15.888779640197754,-16.39889144897461,-17.70570182800293,-18.7995662689209,-19.004276275634766,-18.821819305419922,-18.563106536865234,-17.976573944091797,-17.24762535095215,-16.687519073486328,-16.326223373413086,-15.808187484741211,-15.080342292785645,-14.408514976501465,-13.9798002243042,-13.5073881149292,-13.393349647521973,-13.787964820861816,-12.666346549987793,-12.718179702758789,-13.663597106933594,-16.295635223388672,-15.4425687789917,-13.304254531860352,-16.10181999206543,-20.45096206665039,-19.799379348754883,-18.90019989013672,-17.827686309814453,-17.28767204284668,-17.058713912963867
-11.998208045959473,-13.136687278747559,-14.591588020324707,-15.22959041595459,-16.186960220336914,-15.8728609085083,-16.434764862060547,-16.873600006103516,-17.12412452697754,-17.100812911987305,-17.02756690979004,-17.48031997680664,-18.180744171142578,-18.350160598754883,-18.116960525512695,-18.317407608032227,-18.737951278686523,-18.76043701171875,-18.372848510742188,-18.045705795288086,-17.708877563476562,-17.252241134643555,-16.68093490600586,-15.978432655334473,-15.359935760498047,-15.085904121398926,-15.071287155151367,-14.96849536895752,-14.341979026794434,-14.174009323120117,-15.562788009643555,-14.262368202209473,-13.18319034576416,-14.571259498596191,-16.57317352294922,-17.47763442993164,-18.492643356323242,-20.593128204345703,-18.615646362304688,-16.75377655029297,-15.54962158203125,-15.119406700134277,-14.6854248046875,-15.208564758300781
-12.172242164611816,-12.952557563781738,-13.889938354492188,-14.896363258361816,-15.672386169433594,-15.911410331726074,-16.11478614807129,-16.789762496948242,-17.302949905395508,-17.34076690673828,-17.746625900268555,-18.208066940307617,-18.785348892211914,-18.971155166625977,-18.55517578125,-18.129030227661133,-17.816389083862305,-17.62847900390625,-17.528656005859375,-17.588970184326172,-17.553144454956055,-17.142303466796875,-16.236618041992188,-15.252410888671875,-14.737212181091309,-14.934225082397461,-15.299574851989746,-15.560336112976074,-15.45523452758789,-15.514911651611328,-16.211050033569336,-15.90677261352539,-13.734193801879883,-15.291753768920898,-17.60357093811035,-16.947834014892578,-16.333290100097656,-16.0622501373291,-13.995193481445312,-12.0079984664917,-11.67406940460205,-12.891517639160156,-12.63123893737793,-13.618606567382812
-12.145459175109863,-12.981832504272461,-13.787888526916504,-14.664995193481445,-15.068243026733398,-15.353140830993652,-15.743574142456055,-16.334753036499023,-17.36943817138672,-17.841819763183594,-17.906034469604492,-18.389907836914062,-18.487876892089844,-18.40276527404785,-18.148700714111328,-17.594886779785156,-17.033733367919922,-16.73103904724121,-16.714492797851562,-16.7498779296875,-16.619253158569336,-16.378826141357422,-15.87047290802002,-15.162010192871094,-14.826332092285156,-14.705711364746094,-14.931754112243652,-15.381104469299316,-15.597658157348633,-15.671941757202148,-15.955052375793457,-16.47378158569336,-14.617264747619629,-15.624330520629883,-16.634977340698242,-15.23436164855957,-14.086233139038086,-14.92011833190918,-14.569921493530273,-14.407781600952148,-14.544671058654785,-14.990711212158203,-15.88985824584961,-16.27086067199707
