data/wind_data/wind_37_8.json
{"header": {"parameterUnit": "KT", "parameterCategory": 2, "nx": 256, "ny": 198, "lo1": 44.73521041870117, "la1": -3.236724853515625, "lo2": 111.26478576660156, "la2": 43.468475341796875, "dx": 0.2609002888202667, "dy": -0.23708222806453705, "refTime": "2025-02-20 13:00:00", "forecastTime": 0, "parameterNumber": 2, "parameterNumberName": "eastward_wind"}, "data":
[rows 0 to 18 of 198, columns 176 to 219 of 256]
-1.0630933046340942,-2.934251070022583,-5.086108684539795,-7.230443954467773,-8.555603981018066,-9.31136703491211,-9.246745109558105,-9.36783504486084,-10.766057014465332,-11.192620277404785,-9.404831886291504,-8.161046028137207,-8.073166847229004,-8.817818641662598,-10.480804443359375,-10.87389850616455,-10.004460334777832,-9.809334754943848,-10.01928424835205,-9.004948616027832,-7.446962356567383,-7.5043840408325195,-8.431884765625,-9.419095039367676,-10.38257122039795,-10.89026927947998,-11.072810173034668,-10.620518684387207,-10.711857795715332,-12.578219413757324,-13.752278327941895,-12.946974754333496,-12.886348724365234,-14.30062198638916,-15.467527389526367,-16.210729598999023,-16.64104461669922,-16.82097816467285,-18.613197326660156,-21.579639434814453,-23.14763641357422,-23.6945858001709,-23.125869750976562,-22.38637351989746
3.313973903656006,0.07694111764431,-4.336734771728516,-7.754316806793213,-8.229114532470703,-8.227313041687012,-8.563247680664062,-8.961397171020508,-10.323348045349121,-10.585865020751953,-8.846807479858398,-7.665676593780518,-7.045531272888184,-6.8395094871521,-8.18750286102295,-8.901840209960938,-8.04224967956543,-7.97265625,-8.74380111694336,-8.729459762573242,-7.643134593963623,-6.294993877410889,-6.1237030029296875,-7.447535514831543,-8.827232360839844,-9.858195304870605,-10.694408416748047,-10.612462043762207,-10.315167427062988,-11.526078224182129,-12.733798027038574,-11.722311973571777,-10.854702949523926,-11.46686840057373,-11.88202953338623,-12.653197288513184,-13.988863945007324,-14.435710906982422,-15.667202949523926,-18.770631790161133,-20.974105834960938,-21.661405563354492,-21.228717803955078,-19.88572120666504
3.105571985244751,0.9529538750648499,-2.130573034286499,-5.092180252075195,-5.985097408294678,-5.891021251678467,-6.45483922958374,-7.280545234680176,-8.077014923095703,-8.136959075927734,-6.910091876983643,-5.6276164054870605,-4.689986228942871,-4.588329315185547,-6.186734676361084,-7.194281101226807,-6.464686870574951,-6.239636421203613,-6.850098609924316,-7.217203617095947,-6.9011430740356445,-5.994266510009766,-5.909999370574951,-7.274517059326172,-8.697287559509277,-9.254048347473145,-9.5608549118042,-9.943649291992188,-10.20444107055664,-10.801496505737305,-11.753222465515137,-12.271920204162598,-12.191539764404297,-11.945503234863281,-12.03686237335205,-12.703993797302246,-13.221735000610352,-12.820730209350586,-13.03935718536377,-15.151610374450684,-17.080286026000977,-17.57075309753418,-16.975555419921875,-15.659743309020996
2.4891133308410645,1.245596170425415,-0.48469462990760803,-2.4092915058135986,-3.237333059310913,-3.2595462799072266,-3.9873485565185547,-4.751022815704346,-5.153456211090088,-5.864640235900879,-5.6197123527526855,-4.005399703979492,-2.7168636322021484,-2.9492621421813965,-4.793969631195068,-6.300925254821777,-6.1212358474731445,-5.879523754119873,-6.371164321899414,-6.689427375793457,-6.53850793838501,-6.371397972106934,-7.00078010559082,-8.443216323852539,-9.371646881103516,-9.168606758117676,-9.016265869140625,-9.660606384277344,-10.259986877441406,-10.732463836669922,-11.84444522857666,-13.319725036621094,-13.656294822692871,-12.7886323928833,-11.992101669311523,-11.241006851196289,-10.536126136779785,-10.6898775100708,-11.656065940856934,-13.056944847106934,-14.0785493850708,-13.294272422790527,-11.377840042114258,-9.964797019958496
1.8907307386398315,1.7350252866744995,1.1919479370117188,-0.5849526524543762,-2.4465508460998535,-3.1505770683288574,-2.8079190254211426,-3.1852593421936035,-3.7471089363098145,-5.351015567779541,-6.277200698852539,-4.309242248535156,-2.4833078384399414,-2.7401936054229736,-4.019369125366211,-5.224849224090576,-6.302404403686523,-6.862111568450928,-7.310637950897217,-7.529847145080566,-7.272925853729248,-8.176220893859863,-10.208377838134766,-11.265984535217285,-10.830873489379883,-10.150498390197754,-8.376522064208984,-7.924460411071777,-10.644636154174805,-13.195915222167969,-14.637231826782227,-15.516557693481445,-15.322137832641602,-13.639297485351562,-11.054020881652832,-7.825893402099609,-4.6662468910217285,-4.379235744476318,-7.866886138916016,-11.9711332321167,-13.670106887817383,-11.48398208618164,-8.798757553100586,-6.108098983764648
0.8467555046081543,2.229846715927124,2.6056385040283203,0.6607964634895325,-2.4526476860046387,-4.013893127441406,-3.044621706008911,-2.2420153617858887,-2.4835195541381836,-4.6065568923950195,-6.261560916900635,-4.365875244140625,-2.0899667739868164,-2.4777421951293945,-4.012449264526367,-5.205976963043213,-6.573688983917236,-7.0525970458984375,-7.170760631561279,-7.818235397338867,-8.627328872680664,-9.746926307678223,-10.900304794311523,-11.541441917419434,-12.216915130615234,-11.649931907653809,-8.89034652709961,-8.031210899353027,-12.626163482666016,-16.424774169921875,-16.84221649169922,-16.993152618408203,-16.174219131469727,-13.870420455932617,-11.512569427490234,-8.746630668640137,-4.305156707763672,-1.288489580154419,-2.0980873107910156,-2.605576515197754,-3.613025188446045,-6.047418117523193,-12.593317985534668,-13.171407699584961
-0.38232138752937317,0.8882655501365662,1.3709025382995605,0.306689977645874,-2.719996690750122,-4.809469699859619,-4.233498573303223,-2.2524006366729736,-2.011242389678955,-4.055811882019043,-5.270456314086914,-3.585437536239624,-1.9071075916290283,-2.475990056991577,-3.844243288040161,-4.841981410980225,-5.917699813842773,-6.336137771606445,-7.093971252441406,-8.951972007751465,-10.173029899597168,-9.832114219665527,-9.351173400878906,-10.869029998779297,-12.865684509277344,-12.255873680114746,-9.700371742248535,-8.417521476745605,-11.914566993713379,-14.670087814331055,-13.553918838500977,-13.280600547790527,-13.172292709350586,-11.529385566711426,-9.577824592590332,-7.040481090545654,-3.164715528488159,-0.5677642226219177,-0.2949579358100891,2.335766315460205,5.716375350952148,-0.6935082077980042,-10.949501991271973,-11.810638427734375
-2.19256854057312,-1.8004422187805176,-1.819997787475586,-2.6079325675964355,-3.659414529800415,-4.2388386726379395,-4.0654778480529785,-2.7433197498321533,-2.9348952770233154,-4.042659282684326,-4.240914821624756,-3.0522403717041016,-1.9463000297546387,-1.5389569997787476,-2.1878135204315186,-3.611052989959717,-4.458864688873291,-5.546718597412109,-7.406196117401123,-9.28066349029541,-9.310431480407715,-7.816282749176025,-7.691057205200195,-10.449301719665527,-11.784412384033203,-10.342133522033691,-8.122335433959961,-7.618270397186279,-9.833070755004883,-11.191330909729004,-10.772120475769043,-10.471113204956055,-9.28943920135498,-8.074352264404297,-7.888431072235107,-7.7873616218566895,-5.512856483459473,-1.2181005477905273,2.610250949859619,5.910244464874268,5.957175254821777,-4.577323913574219,-11.994194984436035,-11.352192878723145
-3.0422017574310303,-3.4378864765167236,-3.9802329540252686,-4.6720805168151855,-4.428005218505859,-3.0480217933654785,-2.112248420715332,-2.163398027420044,-3.3876101970672607,-3.7575817108154297,-3.3831448554992676,-3.020127773284912,-2.300097703933716,-0.523212730884552,0.1952349692583084,-1.5675792694091797,-3.137019634246826,-4.759249210357666,-6.68684196472168,-7.391997337341309,-6.301584720611572,-5.130151271820068,-6.631243705749512,-9.536605834960938,-9.93785572052002,-7.567322731018066,-5.2992844581604,-6.0731892585754395,-7.401606559753418,-7.440937519073486,-9.113530158996582,-9.490533828735352,-8.05318546295166,-7.4657440185546875,-8.203045845031738,-9.305375099182129,-7.605485439300537,-0.9990689158439636,4.880847454071045,3.630253314971924,1.0020368099212646,-6.288899898529053,-9.57199478149414,-8.340641975402832
-2.549682378768921,-3.3912696838378906,-3.511601686477661,-3.115025043487549,-3.300947427749634,-2.835519552230835,-0.811556875705719,-0.5687344074249268,-2.4906513690948486,-2.9492108821868896,-2.467118740081787,-3.038297176361084,-3.3667991161346436,-2.0088937282562256,0.4311264455318451,-0.0691339373588562,-1.948495864868164,-3.248969316482544,-4.045385360717773,-4.049139022827148,-3.191798686981201,-2.994204521179199,-5.554091930389404,-8.027006149291992,-8.504597663879395,-6.320446014404297,-3.8602585792541504,-3.65622878074646,-3.576685905456543,-4.673580169677734,-7.559708118438721,-8.216808319091797,-8.356863021850586,-9.839421272277832,-10.314384460449219,-8.611297607421875,-5.029921531677246,0.14050504565238953,2.8953700065612793,2.980273485183716,-1.1779330968856812,-6.398196697235107,-7.954429626464844,-7.838044166564941
0.6398614645004272,-0.9215404391288757,-1.7687010765075684,-0.7593905329704285,0.11867054551839828,-1.093938946723938,-1.4926203489303589,-1.3986691236495972,-1.8367729187011719,-2.2827088832855225,-2.401277542114258,-3.1117780208587646,-3.250114917755127,-1.7262052297592163,-0.1814565360546112,-0.9430140256881714,-1.9141581058502197,-2.0098023414611816,-1.8876529932022095,-1.4837992191314697,-0.6261165738105774,-1.333237886428833,-4.685779571533203,-7.331482887268066,-8.13308334350586,-5.993610858917236,-2.4861972332000732,-0.27803367376327515,-0.4339982569217682,-3.7190937995910645,-6.213839054107666,-6.812082767486572,-7.792050838470459,-9.862872123718262,-10.396204948425293,-7.318666458129883,-1.3009291887283325,3.4778013229370117,4.789899826049805,2.428569793701172,-4.691864013671875,-7.739659309387207,-7.1692891120910645,-7.923605918884277
3.199775218963623,2.7672135829925537,1.2724862098693848,0.01338950078934431,1.1985057592391968,1.0210468769073486,-1.3357367515563965,-2.1308164596557617,-1.4666780233383179,-2.075423240661621,-3.6810433864593506,-4.39255952835083,-2.9091992378234863,-1.195864200592041,-1.3748555183410645,-2.261453151702881,-2.1862635612487793,-1.5045844316482544,-1.064200520515442,0.0393342599272728,1.530863881111145,-0.48741257190704346,-4.499873638153076,-7.18795919418335,-6.862485885620117,-3.5760293006896973,0.24377991259098053,1.995771884918213,0.32123667001724243,-3.1425552368164062,-5.258169651031494,-5.947256088256836,-6.519183158874512,-7.87646484375,-8.437830924987793,-5.3884196281433105,0.8217708468437195,6.101986408233643,6.618325233459473,-0.6376264691352844,-7.125158309936523,-8.843914031982422,-8.166336059570312,-9.307299613952637
2.61905837059021,2.6564228534698486,0.7567094564437866,-1.4796299934387207,-1.2472652196884155,0.4250158965587616,-0.1057623028755188,-1.4924275875091553,-1.6981712579727173,-2.5825626850128174,-4.980539798736572,-5.5856499671936035,-2.7698464393615723,-0.7315641045570374,-1.9381086826324463,-2.040646553039551,-0.9532238245010376,-0.5853246450424194,-0.4607034921646118,1.0237679481506348,1.5532444715499878,-1.5638924837112427,-4.543837547302246,-5.378870964050293,-3.1497249603271484,0.5323156714439392,3.0890910625457764,3.227773666381836,1.3301233053207397,-1.0412625074386597,-2.908325433731079,-4.422488212585449,-6.215295791625977,-7.637213230133057,-6.485035419464111,-2.0394351482391357,3.200752019882202,5.429658889770508,1.7395670413970947,-3.1014559268951416,-6.851848602294922,-9.226856231689453,-10.18781852722168,-11.805331230163574
1.0055835247039795,-0.8706526160240173,-2.6685304641723633,-2.86795973777771,-2.1781139373779297,-0.5930454730987549,0.7285503149032593,-0.1875358372926712,-1.1718465089797974,-2.475839614868164,-4.32782506942749,-4.212373733520508,-2.0750386714935303,-1.5121984481811523,-2.4609215259552,-1.4865422248840332,0.7926669120788574,0.9036509394645691,0.6437809467315674,1.433622121810913,0.1759105622768402,-2.192126750946045,-3.0401506423950195,-1.699512004852295,1.3397208452224731,4.000920295715332,4.8675994873046875,4.015593528747559,2.2931418418884277,0.8933799862861633,-1.0152918100357056,-2.9548287391662598,-5.354053020477295,-5.9741621017456055,-2.997971534729004,1.8813477754592896,3.966590404510498,-0.14858169853687286,-4.524427890777588,-5.537505149841309,-6.221728801727295,-8.184849739074707,-10.79164981842041,-13.249921798706055
0.06060490012168884,-3.2080609798431396,-4.930840969085693,-3.8524086475372314,-2.1517367362976074,-1.2624061107635498,0.7100782990455627,0.48965340852737427,-0.9967111945152283,-1.1528464555740356,-2.2860817909240723,-1.8416868448257446,0.07446608692407608,-0.6342955827713013,-2.456907272338867,-1.0509282350540161,1.865335464477539,2.175281286239624,1.7462626695632935,1.1484379768371582,-0.4075787663459778,-1.0984214544296265,-0.3013162910938263,1.661493182182312,3.723360061645508,4.725243091583252,4.81479024887085,3.800236225128174,2.150801420211792,0.8926404118537903,-0.9132397770881653,-2.3432488441467285,-3.6586754322052,-3.11944580078125,-0.03708028048276901,2.7165071964263916,1.2566215991973877,-4.105205059051514,-7.328517913818359,-7.327937126159668,-5.819161415100098,-5.950332164764404,-9.433512687683105,-11.516951560974121
-0.11718229949474335,-3.9098753929138184,-5.183169841766357,-4.022151470184326,-1.8415888547897339,-0.36534249782562256,0.9478267431259155,0.7247582077980042,-0.9000704288482666,-0.7522443532943726,-0.3470420241355896,0.9377254843711853,1.5138232707977295,0.44714006781578064,-0.8850952386856079,0.5212205648422241,2.9483609199523926,3.2373132705688477,2.4744105339050293,1.1241270303726196,0.11965390294790268,0.57069993019104,2.041539430618286,3.61720871925354,4.133343696594238,3.5628867149353027,2.950115919113159,2.1020021438598633,1.2889124155044556,0.3755631744861603,-0.8785388469696045,-1.6677438020706177,-1.6320136785507202,-0.42772752046585083,0.8792592883110046,0.7404685616493225,-1.3808393478393555,-3.8925907611846924,-4.597951412200928,-4.470511436462402,-3.5595204830169678,-2.815894365310669,-5.86590576171875,-7.187087059020996
-1.1090642213821411,-4.4882001876831055,-4.810147285461426,-3.225299835205078,-1.647325038909912,-0.24737589061260223,1.0615026950836182,1.2842437028884888,-0.038024820387363434,-0.13945163786411285,0.6365213990211487,2.107468605041504,1.776137351989746,0.6446736454963684,0.5798118114471436,2.135188102722168,4.0062103271484375,4.048242568969727,2.86118745803833,1.3862450122833252,0.7754268050193787,1.5856603384017944,3.228534698486328,4.498733043670654,4.049845218658447,2.3959858417510986,0.8728645443916321,0.5496863722801208,1.0186405181884766,0.42350953817367554,0.1465739756822586,0.4775073230266571,1.7313755750656128,2.922415256500244,2.3530871868133545,0.1505429744720459,-1.7430921792984009,-2.225950241088867,-0.6912977695465088,0.5664417743682861,0.8819838166236877,-0.37695130705833435,-2.203252077102661,-3.0109362602233887
-0.9794050455093384,-4.043978214263916,-4.359511852264404,-3.0354130268096924,-2.1836647987365723,-1.2073769569396973,0.08108391612768173,1.323372483253479,1.1247237920761108,1.133809208869934,2.1802127361297607,3.105212450027466,1.8956743478775024,0.5326242446899414,0.8331461548805237,2.61106014251709,4.272617816925049,4.317473888397217,3.1258463859558105,1.9855035543441772,1.442755937576294,1.6701340675354004,2.6620569229125977,3.725827217102051,3.5711936950683594,2.2120273113250732,0.7194265127182007,0.875966489315033,1.8550440073013306,1.5201338529586792,1.826279640197754,3.2628345489501953,4.389266014099121,4.144071578979492,2.6327104568481445,0.9155712127685547,0.9109723567962646,1.129356026649475,2.9090356826782227,4.451083183288574,2.703174352645874,0.8595452308654785,0.4139994978904724,-0.3404276371002197
0.8907620906829834,-1.656562089920044,-2.105198383331299,-1.2753138542175293,-1.414979338645935,-1.6236426830291748,-0.6751911044120789,0.9281860589981079,1.8355003595352173,2.319504499435425,3.106200933456421,3.4645137786865234,2.4474995136260986,1.2992676496505737,1.2788232564926147,2.3958513736724854,3.7821950912475586,4.300186634063721,3.8413312435150146,3.4596903324127197,3.2590646743774414,2.9184887409210205,2.8728408813476562,3.2669014930725098,3.429025411605835,2.985302448272705,2.3123667240142822,2.5827605724334717,3.645251512527466,4.511524200439453,4.774093151092529,5.015533924102783,5.033246040344238,4.199353218078613,3.0655722618103027,2.4685323238372803,2.593592882156372,3.098078489303589,4.33025598526001,3.61731219291687,1.2432798147201538,0.5374370813369751,1.3826370239257812,0.6811085939407349
