data/wind_data/wind_25_1.json
{"header": {"parameterUnit": "KT", "parameterCategory": 2, "nx": 256, "ny": 198, "lo1": 44.73521041870117, "la1": -3.236724853515625, "lo2": 111.26478576660156, "la2": 43.468475341796875, "dx": 0.2609002888202667, "dy": -0.23708222806453705, "refTime": "2025-02-20 01:00:00", "forecastTime": 0, "parameterNumber": 2, "parameterNumberName": "eastward_wind"}, "data":
[rows 114 to 132 of 198, columns 86 to 128 of 256]
-4.883440971374512,-2.331418991088867,2.8840060234069824,7.085191249847412,6.555746078491211,4.608022689819336,3.860198497772217,3.4393675327301025,3.9985620975494385,4.6726861000061035,5.553154468536377,6.254786968231201,6.665123462677002,7.006649494171143,8.131507873535156,10.880764961242676,13.244234085083008,14.161633491516113,11.62016773223877,6.533461093902588,5.972362995147705,5.129941940307617,2.690106153488159,2.3171565532684326,1.5914188623428345,1.4546750783920288,5.70388126373291,10.919824600219727,13.386098861694336,13.04680061340332,5.176305770874023,1.760411262512207,2.4495036602020264,3.4960951805114746,3.8586511611938477,1.2567050457000732,-2.9759104251861572,-3.4426705837249756,-2.2883973121643066,-3.1075069904327393,-2.313138961791992,1.8183249235153198,1.5923612117767334
-0.6712505221366882,-1.3862011432647705,5.8822407722473145,10.3209810256958,8.165719032287598,5.301815509796143,4.761739730834961,3.228591203689575,2.377288341522217,2.798147439956665,4.242964267730713,5.063824653625488,5.100780010223389,5.509310722351074,6.870752334594727,10.270880699157715,12.582083702087402,12.813952445983887,13.449819564819336,9.001485824584961,5.311425685882568,4.462645530700684,3.0283429622650146,2.1190013885498047,2.1259756088256836,2.2157557010650635,4.343372344970703,8.623616218566895,12.668811798095703,12.636054039001465,6.1037187576293945,1.0592868328094482,0.20838578045368195,3.572382926940918,5.493757724761963,2.425739049911499,-0.789383053779602,1.5570162534713745,1.5941214561462402,-4.563785076141357,-3.9623568058013916,-1.1022834777832031,1.0424131155014038
8.115691184997559,4.074717044830322,9.519057273864746,11.603878021240234,7.240527629852295,6.025852203369141,5.13353967666626,3.4410769939422607,2.0448076725006104,1.933200478553772,2.481734275817871,2.585474729537964,2.5432069301605225,3.4208567142486572,5.46342658996582,8.288237571716309,10.448883056640625,11.471867561340332,12.554600715637207,11.81587028503418,6.63843297958374,4.468912601470947,3.9252512454986572,3.236461639404297,2.484140157699585,3.3527369499206543,4.792327880859375,7.534976482391357,10.075218200683594,10.899412155151367,3.991225004196167,-2.3526222705841064,0.816109836101532,1.9789693355560303,3.1155779361724854,3.19986629486084,0.5654808282852173,0.2970045208930969,5.458919048309326,-2.2822206020355225,-4.765033721923828,-3.3200016021728516,-0.8022403717041016
13.267991065979004,8.931750297546387,10.760798454284668,7.811313629150391,5.79843282699585,7.059945583343506,5.673095703125,3.4405441284179688,1.9736039638519287,1.188015103340149,0.7579848766326904,0.19591549038887024,0.10452870279550552,1.3636133670806885,3.6057064533233643,6.377910137176514,8.251568794250488,10.2379732131958,11.714515686035156,11.886795997619629,10.967930793762207,7.762398719787598,5.614108562469482,4.44979190826416,3.0471255779266357,3.1837544441223145,4.481440544128418,4.768815517425537,6.627211570739746,8.864519119262695,3.4402575492858887,0.8932176232337952,-0.7648228406906128,-4.0195231437683105,-2.393079996109009,1.005021095275879,3.054473876953125,3.528420925140381,-0.014365318231284618,-2.488759756088257,-3.714484930038452,-4.5800886154174805,-3.378253221511841
13.745813369750977,11.146893501281738,9.07072639465332,4.562735080718994,3.2903947830200195,6.56492280960083,5.81998872756958,3.3231940269470215,1.9020212888717651,0.8673689365386963,0.42275163531303406,-0.5324748754501343,-2.350956678390503,-2.019690752029419,1.308471918106079,4.692139148712158,7.077269077301025,8.851314544677734,10.67597770690918,11.721190452575684,12.610312461853027,11.848457336425781,8.836684226989746,5.796878814697266,4.267091274261475,3.3707053661346436,2.7465925216674805,1.5280218124389648,2.425663709640503,5.178041458129883,3.9172024726867676,1.838979959487915,-3.3809218406677246,-9.089812278747559,-7.121238708496094,-2.0146894454956055,1.6201527118682861,3.1402547359466553,0.11195197701454163,-5.436977863311768,-5.204709053039551,-3.585456132888794,-1.6348435878753662
13.374238014221191,13.194801330566406,12.28641128540039,-0.1209409162402153,1.303057074546814,5.427493095397949,4.768078804016113,2.8354880809783936,1.6328163146972656,0.8687138557434082,1.0047122240066528,-0.4742472171783447,-2.443941593170166,-1.476425290107727,1.2915719747543335,4.178178310394287,5.955007076263428,7.547943115234375,9.195210456848145,11.179266929626465,13.265416145324707,14.120401382446289,12.296407699584961,8.10352611541748,5.797733306884766,4.798708438873291,2.595520496368408,0.8119654655456543,0.5828346610069275,4.418522834777832,-1.4287045001983643,-3.3549070358276367,-6.9887285232543945,-10.550821304321289,-9.388899803161621,-2.3350777626037598,2.3601083755493164,0.25063350796699524,-3.241032361984253,-6.7616496086120605,-8.669934272766113,-8.341821670532227,-5.730616092681885
10.362750053405762,13.590596199035645,12.924087524414062,2.3162665367126465,0.0024315796326845884,3.92109751701355,4.2479448318481445,2.6454415321350098,0.7450939416885376,0.30240103602409363,0.9796857833862305,-0.29189297556877136,-1.3960610628128052,0.5510427951812744,3.4201712608337402,4.960235595703125,5.338181018829346,6.980895042419434,8.323749542236328,10.524322509765625,12.848113059997559,13.933341026306152,13.829312324523926,10.380759239196777,7.625309944152832,6.223507881164551,3.443051338195801,1.731947422027588,1.3157857656478882,1.9954757690429688,-3.664212226867676,-4.986746788024902,-8.521368980407715,-8.380928993225098,-9.137432098388672,-5.352252960205078,0.11841205507516861,-0.38915398716926575,-4.257363796234131,-6.593091011047363,-8.278075218200684,-9.904666900634766,-8.636747360229492
8.736429214477539,13.254048347473145,13.052291870117188,3.6005735397338867,1.80899977684021,3.6866400241851807,3.1184868812561035,2.1078288555145264,0.6403061747550964,-0.18178114295005798,0.046910375356674194,-0.01393736619502306,0.24818918108940125,2.3882200717926025,5.244363784790039,6.475564479827881,6.078906059265137,5.83229398727417,7.521336078643799,9.635476112365723,10.35245132446289,11.613971710205078,13.162884712219238,11.989435195922852,9.359025955200195,7.347325801849365,4.5676469802856445,2.2258052825927734,0.4623592495918274,-1.8713122606277466,-4.1268229484558105,-4.580502510070801,-6.261208534240723,-7.265476703643799,-8.361520767211914,-5.279269695281982,0.5410704016685486,0.3516603708267212,-3.7354187965393066,-5.750295162200928,-7.944482326507568,-8.640527725219727,-7.414426803588867
9.26025676727295,12.065566062927246,14.352744102478027,2.5606281757354736,2.0016720294952393,4.317546844482422,4.4590630531311035,3.488365411758423,1.3388761281967163,-0.7907457947731018,-0.30753064155578613,0.30830302834510803,1.3661987781524658,3.503046989440918,5.234193801879883,6.330722808837891,7.2405476570129395,6.8552141189575195,6.675534248352051,8.305938720703125,9.291230201721191,9.369131088256836,11.934083938598633,13.486056327819824,11.045676231384277,7.414776802062988,4.414033889770508,2.091184139251709,0.6683257222175598,-1.193111777305603,-3.3210575580596924,-3.0412166118621826,-4.220728397369385,-6.4658203125,-7.53211784362793,-5.131178379058838,-0.7582237124443054,-1.1875622272491455,-2.479245662689209,-4.638070583343506,-8.713480949401855,-8.188973426818848,-5.605003356933594
8.954879760742188,12.002059936523438,14.07651138305664,4.86342191696167,1.6791757345199585,4.735403537750244,5.29951286315918,4.059680938720703,1.0383096933364868,-1.1127489805221558,0.10059405863285065,0.828171968460083,1.7597788572311401,3.611351490020752,5.111368179321289,6.213216781616211,7.429740905761719,8.601813316345215,7.3145246505737305,6.089416980743408,7.1754889488220215,7.790469646453857,10.404433250427246,13.850072860717773,11.757552146911621,7.676182270050049,4.987557411193848,3.189103364944458,0.5456334948539734,-1.5821961164474487,-3.7376434803009033,-4.840370178222656,-6.192065715789795,-7.331043243408203,-5.982025623321533,-5.29344367980957,-4.795061111450195,-5.305330276489258,-3.8349742889404297,-3.612884521484375,-8.289658546447754,-9.195707321166992,-5.76680850982666
7.684780597686768,11.609710693359375,13.124909400939941,5.162906646728516,3.3308799266815186,4.614553928375244,3.498457908630371,2.6450836658477783,0.08579470962285995,-0.8015634417533875,0.820012629032135,1.223082423210144,1.6149381399154663,3.203143358230591,4.875156879425049,5.790935039520264,6.327671527862549,8.710138320922852,8.622456550598145,5.784444808959961,4.112555027008057,4.893542766571045,8.186522483825684,12.638191223144531,12.671714782714844,8.800069808959961,5.027162551879883,0.09834273904561996,-4.746948719024658,-7.091740608215332,-8.569226264953613,-9.335359573364258,-10.057122230529785,-7.699701309204102,-5.474695205688477,-4.54094123840332,-3.767725706100464,-5.284295082092285,-3.6157572269439697,-2.4367706775665283,-8.624887466430664,-11.216592788696289,-7.998260974884033
11.38253402709961,10.140560150146484,9.93242073059082,3.81767201423645,4.590721607208252,1.823136329650879,-2.646237850189209,-1.9993151426315308,-1.8553816080093384,-0.6118505597114563,1.2512694597244263,1.4285129308700562,0.767044186592102,2.448504686355591,3.965465545654297,4.7187418937683105,5.030158519744873,6.7593255043029785,8.873891830444336,5.6935296058654785,2.006859540939331,0.31391990184783936,1.7506775856018066,6.662527084350586,8.445046424865723,6.322246074676514,1.58503258228302,-4.796826362609863,-9.25064468383789,-11.916287422180176,-13.624215126037598,-13.920069694519043,-11.796243667602539,-7.9358344078063965,-7.6281208992004395,-7.534998416900635,-6.478940486907959,-4.639420032501221,-1.7316960096359253,-3.4415156841278076,-10.995342254638672,-12.691917419433594,-11.13939094543457
16.284223556518555,1.6996110677719116,4.130380630493164,2.81046199798584,0.17353272438049316,-1.1863125562667847,-5.407193183898926,-6.867864608764648,-3.3205807209014893,-0.5602490901947021,1.1095364093780518,1.8276712894439697,0.24870987236499786,1.292249321937561,2.480684757232666,3.721484899520874,3.8988749980926514,4.678262233734131,8.229464530944824,5.6913957595825195,-0.705274760723114,-3.7694807052612305,-5.000648021697998,-2.801752805709839,4.2701263427734375,0.0909556895494461,-5.400137901306152,-9.694726943969727,-13.768972396850586,-16.462812423706055,-17.247325897216797,-15.311738014221191,-11.58895492553711,-9.002847671508789,-9.045440673828125,-9.048347473144531,-8.607026100158691,-7.7411065101623535,-6.955766201019287,-6.940299987792969,-8.734026908874512,-10.351384162902832,-10.293325424194336
29.208393096923828,-10.309171676635742,5.094448089599609,-1.4398442506790161,-3.6383516788482666,-3.741365432739258,-4.168031692504883,-3.9972922801971436,-1.7956819534301758,1.1520196199417114,2.4411849975585938,2.932913064956665,0.7709833979606628,0.49257051944732666,1.0902608633041382,3.1332805156707764,2.9326729774475098,3.1850550174713135,5.53483247756958,5.96420955657959,-2.4201037883758545,-6.321044921875,-7.27598237991333,-6.780671119689941,-3.509110689163208,2.9903736114501953,-5.8478312492370605,-12.022687911987305,-14.842177391052246,-15.347004890441895,-14.745923042297363,-13.321964263916016,-11.24479866027832,-10.567749977111816,-9.94070816040039,-9.39836311340332,-9.29495620727539,-9.425056457519531,-8.95073413848877,-9.162849426269531,-12.360241889953613,-11.109186172485352,-6.325872421264648
43.548065185546875,3.884761095046997,0.7659416198730469,-5.7144880294799805,-3.877357244491577,-6.918817520141602,-5.784746170043945,-3.075918436050415,0.37191736698150635,3.127725124359131,7.29135799407959,3.9138078689575195,2.0503809452056885,0.27392005920410156,0.8033642172813416,2.4643309116363525,1.9036637544631958,1.9526571035385132,3.643214464187622,6.67992639541626,-2.2165446281433105,-9.308734893798828,-9.13476276397705,-9.285892486572266,-8.593759536743164,-3.9529061317443848,-1.5842801332473755,-8.025297164916992,-13.816880226135254,-15.267948150634766,-13.045034408569336,-11.09365177154541,-10.332228660583496,-10.382488250732422,-10.87974739074707,-11.043657302856445,-11.515321731567383,-11.641407012939453,-10.690919876098633,-12.546070098876953,-13.032995223999023,-8.548796653747559,-5.395187854766846
48.99325180053711,24.034685134887695,-10.063404083251953,-6.534684658050537,-6.488436698913574,-10.876096725463867,-7.864427089691162,-3.6797590255737305,1.7507069110870361,5.581185817718506,11.746500015258789,6.466498851776123,2.5852911472320557,0.5409058928489685,0.2374197542667389,0.8299986124038696,1.7195773124694824,1.006523847579956,2.229680299758911,5.91122579574585,0.7167844176292419,-9.053850173950195,-9.986577987670898,-9.783761024475098,-10.268532752990723,-9.394903182983398,-5.721568584442139,-4.785871982574463,-7.21763277053833,-9.83755111694336,-10.532390594482422,-10.141133308410645,-10.088797569274902,-10.0158052444458,-10.763113021850586,-11.49743366241455,-11.654180526733398,-12.066143989562988,-13.434109687805176,-14.035983085632324,-13.852680206298828,-11.333656311035156,-6.866243362426758
43.14522933959961,39.112998962402344,-3.8942911624908447,-8.965993881225586,-9.072566986083984,-13.849261283874512,-7.981445789337158,-2.6308369636535645,3.953033685684204,9.210278511047363,12.415289878845215,11.484732627868652,1.5049993991851807,0.02352687530219555,-0.5097010731697083,0.16432437300682068,1.038206934928894,1.026253581047058,1.2120972871780396,4.155886173248291,3.232999086380005,-5.501084804534912,-9.315098762512207,-10.51846981048584,-10.832852363586426,-10.252761840820312,-7.82451868057251,-5.994105339050293,-5.975889205932617,-6.251717567443848,-6.199344158172607,-7.783761501312256,-10.144596099853516,-9.613450050354004,-9.303582191467285,-10.635750770568848,-12.10483169555664,-11.934059143066406,-12.52478313446045,-12.44459342956543,-11.700011253356934,-11.366313934326172,-8.788827896118164
34.24934005737305,41.02959442138672,10.76964282989502,-9.100724220275879,-12.783695220947266,-14.074392318725586,-10.96012020111084,-2.5566887855529785,5.490608215332031,12.106280326843262,14.006784439086914,18.32517433166504,1.9864240884780884,-2.24570894241333,-0.5710078477859497,-0.6343408226966858,0.03488350287079811,1.0030711889266968,0.9100407361984253,3.143505811691284,4.543568134307861,-5.125730037689209,-10.281805992126465,-10.626080513000488,-11.026010513305664,-9.389225959777832,-6.867513179779053,-3.5208709239959717,-7.229218006134033,-9.984684944152832,-9.929051399230957,-6.475586414337158,-5.753157138824463,-8.95956802368164,-9.328150749206543,-8.520927429199219,-9.306539535522461,-11.239026069641113,-11.308745384216309,-9.109196662902832,-9.453707695007324,-7.450009346008301,-10.473347663879395
25.89358139038086,35.62117385864258,25.605083465576172,-1.595517635345459,-14.989839553833008,-11.599936485290527,-12.721342086791992,-5.640497207641602,4.236716270446777,10.891075134277344,14.807278633117676,21.70226287841797,12.304728507995605,-2.300583600997925,-0.2587071657180786,-0.8448585271835327,-1.0910159349441528,0.3086405098438263,0.31045499444007874,1.9200801849365234,4.6860880851745605,-3.8197572231292725,-12.738780975341797,-13.257521629333496,-12.945588111877441,-11.411883354187012,-7.236788749694824,-1.6622166633605957,-2.2288119792938232,-6.923691272735596,-10.142999649047852,-11.705572128295898,-5.278716564178467,-4.9374566078186035,-8.693431854248047,-8.944899559020996,-9.46097183227539,-11.542932510375977,-12.731805801391602,-11.612354278564453,-11.735502243041992,-9.299698829650879,-13.139427185058594
