data/wind_data/wind_46_1.json
{"header": {"parameterUnit": "KT", "parameterCategory": 2, "nx": 256, "ny": 198, "lo1": 44.73521041870117, "la1": -3.236724853515625, "lo2": 111.26478576660156, "la2": 43.468475341796875, "dx": 0.2609002888202667, "dy": -0.23708222806453705, "refTime": "2025-02-20 22:00:00", "forecastTime": 0, "parameterNumber": 2, "parameterNumberName": "eastward_wind"}, "data":
[rows 76 to 94 of 198, columns 129 to 171 of 256]
-2.2997350692749023,-1.8147053718566895,-1.4045629501342773,-1.3839083909988403,-2.006420135498047,-1.81101393699646,-2.026130199432373,-1.6099863052368164,-2.206890344619751,-3.2345070838928223,-3.515294075012207,-4.168015956878662,-4.171270370483398,-2.7470290660858154,-3.7402796745300293,-4.73091983795166,-2.240178346633911,-2.521218776702881,-1.598313808441162,-2.5340890884399414,-3.6426901817321777,-3.0837666988372803,-3.2102463245391846,-3.1050400733947754,-3.6950321197509766,-3.311112642288208,-3.942376136779785,-2.942324638366699,-3.7212979793548584,-3.1779909133911133,-3.0894570350646973,-3.4510812759399414,-2.91812801361084,-3.154472827911377,-3.6204323768615723,-4.58626127243042,-3.9620563983917236,-3.299314022064209,-3.8685717582702637,-3.080780506134033,-3.128175735473633,-2.4069607257843018,-2.0433483123779297
-1.270721197128296,0.4181990325450897,-0.8501092195510864,-3.260397434234619,-2.848006248474121,-1.983108639717102,-2.00283145904541,-2.3816356658935547,-3.1388864517211914,-3.4771618843078613,-4.035933494567871,-4.199962139129639,-3.813295841217041,-2.4511430263519287,-2.2913804054260254,-3.9083805084228516,-3.0655736923217773,-1.408026933670044,-0.38275712728500366,-0.5204495191574097,-1.4850389957427979,-2.2059104442596436,-1.588719367980957,-3.2269175052642822,-2.9811644554138184,-3.1007752418518066,-3.6048147678375244,-3.350100517272949,-4.114900588989258,-3.0090062618255615,-2.8881492614746094,-2.981860637664795,-2.7357537746429443,-2.9577157497406006,-3.6215648651123047,-4.502070426940918,-4.112374305725098,-3.341005563735962,-3.724182605743408,-3.2541894912719727,-2.680447578430176,-2.050102949142456,-1.213822841644287
-2.1988611221313477,-1.0303620100021362,-2.3306193351745605,-3.7363569736480713,-2.264631748199463,-1.472147822380066,-1.506658673286438,-2.7145814895629883,-3.424309492111206,-4.058462619781494,-4.5488433837890625,-4.996661186218262,-3.7701258659362793,-3.523291826248169,-4.155753135681152,-3.5385258197784424,-2.833730459213257,-0.5591514706611633,-0.5008295774459839,1.576453685760498,1.0342000722885132,-0.5219972133636475,-0.13730107247829437,-2.481060028076172,-2.034456253051758,-2.018705129623413,-3.4286203384399414,-4.562046051025391,-2.9218008518218994,-3.4909348487854004,-2.4840259552001953,-2.0470404624938965,-2.6526548862457275,-3.269392728805542,-4.206097602844238,-4.439177989959717,-3.982988119125366,-3.413633108139038,-3.1964004039764404,-2.799527645111084,-1.8531482219696045,-1.35675048828125,-0.23880575597286224
-2.0843005180358887,-1.965172529220581,-2.0839924812316895,-3.1957578659057617,-2.0429654121398926,-0.7210372686386108,-0.8712836503982544,-2.731670379638672,-2.835568428039551,-3.121173143386841,-5.5225830078125,-7.8236894607543945,-6.452383995056152,-5.2364397048950195,-3.696385383605957,-1.9114015102386475,-1.6716853380203247,0.3900744915008545,0.39706656336784363,2.2834978103637695,2.2196764945983887,1.623780369758606,0.7681063413619995,-0.1855812519788742,-1.4348273277282715,-1.6983263492584229,-2.941200017929077,-3.3909010887145996,-4.101134777069092,-2.192661762237549,-2.6490190029144287,-1.9767295122146606,-2.2592873573303223,-3.1880462169647217,-4.055522441864014,-4.147765636444092,-3.4997034072875977,-3.466904401779175,-2.5467581748962402,-1.9456743001937866,-1.0318835973739624,-0.3329992890357971,0.47900331020355225
-3.10225772857666,-2.9717488288879395,-1.7391533851623535,-1.9338734149932861,-1.7146884202957153,-0.4072246551513672,-0.4756767749786377,-2.0979418754577637,-1.2797646522521973,-1.9139621257781982,-3.5956928730010986,-7.5258965492248535,-8.149158477783203,-6.246478080749512,-5.045434474945068,-1.0896199941635132,1.7954703569412231,2.5687527656555176,1.8627290725708008,3.967973232269287,2.7301554679870605,2.47408127784729,1.506466031074524,1.7826460599899292,-0.9168108105659485,-0.5947215557098389,-2.2915806770324707,-3.761746644973755,-2.9860963821411133,-1.6630451679229736,-2.260765552520752,-0.5414242744445801,-2.0631165504455566,-1.8992785215377808,-3.2032628059387207,-3.2689297199249268,-3.1155059337615967,-2.793975830078125,-1.9306782484054565,-1.2229946851730347,-0.4205034673213959,0.2599019408226013,1.1805981397628784
-4.383495807647705,-3.513465404510498,-1.7432352304458618,-0.08603370934724808,0.05036640912294388,-0.24995911121368408,-0.44634005427360535,-0.873950719833374,0.036779530346393585,-0.5492147207260132,-1.6305254697799683,-1.9155505895614624,-7.241567611694336,-9.308643341064453,-4.403967380523682,0.6246048212051392,5.717588901519775,5.477203369140625,1.9761439561843872,4.660949230194092,4.733641147613525,2.6256842613220215,3.737412691116333,0.631625235080719,2.7581074237823486,-3.23227858543396,-0.4546985626220703,-2.0134849548339844,-2.4575862884521484,0.8523979783058167,-1.972999930381775,0.7004506587982178,-1.1142609119415283,-1.5906355381011963,-2.5624842643737793,-2.53128719329834,-2.502345085144043,-2.1654880046844482,-1.3401576280593872,-0.7163374423980713,-0.0060426280833780766,0.5915329456329346,1.50754714012146
-3.1791200637817383,-1.2784357070922852,-0.14593958854675293,0.8690524101257324,0.9345702528953552,0.03584101423621178,0.2434997260570526,0.157920703291893,0.07804382592439651,-0.5212770104408264,-0.7115018963813782,2.2842721939086914,0.554943859577179,-7.793478012084961,-9.681222915649414,-3.2906124591827393,4.0397491455078125,8.15755558013916,6.653158187866211,2.183094024658203,4.30000638961792,4.4387946128845215,3.6920082569122314,1.0365707874298096,4.570272445678711,-2.012638568878174,-1.2032787799835205,0.15034621953964233,-1.2226039171218872,1.3794364929199219,-0.41658470034599304,1.8491008281707764,-0.6916787028312683,-1.0178557634353638,-2.721256732940674,-1.1364778280258179,-2.208792209625244,-1.4356964826583862,-0.7778326869010925,-0.14534039795398712,0.41577911376953125,0.7742193341255188,1.7291679382324219
0.10203570127487183,2.6373848915100098,2.508826494216919,1.0261173248291016,0.5343819856643677,0.056169964373111725,0.9136976003646851,-0.054099876433610916,-0.8726704120635986,-1.028085470199585,-0.3572721779346466,1.9620307683944702,3.312178611755371,1.503252387046814,-8.511950492858887,-7.3402934074401855,0.38554999232292175,9.019445419311523,10.435458183288574,4.674493789672852,0.1536736935377121,3.1073079109191895,5.890267848968506,2.1946749687194824,2.6861395835876465,0.015336773358285427,-1.2064602375030518,1.7011942863464355,-1.3585742712020874,2.697127342224121,1.2063367366790771,2.4461333751678467,0.475932776927948,-0.3652363717556,-2.142573356628418,-0.3068388104438782,-1.682075023651123,-0.7432366013526917,-0.20627593994140625,0.5198608636856079,0.9016293287277222,1.455660343170166,1.8605735301971436
3.082825183868408,5.919649124145508,4.811063766479492,1.8645380735397339,0.6402707099914551,-0.016230376437306404,0.21839095652103424,-0.5786498785018921,-1.5085667371749878,-1.9105923175811768,-1.2365403175354004,1.0239616632461548,4.31938362121582,1.8166487216949463,-3.442979335784912,-10.543315887451172,-2.3129072189331055,8.37302017211914,11.584224700927734,4.726081848144531,0.11002766340970993,0.902428925037384,4.4082465171813965,3.5899884700775146,2.8499410152435303,1.6404345035552979,-0.404342383146286,1.4260637760162354,1.907794713973999,1.7980471849441528,2.902653217315674,3.2725300788879395,1.0183918476104736,0.7352811098098755,-0.5557747483253479,-0.3707803785800934,-0.7263814210891724,-0.07966063171625137,0.42186611890792847,1.1116304397583008,1.5661643743515015,1.995903491973877,2.2997145652770996
1.2349046468734741,6.360669136047363,4.87550163269043,0.8248667120933533,0.5437554121017456,-1.0967955589294434,-1.548984169960022,-1.835984706878662,-2.7141270637512207,-2.578542947769165,-1.2324291467666626,0.7077623009681702,1.9361876249313354,3.424508810043335,-1.7827489376068115,-5.940323352813721,-4.085823059082031,6.456623554229736,10.643969535827637,4.630670547485352,-0.9542512893676758,3.3503456115722656,1.5308959484100342,3.3112125396728516,2.5895659923553467,1.968291997909546,0.982118546962738,1.6088868379592896,2.8642189502716064,1.6161550283432007,3.5470287799835205,3.0143847465515137,3.3066341876983643,1.3599244356155396,0.9805338978767395,0.2520538866519928,0.25862598419189453,0.7583080530166626,1.0539191961288452,1.8247613906860352,2.2456135749816895,2.687694549560547,2.9159040451049805
-3.3115224838256836,0.9760427474975586,2.9431793689727783,-0.011718601919710636,-0.9694825410842896,-1.698906660079956,-2.0296175479888916,-2.532996892929077,-2.94645357131958,-2.450598955154419,-0.8768015503883362,-0.2973092198371887,-0.9028177857398987,3.6969809532165527,3.05684494972229,-0.10619159042835236,-4.1141767501831055,3.6697511672973633,7.778800964355469,5.429474830627441,-0.0814809650182724,2.0351641178131104,3.2393786907196045,1.8362911939620972,0.6822402477264404,0.1359938085079193,1.7416503429412842,1.141594409942627,1.1189199686050415,2.539179801940918,3.816014051437378,3.602565050125122,3.687791109085083,2.7444803714752197,2.3242299556732178,1.6033657789230347,1.394041657447815,1.7625290155410767,1.825277328491211,2.40826416015625,2.629777193069458,3.0612707138061523,3.1300039291381836
-0.5352915525436401,-3.6838207244873047,-6.084543228149414,-0.4995053708553314,0.07408452033996582,-2.4978713989257812,-3.182528257369995,-3.444885492324829,-3.6496949195861816,-4.041031360626221,-1.0570837259292603,2.0751874446868896,0.9120270013809204,3.5267274379730225,3.674657106399536,4.099397659301758,-1.3393518924713135,-0.2637859582901001,5.27520227432251,4.201426029205322,1.0978188514709473,0.6160578727722168,3.753422975540161,2.0414540767669678,-2.78709077835083,-0.30688562989234924,0.8617028594017029,1.685158133506775,0.9988601207733154,4.060445308685303,1.8868085145950317,4.321369171142578,3.9172122478485107,4.058486461639404,3.583012104034424,2.931077718734741,2.492313861846924,2.702430248260498,2.6449739933013916,3.156632900238037,3.265805721282959,3.301056146621704,3.459531307220459
0.7756717205047607,3.3855628967285156,-1.0055919885635376,-3.108191728591919,2.901383876800537,-2.303760290145874,-3.5303144454956055,-3.397006034851074,-4.13162899017334,-4.775134563446045,-0.6853437423706055,5.140777111053467,4.304299354553223,3.195389986038208,3.846656560897827,7.751330375671387,5.933311939239502,-2.075399398803711,2.204845905303955,1.87992525100708,0.32906755805015564,0.9041550159454346,2.7573864459991455,-2.434126377105713,-2.6512093544006348,0.42789649963378906,-2.0828404426574707,2.1240153312683105,-1.1734793186187744,2.5132362842559814,4.613012313842773,2.0109939575195312,5.666006565093994,4.899607181549072,4.338888168334961,3.5669639110565186,3.1879167556762695,3.0742223262786865,3.330484628677368,3.7295145988464355,4.1988139152526855,4.143538475036621,4.484287261962891
2.0366146564483643,-0.5270592570304871,2.5870697498321533,1.7878590822219849,0.03613634034991264,-0.5920618176460266,-5.219797611236572,-3.564523696899414,-2.6057872772216797,-1.9812242984771729,0.8200728297233582,3.6334543228149414,3.1693735122680664,3.821486473083496,6.639694690704346,10.850723266601562,8.507920265197754,-0.9741697907447815,-0.6298214197158813,-1.6404160261154175,-1.1318000555038452,1.5395796298980713,0.9225702881813049,-4.5909881591796875,-3.026902198791504,-2.085472583770752,-0.6053898930549622,0.5118246078491211,-0.15578633546829224,0.83620285987854,2.4676458835601807,4.4607672691345215,4.761754989624023,5.912658214569092,4.848467826843262,3.8131701946258545,3.3927321434020996,3.2314095497131348,3.4950692653656006,4.216951847076416,4.892114162445068,5.145467281341553,5.694796562194824
1.840237021446228,1.7454071044921875,2.291945695877075,2.1740758419036865,-5.236438274383545,-1.5249651670455933,-3.138556957244873,-3.13863468170166,-0.8623951077461243,1.0830060243606567,1.076578140258789,-0.6296476125717163,1.7165400981903076,5.396435260772705,8.632843971252441,13.375730514526367,8.347807884216309,1.5225441455841064,-1.7651911973953247,-5.4237236976623535,-2.5214741230010986,-0.31232336163520813,-1.114259958267212,-2.6027605533599854,-3.7060012817382812,-2.960845947265625,0.6357046365737915,-0.893164336681366,0.4581845700740814,0.8921299576759338,4.3797831535339355,3.993011951446533,5.240357398986816,5.357888221740723,5.247858047485352,4.511067867279053,3.9853804111480713,3.4671401977539062,3.59328031539917,4.335897922515869,5.304140567779541,5.700045585632324,6.257087230682373
0.3797226846218109,1.2439696788787842,2.977365016937256,-0.9619212746620178,-6.795423984527588,-6.633823394775391,0.9832121729850769,-0.0778016671538353,1.6786890029907227,2.907156467437744,-1.3665990829467773,-2.33121395111084,2.916869878768921,5.22832727432251,7.133396148681641,11.198132514953613,9.627828598022461,2.6801905632019043,1.2941465377807617,-3.8855020999908447,-3.568819999694824,-2.9961776733398438,-2.1465508937835693,-1.4116201400756836,-2.9569222927093506,-2.172654151916504,-0.8999328017234802,-1.6004948616027832,-1.955910086631775,0.07141733914613724,2.388895034790039,2.8912487030029297,5.075951099395752,4.8639020919799805,4.598696231842041,4.8440704345703125,4.546018123626709,3.713290214538574,3.562734365463257,4.151843547821045,5.209944248199463,6.026861190795898,6.645344257354736
2.3137028217315674,1.2628973722457886,1.4715813398361206,-1.4305471181869507,-2.0394439697265625,-6.6811137199401855,-4.953030586242676,0.18879252672195435,0.54756760597229,0.5790908336639404,2.0125508308410645,2.988624095916748,3.7511250972747803,3.7881925106048584,2.125542163848877,8.657689094543457,7.1142048835754395,-4.024886608123779,-3.5257568359375,-1.627774953842163,-1.8490252494812012,-2.4754605293273926,-1.4801430702209473,-3.009127378463745,-4.7896270751953125,-3.034712076187134,-2.704958915710449,0.1881576031446457,-4.196022987365723,-2.194295883178711,0.01566406339406967,0.3246668875217438,3.1893746852874756,5.1918253898620605,5.165685176849365,5.268973350524902,4.687422275543213,3.6879286766052246,3.1824018955230713,3.6806905269622803,5.542776107788086,6.608314514160156,7.268304824829102
1.2302418947219849,-1.9006307125091553,-0.4266171455383301,-0.31474223732948303,0.18339227139949799,0.9122545719146729,-4.186573505401611,-3.6471619606018066,-2.6933090686798096,2.6723990440368652,3.7197091579437256,4.281533718109131,4.568002700805664,4.041346073150635,1.2297546863555908,4.3598127365112305,0.3952059745788574,-5.879156112670898,-7.606937408447266,-4.614898204803467,-2.6484718322753906,-2.220869779586792,-3.795511484146118,-5.676456451416016,-6.766879081726074,-4.50103759765625,-2.2750096321105957,-0.6872434616088867,-4.691490650177002,-1.648093342781067,2.168872356414795,-0.005052658729255199,1.0029994249343872,4.575130462646484,5.070060729980469,6.12099552154541,4.71849250793457,3.84315824508667,2.5909931659698486,2.7271604537963867,5.749337196350098,7.685096740722656,8.026463508605957
1.4574674367904663,0.21303963661193848,1.7124090194702148,3.19620418548584,1.1872848272323608,0.3386499583721161,-2.428481340408325,-4.730080604553223,-2.879359483718872,0.9702742695808411,-0.8350705504417419,2.4410769939422607,5.103758335113525,6.274922847747803,0.9524784684181213,-3.6595218181610107,-4.544720649719238,-7.962617874145508,-8.264996528625488,-6.21976900100708,-6.703239917755127,-7.7968268394470215,-9.37345027923584,-9.214432716369629,-8.256054878234863,-5.489199638366699,-3.089555025100708,-3.1082215309143066,-3.798305034637451,-1.6828587055206299,2.2770192623138428,3.0850255489349365,3.652132272720337,4.203382968902588,5.121811866760254,5.859884738922119,4.460736274719238,3.8958044052124023,2.7859511375427246,2.748256206512451,5.569494724273682,7.761970520019531,8.424081802368164
