data/wind_data/wind_14_7.json
{"header": {"parameterUnit": "KT", "parameterCategory": 2, "nx": 256, "ny": 198, "lo1": 44.73521041870117, "la1": -3.236724853515625, "lo2": 111.26478576660156, "la2": 43.468475341796875, "dx": 0.2609002888202667, "dy": -0.23708222806453705, "refTime": "2025-02-19 14:00:00", "forecastTime": 0, "parameterNumber": 2, "parameterNumberName": "eastward_wind"}, "data":
[rows 160 to 179 of 198, columns 132 to 175 of 256]
46.56058883666992,48.00798416137695,49.3504753112793,49.22919464111328,48.666664123535156,48.53819274902344,48.48945617675781,48.23453903198242,48.206092834472656,48.47333526611328,48.54286575317383,48.485206604003906,48.551143646240234,48.523155212402344,48.56338882446289,49.595619201660156,51.75459289550781,53.28728485107422,52.962947845458984,51.886756896972656,51.628292083740234,51.9306526184082,51.879913330078125,51.33020782470703,50.58149719238281,50.10661315917969,50.372501373291016,51.33877944946289,52.504390716552734,53.180545806884766,53.02512741088867,52.655086517333984,52.73805618286133,52.98004150390625,52.96754837036133,52.88881301879883,53.042083740234375,53.59636688232422,54.606693267822266,55.439762115478516,54.84252166748047,52.855438232421875,51.21437072753906,49.540828704833984
46.42173385620117,47.450225830078125,47.94657516479492,47.605350494384766,46.838382720947266,46.61021041870117,46.64275360107422,46.55983352661133,46.86827850341797,47.475521087646484,47.462467193603516,46.84197998046875,46.39684295654297,46.21760559082031,46.42491149902344,47.64802169799805,49.73196792602539,51.52690505981445,51.95417404174805,51.29491424560547,50.879241943359375,50.9143180847168,50.5055046081543,49.43410110473633,48.40530776977539,48.274078369140625,49.206077575683594,50.5087776184082,51.47695541381836,51.706817626953125,50.91417694091797,49.860111236572266,49.82949447631836,50.63715744018555,51.16960144042969,51.2156982421875,51.28126907348633,51.76839828491211,52.35308074951172,52.336421966552734,51.467281341552734,49.8770637512207,48.16773986816406,46.558738708496094
45.42856979370117,45.84069061279297,46.27423095703125,46.282657623291016,46.00486373901367,45.7578239440918,45.30674743652344,45.00759506225586,45.475894927978516,46.04360580444336,45.65708541870117,44.809654235839844,44.772972106933594,45.328067779541016,45.67964553833008,46.20699691772461,47.35475158691406,48.782745361328125,49.91405487060547,50.42277145385742,50.346954345703125,49.92662048339844,49.1137809753418,48.00935363769531,47.11810302734375,47.1112060546875,48.16962432861328,49.61284637451172,50.56230163574219,50.4903564453125,49.08380889892578,47.163753509521484,46.605247497558594,47.825714111328125,49.12303161621094,49.39101028442383,49.33781051635742,49.67813491821289,49.92538833618164,49.601314544677734,49.06682205200195,48.31513977050781,46.830963134765625,44.90400314331055
43.976234436035156,44.247013092041016,44.90041732788086,45.31699752807617,45.3935546875,44.997901916503906,44.09764862060547,43.54376220703125,43.840553283691406,44.22127151489258,43.91645431518555,43.430057525634766,43.66713333129883,44.42156982421875,44.95154571533203,45.160709381103516,45.45042419433594,46.18709182739258,47.492584228515625,48.81638717651367,49.39470291137695,49.02079772949219,48.04664611816406,47.11663055419922,46.524085998535156,46.42329406738281,47.08635330200195,48.266868591308594,49.28670883178711,49.306339263916016,47.646514892578125,45.03729248046875,43.65475845336914,44.52114486694336,46.137020111083984,47.125972747802734,47.87203598022461,48.5557746887207,48.60539245605469,48.31238555908203,48.27353286743164,47.860599517822266,46.23796081542969,43.91130447387695
43.692657470703125,43.36872863769531,43.25881576538086,43.49593734741211,43.80820846557617,43.70038986206055,43.046363830566406,42.498802185058594,42.572845458984375,42.883853912353516,42.84007263183594,42.59678268432617,42.67197799682617,43.141395568847656,43.76711654663086,44.23130798339844,44.35010528564453,44.677024841308594,45.74007034301758,47.101932525634766,47.86845016479492,47.84149932861328,47.33565902709961,46.45008850097656,45.40037155151367,44.96225357055664,45.78268051147461,47.25691223144531,48.327880859375,48.01549530029297,45.78409194946289,42.63990020751953,40.9622802734375,41.8810920715332,43.89823913574219,45.456024169921875,46.6815299987793,47.5327262878418,47.574859619140625,47.53935241699219,47.927513122558594,47.61551284790039,45.850868225097656,43.48264694213867
43.79005813598633,42.87303924560547,41.95965576171875,42.00589370727539,42.43217468261719,42.55947494506836,42.41625213623047,42.266998291015625,42.14960861206055,42.0250244140625,41.937278747558594,41.87398910522461,41.85227966308594,42.116329193115234,42.78645324707031,43.498809814453125,43.741172790527344,43.89809036254883,44.59811782836914,45.633506774902344,46.33888626098633,46.44231033325195,46.071407318115234,45.190284729003906,44.0190315246582,43.594383239746094,44.699256896972656,46.41703796386719,47.20696258544922,46.153785705566406,43.439090728759766,40.605770111083984,39.606910705566406,40.883140563964844,42.9946174621582,44.48976516723633,45.41673278808594,45.9957389831543,46.09798049926758,46.31485366821289,46.96574783325195,46.903533935546875,45.34440612792969,43.009281158447266
43.28985595703125,41.85221481323242,40.831607818603516,41.042869567871094,41.643959045410156,41.93656539916992,42.08122634887695,42.1497917175293,41.90879821777344,41.45702362060547,41.176483154296875,41.150089263916016,41.240482330322266,41.602108001708984,42.276058197021484,43.03015899658203,43.330814361572266,43.43580627441406,43.859291076660156,44.56486511230469,44.898033142089844,44.55525588989258,43.955169677734375,43.500240325927734,43.16554260253906,43.05971908569336,43.68537902832031,44.94056701660156,45.59772491455078,44.50286865234375,42.08149719238281,39.990753173828125,39.45878982543945,40.56056594848633,42.39181137084961,43.693626403808594,44.08298110961914,44.14677429199219,44.33198547363281,44.77728271484375,45.47029113769531,45.258460998535156,43.343441009521484,40.996803283691406
42.63159942626953,41.4746208190918,41.01783752441406,41.166255950927734,41.2852668762207,41.36131286621094,41.5804557800293,41.65091323852539,41.30000686645508,40.79237365722656,40.55364227294922,40.6614990234375,40.986793518066406,41.53178024291992,42.140708923339844,42.668766021728516,42.839725494384766,42.93620681762695,43.319820404052734,43.76274108886719,43.596839904785156,42.769935607910156,42.0477180480957,41.90769577026367,42.12970733642578,42.31650161743164,42.572574615478516,43.343788146972656,44.12919235229492,43.70625305175781,42.149192810058594,40.75165557861328,40.1564826965332,40.323997497558594,41.204444885253906,42.075260162353516,42.21145248413086,42.325965881347656,43.16835403442383,44.34607696533203,45.17708969116211,44.0548210144043,40.675880432128906,38.14605712890625
42.18278503417969,41.93388748168945,41.89702224731445,41.56693649291992,41.04657745361328,40.861427307128906,40.95991134643555,40.76762771606445,40.26229476928711,40.049720764160156,40.34400939941406,40.82817840576172,41.29803466796875,41.723716735839844,42.012794494628906,42.11767578125,42.100955963134766,42.24278259277344,42.6024055480957,42.755401611328125,42.36940002441406,41.675724029541016,41.01366424560547,40.590431213378906,40.61433029174805,41.09217071533203,41.666725158691406,42.33548355102539,43.21500015258789,43.581180572509766,42.85031509399414,41.76738357543945,40.940887451171875,40.18262481689453,39.744388580322266,39.73601531982422,39.67841720581055,40.173126220703125,41.859554290771484,44.131919860839844,45.82728958129883,44.358638763427734,39.92409896850586,36.91222381591797
41.833343505859375,42.26978302001953,42.29203796386719,41.57322311401367,40.80504608154297,40.54730987548828,40.46046447753906,40.024383544921875,39.504032135009766,39.6086311340332,40.381309509277344,41.236515045166016,41.81090545654297,41.987342834472656,41.84764862060547,41.492671966552734,41.3504524230957,41.54499435424805,41.813201904296875,41.75370407104492,41.33747482299805,40.71783447265625,40.04793930053711,39.66621780395508,39.91039276123047,40.63197708129883,41.33885192871094,41.88056182861328,42.616477966308594,43.334354400634766,43.10533142089844,41.97864532470703,40.805572509765625,39.79689025878906,38.90746307373047,38.14759063720703,37.43545913696289,37.699310302734375,39.64366149902344,42.859745025634766,45.75282287597656,44.76369094848633,40.50368881225586,37.72904968261719
41.54224395751953,42.01506042480469,41.853553771972656,41.173927307128906,40.64336013793945,40.416664123535156,40.136260986328125,39.6280403137207,39.21725845336914,39.45222091674805,40.421119689941406,41.479251861572266,42.10063171386719,42.03118133544922,41.59165954589844,41.096214294433594,41.03049850463867,41.219913482666016,41.13860321044922,40.63261032104492,40.06892013549805,39.62274932861328,39.240787506103516,39.235477447509766,39.84752655029297,40.652374267578125,41.26736068725586,41.75517654418945,42.23542404174805,42.553287506103516,42.23448181152344,41.18286895751953,40.03368377685547,39.315940856933594,38.92432403564453,38.15833282470703,36.787818908691406,35.93978500366211,37.07353210449219,40.60908126831055,44.79874801635742,44.78837203979492,40.82997131347656,38.48470687866211
41.177696228027344,41.36740493774414,41.03958511352539,40.578086853027344,40.334774017333984,40.12267303466797,39.75002670288086,39.36872100830078,39.18998718261719,39.506744384765625,40.43960952758789,41.53924560546875,42.075233459472656,41.732627868652344,41.09912109375,40.883026123046875,41.04021072387695,41.014583587646484,40.46635055541992,39.65892028808594,39.06586456298828,38.78390121459961,38.73623275756836,38.992530822753906,39.67905807495117,40.446998596191406,40.923622131347656,41.23939895629883,41.5751838684082,41.67396926879883,41.171112060546875,40.14993667602539,39.134559631347656,38.595367431640625,38.566226959228516,38.40176773071289,37.42970657348633,35.90056610107422,35.42577362060547,37.835357666015625,42.55842590332031,44.483577728271484,41.68061065673828,39.35551834106445
40.64956283569336,40.662166595458984,40.36537170410156,40.065643310546875,39.88656997680664,39.57194519042969,39.18630599975586,39.018226623535156,39.147178649902344,39.60820388793945,40.51739501953125,41.52656173706055,42.00034713745117,41.481178283691406,40.679386138916016,40.46283721923828,40.73822021484375,40.73606872558594,40.20969772338867,39.42324447631836,38.766414642333984,38.50001525878906,38.694644927978516,39.05413818359375,39.3393440246582,39.63924789428711,39.98601150512695,40.33061981201172,40.64736557006836,40.7105712890625,40.18581771850586,39.13968276977539,38.12517166137695,37.59598159790039,37.52214050292969,37.620994567871094,37.509552001953125,36.6455192565918,35.38020324707031,36.08234405517578,39.71807861328125,42.82951736450195,42.162841796875,40.38580322265625
39.97454071044922,39.921669006347656,39.82273864746094,39.737972259521484,39.55179214477539,39.147804260253906,38.80335235595703,38.778682708740234,39.149131774902344,39.86838150024414,40.83473587036133,41.681915283203125,41.985679626464844,41.48509979248047,40.56955337524414,40.0578498840332,40.20741271972656,40.47748565673828,40.308197021484375,39.690345764160156,39.09989929199219,38.89451217651367,39.0245361328125,39.002540588378906,38.6856689453125,38.5290412902832,38.768585205078125,39.17417526245117,39.51755905151367,39.58980941772461,39.09510803222656,38.06424331665039,37.08335876464844,36.58255386352539,36.41420364379883,36.356170654296875,36.56266403198242,36.67393112182617,36.01155090332031,35.64509201049805,37.485313415527344,40.352142333984375,41.366607666015625,40.576133728027344
39.657840728759766,39.5294189453125,39.52058792114258,39.568634033203125,39.412322998046875,39.07902145385742,38.84611892700195,38.86810302734375,39.36688995361328,40.32672119140625,41.28506088256836,41.883689880371094,42.036865234375,41.67451858520508,40.84564208984375,40.080413818359375,39.94703674316406,40.20716094970703,40.153175354003906,39.856468200683594,39.59907531738281,39.43758010864258,39.14150619506836,38.573970794677734,37.97279739379883,37.747074127197266,37.96452713012695,38.30872344970703,38.56984329223633,38.60500717163086,38.13163375854492,37.12369918823242,36.077362060546875,35.56259536743164,35.526405334472656,35.49494171142578,35.57027816772461,35.96128463745117,36.07307052612305,35.741580963134766,36.271202087402344,38.0949592590332,39.86643981933594,40.49259567260742
39.91707229614258,39.57545471191406,39.39424133300781,39.40538787841797,39.32215118408203,39.13174057006836,38.971839904785156,39.074424743652344,39.754310607910156,40.76761245727539,41.53705596923828,41.928104400634766,42.10594940185547,41.973426818847656,41.34101104736328,40.542030334472656,40.23878860473633,40.10359191894531,39.84546661376953,39.77046585083008,39.73664474487305,39.54731750488281,38.913414001464844,38.13091278076172,37.5455322265625,37.28667449951172,37.302860260009766,37.399871826171875,37.48273468017578,37.493526458740234,37.20783996582031,36.43349838256836,35.43153381347656,34.88227081298828,34.94715881347656,35.0356330871582,34.99755859375,35.235801696777344,35.633934020996094,35.792293548583984,35.993709564208984,36.89817428588867,38.47307205200195,39.990867614746094
40.17661666870117,39.766090393066406,39.494232177734375,39.394622802734375,39.24241256713867,39.011940002441406,38.932743072509766,39.32354736328125,40.176631927490234,40.98457717895508,41.45880126953125,41.80558776855469,42.127037048339844,42.11330032348633,41.565547943115234,41.02546310424805,40.63080596923828,40.00287628173828,39.52629852294922,39.387760162353516,39.54156494140625,39.3752326965332,38.59902572631836,37.574256896972656,36.78036880493164,36.34938049316406,36.254634857177734,36.35676574707031,36.48421096801758,36.505611419677734,36.30130386352539,35.76527404785156,35.01842498779297,34.57068634033203,34.615196228027344,34.661434173583984,34.5430908203125,34.69791030883789,35.19382858276367,35.67795944213867,36.084632873535156,36.666770935058594,37.70029067993164,39.063846588134766
40.06694030761719,39.819637298583984,39.57005310058594,39.32513427734375,39.044403076171875,38.810569763183594,38.98646926879883,39.6336555480957,40.36231994628906,40.89638137817383,41.32146453857422,41.72234344482422,41.91559600830078,41.677886962890625,41.326725006103516,41.1273307800293,40.53534698486328,39.668521881103516,39.05623245239258,38.974327087402344,39.19491958618164,38.8852424621582,37.932167053222656,36.756065368652344,35.778472900390625,35.25347900390625,35.21023941040039,35.4544677734375,35.6893424987793,35.68946838378906,35.41463851928711,34.90013122558594,34.33347702026367,34.097415924072266,34.20707702636719,34.23387908935547,34.13459777832031,34.328712463378906,34.891807556152344,35.465003967285156,35.922664642333984,36.465087890625,37.24493408203125,38.19883728027344
39.663761138916016,39.58180618286133,39.357566833496094,39.156246185302734,39.017425537109375,38.93720245361328,39.106136322021484,39.51122283935547,39.98115921020508,40.555782318115234,41.12654495239258,41.3812255859375,41.179176330566406,40.88473892211914,40.88100814819336,40.62806701660156,39.799903869628906,39.08033752441406,38.72774124145508,38.7067756652832,38.50281524658203,37.909000396728516,37.05599594116211,36.13371276855469,35.348602294921875,34.81343078613281,34.561885833740234,34.606388092041016,34.79106140136719,34.80192565917969,34.508846282958984,33.96282958984375,33.43328857421875,33.339359283447266,33.636043548583984,33.8542594909668,33.93588638305664,34.20083236694336,34.655494689941406,35.047874450683594,35.405548095703125,35.95769119262695,36.68724822998047,37.356666564941406
39.25373840332031,39.16419982910156,38.938045501708984,38.941810607910156,39.12725830078125,38.98181915283203,38.607452392578125,38.577171325683594,39.15103530883789,39.99147033691406,40.497161865234375,40.471519470214844,40.256507873535156,40.19481658935547,40.0330924987793,39.528995513916016,39.0726318359375,38.73137283325195,38.42224884033203,37.9437370300293,37.351688385009766,36.87073516845703,36.467350006103516,36.07393264770508,35.54977798461914,34.80805587768555,34.14052963256836,33.943077087402344,34.04225540161133,33.990787506103516,33.64000701904297,33.10759735107422,32.700592041015625,32.77210235595703,33.25538635253906,33.660614013671875,33.773529052734375,33.84724807739258,34.03382873535156,34.248409271240234,34.573402404785156,35.179100036621094,35.92672348022461,36.440250396728516
