data/wind_data/wind_19_8.json
{"header": {"parameterUnit": "KT", "parameterCategory": 2, "nx": 256, "ny": 198, "lo1": 44.73521041870117, "la1": -3.236724853515625, "lo2": 111.26478576660156, "la2": 43.468475341796875, "dx": 0.2609002888202667, "dy": -0.23708222806453705, "refTime": "2025-02-19 19:00:00", "forecastTime": 0, "parameterNumber": 2, "parameterNumberName": "eastward_wind"}, "data":
[rows 57 to 75 of 198, columns 132 to 175 of 256]
8.142302513122559,8.13465690612793,8.133644104003906,8.326000213623047,8.642179489135742,8.921243667602539,9.148630142211914,9.494340896606445,9.996249198913574,10.391472816467285,10.440195083618164,10.167552947998047,9.75323486328125,9.511740684509277,9.55625057220459,9.731510162353516,9.803694725036621,9.670650482177734,9.579423904418945,9.662700653076172,9.633275032043457,9.225194931030273,8.549565315246582,7.903039932250977,7.608996391296387,7.545426368713379,7.222785949707031,6.721970081329346,6.378351211547852,6.21115255355835,6.068530559539795,5.845155715942383,5.6221537590026855,5.5218505859375,6.090585231781006,7.26914644241333,8.473586082458496,8.98984146118164,8.264015197753906,8.22567081451416,8.883378982543945,8.921012878417969,8.24596118927002,6.914563179016113
6.785385608673096,6.838973522186279,6.885369300842285,7.111748695373535,7.45613431930542,7.763432025909424,8.029516220092773,8.425610542297363,8.98666763305664,9.640966415405273,10.277076721191406,10.668656349182129,10.771541595458984,10.8037691116333,11.018021583557129,11.312514305114746,11.368734359741211,10.943747520446777,10.372209548950195,10.141253471374512,10.149709701538086,9.879711151123047,9.140700340270996,8.18954849243164,7.618188381195068,7.473537921905518,7.218091011047363,6.627508640289307,6.130066871643066,6.113077163696289,6.136849403381348,5.803675651550293,5.485019683837891,5.326174736022949,5.472043037414551,6.235628128051758,7.115592956542969,7.926257610321045,7.945178508758545,7.45396089553833,7.280050277709961,7.746994972229004,7.91957950592041,6.965615272521973
5.4900288581848145,5.5915846824646,5.841738224029541,6.325915813446045,6.875649452209473,7.291363716125488,7.609310150146484,7.962088584899902,8.417764663696289,9.06087589263916,9.952665328979492,10.889331817626953,11.504226684570312,11.766355514526367,11.989568710327148,12.249267578125,12.217916488647461,11.611859321594238,10.7753267288208,10.289265632629395,10.178579330444336,9.974834442138672,9.412452697753906,8.517946243286133,7.61753511428833,7.039743423461914,6.673386573791504,6.23194694519043,5.957115650177002,6.0970048904418945,6.174908638000488,5.931926727294922,5.62826681137085,5.397252082824707,5.3104329109191895,5.829380035400391,6.674036979675293,7.591203212738037,7.741550445556641,6.732840538024902,5.7746968269348145,6.378619194030762,7.3474907875061035,7.354537010192871
3.5274510383605957,3.6753344535827637,4.131569862365723,4.971108913421631,6.054111480712891,7.03231143951416,7.679340839385986,8.1151762008667,8.452252388000488,8.84133243560791,9.48309326171875,10.362235069274902,11.182226181030273,11.699548721313477,11.955714225769043,12.118769645690918,12.070107460021973,11.469223022460938,10.430031776428223,9.571024894714355,9.254413604736328,9.222371101379395,9.018025398254395,8.433228492736816,7.473522663116455,6.522725582122803,6.012924671173096,5.833077430725098,5.7843804359436035,5.820764541625977,5.985895156860352,6.157891750335693,6.009891033172607,5.625964641571045,5.372365474700928,5.550692081451416,6.002569675445557,6.762250900268555,7.189377784729004,6.2373223304748535,5.098647594451904,5.556917667388916,6.779681205749512,7.331430912017822
2.0049538612365723,2.166008710861206,2.577742099761963,3.195831298828125,4.142463684082031,5.350428581237793,6.453476428985596,7.202883243560791,7.639219760894775,7.99580717086792,8.475654602050781,9.137292861938477,9.85440731048584,10.377135276794434,10.618349075317383,10.812143325805664,11.002511978149414,10.758731842041016,9.83307933807373,8.66020393371582,8.012895584106445,8.034399032592773,8.073454856872559,7.665870189666748,6.820355415344238,5.95888614654541,5.618864059448242,5.6892194747924805,5.646107196807861,5.459367752075195,5.692627906799316,6.290655136108398,6.406603813171387,5.831676959991455,5.132287502288818,4.764939785003662,4.790241718292236,5.38318395614624,6.168196201324463,5.816310882568359,4.921217918395996,5.193024158477783,6.329170227050781,7.1029372215271
1.2126036882400513,1.4078484773635864,1.7781318426132202,2.1015377044677734,2.4509284496307373,3.1404802799224854,4.0907745361328125,4.927891254425049,5.5111775398254395,6.02552604675293,6.64506721496582,7.32935905456543,7.964674949645996,8.442729949951172,8.729900360107422,8.98936653137207,9.35012435913086,9.51159381866455,9.0419340133667,7.971242904663086,7.014095783233643,6.811234951019287,6.940781116485596,6.681150436401367,5.9814372062683105,5.3181352615356445,5.207014083862305,5.516458034515381,5.590504169464111,5.3830695152282715,5.384771347045898,5.742546558380127,5.980660915374756,5.612766265869141,4.800769805908203,3.9878487586975098,3.5549988746643066,3.962146759033203,4.930376052856445,5.270167350769043,4.899945259094238,5.077389717102051,5.883033275604248,6.591994762420654
0.2992378771305084,0.5389527082443237,0.950831413269043,1.4028308391571045,1.6497008800506592,1.9599056243896484,2.657316207885742,3.50653076171875,4.159794330596924,4.640536308288574,5.196732521057129,5.824975967407227,6.33937406539917,6.6526103019714355,6.810317039489746,6.960891246795654,7.28672456741333,7.704273700714111,7.737392425537109,7.063656330108643,6.025043487548828,5.514001369476318,5.7826056480407715,5.9840288162231445,5.603667259216309,5.045044422149658,4.866072654724121,5.055126190185547,5.241434574127197,5.134607315063477,4.803958892822266,4.593818664550781,4.696014881134033,4.805529594421387,4.618021488189697,4.019863605499268,3.2910921573638916,3.2329676151275635,3.9592957496643066,4.691797256469727,4.959024906158447,5.287813663482666,5.819843292236328,6.2501678466796875
-0.3803088963031769,-0.1634080857038498,0.06178940832614899,0.498114675283432,1.0467997789382935,1.5410226583480835,2.255842447280884,3.2947797775268555,4.224546909332275,4.703502655029297,4.760465621948242,4.652954578399658,4.609807968139648,4.591157913208008,4.485787391662598,4.485694408416748,4.847534656524658,5.518638610839844,6.008569717407227,5.810035228729248,4.983557224273682,4.374392032623291,4.727148532867432,5.470029354095459,5.7351531982421875,5.401251316070557,4.964290618896484,4.751582622528076,4.6943840980529785,4.5305962562561035,4.085752487182617,3.60420560836792,3.5100574493408203,3.8408119678497314,4.235123634338379,4.278112888336182,3.897319793701172,3.6101114749908447,3.8382041454315186,4.38548469543457,4.899081230163574,5.438488006591797,6.005049228668213,6.347347736358643
-0.91743004322052,-0.5769243240356445,-0.35781770944595337,-0.07902691513299942,0.46769973635673523,1.1795638799667358,1.8727869987487793,2.704129457473755,3.6386311054229736,4.268362522125244,4.287411689758301,3.851217269897461,3.329279899597168,2.859428882598877,2.431730031967163,2.1667935848236084,2.37912654876709,3.1544175148010254,4.065145015716553,4.515263080596924,4.335086345672607,3.9384372234344482,4.036007881164551,4.722628593444824,5.322009563446045,5.381189346313477,5.027243614196777,4.58574104309082,4.211948394775391,3.920459270477295,3.6586174964904785,3.3448102474212646,3.171661138534546,3.341219186782837,3.7505552768707275,4.165660858154297,4.370234489440918,4.336634635925293,4.291932582855225,4.436760425567627,4.776454448699951,5.258520126342773,5.888370037078857,6.447663307189941
-1.5638301372528076,-1.2860034704208374,-0.8192022442817688,-0.32063695788383484,0.184243842959404,0.7899641394615173,1.3398876190185547,1.8458728790283203,2.4726476669311523,3.116957902908325,3.464962959289551,3.2695021629333496,2.710597276687622,2.184283971786499,1.690602421760559,1.1334677934646606,0.846053957939148,1.3007842302322388,2.364488363265991,3.37308931350708,3.9308764934539795,3.997102737426758,3.8479294776916504,3.857440233230591,4.069434642791748,4.190965175628662,4.101760387420654,3.9342751502990723,3.7646727561950684,3.6568896770477295,3.7158923149108887,3.759415626525879,3.6782066822052,3.5990452766418457,3.6853630542755127,3.9782445430755615,4.298033714294434,4.434983730316162,4.449057579040527,4.562307834625244,4.822524547576904,5.140898704528809,5.568281173706055,6.148252010345459
-1.510074496269226,-1.5999561548233032,-1.1991761922836304,-0.40013331174850464,0.29533812403678894,0.7442047595977783,1.116550087928772,1.4624040126800537,1.8044288158416748,2.2006592750549316,2.5180816650390625,2.4698755741119385,2.0918936729431152,1.7779498100280762,1.4657177925109863,0.8581616282463074,0.2852199375629425,0.3936627507209778,1.2965587377548218,2.4444775581359863,3.327291965484619,3.7761435508728027,3.790543794631958,3.484541416168213,3.122865915298462,2.8711678981781006,2.805671215057373,2.9740445613861084,3.3013789653778076,3.661827325820923,4.028016567230225,4.315618991851807,4.400628089904785,4.333375453948975,4.2760772705078125,4.290652751922607,4.26170015335083,4.123964309692383,4.033979892730713,4.249456882476807,4.802703380584717,5.368783473968506,5.695880889892578,5.9308857917785645
-0.7894378304481506,-0.922425389289856,-0.7330126762390137,-0.05500046908855438,0.6916031837463379,1.1111149787902832,1.3884422779083252,1.6009092330932617,1.6274363994598389,1.6568080186843872,1.8315374851226807,1.9043090343475342,1.6023093461990356,1.1820069551467896,0.9975374341011047,0.7952207326889038,0.436935693025589,0.3317639231681824,0.8385564088821411,1.715636968612671,2.500396490097046,3.0621538162231445,3.360546588897705,3.286766767501831,2.9088945388793945,2.5522406101226807,2.493990659713745,2.7334818840026855,3.1955461502075195,3.7598750591278076,4.277932167053223,4.6797895431518555,4.919968605041504,5.016258716583252,5.035761833190918,4.944460868835449,4.662097930908203,4.232679843902588,3.8514537811279297,3.850600004196167,4.473310947418213,5.404163360595703,6.065012454986572,6.2080607414245605
0.6380147337913513,0.33171552419662476,0.48020538687705994,0.9306880831718445,1.4886536598205566,1.8223061561584473,1.987377405166626,2.0484352111816406,1.8637088537216187,1.5833539962768555,1.5674389600753784,1.70587956905365,1.5251989364624023,0.9649924635887146,0.6586316823959351,0.8114466071128845,0.9755532145500183,0.9538930654525757,1.0271737575531006,1.382883906364441,1.8520737886428833,2.26589035987854,2.6252951622009277,2.817817449569702,2.789113998413086,2.7292368412017822,2.864156484603882,3.2006261348724365,3.592866897583008,3.9683444499969482,4.438698768615723,4.983844757080078,5.439680099487305,5.680481433868408,5.697031021118164,5.509012699127197,5.1703081130981445,4.766839981079102,4.336129665374756,4.084503173828125,4.406270503997803,5.315810680389404,6.225717544555664,6.559835433959961
2.639744997024536,2.1283953189849854,2.1248624324798584,2.3993442058563232,2.7651686668395996,2.9714713096618652,2.9091849327087402,2.723532199859619,2.4723315238952637,2.1279115676879883,1.8484981060028076,1.7952090501785278,1.7754238843917847,1.477807879447937,1.1405327320098877,1.1550825834274292,1.3308875560760498,1.3425182104110718,1.2697105407714844,1.3685892820358276,1.6792515516281128,1.9854159355163574,2.172961473464966,2.2428605556488037,2.2699337005615234,2.4270553588867188,2.787280321121216,3.267381429672241,3.70306658744812,4.072590351104736,4.6034321784973145,5.393900394439697,6.123946666717529,6.469856262207031,6.412703037261963,6.099246501922607,5.68448543548584,5.315591812133789,5.002685070037842,4.800310134887695,4.922155380249023,5.503904342651367,6.260519027709961,6.66746711730957
3.974825382232666,3.94071888923645,3.9428961277008057,4.02782678604126,4.202066898345947,4.350860118865967,4.176835536956787,3.7252321243286133,3.38493013381958,3.191537857055664,2.828913927078247,2.4055778980255127,2.260831594467163,2.323101758956909,2.2845215797424316,2.115812301635742,1.8686258792877197,1.4773927927017212,1.127598524093628,1.1598716974258423,1.585755705833435,2.085967779159546,2.3013455867767334,2.1106936931610107,1.7647440433502197,1.6740787029266357,1.9880058765411377,2.5217559337615967,3.0586605072021484,3.6222944259643555,4.437457084655762,5.551764488220215,6.601205825805664,7.167957782745361,7.190008640289307,6.8804612159729,6.390108585357666,5.900423526763916,5.607740879058838,5.594897270202637,5.7930731773376465,6.124642372131348,6.496501445770264,6.675175189971924
4.747934341430664,5.36100435256958,5.580715656280518,5.573058605194092,5.547176361083984,5.5678887367248535,5.370067119598389,4.857790470123291,4.4081711769104,4.275020599365234,4.0645751953125,3.5403294563293457,3.156341552734375,3.3083677291870117,3.627772569656372,3.4903597831726074,2.8358025550842285,1.967689037322998,1.1818920373916626,0.8570201992988586,1.1763606071472168,1.8454484939575195,2.4041106700897217,2.481492042541504,2.072669506072998,1.586442470550537,1.4503960609436035,1.7294533252716064,2.221560001373291,2.841417074203491,3.7015156745910645,4.86561393737793,6.123315811157227,7.117071628570557,7.624974727630615,7.6615142822265625,7.288814067840576,6.687135219573975,6.241250514984131,6.248187065124512,6.568669319152832,6.84906530380249,6.912512302398682,6.746926307678223
6.240230560302734,6.7423176765441895,7.029963970184326,6.963789939880371,6.893294334411621,6.68937349319458,6.286179542541504,5.757967948913574,5.313200950622559,5.140880107879639,4.993729591369629,4.605832099914551,4.321094512939453,4.531861782073975,4.978153705596924,4.974405288696289,4.190177917480469,2.9121813774108887,1.7518292665481567,1.0136990547180176,0.8610925078392029,1.247702717781067,1.9032739400863647,2.4862680435180664,2.7488162517547607,2.60172438621521,2.2305819988250732,1.9965298175811768,2.061875104904175,2.3487541675567627,2.7927913665771484,3.514514207839966,4.59227180480957,5.867631435394287,7.038100719451904,7.752291679382324,7.792590141296387,7.291504383087158,6.706425189971924,6.398934364318848,6.458250522613525,6.6711859703063965,6.741347789764404,6.564823627471924
8.329694747924805,8.260995864868164,8.412994384765625,8.29266357421875,8.115705490112305,7.699580669403076,7.020878791809082,6.418004512786865,6.064704418182373,5.877688884735107,5.674474239349365,5.353507041931152,5.258262634277344,5.667357444763184,6.24259614944458,6.339427947998047,5.613368511199951,4.230915546417236,2.765406608581543,1.682355523109436,1.1196861267089844,1.0241868495941162,1.3107455968856812,1.86910879611969,2.5559329986572266,3.14455509185791,3.3806450366973877,3.215538740158081,2.8781731128692627,2.593648910522461,2.4105947017669678,2.4826250076293945,3.088204860687256,4.211427211761475,5.52224588394165,6.6366777420043945,7.199443817138672,7.058064937591553,6.482016563415527,5.858241558074951,5.499539375305176,5.513821601867676,5.720788478851318,5.843222141265869
10.758378028869629,9.540297508239746,9.60138988494873,9.541472434997559,9.25023365020752,8.561761856079102,7.651423454284668,7.072955131530762,6.867392539978027,6.686401844024658,6.370334625244141,6.057742595672607,6.052166938781738,6.528746604919434,7.154924392700195,7.344295024871826,6.829492092132568,5.64823055267334,4.139544486999512,2.81712007522583,2.004307746887207,1.6285368204116821,1.532116413116455,1.6377506256103516,2.0041630268096924,2.6563615798950195,3.3559019565582275,3.7227673530578613,3.6107656955718994,3.1887190341949463,2.699378490447998,2.3847854137420654,2.510741949081421,3.174494981765747,4.17415189743042,5.112654209136963,5.738979339599609,5.854593753814697,5.4991044998168945,4.960915565490723,4.542729377746582,4.457888603210449,4.661821365356445,4.918863296508789
