data/wind_data/wind_48_0.json
{"header": {"parameterUnit": "KT", "parameterCategory": 2, "nx": 255, "ny": 198, "lo1": 44.73521041870117, "la1": -3.236724853515625, "lo2": 111.26478576660156, "la2": 43.468475341796875, "dx": 0.26192745566368103, "dy": -0.23708222806453705, "refTime": "2025-02-21 00:00:00", "forecastTime": 0, "parameterNumber": 3, "parameterNumberName": "northward_wind"}, "data":
[rows 95 to 113 of 198, columns 0 to 42 of 255]
-7.830231189727783,-7.82569694519043,-7.662972450256348,-7.783557415008545,-7.99042272567749,-7.792792320251465,-8.111603736877441,-8.88865852355957,-9.643251419067383,-9.830392837524414,-10.37368106842041,-10.968238830566406,-10.580328941345215,-8.738518714904785,-7.631834506988525,-7.604607105255127,-7.723764896392822,-7.860324859619141,-7.6220245361328125,-7.9881744384765625,-7.5825700759887695,-4.228201866149902,-2.2869057655334473,-3.3485705852508545,-4.199093341827393,-4.7899651527404785,-4.286696434020996,-0.9509785771369934,4.167740821838379,6.754642486572266,7.044330596923828,7.328806400299072,7.138327121734619,7.82731819152832,7.795047283172607,7.376018524169922,6.654931545257568,7.155440807342529,8.365804672241211,8.018054008483887,7.3412766456604,7.309593200683594,8.663511276245117
-8.163909912109375,-7.689233779907227,-7.514542102813721,-8.087782859802246,-7.752706527709961,-6.517260551452637,-7.559892177581787,-8.288651466369629,-8.989225387573242,-8.998418807983398,-9.628756523132324,-10.891016960144043,-11.816651344299316,-10.8524808883667,-9.420913696289062,-8.244183540344238,-7.769136428833008,-7.702081203460693,-7.180893421173096,-7.339041709899902,-7.387616157531738,-5.634292125701904,-2.306736946105957,-3.4466466903686523,-4.545923233032227,-4.40988826751709,-4.7161359786987305,-5.146376132965088,-2.9866864681243896,0.6595554351806641,4.021485805511475,6.754775047302246,6.92561149597168,8.244186401367188,8.614226341247559,8.084321022033691,7.0690741539001465,7.39348840713501,8.070135116577148,7.968477725982666,7.811055660247803,8.349343299865723,8.306198120117188
-8.291939735412598,-7.88012170791626,-7.489251613616943,-8.516880989074707,-7.676995277404785,-7.112294673919678,-6.137430667877197,-6.884169101715088,-7.981036186218262,-8.049822807312012,-8.75693416595459,-10.252458572387695,-11.904096603393555,-11.913825988769531,-11.033404350280762,-9.914127349853516,-8.08133316040039,-7.774646759033203,-7.235630989074707,-6.685446262359619,-6.792384147644043,-6.575318813323975,-4.304614543914795,-3.7398862838745117,-3.91924786567688,-2.895780324935913,-1.4949207305908203,-1.1713436841964722,-2.0007662773132324,-1.984689712524414,-0.09707535058259964,3.8723437786102295,5.94283390045166,7.099953651428223,7.868771553039551,8.0302095413208,7.063896179199219,7.582887172698975,8.431009292602539,8.795804977416992,9.004934310913086,8.134068489074707,6.625842094421387
-7.753262042999268,-7.765950679779053,-7.619903564453125,-8.457127571105957,-7.534372329711914,-7.533932685852051,-5.385569095611572,-4.558396339416504,-6.873528957366943,-7.858434200286865,-8.896244049072266,-10.179208755493164,-11.1535005569458,-11.187458992004395,-11.6187744140625,-11.904598236083984,-8.90644645690918,-8.153132438659668,-7.941683292388916,-6.866647720336914,-6.8313422203063965,-7.160768508911133,-6.645279407501221,-4.939694881439209,-3.9298338890075684,-2.733247756958008,-0.9694572687149048,1.1516213417053223,1.0889520645141602,-1.0153639316558838,-1.9593192338943481,-0.23217029869556427,3.1749958992004395,5.093755722045898,5.972703456878662,6.683554172515869,7.009059429168701,7.760660648345947,8.806018829345703,9.747771263122559,8.800108909606934,6.686453342437744,5.460185527801514
-6.757201671600342,-7.416950225830078,-7.437833786010742,-7.881955623626709,-7.078135967254639,-9.04939079284668,-7.0048370361328125,-4.564024448394775,-6.670867443084717,-8.094871520996094,-9.671399116516113,-10.052050590515137,-10.058135986328125,-9.987605094909668,-11.335548400878906,-12.545368194580078,-9.930378913879395,-8.66203498840332,-8.169852256774902,-7.24772834777832,-6.959108352661133,-7.349682807922363,-7.227142333984375,-6.770961761474609,-5.487151622772217,-4.427868366241455,-3.6959304809570312,-1.7600622177124023,-0.7303905487060547,-1.3676270246505737,-1.583477258682251,-1.1682358980178833,0.4081208109855652,2.5107600688934326,3.6319379806518555,5.162042140960693,6.498893737792969,8.449455261230469,9.390326499938965,9.11049747467041,6.471364974975586,5.523015022277832,5.038985729217529
-6.031876087188721,-7.139832019805908,-6.879311561584473,-6.810179233551025,-6.666134834289551,-10.362275123596191,-10.390154838562012,-6.508223533630371,-7.212432384490967,-9.1239595413208,-10.02906322479248,-10.031559944152832,-9.886042594909668,-9.366057395935059,-10.556638717651367,-11.947919845581055,-9.664880752563477,-8.477217674255371,-7.623945236206055,-7.147109031677246,-6.593812942504883,-6.692446708679199,-7.251007556915283,-7.403812885284424,-6.786588191986084,-5.5028181076049805,-4.561750888824463,-3.458850860595703,-2.9066524505615234,-3.1256957054138184,-3.021036148071289,-2.318908452987671,-0.6019909977912903,1.7374496459960938,2.9476170539855957,3.9565417766571045,5.807458877563477,7.069236755371094,8.166152000427246,6.810904502868652,4.874266624450684,5.427328586578369,4.941437721252441
-4.806369781494141,-6.235001564025879,-6.103691101074219,-6.2005414962768555,-6.205502510070801,-8.88919734954834,-12.040056228637695,-10.3932523727417,-8.107101440429688,-8.765671730041504,-9.49977970123291,-9.923870086669922,-10.109467506408691,-9.031996726989746,-9.574267387390137,-11.768779754638672,-9.023468971252441,-7.981607437133789,-7.42883825302124,-6.580515384674072,-6.137626647949219,-6.077028274536133,-6.881335258483887,-7.399598121643066,-6.970391750335693,-6.067159652709961,-3.519233465194702,-2.189584732055664,-2.0167529582977295,-2.951765298843384,-4.374927520751953,-5.075007915496826,-4.123777389526367,-0.588287353515625,3.2375144958496094,4.568074703216553,4.869110584259033,5.050312519073486,4.9807448387146,4.78486442565918,5.2895965576171875,6.188107013702393,5.94484281539917
-2.83221435546875,-4.428735733032227,-5.5152812004089355,-6.511650562286377,-5.59575891494751,-6.458503246307373,-9.037644386291504,-10.397019386291504,-8.358738899230957,-7.612844944000244,-8.25603199005127,-8.973630905151367,-9.68125057220459,-8.479077339172363,-8.63615894317627,-11.870168685913086,-8.924759864807129,-7.605475902557373,-7.228829860687256,-6.707332611083984,-6.523566246032715,-6.316645622253418,-6.244414329528809,-6.843653678894043,-7.017876148223877,-6.731410503387451,-4.230773448944092,-2.1750731468200684,-1.6447466611862183,-2.4153313636779785,-3.767247438430786,-5.153897762298584,-5.99466609954834,-5.189809799194336,-0.8382994532585144,4.322421550750732,5.747014045715332,3.055039405822754,1.999253511428833,3.3917555809020996,5.943380832672119,7.396180152893066,7.451406955718994
-2.158543825149536,-3.550569772720337,-5.515565395355225,-6.817086696624756,-5.554439544677734,-3.74826979637146,-8.19986629486084,-9.322831153869629,-8.485681533813477,-7.231035232543945,-7.139200687408447,-7.560186862945557,-8.549995422363281,-7.948825836181641,-8.826483726501465,-12.277998924255371,-10.208246231079102,-7.089396953582764,-7.180954933166504,-7.862790584564209,-7.544569969177246,-6.645132541656494,-5.986105442047119,-6.358939170837402,-6.99353551864624,-6.9388957023620605,-5.996861934661865,-3.8261892795562744,-2.803889751434326,-2.7683217525482178,-3.63865065574646,-4.751362323760986,-5.672959804534912,-6.102817535400391,-5.618408679962158,-0.1995059698820114,5.4373979568481445,4.913107872009277,3.6351218223571777,4.060342311859131,5.977575302124023,8.473013877868652,8.8843355178833
-3.7806859016418457,-4.449379920959473,-5.909642696380615,-6.444138526916504,-5.755143165588379,-5.446447372436523,-8.924857139587402,-9.881132125854492,-9.22265338897705,-7.3822340965271,-6.762321472167969,-6.661538600921631,-7.216090679168701,-7.153631210327148,-9.071379661560059,-12.144065856933594,-11.919282913208008,-7.719459056854248,-7.63677978515625,-8.156356811523438,-8.908134460449219,-6.910667896270752,-5.867563247680664,-5.8528032302856445,-6.355690956115723,-6.703915119171143,-6.4110894203186035,-5.481720924377441,-4.311580657958984,-3.8392441272735596,-4.214174747467041,-4.927670478820801,-5.126516819000244,-6.019461631774902,-5.835605144500732,-3.4557697772979736,3.781073808670044,6.632974624633789,6.100506782531738,5.763593673706055,6.234436988830566,8.494921684265137,9.091370582580566
-5.891118049621582,-5.804569721221924,-6.43914794921875,-6.123137950897217,-5.191926956176758,-6.218602180480957,-8.893218040466309,-9.884550094604492,-9.659639358520508,-7.188721179962158,-6.481311321258545,-6.312103271484375,-6.4627604484558105,-5.984896183013916,-7.10955810546875,-9.666117668151855,-11.391611099243164,-8.912893295288086,-7.571743011474609,-7.536258220672607,-8.530974388122559,-8.643430709838867,-6.026838779449463,-4.635230541229248,-4.615694046020508,-5.119931221008301,-5.448183536529541,-5.071555137634277,-4.62490701675415,-4.399523735046387,-4.553679466247559,-4.812315464019775,-4.979183197021484,-4.731590747833252,-4.89207124710083,-2.8793718814849854,2.739685297012329,6.998492240905762,8.77403450012207,8.185613632202148,7.303328037261963,8.063663482666016,9.000121116638184
-6.618752479553223,-6.5885419845581055,-6.670525550842285,-6.291224956512451,-4.013940334320068,-4.992532253265381,-6.976971626281738,-8.071028709411621,-8.32185173034668,-5.502588748931885,-5.6231689453125,-5.954812049865723,-5.692062854766846,-4.286705493927002,-5.505645751953125,-7.364826679229736,-9.80408000946045,-9.671271324157715,-7.194323539733887,-6.9143242835998535,-7.072717189788818,-8.877779006958008,-7.411846160888672,-4.18793249130249,-2.20182728767395,-2.6209371089935303,-3.6605334281921387,-3.629558563232422,-3.5069849491119385,-3.6699724197387695,-3.683155059814453,-4.092621326446533,-4.167333602905273,-4.097772121429443,-4.868473052978516,-3.4302377700805664,1.512822151184082,6.6155476570129395,9.67835521697998,10.809267044067383,9.475866317749023,9.801663398742676,10.946144104003906
-6.924561977386475,-6.494876861572266,-6.304459571838379,-6.3466620445251465,-3.4410533905029297,-3.9106059074401855,-5.395104885101318,-6.505011081695557,-6.318060874938965,-4.701782703399658,-4.409748077392578,-5.314145565032959,-5.41353702545166,-3.2282025814056396,-3.3182456493377686,-6.548919200897217,-8.676383972167969,-9.94303035736084,-7.415901184082031,-6.586658000946045,-6.736091613769531,-7.091593265533447,-8.845514297485352,-6.0674848556518555,-3.395132541656494,-1.0429372787475586,-0.9465836882591248,-1.6537325382232666,-3.285076379776001,-4.32267427444458,-3.9198269844055176,-4.7130608558654785,-4.714365482330322,-5.056685924530029,-5.556927680969238,-5.571059703826904,-2.7088658809661865,5.800726890563965,9.166380882263184,12.489021301269531,12.091669082641602,12.680998802185059,13.457040786743164
-6.870103359222412,-5.840762615203857,-5.864413261413574,-6.3167595863342285,-3.5354950428009033,-3.8568074703216553,-5.162042140960693,-6.083014488220215,-5.961016654968262,-5.82238245010376,-5.358710289001465,-6.403395652770996,-7.009443759918213,-5.690250873565674,-2.896030902862549,-5.385176181793213,-7.820806503295898,-9.046771049499512,-8.16760540008545,-6.124263763427734,-6.225293159484863,-6.231234550476074,-6.7959980964660645,-8.188997268676758,-6.782371997833252,-3.1358959674835205,0.4267933964729309,-0.7320679426193237,-3.1939282417297363,-4.847142696380615,-6.088109493255615,-7.150464057922363,-8.146454811096191,-8.456546783447266,-8.517327308654785,-8.710562705993652,-6.199606895446777,2.0118653774261475,9.13794994354248,13.588691711425781,15.402546882629395,16.243722915649414,16.674816131591797
-6.207674026489258,-5.454566955566406,-5.871906757354736,-6.707381725311279,-4.753235340118408,-5.610409736633301,-6.589395999908447,-6.871941566467285,-6.417270660400391,-7.743317604064941,-8.806350708007812,-9.085854530334473,-8.742691993713379,-7.621938705444336,-3.53985595703125,-3.3194196224212646,-6.287112712860107,-8.132820129394531,-8.00054931640625,-6.344586372375488,-4.813398838043213,-5.094855308532715,-5.1523895263671875,-5.878828525543213,-8.187186241149902,-5.845260143280029,-0.8322000503540039,-1.0745747089385986,-3.086386203765869,-4.83400821685791,-6.624000549316406,-8.312310218811035,-9.551156997680664,-9.719307899475098,-9.606367111206055,-8.95385456085205,-7.533464431762695,-1.8990116119384766,6.160775184631348,12.027997016906738,16.001712799072266,16.519655227661133,16.2614803314209
-6.0831618309021,-5.737166404724121,-6.262294769287109,-6.819149494171143,-6.342585563659668,-7.808643817901611,-7.976855278015137,-6.394338130950928,-5.6364898681640625,-7.213145732879639,-8.336935997009277,-6.976983070373535,-6.444371223449707,-6.974976539611816,-4.926867961883545,-1.8424263000488281,-3.418996810913086,-6.3412556648254395,-7.512540817260742,-6.812727451324463,-4.557352066040039,-2.94492769241333,-3.0883140563964844,-4.096552848815918,-5.404999732971191,-5.9538893699646,-2.609699010848999,-1.6923784017562866,-2.9636929035186768,-4.070459365844727,-5.498974323272705,-7.340975761413574,-8.985886573791504,-9.717273712158203,-9.72740650177002,-8.883044242858887,-7.591081142425537,-4.747531890869141,0.7019827961921692,4.271128177642822,7.172110557556152,8.471057891845703,8.760274887084961
-6.377801418304443,-6.157076835632324,-6.162641525268555,-6.4111552238464355,-6.094186305999756,-6.5482330322265625,-6.235093593597412,-4.50802755355835,-4.491136074066162,-5.6187849044799805,-5.776839256286621,-4.726569652557373,-4.8772687911987305,-5.260190010070801,-6.940049648284912,-3.4213874340057373,-1.4020711183547974,-3.4605612754821777,-5.823049068450928,-6.464433193206787,-4.713840007781982,-1.25239098072052,-0.9325459003448486,-3.137357234954834,-3.767270088195801,-4.051723480224609,-3.026041269302368,-1.726532220840454,-2.083800792694092,-2.7416632175445557,-4.026708126068115,-5.877575874328613,-7.896463394165039,-9.40906810760498,-9.779212951660156,-9.640631675720215,-8.423324584960938,-6.086790084838867,-3.152384042739868,-1.6390727758407593,-0.03028397634625435,2.2019779682159424,3.0020174980163574
-7.151744365692139,-6.522433757781982,-6.480723857879639,-5.988632678985596,-4.388355255126953,-3.898451566696167,-3.287123680114746,-3.2372725009918213,-4.445618629455566,-4.034065246582031,-3.7171411514282227,-3.6299595832824707,-4.195815086364746,-4.591423988342285,-6.994953632354736,-5.9495015144348145,-1.7291069030761719,-1.0243340730667114,-3.0546443462371826,-4.618504524230957,-4.187992095947266,-0.48530492186546326,0.6499429941177368,-2.07955002784729,-2.562282085418701,-1.921790599822998,-1.0157175064086914,-0.9476510286331177,-0.47151634097099304,-0.8806782364845276,-2.0531668663024902,-3.914308786392212,-5.977672576904297,-7.755626678466797,-9.120229721069336,-9.841300964355469,-9.415114402770996,-7.487043857574463,-4.553946018218994,-2.5654852390289307,-0.8888079524040222,0.8691685795783997,1.4159637689590454
-6.68934965133667,-6.559835433959961,-6.745985507965088,-6.242616176605225,-4.408665657043457,-2.7620034217834473,-2.5424342155456543,-3.8041059970855713,-4.417953014373779,-3.900752067565918,-3.3657796382904053,-3.2556982040405273,-3.616929769515991,-4.5056047439575195,-5.199774265289307,-6.612953186035156,-3.5404515266418457,-0.5041840672492981,-0.6243481636047363,-1.781675100326538,-2.1911799907684326,0.2843737006187439,1.314097285270691,-0.8651642799377441,-1.6416480541229248,-0.9788824915885925,0.37268373370170593,0.5509158968925476,0.7159982323646545,0.5833448171615601,-0.022896649315953255,-1.2125575542449951,-2.8247673511505127,-4.73914098739624,-6.672636032104492,-8.057611465454102,-8.932461738586426,-8.759771347045898,-6.599961280822754,-3.7523796558380127,-1.1967997550964355,0.8715161085128784,1.2233104705810547
