data/wind_data/wind_28_0.json
{"header": {"parameterUnit": "KT", "parameterCategory": 2, "nx": 255, "ny": 198, "lo1": 44.73521041870117, "la1": -3.236724853515625, "lo2": 111.26478576660156, "la2": 43.468475341796875, "dx": 0.26192745566368103, "dy": -0.23708222806453705, "refTime": "2025-02-20 04:00:00", "forecastTime": 0, "parameterNumber": 3, "parameterNumberName": "northward_wind"}, "data":
[rows 171 to 189 of 198, columns 172 to 214 of 255]
-3.1018338203430176,0.220056414604187,1.3020210266113281,-2.005571126937866,0.1823384165763855,-0.5454851984977722,-0.4737450182437897,1.096745491027832,0.5505410432815552,0.11037316173315048,1.3800448179244995,3.8309528827667236,5.376161098480225,7.143256664276123,8.09133529663086,7.771615028381348,8.497798919677734,10.816093444824219,10.17949390411377,8.525227546691895,8.94416618347168,7.722196578979492,5.633418083190918,2.541067600250244,0.14423403143882751,-0.8076018691062927,-2.44762921333313,-2.8394477367401123,-4.197335720062256,-6.616232872009277,-6.51597261428833,-3.2525219917297363,-1.0160188674926758,-1.559553623199463,-2.7699685096740723,-3.92667555809021,-5.588183403015137,-6.7163825035095215,-7.065639019012451,-8.152600288391113,-8.202987670898438,-6.794712066650391,-4.984445095062256
-1.9521830081939697,-2.9917452335357666,-1.500203251838684,-2.406869411468506,0.100509874522686,1.173219919204712,1.2528494596481323,2.41764235496521,1.6318049430847168,0.8356243968009949,1.0249418020248413,2.3520543575286865,3.318147897720337,5.419081687927246,8.301064491271973,10.654729843139648,12.047239303588867,13.407022476196289,12.45923900604248,11.437776565551758,12.551329612731934,11.51054859161377,8.94991397857666,6.038038730621338,4.048551082611084,3.6614911556243896,1.6246618032455444,-1.2360261678695679,-4.128958225250244,-6.1302080154418945,-4.931718826293945,-2.8364853858947754,-3.122448682785034,-4.5622878074646,-5.661490440368652,-5.917125701904297,-6.058428764343262,-6.0785064697265625,-7.184946060180664,-8.191536903381348,-7.091462135314941,-5.3462815284729,-2.9280648231506348
-2.2939538955688477,-3.1427226066589355,0.306587278842926,0.24181807041168213,-2.7335329055786133,1.2099195718765259,2.9375879764556885,1.7915418148040771,1.899228572845459,4.9331536293029785,4.062848091125488,2.84633469581604,1.7856085300445557,2.9872169494628906,5.25620698928833,9.080605506896973,11.507832527160645,11.099725723266602,8.460978507995605,9.160099029541016,9.076869010925293,7.592135429382324,6.95921516418457,7.751890182495117,6.545634746551514,2.6257569789886475,0.13985462486743927,0.9093415141105652,0.8584656715393066,0.40648940205574036,-0.32088378071784973,-2.596557140350342,-5.855398178100586,-7.317795276641846,-6.620182037353516,-5.3916168212890625,-4.760382652282715,-6.89130973815918,-8.661871910095215,-7.457746982574463,-4.902514457702637,-2.358167886734009,0.22610625624656677
-0.40836554765701294,-0.9377747178077698,1.5487565994262695,3.471587657928467,0.5888395309448242,-0.9479060173034668,1.6976693868637085,2.8906140327453613,2.52889347076416,8.425580024719238,10.928486824035645,8.13232707977295,5.248960494995117,4.051771640777588,2.6819565296173096,5.302600860595703,9.480905532836914,6.321427345275879,3.215911388397217,5.22105073928833,5.339118480682373,4.795752048492432,6.967692852020264,9.065826416015625,5.401705741882324,-0.6512877941131592,-1.0984309911727905,5.240352630615234,6.933966159820557,4.362795352935791,1.5260255336761475,-2.2121939659118652,-5.373701095581055,-6.049794673919678,-5.203226089477539,-4.9788360595703125,-6.5486321449279785,-8.330471992492676,-8.08705997467041,-5.632182598114014,-3.1085994243621826,-0.0605274997651577,1.9153485298156738
0.31421956419944763,1.3999518156051636,1.7083685398101807,1.7024880647659302,-0.06752131879329681,-1.1579283475875854,0.7185009717941284,3.2694876194000244,1.5080738067626953,4.390030860900879,14.122373580932617,15.765908241271973,13.910148620605469,10.409260749816895,5.142826557159424,3.700340986251831,9.526530265808105,11.672100067138672,9.229506492614746,10.089052200317383,10.899127006530762,10.824836730957031,10.827104568481445,8.130642890930176,3.521120548248291,1.1468104124069214,2.2138144969940186,6.754630088806152,7.280325889587402,4.071527481079102,1.5530403852462769,-1.7375247478485107,-3.588270664215088,-5.797305583953857,-7.075532913208008,-8.006536483764648,-6.804880619049072,-5.047711372375488,-4.266354560852051,-3.6078615188598633,-2.3895063400268555,1.1696014404296875,2.5458030700683594
0.16016033291816711,1.1938371658325195,0.3708403408527374,-1.759447455406189,-2.8541717529296875,-1.6007676124572754,0.06239810213446617,0.8820182085037231,-0.5036492347717285,-0.6404471397399902,9.472885131835938,15.693869590759277,16.45969581604004,15.0215425491333,11.583151817321777,3.4782397747039795,-0.3354140520095825,12.869766235351562,17.26996421813965,16.909738540649414,17.030685424804688,16.03473663330078,11.39614486694336,7.031458377838135,7.456009864807129,7.907094955444336,7.64563512802124,5.508209228515625,3.827193260192871,4.353355407714844,2.6111268997192383,-1.0458844900131226,-4.780433654785156,-9.230080604553223,-7.4555888175964355,-6.269774913787842,-3.2204749584198,-2.0678818225860596,-2.7591476440429688,-2.786341428756714,-1.1792634725570679,1.8971529006958008,2.095505952835083
-1.515936017036438,-0.30749934911727905,-0.19804200530052185,-0.8973530530929565,-1.0108360052108765,-0.561596155166626,0.02196030505001545,0.1643390655517578,-0.3879024386405945,-0.9151860475540161,3.237982988357544,8.070109367370605,9.609298706054688,9.807373046875,6.215658664703369,-3.1882221698760986,-7.501108646392822,2.638716220855713,9.360118865966797,10.084964752197266,11.666101455688477,12.892942428588867,10.056731224060059,6.5384297370910645,9.188715934753418,11.152099609375,8.614270210266113,-0.2382928878068924,-1.4880454540252686,2.8171310424804688,1.0107958316802979,-4.439168453216553,-9.040328979492188,-9.307844161987305,-4.932750701904297,-3.4880495071411133,-3.430157423019409,-2.892997980117798,-1.803324580192566,-1.4069795608520508,0.3246873617172241,2.1057350635528564,1.3630430698394775
-4.379222869873047,-3.312934160232544,-1.8790676593780518,-0.923179030418396,-0.30210912227630615,-0.08801110088825226,-0.27988675236701965,-0.06020625680685043,-0.16808052361011505,-0.10229827463626862,0.5555362105369568,1.429220199584961,0.9499959945678711,-0.5890331864356995,-4.088412284851074,-5.977149963378906,-2.8573191165924072,-1.2854793071746826,0.4577985107898712,2.398470640182495,5.6208696365356445,7.791163444519043,5.27517557144165,-0.8180395364761353,1.2913504838943481,4.383952617645264,0.48763230443000793,-4.764520168304443,-1.5964771509170532,0.5010066628456116,-3.4454636573791504,-6.521047115325928,-6.782739162445068,-4.985491752624512,-4.046161651611328,-4.21515417098999,-3.2023098468780518,-1.1409015655517578,0.2835743725299835,0.41995781660079956,0.770585834980011,1.457451581954956,1.0970852375030518
-5.580572128295898,-5.436013221740723,-4.810902118682861,-4.008685111999512,-2.9814910888671875,-1.653391718864441,-1.338234305381775,-1.2862006425857544,-1.0704377889633179,-0.6916260719299316,-0.6071592569351196,-1.222642183303833,-2.2544384002685547,-3.190566062927246,-2.961343288421631,-1.383378267288208,-0.7984974384307861,-0.43173709511756897,-0.04228036850690842,1.9692853689193726,3.5561599731445312,3.0155410766601562,-1.0088388919830322,-4.789986610412598,-2.336552381515503,0.060868218541145325,-2.4767158031463623,-3.24881649017334,-1.083570957183838,-1.8123756647109985,-4.157154083251953,-4.013528823852539,-3.4393362998962402,-4.24859094619751,-4.57694149017334,-2.8831722736358643,-1.7109841108322144,0.11539200693368912,0.46834999322891235,-0.10715702921152115,0.0070701418444514275,0.419943243265152,0.08368532359600067
-6.164546012878418,-6.545556545257568,-6.303304672241211,-5.4250168800354,-4.18388032913208,-1.822738766670227,-0.778770923614502,-1.7480775117874146,-2.665034294128418,-2.8746018409729004,-2.982285499572754,-3.1556475162506104,-2.351483106613159,-1.0794169902801514,-1.5954930782318115,-2.6586689949035645,-3.010801076889038,-2.772296190261841,-2.93839168548584,-1.9644008874893188,-0.8957641124725342,-1.3442274332046509,-2.737036943435669,-1.8757762908935547,0.08595048636198044,0.6953737139701843,-0.2898290455341339,-1.7087644338607788,-2.253453493118286,-3.360765218734741,-3.277465343475342,-2.9901881217956543,-2.6968653202056885,-1.7835993766784668,-2.055511951446533,-1.504931092262268,-1.5473521947860718,-0.5236158967018127,-0.6203586459159851,-0.8463550209999084,-0.5094969868659973,-0.6574800610542297,-1.3446111679077148
-5.036606311798096,-5.876138210296631,-6.2023115158081055,-5.27337646484375,-3.8885040283203125,-1.0703436136245728,1.4591325521469116,-0.567274808883667,-2.8174233436584473,-3.6472744941711426,-3.4695706367492676,-2.1538736820220947,-0.3884583115577698,0.4376589357852936,-1.3966625928878784,-3.1950387954711914,-3.7664480209350586,-3.526271343231201,-4.008935928344727,-4.795165538787842,-3.9160542488098145,-3.079150915145874,-2.37334942817688,-1.574320673942566,-1.0843605995178223,-0.6874937415122986,-0.5986761450767517,-1.1634984016418457,-1.5677679777145386,-2.4029335975646973,-2.455698251724243,-2.115016222000122,-0.6322750449180603,0.6587030291557312,-0.01299359556287527,0.3031931519508362,-0.4488666355609894,-0.37289461493492126,-0.5461810231208801,-0.8799316883087158,-1.2155107259750366,-1.8767955303192139,-2.6755013465881348
-2.894054412841797,-4.075505256652832,-5.0017242431640625,-4.820398330688477,-4.1948323249816895,-2.1888906955718994,1.2370927333831787,2.3693149089813232,-0.13506799936294556,-1.5589852333068848,-1.7678778171539307,-0.6877970099449158,0.08394602686166763,0.5847153663635254,-0.24465027451515198,-1.4274396896362305,-1.7336039543151855,-1.2742297649383545,-2.235205888748169,-3.719749927520752,-3.810375690460205,-3.2299704551696777,-2.3652327060699463,-1.7203854322433472,-1.624936580657959,-1.256554126739502,-0.8173655867576599,-0.8547611832618713,-1.1709814071655273,-1.2857304811477661,-0.750662088394165,0.3907591998577118,2.0447685718536377,3.534116268157959,3.575711250305176,3.1732547283172607,1.796289086341858,0.6221157312393188,-0.12135297805070877,-0.9133857488632202,-1.953167200088501,-2.7911629676818848,-3.508946657180786
-2.4743170738220215,-3.7432587146759033,-4.137137413024902,-4.146244525909424,-4.119964122772217,-3.5628578662872314,-0.8471460938453674,3.888087511062622,4.939666271209717,2.808987855911255,1.492195725440979,0.6492056846618652,0.051266107708215714,1.532283067703247,2.825575590133667,2.6133642196655273,2.9760031700134277,2.4951159954071045,0.8001645803451538,-1.1685400009155273,-1.7879101037979126,-1.9656744003295898,-1.5118709802627563,-0.7948991060256958,-0.1787547469139099,0.05245950073003769,0.38338252902030945,0.7447631359100342,0.5755490064620972,0.20080004632472992,0.5231379866600037,2.4985830783843994,4.784343719482422,6.099100112915039,4.9849138259887695,4.363439083099365,3.3102595806121826,0.8127115368843079,-0.8193647265434265,-2.046168565750122,-3.3320295810699463,-3.8943402767181396,-4.223940372467041
-3.859025001525879,-5.169879913330078,-5.037403583526611,-4.600862979888916,-4.331624984741211,-4.2411980628967285,-2.2011213302612305,1.5901612043380737,5.7087721824646,5.803913116455078,5.022515296936035,4.1462554931640625,3.3306846618652344,3.240548849105835,4.5941081047058105,6.173442363739014,6.423424243927002,5.942439079284668,5.064796447753906,3.723705530166626,2.4107704162597656,1.6673393249511719,1.3921998739242554,1.5438710451126099,2.005932569503784,2.267951488494873,2.4277737140655518,2.971132516860962,2.551842451095581,1.7748641967773438,1.5600630044937134,2.424565315246582,4.619109153747559,4.997160911560059,3.3513035774230957,3.8350448608398438,3.380423069000244,1.06434965133667,-1.6413637399673462,-3.898650884628296,-4.206051349639893,-4.651062965393066,-4.923494338989258
-4.872679710388184,-6.09484338760376,-6.333434581756592,-5.783056259155273,-5.0303521156311035,-4.4695024490356445,-2.999545097351074,-0.511856734752655,2.431668758392334,4.769474983215332,5.156512260437012,5.186518669128418,4.620193004608154,2.2100815773010254,1.7693549394607544,5.1904520988464355,5.800052165985107,6.223455905914307,6.196388244628906,6.641958236694336,6.364851951599121,5.491547107696533,4.655521392822266,3.8804943561553955,3.6078522205352783,3.772653341293335,3.2755136489868164,2.8416032791137695,2.3058929443359375,2.4238901138305664,2.120506525039673,1.716733455657959,3.4046449661254883,2.7964985370635986,1.7041960954666138,2.3215625286102295,2.5878994464874268,0.3778688311576843,-2.9391655921936035,-4.611921787261963,-4.329783916473389,-4.353561878204346,-5.016549110412598
-3.6369094848632812,-5.076923847198486,-6.163243293762207,-6.039836406707764,-5.910286903381348,-5.691853046417236,-4.687276363372803,-3.1664443016052246,-1.6700689792633057,0.6510102152824402,2.3555848598480225,2.9581971168518066,2.6014232635498047,0.8676589727401733,0.08717292547225952,3.0695126056671143,4.261654376983643,4.144284248352051,4.202589988708496,5.399322986602783,6.641171932220459,6.411494255065918,5.492412567138672,4.420561790466309,3.8689393997192383,3.446007013320923,3.05094051361084,1.6474584341049194,0.47170841693878174,1.6841434240341187,3.4739506244659424,2.2134807109832764,2.74660587310791,1.6386089324951172,0.40933579206466675,0.17629653215408325,0.6635854840278625,-1.4987778663635254,-3.7679004669189453,-3.6681950092315674,-3.1879799365997314,-3.692070960998535,-4.419787883758545
-1.2610629796981812,-2.705488681793213,-4.969105243682861,-5.843350887298584,-6.330941200256348,-6.826261043548584,-6.429765701293945,-5.530249118804932,-4.777202129364014,-2.863725185394287,-0.5500748157501221,0.811920702457428,1.5967479944229126,2.4285452365875244,2.9734647274017334,4.750298023223877,5.329841613769531,4.119035243988037,3.4803049564361572,4.006031036376953,4.932453155517578,5.174718379974365,5.017416477203369,5.058009624481201,4.296091556549072,2.2767791748046875,1.9410018920898438,1.5622671842575073,0.27021706104278564,0.9748048782348633,4.68287992477417,3.969848394393921,3.9217963218688965,2.366502285003662,1.1435720920562744,-0.02764034830033779,-0.6438801884651184,-1.9634612798690796,-2.516249418258667,-1.8991196155548096,-1.871640920639038,-2.366664409637451,-2.7990076541900635
0.6853441596031189,-0.10263393819332123,-2.8301467895507812,-4.920755386352539,-5.570718288421631,-6.124306678771973,-6.056041717529297,-5.818814277648926,-5.1966447830200195,-3.509193181991577,-1.0843591690063477,0.47958090901374817,2.4008891582489014,4.211009502410889,5.314007759094238,6.501368522644043,5.539783000946045,4.871438026428223,4.3965067863464355,4.702402114868164,5.500487804412842,5.485525131225586,5.2160539627075195,5.731783866882324,5.055630207061768,2.529608964920044,1.5323231220245361,2.0023136138916016,1.711063027381897,2.127599000930786,4.999568462371826,5.793186664581299,5.9244232177734375,4.60642671585083,3.307748317718506,1.3946809768676758,-0.7651321291923523,-1.7233649492263794,-1.7343491315841675,-1.5030102729797363,-1.5176310539245605,-0.8981053233146667,-0.685932457447052
2.7241530418395996,2.9799752235412598,0.5422723293304443,-2.1490960121154785,-3.693399667739868,-4.482497215270996,-4.4265336990356445,-4.7485127449035645,-4.620207786560059,-3.5181779861450195,-1.0241204500198364,0.3907659351825714,1.5479929447174072,3.3194425106048584,3.86600923538208,4.507933616638184,4.015779972076416,4.508922576904297,3.973445177078247,4.17727518081665,7.505964279174805,7.313331604003906,7.162471771240234,6.669919490814209,5.975096702575684,3.165358543395996,1.0667452812194824,1.196675181388855,1.6528373956680298,2.729116916656494,5.64860725402832,7.362033843994141,7.912079811096191,8.04052448272705,6.0262627601623535,3.197866678237915,0.18118402361869812,-1.1370962858200073,-1.506098747253418,-1.2024285793304443,-0.3634475767612457,0.18384435772895813,0.5148473381996155
