data/wind_data/wind_5_1.json
{"header": {"parameterUnit": "KT", "parameterCategory": 2, "nx": 256, "ny": 198, "lo1": 44.73521041870117, "la1": -3.236724853515625, "lo2": 111.26478576660156, "la2": 43.468475341796875, "dx": 0.2609002888202667, "dy": -0.23708222806453705, "refTime": "2025-02-19 05:00:00", "forecastTime": 0, "parameterNumber": 2, "parameterNumberName": "eastward_wind"}, "data":
[rows 114 to 132 of 198, columns 129 to 171 of 256]
-0.9844741225242615,-1.1530874967575073,-0.8834078311920166,-0.4670906662940979,-0.592136800289154,-0.7142378687858582,-0.42121872305870056,0.14405836164951324,0.4564431607723236,1.0091103315353394,1.1831858158111572,2.13820481300354,0.9561353921890259,1.1934049129486084,-0.05007289722561836,-1.2313206195831299,-1.8949004411697388,-2.4736413955688477,-1.5931141376495361,-0.4217277765274048,0.6553608775138855,1.5105680227279663,1.7889028787612915,2.116349697113037,0.9036853313446045,-1.3526211977005005,-3.2453255653381348,-3.5529613494873047,-4.138947010040283,-3.7057464122772217,-3.3127834796905518,-2.6870789527893066,-3.0481107234954834,-3.1375246047973633,-3.4972500801086426,-4.0153021812438965,-4.556873321533203,-5.393794536590576,-6.259756565093994,-6.919985771179199,-7.968720436096191,-8.968563079833984,-9.704049110412598
-0.7672580480575562,0.4224514663219452,0.07312672585248947,0.007411064114421606,-0.576643168926239,-0.6323304772377014,-0.11330967396497726,0.9326370358467102,1.5749657154083252,2.1069798469543457,2.3188540935516357,2.5349974632263184,1.6437894105911255,-0.10410695523023605,-1.3139572143554688,-1.94992995262146,-2.554492950439453,-2.3646059036254883,-1.7725337743759155,-0.9070982933044434,-0.042312171310186386,0.43349510431289673,0.7358662486076355,0.8331884145736694,-0.4941422939300537,-2.336122989654541,-3.4311904907226562,-3.9345977306365967,-4.149173736572266,-4.068874835968018,-4.305466651916504,-4.08123779296875,-4.783364772796631,-5.257565975189209,-5.542351245880127,-5.916473865509033,-6.377737522125244,-7.557643413543701,-8.39102840423584,-8.854355812072754,-9.684906005859375,-10.83981704711914,-12.037959098815918
-0.1920851767063141,0.7990218997001648,0.8594691157341003,0.5690162777900696,0.07775691151618958,-0.2866750955581665,0.1152208149433136,1.1204472780227661,2.088690996170044,2.7251384258270264,2.7908143997192383,2.4494142532348633,0.883476197719574,-1.3115625381469727,-2.3412063121795654,-2.8185958862304688,-2.9398417472839355,-2.395371675491333,-2.0326895713806152,-1.6413475275039673,-1.2952085733413696,-1.4105275869369507,-0.9421035051345825,-0.9604700207710266,-1.71046781539917,-3.2318873405456543,-3.905214548110962,-4.219881057739258,-4.383492946624756,-4.703483581542969,-5.0591254234313965,-5.3819661140441895,-5.711418151855469,-6.162352561950684,-6.169230937957764,-6.456377983093262,-7.006385803222656,-7.746396064758301,-8.674898147583008,-8.520705223083496,-9.070871353149414,-10.782398223876953,-11.804712295532227
1.3228447437286377,0.8636903762817383,1.0574008226394653,0.6032023429870605,0.39445462822914124,0.18758320808410645,0.8622440695762634,2.008124351501465,2.908862829208374,3.012626886367798,2.2279162406921387,0.8673355579376221,-1.2764012813568115,-2.3941233158111572,-2.8759937286376953,-3.1748604774475098,-3.123849630355835,-2.7233033180236816,-2.7655301094055176,-2.7248966693878174,-2.8105390071868896,-2.8821873664855957,-2.3697268962860107,-2.3445868492126465,-3.0416014194488525,-4.190264701843262,-4.694653034210205,-4.989243507385254,-5.094821929931641,-4.961276054382324,-4.955104827880859,-4.574914932250977,-5.549043655395508,-5.482598304748535,-5.6935648918151855,-5.074834823608398,-5.737415790557861,-6.783645153045654,-7.17016077041626,-6.497997760772705,-7.66039514541626,-9.69304084777832,-11.596148490905762
1.9222406148910522,1.4082932472229004,1.313441276550293,0.7812110781669617,0.5821400880813599,0.9960179924964905,1.9280699491500854,2.8578736782073975,3.0198278427124023,2.187072277069092,0.46335485577583313,-1.2181947231292725,-2.343818187713623,-2.5654754638671875,-2.7510950565338135,-3.1355042457580566,-3.5544443130493164,-3.87428617477417,-4.387543678283691,-4.575273036956787,-4.414540767669678,-3.913487195968628,-3.468683958053589,-4.00716495513916,-4.702419281005859,-5.293557167053223,-5.36346960067749,-5.387543201446533,-4.828765869140625,-3.519078493118286,-2.4358279705047607,-3.1144185066223145,-4.67265510559082,-4.620434761047363,-4.595211029052734,-3.838118553161621,-3.5185253620147705,-5.455326080322266,-6.947238922119141,-4.70609188079834,-3.3217246532440186,-4.040870189666748,-5.384392738342285
2.7372922897338867,2.2388198375701904,2.022719144821167,1.5770710706710815,1.3795901536941528,1.6985669136047363,2.1893727779388428,2.346644639968872,1.7627310752868652,0.24444374442100525,-0.9809596538543701,-1.7833999395370483,-2.054299831390381,-2.485038995742798,-3.0544440746307373,-4.127828598022461,-5.048306941986084,-5.823375701904297,-7.030782699584961,-7.481692790985107,-6.6281208992004395,-5.20771598815918,-4.617987155914307,-4.887763023376465,-5.350711822509766,-5.907128810882568,-5.619440078735352,-4.673159599304199,-4.02432918548584,-2.0193653106689453,0.6771355867385864,2.439159393310547,1.0073589086532593,-1.6311695575714111,-0.5631152987480164,0.31977930665016174,0.9910876154899597,-0.5103103518486023,-5.611076831817627,-4.322739124298096,-1.8887957334518433,0.2018021047115326,3.324384927749634
3.2551605701446533,3.3868796825408936,2.724478244781494,2.282241106033325,1.8176124095916748,1.535740852355957,1.3317985534667969,1.0758572816848755,0.1647716462612152,-0.5796657204627991,-0.8529646396636963,-0.9465391039848328,-1.2864923477172852,-2.566318988800049,-4.32747745513916,-6.051732540130615,-6.836690425872803,-7.417726993560791,-8.049537658691406,-7.763978481292725,-6.945653915405273,-5.897915840148926,-4.896442413330078,-4.654707431793213,-4.415979862213135,-4.1742706298828125,-3.1649887561798096,-2.2126224040985107,-1.0617897510528564,1.924567699432373,3.556927442550659,6.0189080238342285,4.395100116729736,1.5547280311584473,1.0189435482025146,3.6313512325286865,7.884973049163818,0.9019352793693542,-1.4890960454940796,0.12323172390460968,3.5192952156066895,2.212862014770508,4.996894359588623
3.8099870681762695,3.5909171104431152,2.4611144065856934,1.594334363937378,0.7858226895332336,0.3524389863014221,0.0384526252746582,-0.36724236607551575,-0.9891868829727173,-1.2348054647445679,-0.9612993001937866,-0.5549882054328918,-0.9920305013656616,-2.7968170642852783,-5.194995880126953,-7.15125036239624,-7.802911281585693,-7.642261981964111,-7.074670314788818,-6.838843822479248,-7.570790767669678,-6.590479373931885,-4.167431354522705,-2.065819501876831,-0.9929925203323364,0.04170075058937073,0.5488892197608948,1.8854042291641235,2.3398780822753906,4.022810935974121,5.2696099281311035,7.254759788513184,8.391737937927246,0.7786240577697754,2.903510093688965,3.1727747917175293,11.064518928527832,5.4321184158325195,-1.0794063806533813,5.656217575073242,8.135092735290527,6.088047027587891,5.076282024383545
3.650221586227417,2.5907657146453857,1.0118812322616577,0.008275976404547691,-0.35144540667533875,-0.7916380763053894,-1.5610631704330444,-1.9309755563735962,-1.9278721809387207,-1.336047887802124,-0.40447086095809937,-0.10214164853096008,-1.0466896295547485,-2.882769823074341,-5.555318355560303,-6.6201491355896,-6.857213020324707,-5.669551849365234,-5.1666035652160645,-4.479644298553467,-7.243876934051514,-7.238896369934082,-5.2639265060424805,-2.24349308013916,0.9915254712104797,2.3468081951141357,0.5322678089141846,0.1654144674539566,2.3535940647125244,3.119246482849121,6.681656837463379,9.032708168029785,11.100629806518555,5.110233306884766,2.4832212924957275,3.3188257217407227,9.235011100769043,12.131348609924316,1.705998420715332,2.6458747386932373,9.311504364013672,12.529653549194336,0.6805158257484436
2.3245902061462402,0.7379118800163269,-0.1856081485748291,-0.3974478840827942,-0.8502076268196106,-1.9781293869018555,-3.191467046737671,-3.483304977416992,-2.7639169692993164,-1.5619947910308838,-0.458656370639801,-0.44185972213745117,-2.223290205001831,-4.007275104522705,-4.546021938323975,-5.039561748504639,-3.837446689605713,-2.620015859603882,-1.7537356615066528,-2.48018217086792,-4.384786128997803,-5.610713481903076,-4.339328289031982,-2.6096014976501465,-0.47510576248168945,2.110985040664673,1.1323676109313965,-0.17565052211284637,0.47551217675209045,4.098040580749512,7.123657703399658,7.4507598876953125,13.630285263061523,12.702005386352539,1.023759365081787,3.293236017227173,5.989890098571777,16.022062301635742,9.237637519836426,4.883525848388672,7.625332832336426,17.489377975463867,3.302572011947632
0.5152223706245422,0.1660567820072174,-0.12028228491544724,-1.072165608406067,-2.1815030574798584,-3.3715083599090576,-4.41774320602417,-4.548893451690674,-3.1087348461151123,-1.5587180852890015,-1.2676124572753906,-1.5148829221725464,-2.7991631031036377,-2.8346943855285645,-2.3216140270233154,-2.190809488296509,-2.1251676082611084,-2.4364912509918213,-1.201244592666626,-1.6983182430267334,-4.321866989135742,-5.506891250610352,-1.358917474746704,-1.1758997440338135,-1.5134565830230713,0.4072088897228241,1.3815784454345703,0.8381273150444031,2.067723035812378,2.897406816482544,6.483146667480469,6.825469493865967,11.116968154907227,19.64360237121582,4.688865661621094,9.218183517456055,12.713255882263184,13.622675895690918,17.364145278930664,16.751218795776367,15.618906021118164,13.401853561401367,12.253815650939941
1.0213228464126587,0.3871898949146271,-1.0749537944793701,-2.5666801929473877,-3.423872470855713,-3.9877421855926514,-5.114374160766602,-4.52399206161499,-3.59037184715271,-1.7457762956619263,-2.2154886722564697,-1.5725934505462646,-0.9613081216812134,-0.9124236702919006,-0.8465868234634399,-2.226369857788086,-2.923914909362793,-1.184895634651184,-1.9059206247329712,-0.5807953476905823,-0.9310341477394104,-2.5739500522613525,0.7278439402580261,0.5273266434669495,1.4288843870162964,1.0711315870285034,0.5020884275436401,1.671094536781311,3.5062482357025146,5.664345741271973,6.033085346221924,12.75272274017334,15.988913536071777,13.002029418945312,12.725739479064941,14.738800048828125,16.316001892089844,15.656997680664062,14.397233963012695,14.865174293518066,15.424263954162598,15.80107307434082,14.024858474731445
1.416454553604126,-0.15154540538787842,-2.0619871616363525,-3.7245442867279053,-4.514543056488037,-4.6407318115234375,-5.513617038726807,-3.9449450969696045,-1.6083543300628662,-0.5929774045944214,-0.059860095381736755,-0.2775287926197052,-1.6650241613388062,-2.1568684577941895,-2.238738775253296,-0.7993904948234558,1.3680702447891235,5.667514324188232,4.209613800048828,0.2643485367298126,2.975752830505371,1.0437983274459839,0.45937401056289673,-0.4895734488964081,0.6027745604515076,3.5170321464538574,1.6083505153656006,2.1539952754974365,9.707330703735352,11.71681022644043,13.718231201171875,14.757217407226562,12.253981590270996,11.40554141998291,11.950502395629883,13.45294189453125,15.208850860595703,15.40943431854248,15.603023529052734,17.297178268432617,17.038312911987305,15.912368774414062,15.055508613586426
1.3638310432434082,-0.19870811700820923,-2.941365957260132,-5.084959030151367,-5.6921772956848145,-4.39886474609375,-1.5511012077331543,0.1332303136587143,0.497188538312912,-1.7029387950897217,-1.1007643938064575,1.1484692096710205,-0.28885388374328613,-0.7884353995323181,-4.630544662475586,1.0263108015060425,4.634776592254639,8.830794334411621,13.776449203491211,14.506391525268555,11.169053077697754,6.1879048347473145,9.096787452697754,10.905385971069336,6.142396450042725,5.360689163208008,6.692591190338135,7.601756572723389,11.690495491027832,13.124736785888672,13.812625885009766,12.532243728637695,13.058608055114746,12.416382789611816,14.767754554748535,16.131933212280273,15.860212326049805,17.462656021118164,17.415382385253906,15.580764770507812,14.699200630187988,14.72545337677002,15.14685344696045
-0.4285537600517273,-2.0933949947357178,-3.259370803833008,-2.3786003589630127,-1.3060117959976196,-5.5085554122924805,-3.81388783454895,1.4786064624786377,2.4082882404327393,-3.2169790267944336,-4.786205291748047,-0.17151537537574768,2.7947521209716797,5.73138427734375,0.9052619338035583,1.949986457824707,5.217336654663086,9.586554527282715,13.305606842041016,19.403717041015625,21.080862045288086,14.945260047912598,14.879789352416992,17.81866455078125,13.55842113494873,9.559377670288086,7.953680038452148,6.635162353515625,10.41569709777832,13.560938835144043,14.791922569274902,14.149560928344727,14.885910987854004,14.061229705810547,16.095308303833008,14.33116626739502,14.336260795593262,15.987719535827637,15.860114097595215,15.829566955566406,17.434307098388672,18.776899337768555,18.014907836914062
-4.081416606903076,-2.9949710369110107,-2.5930416584014893,-1.2224678993225098,1.151395320892334,-1.644652247428894,-4.401547431945801,-0.9250457882881165,2.161877393722534,-1.7256497144699097,-2.3852412700653076,-1.1963425874710083,1.033505916595459,5.9518818855285645,6.826112747192383,9.693404197692871,8.183804512023926,9.126737594604492,13.30671501159668,18.098678588867188,23.12742042541504,18.656370162963867,16.983510971069336,15.853675842285156,12.06982707977295,9.08821964263916,8.769927978515625,9.97438907623291,11.58525562286377,13.364182472229004,14.196056365966797,13.691607475280762,13.220730781555176,14.088356971740723,14.437734603881836,14.753525733947754,14.438985824584961,15.439373970031738,15.949533462524414,17.434850692749023,18.56158447265625,18.97640609741211,17.437856674194336
-2.9196040630340576,-2.531158447265625,-0.9446935057640076,0.8086977005004883,-1.1583836078643799,-5.100879192352295,-5.030900001525879,-2.90173077583313,1.4572352170944214,0.9579892754554749,1.7980369329452515,-2.2862234115600586,-5.277834892272949,-1.1765049695968628,6.186197757720947,9.17455768585205,11.766779899597168,14.559615135192871,16.004634857177734,16.1988468170166,21.391063690185547,17.72817611694336,8.437455177307129,8.6503267288208,9.199556350708008,11.183388710021973,11.675521850585938,13.830917358398438,14.661212921142578,14.983484268188477,15.045794486999512,13.509241104125977,13.30151653289795,13.867021560668945,15.419419288635254,15.430254936218262,15.421453475952148,15.16373062133789,16.442707061767578,18.162723541259766,18.071733474731445,18.272830963134766,14.7120361328125
-0.4510050415992737,-1.3780022859573364,-1.5627561807632446,-1.5274090766906738,-5.457534313201904,-7.191074848175049,-3.5977373123168945,-0.612737774848938,0.7627508640289307,3.523472547531128,3.774902820587158,0.1063244417309761,-7.907970905303955,-6.5426225662231445,1.072243332862854,3.6876330375671387,8.849964141845703,14.778918266296387,16.91624641418457,13.643840789794922,14.513656616210938,9.759727478027344,4.469537734985352,8.310138702392578,10.735346794128418,13.864208221435547,15.327214241027832,16.71255111694336,16.224227905273438,16.86002540588379,14.691529273986816,15.53593921661377,14.499431610107422,14.3234281539917,17.23147201538086,15.31824779510498,16.576366424560547,17.08026695251465,17.443096160888672,18.54279899597168,17.219131469726562,14.697559356689453,13.62382984161377
0.554413378238678,2.1435835361480713,-1.056539535522461,-3.182846784591675,-4.265193939208984,-3.2116281986236572,-3.64165997505188,-1.7251436710357666,1.330867886543274,-0.15653330087661743,0.7528495192527771,5.810624122619629,-3.1186764240264893,-7.4108452796936035,-4.623880863189697,-1.341843843460083,9.760686874389648,14.1853666305542,13.430499076843262,8.941723823547363,7.412337779998779,7.055469989776611,7.411493301391602,10.391644477844238,13.378823280334473,16.0240535736084,18.62305450439453,18.027223587036133,16.65943717956543,14.944093704223633,14.533907890319824,13.878236770629883,14.250938415527344,14.993638038635254,17.669004440307617,15.885292053222656,16.766050338745117,17.209802627563477,16.98678970336914,16.96265411376953,13.267387390136719,10.8541898727417,12.547982215881348
