data/wind_data/wind_6_8.json
{"header": {"parameterUnit": "KT", "parameterCategory": 2, "nx": 256, "ny": 198, "lo1": 44.73521041870117, "la1": -3.236724853515625, "lo2": 111.26478576660156, "la2": 43.468475341796875, "dx": 0.2609002888202667, "dy": -0.23708222806453705, "refTime": "2025-02-19 06:00:00", "forecastTime": 0, "parameterNumber": 2, "parameterNumberName": "eastward_wind"}, "data":
[rows 114 to 132 of 198, columns 176 to 219 of 256]
39.998558044433594,39.494903564453125,39.58094024658203,40.31630325317383,41.42713165283203,43.198177337646484,45.243080139160156,44.799591064453125,41.70597457885742,38.83309555053711,37.71165466308594,37.67042922973633,37.473384857177734,36.11656951904297,33.82021713256836,32.238861083984375,32.648345947265625,34.711368560791016,37.27935791015625,39.9910888671875,42.67524719238281,44.048858642578125,42.49590301513672,39.29436492919922,37.13056182861328,36.10748291015625,35.123878479003906,34.673667907714844,35.02034378051758,35.06111145019531,34.58146667480469,34.242916107177734,34.59262466430664,35.03969192504883,35.59516525268555,38.29694366455078,42.64256286621094,44.36936950683594,42.509193420410156,42.39177322387695,46.683860778808594,48.94779968261719,43.581119537353516,37.49787139892578
41.11607360839844,41.60953140258789,42.12440490722656,42.97383117675781,43.938350677490234,45.226680755615234,46.80635070800781,46.83232879638672,44.55318832397461,42.167213439941406,40.87451171875,39.85429000854492,38.942298889160156,38.08265686035156,36.36631393432617,34.035377502441406,33.4401741027832,35.33538818359375,37.78337860107422,40.0150146484375,43.120948791503906,45.535011291503906,44.3906135559082,40.938377380371094,38.16907501220703,36.51920700073242,35.701595306396484,36.097938537597656,37.087249755859375,37.18939208984375,36.819149017333984,36.60919189453125,36.15486145019531,35.23598861694336,35.57883834838867,39.608734130859375,44.93534851074219,45.60395050048828,43.03804397583008,44.18680953979492,49.79914093017578,51.70676803588867,45.7445182800293,39.77870559692383
40.27157974243164,41.56616973876953,42.63862991333008,43.77427291870117,44.95603942871094,46.22879409790039,47.60574722290039,48.054874420166016,46.69113540649414,44.64335632324219,43.069244384765625,41.58174514770508,40.25761795043945,39.8767204284668,39.09177780151367,36.12629318237305,33.988441467285156,35.41861343383789,37.225341796875,38.763938903808594,42.62153625488281,46.696075439453125,46.787540435791016,43.502403259277344,40.07504653930664,37.876651763916016,37.1873779296875,37.71552658081055,38.40926742553711,38.209659576416016,38.354915618896484,38.79005813598633,38.00062942504883,36.7547607421875,37.81850051879883,42.50306701660156,46.87885284423828,45.88798141479492,43.594730377197266,46.32277297973633,52.096717834472656,52.93382263183594,47.867271423339844,43.35898208618164
39.018531799316406,39.6912956237793,40.76181411743164,42.14297103881836,43.63880920410156,45.28428268432617,47.08870315551758,48.31218719482422,47.96442413330078,46.239585876464844,44.17441940307617,42.27967834472656,41.023929595947266,41.35390853881836,41.790985107421875,39.845096588134766,37.24842834472656,36.57237243652344,36.683719635009766,38.12417221069336,42.2949104309082,46.79411697387695,47.833763122558594,45.19566345214844,41.876861572265625,40.34059143066406,40.377891540527344,40.65520477294922,40.56072998046875,40.054378509521484,39.90796661376953,40.425315856933594,40.19430160522461,39.289241790771484,40.746219635009766,45.64342498779297,49.000606536865234,47.361568450927734,45.96218490600586,49.48024368286133,53.78007125854492,53.08085250854492,49.326377868652344,46.66709899902344
38.37100601196289,38.42641830444336,39.49885177612305,41.002105712890625,42.35466384887695,43.55698013305664,45.02295684814453,46.63672637939453,47.663692474365234,47.449607849121094,46.08777618408203,44.219356536865234,42.72734832763672,42.735992431640625,43.69974136352539,43.41001510620117,41.73768615722656,39.80552291870117,38.70579528808594,39.669776916503906,42.9277458190918,46.532867431640625,47.74108123779297,45.70956802368164,42.73172378540039,41.86042404174805,42.28582763671875,42.22863006591797,42.31892776489258,42.44702911376953,41.97623062133789,42.34302520751953,42.87680435180664,42.675716400146484,44.29939651489258,48.47942352294922,50.4325065612793,48.8624382019043,48.86701202392578,52.69021987915039,54.804901123046875,52.88648986816406,50.76910400390625,49.93438720703125
39.153175354003906,38.607826232910156,39.276363372802734,40.499141693115234,41.442359924316406,42.055179595947266,43.12881851196289,44.905941009521484,46.71308517456055,47.725616455078125,47.7267951965332,46.85440444946289,45.4376106262207,44.503841400146484,44.73611068725586,45.136871337890625,44.883583068847656,43.514991760253906,41.81269454956055,41.623016357421875,43.671749114990234,46.461036682128906,47.85818099975586,46.26130294799805,43.16038513183594,42.04854202270508,41.44951248168945,40.86703872680664,42.34489059448242,43.735321044921875,43.415771484375,44.244590759277344,45.91883087158203,46.63337707519531,48.442134857177734,51.33147430419922,52.415042877197266,51.727230072021484,52.159523010253906,54.94585037231445,55.65129089355469,53.20099639892578,51.91171646118164,52.57685089111328
41.969749450683594,39.875160217285156,39.03079605102539,40.04188537597656,41.53543472290039,42.58518600463867,43.60273361206055,44.908485412597656,46.24197769165039,47.541622161865234,48.7691535949707,49.33494567871094,48.75099182128906,47.61194610595703,46.85110092163086,46.489845275878906,46.34543228149414,45.766571044921875,44.195377349853516,43.04102325439453,44.029605865478516,46.1982536315918,47.21841049194336,45.749027252197266,44.11552810668945,42.84955978393555,40.373477935791016,39.60395431518555,41.91323471069336,43.730716705322266,44.14005661010742,45.847496032714844,48.171852111816406,49.391239166259766,50.92116165161133,53.29700469970703,56.07305145263672,56.938621520996094,55.66279220581055,56.150238037109375,56.85737228393555,54.831539154052734,53.43022918701172,54.43317794799805
45.060028076171875,42.430259704589844,40.13631820678711,39.787227630615234,41.3159065246582,43.30744552612305,44.72907257080078,45.629207611083984,46.271873474121094,46.99188232421875,48.33096694946289,49.9947395324707,51.15159225463867,51.18303680419922,49.994747161865234,48.305904388427734,47.22151184082031,46.97188186645508,46.46086120605469,45.37783432006836,44.92167282104492,45.58882141113281,46.0979118347168,45.26414108276367,43.95029830932617,42.96184539794922,42.33222961425781,42.46432113647461,42.50046157836914,42.26944351196289,43.58769607543945,46.929229736328125,49.94724655151367,51.3016471862793,52.021366119384766,54.489315032958984,59.63145446777344,61.1219482421875,57.70365905761719,56.640193939208984,58.21188735961914,57.608760833740234,56.407649993896484,56.894508361816406
48.201446533203125,44.97894287109375,42.7260856628418,41.325626373291016,40.873023986816406,42.18329620361328,44.34964370727539,45.71228790283203,45.96079635620117,46.2996711730957,47.65439224243164,49.57869338989258,51.33455276489258,52.17040252685547,51.458316802978516,49.69493865966797,48.132450103759766,47.79264450073242,48.48974609375,48.47970962524414,47.00907516479492,46.09227752685547,46.0401611328125,45.63399124145508,45.185630798339844,44.94144821166992,45.15431213378906,44.88139724731445,42.68983840942383,41.381351470947266,43.80729293823242,47.81093978881836,51.12648010253906,53.04241943359375,53.409645080566406,55.550880432128906,61.09584045410156,62.13331604003906,58.1524658203125,56.9755744934082,59.409584045410156,60.6636962890625,60.68455505371094,60.34572219848633
50.03654479980469,47.18756103515625,45.484718322753906,44.583736419677734,42.85456848144531,42.15592956542969,44.084110260009766,46.35723876953125,46.711063385009766,46.541141510009766,47.705169677734375,49.82762908935547,51.463050842285156,52.07166290283203,51.564964294433594,50.26108169555664,49.175697326660156,49.144805908203125,50.282005310058594,51.23503494262695,50.37373352050781,48.86125183105469,48.20314407348633,48.25673294067383,48.09670639038086,47.670692443847656,47.45081329345703,45.38056182861328,42.3012580871582,43.05781936645508,47.23740768432617,50.16324234008789,52.405845642089844,54.24070358276367,53.84513854980469,54.871971130371094,59.67039489746094,61.46894836425781,58.947181701660156,58.13929748535156,60.575645446777344,63.36677932739258,65.0369873046875,63.86626434326172
48.42781448364258,46.683956146240234,47.20387649536133,47.481201171875,45.759254455566406,43.933589935302734,44.22628402709961,46.11543655395508,47.906654357910156,48.35982131958008,48.050132751464844,49.34413528442383,51.780826568603516,52.783714294433594,52.022003173828125,50.706634521484375,49.823402404785156,49.73874282836914,50.586647033691406,51.83937454223633,52.45722198486328,52.4185676574707,51.991580963134766,51.5820198059082,51.150543212890625,51.3238639831543,48.98096466064453,43.97238540649414,42.624481201171875,48.136783599853516,53.82112121582031,54.47422409057617,54.40420150756836,54.28129196166992,51.93277359008789,52.145565032958984,57.10885238647461,60.84072494506836,60.4793701171875,59.70851135253906,61.20513916015625,65.3410415649414,68.67626190185547,66.27366638183594
49.49531173706055,46.029685974121094,46.668975830078125,47.95209503173828,47.298648834228516,45.92866516113281,45.079673767089844,45.729915618896484,48.480735778808594,50.41792297363281,49.26692199707031,48.99143981933594,51.2215461730957,52.99604797363281,52.985374450683594,51.81104278564453,50.39296340942383,49.516849517822266,49.677215576171875,50.883426666259766,52.53181457519531,53.84304428100586,54.461708068847656,54.66532516479492,54.524497985839844,53.621337890625,49.25305938720703,45.21907424926758,47.40385818481445,55.63361740112305,60.44618225097656,58.37220001220703,55.47422409057617,52.80238723754883,49.952945709228516,50.793704986572266,56.285804748535156,61.802894592285156,62.78334045410156,60.97285461425781,61.2797966003418,66.46488952636719,70.4121322631836,67.24037170410156
53.24467086791992,48.22876739501953,46.4704475402832,47.956703186035156,48.7900390625,47.7705078125,46.456424713134766,46.06440734863281,48.011653900146484,50.681217193603516,50.61479949951172,49.77140426635742,50.95414352416992,52.79521179199219,53.705867767333984,53.27716064453125,51.57585906982422,49.56693649291992,48.57633590698242,49.22203063964844,50.89887237548828,52.57172393798828,54.57859802246094,56.31084442138672,56.327640533447266,54.7353630065918,51.9399299621582,51.05668258666992,55.718135833740234,62.05863571166992,60.850189208984375,56.84745788574219,56.10737609863281,55.080238342285156,52.399436950683594,52.21954345703125,56.71220016479492,62.82932662963867,64.79569244384766,62.469627380371094,62.00691604614258,67.08927917480469,70.10480499267578,67.30847930908203
54.0406608581543,51.22766876220703,48.766014099121094,48.41276931762695,49.80280685424805,51.033302307128906,50.131221771240234,47.75177764892578,47.69096755981445,50.35770797729492,51.561283111572266,50.848228454589844,50.91655349731445,52.30873489379883,53.87468719482422,53.85138702392578,52.045841217041016,50.032310485839844,48.97813034057617,49.02342224121094,49.251075744628906,50.36369705200195,53.27867126464844,55.71652603149414,56.279998779296875,56.72396469116211,57.21563720703125,58.800079345703125,62.2441520690918,60.4091911315918,55.12385559082031,55.22393035888672,59.180850982666016,60.25253677368164,57.686126708984375,55.678916931152344,57.92943572998047,63.1661491394043,66.0861587524414,64.84886169433594,64.1672592163086,66.75482940673828,67.529052734375,66.56002044677734
53.06926727294922,51.10009765625,50.184783935546875,49.96403884887695,51.15620040893555,53.147159576416016,53.11981201171875,50.80359649658203,49.51079177856445,50.678611755371094,51.85620880126953,51.721893310546875,51.645774841308594,52.899879455566406,54.22797775268555,53.63678741455078,51.66218566894531,50.23305892944336,50.36419677734375,51.13615417480469,50.897552490234375,50.91755676269531,52.2900505065918,53.967857360839844,56.650150299072266,59.899967193603516,61.370582580566406,62.06210708618164,60.563106536865234,56.50222396850586,55.97304153442383,59.6032829284668,61.9451789855957,61.98385238647461,61.41082763671875,60.346309661865234,60.69432067871094,63.79319381713867,67.28181457519531,68.0022964477539,66.52674865722656,65.6614990234375,65.3455581665039,66.35481262207031
53.68312454223633,50.591556549072266,49.648006439208984,50.865474700927734,52.929351806640625,53.98908233642578,53.581546783447266,52.744266510009766,52.76485061645508,53.524471282958984,53.59941482543945,52.7243537902832,52.224063873291016,53.28596115112305,54.4677734375,53.622962951660156,51.61518859863281,50.672996520996094,51.45284652709961,52.929237365722656,53.65862274169922,53.025901794433594,52.11149215698242,53.497955322265625,57.63688278198242,60.47659683227539,60.391883850097656,59.43217468261719,58.66952896118164,59.91654586791992,62.545772552490234,63.2401123046875,61.416168212890625,60.698753356933594,62.1341552734375,62.90027618408203,63.27194595336914,65.63018798828125,68.93519592285156,69.78719329833984,67.56580352783203,65.7252197265625,66.22685241699219,68.07232666015625
55.7886848449707,52.38340759277344,49.99162673950195,50.082698822021484,51.20827865600586,52.12217712402344,53.038028717041016,54.893280029296875,56.99943923950195,57.19392013549805,55.32161331176758,53.40604782104492,53.2205696105957,54.829925537109375,56.422908782958984,56.06745147705078,54.256404876708984,52.54939270019531,52.099098205566406,53.32513427734375,54.551612854003906,53.579750061035156,52.15700149536133,53.49081039428711,56.739776611328125,58.18906021118164,57.849449157714844,58.343788146972656,60.81527328491211,63.61112976074219,64.12641143798828,62.31473159790039,60.92081069946289,61.724464416503906,63.12525939941406,63.67534637451172,64.95904541015625,67.68814849853516,69.67103576660156,69.3766098022461,67.3696060180664,66.4482650756836,68.3598861694336,70.9767837524414
56.76504135131836,54.92679214477539,53.47251892089844,51.536224365234375,49.81071472167969,49.85932159423828,51.89548110961914,55.586673736572266,58.558170318603516,58.817840576171875,57.47237777709961,56.36257553100586,56.10138702392578,57.089027404785156,58.73725891113281,59.47697067260742,58.711917877197266,56.81026840209961,54.789310455322266,54.07456970214844,54.330142974853516,53.77475357055664,52.91493606567383,53.94675064086914,56.243473052978516,57.49039840698242,57.978755950927734,59.884708404541016,62.64684295654297,63.17317581176758,61.9416618347168,61.62385177612305,62.76729202270508,63.900299072265625,63.862430572509766,63.87333297729492,65.95868682861328,68.57717895507812,69.32630157470703,68.10574340820312,66.31092834472656,66.19718170166016,69.14781188964844,72.79495239257812
58.793174743652344,56.52802276611328,54.911094665527344,54.173011779785156,52.83323669433594,51.05451965332031,51.579627990722656,55.01887130737305,58.45700454711914,59.39437484741211,58.29790496826172,57.114784240722656,57.26707077026367,59.14014434814453,61.63319396972656,62.755245208740234,61.849853515625,59.95115661621094,57.86570739746094,56.19736099243164,55.3970947265625,54.9197883605957,54.39248275756836,54.954803466796875,56.84299087524414,58.76087951660156,60.43443298339844,62.32258224487305,62.50975036621094,60.665184020996094,59.767520904541016,61.48213195800781,63.94203186035156,64.74373626708984,64.29459381103516,64.81684875488281,66.94056701660156,68.72337341308594,68.69465637207031,66.96227264404297,64.9136734008789,65.09883117675781,69.58580780029297,74.12493896484375
