data/wind_data/wind_24_4.json
{"header": {"parameterUnit": "KT", "parameterCategory": 2, "nx": 256, "ny": 198, "lo1": 44.73521041870117, "la1": -3.236724853515625, "lo2": 111.26478576660156, "la2": 43.468475341796875, "dx": 0.2609002888202667, "dy": -0.23708222806453705, "refTime": "2025-02-20 00:00:00", "forecastTime": 0, "parameterNumber": 2, "parameterNumberName": "eastward_wind"}, "data":
[rows 171 to 189 of 198, columns 88 to 131 of 256]
4.573483943939209,3.495696544647217,3.882866859436035,3.895902156829834,2.4031589031219482,0.47271728515625,0.67218416929245,2.267193078994751,2.4561221599578857,5.0500593185424805,5.898117542266846,3.289152145385742,-0.23274287581443787,0.7048290967941284,6.651260852813721,9.404324531555176,10.37912654876709,11.451863288879395,14.123745918273926,18.174606323242188,22.361175537109375,23.760520935058594,22.81427001953125,22.8795108795166,25.042469024658203,23.752552032470703,22.35284996032715,17.87862205505371,12.8558931350708,15.865484237670898,16.27535057067871,14.957481384277344,14.254486083984375,9.687323570251465,3.8407509326934814,1.4969199895858765,0.5722419619560242,0.8866753578186035,1.0543936491012573,1.2921186685562134,1.6822562217712402,2.154995918273926,2.9712460041046143,4.162688255310059
4.498790264129639,4.6538519859313965,5.162755012512207,5.3710856437683105,4.573064804077148,3.323383331298828,3.8543241024017334,4.99912166595459,5.058567523956299,6.036236763000488,6.774502277374268,5.983907222747803,1.7835720777511597,-1.474022388458252,3.3288357257843018,8.096687316894531,10.29457950592041,11.51988697052002,13.125722885131836,15.811279296875,19.320098876953125,23.763280868530273,25.940244674682617,26.545713424682617,27.613073348999023,26.954795837402344,25.64368438720703,19.806854248046875,14.9612455368042,18.16407585144043,18.4735107421875,15.063405990600586,9.89013385772705,2.3474960327148438,-1.9812520742416382,-2.041386365890503,-1.7207739353179932,-0.4473218321800232,1.1432193517684937,1.3314944505691528,1.904689073562622,3.1230533123016357,4.794679164886475,6.056512832641602
5.858223915100098,5.597201347351074,6.8991804122924805,8.080322265625,8.254929542541504,7.540588855743408,7.842095851898193,7.569575786590576,6.782614707946777,5.060328960418701,5.349851131439209,6.234289169311523,3.8252460956573486,-0.4420732259750366,1.4725960493087769,6.45483922958374,9.593901634216309,12.146222114562988,13.797420501708984,15.429885864257812,17.48023223876953,20.91544532775879,24.82021713256836,28.714969635009766,30.122180938720703,30.25147247314453,27.69368553161621,20.86174774169922,16.098974227905273,18.207191467285156,12.467370986938477,5.476253032684326,0.7761670351028442,-3.92049503326416,-5.147279739379883,-5.170625686645508,-3.7297232151031494,-0.33019039034843445,1.00621497631073,1.5126073360443115,2.5099942684173584,4.122597694396973,5.623464584350586,6.20261812210083
7.54200553894043,6.796706199645996,7.63493013381958,9.777600288391113,11.488731384277344,12.022122383117676,10.870172500610352,9.406983375549316,8.262652397155762,4.838051795959473,2.6974105834960938,5.507379531860352,6.308361530303955,3.0652568340301514,0.5479194521903992,4.051445484161377,9.806805610656738,10.888225555419922,11.176643371582031,12.843180656433105,15.668106079101562,19.825103759765625,23.944246292114258,28.571414947509766,31.168943405151367,29.55215072631836,24.755279541015625,20.935626983642578,17.26249885559082,15.697093963623047,5.050368785858154,-2.325683832168579,-4.050903797149658,-4.650197982788086,-4.6454877853393555,-4.392093658447266,-1.5077570676803589,1.301216959953308,2.136476993560791,2.4887750148773193,3.3002543449401855,4.557001113891602,5.274545669555664,5.448286533355713
7.897126197814941,7.181369304656982,7.253668308258057,8.892248153686523,10.861878395080566,12.854705810546875,12.73367977142334,10.907440185546875,10.025883674621582,7.785604953765869,4.094979286193848,3.656765937805176,5.80851411819458,6.238834381103516,2.914402961730957,2.971459150314331,5.984624862670898,9.694640159606934,10.791115760803223,8.402688026428223,9.015243530273438,12.836675643920898,18.21224594116211,23.137901306152344,26.274507522583008,26.65735626220703,25.760684967041016,22.356643676757812,18.43970489501953,8.818979263305664,0.7945452332496643,-1.6642405986785889,-2.0388967990875244,-2.7625694274902344,-2.004333734512329,0.2685898244380951,2.6889729499816895,3.4741547107696533,3.3851242065429688,3.746056079864502,4.700037002563477,5.435146331787109,5.673876762390137,5.851356029510498
7.212233543395996,6.0658745765686035,6.25350284576416,8.35183334350586,10.714056015014648,13.512038230895996,14.613890647888184,11.548620223999023,8.801255226135254,10.137079238891602,12.376747131347656,11.139111518859863,9.675248146057129,8.619203567504883,5.890954971313477,4.436218738555908,3.7728209495544434,5.638828754425049,9.530235290527344,11.778592109680176,12.081544876098633,13.793757438659668,15.223885536193848,16.121416091918945,17.615388870239258,19.881511688232422,20.905860900878906,19.340045928955078,11.744033813476562,2.6894454956054688,-0.0346657820045948,1.2886309623718262,1.1751797199249268,0.25940996408462524,1.6858261823654175,3.949016809463501,4.417583465576172,3.696441411972046,3.849323272705078,4.960577487945557,6.202144145965576,6.961363792419434,7.369670391082764,7.490419387817383
7.552062511444092,6.642302513122559,5.95464563369751,7.009332180023193,9.147738456726074,11.618924140930176,13.702011108398438,14.411165237426758,12.391464233398438,10.556760787963867,11.791074752807617,9.741928100585938,7.785976886749268,10.120931625366211,10.218481063842773,8.314570426940918,7.627089023590088,6.06764030456543,6.831460952758789,10.252140998840332,12.210515022277832,10.226753234863281,9.58810806274414,9.464191436767578,13.151886940002441,14.231834411621094,14.25903034210205,10.70643424987793,4.148720741271973,0.38312259316444397,1.287453532218933,2.727851629257202,2.706244707107544,2.351696252822876,3.249267101287842,4.087366104125977,3.6792564392089844,3.5347301959991455,4.518477439880371,6.1018500328063965,7.4216742515563965,8.260058403015137,8.677921295166016,8.564547538757324
7.449253559112549,6.865717887878418,5.459320068359375,5.1774702072143555,6.307184219360352,7.733249187469482,8.71585750579834,10.407391548156738,11.773133277893066,11.84129524230957,11.35244083404541,7.7401885986328125,4.434702396392822,5.333413600921631,9.76260757446289,10.837761878967285,9.636792182922363,9.01003360748291,6.7814412117004395,6.959725856781006,9.008728981018066,6.269709587097168,6.307855129241943,7.570492744445801,7.785495758056641,7.978768348693848,6.5201826095581055,4.590979099273682,2.6561267375946045,1.9574625492095947,2.7779200077056885,3.682358503341675,3.707960844039917,2.922565460205078,2.7829999923706055,3.079122543334961,3.4016637802124023,4.008760929107666,5.093496799468994,6.317793846130371,7.295989036560059,8.076452255249023,8.474652290344238,8.676451683044434
6.686914920806885,5.717854976654053,4.622851371765137,3.925616979598999,4.001612186431885,4.256587028503418,4.03184175491333,4.4202189445495605,5.485567092895508,7.001426696777344,6.806041717529297,3.631584405899048,1.5325758457183838,1.8839448690414429,4.5371270179748535,6.810195446014404,7.80560827255249,9.775485038757324,10.139092445373535,9.848788261413574,10.249164581298828,8.90481948852539,7.010580062866211,7.5849738121032715,7.681143760681152,7.3733954429626465,6.159820079803467,4.667417526245117,4.268360137939453,3.8048315048217773,3.382528781890869,4.687103748321533,5.117583274841309,4.167787075042725,3.0576703548431396,3.257220983505249,4.48663330078125,5.361865520477295,5.653539180755615,5.806088447570801,6.53718376159668,7.405740261077881,8.082419395446777,8.632612228393555
6.382107257843018,5.627319812774658,4.708003044128418,4.215703964233398,4.141759872436523,4.068681240081787,3.4625186920166016,2.577104091644287,2.121354818344116,2.5147454738616943,2.389831781387329,1.1709035634994507,0.9200612902641296,2.0265583992004395,2.96158766746521,3.412130355834961,3.639096975326538,4.867621421813965,7.901248455047607,10.579719543457031,11.361870765686035,10.880383491516113,8.570009231567383,6.9181928634643555,7.535060882568359,6.967247486114502,7.707732677459717,7.970156192779541,6.697875499725342,5.013076305389404,5.172854423522949,6.279552936553955,7.215535640716553,7.801858901977539,6.646125316619873,4.245419502258301,3.9946646690368652,4.884944438934326,5.380526542663574,5.996885776519775,7.145340919494629,8.045825004577637,8.068812370300293,7.820896625518799
6.273988246917725,6.26137113571167,5.248593807220459,4.635752201080322,4.591136455535889,4.441807746887207,4.2359113693237305,3.3673362731933594,2.636183261871338,2.1743593215942383,1.607354998588562,0.98488450050354,0.8870302438735962,1.5589436292648315,1.4804909229278564,0.26600292325019836,-1.058372139930725,-1.0141903162002563,1.4287588596343994,4.256065368652344,6.4173479080200195,8.012140274047852,7.657270431518555,6.510928153991699,6.342396259307861,5.363966941833496,5.477700710296631,7.316595554351807,7.404452323913574,7.270765781402588,7.992251873016357,8.881905555725098,9.749507904052734,10.600749969482422,10.702086448669434,9.228524208068848,7.677549839019775,7.393357276916504,7.478010177612305,7.4237141609191895,7.9151740074157715,8.035998344421387,6.8619914054870605,6.168388843536377
5.611517429351807,6.167004585266113,5.651644706726074,5.042137622833252,5.0607709884643555,4.953186511993408,4.843059062957764,4.396572589874268,4.810966491699219,4.850374698638916,3.6039223670959473,1.3049100637435913,1.1542048454284668,0.6357855796813965,0.4230871796607971,-0.25980469584465027,-1.9829849004745483,-3.383596181869507,-2.891721487045288,-1.6454194784164429,-0.26374581456184387,2.495685577392578,5.0072503089904785,6.672831058502197,8.578540802001953,8.150399208068848,6.986435890197754,6.518247604370117,6.923050880432129,8.945697784423828,10.909493446350098,11.827466011047363,12.659523963928223,13.668882369995117,14.178488731384277,13.896112442016602,13.232807159423828,12.270288467407227,11.54399585723877,10.50704574584961,9.636693954467773,8.349128723144531,6.011449813842773,5.311190605163574
5.021870136260986,6.158531665802002,6.178956508636475,5.680356502532959,5.728432655334473,5.550540924072266,5.139003753662109,5.118478298187256,6.634921550750732,7.038669109344482,6.838132858276367,4.008995056152344,1.0238306522369385,1.0813432931900024,0.6567894220352173,0.20547138154506683,-1.251531720161438,-3.036198616027832,-3.8942387104034424,-4.349819183349609,-4.007028102874756,-2.080902099609375,1.2544841766357422,6.237596035003662,11.059708595275879,11.680899620056152,10.29924488067627,8.968605995178223,8.731287002563477,9.21094799041748,10.460488319396973,11.434929847717285,12.120014190673828,13.280843734741211,14.822832107543945,15.271751403808594,14.887385368347168,14.391322135925293,13.757274627685547,12.840785026550293,11.493494987487793,10.267507553100586,8.930756568908691,6.926916122436523
3.7791810035705566,6.160412311553955,7.19149923324585,6.782341480255127,6.64723014831543,6.479172706604004,5.803653240203857,5.635038375854492,6.414558410644531,7.636871814727783,8.55916976928711,7.900856018066406,4.073932647705078,1.7067036628723145,2.2496981620788574,1.7325286865234375,0.35658061504364014,-1.101874828338623,-1.9954365491867065,-3.8596692085266113,-5.374362468719482,-3.5568299293518066,0.9410495162010193,6.66218900680542,11.760597229003906,13.158456802368164,13.022130012512207,13.513704299926758,13.846593856811523,13.480212211608887,13.430395126342773,14.092533111572266,14.008631706237793,13.244222640991211,13.356788635253906,13.883262634277344,14.800832748413086,15.474908828735352,15.314981460571289,14.862076759338379,13.491575241088867,11.311742782592773,9.867658615112305,9.05120849609375
2.100395679473877,5.170899391174316,8.0277681350708,8.550420761108398,7.982036590576172,7.657926082611084,7.011671543121338,6.797133922576904,8.138833045959473,10.157050132751465,11.083414077758789,11.953764915466309,11.015914916992188,6.214521408081055,3.314683198928833,3.4663314819335938,3.4903604984283447,3.146970748901367,4.063418388366699,5.250236988067627,4.126538276672363,2.7134175300598145,4.561470031738281,7.555938720703125,10.111564636230469,11.095650672912598,10.02587604522705,9.661322593688965,10.981188774108887,11.540670394897461,10.836394309997559,11.375565528869629,13.201323509216309,14.04262924194336,14.145156860351562,14.58065414428711,15.228188514709473,15.868730545043945,16.594892501831055,16.724958419799805,16.719587326049805,14.203054428100586,10.673521995544434,8.54790210723877
1.8706047534942627,3.8185043334960938,7.4671406745910645,9.80624008178711,9.78062629699707,9.083637237548828,8.396889686584473,8.046548843383789,9.469159126281738,11.578688621520996,12.851533889770508,13.793025970458984,14.812051773071289,11.625775337219238,6.59855318069458,4.567446708679199,5.278231143951416,5.87869119644165,7.163894176483154,9.741755485534668,10.614136695861816,9.578422546386719,9.703335762023926,11.045760154724121,9.177323341369629,9.220212936401367,9.737129211425781,7.583655834197998,6.109952926635742,7.724626541137695,8.766397476196289,9.17838191986084,11.078170776367188,13.25064754486084,14.762005805969238,15.892348289489746,16.69990348815918,16.769100189208984,17.02446746826172,17.462156295776367,17.373029708862305,16.334293365478516,13.326678276062012,9.291976928710938
2.8372533321380615,3.2558188438415527,6.213022708892822,9.41519832611084,10.938773155212402,10.73255729675293,9.827596664428711,9.402008056640625,10.166213035583496,11.390388488769531,12.943309783935547,13.525272369384766,14.316228866577148,14.282159805297852,11.511086463928223,7.881047248840332,6.487645149230957,7.016549587249756,8.096386909484863,10.412742614746094,12.15398120880127,12.35953140258789,12.668439865112305,13.537869453430176,12.349982261657715,12.737340927124023,14.728371620178223,13.970666885375977,11.436474800109863,11.26638412475586,12.33487606048584,12.23684024810791,12.642570495605469,13.580232620239258,14.27815055847168,15.248998641967773,16.73705291748047,17.313814163208008,17.06754493713379,16.563199996948242,16.36355972290039,15.111446380615234,15.266278266906738,13.213747024536133
3.4254584312438965,3.344608783721924,5.024997234344482,8.027928352355957,10.577770233154297,11.591825485229492,11.167977333068848,10.764375686645508,11.495805740356445,12.570463180541992,13.52613639831543,13.284689903259277,12.95856761932373,13.716338157653809,15.097661018371582,13.020532608032227,9.016660690307617,7.514313697814941,8.016570091247559,9.157292366027832,9.188232421875,8.75501823425293,10.07368278503418,13.033652305603027,14.788871765136719,14.145428657531738,14.02824592590332,16.387380599975586,17.97592544555664,18.40447235107422,17.822330474853516,16.612653732299805,16.296937942504883,16.110593795776367,15.996905326843262,16.348541259765625,17.557781219482422,18.40513038635254,17.666475296020508,16.847707748413086,16.695480346679688,16.071840286254883,16.16128158569336,17.392881393432617
3.658637523651123,3.6609408855438232,4.20625114440918,6.451838970184326,9.2735595703125,11.172050476074219,11.536494255065918,11.114974975585938,11.223678588867188,12.494872093200684,13.808027267456055,13.904605865478516,13.332331657409668,13.197896003723145,14.206820487976074,15.317253112792969,14.53041934967041,12.313836097717285,9.67640209197998,8.381196022033691,8.048216819763184,9.182672500610352,11.318665504455566,13.882543563842773,16.072309494018555,15.727071762084961,14.098230361938477,14.099690437316895,17.048166275024414,19.337055206298828,17.369766235351562,15.642412185668945,15.587179183959961,15.633565902709961,15.099214553833008,14.929821968078613,15.591129302978516,16.682100296020508,17.49175453186035,18.63308334350586,19.347829818725586,18.459232330322266,17.610790252685547,17.61078643798828
