data/wind_data/wind_18_7.json
{"header": {"parameterUnit": "KT", "parameterCategory": 2, "nx": 256, "ny": 198, "lo1": 44.73521041870117, "la1": -3.236724853515625, "lo2": 111.26478576660156, "la2": 43.468475341796875, "dx": 0.2609002888202667, "dy": -0.23708222806453705, "refTime": "2025-02-19 18:00:00", "forecastTime": 0, "parameterNumber": 2, "parameterNumberName": "eastward_wind"}, "data":
[rows 160 to 179 of 198, columns 44 to 87 of 256]
69.70728302001953,69.8595962524414,69.67867279052734,69.07805633544922,68.17605590820312,67.5668716430664,67.65421295166016,68.07793426513672,68.44491577148438,68.32295989990234,67.37433624267578,66.17620849609375,65.25422668457031,64.11620330810547,62.37656784057617,60.64440155029297,59.32360076904297,58.082763671875,56.77369689941406,55.51466369628906,54.39606475830078,53.533416748046875,53.027076721191406,52.89106369018555,52.8981819152832,52.571651458740234,51.62010955810547,49.77424240112305,47.795982360839844,47.346229553222656,48.182525634765625,48.785770416259766,48.94811248779297,49.261207580566406,50.043739318847656,50.38991928100586,49.08418273925781,47.230133056640625,45.808589935302734,44.809329986572266,45.30019760131836,45.62483215332031,43.73110580444336,42.166507720947266
68.85354614257812,68.380615234375,67.73236846923828,66.82267761230469,65.83794403076172,65.29497528076172,65.41047668457031,65.70061492919922,65.8694076538086,65.69135284423828,64.7445297241211,63.60580062866211,63.00362014770508,62.49835205078125,61.506195068359375,60.12854766845703,58.698829650878906,57.37251281738281,56.157100677490234,55.03302001953125,54.08854293823242,53.45978927612305,53.01180648803711,52.507022857666016,52.07707595825195,51.791648864746094,51.30110168457031,49.87843322753906,47.50624465942383,45.93381881713867,46.382225036621094,47.6007080078125,48.24838638305664,48.544734954833984,49.02133560180664,49.27008056640625,48.182518005371094,46.51128005981445,45.215267181396484,44.597904205322266,45.104488372802734,45.2242431640625,43.231197357177734,41.569976806640625
67.72306060791016,66.9267349243164,65.94905090332031,64.86817932128906,63.943138122558594,63.421688079833984,63.348426818847656,63.43220901489258,63.45707321166992,63.165279388427734,62.28449249267578,61.421871185302734,61.200931549072266,61.25094223022461,61.02099609375,60.28529357910156,58.986751556396484,57.393680572509766,55.91482925415039,54.72801208496094,53.80289077758789,53.13850021362305,52.65703582763672,52.014747619628906,51.244529724121094,50.713294982910156,50.39065170288086,49.6485595703125,47.81388473510742,45.66109848022461,45.034812927246094,46.178260803222656,47.47196960449219,48.048465728759766,48.226871490478516,48.1251106262207,47.144744873046875,45.789859771728516,44.83347702026367,44.51320266723633,45.17562484741211,44.793792724609375,42.46444320678711,40.88601303100586
66.8587646484375,65.48190307617188,64.1087646484375,62.91337203979492,62.11733627319336,61.775901794433594,61.74699401855469,61.84320831298828,61.91335678100586,61.62103271484375,60.80351257324219,60.07664489746094,59.9543342590332,60.30887985229492,60.67283248901367,60.50749969482422,59.462890625,57.7070198059082,55.8765983581543,54.48346710205078,53.504085540771484,52.69242477416992,52.04536819458008,51.38298034667969,50.512603759765625,49.71113967895508,49.20683288574219,48.736820220947266,47.7585334777832,46.10197830200195,44.80424880981445,45.12914276123047,46.5631103515625,47.560035705566406,47.618141174316406,47.110252380371094,46.191619873046875,45.14562225341797,44.52498245239258,44.37455749511719,45.11465835571289,44.57544708251953,41.4115104675293,39.97894287109375
65.83733367919922,63.87114334106445,62.218772888183594,61.185062408447266,60.813194274902344,60.97951889038086,61.386722564697266,61.71488952636719,61.64667892456055,61.018775939941406,60.146175384521484,59.513729095458984,59.2314453125,59.46719741821289,60.15729904174805,60.472251892089844,59.696834564208984,57.993839263916016,56.003578186035156,54.33367919921875,53.1561164855957,52.1811637878418,51.33710861206055,50.64786911010742,49.80343246459961,48.82763671875,48.07734680175781,47.584999084472656,47.077064514160156,46.28409957885742,45.23178482055664,44.79235076904297,45.66074752807617,46.88741683959961,47.14583969116211,46.39499282836914,45.4962158203125,44.774932861328125,44.358863830566406,44.12498474121094,44.84937286376953,44.33494186401367,40.29203414916992,38.6201286315918
64.65181732177734,62.73861312866211,61.26740646362305,60.4609489440918,60.29541778564453,60.71098709106445,61.47086715698242,62.1146125793457,61.98384094238281,61.033042907714844,60.04705810546875,59.478397369384766,59.036861419677734,58.95787811279297,59.5593376159668,60.010040283203125,59.36727523803711,57.78628158569336,55.90181350708008,54.13361740112305,52.69942092895508,51.54586410522461,50.57600784301758,49.833160400390625,49.056884765625,48.071434020996094,47.208831787109375,46.67936325073242,46.28493881225586,45.8815803527832,45.36437225341797,44.796504974365234,44.8841667175293,45.869632720947266,46.59227752685547,46.07215881347656,45.14210891723633,44.62987518310547,44.310646057128906,43.8846549987793,44.185733795166016,43.85316467285156,39.776161193847656,37.07354736328125
63.83916091918945,61.98966979980469,60.91554260253906,60.62318420410156,60.572078704833984,60.779850006103516,61.388946533203125,62.02803039550781,62.057125091552734,61.432865142822266,60.65174865722656,59.89531707763672,59.065635681152344,58.64321517944336,58.91547393798828,59.06096649169922,58.313072204589844,56.84500503540039,55.20561981201172,53.6263313293457,52.149051666259766,50.89822006225586,49.89329528808594,49.06000518798828,48.25547409057617,47.340362548828125,46.52958679199219,46.03932189941406,45.69501876831055,45.26289367675781,44.837608337402344,44.44358825683594,44.1948356628418,44.64751434326172,45.621463775634766,45.81602478027344,45.14114761352539,44.636905670166016,44.304054260253906,43.679874420166016,43.3398551940918,43.03675079345703,40.05696105957031,36.2670783996582
63.439796447753906,61.9305305480957,61.05205535888672,61.06114196777344,61.217655181884766,61.358821868896484,61.70413589477539,62.07443618774414,62.180694580078125,61.887062072753906,61.16048049926758,60.02391815185547,58.74747085571289,58.02425765991211,57.933135986328125,57.672061920166016,56.82065963745117,55.50604248046875,54.05161666870117,52.7309684753418,51.47985076904297,50.328765869140625,49.37681579589844,48.461673736572266,47.4626579284668,46.491214752197266,45.75187301635742,45.34286117553711,45.08897018432617,44.66679000854492,44.020172119140625,43.4965705871582,43.278194427490234,43.5028076171875,44.37052536010742,45.203338623046875,45.17710494995117,44.730369567871094,44.294124603271484,43.52501678466797,42.685943603515625,42.05535888671875,40.47661209106445,36.78564453125
62.942203521728516,62.3542594909668,61.82401657104492,61.62593460083008,61.62187957763672,61.87971496582031,62.407325744628906,62.803443908691406,62.7032470703125,62.0068244934082,60.77060317993164,59.20539855957031,57.74335479736328,56.9044303894043,56.54747009277344,56.05611801147461,55.27559280395508,54.14040756225586,52.72457504272461,51.54031753540039,50.64898681640625,49.75776290893555,48.86057662963867,47.891300201416016,46.71475601196289,45.55195999145508,44.75951385498047,44.40549850463867,44.23830032348633,43.94496154785156,43.27922821044922,42.458946228027344,42.09987258911133,42.38147735595703,43.19778823852539,44.27822494506836,44.87091064453125,44.6921272277832,44.20384979248047,43.391571044921875,42.25829315185547,41.2006950378418,40.37286376953125,37.78950500488281
63.007389068603516,63.19722366333008,63.038970947265625,62.35667037963867,61.664390563964844,61.73892593383789,62.49971008300781,63.112483978271484,62.79966735839844,61.46384048461914,59.66120147705078,57.8540153503418,56.35426712036133,55.45750045776367,54.94356155395508,54.40302658081055,53.803199768066406,52.857505798339844,51.419857025146484,50.22505187988281,49.62807083129883,49.06624984741211,48.22467041015625,47.19761657714844,46.0051155090332,44.763206481933594,43.80781936645508,43.335975646972656,43.16761779785156,42.99114990234375,42.52700424194336,41.71807098388672,41.13518524169922,41.31541061401367,42.13724899291992,43.25161361694336,44.13636016845703,44.2779541015625,43.87965774536133,43.1742057800293,41.9588623046875,40.55582809448242,39.75400161743164,38.38554763793945
63.81294250488281,63.80894470214844,63.45341873168945,62.64839172363281,61.70275115966797,61.43304443359375,61.88945388793945,62.23194122314453,61.696537017822266,60.19013595581055,58.27058410644531,56.41939163208008,54.946632385253906,54.025291442871094,53.397064208984375,52.84613037109375,52.40687942504883,51.67298126220703,50.35029602050781,49.144493103027344,48.59910202026367,48.21839904785156,47.50988006591797,46.54158020019531,45.4482307434082,44.26227951049805,43.140113830566406,42.328826904296875,41.936222076416016,41.8114128112793,41.6362190246582,41.12275695800781,40.56748580932617,40.55020523071289,41.174068450927734,42.1792106628418,43.100215911865234,43.44047546386719,43.22369384765625,42.75504684448242,41.69547653198242,40.08679962158203,38.95289611816406,38.25090789794922
64.62641143798828,64.00564575195312,63.0181999206543,62.14691925048828,61.44514083862305,61.044700622558594,60.93812561035156,60.65959930419922,59.799861907958984,58.365264892578125,56.61250686645508,54.8698844909668,53.51716995239258,52.682106018066406,52.13431167602539,51.716400146484375,51.37706756591797,50.77495193481445,49.6702995300293,48.5394287109375,47.85573959350586,47.368934631347656,46.74082946777344,45.97562789916992,45.049564361572266,43.875606536865234,42.5403938293457,41.348411560058594,40.63744354248047,40.47977066040039,40.5858268737793,40.48573684692383,40.15512466430664,40.03714370727539,40.36479187011719,41.10662078857422,41.937034606933594,42.34403991699219,42.29262924194336,42.03403854370117,41.292877197265625,39.8419303894043,38.37186813354492,37.61922073364258
64.82034301757812,63.876075744628906,62.46277618408203,61.271488189697266,60.497589111328125,60.045291900634766,59.62861251831055,58.8426399230957,57.5799560546875,56.12784194946289,54.671791076660156,53.28987121582031,52.24383544921875,51.64249038696289,51.33369064331055,51.18024444580078,50.98143005371094,50.431766510009766,49.42808151245117,48.273773193359375,47.31227111816406,46.53305435180664,45.83572006225586,45.21091842651367,44.44007110595703,43.24081802368164,41.71182632446289,40.27819061279297,39.39160919189453,39.19517517089844,39.43552017211914,39.66347122192383,39.63216781616211,39.55332565307617,39.66713333129883,40.12520217895508,40.81023406982422,41.22352600097656,41.237003326416016,41.074031829833984,40.68318176269531,39.691009521484375,38.16358947753906,36.894290924072266
64.3572006225586,63.281898498535156,61.53879928588867,59.92313003540039,58.93119812011719,58.46220779418945,57.935935974121094,56.824031829833984,55.331016540527344,54.09198760986328,53.1804313659668,52.3148193359375,51.612060546875,51.23897171020508,51.108924865722656,51.075164794921875,50.88419723510742,50.261924743652344,49.18080139160156,47.85539245605469,46.56478500366211,45.46266555786133,44.58686828613281,43.9205322265625,43.199554443359375,42.08026885986328,40.64518737792969,39.30455780029297,38.41303634643555,38.113399505615234,38.28382873535156,38.618865966796875,38.85003662109375,38.96114730834961,39.0593376159668,39.31540298461914,39.822811126708984,40.2100944519043,40.23548126220703,40.0677604675293,39.869258880615234,39.39940643310547,38.15723419189453,36.46343994140625
63.107669830322266,61.93729782104492,60.1237907409668,58.45759201049805,57.46358108520508,56.93508529663086,56.256439208984375,55.13250732421875,53.96066665649414,53.28776550292969,52.932064056396484,52.35057830810547,51.6561279296875,51.22615432739258,51.00778579711914,50.75071334838867,50.28066635131836,49.468631744384766,48.260101318359375,46.77864456176758,45.30610275268555,44.044612884521484,43.01644515991211,42.1922607421875,41.43382263183594,40.51405715942383,39.48052978515625,38.56418991088867,37.82987594604492,37.34590530395508,37.24714279174805,37.497615814208984,37.890037536621094,38.2524528503418,38.50212478637695,38.68438720703125,38.99076461791992,39.28749084472656,39.35493087768555,39.24755859375,39.09612274169922,38.88726043701172,38.067996978759766,36.45331573486328
61.540462493896484,60.54728698730469,59.112667083740234,57.70928955078125,56.742069244384766,56.117618560791016,55.398494720458984,54.46689987182617,53.73081588745117,53.55329895019531,53.519901275634766,52.88883590698242,51.798179626464844,50.8722038269043,50.18910598754883,49.47419738769531,48.66168975830078,47.74713134765625,46.580326080322266,45.13542175292969,43.71084213256836,42.50996017456055,41.46041488647461,40.526206970214844,39.732337951660156,39.02083206176758,38.410552978515625,37.94057846069336,37.4517936706543,36.881141662597656,36.51693344116211,36.59014129638672,37.006961822509766,37.537193298339844,37.952491760253906,38.14674377441406,38.276607513427734,38.48565673828125,38.68825149536133,38.75947570800781,38.64871597290039,38.36213684082031,37.6915283203125,36.37368392944336
60.591217041015625,59.90523910522461,58.88724899291992,57.67036819458008,56.6746940612793,55.9841194152832,55.281517028808594,54.46712875366211,53.88101577758789,53.76350021362305,53.628013610839844,52.73747634887695,51.17912673950195,49.6768798828125,48.509483337402344,47.44736862182617,46.430152893066406,45.5291748046875,44.57155227661133,43.41288375854492,42.25062561035156,41.219520568847656,40.22541046142578,39.294456481933594,38.541175842285156,37.9849967956543,37.636878967285156,37.422325134277344,37.11457824707031,36.62465286254883,36.187679290771484,36.09089660644531,36.3744010925293,36.902854919433594,37.42021942138672,37.67856979370117,37.750892639160156,37.91073989868164,38.213863372802734,38.4665641784668,38.45712661743164,38.010826110839844,37.139488220214844,35.83098602294922
60.13227081298828,59.553768157958984,58.631900787353516,57.499839782714844,56.522396087646484,55.73942947387695,54.945350646972656,54.10163116455078,53.380374908447266,52.938602447509766,52.460594177246094,51.32014846801758,49.560089111328125,47.88009262084961,46.625526428222656,45.56216812133789,44.528507232666016,43.615882873535156,42.80819320678711,42.016605377197266,41.24388885498047,40.40449905395508,39.43190383911133,38.5104866027832,37.82304000854492,37.39613723754883,37.219608306884766,37.162227630615234,36.94983673095703,36.52834701538086,36.09834671020508,35.86888122558594,35.94853591918945,36.366905212402344,36.96495056152344,37.37511444091797,37.49111557006836,37.59867477416992,37.900978088378906,38.214908599853516,38.24796676635742,37.81013870239258,36.78763961791992,35.170928955078125
59.314903259277344,58.68309020996094,57.66013717651367,56.460506439208984,55.33644104003906,54.375205993652344,53.576229095458984,52.799381256103516,51.91334915161133,51.030189514160156,50.22265625,49.201725006103516,47.79009246826172,46.354793548583984,45.284934997558594,44.441768646240234,43.507633209228516,42.49628829956055,41.66294479370117,41.16257858276367,40.79890823364258,40.1346435546875,39.10444641113281,38.09614944458008,37.411312103271484,37.09149932861328,37.08612823486328,37.18935012817383,37.03917694091797,36.54132843017578,35.98220443725586,35.63021469116211,35.59487533569336,35.945560455322266,36.63441848754883,37.266944885253906,37.47568893432617,37.508262634277344,37.6540412902832,37.858802795410156,37.92343521118164,37.57913589477539,36.505062103271484,34.555397033691406
57.74482345581055,57.01079559326172,55.80971145629883,54.324317932128906,52.94695281982422,52.01283645629883,51.442928314208984,50.80661392211914,49.892242431640625,48.92212677001953,48.12948226928711,47.426753997802734,46.609012603759766,45.70124816894531,44.900779724121094,44.17002487182617,43.223487854003906,42.06454086303711,41.16434860229492,40.89371871948242,40.87900924682617,40.35688018798828,39.226776123046875,38.063358306884766,37.30842590332031,37.03573989868164,37.127620697021484,37.289268493652344,37.13637924194336,36.503360748291016,35.71383285522461,35.24198532104492,35.24943161010742,35.66990280151367,36.42774200439453,37.24638748168945,37.610374450683594,37.50510025024414,37.356529235839844,37.364227294921875,37.43374252319336,37.0726203918457,35.80968475341797,33.87615966796875
