data/wind_data/wind_16_7.json
{"header": {"parameterUnit": "KT", "parameterCategory": 2, "nx": 256, "ny": 198, "lo1": 44.73521041870117, "la1": -3.236724853515625, "lo2": 111.26478576660156, "la2": 43.468475341796875, "dx": 0.2609002888202667, "dy": -0.23708222806453705, "refTime": "2025-02-19 16:00:00", "forecastTime": 0, "parameterNumber": 2, "parameterNumberName": "eastward_wind"}, "data":
[rows 120 to 139 of 198, columns 0 to 43 of 256]
101.01323699951172,100.54611206054688,101.18694305419922,101.80524444580078,102.13072967529297,101.98650360107422,101.91504669189453,102.06298828125,102.16300964355469,102.25343322753906,102.44415283203125,102.29309844970703,101.89270782470703,102.15967559814453,102.38894653320312,101.94617462158203,101.7054214477539,102.14315795898438,102.83402252197266,103.43814086914062,103.76280212402344,103.65117645263672,103.2249526977539,102.82276916503906,102.67642974853516,102.75958251953125,102.89402770996094,102.95201873779297,102.85266876220703,102.68462371826172,102.739501953125,103.07062530517578,103.38905334472656,103.46981048583984,103.40626525878906,103.4779281616211,103.99678802490234,104.87068939208984,105.53116607666016,105.73513793945312,105.9449691772461,106.52379608154297,107.2061538696289,107.64070129394531
103.08915710449219,102.3943099975586,102.65434265136719,102.67539978027344,102.65705871582031,102.7022705078125,102.94857025146484,103.04197692871094,102.7989501953125,102.68290710449219,102.88630676269531,102.92996215820312,103.30906677246094,103.879638671875,103.3180160522461,102.17649841308594,102.02621459960938,102.87334442138672,103.90145111083984,104.58062744140625,104.75129699707031,104.49024200439453,104.02303314208984,103.57933807373047,103.29829406738281,103.20903015136719,103.27027893066406,103.39252471923828,103.3895263671875,103.2402572631836,103.22089385986328,103.42320251464844,103.5785903930664,103.47543334960938,103.2722396850586,103.4145278930664,104.12507629394531,105.0211410522461,105.71053314208984,106.0702133178711,106.22742462158203,106.62806701660156,107.30152893066406,107.85472869873047
104.43326568603516,103.51739501953125,103.61647033691406,103.30315399169922,103.07421112060547,103.3146743774414,103.5055923461914,103.25745391845703,103.25265502929688,103.9093246459961,103.95738220214844,103.58406066894531,104.0042724609375,104.40576934814453,103.66963195800781,102.95365142822266,103.36409759521484,104.40523529052734,105.23690032958984,105.50264739990234,105.28174591064453,104.8454360961914,104.43284606933594,104.11946868896484,103.90194702148438,103.78984069824219,103.8078842163086,103.88007354736328,103.82330322265625,103.58837127685547,103.45848083496094,103.62149047851562,103.76104736328125,103.542724609375,103.15856170654297,103.21266174316406,103.86642456054688,104.58988189697266,105.38269805908203,106.28533935546875,106.68374633789062,106.9865951538086,107.70751190185547,108.2386703491211
104.8611831665039,103.8726806640625,104.053955078125,103.99467468261719,103.8190689086914,103.42694091796875,103.324951171875,103.66735076904297,103.64710998535156,103.47966003417969,103.62133026123047,104.82960510253906,105.6651840209961,104.63401794433594,102.99227142333984,102.88996124267578,104.21932983398438,105.5635986328125,106.1161117553711,105.896240234375,105.29927825927734,104.7355728149414,104.40443420410156,104.27069854736328,104.21956634521484,104.17642974853516,104.12334442138672,104.02570343017578,103.7557144165039,103.37029266357422,103.27458190917969,103.4976577758789,103.60578155517578,103.33645629882812,102.84806823730469,102.6913833618164,103.09178924560547,103.88610076904297,104.75696563720703,105.43508911132812,106.16736602783203,107.21845245361328,108.412841796875,109.07333374023438
105.03787994384766,104.20800018310547,104.53895568847656,104.69559478759766,104.57357025146484,103.79452514648438,103.05867767333984,102.7752914428711,103.16695404052734,104.24764251708984,105.12773132324219,104.91326141357422,103.97887420654297,103.02940368652344,103.0002212524414,104.31035614013672,105.75199890136719,106.34225463867188,106.13850402832031,105.55303192138672,104.91706085205078,104.45416259765625,104.25369262695312,104.25379943847656,104.30333709716797,104.253173828125,104.04840850830078,103.68991088867188,103.1810302734375,102.78498840332031,102.7667007446289,102.87150573730469,102.87194061279297,102.72511291503906,102.41593170166016,102.21526336669922,102.16387939453125,102.58599853515625,103.90669250488281,104.84101104736328,105.06761169433594,106.07820129394531,107.78253936767578,108.98995208740234
105.05288696289062,104.56210327148438,104.98123168945312,105.0678939819336,104.97415161132812,104.11995697021484,102.98292541503906,102.29290771484375,102.53817749023438,103.46943664550781,105.513671875,107.12410736083984,105.4522933959961,102.4271240234375,102.22162628173828,104.3127670288086,105.9919204711914,106.45267486572266,106.20125579833984,105.66151428222656,105.09485626220703,104.68304443359375,104.48493957519531,104.4704360961914,104.51182556152344,104.4118881225586,104.07438659667969,103.51036071777344,102.91950988769531,102.69603729248047,102.70452880859375,102.57586669921875,102.52839660644531,102.6614761352539,102.61788177490234,102.32058715820312,101.96158599853516,101.98111724853516,103.08061218261719,104.42616271972656,104.80142974853516,105.24900817871094,106.30525970458984,107.19769287109375
105.04647064208984,104.93675994873047,105.32146453857422,105.36459350585938,105.23765563964844,104.41230010986328,103.33092498779297,102.57754516601562,102.5345687866211,103.37454223632812,105.13433074951172,106.94654083251953,106.82948303222656,104.94715881347656,103.88512420654297,104.47288513183594,105.5341796875,106.23493194580078,106.43374633789062,106.24225616455078,105.82452392578125,105.36131286621094,105.06098937988281,105.00788116455078,105.03347778320312,104.87490844726562,104.4275131225586,103.83218383789062,103.45344543457031,103.48302459716797,103.52661895751953,103.36354064941406,103.26781463623047,103.30072784423828,103.44371795654297,103.46167755126953,102.9823226928711,102.5230941772461,102.92330169677734,103.9555435180664,104.88240814208984,105.79393768310547,106.22218322753906,105.67021942138672
105.21797180175781,105.07333374023438,105.3968505859375,105.52011108398438,105.54695892333984,104.76795196533203,103.75981140136719,103.18815612792969,103.0439453125,103.79293060302734,105.52727508544922,106.96354675292969,106.92737579345703,105.94316101074219,105.18670654296875,105.18798065185547,105.61934661865234,106.10865020751953,106.47761535644531,106.61627197265625,106.4283676147461,106.02108764648438,105.69217681884766,105.5194091796875,105.36015319824219,105.07797241210938,104.562744140625,104.12135314941406,104.07048034667969,104.1027603149414,104.08226013183594,104.1341552734375,104.05460357666016,103.709716796875,103.7127914428711,104.31192779541016,104.45435333251953,103.63851165771484,102.88957214355469,103.24681091308594,104.59268188476562,106.18437957763672,106.75129699707031,105.1231689453125
105.35728454589844,104.76934814453125,105.08014678955078,105.35214233398438,105.60955047607422,104.94515991210938,104.04507446289062,103.54194641113281,103.51740264892578,104.52313995361328,105.93791198730469,106.58089447021484,106.37677764892578,105.98516845703125,105.66224670410156,105.45729064941406,105.45281219482422,105.74752044677734,106.15302276611328,106.3600082397461,106.22989654541016,105.90382385253906,105.57306671142578,105.23490905761719,104.92244720458984,104.52981567382812,103.86556243896484,103.43618774414062,103.49502563476562,103.34244537353516,103.13326263427734,103.35169219970703,103.45829010009766,103.09363555908203,102.84906005859375,103.32146453857422,103.86968994140625,103.6282958984375,102.78810119628906,102.6133804321289,103.71700286865234,104.85858154296875,104.91202545166016,103.37178802490234
105.2651138305664,103.95767974853516,104.18637084960938,104.58193969726562,104.92591857910156,104.41886138916016,103.5399169921875,102.97590637207031,103.27934265136719,104.3686752319336,105.1407699584961,105.21758270263672,105.18697357177734,105.18553161621094,105.0552978515625,104.81847381591797,104.76764678955078,104.96170043945312,105.20565795898438,105.2588882446289,105.1611328125,105.04107666015625,104.79463195800781,104.26103210449219,103.6679916381836,103.10968780517578,102.40646362304688,101.99457550048828,101.85161590576172,101.46309661865234,101.30744171142578,101.57504272460938,101.64246368408203,101.5837173461914,101.71665954589844,101.89969635009766,102.04447937011719,102.11825561523438,102.01828002929688,102.23594665527344,102.92205810546875,102.97098541259766,102.13833618164062,101.03250885009766
105.0459213256836,103.1757583618164,103.21549224853516,103.62928009033203,103.91372680664062,103.57881164550781,102.92687225341797,102.61543273925781,102.988037109375,103.48834991455078,103.70338439941406,103.89505004882812,104.16189575195312,104.21998596191406,104.09883117675781,104.04135131835938,104.14288330078125,104.25230407714844,104.27404022216797,104.28187561035156,104.33663177490234,104.30105590820312,103.97001647949219,103.3558578491211,102.68136596679688,101.96417236328125,101.23124694824219,100.82184600830078,100.40985870361328,99.8446273803711,99.88282775878906,100.22412872314453,100.14796447753906,100.20219421386719,100.70956420898438,100.9928970336914,100.92396545410156,100.99723815917969,101.21800994873047,101.44003295898438,101.5545425415039,101.40699768066406,101.08296203613281,100.51277923583984
104.79602813720703,102.8097152709961,102.7362289428711,103.03269958496094,103.21862030029297,103.15392303466797,103.04048919677734,103.01493072509766,103.0297622680664,103.00025939941406,103.09308624267578,103.34156036376953,103.53215026855469,103.64199829101562,103.76544952392578,103.93379211425781,103.96739959716797,103.84105682373047,103.76248931884766,103.85757446289062,103.93932342529297,103.7737808227539,103.36589813232422,102.87516784667969,102.28327178955078,101.50879669189453,100.71881866455078,100.07278442382812,99.47975158691406,99.06788635253906,99.1153793334961,99.25170135498047,99.11937713623047,99.2964859008789,99.77723693847656,100.03412628173828,100.33431243896484,100.49330139160156,99.9900894165039,99.58499145507812,100.08208465576172,100.99523162841797,101.34571075439453,100.50501251220703
104.51106262207031,102.74238586425781,102.64746856689453,102.7655258178711,102.94825744628906,103.12242126464844,103.24604797363281,103.20355987548828,102.98553466796875,102.72888946533203,102.71626281738281,102.92613983154297,103.05901336669922,103.13164520263672,103.44425964355469,103.8310317993164,103.8426742553711,103.58808135986328,103.46583557128906,103.47869110107422,103.38143920898438,103.13994598388672,102.85623168945312,102.54898834228516,102.02656555175781,101.2274398803711,100.44517517089844,99.55695343017578,98.6730728149414,98.58609771728516,98.86000061035156,98.54527282714844,98.05956268310547,98.22607421875,98.50933837890625,98.94559478759766,99.91802978515625,99.71720123291016,98.16683197021484,97.72416687011719,99.2004165649414,101.02215576171875,101.3985595703125,100.00367736816406
104.36514282226562,102.821044921875,102.6875,102.67784881591797,102.84878540039062,103.0309066772461,103.1458511352539,103.10775756835938,102.80072021484375,102.34044647216797,102.17123413085938,102.3869400024414,102.65304565429688,102.82892608642578,103.0395278930664,103.30044555664062,103.42583465576172,103.34949493408203,103.21283721923828,103.0152816772461,102.76537322998047,102.58729553222656,102.47941589355469,102.28939056396484,101.82087707519531,101.1369857788086,100.38493347167969,99.3204574584961,98.31510925292969,98.23897552490234,98.4559097290039,98.00312042236328,97.48145294189453,97.34748840332031,97.28060913085938,98.30243682861328,99.4619369506836,98.33583068847656,96.61066436767578,96.8978271484375,99.01303100585938,100.71582794189453,100.46685028076172,99.06486511230469
104.3829574584961,102.98202514648438,102.76219940185547,102.6391372680664,102.68041229248047,102.79216003417969,102.95203399658203,103.0738754272461,102.85067749023438,102.34786987304688,102.0447769165039,102.1926040649414,102.54293060302734,102.8049087524414,102.9323501586914,103.01934814453125,103.13217163085938,103.17015838623047,102.9839096069336,102.67018127441406,102.44385528564453,102.36463165283203,102.32345581054688,102.14763641357422,101.74579620361328,101.26422119140625,100.57372283935547,99.35694885253906,98.36563110351562,98.22162628173828,98.0982894897461,97.55184173583984,97.00431823730469,96.74348449707031,96.9616928100586,97.76111602783203,98.15862274169922,97.40157318115234,96.50212860107422,97.05078887939453,98.85977172851562,99.57617950439453,98.9073486328125,98.37692260742188
104.14603424072266,102.76239013671875,102.51168823242188,102.36026763916016,102.24405670166016,102.35417938232422,102.64913177490234,102.90926361083984,102.91681671142578,102.66436767578125,102.39090728759766,102.39714813232422,102.70824432373047,103.0774917602539,103.29387664794922,103.3298110961914,103.26203155517578,103.1646499633789,102.96360778808594,102.6652603149414,102.45220947265625,102.37393188476562,102.33876037597656,102.19805145263672,101.83255004882812,101.47349548339844,100.89875030517578,99.67569732666016,98.68600463867188,98.49378967285156,98.13932037353516,97.34259033203125,96.93095397949219,97.171630859375,97.22174835205078,96.82417297363281,96.78019714355469,97.04671478271484,97.1570053100586,97.63508605957031,98.47731018066406,98.56444549560547,98.18989562988281,97.9954605102539
103.41261291503906,102.18240356445312,102.00475311279297,101.92284393310547,101.7355728149414,101.84217834472656,102.23275756835938,102.69515991210938,103.0373764038086,103.08837127685547,102.91098022460938,102.81871795654297,103.01461029052734,103.4446792602539,103.83502197265625,103.89429473876953,103.65572357177734,103.40560913085938,103.19986724853516,102.92558288574219,102.66812896728516,102.50146484375,102.4458999633789,102.3681411743164,101.99456024169922,101.63078308105469,101.13160705566406,100.04187774658203,99.08504486083984,98.63204956054688,97.97122192382812,97.53871154785156,98.02755737304688,98.1849594116211,97.04698181152344,95.99193572998047,96.01123809814453,96.76769256591797,97.69810485839844,97.9774398803711,97.77116394042969,97.63802337646484,97.64905548095703,97.56807708740234
102.92877960205078,101.744140625,101.64327239990234,101.65425109863281,101.48173522949219,101.5963363647461,102.02764129638672,102.57681274414062,103.07568359375,103.33299255371094,103.27198791503906,103.14392852783203,103.24286651611328,103.58534240722656,103.96287536621094,104.12078094482422,103.96070861816406,103.64684295654297,103.29107666015625,102.89249420166016,102.55159759521484,102.29061889648438,102.24549102783203,102.29002380371094,101.99127197265625,101.46452331542969,100.73670959472656,99.8580093383789,99.11161804199219,98.20632934570312,97.4693832397461,98.18541717529297,99.07904815673828,98.0404052734375,96.20630645751953,95.26402282714844,95.3388671875,96.5614013671875,98.17327880859375,98.22225952148438,96.9240951538086,96.40602111816406,96.89006805419922,96.99262237548828
103.22489929199219,101.90768432617188,101.76057434082031,101.72997283935547,101.62784576416016,101.83740234375,102.21643829345703,102.59162902832031,102.97847747802734,103.25342559814453,103.25164794921875,103.15730285644531,103.19287109375,103.33822631835938,103.59503173828125,103.86911010742188,103.90422821044922,103.60826110839844,103.06633758544922,102.46149444580078,101.9848861694336,101.61177062988281,101.64456939697266,101.88082122802734,101.47911834716797,100.62138366699219,99.88458251953125,99.28482055664062,98.39628601074219,97.30968475341797,97.36647033691406,98.68576049804688,98.7320327758789,96.83515167236328,95.09722900390625,94.51256561279297,95.03463745117188,96.7227783203125,98.16429138183594,97.45140075683594,95.8081283569336,95.55237579345703,96.067626953125,95.91514587402344
103.7415542602539,102.42996978759766,102.17118835449219,101.97903442382812,101.87150573730469,102.11325073242188,102.3827133178711,102.5256576538086,102.69783020019531,102.88756561279297,102.95940399169922,102.93294525146484,102.85913848876953,102.85533905029297,103.08096313476562,103.37757110595703,103.41927337646484,103.0897216796875,102.48079681396484,101.78624725341797,101.20916748046875,100.7900390625,100.88892364501953,101.14351654052734,100.52620697021484,99.58038330078125,99.1400146484375,98.4787826538086,97.39109802246094,97.10405731201172,98.01351928710938,98.40232849121094,97.12744903564453,95.29957580566406,94.22884368896484,94.39031982421875,95.421630859375,96.48706817626953,96.86174774169922,96.0881118774414,95.02368927001953,94.70807647705078,94.59590911865234,94.53887176513672
