data/wind_data/wind_Surface_36.json
{"header": {"parameterUnit": "KT", "parameterCategory": 2, "nx": 255, "ny": 198, "lo1": 44.73521041870117, "la1": -3.236724853515625, "lo2": 111.26478576660156, "la2": 43.468475341796875, "dx": 0.26192745566368103, "dy": -0.23708222806453705, "refTime": "2025-02-20 12:00:00", "forecastTime": 0, "parameterNumber": 2, "parameterNumberName": "eastward_wind"}, "data":
[rows 19 to 37 of 198, columns 86 to 128 of 255]
-7.647302150726318,-7.226993560791016,-5.794742584228516,-5.237837314605713,-6.370790004730225,-6.842374801635742,-5.861417293548584,-6.241256237030029,-6.700729846954346,-6.054805278778076,-5.472481727600098,-5.131779670715332,-6.1221604347229,-7.772721290588379,-8.013158798217773,-7.686573505401611,-7.51564359664917,-6.664571762084961,-4.984020709991455,-3.4588358402252197,-2.560936450958252,-3.729757785797119,-6.2260003089904785,-6.816883563995361,-5.431675910949707,-3.2602474689483643,-0.8353748917579651,-4.3283538818359375,-9.06651782989502,-6.620567798614502,-4.492786407470703,-5.488183498382568,-6.179049015045166,-7.009759426116943,-7.011086940765381,-5.561544418334961,-5.1241536140441895,-5.119086742401123,-5.189496040344238,-4.491289138793945,-3.2750890254974365,-5.296663761138916,-5.087254047393799
-8.25804615020752,-7.7944135665893555,-6.817599296569824,-5.911585330963135,-5.892319679260254,-6.484395980834961,-6.635319232940674,-6.766542434692383,-6.900693893432617,-6.480550765991211,-5.8335185050964355,-5.530730724334717,-5.748244285583496,-6.828502178192139,-7.697083950042725,-7.005492687225342,-6.204433917999268,-5.932535648345947,-5.240149974822998,-4.080718040466309,-4.249948501586914,-6.489166736602783,-8.186654090881348,-7.954444408416748,-6.335509300231934,-4.095983982086182,-3.0215628147125244,-5.319520950317383,-7.862118244171143,-5.715767860412598,-3.5175440311431885,-6.617896556854248,-7.485916614532471,-6.49152946472168,-6.921292304992676,-4.56640100479126,-4.16303825378418,-7.766559600830078,-7.469033718109131,-4.187779426574707,-3.999582290649414,-5.6880202293396,-6.933313846588135
-7.701876640319824,-6.914022445678711,-7.475306510925293,-6.94195032119751,-5.3490729331970215,-6.02256441116333,-7.395698070526123,-7.1384429931640625,-6.701858043670654,-6.379438877105713,-6.118666172027588,-6.120018482208252,-6.127737998962402,-6.702388286590576,-6.9613847732543945,-6.546086311340332,-5.980185508728027,-5.5105719566345215,-5.72390604019165,-5.849078178405762,-6.818073749542236,-8.43620777130127,-7.866069793701172,-7.040160179138184,-6.598816871643066,-4.852983474731445,-4.568003177642822,-6.072065830230713,-6.782322883605957,-5.3232598304748535,-4.925314426422119,-5.7772626876831055,-5.626709461212158,-4.68226957321167,-4.289799690246582,-3.34479022026062,-5.398789882659912,-10.007254600524902,-8.122015953063965,-4.176868438720703,-3.5523979663848877,-4.946944236755371,-7.248777866363525
-7.58852481842041,-7.322185039520264,-8.179652214050293,-7.009810447692871,-4.77968692779541,-5.145585536956787,-7.2692694664001465,-7.679446220397949,-6.50896692276001,-6.39151668548584,-6.904902458190918,-6.7428507804870605,-6.304374694824219,-6.653995037078857,-7.5655364990234375,-6.67752742767334,-5.66629695892334,-5.985893726348877,-6.605120658874512,-6.531457424163818,-6.3655805587768555,-7.058272361755371,-7.64354133605957,-7.186389446258545,-6.09405517578125,-5.0770416259765625,-4.936428546905518,-5.229376316070557,-5.406153202056885,-5.588047027587891,-5.820716381072998,-5.21747350692749,-4.168783187866211,-3.5935540199279785,-2.971207857131958,-2.818575620651245,-5.573170185089111,-7.460628986358643,-5.861833572387695,-3.4776132106781006,-2.631568431854248,-3.9887754917144775,-6.42979097366333
-8.61905574798584,-9.301264762878418,-8.314961433410645,-6.9275102615356445,-6.263125896453857,-5.873380661010742,-6.596200942993164,-7.4288506507873535,-6.938926696777344,-6.776922225952148,-7.2734761238098145,-6.609716415405273,-6.332156658172607,-7.077340126037598,-7.372283935546875,-6.703835964202881,-6.054782867431641,-6.282547473907471,-6.674281120300293,-6.691772937774658,-6.661774635314941,-6.739312648773193,-6.810502529144287,-6.445868492126465,-5.4887871742248535,-4.666482448577881,-4.529172420501709,-4.48628044128418,-4.599681854248047,-5.247605800628662,-5.696537017822266,-5.207076072692871,-4.026322364807129,-3.2970616817474365,-3.316195487976074,-3.527647018432617,-3.906672239303589,-4.8244709968566895,-4.287376880645752,-2.3440897464752197,-1.244680643081665,-1.545642375946045,-5.115990161895752
-10.220562934875488,-9.70770263671875,-7.710829734802246,-7.424501419067383,-8.311785697937012,-7.650102615356445,-6.491406440734863,-7.0229997634887695,-7.921393394470215,-7.630119800567627,-6.9403252601623535,-6.553330421447754,-6.576685905456543,-6.902249813079834,-6.889678955078125,-6.833004951477051,-6.902148246765137,-6.84635066986084,-6.7159552574157715,-6.645931720733643,-6.76302433013916,-6.872590065002441,-6.54087495803833,-5.7695207595825195,-4.928884983062744,-4.363972187042236,-4.343428611755371,-4.366914749145508,-4.366469860076904,-4.781825542449951,-5.218889236450195,-5.16914701461792,-4.3434014320373535,-3.459294319152832,-3.249932289123535,-3.506990432739258,-3.957228183746338,-4.285074710845947,-3.846102476119995,-3.2697529792785645,-1.8859320878982544,-2.0255253314971924,-4.005945682525635
-11.1201753616333,-9.527013778686523,-7.660012245178223,-8.049421310424805,-9.02913761138916,-8.475205421447754,-8.016578674316406,-7.9218058586120605,-7.759278297424316,-7.178612232208252,-6.567931175231934,-6.7803521156311035,-7.029673099517822,-6.595165729522705,-6.396596431732178,-6.704300403594971,-6.9007697105407715,-6.883245944976807,-6.880196571350098,-6.649277687072754,-6.467177391052246,-6.220460414886475,-5.737247467041016,-5.127997398376465,-4.849747180938721,-4.787602424621582,-4.853976249694824,-4.919314861297607,-4.898369312286377,-5.012568473815918,-5.135933876037598,-5.062836647033691,-4.549652576446533,-3.890580654144287,-3.3591012954711914,-3.195319890975952,-2.7496182918548584,-2.968402624130249,-3.7436211109161377,-3.570140838623047,-2.00832200050354,-2.5239405632019043,-3.264528274536133
-10.357237815856934,-9.448668479919434,-8.199838638305664,-8.33155632019043,-8.89980411529541,-8.573511123657227,-8.426555633544922,-8.151581764221191,-7.577972412109375,-6.8440446853637695,-6.645791530609131,-7.29011344909668,-7.3928351402282715,-6.534276962280273,-6.132058143615723,-6.386541366577148,-6.465535640716553,-6.377058029174805,-6.265806198120117,-6.0751729011535645,-5.954558849334717,-5.883522033691406,-5.726877689361572,-5.0993971824646,-4.976968288421631,-5.378742694854736,-5.641510963439941,-5.652466773986816,-5.441928863525391,-5.141068935394287,-5.077019214630127,-5.114997386932373,-4.620041370391846,-3.883244037628174,-3.0037121772766113,-2.892455577850342,-2.7664871215820312,-2.9063093662261963,-2.772127389907837,-2.3041608333587646,-1.7508625984191895,-1.8437135219573975,-2.7201526165008545
-9.60550594329834,-9.196682929992676,-8.68939208984375,-8.249967575073242,-8.210002899169922,-8.64361572265625,-8.553094863891602,-8.005167961120605,-7.47401237487793,-6.975175380706787,-6.926885604858398,-7.371291160583496,-7.304858207702637,-6.760873794555664,-6.144399642944336,-6.057095050811768,-5.958073139190674,-5.7403950691223145,-5.663147926330566,-5.300527572631836,-5.159101486206055,-5.462652683258057,-5.656022548675537,-5.222268104553223,-5.074837684631348,-5.496753215789795,-5.931854724884033,-6.052838325500488,-5.486960411071777,-5.110926151275635,-4.98809289932251,-4.881679534912109,-4.3634724617004395,-4.0338215827941895,-3.1683783531188965,-2.934725522994995,-2.550123691558838,-2.394124746322632,-2.1149356365203857,-1.6630520820617676,-1.6980581283569336,-1.5808045864105225,-2.0495831966400146
-8.876646995544434,-8.633544921875,-8.100171089172363,-7.556210517883301,-7.87247371673584,-8.479959487915039,-8.562215805053711,-8.05366325378418,-7.500262260437012,-7.106198310852051,-6.989593982696533,-7.246445655822754,-7.248988628387451,-6.85156774520874,-6.201198101043701,-5.8148345947265625,-5.653773307800293,-5.384856700897217,-5.029146671295166,-4.083072662353516,-3.66393780708313,-4.77426815032959,-5.3526201248168945,-4.852746963500977,-4.899953365325928,-5.116699695587158,-5.438088417053223,-5.538352012634277,-4.953137397766113,-5.0943098068237305,-4.9037299156188965,-4.344130516052246,-3.963968515396118,-3.8109354972839355,-3.0717592239379883,-2.9144344329833984,-2.4349801540374756,-2.2123770713806152,-2.0118260383605957,-1.7638846635818481,-2.1814162731170654,-1.6789371967315674,-1.4628502130508423
-8.579752922058105,-8.21857738494873,-7.926971435546875,-7.914700031280518,-8.037344932556152,-8.071826934814453,-8.075685501098633,-7.659873962402344,-7.21307373046875,-7.112039566040039,-7.021883487701416,-7.10407018661499,-7.095005035400391,-6.756203651428223,-6.103149890899658,-5.706127643585205,-5.7024827003479,-5.376469135284424,-4.793630123138428,-3.818462371826172,-3.5563690662384033,-4.777517795562744,-5.293843746185303,-4.7473931312561035,-4.911623954772949,-4.714492321014404,-4.77377986907959,-5.0864458084106445,-4.353769302368164,-5.1277756690979,-4.920156955718994,-4.022098541259766,-4.1818156242370605,-3.979407548904419,-3.175412178039551,-2.9083073139190674,-2.482407569885254,-2.572042465209961,-2.317020893096924,-1.8067818880081177,-2.0473690032958984,-1.4710389375686646,-1.3061453104019165
-8.678421020507812,-8.460110664367676,-8.412496566772461,-8.115753173828125,-7.907929420471191,-7.972573757171631,-7.929227352142334,-7.666428089141846,-7.5434064865112305,-7.279997825622559,-6.94133186340332,-6.896070957183838,-6.811698913574219,-6.587157249450684,-6.2293291091918945,-5.88920259475708,-5.534420490264893,-5.048670291900635,-4.7096452713012695,-4.714775085449219,-5.3939595222473145,-5.618383407592773,-5.598294734954834,-5.4122724533081055,-5.314510822296143,-4.936973571777344,-4.620920658111572,-5.108076572418213,-4.764190196990967,-5.327834129333496,-4.825726509094238,-4.345734119415283,-4.676889896392822,-4.067080974578857,-3.511237144470215,-3.103440284729004,-2.2331204414367676,-2.570826530456543,-2.1304008960723877,-1.0730317831039429,-0.7968858480453491,-0.3082437813282013,-0.8945145010948181
-8.558557510375977,-8.12340259552002,-8.128527641296387,-8.093727111816406,-8.08823299407959,-8.16648006439209,-7.898360729217529,-7.55431604385376,-7.25075101852417,-6.9169158935546875,-6.71803617477417,-6.888514995574951,-6.771115779876709,-6.277349948883057,-6.127624034881592,-5.959838390350342,-5.578004837036133,-5.060378551483154,-4.715169906616211,-4.640304088592529,-5.04556131362915,-5.010099411010742,-4.893155574798584,-5.080029010772705,-5.159883975982666,-5.136002540588379,-5.172975063323975,-5.5537238121032715,-5.167482376098633,-4.967829704284668,-4.338200092315674,-4.263206481933594,-4.620959758758545,-4.316813945770264,-3.853433847427368,-2.99617338180542,-1.4674307107925415,-2.418307065963745,-1.8577237129211426,0.45733895897865295,0.9387400150299072,1.063071846961975,-0.1754867136478424
-7.935087203979492,-7.732449531555176,-7.843812942504883,-8.255223274230957,-8.4369535446167,-8.31301212310791,-8.012760162353516,-7.478078842163086,-6.819061756134033,-6.30239200592041,-6.170400142669678,-6.587381839752197,-6.475225925445557,-5.983348369598389,-5.837082862854004,-5.571830749511719,-5.067856788635254,-4.562504291534424,-4.434045314788818,-3.993678331375122,-3.9795751571655273,-3.9064371585845947,-3.419614315032959,-3.6322832107543945,-3.8184654712677,-4.070601940155029,-4.933546543121338,-4.952588081359863,-4.072181701660156,-4.0440778732299805,-3.8002820014953613,-3.6027188301086426,-3.9919042587280273,-4.286070823669434,-3.4211459159851074,-2.1446797847747803,-1.1444838047027588,-2.167999267578125,-2.2691338062286377,-0.13146406412124634,0.9677188396453857,1.3628871440887451,0.1920066475868225
-7.5074028968811035,-7.09928560256958,-6.840300559997559,-7.262674808502197,-8.183773040771484,-8.397772789001465,-7.855254650115967,-7.1769304275512695,-6.604074478149414,-6.25706148147583,-6.028261184692383,-6.091465473175049,-6.012836456298828,-5.579672336578369,-5.062671661376953,-4.809730529785156,-4.701387405395508,-4.002820014953613,-3.5595815181732178,-3.24658203125,-2.6549668312072754,-2.299053430557251,-1.5595958232879639,-1.7867361307144165,-2.3099005222320557,-2.6536624431610107,-3.848135471343994,-3.529254913330078,-3.2849414348602295,-3.7650861740112305,-3.940873146057129,-3.4568631649017334,-3.306411027908325,-3.829400062561035,-2.584954261779785,-1.5044662952423096,-2.592550277709961,-2.795842170715332,-3.155484676361084,-2.592815399169922,-1.6491001844406128,-1.6038544178009033,-1.0878373384475708
-7.5181097984313965,-7.09998083114624,-6.533788681030273,-6.045350074768066,-6.7260637283325195,-8.02245044708252,-7.952306270599365,-7.0161590576171875,-6.512478351593018,-6.470678329467773,-6.168162822723389,-5.454712390899658,-5.269167423248291,-5.262593746185303,-4.590031147003174,-4.2100348472595215,-4.399623394012451,-3.323540210723877,-1.8250292539596558,-2.287938356399536,-1.9557923078536987,-1.7046465873718262,-1.749752402305603,-2.3485302925109863,-3.4592790603637695,-3.1773877143859863,-3.488295793533325,-2.8096020221710205,-3.240269660949707,-4.049135208129883,-4.569758892059326,-4.855197429656982,-3.8489480018615723,-3.4090373516082764,-2.14402437210083,-1.6024879217147827,-3.153308868408203,-3.602041244506836,-3.815995931625366,-3.9964327812194824,-3.842212677001953,-3.0435597896575928,-1.0049359798431396
-7.297668933868408,-7.106130123138428,-6.529129981994629,-5.518069744110107,-5.662952899932861,-7.7213897705078125,-8.336886405944824,-7.242196083068848,-6.607863903045654,-6.498411178588867,-6.112215518951416,-5.016816139221191,-4.253684997558594,-4.763512134552002,-5.429605960845947,-4.710699081420898,-3.9474568367004395,-2.801813840866089,-1.1983141899108887,-2.304426908493042,-3.2769556045532227,-3.3764350414276123,-4.240896701812744,-4.809668064117432,-5.428920745849609,-4.9995341300964355,-4.0936150550842285,-3.3969407081604004,-3.845546245574951,-4.369175434112549,-4.919178009033203,-5.515352725982666,-4.290829658508301,-3.1959853172302246,-2.1553313732147217,-2.2130327224731445,-3.158148765563965,-3.142441511154175,-2.777613878250122,-2.6703715324401855,-2.6911489963531494,-2.1104319095611572,-0.6505351662635803
-7.073298454284668,-7.030440330505371,-7.063885688781738,-6.611355781555176,-6.630226135253906,-7.661503314971924,-8.063813209533691,-7.439516544342041,-7.057962894439697,-6.482175350189209,-5.7163987159729,-4.873108863830566,-3.7183568477630615,-4.440091609954834,-5.9128336906433105,-5.171420574188232,-3.965193510055542,-3.8001046180725098,-3.8726887702941895,-4.272697925567627,-4.7716965675354,-4.420117378234863,-4.6294450759887695,-5.108255863189697,-5.247172832489014,-4.715644359588623,-4.241863250732422,-4.191036224365234,-3.954704761505127,-3.764857530593872,-3.7197072505950928,-3.917217493057251,-3.39603328704834,-3.12414288520813,-2.4601943492889404,-2.5789968967437744,-2.6742093563079834,-2.2125442028045654,-2.4080944061279297,-3.163895845413208,-3.4443581104278564,-2.391960382461548,-1.0388858318328857
-6.883984088897705,-6.943410396575928,-7.722921371459961,-7.77476692199707,-8.173542022705078,-8.053820610046387,-7.278986930847168,-7.1000213623046875,-6.826564311981201,-6.150333404541016,-5.381603240966797,-5.226476669311523,-5.078153610229492,-4.955508708953857,-5.508337020874023,-5.202069282531738,-4.669280052185059,-5.071063041687012,-5.178764820098877,-4.714600086212158,-4.659119606018066,-4.338811874389648,-4.074728488922119,-4.138358116149902,-4.232300758361816,-3.834383487701416,-3.797421932220459,-3.946141242980957,-3.3491034507751465,-3.2703816890716553,-2.8751609325408936,-2.525989294052124,-1.8443533182144165,-2.4328439235687256,-2.6323275566101074,-2.5008199214935303,-2.2895097732543945,-2.305159091949463,-4.1732072830200195,-5.065126895904541,-4.665003776550293,-3.5928122997283936,-2.2373695373535156
