data/wind_data/wind_7_6.json
{"header": {"parameterUnit": "KT", "parameterCategory": 2, "nx": 256, "ny": 198, "lo1": 44.73521041870117, "la1": -3.236724853515625, "lo2": 111.26478576660156, "la2": 43.468475341796875, "dx": 0.2609002888202667, "dy": -0.23708222806453705, "refTime": "2025-02-19 07:00:00", "forecastTime": 0, "parameterNumber": 2, "parameterNumberName": "eastward_wind"}, "data":
[rows 80 to 99 of 198, columns 176 to 219 of 256]
60.315574645996094,60.512168884277344,60.48575973510742,60.37123489379883,60.2515983581543,60.06894302368164,59.9062385559082,59.848472595214844,59.886234283447266,59.981143951416016,60.097496032714844,60.10477828979492,59.83469009399414,59.34230041503906,58.91481399536133,58.73845672607422,58.71119689941406,58.50994873046875,57.91373062133789,57.34934997558594,57.27515411376953,57.19527816772461,56.4167594909668,55.18333435058594,54.10407638549805,53.19569778442383,52.105194091796875,50.839561462402344,49.65913772583008,48.82543182373047,48.047794342041016,47.53476333618164,46.820960998535156,45.60947036743164,44.372459411621094,43.27909469604492,41.850379943847656,40.45130157470703,39.357364654541016,38.387939453125,37.05853271484375,35.8609733581543,35.31144714355469,35.157318115234375
64.93733215332031,65.22364807128906,65.3748779296875,65.3058090209961,65.12181091308594,64.88198852539062,64.56455993652344,64.26465606689453,64.0488052368164,63.903865814208984,63.800209045410156,63.646331787109375,63.395225524902344,63.05281448364258,62.587379455566406,61.986934661865234,61.51127243041992,61.34272766113281,61.02169418334961,60.38499069213867,59.87601089477539,59.75050354003906,59.515865325927734,58.42327880859375,56.7265625,55.3715705871582,54.3809814453125,53.23307418823242,51.8621711730957,50.08925247192383,48.995704650878906,49.425228118896484,49.41716766357422,48.31313705444336,46.85554504394531,45.297916412353516,44.06230545043945,43.57948303222656,43.05780792236328,42.43899917602539,40.73771667480469,39.173797607421875,37.84101867675781,37.247371673583984
70.30699157714844,70.14727783203125,69.96357727050781,69.70396423339844,69.42875671386719,69.24105072021484,69.06143951416016,68.72904205322266,68.2690658569336,67.78912353515625,67.3130111694336,66.81713104248047,66.35001373291016,66.04706573486328,65.87197875976562,65.47550964355469,64.84024810791016,64.37606048583984,63.97732162475586,63.34900665283203,62.64653778076172,62.13637924194336,62.03449630737305,61.4750862121582,59.60689163208008,57.328125,55.8502197265625,54.9796257019043,53.758235931396484,51.81895446777344,50.34416198730469,50.599586486816406,50.954864501953125,50.47029495239258,49.34292984008789,47.742034912109375,46.08088684082031,45.79860305786133,46.06767272949219,45.375694274902344,43.90776062011719,42.86970901489258,41.39567947387695,40.02826690673828
74.82393646240234,74.57965850830078,74.1099624633789,73.55725860595703,72.98460388183594,72.48168182373047,72.11759948730469,71.77151489257812,71.33719635009766,70.83541870117188,70.19428253173828,69.39395141601562,68.57432556152344,67.99830627441406,67.73640441894531,67.46440124511719,67.22146606445312,67.04901123046875,66.6419906616211,65.88501739501953,65.11721801757812,64.49498748779297,64.30851745605469,64.01770782470703,62.506011962890625,59.92860794067383,57.734039306640625,56.6319694519043,55.78287124633789,54.24940490722656,53.01398849487305,52.76803207397461,52.494144439697266,52.03031921386719,51.160823822021484,49.82006072998047,48.28329086303711,47.43446350097656,47.64108657836914,47.8212776184082,46.992740631103516,46.06612777709961,45.01719665527344,43.68037796020508
77.36040496826172,77.43759155273438,77.10626220703125,76.58039855957031,76.0043716430664,75.33158874511719,74.5675048828125,73.8293685913086,73.23379516601562,72.82827758789062,72.3587417602539,71.53529357910156,70.4322738647461,69.4873046875,68.88616180419922,68.36589813232422,68.05567169189453,68.11019134521484,68.00560760498047,67.48074340820312,66.7825698852539,66.27916717529297,66.239990234375,66.1445541381836,64.9244613647461,62.793609619140625,60.620086669921875,58.76356506347656,57.470367431640625,56.13133239746094,55.266845703125,55.15267562866211,54.709476470947266,53.8452262878418,52.77444839477539,51.63290786743164,50.60910415649414,49.597801208496094,49.03302001953125,49.200130462646484,49.08720397949219,48.592933654785156,47.90297317504883,47.05256652832031
78.89390563964844,79.0242691040039,78.90150451660156,78.56926727294922,78.14400482177734,77.6695785522461,76.98387908935547,75.99638366699219,75.00137329101562,74.41409301757812,74.07170867919922,73.39826202392578,72.18614959716797,70.89452362060547,69.94381713867188,69.24996185302734,68.84308624267578,68.59090423583984,68.23402404785156,67.7849349975586,67.34265899658203,67.21099090576172,67.47599792480469,67.55252075195312,66.73483276367188,65.54442596435547,64.05425262451172,61.86598587036133,59.88966369628906,58.046138763427734,56.818790435791016,56.69278335571289,56.571136474609375,55.664024353027344,54.2132682800293,52.839420318603516,52.149383544921875,51.70775604248047,51.05139923095703,50.884403228759766,50.270633697509766,50.083030700683594,49.95981979370117,49.64228057861328
80.62523651123047,80.43689727783203,80.22601318359375,80.05421447753906,79.87904357910156,79.60962677001953,79.16719818115234,78.45270538330078,77.54064178466797,76.7277603149414,76.03469848632812,75.1751937866211,73.85914611816406,72.2435531616211,70.7520751953125,69.8477554321289,69.7464828491211,69.51773071289062,68.71112060546875,67.8857192993164,67.40703582763672,67.61013793945312,68.17207336425781,68.28605651855469,67.85282897949219,67.71029663085938,67.1133041381836,65.33424377441406,63.084930419921875,60.684303283691406,58.96678924560547,58.126991271972656,57.776004791259766,56.89912414550781,55.278743743896484,53.977569580078125,53.28721618652344,52.764400482177734,52.90785598754883,52.52756881713867,51.79983901977539,52.04023742675781,51.76185989379883,51.453575134277344
82.1230239868164,81.91907501220703,81.62042999267578,81.41937255859375,81.4057388305664,81.42395782470703,81.2432861328125,80.82926940917969,80.20183563232422,79.39702606201172,78.28203582763672,76.84571838378906,75.22367095947266,73.4382095336914,71.46138000488281,70.10565948486328,70.1131362915039,70.19988250732422,69.46632385253906,68.38496398925781,67.64060974121094,67.82331085205078,68.46099090576172,68.72555541992188,68.76083374023438,69.2018814086914,69.22740173339844,68.10533905029297,66.23697662353516,64.04779815673828,61.815731048583984,60.4467658996582,59.55746841430664,58.11415100097656,56.764400482177734,56.16618347167969,55.41117477416992,54.38499450683594,54.26861572265625,54.27505111694336,53.92332458496094,53.97370529174805,53.66210174560547,53.294715881347656
83.146240234375,83.14948272705078,83.01750946044922,82.89756774902344,82.97402954101562,83.24380493164062,83.38595581054688,83.16436004638672,82.62820434570312,81.74895477294922,80.27482604980469,78.25482940673828,76.15926361083984,74.12606048583984,71.96302795410156,70.34711456298828,70.13426971435547,70.28031158447266,69.844970703125,68.91706848144531,68.08116149902344,68.01121520996094,68.50504302978516,69.00109100341797,69.37696838378906,70.0693588256836,70.71290588378906,70.24213409423828,68.83369445800781,67.135498046875,65.19135284423828,63.58461380004883,62.01895523071289,60.11650085449219,59.04506301879883,58.90974044799805,58.549949645996094,57.56125259399414,56.52924728393555,56.180328369140625,55.83098602294922,55.712406158447266,55.725791931152344,55.22018051147461
84.57070922851562,84.61473083496094,84.57643127441406,84.62147521972656,84.8668441772461,85.23336791992188,85.41131591796875,85.15071868896484,84.42813873291016,83.2463150024414,81.46756744384766,79.18585205078125,76.83154296875,74.46271514892578,72.04341888427734,70.37508392333984,70.03742980957031,70.1125259399414,69.8131103515625,69.14800262451172,68.52184295654297,68.2734603881836,68.49423217773438,68.98825073242188,69.43585968017578,70.30016326904297,71.54847717285156,71.81195068359375,70.86184692382812,69.51068878173828,68.03071594238281,66.44359588623047,64.75685119628906,62.845947265625,61.49176025390625,61.28113555908203,61.344482421875,60.75774383544922,59.29682159423828,58.30390548706055,57.52429962158203,58.06215286254883,57.91831588745117,56.87211227416992
86.36461639404297,86.33872985839844,86.1922836303711,86.1924057006836,86.42800903320312,86.73219299316406,86.73092651367188,86.1564712524414,85.0464859008789,83.53309631347656,81.6335220336914,79.49847412109375,77.25713348388672,74.72744750976562,71.98287963867188,70.19291687011719,69.73722839355469,69.75749969482422,69.59053039550781,69.11628723144531,68.6896743774414,68.45403289794922,68.50559997558594,68.93524932861328,69.39164733886719,70.30879974365234,71.89818572998047,72.77693939208984,72.3357162475586,71.17560577392578,69.89017486572266,68.6257553100586,67.25531005859375,65.40996551513672,63.734458923339844,63.238624572753906,63.272674560546875,62.818153381347656,61.45132827758789,60.388851165771484,59.65171432495117,59.655452728271484,59.61876678466797,58.665287017822266
87.99153137207031,87.8964614868164,87.52616882324219,87.12493133544922,86.80550384521484,86.6491928100586,86.46142578125,85.83578491210938,84.57291412353516,82.8395767211914,80.97310638427734,79.22418975830078,77.36456298828125,74.95152282714844,72.14990997314453,70.20698547363281,69.508056640625,69.47868347167969,69.50409698486328,69.18093872070312,68.70217895507812,68.39134216308594,68.44003295898438,68.86260986328125,69.31974792480469,70.21529388427734,71.84007263183594,73.03406524658203,72.99041748046875,72.06190490722656,71.05591583251953,70.203369140625,69.12374877929688,67.41568756103516,65.74600982666016,65.13943481445312,64.84645080566406,64.20985412597656,63.053646087646484,62.12903594970703,61.65720748901367,61.39670944213867,61.58280563354492,60.95940399169922
89.13184356689453,88.95117950439453,88.334716796875,87.43048095703125,86.46016693115234,85.63105010986328,85.0123062133789,84.36321258544922,83.289794921875,81.70988464355469,80.0955810546875,78.75804138183594,77.29691314697266,75.16007995605469,72.67948150634766,70.77005004882812,69.75778198242188,69.53519439697266,69.62565612792969,69.43348693847656,68.93679809570312,68.50939178466797,68.40436553955078,68.67545318603516,69.17147827148438,70.0062026977539,71.46564483642578,72.71720886230469,72.7951889038086,72.1454086303711,71.63241577148438,71.1675033569336,70.29550170898438,68.87168884277344,67.48616027832031,66.94007873535156,66.52404022216797,65.75642395019531,64.73493957519531,63.662784576416016,63.06132507324219,62.92232131958008,63.19382858276367,62.8896369934082
89.31555938720703,88.74842834472656,87.96380615234375,86.76091766357422,85.28697204589844,83.88275146484375,82.90763092041016,82.30622100830078,81.60063171386719,80.50106048583984,79.35820770263672,78.3760757446289,77.12356567382812,75.28083801269531,73.4945297241211,72.0130844116211,70.8135986328125,70.14566802978516,69.9775161743164,69.85179901123047,69.48161315917969,69.05105590820312,68.71397399902344,68.68310546875,69.20122528076172,69.94393157958984,71.0068359375,71.94245910644531,71.93135070800781,71.56492614746094,71.56783294677734,71.52708435058594,70.93450927734375,69.7898178100586,68.76981353759766,68.50345611572266,68.29552459716797,67.5457534790039,66.58032989501953,65.43476867675781,64.2745361328125,63.972145080566406,64.13536834716797,64.10655975341797
87.89156341552734,86.65214538574219,85.3570785522461,84.08924865722656,82.67012023925781,81.2006607055664,80.16352081298828,79.69835662841797,79.47376251220703,79.11689758300781,78.7100601196289,78.23875427246094,77.02045440673828,75.09478759765625,73.98240661621094,73.37789916992188,72.45093536376953,71.4168472290039,70.68077850341797,70.28347778320312,70.0494155883789,69.86717987060547,69.47736358642578,69.17269134521484,69.51000213623047,70.21685028076172,70.86483001708984,70.91944885253906,70.5673599243164,70.6869125366211,71.15103912353516,71.40565490722656,71.14283752441406,70.38951873779297,69.75360107421875,69.68494415283203,69.66666412353516,69.21234130859375,68.54022979736328,67.49404907226562,66.10956573486328,65.31349182128906,64.991943359375,64.97331237792969
84.0457992553711,82.51799011230469,80.85999298095703,79.58042907714844,78.65452575683594,77.82186126708984,77.16136169433594,76.93960571289062,77.08587646484375,77.329833984375,77.8692398071289,78.27603149414062,76.95995330810547,74.48143005371094,73.92918395996094,74.11978149414062,73.5813217163086,72.63883972167969,71.64844512939453,70.87123107910156,70.53092193603516,70.50619506835938,70.2623291015625,69.80449676513672,69.78923034667969,70.54241943359375,70.92908477783203,70.15840148925781,69.63977813720703,70.19129180908203,70.83008575439453,71.0069580078125,70.92023468017578,70.81581115722656,70.65242004394531,70.40345001220703,70.30908203125,70.47071838378906,70.45761108398438,69.73157501220703,68.40709686279297,67.21012115478516,66.49681854248047,66.0943832397461
78.64795684814453,77.42654418945312,76.01319885253906,75.0235366821289,74.62037658691406,74.59663391113281,74.7453842163086,75.0020980834961,75.29800415039062,75.69508361816406,76.96636199951172,77.989013671875,76.30677795410156,73.60356140136719,73.49079132080078,73.90777587890625,73.46819305419922,72.89917755126953,72.32211303710938,71.56729888916016,70.9972152709961,70.80758666992188,70.61390686035156,70.00140380859375,69.74073028564453,70.47145080566406,70.94756317138672,70.36852264404297,69.80547332763672,70.24201202392578,70.82315826416016,70.75906372070312,70.74281311035156,71.20344543457031,71.27336120605469,70.75409698486328,70.65707397460938,71.38145446777344,72.07015991210938,71.85065460205078,70.76461791992188,69.54962158203125,68.61199188232422,67.76056671142578
73.84782409667969,73.36572265625,72.71464538574219,72.18607330322266,71.99300384521484,72.26799774169922,72.9993667602539,73.91173553466797,74.53087615966797,75.07183074951172,76.46485137939453,77.13267517089844,75.0440444946289,73.0052490234375,73.1026611328125,73.16172790527344,72.54904174804688,72.14197540283203,71.97028350830078,71.57414245605469,71.16028594970703,70.96210479736328,70.62208557128906,69.79045867919922,69.42913055419922,70.13516998291016,70.93629455566406,70.89065551757812,70.23335266113281,70.28101348876953,70.86235809326172,70.94989776611328,71.06339263916016,71.71051788330078,71.89402770996094,71.33290100097656,71.27754211425781,72.2520980834961,73.2547836303711,73.43086242675781,72.90058898925781,72.02230072021484,70.718505859375,69.56466674804688
70.91566467285156,70.88776397705078,70.88188934326172,70.86827850341797,70.91375732421875,71.23702239990234,72.003173828125,73.04754638671875,74.10399627685547,75.05875396728516,76.12635803222656,76.32833862304688,74.16825866699219,72.6661605834961,72.64932250976562,72.38522338867188,71.73837280273438,71.2033462524414,70.89183044433594,70.7000732421875,70.75897216796875,70.85533905029297,70.48612976074219,69.57994842529297,69.1293716430664,69.741943359375,70.72107696533203,70.81396484375,70.00186920166016,70.03103637695312,70.9142074584961,71.41907501220703,71.74827575683594,72.41073608398438,72.73153686523438,72.30911254882812,72.28433227539062,73.1508560180664,73.87625885009766,74.18054962158203,74.29893493652344,73.89615631103516,72.46971893310547,71.15520477294922
69.33060455322266,69.81532287597656,70.25723266601562,70.49436950683594,70.69149780273438,71.1446304321289,71.9072036743164,72.71907043457031,73.8744888305664,74.90676879882812,75.60981750488281,76.09735107421875,74.23578643798828,72.31090545654297,71.6095962524414,71.2847671508789,71.09844970703125,70.68936920166016,70.08756256103516,69.73622131347656,69.9645004272461,70.37711334228516,70.32508850097656,69.66705322265625,69.24656677246094,69.73094177246094,70.46527099609375,70.31832122802734,69.71392059326172,70.0058822631836,70.92347717285156,71.68904113769531,72.39518737792969,73.20465850830078,73.59634399414062,73.3590087890625,73.53938293457031,74.21723175048828,74.31610870361328,74.37948608398438,75.01060485839844,75.19129943847656,74.06352233886719,72.64481353759766
