data/wind_data/wind_29_8.json
{"header": {"parameterUnit": "KT", "parameterCategory": 2, "nx": 256, "ny": 198, "lo1": 44.73521041870117, "la1": -3.236724853515625, "lo2": 111.26478576660156, "la2": 43.468475341796875, "dx": 0.2609002888202667, "dy": -0.23708222806453705, "refTime": "2025-02-20 05:00:00", "forecastTime": 0, "parameterNumber": 2, "parameterNumberName": "eastward_wind"}, "data":
[rows 0 to 18 of 198, columns 0 to 43 of 256]
-17.24602508544922,-16.092729568481445,-15.177082061767578,-14.534001350402832,-13.981741905212402,-13.504507064819336,-12.926722526550293,-12.271936416625977,-11.441376686096191,-10.703015327453613,-10.881711959838867,-11.412215232849121,-11.645480155944824,-11.704216957092285,-11.612618446350098,-11.0797700881958,-9.557601928710938,-8.584585189819336,-9.120918273925781,-9.141864776611328,-8.054068565368652,-7.035181522369385,-6.196564674377441,-5.922415256500244,-6.205477714538574,-5.82675313949585,-4.943463325500488,-4.588618755340576,-4.524932384490967,-4.170022010803223,-3.6274194717407227,-2.908259391784668,-2.0548086166381836,-1.209681510925293,-0.13204236328601837,1.7827250957489014,3.1241564750671387,2.9009218215942383,1.7620004415512085,-0.48909083008766174,-1.986478567123413,-2.0876147747039795,-2.113280773162842,-2.225400924682617
-16.617136001586914,-14.883577346801758,-13.709054946899414,-12.935430526733398,-12.396065711975098,-11.819197654724121,-11.176146507263184,-10.614175796508789,-10.15588092803955,-9.746949195861816,-9.577028274536133,-9.151013374328613,-8.54537296295166,-8.507555961608887,-8.876041412353516,-9.237093925476074,-8.332088470458984,-7.00496768951416,-7.200718879699707,-7.681684494018555,-7.385618686676025,-6.894806861877441,-6.2301788330078125,-5.527081489562988,-5.159984588623047,-4.74294900894165,-3.8877487182617188,-3.4467010498046875,-3.542213201522827,-3.2955124378204346,-2.95501446723938,-2.502918004989624,-1.980887770652771,-1.4894814491271973,-0.4708196222782135,0.8928444981575012,1.698747158050537,1.8464562892913818,0.8795289993286133,-1.8004003763198853,-3.323970317840576,-2.7499024868011475,-2.753072738647461,-3.3476622104644775
-16.58968734741211,-14.647544860839844,-13.540258407592773,-12.909296989440918,-12.361062049865723,-11.50181770324707,-10.706101417541504,-10.152833938598633,-9.796900749206543,-9.524642944335938,-9.05126667022705,-8.33708381652832,-7.886952877044678,-7.859323978424072,-7.998616695404053,-8.270528793334961,-7.819843769073486,-7.171949863433838,-7.383291244506836,-7.375636100769043,-6.818267345428467,-6.389751434326172,-5.903908729553223,-5.287497043609619,-4.892702102661133,-4.525555610656738,-3.8228251934051514,-3.4987897872924805,-3.726205348968506,-3.4599592685699463,-2.956285238265991,-2.717144250869751,-2.388983964920044,-1.6354832649230957,-0.6024771332740784,-0.012553291395306587,0.030635884031653404,-0.06752985715866089,-0.9581500887870789,-2.356842517852783,-3.172966957092285,-4.216576099395752,-5.8957695960998535,-7.124327182769775
-16.555679321289062,-14.525261878967285,-13.596392631530762,-13.127568244934082,-12.455022811889648,-11.046323776245117,-9.899110794067383,-9.465231895446777,-9.38749885559082,-9.390385627746582,-9.114270210266113,-8.853031158447266,-9.25948429107666,-10.069798469543457,-10.932042121887207,-11.767729759216309,-11.9210844039917,-11.7188138961792,-11.669392585754395,-11.244063377380371,-10.59037971496582,-10.176521301269531,-9.796180725097656,-9.296385765075684,-8.662330627441406,-7.89862585067749,-7.3819475173950195,-7.457876682281494,-7.698169231414795,-7.496398448944092,-7.130858421325684,-6.805056095123291,-6.241101264953613,-5.342124938964844,-4.593247413635254,-4.447289943695068,-4.540695667266846,-4.578324317932129,-4.856882572174072,-5.067397117614746,-5.82720947265625,-7.926223278045654,-9.838907241821289,-10.749445915222168
-16.38993263244629,-14.516947746276855,-13.55466365814209,-12.804730415344238,-11.946453094482422,-10.4248628616333,-9.703938484191895,-9.217580795288086,-9.193349838256836,-10.010181427001953,-11.373632431030273,-12.976143836975098,-14.98147201538086,-17.21009063720703,-19.27291488647461,-20.822998046875,-21.739980697631836,-22.245262145996094,-22.50710678100586,-22.628726959228516,-22.537538528442383,-22.124895095825195,-21.416275024414062,-20.588653564453125,-20.023391723632812,-19.906536102294922,-19.88937759399414,-19.782161712646484,-19.808326721191406,-19.983970642089844,-19.864850997924805,-19.2691593170166,-18.57968521118164,-18.2758731842041,-18.412734985351562,-18.575525283813477,-18.600778579711914,-18.42837905883789,-17.808744430541992,-17.052173614501953,-16.88088607788086,-17.327497482299805,-17.512123107910156,-16.897214889526367
-15.548806190490723,-14.22056770324707,-13.249938011169434,-12.744979858398438,-12.670644760131836,-11.458380699157715,-11.378448486328125,-11.370134353637695,-11.712869644165039,-11.867864608764648,-12.29485034942627,-13.054983139038086,-14.04757308959961,-15.06396770477295,-16.009788513183594,-16.962675094604492,-17.98072052001953,-19.02100944519043,-19.775772094726562,-19.971385955810547,-19.754240036010742,-19.3350887298584,-18.51954460144043,-17.267864227294922,-16.011072158813477,-15.273086547851562,-15.063987731933594,-14.994133949279785,-14.7161226272583,-14.385185241699219,-14.211504936218262,-13.98462200164795,-13.667864799499512,-13.75627326965332,-14.403539657592773,-14.948931694030762,-15.612072944641113,-16.457942962646484,-16.758302688598633,-16.607013702392578,-16.312864303588867,-15.843289375305176,-15.488325119018555,-15.724466323852539
-13.548158645629883,-12.818758964538574,-12.23801326751709,-12.319950103759766,-13.3052978515625,-12.8845796585083,-12.908720016479492,-12.759164810180664,-12.52209186553955,-12.06729507446289,-12.192434310913086,-13.069527626037598,-14.229316711425781,-15.268818855285645,-16.494060516357422,-17.907215118408203,-19.213417053222656,-20.41579246520996,-21.362995147705078,-21.59670639038086,-21.216657638549805,-20.725662231445312,-20.318206787109375,-20.04952621459961,-19.87215232849121,-19.463253021240234,-18.755586624145508,-18.045312881469727,-17.637014389038086,-17.328510284423828,-16.914766311645508,-16.51076316833496,-15.888792037963867,-15.273636817932129,-15.289823532104492,-15.586038589477539,-16.158035278320312,-16.975234985351562,-17.32571792602539,-17.21681785583496,-16.79596519470215,-16.038578033447266,-15.19153881072998,-14.611138343811035
-12.419018745422363,-11.869043350219727,-11.568853378295898,-11.852054595947266,-13.057565689086914,-13.166559219360352,-13.340360641479492,-13.141777992248535,-12.857481002807617,-12.611723899841309,-13.080126762390137,-14.041674613952637,-14.80517292022705,-15.30187702178955,-16.02479362487793,-16.951597213745117,-17.954105377197266,-18.98948097229004,-19.76781463623047,-19.92095375061035,-19.51923370361328,-18.93706703186035,-18.48047637939453,-18.27349281311035,-18.246747970581055,-18.062162399291992,-17.816925048828125,-17.59868812561035,-17.46904945373535,-17.320945739746094,-16.834152221679688,-16.212997436523438,-15.526305198669434,-14.854059219360352,-14.675464630126953,-14.84986686706543,-15.118651390075684,-15.50815486907959,-15.898398399353027,-16.13683319091797,-15.916094779968262,-15.291128158569336,-14.566150665283203,-14.091438293457031
-12.638882637023926,-12.062493324279785,-11.731511116027832,-11.783804893493652,-12.328898429870605,-12.599464416503906,-12.944355964660645,-12.967123031616211,-12.878493309020996,-12.778854370117188,-13.029461860656738,-13.719149589538574,-14.524944305419922,-15.42242431640625,-16.415098190307617,-17.324464797973633,-18.17241859436035,-18.99335289001465,-19.55995750427246,-19.616641998291016,-19.30928611755371,-19.01262092590332,-18.91512680053711,-18.83409309387207,-18.58563804626465,-18.213438034057617,-18.01941680908203,-17.930173873901367,-17.663949966430664,-17.26128578186035,-16.674362182617188,-15.969022750854492,-15.451051712036133,-14.928043365478516,-14.49356746673584,-14.520440101623535,-14.726017951965332,-14.827850341796875,-14.987704277038574,-15.051620483398438,-14.700910568237305,-14.128847122192383,-13.584427833557129,-13.273504257202148
-12.630020141601562,-12.093073844909668,-11.727328300476074,-11.556598663330078,-11.830132484436035,-12.133854866027832,-12.566826820373535,-12.758922576904297,-12.63796329498291,-12.636043548583984,-12.934090614318848,-13.712372779846191,-14.792862892150879,-16.023725509643555,-17.00857925415039,-17.63162612915039,-18.095077514648438,-18.558853149414062,-18.825096130371094,-18.67603874206543,-18.243274688720703,-17.87717056274414,-17.707273483276367,-17.548723220825195,-17.473833084106445,-17.495403289794922,-17.605323791503906,-17.535112380981445,-17.1554012298584,-16.633665084838867,-16.037479400634766,-15.301377296447754,-14.664554595947266,-14.356849670410156,-14.311187744140625,-14.468135833740234,-14.545573234558105,-14.595252990722656,-14.643867492675781,-14.394598960876465,-13.807717323303223,-13.201066970825195,-12.692464828491211,-12.3273344039917
-12.286524772644043,-11.608501434326172,-11.130267143249512,-10.582509994506836,-10.941947937011719,-11.557852745056152,-12.078986167907715,-12.266290664672852,-12.10928726196289,-12.102499008178711,-12.503996849060059,-13.512333869934082,-14.983925819396973,-16.481849670410156,-17.44461441040039,-17.963720321655273,-18.26274871826172,-18.4593448638916,-18.45827293395996,-18.282119750976562,-17.99216079711914,-17.58539581298828,-17.14142417907715,-16.968870162963867,-17.197603225708008,-17.55450439453125,-17.58983039855957,-17.115367889404297,-16.61634635925293,-16.251794815063477,-15.66821002960205,-14.832106590270996,-14.237696647644043,-14.065959930419922,-14.310545921325684,-14.421858787536621,-14.420151710510254,-14.641369819641113,-14.687442779541016,-14.114774703979492,-13.211434364318848,-12.462502479553223,-11.971660614013672,-11.64943790435791
-11.702353477478027,-11.162294387817383,-10.846162796020508,-10.111727714538574,-10.273701667785645,-10.984346389770508,-11.528700828552246,-11.62423038482666,-11.609539985656738,-11.766671180725098,-12.397806167602539,-13.640742301940918,-15.274093627929688,-16.685632705688477,-17.5185489654541,-17.950685501098633,-18.100830078125,-18.02021026611328,-17.900127410888672,-17.893869400024414,-17.859294891357422,-17.40757942199707,-16.60576820373535,-16.16307830810547,-16.4955997467041,-17.125696182250977,-17.31155014038086,-16.912019729614258,-16.47831153869629,-16.006147384643555,-15.289146423339844,-14.740589141845703,-14.44991397857666,-14.39242935180664,-14.473745346069336,-14.371365547180176,-14.484712600708008,-14.868671417236328,-14.964789390563965,-14.352177619934082,-13.29073429107666,-12.338908195495605,-11.82415771484375,-11.507265090942383
-10.908466339111328,-10.752893447875977,-10.612022399902344,-10.012913703918457,-10.000589370727539,-10.282819747924805,-10.802779197692871,-10.949579238891602,-11.169700622558594,-11.61247730255127,-12.473431587219238,-13.72407341003418,-15.13448715209961,-16.197710037231445,-16.837867736816406,-17.176565170288086,-17.190885543823242,-17.046876907348633,-17.092994689941406,-17.40053367614746,-17.70262336730957,-17.465391159057617,-16.546810150146484,-15.794591903686523,-15.956498146057129,-16.622272491455078,-16.941349029541016,-16.77533721923828,-16.35014533996582,-15.536812782287598,-14.734519004821777,-14.586706161499023,-14.745985984802246,-14.837416648864746,-14.790435791015625,-14.77035140991211,-14.891599655151367,-15.027287483215332,-14.965731620788574,-14.484846115112305,-13.629520416259766,-12.711349487304688,-12.164783477783203,-11.817374229431152
-10.345488548278809,-9.829202651977539,-9.565658569335938,-9.215378761291504,-9.185715675354004,-9.405272483825684,-9.965312957763672,-10.314095497131348,-10.752518653869629,-11.421612739562988,-12.32360553741455,-13.2142333984375,-14.0745210647583,-14.722454071044922,-15.181198120117188,-15.482073783874512,-15.564308166503906,-15.591414451599121,-15.865935325622559,-16.40183448791504,-16.871597290039062,-16.874202728271484,-16.329296112060547,-15.71646785736084,-15.68459701538086,-16.0626277923584,-16.311744689941406,-16.267072677612305,-15.729063987731934,-14.971786499023438,-14.602538108825684,-14.634943962097168,-14.784010887145996,-14.999983787536621,-15.112345695495605,-15.200794219970703,-15.198565483093262,-15.024062156677246,-14.690237045288086,-14.1592378616333,-13.548880577087402,-12.881976127624512,-12.322182655334473,-11.870182037353516
-9.915048599243164,-8.548489570617676,-8.248946189880371,-7.962579250335693,-7.554207801818848,-8.391061782836914,-8.701557159423828,-9.296895980834961,-9.917954444885254,-10.672134399414062,-11.365242004394531,-11.898075103759766,-12.41189956665039,-12.870908737182617,-13.331082344055176,-13.808340072631836,-14.088586807250977,-14.179280281066895,-14.422767639160156,-14.967547416687012,-15.51672077178955,-15.775069236755371,-15.72555160522461,-15.49962043762207,-15.418688774108887,-15.511484146118164,-15.524503707885742,-15.311198234558105,-14.857383728027344,-14.618492126464844,-14.72034740447998,-14.673734664916992,-14.685672760009766,-14.887543678283691,-15.015049934387207,-15.040955543518066,-14.851142883300781,-14.531624794006348,-14.096141815185547,-13.500762939453125,-13.074902534484863,-12.834210395812988,-12.427091598510742,-11.76007080078125
-9.18022632598877,-7.886447429656982,-7.5173234939575195,-6.468089580535889,-5.398336887359619,-6.987031936645508,-7.065703392028809,-7.791963577270508,-8.579303741455078,-9.384724617004395,-9.98282241821289,-10.494213104248047,-10.94678783416748,-11.332212448120117,-11.788747787475586,-12.36237907409668,-12.812468528747559,-13.055355072021484,-13.295614242553711,-13.683551788330078,-14.18550968170166,-14.678525924682617,-15.04522705078125,-15.21672248840332,-15.116812705993652,-14.759422302246094,-14.377297401428223,-14.07361888885498,-13.89616870880127,-14.034435272216797,-14.297529220581055,-14.332466125488281,-14.43602466583252,-14.48318099975586,-14.377479553222656,-14.053045272827148,-13.60590648651123,-13.344243049621582,-13.170167922973633,-12.984657287597656,-12.774272918701172,-12.673446655273438,-12.239275932312012,-11.409455299377441
-8.380790710449219,-7.631593227386475,-6.9530510902404785,-5.050342082977295,-3.6107919216156006,-5.401169300079346,-5.712081432342529,-6.515127658843994,-7.42710018157959,-8.325615882873535,-9.034242630004883,-9.584440231323242,-9.970701217651367,-10.249150276184082,-10.627891540527344,-11.163116455078125,-11.662851333618164,-12.058935165405273,-12.42181396484375,-12.742341995239258,-13.157927513122559,-13.795318603515625,-14.480445861816406,-14.886425971984863,-14.779718399047852,-14.189310073852539,-13.473007202148438,-13.070096969604492,-13.04744815826416,-13.073290824890137,-13.091606140136719,-13.194477081298828,-13.530743598937988,-13.670069694519043,-13.389688491821289,-12.751134872436523,-12.291081428527832,-11.984322547912598,-12.078166961669922,-12.592626571655273,-12.588004112243652,-12.170053482055664,-11.511857986450195,-10.743952751159668
-8.210076332092285,-7.2927374839782715,-6.3413190841674805,-4.322170734405518,-2.855787992477417,-4.320903778076172,-5.059479713439941,-6.032828330993652,-6.849974155426025,-7.640523433685303,-8.436670303344727,-9.059499740600586,-9.381893157958984,-9.570115089416504,-9.90197467803955,-10.411258697509766,-10.921422004699707,-11.326108932495117,-11.630727767944336,-11.903054237365723,-12.4143705368042,-13.21813678741455,-14.068480491638184,-14.682021141052246,-14.746665000915527,-14.06561279296875,-13.062409400939941,-12.534005165100098,-12.51823902130127,-12.423399925231934,-12.046836853027344,-11.831584930419922,-12.147868156433105,-12.45434856414795,-12.33098030090332,-11.8729829788208,-11.530003547668457,-11.000177383422852,-10.937191009521484,-11.628150939941406,-11.717609405517578,-11.155128479003906,-10.516916275024414,-10.016399383544922
-8.250093460083008,-7.226393699645996,-6.234180927276611,-4.469935894012451,-3.4014370441436768,-4.429776668548584,-5.424180030822754,-6.3901777267456055,-6.764403343200684,-7.153569221496582,-7.864748954772949,-8.605523109436035,-9.073161125183105,-9.358572006225586,-9.717032432556152,-10.218485832214355,-10.655500411987305,-10.922988891601562,-11.041701316833496,-11.20374870300293,-11.733908653259277,-12.677027702331543,-13.656173706054688,-14.311741828918457,-14.441815376281738,-13.905708312988281,-13.081733703613281,-12.555166244506836,-12.43135929107666,-12.224008560180664,-11.647079467773438,-11.094894409179688,-11.00760555267334,-11.102633476257324,-11.256714820861816,-11.467191696166992,-11.171645164489746,-10.786110877990723,-10.429346084594727,-10.48921012878418,-10.140143394470215,-9.694225311279297,-9.391532897949219,-9.186395645141602
