data/wind_data/wind_35_9.json
{"header": {"parameterUnit": "KT", "parameterCategory": 2, "nx": 256, "ny": 198, "lo1": 44.73521041870117, "la1": -3.236724853515625, "lo2": 111.26478576660156, "la2": 43.468475341796875, "dx": 0.2609002888202667, "dy": -0.23708222806453705, "refTime": "2025-02-20 11:00:00", "forecastTime": 0, "parameterNumber": 2, "parameterNumberName": "eastward_wind"}, "data":
[rows 38 to 56 of 198, columns 172 to 214 of 256]
30.151500701904297,28.565441131591797,26.021068572998047,23.538578033447266,22.102922439575195,21.82021141052246,22.287809371948242,23.416282653808594,24.4871768951416,24.4805850982666,23.378225326538086,22.882902145385742,23.76653289794922,24.982711791992188,25.796327590942383,26.84403419494629,27.74344253540039,28.103744506835938,28.813627243041992,30.76123809814453,32.388492584228516,32.6518669128418,31.261926651000977,29.09292221069336,27.370662689208984,27.650676727294922,28.954153060913086,28.573532104492188,25.51742172241211,22.27225112915039,21.085988998413086,20.968896865844727,20.545642852783203,20.884761810302734,21.966445922851562,23.095643997192383,23.970375061035156,24.74951934814453,25.837909698486328,27.210205078125,27.86527442932129,27.8764591217041,28.310020446777344
30.326234817504883,28.859878540039062,26.388919830322266,23.85428810119629,21.911212921142578,21.164794921875,21.7280330657959,23.126554489135742,24.029314041137695,23.767658233642578,23.135515213012695,23.474655151367188,24.554906845092773,25.378206253051758,25.65880584716797,25.74604606628418,25.80228614807129,26.283287048339844,27.491992950439453,29.70145034790039,31.71867561340332,32.38554382324219,32.10822296142578,31.112899780273438,29.399158477783203,28.03261375427246,28.441469192504883,28.789945602416992,26.433929443359375,22.931259155273438,21.17748260498047,21.13505744934082,21.349943161010742,22.00379753112793,22.991222381591797,23.991615295410156,24.621623992919922,24.988056182861328,25.504722595214844,27.03264045715332,28.35401153564453,27.529319763183594,26.032087326049805
29.593957901000977,28.644521713256836,26.78731918334961,24.63726234436035,22.71858787536621,21.548139572143555,21.614011764526367,22.615476608276367,23.28070831298828,23.10670280456543,22.95459747314453,23.497760772705078,24.514272689819336,25.663433074951172,26.022207260131836,25.342529296875,24.458417892456055,24.47879981994629,26.021087646484375,27.692840576171875,29.34965705871582,30.48813819885254,31.25284767150879,31.366592407226562,30.453264236450195,28.6641788482666,27.765995025634766,27.780738830566406,26.406063079833984,23.68948745727539,21.9785213470459,21.96451187133789,22.785606384277344,23.61408233642578,24.0572509765625,24.280122756958008,24.5504207611084,24.725955963134766,25.43128204345703,26.740585327148438,28.254159927368164,27.574270248413086,25.624975204467773
28.671113967895508,28.310161590576172,27.221553802490234,25.668174743652344,24.01018714904785,22.66766357421875,22.298439025878906,22.787019729614258,23.118053436279297,22.97101402282715,22.726503372192383,22.950544357299805,24.197181701660156,25.74613380432129,26.28702163696289,25.647624969482422,23.9510555267334,23.292137145996094,24.359020233154297,25.546358108520508,26.843761444091797,28.102813720703125,28.970766067504883,29.3389949798584,29.227310180664062,28.529151916503906,27.752859115600586,27.072460174560547,26.092227935791016,25.03181266784668,24.194334030151367,23.933792114257812,24.661544799804688,25.506317138671875,25.52696418762207,24.328481674194336,24.00832176208496,23.518659591674805,24.45752716064453,26.218137741088867,27.457523345947266,26.927339553833008,26.120708465576172
28.339330673217773,27.928359985351562,27.120697021484375,26.15220069885254,25.240840911865234,24.510704040527344,24.093929290771484,23.973602294921875,23.842954635620117,23.496196746826172,22.82607078552246,22.65409278869629,23.68470573425293,25.09529685974121,26.002424240112305,25.705764770507812,24.15024757385254,22.8891658782959,22.908327102661133,23.681652069091797,24.88260269165039,26.242902755737305,27.037519454956055,27.036705017089844,27.352272033691406,27.947738647460938,28.044963836669922,27.744022369384766,27.711435317993164,27.79767417907715,26.95054054260254,26.16659927368164,26.47966766357422,26.685964584350586,26.910236358642578,24.737897872924805,22.578628540039062,21.828317642211914,22.144359588623047,24.544347763061523,26.327796936035156,26.752262115478516,26.768646240234375
28.53911018371582,27.284799575805664,26.32390022277832,26.09054183959961,26.338890075683594,26.515466690063477,26.199968338012695,25.657466888427734,25.15922737121582,24.433635711669922,23.309110641479492,22.673452377319336,23.3325252532959,24.424388885498047,24.935382843017578,24.449800491333008,23.62253761291504,22.80397605895996,22.519332885742188,22.889259338378906,23.93023681640625,25.7484073638916,26.7087459564209,26.234033584594727,26.415891647338867,27.571691513061523,28.26116943359375,28.663686752319336,29.667007446289062,30.291759490966797,29.319089889526367,28.167394638061523,28.071367263793945,26.73856544494629,25.82111167907715,24.969257354736328,22.575458526611328,20.674667358398438,20.196428298950195,23.368989944458008,26.211219787597656,27.55602264404297,27.401134490966797
28.329792022705078,26.68208885192871,25.81195068359375,26.081954956054688,26.98543357849121,27.506793975830078,27.45762825012207,27.10302734375,26.535886764526367,25.4460506439209,24.161108016967773,23.48284149169922,23.45574188232422,23.725292205810547,23.466888427734375,22.83881950378418,22.524513244628906,22.48631477355957,22.800378799438477,23.197193145751953,24.05690574645996,25.870634078979492,26.84719467163086,26.30817413330078,26.22092056274414,27.045211791992188,27.775774002075195,28.815542221069336,30.530487060546875,31.12493896484375,30.021085739135742,28.73917007446289,28.266984939575195,28.429981231689453,24.526700973510742,24.296653747558594,23.071842193603516,21.719032287597656,20.780715942382812,23.387174606323242,26.68671226501465,28.465564727783203,28.890268325805664
27.659334182739258,26.348974227905273,26.02069091796875,26.381725311279297,27.14501953125,27.473739624023438,27.61052894592285,27.744098663330078,27.36861228942871,26.56313133239746,25.23749542236328,24.424129486083984,23.8206844329834,23.223405838012695,22.347970962524414,21.64693260192871,21.56900405883789,22.113746643066406,23.234262466430664,24.011903762817383,24.59513282775879,25.716325759887695,26.383771896362305,25.816152572631836,25.255537033081055,25.643362045288086,26.786914825439453,28.632801055908203,30.36958885192871,30.392053604125977,29.290313720703125,28.436601638793945,29.040245056152344,29.063920974731445,26.102596282958984,24.61478042602539,23.420040130615234,22.50690269470215,22.386445999145508,23.465036392211914,26.240619659423828,28.00012969970703,29.550312042236328
27.455095291137695,26.487442016601562,26.57148551940918,26.937345504760742,27.123414993286133,27.199596405029297,27.362751007080078,27.759836196899414,27.76236343383789,27.26738739013672,26.132780075073242,25.06909942626953,24.165672302246094,23.24551773071289,22.16706657409668,20.997060775756836,21.076047897338867,22.1970157623291,23.55261993408203,24.41681480407715,25.07152557373047,25.817413330078125,26.047029495239258,24.966571807861328,23.5575008392334,23.692537307739258,25.545696258544922,27.946529388427734,29.374828338623047,28.875782012939453,28.220237731933594,28.10672950744629,29.349206924438477,28.83818817138672,28.3801212310791,25.812320709228516,24.261775970458984,23.86093521118164,23.61549186706543,24.05597496032715,25.175079345703125,26.022014617919922,28.434263229370117
28.037616729736328,27.425518035888672,27.532299041748047,27.59781837463379,27.416608810424805,27.22372055053711,27.301536560058594,27.68661880493164,27.843965530395508,27.5474853515625,26.84414291381836,25.37112808227539,24.33557891845703,22.955883026123047,22.454505920410156,21.494836807250977,21.338199615478516,22.477872848510742,23.68132781982422,24.633014678955078,25.71208953857422,26.47032356262207,26.195531845092773,24.47028350830078,22.50811195373535,22.526639938354492,24.536293029785156,26.694271087646484,27.502220153808594,27.06696891784668,27.490108489990234,29.256242752075195,28.777400970458984,27.864273071289062,27.616872787475586,25.90516471862793,24.200672149658203,23.429475784301758,23.826990127563477,24.708572387695312,25.045480728149414,26.165468215942383,28.42111587524414
28.72879981994629,28.617246627807617,28.62812614440918,28.26909828186035,27.973129272460938,27.795042037963867,27.814144134521484,27.891197204589844,27.90032386779785,27.708698272705078,27.065967559814453,25.493000030517578,24.25890350341797,23.138952255249023,22.677295684814453,21.935440063476562,21.797155380249023,22.772377014160156,23.974163055419922,24.962173461914062,26.03750991821289,26.52227783203125,25.955984115600586,24.3348331451416,22.614524841308594,22.4033203125,23.753379821777344,25.130229949951172,25.661834716796875,26.165361404418945,27.79888153076172,29.288394927978516,28.310216903686523,26.457561492919922,25.749649047851562,24.399389266967773,22.854873657226562,22.204357147216797,22.785293579101562,23.724342346191406,25.641693115234375,28.43642807006836,28.98058319091797
28.884979248046875,29.190385818481445,29.121288299560547,28.483861923217773,28.180795669555664,28.295866012573242,28.611705780029297,28.876972198486328,28.473791122436523,27.7364501953125,26.606477737426758,25.352092742919922,24.28078842163086,23.096914291381836,22.725168228149414,22.421756744384766,22.373619079589844,23.09683609008789,24.3331241607666,25.01338768005371,25.267704010009766,25.22063446044922,25.041330337524414,24.2852783203125,23.094478607177734,22.625080108642578,23.068941116333008,23.605783462524414,24.31310272216797,25.835041046142578,27.436235427856445,27.799589157104492,27.099027633666992,26.175813674926758,23.90888214111328,22.26922607421875,21.73223876953125,21.38735580444336,21.28504180908203,22.10763168334961,25.052221298217773,28.6606388092041,28.20439338684082
28.483600616455078,28.823040008544922,28.539955139160156,27.812978744506836,27.4786376953125,27.9748592376709,29.042348861694336,29.924564361572266,29.554798126220703,27.934354782104492,26.03010368347168,25.10968017578125,24.454792022705078,23.055381774902344,22.5518798828125,22.47178077697754,23.087604522705078,24.129150390625,24.805885314941406,24.479286193847656,23.781723022460938,23.7174129486084,24.23906135559082,24.193201065063477,23.419843673706055,23.07676887512207,23.01890754699707,22.830007553100586,23.242334365844727,24.654932022094727,26.027767181396484,26.28829574584961,25.86502456665039,25.035327911376953,22.493696212768555,21.154155731201172,20.87592124938965,21.260414123535156,21.393871307373047,20.366966247558594,22.111000061035156,24.64934730529785,25.12801742553711
27.75592041015625,27.608163833618164,27.276681900024414,26.865833282470703,26.47024154663086,26.98741340637207,28.481307983398438,29.76538848876953,30.272356033325195,29.100149154663086,26.51831817626953,25.144874572753906,24.145875930786133,22.95403480529785,22.40497398376465,22.43242645263672,23.66741943359375,25.09825897216797,25.1063232421875,24.002037048339844,23.083303451538086,23.35150909423828,24.120588302612305,24.351093292236328,23.95350456237793,23.694562911987305,23.39580535888672,22.937223434448242,22.799413681030273,23.078289031982422,23.95628547668457,24.120742797851562,23.616436004638672,23.354074478149414,21.73472785949707,20.408357620239258,19.265382766723633,20.41133689880371,21.161195755004883,18.946311950683594,18.72593879699707,20.155824661254883,21.189664840698242
26.75322914123535,26.196855545043945,25.94680404663086,26.084232330322266,25.901996612548828,25.961393356323242,26.969655990600586,28.38320541381836,29.4151554107666,28.850236892700195,27.2558536529541,25.81043815612793,24.656227111816406,23.62728500366211,23.177356719970703,22.948322296142578,23.386751174926758,24.385177612304688,24.405719757080078,23.83930206298828,23.4766845703125,23.733713150024414,24.22931480407715,24.7055606842041,24.917421340942383,24.3258113861084,23.31138801574707,22.800262451171875,22.180036544799805,21.230365753173828,20.83357810974121,20.45250701904297,20.840173721313477,21.273954391479492,19.92583656311035,20.384075164794922,17.82855796813965,18.102588653564453,18.475666046142578,17.554195404052734,17.776134490966797,17.968612670898438,17.671070098876953
26.043338775634766,25.113300323486328,25.068729400634766,25.34461784362793,25.620067596435547,25.06012725830078,25.15941047668457,26.134946823120117,26.54360008239746,26.402156829833984,26.684240341186523,26.59557342529297,25.722625732421875,25.137943267822266,24.424972534179688,23.492280960083008,22.65157127380371,22.488563537597656,22.764314651489258,23.34551429748535,23.634836196899414,23.612049102783203,23.734691619873047,24.507503509521484,25.36666488647461,24.809247970581055,23.05692481994629,21.821626663208008,20.611095428466797,19.135923385620117,17.63351058959961,16.431150436401367,16.828336715698242,17.99342918395996,17.158597946166992,19.035964965820312,17.55740737915039,16.216304779052734,15.7033109664917,16.198978424072266,17.561946868896484,16.992698669433594,14.558707237243652
26.14858627319336,24.728097915649414,24.364147186279297,24.82520294189453,25.17552947998047,24.397207260131836,23.45668601989746,23.140331268310547,23.071453094482422,23.682552337646484,25.436729431152344,26.571237564086914,26.055564880371094,25.392059326171875,24.708179473876953,23.199140548706055,21.594213485717773,20.812421798706055,21.131637573242188,22.364835739135742,23.02010154724121,22.77130699157715,22.614154815673828,23.590930938720703,24.791337966918945,24.38370704650879,22.259096145629883,20.44632911682129,19.18483543395996,17.452537536621094,14.49191951751709,12.350570678710938,13.55987548828125,15.460289001464844,15.131571769714355,17.368770599365234,14.777144432067871,13.857905387878418,14.387444496154785,15.412238121032715,16.485549926757812,15.485991477966309,12.303393363952637
26.121965408325195,24.623241424560547,24.041196823120117,24.01634407043457,24.275449752807617,23.66440200805664,21.977169036865234,20.760534286499023,20.592449188232422,22.072099685668945,24.18700408935547,24.681840896606445,25.986515045166016,24.916929244995117,23.455331802368164,21.795730590820312,20.158897399902344,19.55219268798828,20.376291275024414,21.654577255249023,21.986270904541016,21.505393981933594,21.430334091186523,22.54633140563965,23.246580123901367,22.37150001525879,20.54112434387207,19.298465728759766,18.125,15.714977264404297,12.469555854797363,10.826050758361816,11.818732261657715,13.672782897949219,13.037764549255371,14.584395408630371,12.508784294128418,13.254928588867188,14.180020332336426,13.94344425201416,13.91489315032959,13.34084701538086,11.368159294128418
24.983728408813477,23.7694149017334,23.243953704833984,22.958206176757812,22.841554641723633,22.328285217285156,20.997339248657227,19.65599822998047,19.816251754760742,20.867919921875,22.75907325744629,23.430570602416992,24.560951232910156,23.738988876342773,22.187530517578125,20.069618225097656,18.37272834777832,18.28763198852539,19.763368606567383,21.139541625976562,21.083431243896484,20.46971893310547,20.685192108154297,21.480981826782227,21.212873458862305,19.96009635925293,18.76162338256836,17.716712951660156,16.405460357666016,14.557945251464844,12.17402458190918,9.831727027893066,9.674189567565918,12.021742820739746,11.330036163330078,11.822285652160645,13.045783996582031,14.096236228942871,13.766977310180664,11.88670825958252,11.30908489227295,11.892229080200195,11.153456687927246
