data/wind_data/wind_55_7.json
{"header": {"parameterUnit": "KT", "parameterCategory": 2, "nx": 256, "ny": 198, "lo1": 44.73521041870117, "la1": -3.236724853515625, "lo2": 111.26478576660156, "la2": 43.468475341796875, "dx": 0.2609002888202667, "dy": -0.23708222806453705, "refTime": "2025-02-21 07:00:00", "forecastTime": 0, "parameterNumber": 2, "parameterNumberName": "eastward_wind"}, "data":
[rows 60 to 79 of 198, columns 0 to 43 of 256]
17.278614044189453,16.629865646362305,17.33513832092285,17.674076080322266,17.82511329650879,17.744918823242188,17.61573600769043,17.80413055419922,18.307754516601562,19.00763511657715,19.8137264251709,20.54463768005371,20.949926376342773,20.87639617919922,20.542917251586914,20.330347061157227,20.386064529418945,20.600324630737305,20.825119018554688,20.919265747070312,20.815399169921875,20.514265060424805,20.060319900512695,19.695703506469727,19.83094024658203,20.411428451538086,20.868894577026367,21.16289710998535,21.48884391784668,21.759790420532227,21.75786590576172,21.488332748413086,21.020671844482422,20.409387588500977,19.762845993041992,19.26263427734375,18.918132781982422,18.55045509338379,18.146520614624023,17.925580978393555,18.068403244018555,18.47540855407715,18.96347427368164,19.348058700561523
18.0380916595459,18.0076904296875,18.517871856689453,18.683452606201172,18.3215389251709,18.02454948425293,18.000947952270508,18.517623901367188,19.41419219970703,20.316448211669922,21.048986434936523,21.57286262512207,21.846328735351562,21.86284637451172,21.76551628112793,21.744478225708008,21.924911499023438,22.24339485168457,22.612348556518555,22.91183853149414,22.9691162109375,22.71710205078125,22.280563354492188,21.82069969177246,21.58993148803711,21.822816848754883,22.37311363220215,22.90668487548828,23.36969757080078,23.759950637817383,23.87822723388672,23.634681701660156,23.040428161621094,22.14457893371582,21.15317153930664,20.357593536376953,19.943737030029297,19.835355758666992,19.772762298583984,19.666400909423828,19.675691604614258,19.909196853637695,20.289966583251953,20.685791015625
18.735763549804688,18.886272430419922,19.289167404174805,19.22885513305664,18.549415588378906,18.83949089050293,19.536333084106445,20.265321731567383,20.932456970214844,21.475223541259766,21.901123046875,22.306310653686523,22.690967559814453,22.99407958984375,23.274648666381836,23.520008087158203,23.722850799560547,23.88456153869629,24.085426330566406,24.381811141967773,24.617721557617188,24.623510360717773,24.43885612487793,24.15134620666504,23.890113830566406,23.87406349182129,24.15571403503418,24.55647850036621,24.95240592956543,25.350933074951172,25.5704402923584,25.524133682250977,25.11526870727539,24.29697036743164,23.202030181884766,22.208538055419922,21.618511199951172,21.47179412841797,21.629716873168945,21.84225082397461,21.976266860961914,22.04460334777832,22.122690200805664,22.238990783691406
19.692426681518555,21.194557189941406,21.11056137084961,20.655879974365234,19.83041000366211,20.398942947387695,21.433094024658203,22.23285675048828,22.53403091430664,22.530887603759766,22.63115692138672,23.083553314208984,23.815946578979492,24.5465030670166,25.13238525390625,25.568740844726562,25.7972469329834,25.78376007080078,25.692155838012695,25.72024917602539,25.81778335571289,25.904294967651367,25.994043350219727,26.04831314086914,26.03112030029297,26.024303436279297,26.139869689941406,26.306930541992188,26.454280853271484,26.60628318786621,26.790056228637695,26.90407943725586,26.834604263305664,26.503875732421875,25.85196876525879,25.05965232849121,24.431983947753906,24.083040237426758,24.029518127441406,24.232982635498047,24.5716495513916,24.859161376953125,24.953691482543945,24.885560989379883
20.90001106262207,22.14017105102539,22.675317764282227,22.39122200012207,21.788270950317383,22.26416778564453,23.06389045715332,23.634859085083008,23.715869903564453,23.603456497192383,23.7157039642334,24.216814041137695,25.08428192138672,26.090635299682617,26.950830459594727,27.553537368774414,27.85051727294922,27.786319732666016,27.522777557373047,27.298290252685547,27.159160614013672,27.10581398010254,27.215591430664062,27.52701759338379,27.892330169677734,28.142066955566406,28.30305290222168,28.3922176361084,28.37409019470215,28.260356903076172,28.228139877319336,28.366161346435547,28.519542694091797,28.550094604492188,28.40646743774414,28.130136489868164,27.837392807006836,27.55939292907715,27.270578384399414,27.08985137939453,27.21491813659668,27.57611656188965,27.866872787475586,27.88321876525879
22.518266677856445,25.8887996673584,25.635549545288086,24.793039321899414,24.139610290527344,24.123783111572266,24.41985321044922,24.629314422607422,24.452190399169922,24.415958404541016,24.893320083618164,25.714916229248047,26.628955841064453,27.60698699951172,28.574325561523438,29.330842971801758,29.714618682861328,29.644868850708008,29.300472259521484,28.98171615600586,28.811857223510742,28.76270294189453,28.885601043701172,29.29672622680664,29.903879165649414,30.476388931274414,30.930757522583008,31.25049591064453,31.316213607788086,31.085302352905273,30.750490188598633,30.61663246154785,30.728878021240234,30.915250778198242,30.988079071044922,30.937747955322266,30.87343406677246,30.794931411743164,30.582767486572266,30.27772331237793,30.135448455810547,30.25113296508789,30.43801498413086,30.475555419921875
24.4674015045166,27.08900260925293,27.097448348999023,26.45273208618164,25.631393432617188,25.31343650817871,25.37261390686035,25.571054458618164,25.53895378112793,25.59496307373047,26.19685173034668,27.22435188293457,28.300615310668945,29.267831802368164,30.17786979675293,30.953819274902344,31.397687911987305,31.356477737426758,30.986417770385742,30.662565231323242,30.610401153564453,30.74664306640625,31.002452850341797,31.456926345825195,32.127830505371094,32.86920928955078,33.54789733886719,34.135231018066406,34.503883361816406,34.480072021484375,34.082576751708984,33.57633590698242,33.304386138916016,33.38045120239258,33.58485412597656,33.670291900634766,33.61762237548828,33.49915313720703,33.280426025390625,32.94805908203125,32.680755615234375,32.63178253173828,32.69582748413086,32.65365219116211
26.260099411010742,27.341577529907227,27.878934860229492,27.795726776123047,27.134973526000977,26.993541717529297,26.94923973083496,27.07590103149414,27.33553695678711,27.589218139648438,28.047128677368164,28.9688720703125,30.16884422302246,31.29457664489746,32.188621520996094,32.857826232910156,33.276649475097656,33.331634521484375,33.0523567199707,32.76899719238281,32.766719818115234,32.97197723388672,33.207427978515625,33.527896881103516,34.06044387817383,34.75162887573242,35.44363784790039,36.06591796875,36.526798248291016,36.73753356933594,36.607688903808594,36.14621353149414,35.60280990600586,35.301902770996094,35.36763381958008,35.567134857177734,35.63776779174805,35.52107620239258,35.2423095703125,34.883583068847656,34.59446334838867,34.44538497924805,34.373992919921875,34.28994369506836
27.90900230407715,29.080978393554688,29.39935302734375,29.47553253173828,29.122838973999023,29.342988967895508,29.22544288635254,28.976158142089844,29.13988494873047,29.633867263793945,30.302959442138672,31.274839401245117,32.523468017578125,33.74182891845703,34.65488052368164,35.20326614379883,35.471397399902344,35.534385681152344,35.412742614746094,35.2516975402832,35.201507568359375,35.222450256347656,35.22503662109375,35.2725944519043,35.504798889160156,35.97157669067383,36.598506927490234,37.21396255493164,37.63138961791992,37.80181884765625,37.75686264038086,37.4936408996582,37.01225662231445,36.492591857910156,36.2028694152832,36.178375244140625,36.24775695800781,36.22494888305664,36.05854034423828,35.86957550048828,35.768070220947266,35.73971939086914,35.742801666259766,35.672786712646484
29.079240798950195,30.477210998535156,30.811094284057617,30.918930053710938,30.70677947998047,31.01270866394043,30.97785758972168,30.75349235534668,30.93147087097168,31.633392333984375,32.61955642700195,33.74946212768555,34.975921630859375,36.1185302734375,37.0085563659668,37.53329086303711,37.6510124206543,37.5572395324707,37.39985656738281,37.27252197265625,37.20103073120117,37.095035552978516,36.89169692993164,36.6931266784668,36.68418502807617,36.97429656982422,37.5726432800293,38.231204986572266,38.59435272216797,38.58849334716797,38.418235778808594,38.15330123901367,37.7653694152832,37.237308502197266,36.7262077331543,36.37918472290039,36.200347900390625,36.0743408203125,35.97825241088867,36.04884338378906,36.316375732421875,36.6468620300293,36.91825485229492,37.02530288696289
29.95992088317871,31.672990798950195,32.21186828613281,32.256649017333984,31.921323776245117,32.052093505859375,32.234397888183594,32.473941802978516,33.0464973449707,33.96418380737305,35.01567840576172,36.09196853637695,37.14286804199219,38.05209732055664,38.74916458129883,39.23356246948242,39.37173843383789,39.150238037109375,38.822235107421875,38.63557434082031,38.61798095703125,38.5403938293457,38.25225067138672,37.96039962768555,37.95530700683594,38.29141616821289,38.87718963623047,39.41550064086914,39.57797622680664,39.381011962890625,39.09029006958008,38.81171417236328,38.498565673828125,38.092830657958984,37.57857894897461,37.05447769165039,36.62442398071289,36.315330505371094,36.19770050048828,36.37120056152344,36.79737854003906,37.392757415771484,38.004302978515625,38.41229248046875
31.31353187561035,33.321712493896484,33.660438537597656,33.57310485839844,33.2240104675293,33.54550552368164,34.09615707397461,34.61643600463867,35.31964111328125,36.24006652832031,37.24258804321289,38.22521209716797,39.06144332885742,39.62662887573242,39.95288848876953,40.176536560058594,40.24976348876953,40.121116638183594,39.92545700073242,39.84864044189453,39.936519622802734,39.936279296875,39.6516227722168,39.395751953125,39.55517578125,40.027305603027344,40.499229431152344,40.71792221069336,40.60700607299805,40.35603713989258,40.133975982666016,39.86494827270508,39.52716827392578,39.14869689941406,38.744083404541016,38.2529182434082,37.702354431152344,37.2978401184082,37.223297119140625,37.458309173583984,37.872047424316406,38.436119079589844,39.09749984741211,39.69554138183594
32.95447540283203,35.137535095214844,35.27152633666992,35.20005798339844,35.2254753112793,35.958099365234375,36.746524810791016,37.121585845947266,37.43347930908203,37.97562789916992,38.840843200683594,39.88231658935547,40.64558029174805,40.869571685791016,40.771339416503906,40.689674377441406,40.617774963378906,40.53225326538086,40.61977767944336,40.947635650634766,41.38426971435547,41.57998275756836,41.317420959472656,41.07966995239258,41.43684768676758,42.017913818359375,42.22903060913086,42.05450439453125,41.79142761230469,41.69670486450195,41.735435485839844,41.620243072509766,41.22275924682617,40.69297409057617,40.18608856201172,39.67063522338867,39.11416244506836,38.70017623901367,38.66911315917969,39.010498046875,39.497127532958984,40.005611419677734,40.52687454223633,41.050045013427734
34.54832077026367,37.40476608276367,37.35012435913086,37.21689987182617,37.48768997192383,38.36098861694336,39.147342681884766,39.25695037841797,39.06965255737305,39.150325775146484,39.81493377685547,40.874393463134766,41.67705154418945,41.823150634765625,41.53757858276367,41.253623962402344,41.09700393676758,41.02390670776367,41.25308609008789,41.89805221557617,42.70497131347656,43.16830062866211,43.05361557006836,42.8917121887207,43.27362823486328,43.759010314941406,43.82981491088867,43.58125305175781,43.29814529418945,43.25996398925781,43.45664596557617,43.5461540222168,43.26633834838867,42.67852020263672,41.98097610473633,41.33437728881836,40.82033920288086,40.479248046875,40.44031524658203,40.75312805175781,41.19917297363281,41.590084075927734,41.93058776855469,42.299259185791016
36.17624282836914,37.229427337646484,37.94374084472656,38.42327880859375,38.93232727050781,39.83735275268555,40.60186767578125,40.6871223449707,40.377445220947266,40.24996566772461,40.68655776977539,41.50248718261719,42.25251770019531,42.60772705078125,42.476219177246094,42.13764572143555,41.931888580322266,41.98651885986328,42.37970733642578,43.109439849853516,43.96876525878906,44.58024597167969,44.70492935180664,44.71012878417969,44.99164581298828,45.22394561767578,45.163150787353516,44.99842834472656,44.85020446777344,44.81304168701172,44.884559631347656,44.92237854003906,44.770347595214844,44.306480407714844,43.60270309448242,42.91804885864258,42.45271682739258,42.225975036621094,42.221763610839844,42.41659164428711,42.67130661010742,42.83001708984375,42.894447326660156,43.00221633911133
37.82904815673828,38.14253234863281,38.9964485168457,39.79987335205078,40.334110260009766,41.08086395263672,41.80550765991211,42.01530075073242,41.8477668762207,41.74880599975586,41.9946174621582,42.41753005981445,42.89592361450195,43.35932540893555,43.508079528808594,43.332763671875,43.2220458984375,43.4647102355957,44.04125213623047,44.79761505126953,45.563533782958984,46.155906677246094,46.43108367919922,46.55791473388672,46.717323303222656,46.76796340942383,46.61427307128906,46.38149642944336,46.17616653442383,46.131290435791016,46.216312408447266,46.195289611816406,45.89436721801758,45.3671760559082,44.77961349487305,44.28731155395508,43.93733215332031,43.71976089477539,43.656272888183594,43.718467712402344,43.81056213378906,43.82197189331055,43.709835052490234,43.54818344116211
39.72800064086914,40.035430908203125,40.70825958251953,41.7164421081543,42.161075592041016,42.626853942871094,43.33271026611328,43.75761795043945,43.79059982299805,43.798736572265625,43.96303939819336,44.06557083129883,44.21237564086914,44.57649612426758,44.85296630859375,44.87562561035156,44.9421501159668,45.380367279052734,46.14384078979492,46.926326751708984,47.589256286621094,48.119503021240234,48.406036376953125,48.483970642089844,48.556365966796875,48.554725646972656,48.286888122558594,47.88901901245117,47.572818756103516,47.435203552246094,47.4812126159668,47.49897766113281,47.229515075683594,46.71877670288086,46.18673324584961,45.793704986572266,45.50288009643555,45.246604919433594,45.1005859375,45.08324432373047,45.0990104675293,45.058834075927734,44.91032028198242,44.65257263183594
42.98207473754883,43.14811706542969,43.61775588989258,44.61567687988281,44.9405632019043,45.12152099609375,45.75946807861328,46.26982498168945,46.35952377319336,46.32794189453125,46.3179931640625,46.21178436279297,46.24610137939453,46.57977294921875,46.8946533203125,47.031864166259766,47.212379455566406,47.72085189819336,48.565608978271484,49.39543914794922,49.97392654418945,50.37563705444336,50.60171890258789,50.62644958496094,50.581504821777344,50.42631530761719,50.01641082763672,49.532798767089844,49.254329681396484,49.131507873535156,48.971397399902344,48.71992492675781,48.44992446899414,48.218048095703125,47.97377395629883,47.72630310058594,47.49702453613281,47.24684143066406,46.99237060546875,46.81439971923828,46.76921463012695,46.77030563354492,46.686798095703125,46.48420333862305
46.81242370605469,46.91912078857422,47.12003707885742,47.90506362915039,48.181793212890625,48.24990463256836,48.800086975097656,49.160675048828125,49.033843994140625,48.833065032958984,48.757713317871094,48.675540924072266,48.803863525390625,49.32588195800781,49.84578323364258,50.03765869140625,50.106746673583984,50.44312286376953,51.149837493896484,51.91080093383789,52.40962219238281,52.728736877441406,52.94563293457031,52.94689178466797,52.69532775878906,52.25433349609375,51.72311019897461,51.27513885498047,51.061851501464844,50.96973419189453,50.75209045410156,50.36003112792969,49.94783020019531,49.67059326171875,49.5371208190918,49.55692672729492,49.70841598510742,49.769107818603516,49.55478286743164,49.2049446105957,48.97516632080078,48.909889221191406,48.84825897216797,48.68241500854492
49.00737380981445,49.22468185424805,49.60736083984375,50.512550354003906,50.952308654785156,51.1245002746582,51.6460075378418,51.87933349609375,51.58290481567383,51.29692459106445,51.37590789794922,51.6044921875,51.93703842163086,52.569740295410156,53.21620178222656,53.37590408325195,53.167057037353516,53.132789611816406,53.51213836669922,54.0765495300293,54.55788803100586,54.97169876098633,55.30574035644531,55.32776641845703,54.8739128112793,54.12763595581055,53.41791534423828,52.985198974609375,52.84661865234375,52.770015716552734,52.56233215332031,52.268341064453125,51.97578048706055,51.70941162109375,51.4882698059082,51.4759407043457,51.7735481262207,52.06623840332031,52.07714080810547,51.94886016845703,51.85897445678711,51.757015228271484,51.574127197265625,51.334251403808594
