data/wind_data/wind_54_1.json
{"header": {"parameterUnit": "KT", "parameterCategory": 2, "nx": 256, "ny": 198, "lo1": 44.73521041870117, "la1": -3.236724853515625, "lo2": 111.26478576660156, "la2": 43.468475341796875, "dx": 0.2609002888202667, "dy": -0.23708222806453705, "refTime": "2025-02-21 06:00:00", "forecastTime": 0, "parameterNumber": 2, "parameterNumberName": "eastward_wind"}, "data":
[rows 76 to 94 of 198, columns 129 to 171 of 256]
-3.277026653289795,-7.595615386962891,-7.965237140655518,-6.34564733505249,-5.062644958496094,-1.7315053939819336,-3.282526969909668,-2.1946945190429688,-1.9617422819137573,-1.588881254196167,-2.247575044631958,-2.846287250518799,-3.382131576538086,-4.03602409362793,-3.844426393508911,-5.515196323394775,-5.029335021972656,-7.629951477050781,-5.3934407234191895,-5.704381465911865,-5.7477922439575195,-6.353973865509033,-6.201635360717773,-5.299143314361572,-3.76450514793396,-4.705016136169434,-6.544094562530518,-6.209517002105713,-4.60420560836792,-5.922878742218018,-4.296867370605469,-2.953856945037842,-1.8076239824295044,-5.100747108459473,-2.1442019939422607,-3.3445944786071777,-2.842555046081543,-3.8836963176727295,-4.64854097366333,-4.604686260223389,-5.017184734344482,-4.969717025756836,-5.859480381011963
-4.967900276184082,-7.381197452545166,-6.212939262390137,-6.461394309997559,-3.2716987133026123,-1.9917329549789429,-1.4864916801452637,-4.224016189575195,0.11709954589605331,-1.7585405111312866,-0.29806241393089294,-4.62296199798584,-0.9449909329414368,-4.804366111755371,-2.4840519428253174,-4.9069294929504395,-5.720839023590088,-5.8638505935668945,-6.669853210449219,-4.545738220214844,-4.682685375213623,-7.130710124969482,-5.994122505187988,-4.635616779327393,-5.12166690826416,-5.307243824005127,-6.049915313720703,-5.240225791931152,-4.881868362426758,-5.595244884490967,-3.265611171722412,-3.2350614070892334,-2.170506477355957,-5.236915588378906,-2.645324468612671,-3.3569488525390625,-2.577892780303955,-3.535761833190918,-4.517420291900635,-4.625703811645508,-5.368328094482422,-5.668390274047852,-6.569905757904053
-3.8445425033569336,-6.678623676300049,-4.968870639801025,-5.986539363861084,-1.6467065811157227,-2.883194923400879,0.8803790807723999,-0.9334398508071899,-0.672504186630249,0.31488969922065735,-1.8552956581115723,-0.8116887211799622,-0.9615147709846497,-2.2036404609680176,-5.003750801086426,-5.281046390533447,-4.844293117523193,-3.9824347496032715,-6.512206554412842,-6.507106781005859,-5.040525436401367,-6.259757995605469,-5.114559650421143,-4.017051696777344,-4.7551703453063965,-4.435643672943115,-5.320526599884033,-5.1356282234191895,-4.249959945678711,-4.220564365386963,-2.680121421813965,-2.971881151199341,-4.182332515716553,-4.1016058921813965,-4.728634357452393,-3.141993761062622,-3.1973938941955566,-3.2684831619262695,-4.128645896911621,-4.582856178283691,-5.433507442474365,-6.1453166007995605,-6.822934627532959
-1.420087456703186,-4.584138870239258,-4.301689147949219,-4.8368754386901855,-0.7971824407577515,-3.4585835933685303,1.5152350664138794,-1.1113195419311523,-0.19653333723545074,-0.7497171759605408,0.6182100176811218,-0.345444917678833,0.5949106216430664,-0.5614132285118103,-3.4933784008026123,-2.3404548168182373,-8.226998329162598,-1.6500777006149292,-5.979259014129639,-5.359020233154297,-5.734196186065674,-4.467973232269287,-4.977315425872803,-3.7285704612731934,-3.8448703289031982,-6.042567729949951,-5.542880058288574,-3.680018424987793,-3.486097574234009,-3.285539150238037,-4.27773380279541,-2.997622013092041,-5.708935737609863,-2.1855902671813965,-6.581347942352295,-3.029214859008789,-4.650722026824951,-3.119349479675293,-3.9795122146606445,-4.448390483856201,-5.655749320983887,-6.338197708129883,-6.913045883178711
-1.7445122003555298,-0.17350468039512634,-4.147026538848877,-1.7990630865097046,-2.303589344024658,-0.31013306975364685,-1.3558586835861206,0.9336917996406555,-0.7035307884216309,0.5420362949371338,2.0108449459075928,-0.05784463882446289,1.9557605981826782,-2.5617690086364746,-1.809478521347046,-3.167710542678833,-4.588574409484863,-4.778294563293457,-3.1739535331726074,-5.258260250091553,-4.623011589050293,-4.175839900970459,-4.102578163146973,-2.3091752529144287,-4.088562965393066,-3.544541597366333,-4.332673072814941,-2.6339645385742188,-3.059739112854004,-2.097958564758301,-4.263209342956543,-3.0540683269500732,-5.222650051116943,-3.680769443511963,-5.1478071212768555,-3.2121193408966064,-5.127835273742676,-3.5081429481506348,-4.116833209991455,-4.3904008865356445,-5.9627227783203125,-6.605831146240234,-7.110348701477051
-1.0142194032669067,0.5992629528045654,-1.6798778772354126,-0.15398062765598297,-1.4309290647506714,0.4113457202911377,-1.2271482944488525,1.3211852312088013,-0.5690624713897705,0.5269128680229187,3.068356990814209,3.375565767288208,3.6171939373016357,1.2296745777130127,-2.8408546447753906,-4.737381935119629,-2.8639280796051025,-3.627472162246704,-2.5603060722351074,-7.130241394042969,-2.0162363052368164,-4.19121789932251,-4.407337665557861,-2.466782569885254,-2.1359851360321045,-4.053424835205078,-3.119227647781372,-2.511934995651245,-2.214801549911499,-1.0849177837371826,-4.498332500457764,-1.9771095514297485,-5.2396087646484375,-3.666158676147461,-5.02002477645874,-3.109149932861328,-4.514007091522217,-4.233538627624512,-4.286298751831055,-4.764449119567871,-6.168418884277344,-6.939411640167236,-7.411770820617676
-1.2583706378936768,-1.3265416622161865,0.896745502948761,0.17148874700069427,0.7917561531066895,-1.4026747941970825,1.0006256103515625,1.5987725257873535,-1.9597015380859375,-0.17869195342063904,3.357935667037964,3.1894121170043945,5.434555530548096,3.742004156112671,4.23882532119751,-4.151540756225586,-2.1540284156799316,-3.1422455310821533,-3.487424373626709,-3.336453437805176,-6.989148139953613,-1.5607820749282837,-3.9727365970611572,-1.5087639093399048,-1.989269495010376,-4.2855305671691895,-3.2243094444274902,-0.46290111541748047,-3.7398409843444824,-0.4934094548225403,-3.7158093452453613,-1.830704927444458,-5.542377948760986,-3.1194307804107666,-4.6179585456848145,-2.9755799770355225,-2.3735198974609375,-5.050199508666992,-3.9853177070617676,-5.439086437225342,-6.177248477935791,-7.09411096572876,-7.5455403327941895
-2.462879180908203,-2.4950942993164062,0.30472829937934875,-0.036240119487047195,1.6924848556518555,-1.2545078992843628,0.8942552804946899,-0.8218756318092346,-0.9143803119659424,-0.497567355632782,2.481306552886963,3.9989566802978516,5.566795349121094,4.099940776824951,5.2511396408081055,4.726699352264404,0.06801433116197586,-2.486975908279419,-4.952755928039551,-2.1885910034179688,-4.334118843078613,-3.3402862548828125,-1.6426914930343628,-1.056374430656433,-0.6910053491592407,-4.250904083251953,-2.986257791519165,-0.36593231558799744,-2.419869899749756,-1.5891023874282837,-2.924950361251831,-3.320805549621582,-4.047243118286133,-4.159646987915039,-3.0837976932525635,-3.743086099624634,-1.0626670122146606,-5.338947772979736,-3.639458179473877,-5.493660926818848,-5.714999675750732,-6.738152027130127,-7.355031967163086
-4.071047782897949,-2.398063898086548,-2.360010862350464,0.6161864995956421,-0.10211821645498276,-0.9137848615646362,-1.3517435789108276,-1.2187079191207886,0.12937858700752258,1.9466311931610107,2.3887243270874023,4.831599712371826,4.975684642791748,4.0995378494262695,5.924701690673828,6.000755310058594,9.435626029968262,-5.070627212524414,-5.149374008178711,-3.9741532802581787,-2.0114989280700684,-1.3359081745147705,-4.340697288513184,0.07688279449939728,1.3640618324279785,-2.8185360431671143,-0.9885792136192322,-1.7151005268096924,0.14061926305294037,-2.410487651824951,-2.254971504211426,-3.3696582317352295,-2.713862180709839,-3.696413516998291,-2.7565414905548096,-3.641111373901367,-2.876943349838257,-4.202941417694092,-4.2064409255981445,-4.472101211547852,-4.963961124420166,-5.855094909667969,-6.978356838226318
-4.454559803009033,-2.239168167114258,-4.592000961303711,0.8535903096199036,-3.185816764831543,-0.10410160571336746,-2.996021270751953,1.4566235542297363,0.3151630163192749,2.8896875381469727,2.8268003463745117,4.677637577056885,5.1407318115234375,4.783747673034668,6.0423736572265625,7.481418132781982,6.606380462646484,1.7810537815093994,-5.507721900939941,-4.115942001342773,0.42331454157829285,-0.5284490585327148,-0.41151759028434753,-2.916633129119873,2.2793734073638916,-1.7888869047164917,-0.4663962125778198,-1.529106855392456,1.4835777282714844,-2.2176434993743896,-2.5674326419830322,-3.716214418411255,-1.096701979637146,-2.869171380996704,-2.2526421546936035,-3.490403652191162,-3.2315902709960938,-3.409682035446167,-4.579739093780518,-3.962250232696533,-4.664589881896973,-5.20171594619751,-6.402927398681641
-5.225225448608398,-3.8236002922058105,-3.4456000328063965,-0.8942898511886597,-2.0801796913146973,-0.8333534002304077,-0.5899968147277832,1.7598259449005127,1.140190601348877,2.133265256881714,3.5129196643829346,4.702077865600586,6.385161876678467,7.258663654327393,7.180838584899902,5.98518180847168,7.301479816436768,3.6554360389709473,-1.0672945976257324,-4.1228108406066895,0.6083213686943054,2.0821495056152344,2.4589922428131104,-0.7860497832298279,-3.2289741039276123,-1.2857147455215454,-1.258858323097229,-0.7217145562171936,0.8710650205612183,0.02484792470932007,-2.090930223464966,-3.707820415496826,-2.202697277069092,-1.5715076923370361,-1.8027786016464233,-2.826140880584717,-3.6499743461608887,-1.9077340364456177,-4.6662726402282715,-3.8651609420776367,-4.812784671783447,-4.937318801879883,-6.033602714538574
-6.389580726623535,-5.585145950317383,-3.3801865577697754,-2.9121346473693848,-1.2517361640930176,-1.7518141269683838,-0.03873720392584801,1.7519848346710205,0.6161917448043823,2.8851442337036133,4.716827392578125,5.580885887145996,7.658711910247803,9.199420928955078,7.572502136230469,7.001462936401367,4.733942985534668,6.929642200469971,3.754262924194336,-3.9704036712646484,-0.6679134368896484,4.838538646697998,4.8374505043029785,-0.7247077226638794,-5.24299955368042,-3.533956289291382,-1.1301686763763428,0.633296549320221,1.7871206998825073,0.905432403087616,-1.40104341506958,-2.9313182830810547,-2.260072946548462,-1.020801067352295,-2.759040117263794,-1.6186444759368896,-2.2990379333496094,-0.8529232144355774,-3.5161824226379395,-3.9534761905670166,-4.73799467086792,-4.725337505340576,-5.68925142288208
-6.844817638397217,-5.979528903961182,-4.778502464294434,-4.028987884521484,-1.2504338026046753,-2.276832103729248,-0.03143196552991867,0.4875691533088684,1.7111499309539795,4.090189456939697,7.330446243286133,6.957923412322998,7.952310085296631,6.986679553985596,7.786535739898682,5.151322364807129,4.795182704925537,2.213789463043213,8.052563667297363,-4.736931324005127,-0.47577494382858276,3.6146419048309326,5.5872697830200195,-1.325333595275879,-4.432693004608154,-2.066744089126587,-3.7933130264282227,0.40930578112602234,1.2499350309371948,0.5191238522529602,-1.8104569911956787,-1.4365522861480713,-1.0333718061447144,-0.5748196840286255,-1.84586501121521,-2.390307664871216,-0.6749269962310791,-0.5796294212341309,-2.031006336212158,-3.8318963050842285,-4.414290904998779,-4.662647247314453,-5.445406436920166
-7.7954840660095215,-6.459490776062012,-4.799800395965576,-3.7499310970306396,-3.6750643253326416,-0.41014835238456726,-1.3888944387435913,1.7415193319320679,3.5304861068725586,6.367854595184326,8.521771430969238,6.973180294036865,6.296117782592773,5.171743392944336,6.014760494232178,6.306118965148926,0.10955923795700073,0.2678146958351135,7.409633636474609,-2.52178955078125,2.5507009029388428,4.0911970138549805,6.098082542419434,-0.6921798586845398,-2.5229275226593018,1.1097397804260254,-4.824120044708252,-0.11905652284622192,1.8508411645889282,-0.06913965940475464,-2.2532474994659424,-1.3349391222000122,0.0037552600260823965,-1.1735397577285767,-1.2847297191619873,-1.8169291019439697,0.3621044456958771,0.5184026956558228,-0.9804320335388184,-3.3137967586517334,-4.464444637298584,-4.837639331817627,-5.341694355010986
-8.770437240600586,-7.761978626251221,-4.875851631164551,-3.150930166244507,-3.0993144512176514,-0.819998562335968,-0.8245958089828491,2.8708536624908447,4.4470343589782715,7.936520099639893,8.070228576660156,8.484598159790039,7.383719444274902,5.9308953285217285,4.533416748046875,6.457127571105957,-3.4454421997070312,-1.993105411529541,5.51074743270874,1.75489342212677,5.6369524002075195,5.951277732849121,3.5497140884399414,-0.5996232032775879,-1.5747746229171753,2.5443825721740723,-0.2195715308189392,0.4018753468990326,-1.169561743736267,2.6840808391571045,-6.714522838592529,-2.3122522830963135,0.2803811728954315,-0.6735945343971252,0.05921100825071335,0.3266739547252655,1.775367021560669,1.2669084072113037,-0.43214255571365356,-2.9925479888916016,-4.599491596221924,-5.123566150665283,-5.4640350341796875
-9.118545532226562,-8.30938720703125,-5.924922466278076,-3.0457377433776855,-0.9880945682525635,-1.9453891515731812,1.1205744743347168,2.092423677444458,5.114941120147705,8.471986770629883,9.411288261413574,9.857783317565918,9.208651542663574,5.526515007019043,3.3351690769195557,9.050999641418457,-3.246544361114502,-2.59414005279541,1.7092300653457642,2.3875043392181396,6.5261054039001465,7.68696928024292,6.280588150024414,-0.6308305859565735,-0.39564207196235657,1.631224513053894,2.7621002197265625,0.052977290004491806,1.6306805610656738,-1.4268759489059448,2.308419942855835,-5.728397846221924,-0.9907151460647583,-0.8338593244552612,0.8803723454475403,1.974866509437561,2.68058443069458,1.7333613634109497,-0.03012782149016857,-2.6385626792907715,-4.744358062744141,-5.20512056350708,-5.567243576049805
-7.126100540161133,-8.859456062316895,-7.2673258781433105,-4.909592628479004,-0.2827455997467041,-1.7228482961654663,1.5593641996383667,2.0440986156463623,5.9071044921875,7.537761211395264,9.507206916809082,9.795632362365723,10.198263168334961,7.055832386016846,6.161243915557861,9.971942901611328,2.106834888458252,-1.8317233324050903,1.202379584312439,1.8441789150238037,4.93262243270874,7.525840759277344,6.57130765914917,0.8358409404754639,-0.20786303281784058,0.2293144166469574,2.2711985111236572,2.496521234512329,0.0937187671661377,3.6790459156036377,-4.509671211242676,7.968185901641846,-6.017284393310547,-1.9347399473190308,0.7851421236991882,2.983491897583008,2.9843714237213135,1.6496543884277344,0.06495347619056702,-2.54935884475708,-4.901869773864746,-5.3490118980407715,-5.716121673583984
-3.327986240386963,-7.1302971839904785,-9.284603118896484,-5.389194488525391,-1.744641661643982,0.32991400361061096,1.5637001991271973,2.040259599685669,4.746783256530762,6.849034786224365,7.881477355957031,9.566280364990234,9.637371063232422,9.068205833435059,9.307257652282715,9.3202543258667,7.984278678894043,1.9034572839736938,3.9585931301116943,2.645991802215576,7.000185966491699,6.676866054534912,7.141010761260986,1.9971339702606201,2.2333788871765137,1.1369861364364624,1.4743727445602417,2.229207992553711,-0.5338678359985352,4.518213748931885,-3.818225383758545,1.5119068622589111,8.107301712036133,-4.538784027099609,0.08420243859291077,2.8842384815216064,2.9011728763580322,1.5039047002792358,0.016294775530695915,-2.7377092838287354,-5.138716220855713,-5.905083179473877,-6.052359104156494
0.19029153883457184,-1.44386625289917,-9.149688720703125,-5.609942436218262,-3.9574387073516846,0.24559850990772247,1.169278860092163,2.8265998363494873,5.187185764312744,6.145382881164551,6.310517311096191,7.9024763107299805,8.868186950683594,9.602065086364746,9.81224250793457,9.202049255371094,8.265267372131348,6.124684810638428,6.947584629058838,2.0119595527648926,5.72085428237915,3.7913265228271484,5.269155502319336,0.6934434175491333,3.427154779434204,0.5938876271247864,3.6284167766571045,-3.094567060470581,5.588222980499268,-3.0952537059783936,-0.059852536767721176,1.7813684940338135,10.877320289611816,-4.040794372558594,0.24867241084575653,2.861754894256592,2.750438690185547,1.4823065996170044,0.11050191521644592,-3.056075096130371,-6.012093544006348,-6.958564281463623,-6.843830585479736
