data/wind_data/wind_10_5.json
{"header": {"parameterUnit": "KT", "parameterCategory": 2, "nx": 256, "ny": 198, "lo1": 44.73521041870117, "la1": -3.236724853515625, "lo2": 111.26478576660156, "la2": 43.468475341796875, "dx": 0.2609002888202667, "dy": -0.23708222806453705, "refTime": "2025-02-19 10:00:00", "forecastTime": 0, "parameterNumber": 2, "parameterNumberName": "eastward_wind"}, "data":
[rows 0 to 19 of 198, columns 44 to 87 of 256]
-8.24636459350586,-8.475658416748047,-8.618978500366211,-8.675752639770508,-8.591468811035156,-8.42545223236084,-8.473442077636719,-8.537158012390137,-8.144243240356445,-7.603533744812012,-7.294520854949951,-7.033422470092773,-6.774350643157959,-6.377148628234863,-5.5694499015808105,-5.090505123138428,-5.399960041046143,-5.4832048416137695,-5.050363063812256,-4.6848883628845215,-4.459347248077393,-4.124502658843994,-3.680866003036499,-3.436629295349121,-3.3604230880737305,-3.2807936668395996,-3.237061023712158,-3.3490400314331055,-3.5418927669525146,-3.756523609161377,-3.7830142974853516,-3.0635006427764893,-2.264638662338257,-2.0328309535980225,-1.9285603761672974,-1.8042535781860352,-1.6010719537734985,-1.1759165525436401,-1.085595965385437,-1.5472848415374756,-1.8154287338256836,-1.7754615545272827,-1.9833431243896484,-2.444704294204712
-8.824365615844727,-8.974212646484375,-8.979815483093262,-8.782979011535645,-8.554938316345215,-8.530372619628906,-8.832149505615234,-9.04521369934082,-8.765547752380371,-8.358145713806152,-8.038304328918457,-7.629872798919678,-7.191470623016357,-6.584632873535156,-5.65305757522583,-5.192084312438965,-5.2704010009765625,-4.928504943847656,-4.295319080352783,-4.072788715362549,-4.176998138427734,-3.9694910049438477,-3.485522508621216,-3.1920676231384277,-3.0995030403137207,-2.910776138305664,-2.6808807849884033,-2.8350472450256348,-3.115196943283081,-3.412543773651123,-3.5926225185394287,-2.929999828338623,-2.1410574913024902,-1.8320825099945068,-1.6959863901138306,-1.7799320220947266,-1.7381280660629272,-1.257084608078003,-1.0376023054122925,-1.4566899538040161,-1.824079155921936,-1.811191201210022,-1.885026216506958,-2.2128655910491943
-9.276708602905273,-9.44392204284668,-9.323649406433105,-8.956293106079102,-8.794208526611328,-8.932079315185547,-9.190788269042969,-9.383618354797363,-9.363994598388672,-9.226499557495117,-8.895145416259766,-8.22455883026123,-7.202556133270264,-6.097261905670166,-5.183072090148926,-4.741210460662842,-4.556958198547363,-4.0316481590271,-3.3658390045166016,-3.1382014751434326,-3.2142701148986816,-3.082156181335449,-2.8054187297821045,-2.536393642425537,-2.3759379386901855,-2.2661993503570557,-2.177159309387207,-2.2843661308288574,-2.4496493339538574,-2.8281047344207764,-3.1425325870513916,-2.873260498046875,-2.641248941421509,-2.615809917449951,-2.499691963195801,-2.3738157749176025,-2.2234482765197754,-1.9875966310501099,-1.8250095844268799,-1.8243975639343262,-1.933735728263855,-1.911383867263794,-1.8794171810150146,-2.0980172157287598
-9.534455299377441,-9.640990257263184,-9.409225463867188,-9.015569686889648,-8.955975532531738,-9.125056266784668,-9.242873191833496,-9.39327335357666,-9.515668869018555,-9.43878173828125,-9.022577285766602,-8.179913520812988,-6.903972148895264,-5.667152404785156,-4.8502349853515625,-4.426353931427002,-4.130537986755371,-3.564497709274292,-2.8363397121429443,-2.401723623275757,-2.2627933025360107,-2.137702226638794,-2.049452304840088,-1.9527167081832886,-1.8963130712509155,-1.903132438659668,-1.9433287382125854,-2.015622138977051,-2.1072793006896973,-2.422745704650879,-2.759676218032837,-2.9092557430267334,-3.1258363723754883,-3.376373529434204,-3.423842191696167,-3.1568703651428223,-2.869098663330078,-2.773822546005249,-2.6925747394561768,-2.416685104370117,-2.225341320037842,-2.1374969482421875,-2.0258119106292725,-2.0405685901641846
-9.68264389038086,-9.738571166992188,-9.403692245483398,-8.922407150268555,-8.584965705871582,-8.588784217834473,-8.817643165588379,-8.99330997467041,-8.882680892944336,-8.382461547851562,-7.472558498382568,-6.426761150360107,-5.543356895446777,-4.9446492195129395,-4.714493751525879,-4.694451332092285,-4.569843292236328,-4.135293483734131,-3.3464839458465576,-2.303525924682617,-1.1333776712417603,-0.2799258232116699,-0.21420389413833618,-0.7720770239830017,-1.3424378633499146,-1.9351822137832642,-2.4204909801483154,-2.575761079788208,-2.6076982021331787,-2.7529516220092773,-2.948746681213379,-3.1777918338775635,-3.5023415088653564,-3.8974032402038574,-4.167320251464844,-3.9981343746185303,-3.5466437339782715,-3.1885666847229004,-3.0583224296569824,-2.9284887313842773,-2.5286216735839844,-1.9883856773376465,-1.5778706073760986,-1.4744133949279785
-9.594622611999512,-9.297552108764648,-8.801766395568848,-8.444732666015625,-8.237335205078125,-8.167465209960938,-8.212394714355469,-8.252094268798828,-7.925775527954102,-7.090665340423584,-6.018925189971924,-5.0905609130859375,-4.48954439163208,-4.3507609367370605,-4.54805326461792,-4.795455455780029,-4.698978900909424,-4.029962062835693,-3.040893077850342,-2.0463666915893555,-1.1602720022201538,-0.6501803994178772,-0.9434641003608704,-1.8113163709640503,-2.4527182579040527,-2.9087769985198975,-3.308734178543091,-3.3751585483551025,-3.170869827270508,-2.997049331665039,-3.1671040058135986,-3.6088271141052246,-3.994612693786621,-4.156440734863281,-4.179825305938721,-4.173369884490967,-4.130727767944336,-3.9079766273498535,-3.562281608581543,-3.18266224861145,-2.60223388671875,-1.8560693264007568,-1.21466064453125,-1.0375256538391113
-9.155027389526367,-8.513388633728027,-7.883639812469482,-7.6758856773376465,-7.68860387802124,-7.756161212921143,-7.9569621086120605,-8.024808883666992,-7.530662536621094,-6.4391608238220215,-5.280711650848389,-4.396862030029297,-3.9494826793670654,-4.088150978088379,-4.773300647735596,-5.496980667114258,-5.813713073730469,-5.562817573547363,-4.893219947814941,-4.0255656242370605,-3.1549112796783447,-2.582200765609741,-2.5767359733581543,-3.0719239711761475,-3.5646369457244873,-3.6883480548858643,-3.8003900051116943,-3.935265064239502,-3.943418025970459,-3.9210028648376465,-4.15800142288208,-4.633796691894531,-4.895426273345947,-4.7164225578308105,-4.474268436431885,-4.396454811096191,-4.4166059494018555,-4.3253583908081055,-4.005980491638184,-3.3878469467163086,-2.7790961265563965,-2.1992883682250977,-1.584214210510254,-1.159238338470459
-8.45048999786377,-7.847751617431641,-7.346901893615723,-7.417608261108398,-7.8379225730896,-8.237077713012695,-8.399893760681152,-8.090289115905762,-7.392128944396973,-6.771193981170654,-6.504462242126465,-6.543639183044434,-6.707666397094727,-6.979828357696533,-7.416584014892578,-7.787339210510254,-8.000813484191895,-7.843212604522705,-7.014496803283691,-5.830099105834961,-4.933236122131348,-4.601337432861328,-4.5299506187438965,-4.449218273162842,-4.227337837219238,-3.7913625240325928,-3.6209423542022705,-4.035845756530762,-4.689970016479492,-5.267834663391113,-5.737718105316162,-6.018883228302002,-5.966773509979248,-5.660714626312256,-5.343753337860107,-5.008305549621582,-4.676542282104492,-4.524232864379883,-4.423209190368652,-3.9842166900634766,-3.450025796890259,-2.84918475151062,-2.257826805114746,-1.701157808303833
-7.713822364807129,-7.528954982757568,-7.384339332580566,-7.756595611572266,-8.365784645080566,-8.720956802368164,-8.795210838317871,-8.811948776245117,-9.058226585388184,-9.616308212280273,-10.312236785888672,-10.9388427734375,-11.155774116516113,-10.80176067352295,-10.187549591064453,-9.741630554199219,-9.510668754577637,-9.02580451965332,-7.991560459136963,-6.925168037414551,-6.430995464324951,-6.488013744354248,-6.573949813842773,-6.307844638824463,-5.555513381958008,-4.522895812988281,-3.805952787399292,-3.8201515674591064,-4.454192161560059,-5.341015815734863,-6.0020365715026855,-6.171092987060547,-6.105762481689453,-6.039523601531982,-5.949070453643799,-5.658178806304932,-5.209737300872803,-4.963511943817139,-4.965460777282715,-4.865381717681885,-4.436100006103516,-3.7915761470794678,-3.060044050216675,-2.3773066997528076
-7.0041351318359375,-7.5628437995910645,-8.127974510192871,-8.738090515136719,-9.29130744934082,-9.898307800292969,-10.609085083007812,-11.164082527160645,-11.434837341308594,-11.853846549987793,-12.6085205078125,-13.278278350830078,-13.225244522094727,-12.438252449035645,-11.574472427368164,-11.017539978027344,-10.667448997497559,-10.113163948059082,-9.292593002319336,-8.688029289245605,-8.533089637756348,-8.573797225952148,-8.477168083190918,-7.985199928283691,-6.957982540130615,-5.622914791107178,-4.367616653442383,-3.5101542472839355,-3.324103593826294,-3.7729969024658203,-4.416811466217041,-4.919821262359619,-5.206544876098633,-5.456289768218994,-5.817060947418213,-6.008534908294678,-5.83440637588501,-5.642170429229736,-5.640157222747803,-5.668892860412598,-5.411684036254883,-4.879623889923096,-4.056606769561768,-3.189720630645752
-8.664594650268555,-9.66153335571289,-10.161967277526855,-10.302440643310547,-10.572492599487305,-11.251614570617676,-11.999391555786133,-12.29770565032959,-12.093780517578125,-11.968029975891113,-12.212503433227539,-12.511092185974121,-12.553285598754883,-12.325299263000488,-11.969435691833496,-11.56198501586914,-11.126702308654785,-10.58242130279541,-10.052301406860352,-9.88289737701416,-10.010577201843262,-10.0038480758667,-9.67927074432373,-8.963589668273926,-7.818085193634033,-6.5069661140441895,-5.15566873550415,-3.914719343185425,-3.202603578567505,-3.2204580307006836,-3.6705801486968994,-4.217019081115723,-4.4884514808654785,-4.735065937042236,-5.343925476074219,-5.9792070388793945,-6.212012767791748,-6.187085151672363,-6.229852676391602,-6.215905666351318,-6.058046817779541,-5.559271812438965,-4.8675312995910645,-3.850154161453247
-11.642159461975098,-11.72719669342041,-11.420411109924316,-11.15039348602295,-11.251872062683105,-11.76225471496582,-12.316052436828613,-12.31541919708252,-11.66445255279541,-11.022151947021484,-10.891830444335938,-11.052911758422852,-11.326900482177734,-11.71628189086914,-11.967925071716309,-11.852924346923828,-11.437209129333496,-10.81956958770752,-10.22844409942627,-10.03382682800293,-10.164833068847656,-10.154699325561523,-9.788384437561035,-9.139298439025879,-8.204872131347656,-7.205365180969238,-6.222190856933594,-5.266608715057373,-4.633745193481445,-4.540740489959717,-4.669402599334717,-4.830679893493652,-4.879665374755859,-4.964282512664795,-5.59293270111084,-6.391149044036865,-6.699551105499268,-6.540857315063477,-6.384040832519531,-6.4317803382873535,-6.2572174072265625,-5.957726955413818,-5.306953430175781,-4.2371392250061035
-13.005105018615723,-12.669817924499512,-12.23501968383789,-11.976487159729004,-11.92473316192627,-11.968430519104004,-11.944201469421387,-11.612220764160156,-11.006173133850098,-10.546727180480957,-10.534069061279297,-10.771517753601074,-11.10948657989502,-11.600117683410645,-12.033154487609863,-12.093548774719238,-11.793597221374512,-11.316110610961914,-10.832883834838867,-10.415204048156738,-10.059794425964355,-9.777528762817383,-9.542896270751953,-9.314726829528809,-8.849136352539062,-8.147622108459473,-7.429551124572754,-6.835095405578613,-6.4744648933410645,-6.364377975463867,-6.25218391418457,-6.169437885284424,-6.0599846839904785,-6.045341968536377,-6.733205795288086,-7.631425857543945,-7.698345184326172,-7.099706172943115,-6.317852973937988,-6.390561580657959,-6.381961822509766,-6.1067304611206055,-5.693517208099365,-5.015772819519043
-14.112199783325195,-13.955435752868652,-13.703084945678711,-13.49901294708252,-13.241303443908691,-12.768766403198242,-12.11353874206543,-11.422211647033691,-10.83626937866211,-10.485025405883789,-10.445942878723145,-10.665214538574219,-11.045961380004883,-11.482040405273438,-11.833077430725098,-11.89874267578125,-11.712512969970703,-11.548465728759766,-11.461031913757324,-11.255592346191406,-10.912859916687012,-10.552353858947754,-10.181936264038086,-9.824474334716797,-9.487110137939453,-9.13283920288086,-8.72655200958252,-8.249297142028809,-7.877549171447754,-7.759128093719482,-7.729965686798096,-7.578996181488037,-7.307407379150391,-7.137632369995117,-7.662470817565918,-8.746488571166992,-9.002555847167969,-8.154519081115723,-5.756717681884766,-6.0211310386657715,-6.371255397796631,-6.4779558181762695,-6.148356914520264,-5.935024261474609
-14.510555267333984,-14.705936431884766,-14.836991310119629,-14.897115707397461,-14.627538681030273,-13.905722618103027,-12.934303283691406,-12.10003662109375,-11.527212142944336,-11.1576509475708,-10.997389793395996,-11.083969116210938,-11.344727516174316,-11.601527214050293,-11.733319282531738,-11.683792114257812,-11.48185920715332,-11.42192554473877,-11.631012916564941,-11.930359840393066,-12.230270385742188,-12.375615119934082,-12.111448287963867,-11.384430885314941,-10.452866554260254,-9.725062370300293,-9.40284538269043,-9.306386947631836,-9.127055168151855,-8.948161125183105,-8.829204559326172,-8.609090805053711,-8.285344123840332,-7.913835525512695,-7.78361701965332,-8.640653610229492,-7.902027606964111,-4.81223726272583,-5.628393650054932,-5.818924903869629,-6.230892658233643,-6.719056606292725,-6.474388122558594,-6.476901054382324
-15.213035583496094,-15.738399505615234,-15.959701538085938,-15.87917709350586,-15.430026054382324,-14.579946517944336,-13.55362606048584,-12.754239082336426,-12.301657676696777,-11.989615440368652,-11.727559089660645,-11.544499397277832,-11.47293758392334,-11.567793846130371,-11.719968795776367,-11.676328659057617,-11.439454078674316,-11.373767852783203,-11.603586196899414,-12.00273323059082,-12.532651901245117,-13.112197875976562,-13.502649307250977,-13.328472137451172,-12.469693183898926,-11.320615768432617,-10.48815631866455,-10.210441589355469,-10.251043319702148,-10.227052688598633,-9.944548606872559,-9.587849617004395,-9.517402648925781,-7.934603691101074,-7.330724716186523,-8.408857345581055,-7.9654459953308105,-5.339845180511475,-7.929884433746338,-6.64618444442749,-7.856991767883301,-7.790811538696289,-7.764957427978516,-7.564202308654785
-16.662214279174805,-17.136947631835938,-17.262208938598633,-16.953248977661133,-16.286333084106445,-15.271492958068848,-14.168472290039062,-13.360257148742676,-12.95820140838623,-12.687870979309082,-12.259062767028809,-11.655366897583008,-11.120707511901855,-10.990803718566895,-11.345551490783691,-11.793349266052246,-11.880223274230957,-11.716004371643066,-11.665544509887695,-11.91051197052002,-12.406706809997559,-12.969001770019531,-13.610725402832031,-14.150786399841309,-14.136489868164062,-13.59520149230957,-12.974767684936523,-12.508484840393066,-12.074185371398926,-11.697765350341797,-11.56833553314209,-11.818512916564941,-11.526150703430176,-7.062544345855713,-6.733748912811279,-7.6148762702941895,-8.339682579040527,-7.4286580085754395,-7.908016204833984,-7.044285774230957,-7.913506507873535,-8.60682487487793,-8.889098167419434,-8.906375885009766
-17.324687957763672,-17.545427322387695,-17.667156219482422,-17.456253051757812,-16.85557746887207,-15.817754745483398,-14.605825424194336,-13.692126274108887,-13.267065048217773,-12.984097480773926,-12.410380363464355,-11.577157020568848,-10.799726486206055,-10.45959758758545,-10.784521102905273,-11.509469032287598,-11.953864097595215,-11.85264778137207,-11.650849342346191,-11.74290657043457,-12.07859992980957,-12.515707015991211,-13.002615928649902,-13.372138023376465,-13.537031173706055,-13.689318656921387,-13.931377410888672,-14.066666603088379,-13.70408821105957,-12.910940170288086,-12.195186614990234,-11.708710670471191,-11.001968383789062,-9.179544448852539,-7.766611576080322,-8.15452766418457,-8.201565742492676,-7.990699291229248,-7.5105299949646,-6.939030170440674,-7.169066429138184,-7.232330322265625,-8.435007095336914,-9.089454650878906
-17.120018005371094,-17.21438217163086,-17.261491775512695,-17.11830711364746,-16.6471004486084,-15.698105812072754,-14.458924293518066,-13.457452774047852,-13.095873832702637,-12.94573974609375,-12.38653564453125,-11.554207801818848,-10.879018783569336,-10.620601654052734,-10.856377601623535,-11.310782432556152,-11.588848114013672,-11.456155776977539,-11.2499361038208,-11.323180198669434,-11.561566352844238,-11.981867790222168,-12.581550598144531,-12.933794021606445,-13.031160354614258,-13.33318042755127,-13.8323974609375,-14.251069068908691,-14.426513671875,-14.233221054077148,-13.607148170471191,-12.590694427490234,-11.479555130004883,-10.685810089111328,-9.722626686096191,-8.705204010009766,-8.578176498413086,-8.830434799194336,-8.784442901611328,-8.313884735107422,-7.97147274017334,-7.519120216369629,-7.805068016052246,-7.382918834686279
-16.608501434326172,-16.741718292236328,-16.75597381591797,-16.600830078125,-16.121702194213867,-15.164061546325684,-13.877053260803223,-12.808939933776855,-12.414495468139648,-12.470355987548828,-12.208888053894043,-11.594935417175293,-11.083247184753418,-11.05289363861084,-11.394049644470215,-11.651107788085938,-11.60425090789795,-11.332345008850098,-11.142788887023926,-11.226703643798828,-11.374503135681152,-11.546293258666992,-11.878044128417969,-12.183821678161621,-12.52785873413086,-13.26960277557373,-14.046392440795898,-14.341751098632812,-14.371664047241211,-14.422661781311035,-14.44950008392334,-14.220898628234863,-13.455391883850098,-12.456755638122559,-11.318950653076172,-10.197936058044434,-9.750642776489258,-9.74549388885498,-9.830940246582031,-9.525581359863281,-8.728060722351074,-7.81058406829834,-7.510759353637695,-7.680778503417969
