data/wind_data/wind_18_8.json
{"header": {"parameterUnit": "KT", "parameterCategory": 2, "nx": 256, "ny": 198, "lo1": 44.73521041870117, "la1": -3.236724853515625, "lo2": 111.26478576660156, "la2": 43.468475341796875, "dx": 0.2609002888202667, "dy": -0.23708222806453705, "refTime": "2025-02-19 18:00:00", "forecastTime": 0, "parameterNumber": 2, "parameterNumberName": "eastward_wind"}, "data":
[rows 114 to 132 of 198, columns 176 to 219 of 256]
31.032682418823242,27.41182518005371,25.609041213989258,25.135133743286133,25.295928955078125,26.259199142456055,28.301034927368164,30.623544692993164,32.06416320800781,32.879024505615234,33.32968521118164,32.57838439941406,30.658876419067383,29.092321395874023,28.593154907226562,29.26394271850586,32.20839309692383,36.58132553100586,37.57890319824219,33.77330017089844,31.463237762451172,31.37470817565918,29.551841735839844,27.04299545288086,25.534929275512695,25.65160369873047,26.863662719726562,29.153736114501953,32.3000373840332,35.25582504272461,36.30246353149414,35.56731033325195,35.04830551147461,33.92448806762695,32.064186096191406,33.349266052246094,39.10483932495117,40.503231048583984,34.24903106689453,30.000688552856445,32.587867736816406,33.59205627441406,28.24662971496582,24.72160530090332
31.891450881958008,28.336746215820312,27.148305892944336,27.110200881958008,27.27035140991211,27.602964401245117,28.42255973815918,29.75503158569336,30.6792049407959,31.521217346191406,33.07331848144531,34.277706146240234,33.706085205078125,32.32400894165039,31.167869567871094,30.52088737487793,31.830354690551758,35.57387924194336,37.76508712768555,35.601863861083984,33.834228515625,34.1995735168457,33.00941848754883,30.270627975463867,28.544998168945312,28.560482025146484,29.167015075683594,30.718189239501953,33.5379753112793,37.12672805786133,38.930416107177734,37.62697219848633,36.33357620239258,35.45396423339844,34.48640441894531,36.942543029785156,42.15225601196289,40.62105178833008,34.135990142822266,32.97142791748047,38.18358612060547,38.89649200439453,30.376644134521484,24.48307991027832
33.100746154785156,30.814449310302734,30.156902313232422,30.117490768432617,30.07820701599121,29.79408836364746,29.56839370727539,30.011211395263672,30.486845016479492,30.87755012512207,32.30061721801758,34.35637283325195,35.55166244506836,35.66609573364258,34.7296142578125,32.64694595336914,31.56545066833496,33.4146614074707,35.76650619506836,35.61757278442383,35.315216064453125,36.308841705322266,36.33189392089844,34.62998580932617,33.070274353027344,32.521549224853516,31.789548873901367,31.503787994384766,33.288658142089844,37.163719177246094,40.208675384521484,39.086856842041016,36.589019775390625,35.611328125,36.56571960449219,41.25326919555664,44.834102630615234,40.282283782958984,34.61526107788086,36.259578704833984,43.13454055786133,42.224090576171875,32.129425048828125,25.67501449584961
34.43910598754883,33.68455123901367,33.5045280456543,33.60905075073242,33.42340087890625,32.76411819458008,32.40848922729492,32.550418853759766,32.48138427734375,32.21238708496094,32.88146209716797,34.50212478637695,36.06732940673828,36.82935333251953,36.38242721557617,34.57197189331055,32.784854888916016,32.62226486206055,33.599586486816406,34.22085189819336,35.16421890258789,37.0503044128418,38.2103157043457,37.620635986328125,36.61427688598633,36.03008270263672,34.32569885253906,32.212520599365234,32.63568878173828,36.186302185058594,39.8073844909668,39.586669921875,36.67036819458008,35.139320373535156,37.806156158447266,44.67851257324219,47.3252067565918,41.31073760986328,36.27029800415039,39.78147888183594,46.678794860839844,43.72764205932617,33.35043716430664,26.88243865966797
35.59836959838867,36.08326721191406,36.184288024902344,36.00520706176758,35.56618881225586,35.501468658447266,36.279754638671875,36.80574417114258,36.098636627197266,35.05136489868164,35.022796630859375,35.845863342285156,36.34145736694336,35.7288818359375,34.798484802246094,34.56463623046875,34.96133804321289,35.04106521606445,34.15017318725586,33.213096618652344,34.10559844970703,36.765281677246094,38.72926712036133,38.69083023071289,38.15454864501953,38.35904312133789,37.0257682800293,33.972103118896484,32.1880989074707,34.00313949584961,37.83781433105469,39.97509765625,38.099693298339844,36.044952392578125,39.02900314331055,46.5469970703125,49.735145568847656,44.13985824584961,38.88762664794922,42.24516677856445,47.90214538574219,45.095069885253906,36.82319259643555,30.707305908203125
36.564884185791016,37.67304229736328,37.559139251708984,37.08393096923828,36.926883697509766,37.55092239379883,39.18206787109375,40.72218322753906,40.6788330078125,39.41446304321289,38.282081604003906,37.24691390991211,35.382686614990234,33.108333587646484,32.3658561706543,33.804893493652344,36.135833740234375,37.454830169677734,36.148014068603516,33.50714874267578,33.297393798828125,36.036537170410156,38.34512710571289,38.53812026977539,38.48992156982422,39.64508819580078,39.253623962402344,35.939552307128906,32.38473892211914,31.893672943115234,35.80024337768555,40.8840217590332,41.38465118408203,39.18125534057617,40.597957611083984,46.969181060791016,51.85660171508789,47.66971206665039,40.67081069946289,41.810543060302734,47.491485595703125,47.43074417114258,42.240211486816406,37.02284240722656
37.257450103759766,38.461082458496094,37.98583984375,37.380001068115234,37.90309524536133,39.30758285522461,41.20716857910156,43.27170944213867,44.48576354980469,43.857112884521484,41.292259216308594,37.635005950927734,34.08993148803711,31.999183654785156,32.13421630859375,33.82719421386719,36.15858459472656,37.99272155761719,37.68948745727539,35.121063232421875,33.68512725830078,35.40595626831055,37.70107650756836,38.149837493896484,38.077186584472656,39.34922409057617,39.93012619018555,37.6035041809082,33.60796356201172,31.809728622436523,35.60235595703125,42.34281921386719,44.80409622192383,42.51249694824219,41.54023361206055,46.35447311401367,52.908851623535156,49.75957107543945,42.05015563964844,41.79079055786133,47.903648376464844,50.291481018066406,47.130035400390625,42.97745895385742
37.32257080078125,38.3804931640625,37.9072151184082,37.83491897583008,39.30496597290039,41.212703704833984,42.8851432800293,45.03031539916992,47.12934112548828,46.53622055053711,42.33543014526367,37.39169692993164,34.579811096191406,34.151527404785156,34.80843734741211,35.61427307128906,36.73382568359375,38.13634490966797,38.43218231201172,36.6626091003418,34.787899017333984,35.17896270751953,37.11799240112305,38.34391784667969,38.693965911865234,39.84368133544922,40.94465255737305,39.2901611328125,35.427555084228516,33.83380889892578,37.69364547729492,44.19037628173828,46.919105529785156,44.284912109375,41.759788513183594,45.61028289794922,52.61829376220703,51.19015884399414,45.209144592285156,44.434181213378906,48.8770637512207,51.87637710571289,50.74795150756836,47.73806381225586
37.05140686035156,38.024871826171875,37.89369583129883,38.50787353515625,40.376529693603516,42.63398742675781,44.78990936279297,47.126224517822266,48.64023971557617,46.77214431762695,42.251007080078125,38.343345642089844,36.919918060302734,37.34185791015625,37.92634201049805,38.0362548828125,38.12423324584961,38.579837799072266,39.102081298828125,38.722747802734375,37.436100006103516,36.905242919921875,38.13285446166992,39.69009017944336,40.19521713256836,40.81588363647461,41.72474670410156,40.362491607666016,37.225826263427734,36.46818161010742,39.849266052246094,44.83336639404297,47.291595458984375,44.92369842529297,42.2346076965332,45.4937858581543,51.99502944946289,52.745357513427734,49.04996109008789,47.36397933959961,49.06298828125,52.22709274291992,53.8955078125,51.07428741455078
37.02055358886719,37.571144104003906,38.018836975097656,39.39652633666992,41.0482063293457,43.23021697998047,46.496376037597656,49.32237243652344,49.13438034057617,46.263492584228516,43.139137268066406,40.45671463012695,38.64568328857422,37.95458984375,37.79025650024414,38.06514358520508,38.91775131225586,40.1854133605957,41.52608871459961,41.685340881347656,40.44878005981445,39.720497131347656,40.48471450805664,41.668739318847656,42.10499954223633,42.32341003417969,42.58291244506836,41.63444519042969,40.08570098876953,39.36698913574219,40.000091552734375,43.3122444152832,47.05586242675781,46.06249237060547,43.369937896728516,45.6435432434082,51.35457992553711,53.235660552978516,51.14509582519531,48.930320739746094,48.833351135253906,52.834407806396484,57.36322021484375,53.46383285522461
36.2717399597168,36.26479721069336,37.70895004272461,40.29684066772461,42.54932403564453,44.660133361816406,47.65168762207031,50.01691436767578,49.529136657714844,47.75175094604492,45.535728454589844,41.530574798583984,36.951751708984375,34.51969528198242,34.86542892456055,36.95354461669922,39.25144577026367,41.24721145629883,43.038944244384766,43.92316436767578,43.40888595581055,42.52605056762695,42.215980529785156,42.69574737548828,43.670684814453125,44.25691604614258,44.06241989135742,44.060081481933594,44.15975570678711,42.29381561279297,40.27680206298828,43.274105072021484,48.165000915527344,47.7509765625,45.12118148803711,46.29877471923828,50.578033447265625,52.51504135131836,51.63448715209961,49.95662307739258,49.53785705566406,54.957176208496094,60.76559829711914,54.695987701416016
35.42657470703125,35.65155029296875,37.37430953979492,41.03144454956055,45.322410583496094,48.276649475097656,49.55178451538086,49.97077178955078,49.99380111694336,49.18962860107422,46.36629867553711,40.99002456665039,35.111907958984375,32.391170501708984,34.04443359375,37.297908782958984,39.6069221496582,41.03864669799805,42.98735046386719,44.95333480834961,45.820068359375,45.472755432128906,44.24457550048828,43.5677490234375,44.758670806884766,46.35611343383789,46.352325439453125,46.849876403808594,47.37078094482422,44.4653434753418,42.205848693847656,45.52179718017578,49.374629974365234,48.10883331298828,45.58108901977539,46.646907806396484,50.49418640136719,52.92405700683594,53.4083137512207,52.8607177734375,52.56526565551758,57.060482025146484,60.96559524536133,55.13996887207031
35.63673782348633,36.923301696777344,39.62021255493164,44.04869079589844,48.58073425292969,50.7823371887207,50.26874542236328,49.53736114501953,50.150665283203125,49.797698974609375,46.19735336303711,40.56867599487305,36.11048126220703,34.799930572509766,36.619537353515625,39.29082107543945,40.44091033935547,41.023216247558594,42.4780387878418,44.62925338745117,46.525150299072266,47.634483337402344,46.954429626464844,45.49420928955078,45.86861801147461,47.33921813964844,47.816436767578125,48.628910064697266,48.4584846496582,46.09497833251953,45.85521697998047,48.966552734375,49.9832878112793,47.22295379638672,44.96070861816406,46.70750427246094,51.79475021362305,55.52230453491211,56.74334716796875,56.51319885253906,55.91345977783203,58.02577209472656,59.879005432128906,57.00185012817383
36.22166442871094,39.43227005004883,44.15523910522461,48.45185470581055,50.97207260131836,50.86036682128906,48.957054138183594,47.81342697143555,49.25550842285156,50.71700668334961,47.984012603759766,41.818267822265625,37.69623565673828,37.20793533325195,38.83768081665039,40.853294372558594,42.047298431396484,42.84064483642578,43.866756439208984,44.941898345947266,46.34889602661133,48.199546813964844,48.85291290283203,48.09942626953125,48.152854919433594,48.206321716308594,47.5854606628418,48.37211227416992,49.12152862548828,48.302127838134766,49.231929779052734,51.492431640625,50.52170181274414,47.278202056884766,45.76724624633789,47.9478645324707,53.68780517578125,58.737422943115234,59.86531448364258,58.66440200805664,57.72353744506836,58.54518127441406,60.43010711669922,60.29718017578125
37.56890106201172,41.593780517578125,46.977603912353516,50.581390380859375,51.30540084838867,49.97938537597656,48.208740234375,47.3825798034668,48.56583786010742,50.43938064575195,49.627017974853516,45.64607238769531,40.681724548339844,37.411624908447266,37.76994705200195,40.713321685791016,43.498287200927734,45.45595932006836,46.685935974121094,46.52790451049805,46.28499221801758,47.22676467895508,48.254676818847656,49.638404846191406,51.274906158447266,49.71476364135742,46.82661056518555,47.50406265258789,50.152748107910156,50.589447021484375,50.374542236328125,51.169315338134766,51.009212493896484,49.69131088256836,48.996795654296875,50.381591796875,55.286109924316406,61.34202575683594,62.636417388916016,60.03461456298828,57.706363677978516,57.59574890136719,61.26777648925781,62.33392333984375
39.92338180541992,42.669647216796875,47.124046325683594,50.29974365234375,50.79374694824219,50.089942932128906,49.46586608886719,48.91404342651367,48.65740203857422,49.242759704589844,49.72659683227539,48.346797943115234,43.50780487060547,37.60713195800781,35.913352966308594,38.795223236083984,42.51304244995117,45.47005081176758,47.189903259277344,46.981719970703125,45.88471984863281,45.415462493896484,46.34673309326172,50.232757568359375,53.68610763549805,51.14977264404297,47.18580627441406,48.23527526855469,52.553062438964844,53.87352752685547,51.04079055786133,48.5212287902832,48.80070877075195,50.33330535888672,51.39805221557617,52.370452880859375,55.83846664428711,62.56483840942383,65.91587829589844,62.620887756347656,57.110565185546875,55.71548080444336,61.1234016418457,63.88069534301758
42.002376556396484,43.02345657348633,46.091312408447266,49.12293243408203,50.484344482421875,50.98309326171875,50.89821243286133,49.595726013183594,48.20452117919922,48.3314208984375,49.621768951416016,49.23752975463867,44.84559631347656,38.9951171875,37.25335693359375,39.149139404296875,41.09896469116211,42.49612808227539,43.79508590698242,44.673709869384766,44.521812438964844,43.433204650878906,44.330299377441406,49.693546295166016,54.193328857421875,51.72841262817383,48.44078826904297,50.653594970703125,55.78989791870117,56.58513641357422,51.701175689697266,46.82289123535156,46.18309783935547,48.91733169555664,52.01500701904297,53.75411605834961,55.99506378173828,61.81919860839844,67.85032653808594,66.38455200195312,58.93971633911133,56.076873779296875,61.81051254272461,65.98784637451172
43.196205139160156,43.742183685302734,45.46517562866211,47.70624923706055,49.68971252441406,51.10002899169922,51.23377990722656,49.55472183227539,47.83254623413086,47.71748733520508,49.04599380493164,49.83371353149414,48.26589584350586,44.74098205566406,42.228763580322266,42.18191146850586,42.681026458740234,42.1966552734375,41.96482467651367,43.27667236328125,44.43271255493164,43.14639663696289,43.146854400634766,48.030799865722656,52.507625579833984,51.62248229980469,50.31237030029297,53.094215393066406,57.087249755859375,57.02487564086914,53.03108596801758,48.29458236694336,45.71384048461914,46.87022018432617,50.67811965942383,54.12847137451172,56.67183303833008,61.52091598510742,67.92967987060547,68.11168670654297,61.91727066040039,59.682376861572266,64.28573608398438,66.69163513183594
45.74226379394531,45.71998596191406,45.04068374633789,45.22977066040039,46.812808990478516,49.209163665771484,50.775421142578125,50.356422424316406,49.15707015991211,48.60768127441406,48.94103240966797,49.80238342285156,50.57384490966797,50.535587310791016,49.04179763793945,47.1443977355957,46.00369644165039,44.75801086425781,43.5858268737793,44.160011291503906,45.64238357543945,45.235774993896484,44.77884292602539,47.825767517089844,51.15583419799805,51.81321334838867,52.786109924316406,55.61404037475586,57.2077751159668,56.13224792480469,54.30309295654297,51.808807373046875,48.37472152709961,46.69389343261719,48.97475051879883,53.13258361816406,56.71352767944336,61.5107421875,67.40594482421875,68.38756561279297,64.5264892578125,63.645931243896484,66.13339233398438,66.30001831054688
