data/wind_data/wind_14_4.json
{"header": {"parameterUnit": "KT", "parameterCategory": 2, "nx": 256, "ny": 198, "lo1": 44.73521041870117, "la1": -3.236724853515625, "lo2": 111.26478576660156, "la2": 43.468475341796875, "dx": 0.2609002888202667, "dy": -0.23708222806453705, "refTime": "2025-02-19 14:00:00", "forecastTime": 0, "parameterNumber": 2, "parameterNumberName": "eastward_wind"}, "data":
[rows 76 to 94 of 198, columns 0 to 43 of 256]
9.942218780517578,11.055980682373047,11.280961036682129,10.679636001586914,9.939835548400879,9.641122817993164,9.85313892364502,9.584892272949219,8.531939506530762,7.697768211364746,7.917101860046387,8.182328224182129,7.723494052886963,7.240992069244385,6.749751091003418,6.470925331115723,6.3406524658203125,5.804195404052734,5.2844767570495605,5.242183685302734,5.241334915161133,5.46087121963501,5.107721328735352,4.274684429168701,2.867872953414917,1.2874362468719482,-0.11845111846923828,-0.8117906451225281,-1.8628160953521729,-2.3440511226654053,-2.023604154586792,-1.7235097885131836,-1.901319980621338,-2.4917633533477783,-2.87947678565979,-2.663384437561035,-2.1895456314086914,-1.4933433532714844,-0.9482569098472595,-0.7196183800697327,-0.7592629790306091,-0.7017470598220825,-0.5511050820350647,-0.4372248947620392
12.665308952331543,11.533604621887207,10.713318824768066,10.450082778930664,10.426081657409668,10.49906063079834,10.802547454833984,10.827113151550293,10.201605796813965,9.481084823608398,9.40645980834961,9.254239082336426,8.635866165161133,7.826728820800781,7.642065525054932,7.483234882354736,7.396838188171387,7.064507484436035,6.672536849975586,6.4408040046691895,6.660689353942871,7.130265712738037,7.267539978027344,6.776346683502197,5.778042316436768,4.381478309631348,3.271618127822876,2.824197292327881,2.0765738487243652,1.8088643550872803,2.456972122192383,3.0322818756103516,2.3131797313690186,0.7537472248077393,-0.3220653533935547,-0.9134663343429565,-1.6536424160003662,-1.0548198223114014,-0.6792418360710144,-0.46455004811286926,-0.1835833042860031,0.039741504937410355,0.1424434632062912,0.22878597676753998
14.000509262084961,11.345176696777344,10.235780715942383,10.427935600280762,11.290842056274414,11.724702835083008,11.800007820129395,11.769922256469727,11.504599571228027,10.989240646362305,10.750578880310059,10.269631385803223,9.2178373336792,8.661589622497559,8.556949615478516,8.870972633361816,8.718199729919434,8.276479721069336,7.60349702835083,7.113014221191406,7.136391639709473,7.5623393058776855,7.990755558013916,8.022446632385254,7.813499927520752,7.111058712005615,6.284787178039551,5.905666828155518,5.8041253089904785,5.947057247161865,6.242657661437988,6.616273880004883,6.204687118530273,4.803700923919678,3.225480318069458,1.8858418464660645,0.853196918964386,0.1222679391503334,0.30489179491996765,1.1523523330688477,1.4593411684036255,1.1431957483291626,1.2193000316619873,1.1822080612182617
14.833558082580566,13.138919830322266,11.91262149810791,12.113227844238281,13.160696029663086,13.316466331481934,12.875818252563477,12.541545867919922,12.196281433105469,11.723925590515137,11.764609336853027,11.392743110656738,10.416193008422852,9.948224067687988,9.591499328613281,9.608438491821289,9.509683609008789,9.022315979003906,8.307122230529785,7.611981391906738,7.230932235717773,7.51096248626709,7.975237846374512,8.288318634033203,8.606537818908691,8.410273551940918,7.77183723449707,7.306878089904785,7.088242530822754,6.894431114196777,6.55363130569458,6.316244602203369,5.777044296264648,6.058781147003174,5.962558269500732,4.6027984619140625,3.281968593597412,2.377532720565796,3.104329824447632,4.232141971588135,4.6409592628479,3.3875672817230225,2.590374708175659,2.4294049739837646
17.33741569519043,15.116917610168457,14.018203735351562,14.415356636047363,14.94704532623291,14.605252265930176,13.71805191040039,13.058401107788086,12.71175479888916,12.584383010864258,12.810547828674316,12.575718879699707,12.120132446289062,11.55169677734375,10.86809253692627,10.369991302490234,9.938558578491211,9.415714263916016,8.580039978027344,8.056811332702637,7.586922645568848,7.432806491851807,7.7713727951049805,8.211616516113281,8.432744979858398,8.530003547668457,8.492135047912598,8.228750228881836,8.152782440185547,7.749171257019043,8.56798267364502,8.163662910461426,6.792397499084473,4.795710563659668,4.3592352867126465,5.543954372406006,5.315462112426758,5.29281759262085,6.095504283905029,6.3253679275512695,6.225802898406982,4.953451156616211,3.843327283859253,3.568469285964966
18.255178451538086,16.956039428710938,16.39600944519043,16.44343376159668,16.091815948486328,15.45616340637207,14.382147789001465,13.566683769226074,13.44643783569336,13.513472557067871,13.48183822631836,13.157698631286621,12.950428009033203,12.591097831726074,11.60828685760498,10.55763053894043,10.028483390808105,9.714734077453613,9.120561599731445,8.581706047058105,7.9756269454956055,7.6221394538879395,7.9605183601379395,8.558368682861328,8.727989196777344,8.708796501159668,8.872176170349121,8.881054878234863,8.815225601196289,8.765830993652344,8.592206954956055,7.811952114105225,7.608647346496582,7.390169620513916,5.308111190795898,4.329593181610107,5.28522253036499,6.668631553649902,6.5887298583984375,5.805586338043213,5.776895046234131,6.922567367553711,5.7975172996521,4.778091907501221
18.080373764038086,18.9161434173584,19.186161041259766,18.630958557128906,17.565101623535156,16.548629760742188,15.507869720458984,14.961362838745117,14.812889099121094,14.441267967224121,13.9080810546875,13.31909465789795,12.898030281066895,12.397367477416992,11.488285064697266,10.741393089294434,10.636940956115723,10.386497497558594,9.739583969116211,9.101374626159668,8.757667541503906,8.498291969299316,8.486067771911621,8.893791198730469,8.994569778442383,8.796710968017578,8.371109008789062,7.894923210144043,8.15255355834961,8.890939712524414,8.72900676727295,8.142233848571777,7.754339218139648,7.486807346343994,7.154421806335449,6.42645788192749,6.566593170166016,7.327945709228516,7.285791873931885,6.141376972198486,6.769310474395752,8.11585807800293,7.392319679260254,6.547054767608643
19.35843276977539,20.613821029663086,21.053401947021484,20.590314865112305,19.324546813964844,18.262435913085938,17.3607234954834,16.929691314697266,16.493715286254883,15.560230255126953,14.451620101928711,13.592387199401855,13.068867683410645,12.419129371643066,11.762348175048828,11.50989055633545,11.368964195251465,11.024652481079102,10.4678373336792,9.681991577148438,8.761865615844727,8.372633934020996,8.507718086242676,8.792837142944336,9.238640785217285,9.551464080810547,9.224756240844727,8.728984832763672,8.321328163146973,7.998351573944092,7.610104084014893,7.235400676727295,7.277178764343262,7.676203727722168,8.144601821899414,7.992501258850098,8.133296966552734,8.453655242919922,8.513154983520508,7.359910011291504,8.4860200881958,9.110677719116211,8.497832298278809,8.10941219329834
21.323028564453125,22.193805694580078,22.37278175354004,22.156681060791016,20.87183380126953,20.159635543823242,19.383359909057617,18.556495666503906,17.70602035522461,16.650009155273438,15.506977081298828,14.594338417053223,13.946300506591797,13.315129280090332,12.902497291564941,12.665863990783691,12.237314224243164,11.772806167602539,11.301944732666016,10.686934471130371,9.781874656677246,8.811092376708984,8.552382469177246,8.837477684020996,9.48244857788086,10.120793342590332,10.409567832946777,10.26771354675293,9.751004219055176,9.195915222167969,8.454010009765625,7.909770965576172,7.941516399383545,8.411476135253906,9.083343505859375,9.332818031311035,9.366669654846191,9.40732192993164,9.583335876464844,9.100605964660645,8.925193786621094,10.026993751525879,9.908483505249023,9.524517059326172
23.475528717041016,23.923458099365234,23.858715057373047,23.57137107849121,21.88201332092285,21.16679573059082,20.64588737487793,19.76280975341797,18.69111442565918,17.68171501159668,16.82943344116211,16.086889266967773,15.449182510375977,14.94544792175293,14.454288482666016,13.87121868133545,13.411458015441895,13.135608673095703,12.723710060119629,12.109061241149902,11.410277366638184,10.62913990020752,10.166520118713379,10.039838790893555,10.07961654663086,10.38795280456543,11.043771743774414,11.147576332092285,10.622215270996094,10.076812744140625,9.493273735046387,9.114851951599121,9.09199047088623,9.42587661743164,9.87612247467041,10.12642765045166,10.349550247192383,10.381857872009277,10.411149024963379,10.451355934143066,10.445093154907227,10.996417045593262,11.433219909667969,10.9263334274292
25.542726516723633,25.481420516967773,25.251911163330078,24.81365203857422,22.594900131225586,21.44877815246582,21.031831741333008,20.521717071533203,19.682729721069336,18.825490951538086,18.104114532470703,17.4846248626709,16.91767692565918,16.409818649291992,15.77690315246582,14.996216773986816,14.50745677947998,14.359930038452148,14.20500373840332,13.824946403503418,13.261086463928223,12.592951774597168,11.842803001403809,11.329272270202637,11.090082168579102,11.004928588867188,11.207206726074219,11.403985977172852,11.085433959960938,10.510153770446777,10.132213592529297,9.935240745544434,10.006481170654297,10.291354179382324,10.568746566772461,10.94554615020752,11.18883991241455,11.284412384033203,11.326610565185547,11.457324981689453,11.668004989624023,12.160093307495117,12.770415306091309,12.645564079284668
25.348649978637695,25.89387321472168,25.92875862121582,25.395334243774414,23.302690505981445,22.010055541992188,21.43040657043457,20.920883178710938,20.320707321166992,19.834989547729492,19.33798599243164,18.761638641357422,18.14569854736328,17.55682945251465,16.881595611572266,16.113815307617188,15.532684326171875,15.256022453308105,15.168002128601074,15.063309669494629,14.819429397583008,14.297063827514648,13.415740013122559,12.696518898010254,12.306447982788086,12.063128471374512,11.937521934509277,11.926279067993164,11.537445068359375,11.00861644744873,10.743389129638672,10.578468322753906,10.679542541503906,10.861675262451172,11.339873313903809,11.681679725646973,11.855286598205566,12.075445175170898,12.237106323242188,12.572867393493652,12.962363243103027,13.303979873657227,13.728821754455566,13.868310928344727
24.16385841369629,25.679418563842773,26.166606903076172,25.513202667236328,24.019287109375,22.985679626464844,22.201946258544922,21.409595489501953,20.840087890625,20.676578521728516,20.5422306060791,20.114959716796875,19.38179588317871,18.60947608947754,17.95994758605957,17.380146026611328,16.825721740722656,16.436382293701172,16.232330322265625,16.094823837280273,15.893174171447754,15.49864673614502,14.784635543823242,14.089142799377441,13.620603561401367,13.393864631652832,13.239668846130371,13.043652534484863,12.63940143585205,12.130926132202148,11.768095970153809,11.543272018432617,11.65930461883545,11.896405220031738,12.256036758422852,12.380414962768555,12.546829223632812,12.847016334533691,13.145552635192871,13.540682792663574,14.02761173248291,14.395143508911133,14.75601863861084,14.92680835723877
25.518301010131836,26.01604461669922,26.122068405151367,25.668285369873047,24.85405731201172,24.141010284423828,23.4644775390625,22.646358489990234,22.028614044189453,21.838825225830078,21.798595428466797,21.486547470092773,20.752140045166016,19.89056968688965,19.208412170410156,18.689796447753906,18.18313217163086,17.832386016845703,17.702123641967773,17.56767463684082,17.214862823486328,16.683734893798828,16.06930160522461,15.51955509185791,15.075160026550293,14.81605052947998,14.67506217956543,14.506011962890625,14.159733772277832,13.692850112915039,13.162942886352539,12.795790672302246,12.921594619750977,13.455002784729004,13.682008743286133,13.621617317199707,13.746837615966797,13.99786376953125,14.27876091003418,14.546820640563965,14.856952667236328,15.341965675354004,15.820457458496094,16.030202865600586
28.257112503051758,26.69858741760254,25.806440353393555,25.69386863708496,25.407917022705078,25.086349487304688,24.828624725341797,24.298460006713867,23.6995849609375,23.260711669921875,23.01089096069336,22.748231887817383,22.260068893432617,21.541767120361328,20.739587783813477,20.037242889404297,19.50555419921875,19.174531936645508,19.087085723876953,19.075206756591797,18.86545181274414,18.403701782226562,17.817523956298828,17.217947006225586,16.633424758911133,16.206533432006836,16.02130699157715,15.988385200500488,15.790474891662598,15.375922203063965,14.735203742980957,14.299899101257324,14.381424903869629,15.01590633392334,15.402824401855469,15.483335494995117,15.425241470336914,15.473278999328613,15.665038108825684,15.817992210388184,16.14603614807129,16.500173568725586,16.900428771972656,17.148056030273438
30.193004608154297,28.36243438720703,27.30091667175293,27.1995849609375,26.704730987548828,26.281761169433594,26.103845596313477,25.800037384033203,25.2731876373291,24.680757522583008,24.222850799560547,23.94515037536621,23.675600051879883,23.185680389404297,22.449005126953125,21.684349060058594,21.111297607421875,20.708484649658203,20.446063995361328,20.35517120361328,20.329072952270508,20.21096420288086,19.928979873657227,19.347946166992188,18.442424774169922,17.60856056213379,17.207782745361328,17.23139190673828,17.251708984375,16.990371704101562,16.425989151000977,15.879035949707031,15.787894248962402,16.26487159729004,16.71866798400879,17.057350158691406,17.481815338134766,17.404937744140625,16.995853424072266,17.207820892333984,17.720991134643555,17.97700309753418,18.085752487182617,18.213144302368164
31.632484436035156,30.580703735351562,29.913745880126953,29.650766372680664,28.796056747436523,27.92705535888672,27.401851654052734,27.013065338134766,26.49748420715332,25.880937576293945,25.391284942626953,25.061519622802734,24.790340423583984,24.44588851928711,24.014585494995117,23.538965225219727,23.0947208404541,22.69001007080078,22.253761291503906,21.86025047302246,21.69074249267578,21.704660415649414,21.69670867919922,21.338708877563477,20.411481857299805,19.27229118347168,18.479541778564453,18.3100643157959,18.47466278076172,18.460325241088867,18.09775733947754,17.403823852539062,17.049184799194336,17.22714614868164,17.667978286743164,18.412214279174805,19.097553253173828,18.626462936401367,18.071619033813477,18.57301902770996,19.064308166503906,19.206361770629883,19.16905403137207,19.082252502441406
32.75279235839844,32.25897216796875,31.92046356201172,31.816064834594727,30.98627281188965,29.94313621520996,29.14051628112793,28.501754760742188,27.773536682128906,27.034679412841797,26.496179580688477,26.043996810913086,25.59889030456543,25.25000762939453,25.048595428466797,24.919374465942383,24.78753089904785,24.61553192138672,24.291004180908203,23.748262405395508,23.263628005981445,23.080167770385742,23.038671493530273,22.759239196777344,22.043781280517578,21.039823532104492,20.031831741333008,19.48794937133789,19.598875045776367,19.73451042175293,19.5976505279541,19.20524024963379,18.613340377807617,18.417566299438477,18.793846130371094,19.501955032348633,19.94907569885254,19.497514724731445,19.18018341064453,19.606433868408203,20.014720916748047,20.143659591674805,20.09235382080078,19.8969783782959
33.54296112060547,33.587745666503906,33.64598083496094,33.90491485595703,33.24286651611328,32.216461181640625,31.355899810791016,30.590347290039062,29.693452835083008,28.76233673095703,27.994586944580078,27.265869140625,26.552846908569336,26.008670806884766,25.71412467956543,25.708580017089844,25.87545394897461,25.997657775878906,25.92203140258789,25.553712844848633,24.999338150024414,24.549959182739258,24.272462844848633,23.896089553833008,23.282318115234375,22.479610443115234,21.53929328918457,20.80447769165039,20.7015380859375,20.772859573364258,20.812387466430664,20.902111053466797,20.53282356262207,20.203840255737305,20.228519439697266,20.45320701599121,20.592201232910156,20.49002456665039,20.30409049987793,20.46440887451172,20.96619987487793,21.036149978637695,20.75373649597168,20.41193389892578
