data/wind_data/wind_26_4.json
{"header": {"parameterUnit": "KT", "parameterCategory": 2, "nx": 256, "ny": 198, "lo1": 44.73521041870117, "la1": -3.236724853515625, "lo2": 111.26478576660156, "la2": 43.468475341796875, "dx": 0.2609002888202667, "dy": -0.23708222806453705, "refTime": "2025-02-20 02:00:00", "forecastTime": 0, "parameterNumber": 2, "parameterNumberName": "eastward_wind"}, "data":
[rows 152 to 170 of 198, columns 44 to 87 of 256]
18.42717742919922,17.20623016357422,16.401674270629883,16.18207550048828,16.03490447998047,15.400217056274414,14.874733924865723,15.739278793334961,17.8898868560791,17.478076934814453,15.90776252746582,15.531534194946289,15.973384857177734,16.538623809814453,15.947021484375,14.538664817810059,14.123860359191895,14.659445762634277,14.672521591186523,14.175163269042969,14.005570411682129,13.914291381835938,13.522039413452148,12.946714401245117,12.25060749053955,12.295074462890625,13.057257652282715,14.432852745056152,16.163034439086914,17.835206985473633,19.00339126586914,19.57279396057129,19.787744522094727,19.615983963012695,19.360206604003906,19.60616111755371,20.356319427490234,20.5762996673584,18.182954788208008,15.199407577514648,15.01999568939209,15.351274490356445,16.072126388549805,16.019861221313477
17.360939025878906,16.057085037231445,15.158684730529785,15.317095756530762,15.735417366027832,15.475725173950195,14.624534606933594,14.577502250671387,14.628915786743164,14.0309419631958,13.660300254821777,13.907957077026367,14.708291053771973,15.562286376953125,15.780923843383789,15.167072296142578,15.368424415588379,15.034102439880371,13.891145706176758,13.36118221282959,13.583417892456055,13.785295486450195,13.62657356262207,13.042094230651855,12.318531036376953,12.579971313476562,13.634716033935547,14.646905899047852,15.680344581604004,17.069955825805664,18.24710464477539,18.70511817932129,18.539390563964844,18.059476852416992,17.48906707763672,17.33548927307129,17.957040786743164,18.37346649169922,16.642318725585938,14.276994705200195,14.163493156433105,15.463150978088379,15.870333671569824,14.13352108001709
16.808076858520508,15.334134101867676,14.456225395202637,14.774282455444336,16.010526657104492,16.690919876098633,15.210418701171875,13.148282051086426,12.244522094726562,12.621009826660156,12.982148170471191,13.252659797668457,14.259318351745605,15.382349967956543,16.285390853881836,16.55079460144043,16.235572814941406,14.21584415435791,12.730538368225098,12.690848350524902,13.266020774841309,13.636316299438477,13.442508697509766,12.700950622558594,12.024065017700195,12.011308670043945,12.441319465637207,12.561515808105469,12.951406478881836,14.121994972229004,15.586908340454102,16.690757751464844,17.254867553710938,17.164960861206055,16.44654655456543,15.76259708404541,16.22350311279297,16.949993133544922,15.968366622924805,13.9602632522583,12.67161750793457,13.295635223388672,14.544367790222168,13.674725532531738
16.06083106994629,14.517996788024902,14.203377723693848,15.045716285705566,16.70554542541504,17.195619583129883,15.203765869140625,12.898192405700684,12.294210433959961,12.785764694213867,12.858433723449707,12.929327964782715,14.293802261352539,16.139087677001953,17.4307804107666,17.90290641784668,16.344703674316406,13.537367820739746,12.151122093200684,12.356219291687012,12.987250328063965,13.067923545837402,11.866046905517578,10.165055274963379,9.093646049499512,8.659285545349121,8.584521293640137,8.934113502502441,9.988679885864258,11.303995132446289,12.783991813659668,14.321216583251953,15.50603199005127,15.791881561279297,15.290143966674805,14.842247009277344,15.195943832397461,15.705252647399902,14.971121788024902,13.404679298400879,11.931514739990234,11.188740730285645,11.909492492675781,12.140434265136719
14.861960411071777,14.23837947845459,14.908379554748535,16.167797088623047,17.242900848388672,17.088958740234375,15.544609069824219,14.48509407043457,14.831239700317383,15.377470016479492,14.95183277130127,14.179227828979492,15.48519515991211,17.653366088867188,18.530330657958984,18.323862075805664,16.088993072509766,13.2311372756958,11.89086627960205,12.282166481018066,12.816219329833984,11.966144561767578,9.513629913330078,7.633444309234619,7.12023401260376,7.1378912925720215,7.384824275970459,8.012422561645508,9.323344230651855,10.911221504211426,12.478669166564941,13.709139823913574,14.321175575256348,14.3683443069458,14.388925552368164,14.572325706481934,14.567412376403809,14.194737434387207,13.318540573120117,12.40758228302002,11.580310821533203,10.528799057006836,9.13806438446045,8.019856452941895
14.909919738769531,15.408512115478516,17.03522300720215,18.584213256835938,18.925987243652344,18.09070587158203,17.416309356689453,18.202800750732422,19.754179000854492,20.809232711791992,19.48792839050293,17.46992301940918,18.356122970581055,19.492355346679688,19.013294219970703,17.8250732421875,15.499492645263672,13.145095825195312,11.946098327636719,12.478172302246094,12.227914810180664,10.427640914916992,7.843031883239746,6.529608249664307,6.366925239562988,6.4013848304748535,6.761918067932129,7.512416839599609,8.945737838745117,10.730659484863281,12.396944999694824,13.615669250488281,14.195215225219727,14.123489379882812,13.928145408630371,13.69913387298584,13.06113052368164,12.319581031799316,11.880616188049316,11.481744766235352,10.490398406982422,9.383624076843262,7.2756452560424805,5.174283981323242
15.823690414428711,16.87090492248535,18.849422454833984,20.007421493530273,19.67467498779297,18.955652236938477,19.555784225463867,21.430496215820312,22.463829040527344,21.888368606567383,19.4246768951416,18.72818946838379,20.30486488342285,19.940279006958008,18.485013961791992,17.126203536987305,15.227747917175293,13.111943244934082,12.201791763305664,12.199361801147461,11.25318431854248,9.192249298095703,6.974480628967285,6.0460896492004395,5.85830020904541,5.863158702850342,6.283551216125488,6.957197189331055,7.985869884490967,9.253409385681152,10.695965766906738,12.075644493103027,12.798042297363281,12.570353507995605,11.595061302185059,11.029088020324707,10.673245429992676,10.14782428741455,10.236534118652344,10.150293350219727,9.0059814453125,7.55935525894165,6.128796100616455,4.124186038970947
16.969547271728516,18.011077880859375,18.587547302246094,17.91097068786621,17.25471305847168,17.742788314819336,19.973655700683594,21.052921295166016,19.237154006958008,16.817729949951172,16.089210510253906,17.76095199584961,19.417692184448242,18.52573585510254,17.591176986694336,16.190521240234375,14.073355674743652,12.453156471252441,12.206405639648438,11.739147186279297,10.412466049194336,8.505541801452637,6.814528942108154,6.048975944519043,5.702746868133545,5.613135814666748,6.065006732940674,6.752549171447754,7.377326488494873,7.934046268463135,8.758399963378906,9.410310745239258,9.283295631408691,8.729776382446289,8.156158447265625,8.389923095703125,8.914764404296875,8.409271240234375,8.039920806884766,7.975447177886963,6.796860694885254,5.3087477684021,4.500571250915527,2.9411823749542236
18.523929595947266,18.354045867919922,16.80850601196289,15.21139907836914,15.214105606079102,16.922985076904297,18.981605529785156,18.84585952758789,16.63774299621582,15.46042537689209,16.216794967651367,18.52315902709961,18.879127502441406,17.32101058959961,16.334609985351562,14.557342529296875,12.607247352600098,12.141639709472656,11.954553604125977,10.803479194641113,9.22406005859375,7.800754070281982,6.797640800476074,6.216012954711914,5.745546817779541,5.595252513885498,6.145426273345947,6.869546413421631,7.325315475463867,7.659977436065674,7.998475074768066,7.922093868255615,6.937924861907959,5.99898624420166,5.841790199279785,6.318060874938965,6.867457866668701,6.875967502593994,7.02018928527832,6.427331924438477,4.963641166687012,3.6264562606811523,3.411024570465088,2.4275729656219482
19.17800521850586,18.10645866394043,16.51658821105957,16.228456497192383,17.37050437927246,18.16506576538086,18.30047035217285,18.200727462768555,17.731754302978516,17.10833168029785,18.278194427490234,20.395084381103516,18.976226806640625,16.961336135864258,15.723493576049805,13.961525917053223,12.682458877563477,12.224141120910645,11.198731422424316,9.644451141357422,8.309648513793945,7.491314888000488,7.006819248199463,6.45363187789917,5.863314151763916,5.728129863739014,6.347928524017334,7.042510032653809,7.373230934143066,7.501994609832764,7.380383014678955,6.988522529602051,6.133150577545166,5.215911865234375,4.809572696685791,4.9240241050720215,5.371315956115723,6.079485893249512,6.861565113067627,6.434418201446533,4.824907302856445,3.2831130027770996,3.0000247955322266,3.3361783027648926
17.911602020263672,17.395469665527344,17.864421844482422,19.469789505004883,20.96308708190918,21.2529296875,20.578092575073242,19.510988235473633,18.37881851196289,18.169307708740234,20.17609214782715,20.34765625,17.964536666870117,17.08220672607422,16.171737670898438,14.628120422363281,13.185808181762695,11.948980331420898,10.647438049316406,9.184469223022461,8.038945198059082,7.546510696411133,7.2762041091918945,6.689503192901611,6.039836406707764,5.897385120391846,6.435417652130127,6.951741695404053,7.165486812591553,7.076319217681885,6.691573619842529,6.299790382385254,5.876252174377441,5.071669578552246,4.449430465698242,4.538029193878174,5.139852046966553,5.958164691925049,6.865092754364014,6.778837203979492,5.177703380584717,3.152364730834961,2.2239420413970947,2.787057638168335
16.805004119873047,16.930938720703125,18.385881423950195,20.045759201049805,21.534013748168945,21.47184181213379,20.20392608642578,18.869108200073242,17.57322120666504,18.559783935546875,20.26527214050293,18.76903533935547,17.924352645874023,17.775388717651367,16.681114196777344,15.248369216918945,12.698912620544434,11.25616455078125,10.300509452819824,9.138010025024414,8.164122581481934,7.789792060852051,7.505303859710693,6.920440673828125,6.275186538696289,6.007111072540283,6.223810195922852,6.531804084777832,6.709012031555176,6.407052040100098,5.811030387878418,5.451501369476318,5.427399635314941,5.016132354736328,4.393174171447754,4.4171013832092285,5.166539669036865,6.1479716300964355,6.986220359802246,7.1263861656188965,6.261074066162109,3.8094308376312256,1.3965773582458496,1.4579825401306152
16.985939025878906,16.939481735229492,17.725345611572266,18.73050880432129,19.36797523498535,19.437301635742188,19.10929298400879,17.859743118286133,17.8226375579834,20.066221237182617,19.48370361328125,18.938783645629883,19.153427124023438,17.34699249267578,16.434595108032227,14.4990816116333,12.014036178588867,10.808164596557617,10.046477317810059,9.22330093383789,8.488341331481934,8.134702682495117,7.741161346435547,7.200436592102051,6.582784175872803,6.171992778778076,6.04398775100708,6.0672383308410645,6.164831638336182,5.816181182861328,5.078683853149414,4.581069469451904,4.660914897918701,4.731759071350098,4.309964179992676,4.302982330322266,5.102970123291016,6.252981662750244,7.146956443786621,7.309286117553711,7.232738971710205,5.030492782592773,1.4621785879135132,0.9373646378517151
18.14808464050293,18.097736358642578,18.302549362182617,18.901945114135742,19.0789737701416,18.937135696411133,18.199716567993164,17.719497680664062,20.768455505371094,20.490013122558594,19.175121307373047,19.44939422607422,17.3448486328125,15.537524223327637,14.407143592834473,12.923097610473633,11.874579429626465,10.90482234954834,10.06095027923584,9.344269752502441,8.75741958618164,8.421346664428711,8.053242683410645,7.595539093017578,6.944817543029785,6.42694616317749,6.024945259094238,5.694622993469238,5.652840614318848,5.480637073516846,4.807743549346924,4.080722808837891,3.966256618499756,4.335201263427734,4.214395999908447,4.118412017822266,4.7461838722229,5.950958251953125,7.142521858215332,7.395994663238525,7.858757495880127,4.966605186462402,1.6101963520050049,2.212397813796997
18.376375198364258,18.26108169555664,18.880346298217773,19.693618774414062,19.32879638671875,17.956106185913086,18.650672912597656,21.278522491455078,21.45446014404297,19.320392608642578,19.101436614990234,17.301612854003906,14.420376777648926,13.916756629943848,13.371316909790039,12.631799697875977,11.85635757446289,10.899590492248535,10.137344360351562,9.481772422790527,8.873493194580078,8.5248441696167,8.342884063720703,7.961086750030518,7.28157901763916,6.708603858947754,6.092268943786621,5.493465423583984,5.420666694641113,5.516302585601807,4.9840874671936035,3.9918112754821777,3.449359655380249,3.8154072761535645,4.0939106941223145,3.9579966068267822,4.268441677093506,5.269851207733154,6.573632717132568,7.557948589324951,8.319340705871582,3.8846046924591064,0.7647322416305542,3.3486180305480957
17.309534072875977,17.005565643310547,18.010393142700195,18.544713973999023,18.35854148864746,18.850614547729492,20.67372703552246,21.346525192260742,19.527708053588867,19.06360626220703,17.46750259399414,13.824670791625977,13.320313453674316,13.680025100708008,13.234374046325684,12.453941345214844,11.565053939819336,10.75957202911377,10.216007232666016,9.557002067565918,8.882843971252441,8.537737846374512,8.491218566894531,8.099662780761719,7.484377861022949,6.961325645446777,6.2383036613464355,5.561522960662842,5.578927516937256,5.83540153503418,5.312820911407471,3.9925642013549805,2.984780788421631,3.1817455291748047,3.9078688621520996,4.060927867889404,4.146292686462402,4.706194877624512,5.741042613983154,7.96242618560791,8.52295970916748,3.660884380340576,0.5979766845703125,3.309630870819092
16.589902877807617,17.015291213989258,17.93666648864746,18.309558868408203,18.574207305908203,19.421554565429688,19.43994140625,18.19306182861328,18.521169662475586,17.2363224029541,13.88204574584961,13.1113920211792,13.814167976379395,13.746647834777832,13.071292877197266,12.233988761901855,11.41284465789795,10.796477317810059,10.265725135803223,9.532560348510742,8.892626762390137,8.587696075439453,8.440003395080566,7.989019870758057,7.475239276885986,7.053200721740723,6.392878532409668,5.897323131561279,6.018359661102295,6.130742073059082,5.415416717529297,3.9273366928100586,2.7539267539978027,2.799675226211548,3.7145559787750244,4.329622745513916,4.579121112823486,4.785251140594482,5.818881034851074,8.558242797851562,9.350159645080566,4.895833969116211,1.4429126977920532,2.4254159927368164
17.40239906311035,18.501312255859375,19.09330940246582,18.926593780517578,18.407529830932617,17.43115997314453,16.50459861755371,18.260007858276367,16.49462127685547,13.21566104888916,13.102633476257324,13.78033447265625,13.666556358337402,13.033628463745117,12.451699256896973,11.830864906311035,11.134803771972656,10.544143676757812,9.952421188354492,9.359067916870117,8.931889533996582,8.649717330932617,8.288268089294434,7.738646507263184,7.249735355377197,6.93046760559082,6.582136631011963,6.460225582122803,6.525774955749512,6.19942045211792,5.20658016204834,3.904876708984375,2.8948910236358643,2.7803187370300293,3.5668740272521973,4.4748382568359375,5.100651741027832,5.43540096282959,6.341836929321289,8.181197166442871,10.028717994689941,6.969645977020264,2.798597574234009,2.299973487854004
17.82367515563965,18.525938034057617,18.597736358642578,17.871929168701172,16.310514450073242,15.848062515258789,16.914154052734375,15.607686996459961,12.878190040588379,12.633808135986328,13.234371185302734,13.506454467773438,13.221495628356934,12.65490436553955,12.115266799926758,11.438185691833496,10.687535285949707,9.992265701293945,9.439022064208984,9.136579513549805,8.95003890991211,8.64684009552002,8.118936538696289,7.445422172546387,6.907271385192871,6.749963760375977,6.878180980682373,7.084236145019531,6.884479999542236,6.049203872680664,4.952116966247559,3.991089105606079,3.2418453693389893,2.9933979511260986,3.502258062362671,4.451902866363525,5.400826454162598,6.074952125549316,6.562114238739014,7.667952537536621,9.071249961853027,8.266190528869629,4.6173176765441895,3.229637622833252
