data/wind_data/wind_58_7.json
{"header": {"parameterUnit": "KT", "parameterCategory": 2, "nx": 256, "ny": 198, "lo1": 44.73521041870117, "la1": -3.236724853515625, "lo2": 111.26478576660156, "la2": 43.468475341796875, "dx": 0.2609002888202667, "dy": -0.23708222806453705, "refTime": "2025-02-21 10:00:00", "forecastTime": 0, "parameterNumber": 2, "parameterNumberName": "eastward_wind"}, "data":
[rows 100 to 119 of 198, columns 132 to 175 of 256]
77.57212829589844,77.23789978027344,78.06101989746094,79.86402130126953,81.55615997314453,82.33267211914062,82.60508728027344,83.02222442626953,83.61799621582031,84.40467834472656,85.07037353515625,85.5148696899414,85.96319580078125,86.40418243408203,86.83137512207031,87.31490325927734,87.99201202392578,88.57046508789062,88.68069458007812,88.15660858154297,87.13665008544922,86.07768249511719,85.02312469482422,83.96484375,83.69010162353516,84.25581359863281,84.6712646484375,84.70083618164062,84.92306518554688,85.36262512207031,85.73889923095703,86.1061019897461,86.6384506225586,87.28785705566406,88.00116729736328,88.86119079589844,89.83647155761719,90.79469299316406,91.60273742675781,92.01712799072266,92.06776428222656,92.11791229248047,92.19876861572266,91.99116516113281
78.8122329711914,78.2424545288086,78.54914093017578,79.72279357910156,81.19338989257812,82.105224609375,82.36085510253906,82.57463073730469,83.40119171142578,84.61309051513672,85.22541809082031,85.64734649658203,86.13190460205078,86.62398529052734,87.0531234741211,87.29979705810547,88.27327728271484,88.98177337646484,89.15301513671875,89.2801742553711,89.07758331298828,88.3786849975586,87.37126922607422,86.18846130371094,85.46510314941406,85.6749496459961,85.97669219970703,85.81893157958984,85.88475036621094,86.36524963378906,86.8370361328125,87.26859283447266,87.81310272216797,88.41868591308594,88.9910659790039,89.59190368652344,90.4155502319336,91.56961822509766,92.86459350585938,93.88232421875,94.47177124023438,94.9439697265625,95.40911102294922,95.54349517822266
79.88198852539062,79.17284393310547,79.00586700439453,79.60167694091797,80.626220703125,81.65491485595703,82.23628997802734,82.29228210449219,83.11798858642578,84.55519104003906,85.12689971923828,85.61221313476562,86.13873291015625,86.65494537353516,86.87704467773438,86.8849868774414,88.04698181152344,88.45964813232422,88.36019897460938,89.05644989013672,89.44464111328125,89.24382019042969,88.6358871459961,87.92359924316406,87.43286895751953,87.44510650634766,87.5644302368164,87.3136215209961,87.20234680175781,87.69000244140625,88.27880859375,88.59376525878906,88.93183135986328,89.43304443359375,89.97789001464844,90.47181701660156,91.04679870605469,92.01832580566406,93.45219421386719,94.89305114746094,95.96638488769531,96.88933563232422,97.85322570800781,98.57763671875
80.680908203125,80.08673858642578,79.60986328125,79.66079711914062,80.14997863769531,81.00885009765625,81.91320037841797,82.22561645507812,82.79854583740234,84.30074310302734,85.36997985839844,85.76312255859375,86.20724487304688,86.67890167236328,86.94454193115234,86.75021362304688,87.12059020996094,87.73759460449219,87.81979370117188,88.45907592773438,88.93637084960938,88.72859954833984,88.75040435791016,88.71733093261719,88.51609802246094,88.494384765625,88.72584533691406,88.88823699951172,88.92626953125,89.2649917602539,89.91488647460938,90.28530883789062,90.31288146972656,90.44355010986328,90.83273315429688,91.35221099853516,91.90313720703125,92.67288970947266,93.91616821289062,95.452880859375,96.88864135742188,98.14776611328125,99.38105010986328,100.50523376464844
81.48218536376953,81.08277893066406,80.48528289794922,80.23601531982422,80.34479522705078,80.77449798583984,81.61743927001953,82.18647766113281,82.49504089355469,83.59627532958984,85.10952758789062,85.97126770019531,86.35255432128906,86.8056869506836,87.18560028076172,87.16832733154297,87.12277221679688,87.16352844238281,87.32538604736328,88.06687927246094,88.6387939453125,88.27124786376953,87.73377227783203,87.66921997070312,87.90939331054688,88.49931335449219,89.54173278808594,90.42369842529297,90.67720794677734,90.76262664794922,91.1916275024414,91.73856353759766,91.88618469238281,91.73933410644531,91.78022003173828,92.17449951171875,92.78292846679688,93.55091857910156,94.64727783203125,96.09147644042969,97.63279724121094,99.09575653076172,100.49531555175781,101.77432250976562
82.29811096191406,82.168701171875,81.51443481445312,81.10413360595703,81.09111785888672,81.30667114257812,81.78583526611328,82.34747314453125,82.6276626586914,83.07334899902344,84.26374053955078,85.51266479492188,86.2322769165039,86.8388442993164,87.40414428710938,87.50025177001953,87.31367492675781,87.05965423583984,86.95145416259766,87.40673065185547,87.82051849365234,87.75559997558594,87.48307037353516,87.0006332397461,86.55552673339844,86.96697235107422,88.48292541503906,90.26983642578125,91.44840240478516,92.05363464355469,92.31914520263672,92.59004974365234,92.93765258789062,93.06790924072266,93.05770874023438,93.20596313476562,93.60348510742188,94.27835083007812,95.33670043945312,96.80013275146484,98.431884765625,99.9897232055664,101.49266815185547,102.88298034667969
82.70040893554688,82.92011260986328,82.34550476074219,81.8424301147461,81.77647399902344,81.90966033935547,82.24083709716797,82.744384765625,83.03494262695312,83.2725830078125,84.0283432006836,84.82341003417969,85.41264343261719,86.52615356445312,87.6717529296875,87.76764678955078,87.09812927246094,86.76174926757812,86.7967529296875,86.93274688720703,86.98826599121094,86.89766693115234,86.95822143554688,86.69051361083984,85.83021545410156,85.52291870117188,86.66596984863281,88.52599334716797,90.32061767578125,91.80402374267578,92.63726806640625,92.99980926513672,93.4351577758789,93.88685607910156,94.14583587646484,94.26277160644531,94.42662048339844,94.85456848144531,95.71375274658203,97.11729431152344,98.95256805419922,100.77591705322266,102.32691955566406,103.66532135009766
82.5565185546875,83.03753662109375,82.63739013671875,82.16880798339844,82.08364868164062,82.15583038330078,82.37881469726562,82.92178344726562,83.38894653320312,83.6313705444336,84.21076965332031,84.76464080810547,84.98292541503906,86.08517456054688,87.62469482421875,87.80231475830078,86.90293884277344,86.23043060302734,86.0517807006836,86.3245849609375,86.7021713256836,86.47590637207031,86.23101043701172,86.30355072021484,85.9766616821289,85.44424438476562,85.62444305419922,86.5592269897461,88.00648498535156,89.85784149169922,91.49332427978516,92.62298583984375,93.41500091552734,93.99092864990234,94.40945434570312,94.75786590576172,95.07193756103516,95.47809600830078,96.11538696289062,97.18892669677734,98.92842102050781,100.96764373779297,102.66858673095703,103.89844512939453
82.02824401855469,82.6631851196289,82.37711334228516,81.96422576904297,81.91366577148438,82.02713775634766,82.19855499267578,82.62483215332031,83.26327514648438,83.8734130859375,84.45633697509766,84.9428939819336,85.23180389404297,85.88938903808594,87.1633529663086,87.74253845214844,87.10135650634766,86.31586456298828,85.81809997558594,85.60889434814453,85.98805236816406,86.3488540649414,86.32701110839844,86.36473083496094,86.2772216796875,86.07917022705078,85.9913101196289,86.06632995605469,86.51535034179688,87.60503387451172,89.28196716308594,91.06114196777344,92.44676971435547,93.30703735351562,93.81226348876953,94.4292221069336,95.23969268798828,96.00240325927734,96.72349548339844,97.61856079101562,98.97876739501953,100.77433013916016,102.4102554321289,103.47940826416016
81.2337646484375,81.92945861816406,81.77871704101562,81.45286560058594,81.38478088378906,81.49341583251953,81.65339660644531,82.0705337524414,82.8284912109375,83.66783142089844,84.41700744628906,85.06459045410156,85.51566314697266,85.74376678466797,86.55985260009766,87.52729034423828,87.40550231933594,86.62386322021484,86.02022552490234,85.64331817626953,85.77318572998047,86.3932113647461,86.82186889648438,86.8363265991211,86.82646942138672,86.84508514404297,86.61083984375,86.30147552490234,86.29890441894531,86.8128890991211,87.7830810546875,89.04608154296875,90.55825805664062,91.92996978759766,92.65577697753906,93.26990509033203,94.40298461914062,95.80123901367188,97.02639770507812,98.09684753417969,99.2518310546875,100.5830307006836,101.83050537109375,102.6822509765625
80.30516815185547,80.81876373291016,80.88036346435547,80.78634643554688,80.66531372070312,80.63059997558594,80.7487564086914,81.21849822998047,82.05242156982422,82.8964614868164,83.90694427490234,84.92666625976562,85.38076782226562,85.43746948242188,85.89723205566406,86.69898986816406,87.0970230102539,86.76730346679688,86.21610260009766,85.9506607055664,86.01996612548828,86.3572769165039,87.15201568603516,87.43569946289062,87.10668182373047,86.9557113647461,86.77385711669922,86.5242919921875,86.51925659179688,86.91795349121094,87.56212615966797,88.1624755859375,88.99022674560547,90.23937225341797,91.24717712402344,91.8701171875,92.8880386352539,94.58325958251953,96.41765594482422,97.91732025146484,99.04591369628906,99.99114227294922,100.84683990478516,101.56928253173828
79.50503540039062,79.53104400634766,79.57378387451172,79.7295913696289,79.7416000366211,79.55783081054688,79.47191619873047,79.83195495605469,80.6300048828125,81.55242156982422,82.60924530029297,83.8055419921875,84.80859375,85.09957885742188,84.9330825805664,85.2104263305664,85.92072296142578,86.27865600585938,86.12786865234375,86.09078979492188,86.25141143798828,86.32323455810547,86.6282958984375,87.16202545166016,87.1045150756836,86.69080352783203,86.37550354003906,86.22171020507812,86.34431457519531,86.83893585205078,87.55355834960938,88.14279174804688,88.64822387695312,89.41049194335938,90.27472686767578,90.92401123046875,91.72624969482422,93.20793914794922,95.16364288330078,96.87029266357422,97.931396484375,98.56964111328125,99.17902374267578,99.9451904296875
78.94185638427734,78.48908233642578,78.19081115722656,78.29035949707031,78.53536224365234,78.47138214111328,78.18299102783203,78.16374969482422,78.66886138916016,79.52658081054688,80.65524291992188,81.88352966308594,82.89450073242188,83.4617919921875,83.51358032226562,83.54534149169922,84.104736328125,84.94232940673828,85.42414855957031,85.67094421386719,85.94895935058594,86.04389190673828,86.09761047363281,86.4687271118164,86.67566680908203,86.30919647216797,85.76953887939453,85.5545654296875,85.80404663085938,86.40738677978516,87.15473175048828,87.85370635986328,88.48869323730469,89.22531127929688,90.0553207397461,90.76643371582031,91.42547607421875,92.42799377441406,93.89701080322266,95.33255004882812,96.18708038330078,96.54717254638672,96.98426818847656,97.95117950439453
78.74923706054688,77.9571762084961,77.2718276977539,77.06791687011719,77.33660125732422,77.5783920288086,77.46441650390625,77.17185974121094,77.08927154541016,77.54544067382812,78.48627471923828,79.4693832397461,80.26375579833984,80.84385681152344,81.18671417236328,81.50753784179688,82.17603302001953,83.21186828613281,84.14424133300781,84.64356994628906,84.88085174560547,85.05693817138672,85.28121185302734,85.64472198486328,86.01934814453125,86.0447769165039,85.62051391601562,85.10787963867188,84.94291687011719,85.26265716552734,85.95257568359375,86.81851959228516,87.7348403930664,88.697509765625,89.66207122802734,90.49911499023438,91.16181182861328,91.82266998291016,92.64165496826172,93.46527862548828,94.02561950683594,94.38175964355469,94.99560546875,96.36247253417969
78.85987091064453,77.9360122680664,77.07704162597656,76.67069244384766,76.87444305419922,77.30717468261719,77.4656753540039,77.21986389160156,76.78561401367188,76.59220123291016,76.86644744873047,77.31355285644531,77.70681762695312,78.10066223144531,78.58260345458984,79.23821258544922,80.1264877319336,81.19207000732422,82.23885345458984,83.01627349853516,83.41791534423828,83.66619110107422,84.08790588378906,84.65220642089844,85.04815673828125,85.0934066772461,84.84642791748047,84.43726348876953,84.08607482910156,84.08489990234375,84.581298828125,85.44746398925781,86.47261810302734,87.50655364990234,88.4659423828125,89.3148422241211,90.03532409667969,90.61853790283203,91.03882598876953,91.31813049316406,91.6581039428711,92.35808563232422,93.67335510253906,95.66226196289062
78.98600769042969,78.125,77.37538146972656,77.08940124511719,77.3092041015625,77.72503662109375,77.88883972167969,77.64514923095703,77.13021087646484,76.59062194824219,76.25007629394531,76.08964538574219,76.01432037353516,76.12779235839844,76.54891967773438,77.25775909423828,78.1523666381836,79.13299560546875,80.12116241455078,80.99473571777344,81.68201446533203,82.35318756103516,83.08869171142578,83.5962142944336,83.65658569335938,83.51068878173828,83.3887939453125,83.1732177734375,82.92926025390625,83.10166931152344,83.85243225097656,84.79243469238281,85.59449768066406,86.2567138671875,86.85517120361328,87.50106048583984,88.25379943847656,88.901123046875,89.1580810546875,89.14395141601562,89.52030944824219,90.85951232910156,93.0245132446289,95.38851928710938
78.98130798339844,78.41653442382812,77.96125793457031,77.84725189208984,78.06124114990234,78.3056869506836,78.22496795654297,77.79959106445312,77.2816162109375,76.80577087402344,76.31464385986328,75.76871490478516,75.29391479492188,75.12034606933594,75.33967590332031,75.8577651977539,76.58906555175781,77.45075988769531,78.31805419921875,79.15745544433594,80.06690216064453,81.0536117553711,81.76170349121094,81.84109497070312,81.5569076538086,81.43859100341797,81.57128143310547,81.6797103881836,81.8720474243164,82.58890533447266,83.74240112304688,84.7302474975586,85.26223754882812,85.4315414428711,85.47478485107422,85.8614730834961,86.6868667602539,87.31989288330078,87.35871887207031,87.25597381591797,87.9837417602539,90.09015655517578,92.85442352294922,94.95628356933594
78.87896728515625,78.73371124267578,78.66165161132812,78.65221405029297,78.72496795654297,78.64366149902344,78.16063690185547,77.48714447021484,77.00970458984375,76.7126693725586,76.27178192138672,75.55404663085938,74.82178497314453,74.44490051269531,74.54044342041016,74.98381805419922,75.64793395996094,76.38723754882812,77.04136657714844,77.72589874267578,78.66287231445312,79.50617218017578,79.6590805053711,79.21882629394531,78.88229370117188,79.05905151367188,79.6202621459961,80.3185043334961,81.28972625732422,82.72637939453125,84.1226806640625,84.86628723144531,85.03732299804688,84.80964660644531,84.43232727050781,84.6391372680664,85.44998931884766,85.89151763916016,85.68151092529297,85.71013641357422,87.07913208007812,89.91329193115234,92.75858306884766,94.05777740478516
78.7266845703125,78.85227966308594,79.19576263427734,79.3693618774414,79.21155548095703,78.68171691894531,77.83283996582031,77.01826477050781,76.553955078125,76.24689483642578,75.65811157226562,74.71898651123047,73.86073303222656,73.57687377929688,73.93253326416016,74.60103607177734,75.23699951171875,75.67788696289062,76.054443359375,76.63516235351562,77.29193878173828,77.48876190185547,77.1336441040039,76.72657012939453,76.73417663574219,77.2354507446289,78.1664047241211,79.4282455444336,81.0439453125,82.91191101074219,84.33463287353516,84.83280181884766,84.7638168334961,84.30917358398438,83.77143859863281,83.95941925048828,84.56315612792969,84.57915496826172,84.21891784667969,84.66124725341797,86.73985290527344,89.87602233886719,92.19514465332031,92.48279571533203
78.6604995727539,78.81896209716797,79.29395294189453,79.62080383300781,79.34326934814453,78.54217529296875,77.5870590209961,76.76915740966797,76.16588592529297,75.53704071044922,74.57463073730469,73.4156494140625,72.64788055419922,72.71153259277344,73.41629791259766,74.19071960449219,74.60076904296875,74.78277587890625,75.16691589355469,75.61792755126953,75.59166717529297,75.17830657958984,74.91349792480469,75.11522674560547,75.73983764648438,76.61539459228516,77.71491241455078,79.08499145507812,80.73949432373047,82.51089477539062,83.7684555053711,84.25784301757812,84.37837982177734,83.83600616455078,83.09142303466797,83.53661346435547,84.19685363769531,83.675537109375,83.06574249267578,83.95882415771484,86.63978576660156,89.68123626708984,91.0068130493164,90.43646240234375
