data/wind_data/wind_56_4.json
{"header": {"parameterUnit": "KT", "parameterCategory": 2, "nx": 256, "ny": 198, "lo1": 44.73521041870117, "la1": -3.236724853515625, "lo2": 111.26478576660156, "la2": 43.468475341796875, "dx": 0.2609002888202667, "dy": -0.23708222806453705, "refTime": "2025-02-21 08:00:00", "forecastTime": 0, "parameterNumber": 2, "parameterNumberName": "eastward_wind"}, "data":
[rows 0 to 18 of 198, columns 44 to 87 of 256]
3.2123630046844482,2.746994733810425,2.641407012939453,2.8194634914398193,2.8258323669433594,2.685750722885132,2.2590067386627197,1.6707535982131958,1.1851571798324585,0.7333546280860901,0.27212485671043396,-0.10977215319871902,-0.258365660905838,-0.43731996417045593,-0.8537607192993164,-1.2438790798187256,-1.5180696249008179,-1.7065529823303223,-1.791099190711975,-1.914046049118042,-2.0991768836975098,-2.2514355182647705,-2.3664262294769287,-2.4090514183044434,-2.387026309967041,-2.344524621963501,-2.2852423191070557,-2.2269368171691895,-2.2034871578216553,-2.3337690830230713,-2.536968231201172,-2.7533583641052246,-2.9079723358154297,-2.8319790363311768,-2.797340154647827,-3.020332098007202,-3.1981558799743652,-3.2072036266326904,-3.192704916000366,-3.172987937927246,-3.2068328857421875,-3.3091487884521484,-3.363914966583252,-3.3682126998901367
3.1124534606933594,2.7168164253234863,2.4645636081695557,2.346817970275879,2.2795865535736084,2.1488795280456543,1.6815263032913208,1.1151007413864136,0.8991410732269287,0.6933119297027588,0.1130109429359436,-0.3749099373817444,-0.5552000999450684,-0.8233281970024109,-1.2933292388916016,-1.6802672147750854,-1.93597412109375,-2.0734195709228516,-2.0329253673553467,-2.0796191692352295,-2.269575357437134,-2.458143949508667,-2.613408327102661,-2.627467155456543,-2.5725131034851074,-2.527448892593384,-2.4410572052001953,-2.3947389125823975,-2.421950101852417,-2.541104555130005,-2.696260690689087,-2.9160401821136475,-3.112983226776123,-3.058621883392334,-3.0537269115448,-3.3161461353302,-3.5191593170166016,-3.507917642593384,-3.483773708343506,-3.517287015914917,-3.5542807579040527,-3.5849013328552246,-3.6059162616729736,-3.6158933639526367
3.0015318393707275,2.5544495582580566,2.192443609237671,1.9610811471939087,1.7510844469070435,1.488555908203125,1.07862389087677,0.6933692693710327,0.5157217383384705,0.3260048031806946,-0.15815527737140656,-0.5840326547622681,-0.8237993121147156,-1.1316505670547485,-1.5187296867370605,-1.851122498512268,-2.1262831687927246,-2.2875301837921143,-2.436826467514038,-2.5375587940216064,-2.6203842163085938,-2.803046226501465,-2.9803695678710938,-2.8670058250427246,-2.5933313369750977,-2.421147346496582,-2.3824563026428223,-2.5271801948547363,-2.7452802658081055,-2.923205614089966,-3.095205068588257,-3.272772789001465,-3.425044536590576,-3.454353094100952,-3.48725962638855,-3.6379284858703613,-3.7783281803131104,-3.7682182788848877,-3.7879583835601807,-3.885382890701294,-3.8803911209106445,-3.772305488586426,-3.6905674934387207,-3.6542928218841553
2.9159622192382812,2.3658218383789062,1.9601002931594849,1.7969110012054443,1.3437623977661133,0.9945605993270874,0.6230725049972534,0.31546512246131897,0.018673468381166458,-0.19792471826076508,-0.47971510887145996,-0.796312153339386,-1.089941382408142,-1.5280803442001343,-1.916253685951233,-2.114393949508667,-2.446714162826538,-2.5338282585144043,-2.8069233894348145,-3.0136897563934326,-3.1376895904541016,-3.222541332244873,-3.2347288131713867,-2.904665946960449,-2.5508317947387695,-2.3291845321655273,-2.4637186527252197,-2.817793607711792,-3.1608059406280518,-3.4111850261688232,-3.6078100204467773,-3.7157793045043945,-3.832561492919922,-3.7632222175598145,-3.803278923034668,-3.776982069015503,-3.9038469791412354,-4.065183639526367,-4.244561195373535,-4.2726898193359375,-4.016908645629883,-3.685952663421631,-3.5243005752563477,-3.5564000606536865
3.021423578262329,2.3506906032562256,2.0892531871795654,1.584604024887085,0.3697591722011566,0.12952610850334167,-0.31382232904434204,-0.7932327389717102,-1.3286939859390259,-1.531285285949707,-1.4113529920578003,-1.3182986974716187,-1.2639589309692383,-2.5511856079101562,-2.6959824562072754,-3.256319761276245,-3.26961350440979,-2.951648235321045,-3.6151926517486572,-3.9557197093963623,-4.502556800842285,-4.115087985992432,-3.835280179977417,-3.160822868347168,-3.2229230403900146,-2.851184129714966,-3.4672725200653076,-4.320982933044434,-4.5722737312316895,-4.514240264892578,-4.067451477050781,-3.3845901489257812,-3.644902467727661,-3.187054395675659,-3.819770574569702,-3.5632147789001465,-3.822258710861206,-4.513901710510254,-4.945825576782227,-4.343786716461182,-3.1635239124298096,-2.6113967895507812,-2.62798810005188,-2.880924701690674
3.130983591079712,1.9511412382125854,2.1264162063598633,0.6953855752944946,-0.30358096957206726,-0.657801628112793,-1.4559684991836548,-1.8065452575683594,-2.467757225036621,-2.5118234157562256,-2.3292644023895264,-2.1865174770355225,-2.6491880416870117,-3.1593644618988037,-3.1059043407440186,-4.171667098999023,-4.49501371383667,-4.047348976135254,-5.696915626525879,-5.08543586730957,-5.050417423248291,-4.442967414855957,-4.149751663208008,-3.6403732299804688,-3.3229973316192627,-2.8870391845703125,-3.632441997528076,-4.173344135284424,-4.089158058166504,-3.668747901916504,-3.1907460689544678,-3.0027987957000732,-3.5080976486206055,-4.484071254730225,-4.753669738769531,-4.009985446929932,-3.7722678184509277,-4.159841060638428,-4.649345397949219,-4.113900184631348,-2.8423171043395996,-2.597865581512451,-3.0998547077178955,-3.665347099304199
2.1151576042175293,1.7846661806106567,0.7280347347259521,-0.06585907191038132,-0.8305970430374146,-1.155598521232605,-2.3468077182769775,-2.6822335720062256,-3.0493054389953613,-3.105879545211792,-3.1511614322662354,-3.172759771347046,-3.8096816539764404,-4.405330657958984,-4.337881565093994,-4.610927104949951,-6.422506332397461,-6.17603063583374,-6.394718170166016,-4.848993301391602,-5.624504089355469,-5.215906620025635,-4.522791385650635,-4.0191802978515625,-3.962791919708252,-4.042158126831055,-3.81266450881958,-3.728638172149658,-3.5805351734161377,-3.42706036567688,-3.5979206562042236,-4.33662223815918,-5.166042804718018,-5.778134822845459,-5.28718376159668,-4.5494818687438965,-4.367204666137695,-4.856360912322998,-5.321944236755371,-4.5787577629089355,-2.7968015670776367,-2.5108773708343506,-3.4066836833953857,-4.505285739898682
0.6699403524398804,0.9981541633605957,0.22771957516670227,-0.2620585560798645,-1.7270625829696655,-1.9132949113845825,-2.9461307525634766,-3.234184503555298,-3.5138280391693115,-4.047840118408203,-4.32823371887207,-4.642254829406738,-5.227198123931885,-5.704135894775391,-5.484314441680908,-5.0908942222595215,-6.1304216384887695,-6.3480544090271,-5.994065284729004,-4.4346442222595215,-5.710882186889648,-5.260981559753418,-5.146564483642578,-4.804581165313721,-5.4216227531433105,-5.301234245300293,-4.463597774505615,-4.377111434936523,-4.136224746704102,-4.351661682128906,-4.983328342437744,-5.905089378356934,-6.351762771606445,-6.418781280517578,-6.246274471282959,-5.927455425262451,-5.493277072906494,-5.139952659606934,-4.849738597869873,-4.340432167053223,-3.0840752124786377,-2.837003231048584,-4.274687767028809,-5.246774196624756
0.048934224992990494,-0.25252363085746765,-1.2439677715301514,-1.5626245737075806,-3.1514394283294678,-3.7169528007507324,-4.030852317810059,-4.103424549102783,-4.5988993644714355,-5.406728267669678,-5.672360420227051,-6.05253267288208,-6.359285354614258,-6.3556976318359375,-6.10296106338501,-5.801105499267578,-5.840949058532715,-5.607198715209961,-4.7264485359191895,-4.766361236572266,-6.110362529754639,-5.0112738609313965,-5.8539252281188965,-5.184936046600342,-5.407919406890869,-5.1205644607543945,-5.201805114746094,-5.461882591247559,-5.283896446228027,-5.668990612030029,-6.170321464538574,-6.692389011383057,-7.258703708648682,-7.673895359039307,-7.50324821472168,-6.875770092010498,-5.688683032989502,-4.650097370147705,-4.016958713531494,-4.619073867797852,-4.093850135803223,-3.8537728786468506,-4.820653915405273,-5.490269660949707
-0.8962056636810303,-1.5501667261123657,-2.4780426025390625,-3.213212728500366,-4.460512161254883,-5.685779094696045,-5.603509426116943,-5.446381092071533,-5.994578838348389,-6.696487903594971,-7.044051170349121,-7.510754108428955,-7.473320960998535,-6.832455158233643,-6.243986129760742,-6.274406433105469,-6.052242755889893,-5.659109592437744,-4.87648344039917,-4.3115553855896,-5.280196189880371,-5.304425239562988,-5.3363261222839355,-4.8039679527282715,-4.770264625549316,-5.60539436340332,-6.064488887786865,-6.575169563293457,-6.343077182769775,-6.211075305938721,-6.052637577056885,-6.201998233795166,-7.584910869598389,-8.80551815032959,-8.093514442443848,-7.066858291625977,-5.573841094970703,-4.774245738983154,-4.543673992156982,-5.534555435180664,-5.422337055206299,-5.000962734222412,-5.153761863708496,-5.408105373382568
-2.1097867488861084,-2.9079272747039795,-3.5433056354522705,-4.214025020599365,-5.4653449058532715,-7.018726825714111,-7.002741813659668,-6.82146692276001,-7.220829486846924,-7.782339572906494,-8.272016525268555,-8.918756484985352,-8.180925369262695,-6.9575724601745605,-6.546444892883301,-6.624939918518066,-6.376857757568359,-5.611904621124268,-5.1812005043029785,-4.965553283691406,-4.933482646942139,-5.270815372467041,-5.4564666748046875,-5.693260192871094,-5.805003643035889,-6.330470561981201,-6.800610065460205,-7.178337574005127,-6.943824291229248,-6.265948295593262,-5.759711742401123,-5.727501392364502,-7.302130699157715,-8.665409088134766,-7.901625633239746,-6.781078338623047,-5.99297571182251,-5.331634044647217,-5.630928039550781,-6.9336957931518555,-6.66060733795166,-5.272951602935791,-4.820617198944092,-4.63258171081543
-3.29939341545105,-4.105265140533447,-4.439589023590088,-5.294127941131592,-6.811720848083496,-7.951605319976807,-7.919944763183594,-7.64771842956543,-8.012526512145996,-8.816948890686035,-8.345831871032715,-8.14461612701416,-7.815553188323975,-7.17146110534668,-7.17645788192749,-7.268115043640137,-7.145370006561279,-6.4172539710998535,-5.8083086013793945,-5.584597587585449,-5.522704124450684,-5.664257049560547,-5.823512554168701,-6.497435092926025,-7.1798095703125,-7.453942775726318,-7.469639778137207,-7.5552077293396,-7.389803409576416,-6.887556552886963,-6.271315097808838,-5.598269462585449,-5.752121448516846,-7.047136306762695,-7.204617023468018,-6.440598487854004,-6.953335285186768,-5.9225568771362305,-5.749119758605957,-6.903563022613525,-6.718505859375,-5.048949241638184,-5.136005878448486,-4.945909023284912
-4.674710750579834,-5.171240329742432,-5.575685977935791,-6.644806385040283,-8.451961517333984,-8.7178955078125,-8.936196327209473,-9.400901794433594,-8.53331184387207,-10.086767196655273,-9.312236785888672,-8.818791389465332,-8.136220932006836,-7.27750301361084,-8.113948822021484,-8.210240364074707,-7.7608747482299805,-7.314805030822754,-6.964607238769531,-6.649926662445068,-6.7604827880859375,-7.000576972961426,-7.439831733703613,-7.8774800300598145,-8.148534774780273,-8.01325511932373,-7.617613792419434,-7.450282573699951,-7.786492347717285,-7.912452697753906,-7.482706069946289,-6.406254768371582,-6.220690727233887,-7.060177803039551,-7.136298656463623,-7.636754512786865,-6.783661365509033,-5.763108253479004,-5.850916385650635,-6.7106523513793945,-7.201758861541748,-6.291357040405273,-6.162092685699463,-5.817873954772949
-5.928171157836914,-6.524215221405029,-6.721190452575684,-8.102685928344727,-10.159039497375488,-9.730046272277832,-10.486298561096191,-10.354186058044434,-9.09335994720459,-10.961260795593262,-10.269425392150879,-9.82223892211914,-8.136183738708496,-7.342790126800537,-8.035774230957031,-8.303643226623535,-7.8972015380859375,-7.882822513580322,-8.136695861816406,-8.008358001708984,-8.40192699432373,-8.794169425964355,-9.295849800109863,-9.350334167480469,-9.153509140014648,-8.598905563354492,-8.235387802124023,-8.286134719848633,-8.136931419372559,-8.054107666015625,-7.720991134643555,-6.931220531463623,-6.819760322570801,-7.741294860839844,-9.277247428894043,-9.30809211730957,-7.56394624710083,-6.50459098815918,-6.840672969818115,-7.992165565490723,-7.869446277618408,-7.10337495803833,-6.893144607543945,-7.67418098449707
-6.835518836975098,-7.963424205780029,-7.926170349121094,-9.538492202758789,-10.916851043701172,-11.181763648986816,-11.827917098999023,-10.987517356872559,-11.088245391845703,-11.636553764343262,-11.219038009643555,-10.649852752685547,-8.743962287902832,-7.656168460845947,-8.172674179077148,-8.626603126525879,-8.585128784179688,-8.575955390930176,-8.831412315368652,-9.158971786499023,-9.961732864379883,-10.227839469909668,-10.51048469543457,-10.076478004455566,-9.466397285461426,-8.981498718261719,-9.664957046508789,-9.778420448303223,-8.070602416992188,-7.846219539642334,-7.689079284667969,-7.380667209625244,-8.449440956115723,-9.872642517089844,-10.851320266723633,-10.961494445800781,-9.809455871582031,-8.702472686767578,-8.180197715759277,-8.306327819824219,-8.597228050231934,-7.95259428024292,-8.393745422363281,-9.709050178527832
-8.370712280273438,-9.32065200805664,-9.052163124084473,-11.427688598632812,-12.159904479980469,-12.482707023620605,-12.740035057067871,-12.331069946289062,-12.634125709533691,-12.029410362243652,-11.33111572265625,-10.54822063446045,-9.701387405395508,-9.211182594299316,-8.955825805664062,-9.23768424987793,-9.657740592956543,-9.695343971252441,-9.68286418914795,-10.469246864318848,-10.878748893737793,-10.814016342163086,-10.983258247375488,-10.784557342529297,-10.540773391723633,-11.046521186828613,-11.409331321716309,-10.196455001831055,-8.887779235839844,-9.484318733215332,-9.577082633972168,-9.378854751586914,-10.046690940856934,-10.792319297790527,-11.410916328430176,-11.269062042236328,-10.408507347106934,-8.785834312438965,-7.223865509033203,-8.087120056152344,-10.598677635192871,-8.979419708251953,-9.49108600616455,-10.776703834533691
-9.401905059814453,-9.945025444030762,-10.159663200378418,-12.125977516174316,-13.382511138916016,-13.654739379882812,-13.469900131225586,-12.755889892578125,-12.924586296081543,-12.4893159866333,-11.40368938446045,-10.409964561462402,-10.012627601623535,-10.705077171325684,-9.901261329650879,-10.382338523864746,-10.73615550994873,-10.729130744934082,-10.395270347595215,-11.14419937133789,-11.181180953979492,-11.112664222717285,-11.575387954711914,-12.024653434753418,-11.759553909301758,-10.83918571472168,-10.556631088256836,-11.306726455688477,-11.520001411437988,-11.45730209350586,-11.388071060180664,-11.18362808227539,-10.715753555297852,-11.112176895141602,-11.268965721130371,-11.35689926147461,-11.289921760559082,-10.643594741821289,-11.163667678833008,-11.820343017578125,-11.84339427947998,-9.617192268371582,-11.005037307739258,-11.522969245910645
-11.055829048156738,-11.304640769958496,-11.593843460083008,-12.757453918457031,-14.254714965820312,-14.222073554992676,-13.75692081451416,-13.155900001525879,-13.297615051269531,-12.882810592651367,-11.81430435180664,-10.59178638458252,-11.23841667175293,-11.844215393066406,-10.8608980178833,-11.428315162658691,-10.72089672088623,-11.061152458190918,-11.311575889587402,-11.666243553161621,-11.986983299255371,-11.754948616027832,-12.141464233398438,-11.844673156738281,-10.939600944519043,-10.828625679016113,-11.935676574707031,-12.96892261505127,-12.258951187133789,-11.845375061035156,-12.343487739562988,-12.464176177978516,-11.494768142700195,-11.953730583190918,-11.67751693725586,-12.622658729553223,-13.041460037231445,-12.431747436523438,-12.509526252746582,-12.158885955810547,-11.800419807434082,-11.22955322265625,-11.597625732421875,-12.020648956298828
-12.538661003112793,-12.56540584564209,-12.656185150146484,-13.305583953857422,-14.655057907104492,-15.074766159057617,-14.613134384155273,-13.88790512084961,-13.651102066040039,-13.612042427062988,-12.793302536010742,-11.799798965454102,-12.023752212524414,-12.63330078125,-11.578960418701172,-11.649992942810059,-11.512255668640137,-11.66252613067627,-12.167914390563965,-12.898492813110352,-13.36073112487793,-12.918659210205078,-13.101170539855957,-11.953312873840332,-10.97898006439209,-11.50656795501709,-12.269457817077637,-12.700894355773926,-12.604451179504395,-12.775594711303711,-13.471626281738281,-12.986336708068848,-12.946990966796875,-13.0236177444458,-13.30806827545166,-13.901130676269531,-13.991312026977539,-13.641215324401855,-13.374443054199219,-12.837311744689941,-12.140057563781738,-11.767735481262207,-11.687189102172852,-12.203286170959473
