data/wind_data/wind_53_6.json
{"header": {"parameterUnit": "KT", "parameterCategory": 2, "nx": 256, "ny": 198, "lo1": 44.73521041870117, "la1": -3.236724853515625, "lo2": 111.26478576660156, "la2": 43.468475341796875, "dx": 0.2609002888202667, "dy": -0.23708222806453705, "refTime": "2025-02-21 05:00:00", "forecastTime": 0, "parameterNumber": 2, "parameterNumberName": "eastward_wind"}, "data":
[rows 100 to 119 of 198, columns 176 to 219 of 256]
95.42777252197266,95.414306640625,95.50469207763672,95.47966003417969,95.30657958984375,95.09141540527344,94.84952545166016,94.5915298461914,94.43279266357422,94.23099517822266,93.84773254394531,92.96288299560547,92.02042388916016,91.32036590576172,90.47306823730469,89.9119644165039,89.90142059326172,89.92594146728516,89.64348602294922,89.25532531738281,89.05796813964844,89.0539779663086,89.0163345336914,88.82666778564453,88.405029296875,87.68782043457031,86.70127868652344,85.53298950195312,84.44468688964844,83.6546630859375,83.50675201416016,83.6951904296875,84.00077819824219,84.46141052246094,84.5498046875,84.69955444335938,85.1009750366211,85.23839569091797,84.99813079833984,84.36386108398438,83.48802185058594,82.57442474365234,81.50133514404297,80.1902847290039
96.97953033447266,97.05525207519531,97.26921844482422,97.46168518066406,97.46452331542969,97.32795715332031,97.18897247314453,97.11170196533203,97.09366607666016,97.03530883789062,96.74750518798828,96.08522033691406,95.22456359863281,94.5538330078125,93.71185302734375,93.0786361694336,92.8344955444336,92.70915985107422,92.54306030273438,92.37464141845703,92.2757568359375,92.15342712402344,91.89360809326172,91.5503158569336,91.09882354736328,90.47718811035156,89.74398040771484,88.8326644897461,87.90701293945312,87.1594009399414,86.77259063720703,86.72877502441406,86.82437896728516,86.96858978271484,87.1629638671875,87.58084106445312,88.10157775878906,88.59850311279297,88.66239929199219,87.89342498779297,86.7115249633789,85.59343719482422,84.49012756347656,83.2112045288086
97.76785278320312,98.06790161132812,98.50556182861328,99.04369354248047,99.43399047851562,99.5237045288086,99.45376586914062,99.4537124633789,99.53173065185547,99.64130401611328,99.49137878417969,99.02703857421875,98.50746154785156,97.9779052734375,97.21536254882812,96.59764862060547,96.18243408203125,95.81138610839844,95.563720703125,95.47115325927734,95.54369354248047,95.60186767578125,95.35255432128906,94.86443328857422,94.20004272460938,93.387451171875,92.65679168701172,91.82007598876953,90.9129867553711,90.26949310302734,90.01569366455078,89.79535675048828,89.46314239501953,89.25176239013672,89.60841369628906,90.2594985961914,90.86518859863281,91.48106384277344,91.77629089355469,91.34716796875,90.26231384277344,88.90077209472656,87.58141326904297,86.30651092529297
98.2119369506836,98.45613861083984,98.93719482421875,99.65296936035156,100.3763427734375,100.79229736328125,100.9345703125,101.05375671386719,101.25177001953125,101.46925354003906,101.38520050048828,100.96088409423828,100.58671569824219,100.26100158691406,99.81782531738281,99.41240692138672,99.14347839355469,98.85670471191406,98.62625122070312,98.47433471679688,98.49637603759766,98.66410827636719,98.65866088867188,98.46196746826172,97.92183685302734,97.00350189208984,96.23479461669922,95.41655731201172,94.42899322509766,93.68304443359375,93.38438415527344,93.16413116455078,92.59568786621094,91.97097778320312,92.06315612792969,92.68241119384766,93.4775390625,93.96268463134766,93.91384887695312,93.71244812011719,93.27098083496094,92.1164779663086,90.62059020996094,89.26017761230469
98.8916015625,99.10523223876953,99.44094848632812,99.97136688232422,100.65126037597656,101.25110626220703,101.72435760498047,102.11991882324219,102.47024536132812,102.76493835449219,102.7073745727539,102.29251098632812,101.90518951416016,101.73493194580078,101.63806915283203,101.54302215576172,101.43231201171875,101.35711669921875,101.3169174194336,101.22098541259766,101.22740936279297,101.34749603271484,101.47779083251953,101.53663635253906,101.25456237792969,100.55976104736328,99.85689544677734,99.03135681152344,98.08866119384766,97.39915466308594,97.07758331298828,96.83828735351562,96.29905700683594,95.65823364257812,95.51384735107422,95.70365142822266,96.28917694091797,96.77963256835938,96.77056884765625,96.43474578857422,95.67906951904297,94.84615325927734,93.96842956542969,92.77444458007812
99.72274017333984,100.0931167602539,100.34957885742188,100.61974334716797,100.9585952758789,101.43426513671875,102.12841796875,102.8709945678711,103.45663452148438,103.85443878173828,103.93190002441406,103.63481903076172,103.18820190429688,103.00284576416016,103.13978576660156,103.24523162841797,103.2581558227539,103.28861999511719,103.3810806274414,103.4342269897461,103.60504150390625,103.79248046875,103.97821044921875,104.0545425415039,103.9461441040039,103.57865142822266,102.93956756591797,102.14524841308594,101.3592758178711,100.77349090576172,100.44178771972656,100.11308288574219,99.61602783203125,99.26148986816406,99.19884490966797,99.2105484008789,99.50275421142578,99.88829803466797,99.75028991699219,99.50837707519531,98.88569641113281,97.91504669189453,96.87705993652344,95.949951171875
100.35769653320312,100.74413299560547,100.93783569335938,101.04070281982422,101.16030883789062,101.45777893066406,102.16576385498047,103.11219787597656,103.89688873291016,104.33809661865234,104.60928344726562,104.60225677490234,104.1682357788086,103.79593658447266,104.02229309082031,104.30116271972656,104.47405242919922,104.61833953857422,104.75931549072266,104.92115020751953,105.274169921875,105.70889282226562,106.07189178466797,106.2258529663086,106.20551300048828,105.98701477050781,105.37813568115234,104.73252868652344,104.20368194580078,103.72451782226562,103.39946746826172,103.04167938232422,102.4837875366211,102.17564392089844,102.14949798583984,102.04815673828125,102.05410766601562,102.46109008789062,102.42133331298828,102.07732391357422,101.5234146118164,100.76859283447266,100.15907287597656,99.2158432006836
100.95110321044922,101.1915283203125,101.26268768310547,101.3134994506836,101.37860870361328,101.62234497070312,102.2494888305664,103.11711883544922,103.829345703125,104.20665740966797,104.5377426147461,104.84587097167969,104.66463470458984,104.29595184326172,104.41612243652344,104.71021270751953,105.03507232666016,105.37555694580078,105.61195373535156,105.82123565673828,106.24363708496094,106.80348205566406,107.31327056884766,107.74480438232422,107.92510223388672,107.776611328125,107.20549011230469,106.63530731201172,106.19973754882812,105.85901641845703,105.54078674316406,105.1856918334961,104.84307098388672,104.7275161743164,104.63851928710938,104.26822662353516,103.91509246826172,104.10784912109375,104.45560455322266,104.38325500488281,103.77783203125,103.21327209472656,102.9135971069336,102.09073638916016
100.56147766113281,101.07405090332031,101.3010025024414,101.33606719970703,101.36868286132812,101.64444732666016,102.18156433105469,102.80718994140625,103.28373718261719,103.55960083007812,103.84278106689453,104.17403411865234,104.17184448242188,103.8974609375,103.88922882080078,104.06635284423828,104.3372802734375,104.76897430419922,105.31019592285156,105.857666015625,106.47957611083984,107.17908477783203,107.80977630615234,108.50032043457031,109.05652618408203,109.22914123535156,108.78616333007812,108.13300323486328,107.55021667480469,107.2828140258789,106.96597290039062,106.57405853271484,106.50975799560547,106.6703109741211,106.65633392333984,106.19103240966797,105.8219223022461,105.75248718261719,105.91316223144531,106.00116729736328,105.8671646118164,105.60940551757812,105.51583862304688,104.99317169189453
98.7636489868164,99.7726821899414,100.43633270263672,100.78533172607422,101.02045440673828,101.40733337402344,101.86460876464844,102.25995635986328,102.39490509033203,102.3856430053711,102.62049865722656,103.20875549316406,103.83936309814453,104.14067077636719,104.06351470947266,103.8902359008789,103.81604766845703,103.85735321044922,104.10635375976562,104.6336441040039,105.43550872802734,106.37860870361328,107.23822021484375,108.14723205566406,109.19593048095703,110.20067596435547,110.52339935302734,110.06546783447266,109.4787368774414,109.14451599121094,108.75947570800781,108.36442565917969,108.3558349609375,108.54082489013672,108.56063842773438,108.06267547607422,107.67914581298828,107.67401123046875,107.64434814453125,107.39132690429688,107.24262237548828,107.52873229980469,107.76780700683594,107.56258392333984
96.1347885131836,97.12471771240234,98.19001770019531,99.08567810058594,99.86369323730469,100.54424285888672,100.84146881103516,100.82976531982422,100.6879653930664,100.4850082397461,100.60752868652344,101.24691772460938,102.39119720458984,103.50634002685547,103.91604614257812,103.64429473876953,103.20158386230469,102.92249298095703,102.97515869140625,103.44869232177734,104.26676940917969,105.32139587402344,106.39161682128906,107.30050659179688,108.35045623779297,109.98355865478516,111.50505828857422,111.89067077636719,111.68036651611328,111.5243148803711,111.21633911132812,110.8398208618164,110.74298095703125,110.77010345458984,110.72517395019531,110.31827545166016,109.97562408447266,109.95726013183594,109.82673645019531,109.47198486328125,109.10311889648438,109.10316467285156,109.51483917236328,109.79795837402344
93.95691680908203,94.48312377929688,95.47369384765625,96.70223999023438,97.90575408935547,98.99237823486328,99.72612762451172,99.85598754882812,99.3409194946289,98.83661651611328,99.02301025390625,99.8569564819336,101.0224609375,102.29413604736328,102.76911926269531,102.10896301269531,101.52645111083984,101.60592651367188,102.05162048339844,102.70270538330078,103.42234802246094,104.29927062988281,105.25076293945312,105.97935485839844,106.6238784790039,108.0169448852539,110.26374053955078,112.08668518066406,112.77162170410156,113.09370422363281,113.16842651367188,113.0269775390625,113.0233383178711,112.8909683227539,112.67168426513672,112.46780395507812,112.28619384765625,112.1788330078125,112.10701751708984,111.9915771484375,111.65320587158203,111.13951110839844,111.1343765258789,111.43682098388672
92.98518371582031,93.32038116455078,94.05714416503906,95.15447235107422,96.37520599365234,97.56658935546875,98.64214324951172,99.21986389160156,98.82723236083984,98.2240982055664,98.23721313476562,98.80509185791016,99.48926544189453,100.43751525878906,101.16405487060547,100.38406372070312,99.14178466796875,99.38987731933594,100.4248275756836,101.35455322265625,102.1033935546875,102.83332061767578,103.62552642822266,104.28458404541016,104.64368438720703,105.40130615234375,107.53962707519531,110.3724594116211,112.30905151367188,113.39616394042969,113.9359359741211,114.09066772460938,114.30642700195312,114.26318359375,113.98306274414062,113.758544921875,113.55397033691406,113.4125747680664,113.41348266601562,113.4466552734375,113.14352416992188,112.77286529541016,112.59935760498047,112.44571685791016
92.02312469482422,92.80648803710938,93.70763397216797,94.63780212402344,95.44133758544922,96.2232894897461,97.10271453857422,97.66236877441406,97.71422576904297,97.70305633544922,97.74793243408203,98.12479400634766,98.80146026611328,99.31195831298828,100.01300048828125,99.92912292480469,98.31193542480469,97.33816528320312,97.96508026123047,99.0887222290039,100.00674438476562,100.6175765991211,101.29168701171875,102.1600570678711,102.66284942626953,102.9952163696289,104.58036804199219,107.5469741821289,110.37811279296875,112.24887084960938,113.30480194091797,113.70048522949219,113.91148376464844,114.02265167236328,114.11984252929688,114.0399169921875,113.71085357666016,113.64555358886719,113.83699035644531,113.7486572265625,113.32733154296875,112.96662139892578,112.7671890258789,112.45059967041016
89.93046569824219,91.1910171508789,92.61674499511719,93.85614776611328,94.76063537597656,95.22716522216797,95.3318099975586,95.47100067138672,95.83566284179688,96.19172668457031,96.50553894042969,97.19157409667969,98.23037719726562,98.9322509765625,99.46483612060547,100.18804168701172,99.93907928466797,98.47499084472656,97.77333068847656,98.13334655761719,98.46920013427734,98.51629638671875,98.9833755493164,100.25440216064453,100.99041748046875,101.022216796875,101.98584747314453,104.47896575927734,107.46006774902344,109.61182403564453,110.78887176513672,111.7647476196289,112.47958374023438,112.74952697753906,112.9793472290039,113.11256408691406,113.156494140625,113.66508483886719,114.1602554321289,113.86296844482422,113.37946319580078,112.92277526855469,112.30860137939453,111.91072082519531
88.48599243164062,89.46439361572266,90.93170166015625,92.48778533935547,93.73300170898438,94.60580444335938,95.05696105957031,95.26388549804688,95.58203125,95.8494644165039,95.8979721069336,96.1595458984375,97.09024047851562,98.41150665283203,99.43562316894531,100.56231689453125,101.83393096923828,101.36946868896484,99.72738647460938,99.10993957519531,98.86138153076172,98.33177947998047,98.3301010131836,99.2686538696289,99.8626480102539,99.73908996582031,100.18310546875,101.61874389648438,103.9867172241211,106.423583984375,107.8109359741211,108.8899917602539,110.22306823730469,111.0797119140625,111.30963134765625,111.2542724609375,111.71012878417969,112.81700897216797,113.41104888916016,113.1922378540039,113.06761932373047,112.8698959350586,112.11675262451172,111.5771255493164
88.54771423339844,89.2549057006836,90.27494049072266,91.32288360595703,92.344482421875,93.4629135131836,94.56583404541016,95.48814392089844,96.20343017578125,96.71378326416016,96.920654296875,96.76275634765625,96.94542694091797,97.83605194091797,98.77870178222656,99.72036743164062,101.47235870361328,102.14347076416016,100.59300994873047,99.7071304321289,99.59274291992188,99.2005386352539,98.86676025390625,99.0478515625,99.28333282470703,98.97254180908203,99.03085327148438,99.82908630371094,101.61194610595703,103.9547348022461,105.35102081298828,106.01922607421875,107.30148315429688,108.64900207519531,109.1542739868164,109.11231994628906,109.79132080078125,111.06835174560547,111.47457885742188,111.1653823852539,111.735107421875,112.36833953857422,111.54554748535156,110.7524185180664
89.3369140625,90.14920806884766,90.7752914428711,91.13062286376953,91.48672485351562,92.1578369140625,93.17268371582031,94.3746566772461,95.71450805664062,96.86943817138672,97.47630310058594,97.38150787353516,97.09455871582031,97.30240631103516,97.86739349365234,98.54650115966797,99.80127716064453,100.67298126220703,99.92069244384766,99.17172241210938,98.86241149902344,98.55274963378906,98.36135864257812,98.58943176269531,98.95055389404297,98.51163482666016,98.24124908447266,99.15595245361328,100.81941223144531,102.55255126953125,103.55378723144531,103.76333618164062,104.46710968017578,105.66289520263672,106.09111785888672,106.43067169189453,107.91527557373047,109.26400756835938,109.59691619873047,109.6759262084961,110.03604125976562,110.32579803466797,110.25103759765625,110.22386932373047
89.74284362792969,90.18502044677734,90.25263977050781,90.2129898071289,90.40010070800781,90.79100799560547,91.32294464111328,92.28421783447266,93.85191345214844,95.49452209472656,96.55464172363281,96.99390411376953,97.0912094116211,97.28199005126953,97.68838500976562,98.11339569091797,98.72277069091797,99.2879867553711,99.1186294555664,98.60517120361328,98.04119873046875,97.34822845458984,97.00953674316406,97.43284606933594,98.12245178222656,97.8585433959961,97.5594482421875,98.68399810791016,100.17620849609375,101.24383544921875,101.99504852294922,101.93387603759766,101.95545959472656,102.76335906982422,103.05709075927734,103.52997589111328,105.18538665771484,106.8238296508789,108.10980224609375,109.08123016357422,108.96092224121094,108.31925201416016,108.25538635253906,108.78677368164062
89.22657012939453,89.50411987304688,89.6196060180664,89.84298706054688,90.13350677490234,90.28153991699219,90.23672485351562,90.49433898925781,91.56035614013672,92.9491958618164,94.0473403930664,94.99110412597656,95.905029296875,96.6644287109375,97.3519287109375,97.9819564819336,98.49503326416016,99.01918029785156,99.12043762207031,98.677734375,98.0125732421875,97.16481018066406,96.6093521118164,96.88502502441406,97.42882537841797,97.07617950439453,96.85198974609375,98.03575897216797,99.14903259277344,99.7004165649414,100.31361389160156,100.20552062988281,100.03524017333984,100.67704772949219,100.9197006225586,101.12582397460938,102.16185760498047,103.56678009033203,105.62239837646484,107.75609588623047,107.97687530517578,106.55952453613281,105.4661636352539,105.6505126953125
