data/wind_data/wind_34_9.json
{"header": {"parameterUnit": "KT", "parameterCategory": 2, "nx": 256, "ny": 198, "lo1": 44.73521041870117, "la1": -3.236724853515625, "lo2": 111.26478576660156, "la2": 43.468475341796875, "dx": 0.2609002888202667, "dy": -0.23708222806453705, "refTime": "2025-02-20 10:00:00", "forecastTime": 0, "parameterNumber": 2, "parameterNumberName": "eastward_wind"}, "data":
[rows 57 to 75 of 198, columns 172 to 214 of 256]
22.17840576171875,21.061050415039062,19.762746810913086,18.652111053466797,18.183433532714844,18.422500610351562,18.93124771118164,19.159957885742188,18.99856185913086,18.83257293701172,18.261144638061523,17.928747177124023,18.372333526611328,18.1175479888916,17.41238021850586,16.83266258239746,15.987805366516113,15.007417678833008,14.127278327941895,13.601401329040527,13.141904830932617,12.295583724975586,12.76013469696045,14.00819206237793,14.88464641571045,14.671770095825195,14.136634826660156,13.604846954345703,13.143169403076172,12.035429000854492,9.703006744384766,7.772778034210205,7.836350917816162,7.056958198547363,6.003669261932373,10.276891708374023,9.309381484985352,9.404655456542969,9.578073501586914,7.665789604187012,6.826934337615967,7.164609909057617,6.835164546966553
20.07933807373047,19.401569366455078,18.624258041381836,17.715389251708984,17.0001163482666,17.122665405273438,17.595272064208984,17.631675720214844,17.48337173461914,17.519001007080078,17.21389389038086,16.725217819213867,16.58323097229004,16.016992568969727,14.974555015563965,14.31275749206543,13.898810386657715,13.512275695800781,12.912176132202148,12.353093147277832,11.616072654724121,10.943366050720215,11.946913719177246,13.566242218017578,14.175910949707031,12.983930587768555,11.893570899963379,11.4694185256958,11.174838066101074,10.358328819274902,8.723071098327637,7.4244465827941895,6.286409378051758,3.446610927581787,5.86356782913208,10.0391263961792,7.889993667602539,8.348711967468262,10.199366569519043,8.157485961914062,6.1514201164245605,6.242961406707764,6.4663567543029785
18.490585327148438,17.8872013092041,17.23192596435547,16.425113677978516,15.5762300491333,15.607062339782715,16.249000549316406,16.19392204284668,15.722297668457031,15.688112258911133,15.70844841003418,15.57455825805664,15.408374786376953,14.835175514221191,13.7222900390625,12.81163501739502,12.35393238067627,12.105301856994629,11.443739891052246,10.685412406921387,10.085779190063477,10.22189998626709,11.555843353271484,13.117424011230469,13.59291934967041,12.307823181152344,10.690362930297852,9.989316940307617,9.296252250671387,8.154409408569336,6.979862213134766,6.101263999938965,5.114690780639648,2.531670331954956,5.705517292022705,10.28331470489502,7.377816200256348,8.725872993469238,9.265536308288574,6.301187992095947,5.31922721862793,6.710200309753418,7.132584571838379
17.075584411621094,16.270702362060547,15.389562606811523,14.703067779541016,14.383206367492676,14.71297836303711,15.400306701660156,15.314459800720215,14.385466575622559,13.82352352142334,13.854073524475098,13.959096908569336,13.992029190063477,13.776073455810547,13.234346389770508,12.452613830566406,11.65069580078125,11.020071983337402,10.161005020141602,9.273680686950684,8.63830852508545,9.030936241149902,10.310667037963867,12.479839324951172,12.99654483795166,12.210773468017578,10.442233085632324,9.250641822814941,7.770193099975586,6.162968635559082,5.224091529846191,4.3967413902282715,4.4582719802856445,4.321568965911865,5.824836730957031,9.219261169433594,8.396042823791504,9.44965934753418,8.385021209716797,4.287834167480469,5.087950229644775,7.479551315307617,7.095156192779541
15.558197975158691,14.70063591003418,13.83273983001709,13.427608489990234,13.799389839172363,14.525453567504883,14.932734489440918,14.45591926574707,13.211612701416016,12.19550609588623,11.976296424865723,12.051033020019531,12.007057189941406,12.314596176147461,12.524368286132812,12.08149528503418,11.212303161621094,10.415077209472656,9.52906608581543,8.490784645080566,7.476034164428711,7.848811149597168,9.53746509552002,11.453877449035645,12.33513069152832,11.673627853393555,9.784910202026367,8.34534740447998,6.547713756561279,4.971681118011475,4.374454975128174,3.3566017150878906,3.2124979496002197,4.665672302246094,5.746106147766113,8.493060111999512,9.759037017822266,9.793825149536133,7.902017593383789,4.769085884094238,5.208275318145752,5.780884265899658,6.334758281707764
14.314801216125488,13.748531341552734,13.285354614257812,13.119073867797852,13.48210334777832,14.01223373413086,14.080249786376953,13.343231201171875,11.895922660827637,10.58076286315918,10.260187149047852,10.011609077453613,9.914436340332031,10.282941818237305,10.860300064086914,10.974228858947754,10.580385208129883,9.987391471862793,9.099967956542969,7.883476734161377,6.584359169006348,6.7864532470703125,8.790425300598145,10.666152954101562,11.536791801452637,10.446246147155762,8.72254753112793,7.71633243560791,5.747498989105225,3.8740487098693848,3.6296470165252686,2.427356481552124,2.0582432746887207,4.763798713684082,5.766987323760986,7.848987102508545,10.324173927307129,9.052142143249512,6.790308475494385,5.385578632354736,4.90656042098999,4.762938499450684,5.7697296142578125
13.866942405700684,13.72746467590332,13.628934860229492,13.28107738494873,12.901044845581055,12.80280590057373,12.726802825927734,11.956653594970703,10.330857276916504,8.954885482788086,8.521604537963867,8.00233268737793,7.761768817901611,7.891592025756836,8.456786155700684,9.06970500946045,9.310430526733398,9.05151081085205,8.248310089111328,7.046180725097656,5.693543434143066,5.591880798339844,7.42294454574585,9.316424369812012,10.349529266357422,9.095742225646973,7.724862575531006,7.070740222930908,5.232983112335205,3.6004953384399414,2.8217363357543945,0.631178081035614,1.4325047731399536,4.77703857421875,6.235496520996094,8.151504516601562,8.283073425292969,7.655306816101074,5.561797618865967,4.687005996704102,4.391165256500244,4.003821849822998,4.240584850311279
14.293794631958008,14.225188255310059,13.979878425598145,13.133204460144043,12.045723915100098,11.44838809967041,11.203383445739746,10.388726234436035,8.689604759216309,7.297590732574463,6.809382915496826,6.163129806518555,5.779805660247803,5.6617841720581055,6.1342244148254395,6.9392991065979,7.54513692855835,7.58729887008667,6.791423320770264,5.435535430908203,4.168118953704834,3.9757602214813232,5.530637264251709,7.452476501464844,8.785016059875488,8.034974098205566,7.016754627227783,6.267667293548584,4.65925407409668,2.8980679512023926,1.1068583726882935,-1.1015645265579224,0.7122363448143005,4.040536880493164,6.852243423461914,8.25944995880127,7.52820348739624,4.578686237335205,4.376691818237305,4.415081977844238,3.9183602333068848,2.725982427597046,2.217803955078125
15.160629272460938,14.690138816833496,13.809500694274902,12.43031120300293,11.114836692810059,10.357304573059082,9.840578079223633,8.866131782531738,7.24390172958374,5.909133434295654,5.466881275177002,4.977042198181152,4.503291606903076,4.229460716247559,4.553348541259766,5.175092697143555,5.545676231384277,5.375141620635986,4.373874664306641,2.91682767868042,2.062802791595459,2.2789387702941895,3.8028719425201416,5.823014259338379,7.384202003479004,7.435141563415527,6.8049116134643555,5.67118501663208,3.02091383934021,0.018434535712003708,-1.1550160646438599,-0.7700574398040771,1.4953126907348633,4.649827480316162,5.691470623016357,7.057746887207031,5.502209186553955,3.284288167953491,3.4382145404815674,3.7176318168640137,2.0746994018554688,0.7513556480407715,0.9966558218002319
15.508492469787598,14.59646224975586,13.202906608581543,11.55317211151123,10.265872955322266,9.450790405273438,8.70184326171875,7.7338128089904785,6.384906768798828,5.164694786071777,4.710210800170898,4.3814215660095215,3.883492946624756,3.5423429012298584,3.6299736499786377,3.834944009780884,3.526803493499756,2.7041966915130615,1.553288459777832,0.41968920826911926,0.21238011121749878,1.0445575714111328,2.710750102996826,4.820072650909424,6.525184154510498,6.976537227630615,6.498245716094971,5.103401184082031,1.0202257633209229,-3.0145883560180664,-2.101511240005493,0.4979897737503052,2.1304078102111816,4.501830577850342,4.450836181640625,6.028335094451904,3.9955599308013916,1.8865998983383179,2.184356689453125,2.3047564029693604,0.3223299980163574,-0.351247638463974,0.08143255114555359
14.755887985229492,13.768695831298828,12.342673301696777,10.8224515914917,9.60307502746582,8.689464569091797,7.855031490325928,7.08009672164917,6.19697380065918,5.170437335968018,4.477141380310059,4.020350456237793,3.5326149463653564,3.2165491580963135,3.164698600769043,3.0376391410827637,2.1801252365112305,0.7163535952568054,-0.4712597727775574,-1.1596122980117798,-1.038790225982666,0.15190912783145905,2.02838397026062,4.21593713760376,5.987563133239746,6.441442489624023,5.73451566696167,3.9116666316986084,-0.24960747361183167,-3.1750080585479736,-1.6344618797302246,0.36566367745399475,2.3121156692504883,4.099711894989014,4.294423580169678,3.8658876419067383,2.126338005065918,1.4217748641967773,1.6449123620986938,0.1475522667169571,-1.1262366771697998,-1.5806244611740112,-0.6943619251251221
13.36657428741455,12.592217445373535,11.445300102233887,10.190958976745605,9.028844833374023,8.053826332092285,7.370368003845215,6.883959770202637,6.374307632446289,5.599002361297607,4.662592887878418,3.9126687049865723,3.437006711959839,3.241060972213745,3.124913454055786,2.767733573913574,1.742387056350708,0.07899001240730286,-1.2380973100662231,-1.877716302871704,-1.8207709789276123,-0.6212038397789001,1.3883099555969238,3.6335721015930176,5.438205242156982,5.655770778656006,4.447757244110107,2.6186773777008057,-0.20634043216705322,-1.5258169174194336,-0.5074903964996338,-0.25864994525909424,0.876551628112793,2.9724113941192627,3.8938064575195312,2.7314724922180176,0.8026005625724792,0.6260677576065063,0.778296947479248,-0.976097047328949,-2.2636756896972656,-2.0070433616638184,-3.2439985275268555
12.175594329833984,11.574082374572754,10.726621627807617,9.661896705627441,8.50854206085205,7.569177150726318,7.13458251953125,6.9747185707092285,6.6617207527160645,6.081171989440918,5.159580230712891,4.24158239364624,3.7906086444854736,3.72128963470459,3.440873384475708,2.6657791137695312,1.5227949619293213,0.19520355761051178,-1.104494333267212,-2.0648019313812256,-2.1837549209594727,-1.0497462749481201,0.8357639312744141,2.8292717933654785,4.496946334838867,4.619086742401123,3.050001382827759,1.4026129245758057,0.22317907214164734,-0.13434550166130066,0.36915311217308044,-0.3313978314399719,-0.11449993401765823,1.977170467376709,2.710758924484253,0.890924870967865,-0.23889249563217163,-0.16261976957321167,-0.5091875195503235,-1.7887228727340698,-3.103867292404175,-3.7986018657684326,-5.088449954986572
11.530075073242188,11.039277076721191,10.365137100219727,9.424245834350586,8.299975395202637,7.49755859375,7.273454189300537,7.23081111907959,6.936230659484863,6.433994770050049,5.73863410949707,4.974566459655762,4.611866474151611,4.481150150299072,3.797999620437622,2.3644137382507324,0.9293940663337708,0.09526079893112183,-0.7745726108551025,-1.8994901180267334,-2.199648141860962,-1.1128997802734375,0.5672343969345093,2.0865368843078613,3.3064708709716797,3.407336950302124,1.7225207090377808,0.11041213572025299,0.14550268650054932,0.7241439819335938,-0.131144180893898,-0.6268215179443359,1.1049405336380005,0.8281320333480835,0.2780389189720154,-1.1710283756256104,-1.6941843032836914,-1.5551921129226685,-2.2075178623199463,-3.4239957332611084,-4.842401027679443,-5.356396675109863,-5.759832382202148
11.199089050292969,10.897075653076172,10.34263801574707,9.514627456665039,8.593182563781738,8.087847709655762,8.045428276062012,7.881257057189941,7.344213008880615,6.6673431396484375,6.096261978149414,5.708520412445068,5.598487854003906,5.267431735992432,3.932460308074951,1.7692288160324097,0.0639258548617363,-0.43117791414260864,-0.7583417296409607,-1.6383171081542969,-1.953464388847351,-0.9515460729598999,0.4715930223464966,1.4161646366119385,1.9932644367218018,2.0505211353302,0.5522038340568542,-1.265526533126831,-0.8588128089904785,0.19868703186511993,-0.8731898069381714,-0.598505437374115,-0.3326556980609894,-0.8067814707756042,-0.29933908581733704,-2.2121968269348145,-4.461132526397705,-4.7096662521362305,-4.4462809562683105,-4.615524768829346,-6.109959602355957,-6.4116387367248535,-6.218803405761719
10.99859619140625,10.778449058532715,10.308686256408691,9.66745376586914,9.189568519592285,9.075186729431152,9.144926071166992,8.893328666687012,8.13392162322998,7.104990482330322,6.307823657989502,6.114100933074951,6.279348850250244,5.850342750549316,3.9531354904174805,1.179995059967041,-0.7328587174415588,-1.132230520248413,-1.1513338088989258,-1.5762171745300293,-1.6611754894256592,-0.7995403409004211,0.26436468958854675,0.7627235054969788,0.6967090964317322,0.23892121016979218,-1.07787024974823,-2.8435378074645996,-2.649850606918335,-1.2018660306930542,-2.0258288383483887,-1.8922795057296753,-1.1608991622924805,-1.0909873247146606,-2.6273276805877686,-4.36921501159668,-5.809110164642334,-7.0524115562438965,-6.872795104980469,-6.120023727416992,-6.320876121520996,-6.532821178436279,-6.170500755310059
10.8621187210083,10.515385627746582,10.083744049072266,9.676796913146973,9.540852546691895,9.555880546569824,9.580384254455566,9.477017402648926,8.958745002746582,7.888385772705078,6.82050895690918,6.427900791168213,6.579314708709717,6.162106990814209,4.083861351013184,1.010545253753662,-1.2004878520965576,-1.8271304368972778,-1.7480158805847168,-1.702043056488037,-1.5514204502105713,-1.0110472440719604,-0.30727577209472656,0.07019645720720291,-0.44367796182632446,-1.8289604187011719,-3.258653163909912,-4.409060478210449,-4.515690803527832,-3.052856683731079,-2.6291415691375732,-3.7070422172546387,-2.476412057876587,-2.894883394241333,-4.583764553070068,-5.142138957977295,-6.350255489349365,-6.915724277496338,-7.134172439575195,-7.06880521774292,-6.482312202453613,-6.026617050170898,-5.710134029388428
10.31429386138916,9.982208251953125,9.674320220947266,9.440031051635742,9.318560600280762,9.239622116088867,9.201504707336426,9.218381881713867,9.049461364746094,8.407657623291016,7.488101482391357,6.848191261291504,6.710559368133545,6.316076755523682,4.422313690185547,1.3437213897705078,-1.1627819538116455,-2.1519086360931396,-2.18915057182312,-1.9899134635925293,-1.8751564025878906,-1.6727688312530518,-1.1714048385620117,-0.7712907791137695,-1.510805368423462,-3.348085880279541,-4.919675350189209,-5.551995754241943,-5.809603214263916,-4.728852272033691,-3.351334810256958,-4.090751647949219,-2.8800113201141357,-3.6172475814819336,-4.521862030029297,-5.474268436431885,-6.372474670410156,-6.123793601989746,-6.681301593780518,-7.193223476409912,-6.564908027648926,-5.912166118621826,-5.860988140106201
9.208684921264648,9.129122734069824,9.073613166809082,9.010096549987793,8.895395278930664,8.746322631835938,8.58595085144043,8.443807601928711,8.351408958435059,8.204475402832031,7.760308265686035,7.064667701721191,6.62500524520874,6.237913608551025,4.747666835784912,1.9540759325027466,-0.5962696075439453,-1.8731228113174438,-2.3744235038757324,-2.625528335571289,-2.728177547454834,-2.5909547805786133,-2.101503849029541,-1.6563862562179565,-2.2809276580810547,-3.962073564529419,-5.463691234588623,-6.171511173248291,-6.469359397888184,-5.432774543762207,-3.6680476665496826,-3.9807968139648438,-3.1967906951904297,-3.1217031478881836,-3.8296658992767334,-5.495213985443115,-6.46598482131958,-5.781429290771484,-5.889578819274902,-6.531537055969238,-6.553254127502441,-6.5787034034729,-6.327148914337158
