data/wind_data/wind_16_5.json
{"header": {"parameterUnit": "KT", "parameterCategory": 2, "nx": 256, "ny": 198, "lo1": 44.73521041870117, "la1": -3.236724853515625, "lo2": 111.26478576660156, "la2": 43.468475341796875, "dx": 0.2609002888202667, "dy": -0.23708222806453705, "refTime": "2025-02-19 16:00:00", "forecastTime": 0, "parameterNumber": 2, "parameterNumberName": "eastward_wind"}, "data":
[rows 38 to 56 of 198, columns 0 to 43 of 256]
-19.885448455810547,-19.445693969726562,-19.267345428466797,-19.741615295410156,-20.68680191040039,-21.05710792541504,-21.020830154418945,-21.245586395263672,-21.3990421295166,-21.616443634033203,-21.644269943237305,-21.460458755493164,-21.21473503112793,-21.32756233215332,-21.3564395904541,-21.217296600341797,-21.041240692138672,-20.94045066833496,-20.904130935668945,-20.81722068786621,-20.773496627807617,-20.673465728759766,-20.619125366210938,-20.659881591796875,-20.509326934814453,-20.145219802856445,-19.913761138916016,-19.7613468170166,-19.528846740722656,-19.441797256469727,-19.62320327758789,-19.83766746520996,-19.736013412475586,-19.411754608154297,-19.15435791015625,-19.21866798400879,-19.38970375061035,-19.40753936767578,-19.210535049438477,-18.890871047973633,-18.545486450195312,-18.195363998413086,-17.8771915435791,-17.724260330200195
-21.772537231445312,-21.0296688079834,-20.63001823425293,-21.35893440246582,-22.340490341186523,-22.46054458618164,-22.449378967285156,-22.57752799987793,-22.744579315185547,-22.946147918701172,-23.03396987915039,-22.990234375,-22.753738403320312,-22.723674774169922,-22.810029983520508,-22.772167205810547,-22.651161193847656,-22.5164737701416,-22.47734260559082,-22.405479431152344,-22.352752685546875,-22.248388290405273,-22.11104393005371,-21.939674377441406,-21.757049560546875,-21.41131591796875,-21.155921936035156,-21.157712936401367,-21.119272232055664,-20.994070053100586,-20.999759674072266,-21.185131072998047,-21.23325538635254,-21.04961585998535,-20.8013858795166,-20.713979721069336,-20.68489646911621,-20.5888614654541,-20.38123893737793,-20.07808494567871,-19.69240379333496,-19.29273223876953,-18.996505737304688,-18.9580020904541
-23.341218948364258,-22.874523162841797,-22.703330993652344,-23.085248947143555,-23.49024772644043,-23.256471633911133,-23.330102920532227,-23.3632869720459,-23.506860733032227,-23.553314208984375,-23.570026397705078,-23.63184928894043,-23.524656295776367,-23.31575584411621,-23.44118881225586,-23.46152687072754,-23.42527198791504,-23.371917724609375,-23.28312873840332,-23.1931209564209,-23.08478546142578,-23.03931999206543,-22.93231201171875,-22.77478790283203,-22.57823371887207,-22.221702575683594,-21.840364456176758,-21.889965057373047,-22.073543548583984,-22.10675811767578,-22.022235870361328,-21.97147560119629,-21.910181045532227,-21.74466323852539,-21.477445602416992,-21.2402286529541,-21.024017333984375,-20.824861526489258,-20.6505184173584,-20.50507926940918,-20.323942184448242,-20.062406539916992,-19.78298568725586,-19.706396102905273
-24.143770217895508,-24.30756378173828,-24.632232666015625,-24.490379333496094,-24.280895233154297,-23.802549362182617,-23.87889862060547,-23.97863006591797,-24.01150894165039,-23.8665771484375,-23.64698028564453,-23.59401512145996,-23.731794357299805,-23.721900939941406,-23.605052947998047,-23.699840545654297,-23.645023345947266,-23.562828063964844,-23.367464065551758,-23.2238826751709,-23.077917098999023,-23.040151596069336,-22.969417572021484,-22.88406753540039,-22.678815841674805,-22.332387924194336,-21.981508255004883,-22.004240036010742,-22.267532348632812,-22.337507247924805,-22.127796173095703,-21.83591651916504,-21.60125160217285,-21.405866622924805,-21.169092178344727,-20.89368438720703,-20.55819320678711,-20.24386215209961,-20.059354782104492,-20.04903221130371,-20.106393814086914,-20.02957534790039,-19.771198272705078,-19.580799102783203
-23.539966583251953,-23.924726486206055,-24.403196334838867,-24.324922561645508,-24.294828414916992,-23.846797943115234,-23.98106575012207,-24.03877830505371,-23.942319869995117,-23.80304718017578,-23.670618057250977,-23.5968074798584,-23.673601150512695,-23.794326782226562,-23.71063232421875,-23.710283279418945,-23.676149368286133,-23.394786834716797,-23.09349822998047,-22.77861976623535,-22.582143783569336,-22.446182250976562,-22.282926559448242,-22.096698760986328,-21.97189712524414,-21.888525009155273,-21.650625228881836,-21.58592414855957,-21.744544982910156,-21.670612335205078,-21.265865325927734,-20.808483123779297,-20.529035568237305,-20.43948745727539,-20.391836166381836,-20.210790634155273,-19.831100463867188,-19.37143325805664,-19.0521183013916,-19.018617630004883,-19.199975967407227,-19.29249382019043,-19.12201690673828,-18.88246726989746
-22.400434494018555,-22.81767463684082,-23.196565628051758,-23.26735496520996,-23.39690399169922,-22.989898681640625,-23.10564613342285,-23.242464065551758,-23.124805450439453,-23.021160125732422,-22.982330322265625,-23.021223068237305,-23.16171646118164,-23.28639793395996,-23.280841827392578,-23.176645278930664,-23.18226432800293,-22.90350341796875,-22.554899215698242,-22.15692138671875,-21.877960205078125,-21.588619232177734,-21.26919937133789,-21.02193832397461,-20.962697982788086,-21.107892990112305,-20.990358352661133,-20.651559829711914,-20.52617073059082,-20.324995040893555,-19.85036277770996,-19.29966163635254,-18.981090545654297,-19.013259887695312,-19.14194107055664,-19.10857391357422,-18.837139129638672,-18.42533302307129,-18.07575035095215,-17.99656867980957,-18.19118309020996,-18.354509353637695,-18.270694732666016,-18.068012237548828
-21.599925994873047,-22.170948028564453,-22.1531925201416,-22.16242027282715,-22.16019058227539,-21.677608489990234,-21.65439796447754,-21.96158218383789,-21.978715896606445,-21.853208541870117,-21.749391555786133,-21.865936279296875,-22.025482177734375,-22.003400802612305,-21.822540283203125,-21.606643676757812,-21.45608901977539,-21.5677433013916,-21.424537658691406,-21.249298095703125,-20.997270584106445,-20.641311645507812,-20.17691993713379,-19.836904525756836,-19.71812629699707,-19.993244171142578,-20.091028213500977,-19.634843826293945,-19.1324462890625,-18.839162826538086,-18.429235458374023,-17.889537811279297,-17.540590286254883,-17.561845779418945,-17.736154556274414,-17.788593292236328,-17.66657066345215,-17.455270767211914,-17.276681900024414,-17.250995635986328,-17.390928268432617,-17.49370002746582,-17.438526153564453,-17.29125213623047
-20.627941131591797,-21.399747848510742,-21.085689544677734,-20.788808822631836,-20.580463409423828,-20.344863891601562,-20.265026092529297,-20.58395004272461,-20.69118881225586,-20.646596908569336,-20.507801055908203,-20.384035110473633,-20.218198776245117,-20.03485679626465,-19.90682029724121,-19.94327163696289,-20.035734176635742,-20.09910774230957,-20.301481246948242,-19.983718872070312,-19.750436782836914,-19.402402877807617,-18.93577766418457,-18.45644760131836,-18.182844161987305,-18.409841537475586,-18.76503562927246,-18.476186752319336,-17.773162841796875,-17.374021530151367,-17.077295303344727,-16.711275100708008,-16.46112632751465,-16.431005477905273,-16.47801971435547,-16.496963500976562,-16.437915802001953,-16.426305770874023,-16.46350860595703,-16.577905654907227,-16.704530715942383,-16.741153717041016,-16.71078109741211,-16.592269897460938
-19.057340621948242,-20.250017166137695,-20.068214416503906,-19.376773834228516,-18.84087562561035,-19.039169311523438,-19.200700759887695,-19.277414321899414,-19.268810272216797,-19.132970809936523,-18.94889259338379,-18.735734939575195,-18.485795974731445,-18.37419891357422,-18.488496780395508,-18.86520004272461,-19.229141235351562,-19.273637771606445,-19.255006790161133,-18.87883758544922,-18.5046443939209,-18.253292083740234,-17.816482543945312,-17.222064971923828,-16.74677085876465,-16.720563888549805,-17.1080379486084,-17.099590301513672,-16.450801849365234,-15.95008373260498,-15.670543670654297,-15.428339958190918,-15.359160423278809,-15.322601318359375,-15.276521682739258,-15.206228256225586,-15.120199203491211,-15.20836353302002,-15.417750358581543,-15.678522109985352,-15.899023056030273,-15.956859588623047,-15.91522216796875,-15.800987243652344
-17.50258445739746,-18.855445861816406,-18.944971084594727,-18.534751892089844,-17.973628997802734,-17.34212875366211,-17.921457290649414,-17.684324264526367,-17.636432647705078,-17.674293518066406,-17.62883758544922,-17.41286277770996,-17.41581916809082,-17.507965087890625,-17.679594039916992,-18.04574966430664,-18.336271286010742,-18.14307975769043,-17.829015731811523,-17.590837478637695,-17.29810333251953,-17.13959503173828,-16.859392166137695,-16.388132095336914,-15.865578651428223,-15.610660552978516,-15.80754280090332,-15.976092338562012,-15.609678268432617,-15.033363342285156,-14.682034492492676,-14.480420112609863,-14.399843215942383,-14.279958724975586,-14.191802024841309,-14.068015098571777,-13.987598419189453,-14.043549537658691,-14.31240177154541,-14.630908966064453,-14.877240180969238,-15.008471488952637,-14.928743362426758,-14.826308250427246
-16.534467697143555,-17.14521598815918,-17.462919235229492,-17.643455505371094,-17.22505760192871,-15.35524845123291,-15.839171409606934,-15.856636047363281,-15.638543128967285,-16.001455307006836,-16.312828063964844,-16.318714141845703,-16.349254608154297,-16.648996353149414,-17.07193374633789,-17.244661331176758,-17.157289505004883,-16.738473892211914,-16.288650512695312,-16.224138259887695,-16.129531860351562,-16.074308395385742,-15.93846607208252,-15.686490058898926,-15.269639015197754,-14.90308666229248,-14.74891471862793,-14.892000198364258,-14.77707290649414,-14.432621002197266,-14.304900169372559,-14.168155670166016,-13.986922264099121,-13.729514122009277,-13.532096862792969,-13.417675971984863,-13.328588485717773,-13.34286880493164,-13.518714904785156,-13.832350730895996,-14.049012184143066,-14.090797424316406,-14.033708572387695,-13.947914123535156
-15.888705253601074,-16.182409286499023,-16.180126190185547,-16.18386459350586,-15.7356538772583,-14.926605224609375,-14.73049259185791,-15.335715293884277,-14.567740440368652,-13.305502891540527,-14.213790893554688,-15.184988975524902,-15.46887493133545,-15.782581329345703,-15.987237930297852,-15.96727466583252,-15.707493782043457,-15.34373664855957,-14.979726791381836,-14.952150344848633,-15.090216636657715,-15.153203010559082,-15.114954948425293,-14.991608619689941,-14.679898262023926,-14.329169273376465,-13.895358085632324,-13.801655769348145,-13.678382873535156,-13.549117088317871,-13.547514915466309,-13.620779991149902,-13.481834411621094,-13.212910652160645,-12.97625732421875,-12.876395225524902,-12.911072731018066,-12.99411678314209,-13.106196403503418,-13.307038307189941,-13.411116600036621,-13.448845863342285,-13.413015365600586,-13.403745651245117
-14.950207710266113,-14.738224029541016,-14.475074768066406,-14.580766677856445,-14.482087135314941,-14.214502334594727,-14.784904479980469,-14.547770500183105,-15.05077075958252,-13.850483894348145,-12.126230239868164,-13.64268684387207,-14.733368873596191,-15.052966117858887,-14.948655128479004,-14.674873352050781,-14.375999450683594,-14.065712928771973,-13.803966522216797,-13.814879417419434,-13.88786792755127,-14.011101722717285,-14.05624771118164,-14.055899620056152,-13.860711097717285,-13.516036033630371,-13.012195587158203,-12.834296226501465,-12.713589668273926,-12.447576522827148,-12.322110176086426,-12.479789733886719,-12.620278358459473,-12.62864875793457,-12.46961784362793,-12.227572441101074,-12.221161842346191,-12.438322067260742,-12.612391471862793,-12.686346054077148,-12.701876640319824,-12.735723495483398,-12.898445129394531,-12.971083641052246
-12.984207153320312,-10.355938911437988,-11.645042419433594,-12.465877532958984,-13.026806831359863,-12.405563354492188,-12.641256332397461,-12.909673690795898,-13.49402904510498,-14.073150634765625,-11.581143379211426,-12.073391914367676,-13.861860275268555,-14.541764259338379,-14.179834365844727,-13.701399803161621,-13.32873249053955,-12.846089363098145,-12.643220901489258,-12.628178596496582,-12.479169845581055,-12.498960494995117,-12.54525089263916,-12.664977073669434,-12.748196601867676,-12.519311904907227,-12.058365821838379,-11.899012565612793,-11.79503059387207,-11.469849586486816,-11.142911911010742,-11.166893005371094,-11.442800521850586,-11.655657768249512,-11.666366577148438,-11.569901466369629,-11.593962669372559,-11.792165756225586,-12.049933433532715,-12.115392684936523,-12.068286895751953,-12.107069969177246,-12.30344009399414,-12.425697326660156
-10.702163696289062,-7.135396480560303,-9.319417953491211,-10.055216789245605,-10.711519241333008,-11.308111190795898,-11.097954750061035,-11.111190795898438,-11.533859252929688,-13.374204635620117,-12.463264465332031,-11.394288063049316,-12.974653244018555,-13.572654724121094,-13.33895492553711,-12.884320259094238,-12.305542945861816,-11.715280532836914,-11.580949783325195,-11.391530990600586,-11.13349723815918,-11.134156227111816,-11.18187141418457,-11.217041015625,-11.422873497009277,-11.44753646850586,-11.090716361999512,-10.928947448730469,-10.92037296295166,-10.759195327758789,-10.42011547088623,-10.171586990356445,-10.252006530761719,-10.563366889953613,-10.71477222442627,-10.67567253112793,-10.736248016357422,-11.072378158569336,-11.454858779907227,-11.61931037902832,-11.57345962524414,-11.595516204833984,-11.768195152282715,-11.90654182434082
-9.158581733703613,-9.866351127624512,-9.29389476776123,-8.837522506713867,-9.017532348632812,-9.918724060058594,-9.056506156921387,-9.040157318115234,-9.226673126220703,-10.341862678527832,-11.332592964172363,-11.706727981567383,-12.447070121765137,-12.638213157653809,-12.408284187316895,-12.036290168762207,-11.20294189453125,-10.523295402526855,-10.299838066101074,-10.450725555419922,-10.351618766784668,-9.999054908752441,-10.36739444732666,-10.37016487121582,-10.228116989135742,-10.40478801727295,-10.242749214172363,-9.978279113769531,-10.013198852539062,-10.011656761169434,-9.894879341125488,-9.77719497680664,-9.620938301086426,-9.555852890014648,-9.46498966217041,-9.479774475097656,-9.703241348266602,-10.121747016906738,-10.60747241973877,-10.948219299316406,-11.036365509033203,-11.10670280456543,-11.267172813415527,-11.392315864562988
-7.785529136657715,-8.679840087890625,-8.351688385009766,-7.759074687957764,-7.626577377319336,-7.79863166809082,-6.921810626983643,-6.813908100128174,-7.205645561218262,-8.015880584716797,-8.629212379455566,-9.810704231262207,-10.953177452087402,-11.232275009155273,-11.203683853149414,-11.144245147705078,-10.577858924865723,-9.197086334228516,-8.574015617370605,-9.609819412231445,-9.667757987976074,-8.580804824829102,-9.469993591308594,-9.881446838378906,-9.364712715148926,-9.35788345336914,-9.43026065826416,-9.1925687789917,-9.16265869140625,-9.197626113891602,-9.260663986206055,-9.380289077758789,-9.186809539794922,-8.745898246765137,-8.33190631866455,-8.26777458190918,-8.646310806274414,-9.160100936889648,-9.572039604187012,-9.909719467163086,-10.215015411376953,-10.488943099975586,-10.637860298156738,-10.631505966186523
-6.506724834442139,-7.19358491897583,-7.137378692626953,-6.7629289627075195,-6.723687171936035,-6.101897239685059,-5.546504974365234,-5.208916187286377,-5.221712112426758,-5.420232772827148,-6.181825637817383,-6.974678993225098,-7.672623634338379,-8.356228828430176,-8.730164527893066,-8.572603225708008,-8.314774513244629,-8.445796966552734,-9.047532081604004,-8.573341369628906,-7.856978893280029,-7.1193132400512695,-7.934664726257324,-9.088465690612793,-8.734823226928711,-8.198962211608887,-8.342900276184082,-8.358514785766602,-8.341565132141113,-8.32910442352295,-8.370586395263672,-8.540993690490723,-8.555892944335938,-8.17689323425293,-7.605961322784424,-7.2823486328125,-7.571874141693115,-8.159496307373047,-8.599571228027344,-8.885599136352539,-9.246548652648926,-9.659140586853027,-9.884847640991211,-9.770442008972168
-5.371111869812012,-6.080048561096191,-6.149001598358154,-5.901124477386475,-5.95110559463501,-4.803357124328613,-4.371934413909912,-4.1172943115234375,-3.9501209259033203,-3.8362338542938232,-4.049806118011475,-4.524551868438721,-5.115461349487305,-5.640725135803223,-5.953289031982422,-6.107377529144287,-6.279333114624023,-6.644406795501709,-6.95355749130249,-6.7437615394592285,-6.40764045715332,-6.420866012573242,-7.16510534286499,-8.190531730651855,-7.9625773429870605,-7.423069477081299,-7.334604740142822,-7.371519088745117,-7.460730075836182,-7.468538284301758,-7.403388023376465,-7.25633430480957,-7.323252201080322,-7.485825538635254,-7.286339282989502,-6.716080188751221,-6.55424165725708,-7.061830520629883,-7.6809234619140625,-8.095579147338867,-8.42939567565918,-8.800734519958496,-9.061873435974121,-9.013258934020996
