data/wind_data/wind_4_0.json
{"header": {"parameterUnit": "KT", "parameterCategory": 2, "nx": 255, "ny": 198, "lo1": 44.73521041870117, "la1": -3.236724853515625, "lo2": 111.26478576660156, "la2": 43.468475341796875, "dx": 0.26192745566368103, "dy": -0.23708222806453705, "refTime": "2025-02-19 04:00:00", "forecastTime": 0, "parameterNumber": 3, "parameterNumberName": "northward_wind"}, "data":
[rows 19 to 37 of 198, columns 43 to 85 of 255]
-9.039680480957031,-7.503298759460449,-6.575688362121582,-6.8128557205200195,-6.964001178741455,-7.021266460418701,-6.90002965927124,-7.130523681640625,-7.14096212387085,-6.901914596557617,-6.640277862548828,-6.501095294952393,-6.188177585601807,-5.721584796905518,-5.664241313934326,-6.359101295471191,-6.443116664886475,-6.457883358001709,-6.579663276672363,-6.765748500823975,-6.674417018890381,-6.465994834899902,-6.550717353820801,-6.688324928283691,-7.409085750579834,-8.238236427307129,-8.394615173339844,-8.289758682250977,-7.7199296951293945,-6.968202114105225,-6.497453689575195,-6.399292469024658,-6.654886722564697,-6.756779193878174,-7.036086082458496,-7.317314624786377,-7.1896867752075195,-7.025638103485107,-7.451121807098389,-8.095377922058105,-8.667457580566406,-8.573980331420898,-7.522176742553711
-10.116011619567871,-8.582646369934082,-7.524529933929443,-7.419015407562256,-7.464475154876709,-7.401294708251953,-6.930935859680176,-6.940665245056152,-7.145936489105225,-7.206778526306152,-6.958613395690918,-6.544116973876953,-6.217798709869385,-5.951066017150879,-5.961219787597656,-6.517544746398926,-6.2218403816223145,-5.972487926483154,-6.2542901039123535,-6.664144515991211,-6.7338433265686035,-6.252277374267578,-5.6073150634765625,-4.953002452850342,-4.968747615814209,-5.744625568389893,-5.951400279998779,-5.8345255851745605,-5.329019546508789,-5.128512859344482,-4.772923469543457,-4.331857204437256,-4.891584873199463,-6.079733371734619,-7.193605422973633,-7.3657307624816895,-6.925885200500488,-7.573144912719727,-8.287479400634766,-8.651885986328125,-9.064227104187012,-9.362730026245117,-9.052447319030762
-9.525879859924316,-8.459907531738281,-7.690189838409424,-7.543405532836914,-7.438615798950195,-7.040318489074707,-6.847254753112793,-6.892127513885498,-7.1434831619262695,-7.323770999908447,-7.0973639488220215,-6.738389015197754,-6.531217575073242,-6.594797611236572,-6.676722526550293,-6.545619964599609,-6.229759216308594,-6.199502944946289,-6.273109436035156,-6.612293720245361,-6.939314365386963,-6.654674530029297,-5.771782398223877,-4.997669219970703,-4.520927429199219,-4.70361852645874,-4.544498443603516,-4.679226398468018,-4.788293838500977,-5.4137749671936035,-5.465073108673096,-4.621669769287109,-4.250448226928711,-5.784492015838623,-7.411286354064941,-7.5460991859436035,-6.848761558532715,-7.415329933166504,-8.308170318603516,-8.769521713256836,-8.66003131866455,-8.559285163879395,-8.865681648254395
-8.109092712402344,-6.963679790496826,-6.387001991271973,-6.647224426269531,-6.487933158874512,-6.252853870391846,-6.516749382019043,-6.578958511352539,-6.555448532104492,-6.43703031539917,-6.309205055236816,-6.453956127166748,-6.533366680145264,-6.68674898147583,-6.743842601776123,-6.414539813995361,-6.345655918121338,-6.449253559112549,-6.187828063964844,-5.97446346282959,-6.048203945159912,-6.116443157196045,-6.274509429931641,-6.122050762176514,-6.012500762939453,-6.159117698669434,-6.312690734863281,-6.331578731536865,-5.526877403259277,-5.826962947845459,-6.403302192687988,-6.418840408325195,-6.008356094360352,-6.866335391998291,-7.841547966003418,-8.039278984069824,-7.309604644775391,-7.478163719177246,-8.046346664428711,-8.291467666625977,-7.939503192901611,-7.540338039398193,-8.024077415466309
-6.669892311096191,-5.591721057891846,-4.992171764373779,-5.317751407623291,-5.452363014221191,-5.182167053222656,-5.46722412109375,-5.750316619873047,-5.798964023590088,-5.636661052703857,-5.395679950714111,-5.626312732696533,-6.009576797485352,-6.0725860595703125,-6.210241794586182,-6.225854873657227,-6.095973491668701,-6.065036773681641,-6.134155750274658,-6.140226364135742,-6.02147912979126,-6.023775100708008,-6.796454906463623,-7.1686601638793945,-7.408173561096191,-7.242880821228027,-7.63483190536499,-7.498172283172607,-6.166554927825928,-5.637965202331543,-6.3422651290893555,-7.725274562835693,-8.287715911865234,-8.81382942199707,-8.559253692626953,-8.28803539276123,-7.985167503356934,-7.802709102630615,-7.774081707000732,-7.53626823425293,-7.358645915985107,-7.3208489418029785,-7.57415771484375
-5.258045673370361,-4.467403888702393,-4.170407295227051,-4.663504123687744,-4.6303510665893555,-4.189925670623779,-4.425790786743164,-4.8349504470825195,-5.062641620635986,-5.299678802490234,-5.389066219329834,-5.421061038970947,-5.217609405517578,-5.136204719543457,-5.477231979370117,-5.540167808532715,-5.427826881408691,-5.649724960327148,-6.067800998687744,-6.4689555168151855,-6.793951034545898,-7.130631923675537,-7.624666213989258,-7.973892688751221,-8.423728942871094,-8.053397178649902,-7.691876411437988,-7.21847677230835,-6.54351806640625,-6.334008693695068,-6.720339775085449,-8.324296951293945,-9.418279647827148,-10.024962425231934,-9.053291320800781,-8.169179916381836,-7.806234836578369,-7.477969646453857,-7.152507305145264,-7.188124179840088,-7.257016658782959,-7.527437210083008,-7.340487957000732
-4.770009994506836,-4.251796245574951,-4.230355739593506,-4.626198768615723,-4.510618686676025,-4.139893054962158,-4.012147426605225,-4.014321327209473,-4.315513610839844,-4.894930839538574,-5.132051467895508,-4.982380390167236,-4.467014789581299,-4.267095565795898,-4.619008541107178,-4.952586650848389,-5.058479309082031,-5.427718639373779,-5.891354560852051,-6.274600505828857,-6.427270412445068,-6.713756561279297,-7.124995708465576,-7.459272384643555,-8.120072364807129,-8.645108222961426,-8.50430965423584,-8.07834243774414,-7.414028167724609,-7.538558006286621,-7.4635396003723145,-8.109066009521484,-9.39626407623291,-10.13077449798584,-9.421099662780762,-8.19022274017334,-7.280974388122559,-6.871724605560303,-6.83797550201416,-7.285193920135498,-7.593206882476807,-7.885733127593994,-7.423854351043701
-5.156963348388672,-5.006463050842285,-5.129544258117676,-4.788911819458008,-4.402672290802002,-4.39562463760376,-4.292635917663574,-3.7897298336029053,-3.7952919006347656,-4.335119247436523,-4.355159282684326,-4.080014228820801,-3.767822742462158,-3.497128963470459,-3.482630729675293,-4.016834735870361,-4.642886638641357,-4.958016872406006,-5.043627738952637,-5.149962425231934,-5.288107395172119,-5.398305416107178,-5.732381343841553,-6.124976634979248,-6.573713779449463,-7.1677069664001465,-7.651716232299805,-7.907837390899658,-7.487547397613525,-7.423786163330078,-7.286046504974365,-7.3195929527282715,-8.107407569885254,-8.986128807067871,-9.163544654846191,-8.407309532165527,-7.515124797821045,-7.074143886566162,-7.015903949737549,-7.383512496948242,-7.633011341094971,-7.846208095550537,-7.6806464195251465
-5.704952716827393,-5.641723155975342,-5.804791450500488,-5.541265487670898,-4.827268123626709,-4.426774501800537,-4.369718074798584,-4.211366653442383,-3.674576759338379,-3.613842010498047,-3.5681283473968506,-3.389176368713379,-2.8981878757476807,-2.4643826484680176,-2.6644082069396973,-2.8973288536071777,-3.348402738571167,-3.8167724609375,-4.15536642074585,-4.265347480773926,-4.4002885818481445,-4.65830135345459,-5.0543341636657715,-5.330560207366943,-5.442789554595947,-5.529545783996582,-5.667381763458252,-5.902858257293701,-5.954962253570557,-6.014896392822266,-6.206843852996826,-6.40013313293457,-6.521239757537842,-7.023215293884277,-7.7017107009887695,-8.039129257202148,-7.871603488922119,-7.547845363616943,-7.1404709815979,-6.772404193878174,-6.78939962387085,-6.864260673522949,-7.073436260223389
-6.377767086029053,-6.3845438957214355,-6.367793083190918,-6.595934867858887,-6.440609931945801,-5.3727216720581055,-4.151909351348877,-4.393486022949219,-4.381457328796387,-3.896069288253784,-3.6857662200927734,-3.5694475173950195,-3.319094181060791,-2.688751220703125,-2.619375228881836,-2.608401298522949,-2.5853099822998047,-2.8739070892333984,-3.5343658924102783,-3.9478759765625,-3.8651766777038574,-3.652836322784424,-3.683014154434204,-4.001330852508545,-4.5648322105407715,-4.923681735992432,-4.989020824432373,-4.965047836303711,-5.017388343811035,-5.132105827331543,-5.3186492919921875,-5.709166049957275,-6.041300296783447,-6.157423973083496,-6.4118733406066895,-7.050510406494141,-7.469488620758057,-7.138949394226074,-6.3155517578125,-5.581620693206787,-5.209290981292725,-5.00831937789917,-5.050678730010986
-7.311007499694824,-7.548385143280029,-7.443881988525391,-7.293382167816162,-7.66684103012085,-7.497101783752441,-5.789876937866211,-4.870814800262451,-4.287499904632568,-3.8112118244171143,-4.26339054107666,-4.35487699508667,-4.258627891540527,-3.6417932510375977,-3.092311382293701,-2.8378632068634033,-2.7297754287719727,-2.7097442150115967,-3.0024542808532715,-3.267704963684082,-3.2337491512298584,-3.043173313140869,-2.8281335830688477,-2.876866102218628,-3.281447172164917,-3.750638723373413,-4.320987701416016,-4.714393615722656,-4.868709564208984,-4.976044654846191,-5.09821891784668,-5.2011590003967285,-5.429758071899414,-5.610538959503174,-5.735634803771973,-6.044941425323486,-6.303210735321045,-6.051346778869629,-5.321168899536133,-4.477841854095459,-3.9648098945617676,-3.7871363162994385,-3.764082431793213
-7.476434230804443,-8.039163589477539,-8.049612045288086,-7.611509323120117,-7.849405288696289,-8.281548500061035,-7.9886674880981445,-7.039585113525391,-5.7261962890625,-4.65554666519165,-4.352016448974609,-4.636223793029785,-4.536108016967773,-4.539799690246582,-4.0256428718566895,-3.3612561225891113,-3.0190606117248535,-2.717237949371338,-2.7069149017333984,-2.9880528450012207,-3.07728910446167,-3.1057355403900146,-3.1282429695129395,-3.045544385910034,-2.888556957244873,-2.8513636589050293,-3.205181837081909,-3.685145854949951,-4.260440349578857,-4.752613067626953,-4.969110488891602,-4.756655216217041,-4.481054782867432,-4.488485336303711,-4.562224864959717,-4.551701545715332,-4.565185070037842,-4.524114608764648,-4.264787197113037,-3.840130567550659,-3.59031081199646,-3.652343273162842,-3.7974069118499756
-7.1909685134887695,-7.89316463470459,-8.073014259338379,-7.887295722961426,-8.097187995910645,-7.987448692321777,-8.076970100402832,-7.94394588470459,-7.459872245788574,-6.558269500732422,-5.304238319396973,-4.749290943145752,-4.662106990814209,-4.766591548919678,-4.804764270782471,-4.03801155090332,-3.3128058910369873,-2.666239023208618,-2.3505473136901855,-2.61324405670166,-3.0012893676757812,-3.2288994789123535,-3.2132363319396973,-3.1163864135742188,-2.96956205368042,-2.8671023845672607,-3.0552048683166504,-3.0616023540496826,-3.513504981994629,-4.100362777709961,-4.438421726226807,-4.506227970123291,-4.42553186416626,-4.3075971603393555,-3.9493112564086914,-3.498871088027954,-3.2930617332458496,-3.28153920173645,-3.2821736335754395,-3.3578717708587646,-3.539407253265381,-3.7448012828826904,-3.9676859378814697
-8.01271915435791,-8.26033878326416,-8.50101375579834,-8.506484031677246,-8.641059875488281,-8.196453094482422,-7.940480709075928,-7.7554779052734375,-7.399428844451904,-7.086116313934326,-6.485480308532715,-5.5797438621521,-5.063753128051758,-4.514714241027832,-4.6530680656433105,-4.363665580749512,-3.2858986854553223,-2.2301411628723145,-1.5820308923721313,-1.8498610258102417,-2.101670742034912,-2.739217519760132,-3.1601855754852295,-3.069882869720459,-3.0833797454833984,-3.1881203651428223,-3.2612717151641846,-3.092186212539673,-3.101076126098633,-3.4054088592529297,-3.6662254333496094,-3.989079713821411,-4.247589588165283,-4.246206760406494,-3.898627519607544,-3.4225776195526123,-3.0390195846557617,-2.8954179286956787,-2.970644950866699,-3.1806321144104004,-3.4566709995269775,-3.661231756210327,-3.8671271800994873
-9.638439178466797,-9.670187950134277,-9.633780479431152,-9.466796875,-9.025406837463379,-8.085468292236328,-7.955743312835693,-8.114236831665039,-7.873870372772217,-7.5024542808532715,-7.234624862670898,-6.670779228210449,-5.790062427520752,-4.848674774169922,-4.616740703582764,-4.974137306213379,-4.5699005126953125,-2.9243178367614746,-1.7394144535064697,-0.9369368553161621,-0.9297996759414673,-1.3683180809020996,-2.3729023933410645,-2.9774796962738037,-3.0681042671203613,-3.187039613723755,-3.057821750640869,-2.8446950912475586,-2.5777294635772705,-2.6374740600585938,-2.8067409992218018,-3.1657395362854004,-3.550598621368408,-3.722325563430786,-3.60880446434021,-3.3740832805633545,-3.1494832038879395,-3.151794910430908,-3.3407108783721924,-3.5313425064086914,-3.6423215866088867,-3.6279830932617188,-3.680591106414795
-11.509963989257812,-11.480443954467773,-10.850051879882812,-10.097979545593262,-8.87725830078125,-7.683372974395752,-7.607179164886475,-7.866121768951416,-7.97461462020874,-7.586655616760254,-7.463927745819092,-6.798247337341309,-5.794295310974121,-4.762251853942871,-4.686401844024658,-5.542776107788086,-6.282233238220215,-5.75278377532959,-4.587152481079102,-2.667694568634033,-1.6207060813903809,-1.0999161005020142,-1.3993993997573853,-2.33585524559021,-2.75126051902771,-2.682891845703125,-2.788707971572876,-2.6000235080718994,-2.2318575382232666,-1.8176802396774292,-1.676190972328186,-2.026733160018921,-2.621194362640381,-3.130075454711914,-3.1925065517425537,-3.190535306930542,-3.2562482357025146,-3.4662508964538574,-3.7869341373443604,-3.9637115001678467,-3.9989583492279053,-3.809386968612671,-3.670290470123291
-12.669872283935547,-12.156758308410645,-11.018293380737305,-10.012392044067383,-8.943035125732422,-7.962437152862549,-7.718672275543213,-7.841009140014648,-7.905510902404785,-7.666269779205322,-7.718168258666992,-6.952094078063965,-5.681729316711426,-4.8264875411987305,-4.874025344848633,-5.4769511222839355,-6.198080539703369,-7.359358310699463,-7.3147101402282715,-6.475409984588623,-4.97589111328125,-3.7058968544006348,-2.2977378368377686,-1.95574951171875,-2.4608449935913086,-2.8054075241088867,-2.525176763534546,-2.517002820968628,-2.3883533477783203,-2.0075228214263916,-1.4251388311386108,-1.3991628885269165,-1.7799921035766602,-2.276520252227783,-2.606814384460449,-2.848818063735962,-2.9799253940582275,-3.1295788288116455,-3.3942973613739014,-3.6121103763580322,-3.8091042041778564,-3.8604884147644043,-3.705446481704712
-11.912656784057617,-11.405956268310547,-10.196885108947754,-9.743294715881348,-9.554638862609863,-9.13284969329834,-8.594334602355957,-8.45325756072998,-8.433761596679688,-8.576440811157227,-8.68831729888916,-7.6549787521362305,-6.345927715301514,-5.996708393096924,-6.045769214630127,-5.934163570404053,-5.9599385261535645,-6.4992852210998535,-6.948965072631836,-7.483940124511719,-7.326725482940674,-6.333526611328125,-4.674684524536133,-3.4080748558044434,-3.0875790119171143,-3.7409422397613525,-3.666853189468384,-3.354412317276001,-2.621337890625,-2.352797031402588,-2.0276546478271484,-1.7429090738296509,-1.6330220699310303,-1.7311794757843018,-2.128753662109375,-2.396207094192505,-2.360482692718506,-2.35623836517334,-2.457571029663086,-2.54042387008667,-2.6944217681884766,-2.9377646446228027,-2.942732095718384
-10.613789558410645,-10.562786102294922,-9.814031600952148,-9.88042163848877,-10.074530601501465,-10.067267417907715,-9.722674369812012,-9.499109268188477,-9.380608558654785,-9.56852912902832,-9.568157196044922,-8.756979942321777,-7.667579650878906,-7.869667053222656,-7.590930938720703,-6.787728786468506,-6.284430503845215,-5.933488368988037,-5.931125164031982,-6.095780372619629,-6.150740146636963,-5.811866283416748,-5.3964667320251465,-4.471558570861816,-4.053798198699951,-4.383237361907959,-4.707281589508057,-4.688934803009033,-3.9269397258758545,-2.618072986602783,-1.6206552982330322,-1.5690431594848633,-1.6672402620315552,-1.4978821277618408,-1.6387490034103394,-1.7541650533676147,-1.7791889905929565,-1.7060381174087524,-1.6015551090240479,-1.4536478519439697,-1.4167649745941162,-1.5092158317565918,-1.5879061222076416
