data/wind_data/wind_21_7.json
{"header": {"parameterUnit": "KT", "parameterCategory": 2, "nx": 256, "ny": 198, "lo1": 44.73521041870117, "la1": -3.236724853515625, "lo2": 111.26478576660156, "la2": 43.468475341796875, "dx": 0.2609002888202667, "dy": -0.23708222806453705, "refTime": "2025-02-19 21:00:00", "forecastTime": 0, "parameterNumber": 2, "parameterNumberName": "eastward_wind"}, "data":
[rows 140 to 159 of 198, columns 132 to 175 of 256]
78.2071762084961,76.1090087890625,75.64405059814453,76.2458724975586,76.66468811035156,76.24286651611328,75.63479614257812,75.43058776855469,75.34322357177734,75.66603088378906,76.51116180419922,76.9173355102539,76.62210083007812,76.50031280517578,76.35352325439453,75.47178649902344,74.64251708984375,75.2413101196289,77.19280242919922,78.80462646484375,79.2833480834961,79.01825714111328,78.62701416015625,78.43449401855469,78.39662170410156,78.13505554199219,77.93785095214844,78.4185562133789,79.45698547363281,80.09064483642578,79.71527099609375,78.69956970214844,77.98617553710938,78.33941650390625,79.27250671386719,79.91425323486328,79.96481323242188,79.52779388427734,79.24917602539062,79.78364562988281,80.61766815185547,80.73123168945312,79.89167022705078,78.8735580444336
77.17068481445312,75.44535064697266,75.12493133544922,75.69400787353516,76.17679595947266,75.8802261352539,75.20672607421875,74.05950164794922,73.01943969726562,73.3470458984375,74.41888427734375,74.58782196044922,74.09690856933594,73.96829986572266,73.8598861694336,73.25709533691406,72.83863830566406,73.4141845703125,74.83259582519531,76.24237823486328,77.17601013183594,77.38609313964844,76.78038787841797,75.9239273071289,75.6850814819336,76.02200317382812,76.29440307617188,76.44621276855469,76.79280090332031,77.15076446533203,77.24089813232422,77.06405639648438,76.89212799072266,77.10215759277344,77.52056884765625,77.70887756347656,77.8692626953125,78.00984191894531,77.8622817993164,77.85370635986328,78.2522201538086,78.43299865722656,77.90900421142578,77.19406127929688
75.97625732421875,74.26004028320312,73.90350341796875,75.01963806152344,75.70883178710938,75.12835693359375,73.53364562988281,71.42826843261719,70.65508270263672,71.7381820678711,72.71273040771484,72.46800994873047,71.9219970703125,71.79785919189453,71.84918975830078,71.79161834716797,71.68603515625,71.76528930664062,72.41246795654297,73.60675048828125,74.67964935302734,75.02740478515625,74.40035247802734,73.30575561523438,72.6191177368164,72.58061218261719,72.73605346679688,72.82386016845703,72.88803100585938,73.12336730957031,73.80328369140625,74.64756774902344,75.07782745361328,75.00314331054688,74.697021484375,74.6075668334961,75.18193054199219,76.01065826416016,76.33078002929688,76.19439697265625,75.90630340576172,75.69231414794922,75.68321990966797,75.83158111572266
73.51978302001953,72.19264221191406,73.24371337890625,74.4869155883789,73.74612426757812,72.12613677978516,70.45911407470703,69.35628509521484,69.80757141113281,71.0598373413086,71.37384796142578,70.86593627929688,70.60018920898438,70.44731140136719,69.97742462158203,69.29666137695312,68.6624984741211,68.51203918457031,69.27422332763672,70.6839370727539,71.75482940673828,71.90162658691406,71.31340789794922,70.36866760253906,69.42279815673828,68.92827606201172,69.04684448242188,69.67803192138672,70.54210662841797,71.33819580078125,72.06482696533203,72.62667083740234,72.85256958007812,72.81510162353516,72.81041717529297,73.22148132324219,74.08179473876953,74.81281280517578,75.08406066894531,75.07402038574219,74.75576782226562,74.22438049316406,74.0149917602539,74.34695434570312
70.9745101928711,71.64424133300781,72.80259704589844,71.62525939941406,69.7500991821289,69.02715301513672,68.95292663574219,68.99288177490234,69.3975830078125,69.50904846191406,68.87535095214844,68.25151824951172,67.86431884765625,67.17723846435547,66.1888198852539,65.21043395996094,64.66605377197266,65.21674346923828,66.83626556396484,68.53968048095703,69.44645690917969,69.42503356933594,68.78904724121094,67.92911529541016,67.1467056274414,66.79164123535156,67.0075454711914,67.6980972290039,68.75579071044922,70.02302551269531,71.02267456054688,71.26643371582031,71.07376098632812,71.34053039550781,72.22905731201172,73.1853256225586,73.77800750732422,73.98554992675781,74.03726196289062,73.70375061035156,72.90262603759766,72.53236389160156,72.82797241210938,72.6679458618164
70.04889678955078,70.65411376953125,69.54644775390625,67.59557342529297,67.11994934082031,67.81663513183594,67.81597137451172,67.01902770996094,65.8804931640625,64.85198974609375,64.3893814086914,64.25838470458984,64.02029418945312,63.64635467529297,63.232601165771484,62.74985122680664,62.52976989746094,63.276023864746094,65.0843734741211,66.9411849975586,68.04637145996094,68.1553726196289,67.27847290039062,65.8802490234375,64.74882507324219,64.45970153808594,64.88683319091797,65.59269714355469,66.66301727294922,68.18610382080078,69.49071502685547,69.87385559082031,69.66729736328125,69.74525451660156,70.41502380371094,71.3488998413086,72.23108673095703,72.5108642578125,71.80709075927734,70.87124633789062,70.87890625,71.54187774658203,71.99146270751953,71.92398071289062
67.31840515136719,66.26143646240234,65.34046173095703,65.54671478271484,66.12930297851562,65.45405578613281,63.58238983154297,62.15040969848633,61.57870101928711,61.32802963256836,61.232357025146484,61.39461898803711,61.85777282714844,62.19119644165039,62.131629943847656,61.86551284790039,61.67898178100586,62.06755065917969,63.30415725708008,64.8694076538086,66.13262939453125,66.52131652832031,65.62918090820312,63.874813079833984,62.37336349487305,62.04354476928711,62.69998550415039,63.54667282104492,64.66727447509766,66.47305297851562,68.21868896484375,68.68232727050781,68.0620346069336,67.54452514648438,67.97999572753906,69.02324676513672,69.50416564941406,69.26040649414062,68.85860443115234,68.97706604003906,70.1630859375,71.60670471191406,72.26829528808594,72.27204132080078
63.00853729248047,62.859554290771484,64.15179443359375,64.62734985351562,63.240699768066406,60.63741683959961,58.79022216796875,58.81819152832031,59.38650131225586,59.43229675292969,59.3328971862793,59.70778274536133,60.44331741333008,60.90365982055664,60.86728286743164,60.69422912597656,60.756927490234375,61.3166389465332,62.19853210449219,63.12297058105469,63.99946212768555,64.41116333007812,63.79111099243164,62.36296081542969,61.21906280517578,61.13125228881836,61.7232551574707,62.32789993286133,63.25389862060547,65.0879135131836,66.8646469116211,67.2086410522461,66.49163818359375,66.27101135253906,67.06644439697266,67.42341613769531,66.75405883789062,66.60320281982422,67.19066619873047,68.11880493164062,69.84947204589844,71.79975891113281,72.71697235107422,72.57854461669922
60.907649993896484,61.94140625,62.50581359863281,61.109169006347656,58.904972076416016,57.22421646118164,56.56074142456055,56.73539733886719,57.21244430541992,57.59614944458008,57.83808898925781,58.14394760131836,58.72405242919922,59.49983215332031,60.19203186035156,60.625953674316406,60.88774871826172,61.35527420043945,61.80734634399414,61.9670524597168,62.1350212097168,62.445091247558594,62.26054763793945,61.29288101196289,60.580162048339844,60.837745666503906,61.3994140625,61.75636291503906,62.41144561767578,63.88569259643555,65.31254577636719,65.53606414794922,65.21851348876953,65.60479736328125,66.5182113647461,66.60191345214844,65.79985809326172,65.42295837402344,65.82806396484375,66.95471954345703,68.81696319580078,70.72173309326172,71.6418685913086,71.3677749633789
59.09128952026367,59.75940704345703,59.1525764465332,57.75978469848633,56.69493865966797,55.704097747802734,54.681846618652344,54.39018630981445,54.955692291259766,55.8813591003418,56.86975860595703,57.73136520385742,58.464725494384766,59.350852966308594,60.421085357666016,61.07096481323242,60.96221160888672,60.64824295043945,60.63535690307617,60.735557556152344,60.766395568847656,60.86360549926758,60.812049865722656,60.259674072265625,59.708377838134766,59.80535888671875,60.26646041870117,60.752220153808594,61.476097106933594,62.64678955078125,63.74053955078125,64.06092834472656,64.15077209472656,64.57102966308594,64.86310577392578,64.64431762695312,64.36273956298828,64.46916198730469,64.65097045898438,65.14830780029297,66.38803100585938,68.0560531616211,69.38711547851562,69.7614974975586
56.85258102416992,57.47138595581055,57.29399871826172,56.732688903808594,55.771453857421875,54.176273345947266,52.826416015625,52.48924255371094,53.361419677734375,55.17121505737305,57.028648376464844,58.222190856933594,58.7218132019043,59.20769500732422,60.09626388549805,60.5148811340332,59.991432189941406,59.110225677490234,58.61435317993164,58.88623809814453,59.660072326660156,60.22429656982422,60.199283599853516,59.57613754272461,58.62968826293945,58.02505111694336,58.11957550048828,58.85219192504883,60.084110260009766,61.493614196777344,62.31433868408203,62.3582878112793,62.434226989746094,62.44139862060547,62.049522399902344,61.69448471069336,61.84283447265625,62.56566619873047,63.50373840332031,64.22955322265625,64.74535369873047,65.6049575805664,66.7936019897461,67.64920043945312
55.91855239868164,56.83193588256836,57.10041046142578,56.64314651489258,55.27524185180664,53.291831970214844,51.689815521240234,51.60177993774414,53.374691009521484,55.66156768798828,57.22236633300781,58.015933990478516,58.3320198059082,58.605873107910156,58.96458053588867,58.947113037109375,58.43728256225586,57.73680877685547,57.17565155029297,57.356483459472656,58.49679946899414,59.5694694519043,59.585426330566406,58.775978088378906,57.45267105102539,56.0697135925293,55.58386993408203,56.460899353027344,58.320106506347656,60.2586669921875,61.01057052612305,60.582855224609375,60.23356246948242,59.934688568115234,59.48817443847656,59.606353759765625,60.430118560791016,61.65648651123047,62.88689422607422,63.85395431518555,64.560302734375,65.16029357910156,65.73644256591797,66.29784393310547
55.91094207763672,56.62589645385742,56.87589645385742,56.355289459228516,54.68363571166992,52.3332633972168,50.877281188964844,51.64505386352539,53.861148834228516,55.871620178222656,56.923519134521484,57.30089569091797,57.49736404418945,57.67671203613281,57.60860824584961,57.322357177734375,57.093467712402344,56.82771301269531,56.384735107421875,56.188838958740234,56.63756561279297,57.20376968383789,57.23112869262695,56.83310317993164,55.8252067565918,54.1723747253418,53.258140563964844,54.130855560302734,56.24409484863281,58.381431579589844,59.47910690307617,59.47003173828125,59.20097732543945,58.85995101928711,58.34938049316406,58.2736930847168,59.064979553222656,60.45848083496094,61.948814392089844,63.1114616394043,63.91007995605469,64.40701293945312,64.66389465332031,64.91371154785156
55.14078903198242,55.392486572265625,55.32349395751953,55.039337158203125,53.90774917602539,51.7779541015625,50.581504821777344,51.505279541015625,53.63392639160156,55.678104400634766,56.725547790527344,56.801475524902344,56.75767135620117,56.72869110107422,56.3548469543457,55.896732330322266,55.677799224853516,55.402652740478516,54.812828063964844,54.172237396240234,53.76361083984375,53.653358459472656,53.86176300048828,54.32251739501953,54.40316390991211,53.45151901245117,52.46970748901367,52.839637756347656,54.5634765625,56.67913818359375,58.20622634887695,58.85332107543945,59.01641082763672,59.08563232421875,58.668540954589844,57.78263473510742,57.45246124267578,58.384727478027344,60.19357681274414,61.81756591796875,62.699371337890625,63.04877853393555,63.07887268066406,63.05327224731445
54.12258529663086,53.889408111572266,54.00038146972656,54.64043045043945,54.12113952636719,51.77457046508789,50.06540298461914,50.72937774658203,53.068851470947266,55.605098724365234,56.78133010864258,56.310791015625,55.57831573486328,55.2598876953125,54.76008987426758,54.03143310546875,53.58314895629883,53.23629379272461,52.5308837890625,51.739234924316406,51.28084182739258,51.338130950927734,51.93867111206055,52.85899353027344,53.501190185546875,53.291873931884766,52.72858810424805,52.825111389160156,54.0637321472168,55.98728942871094,57.53193664550781,58.10658645629883,58.13072967529297,58.202728271484375,58.45278549194336,58.01887512207031,57.040714263916016,57.01515579223633,58.481510162353516,60.34791564941406,61.52090835571289,61.96075439453125,61.969825744628906,61.94593048095703
53.6138916015625,53.51353073120117,54.075138092041016,54.134979248046875,52.649024963378906,50.40098190307617,49.30802917480469,50.53578186035156,53.260414123535156,55.58158493041992,55.92818069458008,54.8289680480957,53.83863067626953,53.3233642578125,52.68351364135742,51.85862350463867,51.35666275024414,51.243194580078125,51.02460479736328,50.5184211730957,50.21189498901367,50.615509033203125,51.563602447509766,52.39685821533203,52.68795394897461,52.61857223510742,52.75888442993164,53.48867416381836,54.67851638793945,56.14986801147461,57.35489273071289,57.68370056152344,57.342498779296875,56.89638137817383,56.930233001708984,57.28692626953125,57.35938262939453,57.19070053100586,57.43954849243164,58.25437545776367,59.290409088134766,60.205055236816406,60.78109359741211,61.11270523071289
54.5356330871582,54.331790924072266,52.98109436035156,50.59286117553711,48.90452194213867,48.645713806152344,49.658294677734375,51.79069900512695,53.88181686401367,54.62400817871094,53.826629638671875,52.45481491088867,51.45119094848633,50.89510726928711,50.48822021484375,50.014488220214844,49.69751739501953,49.80683517456055,50.04185485839844,49.985008239746094,49.887813568115234,50.31135177612305,51.058380126953125,51.42501449584961,51.39299392700195,51.56547164916992,52.33078384399414,53.599632263183594,54.89799880981445,55.895225524902344,56.57499313354492,56.762001037597656,56.38698959350586,55.763824462890625,55.388729095458984,55.70952224731445,56.40077209472656,57.00164794921875,57.37662124633789,57.51168441772461,57.58864974975586,58.02561950683594,58.747291564941406,59.43231964111328
55.15678405761719,52.5977783203125,48.45648193359375,46.128089904785156,46.68868637084961,48.512020111083984,50.46580123901367,52.125396728515625,52.84774398803711,52.47589111328125,51.34962463378906,50.03989791870117,49.1094856262207,48.767032623291016,48.761016845703125,48.621315002441406,48.380977630615234,48.50919723510742,48.936485290527344,49.23806381225586,49.41077423095703,49.74037170410156,49.99171829223633,49.84062194824219,49.77171325683594,50.335655212402344,51.384849548339844,52.604713439941406,53.75998306274414,54.573524475097656,54.96944046020508,55.072391510009766,55.035667419433594,54.76247024536133,54.4677734375,54.59914016723633,55.2376594543457,56.078224182128906,56.83237838745117,57.229644775390625,57.0102424621582,56.454551696777344,56.2108154296875,56.666900634765625
52.0756950378418,47.07757568359375,43.36006546020508,43.79194641113281,46.30576705932617,48.37594985961914,49.6827392578125,50.25165939331055,50.10359573364258,49.634193420410156,48.94886016845703,48.066139221191406,47.3608283996582,47.19519805908203,47.39861297607422,47.53129959106445,47.432132720947266,47.451988220214844,47.74208450317383,48.190711975097656,48.79031753540039,49.401397705078125,49.4931526184082,48.882415771484375,48.51136779785156,49.17123794555664,50.18062973022461,50.97262954711914,51.913291931152344,52.96259689331055,53.64870834350586,53.952392578125,54.24421691894531,54.5680046081543,54.6541748046875,54.43759536743164,54.356693267822266,54.66029357910156,55.175968170166016,55.55457305908203,55.48560333251953,54.9480094909668,54.505592346191406,54.7159538269043
46.418209075927734,41.80876541137695,40.759517669677734,42.70806884765625,44.48481750488281,45.78562927246094,46.521766662597656,46.44677734375,46.440982818603516,46.76884460449219,46.815673828125,46.317745208740234,45.8502197265625,45.97848129272461,46.45539093017578,46.83601760864258,46.857696533203125,46.71178436279297,46.81842041015625,47.431175231933594,48.39296340942383,49.22050476074219,49.405189514160156,48.824378967285156,48.15174865722656,48.39098358154297,49.23963165283203,49.815574645996094,50.423648834228516,51.498600006103516,52.66730499267578,53.53248596191406,54.16541290283203,54.662689208984375,54.62897491455078,53.800533294677734,52.86575698852539,52.5566291809082,52.723934173583984,53.04356384277344,53.293880462646484,53.39223098754883,53.635623931884766,54.0775032043457
