data/wind_data/wind_49_5.json
{"header": {"parameterUnit": "KT", "parameterCategory": 2, "nx": 256, "ny": 198, "lo1": 44.73521041870117, "la1": -3.236724853515625, "lo2": 111.26478576660156, "la2": 43.468475341796875, "dx": 0.2609002888202667, "dy": -0.23708222806453705, "refTime": "2025-02-21 01:00:00", "forecastTime": 0, "parameterNumber": 2, "parameterNumberName": "eastward_wind"}, "data":
[rows 114 to 132 of 198, columns 44 to 87 of 256]
56.85643005371094,57.027259826660156,56.77423095703125,56.61045837402344,56.20696258544922,55.536869049072266,54.92086410522461,54.493717193603516,54.36495590209961,54.532962799072266,54.85980224609375,54.97142028808594,54.77305221557617,54.14360427856445,53.32686996459961,52.58434295654297,52.188690185546875,51.761104583740234,50.89801788330078,50.2436408996582,49.650428771972656,48.05085754394531,46.645118713378906,46.916465759277344,47.10868835449219,46.05194854736328,45.19233703613281,45.489715576171875,46.36838912963867,46.72841262817383,46.28617477416992,45.55376434326172,45.26132583618164,45.91864013671875,47.106868743896484,48.41703414916992,49.82162094116211,51.09159469604492,51.72233200073242,51.32874298095703,51.31521224975586,50.013946533203125,45.79453659057617,40.47061538696289
56.704689025878906,56.89686965942383,56.51877212524414,56.09685516357422,55.718605041503906,55.502891540527344,55.30972671508789,55.25963592529297,55.368141174316406,55.6156005859375,55.957515716552734,55.909915924072266,55.27483367919922,54.23375701904297,53.105377197265625,52.30534744262695,51.92732620239258,51.59418869018555,51.29824447631836,51.426666259765625,51.255149841308594,50.62641143798828,50.51555633544922,50.41903305053711,48.96293640136719,47.07285690307617,46.88606262207031,48.37700653076172,49.35222244262695,48.369300842285156,46.37445831298828,45.25303268432617,45.54789733886719,47.6275520324707,50.2355842590332,51.976036071777344,53.031585693359375,53.91243362426758,54.250938415527344,53.62854766845703,52.993961334228516,51.090213775634766,46.986568450927734,40.882598876953125
57.09379959106445,56.87421798706055,56.272037506103516,55.578975677490234,55.22343444824219,55.59824752807617,55.838809967041016,55.98942184448242,56.35496520996094,56.735050201416016,57.07680130004883,56.91489028930664,56.19496536254883,55.3234748840332,54.7681770324707,54.725799560546875,54.845619201660156,54.9940185546875,55.50038146972656,55.65694808959961,55.02717971801758,54.82948303222656,55.47621154785156,55.221031188964844,53.3007926940918,51.11615753173828,49.89582061767578,48.709957122802734,47.26874542236328,47.072357177734375,48.36433410644531,50.61088943481445,52.84137725830078,54.18505859375,55.012516021728516,55.222408294677734,54.8365478515625,54.71428680419922,54.597862243652344,54.37244415283203,54.07559585571289,52.8298225402832,50.10678482055664,44.975189208984375
58.02771759033203,57.85288619995117,57.403072357177734,57.1832275390625,57.083431243896484,57.62382888793945,58.2466926574707,58.616111755371094,59.349910736083984,59.74699783325195,59.44622802734375,58.987693786621094,58.93519973754883,59.07823181152344,59.19469451904297,59.29757308959961,59.25655746459961,59.56890869140625,60.544376373291016,61.07046890258789,60.75856018066406,60.73072052001953,60.314117431640625,57.3057746887207,53.28779983520508,50.981224060058594,50.17736053466797,49.65789794921875,49.98518371582031,51.35860824584961,53.26850509643555,55.417205810546875,56.86452102661133,57.084232330322266,56.507076263427734,55.258235931396484,53.92646408081055,52.46315002441406,51.560791015625,52.17625427246094,52.86561584472656,53.05052185058594,50.32360076904297,45.13666534423828
57.272972106933594,58.16267776489258,58.51243209838867,58.69786834716797,58.5604248046875,58.943965911865234,59.99704360961914,61.14677047729492,62.58596420288086,63.035186767578125,62.355186462402344,62.030975341796875,62.27744674682617,62.169456481933594,61.92812728881836,62.009639739990234,62.36275863647461,62.77866744995117,62.95161056518555,63.06569290161133,63.42851638793945,62.871192932128906,59.23371505737305,55.22868347167969,53.93892288208008,53.92546081542969,53.46073532104492,53.232540130615234,54.22947311401367,55.90739440917969,57.748226165771484,59.018314361572266,59.40952682495117,58.4265251159668,56.17204666137695,53.912261962890625,52.802757263183594,49.939388275146484,46.16774368286133,46.25042724609375,48.66112518310547,50.091304779052734,47.03308868408203,42.34799575805664
53.22188949584961,56.121368408203125,55.95087814331055,54.429752349853516,55.22243118286133,57.84731674194336,59.67243576049805,59.518463134765625,60.66994857788086,63.217830657958984,64.49083709716797,63.96444320678711,62.91850280761719,62.483001708984375,62.77272033691406,63.10566329956055,63.26447296142578,63.43022537231445,63.78776931762695,64.0335922241211,63.39815902709961,62.25464630126953,60.99517059326172,58.8216552734375,55.78145980834961,52.97528076171875,51.80778503417969,53.08612060546875,55.412445068359375,57.443275451660156,58.88687515258789,59.10209655761719,58.42885208129883,56.77497863769531,54.89613342285156,53.75826644897461,52.187801361083984,47.80658721923828,42.4701042175293,40.283103942871094,43.10186004638672,45.49347686767578,43.68695831298828,41.687904357910156
49.50278854370117,53.24336242675781,51.99235153198242,49.42814636230469,53.39665222167969,56.50066375732422,54.83218002319336,53.33666229248047,56.54138946533203,61.13994598388672,63.1500129699707,62.22285079956055,61.03732681274414,61.42129135131836,62.116146087646484,61.54823684692383,59.896507263183594,58.69571304321289,60.577754974365234,62.94217300415039,63.99607467651367,63.203006744384766,54.315547943115234,45.15721130371094,43.571495056152344,46.36349868774414,49.72967529296875,51.83680725097656,53.2890739440918,54.64692687988281,55.332664489746094,55.61958694458008,55.24161911010742,53.9300422668457,53.745296478271484,53.43626403808594,51.282745361328125,48.04033660888672,44.32447052001953,42.10031509399414,41.8692512512207,41.84591293334961,41.52948760986328,42.34920883178711
48.039756774902344,49.80226135253906,47.282039642333984,47.68578338623047,55.8554573059082,60.586063385009766,56.52528762817383,52.675594329833984,54.981788635253906,57.81524658203125,57.641666412353516,56.99839782714844,58.64224624633789,60.76097869873047,59.7923583984375,56.195064544677734,52.77936553955078,51.86735153198242,55.797203063964844,60.70454025268555,59.73395919799805,50.806739807128906,40.92999267578125,37.26203155517578,41.379127502441406,47.7376594543457,50.8959846496582,51.71997833251953,52.005916595458984,52.77544403076172,53.41033935546875,53.19226837158203,52.20025634765625,51.269100189208984,51.431819915771484,51.1951904296875,50.4792594909668,49.722469329833984,46.81929397583008,41.87278366088867,39.26978302001953,40.165401458740234,41.88990020751953,43.48836135864258
52.552608489990234,49.034297943115234,47.22590255737305,50.55192184448242,57.3067512512207,59.91141891479492,55.24073028564453,53.61377716064453,55.38315963745117,54.141639709472656,52.03924560546875,52.87441635131836,57.40774154663086,60.416168212890625,57.131736755371094,52.42837905883789,50.34873580932617,49.831787109375,49.05961608886719,47.4340705871582,47.73799133300781,49.234432220458984,47.14292907714844,45.7466926574707,50.504966735839844,53.031044006347656,53.8072624206543,53.733577728271484,53.00931930541992,52.994075775146484,53.00138473510742,51.03369140625,48.343231201171875,48.18330383300781,49.816383361816406,50.100528717041016,49.57672119140625,49.4775505065918,48.5501823425293,44.270477294921875,40.92869186401367,41.01632308959961,42.956974029541016,44.56072235107422
57.58412170410156,55.9798698425293,55.203765869140625,54.881526947021484,54.77452850341797,52.341712951660156,49.441219329833984,52.315406799316406,57.531349182128906,55.85894775390625,51.18968200683594,52.15528869628906,57.30375289916992,59.40902328491211,55.70109176635742,51.40955352783203,51.59838104248047,55.331085205078125,58.494022369384766,58.591556549072266,58.488555908203125,56.9721565246582,53.80669021606445,55.01354217529297,54.039100646972656,53.92411804199219,54.68262481689453,54.72589874267578,53.735267639160156,53.12643051147461,52.3599853515625,49.7476921081543,46.954261779785156,45.88884353637695,46.29380416870117,47.8292236328125,48.15083694458008,49.64398956298828,51.261783599853516,49.22629928588867,45.40807342529297,43.299072265625,44.0611572265625,45.149837493896484
58.93256759643555,60.430908203125,61.2576789855957,59.855194091796875,54.39251708984375,48.8492431640625,46.79424285888672,50.42373275756836,54.56159973144531,52.63145065307617,51.03911590576172,53.59632110595703,57.024314880371094,57.683372497558594,54.7182502746582,52.586891174316406,56.70044708251953,62.76404571533203,66.10746002197266,67.89859008789062,66.38495635986328,61.148563385009766,58.3547477722168,54.664974212646484,54.38672637939453,55.85606002807617,56.40842056274414,55.8964729309082,54.81991958618164,53.54383850097656,51.01594543457031,47.27093505859375,44.120086669921875,42.71216583251953,42.91914367675781,44.80729293823242,47.3658447265625,48.734649658203125,51.12568664550781,51.396324157714844,48.50376892089844,45.35813903808594,44.274051666259766,43.92259979248047
58.402000427246094,60.79499435424805,62.45675277709961,62.167442321777344,58.58541488647461,54.25819396972656,52.026790618896484,49.973697662353516,48.452476501464844,52.39910888671875,51.32344436645508,50.44662094116211,54.67375564575195,54.89533233642578,50.46321105957031,52.298248291015625,60.99289321899414,67.5645980834961,70.70133209228516,71.46859741210938,67.91434478759766,62.244911193847656,57.54269027709961,54.99489212036133,56.33765411376953,57.41032791137695,56.90433120727539,55.830570220947266,54.82661819458008,52.71025085449219,49.23855972290039,45.92830276489258,43.2617073059082,41.65279006958008,41.730064392089844,43.40371322631836,46.21770095825195,47.80158615112305,50.420223236083984,50.8017578125,46.71701431274414,43.95234298706055,42.77626419067383,41.481136322021484
57.24132537841797,60.402374267578125,62.377716064453125,62.0740966796875,59.09437561035156,59.10558319091797,58.986690521240234,58.941436767578125,61.208343505859375,59.90571594238281,51.24602127075195,49.072364807128906,51.00466537475586,49.56867599487305,43.776939392089844,49.707881927490234,61.85026168823242,69.88352966308594,72.80342102050781,70.77738952636719,63.090492248535156,57.32485580444336,54.817848205566406,55.43816375732422,57.125938415527344,56.38340377807617,55.038639068603516,55.34115219116211,55.040103912353516,52.51047897338867,49.09025955200195,45.986209869384766,44.3386344909668,43.96266174316406,43.73994064331055,43.75302505493164,44.30107116699219,45.613494873046875,48.69871139526367,49.858272552490234,44.401283264160156,41.88768768310547,41.319252014160156,39.657352447509766
56.16194534301758,60.026729583740234,61.93126678466797,61.0023307800293,58.54568862915039,60.30149459838867,64.28453063964844,66.41492462158203,64.43405151367188,57.58391571044922,48.52558517456055,46.05680847167969,41.711204528808594,38.994441986083984,38.55528259277344,41.985172271728516,51.41872024536133,61.48206329345703,67.66124725341797,64.92770385742188,55.59328079223633,52.95882797241211,53.151451110839844,54.063323974609375,55.04878234863281,55.271583557128906,53.79567337036133,49.682010650634766,45.318302154541016,43.24300003051758,42.57939910888672,42.66307830810547,43.85607147216797,45.14375305175781,44.68833541870117,42.42327880859375,41.149478912353516,42.46420669555664,45.08201217651367,48.28860855102539,43.490989685058594,40.150577545166016,40.35612869262695,38.95393753051758
55.22654342651367,57.76280212402344,58.683250427246094,58.48272705078125,58.471805572509766,59.869293212890625,63.812652587890625,63.7276611328125,61.321861267089844,57.146812438964844,50.194847106933594,44.215118408203125,37.74477005004883,34.90011978149414,36.173484802246094,38.5725212097168,38.050628662109375,42.442047119140625,50.684425354003906,49.51701354980469,43.36248779296875,45.9718017578125,51.46039581298828,55.74858093261719,56.183650970458984,50.75132751464844,40.8967170715332,34.33612823486328,34.094703674316406,36.225807189941406,38.34660339355469,40.60483169555664,41.53515625,41.13035583496094,41.01721954345703,40.86808776855469,40.31953048706055,40.09282684326172,40.638362884521484,44.02530288696289,42.45868682861328,39.79075241088867,40.51240921020508,39.061309814453125
54.23833084106445,55.329166412353516,56.043785095214844,57.61769104003906,60.26641082763672,61.523719787597656,59.23719787597656,58.300594329833984,59.97015380859375,58.796539306640625,54.87910079956055,50.131622314453125,45.32053756713867,42.84870529174805,42.76509094238281,41.95417022705078,36.78859329223633,37.618438720703125,40.30263137817383,38.61305618286133,36.24647521972656,41.57159423828125,45.6483039855957,46.76194763183594,45.27580642700195,38.872772216796875,29.14090919494629,26.621517181396484,30.531578063964844,35.0248908996582,38.734161376953125,41.06593704223633,40.9093132019043,39.14855194091797,38.723262786865234,39.30311965942383,40.103485107421875,40.03354263305664,39.569820404052734,40.27393341064453,41.09791564941406,40.63896179199219,41.31911849975586,39.44760513305664
54.24617385864258,57.116676330566406,58.6719970703125,60.22868728637695,62.19456481933594,60.37554931640625,54.53065490722656,53.726036071777344,56.379173278808594,57.06154251098633,56.83233642578125,56.02766799926758,53.46519088745117,52.257896423339844,52.09197998046875,50.44075393676758,47.01304626464844,43.721168518066406,38.67273712158203,37.00343322753906,39.53403854370117,41.33152389526367,37.73173904418945,33.43444061279297,31.31658363342285,28.4537353515625,26.0570011138916,27.6664981842041,31.896286010742188,36.7438850402832,41.28992462158203,44.48609924316406,44.61149978637695,42.076725006103516,39.994022369384766,39.47547149658203,39.50714874267578,40.1196174621582,41.15095138549805,41.79981994628906,43.3104133605957,42.5863151550293,41.8919563293457,40.058998107910156
55.86168670654297,57.75516891479492,56.97712707519531,55.028106689453125,55.97771072387695,56.143341064453125,50.08983612060547,47.048789978027344,52.81245803833008,56.2615966796875,57.80926513671875,59.30902862548828,59.62400436401367,60.05070114135742,61.105777740478516,60.18385314941406,57.34360885620117,52.11007308959961,46.66228485107422,45.252723693847656,47.35744857788086,46.80344009399414,42.57605743408203,37.55894088745117,34.43166732788086,32.58929443359375,32.1089973449707,33.41733932495117,36.315921783447266,40.18232727050781,44.16062545776367,46.82147216796875,46.70988082885742,45.09977340698242,44.503482818603516,44.94199752807617,45.319374084472656,45.21044158935547,44.95659255981445,44.845699310302734,45.80244827270508,44.34917449951172,42.308570861816406,40.73381042480469
55.333229064941406,52.01233673095703,46.26728820800781,44.471683502197266,50.15494155883789,53.59969711303711,41.45254135131836,39.864444732666016,49.05763244628906,54.40420150756836,58.27475357055664,61.14897918701172,62.93834686279297,64.73274993896484,66.67259979248047,67.01029968261719,65.07811737060547,60.58855056762695,57.08949279785156,55.52297592163086,54.58323669433594,54.477508544921875,54.12417984008789,52.156978607177734,49.47566223144531,46.826602935791016,44.40857696533203,42.999019622802734,43.075416564941406,44.61658477783203,46.79812240600586,48.23012161254883,48.63016128540039,48.68981170654297,49.016136169433594,49.2245979309082,49.008174896240234,48.22548294067383,47.76968002319336,47.75934982299805,47.966304779052734,46.93949890136719,44.94974899291992,42.47268295288086
