data/wind_data/wind_28_4.json
{"header": {"parameterUnit": "KT", "parameterCategory": 2, "nx": 256, "ny": 198, "lo1": 44.73521041870117, "la1": -3.236724853515625, "lo2": 111.26478576660156, "la2": 43.468475341796875, "dx": 0.2609002888202667, "dy": -0.23708222806453705, "refTime": "2025-02-20 04:00:00", "forecastTime": 0, "parameterNumber": 2, "parameterNumberName": "eastward_wind"}, "data":
[rows 114 to 132 of 198, columns 0 to 43 of 256]
42.164512634277344,43.20946502685547,44.405662536621094,45.441627502441406,46.59024429321289,48.01378631591797,49.82491683959961,51.431488037109375,51.838226318359375,50.81179428100586,48.9537467956543,46.87112045288086,44.89621353149414,43.155738830566406,41.52028274536133,39.50314712524414,37.40263366699219,35.8758544921875,35.296424865722656,35.45273971557617,35.85009002685547,36.0268669128418,35.9012565612793,35.5414924621582,35.08610153198242,34.42692184448242,33.422969818115234,32.406742095947266,31.92761993408203,31.957279205322266,32.217529296875,32.45132827758789,32.584503173828125,32.96906661987305,33.784584045410156,34.273868560791016,34.20372772216797,33.843135833740234,33.58528518676758,33.52765655517578,33.31497573852539,32.99958801269531,32.575416564941406,32.87608337402344
41.71977233886719,42.848358154296875,44.1193733215332,44.8471794128418,45.91897201538086,47.38368606567383,48.97647476196289,50.14787673950195,50.47267150878906,49.92385482788086,48.62749099731445,46.80323791503906,45.0031852722168,43.21099853515625,41.73019027709961,40.08393478393555,38.297977447509766,37.164329528808594,36.347442626953125,35.90227508544922,36.19172668457031,36.646934509277344,36.949214935302734,37.06121063232422,36.90267562866211,36.45268630981445,35.76296615600586,34.9642333984375,34.35385513305664,34.044551849365234,33.9273567199707,33.80221939086914,33.741764068603516,34.067081451416016,34.61256408691406,34.754398345947266,34.36692428588867,33.64536666870117,32.93498992919922,32.813209533691406,33.17787170410156,33.537322998046875,33.505523681640625,33.64496994018555
41.02676010131836,41.99570846557617,43.27401351928711,44.193748474121094,45.57726287841797,47.03031921386719,48.07938766479492,48.674049377441406,48.949745178222656,48.840545654296875,48.17902374267578,46.79433059692383,44.99893569946289,42.76173400878906,41.265384674072266,40.138511657714844,38.06199645996094,36.45302963256836,36.24175262451172,36.54526901245117,36.67433547973633,36.8109130859375,37.15824508666992,37.633480072021484,37.93113327026367,37.9542350769043,37.86399459838867,37.76188278198242,37.5694465637207,37.061012268066406,36.19853973388672,35.32335662841797,34.858970642089844,34.892051696777344,35.207481384277344,35.417354583740234,35.17938232421875,34.53669738769531,33.630401611328125,32.911800384521484,33.43575668334961,33.85440444946289,33.65909194946289,33.44158935546875
40.09492492675781,40.70321273803711,41.9161262512207,43.387596130371094,45.10063552856445,46.45083236694336,47.126068115234375,47.42942810058594,47.581336975097656,47.59946823120117,47.32078170776367,46.20863723754883,44.50292205810547,42.40291213989258,41.09650802612305,39.44200897216797,36.79499053955078,34.54266357421875,33.94491195678711,35.0268669128418,36.383079528808594,37.10557174682617,37.28568649291992,37.33538055419922,37.43309020996094,37.56148910522461,37.815006256103516,38.36946487426758,39.045413970947266,38.98717498779297,37.99976348876953,36.84733963012695,36.29742431640625,36.17982864379883,36.20207214355469,36.126033782958984,35.836551666259766,35.48762512207031,34.957794189453125,34.20548629760742,34.195899963378906,34.4251594543457,34.187198638916016,33.92250061035156
38.94621658325195,39.4092903137207,40.486629486083984,42.1401481628418,43.92579650878906,45.26820755004883,46.07788848876953,46.44645309448242,46.40859603881836,46.28483963012695,45.90208053588867,44.626590728759766,43.00464630126953,41.05726623535156,39.89470291137695,38.14429473876953,35.4210205078125,33.486446380615234,33.148231506347656,34.30231857299805,35.35847854614258,36.243412017822266,36.9603385925293,37.20911407470703,37.06617736816406,36.849098205566406,37.045196533203125,37.80120086669922,38.96516036987305,39.54063415527344,39.111968994140625,38.53080749511719,38.0803108215332,37.448020935058594,36.81897735595703,36.613006591796875,36.67743682861328,36.765804290771484,36.66582489013672,36.22883605957031,35.90692901611328,35.7706413269043,35.499324798583984,35.214271545410156
37.56588363647461,38.198753356933594,39.14796447753906,40.6429328918457,42.261131286621094,43.575767517089844,44.6235237121582,45.284698486328125,45.4815673828125,45.34206771850586,44.54427719116211,42.75516891479492,40.903316497802734,38.72012710571289,37.68825149536133,36.638282775878906,34.63534927368164,33.11447525024414,33.19048309326172,34.10157012939453,34.66203689575195,34.729217529296875,35.139461517333984,35.822998046875,36.02360534667969,36.10733413696289,36.89430236816406,38.42287826538086,39.755672454833984,40.47002029418945,40.40682601928711,39.66334915161133,38.56393051147461,38.07200241088867,38.53049850463867,39.11466598510742,39.39918518066406,39.62712478637695,39.9597282409668,39.818572998046875,39.21996307373047,38.398681640625,37.64064025878906,37.175899505615234
35.62923049926758,36.42947769165039,37.3691291809082,38.91701889038086,40.50192642211914,41.73198318481445,42.73419952392578,43.55685806274414,44.085872650146484,44.09452819824219,43.01211929321289,41.13475036621094,39.120094299316406,37.16653823852539,35.710018157958984,35.76652908325195,35.361934661865234,34.056644439697266,33.27153396606445,33.3983039855957,33.88509750366211,33.98024368286133,33.519874572753906,33.697444915771484,34.78242874145508,36.4017219543457,38.05192947387695,40.09889221191406,42.3858642578125,43.59711837768555,42.38395690917969,40.33999252319336,40.173500061035156,41.20787048339844,41.79506301879883,41.54637908935547,41.159912109375,41.28223419189453,41.942806243896484,42.442501068115234,42.46992874145508,41.68119812011719,40.36396789550781,39.3642578125
33.16550064086914,33.833736419677734,34.75210952758789,36.52851104736328,38.266807556152344,39.643611907958984,40.60676574707031,41.30021667480469,41.80359649658203,41.71217727661133,40.80352020263672,39.14933395385742,36.97080612182617,35.37688064575195,34.79842758178711,34.106895446777344,34.81709671020508,35.64448165893555,34.74347686767578,33.3219108581543,32.967437744140625,33.72293472290039,33.90289306640625,33.82390594482422,34.8228759765625,36.359676361083984,38.16911315917969,41.30364990234375,45.84149169921875,49.17105484008789,48.279048919677734,46.44439697265625,45.221866607666016,42.98130416870117,41.22726058959961,41.10243606567383,41.70896530151367,42.49880599975586,43.312984466552734,43.980018615722656,44.26068115234375,43.9345703125,42.851806640625,41.86069869995117
31.23900604248047,31.593229293823242,32.38928985595703,34.0355224609375,35.689449310302734,37.201507568359375,38.25900650024414,38.87308120727539,39.19675064086914,38.976680755615234,38.09687423706055,36.510616302490234,34.72233963012695,33.21698760986328,33.57876205444336,33.50639724731445,31.460418701171875,31.342514038085938,32.9874153137207,33.95347213745117,34.2317008972168,34.45585632324219,34.57280349731445,34.759666442871094,34.91671371459961,36.9126091003418,39.72890090942383,41.182403564453125,43.37378692626953,47.51209259033203,48.78239440917969,44.1933708190918,37.892799377441406,35.07061767578125,36.51778030395508,39.507102966308594,41.95303726196289,43.493988037109375,44.42848587036133,44.953834533691406,45.204376220703125,45.1334114074707,44.798221588134766,44.24470138549805
29.937562942504883,30.228694915771484,30.85720443725586,32.01556396484375,33.168575286865234,34.431617736816406,35.53056716918945,36.293392181396484,36.61846160888672,36.641197204589844,35.275482177734375,33.85506057739258,32.49361801147461,30.37104034423828,30.685903549194336,32.46709442138672,31.00406265258789,28.441240310668945,31.270973205566406,36.06108856201172,36.28170394897461,33.90073776245117,32.755088806152344,33.29753875732422,34.75456237792969,39.186363220214844,45.16178512573242,45.74184036254883,42.965572357177734,39.54007339477539,37.70451736450195,35.47857666015625,30.642271041870117,30.79524803161621,35.34872817993164,39.2136344909668,41.48391342163086,43.384605407714844,45.14346694946289,46.21858215332031,46.321998596191406,46.18967056274414,46.148990631103516,46.119544982910156
28.791576385498047,29.068511962890625,29.66057586669922,30.53895378112793,31.112403869628906,31.777517318725586,32.65134811401367,33.4770622253418,34.0440559387207,34.15554428100586,32.82035446166992,31.095806121826172,30.08406639099121,28.270076751708984,27.52849006652832,29.265230178833008,29.825332641601562,28.287851333618164,29.509868621826172,38.856197357177734,42.32630157470703,33.601966857910156,27.925861358642578,29.419294357299805,34.22047424316406,42.627708435058594,48.36603546142578,43.166709899902344,34.14291000366211,31.04479217529297,33.36810302734375,35.33857345581055,35.712642669677734,37.22495651245117,39.575748443603516,41.15160369873047,42.53291320800781,44.128238677978516,45.31792449951172,46.60793685913086,47.23701095581055,47.100650787353516,46.631629943847656,46.055686950683594
27.657577514648438,27.977031707763672,28.58252716064453,29.493558883666992,29.962020874023438,30.226959228515625,30.551715850830078,31.047122955322266,31.573223114013672,31.495166778564453,30.579771041870117,28.458524703979492,27.375965118408203,27.030242919921875,25.04469108581543,25.63385772705078,27.17253303527832,27.096040725708008,28.50874137878418,36.67234802246094,40.71180725097656,34.425106048583984,30.112071990966797,31.258333206176758,34.393280029296875,38.82485580444336,41.822383880615234,36.506324768066406,31.25016975402832,34.48472595214844,39.60912322998047,41.92349624633789,43.04727554321289,43.57963180541992,43.90671920776367,44.18010711669922,44.55548858642578,45.140724182128906,45.74422073364258,46.68364715576172,47.60073471069336,47.064239501953125,45.130043029785156,43.52391052246094
26.81049346923828,27.02463722229004,27.624250411987305,28.587295532226562,29.321212768554688,29.77006721496582,29.76940155029297,29.755937576293945,30.001575469970703,29.77387809753418,28.613924026489258,27.02189826965332,25.611005783081055,25.225156784057617,25.015954971313477,24.71173667907715,24.91117286682129,25.4565486907959,26.90973472595215,31.28790283203125,35.641014099121094,37.552642822265625,37.05347442626953,36.76872253417969,37.97249221801758,39.82435607910156,40.94133758544922,41.327919006347656,42.722434997558594,45.92613220214844,48.95770263671875,50.83522033691406,51.104671478271484,50.5835075378418,50.0851936340332,48.494041442871094,46.44619369506836,45.69358825683594,46.66643524169922,47.70180892944336,47.63822937011719,45.55143737792969,43.29182434082031,42.409732818603516
26.46531867980957,26.46270179748535,26.873414993286133,27.630245208740234,28.53186798095703,29.46087646484375,29.64874267578125,29.53705596923828,29.538715362548828,29.28073501586914,28.012527465820312,26.007171630859375,24.427303314208984,23.460071563720703,24.21016502380371,25.089557647705078,24.28791618347168,26.00205421447754,30.650550842285156,35.749671936035156,40.4863395690918,44.140281677246094,43.170928955078125,38.809364318847656,36.91225051879883,39.1367301940918,43.521644592285156,47.544830322265625,50.82582473754883,52.47688293457031,53.401939392089844,54.739524841308594,54.621952056884766,53.73527145385742,52.87405776977539,50.75008010864258,48.781105041503906,49.62996292114258,51.19014358520508,50.02897262573242,46.409481048583984,43.63785171508789,42.983116149902344,44.29999923706055
26.219743728637695,25.960268020629883,26.0899658203125,26.50200653076172,27.481040954589844,28.800527572631836,29.44194221496582,29.440671920776367,29.323373794555664,28.942373275756836,27.90087127685547,26.127344131469727,24.550495147705078,22.92510414123535,23.134546279907227,24.39936065673828,24.970043182373047,27.74245262145996,34.75017547607422,41.828529357910156,44.165870666503906,42.7987174987793,41.769813537597656,39.79963684082031,34.5435791015625,31.52855682373047,35.3384895324707,43.20591735839844,51.1598014831543,55.7074089050293,57.7620849609375,59.5407600402832,60.493560791015625,59.71257400512695,56.931541442871094,52.618255615234375,48.614418029785156,47.5461311340332,49.739891052246094,49.268428802490234,43.249717712402344,40.92546844482422,43.433021545410156,48.00839614868164
25.577486038208008,25.16600227355957,24.955854415893555,24.95707893371582,25.816320419311523,27.39513397216797,28.551246643066406,28.89258575439453,28.719621658325195,28.43123435974121,27.5294132232666,25.886980056762695,24.527591705322266,23.525224685668945,23.324556350708008,25.206100463867188,26.162466049194336,28.525943756103516,34.151119232177734,38.336734771728516,38.72983932495117,35.348060607910156,32.166473388671875,34.12542724609375,36.49513626098633,34.31123352050781,29.5834903717041,33.044227600097656,42.85441207885742,51.593536376953125,55.4039192199707,55.55781936645508,57.058502197265625,59.25053787231445,60.922882080078125,57.502830505371094,47.64921569824219,47.757808685302734,53.199344635009766,47.413429260253906,39.98682403564453,41.775001525878906,48.464168548583984,52.251041412353516
24.831655502319336,24.085569381713867,23.360301971435547,22.720317840576172,22.750572204589844,24.160947799682617,25.844554901123047,26.841106414794922,27.503942489624023,27.44133186340332,27.058534622192383,26.080493927001953,25.31089973449707,24.6046085357666,24.86838722229004,25.51384925842285,26.424320220947266,28.507822036743164,30.971345901489258,34.25037384033203,31.6435489654541,28.336524963378906,25.1754093170166,22.433509826660156,25.47931480407715,31.174972534179688,30.020809173583984,27.87906265258789,34.186031341552734,44.063018798828125,44.662879943847656,41.38106918334961,43.86259078979492,49.15647888183594,55.62127685546875,57.49211502075195,52.31267547607422,48.18927764892578,47.23664093017578,45.43708801269531,46.10853958129883,47.51441955566406,46.94260025024414,44.41187286376953
24.653217315673828,23.243221282958984,21.85603904724121,20.329559326171875,18.847896575927734,19.393457412719727,21.145204544067383,22.967121124267578,24.358295440673828,24.945404052734375,25.130661010742188,24.805814743041992,24.527202606201172,24.353195190429688,24.76197052001953,25.52451515197754,27.183916091918945,28.013999938964844,28.92396354675293,33.16978454589844,39.5747184753418,38.28034973144531,27.16620635986328,20.104650497436523,22.307313919067383,27.691221237182617,27.70841407775879,25.612361907958984,29.87717056274414,37.268959045410156,33.48883056640625,27.99315643310547,29.36338996887207,34.114994049072266,40.98076248168945,47.46854782104492,51.35465621948242,51.660526275634766,44.78668975830078,39.337066650390625,40.623443603515625,40.656307220458984,35.982242584228516,29.26589584350586
24.79657745361328,22.845745086669922,20.956937789916992,18.748048782348633,16.037227630615234,15.449188232421875,16.57816505432129,18.280630111694336,19.717857360839844,20.73447036743164,21.422090530395508,21.730083465576172,22.08488655090332,23.20279884338379,23.989707946777344,25.75884246826172,27.823293685913086,27.516069412231445,30.001428604125977,34.410423278808594,33.513484954833984,26.2921142578125,17.001178741455078,18.093708038330078,22.685503005981445,25.84166717529297,23.14978790283203,21.071022033691406,25.157922744750977,29.9149169921875,29.941383361816406,27.499160766601562,26.396686553955078,26.1533145904541,27.263751983642578,32.00841522216797,39.17367172241211,40.966758728027344,35.04423141479492,33.06425094604492,34.35546112060547,29.68122673034668,23.51766014099121,22.01480484008789
