data/wind_data/wind_42_7.json
{"header": {"parameterUnit": "KT", "parameterCategory": 2, "nx": 256, "ny": 198, "lo1": 44.73521041870117, "la1": -3.236724853515625, "lo2": 111.26478576660156, "la2": 43.468475341796875, "dx": 0.2609002888202667, "dy": -0.23708222806453705, "refTime": "2025-02-20 18:00:00", "forecastTime": 0, "parameterNumber": 2, "parameterNumberName": "eastward_wind"}, "data":
[rows 120 to 139 of 198, columns 88 to 131 of 256]
82.59446716308594,80.6634521484375,79.07774353027344,78.33318328857422,77.99937438964844,77.75597381591797,77.55236053466797,77.50685119628906,77.78050231933594,78.29637908935547,78.70314025878906,78.63294982910156,78.05123901367188,77.44979095458984,77.43275451660156,78.00894927978516,78.77985382080078,79.58755493164062,80.48007202148438,81.44096374511719,82.3243408203125,82.92305755615234,83.2277603149414,83.57252502441406,84.23411560058594,85.2225570678711,86.45999908447266,87.79004669189453,89.00987243652344,90.12399291992188,91.24971008300781,92.32477569580078,93.27114868164062,94.05238342285156,94.49552917480469,94.5550308227539,94.55668640136719,94.74004364013672,95.21652221679688,95.64440155029297,95.37393188476562,94.74864196777344,94.45587158203125,94.593994140625
81.49796295166016,79.89039611816406,78.67450714111328,77.8183822631836,77.16128540039062,76.70323181152344,76.39370727539062,76.28690338134766,76.59046936035156,77.20832061767578,77.7288589477539,77.74451446533203,77.24414825439453,76.76132202148438,76.83275604248047,77.45394897460938,78.32831573486328,79.22630310058594,80.02403259277344,80.76329040527344,81.5753173828125,82.41307067871094,83.10890197753906,83.72364807128906,84.47062683105469,85.48184204101562,86.73607635498047,88.15251922607422,89.53805541992188,90.70594024658203,91.63312530517578,92.43235778808594,93.31616973876953,94.38954162597656,95.34320068359375,95.7392578125,95.71768951416016,95.7024917602539,95.9916000366211,96.12149047851562,95.20520782470703,93.97282409667969,93.96113586425781,94.809814453125
80.8609619140625,79.69449615478516,78.6014633178711,77.4798812866211,76.52975463867188,75.95169830322266,75.63823699951172,75.5519790649414,75.85199737548828,76.39527130126953,76.73486328125,76.55266571044922,76.03964233398438,75.76513671875,76.03158569335938,76.71513366699219,77.53270721435547,78.25215148925781,78.87372589111328,79.65141296386719,80.8039779663086,82.19586181640625,83.43740844726562,84.36238861083984,85.17205810546875,86.14832305908203,87.3644027709961,88.79777526855469,90.29102325439453,91.55353546142578,92.42670440673828,93.08184051513672,93.92073822021484,95.17780303955078,96.48741149902344,97.09747314453125,96.87621307373047,96.46939849853516,96.33294677734375,95.82345581054688,94.5392837524414,93.37489318847656,93.57929229736328,94.93724822998047
80.91556549072266,80.04315948486328,78.83324432373047,77.32072448730469,76.04344940185547,75.283203125,74.9080810546875,74.86329650878906,75.21134948730469,75.65778350830078,75.71781158447266,75.27556610107422,74.75723266601562,74.65367889404297,75.06182098388672,75.73685455322266,76.3877944946289,76.95173645019531,77.72621154785156,78.99504852294922,80.71182250976562,82.58425903320312,84.2761001586914,85.54740142822266,86.46272277832031,87.33426666259766,88.43574523925781,89.82618713378906,91.3140869140625,92.52501678466797,93.29154968261719,93.93144226074219,94.90055084228516,96.3174819946289,97.74947357177734,98.35304260253906,97.82298278808594,96.90216064453125,96.21711730957031,95.31690216064453,94.13886260986328,93.5157470703125,93.75019073486328,94.92366790771484
81.16267395019531,80.51752471923828,79.36701202392578,77.58364868164062,75.81919860839844,74.60025024414062,74.0506362915039,74.07093811035156,74.40798950195312,74.63883972167969,74.52616119384766,74.15022277832031,73.83625793457031,73.91898345947266,74.38072204589844,74.91654968261719,75.41095733642578,76.1165771484375,77.38516998291016,79.19363403320312,81.17996978759766,83.08089447021484,84.87337493896484,86.50492858886719,87.83841705322266,88.89950561523438,89.95193481445312,91.19454956054688,92.47178649902344,93.44688415527344,94.09951782226562,94.88336944580078,96.12031555175781,97.58515930175781,98.8331298828125,99.31234741210938,98.6532974243164,97.29560089111328,96.0468521118164,94.93217468261719,93.93224334716797,93.60059356689453,93.95665740966797,94.82292175292969
81.40949249267578,80.88016510009766,79.80530548095703,77.8284912109375,75.6360092163086,74.05429077148438,73.40223693847656,73.40264129638672,73.4275894165039,73.28428649902344,73.23016357421875,73.21891021728516,73.21617889404297,73.54656219482422,74.20079803466797,74.81970977783203,75.40426635742188,76.2941665649414,77.78169250488281,79.73709106445312,81.73806762695312,83.54434967041016,85.31696319580078,87.17034912109375,88.9110336303711,90.3274154663086,91.51428985595703,92.65858459472656,93.70610809326172,94.51254272460938,95.24210357666016,96.27005767822266,97.60220336914062,98.79357147216797,99.6987533569336,100.18408203125,99.49090576171875,97.5852279663086,95.6383056640625,94.26187896728516,93.37911224365234,93.46692657470703,94.29277801513672,95.2621078491211
81.72571563720703,81.03317260742188,79.66284942626953,77.45684814453125,75.19731903076172,73.67389678955078,73.12811279296875,72.85297393798828,72.20465087890625,71.83544921875,72.2373046875,72.69329071044922,72.93022918701172,73.44940185546875,74.34243774414062,75.28621673583984,76.19949340820312,77.20309448242188,78.52392578125,80.31431579589844,82.39469909667969,84.46053314208984,86.42544555664062,88.29293823242188,89.97246551513672,91.40149688720703,92.65705108642578,93.79795837402344,94.79061126708984,95.66587829589844,96.61666107177734,97.83423614501953,99.07269287109375,99.93513488769531,100.72087860107422,101.27315521240234,100.08927917480469,97.22400665283203,94.72606658935547,93.43304443359375,93.0010986328125,93.55406951904297,94.9137954711914,96.1451187133789
82.09708404541016,81.011474609375,79.04479217529297,76.59821319580078,74.44888305664062,73.22537994384766,72.89659881591797,72.27547454833984,71.09553527832031,70.86250305175781,71.76358795166016,72.65158081054688,73.30583190917969,74.07189178466797,75.00228118896484,75.9869613647461,77.02696990966797,78.10884857177734,79.32360076904297,80.96885681152344,83.13652801513672,85.48926544189453,87.66638946533203,89.5733413696289,91.23091888427734,92.66168212890625,93.90037536621094,94.92054748535156,95.7464370727539,96.58232116699219,97.61634826660156,98.89234924316406,100.09640502929688,100.96096801757812,101.90679931640625,102.23104858398438,100.17908477783203,96.66046142578125,94.07501983642578,92.92787170410156,92.79280090332031,93.80901336669922,95.55814361572266,96.88529205322266
82.2447280883789,80.80189514160156,78.58346557617188,76.27449035644531,74.32785034179688,73.22089385986328,72.80614471435547,71.86678314208984,70.68717193603516,70.62174987792969,71.54918670654297,72.85481262207031,74.16932678222656,75.26221466064453,76.18340301513672,76.98694610595703,77.87012481689453,78.97822570800781,80.23407745361328,81.7425537109375,83.68999481201172,85.86699676513672,88.01075744628906,90.15369415283203,92.29315185546875,94.15097045898438,95.52915954589844,96.4443130493164,97.01602172851562,97.56505584716797,98.32162475585938,99.35537719726562,100.53298950195312,101.59891510009766,102.59400939941406,102.41617584228516,99.96116638183594,96.60721588134766,93.91007232666016,92.42569732666016,92.39395904541016,93.96028900146484,95.6343994140625,96.1465835571289
82.03960418701172,80.44624328613281,78.41477966308594,76.59427642822266,74.97636413574219,73.82196044921875,73.06798553466797,72.01649475097656,70.86410522460938,70.63851165771484,71.65074157714844,73.29940795898438,74.94445037841797,76.31912231445312,77.3973388671875,78.22312927246094,79.04718017578125,80.12527465820312,81.33851623535156,82.62646484375,84.11425018310547,85.83282470703125,87.86036682128906,90.37325286865234,93.13720703125,95.4317855834961,96.87855529785156,97.78209686279297,98.43982696533203,98.8687973022461,99.11215209960938,99.59819030761719,100.52732849121094,101.38641357421875,101.93797302246094,101.45857238769531,99.40115356445312,96.2916488647461,93.21257781982422,91.48992156982422,91.77546691894531,93.37641906738281,94.67157745361328,94.30281066894531
81.54766082763672,79.86287689208984,78.08797454833984,76.81040954589844,75.62350463867188,74.42279052734375,73.3961410522461,72.3365478515625,71.31453704833984,71.13380432128906,72.08265686035156,73.60067749023438,75.2495346069336,76.9173355102539,78.5256118774414,79.76966857910156,80.52178192138672,81.21499633789062,82.22345733642578,83.50112915039062,84.8821792602539,86.37237548828125,88.29658508300781,90.87506103515625,93.7755126953125,96.13314056396484,97.49215698242188,98.3245620727539,99.16357421875,99.71788024902344,99.70308685302734,99.64442443847656,99.91417694091797,99.9674072265625,99.86174011230469,99.45024108886719,97.93486785888672,94.80693054199219,91.51245880126953,90.09000396728516,90.97216796875,92.46919250488281,93.01445770263672,92.13511657714844
80.67106628417969,78.96501922607422,77.50545501708984,76.82816314697266,76.09818267822266,74.84940338134766,73.55876922607422,72.67325592041016,72.27959442138672,72.23313903808594,72.55586242675781,73.5514144897461,75.28926849365234,77.42054748535156,79.50924682617188,80.95536041259766,81.50955200195312,81.9638442993164,83.04678344726562,84.563232421875,86.0830307006836,87.59944152832031,89.34864044189453,91.4178237915039,93.62926483154297,95.63031005859375,97.20404815673828,98.32242584228516,99.15731048583984,99.60813903808594,99.47274017333984,99.1116714477539,98.57768249511719,97.69396209716797,97.25325012207031,97.11666870117188,95.70490264892578,92.52699279785156,89.65116119384766,89.05982971191406,90.07461547851562,90.96871185302734,90.62750244140625,89.72464752197266
79.78849029541016,78.28610229492188,77.40052032470703,77.2889404296875,76.82405853271484,75.37957000732422,73.82435607910156,73.13778686523438,73.43330383300781,73.67235565185547,73.30733489990234,73.53072357177734,75.06108856201172,77.26891326904297,79.51234436035156,81.24954223632812,82.23973083496094,83.09835815429688,84.30564880371094,85.65310668945312,87.03131866455078,88.5854721069336,90.17587280273438,91.5338134765625,92.75005340576172,94.274169921875,96.21593475341797,97.97510528564453,99.02625274658203,99.33209228515625,99.11933898925781,98.45474243164062,97.11958312988281,95.61123657226562,95.22000885009766,95.27470397949219,93.72842407226562,90.61604309082031,88.3431625366211,88.20968627929688,88.8254165649414,88.6170883178711,87.93534851074219,87.2673568725586
79.63179779052734,78.45038604736328,77.8222427368164,78.02561950683594,77.87098693847656,76.37066650390625,74.34496307373047,73.45635223388672,74.1552734375,74.72270965576172,74.0256576538086,73.5235595703125,74.42951965332031,76.37278747558594,78.86405944824219,81.39897918701172,83.33685302734375,84.58846282958984,85.36770629882812,86.03531646728516,87.13069915771484,88.78267669677734,90.30075073242188,91.12583923339844,91.72349548339844,92.95264434814453,95.0370864868164,97.20421600341797,98.60072326660156,99.0245590209961,98.871826171875,98.02307891845703,96.2017593383789,94.38701629638672,94.0316390991211,94.0235366821289,92.31973266601562,89.38987731933594,87.2885971069336,87.05730438232422,86.91436004638672,86.54413604736328,85.82220458984375,85.63330841064453
79.72383880615234,79.4419937133789,78.85333251953125,78.5384292602539,78.35124969482422,77.17234802246094,74.9954605102539,73.73806762695312,74.36249542236328,74.91734313964844,74.02242279052734,73.08987426757812,73.75204467773438,75.90786743164062,78.85609436035156,81.97290802001953,84.40409851074219,85.58612060546875,85.78006744384766,85.9264144897461,86.8827133178711,88.46002197265625,89.61933898925781,90.0217514038086,90.4375228881836,91.69224548339844,93.75030517578125,95.89292907714844,97.40721130371094,98.174072265625,98.41570281982422,97.5858383178711,95.41483306884766,93.39582824707031,92.91234588623047,92.86181640625,91.20072937011719,88.24724578857422,86.20132446289062,85.46269989013672,85.2318115234375,84.62286376953125,84.25672912597656,83.681884765625
79.81291198730469,79.8912124633789,79.45829010009766,78.71638488769531,78.18693542480469,77.23124694824219,75.33379364013672,74.03276062011719,74.05768585205078,73.82325744628906,72.81448364257812,72.53142547607422,73.97319793701172,76.83984375,80.08977508544922,82.87138366699219,84.68592834472656,85.31294250488281,85.25147247314453,85.51004791259766,86.56109619140625,87.75873565673828,88.30653381347656,88.46797943115234,89.10160827636719,90.62739562988281,92.6425552368164,94.37628173828125,95.62415313720703,96.69187927246094,97.33526611328125,96.38888549804688,93.82695007324219,91.70122528076172,91.38317108154297,91.37842559814453,89.75852966308594,87.0997085571289,85.27098083496094,84.09100341796875,83.48883056640625,83.40727996826172,82.37078094482422,79.95050811767578
79.36296844482422,79.13121032714844,78.76795196533203,78.5537338256836,78.21163940429688,77.1321029663086,75.41635131835938,74.177490234375,73.23188018798828,71.67050170898438,71.10297393798828,72.73802947998047,75.5401382446289,78.61344146728516,81.28156280517578,83.03284454345703,83.89024353027344,84.1338882446289,84.33008575439453,85.14822387695312,86.32781982421875,86.84549713134766,86.65546417236328,86.78009796142578,87.79694366455078,89.47787475585938,91.15203857421875,92.24054718017578,93.00877380371094,94.17781066894531,95.02515411376953,93.85302734375,91.13693237304688,89.32476043701172,89.33988189697266,89.48328399658203,88.1878662109375,86.23849487304688,84.42704772949219,82.96330261230469,82.08564758300781,81.05613708496094,78.38847351074219,73.90547943115234
78.02985382080078,77.8021240234375,77.96868896484375,78.40921783447266,78.38571166992188,77.45394134521484,75.9852294921875,74.32192993164062,71.97911834716797,69.57623291015625,70.17671966552734,73.52307891845703,76.9862060546875,79.5083236694336,81.18146514892578,82.15459442138672,82.7469711303711,83.2752456665039,83.9252700805664,84.96331024169922,85.8803939819336,85.73088073730469,85.03192901611328,85.11078643798828,86.11579895019531,87.38562774658203,88.35289001464844,88.79682922363281,89.25707244873047,90.61975860595703,91.78298950195312,90.67904663085938,88.25023651123047,87.05648803710938,87.37924194335938,87.5989990234375,86.68577575683594,85.40723419189453,83.7640380859375,82.08453369140625,80.03984832763672,76.83238983154297,71.58350372314453,65.09464263916016
77.89192962646484,77.53378295898438,77.6988525390625,78.09907531738281,78.27006530761719,77.87982940673828,76.53125762939453,73.5933609008789,70.07396697998047,68.5440902709961,70.58871459960938,74.4041519165039,77.51892852783203,79.26636505126953,80.21160125732422,81.12156677246094,82.1941146850586,83.2535400390625,84.10320281982422,84.6026382446289,84.6018295288086,83.8816909790039,83.02555084228516,83.01567077636719,83.69251251220703,84.35200500488281,84.61968994140625,84.57156372070312,85.09674835205078,86.94174194335938,88.5438232421875,87.78438568115234,85.9166030883789,85.38386535644531,85.86172485351562,85.89947509765625,85.00234985351562,84.23921966552734,82.66364288330078,80.26347351074219,76.56495666503906,70.4561538696289,63.144161224365234,56.51192092895508
79.39523315429688,78.31820678710938,77.46812438964844,77.15267944335938,77.28315734863281,77.4111557006836,76.04539489746094,71.89274597167969,68.05033874511719,68.52698516845703,72.08069610595703,75.57032012939453,77.72557067871094,78.747314453125,79.3521957397461,80.43830871582031,81.96537780761719,83.23981475830078,84.01392364501953,83.829345703125,82.47967529296875,80.91032409667969,80.21380615234375,80.66735076904297,81.50563049316406,81.90896606445312,81.75572204589844,81.32516479492188,81.74083709716797,83.64402770996094,85.33959197998047,85.084228515625,83.89118957519531,83.79399108886719,84.55467224121094,84.17278289794922,83.05419158935547,81.89202117919922,80.83065032958984,77.44600677490234,70.20256042480469,62.2404899597168,56.81573486328125,53.122100830078125
