data/wind_data/wind_42_1.json
{"header": {"parameterUnit": "KT", "parameterCategory": 2, "nx": 256, "ny": 198, "lo1": 44.73521041870117, "la1": -3.236724853515625, "lo2": 111.26478576660156, "la2": 43.468475341796875, "dx": 0.2609002888202667, "dy": -0.23708222806453705, "refTime": "2025-02-20 18:00:00", "forecastTime": 0, "parameterNumber": 2, "parameterNumberName": "eastward_wind"}, "data":
[rows 171 to 189 of 198, columns 86 to 128 of 256]
-11.58687686920166,-5.258967876434326,1.4814192056655884,3.267040967941284,-6.829599380493164,-6.740978717803955,-1.3127144575119019,-4.933576583862305,-10.188931465148926,-9.674524307250977,-9.795576095581055,-20.187166213989258,-14.867561340332031,-6.961002826690674,-3.906128406524658,-7.092636585235596,-12.554373741149902,-15.624542236328125,-12.878752708435059,-7.969457626342773,-4.38421630859375,-0.10432017594575882,3.2057719230651855,5.08175802230835,4.501736164093018,4.970564365386963,6.35059928894043,-1.8704136610031128,-5.226286888122559,-2.6414237022399902,-2.7474989891052246,4.324963569641113,6.724874973297119,5.1450395584106445,-2.988015651702881,-1.3718384504318237,-0.4239659905433655,6.1934123039245605,6.590334415435791,6.908626556396484,5.8912577629089355,1.851788878440857,0.32670414447784424
-16.070159912109375,-4.214851379394531,2.551504135131836,0.9220491051673889,-1.9914923906326294,-1.107433795928955,-1.4406391382217407,-4.749624252319336,-9.069570541381836,-8.183895111083984,-8.283733367919922,-15.950152397155762,-12.803125381469727,-8.07524299621582,-10.088457107543945,-14.029670715332031,-6.887471675872803,-4.485027313232422,-11.1747465133667,-7.812760353088379,-2.8884873390197754,3.608872652053833,0.41292819380760193,-3.959399938583374,-0.31788182258605957,5.922516822814941,7.622320652008057,0.0027337356004863977,-4.193110466003418,0.6502401232719421,-2.276304244995117,3.944518566131592,4.6626176834106445,4.614790439605713,1.6131854057312012,3.098341226577759,5.126306056976318,7.37206506729126,6.112220764160156,6.6450982093811035,6.157873630523682,2.2037875652313232,0.4511324465274811
-16.260860443115234,-8.674115180969238,-0.18164940178394318,-1.995269536972046,-2.7908122539520264,-1.3793959617614746,-2.3544185161590576,-5.223268985748291,-5.602237701416016,-4.920578956604004,-2.9270427227020264,-7.399594783782959,-13.460310935974121,-12.446147918701172,-10.828609466552734,-10.540475845336914,-7.133053302764893,-3.809666633605957,-8.720020294189453,-8.30477237701416,-0.8380116820335388,6.648159503936768,4.966238498687744,-1.936924934387207,1.8164206743240356,6.650361061096191,8.34864616394043,2.6054861545562744,2.733205556869507,0.6082577109336853,1.1933763027191162,-1.1785012483596802,2.5203146934509277,5.213597774505615,6.510876178741455,7.399660110473633,6.486754894256592,7.67081880569458,6.410630702972412,5.911745071411133,4.234887599945068,1.4185243844985962,0.3704792857170105
-14.628931045532227,-12.384925842285156,-4.545415878295898,-3.9606406688690186,-2.733759880065918,3.1401591300964355,0.6127850413322449,-4.762181758880615,-2.994887351989746,-3.1117777824401855,1.2592426538467407,4.330592632293701,-7.867201328277588,-12.388349533081055,-6.586141586303711,-5.8920793533325195,-6.466952800750732,-6.598742961883545,-4.705686569213867,-1.5550322532653809,-1.313803791999817,-3.17055606842041,2.835728645324707,6.2792582511901855,1.863324761390686,-0.4616316258907318,10.527203559875488,10.564372062683105,2.734283447265625,-0.3250863552093506,3.1700220108032227,-0.5310513973236084,2.410954236984253,6.7374267578125,9.240912437438965,9.428924560546875,7.446369647979736,7.192849159240723,6.276732444763184,5.43954610824585,2.2064075469970703,-0.6188271045684814,-0.7040315270423889
-12.99122142791748,-10.162922859191895,-5.706366062164307,-4.37152099609375,-1.3635365962982178,8.294300079345703,-0.4667617678642273,-8.371114730834961,-3.897449493408203,-5.394528865814209,1.657397747039795,4.516976833343506,-1.8684457540512085,-3.831435203552246,-3.7312352657318115,-5.209341049194336,-5.020195484161377,-5.544524669647217,-3.759831666946411,0.2713693380355835,-2.915654420852661,-5.4483842849731445,2.560763120651245,9.996087074279785,3.2583093643188477,3.3575663566589355,12.277487754821777,12.918614387512207,2.764742851257324,6.097967624664307,3.1368424892425537,2.397195816040039,5.157419681549072,7.396643161773682,8.774368286132812,8.0125150680542,6.8018622398376465,6.789446830749512,6.166362762451172,3.8014514446258545,0.16117753088474274,-1.6455129384994507,-1.2093756198883057
-7.79218864440918,-6.297699451446533,-4.331892490386963,-4.798174858093262,-3.691697359085083,2.4690988063812256,-6.39636754989624,-5.929383754730225,-5.059131622314453,-6.580524921417236,-1.2479710578918457,0.41461217403411865,-0.6514731049537659,0.9539170265197754,1.773663878440857,-2.997718334197998,-3.092665910720825,-3.5406084060668945,-3.1589183807373047,1.0809921026229858,-1.0109418630599976,-2.3623199462890625,2.4041125774383545,6.281214714050293,6.10646390914917,9.917574882507324,13.278216361999512,9.859763145446777,6.189251899719238,4.231482028961182,3.655017137527466,6.090264797210693,5.856889247894287,4.98814582824707,5.234513759613037,5.51546573638916,5.468268394470215,5.690690040588379,5.411908149719238,2.7287278175354004,-0.4839382767677307,-1.6404720544815063,-0.8992631435394287
-3.4578778743743896,-6.9901018142700195,-6.567937850952148,-5.903741359710693,-4.8086042404174805,-2.640012264251709,-2.0832736492156982,0.649181067943573,-1.9862200021743774,-3.342621326446533,-1.3613758087158203,-1.171216368675232,-1.0371365547180176,3.435201644897461,6.2425994873046875,-2.0038135051727295,-0.9949477910995483,2.78029465675354,6.158614635467529,4.550081729888916,1.4933006763458252,0.2095947563648224,2.4002537727355957,4.276615619659424,3.573986291885376,7.5358123779296875,9.119659423828125,5.114938735961914,3.034506320953369,4.196798801422119,6.778247356414795,5.616145133972168,0.44310399889945984,-1.0500272512435913,-0.03765362501144409,0.7635823488235474,1.430310606956482,1.6311675310134888,-0.7488657236099243,-1.1578354835510254,-0.7369416356086731,-0.9287987947463989,-0.5616528391838074
-5.307527542114258,-7.941791534423828,-7.304055690765381,-2.3256683349609375,-0.966382622718811,-0.7804379463195801,1.0842221975326538,2.196274757385254,-0.22925519943237305,-0.977146327495575,-0.28030359745025635,-0.1884961575269699,0.4132140576839447,2.332507610321045,3.369617462158203,-1.429627537727356,-0.8200019598007202,2.89092755317688,8.129916191101074,5.53516149520874,0.5162481665611267,5.150770664215088,5.963881492614746,4.618582248687744,3.5419938564300537,6.315212249755859,6.15627908706665,-0.63091641664505,-1.2045198678970337,3.1505608558654785,3.079404830932617,0.15136471390724182,-2.5765583515167236,-1.2396425008773804,-0.4967149496078491,-1.415341854095459,-2.5317256450653076,-5.848913669586182,-6.268313407897949,-2.7178659439086914,0.3792320489883423,1.6713544130325317,1.0506703853607178
-8.359004974365234,-4.893843650817871,-3.2801530361175537,-0.26989564299583435,0.6795926690101624,-0.24866639077663422,0.47647011280059814,1.241213083267212,-0.15659505128860474,-0.6820715665817261,-0.6831417083740234,-0.7979190945625305,0.44281721115112305,1.3845824003219604,1.285932183265686,-1.0698548555374146,-0.6108508706092834,1.5544317960739136,3.7230618000030518,3.3581860065460205,2.2477266788482666,5.174113750457764,3.378814458847046,2.3474245071411133,1.9641900062561035,-0.16985861957073212,2.0739622116088867,3.7261109352111816,-1.5824222564697266,-3.449631929397583,-0.22717337310314178,-1.0123130083084106,-0.5381520390510559,0.5640408396720886,0.7106345891952515,-1.375532865524292,-2.353571653366089,-5.062605857849121,-6.471547603607178,-2.952087163925171,0.547071635723114,2.2531912326812744,1.666597604751587
-8.713855743408203,-2.5357344150543213,2.833585739135742,3.687053680419922,2.2289822101593018,0.48768743872642517,-0.3850266635417938,0.8461748957633972,0.9230462312698364,-1.6321775913238525,-2.150548219680786,-1.8727282285690308,-0.409305602312088,0.9157769680023193,1.0861128568649292,-0.8199253678321838,0.10514327883720398,1.889567494392395,2.3961005210876465,1.8175495862960815,2.253509521484375,2.6933140754699707,2.4828641414642334,2.22754168510437,1.0107990503311157,-1.5388907194137573,2.719959020614624,4.639913082122803,-5.6699981689453125,-6.799402236938477,1.4427086114883423,0.31096261739730835,0.8999297618865967,1.8642715215682983,2.2536792755126953,1.108978509902954,0.26281094551086426,-0.9548524618148804,-2.926924705505371,-2.48339581489563,1.720693588256836,2.659468650817871,1.4470114707946777
-4.257535457611084,-0.613745391368866,3.4341490268707275,3.339878559112549,1.023695707321167,1.2299996614456177,1.6032904386520386,1.3119406700134277,-5.851955413818359,-10.164010047912598,-7.703954219818115,-3.843501567840576,-0.28587761521339417,1.1413911581039429,2.615070104598999,2.4598309993743896,3.284870147705078,4.12854528427124,2.7220382690429688,0.972650408744812,1.0859438180923462,0.8437274694442749,0.7696397304534912,1.5402756929397583,0.8571464419364929,-1.5093529224395752,0.6956342458724976,-3.543825626373291,-8.185285568237305,-4.632131099700928,1.7330853939056396,-0.05838433653116226,1.0881315469741821,1.2849822044372559,2.2584288120269775,2.7103164196014404,2.857560873031616,2.974130868911743,1.9249688386917114,0.8294996023178101,1.793275237083435,2.057455539703369,0.9441116452217102
-0.47374969720840454,0.9197381138801575,1.4485527276992798,-2.13932204246521,-2.5248143672943115,-0.7598929405212402,-0.27736225724220276,-2.4053406715393066,-9.693530082702637,-10.99685001373291,-10.850971221923828,-8.069162368774414,-2.3296096324920654,0.1358710527420044,0.9119121432304382,2.6192874908447266,3.984577178955078,4.479765892028809,4.778851509094238,3.381617784500122,2.0318522453308105,1.2184314727783203,0.13316893577575684,0.7850376963615417,-1.3384822607040405,-6.393692970275879,-6.831648349761963,-6.692917823791504,-2.470640182495117,0.9097945094108582,-0.5039206147193909,-0.8173382878303528,3.367058753967285,3.99233078956604,2.9256060123443604,0.8726766109466553,0.46492260694503784,3.204080820083618,3.65386962890625,3.2401604652404785,3.2778873443603516,1.3385534286499023,-0.8773647546768188
1.1011698246002197,-1.1871088743209839,-5.0184526443481445,-4.237013816833496,-2.4457850456237793,-0.6432197093963623,-1.636763572692871,-3.691817045211792,-7.2743611335754395,-7.3543782234191895,-8.495240211486816,-9.561140060424805,-3.67419695854187,0.7644374966621399,1.8374748229980469,-0.10036524385213852,-1.0101149082183838,-1.477742075920105,-1.5595136880874634,-2.425616502761841,-2.9978690147399902,-1.923059105873108,-4.69104528427124,-7.768101215362549,-9.807788848876953,-9.924051284790039,-8.209648132324219,-2.9096930027008057,4.094646453857422,5.175924301147461,1.5551338195800781,0.464006245136261,0.9798668622970581,4.366290092468262,6.412674903869629,3.5437395572662354,0.2676088809967041,0.9111806154251099,0.8067935109138489,2.9105324745178223,2.3880510330200195,-1.0168120861053467,-3.4407029151916504
-4.443140983581543,-6.711788177490234,-4.404088020324707,-3.0308659076690674,-2.174910306930542,-1.6139546632766724,-3.3410186767578125,-4.375411510467529,-6.6564741134643555,-9.879949569702148,-9.715184211730957,-10.533672332763672,-7.274414539337158,-0.2991066873073578,2.1182355880737305,2.4916279315948486,1.7183220386505127,0.6664769053459167,0.042915377765893936,-3.4292948246002197,-6.661864757537842,-5.567986488342285,-6.9681620597839355,-11.155229568481445,-11.428257942199707,-9.75617504119873,-5.049002170562744,1.4079604148864746,2.956757068634033,-0.14092807471752167,1.7267143726348877,1.1314729452133179,-1.0222899913787842,1.6700259447097778,2.574270009994507,4.293142318725586,3.5446841716766357,0.3681046962738037,0.19604749977588654,0.8585824370384216,-1.9405317306518555,-5.034389972686768,-4.644657135009766
-7.228166580200195,-6.034286022186279,-3.995281934738159,-2.484339952468872,-3.8807365894317627,-4.752943992614746,-4.74041748046875,-5.236782073974609,-7.246748924255371,-11.476032257080078,-11.7295560836792,-11.097609519958496,-8.543635368347168,-3.3802785873413086,1.999551773071289,4.8671135902404785,4.500112056732178,1.9450803995132446,0.5479754209518433,-3.9298171997070312,-6.435511589050293,-6.396335124969482,-6.267739295959473,-8.769827842712402,-10.577896118164062,-7.1944899559021,-1.5209227800369263,2.0178446769714355,1.4034841060638428,3.64066481590271,1.9696531295776367,-0.9345149397850037,0.5883505940437317,2.7170002460479736,3.270089626312256,4.348237991333008,2.3447272777557373,0.5733556151390076,2.1710143089294434,0.5152511596679688,-4.327798843383789,-6.1914143562316895,-3.749133825302124
-8.130044937133789,-6.1558661460876465,-3.5673201084136963,-2.850226402282715,-5.44442081451416,-5.869412422180176,-4.766975402832031,-5.319385051727295,-7.0819854736328125,-12.381484031677246,-12.208501815795898,-10.925285339355469,-8.880354881286621,-5.626338958740234,1.4722392559051514,6.39752721786499,4.950417518615723,1.5283572673797607,0.13976852595806122,-4.1245622634887695,-7.421031475067139,-6.964906215667725,-7.1098151206970215,-7.196805000305176,-6.791364669799805,-0.45044994354248047,1.513800024986267,-0.8676988482475281,0.41839882731437683,1.7802690267562866,0.22135299444198608,-3.6745145320892334,2.811962842941284,2.4574427604675293,2.796643018722534,-1.073394775390625,-5.608219146728516,-1.8907216787338257,-0.04795616865158081,-0.33853670954704285,-1.1554476022720337,-3.2679035663604736,-3.5205230712890625
-7.5962700843811035,-5.8045454025268555,-3.7696285247802734,-3.8046388626098633,-6.2586469650268555,-6.142908096313477,-5.2548651695251465,-5.556370258331299,-8.562146186828613,-11.852992057800293,-11.832877159118652,-10.495362281799316,-7.35336446762085,-3.8962085247039795,0.11277246475219727,3.2346274852752686,1.1203495264053345,1.538901686668396,0.1584576517343521,-4.298102855682373,-7.48023796081543,-6.056556701660156,-5.420126914978027,-4.584078788757324,-4.546045303344727,-2.927325963973999,-4.265793323516846,-4.2038254737854,-6.208522319793701,-5.584750652313232,-3.682309150695801,-3.741478681564331,-1.9933865070343018,-1.4274287223815918,-5.905277729034424,-10.548670768737793,-7.631276607513428,-5.1010284423828125,-5.2335944175720215,-5.917201995849609,-5.861581802368164,-7.709146022796631,-4.175863265991211
-7.753683090209961,-5.394932746887207,-2.9925835132598877,-3.6268324851989746,-6.375465393066406,-6.424952507019043,-5.338882923126221,-5.776007175445557,-9.781545639038086,-14.055764198303223,-13.188292503356934,-13.27975082397461,-12.310994148254395,-5.784855365753174,-4.269442081451416,-7.775339126586914,-7.1725287437438965,-0.969581663608551,-0.9378828406333923,-5.343894958496094,-4.190273761749268,-0.49413400888442993,-1.652404546737671,-2.3726484775543213,-5.115054607391357,-10.302703857421875,-9.38110065460205,-2.4916720390319824,-2.9941534996032715,-8.693215370178223,-11.943134307861328,-10.306164741516113,-4.904623508453369,-4.8334197998046875,-9.598749160766602,-9.773183822631836,-7.359277725219727,-6.628515720367432,-9.880706787109375,-9.679635047912598,-7.545614242553711,-10.072646141052246,-8.645310401916504
-6.88238000869751,-5.073849678039551,-3.401256799697876,-3.5894439220428467,-5.160314083099365,-5.598106384277344,-5.0945820808410645,-4.877121448516846,-6.844972610473633,-11.638254165649414,-14.493697166442871,-14.577409744262695,-11.629962921142578,-8.624443054199219,-8.141526222229004,-6.548185348510742,-6.558143615722656,-4.7070441246032715,-3.645228147506714,-5.5170369148254395,-3.3045053482055664,-2.0592970848083496,-6.94416618347168,-8.16849422454834,-9.40155029296875,-11.177007675170898,-12.048184394836426,-8.49467658996582,-3.4031362533569336,-4.6329264640808105,-12.666312217712402,-9.65612506866455,-0.46767908334732056,-2.12995982170105,-10.078218460083008,-9.97037410736084,-7.276434421539307,-5.3196635246276855,-6.545499801635742,-6.084423065185547,-4.400681495666504,-5.089258193969727,-7.974968910217285
