data/wind_data/wind_61_9.json
{"header": {"parameterUnit": "KT", "parameterCategory": 2, "nx": 256, "ny": 198, "lo1": 44.73521041870117, "la1": -3.236724853515625, "lo2": 111.26478576660156, "la2": 43.468475341796875, "dx": 0.2609002888202667, "dy": -0.23708222806453705, "refTime": "2025-02-21 13:00:00", "forecastTime": 0, "parameterNumber": 2, "parameterNumberName": "eastward_wind"}, "data":
[rows 114 to 132 of 198, columns 129 to 171 of 256]
-5.568606853485107,-5.338961601257324,-5.574568271636963,-5.549782752990723,-4.8055033683776855,-2.9322497844696045,-0.703123927116394,0.6804419159889221,0.2003594934940338,-1.418312907218933,-2.5384092330932617,-3.2403688430786133,-3.5614097118377686,-3.9694771766662598,-4.574011325836182,-4.415560722351074,-3.3587183952331543,-2.1255669593811035,-1.086824655532837,-0.2948092818260193,-0.6865518093109131,-2.203084707260132,-2.98152756690979,-2.2673399448394775,-0.4657258689403534,1.333066701889038,2.348134994506836,2.610809326171875,2.210998296737671,1.3533220291137695,0.7440782189369202,0.8928273916244507,1.7175004482269287,2.8490257263183594,4.006638526916504,5.040637016296387,5.743720054626465,6.133857727050781,6.754971981048584,7.827523708343506,9.082878112792969,10.240108489990234,11.3613862991333
-5.597535610198975,-4.637683868408203,-4.059473037719727,-3.4094393253326416,-2.523920774459839,-1.1196643114089966,0.6126566529273987,1.3334064483642578,-0.08201553672552109,-2.0888192653656006,-3.6195461750030518,-4.880504608154297,-5.439213752746582,-5.100052833557129,-4.402629375457764,-3.3500146865844727,-1.9187030792236328,-0.6957813501358032,-0.08299610018730164,0.2536638379096985,0.2510097026824951,-0.6517684459686279,-1.9216804504394531,-2.504682779312134,-1.4713948965072632,0.5977091193199158,2.3855559825897217,3.0750648975372314,3.0074570178985596,2.687615156173706,2.473116397857666,2.9883759021759033,3.898249864578247,4.580898761749268,4.8737688064575195,4.912785053253174,4.7360615730285645,4.550856113433838,4.9040398597717285,6.055065155029297,7.807365894317627,9.673358917236328,11.213399887084961
-5.869974136352539,-5.314732551574707,-5.048503398895264,-4.519337177276611,-3.423227071762085,-2.0531089305877686,-0.8980197310447693,-0.7236552834510803,-1.838224172592163,-3.6114373207092285,-5.421878814697266,-6.417629241943359,-6.391791820526123,-5.320131301879883,-3.675217628479004,-2.46205472946167,-1.5371100902557373,-0.5760195255279541,0.2895851135253906,0.8920570015907288,0.947998046875,0.1000748723745346,-1.4678821563720703,-2.704423189163208,-2.42277455329895,-0.9477446675300598,0.7164844870567322,1.7314363718032837,2.108370304107666,2.34263014793396,2.8704869747161865,3.92341685295105,4.869268417358398,5.103239059448242,4.4891276359558105,3.8785150051116943,3.475576639175415,3.1801369190216064,3.3806188106536865,4.416297435760498,6.036239147186279,8.093527793884277,10.110556602478027
-5.61232328414917,-6.381805419921875,-7.4095139503479,-7.880792617797852,-7.12601900100708,-5.61950159072876,-4.318403244018555,-3.742907762527466,-4.111599922180176,-5.517776012420654,-6.968724250793457,-7.135624885559082,-6.391198635101318,-5.365212440490723,-4.276913642883301,-3.4519400596618652,-2.72672176361084,-1.5035003423690796,-0.0008763564983382821,0.8692136406898499,0.8957987427711487,-0.12555541098117828,-1.6519973278045654,-2.3240678310394287,-2.2432823181152344,-1.7360334396362305,-0.7976458668708801,0.27971476316452026,1.135292649269104,1.995579719543457,3.150867223739624,3.884209394454956,3.9075567722320557,3.6528735160827637,3.3161027431488037,3.088540554046631,2.942897081375122,2.822307586669922,3.070357084274292,3.7630951404571533,4.555130481719971,6.274817943572998,9.026382446289062
-5.182728290557861,-7.133090496063232,-9.178194999694824,-10.01336669921875,-9.240134239196777,-7.9337053298950195,-7.096641540527344,-6.443146705627441,-6.05420446395874,-6.586465835571289,-7.221071720123291,-6.843912124633789,-6.124637126922607,-5.772113800048828,-5.710956573486328,-5.446806907653809,-4.35349702835083,-2.3776724338531494,-0.7904152274131775,-0.4450919032096863,-0.6075229048728943,-0.9005008339881897,-0.6420909762382507,0.05134846642613411,0.0672604963183403,-0.2987107038497925,-0.21660329401493073,0.6262033581733704,1.7841565608978271,2.966644525527954,3.7409300804138184,3.2022554874420166,2.2127323150634766,1.9229203462600708,2.1810638904571533,2.8994312286376953,3.3875200748443604,3.3719394207000732,3.4840612411499023,4.012460231781006,4.727278709411621,6.435867786407471,9.485745429992676
-4.877035140991211,-7.337275981903076,-9.9703950881958,-11.092745780944824,-10.660322189331055,-9.831733703613281,-8.879565238952637,-7.653952121734619,-6.771409511566162,-6.576269626617432,-6.433129787445068,-6.039492607116699,-6.0201640129089355,-6.578668117523193,-7.1634931564331055,-7.051627159118652,-5.8257975578308105,-4.087095737457275,-3.1910409927368164,-3.0215115547180176,-2.328856945037842,-0.7550503015518188,1.406830906867981,3.41701340675354,3.8006742000579834,3.072148323059082,2.4977216720581055,2.61136531829834,3.2936553955078125,3.844863176345825,3.5176167488098145,2.388462781906128,0.7305912375450134,-0.1948576271533966,0.41229453682899475,1.7062196731567383,2.8450570106506348,3.065100908279419,2.850806713104248,3.8064804077148438,5.977442741394043,8.879220008850098,11.03009033203125
-4.8423309326171875,-7.933363437652588,-11.284807205200195,-12.510687828063965,-11.558516502380371,-10.010422706604004,-8.535211563110352,-7.488574504852295,-6.976690769195557,-6.56531286239624,-6.025784492492676,-5.763563632965088,-6.188843250274658,-7.099557876586914,-7.607814311981201,-7.283773899078369,-6.6479082107543945,-6.462499141693115,-6.238824844360352,-5.0357794761657715,-2.9210054874420166,-0.3756294250488281,2.7749457359313965,5.98402738571167,7.263574600219727,6.821269989013672,5.727568626403809,5.004758834838867,4.494624137878418,3.7897751331329346,3.078735828399658,2.0750763416290283,-0.5265677571296692,-2.00276780128479,-1.4059860706329346,-0.19938626885414124,1.1526583433151245,1.9020533561706543,2.1365928649902344,4.149988174438477,7.613234043121338,10.714194297790527,11.575946807861328
-5.678498268127441,-9.212573051452637,-12.31672191619873,-12.397932052612305,-10.781469345092773,-9.265135765075684,-8.237174034118652,-7.718806266784668,-7.266575813293457,-6.789309024810791,-6.4446892738342285,-6.508089542388916,-6.964789867401123,-7.315560340881348,-7.123858451843262,-7.047863006591797,-7.958070755004883,-8.788481712341309,-7.700454235076904,-5.17377233505249,-2.685889720916748,0.021570945158600807,3.723328113555908,7.058639049530029,8.347846984863281,8.310171127319336,7.27856969833374,6.0198893547058105,4.723972320556641,3.699282646179199,3.275672435760498,2.5017096996307373,-0.28352710604667664,-1.6392418146133423,-0.800215482711792,0.18676750361919403,1.2963141202926636,2.1829185485839844,2.784865617752075,6.009081840515137,10.556742668151855,12.108048439025879,10.814789772033691
-8.30813980102539,-10.603499412536621,-10.945537567138672,-10.036235809326172,-9.567708969116211,-9.36520767211914,-9.008258819580078,-8.511063575744629,-7.805618762969971,-7.500069618225098,-7.69545316696167,-8.035287857055664,-8.232381820678711,-7.928279399871826,-7.853602886199951,-9.106576919555664,-10.6270751953125,-10.209869384765625,-7.735782623291016,-5.111872673034668,-2.9135992527008057,-0.26985254883766174,2.9608945846557617,4.800660133361816,5.4753570556640625,5.699141502380371,5.447409629821777,5.035142421722412,4.46356725692749,4.064443588256836,3.931450843811035,4.0280303955078125,2.189318895339966,0.8566164970397949,1.1501294374465942,2.3769195079803467,3.831834554672241,4.835760116577148,4.224433422088623,6.922675609588623,12.603864669799805,14.515111923217773,10.447527885437012
-9.644577026367188,-9.785632133483887,-8.355340003967285,-7.633656024932861,-8.457993507385254,-9.761452674865723,-10.1797513961792,-9.551894187927246,-8.850445747375488,-8.958024978637695,-9.55103588104248,-9.841811180114746,-9.7821044921875,-9.7291841506958,-10.490340232849121,-11.87137508392334,-12.26584243774414,-10.50390625,-7.291358947753906,-4.685572147369385,-3.1211962699890137,-1.6501742601394653,-0.12108192592859268,0.12429951876401901,0.6393229961395264,1.583243727684021,2.7388858795166016,3.350844144821167,3.9083034992218018,4.312062740325928,3.974815607070923,4.86047887802124,5.313685894012451,4.27219820022583,2.0820696353912354,2.5059292316436768,4.900416374206543,7.646368503570557,6.665568828582764,7.232128620147705,11.905086517333984,14.798800468444824,11.170206069946289
-8.484857559204102,-7.860963344573975,-7.223936557769775,-7.508718967437744,-9.08185863494873,-10.754342079162598,-10.978497505187988,-10.706305503845215,-10.556958198547363,-11.191575050354004,-12.052794456481934,-12.0801420211792,-11.750544548034668,-11.823333740234375,-12.516178131103516,-13.180213928222656,-13.072977066040039,-10.890446662902832,-6.2881951332092285,-4.180601119995117,-2.900782346725464,-1.2847886085510254,-1.1005738973617554,-1.999515175819397,-1.909090518951416,-1.063628911972046,0.24228918552398682,1.633436918258667,3.1591591835021973,4.1586761474609375,3.332685708999634,3.084805727005005,6.604992866516113,7.390754699707031,4.341712474822998,2.4621407985687256,4.085872173309326,7.379275321960449,8.39255428314209,8.325692176818848,11.035310745239258,14.492630004882812,12.55126953125
-7.522017478942871,-7.585759162902832,-8.434557914733887,-9.678638458251953,-11.570769309997559,-12.86509895324707,-12.391430854797363,-12.316102027893066,-12.849774360656738,-13.80510425567627,-14.465250968933105,-14.491485595703125,-14.358108520507812,-14.341222763061523,-14.166338920593262,-14.295801162719727,-15.271777153015137,-11.884870529174805,-6.976796627044678,-5.4143548011779785,-2.6072380542755127,0.8237256407737732,0.4987795352935791,-0.3536854386329651,-0.8903880715370178,-1.0819023847579956,-0.8523889183998108,0.29423052072525024,2.4997706413269043,4.362425804138184,3.8988640308380127,2.785496234893799,4.567046165466309,8.174105644226074,7.187376022338867,4.772402286529541,4.518686294555664,6.447128772735596,8.37800407409668,9.47952651977539,11.40211009979248,15.082259178161621,14.642526626586914
-7.219448089599609,-8.638219833374023,-10.597440719604492,-11.93384075164795,-13.139355659484863,-13.932621002197266,-13.207090377807617,-13.006210327148438,-14.226118087768555,-14.943511962890625,-14.553801536560059,-14.195741653442383,-14.375585556030273,-14.802936553955078,-14.725614547729492,-15.557516098022461,-17.474637985229492,-10.819479942321777,-5.333737850189209,-2.189890146255493,-1.164483904838562,0.16685041785240173,1.0278857946395874,1.1449594497680664,0.6959794163703918,0.6919723749160767,0.3735007345676422,0.12025976926088333,1.2948657274246216,3.8655753135681152,5.065337181091309,4.485949993133545,3.896811008453369,5.319706916809082,8.103195190429688,8.44555377960205,7.409659385681152,7.8081889152526855,9.09064769744873,10.447999954223633,12.06006908416748,14.768108367919922,15.583412170410156
-7.269556045532227,-9.784162521362305,-11.685449600219727,-12.09461498260498,-12.754766464233398,-13.709282875061035,-12.757621765136719,-12.315293312072754,-13.590622901916504,-14.41058349609375,-14.08152961730957,-13.376629829406738,-13.014289855957031,-13.014663696289062,-13.46078109741211,-15.195341110229492,-15.762084007263184,-8.169363021850586,-1.6203457117080688,-1.4185365438461304,-1.1521446704864502,-0.632653534412384,0.6221179962158203,2.266444444656372,2.1616995334625244,2.070378303527832,2.1283745765686035,1.4387105703353882,0.8259740471839905,2.505070924758911,5.470887184143066,6.364267826080322,5.607832431793213,5.352226734161377,7.268710613250732,10.172539710998535,10.68785572052002,10.362998008728027,11.01244831085205,12.029356002807617,13.115180015563965,14.210588455200195,14.94963264465332
-7.785438060760498,-10.425152778625488,-11.445706367492676,-11.350335121154785,-12.358747482299805,-13.53292179107666,-12.19408130645752,-11.087178230285645,-11.342207908630371,-11.663182258605957,-12.168891906738281,-12.712302207946777,-13.155966758728027,-13.16629695892334,-13.421870231628418,-14.646102905273438,-13.008258819580078,-5.705343246459961,-0.8398032188415527,-0.6492919325828552,-0.5826928615570068,-0.7883079051971436,-0.18718725442886353,1.6781847476959229,3.01335072517395,2.8847079277038574,3.111494779586792,3.148374319076538,2.3320107460021973,2.3453173637390137,5.321659564971924,8.223470687866211,8.55185317993164,8.474974632263184,9.294650077819824,10.605487823486328,11.349191665649414,11.11998176574707,11.585978507995605,12.918473243713379,13.87569522857666,14.259481430053711,13.698311805725098
-8.503005027770996,-10.449129104614258,-10.732260704040527,-10.73905086517334,-11.6935453414917,-12.721513748168945,-11.732138633728027,-10.270692825317383,-9.647114753723145,-9.538761138916016,-10.315988540649414,-11.34762191772461,-11.646078109741211,-11.09417724609375,-11.18471622467041,-12.415943145751953,-9.516021728515625,-3.039097309112549,-1.1186611652374268,-0.9979708790779114,0.7190744876861572,0.2953541576862335,0.25140705704689026,1.1355996131896973,3.2998602390289307,4.438957214355469,4.764092445373535,5.1043829917907715,5.080404281616211,4.742905616760254,6.078372001647949,8.792571067810059,10.609370231628418,11.468775749206543,12.3368558883667,12.621771812438965,11.87635612487793,10.94847583770752,10.719466209411621,11.87315559387207,13.504934310913086,13.992874145507812,13.50200080871582
-8.763768196105957,-10.038348197937012,-10.326580047607422,-10.675044059753418,-11.283036231994629,-11.9317045211792,-11.34771728515625,-9.751138687133789,-8.747852325439453,-8.745423316955566,-9.967537879943848,-11.175860404968262,-10.67042064666748,-8.337886810302734,-7.034286975860596,-8.286567687988281,-7.639787197113037,-4.2509541511535645,-1.8101600408554077,-0.5575806498527527,-0.09563204646110535,0.6140280961990356,1.228890061378479,1.9115402698516846,3.4533586502075195,4.986518859863281,5.744054317474365,6.576816558837891,7.411649703979492,8.06098461151123,8.839406967163086,9.856019973754883,11.011136054992676,12.08680248260498,13.241897583007812,13.560714721679688,12.300049781799316,10.588638305664062,9.824288368225098,10.491976737976074,12.29590892791748,13.5205078125,13.608282089233398
-7.793979644775391,-9.007482528686523,-9.912738800048828,-10.700821876525879,-11.849570274353027,-12.752074241638184,-11.516741752624512,-9.575620651245117,-8.365299224853516,-8.834997177124023,-10.691522598266602,-11.496408462524414,-9.939291000366211,-7.855413436889648,-7.522668838500977,-8.76498031616211,-8.762877464294434,-6.197961807250977,-3.2528433799743652,-1.6589992046356201,-1.9762804508209229,-0.814566969871521,1.3521796464920044,2.752795934677124,3.89113187789917,4.7883195877075195,5.742295742034912,7.033273696899414,8.341598510742188,9.119719505310059,9.27765941619873,9.312658309936523,9.955259323120117,11.31389331817627,12.680375099182129,12.926827430725098,11.594595909118652,9.865612030029297,9.082069396972656,9.819112777709961,11.715742111206055,13.096555709838867,13.3366060256958
-6.184401035308838,-7.1198601722717285,-8.764335632324219,-10.530191421508789,-11.904044151306152,-12.320385932922363,-11.424216270446777,-10.639257431030273,-10.24594783782959,-10.602827072143555,-11.755399703979492,-11.5990571975708,-9.865297317504883,-9.255912780761719,-9.432862281799316,-9.397926330566406,-8.200319290161133,-5.763876914978027,-3.4897196292877197,-2.4953105449676514,-2.68156099319458,-1.896597981452942,-0.4202483892440796,1.3017946481704712,2.5594351291656494,3.5676605701446533,5.178016662597656,6.891631603240967,8.055625915527344,8.632986068725586,8.699798583984375,8.718977928161621,9.05189037322998,10.154985427856445,11.991691589355469,12.798251152038574,11.377998352050781,9.322881698608398,8.351509094238281,9.04378604888916,10.95306396484375,12.58873176574707,13.062633514404297
