data/wind_data/wind_11_3.json
{"header": {"parameterUnit": "KT", "parameterCategory": 2, "nx": 256, "ny": 198, "lo1": 44.73521041870117, "la1": -3.236724853515625, "lo2": 111.26478576660156, "la2": 43.468475341796875, "dx": 0.2609002888202667, "dy": -0.23708222806453705, "refTime": "2025-02-19 11:00:00", "forecastTime": 0, "parameterNumber": 2, "parameterNumberName": "eastward_wind"}, "data":
[rows 38 to 56 of 198, columns 132 to 175 of 256]
-13.050810813903809,-13.398442268371582,-13.595870018005371,-13.441238403320312,-12.488306045532227,-3.449270486831665,-4.644740581512451,-7.622313022613525,-5.504082679748535,-6.17647647857666,-4.362429141998291,-3.126220226287842,-3.0459165573120117,-2.39497971534729,-1.2221183776855469,-1.1733715534210205,-1.4267641305923462,-0.5028469562530518,0.49268707633018494,0.7697574496269226,0.7192497253417969,0.5878309011459351,0.4429243206977844,0.1283632218837738,-0.0379657968878746,-0.044025082141160965,-0.23244048655033112,-0.36008939146995544,0.007987668737769127,0.47183629870414734,0.39077672362327576,-0.07237892597913742,-0.5402466058731079,-0.9286373853683472,-0.9168189167976379,-1.1069884300231934,-1.3694369792938232,-1.6170257329940796,-1.5799673795700073,-0.8355838060379028,0.18438245356082916,0.5164726376533508,0.6366981863975525,0.8363270163536072
-13.311758041381836,-13.780252456665039,-14.754257202148438,-16.477705001831055,-17.312213897705078,-11.589595794677734,-10.15765380859375,-9.740619659423828,-7.68031644821167,-6.410031318664551,-5.510104179382324,-4.453521251678467,-3.8076629638671875,-3.21714186668396,-2.416624069213867,-2.0998034477233887,-1.7480765581130981,-0.5875729918479919,0.4189697802066803,0.4425426423549652,0.4783802330493927,0.27504000067710876,0.11756838113069534,-0.1516919732093811,-0.1879514753818512,-0.14453920722007751,-0.37614724040031433,-0.4779303967952728,-0.1201484277844429,0.520495593547821,0.6425853967666626,0.16152337193489075,-0.15612809360027313,-0.505276620388031,-0.8266099691390991,-1.2324059009552002,-1.2921391725540161,-1.2516611814498901,-1.3838683366775513,-0.9619570374488831,0.072340227663517,0.598447859287262,0.4576932489871979,0.34919658303260803
-13.250274658203125,-13.944341659545898,-15.326414108276367,-16.639387130737305,-16.69097900390625,-12.231576919555664,-9.902963638305664,-8.069433212280273,-6.897491455078125,-6.929969310760498,-6.549031734466553,-5.837191581726074,-5.022701263427734,-4.428822994232178,-3.905241012573242,-3.32696533203125,-2.615280866622925,-1.6344059705734253,-0.6824668645858765,-0.23129554092884064,-0.15877769887447357,-0.30578890442848206,-0.7412950992584229,-1.0328521728515625,-0.8520412445068359,-0.5913655757904053,-0.44782310724258423,-0.13818234205245972,0.08454134315252304,0.8603439331054688,1.2272452116012573,0.8686433434486389,0.4919147789478302,0.10747847706079483,-0.48676615953445435,-1.0559840202331543,-1.0696154832839966,-0.7427911162376404,-0.826657772064209,-0.9426512718200684,-0.36431601643562317,0.41640573740005493,0.39345014095306396,0.08727042376995087
-12.945942878723145,-14.478352546691895,-17.856576919555664,-17.702566146850586,-11.7578763961792,-10.711090087890625,-8.818225860595703,-7.440192222595215,-6.932492256164551,-7.158630847930908,-7.341541767120361,-6.87495231628418,-6.307552814483643,-5.743318557739258,-5.202935695648193,-4.633423328399658,-4.0026469230651855,-3.3028769493103027,-2.4253406524658203,-1.6290324926376343,-0.9845423698425293,-0.9299721121788025,-1.5553921461105347,-1.7170108556747437,-1.6623891592025757,-1.3749934434890747,-0.5514151453971863,-0.019940482452511787,0.39385437965393066,1.196281909942627,1.632841944694519,1.3517183065414429,0.9925810694694519,0.6785935759544373,0.12151630222797394,-0.4297240078449249,-0.5865132212638855,-0.4180988669395447,-0.29551491141319275,-0.4870412349700928,-0.4469960927963257,0.09206995368003845,0.16599804162979126,-0.22365276515483856
-13.328584671020508,-15.142142295837402,-18.229066848754883,-12.715886116027832,-11.944584846496582,-10.346108436584473,-8.714231491088867,-8.069644927978516,-7.346951007843018,-7.4011640548706055,-7.308431625366211,-7.303168773651123,-7.119530200958252,-6.871854782104492,-6.328770160675049,-5.8048601150512695,-5.312160015106201,-4.756269454956055,-4.012912273406982,-3.1225364208221436,-2.321876287460327,-1.7386682033538818,-1.7818855047225952,-2.111886978149414,-2.295381784439087,-1.80581533908844,-0.9510402083396912,-0.298552930355072,0.3251427710056305,1.259871482849121,1.7604138851165771,1.6349033117294312,1.1907892227172852,0.9836846590042114,0.7169893383979797,0.41115206480026245,0.14801642298698425,-0.15839728713035583,-0.24173171818256378,-0.31253597140312195,-0.3425695300102234,-0.2522326707839966,-0.4235870838165283,-0.9981040954589844
-13.757119178771973,-13.622730255126953,-16.83244514465332,-16.33115005493164,-11.703145027160645,-10.861441612243652,-9.442728042602539,-8.398604393005371,-7.829921722412109,-7.501270771026611,-7.059364318847656,-7.074451446533203,-7.246244430541992,-7.340065956115723,-7.020307540893555,-6.65407657623291,-6.358362674713135,-5.925683498382568,-5.212571620941162,-4.388479232788086,-3.531040906906128,-2.66764235496521,-2.2542574405670166,-2.4236066341400146,-2.460258960723877,-1.9700549840927124,-1.460851788520813,-0.8841666579246521,-0.14318419992923737,0.7402987480163574,1.4999653100967407,1.6263775825500488,1.3598207235336304,1.279281497001648,1.3365976810455322,1.1426215171813965,0.827573299407959,0.37746870517730713,-0.03526126593351364,-0.33939769864082336,-0.42745038866996765,-0.43908852338790894,-0.714205265045166,-1.4506747722625732
-14.499808311462402,-13.221246719360352,-13.932974815368652,-17.42136573791504,-14.672780990600586,-11.93932819366455,-10.681697845458984,-9.595967292785645,-8.759324073791504,-7.888108730316162,-7.158960342407227,-7.036777973175049,-7.295517921447754,-7.226762771606445,-6.9934515953063965,-6.730924129486084,-6.610189437866211,-6.3873491287231445,-5.847471714019775,-5.1305623054504395,-4.427992343902588,-3.7724506855010986,-3.3651528358459473,-3.0467000007629395,-2.772977113723755,-2.4812891483306885,-1.9588520526885986,-1.356682300567627,-0.819037139415741,-0.07565250992774963,0.745138943195343,1.171048641204834,1.2758846282958984,1.555731177330017,1.9610413312911987,1.9191535711288452,1.5374013185501099,1.0423378944396973,0.5053724646568298,0.04000275209546089,-0.32912519574165344,-0.604738175868988,-0.9828789234161377,-1.699823021888733
-14.974555015563965,-14.537068367004395,-13.97557544708252,-15.781676292419434,-17.178876876831055,-13.826295852661133,-12.489571571350098,-11.290643692016602,-9.886738777160645,-8.784144401550293,-8.076506614685059,-7.756446838378906,-7.573441505432129,-7.342653751373291,-7.00318717956543,-6.615499973297119,-6.3064141273498535,-6.038676738739014,-5.749156475067139,-5.301234245300293,-4.866883754730225,-4.649008750915527,-4.333897113800049,-3.694350242614746,-3.180166482925415,-2.7707481384277344,-2.344884157180786,-1.9365229606628418,-1.4664560556411743,-0.826999306678772,-0.0792083740234375,0.4784890413284302,0.9488719701766968,1.6053822040557861,2.368076801300049,2.6163673400878906,2.2797653675079346,1.595027208328247,0.8467465043067932,0.40033698081970215,-0.0007269577472470701,-0.6831864714622498,-1.5046021938323975,-2.1189186573028564
-15.061166763305664,-15.280932426452637,-14.932411193847656,-15.587478637695312,-17.143508911132812,-15.6458158493042,-13.539801597595215,-12.662996292114258,-11.159489631652832,-10.15958023071289,-9.639046669006348,-8.920528411865234,-8.502401351928711,-8.07692813873291,-7.474200248718262,-6.756993293762207,-6.065975189208984,-5.5222697257995605,-5.177712917327881,-4.8977742195129395,-4.7195634841918945,-4.814009666442871,-4.695043563842773,-4.231965065002441,-3.754321813583374,-3.218039035797119,-2.680433511734009,-2.3031835556030273,-1.9107457399368286,-1.375830054283142,-0.6818822026252747,-0.05966753512620926,0.5409203171730042,1.2794910669326782,2.2710516452789307,2.8448386192321777,2.847504138946533,2.2738943099975586,1.2885470390319824,0.647181510925293,0.3130906820297241,-0.39548543095588684,-1.5407304763793945,-2.345264434814453
-14.68476390838623,-15.196183204650879,-16.26361083984375,-16.516414642333984,-16.57130241394043,-15.978560447692871,-14.59554386138916,-13.313276290893555,-12.263455390930176,-11.678055763244629,-11.172855377197266,-10.352498054504395,-9.77127456665039,-9.10402774810791,-8.2036771774292,-7.390842437744141,-6.474085330963135,-5.691900730133057,-4.889252185821533,-4.514064788818359,-4.512578010559082,-4.5981011390686035,-4.567946434020996,-4.403196334838867,-4.128896236419678,-3.6757545471191406,-3.16667103767395,-2.6785507202148438,-2.1668529510498047,-1.6521053314208984,-1.1200405359268188,-0.5370696187019348,0.21172811090946198,0.8999202251434326,1.8198459148406982,2.548109292984009,2.7911128997802734,2.549654006958008,1.854470133781433,1.0811989307403564,0.5522229075431824,0.007602277211844921,-0.9484527707099915,-1.9294625520706177
-14.887842178344727,-14.772006034851074,-15.908021926879883,-16.49506378173828,-16.37205696105957,-15.9725980758667,-14.81081771850586,-13.689531326293945,-13.4390287399292,-12.913071632385254,-12.135143280029297,-11.48699951171875,-10.793181419372559,-10.265380859375,-9.296893119812012,-8.47525405883789,-7.379889965057373,-6.352255821228027,-5.221055507659912,-4.739256858825684,-4.946361064910889,-4.484304904937744,-4.287831783294678,-4.229177951812744,-4.054279804229736,-3.774761438369751,-3.404790163040161,-2.9378767013549805,-2.397042751312256,-1.8542137145996094,-1.4058730602264404,-1.0072801113128662,-0.2663472890853882,0.5034248232841492,1.324781060218811,1.983373999595642,2.2163994312286377,2.173942804336548,1.9042454957962036,1.4864994287490845,0.9439486861228943,0.3427467942237854,-0.28191256523132324,-1.0905979871749878
-14.938179969787598,-14.788089752197266,-15.146319389343262,-15.869518280029297,-16.275348663330078,-15.672384262084961,-14.768987655639648,-14.390501976013184,-14.04064655303955,-13.478581428527832,-12.692545890808105,-12.050262451171875,-11.680739402770996,-11.37948226928711,-10.612585067749023,-9.615601539611816,-8.325906753540039,-7.121094703674316,-6.089188575744629,-5.789652347564697,-5.446829319000244,-4.690554141998291,-4.5495076179504395,-4.2812910079956055,-3.8096790313720703,-3.5395660400390625,-3.291302442550659,-2.901745080947876,-2.5250244140625,-2.0904860496520996,-1.681714653968811,-1.3253648281097412,-0.7698827981948853,-0.07864686101675034,0.6842049360275269,1.3658355474472046,1.7112481594085693,1.69889497756958,1.5178126096725464,1.4053055047988892,1.3253790140151978,0.9221611618995667,0.25592443346977234,-0.5404333472251892
-14.50137710571289,-14.79733943939209,-14.925677299499512,-15.24642276763916,-15.291326522827148,-15.338977813720703,-15.1796236038208,-14.869234085083008,-14.438491821289062,-13.776293754577637,-13.020883560180664,-12.550141334533691,-12.402523040771484,-12.170086860656738,-11.476340293884277,-10.832569122314453,-9.438384056091309,-8.300522804260254,-7.391674518585205,-6.7337188720703125,-5.772471904754639,-5.226911544799805,-5.009430408477783,-4.648504257202148,-4.098911285400391,-3.610194444656372,-3.123072385787964,-2.726778507232666,-2.539597272872925,-2.373262405395508,-2.059852123260498,-1.580759048461914,-1.0031492710113525,-0.4667881429195404,0.08774358034133911,0.7063180804252625,1.2532997131347656,1.527287244796753,1.3639215230941772,1.0986546277999878,1.1248418092727661,1.1979836225509644,0.7648515701293945,-0.10080184042453766
-14.534801483154297,-14.601558685302734,-14.748767852783203,-14.710066795349121,-14.732111930847168,-15.097143173217773,-15.135090827941895,-15.039712905883789,-14.604508399963379,-13.958891868591309,-13.326671600341797,-12.902554512023926,-12.639333724975586,-12.330615043640137,-12.165836334228516,-11.730877876281738,-10.712045669555664,-9.616458892822266,-8.684115409851074,-7.721212387084961,-6.739146709442139,-5.949275970458984,-5.39195442199707,-4.989495754241943,-4.499220848083496,-3.9123780727386475,-3.310366153717041,-2.8403661251068115,-2.5844082832336426,-2.551360607147217,-2.4887733459472656,-2.1155521869659424,-1.3981740474700928,-0.7712329626083374,-0.30773741006851196,0.08059399574995041,0.5349934101104736,1.0251814126968384,1.2608880996704102,1.1027793884277344,0.8394642472267151,0.8544060587882996,0.8245748281478882,0.3735450208187103
-14.54642105102539,-14.711490631103516,-14.737656593322754,-14.273465156555176,-14.252846717834473,-14.68383502960205,-14.991430282592773,-15.018448829650879,-14.693085670471191,-14.154509544372559,-13.499756813049316,-12.907215118408203,-12.491524696350098,-12.335729598999023,-12.340088844299316,-12.148159980773926,-11.594051361083984,-10.84377384185791,-9.889225006103516,-9.022294044494629,-7.94282341003418,-6.873825550079346,-6.116940975189209,-5.54628849029541,-4.956729412078857,-4.244851589202881,-3.5192081928253174,-2.977412223815918,-2.7087881565093994,-2.6409919261932373,-2.654038429260254,-2.5971477031707764,-2.1927924156188965,-1.3867050409317017,-0.6541011929512024,-0.25460660457611084,-0.01583218388259411,0.3093111217021942,0.7438353300094604,0.9430170059204102,0.7710385918617249,0.6030738353729248,0.5839001536369324,0.5314561724662781
-14.121061325073242,-14.33972454071045,-14.030401229858398,-13.52749252319336,-13.770771026611328,-14.212823867797852,-14.756135940551758,-14.793839454650879,-14.602033615112305,-14.193782806396484,-13.61014461517334,-12.92813777923584,-12.406118392944336,-12.207903861999512,-12.195822715759277,-12.134697914123535,-11.925592422485352,-11.516375541687012,-10.874724388122559,-10.071006774902344,-9.091022491455078,-8.10739803314209,-7.226074695587158,-6.45043420791626,-5.7140679359436035,-4.908132553100586,-4.014826774597168,-3.159588575363159,-2.653898000717163,-2.5682907104492188,-2.620298385620117,-2.6604220867156982,-2.6005518436431885,-2.1539788246154785,-1.3361822366714478,-0.5719060897827148,-0.18863680958747864,-0.040262483060359955,0.30528444051742554,0.6103358268737793,0.5702880024909973,0.43422889709472656,0.44279950857162476,0.4799835681915283
-13.000031471252441,-13.345879554748535,-13.217982292175293,-12.626492500305176,-12.913480758666992,-13.676667213439941,-14.36621379852295,-14.346979141235352,-14.272419929504395,-14.019062995910645,-13.675074577331543,-13.076448440551758,-12.47036075592041,-12.087547302246094,-11.98203182220459,-11.903288841247559,-11.75489330291748,-11.569332122802734,-11.342403411865234,-10.905378341674805,-10.168658256530762,-9.255840301513672,-8.37813949584961,-7.590547561645508,-6.842264175415039,-6.0374603271484375,-5.0525054931640625,-3.9036829471588135,-2.9148128032684326,-2.4407336711883545,-2.415210723876953,-2.4798436164855957,-2.5237278938293457,-2.5055136680603027,-2.0942611694335938,-1.315328598022461,-0.6751701235771179,-0.38621389865875244,-0.08409811556339264,0.28750115633010864,0.3403673470020294,0.21275247633457184,0.2350081354379654,0.373007595539093
-11.475132942199707,-12.102783203125,-12.539505958557129,-11.545510292053223,-12.01620101928711,-12.919608116149902,-13.753108024597168,-13.891214370727539,-13.966571807861328,-13.837058067321777,-13.679510116577148,-13.244925498962402,-12.662609100341797,-12.142637252807617,-11.828790664672852,-11.636270523071289,-11.488390922546387,-11.388651847839355,-11.327202796936035,-11.154848098754883,-10.776473045349121,-10.212273597717285,-9.510238647460938,-8.816097259521484,-8.153311729431152,-7.424374103546143,-6.48876428604126,-5.262392520904541,-3.899751901626587,-2.852745294570923,-2.3999898433685303,-2.3159730434417725,-2.304973840713501,-2.3809120655059814,-2.408759117126465,-2.0850770473480225,-1.521742343902588,-1.0661486387252808,-0.6682212352752686,-0.22808930277824402,0.04840366542339325,0.07333076745271683,0.08347666263580322,0.25661739706993103
-10.41280746459961,-10.95008373260498,-11.029155731201172,-10.514511108398438,-11.013566970825195,-11.961785316467285,-12.839116096496582,-13.332710266113281,-13.663154602050781,-13.76930046081543,-13.738250732421875,-13.388533592224121,-12.81564998626709,-12.19895076751709,-11.756627082824707,-11.52323055267334,-11.38575553894043,-11.22748851776123,-11.049275398254395,-10.904770851135254,-10.809324264526367,-10.699556350708008,-10.417817115783691,-9.950845718383789,-9.399893760681152,-8.77884292602539,-7.977446556091309,-6.8784308433532715,-5.471770286560059,-4.0400261878967285,-3.009036064147949,-2.5159387588500977,-2.3262922763824463,-2.283839464187622,-2.3384039402008057,-2.281053304672241,-2.027247190475464,-1.7151391506195068,-1.401619791984558,-0.9356419444084167,-0.44035762548446655,-0.09810158610343933,0.15908901393413544,0.41844236850738525
