data/wind_data/wind_23_8.json
{"header": {"parameterUnit": "KT", "parameterCategory": 2, "nx": 256, "ny": 198, "lo1": 44.73521041870117, "la1": -3.236724853515625, "lo2": 111.26478576660156, "la2": 43.468475341796875, "dx": 0.2609002888202667, "dy": -0.23708222806453705, "refTime": "2025-02-19 23:00:00", "forecastTime": 0, "parameterNumber": 2, "parameterNumberName": "eastward_wind"}, "data":
[rows 57 to 75 of 198, columns 132 to 175 of 256]
8.03052806854248,8.530070304870605,8.886775016784668,9.158950805664062,9.573960304260254,10.019984245300293,10.206937789916992,10.021096229553223,9.558246612548828,9.076964378356934,8.986275672912598,9.301345825195312,9.878968238830566,10.41318416595459,10.676765441894531,10.931025505065918,11.413732528686523,12.083490371704102,12.742766380310059,13.22522258758545,13.302538871765137,12.827553749084473,12.087416648864746,11.48085880279541,11.21126937866211,11.434601783752441,11.852163314819336,12.091068267822266,12.017241477966309,11.82921314239502,11.609195709228516,11.43476676940918,11.275849342346191,10.914542198181152,10.58385181427002,10.693476676940918,11.039706230163574,11.958349227905273,13.244208335876465,13.128262519836426,11.591525077819824,9.877140045166016,8.241057395935059,6.794932842254639
6.825860500335693,7.375495910644531,7.817735195159912,8.150440216064453,8.575982093811035,9.093353271484375,9.475656509399414,9.544402122497559,9.36659049987793,9.136157035827637,9.128233909606934,9.402013778686523,9.948318481445312,10.605246543884277,11.084403038024902,11.43783950805664,11.939096450805664,12.62159252166748,13.29826545715332,13.824151992797852,14.078941345214844,13.7698392868042,13.019464492797852,12.272810935974121,11.722976684570312,11.50440502166748,11.486949920654297,11.552910804748535,11.536527633666992,11.407301902770996,11.331701278686523,11.304827690124512,11.206243515014648,10.901235580444336,10.438899040222168,10.46120834350586,10.80053997039795,11.283918380737305,12.318181991577148,12.643973350524902,11.511568069458008,9.829573631286621,8.291913032531738,7.112333297729492
5.329343795776367,5.714049339294434,6.203529357910156,6.753241062164307,7.448613166809082,8.23015308380127,8.893808364868164,9.197265625,9.151677131652832,9.086382865905762,9.282231330871582,9.779586791992188,10.483778953552246,11.266552925109863,11.949834823608398,12.3528413772583,12.65065860748291,13.046255111694336,13.475885391235352,13.801786422729492,14.071051597595215,14.122796058654785,13.817514419555664,13.288064002990723,12.707708358764648,12.201288223266602,11.837807655334473,11.521167755126953,11.10523796081543,10.647374153137207,10.571633338928223,10.895513534545898,11.157221794128418,11.012711524963379,10.509069442749023,10.196352005004883,10.59696102142334,10.81982707977295,11.263784408569336,12.004632949829102,11.264765739440918,9.404038429260254,8.05251693725586,7.377377510070801
3.84843111038208,4.130195617675781,4.672628879547119,5.403753280639648,6.23111629486084,7.197645664215088,8.215489387512207,8.99683666229248,9.309126853942871,9.372578620910645,9.628973960876465,10.286218643188477,11.15937328338623,11.981620788574219,12.636616706848145,12.987676620483398,13.065730094909668,13.079460144042969,13.150860786437988,13.31222915649414,13.569758415222168,13.82229995727539,13.8759183883667,13.666502952575684,13.287766456604004,12.85995101928711,12.364925384521484,11.857908248901367,11.16960334777832,10.352177619934082,10.037548065185547,10.336649894714355,10.737853050231934,10.87695598602295,10.65278434753418,10.162254333496094,10.220109939575195,10.459092140197754,10.574634552001953,11.332839965820312,11.092461585998535,9.16704273223877,7.824326992034912,7.613034725189209
3.0901057720184326,3.1345481872558594,3.6503095626831055,4.5232367515563965,5.439996242523193,6.338573932647705,7.298797130584717,8.319221496582031,9.13434886932373,9.543325424194336,9.81308364868164,10.367892265319824,11.226094245910645,12.064040184020996,12.63403034210205,12.8471097946167,12.77547550201416,12.584724426269531,12.461124420166016,12.576054573059082,12.883871078491211,13.236675262451172,13.469635009765625,13.50211238861084,13.360771179199219,13.08143424987793,12.569076538085938,11.858650207519531,11.099078178405762,10.422401428222656,10.044811248779297,10.069169998168945,10.270367622375488,10.472578048706055,10.595213890075684,10.371659278869629,10.047212600708008,10.068474769592285,10.111239433288574,10.586089134216309,10.801122665405273,9.259211540222168,7.743481636047363,7.708825588226318
3.069714307785034,2.438828468322754,2.605598211288452,3.5812482833862305,4.751287937164307,5.706371307373047,6.4656548500061035,7.320648670196533,8.344106674194336,9.177080154418945,9.590338706970215,9.871114730834961,10.313821792602539,10.898911476135254,11.432929992675781,11.746484756469727,11.853517532348633,11.915138244628906,11.95643138885498,12.045309066772461,12.255478858947754,12.543920516967773,12.845523834228516,13.07444953918457,13.154278755187988,13.025632858276367,12.55036449432373,11.66768741607666,10.747220039367676,10.214675903320312,10.018625259399414,10.015356063842773,10.163605690002441,10.293070793151855,10.378856658935547,10.290945053100586,9.875168800354004,9.534521102905273,9.512381553649902,9.798669815063477,10.196781158447266,9.329977989196777,7.794649600982666,7.524667263031006
3.5383188724517822,2.3850369453430176,1.8852001428604126,2.4979920387268066,3.7433931827545166,4.827622890472412,5.534240245819092,6.189463138580322,7.130547046661377,8.194988250732422,8.8894681930542,9.080689430236816,9.141105651855469,9.421601295471191,9.932408332824707,10.491216659545898,10.96632194519043,11.382208824157715,11.7389554977417,11.892786979675293,11.900810241699219,11.962100982666016,12.166086196899414,12.417019844055176,12.566730499267578,12.511082649230957,12.135929107666016,11.412576675415039,10.560019493103027,10.053325653076172,9.9302339553833,9.973085403442383,10.112019538879395,10.156861305236816,9.953644752502441,9.626562118530273,9.181742668151855,8.755146980285645,8.710923194885254,9.05817699432373,9.520917892456055,9.224578857421875,8.000458717346191,7.386725902557373
4.141345977783203,3.069309949874878,2.1439154148101807,1.943305253982544,2.662163257598877,3.6542601585388184,4.492738723754883,5.260611534118652,6.1649861335754395,7.221599102020264,8.062752723693848,8.37376880645752,8.322096824645996,8.412718772888184,8.841497421264648,9.418492317199707,9.975996971130371,10.554951667785645,11.177652359008789,11.613359451293945,11.715540885925293,11.642489433288574,11.604777336120605,11.644735336303711,11.676626205444336,11.596095085144043,11.376862525939941,11.05264949798584,10.5918607711792,10.271536827087402,10.195518493652344,10.142026901245117,10.011198997497559,9.781532287597656,9.376442909240723,8.859763145446777,8.35310173034668,7.9351301193237305,7.890844821929932,8.372469902038574,9.031027793884277,9.209102630615234,8.541123390197754,7.830989360809326
4.505893707275391,3.9775588512420654,3.078221321105957,2.177854537963867,1.9731919765472412,2.519932746887207,3.3167643547058105,4.251177787780762,5.290089130401611,6.359543800354004,7.223140716552734,7.579676151275635,7.517116069793701,7.519449710845947,7.8690314292907715,8.36352825164795,8.799903869628906,9.323408126831055,10.096406936645508,10.894665718078613,11.374271392822266,11.439275741577148,11.266641616821289,11.086152076721191,10.981088638305664,10.885046005249023,10.77746868133545,10.800307273864746,10.847319602966309,10.83972454071045,10.822196006774902,10.63222885131836,10.125444412231445,9.469383239746094,8.905837059020996,8.442420959472656,7.993899822235107,7.542698383331299,7.371419906616211,7.815890312194824,8.698344230651855,9.359488487243652,9.31856632232666,8.8773832321167
4.788857460021973,4.699958324432373,4.087045192718506,2.947383165359497,2.009321928024292,1.8917697668075562,2.368875503540039,3.05077862739563,3.9006288051605225,4.886747360229492,5.7849040031433105,6.35773229598999,6.559533596038818,6.645968437194824,6.9177327156066895,7.357408046722412,7.773441791534424,8.211318016052246,8.927478790283203,9.872454643249512,10.681985855102539,11.0907621383667,11.087965965270996,10.87286376953125,10.687600135803223,10.563074111938477,10.481810569763184,10.61677360534668,11.009613037109375,11.412513732910156,11.5712251663208,11.274974822998047,10.464407920837402,9.44002628326416,8.673035621643066,8.27409553527832,8.033263206481934,7.736453056335449,7.46355676651001,7.657746315002441,8.529603958129883,9.544962882995605,10.035146713256836,9.963164329528809
5.438962936401367,5.212390422821045,4.7447285652160645,3.779893636703491,2.692852735519409,2.1442272663116455,2.192779541015625,2.4220309257507324,2.7257275581359863,3.295720338821411,4.100458145141602,4.898291110992432,5.469732761383057,5.861247539520264,6.234441757202148,6.624639987945557,6.954402923583984,7.310619831085205,7.921064376831055,8.834540367126465,9.779667854309082,10.492497444152832,10.828307151794434,10.780535697937012,10.528762817382812,10.272366523742676,10.114883422851562,10.182635307312012,10.613444328308105,11.316147804260254,11.863845825195312,11.805577278137207,11.012453079223633,9.835023880004883,8.827302932739258,8.270313262939453,8.081645965576172,8.04835033416748,7.992746829986572,8.09261417388916,8.778838157653809,9.878764152526855,10.651995658874512,10.804877281188965
6.6363139152526855,6.111386299133301,5.263422966003418,4.269890785217285,3.3784091472625732,2.8592939376831055,2.7384836673736572,2.6578924655914307,2.438783645629883,2.395110845565796,2.8586859703063965,3.7343008518218994,4.625234127044678,5.2900896072387695,5.766872882843018,6.0723490715026855,6.223373889923096,6.412374496459961,6.8934712409973145,7.73455810546875,8.734021186828613,9.64460563659668,10.273847579956055,10.491998672485352,10.293686866760254,9.853429794311523,9.445000648498535,9.34688663482666,9.668566703796387,10.373830795288086,11.22976303100586,11.757831573486328,11.59836196899414,10.746872901916504,9.628401756286621,8.694323539733887,8.190324783325195,8.12544059753418,8.295781135559082,8.60436725616455,9.25410270690918,10.303413391113281,11.226188659667969,11.577595710754395
7.700737476348877,7.381623268127441,6.433778762817383,5.071481227874756,3.9912402629852295,3.4992692470550537,3.45048189163208,3.323321580886841,2.8386447429656982,2.320995807647705,2.385270357131958,3.2201080322265625,4.26698637008667,4.980413436889648,5.340545177459717,5.526899337768555,5.58537483215332,5.609834671020508,5.867939472198486,6.552548408508301,7.529393196105957,8.5497465133667,9.404716491699219,9.917733192443848,9.970462799072266,9.61353874206543,9.064427375793457,8.686216354370117,8.733552932739258,9.25223159790039,10.103677749633789,10.989044189453125,11.532247543334961,11.40900707244873,10.671426773071289,9.663439750671387,8.80478572845459,8.376643180847168,8.382482528686523,8.710230827331543,9.37187385559082,10.345929145812988,11.36545467376709,12.040840148925781
8.463534355163574,8.339239120483398,7.7865753173828125,6.51801872253418,5.127993583679199,4.26319694519043,4.031721115112305,3.9941751956939697,3.64454984664917,3.0251529216766357,2.811211585998535,3.4497313499450684,4.441082000732422,5.026181221008301,5.120519161224365,5.149073123931885,5.234264850616455,5.238280773162842,5.241971015930176,5.548822402954102,6.268430233001709,7.2516889572143555,8.289958953857422,9.154999732971191,9.614444732666016,9.59704875946045,9.256772994995117,8.855633735656738,8.664437294006348,8.826854705810547,9.305679321289062,10.001861572265625,10.694574356079102,11.11823558807373,11.078628540039062,10.598980903625488,9.891754150390625,9.237712860107422,8.85595703125,8.871930122375488,9.286160469055176,10.001543045043945,10.907515525817871,11.807621955871582
9.365503311157227,9.13310718536377,8.823585510253906,7.991714954376221,6.661715030670166,5.462591171264648,4.809900760650635,4.635352611541748,4.571671485900879,4.355659008026123,4.217122554779053,4.526042938232422,5.1186699867248535,5.426597595214844,5.301581859588623,5.174304962158203,5.275269508361816,5.324615001678467,5.153205394744873,5.000012397766113,5.211950778961182,5.924112796783447,7.024142742156982,8.208179473876953,9.088149070739746,9.475706100463867,9.473155975341797,9.290787696838379,9.109869003295898,9.106444358825684,9.271723747253418,9.451308250427246,9.693785667419434,10.162137985229492,10.679509162902832,10.972192764282227,10.843424797058105,10.337924003601074,9.786882400512695,9.539621353149414,9.647468566894531,9.92115592956543,10.388946533203125,11.160226821899414
10.602727890014648,10.411067008972168,9.819482803344727,9.163969993591309,8.211898803710938,6.9913129806518555,6.0201287269592285,5.626502990722656,5.671689510345459,5.832685470581055,5.983669281005859,6.173894882202148,6.338169574737549,6.25983190536499,5.922984600067139,5.663007736206055,5.668834209442139,5.678005218505859,5.400462627410889,4.923736095428467,4.627548694610596,4.915769577026367,5.8867716789245605,7.207497596740723,8.35075855255127,8.977583885192871,9.173672676086426,9.191598892211914,9.166057586669922,9.1893892288208,9.30876350402832,9.379399299621582,9.367012977600098,9.520740509033203,10.060564041137695,10.798919677734375,11.240822792053223,11.109976768493652,10.641736030578613,10.333475112915039,10.372758865356445,10.47987174987793,10.508611679077148,10.78686237335205
11.41093635559082,12.055828094482422,11.344585418701172,10.224404335021973,9.49400520324707,8.697211265563965,7.716207981109619,7.110647678375244,7.086709499359131,7.34921407699585,7.606024265289307,7.746265411376953,7.675015926361084,7.3710432052612305,6.943482398986816,6.562705993652344,6.365856170654297,6.242691516876221,5.908351898193359,5.30169677734375,4.72731351852417,4.629188060760498,5.273829460144043,6.493495941162109,7.670156478881836,8.331751823425293,8.468267440795898,8.406585693359375,8.421401023864746,8.571410179138184,8.866347312927246,9.21186637878418,9.43764877319336,9.574926376342773,9.823311805725098,10.295734405517578,10.811952590942383,11.060254096984863,10.95815658569336,10.812491416931152,10.95755386352539,11.289787292480469,11.404473304748535,11.303606033325195
11.808759689331055,13.061877250671387,13.393162727355957,12.095948219299316,10.769007682800293,10.112030982971191,9.590187072753906,9.063806533813477,8.798969268798828,8.909421920776367,9.167832374572754,9.256439208984375,8.973030090332031,8.460180282592773,7.991574287414551,7.614042282104492,7.297266006469727,7.01981258392334,6.652951717376709,6.089073657989502,5.462545871734619,5.14197301864624,5.437127113342285,6.304013729095459,7.269663333892822,7.8451337814331055,7.904576778411865,7.692415237426758,7.547082901000977,7.674772262573242,8.118846893310547,8.767902374267578,9.33637809753418,9.609560012817383,9.649717330932617,9.714719772338867,9.97983169555664,10.330347061157227,10.56416130065918,10.721071243286133,11.095690727233887,11.75067138671875,12.255196571350098,12.224761009216309
13.467269897460938,13.227802276611328,14.473496437072754,14.541391372680664,13.032561302185059,11.485671997070312,10.896195411682129,10.870936393737793,10.789241790771484,10.647896766662598,10.764528274536133,10.870793342590332,10.478789329528809,9.744600296020508,9.13032054901123,8.702919960021973,8.319718360900879,7.919407844543457,7.488729953765869,7.03251838684082,6.566427707672119,6.255280494689941,6.295597076416016,6.686668872833252,7.178215026855469,7.492469787597656,7.543166160583496,7.4471821784973145,7.374637126922607,7.45961856842041,7.782966136932373,8.337013244628906,8.934586524963379,9.303444862365723,9.348687171936035,9.276241302490234,9.337526321411133,9.593986511230469,9.922172546386719,10.238784790039062,10.732462882995605,11.549627304077148,12.35863971710205,12.63010025024414
