data/wind_data/wind_2025-02-20_16.json
{"header": {"parameterUnit": "KT", "parameterCategory": 2, "nx": 255, "ny": 198, "lo1": 44.73521041870117, "la1": -3.236724853515625, "lo2": 111.26478576660156, "la2": 43.468475341796875, "dx": 0.26192745566368103, "dy": -0.23708222806453705, "refTime": "2025-02-20 16:00:00", "forecastTime": 0, "parameterNumber": 2, "parameterNumberName": "eastward_wind"}, "data":
[rows 114 to 132 of 198, columns 43 to 85 of 255]
-12.461955070495605,-8.802536964416504,-7.787128925323486,-8.957866668701172,-10.992759704589844,-11.825702667236328,-10.295467376708984,-6.726932048797607,-5.7249956130981445,-5.467714786529541,-5.772206783294678,-5.7027788162231445,-5.560727596282959,-6.55222749710083,-6.712507247924805,-5.775806427001953,-4.932895660400391,-3.8995280265808105,-2.6926262378692627,-1.953201413154602,-1.8811100721359253,-2.567028760910034,-2.9845407009124756,-1.7186518907546997,0.8164509534835815,3.135017156600952,2.567080497741699,-0.04374132305383682,-0.9230802655220032,-0.16217419505119324,1.533691167831421,3.9441630840301514,5.414538383483887,6.7089314460754395,7.850701808929443,7.604100704193115,7.060266971588135,7.541837692260742,9.557136535644531,11.097310066223145,8.973746299743652,6.0461106300354,6.207721710205078
-14.999156951904297,-9.31734848022461,-7.232288360595703,-8.775723457336426,-10.102764129638672,-8.931535720825195,-8.002562522888184,-7.3396830558776855,-6.771810531616211,-5.95878791809082,-5.507238864898682,-5.0813493728637695,-4.857296466827393,-5.126791000366211,-5.121209144592285,-4.725565433502197,-3.1064646244049072,-2.0756850242614746,-1.3980385065078735,-0.8908482789993286,-0.6371148824691772,-1.817087173461914,-2.2023069858551025,-0.36577335000038147,1.8617351055145264,1.4721940755844116,-3.1607391834259033,-5.8051252365112305,-4.724254608154297,-2.9767229557037354,-0.25936388969421387,2.4108641147613525,4.0047478675842285,4.74383544921875,4.702374458312988,4.4295430183410645,5.4108476638793945,6.919185161590576,9.302998542785645,10.187355041503906,5.278514862060547,3.9495229721069336,6.532608985900879
-11.822107315063477,-9.40007209777832,-7.145489692687988,-5.047791004180908,-4.17881965637207,-4.493366718292236,-4.367608547210693,-4.842286109924316,-4.811779975891113,-4.327062129974365,-3.504365921020508,-2.8902623653411865,-3.002561330795288,-3.934887170791626,-5.168234348297119,-3.668233633041382,-1.526924967765808,-1.232073426246643,-1.6959625482559204,-1.9606717824935913,-1.2789688110351562,-0.8666582703590393,-0.2125791758298874,0.9234834909439087,0.768213152885437,-1.6244043111801147,-5.183948993682861,-6.8079071044921875,-5.986733436584473,-2.498978614807129,0.36811259388923645,2.017892360687256,2.4341509342193604,2.044477701187134,2.0696377754211426,3.3000738620758057,4.48400354385376,4.563018321990967,6.140541076660156,5.780333042144775,0.8776113986968994,2.536681890487671,7.404862880706787
-5.633166313171387,-6.960221290588379,-4.300949573516846,0.3167687654495239,2.757807731628418,3.0974462032318115,5.736020088195801,5.3248610496521,1.1932188272476196,-1.8726611137390137,-2.5836308002471924,-2.8833208084106445,-3.847635269165039,-4.410221099853516,-3.688962936401367,-2.272562026977539,-1.406281590461731,-1.5496842861175537,-2.0386455059051514,-2.292733669281006,-1.5421470403671265,-0.04126535356044769,1.593981146812439,1.7580819129943848,0.4820190370082855,-0.6726715564727783,-4.733597278594971,-7.037481784820557,-4.822993278503418,-1.6584532260894775,0.20386247336864471,0.4949481785297394,0.5192641615867615,1.16929030418396,2.1013717651367188,3.4056100845336914,3.7993273735046387,2.3164899349212646,2.371074914932251,2.252866744995117,0.0313606821000576,3.279103994369507,7.797030925750732
-0.9122886657714844,-1.7647883892059326,-1.121403694152832,0.415760338306427,-0.5033883452415466,-1.5909833908081055,3.5186996459960938,11.003569602966309,11.682332992553711,5.917311668395996,0.9402016401290894,-1.3657724857330322,-2.357264518737793,-1.6833893060684204,-0.8428792357444763,-1.2904152870178223,-1.9605116844177246,-2.349870443344116,-2.377798318862915,-1.804050326347351,-0.9048189520835876,0.4521138072013855,1.9466077089309692,2.4051101207733154,1.785088062286377,1.0979101657867432,-3.997474431991577,-6.7581305503845215,-4.313939571380615,-1.9986134767532349,-1.3224005699157715,-1.2340164184570312,-0.027300070971250534,1.6066679954528809,2.4793684482574463,2.725323438644409,2.6856906414031982,1.153818130493164,1.3001930713653564,2.766813278198242,2.6751832962036133,3.7515063285827637,5.679177284240723
2.8816723823547363,4.386717319488525,2.062488079071045,-1.4191492795944214,-3.1041688919067383,-0.7467402815818787,6.379624843597412,14.695865631103516,16.096904754638672,8.875539779663086,2.538034439086914,0.6541785597801208,0.4178341031074524,0.8764072060585022,0.9942730069160461,0.0015537412837147713,-1.313245177268982,-2.3447091579437256,-2.8254268169403076,-2.398930788040161,-1.106727957725525,0.3510347008705139,1.5391381978988647,2.732043981552124,3.262115955352783,-0.398762971162796,-5.769426345825195,-5.903954029083252,-3.720362901687622,-1.8044703006744385,-2.192551374435425,-2.309126377105713,-0.8427483439445496,0.5774993896484375,1.3238219022750854,1.7654194831848145,1.7161064147949219,1.7190850973129272,2.2754311561584473,3.6980226039886475,4.852404594421387,5.785246849060059,6.808513164520264
2.5888776779174805,5.299036502838135,5.59147310256958,2.174440383911133,0.5947684645652771,3.075975179672241,8.040480613708496,10.983589172363281,9.626375198364258,6.53391695022583,3.3013391494750977,1.7197319269180298,1.6533700227737427,1.4502652883529663,1.0519392490386963,0.5094805955886841,-0.848635196685791,-2.75736403465271,-4.379310131072998,-4.371907711029053,-2.0377869606018066,0.45622241497039795,2.3962244987487793,3.6882050037384033,1.1164252758026123,-5.009194374084473,-6.236279487609863,-4.992167949676514,-2.0970757007598877,-1.6977429389953613,-3.249828577041626,-3.646026849746704,-2.9061508178710938,-1.615422010421753,-0.15192577242851257,0.5171887278556824,1.4581553936004639,3.8699138164520264,4.59758996963501,4.176887512207031,6.047298908233643,8.077388763427734,8.005131721496582
1.4982956647872925,3.080735445022583,4.809772968292236,4.8400492668151855,4.584309101104736,6.921199798583984,7.764218807220459,5.002132415771484,5.321389675140381,4.5765557289123535,2.0463290214538574,1.2328375577926636,1.0294135808944702,0.4848726689815521,0.06514137238264084,-0.2605105936527252,-2.3498573303222656,-4.804262638092041,-5.3412766456604,-4.232818126678467,-1.1869072914123535,1.3148669004440308,3.3121957778930664,2.9293243885040283,-2.418153762817383,-5.397433757781982,-4.0827860832214355,-2.7240006923675537,-1.2547762393951416,-1.7771934270858765,-3.103665351867676,-3.5064804553985596,-3.7945008277893066,-3.632258415222168,-2.1918017864227295,-0.1798214614391327,2.581925868988037,5.933722496032715,5.9856767654418945,3.942805767059326,5.754978656768799,8.68372917175293,8.260246276855469
1.7783939838409424,4.020572185516357,5.284670829772949,6.34665584564209,8.093647956848145,8.519180297851562,4.636982440948486,2.8817903995513916,3.0803780555725098,-0.9683494567871094,-4.281880855560303,-3.506683588027954,-3.0687015056610107,-2.997811794281006,-2.249575614929199,-1.8027689456939697,-3.3800902366638184,-4.729585647583008,-4.194803237915039,-2.266655445098877,0.963266134262085,2.6135241985321045,3.7461817264556885,1.9150022268295288,-2.993417739868164,-3.0776307582855225,-1.0918476581573486,-1.1307722330093384,-0.9237045645713806,-1.4421451091766357,-2.4229917526245117,-3.412080764770508,-4.437493801116943,-4.684587001800537,-3.992422103881836,-1.4559541940689087,3.26446795463562,6.200168132781982,6.530584335327148,4.753791809082031,6.417616367340088,8.552193641662598,8.184953689575195
-0.7092044949531555,2.680044651031494,6.988422870635986,9.90462875366211,9.113296508789062,4.51457405090332,0.8761842250823975,1.0256438255310059,1.7367171049118042,-0.7507813572883606,-4.083935737609863,-5.372943878173828,-4.9581990242004395,-3.6101841926574707,-2.7716763019561768,-2.2222695350646973,-2.535510301589966,-2.680960178375244,-1.418845295906067,-0.46368202567100525,1.8867508172988892,2.538341999053955,5.966851234436035,5.030116081237793,-1.9444501399993896,-0.7993074655532837,0.7703928351402283,0.18307584524154663,-0.31418099999427795,-1.3806043863296509,-2.445204734802246,-3.3367719650268555,-3.9592251777648926,-4.193076133728027,-3.924121379852295,-2.046828508377075,1.5043379068374634,4.385916709899902,6.393375873565674,6.141940593719482,6.005332946777344,7.096773147583008,7.977182388305664
0.0012350106844678521,1.718096137046814,4.29419469833374,6.9493327140808105,7.613369941711426,2.890641212463379,-0.24076716601848602,0.2353530377149582,-0.18540073931217194,0.019633423537015915,-0.21760500967502594,-2.1682567596435547,-2.62803053855896,-2.0055418014526367,-2.361454963684082,-2.445246696472168,-2.644676923751831,-1.8506306409835815,0.5828757882118225,1.862444519996643,2.6244218349456787,4.753640174865723,5.0131025314331055,0.16120381653308868,-2.5703320503234863,0.21084661781787872,1.4119206666946411,0.5663688778877258,-0.08388403803110123,-1.43938410282135,-2.530120849609375,-2.9245636463165283,-2.828122854232788,-2.243229627609253,-2.333892583847046,-2.3873510360717773,-0.36534497141838074,2.7326598167419434,4.928035259246826,6.859420299530029,5.559609413146973,4.745959758758545,5.705478191375732
3.014381170272827,2.3225905895233154,1.8118598461151123,2.9140448570251465,4.197513580322266,2.613464593887329,0.6705511212348938,-1.5386854410171509,-2.099041223526001,2.189936637878418,5.1537957191467285,3.042397975921631,0.055223096162080765,-0.7623041272163391,-2.3668110370635986,-3.684521436691284,-2.8875410556793213,-1.0995830297470093,0.9633998870849609,2.497159957885742,3.4594898223876953,-0.25681740045547485,-3.64007830619812,-3.5845439434051514,-2.049194097518921,0.09402792155742645,0.8675883412361145,0.546828031539917,-0.03960612043738365,-1.163680076599121,-1.917130470275879,-1.2216355800628662,-0.07159801572561264,0.043694235384464264,-0.606148898601532,-0.3209894001483917,0.10942525416612625,1.2540827989578247,4.300533294677734,5.534409523010254,4.700934410095215,2.7481191158294678,3.9688801765441895
1.54281747341156,-0.15058386325836182,0.623779296875,2.633409261703491,3.555137872695923,2.7001521587371826,-0.4555239677429199,-2.570010185241699,0.4107154607772827,5.6977338790893555,7.165189743041992,5.080809593200684,3.0928795337677,0.3537331223487854,-2.446542739868164,-3.6038777828216553,-2.1874630451202393,-0.31641489267349243,1.3043148517608643,2.978322744369507,-0.612295925617218,-4.9196248054504395,-3.225978374481201,-2.078321933746338,-0.8978602886199951,-0.0792798176407814,0.16345369815826416,0.7298518419265747,0.47365644574165344,-0.859703779220581,-1.4163579940795898,-0.07259129732847214,0.6136043667793274,-0.18550774455070496,0.1420832872390747,1.9584200382232666,0.94474858045578,-0.7608521580696106,1.0390976667404175,2.5817418098449707,2.736042022705078,2.9545986652374268,5.3302483558654785
0.5508659482002258,-0.06150393187999725,2.366121768951416,4.194968223571777,2.1408913135528564,0.2521498501300812,-1.4399590492248535,-0.1419418603181839,6.5489501953125,9.258584022521973,6.0315327644348145,4.4880876541137695,1.5566030740737915,-1.8936582803726196,-3.6358025074005127,-3.393528699874878,-0.4700588881969452,1.1718780994415283,2.3488447666168213,0.2434600442647934,-4.155860424041748,-3.2428064346313477,-0.5950993299484253,-0.5835729837417603,-0.30549418926239014,-0.010012037120759487,0.8478703498840332,1.165151834487915,-0.05332586169242859,-1.3933513164520264,-0.9265605211257935,0.023801853880286217,-1.7117646932601929,-3.3301198482513428,-1.9404332637786865,0.790574848651886,0.8801963329315186,-1.150815725326538,-1.1359302997589111,-0.03633614629507065,1.7980059385299683,4.789153575897217,7.452119827270508
0.19890260696411133,1.3540645837783813,3.2657697200775146,2.9939372539520264,2.0774011611938477,3.895707368850708,4.549161911010742,6.385941982269287,8.614684104919434,5.9508442878723145,4.164398670196533,1.255242109298706,-2.2821080684661865,-5.258249759674072,-7.108668327331543,-5.85153865814209,-2.087002992630005,-0.463005930185318,-0.03375869616866112,-3.0324740409851074,-5.538991451263428,-3.6975488662719727,-2.7660093307495117,-2.9738993644714355,-2.112670660018921,-1.481575846672058,-1.1276010274887085,-0.5776768922805786,-0.756642758846283,-1.3408310413360596,-1.3799681663513184,-1.4638649225234985,-3.402954578399658,-4.46106481552124,-3.340247392654419,0.18829135596752167,2.152146577835083,0.5254883170127869,-1.4871643781661987,-1.150278091430664,0.29339995980262756,4.717030048370361,9.581329345703125
-0.943033754825592,0.7716391682624817,2.887946605682373,4.036150932312012,3.0645368099212646,7.287632465362549,14.158280372619629,10.554727554321289,4.456927299499512,2.59853196144104,2.257153272628784,1.2513558864593506,-0.39983832836151123,-5.850137710571289,-10.422176361083984,-8.554424285888672,-5.287387847900391,-4.017017841339111,-1.2388207912445068,-3.2610819339752197,-6.078965663909912,-4.411008358001709,-4.572197914123535,-5.26180362701416,-5.695652484893799,-4.731628894805908,-2.4328603744506836,-1.4836782217025757,-2.064980983734131,-1.4142823219299316,-0.27942347526550293,-0.5032650828361511,-2.209043502807617,-3.4342703819274902,-1.6531224250793457,1.5087072849273682,2.808995485305786,0.7942546010017395,-1.486425757408142,-0.8986622095108032,0.66128009557724,4.507678508758545,9.840729713439941
-1.4724808931350708,0.1614631712436676,2.7654459476470947,5.742127895355225,7.018523693084717,12.970516204833984,17.39352035522461,9.290156364440918,2.1065673828125,1.9281346797943115,3.260474681854248,4.543943881988525,3.5892391204833984,-5.327663898468018,-10.911005973815918,-8.09499740600586,-4.807971477508545,-1.3546867370605469,-1.5056302547454834,-5.711103916168213,-4.722789764404297,-3.0955777168273926,-4.441460609436035,-5.406002521514893,-6.287267208099365,-5.90714168548584,-3.7422916889190674,-3.42895245552063,-4.095190048217773,-3.5918161869049072,-2.937627077102661,-2.067580223083496,-1.2454131841659546,-0.8738085031509399,0.9003046751022339,3.2683053016662598,3.5748815536499023,1.4627697467803955,-0.5871985554695129,0.07164762169122696,1.7487266063690186,4.7377142906188965,10.851325988769531
-0.4205871522426605,3.316549777984619,8.430527687072754,9.074752807617188,7.584375858306885,13.367293357849121,17.356060028076172,7.716838359832764,1.5666611194610596,2.492396831512451,4.130752086639404,4.560920715332031,0.013165395706892014,-7.244107246398926,-9.659191131591797,-6.808447360992432,-3.8928415775299072,-3.986710548400879,-6.33262825012207,-5.2803544998168945,-4.1730637550354,-4.330406188964844,-5.536623954772949,-5.863358497619629,-4.660246849060059,-5.055082321166992,-4.623175621032715,-4.321974277496338,-4.365830898284912,-4.241541385650635,-3.7066779136657715,-2.3063316345214844,0.33145418763160706,2.663555383682251,3.613858938217163,4.161876678466797,3.8329694271087646,1.133553147315979,-0.8586145639419556,0.7529904246330261,3.1946802139282227,5.875121116638184,12.131895065307617
4.91310453414917,10.481855392456055,11.447014808654785,8.230778694152832,5.992062568664551,14.645517349243164,19.069927215576172,7.476013660430908,3.012152910232544,4.517983913421631,3.8838841915130615,-1.4452589750289917,-7.189726829528809,-9.596190452575684,-9.764573097229004,-8.337089538574219,-8.3047513961792,-8.336058616638184,-5.731874465942383,-3.587789297103882,-2.653423309326172,-5.3496994972229,-6.473755836486816,-5.173766136169434,-4.95437479019165,-4.524518013000488,-4.158120632171631,-3.6936583518981934,-3.258065700531006,-2.6840412616729736,-1.7435890436172485,-0.8928601145744324,1.4920908212661743,4.5409836769104,5.610392093658447,4.761161804199219,4.430777072906494,2.3405492305755615,0.6307252645492554,2.3065080642700195,3.888701915740967,5.64252233505249,9.75732135772705
