data/wind_data/wind_60_5.json
{"header": {"parameterUnit": "KT", "parameterCategory": 2, "nx": 256, "ny": 198, "lo1": 44.73521041870117, "la1": -3.236724853515625, "lo2": 111.26478576660156, "la2": 43.468475341796875, "dx": 0.2609002888202667, "dy": -0.23708222806453705, "refTime": "2025-02-21 12:00:00", "forecastTime": 0, "parameterNumber": 2, "parameterNumberName": "eastward_wind"}, "data":
[rows 57 to 75 of 198, columns 0 to 43 of 256]
-7.662800312042236,-9.241266250610352,-9.397442817687988,-9.622332572937012,-9.469169616699219,-10.384718894958496,-11.306947708129883,-11.905122756958008,-12.587613105773926,-12.79499340057373,-12.25040054321289,-11.411932945251465,-11.142786979675293,-11.201764106750488,-10.806093215942383,-10.16137409210205,-10.096487045288086,-10.650524139404297,-10.848366737365723,-11.255620002746582,-12.775541305541992,-13.496536254882812,-12.399683952331543,-11.146349906921387,-11.294151306152344,-11.943255424499512,-12.264327049255371,-12.286151885986328,-12.126958847045898,-11.928520202636719,-11.978947639465332,-12.217022895812988,-12.489602088928223,-12.741403579711914,-13.0762357711792,-13.548267364501953,-13.872377395629883,-13.941792488098145,-14.023834228515625,-13.918270111083984,-13.553519248962402,-13.14479923248291,-12.94398021697998,-12.753107070922852
-6.3837056159973145,-7.831954479217529,-8.113263130187988,-8.412810325622559,-8.384602546691895,-9.232535362243652,-9.745311737060547,-10.237598419189453,-10.926332473754883,-11.254966735839844,-10.84080982208252,-10.301802635192871,-10.316327095031738,-10.427343368530273,-10.013672828674316,-9.380452156066895,-9.082036972045898,-9.268556594848633,-9.842902183532715,-10.762104988098145,-11.573034286499023,-11.527116775512695,-10.888274192810059,-10.486671447753906,-10.411483764648438,-10.496663093566895,-10.741706848144531,-10.827917098999023,-10.712295532226562,-10.560406684875488,-10.56268310546875,-10.777981758117676,-11.147966384887695,-11.327458381652832,-11.332834243774414,-11.74705982208252,-12.36076545715332,-12.600773811340332,-12.621904373168945,-12.594165802001953,-12.468689918518066,-12.19040584564209,-11.889288902282715,-11.598352432250977
-5.329458236694336,-6.740880966186523,-6.9833574295043945,-7.387182712554932,-7.6139726638793945,-7.566452980041504,-7.944887161254883,-8.306598663330078,-9.000882148742676,-9.591621398925781,-9.521809577941895,-9.079316139221191,-8.9892578125,-9.081582069396973,-8.97000789642334,-8.794781684875488,-8.592508316040039,-8.457733154296875,-8.798291206359863,-9.56932258605957,-10.152935981750488,-10.184676170349121,-9.853323936462402,-9.60683822631836,-9.386977195739746,-9.049524307250977,-8.986111640930176,-9.086030960083008,-9.018584251403809,-8.868640899658203,-8.774221420288086,-8.79332447052002,-9.11176872253418,-9.59393310546875,-9.656861305236816,-9.620575904846191,-10.17689323425293,-10.794044494628906,-11.100935935974121,-11.147472381591797,-11.055885314941406,-10.928799629211426,-10.799070358276367,-10.603724479675293
-4.506988525390625,-5.930706024169922,-5.878420829772949,-6.24612283706665,-6.771118640899658,-5.664655685424805,-5.983100414276123,-6.2315521240234375,-6.828141212463379,-7.434582233428955,-7.729945659637451,-7.677612781524658,-7.622324466705322,-7.702898979187012,-7.854314804077148,-7.955307483673096,-7.91035795211792,-7.8409247398376465,-8.062348365783691,-8.510086059570312,-8.896737098693848,-8.9796142578125,-8.779914855957031,-8.540156364440918,-8.181432723999023,-7.725918769836426,-7.501842975616455,-7.431779384613037,-7.338193416595459,-7.210075855255127,-7.021225452423096,-6.911924362182617,-7.037439823150635,-7.4489665031433105,-7.635103702545166,-7.423872470855713,-7.7673163414001465,-8.645557403564453,-9.240797996520996,-9.490410804748535,-9.499785423278809,-9.475157737731934,-9.518903732299805,-9.402117729187012
-3.5259339809417725,-4.377906322479248,-4.261905193328857,-4.436148643493652,-4.871586322784424,-4.0672221183776855,-4.144895076751709,-4.238519668579102,-4.566933631896973,-4.849058628082275,-5.123838424682617,-5.500166416168213,-5.940207004547119,-6.294612884521484,-6.569827556610107,-6.761438369750977,-6.778463840484619,-6.738765239715576,-6.884058952331543,-7.310565948486328,-7.884584426879883,-8.22716236114502,-8.049144744873047,-7.5194878578186035,-6.960509300231934,-6.566509246826172,-6.322212219238281,-6.092342853546143,-5.871366500854492,-5.690964698791504,-5.531822204589844,-5.4016008377075195,-5.360998630523682,-5.564781665802002,-5.828004360198975,-5.856200218200684,-6.138416290283203,-6.978118896484375,-7.70481538772583,-7.985325813293457,-7.999701023101807,-7.96080207824707,-8.03653335571289,-8.0519380569458
-2.2095603942871094,-2.673382043838501,-2.424442768096924,-2.2832565307617188,-1.8068593740463257,-2.190662384033203,-2.572748899459839,-2.3599653244018555,-2.251232862472534,-2.1965818405151367,-2.3895957469940186,-2.8725779056549072,-3.636650323867798,-4.345144748687744,-4.820009231567383,-5.123837947845459,-5.228129863739014,-5.220557689666748,-5.3326897621154785,-5.744357585906982,-6.527299404144287,-7.284955978393555,-7.408205032348633,-6.8628830909729,-6.125729560852051,-5.628844261169434,-5.330870151519775,-5.038179397583008,-4.751003742218018,-4.49979305267334,-4.255277633666992,-4.0815887451171875,-3.9894285202026367,-4.023388862609863,-4.331606388092041,-4.703377723693848,-5.185291767120361,-5.889296054840088,-6.485422134399414,-6.717894077301025,-6.77319860458374,-6.696944713592529,-6.5945725440979,-6.597789287567139
-0.48284757137298584,0.5740721225738525,-0.07463514059782028,-0.15319660305976868,0.6970694065093994,0.5149591565132141,-0.44687527418136597,-0.47981709241867065,-0.1865469515323639,0.37415048480033875,0.4802427291870117,-0.1724867820739746,-1.1737812757492065,-1.9811195135116577,-2.5738203525543213,-3.0827243328094482,-3.457820177078247,-3.562213659286499,-3.661684989929199,-4.032865524291992,-4.786130905151367,-5.707122325897217,-6.23992919921875,-6.13932991027832,-5.7031121253967285,-5.144787788391113,-4.623111248016357,-4.233913898468018,-3.9661691188812256,-3.6336328983306885,-3.3524210453033447,-3.194028377532959,-2.9843809604644775,-2.711495876312256,-2.6283981800079346,-2.8437325954437256,-3.3998403549194336,-4.176605701446533,-4.866228103637695,-5.253879547119141,-5.388385772705078,-5.349991798400879,-5.296660423278809,-5.1872172355651855
1.6752750873565674,2.0770373344421387,1.9995228052139282,2.24892520904541,2.5622293949127197,2.4288156032562256,2.257934808731079,2.174851655960083,1.8653440475463867,2.0363388061523438,2.5039079189300537,2.5046770572662354,1.7536678314208984,0.660301923751831,-0.25139641761779785,-1.0034892559051514,-1.6458357572555542,-1.9648314714431763,-2.0876224040985107,-2.3985753059387207,-2.988466501235962,-3.7466254234313965,-4.461208343505859,-4.824146270751953,-4.86293888092041,-4.688661098480225,-4.225490570068359,-3.6482973098754883,-3.2268600463867188,-2.8892440795898438,-2.5892140865325928,-2.485267400741577,-2.4486138820648193,-2.198579788208008,-1.7713332176208496,-1.4063708782196045,-1.362505316734314,-1.7413545846939087,-2.488856792449951,-3.184138059616089,-3.5446465015411377,-3.6677169799804688,-3.83288311958313,-3.8022632598876953
4.095119953155518,6.155749320983887,5.493828773498535,5.643710613250732,5.499903202056885,4.6194610595703125,4.301849842071533,4.46885871887207,4.261829853057861,3.869144916534424,4.182845592498779,4.674026966094971,4.430026531219482,3.4999425411224365,2.4680542945861816,1.3624956607818604,0.2995172441005707,-0.341339111328125,-0.47633427381515503,-0.8124476075172424,-1.4365098476409912,-1.9746794700622559,-2.5438168048858643,-3.0811805725097656,-3.506113290786743,-3.7233822345733643,-3.555131196975708,-3.1038877964019775,-2.436570405960083,-1.8883908987045288,-1.5836412906646729,-1.4704346656799316,-1.4213707447052002,-1.3312863111495972,-1.0712729692459106,-0.7596089243888855,-0.3400794267654419,0.059880223125219345,-0.01906229369342327,-0.5078955888748169,-1.033050775527954,-1.5223426818847656,-2.0103302001953125,-2.253408670425415
6.313925266265869,8.272525787353516,8.2455472946167,8.48295783996582,6.694056034088135,5.7537617683410645,5.9946608543396,6.346874237060547,6.339552879333496,5.841616630554199,5.128753185272217,5.266042232513428,5.970905780792236,6.179920196533203,5.1981306076049805,3.7127890586853027,2.438504934310913,1.5554693937301636,1.2333159446716309,1.0214250087738037,0.281617134809494,-0.5336941480636597,-1.077027440071106,-1.4124855995178223,-1.7704898118972778,-2.2183728218078613,-2.3883209228515625,-2.293905019760132,-1.7039949893951416,-0.9484773874282837,-0.363364040851593,-0.05642085149884224,-0.01090114377439022,-0.09543474018573761,0.03210046887397766,0.3390381634235382,0.6437519192695618,0.9606991410255432,1.3211891651153564,1.592237949371338,1.396941900253296,0.7703323364257812,0.0838695764541626,-0.39463379979133606
8.387001991271973,9.671308517456055,10.094125747680664,10.100638389587402,7.072275638580322,6.368590354919434,7.490336894989014,7.962418556213379,7.653964042663574,7.341956615447998,7.124646186828613,6.58827018737793,6.090602874755859,6.564722061157227,7.4467010498046875,6.931279182434082,5.141765117645264,3.5604279041290283,2.9079201221466064,2.7580385208129883,2.3258724212646484,1.3085846900939941,0.37863844633102417,0.0050302110612392426,-0.14382454752922058,-0.4063783884048462,-0.7208652496337891,-1.0202031135559082,-0.8835821151733398,-0.14945027232170105,0.39554840326309204,1.0038726329803467,1.4493703842163086,1.4992891550064087,1.2829782962799072,1.3005101680755615,1.6551172733306885,2.0675973892211914,2.3398489952087402,2.600250005722046,2.7147183418273926,2.3808295726776123,1.8361871242523193,1.3928821086883545
10.485416412353516,12.277153015136719,12.256484031677246,11.498592376708984,7.9650983810424805,7.695590019226074,9.27338981628418,9.836058616638184,9.623756408691406,8.71194076538086,8.268430709838867,8.073433876037598,7.3379597663879395,6.582706451416016,6.933836460113525,7.900259971618652,8.30447769165039,6.645129680633545,4.8236470222473145,4.193328857421875,3.9446628093719482,3.292994499206543,2.271246910095215,1.5967018604278564,1.3460217714309692,1.229556918144226,1.0470160245895386,0.7200517058372498,0.45040637254714966,0.7304320931434631,1.1240607500076294,1.6505155563354492,2.292508602142334,2.684701919555664,2.6643078327178955,2.409064292907715,2.4540317058563232,2.8112473487854004,3.149920701980591,3.4115450382232666,3.4481756687164307,3.161713123321533,2.8560116291046143,2.6267292499542236
12.495548248291016,13.685368537902832,13.320631980895996,12.439685821533203,9.537270545959473,9.754677772521973,11.129334449768066,11.668911933898926,11.648666381835938,10.993339538574219,9.986773490905762,9.350996971130371,8.811151504516602,8.17055892944336,8.130146026611328,8.340365409851074,8.948066711425781,8.744561195373535,7.573995113372803,6.708306789398193,5.947583198547363,5.132218837738037,4.349947929382324,3.6487791538238525,3.1767561435699463,2.9349541664123535,2.716846227645874,2.5886428356170654,2.3506851196289062,2.0382080078125,2.1296088695526123,2.4552927017211914,2.977656364440918,3.4227192401885986,3.54187273979187,3.437701463699341,3.3884689807891846,3.567073345184326,3.782136917114258,3.8887557983398438,3.882246255874634,3.6630167961120605,3.430650472640991,3.342463254928589
14.688185691833496,14.532724380493164,13.497674942016602,13.074186325073242,12.68570327758789,12.698460578918457,13.049777030944824,13.201797485351562,13.040005683898926,12.69834041595459,12.211658477783203,11.661480903625488,11.157383918762207,10.575321197509766,9.986435890197754,9.792878150939941,9.610124588012695,9.9424409866333,10.215301513671875,10.294380187988281,10.253500938415527,9.729816436767578,8.316534042358398,6.4529337882995605,5.352566242218018,4.980050563812256,4.580564975738525,4.2770185470581055,4.029659271240234,3.6137197017669678,3.3683409690856934,3.324528217315674,3.625709056854248,3.9297749996185303,3.9633679389953613,4.000400543212891,4.184892177581787,4.399735450744629,4.452489376068115,4.360227584838867,4.19998836517334,4.019400596618652,3.8059282302856445,3.6620664596557617
16.23649787902832,15.889013290405273,14.218786239624023,13.939715385437012,15.030678749084473,14.921407699584961,14.82206916809082,14.595766067504883,14.232179641723633,14.16289234161377,14.413546562194824,14.72382640838623,14.379938125610352,13.414786338806152,12.594050407409668,12.287810325622559,12.138285636901855,11.913036346435547,11.997421264648438,12.473047256469727,12.828885078430176,12.779646873474121,12.301419258117676,11.484126091003418,10.179353713989258,8.80646800994873,7.478862762451172,6.489393711090088,5.871310710906982,5.316905975341797,4.867672443389893,4.503558158874512,4.4686994552612305,4.294742584228516,3.964725971221924,3.9790427684783936,4.453998565673828,5.0002007484436035,5.241955280303955,5.142537593841553,4.856771469116211,4.502960681915283,4.106045246124268,3.928154230117798
17.185344696044922,17.462158203125,15.041077613830566,14.925277709960938,16.264429092407227,16.246461868286133,16.06446647644043,15.771912574768066,15.46207332611084,15.8656644821167,16.67061996459961,16.981412887573242,16.622074127197266,15.759156227111816,15.073920249938965,14.980254173278809,15.064908981323242,14.759293556213379,14.282621383666992,14.19624137878418,14.378982543945312,14.791479110717773,14.686707496643066,14.388042449951172,14.160656929016113,14.19451904296875,12.624103546142578,9.79028606414795,7.977235317230225,6.961065769195557,6.372132301330566,6.179029941558838,6.012358665466309,5.626791477203369,4.941336631774902,4.295309066772461,4.339461803436279,4.946690082550049,5.58686637878418,5.909307479858398,5.821366310119629,5.486454010009766,4.896275997161865,4.448976039886475
17.681501388549805,19.11724853515625,16.689453125,16.201440811157227,17.323932647705078,17.42649269104004,17.298046112060547,16.947349548339844,16.678274154663086,17.1503849029541,17.595258712768555,17.590055465698242,17.408206939697266,17.222877502441406,16.921730041503906,16.851118087768555,16.86444091796875,16.627504348754883,16.324676513671875,16.073959350585938,16.294111251831055,16.4554443359375,16.375703811645508,16.40996551513672,15.879886627197266,15.605775833129883,15.782944679260254,14.250045776367188,11.19731330871582,8.701053619384766,7.622742176055908,7.690102577209473,7.590696811676025,7.214030742645264,6.753977298736572,6.072205543518066,5.422056198120117,5.206048011779785,5.6045122146606445,6.277763366699219,6.634146690368652,6.484308242797852,6.043500900268555,5.513003826141357
17.21798324584961,18.464893341064453,18.153995513916016,17.651586532592773,18.42706298828125,18.36067771911621,18.067182540893555,17.733070373535156,17.40441131591797,17.63739013671875,17.93300437927246,18.061908721923828,18.23735237121582,18.406692504882812,18.320133209228516,18.25914764404297,18.181663513183594,17.743810653686523,17.475200653076172,17.737194061279297,18.139432907104492,18.17984390258789,18.072376251220703,18.071430206298828,17.347824096679688,16.115386962890625,15.903428077697754,16.364215850830078,14.308613777160645,10.545405387878418,8.827497482299805,9.006155014038086,8.956639289855957,8.52719497680664,8.096145629882812,7.7021355628967285,7.116323947906494,6.391090393066406,6.04865026473999,6.470531463623047,7.092039108276367,7.249311447143555,6.905375957489014,6.400649547576904
20.012605667114258,20.454660415649414,19.713909149169922,19.466575622558594,20.216552734375,19.933612823486328,19.40162467956543,19.15180015563965,18.727130889892578,18.464778900146484,18.71874237060547,19.28057861328125,20.002111434936523,20.23733139038086,19.90712547302246,19.734359741210938,19.549659729003906,18.7709903717041,18.076265335083008,18.212295532226562,18.717575073242188,18.87247085571289,18.588773727416992,18.2744140625,17.819072723388672,16.882568359375,15.886083602905273,15.803145408630371,16.06676483154297,14.652787208557129,12.126937866210938,10.517358779907227,10.017172813415527,9.868207931518555,9.415789604187012,8.856106758117676,8.402106285095215,7.967295169830322,7.474165916442871,7.288419246673584,7.489848613739014,7.753809928894043,7.585111141204834,7.135169982910156
