data/wind_data/wind_8_0.json
{"header": {"parameterUnit": "KT", "parameterCategory": 2, "nx": 255, "ny": 198, "lo1": 44.73521041870117, "la1": -3.236724853515625, "lo2": 111.26478576660156, "la2": 43.468475341796875, "dx": 0.26192745566368103, "dy": -0.23708222806453705, "refTime": "2025-02-19 08:00:00", "forecastTime": 0, "parameterNumber": 3, "parameterNumberName": "northward_wind"}, "data":
[rows 133 to 151 of 198, columns 86 to 128 of 255]
5.521260738372803,3.218003511428833,5.533381938934326,10.549026489257812,13.98004150390625,11.872773170471191,12.410455703735352,14.781192779541016,16.09749984741211,16.13872718811035,14.696695327758789,9.580098152160645,1.4478458166122437,-1.2259039878845215,-4.700754642486572,-6.960256576538086,-6.672732353210449,-5.07603645324707,-1.5214567184448242,1.4388949871063232,3.2770400047302246,3.3859970569610596,3.9218077659606934,4.2446136474609375,4.4205498695373535,4.1357927322387695,3.842214345932007,4.4128594398498535,4.353257656097412,4.07765531539917,3.765638828277588,3.3610010147094727,2.731067657470703,2.145554304122925,1.8552955389022827,0.9015726447105408,0.5359598994255066,0.33014315366744995,0.6530796885490417,1.566301703453064,2.770935297012329,4.61639928817749,6.0507941246032715
10.992691993713379,8.352200508117676,10.45769214630127,13.893194198608398,14.092583656311035,11.666748046875,13.440574645996094,15.860206604003906,17.86170768737793,17.273536682128906,15.20068359375,8.971871376037598,2.1034834384918213,-1.1310890913009644,-2.091315746307373,-1.7864049673080444,-3.5856709480285645,-2.883047580718994,1.1188349723815918,3.745251417160034,4.284989833831787,3.8871796131134033,3.479532241821289,3.7751071453094482,3.3737359046936035,1.945517897605896,2.61905574798584,3.429643392562866,3.534623622894287,3.1191797256469727,2.7855277061462402,2.5532617568969727,2.4176316261291504,1.7712980508804321,1.2261102199554443,0.5867842435836792,0.10379649698734283,0.505792498588562,1.335089921951294,1.2671252489089966,3.6781368255615234,5.209659099578857,6.803110122680664
16.139829635620117,15.727288246154785,16.963329315185547,16.504011154174805,14.416979789733887,12.950167655944824,14.849849700927734,17.164859771728516,17.92168617248535,16.8963680267334,12.745872497558594,6.794199466705322,2.2255051136016846,-1.8290472030639648,-1.6873066425323486,-0.3467664122581482,-1.8973437547683716,-1.6760050058364868,2.0491530895233154,5.714786529541016,5.778920650482178,5.246176242828369,5.0163350105285645,4.266906261444092,4.213964939117432,3.0010673999786377,3.5280559062957764,3.0674009323120117,2.9706194400787354,2.7218565940856934,2.2928147315979004,1.7346380949020386,1.37548828125,0.8884896636009216,0.40602371096611023,0.20782621204853058,1.0081928968429565,2.4590790271759033,3.6313304901123047,3.9148497581481934,5.853968620300293,6.372065544128418,6.235849380493164
17.03008270263672,18.80622673034668,18.078737258911133,15.554726600646973,13.135701179504395,9.746743202209473,10.442164421081543,14.478978157043457,17.490161895751953,16.36639976501465,11.442716598510742,6.207486629486084,2.857118606567383,-0.8882310390472412,-0.859437882900238,-0.14711734652519226,-0.8520640730857849,-0.10546806454658508,2.811776876449585,4.369303226470947,4.186298847198486,4.332390785217285,3.913032054901123,3.85040283203125,2.8645122051239014,3.894723892211914,2.8075664043426514,2.5068187713623047,2.0248711109161377,2.5166261196136475,2.2591195106506348,1.8829503059387207,1.2523548603057861,0.7746332287788391,0.2554391622543335,1.0385119915008545,1.9780739545822144,4.622328281402588,5.6496734619140625,5.642773628234863,8.58285903930664,6.766674518585205,6.473439693450928
15.544062614440918,16.477697372436523,13.337809562683105,14.361245155334473,12.154553413391113,7.7801513671875,5.757046222686768,6.996634006500244,12.316455841064453,14.671385765075684,11.608701705932617,6.92591667175293,5.006375312805176,1.9654278755187988,0.7365448474884033,-0.08173882216215134,-0.902197003364563,1.566274881362915,3.1442880630493164,2.7483253479003906,2.35636305809021,2.4686641693115234,2.999002456665039,1.7667688131332397,1.862350583076477,2.4790592193603516,2.590592384338379,2.8545515537261963,2.83120059967041,2.5751404762268066,1.6175782680511475,-0.41063424944877625,-1.104366421699524,-0.4985424280166626,0.15143124759197235,1.0654265880584717,2.3612945079803467,4.7870774269104,5.391891956329346,4.725505352020264,9.156025886535645,8.392038345336914,6.995412826538086
12.701776504516602,15.677732467651367,15.024358749389648,15.306520462036133,13.799548149108887,11.656136512756348,6.62457275390625,2.86360502243042,2.9503328800201416,9.716435432434082,11.058361053466797,8.562666893005371,7.104828834533691,4.417843818664551,2.247098684310913,-0.19681036472320557,0.2844218909740448,3.718888759613037,3.249539375305176,1.8177211284637451,0.9664581418037415,1.2869935035705566,0.7660020589828491,0.090785451233387,1.3052688837051392,1.884563684463501,1.669012188911438,1.2330961227416992,2.8515846729278564,1.8913562297821045,1.313521385192871,0.4348205327987671,-0.2351771742105484,-0.5402051210403442,0.6842583417892456,1.8790736198425293,3.455845594406128,4.672013759613037,5.307590961456299,3.468393564224243,5.7871928215026855,6.961743354797363,5.696057319641113
2.494601011276245,13.442214965820312,18.379030227661133,18.166160583496094,17.218076705932617,13.998567581176758,7.254594802856445,2.4121601581573486,0.002271376084536314,4.87606143951416,8.835555076599121,8.408356666564941,7.467218399047852,6.118923664093018,3.722675323486328,1.3384416103363037,2.666274070739746,5.122132301330566,3.2557268142700195,1.455522894859314,0.8894506096839905,0.48262566328048706,1.3645625114440918,2.388355016708374,1.5434709787368774,1.255706548690796,1.710159420967102,1.5580726861953735,1.0138084888458252,2.2835752964019775,1.8586430549621582,1.840593695640564,0.9129917025566101,-0.14133189618587494,-0.19717949628829956,1.0905375480651855,1.4577332735061646,1.2455449104309082,2.5880401134490967,2.651759147644043,2.908625602722168,3.550903558731079,5.363943099975586
-6.2719244956970215,4.6118268966674805,18.28403091430664,20.600191116333008,18.190580368041992,10.63555908203125,5.5189619064331055,3.9693710803985596,2.10756516456604,1.3523006439208984,3.554558277130127,4.724332332611084,6.748388290405273,7.9202561378479,6.238476276397705,3.6269586086273193,3.3809571266174316,3.7748916149139404,1.924031376838684,0.7927229404449463,0.9186087250709534,0.8198747038841248,1.9276996850967407,2.375037431716919,2.089707851409912,1.1494637727737427,2.10646915435791,3.5107359886169434,2.600935935974121,1.101344108581543,1.3302196264266968,1.949329137802124,0.7268940806388855,-0.045270275324583054,-1.1188879013061523,-1.2960599660873413,-0.5957037806510925,0.06360840797424316,0.9262838363647461,2.3889482021331787,3.5945255756378174,6.856958389282227,5.788145065307617
-5.496680736541748,-2.7198281288146973,12.92099666595459,21.710391998291016,16.970073699951172,9.329123497009277,6.730981349945068,5.929944038391113,3.6411027908325195,1.1369761228561401,0.4899488389492035,3.2419519424438477,7.741456508636475,9.680509567260742,7.926355838775635,3.9811222553253174,1.3190799951553345,0.8481557369232178,0.29263538122177124,0.13280528783798218,-0.567222535610199,0.3747745156288147,0.307175874710083,1.0007343292236328,1.1818417310714722,1.6475136280059814,1.4149147272109985,1.8187155723571777,3.000059127807617,1.7297991514205933,2.0362396240234375,1.141040563583374,0.13930727541446686,-0.35325169563293457,-0.7732878923416138,-0.5388776659965515,1.0723718404769897,2.3474488258361816,2.9758238792419434,5.247012615203857,5.3884968757629395,11.313482284545898,6.741998195648193
-2.993405342102051,-4.380762577056885,-0.015112870372831821,15.540864944458008,18.176179885864258,12.558006286621094,8.94125747680664,6.327398300170898,7.17515754699707,5.831093788146973,3.3771564960479736,5.161215782165527,9.043686866760254,10.156103134155273,7.551612854003906,1.719577670097351,-1.0495086908340454,-0.42776575684547424,1.7956517934799194,1.4139550924301147,-0.33440619707107544,-0.14908333122730255,0.23250706493854523,0.3978773057460785,1.1735402345657349,1.1443012952804565,1.2364751100540161,1.096516489982605,2.472921133041382,3.727814197540283,3.384739875793457,1.5463359355926514,0.28031814098358154,0.2771936058998108,3.076770782470703,4.442043304443359,3.5688180923461914,4.518272399902344,5.464486122131348,8.418303489685059,3.978543519973755,8.369837760925293,9.11386489868164
-4.107016086578369,-4.23687219619751,-6.307498931884766,0.9028216004371643,15.05197811126709,15.157055854797363,10.239715576171875,8.407868385314941,10.288029670715332,9.7297945022583,9.028382301330566,10.050873756408691,9.766889572143555,8.170855522155762,4.6832475662231445,-0.3223855495452881,-2.1757540702819824,-1.961100697517395,0.9835890531539917,0.9943323135375977,-0.5214748382568359,0.2368004471063614,0.701508641242981,0.02231578156352043,0.37059900164604187,1.0476257801055908,2.28786563873291,3.0874087810516357,3.3848800659179688,3.6577415466308594,3.097862720489502,3.8458454608917236,3.205902099609375,3.215646266937256,6.993088245391846,6.976533889770508,5.999690055847168,8.191350936889648,8.578754425048828,9.563161849975586,5.368223190307617,3.6731512546539307,8.865842819213867
-3.673543691635132,-3.9325950145721436,-5.317895889282227,-5.957650184631348,5.720700740814209,12.974367141723633,11.294817924499512,10.723160743713379,11.67116928100586,12.242920875549316,14.680902481079102,14.511079788208008,9.151187896728516,5.781145095825195,2.3503284454345703,-0.2508145272731781,-1.962807059288025,-4.0185956954956055,-3.634606122970581,-3.4489638805389404,-2.9988203048706055,-1.4554091691970825,-0.8787585496902466,-0.6075831055641174,1.3986252546310425,2.6578314304351807,3.496413230895996,4.458254814147949,3.998239278793335,4.081876754760742,4.0244646072387695,5.904429912567139,7.361872673034668,7.568953990936279,7.772489547729492,4.989073276519775,6.088108062744141,9.646088600158691,10.115731239318848,9.785615921020508,7.703099250793457,3.9292545318603516,4.267921447753906
-1.5670068264007568,-4.2970757484436035,-7.574772357940674,-6.668935298919678,0.27154412865638733,10.66211223602295,14.047937393188477,12.771767616271973,12.244239807128906,12.631821632385254,14.004355430603027,11.642290115356445,7.363424301147461,5.716754913330078,2.868948221206665,-0.4924451410770416,-2.5860698223114014,-4.9219255447387695,-5.333432197570801,-5.490433216094971,-4.580292701721191,-3.2901391983032227,-2.7382760047912598,-0.3023165762424469,1.1392911672592163,2.600177526473999,4.671700477600098,5.187330722808838,4.994030952453613,4.303863525390625,5.873571872711182,7.729874610900879,10.250627517700195,9.614972114562988,7.219956874847412,3.6700475215911865,6.39168643951416,9.674317359924316,11.426637649536133,11.685580253601074,8.86168384552002,4.808199882507324,1.6593316793441772
0.15389759838581085,-3.94244384765625,-7.965732097625732,-8.691895484924316,-3.922389030456543,9.63839054107666,15.189909934997559,12.796895027160645,10.064443588256836,9.219222068786621,8.910720825195312,8.25804328918457,8.318901062011719,7.909931182861328,2.541029453277588,-2.696253538131714,-5.523000240325928,-6.738631725311279,-5.9636383056640625,-5.22513484954834,-4.085119724273682,-3.2338407039642334,-2.022975444793701,0.5426223874092102,2.5339908599853516,3.4903950691223145,5.768798351287842,6.299864292144775,6.440559387207031,6.7435784339904785,7.153091907501221,7.419145107269287,8.828096389770508,8.372627258300781,5.815877914428711,5.249927520751953,9.33547306060791,11.339095115661621,12.415810585021973,11.1337890625,6.361127853393555,4.056144714355469,1.9505565166473389
4.674084186553955,0.3454325497150421,-2.6921215057373047,-6.985543251037598,-7.463237762451172,5.007840633392334,13.631470680236816,11.307353019714355,8.208373069763184,7.5614824295043945,7.2954583168029785,8.711572647094727,9.095304489135742,7.170446395874023,2.5322556495666504,-4.362024307250977,-7.717583656311035,-8.428166389465332,-6.919989109039307,-5.2902069091796875,-3.584237575531006,-1.9208885431289673,-0.725857675075531,1.6059319972991943,4.257566452026367,5.548958778381348,6.513650417327881,7.581905364990234,9.19922161102295,10.366844177246094,10.026321411132812,8.046536445617676,7.703506946563721,6.704649448394775,7.361454486846924,8.886980056762695,13.016115188598633,13.645153999328613,11.67726993560791,7.926711082458496,5.370776176452637,6.102484703063965,4.6286540031433105
9.297001838684082,8.464011192321777,3.7621729373931885,-1.809296727180481,-6.823342323303223,-3.223154306411743,10.225288391113281,12.725348472595215,9.793498992919922,9.589951515197754,7.854227066040039,7.745437145233154,8.2371187210083,7.985321521759033,4.626708030700684,-5.154452800750732,-8.34912109375,-9.267875671386719,-7.328490734100342,-5.311684608459473,-3.680530309677124,-1.393697738647461,1.0299060344696045,4.020762920379639,6.148573398590088,7.409854888916016,7.425384998321533,9.095440864562988,10.731209754943848,11.789802551269531,10.963717460632324,7.74238920211792,6.927396297454834,6.2573676109313965,10.478267669677734,12.808394432067871,14.993303298950195,13.10071849822998,9.453422546386719,8.959877967834473,9.260454177856445,8.304266929626465,6.528813362121582
12.51528549194336,11.87844181060791,6.866243362426758,0.3951086401939392,-5.6801042556762695,-7.914613246917725,-1.4643373489379883,5.906538486480713,9.817704200744629,9.391178131103516,8.520079612731934,8.609282493591309,10.934660911560059,9.106398582458496,0.4808093309402466,-7.106499671936035,-8.742754936218262,-8.046675682067871,-6.610694408416748,-4.7310357093811035,-2.865046977996826,-0.507560133934021,3.831362247467041,7.081999778747559,9.085064888000488,9.246442794799805,9.451565742492676,11.02265453338623,8.403610229492188,3.644157648086548,5.408321857452393,8.54688549041748,8.485071182250977,10.319672584533691,13.150467872619629,13.14558219909668,13.611319541931152,10.525413513183594,6.6921467781066895,6.001951217651367,6.702064037322998,7.346181392669678,8.879886627197266
11.939659118652344,11.01412296295166,6.982369899749756,0.9408407807350159,-4.6953959465026855,-6.2392683029174805,-7.500897407531738,-4.4399542808532715,10.05037784576416,9.603192329406738,10.693870544433594,8.815053939819336,4.789530277252197,-1.47021484375,-7.242071628570557,-8.361536026000977,-7.499641418457031,-5.937465190887451,-4.4161505699157715,-2.833124876022339,-1.0104970932006836,1.2955896854400635,6.083861351013184,10.590559959411621,11.279642105102539,11.19568157196045,11.01321792602539,6.440674781799316,1.1355804204940796,-1.0867215394973755,2.5489583015441895,7.93124532699585,11.1482572555542,16.02118682861328,15.92163372039795,14.504594802856445,12.99533462524414,6.40077018737793,-0.8813272714614868,-4.2092485427856445,1.5819510221481323,7.23037576675415,9.303483009338379
8.62818431854248,8.457067489624023,5.269632816314697,2.71939754486084,-0.8739207983016968,-3.6437528133392334,-5.960445404052734,-7.204497337341309,2.6772100925445557,7.397297382354736,4.830155849456787,-0.6361916661262512,-4.454645156860352,-5.517703533172607,-4.7672014236450195,-5.432679176330566,-5.363750457763672,-3.280773639678955,-1.3809683322906494,-0.020443029701709747,1.1370762586593628,3.5186574459075928,8.507634162902832,11.596277236938477,11.374342918395996,10.42949390411377,4.752822399139404,-1.6629728078842163,-1.340380311012268,3.596615791320801,5.964260101318359,10.316722869873047,11.26420783996582,18.454233169555664,17.27791976928711,12.080945014953613,9.344517707824707,4.352111339569092,-5.322539329528809,-6.461666107177734,1.9884085655212402,6.962257385253906,5.944718360900879
