data/wind_data/wind_66_8.json
{"header": {"parameterUnit": "KT", "parameterCategory": 2, "nx": 256, "ny": 198, "lo1": 44.73521041870117, "la1": -3.236724853515625, "lo2": 111.26478576660156, "la2": 43.468475341796875, "dx": 0.2609002888202667, "dy": -0.23708222806453705, "refTime": "2025-02-21 18:00:00", "forecastTime": 0, "parameterNumber": 2, "parameterNumberName": "eastward_wind"}, "data":
[rows 152 to 170 of 198, columns 176 to 219 of 256]
43.322166442871094,42.27765655517578,42.75273513793945,45.33708190917969,47.99652862548828,48.66181945800781,47.48830032348633,47.41002655029297,50.13490295410156,53.8248405456543,54.66205596923828,51.32315444946289,46.702823638916016,44.3945198059082,44.88174819946289,46.19962692260742,46.185272216796875,44.50040054321289,42.93461227416992,43.53959274291992,46.39521408081055,49.64583206176758,51.037899017333984,50.06763458251953,48.34310531616211,48.01826095581055,49.217376708984375,49.55342102050781,47.70168685913086,46.00979995727539,46.70094299316406,49.35108947753906,51.82050323486328,52.47359848022461,50.58300018310547,45.94175720214844,41.28815460205078,40.92757034301758,44.59598922729492,49.147552490234375,52.109561920166016,52.99564743041992,52.55696487426758,51.398101806640625
42.286293029785156,41.64229202270508,42.45450973510742,44.69743728637695,46.83561325073242,47.88077926635742,47.74092102050781,47.79938888549805,49.79497146606445,52.82716369628906,53.88623809814453,51.589141845703125,47.72209167480469,44.9281005859375,44.18437957763672,44.460166931152344,44.64865493774414,44.53450393676758,44.37213134765625,44.958736419677734,47.15231704711914,50.44576644897461,52.54572296142578,51.63226318359375,48.949134826660156,47.57927322387695,48.44905090332031,48.68976593017578,46.444358825683594,44.24903106689453,45.118324279785156,48.274993896484375,51.31621170043945,53.002376556396484,52.23527145385742,47.99992370605469,42.257972717285156,39.52128982543945,41.96572494506836,46.662200927734375,50.21938705444336,51.443763732910156,50.99147415161133,50.29185104370117
41.5621337890625,41.01020812988281,41.92063522338867,43.899192810058594,45.95927429199219,47.70244598388672,48.73713684082031,48.76663589477539,49.03840637207031,50.73366165161133,52.174468994140625,51.42930221557617,49.045135498046875,46.76669692993164,45.4995002746582,44.99756622314453,44.83823013305664,44.7520637512207,44.69516372680664,45.1742057800293,47.201141357421875,50.28038787841797,51.99491882324219,50.81884002685547,48.333229064941406,47.21050262451172,47.87295913696289,47.7895393371582,45.843570709228516,44.44973373413086,45.67719268798828,48.49188995361328,51.2783317565918,52.89200973510742,52.487361907958984,49.6497917175293,45.06578826904297,40.95554733276367,40.20060348510742,43.178001403808594,46.900909423828125,48.7955207824707,48.97690963745117,48.79083251953125
41.70750427246094,40.89126968383789,41.29814910888672,43.06427001953125,45.41361999511719,47.87974166870117,49.55994415283203,49.8258056640625,49.43115234375,49.358848571777344,49.574546813964844,49.60370635986328,49.220088958740234,48.240142822265625,46.568939208984375,44.765560150146484,43.928165435791016,44.31749725341797,45.47360610961914,47.0190544128418,48.74627685546875,50.21150588989258,50.524818420410156,49.39815902709961,47.57968521118164,46.29023361206055,45.91279602050781,45.879032135009766,45.852760314941406,46.140254974365234,47.15750503540039,48.599700927734375,50.305171966552734,51.83393096923828,51.770530700683594,49.65259552001953,46.73078155517578,43.845211029052734,41.607295989990234,41.59950256347656,44.035518646240234,46.16181182861328,45.864253997802734,44.419010162353516
42.2875862121582,41.17506790161133,40.917537689208984,42.35761642456055,44.75872039794922,47.08770751953125,48.80010986328125,49.75455856323242,49.73406982421875,48.504634857177734,47.11778259277344,46.743690490722656,46.8638801574707,46.08360290527344,44.423065185546875,43.25046920776367,43.38495635986328,44.47730255126953,46.1279411315918,48.15506362915039,49.89341354370117,50.30210494995117,49.10493087768555,47.083194732666016,45.07757568359375,43.420265197753906,42.928367614746094,44.30878448486328,46.44928741455078,47.76067352294922,48.166072845458984,48.60871505737305,49.64162826538086,50.83282470703125,51.13249969482422,50.36893844604492,48.90769958496094,46.48689270019531,43.42869567871094,41.88853073120117,43.12396240234375,44.80680465698242,43.945716857910156,40.9937858581543
42.252403259277344,41.08955764770508,40.5478401184082,41.33784484863281,43.05537033081055,44.68743896484375,46.094058990478516,47.61432647705078,48.42795181274414,47.26447677612305,44.99676513671875,43.52309036254883,42.84012222290039,42.11199951171875,41.877071380615234,42.43766784667969,43.18790054321289,44.066532135009766,45.62712860107422,47.741920471191406,49.23078155517578,49.16325378417969,47.71190643310547,45.45335388183594,43.053497314453125,41.50448989868164,41.91696548461914,44.245304107666016,46.877479553222656,48.21271514892578,48.25004959106445,48.180511474609375,48.90285110473633,50.213321685791016,51.39943313598633,51.62046813964844,49.77311706542969,46.08321762084961,42.618289947509766,41.7180061340332,43.20469284057617,44.249549865722656,42.82098388671875,40.61838150024414
40.93305587768555,40.34798812866211,40.4372673034668,40.6124267578125,40.85637664794922,41.356815338134766,42.336509704589844,43.939579010009766,45.32938766479492,45.11787033081055,43.29817581176758,41.26350021362305,40.19231414794922,40.472267150878906,41.838279724121094,42.99693298339844,42.67548370361328,42.14829635620117,43.249332427978516,45.35057830810547,46.865596771240234,47.33914566040039,46.591793060302734,44.230899810791016,41.6286506652832,40.97610092163086,42.54373550415039,45.004417419433594,46.94768524169922,47.6924934387207,47.75750732421875,48.088741302490234,49.11433029174805,50.53820037841797,52.166351318359375,52.35329055786133,49.85444641113281,45.52311706542969,42.06633758544922,41.46630859375,43.107357025146484,44.20255661010742,42.92679214477539,40.898399353027344
39.66239929199219,39.623779296875,40.13025665283203,39.97023391723633,39.21132278442383,38.909915924072266,39.68400573730469,41.072547912597656,42.69329071044922,43.58759307861328,42.72671890258789,41.14188003540039,40.518714904785156,41.00740432739258,41.904354095458984,42.30144119262695,41.90986633300781,41.83478546142578,42.83847427368164,43.96193313598633,44.54016876220703,45.097984313964844,44.97649383544922,42.84734344482422,40.4795036315918,40.72403335571289,43.206077575683594,45.205745697021484,45.66072082519531,45.78364944458008,46.49150466918945,47.72725296020508,48.80902099609375,49.513431549072266,50.22590255737305,49.99635696411133,48.16209030151367,45.476749420166016,43.41990661621094,42.581298828125,42.72008514404297,42.8377685546875,41.878509521484375,40.711753845214844
38.92015838623047,38.92723083496094,39.069374084472656,39.03651809692383,38.62303161621094,38.23473358154297,38.3968391418457,39.0616455078125,40.15177917480469,41.32301330566406,41.48533630371094,40.85670471191406,40.48914337158203,40.524295806884766,40.86355972290039,41.42094421386719,41.821022033691406,42.119266510009766,42.61613845825195,43.00634002685547,43.29636764526367,43.7747917175293,43.40831756591797,41.00883483886719,39.22041702270508,40.704315185546875,43.34272384643555,43.972023010253906,43.74272918701172,44.41341781616211,45.97734069824219,47.64838409423828,48.52938461303711,48.455596923828125,47.919578552246094,46.97126770019531,45.58313751220703,44.360233306884766,43.77216720581055,43.312469482421875,42.4317512512207,41.32451629638672,40.378990173339844,40.176021575927734
38.82344055175781,39.30735397338867,38.74761199951172,37.59699630737305,37.088680267333984,37.5394172668457,38.26472854614258,38.57376480102539,38.692806243896484,39.256591796875,39.78403091430664,39.614688873291016,39.29064178466797,39.38220977783203,39.90946960449219,40.75344467163086,41.54813003540039,42.031349182128906,42.45966720581055,42.841190338134766,42.93564224243164,42.79918670654297,41.52600860595703,39.306636810302734,39.0899772644043,41.54193878173828,43.44157791137695,43.436214447021484,43.245216369628906,44.05621337890625,45.6538200378418,47.18037414550781,47.842445373535156,47.3890380859375,46.30967712402344,45.27759552001953,44.62493896484375,44.34178924560547,44.108673095703125,43.59461212158203,42.85051345825195,42.119415283203125,41.450592041015625,40.923309326171875
39.10136032104492,39.6408576965332,39.199684143066406,37.40593719482422,35.88320541381836,35.97770690917969,37.106842041015625,38.071136474609375,38.64840316772461,38.98211669921875,38.870147705078125,38.233707427978516,37.8480339050293,38.31998062133789,39.44474411010742,40.67734909057617,41.59212875366211,41.89888000488281,41.91954040527344,42.07221221923828,42.18009567260742,41.57430648803711,39.308189392089844,37.19823455810547,38.42609405517578,41.30988693237305,42.99101257324219,43.14995574951172,43.14594268798828,43.98905563354492,45.34677505493164,46.32231140136719,46.43053436279297,45.80601119995117,44.91466522216797,44.40896224975586,44.40471267700195,44.63275146484375,44.72307586669922,44.54255676269531,44.2020263671875,43.555118560791016,42.24380874633789,40.72568130493164
38.79637908935547,39.56100845336914,39.66595458984375,38.18899917602539,36.14277648925781,35.34602355957031,36.029090881347656,37.143272399902344,38.10066604614258,38.589576721191406,38.2634391784668,37.48276901245117,37.2435302734375,37.97357177734375,39.16596603393555,40.26508331298828,40.88748550415039,40.87679672241211,40.61479568481445,40.84183120727539,41.626556396484375,41.268314361572266,38.11249542236328,35.28367614746094,36.890384674072266,39.791439056396484,41.18284606933594,41.51856994628906,41.92985916137695,42.84375762939453,43.969242095947266,44.76300048828125,45.106143951416016,45.16392517089844,44.735557556152344,44.14487838745117,44.10063934326172,44.668636322021484,45.46843719482422,46.141361236572266,46.00169372558594,44.59867477416992,42.31171798706055,40.03121566772461
37.87154006958008,38.3248176574707,38.849491119384766,38.293540954589844,36.794246673583984,35.731658935546875,35.75699996948242,36.32029724121094,36.89149856567383,37.35084915161133,37.404964447021484,37.024227142333984,36.67703628540039,36.855262756347656,37.52778244018555,38.318634033203125,38.88017272949219,39.03483581542969,39.065704345703125,39.71271896362305,41.070552825927734,40.846031188964844,37.41341781616211,34.86602783203125,36.63546371459961,38.86421203613281,39.559261322021484,39.866294860839844,40.3978385925293,41.058650970458984,41.78571319580078,42.6084098815918,43.5228271484375,44.313941955566406,44.555362701416016,44.300498962402344,44.269859313964844,44.94509506225586,46.040287017822266,46.7955436706543,46.36391067504883,44.79693603515625,42.76835632324219,40.72978591918945
37.20086669921875,37.11248779296875,37.276371002197266,37.008323669433594,36.236045837402344,35.7369270324707,35.789344787597656,35.94137191772461,35.98561096191406,36.14622116088867,36.28523254394531,35.97032165527344,35.42250442504883,35.39124298095703,36.096466064453125,37.079227447509766,37.80902862548828,37.98946762084961,37.95269012451172,38.57060241699219,39.58208465576172,39.12525939941406,36.66623306274414,35.48042297363281,37.32356262207031,38.8878059387207,38.888648986816406,38.722293853759766,38.96662902832031,39.32490158081055,39.89023208618164,40.919979095458984,42.31132888793945,43.63528060913086,44.46738815307617,44.743621826171875,44.899574279785156,45.334716796875,45.94098663330078,46.2578010559082,45.89816665649414,45.0002555847168,43.849609375,42.418033599853516
36.7737922668457,36.3717155456543,35.8135871887207,35.36343765258789,35.16769790649414,35.480411529541016,36.03096389770508,36.15592956542969,35.59417724609375,34.848873138427734,34.59300231933594,34.664302825927734,34.70703887939453,34.85390853881836,35.32072830200195,36.06050109863281,36.833396911621094,37.20872497558594,37.067054748535156,37.12554168701172,37.44989776611328,36.95590591430664,35.38716125488281,34.82938766479492,36.563011169433594,37.99594497680664,37.915061950683594,37.60980987548828,37.92679214477539,38.50599670410156,39.27357864379883,40.44632339477539,41.920536041259766,43.33530044555664,44.4543571472168,45.19618225097656,45.54955291748047,45.64924240112305,45.6529655456543,45.5851936340332,45.296817779541016,44.7435188293457,43.9819221496582,43.022132873535156
36.21017837524414,35.540809631347656,34.52908706665039,33.875640869140625,34.00514602661133,34.86875915527344,35.88422393798828,36.208030700683594,35.332275390625,33.90971374511719,33.253849029541016,33.6711540222168,34.4077033996582,34.87592315673828,35.0532341003418,35.19014358520508,35.58647537231445,36.01508712768555,35.90863037109375,35.43637466430664,35.270816802978516,34.673912048339844,33.15841293334961,32.977317810058594,35.123504638671875,36.75814437866211,37.03901672363281,37.17329788208008,37.39990234375,37.8175048828125,38.72984313964844,40.10561752319336,41.53559494018555,42.87606430053711,44.12413024902344,44.97727584838867,45.235145568847656,45.195186614990234,45.06167984008789,44.77872848510742,44.285831451416016,43.635955810546875,42.923675537109375,42.160194396972656
35.30538558959961,34.69621658325195,33.7523307800293,32.71576690673828,32.394927978515625,33.125003814697266,34.37388229370117,35.13631820678711,34.791969299316406,33.712703704833984,32.911861419677734,32.98961639404297,33.70154571533203,34.344871520996094,34.416255950927734,34.109371185302734,34.167510986328125,34.717445373535156,35.075401306152344,34.9105110168457,34.512630462646484,33.695465087890625,31.611845016479492,30.423656463623047,33.01974868774414,36.24046325683594,36.55902099609375,36.13504409790039,36.66013717651367,37.49393844604492,38.48134231567383,39.52091979980469,40.3499870300293,41.31716537475586,42.6837272644043,43.721107482910156,43.79859161376953,43.470542907714844,43.384437561035156,43.426490783691406,43.19864273071289,42.664955139160156,41.94728469848633,41.16212463378906
34.544395446777344,33.89211654663086,33.40930938720703,32.37013626098633,31.246532440185547,31.065099716186523,31.942672729492188,33.102142333984375,33.678749084472656,33.35444259643555,32.60803985595703,32.21663284301758,32.45142364501953,32.90896224975586,33.104190826416016,33.112220764160156,33.52422332763672,34.493282318115234,35.352561950683594,35.441200256347656,34.704437255859375,33.379356384277344,31.266149520874023,29.183929443359375,30.13783073425293,33.858158111572266,36.27231979370117,36.28156661987305,36.22466278076172,37.2364387512207,38.62453079223633,39.41904830932617,39.53633117675781,39.753684997558594,40.6175537109375,41.50597381591797,41.7398681640625,41.736244201660156,42.10087203979492,42.72590637207031,42.91752243041992,42.437381744384766,41.691246032714844,41.03141784667969
34.30241012573242,33.48542022705078,33.13825225830078,32.4133415222168,31.10578155517578,30.0441837310791,30.20376205444336,31.325088500976562,32.29558181762695,32.2547492980957,31.42862319946289,30.833066940307617,31.051721572875977,31.790401458740234,32.5373420715332,33.15406036376953,33.85569381713867,34.669647216796875,35.25095748901367,35.37031173706055,34.936092376708984,33.802574157714844,31.90015411376953,29.545045852661133,28.675323486328125,31.011524200439453,34.453548431396484,36.16848373413086,36.65287399291992,37.4152946472168,38.44179916381836,39.003604888916016,39.236351013183594,39.59450912475586,40.15776824951172,40.65961837768555,40.854644775390625,41.0069465637207,41.549198150634766,42.34177780151367,42.704978942871094,42.440731048583984,42.057228088378906,41.76690673828125
