data/wind_data/wind_46_5.json
{"header": {"parameterUnit": "KT", "parameterCategory": 2, "nx": 256, "ny": 198, "lo1": 44.73521041870117, "la1": -3.236724853515625, "lo2": 111.26478576660156, "la2": 43.468475341796875, "dx": 0.2609002888202667, "dy": -0.23708222806453705, "refTime": "2025-02-20 22:00:00", "forecastTime": 0, "parameterNumber": 2, "parameterNumberName": "eastward_wind"}, "data":
[rows 171 to 189 of 198, columns 176 to 219 of 256]
15.144804954528809,16.170835494995117,17.003883361816406,17.70539093017578,18.504453659057617,19.133743286132812,19.29006576538086,19.275005340576172,19.43250274658203,19.781782150268555,20.421850204467773,21.661346435546875,23.517765045166016,25.724496841430664,27.82898712158203,29.69432830810547,31.827680587768555,34.00065231323242,35.6856803894043,36.25590133666992,35.89033889770508,34.8112678527832,34.63715362548828,36.2343864440918,37.0305061340332,35.92839813232422,35.32596969604492,35.916587829589844,35.73751449584961,35.22171401977539,36.94435501098633,38.97564697265625,39.11740493774414,37.696861267089844,36.30382537841797,37.365257263183594,39.099571228027344,39.11123275756836,39.24483871459961,39.95726013183594,40.163516998291016,39.784912109375,39.69197463989258,39.6072998046875
16.971067428588867,17.115161895751953,17.685340881347656,18.657718658447266,19.746856689453125,20.1306095123291,19.765825271606445,19.355939865112305,19.37136459350586,19.909149169921875,21.298479080200195,23.674755096435547,26.26972007751465,28.343048095703125,29.44133949279785,30.881677627563477,32.45585250854492,33.443809509277344,34.17497253417969,34.70097351074219,34.45742416381836,33.311832427978516,34.145484924316406,35.92778778076172,36.723026275634766,36.467529296875,36.73028564453125,37.219871520996094,36.507041931152344,36.7059326171875,38.59992599487305,40.0915412902832,40.018375396728516,38.471031188964844,38.16506576538086,38.7762565612793,39.219749450683594,39.05147171020508,38.94923400878906,39.24869918823242,39.3299560546875,38.99005126953125,38.396080017089844,37.5964241027832
18.0310115814209,18.817373275756836,19.493144989013672,20.381202697753906,21.393373489379883,21.645566940307617,21.819313049316406,21.919851303100586,21.805681228637695,22.0966796875,23.562698364257812,25.89805030822754,27.834522247314453,28.78776741027832,29.387840270996094,30.51434326171875,31.327653884887695,32.25987243652344,33.47142791748047,34.21274948120117,33.79193115234375,33.96920394897461,35.148193359375,36.334503173828125,36.70724105834961,36.453922271728516,37.24809646606445,37.81837463378906,37.49896240234375,38.02234649658203,39.612632751464844,41.12458038330078,40.96737289428711,39.70255661010742,39.828060150146484,39.37581253051758,38.74390411376953,38.35505676269531,38.21929168701172,38.10562515258789,37.86446762084961,37.40998077392578,36.5599365234375,35.804840087890625
19.764739990234375,20.565122604370117,21.026094436645508,21.60200309753418,21.84319305419922,21.815406799316406,22.335683822631836,22.947458267211914,23.727996826171875,25.174758911132812,27.120365142822266,28.959640502929688,29.069461822509766,28.87059211730957,29.81927490234375,31.027257919311523,31.9749755859375,33.662574768066406,35.214988708496094,34.55649948120117,34.09321594238281,35.75132369995117,36.983272552490234,36.98283386230469,35.89175033569336,36.749881744384766,38.77290725708008,38.92961502075195,38.53068161010742,39.581336975097656,41.60546112060547,42.88029098510742,42.332275390625,41.27649688720703,40.26960372924805,38.77306365966797,37.76203536987305,37.39537048339844,37.38552474975586,36.85358428955078,36.21711730957031,35.75411605834961,35.67219543457031,36.23398208618164
20.119888305664062,19.912187576293945,20.15018653869629,21.071353912353516,22.149616241455078,22.844196319580078,23.401004791259766,24.876760482788086,27.075437545776367,29.4460391998291,31.665437698364258,32.30154037475586,30.76068115234375,30.730192184448242,31.824655532836914,32.72175979614258,33.85602569580078,36.03282928466797,36.5871467590332,35.22684097290039,35.777320861816406,38.01802062988281,39.719093322753906,37.23902130126953,36.011322021484375,39.732540130615234,41.64673614501953,40.17890548706055,40.35203170776367,41.842796325683594,43.22407913208008,43.34474182128906,41.877933502197266,40.387935638427734,39.05917739868164,37.523536682128906,36.67904281616211,36.53160095214844,36.47208023071289,36.0189094543457,35.688716888427734,36.05376052856445,37.20155334472656,38.58681869506836
17.084508895874023,16.893518447875977,17.12553596496582,18.194786071777344,19.759578704833984,21.46380615234375,23.24275779724121,25.345794677734375,27.429344177246094,29.400691986083984,31.582265853881836,32.53548049926758,31.985349655151367,32.02599334716797,32.86598205566406,33.52321243286133,34.5645637512207,36.51078796386719,37.4503173828125,36.18864440917969,37.15743637084961,40.37535095214844,41.59781265258789,37.72355270385742,38.2538948059082,42.110286712646484,42.76395797729492,41.33213424682617,42.141807556152344,42.55104446411133,42.1382942199707,41.332759857177734,39.71935272216797,38.454429626464844,37.5789794921875,36.703582763671875,36.061981201171875,35.87568664550781,35.86751937866211,36.03546905517578,36.78199005126953,38.05759048461914,39.335330963134766,40.158164978027344
13.796002388000488,14.133127212524414,14.93924331665039,16.369382858276367,18.308124542236328,20.303752899169922,22.03860855102539,23.648418426513672,25.25838279724121,26.720104217529297,28.237558364868164,29.09596824645996,29.488548278808594,30.38888168334961,31.387298583984375,32.1003532409668,33.5164680480957,35.96528625488281,37.701072692871094,37.0561408996582,37.956504821777344,40.51755142211914,40.4000244140625,38.909400939941406,39.958824157714844,42.036582946777344,42.39081573486328,42.12355041503906,41.915016174316406,41.00620651245117,40.093055725097656,39.492820739746094,38.87086868286133,38.15596008300781,37.293548583984375,36.39272689819336,35.68498611450195,35.7322883605957,36.47746658325195,37.58523178100586,38.869205474853516,39.78862762451172,40.016502380371094,39.68230056762695
13.011737823486328,14.118903160095215,15.595024108886719,17.19611358642578,18.76923370361328,20.212617874145508,21.626314163208008,23.093900680541992,24.667552947998047,26.152864456176758,27.412076950073242,28.283803939819336,28.935237884521484,29.721450805664062,30.542583465576172,31.445114135742188,32.97529220581055,35.09290313720703,36.582427978515625,36.69805908203125,37.291683197021484,38.95283508300781,39.60364532470703,39.6221809387207,40.438385009765625,41.625797271728516,42.19316864013672,41.96888732910156,41.21400833129883,40.31983947753906,39.57732391357422,39.32200622558594,39.04753875732422,38.16030502319336,36.97237777709961,36.021278381347656,35.77885055541992,36.621829986572266,38.06586456298828,39.361019134521484,40.073974609375,39.904354095458984,39.04153060913086,38.073326110839844
13.2578763961792,14.662808418273926,16.345449447631836,18.12163543701172,19.783546447753906,21.19867706298828,22.38132095336914,23.514741897583008,24.749853134155273,26.09099578857422,27.446903228759766,28.582799911499023,29.387550354003906,30.047176361083984,30.80327033996582,31.869699478149414,33.31212615966797,34.89187240600586,35.96485900878906,36.592185974121094,37.78981018066406,39.320838928222656,40.1539421081543,40.49969482421875,40.95970916748047,41.41055679321289,41.767181396484375,41.6380500793457,40.77573013305664,39.80879592895508,39.2452507019043,38.932891845703125,38.30238342285156,37.24221420288086,36.45741653442383,36.40162658691406,37.06825637817383,38.3011474609375,39.52743148803711,40.096961975097656,39.733890533447266,38.69053649902344,37.59175491333008,36.990692138671875
14.56767749786377,15.485873222351074,16.77701187133789,18.408348083496094,20.136043548583984,21.77778434753418,23.132192611694336,24.212751388549805,25.300025939941406,26.631879806518555,28.01435089111328,29.071456909179688,29.76211929321289,30.447145462036133,31.409984588623047,32.692848205566406,34.17185592651367,35.5887336730957,36.83135223388672,37.86137390136719,38.79216003417969,39.79963684082031,40.579708099365234,40.90507888793945,40.84421157836914,40.73470687866211,40.720542907714844,40.335323333740234,39.49333953857422,38.74016189575195,38.32780075073242,37.96355056762695,37.33749771118164,36.6756706237793,36.67739486694336,37.43682098388672,38.54944610595703,39.58119201660156,40.00630569458008,39.510807037353516,38.365142822265625,37.29508590698242,36.865413665771484,37.10629653930664
15.847000122070312,16.26736831665039,17.447969436645508,19.1834716796875,20.95604133605957,22.532896041870117,23.830305099487305,24.90765380859375,26.00617790222168,27.310832977294922,28.69640350341797,29.8728084564209,30.820493698120117,31.814983367919922,32.99591827392578,34.34469985961914,35.73234558105469,36.987083435058594,38.018104553222656,38.74250793457031,39.1837043762207,39.52918243408203,39.84794235229492,40.02920150756836,39.96586608886719,39.71392822265625,39.46939468383789,38.998470306396484,38.41398239135742,38.068031311035156,37.90676498413086,37.763492584228516,37.4889030456543,37.407772064208984,37.96879196166992,38.941036224365234,39.71308135986328,39.80901336669922,39.08150863647461,37.899776458740234,36.92253112792969,36.63937759399414,37.05354690551758,37.78120803833008
16.473312377929688,17.124937057495117,18.529376983642578,20.531137466430664,22.55283546447754,24.186986923217773,25.348230361938477,26.26511001586914,27.30984878540039,28.660202026367188,30.25799560546875,31.80291175842285,33.064632415771484,34.21811294555664,35.40113067626953,36.52736282348633,37.443485260009766,38.02526092529297,38.295257568359375,38.405914306640625,38.46438980102539,38.586483001708984,38.95146942138672,39.511207580566406,39.974605560302734,39.91145324707031,39.62200927734375,39.2193603515625,38.703861236572266,38.39420700073242,38.39521789550781,38.615325927734375,38.82976150512695,39.19755554199219,39.731300354003906,39.95351028442383,39.52717590332031,38.463924407958984,37.15985107421875,36.273136138916016,36.20759582519531,36.80189895629883,37.671783447265625,38.6386833190918
17.86138153076172,18.921785354614258,20.40402603149414,22.33005714416504,24.50198745727539,26.317432403564453,27.578832626342773,28.491641998291016,29.53243064880371,30.988073348999023,32.74174499511719,34.38348388671875,35.70405197143555,36.777286529541016,37.63601303100586,38.179779052734375,38.32254409790039,38.124481201171875,37.8647346496582,37.853755950927734,38.20416259765625,38.86651611328125,39.81430435180664,40.79723358154297,41.4433708190918,41.20730972290039,40.412200927734375,39.62305450439453,38.91476058959961,38.57301330566406,38.796119689941406,39.436790466308594,39.96993637084961,40.292449951171875,40.1996955871582,39.39408493041992,38.05391311645508,36.648921966552734,35.75914764404297,35.763526916503906,36.44908905029297,37.41698455810547,38.54875946044922,39.89790344238281
20.56047248840332,21.80891990661621,23.226757049560547,24.802675247192383,26.528453826904297,28.16940689086914,29.597278594970703,30.681379318237305,31.80211067199707,33.29407501220703,34.92353057861328,36.312599182128906,37.30876541137695,37.9990234375,38.471946716308594,38.723045349121094,38.78401565551758,38.789859771728516,39.02327346801758,39.57248306274414,40.4198112487793,41.4860725402832,42.45977020263672,42.82923889160156,42.350807189941406,41.29777145385742,39.961280822753906,38.88612365722656,38.285648345947266,38.24062728881836,38.802032470703125,39.66584396362305,40.15599060058594,39.98067855834961,39.167388916015625,37.78268814086914,36.304927825927734,35.4864387512207,35.62580108642578,36.36478042602539,37.20292663574219,38.19204330444336,39.56086349487305,41.04121398925781
23.687572479248047,25.062604904174805,26.388277053833008,27.58714485168457,28.7237491607666,29.8557071685791,31.012752532958984,32.199012756347656,33.3604850769043,34.650142669677734,35.9105110168457,36.866024017333984,37.40663146972656,37.83826446533203,38.38785934448242,39.02871322631836,39.81001663208008,40.86542892456055,42.01920700073242,42.95480728149414,43.606693267822266,44.03214645385742,44.00978088378906,43.19820022583008,41.60499572753906,40.033607482910156,38.684574127197266,37.7869873046875,37.596214294433594,37.98545837402344,38.711570739746094,39.42848587036133,39.60108184814453,38.878868103027344,37.55630874633789,36.16912841796875,35.3862419128418,35.61493682861328,36.43315887451172,37.2514533996582,38.0329475402832,39.075782775878906,40.16255569458008,40.51377487182617
26.47290802001953,27.752845764160156,28.95574378967285,29.91718864440918,30.633142471313477,31.3065185546875,32.096046447753906,33.06855392456055,34.13460922241211,35.18186569213867,36.15801239013672,36.993927001953125,37.630374908447266,38.23030471801758,39.07796859741211,40.251502990722656,41.615516662597656,42.98623275756836,44.13894271850586,44.80231475830078,44.844913482666016,44.26359939575195,43.07463073730469,41.62162780761719,40.175758361816406,38.94992446899414,37.926631927490234,37.28553771972656,37.228424072265625,37.62961959838867,38.21437072753906,38.61372375488281,38.45189666748047,37.49183654785156,36.15797424316406,35.36384582519531,35.60224914550781,36.4122428894043,37.27030944824219,38.104427337646484,38.946044921875,39.42291259765625,38.81432342529297,36.80828094482422
28.670001983642578,29.734256744384766,30.70989227294922,31.397628784179688,31.826309204101562,32.300533294677734,33.017799377441406,34.00567626953125,35.15941619873047,36.32426452636719,37.39930725097656,38.38631820678711,39.35381317138672,40.421775817871094,41.637725830078125,42.82732391357422,43.68918991088867,44.00846481323242,43.88642883300781,43.691993713378906,43.361385345458984,42.39277648925781,40.89719772338867,39.78456497192383,39.20940399169922,38.47846603393555,37.5644645690918,36.9229621887207,36.91312026977539,37.490257263183594,38.07600402832031,38.15774154663086,37.626136779785156,36.56929397583008,35.6237678527832,35.57360076904297,36.2849235534668,37.18758010864258,38.076690673828125,38.8148307800293,38.85834884643555,37.36380386352539,34.31990051269531,30.73052215576172
30.462182998657227,31.096860885620117,31.650484085083008,32.30019760131836,33.14677810668945,34.12025451660156,35.20442581176758,36.40005111694336,37.64046096801758,38.872718811035156,40.04585266113281,41.14352798461914,42.14834976196289,42.989898681640625,43.53357696533203,43.58856201171875,43.08988571166992,42.269588470458984,41.52142333984375,41.10175704956055,40.84013366699219,40.13444900512695,39.12535858154297,38.62809753417969,38.440616607666016,38.087528228759766,37.60436248779297,37.435691833496094,37.9321403503418,38.763877868652344,39.33307647705078,39.07662582397461,37.919166564941406,36.52825164794922,35.79838180541992,36.077144622802734,36.906494140625,37.77449417114258,38.30779266357422,37.88267517089844,35.77031326293945,31.97673797607422,27.752653121948242,24.293994903564453
31.441543579101562,31.994230270385742,32.74040603637695,34.025875091552734,35.588565826416016,36.95808792114258,38.19750213623047,39.39114761352539,40.52326583862305,41.50543212890625,42.233001708984375,42.636173248291016,42.61107635498047,42.069252014160156,41.09785079956055,39.893802642822266,38.88336944580078,38.63021469116211,39.017086029052734,39.42155456542969,39.54983901977539,39.32542419433594,38.97031784057617,38.813133239746094,38.6640625,38.68125915527344,38.684837341308594,39.02488708496094,39.64822769165039,40.35676193237305,40.8321533203125,40.39760971069336,39.04859924316406,37.50041961669922,36.47690963745117,36.45517349243164,37.05137634277344,37.305824279785156,36.25331115722656,33.35874557495117,29.2139835357666,24.949119567871094,21.343585968017578,18.773542404174805
