data/wind_data/wind_0_5.json
{"header": {"parameterUnit": "KT", "parameterCategory": 2, "nx": 256, "ny": 198, "lo1": 44.73521041870117, "la1": -3.236724853515625, "lo2": 111.26478576660156, "la2": 43.468475341796875, "dx": 0.2609002888202667, "dy": -0.23708222806453705, "refTime": "2025-02-19 00:00:00", "forecastTime": 0, "parameterNumber": 2, "parameterNumberName": "eastward_wind"}, "data":
[rows 95 to 113 of 198, columns 88 to 131 of 256]
35.80083465576172,35.55458068847656,35.115333557128906,33.86684036254883,32.829463958740234,31.95936393737793,30.62180519104004,30.14011573791504,30.32141876220703,30.664072036743164,31.23225212097168,31.02809715270996,30.807016372680664,31.71137046813965,32.29142379760742,31.850475311279297,31.77873420715332,32.07246780395508,32.105735778808594,31.194416046142578,30.569299697875977,30.577463150024414,30.458341598510742,29.50408172607422,28.133825302124023,28.760995864868164,30.307409286499023,31.28167724609375,31.183378219604492,30.369827270507812,29.54555892944336,29.65250587463379,30.145721435546875,29.84861183166504,29.87080955505371,29.36543083190918,30.10356330871582,30.50773048400879,29.509004592895508,29.459522247314453,30.53080177307129,30.986234664916992,30.697607040405273,30.410749435424805
37.147674560546875,36.18505096435547,35.95106887817383,35.122955322265625,33.906803131103516,33.14437484741211,32.415592193603516,32.15510940551758,31.899456024169922,31.510534286499023,32.28092956542969,32.57622146606445,32.16737747192383,32.664466857910156,33.577369689941406,33.35868835449219,32.816871643066406,32.86264419555664,33.0451545715332,32.38237380981445,31.085437774658203,30.2854061126709,30.52976417541504,30.575395584106445,29.598373413085938,29.504465103149414,30.262447357177734,30.9329891204834,31.24380874633789,31.07373809814453,30.973522186279297,31.032236099243164,32.0328369140625,32.41303253173828,31.497425079345703,29.229238510131836,28.772075653076172,30.97960090637207,31.846689224243164,31.397653579711914,31.537748336791992,31.778608322143555,32.127357482910156,32.4985237121582
38.72193145751953,37.351253509521484,36.57283020019531,36.088829040527344,35.33110809326172,34.765525817871094,34.41498565673828,34.381351470947266,34.26485061645508,33.290748596191406,33.633392333984375,34.33906173706055,33.98907470703125,33.89055633544922,34.49800109863281,34.387245178222656,33.63972091674805,33.18304443359375,33.2299690246582,32.8802604675293,31.521516799926758,30.242046356201172,30.29539680480957,31.10457992553711,31.285451889038086,30.83713722229004,30.61454963684082,30.92801856994629,31.31315040588379,31.515216827392578,32.185401916503906,32.60438919067383,33.3986930847168,34.297916412353516,33.349639892578125,31.050579071044922,29.30475616455078,29.915485382080078,31.829219818115234,32.94455337524414,33.18328094482422,33.53882598876953,33.95637512207031,34.41094970703125
39.5788688659668,38.854530334472656,37.84187316894531,37.096500396728516,36.689720153808594,36.50640869140625,36.261600494384766,36.184146881103516,36.56897735595703,36.37590408325195,36.39718246459961,36.67087173461914,36.21774673461914,35.69641876220703,35.68940353393555,35.13703918457031,34.12926483154297,33.183589935302734,32.70323944091797,32.444766998291016,31.428449630737305,30.05510711669922,29.77503776550293,30.48668098449707,31.740930557250977,32.00790786743164,31.452062606811523,31.825145721435547,32.64019012451172,32.82096481323242,33.09663009643555,33.95647430419922,34.07016372680664,33.86497497558594,33.72722244262695,33.34171676635742,32.626922607421875,31.799915313720703,32.39364242553711,34.27143859863281,35.64223098754883,36.652339935302734,36.89665985107422,36.773948669433594
40.19442367553711,40.31439208984375,39.930904388427734,39.029640197753906,38.35030746459961,37.88782501220703,37.75461959838867,37.8228645324707,38.04777145385742,38.589752197265625,39.10506057739258,39.23153305053711,38.84779739379883,37.8812255859375,37.00157165527344,35.715240478515625,34.17236328125,33.05854797363281,32.29371643066406,31.97977066040039,30.917875289916992,29.587186813354492,29.17344093322754,29.495487213134766,30.641084671020508,31.89655303955078,31.89398765563965,32.34894943237305,33.85859680175781,34.434837341308594,34.230186462402344,34.836822509765625,34.896907806396484,33.68360137939453,33.541378021240234,33.74415588378906,34.187625885009766,34.43184280395508,34.894859313964844,36.026397705078125,37.17694091796875,38.537437438964844,39.656105041503906,39.49121856689453
41.819862365722656,41.963783264160156,42.24654006958008,41.67493438720703,40.73450469970703,39.31911849975586,38.838504791259766,39.161376953125,39.0190315246582,39.180057525634766,40.10222244262695,40.63848876953125,40.730384826660156,39.993492126464844,38.338462829589844,35.76102066040039,33.80628204345703,33.06759262084961,32.54572677612305,32.118831634521484,30.612634658813477,29.102935791015625,28.784379959106445,29.52767562866211,30.775041580200195,32.00753402709961,32.34185028076172,32.72357940673828,34.18815612792969,35.47597122192383,36.03603744506836,36.64814376831055,37.041175842285156,36.03952407836914,35.274593353271484,34.96310806274414,35.393070220947266,36.05031204223633,37.1724853515625,38.23639678955078,38.85572814941406,39.83580780029297,41.2460823059082,41.747432708740234
43.81101989746094,43.89728927612305,44.340877532958984,44.144752502441406,43.645713806152344,41.809356689453125,40.371543884277344,40.11311721801758,39.718994140625,39.457828521728516,40.26520538330078,40.831363677978516,41.0576286315918,40.711509704589844,38.81797790527344,35.20381164550781,32.97218322753906,32.91822814941406,33.090030670166016,32.7858772277832,30.885448455810547,28.59874153137207,29.04741859436035,31.209413528442383,33.12025451660156,34.21937561035156,34.269161224365234,33.96731185913086,35.350318908691406,37.050025939941406,38.09960174560547,38.75482177734375,39.484798431396484,38.804962158203125,37.8409423828125,38.020729064941406,38.77497100830078,39.354461669921875,40.23656463623047,41.28668212890625,42.088104248046875,42.6901969909668,43.23712921142578,44.079795837402344
45.495094299316406,45.72770690917969,46.12843322753906,46.099143981933594,45.93592834472656,44.72706604003906,43.1449089050293,41.97694778442383,41.03828811645508,40.27970504760742,40.632667541503906,40.84067916870117,40.66341781616211,40.10941696166992,38.578739166259766,35.461971282958984,32.95722961425781,32.53023147583008,33.048919677734375,33.58393096923828,32.02339553833008,29.970142364501953,32.70756530761719,35.59247970581055,36.623741149902344,37.21229553222656,36.89870834350586,36.14320755004883,37.34762191772461,39.17658233642578,40.05723571777344,40.25322341918945,40.77687454223633,40.343963623046875,39.998897552490234,40.72658920288086,41.728782653808594,42.64695739746094,43.58094787597656,44.521278381347656,45.02011489868164,45.1710205078125,45.530296325683594,46.56022262573242
48.02223587036133,48.021705627441406,48.020320892333984,47.71696472167969,47.42472839355469,46.85578918457031,46.08237838745117,44.962379455566406,43.30142593383789,41.98377990722656,41.64299011230469,41.054847717285156,40.22452163696289,39.56391143798828,38.39720153808594,36.579105377197266,34.24507522583008,32.802677154541016,32.837825775146484,33.95515823364258,33.97642517089844,33.68770980834961,36.97626495361328,38.009376525878906,37.39609909057617,37.33409881591797,37.224395751953125,37.68867111206055,39.21889877319336,40.99732971191406,41.66139602661133,41.21694564819336,41.37133026123047,42.29920196533203,43.17560577392578,43.791107177734375,44.17369079589844,45.015220642089844,45.65387725830078,45.93230438232422,45.71565246582031,45.77519989013672,46.29216384887695,46.65336990356445
51.570560455322266,51.027156829833984,50.132850646972656,49.39506912231445,48.776241302490234,48.23915481567383,47.3824462890625,46.817169189453125,44.94131851196289,43.50034713745117,42.87912368774414,41.52058029174805,39.87735366821289,39.085819244384766,37.86497497558594,36.89178466796875,35.414161682128906,33.631561279296875,33.143272399902344,33.64619827270508,35.604305267333984,37.08781051635742,38.18458557128906,35.84767150878906,33.517120361328125,32.86288070678711,33.09556198120117,35.23133087158203,38.199031829833984,39.53128433227539,40.4014778137207,40.36457443237305,41.10274887084961,43.70671081542969,45.269447326660156,45.88219451904297,45.453983306884766,45.179344177246094,45.16421127319336,44.65095520019531,43.80659866333008,43.4139518737793,43.62226867675781,42.384132385253906
53.93148422241211,52.53571701049805,51.86783218383789,50.92253875732422,49.56454849243164,49.360107421875,48.13240051269531,47.10765075683594,45.691654205322266,43.910011291503906,43.11274719238281,41.857234954833984,40.05061340332031,39.20405197143555,38.417625427246094,37.34228515625,36.43860626220703,34.44248962402344,33.29725646972656,33.845638275146484,36.018150329589844,37.610755920410156,38.073463439941406,33.670066833496094,30.468591690063477,29.605344772338867,29.346858978271484,31.196216583251953,34.45912170410156,35.50653839111328,36.66835021972656,38.29861831665039,40.1297492980957,41.657344818115234,42.42470932006836,43.409034729003906,42.42888641357422,41.10725021362305,40.726722717285156,40.19236755371094,39.41210174560547,38.57754135131836,37.663414001464844,36.02334213256836
55.236534118652344,53.70980453491211,53.326961517333984,52.8589973449707,50.33591079711914,49.90132141113281,50.64149475097656,49.32378005981445,47.5493278503418,44.773765563964844,42.2584228515625,41.89583969116211,41.48812484741211,39.99639892578125,38.823490142822266,37.809513092041016,36.417354583740234,35.177146911621094,34.035221099853516,34.1380615234375,34.92060089111328,35.54560470581055,35.072452545166016,31.464216232299805,30.09258460998535,30.84899139404297,30.879995346069336,31.434730529785156,33.53001022338867,35.05329895019531,36.381080627441406,36.848960876464844,36.777183532714844,36.30698776245117,36.18576431274414,36.59172821044922,36.296695709228516,35.91830062866211,35.728248596191406,35.221195220947266,34.85969543457031,34.806358337402344,34.55665969848633,33.55476760864258
56.66745376586914,55.18487548828125,54.333213806152344,53.59049606323242,50.70171356201172,50.534481048583984,52.46980667114258,52.51752471923828,51.11381149291992,47.2159423828125,42.37523651123047,41.45735168457031,42.74334716796875,42.00593948364258,39.520347595214844,38.28458786010742,36.20453643798828,35.355384826660156,34.463905334472656,33.04467010498047,31.89689064025879,31.20598030090332,31.3494930267334,31.345977783203125,31.773542404174805,32.4594841003418,31.911766052246094,31.973596572875977,33.88159942626953,35.36581039428711,35.80879592895508,35.90081787109375,35.680843353271484,34.84695816040039,34.48430252075195,34.340755462646484,33.88372039794922,33.42699432373047,33.33235168457031,33.2377815246582,32.80855178833008,32.29694366455078,31.3059139251709,30.484981536865234
56.01664352416992,55.54335403442383,55.02638626098633,55.23716735839844,53.63618850708008,51.6237907409668,51.67439651489258,51.8774528503418,52.076202392578125,46.976776123046875,42.38935089111328,42.20765686035156,42.768775939941406,42.750709533691406,40.154136657714844,38.68232345581055,38.0434684753418,35.619266510009766,33.472171783447266,31.084203720092773,30.591096878051758,31.835834503173828,32.82532501220703,33.27161407470703,33.31669616699219,33.66060256958008,33.398292541503906,33.36115264892578,34.49909210205078,35.4306640625,35.686622619628906,35.888084411621094,35.5723876953125,34.732234954833984,33.526920318603516,32.527889251708984,31.64655113220215,30.772127151489258,29.925617218017578,29.0744686126709,28.14192008972168,27.945619583129883,28.060861587524414,28.491924285888672
53.26000213623047,51.53542709350586,54.728389739990234,58.487648010253906,58.01100540161133,53.09904861450195,50.01019287109375,50.65044403076172,50.686588287353516,45.27756881713867,41.312496185302734,41.61986541748047,42.05948257446289,41.256629943847656,39.204917907714844,38.589019775390625,39.40467071533203,37.426326751708984,34.14713668823242,32.10079574584961,33.22826385498047,34.36859893798828,34.13566589355469,33.99017333984375,34.066890716552734,34.0243034362793,34.062870025634766,34.38666534423828,35.39236068725586,35.99467468261719,36.37261962890625,36.15802764892578,35.311885833740234,33.966487884521484,32.43844223022461,30.787202835083008,28.986591339111328,29.06804656982422,28.689777374267578,27.241975784301758,26.88909149169922,27.330228805541992,27.988374710083008,28.569896697998047
51.989891052246094,52.34107971191406,54.6257209777832,55.096458435058594,53.217742919921875,50.62051010131836,48.700775146484375,51.22023391723633,49.5473747253418,43.66388702392578,39.56721115112305,38.488155364990234,38.145206451416016,36.85987854003906,36.26268768310547,36.15328598022461,37.7359619140625,39.60980224609375,38.590946197509766,37.23979949951172,37.820858001708984,37.02754592895508,35.014678955078125,34.1514892578125,34.298160552978516,34.19429016113281,34.330387115478516,34.42190170288086,35.06831359863281,35.823143005371094,36.50771713256836,35.7230339050293,33.9122314453125,32.33742141723633,31.252058029174805,29.976484298706055,28.252546310424805,29.119882583618164,30.04369354248047,29.801437377929688,29.44265365600586,28.68321418762207,28.098928451538086,27.89788246154785
46.51520919799805,52.26957321166992,54.35441589355469,52.42757797241211,45.65744400024414,45.10462188720703,44.73007583618164,43.222476959228516,41.67341995239258,37.852108001708984,36.16188049316406,36.99690246582031,36.05349349975586,34.242183685302734,33.974456787109375,34.882415771484375,36.50424575805664,39.055328369140625,41.24787902832031,41.75550079345703,41.938201904296875,42.22037124633789,40.24927520751953,37.74844741821289,35.39460754394531,34.44832992553711,34.63774490356445,34.338932037353516,34.36467361450195,35.01087188720703,36.05432891845703,35.071590423583984,33.14104080200195,31.206645965576172,29.917068481445312,29.987829208374023,29.97422218322754,30.38191795349121,30.830320358276367,31.38043212890625,32.01469039916992,31.727766036987305,30.155981063842773,28.63233757019043
39.30522537231445,45.477561950683594,45.99312973022461,42.70478057861328,37.8101921081543,35.160945892333984,32.96885681152344,28.679920196533203,28.20646858215332,32.18424606323242,36.15102005004883,37.257877349853516,37.29045486450195,35.70918273925781,34.445648193359375,35.578125,38.1429443359375,40.15001678466797,39.203704833984375,37.62644577026367,37.23177719116211,36.00554275512695,35.956214904785156,36.10542297363281,34.29778289794922,32.889427185058594,33.14637756347656,34.01495361328125,33.95563888549805,34.16591262817383,34.15088653564453,33.51436233520508,32.37427520751953,31.265729904174805,30.31146812438965,30.564300537109375,31.176681518554688,31.669118881225586,31.71646499633789,31.74531364440918,32.301414489746094,32.782588958740234,32.021446228027344,30.503456115722656
31.32634925842285,34.59461212158203,39.59587860107422,41.30199432373047,35.77632141113281,28.233375549316406,25.59088706970215,26.611404418945312,28.986339569091797,31.128524780273438,30.882043838500977,31.82123374938965,32.792110443115234,32.23103713989258,33.73427200317383,37.34660339355469,39.30674743652344,37.820411682128906,35.97735595703125,35.765289306640625,36.620670318603516,37.84156799316406,38.03951644897461,36.072021484375,32.9835319519043,32.3443603515625,32.757232666015625,34.04707717895508,33.94204330444336,34.327903747558594,33.31245803833008,31.747604370117188,31.368215560913086,31.016469955444336,30.5096435546875,30.98558235168457,32.02117919921875,32.29652786254883,32.087425231933594,31.592443466186523,31.7735652923584,32.628387451171875,32.65093994140625,31.799896240234375
