data/wind_data/wind_53_0.json
{"header": {"parameterUnit": "KT", "parameterCategory": 2, "nx": 255, "ny": 198, "lo1": 44.73521041870117, "la1": -3.236724853515625, "lo2": 111.26478576660156, "la2": 43.468475341796875, "dx": 0.26192745566368103, "dy": -0.23708222806453705, "refTime": "2025-02-21 05:00:00", "forecastTime": 0, "parameterNumber": 3, "parameterNumberName": "northward_wind"}, "data":
[rows 95 to 113 of 198, columns 172 to 214 of 255]
-9.471122741699219,-9.884005546569824,-10.22841739654541,-10.198843955993652,-10.5621976852417,-11.25212574005127,-12.504901885986328,-13.024962425231934,-13.136738777160645,-7.419457912445068,-7.3627119064331055,-5.794575214385986,-3.59297513961792,0.003287883009761572,2.631948471069336,0.716722309589386,-4.244999408721924,-6.551910877227783,-7.680252552032471,-6.850583553314209,-6.686582565307617,-6.812365531921387,-6.611105442047119,-6.183409214019775,-5.676830768585205,-4.6549072265625,-1.87864089012146,-3.870898962020874,-3.3574538230895996,-1.9910212755203247,-1.1561715602874756,0.6510658860206604,2.568136215209961,4.207772731781006,5.547881126403809,5.680768013000488,5.757022857666016,5.153043270111084,3.4439289569854736,2.4715726375579834,0.7497047781944275,-1.2575193643569946,0.19505153596401215
-7.593623161315918,-7.792209148406982,-8.405498504638672,-8.340883255004883,-9.215060234069824,-10.4912748336792,-11.597305297851562,-11.815839767456055,-11.105130195617676,-7.4414191246032715,-6.751131057739258,-6.376162052154541,-3.1898510456085205,1.5382122993469238,3.0958054065704346,-1.2458832263946533,-5.1103081703186035,-5.62896203994751,-6.201755523681641,-5.8892822265625,-4.673615455627441,-5.0525126457214355,-5.709845066070557,-5.6708984375,-5.9089508056640625,-5.764916896820068,-3.001992702484131,-3.674685478210449,-3.803300619125366,-2.822451591491699,-2.3434417247772217,-1.2888158559799194,0.9100545644760132,3.5716712474823,5.722963809967041,3.4139890670776367,2.9393465518951416,6.129388809204102,5.625499725341797,4.699175834655762,1.3148605823516846,-1.0608280897140503,-0.10298670828342438
-3.8629510402679443,-4.345104694366455,-5.773731708526611,-6.108644008636475,-7.0227484703063965,-8.837011337280273,-9.599103927612305,-9.650306701660156,-7.786593914031982,-6.923810958862305,-6.591749668121338,-5.820173740386963,-3.158219575881958,1.8069305419921875,1.0952143669128418,-2.763260841369629,-4.485169887542725,-4.332033634185791,-5.070758819580078,-6.143146991729736,-3.640967845916748,-3.2195241451263428,-4.535482406616211,-5.1282172203063965,-4.548972129821777,-3.709841251373291,-2.8237557411193848,-3.3487439155578613,-4.388215065002441,-3.275421619415283,-2.6304054260253906,-1.8730857372283936,0.20513996481895447,2.1107866764068604,4.040033340454102,2.1358752250671387,-0.15976952016353607,3.195740222930908,4.156429290771484,3.9704430103302,1.748785376548767,0.1964358538389206,0.7146351933479309
-0.5182874798774719,-1.0761854648590088,-3.546680450439453,-3.2101924419403076,-4.281806945800781,-6.480772495269775,-6.8862457275390625,-6.719404220581055,-5.0577592849731445,-7.123537063598633,-5.719038963317871,-5.096636772155762,-2.322775363922119,1.0417864322662354,0.08421480655670166,-2.052183151245117,-3.8858957290649414,-3.4222569465637207,-5.054811477661133,-6.465406894683838,-3.9667246341705322,-1.5167330503463745,-2.4110536575317383,-3.4936327934265137,-3.7171919345855713,-3.324744939804077,-2.159116506576538,-2.771717071533203,-4.198148727416992,-4.314758777618408,-3.243821859359741,-2.591606378555298,-0.3112167418003082,1.4085047245025635,1.7951465845108032,3.078017473220825,2.0626702308654785,0.7843198776245117,3.8238401412963867,5.154801845550537,4.733351230621338,1.5686604976654053,1.681212067604065
-2.982318878173828,-2.941222906112671,-3.4653122425079346,-1.102904200553894,-2.5043833255767822,-3.3895809650421143,-3.866948127746582,-3.7421092987060547,-7.348570823669434,-6.948915481567383,-5.328952789306641,-4.200445175170898,-1.5960750579833984,1.5398273468017578,1.1928200721740723,-0.6720151305198669,-3.761806011199951,-3.3819878101348877,-4.290630340576172,-6.120438575744629,-4.568752765655518,-1.4062541723251343,-0.7956342697143555,-1.194028377532959,-2.839750289916992,-3.525449514389038,-2.0520989894866943,-2.561652421951294,-3.5834269523620605,-4.512880802154541,-3.089555501937866,-1.9442309141159058,-0.9051379561424255,0.5313414931297302,2.123339891433716,3.1641483306884766,4.634271621704102,5.033325672149658,4.894466876983643,3.209310531616211,1.1239594221115112,0.49798646569252014,1.0605597496032715
-4.940044403076172,-3.8606183528900146,-3.605586528778076,-4.229650020599365,-4.541694641113281,0.4257809817790985,-0.9221001863479614,-2.3186190128326416,-7.39710807800293,-5.50618839263916,-4.815683841705322,-3.8339314460754395,-1.8949007987976074,0.9491055607795715,2.1557579040527344,0.17587022483348846,-3.346954107284546,-3.7054598331451416,-4.051137924194336,-4.774303913116455,-4.443257808685303,-2.128049373626709,-0.8413506746292114,-0.3075641393661499,-0.9709182381629944,-1.6525317430496216,-1.5026382207870483,-1.6500365734100342,-2.6088380813598633,-3.7594635486602783,-3.3162622451782227,-1.4171299934387207,-1.2390540838241577,-0.6164945363998413,2.330410957336426,3.8917555809020996,4.030190944671631,4.528287410736084,1.970406174659729,-1.0607695579528809,-3.0739176273345947,-0.14077286422252655,1.158421516418457
-3.8210437297821045,-3.0432887077331543,-3.4007985591888428,-5.129014015197754,-4.042344570159912,1.5323988199234009,-0.50984787940979,-4.899529457092285,-5.409431457519531,-4.419498443603516,-3.855846643447876,-3.261687755584717,-2.48854398727417,-0.31679338216781616,1.2825266122817993,-0.12713801860809326,-2.988264560699463,-3.535799026489258,-3.1880805492401123,-2.9742300510406494,-3.0819296836853027,-2.170825481414795,-1.2472821474075317,-0.7287290692329407,-0.7591902017593384,-1.8055075407028198,-1.8101119995117188,-1.3038357496261597,-1.5551072359085083,-2.744664192199707,-3.3840510845184326,-2.5637428760528564,-1.1435043811798096,-0.555996835231781,0.7849173545837402,3.469362497329712,5.502307415008545,3.730774164199829,2.4112000465393066,-0.042764365673065186,-0.5085437893867493,0.7229793667793274,2.15214467048645
-3.9662482738494873,-3.380164623260498,-3.6320791244506836,-4.192997932434082,-3.456239938735962,-3.4165573120117188,-3.9592554569244385,-4.451749801635742,-3.9832067489624023,-3.1727843284606934,-2.347043514251709,-2.1600940227508545,-1.8774960041046143,-0.6745893359184265,0.7407877445220947,-0.23186179995536804,-2.4013705253601074,-3.0514698028564453,-1.9107348918914795,-1.2254689931869507,-2.100032091140747,-1.9846789836883545,-1.9905120134353638,-2.7475929260253906,-3.3081464767456055,-2.8141584396362305,-2.8900697231292725,-2.0940160751342773,-0.853867769241333,-1.776566982269287,-2.5380055904388428,-2.06587553024292,-1.588272213935852,-1.638106107711792,-1.1757841110229492,1.0014268159866333,5.365447044372559,4.662713050842285,4.743564605712891,2.189945936203003,2.1875667572021484,3.0956015586853027,3.4463374614715576
-2.753596544265747,-1.8388351202011108,-2.1386961936950684,-1.5393768548965454,-3.1889126300811768,-3.858985662460327,-4.2110466957092285,-2.7574527263641357,-2.7186176776885986,-2.606034755706787,-1.8677524328231812,-1.4460945129394531,-0.915595531463623,-0.6608526110649109,0.45872145891189575,0.1985863894224167,-1.4240548610687256,-2.0783488750457764,-1.6323801279067993,-0.5227329730987549,-1.5850911140441895,-2.5884954929351807,-2.954535961151123,-3.266798734664917,-4.054082870483398,-3.5366764068603516,-3.687120199203491,-2.8095862865448,-0.9905834197998047,-0.43211764097213745,-1.1298232078552246,-1.622230887413025,-1.4631383419036865,-1.6964151859283447,-1.0908071994781494,0.5821144580841064,2.200849771499634,2.435688018798828,5.239439010620117,6.502444744110107,3.9701242446899414,3.6524405479431152,2.9208691120147705
-2.428086519241333,-1.1261234283447266,0.31166601181030273,3.595249652862549,-1.8804110288619995,-1.490610122680664,-1.8153904676437378,-2.3437998294830322,-2.286090612411499,-2.643712043762207,-2.373980760574341,-1.8122087717056274,-0.9550204873085022,-0.21930566430091858,0.2729022800922394,0.6128113865852356,-0.981013298034668,-1.8260630369186401,-2.414639949798584,-1.6924688816070557,-1.6156703233718872,-2.7661781311035156,-2.4370083808898926,-1.5311611890792847,-1.8635005950927734,-2.511760950088501,-3.255648612976074,-3.395238161087036,-2.2557835578918457,-1.2610814571380615,0.253334105014801,-0.20397807657718658,-0.4175500273704529,-0.401528537273407,-0.2333870530128479,0.5500695705413818,1.19515860080719,2.674133777618408,4.296971321105957,7.824366092681885,5.982689380645752,4.673683166503906,2.736107587814331
-0.8325678706169128,-0.3918094336986542,0.08640764653682709,0.7160985469818115,-0.8712035417556763,-1.0243706703186035,-0.9577863216400146,-1.0718541145324707,-1.6445072889328003,-2.150738000869751,-2.3314270973205566,-2.3123486042022705,-1.5627686977386475,-0.5186793208122253,0.17757295072078705,1.4250515699386597,0.806433379650116,-2.3867499828338623,-3.1699516773223877,-3.114018678665161,-2.55047607421875,-2.0329110622406006,-1.5642728805541992,0.11241735517978668,-0.7401355504989624,-1.7363172769546509,-2.341003894805908,-3.086258888244629,-2.7156951427459717,-1.94441556930542,-1.0062873363494873,-0.7720600366592407,-0.9021347761154175,-0.9290167689323425,-0.132785364985466,1.0393236875534058,2.710740327835083,3.3140132427215576,4.482370376586914,6.201214790344238,7.1792473793029785,7.550904273986816,6.717164993286133
0.10245434194803238,0.27693864703178406,0.392654150724411,0.04536982253193855,0.24100281298160553,0.2937379479408264,0.23905602097511292,-0.7452591061592102,-1.0896198749542236,-1.456937313079834,-1.9121887683868408,-1.988807201385498,-1.858169436454773,-1.4198789596557617,-0.8124164938926697,0.6102548241615295,1.7935056686401367,-1.8903450965881348,-3.1122775077819824,-3.7759010791778564,-3.629025459289551,-2.333873748779297,-1.2130708694458008,0.44330528378486633,-0.29860755801200867,-1.5978548526763916,-1.5647677183151245,-2.490957021713257,-2.671720027923584,-1.6400076150894165,-1.763014793395996,-1.8700813055038452,-1.8768606185913086,-1.2831683158874512,-0.08947161585092545,1.1225665807724,2.176421880722046,2.1601548194885254,2.857797861099243,6.172728061676025,6.965490341186523,7.89234733581543,8.813203811645508
0.26896342635154724,0.6151987314224243,1.0906705856323242,1.3513118028640747,0.06859054416418076,-0.09333648532629013,-0.3157050907611847,-0.6717242002487183,-1.1764461994171143,-1.2043237686157227,-1.025795340538025,-1.4229108095169067,-1.6684019565582275,-1.4450154304504395,-1.0159008502960205,-0.6187082529067993,1.096734881401062,0.05689624324440956,-2.324007511138916,-3.4683492183685303,-3.9650814533233643,-3.0669732093811035,-1.4342416524887085,0.33743807673454285,0.07512659579515457,-0.7089836001396179,-1.3047876358032227,-2.1924450397491455,-2.583723545074463,-1.9975547790527344,-0.5161945819854736,-0.3202274441719055,-1.3705602884292603,-1.454171895980835,0.1569698452949524,0.11452731490135193,-0.9995002150535583,-0.6001670360565186,1.415120005607605,4.484258651733398,6.538998126983643,7.882646560668945,7.655804634094238
0.5018894672393799,0.9516835808753967,1.3674614429473877,1.380582571029663,1.0904878377914429,0.009912954643368721,-0.9246917366981506,-0.5830903053283691,-0.48341113328933716,-0.7741782069206238,-0.6697337627410889,-0.6758389472961426,-1.2547287940979004,-1.0441093444824219,-0.3824177384376526,-0.25672173500061035,1.5713309049606323,2.7447547912597656,-0.5050422549247742,-2.113095760345459,-3.253709554672241,-2.85286283493042,-2.1479873657226562,-0.45478981733322144,0.49211129546165466,0.18334387242794037,-0.8214249610900879,-0.9314889311790466,-1.7546840906143188,-1.749253273010254,-0.6990872025489807,0.4701415002346039,0.21872122585773468,-0.3686523735523224,0.3770417869091034,1.3305211067199707,0.7921862006187439,0.03758363798260689,1.1791526079177856,2.9363880157470703,5.044409275054932,6.415390491485596,6.158578395843506
0.14685507118701935,0.9932666420936584,1.9110459089279175,2.049968719482422,0.9930989742279053,0.06232105568051338,-0.21573977172374725,0.16174639761447906,0.9035989046096802,0.6552870273590088,0.4676778018474579,1.01430082321167,0.9614677429199219,0.05584614723920822,0.39490556716918945,0.1265290379524231,1.5556823015213013,3.6365764141082764,1.98799729347229,-0.38168323040008545,-2.294658660888672,-2.467238187789917,-1.4307317733764648,-0.12918075919151306,0.3520289361476898,0.468442440032959,0.2511502504348755,-0.6123619675636292,-1.557036280632019,-1.2457927465438843,-1.1568964719772339,0.005976048763841391,1.1925113201141357,1.0277260541915894,0.3361499011516571,0.7415135502815247,1.8452688455581665,1.7943708896636963,1.559918761253357,2.4852192401885986,3.350367546081543,3.4564900398254395,5.2483811378479
0.7771671414375305,1.8339011669158936,2.7694954872131348,2.4765186309814453,1.7069200277328491,1.1583791971206665,1.0891505479812622,1.6106030941009521,2.490006446838379,2.9917850494384766,3.3003780841827393,3.6545677185058594,2.993985652923584,1.9417855739593506,1.4763234853744507,1.6677409410476685,2.4623286724090576,3.994749069213867,5.108140468597412,1.3544862270355225,-1.0816606283187866,-1.747410535812378,-1.111842155456543,0.5914475321769714,-0.4062739610671997,-0.4660021662712097,-0.6534926295280457,-1.3328858613967896,-1.8015224933624268,-1.2081247568130493,-0.8440631628036499,-0.5658955574035645,1.1562819480895996,2.346128225326538,2.7030858993530273,2.048123598098755,1.6993842124938965,2.2619636058807373,3.432767868041992,2.597954511642456,4.202713966369629,4.6866631507873535,5.290345191955566
0.9590789675712585,2.616173028945923,3.625765085220337,4.085071563720703,3.9926931858062744,3.6378393173217773,4.003828048706055,4.666811943054199,5.213531970977783,6.155243873596191,5.500105857849121,5.37105655670166,5.565057277679443,4.4637675285339355,3.180799961090088,2.177722930908203,2.167217254638672,2.0408239364624023,5.581929683685303,3.8815457820892334,-0.7771735787391663,-1.9841312170028687,-1.3551896810531616,-0.6334007978439331,-0.4478657841682434,-0.3760698735713959,-0.3924339711666107,-1.210039734840393,-1.4671003818511963,-1.401260495185852,-0.45198071002960205,0.08830077201128006,1.2043325901031494,2.4176697731018066,3.2670674324035645,3.688533306121826,2.2329635620117188,2.37528395652771,2.292226552963257,2.3613598346710205,3.0881078243255615,5.301794528961182,5.904912948608398
1.6312470436096191,3.6314241886138916,4.08140230178833,4.205795764923096,4.451167106628418,4.673617839813232,4.93522310256958,6.152554988861084,7.38788366317749,7.624138832092285,6.504452228546143,7.533985137939453,5.187885284423828,3.561065435409546,2.9013724327087402,1.6515852212905884,1.808504343032837,2.4781429767608643,1.7989492416381836,4.180110931396484,0.8035291433334351,-1.7656950950622559,-0.7582545280456543,-0.3526543974876404,-0.362914502620697,-0.3403831720352173,-0.29902970790863037,0.1299905627965927,-0.8929736018180847,-1.1689159870147705,-0.7616583108901978,-1.3367807865142822,-0.49320676922798157,0.4722983241081238,2.726935386657715,4.164431571960449,3.555175304412842,2.739622116088867,2.629072904586792,2.85778546333313,3.380974531173706,5.148937702178955,5.511795997619629
2.137434959411621,3.589068651199341,4.155178546905518,4.470507621765137,5.141603469848633,5.870026588439941,6.5553412437438965,5.800454616546631,6.398614883422852,6.3911919593811035,5.194748878479004,3.5055758953094482,-0.5170277953147888,-0.35243695974349976,-0.4411296844482422,0.18836762011051178,0.6734621524810791,0.9750548005104065,-1.0664710998535156,-1.3737603425979614,3.442936658859253,0.3478670120239258,-0.14352548122406006,1.3869044780731201,1.5844806432724,0.6220248341560364,0.5826132893562317,1.377463698387146,-0.6055038571357727,-2.137321710586548,-1.9930847883224487,-2.0277950763702393,-1.517525315284729,-0.6580269932746887,1.5215537548065186,3.132878303527832,2.3607194423675537,1.9104804992675781,2.0279557704925537,3.0532288551330566,4.33365535736084,4.463636875152588,5.251685619354248
