data/wind_data/wind_28_1.json
{"header": {"parameterUnit": "KT", "parameterCategory": 2, "nx": 256, "ny": 198, "lo1": 44.73521041870117, "la1": -3.236724853515625, "lo2": 111.26478576660156, "la2": 43.468475341796875, "dx": 0.2609002888202667, "dy": -0.23708222806453705, "refTime": "2025-02-20 04:00:00", "forecastTime": 0, "parameterNumber": 2, "parameterNumberName": "eastward_wind"}, "data":
[rows 19 to 37 of 198, columns 86 to 128 of 256]
-4.884007453918457,-2.1486449241638184,-0.042700354009866714,-0.7494984269142151,-6.213493347167969,-1.2971404790878296,0.7757100462913513,0.12855754792690277,-8.646895408630371,-8.351496696472168,-8.81591796875,-3.5788016319274902,-4.409365653991699,-3.079570770263672,-4.523746967315674,-3.6117401123046875,-4.62360143661499,-6.287301063537598,-7.994760990142822,-3.8511364459991455,-4.303625583648682,0.20718838274478912,-4.987835884094238,-10.15452766418457,-8.235072135925293,-2.7904767990112305,-6.860833644866943,-3.9118311405181885,-5.72033166885376,-5.1326165199279785,-4.610352039337158,-4.5491743087768555,-9.59323787689209,-6.952319622039795,-1.0184195041656494,-1.0499500036239624,-7.604574680328369,-2.745905876159668,-4.416601657867432,-4.176844120025635,-5.219144821166992,-4.353914260864258,-4.998746395111084
-5.452627182006836,-6.682968616485596,-2.8347008228302,-2.8131515979766846,-3.427462100982666,-2.9770309925079346,-3.154595136642456,-7.648070812225342,-8.156441688537598,-9.30097770690918,-7.254284381866455,-5.9346184730529785,-6.5726728439331055,-5.432919979095459,-3.7996346950531006,-5.135800838470459,-9.252065658569336,-7.590655326843262,-9.053787231445312,-5.666147708892822,-3.9327564239501953,-3.648209571838379,-9.707205772399902,-9.894820213317871,-6.4925456047058105,-4.4926934242248535,-4.219509124755859,-4.994810104370117,-1.4508919715881348,-3.840282917022705,-6.5031538009643555,-3.587846517562866,-6.495075702667236,-7.8640971183776855,-5.176112651824951,-2.5399858951568604,-6.4928412437438965,-2.414076566696167,-1.7054001092910767,-5.245747089385986,-6.749035835266113,-5.516980171203613,-4.200779914855957
-5.867967128753662,-7.904208660125732,-2.405327796936035,-4.1577935218811035,-5.41435432434082,-8.291707992553711,-4.952858924865723,-9.74145221710205,-9.980569839477539,-8.362857818603516,-7.2642693519592285,-7.180222988128662,-7.796485900878906,-6.515442371368408,-5.011754989624023,-5.4888224601745605,-9.100080490112305,-8.693652153015137,-6.5487589836120605,-9.559210777282715,-7.245701789855957,-7.8112616539001465,-8.141127586364746,-7.089859962463379,-5.736629486083984,-5.8035430908203125,-4.901314735412598,-4.52189302444458,-3.6054954528808594,-3.9608469009399414,-3.1097280979156494,-2.525254249572754,-1.6432031393051147,-7.076615333557129,-5.4177937507629395,-4.8726067543029785,-4.371346473693848,-1.4656356573104858,-5.320955753326416,-7.165749549865723,-7.556601524353027,-6.181863307952881,-2.9688498973846436
-6.632595062255859,-5.573976516723633,-6.669617176055908,-7.417553901672363,-3.4245259761810303,-7.422332286834717,-7.57175350189209,-7.518832683563232,-8.208925247192383,-7.750765800476074,-8.192087173461914,-7.779893398284912,-8.581286430358887,-7.456319808959961,-6.335014820098877,-6.51209831237793,-7.14544677734375,-7.157487392425537,-6.518616676330566,-7.62339448928833,-8.51799488067627,-8.463456153869629,-7.146412372589111,-6.12275505065918,-6.449852466583252,-5.382621765136719,-4.377564907073975,-4.460238933563232,-3.623948574066162,-3.8991966247558594,-2.667283773422241,-2.5271449089050293,-7.4257988929748535,-7.559848308563232,-2.8975107669830322,-1.1069973707199097,-5.9072489738464355,-2.824007987976074,-4.5569915771484375,-8.99642562866211,-4.348047256469727,-2.7506635189056396,-4.844333171844482
-5.454398155212402,-7.671038627624512,-9.109823226928711,-4.670212745666504,-4.708858966827393,-8.748473167419434,-6.585424900054932,-6.7547101974487305,-8.256322860717773,-7.10067081451416,-8.28911018371582,-8.626908302307129,-8.864022254943848,-8.320317268371582,-6.756689548492432,-6.320420265197754,-6.480541229248047,-7.198681831359863,-6.6621270179748535,-7.933235168457031,-8.112805366516113,-7.073498725891113,-6.6872100830078125,-5.8848981857299805,-5.331456184387207,-4.052740573883057,-3.9737064838409424,-4.453098773956299,-4.03250789642334,-5.060196876525879,-3.5366275310516357,-4.056248188018799,-7.989654541015625,-5.5726637840271,-1.5055217742919922,-3.627636671066284,-7.102567195892334,-2.555973768234253,-2.4605553150177,-6.347439765930176,-2.3332908153533936,-0.04797295108437538,-7.577175617218018
-9.381436347961426,-9.869437217712402,-4.539739608764648,-4.495521545410156,-9.37031078338623,-9.37302017211914,-7.841412544250488,-6.598414421081543,-8.973243713378906,-7.375059604644775,-8.399321556091309,-8.860416412353516,-8.883367538452148,-8.752229690551758,-7.4952168464660645,-6.580301284790039,-6.34355354309082,-7.529300689697266,-8.42353630065918,-8.238286018371582,-7.421423435211182,-7.093536376953125,-6.658796787261963,-5.300866603851318,-3.451488971710205,-2.4910638332366943,-5.3517022132873535,-5.405497074127197,-5.149790287017822,-4.84162712097168,-3.88315486907959,-5.686077117919922,-5.617955684661865,-5.5511908531188965,-2.8612775802612305,-5.511983871459961,-6.159708499908447,-2.8995821475982666,-2.8316609859466553,-6.639955520629883,-5.49083948135376,-2.1508288383483887,-8.232495307922363
-14.494050979614258,-10.106568336486816,-8.3588285446167,-9.164027214050293,-7.3089118003845215,-7.686957836151123,-9.770623207092285,-7.138937950134277,-8.273759841918945,-8.169182777404785,-8.678138732910156,-8.824077606201172,-8.926023483276367,-8.687994956970215,-8.032426834106445,-7.275022029876709,-6.310632705688477,-6.937164306640625,-7.897130012512207,-8.006061553955078,-7.160231113433838,-6.8784990310668945,-6.580320835113525,-5.441309928894043,-3.4035096168518066,-4.631481170654297,-7.626532554626465,-6.452491760253906,-5.683566570281982,-4.207709312438965,-3.546706438064575,-6.605869293212891,-5.575234889984131,-4.767672538757324,-4.004725456237793,-3.704254388809204,-3.825596332550049,-3.470221996307373,-5.6836137771606445,-6.577047348022461,-7.052554607391357,-6.307622909545898,-3.1413943767547607
-11.172603607177734,-10.996867179870605,-10.705475807189941,-8.306973457336426,-8.000109672546387,-6.917587757110596,-8.390636444091797,-8.459647178649902,-7.587098121643066,-8.0715970993042,-8.43541145324707,-9.02272891998291,-8.804506301879883,-8.752875328063965,-8.392640113830566,-7.870061874389648,-7.160013198852539,-7.102566719055176,-7.457387447357178,-7.630512237548828,-7.414280414581299,-6.999501705169678,-6.79355525970459,-5.486852169036865,-5.982713222503662,-7.464842796325684,-6.94975471496582,-6.705321311950684,-5.871715545654297,-4.539021968841553,-4.11523962020874,-5.76971960067749,-4.315989017486572,-5.230020523071289,-4.770595073699951,-2.465303659439087,-3.759016990661621,-2.5256640911102295,-2.4277398586273193,-4.744205951690674,-4.5849833488464355,-8.879237174987793,-4.487094879150391
-8.71684741973877,-11.266454696655273,-8.615818977355957,-7.639565467834473,-8.059297561645508,-6.949070453643799,-7.836253643035889,-9.293444633483887,-7.264695644378662,-7.627581596374512,-7.909967422485352,-9.481040954589844,-8.313737869262695,-7.9864726066589355,-8.785846710205078,-7.679164409637451,-7.7509965896606445,-7.361581325531006,-7.806630611419678,-7.421843528747559,-7.322375774383545,-7.439559459686279,-6.736527919769287,-6.650883197784424,-6.38300895690918,-6.450465202331543,-6.321418285369873,-6.725039958953857,-6.487476825714111,-5.68917179107666,-4.869359493255615,-4.541820049285889,-4.070045471191406,-4.253234386444092,-6.261329174041748,-3.022157669067383,-3.4482712745666504,-2.948512554168701,-2.9433937072753906,-0.5704469680786133,-0.14790023863315582,-3.725299596786499,-4.6431074142456055
-9.40087890625,-9.990814208984375,-7.75696325302124,-5.3692522048950195,-7.286504745483398,-9.305951118469238,-8.691901206970215,-7.688566207885742,-8.61921215057373,-8.332315444946289,-7.840978622436523,-8.673911094665527,-7.949863910675049,-7.485780715942383,-8.895288467407227,-7.061405181884766,-8.170767784118652,-7.1092848777771,-8.496350288391113,-7.324193477630615,-6.514524936676025,-7.371740818023682,-7.555759906768799,-6.849555015563965,-5.726643085479736,-5.542804718017578,-5.792231559753418,-5.890539646148682,-6.367444038391113,-6.1263747215271,-4.658213138580322,-4.0027570724487305,-4.311954498291016,-4.147913932800293,-5.458860874176025,-4.1458611488342285,-3.7775416374206543,-0.13350887596607208,-3.1077322959899902,1.076931357383728,2.785245895385742,-1.412630319595337,-0.2223910242319107
-10.83379077911377,-10.497544288635254,-6.671261787414551,-4.6664042472839355,-7.470682144165039,-10.234603881835938,-8.283519744873047,-7.346501350402832,-9.824202537536621,-9.160761833190918,-8.477543830871582,-7.810802936553955,-7.3532490730285645,-7.273907661437988,-8.044564247131348,-6.760298728942871,-7.961319446563721,-6.955744743347168,-8.522383689880371,-7.167830944061279,-5.981863021850586,-7.524412631988525,-7.478032112121582,-5.686359405517578,-4.937530994415283,-5.432967662811279,-5.376636028289795,-4.164316177368164,-5.059734344482422,-5.399895191192627,-4.389185905456543,-3.57840633392334,-3.4516212940216064,-4.219093322753906,-3.6867473125457764,-4.121326923370361,-2.951890707015991,0.10962717235088348,-2.8610999584198,2.0790927410125732,0.3271269202232361,-0.46543362736701965,-0.4492601752281189
-9.105545043945312,-9.891680717468262,-8.240588188171387,-6.628157615661621,-8.001565933227539,-9.427331924438477,-8.467172622680664,-8.11308765411377,-8.830239295959473,-9.405265808105469,-8.19100570678711,-7.344873428344727,-6.896096706390381,-7.231942653656006,-6.561310291290283,-6.259434223175049,-8.02315902709961,-7.598503112792969,-7.025357723236084,-7.508010387420654,-6.616434097290039,-7.242438316345215,-5.787919998168945,-4.71147346496582,-4.187737941741943,-4.166158199310303,-4.664821147918701,-3.4223668575286865,-3.8604609966278076,-4.470071315765381,-3.4927358627319336,-2.81611967086792,-2.3789587020874023,-3.1048460006713867,-2.5333571434020996,-3.617847204208374,-1.9631578922271729,-1.0326863527297974,-2.3825948238372803,0.07609400153160095,-1.6022491455078125,2.0816638469696045,-3.056623935699463
-8.047700881958008,-8.83668327331543,-9.619549751281738,-8.579292297363281,-8.131587982177734,-8.727102279663086,-8.396354675292969,-8.079513549804688,-7.343634128570557,-8.316153526306152,-7.336097717285156,-7.449495792388916,-6.015307903289795,-6.992074966430664,-6.465148448944092,-5.812547206878662,-7.69345760345459,-8.665244102478027,-5.565882205963135,-7.041988849639893,-6.8191237449646,-6.1381940841674805,-4.249683856964111,-4.0209503173828125,-3.425459146499634,-2.0512399673461914,-3.3722598552703857,-3.412139892578125,-2.4657351970672607,-3.462385892868042,-2.5050690174102783,-1.6244006156921387,-1.9295053482055664,-0.9228676557540894,-2.276632785797119,-1.8019707202911377,-1.8109380006790161,-2.2096500396728516,-1.2137168645858765,0.32292836904525757,0.40095725655555725,2.290148973464966,-2.6193034648895264
-9.934739112854004,-8.244007110595703,-7.55103874206543,-9.17636775970459,-7.805116176605225,-7.528080463409424,-7.640933513641357,-7.816735744476318,-6.7906718254089355,-6.62228536605835,-6.894300937652588,-6.546705722808838,-5.08951473236084,-6.072039604187012,-6.777519702911377,-6.705992221832275,-6.308897018432617,-7.622787952423096,-5.654240608215332,-5.5394744873046875,-5.352413654327393,-6.237949848175049,-2.271869421005249,-2.176987648010254,-3.6711602210998535,-1.2125924825668335,-2.2553951740264893,-3.0314652919769287,-1.4482967853546143,-2.725383996963501,-1.7944927215576172,-0.11959946155548096,-2.19997501373291,0.5825576782226562,-2.3777706623077393,0.44855502247810364,-3.304283857345581,-1.43417489528656,-1.2094863653182983,0.1013718992471695,0.7143454551696777,0.49348965287208557,1.2152154445648193
-8.864555358886719,-8.133240699768066,-7.173757553100586,-7.3936238288879395,-9.135673522949219,-6.441122531890869,-6.928135871887207,-6.929298400878906,-6.551328659057617,-5.385405540466309,-7.356766700744629,-5.4332146644592285,-5.247446537017822,-5.127277851104736,-5.673333168029785,-6.933098793029785,-5.583292484283447,-5.430670261383057,-6.545794486999512,-5.470301151275635,-2.9326419830322266,-6.16022253036499,-1.4160295724868774,0.2041674107313156,-4.031630039215088,-0.6246860027313232,-1.8657171726226807,-1.646092176437378,-2.4708492755889893,-1.8682827949523926,-0.7374430298805237,1.19631826877594,-2.3309125900268555,0.9792565107345581,-2.4849627017974854,1.108798623085022,-3.5040555000305176,0.38456273078918457,-3.0874874591827393,0.4033384323120117,-0.40720096230506897,-0.8627133965492249,1.3860130310058594
-9.449324607849121,-9.18643569946289,-7.1831769943237305,-7.713397979736328,-7.807016372680664,-6.918094158172607,-6.313614368438721,-6.724636554718018,-6.082335472106934,-5.498984336853027,-7.059853553771973,-5.717255592346191,-5.114633560180664,-4.837727069854736,-4.427926063537598,-5.509254455566406,-4.7320051193237305,-6.653706073760986,-4.531665325164795,-5.813086986541748,-2.2324249744415283,-5.615352153778076,-0.006231813225895166,-2.4573521614074707,-2.76456618309021,1.918578028678894,-3.991426944732666,0.9924489855766296,-2.4039764404296875,-2.1611101627349854,1.1591434478759766,-0.40185511112213135,-2.747224807739258,0.019147245213389397,-2.5123307704925537,-0.0020711475517600775,-2.512727975845337,-1.2157431840896606,-4.340237140655518,-1.382939100265503,-1.3671486377716064,0.11438319087028503,0.37223535776138306
-10.019230842590332,-8.841121673583984,-7.2292022705078125,-7.20323371887207,-6.943035125732422,-6.355836391448975,-5.804068565368652,-7.545992851257324,-6.465573310852051,-5.231631278991699,-6.512827396392822,-5.897950172424316,-5.044343948364258,-4.822709083557129,-3.3132786750793457,-6.196291923522949,-4.196750164031982,-6.570095539093018,-3.714982748031616,-5.1811299324035645,-0.9208293557167053,-5.535159111022949,-1.3354649543762207,-4.1691670417785645,-2.557053327560425,1.0869816541671753,-3.4599831104278564,1.7696313858032227,-1.6235376596450806,-1.8107578754425049,0.14542634785175323,-2.4980154037475586,-0.971322238445282,-1.4330757856369019,-2.8010590076446533,0.8711143732070923,-4.290469646453857,-0.8907385468482971,-3.3078675270080566,-1.6483067274093628,-0.13161210715770721,2.533496618270874,0.6778438091278076
-9.968141555786133,-7.461644649505615,-7.774536609649658,-6.825775623321533,-6.704747200012207,-5.8529887199401855,-5.040921688079834,-5.364853382110596,-7.505472183227539,-4.777845859527588,-5.082159996032715,-5.986894130706787,-4.822639465332031,-4.398629188537598,-2.5955677032470703,-6.790962219238281,-3.6408262252807617,-5.845947265625,-3.5112016201019287,-3.703247308731079,-3.131662130355835,-2.6085171699523926,-4.088449001312256,-1.7971131801605225,-1.968908429145813,-1.518364429473877,-0.8132936358451843,1.425356149673462,-2.0419673919677734,-1.500593662261963,-2.7933154106140137,-1.84454345703125,-0.8423094153404236,-0.5540964603424072,-3.5648443698883057,0.16887429356575012,-4.908156394958496,1.7725214958190918,-3.7994961738586426,0.4728027582168579,0.7882469892501831,4.126397132873535,-2.294973611831665
-9.093942642211914,-7.987694263458252,-6.595464706420898,-5.784424781799316,-7.58748197555542,-5.667283058166504,-5.04146671295166,-4.120140552520752,-5.8512864112854,-6.866731643676758,-3.76666259765625,-5.3525519371032715,-5.290393352508545,-3.180959939956665,-3.7256319522857666,-4.903899669647217,-4.397522449493408,-2.164808988571167,-3.7892379760742188,-2.3456082344055176,-4.1935014724731445,-0.33146682381629944,-4.157598972320557,-1.2250663042068481,0.18883731961250305,-1.2684756517410278,2.1092493534088135,-1.055628776550293,0.28250277042388916,-4.661490440368652,0.13131502270698547,-2.8746132850646973,0.571640133857727,-0.8137885928153992,-2.8848018646240234,-3.3189480304718018,-1.5888850688934326,-0.6334869265556335,-1.1385612487792969,0.5506899356842041,0.8078494071960449,-1.023882508277893,-5.717251777648926
