data/wind_data/wind_2025-02-20_21.json
{"header": {"parameterUnit": "KT", "parameterCategory": 2, "nx": 255, "ny": 198, "lo1": 44.73521041870117, "la1": -3.236724853515625, "lo2": 111.26478576660156, "la2": 43.468475341796875, "dx": 0.26192745566368103, "dy": -0.23708222806453705, "refTime": "2025-02-20 21:00:00", "forecastTime": 0, "parameterNumber": 2, "parameterNumberName": "eastward_wind"}, "data":
[rows 114 to 132 of 198, columns 0 to 42 of 255]
0.10830654948949814,0.2938539683818817,1.4829696416854858,3.3462371826171875,4.820621490478516,4.256221771240234,3.6680569648742676,4.620513916015625,5.630982398986816,5.955721378326416,6.08665657043457,6.311898231506348,7.072408676147461,8.197123527526855,9.380468368530273,10.441584587097168,7.130534648895264,4.7665605545043945,6.822287082672119,7.754971027374268,7.404108047485352,7.009293079376221,4.44186544418335,0.3592488765716553,-3.521324396133423,-5.180321216583252,-7.479708194732666,-12.727370262145996,-15.00041675567627,-14.760753631591797,-14.596183776855469,-14.209317207336426,-14.263982772827148,-15.138701438903809,-14.35151195526123,-13.067996978759766,-14.10904598236084,-16.43592643737793,-17.360374450683594,-17.140222549438477,-16.790189743041992,-16.544275283813477,-16.204832077026367
0.69554603099823,0.8059202432632446,2.2918734550476074,3.9624712467193604,4.411077976226807,4.746553421020508,5.301618576049805,5.752246856689453,6.1462178230285645,6.461827754974365,6.6234846115112305,6.875418186187744,8.051752090454102,8.635533332824707,9.43747329711914,10.649258613586426,7.961288928985596,6.038084983825684,6.340456962585449,6.723409652709961,6.6396074295043945,5.854825973510742,3.806905746459961,1.2092070579528809,-1.8032865524291992,-4.262785911560059,-8.328291893005371,-12.457497596740723,-14.652785301208496,-14.642372131347656,-14.322297096252441,-14.14764404296875,-15.442399978637695,-17.357837677001953,-16.794307708740234,-14.196489334106445,-12.7603120803833,-13.417535781860352,-14.326432228088379,-14.44999885559082,-14.465195655822754,-14.635714530944824,-15.781668663024902
1.6431312561035156,2.24678635597229,3.445838212966919,4.731817722320557,5.54868221282959,5.660122871398926,6.133831024169922,6.274488925933838,6.3647003173828125,6.816073417663574,7.683065414428711,8.560998916625977,8.789647102355957,8.814984321594238,9.524161338806152,10.948578834533691,9.141581535339355,6.771063327789307,5.572369575500488,5.280832767486572,5.407920837402344,4.707141876220703,2.909684181213379,1.0900893211364746,-1.778828501701355,-5.2537760734558105,-8.147893905639648,-11.4846830368042,-13.235125541687012,-13.550508499145508,-14.021174430847168,-13.822216033935547,-15.269156455993652,-17.50214195251465,-17.84958839416504,-16.231929779052734,-14.169380187988281,-13.026605606079102,-12.440634727478027,-11.623708724975586,-10.72461986541748,-11.883666038513184,-14.096376419067383
2.579157829284668,3.264890432357788,4.042824745178223,5.178497314453125,5.515488147735596,6.065919399261475,6.4337263107299805,6.591536521911621,6.691298484802246,7.816166877746582,9.11567211151123,9.95844841003418,9.831440925598145,9.63747501373291,10.127488136291504,11.095625877380371,9.52146053314209,6.913513660430908,4.555086612701416,3.7179055213928223,3.8836939334869385,3.814809799194336,2.6006197929382324,1.00867760181427,-1.8115413188934326,-5.13069486618042,-7.787365436553955,-10.05260944366455,-12.67048168182373,-14.007564544677734,-14.308269500732422,-13.842567443847656,-14.870721817016602,-16.748003005981445,-17.49954605102539,-17.070463180541992,-15.147163391113281,-13.281819343566895,-12.876644134521484,-11.256373405456543,-9.623051643371582,-10.592391967773438,-13.397753715515137
3.4317829608917236,4.096039295196533,4.696568012237549,5.243483543395996,5.903872966766357,6.545873165130615,6.9451165199279785,7.553645133972168,7.84520149230957,8.244036674499512,9.295597076416016,10.441457748413086,10.744239807128906,10.734964370727539,10.860356330871582,10.994935989379883,8.551653861999512,5.728320121765137,3.1845691204071045,2.4970614910125732,2.5904500484466553,3.050870656967163,2.182318925857544,0.8824735879898071,-1.4948705434799194,-3.9334514141082764,-6.432034492492676,-9.263323783874512,-12.026732444763184,-14.035468101501465,-14.312108039855957,-13.608499526977539,-12.985336303710938,-12.90571403503418,-14.958661079406738,-16.1961669921875,-14.838489532470703,-12.679242134094238,-11.741774559020996,-8.809120178222656,-5.9664177894592285,-5.9994425773620605,-9.313593864440918
4.201872825622559,4.7509636878967285,5.236203670501709,5.710549354553223,6.595396995544434,8.0112886428833,8.191911697387695,7.967136383056641,8.046652793884277,8.504162788391113,9.416824340820312,10.291397094726562,10.778627395629883,11.143045425415039,10.99425220489502,10.00118637084961,7.21480655670166,3.7969508171081543,2.0245697498321533,1.893413782119751,2.465069055557251,2.2118358612060547,1.699589490890503,0.6328931450843811,-0.9758055806159973,-3.153064250946045,-5.5322136878967285,-8.611082077026367,-12.107356071472168,-13.83014965057373,-12.263764381408691,-8.284403800964355,-7.025318622589111,-8.21243953704834,-7.964354038238525,-8.3842134475708,-9.749669075012207,-12.99898910522461,-13.50068187713623,-8.591461181640625,-3.958998680114746,-1.8506641387939453,-3.5055480003356934
4.928780555725098,5.36777400970459,5.748376369476318,6.23349666595459,7.661086559295654,8.637327194213867,8.582850456237793,8.378110885620117,8.313779830932617,8.205940246582031,9.02342414855957,9.843697547912598,10.41720199584961,11.034238815307617,10.658188819885254,8.544841766357422,6.045114040374756,2.3737785816192627,1.9153172969818115,2.9574263095855713,2.3194031715393066,1.0016602277755737,-0.33066821098327637,-1.3126137256622314,-2.0045478343963623,-3.2462241649627686,-5.770669460296631,-8.872076034545898,-10.187603950500488,-9.113889694213867,-7.192176342010498,-6.8605265617370605,-6.338198184967041,-6.492525577545166,-6.116763591766357,-6.035521030426025,-7.603226184844971,-10.311203956604004,-10.325263023376465,-7.144557476043701,-3.7624783515930176,-1.585313081741333,-0.966553270816803
5.758193492889404,6.056995868682861,6.528728008270264,7.019891738891602,7.887953758239746,8.520206451416016,8.691850662231445,8.872828483581543,9.060022354125977,8.779335975646973,8.757901191711426,8.945843696594238,9.545501708984375,10.30359172821045,9.585409164428711,7.503582954406738,4.866611957550049,2.2913546562194824,3.073850154876709,3.5376789569854736,1.915136456489563,-0.9015352725982666,-2.71877121925354,-3.1246843338012695,-3.4436848163604736,-4.481241703033447,-6.037235260009766,-6.847614765167236,-6.5069379806518555,-7.776889324188232,-10.303211212158203,-7.322265148162842,-6.032991886138916,-6.032848834991455,-6.682975769042969,-6.328014850616455,-6.462272644042969,-6.831138610839844,-7.226529598236084,-7.106471061706543,-4.506450653076172,-2.626100778579712,-1.5252522230148315
6.722517967224121,6.709089279174805,6.850727558135986,7.719786643981934,7.964361667633057,8.414145469665527,8.66235065460205,9.234161376953125,9.606886863708496,9.284603118896484,8.634854316711426,8.129155158996582,8.617032051086426,9.206948280334473,8.306838035583496,7.06276273727417,4.965282917022705,3.945889949798584,3.693331480026245,3.0584797859191895,0.30417537689208984,-3.164524555206299,-4.803969383239746,-4.582906723022461,-4.510703086853027,-5.108927249908447,-6.104321002960205,-6.857096195220947,-8.514352798461914,-10.698501586914062,-8.222290992736816,-6.687966346740723,-5.273735046386719,-5.641510009765625,-8.02883243560791,-8.454681396484375,-8.14173698425293,-7.389246463775635,-6.248744964599609,-6.257708549499512,-5.544671058654785,-2.9528579711914062,-1.5147172212600708
7.185804843902588,6.851757049560547,7.398139953613281,7.431183338165283,7.542715072631836,7.887763977050781,8.413389205932617,8.919947624206543,8.767557144165039,8.442418098449707,8.103398323059082,7.851107120513916,8.418438911437988,8.958622932434082,8.401979446411133,7.395689964294434,7.349103927612305,5.237522125244141,3.45735239982605,1.4971524477005005,-1.6986591815948486,-4.727535724639893,-5.8857574462890625,-5.828162670135498,-6.24765157699585,-7.004428863525391,-8.226502418518066,-10.367501258850098,-8.901328086853027,-8.18273639678955,-7.5354790687561035,-6.7752275466918945,-6.528601169586182,-7.254814624786377,-8.371002197265625,-8.790946960449219,-9.433727264404297,-8.382819175720215,-7.3445305824279785,-8.196209907531738,-7.65802001953125,-4.699204444885254,-0.8272019624710083
7.170346260070801,7.715223789215088,7.495798587799072,7.457212448120117,7.501338958740234,7.8410186767578125,8.358510971069336,8.428662300109863,8.517596244812012,8.376212120056152,7.920957565307617,7.825143814086914,8.58712100982666,9.612945556640625,9.21477222442627,7.906287670135498,8.047516822814941,5.285772800445557,2.0615174770355225,-0.7105336785316467,-3.253396987915039,-5.181509494781494,-6.478909969329834,-7.144100189208984,-7.854694843292236,-8.437413215637207,-7.280800819396973,-9.050568580627441,-8.959380149841309,-7.807004451751709,-7.389072418212891,-6.934795379638672,-7.702602863311768,-8.790446281433105,-8.056500434875488,-7.404354572296143,-8.541990280151367,-8.987948417663574,-8.541131973266602,-8.431730270385742,-7.311657428741455,-5.240372180938721,-3.453813314437866
7.374021530151367,7.3423871994018555,7.389310359954834,7.493281841278076,7.539700984954834,7.864742279052734,8.631969451904297,9.115058898925781,8.561117172241211,7.853644847869873,7.52247953414917,8.092877388000488,9.617058753967285,10.304146766662598,9.06619930267334,9.288959503173828,6.982623100280762,3.3489809036254883,-0.2774018943309784,-2.8827240467071533,-4.943273067474365,-6.687614917755127,-8.062783241271973,-9.275460243225098,-9.737759590148926,-7.357546806335449,-8.650629043579102,-9.316405296325684,-8.422147750854492,-9.663561820983887,-9.583874702453613,-6.8836517333984375,-6.851317405700684,-8.829996109008789,-7.961939334869385,-7.096665382385254,-6.914255619049072,-7.526900291442871,-7.332603454589844,-6.588113307952881,-6.814294815063477,-6.557494163513184,-5.025548934936523
6.9284892082214355,7.037180423736572,7.266510963439941,7.519169807434082,7.554877758026123,8.024781227111816,8.81786823272705,9.116745948791504,8.219480514526367,7.232818126678467,7.349113464355469,8.46600341796875,9.254910469055176,8.823869705200195,7.6887593269348145,6.997931003570557,3.712766170501709,0.12594081461429596,-2.9066619873046875,-4.653918266296387,-5.608296871185303,-6.686004638671875,-8.200109481811523,-9.798628807067871,-10.90120792388916,-9.562140464782715,-10.559797286987305,-10.010126113891602,-9.598718643188477,-10.724923133850098,-9.268094062805176,-5.691924095153809,-5.174855709075928,-6.715147972106934,-7.298991680145264,-7.723145008087158,-5.9996209144592285,-4.78489351272583,-5.916198253631592,-5.469338893890381,-6.061531066894531,-5.410889148712158,-2.932969331741333
6.784277439117432,7.100234031677246,7.461752414703369,7.772911071777344,8.019829750061035,8.593116760253906,9.025211334228516,8.691776275634766,7.924565315246582,7.504965305328369,7.396421909332275,6.982175827026367,6.662998676300049,6.634246826171875,6.846189498901367,3.1278388500213623,-0.7260403633117676,-3.3597805500030518,-5.094798564910889,-6.124619483947754,-6.790848255157471,-7.483885288238525,-8.014944076538086,-8.972319602966309,-11.962705612182617,-11.95263385772705,-10.675986289978027,-9.651226043701172,-10.010502815246582,-9.557219505310059,-7.306999206542969,-5.667823791503906,-4.788541316986084,-5.311933517456055,-5.462907314300537,-6.284108638763428,-6.4997382164001465,-4.935920715332031,-3.7112364768981934,-3.590311050415039,-4.589709281921387,-4.054278373718262,-1.5252306461334229
6.741629123687744,7.154386043548584,7.55424690246582,8.006428718566895,8.445209503173828,8.981954574584961,8.366703033447266,7.587069511413574,6.993980884552002,6.021862983703613,4.4688310623168945,4.464988708496094,5.33160924911499,5.372837066650391,2.7183077335357666,-1.394197702407837,-4.5166192054748535,-6.063169956207275,-6.6916046142578125,-7.114184856414795,-7.760831832885742,-8.407453536987305,-7.54253625869751,-6.566537857055664,-9.14174747467041,-12.237632751464844,-9.227025032043457,-8.933965682983398,-9.644425392150879,-6.134861946105957,-3.4956250190734863,-3.241673707962036,-4.540011882781982,-4.948061466217041,-4.668270111083984,-5.0225372314453125,-5.23259973526001,-3.123866319656372,-0.6555919051170349,-1.4093047380447388,-3.2979438304901123,-2.80667781829834,-2.8160953521728516
6.568524360656738,6.173476696014404,7.423713207244873,7.664522171020508,8.246953010559082,7.6099348068237305,6.381011486053467,5.854818820953369,4.14777135848999,1.3573805093765259,1.1408675909042358,1.8994966745376587,1.7122676372528076,0.44553592801094055,-2.5175418853759766,-5.419918060302734,-7.728858470916748,-8.562472343444824,-8.688044548034668,-8.756926536560059,-9.13300609588623,-9.392454147338867,-8.070839881896973,-5.080923080444336,-8.42984676361084,-11.927507400512695,-9.267738342285156,-9.267255783081055,-8.420451164245605,-2.699620008468628,0.3105485141277313,-2.3082432746887207,-4.4159836769104,-3.562467098236084,-2.1908702850341797,-2.8361480236053467,-3.7569220066070557,-1.1945888996124268,0.06002620607614517,-1.2983357906341553,-1.6503890752792358,-3.1501810550689697,-4.645448684692383
6.4666361808776855,6.760683536529541,7.466553688049316,8.595205307006836,8.419300079345703,6.580867767333984,5.546969890594482,3.3882038593292236,0.03104708157479763,-1.465854287147522,-1.2795287370681763,-1.0649142265319824,-1.6745760440826416,-3.5132389068603516,-5.758533954620361,-8.172118186950684,-10.12955093383789,-10.852209091186523,-11.110599517822266,-10.873481750488281,-11.229759216308594,-11.902180671691895,-11.041977882385254,-7.7353081703186035,-9.387627601623535,-11.685431480407715,-11.208842277526855,-9.446093559265137,-4.855967044830322,1.919229507446289,3.492324113845825,0.13378076255321503,-1.8179295063018799,-1.2570743560791016,-0.24540424346923828,-1.162408471107483,-2.576354503631592,-1.3217716217041016,-0.5746232271194458,-0.8259872198104858,-1.285400152206421,-4.7803473472595215,-7.626790523529053
6.437744617462158,6.739657878875732,7.6613850593566895,8.463464736938477,7.459548473358154,6.123223781585693,3.1271603107452393,-0.013860024511814117,-1.517492413520813,-2.0069174766540527,-2.14620304107666,-2.348996877670288,-3.069493055343628,-5.013612270355225,-7.185362339019775,-8.888867378234863,-9.692279815673828,-10.71812915802002,-11.155522346496582,-11.192660331726074,-11.434113502502441,-10.904274940490723,-8.521474838256836,-9.491230964660645,-10.02308464050293,-10.812982559204102,-10.632686614990234,-6.7988600730896,0.16779741644859314,4.339025497436523,2.3340370655059814,0.5286329388618469,0.8048529028892517,-0.316567063331604,-0.538640558719635,0.9959614872932434,1.6178280115127563,0.35894566774368286,-0.818694531917572,-0.847585916519165,-2.5271718502044678,-5.765414714813232,-6.052439212799072
6.224165916442871,6.8063063621521,7.80649995803833,7.878805160522461,6.479923725128174,3.2529549598693848,-0.011454593390226364,-1.985970139503479,-2.327467679977417,-2.1974871158599854,-2.788304090499878,-3.5367672443389893,-3.5267953872680664,-5.529247283935547,-7.430065631866455,-8.034174919128418,-7.705144882202148,-8.260468482971191,-9.58612060546875,-10.708719253540039,-10.351665496826172,-8.745412826538086,-10.08298110961914,-10.151318550109863,-9.236088752746582,-8.888480186462402,-7.802281856536865,-2.9565749168395996,3.4035391807556152,4.015757083892822,-1.6615630388259888,-3.1546413898468018,-1.7338554859161377,-1.1306426525115967,0.626476526260376,4.860398769378662,6.2450666427612305,1.6401219367980957,-1.607904314994812,-1.5416440963745117,-2.182751178741455,-3.6277899742126465,-1.2799012660980225
