data/wind_data/wind_40_5.json
{"header": {"parameterUnit": "KT", "parameterCategory": 2, "nx": 256, "ny": 198, "lo1": 44.73521041870117, "la1": -3.236724853515625, "lo2": 111.26478576660156, "la2": 43.468475341796875, "dx": 0.2609002888202667, "dy": -0.23708222806453705, "refTime": "2025-02-20 16:00:00", "forecastTime": 0, "parameterNumber": 2, "parameterNumberName": "eastward_wind"}, "data":
[rows 76 to 94 of 198, columns 132 to 175 of 256]
19.32501983642578,19.4055118560791,18.559612274169922,18.08433723449707,18.502214431762695,19.238080978393555,19.363014221191406,19.85906410217285,20.226469039916992,20.482519149780273,20.65609359741211,20.982595443725586,21.405776977539062,21.671478271484375,21.76287078857422,21.81545639038086,21.855398178100586,21.83741569519043,21.878536224365234,22.11884117126465,22.41526985168457,22.33895492553711,22.018421173095703,21.577489852905273,21.350872039794922,21.177797317504883,21.025371551513672,20.752120971679688,20.381940841674805,20.02867889404297,19.826717376708984,19.815156936645508,19.842988967895508,19.905712127685547,20.026878356933594,20.18625259399414,20.27008628845215,20.163532257080078,19.923940658569336,19.690383911132812,19.50623321533203,19.282670974731445,18.8764705657959,18.1485538482666
18.103015899658203,18.485450744628906,18.636165618896484,18.250633239746094,18.674089431762695,20.03152084350586,20.397253036499023,20.44662857055664,20.81545639038086,21.434602737426758,22.01435089111328,22.532041549682617,22.76312828063965,22.794252395629883,22.820186614990234,22.804841995239258,22.862369537353516,22.87425422668457,22.86874008178711,23.077211380004883,23.463802337646484,23.725513458251953,23.597904205322266,22.95111656188965,22.258817672729492,21.71268653869629,21.492557525634766,21.36316680908203,21.132165908813477,20.79010009765625,20.464927673339844,20.314123153686523,20.328622817993164,20.472814559936523,20.6895694732666,20.93678855895996,21.133989334106445,21.202617645263672,21.04014015197754,20.746179580688477,20.490144729614258,20.31063461303711,20.10187339782715,19.716014862060547
17.886539459228516,17.908857345581055,18.401805877685547,18.503135681152344,18.82472801208496,20.405668258666992,21.740070343017578,21.663772583007812,21.966508865356445,22.821250915527344,23.559288024902344,23.998178482055664,23.898714065551758,23.798629760742188,24.03921127319336,24.127521514892578,24.04222297668457,24.109947204589844,24.244285583496094,24.246143341064453,24.311397552490234,24.495162963867188,24.512582778930664,23.9888973236084,23.043933868408203,22.116235733032227,21.565261840820312,21.59925651550293,21.750940322875977,21.765466690063477,21.55565643310547,21.199464797973633,20.942581176757812,20.95232582092285,21.19357681274414,21.51883888244629,21.79202651977539,21.95785140991211,22.011547088623047,21.876008987426758,21.618711471557617,21.383594512939453,21.193309783935547,20.96422576904297
19.553260803222656,18.665786743164062,18.671367645263672,18.854829788208008,19.177194595336914,20.822397232055664,23.065929412841797,23.42064666748047,23.048198699951172,23.52900505065918,24.045866012573242,24.44510841369629,24.53792953491211,24.545682907104492,24.93362808227539,25.132850646972656,24.97012710571289,25.046253204345703,25.461742401123047,25.498811721801758,25.029220581054688,24.54888153076172,24.34680938720703,24.053791046142578,23.26627540588379,22.25587272644043,21.68498992919922,21.741111755371094,22.25238037109375,22.754384994506836,22.92652702331543,22.64030647277832,22.1411190032959,21.816137313842773,21.839040756225586,22.093181610107422,22.366540908813477,22.555240631103516,22.68999671936035,22.768796920776367,22.706153869628906,22.518260955810547,22.306093215942383,22.10582160949707
23.08052635192871,20.67653465270996,19.56577491760254,19.07280921936035,19.28744125366211,20.747669219970703,23.008291244506836,24.192705154418945,23.660873413085938,23.53009605407715,24.117191314697266,24.728599548339844,25.303394317626953,25.436119079589844,25.606903076171875,25.644805908203125,25.539907455444336,25.74994468688965,26.223026275634766,26.345670700073242,25.575483322143555,24.42470932006836,23.77052879333496,23.5764102935791,23.182785034179688,22.473533630371094,21.8862361907959,21.90231704711914,22.533376693725586,23.34522819519043,23.914548873901367,23.998342514038086,23.66510581970215,23.231565475463867,22.976255416870117,22.975744247436523,23.110130310058594,23.237043380737305,23.35009765625,23.489322662353516,23.569673538208008,23.524436950683594,23.402463912963867,23.258407592773438
27.406356811523438,23.966014862060547,21.43427848815918,20.18834114074707,19.875715255737305,20.579601287841797,22.30462646484375,23.95409393310547,24.343585968017578,24.247787475585938,25.04938507080078,26.132877349853516,26.98420524597168,27.02591323852539,26.76581573486328,26.322818756103516,26.144695281982422,26.442350387573242,26.723482131958008,26.625295639038086,25.885225296020508,24.819440841674805,24.115863800048828,23.862390518188477,23.539236068725586,22.907899856567383,22.249042510986328,22.09294319152832,22.607847213745117,23.444400787353516,24.212305068969727,24.676809310913086,24.755449295043945,24.536287307739258,24.276445388793945,24.1352596282959,24.09754753112793,24.102115631103516,24.156309127807617,24.295854568481445,24.42307472229004,24.41071128845215,24.31034278869629,24.23904800415039
29.71274185180664,27.607027053833008,24.602336883544922,22.54235076904297,21.802412033081055,21.767372131347656,22.710567474365234,24.125192642211914,25.117578506469727,25.525266647338867,26.228809356689453,27.575546264648438,28.422163009643555,28.92076873779297,28.943761825561523,27.943710327148438,27.230207443237305,27.124706268310547,26.880643844604492,26.423185348510742,25.965652465820312,25.554655075073242,25.238115310668945,24.978012084960938,24.428190231323242,23.44905662536621,22.46788215637207,22.0620174407959,22.401329040527344,23.07608985900879,23.77726936340332,24.419206619262695,24.93429183959961,25.203821182250977,25.282493591308594,25.257905960083008,25.143585205078125,24.999147415161133,24.97075843811035,25.12619400024414,25.327892303466797,25.376949310302734,25.271743774414062,25.16769027709961
29.17079734802246,29.384855270385742,27.641416549682617,25.404884338378906,23.857440948486328,23.51241683959961,23.9481143951416,25.168041229248047,26.47724151611328,26.978992462158203,27.18647575378418,27.967844009399414,28.71570587158203,29.65245819091797,30.075971603393555,29.568130493164062,28.396188735961914,27.555753707885742,26.797443389892578,26.193758010864258,26.10610580444336,26.21017837524414,26.016860961914062,25.721101760864258,25.20015525817871,24.047088623046875,22.56827735900879,21.572202682495117,21.369182586669922,21.555112838745117,21.903358459472656,22.51934051513672,23.455278396606445,24.506071090698242,25.370580673217773,25.87022590637207,25.956409454345703,25.77519416809082,25.655942916870117,25.795772552490234,26.081083297729492,26.25980567932129,26.24502182006836,26.177330017089844
27.654541015625,27.95158576965332,28.44274139404297,27.704866409301758,25.913986206054688,24.81424903869629,24.971845626831055,26.292760848999023,27.802562713623047,28.78491973876953,28.168109893798828,28.011810302734375,28.664384841918945,29.135116577148438,29.593368530273438,30.084720611572266,29.02672004699707,27.70637321472168,26.826658248901367,26.471050262451172,26.641929626464844,26.771345138549805,26.295204162597656,25.666616439819336,25.262081146240234,24.438066482543945,22.711591720581055,20.803434371948242,19.51341438293457,18.771759033203125,18.47281837463379,18.81945037841797,19.95477867126465,21.657690048217773,23.43194007873535,24.830333709716797,25.621397018432617,25.887033462524414,25.973758697509766,26.174715042114258,26.524843215942383,26.84054946899414,26.97396469116211,26.9955997467041
27.95690155029297,27.15357208251953,26.898971557617188,27.626296997070312,27.19021224975586,25.441099166870117,24.843984603881836,26.004331588745117,27.455493927001953,29.17153549194336,29.701004028320312,29.778669357299805,29.761079788208008,28.850059509277344,28.815414428710938,29.687137603759766,29.272247314453125,27.95967674255371,27.163949966430664,27.112895965576172,27.337459564208984,26.897409439086914,25.89286994934082,25.029964447021484,24.536718368530273,23.898008346557617,22.30834197998047,20.017976760864258,18.09581184387207,16.918638229370117,16.369537353515625,16.474918365478516,17.312580108642578,18.79969024658203,20.602741241455078,22.304752349853516,23.601415634155273,24.489709854125977,25.16650390625,25.769317626953125,26.374746322631836,26.916486740112305,27.28936004638672,27.48529815673828
28.352432250976562,27.26842498779297,26.610994338989258,26.735815048217773,26.54783821105957,25.228662490844727,24.357532501220703,24.91010284423828,26.040040969848633,27.408193588256836,29.000347137451172,30.695600509643555,32.004703521728516,30.295000076293945,28.321271896362305,27.815031051635742,28.137306213378906,27.607009887695312,27.127546310424805,27.664831161499023,27.623071670532227,25.83494758605957,23.987808227539062,23.277210235595703,23.01915168762207,22.45125961303711,21.322622299194336,19.924699783325195,19.086688995361328,19.087671279907227,19.33539390563965,19.288007736206055,19.230873107910156,19.62952423095703,20.39246940612793,21.17588233947754,21.832881927490234,22.51642608642578,23.378345489501953,24.336103439331055,25.359407424926758,26.28778648376465,27.011449813842773,27.49486541748047
29.049911499023438,27.92546844482422,27.27450942993164,26.782424926757812,25.59654426574707,24.1544189453125,23.695682525634766,24.3724422454834,25.239315032958984,26.21280860900879,26.916269302368164,27.727535247802734,31.388778686523438,32.22626876831055,29.552013397216797,26.66484260559082,25.871732711791992,25.71012306213379,25.798023223876953,26.939498901367188,26.521209716796875,23.927522659301758,21.77689552307129,21.314414978027344,21.338943481445312,20.76792335510254,20.0856990814209,20.322486877441406,21.5844783782959,23.169694900512695,24.047868728637695,23.696638107299805,22.95412254333496,22.816749572753906,23.074443817138672,23.05897331237793,22.728111267089844,22.539525985717773,22.735313415527344,23.25770378112793,24.142175674438477,25.183109283447266,26.163631439208984,26.942291259765625
28.91753578186035,28.28239631652832,28.00348663330078,27.229385375976562,25.284847259521484,23.326221466064453,23.017627716064453,23.993427276611328,24.687538146972656,25.318758010864258,25.70588493347168,25.276424407958984,28.62664222717285,31.205608367919922,30.53942108154297,27.359777450561523,24.447185516357422,22.911008834838867,23.014204025268555,24.232919692993164,23.442432403564453,21.34453010559082,20.14522933959961,20.001340866088867,19.923095703125,19.193260192871094,18.62687110900879,19.450027465820312,21.375123977661133,23.22653579711914,24.026641845703125,23.717687606811523,23.290760040283203,23.654027938842773,24.50806999206543,24.986974716186523,24.891569137573242,24.602725982666016,24.25102424621582,23.904333114624023,23.883785247802734,24.377702713012695,25.218326568603516,26.072185516357422
28.58763885498047,28.03772735595703,27.83584213256836,26.937997817993164,25.02012062072754,23.086977005004883,22.49349594116211,23.002958297729492,23.33251190185547,23.802762985229492,24.381927490234375,23.556406021118164,26.563371658325195,28.942285537719727,29.201496124267578,27.177494049072266,23.657669067382812,20.905506134033203,20.38043975830078,20.76296043395996,19.80750846862793,18.949527740478516,18.75363540649414,18.655794143676758,18.32079315185547,17.600196838378906,17.362356185913086,18.387802124023438,20.094213485717773,21.336484909057617,21.567855834960938,21.380687713623047,21.56739616394043,22.32672691345215,23.27733039855957,23.98504066467285,24.498424530029297,25.029645919799805,25.33064079284668,25.083349227905273,24.567270278930664,24.36627197265625,24.689760208129883,25.26472282409668
28.092153549194336,27.93366813659668,27.21888542175293,25.386354446411133,23.775461196899414,22.801189422607422,22.21074867248535,21.86149787902832,21.633670806884766,21.532564163208008,22.27323341369629,21.790491104125977,24.71314811706543,26.84827423095703,27.1209716796875,25.534948348999023,22.704072952270508,20.412097930908203,19.200767517089844,18.453311920166016,17.39961051940918,16.873029708862305,16.882564544677734,16.969154357910156,16.782922744750977,16.39072036743164,16.80405616760254,18.31946563720703,20.05031394958496,20.94161605834961,20.978641510009766,20.981536865234375,21.432687759399414,22.05925178527832,22.381664276123047,22.363554000854492,22.53413200378418,23.283466339111328,24.247509002685547,24.83563232421875,24.82920265197754,24.619735717773438,24.59614372253418,24.769840240478516
27.260072708129883,27.25608253479004,26.095916748046875,23.968534469604492,22.27370834350586,21.679698944091797,21.756568908691406,21.542863845825195,20.749114990234375,19.569082260131836,19.677886962890625,19.629194259643555,23.264881134033203,25.6169376373291,25.68316078186035,24.194467544555664,21.83330535888672,19.857694625854492,18.86235809326172,17.643962860107422,16.192712783813477,15.361842155456543,15.407958030700684,15.999472618103027,16.149938583374023,15.907140731811523,16.583213806152344,18.163217544555664,19.782209396362305,20.83065414428711,21.36859893798828,21.77242088317871,22.351335525512695,22.97161293029785,23.17009925842285,22.79973030090332,22.432178497314453,22.670873641967773,23.286828994750977,23.82052993774414,24.06365394592285,24.12969207763672,24.235794067382812,24.39638900756836
26.01913833618164,26.080537796020508,24.938522338867188,22.85250473022461,21.09254264831543,20.459367752075195,20.866952896118164,21.233274459838867,20.456562042236328,18.835538864135742,18.163484573364258,18.05868911743164,22.01779556274414,24.815427780151367,24.585649490356445,23.41826057434082,21.565114974975586,19.4630126953125,18.32825469970703,17.35720443725586,15.75224781036377,14.745499610900879,15.134586334228516,16.30698013305664,16.674802780151367,16.421972274780273,16.404443740844727,17.039203643798828,18.70561408996582,20.908369064331055,22.6033935546875,23.48527717590332,23.922988891601562,24.20804786682129,24.291412353515625,23.968204498291016,23.563913345336914,23.615177154541016,23.84691619873047,23.83509063720703,23.586620330810547,23.334299087524414,23.2762393951416,23.390443801879883
24.332408905029297,24.71917152404785,24.024974822998047,21.86102867126465,20.011865615844727,19.4636287689209,19.88959312438965,20.46669578552246,20.07783317565918,18.865236282348633,18.001569747924805,17.402551651000977,19.966720581054688,23.241357803344727,23.843753814697266,23.538957595825195,22.26215934753418,19.711759567260742,17.773820877075195,16.835737228393555,15.571072578430176,14.850255966186523,15.043180465698242,15.9595308303833,16.878122329711914,17.302701950073242,16.899797439575195,17.247119903564453,19.847627639770508,23.48875617980957,26.092548370361328,27.05038833618164,26.706790924072266,25.732664108276367,25.026397705078125,24.584760665893555,24.30318832397461,24.331655502319336,24.378326416015625,24.147315979003906,23.689678192138672,23.13797378540039,22.542713165283203,22.060482025146484
22.884790420532227,23.22264289855957,23.270353317260742,21.454267501831055,18.93705177307129,17.91710090637207,18.411893844604492,19.226381301879883,19.12910270690918,18.29639434814453,17.67206573486328,16.89569664001465,18.13239288330078,22.318679809570312,23.947906494140625,24.147722244262695,22.94004249572754,20.119247436523438,17.545562744140625,16.609636306762695,14.666221618652344,13.581689834594727,13.2394437789917,14.733047485351562,17.271121978759766,18.50299644470215,19.25417709350586,21.274818420410156,23.64194107055664,26.05261993408203,28.607412338256836,29.484703063964844,27.885927200317383,25.696685791015625,24.55926513671875,24.31584358215332,24.562376022338867,24.78567123413086,24.548969268798828,23.956560134887695,23.312381744384766,22.59920310974121,21.655105590820312,20.736398696899414
