data/wind_data/wind_19_3.json
{"header": {"parameterUnit": "KT", "parameterCategory": 2, "nx": 256, "ny": 198, "lo1": 44.73521041870117, "la1": -3.236724853515625, "lo2": 111.26478576660156, "la2": 43.468475341796875, "dx": 0.2609002888202667, "dy": -0.23708222806453705, "refTime": "2025-02-19 19:00:00", "forecastTime": 0, "parameterNumber": 2, "parameterNumberName": "eastward_wind"}, "data":
[rows 57 to 75 of 198, columns 176 to 219 of 256]
-3.3879013061523438,-4.6321024894714355,-5.822282314300537,-6.686559677124023,-7.598655700683594,-8.579913139343262,-9.443955421447754,-9.814610481262207,-9.812828063964844,-9.344392776489258,-8.501053810119629,-7.904146671295166,-7.67311429977417,-8.031719207763672,-8.70540714263916,-9.247854232788086,-9.86571979522705,-10.897509574890137,-12.123870849609375,-12.973936080932617,-13.22482967376709,-13.113810539245605,-13.021547317504883,-13.037496566772461,-12.986764907836914,-12.704030990600586,-12.209924697875977,-11.790139198303223,-11.728428840637207,-12.10146713256836,-12.847029685974121,-13.843464851379395,-14.883426666259766,-15.70344066619873,-16.21123504638672,-15.760502815246582,-15.352521896362305,-16.242618560791016,-17.004316329956055,-16.502304077148438,-14.784696578979492,-13.126640319824219,-12.98656177520752,-14.712489128112793
-2.5774660110473633,-3.5725150108337402,-4.785150051116943,-5.967698574066162,-7.107382297515869,-8.137980461120605,-9.064923286437988,-9.626007080078125,-9.77264404296875,-9.514721870422363,-8.723915100097656,-7.935185432434082,-7.539186000823975,-7.780913352966309,-8.380314826965332,-8.97861385345459,-9.708391189575195,-10.61301326751709,-11.475556373596191,-12.0038480758667,-12.127381324768066,-12.117314338684082,-12.254220008850098,-12.410772323608398,-12.293323516845703,-11.940235137939453,-11.57450008392334,-11.442883491516113,-11.6279878616333,-11.903627395629883,-12.393966674804688,-13.40821647644043,-14.527592658996582,-14.816935539245605,-15.069375991821289,-15.104945182800293,-14.284723281860352,-14.326981544494629,-15.274094581604004,-15.907953262329102,-15.153542518615723,-14.040492057800293,-13.945775032043457,-15.776341438293457
-2.1405324935913086,-2.7549448013305664,-3.854266881942749,-5.1379008293151855,-6.434615612030029,-7.519258975982666,-8.349076271057129,-9.123608589172363,-9.731989860534668,-9.75822639465332,-9.1397705078125,-8.304056167602539,-7.6652445793151855,-7.518500804901123,-7.877724647521973,-8.343113899230957,-8.99697494506836,-9.790884017944336,-10.3797025680542,-10.671042442321777,-10.786887168884277,-10.965826988220215,-11.355487823486328,-11.860407829284668,-12.168466567993164,-12.034576416015625,-11.583734512329102,-11.407784461975098,-11.747369766235352,-12.110483169555664,-12.478865623474121,-13.296029090881348,-14.0377836227417,-14.058259963989258,-14.908318519592285,-16.289100646972656,-16.193532943725586,-15.549476623535156,-15.098191261291504,-15.20997428894043,-15.021422386169434,-14.41273021697998,-14.623623847961426,-16.17682647705078
-2.1280174255371094,-2.3873541355133057,-3.2689945697784424,-4.444136142730713,-5.790976524353027,-6.991631507873535,-7.655969142913818,-8.17214298248291,-8.977760314941406,-9.629210472106934,-9.394705772399902,-8.682497024536133,-8.040752410888672,-7.49719762802124,-7.38313102722168,-7.542523384094238,-7.9664812088012695,-8.62134838104248,-9.063783645629883,-9.169478416442871,-9.23735237121582,-9.531537055969238,-10.000075340270996,-10.44023609161377,-10.66883659362793,-10.520919799804688,-10.25827407836914,-10.441495895385742,-11.039034843444824,-11.72645378112793,-12.454058647155762,-12.944446563720703,-12.864435195922852,-13.033914566040039,-14.798669815063477,-16.812097549438477,-17.543930053710938,-17.598190307617188,-16.90806007385254,-16.168811798095703,-15.672317504882812,-14.98224925994873,-14.119425773620605,-14.57424259185791
-2.480539560317993,-2.369290351867676,-2.823819875717163,-3.816997766494751,-5.247826099395752,-6.592987537384033,-7.159307956695557,-7.276200294494629,-7.8972625732421875,-8.82262134552002,-9.187169075012207,-8.671573638916016,-8.166449546813965,-7.6236371994018555,-7.140867233276367,-6.842001914978027,-6.883004188537598,-7.312519073486328,-7.737051010131836,-7.854437351226807,-7.904065132141113,-8.116801261901855,-8.305329322814941,-8.47740364074707,-8.861764907836914,-9.271717071533203,-9.171859741210938,-9.094970703125,-9.93281078338623,-10.936429977416992,-11.715047836303711,-11.838418960571289,-11.14148998260498,-11.536194801330566,-13.902305603027344,-15.956254005432129,-17.002269744873047,-17.30618667602539,-16.847644805908203,-16.799333572387695,-17.01902198791504,-16.68357276916504,-15.303699493408203,-15.221185684204102
-2.9956138134002686,-2.663863182067871,-2.6761181354522705,-3.3238139152526855,-4.6980814933776855,-6.08534574508667,-6.700729846954346,-6.612842082977295,-6.846546649932861,-7.725528240203857,-8.5000581741333,-8.389193534851074,-7.910758972167969,-7.599418640136719,-7.085122585296631,-6.518505096435547,-6.130030155181885,-6.068502426147461,-6.209517002105713,-6.335629940032959,-6.52239465713501,-6.890298843383789,-7.132327556610107,-7.240581512451172,-7.799044132232666,-8.837414741516113,-9.241937637329102,-8.769885063171387,-9.023694038391113,-10.18232250213623,-10.610943794250488,-9.734994888305664,-8.342131614685059,-9.040611267089844,-11.60019302368164,-13.923931121826172,-15.173735618591309,-15.745566368103027,-15.985142707824707,-16.720726013183594,-17.55298614501953,-18.07891082763672,-17.208511352539062,-15.25098991394043
-3.440547227859497,-2.9877676963806152,-2.763301134109497,-3.0783774852752686,-4.001945495605469,-5.160754680633545,-6.097980976104736,-6.2414469718933105,-6.025362491607666,-6.700144290924072,-7.671079158782959,-7.954957962036133,-7.6359028816223145,-7.489521026611328,-7.126013278961182,-6.531585693359375,-5.9497504234313965,-5.464187145233154,-5.068011283874512,-4.79851770401001,-4.886221885681152,-5.501948356628418,-6.344429016113281,-7.061213970184326,-7.843016147613525,-8.63183879852295,-8.777555465698242,-8.383621215820312,-8.428102493286133,-9.358262062072754,-9.128578186035156,-7.031444549560547,-5.340936660766602,-6.748961925506592,-9.762130737304688,-11.94180965423584,-12.76832103729248,-13.580965995788574,-14.648468971252441,-15.703202247619629,-16.87908935546875,-18.254638671875,-18.95343780517578,-18.00543212890625
-3.695258855819702,-3.1584529876708984,-2.7237257957458496,-2.7428197860717773,-3.275407552719116,-4.170577526092529,-5.331115245819092,-5.898497581481934,-5.377080917358398,-5.738969802856445,-6.867889404296875,-7.486802101135254,-7.372886657714844,-7.274850845336914,-7.128438949584961,-6.641790866851807,-6.044607162475586,-5.469623565673828,-4.764618873596191,-4.00498628616333,-3.6889405250549316,-4.23177433013916,-5.369987487792969,-6.412304401397705,-7.4157633781433105,-8.660213470458984,-9.445417404174805,-9.090120315551758,-8.52934741973877,-8.346117973327637,-7.352914810180664,-5.787181377410889,-5.100089073181152,-6.672513484954834,-9.294373512268066,-10.035005569458008,-10.335453987121582,-11.419150352478027,-13.334976196289062,-14.472538948059082,-15.502366065979004,-16.670047760009766,-17.85512351989746,-16.93657684326172
-3.5675642490386963,-3.1051340103149414,-2.568814992904663,-2.350144386291504,-2.568992853164673,-3.288104295730591,-4.499547958374023,-5.3275837898254395,-4.8238959312438965,-4.6419172286987305,-5.808035850524902,-6.800342559814453,-6.903777599334717,-6.725016117095947,-6.690227031707764,-6.377047061920166,-5.863476753234863,-5.312839984893799,-4.647974014282227,-3.7210640907287598,-2.9723541736602783,-3.1364095211029053,-4.190720558166504,-5.103122711181641,-5.684593200683594,-6.799978733062744,-8.674659729003906,-9.640954971313477,-9.108590126037598,-8.438558578491211,-7.1902079582214355,-5.657218933105469,-5.539458751678467,-7.3528666496276855,-8.244468688964844,-8.401453971862793,-8.673820495605469,-9.697912216186523,-11.756824493408203,-13.059293746948242,-13.55886173248291,-13.92810344696045,-13.575129508972168,-12.75727367401123
-2.9373133182525635,-2.691556692123413,-2.229217052459717,-1.9212161302566528,-1.905155897140503,-2.3923614025115967,-3.5929906368255615,-4.587650775909424,-4.312313079833984,-3.6710205078125,-4.489438056945801,-5.7674174308776855,-6.139886856079102,-5.804362773895264,-5.615658760070801,-5.3729634284973145,-4.990638732910156,-4.585824966430664,-4.0254926681518555,-3.174193859100342,-2.2784054279327393,-2.0138614177703857,-2.6561062335968018,-3.417105197906494,-3.8178353309631348,-4.641016006469727,-6.897222995758057,-9.702250480651855,-10.142854690551758,-9.39960765838623,-8.346470832824707,-6.3097662925720215,-5.533082008361816,-6.751676082611084,-7.552309513092041,-7.431804180145264,-7.409667015075684,-8.165035247802734,-10.463902473449707,-11.93393325805664,-11.804932594299316,-11.288677215576172,-10.835981369018555,-10.442280769348145
-2.008514404296875,-2.0242981910705566,-1.6797267198562622,-1.3633720874786377,-1.2115260362625122,-1.402574062347412,-2.3941798210144043,-3.610581159591675,-3.7922890186309814,-3.057300567626953,-3.2176544666290283,-4.4214324951171875,-5.122819423675537,-4.808279037475586,-4.386070728302002,-4.033102512359619,-3.6685750484466553,-3.3935887813568115,-3.03562068939209,-2.3404488563537598,-1.5769119262695312,-1.1658730506896973,-1.2870738506317139,-1.6745790243148804,-2.0661745071411133,-2.9102983474731445,-4.905312538146973,-8.435751914978027,-10.135595321655273,-7.9866132736206055,-5.762574672698975,-5.240750789642334,-6.206271648406982,-6.537553787231445,-6.600689888000488,-7.7045440673828125,-8.557255744934082,-10.132707595825195,-10.58128547668457,-9.778091430664062,-8.735507011413574,-8.325465202331543,-7.365108966827393,-6.158816337585449
-0.9178320169448853,-1.2375071048736572,-1.0385798215866089,-0.6824277639389038,-0.46469148993492126,-0.3740474581718445,-0.8901318311691284,-2.125494956970215,-2.9565541744232178,-2.5734505653381348,-2.161118745803833,-2.9007039070129395,-3.748836040496826,-3.742804527282715,-3.3436667919158936,-2.891232967376709,-2.4849812984466553,-2.2692034244537354,-2.1162922382354736,-1.7061477899551392,-1.1817840337753296,-0.9211969375610352,-0.789063036441803,-0.6241020560264587,-0.6372755765914917,-1.4276323318481445,-2.748894453048706,-4.656472206115723,-7.703061580657959,-7.558835506439209,-4.745014667510986,-4.5774431228637695,-6.257411956787109,-5.731186866760254,-4.683264255523682,-6.270296573638916,-6.653306484222412,-8.1654634475708,-8.323437690734863,-9.139997482299805,-7.722334861755371,-5.300724029541016,-3.9385592937469482,-2.078995704650879
0.22130420804023743,-0.29720303416252136,-0.36732351779937744,0.0010980437509715557,0.3344133794307709,0.5446522831916809,0.5951902270317078,-0.25545281171798706,-1.5249176025390625,-1.6989550590515137,-1.2105093002319336,-1.4796873331069946,-2.166095495223999,-2.4614923000335693,-2.3512766361236572,-2.0007827281951904,-1.6153197288513184,-1.4430270195007324,-1.5106334686279297,-1.5022625923156738,-1.3769077062606812,-1.406527042388916,-1.231203556060791,-0.5480377078056335,0.13261030614376068,-0.4870498478412628,-1.6433160305023193,-2.287020206451416,-3.872213125228882,-6.3549885749816895,-5.256959438323975,-3.4379289150238037,-4.805553913116455,-4.688746929168701,-3.4460537433624268,-4.829268455505371,-4.729154109954834,-7.817009925842285,-10.335376739501953,-10.035974502563477,-7.306514263153076,-5.78823709487915,-5.02232027053833,-4.15733528137207
0.8382077217102051,0.6589736938476562,0.4025019407272339,0.5897548794746399,1.047501802444458,1.3979953527450562,1.7166471481323242,1.5652092695236206,0.4141866862773895,-0.2996952533721924,-0.11900411546230316,-0.18084631860256195,-0.6759935021400452,-1.0575501918792725,-1.1472214460372925,-0.9896979928016663,-0.8067935109138489,-0.8209790587425232,-1.0533331632614136,-1.3604012727737427,-1.7462061643600464,-2.2383391857147217,-2.213115930557251,-1.2023546695709229,-0.16446450352668762,-0.4392406940460205,-1.4675469398498535,-2.034219264984131,-0.7909919619560242,-1.2485376596450806,-2.9054229259490967,-1.740618109703064,0.2160091996192932,-2.42008376121521,-4.541814804077148,-5.082825183868408,-6.0393967628479,-9.32490062713623,-11.206134796142578,-11.965761184692383,-10.522700309753418,-9.977526664733887,-7.571922302246094,-7.605766296386719
0.6697523593902588,1.1191123723983765,1.0994008779525757,1.1447049379348755,1.5385463237762451,2.036055564880371,2.4787163734436035,2.8267083168029785,2.3850321769714355,1.58285391330719,1.268796682357788,1.0896466970443726,0.6116987466812134,0.15847180783748627,0.028527656570076942,0.08273289352655411,0.09996737539768219,-0.09329389780759811,-0.4568994641304016,-0.8976935148239136,-1.5105650424957275,-2.503908634185791,-3.180006980895996,-2.4132955074310303,-1.1324396133422852,-1.0458261966705322,-1.9641308784484863,-2.387572765350342,-0.9856472015380859,-0.5533380508422852,-1.2118114233016968,-2.2394375801086426,-1.4787909984588623,-0.9548665881156921,-3.584927797317505,-5.074019908905029,-7.428919315338135,-9.894303321838379,-11.54156494140625,-9.763343811035156,-5.509345054626465,-4.797502040863037,-6.409417152404785,-11.181144714355469
0.026101306080818176,0.8959150910377502,1.4121958017349243,1.62227463722229,1.879440426826477,2.3543338775634766,2.870046377182007,3.4000067710876465,3.6720786094665527,3.418168067932129,2.9814748764038086,2.531438112258911,1.8487728834152222,1.2466834783554077,0.9496520757675171,0.8618701100349426,0.8060009479522705,0.42685842514038086,-0.17092476785182953,-0.6871287226676941,-1.1999626159667969,-1.997573971748352,-3.058800458908081,-3.4042491912841797,-2.3489174842834473,-1.7586439847946167,-2.1214306354522705,-2.1827516555786133,-1.4305452108383179,-0.12467135488986969,0.5112255811691284,0.8320133686065674,-2.1635549068450928,-3.5029332637786865,-3.6594650745391846,-6.156320571899414,-9.436619758605957,-9.450852394104004,-9.679621696472168,-8.797659873962402,-6.999698162078857,-6.746224880218506,-7.586821556091309,-9.662429809570312
-0.7892594337463379,0.26825159788131714,1.1707419157028198,1.8115133047103882,2.200502395629883,2.565239906311035,3.0428519248962402,3.572892665863037,4.144639015197754,4.520074844360352,4.496544361114502,4.107403755187988,3.311570167541504,2.515280246734619,1.9019532203674316,1.5684421062469482,1.4232869148254395,1.1833019256591797,0.5838802456855774,-0.28885209560394287,-1.153080701828003,-2.0260815620422363,-2.6829702854156494,-3.225170612335205,-3.0893714427948,-2.3168132305145264,-2.0229358673095703,-1.4472718238830566,-0.5927086472511292,-1.5432432889938354,-0.2790597379207611,2.382533073425293,0.001577344723045826,-3.8173606395721436,-4.563187122344971,-4.922811508178711,-7.202936172485352,-8.261561393737793,-8.348978042602539,-8.04145336151123,-6.871570587158203,-6.259588718414307,-7.572985649108887,-9.443550109863281
-1.4818159341812134,-0.47192901372909546,0.5834491848945618,1.522303819656372,2.2837891578674316,2.7943718433380127,3.220397472381592,3.6957828998565674,4.269139766693115,4.895298480987549,5.34330940246582,5.373724460601807,4.847280979156494,4.042932987213135,3.2624900341033936,2.604444742202759,2.179161548614502,1.9590480327606201,1.5930880308151245,0.7723979949951172,-0.19426368176937103,-1.4390524625778198,-2.6837995052337646,-3.022426128387451,-2.885967254638672,-2.5953705310821533,-2.054337501525879,-1.4087269306182861,-0.8346138000488281,-1.4850237369537354,0.47131866216659546,3.163642406463623,0.5994459986686707,-2.873120069503784,-4.760793685913086,-7.540876388549805,-8.480836868286133,-7.070474147796631,-7.087661266326904,-7.255464553833008,-3.261047601699829,-0.5704073309898376,-3.824059247970581,-7.808864593505859
-1.7450370788574219,-1.0377265214920044,-0.03001004084944725,0.9970133900642395,1.9505162239074707,2.7852909564971924,3.394912004470825,3.8612353801727295,4.343212604522705,4.954737663269043,5.603387832641602,6.04477071762085,6.054259300231934,5.5042572021484375,4.8129167556762695,3.9491679668426514,3.2041378021240234,2.6426310539245605,2.289180040359497,1.8385000228881836,0.9265643954277039,-0.39934319257736206,-2.212083339691162,-3.151548385620117,-2.5980050563812256,-2.38218092918396,-2.0369772911071777,-1.3626309633255005,-1.1572374105453491,0.6712979078292847,3.1794023513793945,4.593897342681885,0.7701449394226074,-2.88421368598938,-3.6287832260131836,-5.34872579574585,-7.411110877990723,-7.096072196960449,-3.6930763721466064,-2.3276543617248535,1.2300938367843628,3.5366883277893066,-0.16894881427288055,-4.145530700683594
