data/wind_data/wind_4_7.json
{"header": {"parameterUnit": "KT", "parameterCategory": 2, "nx": 256, "ny": 198, "lo1": 44.73521041870117, "la1": -3.236724853515625, "lo2": 111.26478576660156, "la2": 43.468475341796875, "dx": 0.2609002888202667, "dy": -0.23708222806453705, "refTime": "2025-02-19 04:00:00", "forecastTime": 0, "parameterNumber": 2, "parameterNumberName": "eastward_wind"}, "data":
[rows 140 to 159 of 198, columns 88 to 131 of 256]
98.73814392089844,98.4313735961914,99.57971954345703,100.6397476196289,99.36259460449219,96.9220199584961,95.39453125,94.90069580078125,94.97535705566406,95.26911926269531,95.02996063232422,94.23236083984375,93.51432800292969,93.27085876464844,93.4608383178711,93.86968994140625,94.42900848388672,95.22779846191406,96.19140625,97.05622100830078,97.56681823730469,97.34933471679688,96.29843139648438,94.9549789428711,94.09403228759766,93.9483642578125,94.4319839477539,95.19731903076172,95.84757232666016,96.13800048828125,95.92903900146484,95.35662841796875,94.71727752685547,94.1929931640625,93.93628692626953,93.94332885742188,94.13216400146484,93.94110870361328,92.7715835571289,91.50899505615234,91.16458129882812,91.08277130126953,90.5451431274414,90.31888580322266
95.1607894897461,94.4861068725586,95.68122863769531,97.05766296386719,96.76142120361328,95.55085754394531,94.79776763916016,94.53318786621094,94.44342041015625,94.46492767333984,94.26702880859375,93.85362243652344,93.4304428100586,93.06427764892578,92.81021881103516,92.86965942382812,93.39752197265625,94.28524017333984,95.1699447631836,95.79253387451172,96.03707885742188,95.67225646972656,94.74046325683594,93.7889404296875,93.24644470214844,93.28893280029297,93.92640686035156,94.696533203125,95.07478332519531,95.10382843017578,94.86698150634766,94.3197250366211,93.55294799804688,92.90523529052734,92.63326263427734,92.75285339355469,93.2606201171875,92.9641342163086,91.07569885253906,89.83731842041016,90.3096923828125,90.42845916748047,89.58517456054688,89.22258758544922
91.70800018310547,90.72219848632812,91.52737426757812,92.85828399658203,93.34642028808594,93.31712341308594,93.32949829101562,93.19889068603516,92.97323608398438,92.96537017822266,93.07999420166016,93.0707778930664,92.90275573730469,92.62418365478516,92.2978515625,92.22708129882812,92.6494140625,93.40072631835938,94.14524841308594,94.7214584350586,94.89783477783203,94.5970458984375,93.94244384765625,93.17095184326172,92.5206298828125,92.50061798095703,93.21813201904297,93.84049987792969,93.93940734863281,93.93492126464844,93.99702453613281,93.78850555419922,93.185546875,92.5508041381836,92.16177368164062,92.02144622802734,92.26056671142578,91.7718276977539,89.98921966552734,89.27010345458984,89.73301696777344,89.10623931884766,87.94194030761719,87.91626739501953
88.1658706665039,87.21438598632812,87.91788482666016,89.11969757080078,89.97539520263672,90.4412612915039,90.73538208007812,90.85594177246094,90.935546875,91.1700668334961,91.41747283935547,91.4166488647461,91.3318099975586,91.43301391601562,91.67031860351562,91.88863372802734,92.08905029296875,92.46501922607422,93.17305755615234,93.849609375,94.04563903808594,94.04273986816406,93.66790771484375,92.69755554199219,91.90328216552734,92.19429016113281,93.0654296875,93.28182983398438,92.95464324951172,92.92665100097656,93.21517181396484,93.26994323730469,92.9005126953125,92.3879623413086,91.96871185302734,91.5704345703125,91.32685089111328,90.80325317382812,89.7712173461914,89.39874267578125,89.1773452758789,88.22825622558594,87.78424072265625,88.18115997314453
84.94883728027344,84.74889373779297,85.42465209960938,86.31501007080078,87.03941345214844,87.50543212890625,87.87775421142578,88.14887237548828,88.61341857910156,89.24791717529297,89.57617950439453,89.51970672607422,89.4797134399414,89.87415313720703,90.58196258544922,91.0497055053711,91.12638854980469,91.44512939453125,92.32881927490234,93.0291976928711,93.293701171875,93.45006561279297,92.9112548828125,91.75790405273438,91.25281524658203,92.05377197265625,92.8670425415039,92.65228271484375,92.17425537109375,92.2065200805664,92.55891418457031,92.83358001708984,92.78723907470703,92.25909423828125,91.5026626586914,90.84245300292969,90.47119903564453,90.40791320800781,90.0865249633789,89.274169921875,88.42765808105469,88.06211853027344,88.48152160644531,88.8442153930664
82.55635833740234,83.2449722290039,83.80830383300781,84.30074310302734,84.77486419677734,85.24532318115234,85.60466003417969,85.7281265258789,86.30595397949219,87.27977752685547,87.69794464111328,87.55955505371094,87.49855041503906,87.89306640625,88.56140899658203,89.00264739990234,89.24209594726562,89.85924530029297,90.85993194580078,91.64432525634766,92.0971450805664,92.08270263671875,91.2507095336914,90.16339111328125,90.0384750366211,91.01195526123047,91.66432189941406,91.40545654296875,91.16371154785156,91.46665954589844,92.03611755371094,92.49688720703125,92.59622955322266,92.10326385498047,91.00694274902344,89.96031951904297,89.63814544677734,89.8100814819336,89.50687408447266,88.244384765625,87.07495880126953,87.23800659179688,88.37290954589844,88.86068725585938
80.32644653320312,81.28533172607422,81.83963775634766,82.22236633300781,82.75337219238281,83.3951187133789,83.81588745117188,83.86067962646484,84.11062622070312,84.90528869628906,85.51325225830078,85.60963439941406,85.47773742675781,85.38054656982422,85.46589660644531,85.8434829711914,86.57670593261719,87.55559539794922,88.50041961669922,89.22084045410156,89.5365219116211,89.2934341430664,88.56427001953125,87.8628158569336,87.90186309814453,88.60853576660156,89.1207504272461,89.25313568115234,89.50542449951172,90.10835266113281,90.85851287841797,91.42980194091797,91.55923461914062,91.08345031738281,90.04283905029297,89.07299041748047,88.66387939453125,88.27006530761719,87.48036193847656,86.34969329833984,85.62199401855469,86.47468566894531,88.05340576171875,88.37593841552734
77.01612854003906,78.09064483642578,78.93832397460938,79.6167984008789,80.51936340332031,81.48959350585938,82.14579010009766,82.29401397705078,82.31034088134766,82.6642837524414,83.19898223876953,83.6014633178711,83.57323455810547,83.02685546875,82.56201171875,82.9079818725586,83.92880249023438,84.9084243774414,85.56834411621094,85.99164581298828,86.0988998413086,85.91775512695312,85.60723114013672,85.32402038574219,85.28567504882812,85.54753875732422,85.98983764648438,86.67769622802734,87.481201171875,88.0787124633789,88.51358795166016,88.96869659423828,89.13683319091797,88.83300018310547,88.39745330810547,87.87934875488281,87.19271850585938,86.46476745605469,85.71311950683594,84.93133544921875,84.84526824951172,86.2707748413086,87.74958801269531,87.53604888916016
74.28836822509766,74.9998779296875,75.76475524902344,76.67921447753906,77.97857666015625,79.39021301269531,80.23160552978516,80.6092529296875,80.90338897705078,80.99821472167969,81.14928436279297,81.50487518310547,81.6775894165039,81.20968627929688,80.68607330322266,81.0335464477539,82.06729888916016,82.87753295898438,83.13494110107422,83.201904296875,83.1687240600586,83.05863189697266,83.01952362060547,83.02519226074219,82.99199676513672,83.04039001464844,83.49851989746094,84.53671264648438,85.38226318359375,85.3975830078125,85.41395568847656,86.02461242675781,86.4969711303711,86.74149322509766,86.94868469238281,86.50971984863281,85.66507720947266,85.19203186035156,84.83570098876953,84.20377349853516,84.16014099121094,85.259521484375,86.2424545288086,86.02371978759766
72.04459381103516,71.88867950439453,72.28912353515625,73.39771270751953,75.16132354736328,77.03543090820312,78.11650085449219,78.8596420288086,79.6236343383789,79.65422821044922,79.22769165039062,79.20560455322266,79.57672119140625,79.56587982177734,79.38710021972656,79.80419158935547,80.7545394897461,81.41720581054688,81.45467376708984,81.27540588378906,80.99758911132812,80.70195770263672,80.66398620605469,80.90335845947266,81.13951873779297,81.3006820678711,81.7955093383789,82.70116424560547,83.37185668945312,83.47868347167969,83.627685546875,84.24938201904297,84.87130737304688,85.44267272949219,85.52323913574219,84.77042388916016,84.06233978271484,83.81289672851562,83.349609375,82.51148223876953,82.27130126953125,83.04658508300781,84.00483703613281,84.25923156738281
68.80877685546875,68.20054626464844,68.882568359375,70.51780700683594,72.7844009399414,75.15765380859375,76.62164306640625,77.44676971435547,77.95789337158203,77.7177734375,77.10570526123047,76.96153259277344,77.39695739746094,77.83086395263672,78.16119384765625,78.58048248291016,79.13243865966797,79.51469421386719,79.42384338378906,79.01243591308594,78.51689147949219,78.22993469238281,78.47783660888672,78.97312927246094,79.26106262207031,79.5662841796875,80.2225341796875,81.03219604492188,81.76241302490234,82.22073364257812,82.56015014648438,83.06596374511719,83.43860626220703,83.56150817871094,83.21099090576172,82.55119323730469,82.03304290771484,81.47750854492188,80.69863891601562,79.9588623046875,79.92007446289062,80.72357940673828,81.7718734741211,82.42071533203125
64.88217163085938,65.05193328857422,66.62191772460938,68.92963409423828,71.69865417480469,74.35466766357422,75.68514251708984,75.67428588867188,75.39606475830078,75.21240997314453,74.96192932128906,75.08574676513672,75.64338684082031,76.0943603515625,76.36851501464844,76.52085876464844,76.59370422363281,76.64740753173828,76.52302551269531,76.17854309082031,75.7596664428711,75.65499877929688,76.12646484375,76.70923614501953,77.01353454589844,77.42628479003906,78.10518646240234,78.80442810058594,79.58676147460938,80.40133666992188,80.81490325927734,80.84048461914062,80.66400146484375,80.52976989746094,80.26136016845703,79.54521179199219,78.76586151123047,78.1378402709961,77.6009292602539,77.45343780517578,78.07381439208984,78.96690368652344,79.484619140625,79.85356903076172
62.01797866821289,63.36344909667969,65.65184020996094,68.4955825805664,71.51250457763672,73.68782043457031,73.9811019897461,73.11395263671875,72.75786590576172,73.10594177246094,73.48603057861328,73.69837188720703,73.62679290771484,73.47885131835938,73.6012954711914,73.80596160888672,73.77133178710938,73.63895416259766,73.57373046875,73.51190948486328,73.40997314453125,73.43284606933594,73.7380599975586,74.05349731445312,74.24374389648438,74.61906433105469,75.16848754882812,75.89237213134766,76.90743255615234,77.56497955322266,77.3227310180664,77.0295181274414,77.40540313720703,77.5065689086914,76.63838958740234,75.5124282836914,74.93010711669922,74.83041381835938,74.87106323242188,75.23180389404297,76.02342224121094,76.47335052490234,76.23126983642578,75.95207214355469
60.75513458251953,63.0456657409668,65.5803451538086,68.2879409790039,70.7049560546875,71.88346862792969,71.50653839111328,70.76728057861328,70.9227294921875,71.5264663696289,71.77976989746094,71.50789642333984,71.0115737915039,70.81193542480469,71.08167266845703,71.47215270996094,71.52239227294922,71.29204559326172,71.07941436767578,70.9955825805664,70.96580505371094,70.91240692138672,70.84037780761719,70.70085144042969,70.75677490234375,71.14471435546875,71.61775970458984,72.56616973876953,73.89817810058594,74.13838958740234,73.24234008789062,73.00515747070312,73.63130187988281,73.33629608154297,71.99419403076172,71.11863708496094,71.16840362548828,71.45101165771484,71.64176177978516,72.19425964355469,73.05438232421875,73.145751953125,72.37384033203125,71.9764175415039
60.4572639465332,62.92273712158203,64.65383911132812,66.48793029785156,68.38479614257812,69.29286193847656,69.07225799560547,68.80394744873047,69.04161834716797,69.3768081665039,69.29348754882812,68.78113555908203,68.58426666259766,68.884033203125,69.17121124267578,69.33868408203125,69.34483337402344,69.01203918457031,68.37608337402344,67.75743103027344,67.30694580078125,67.04084777832031,66.8836669921875,66.79830932617188,67.076171875,67.55481719970703,68.14382934570312,69.36197662353516,70.475341796875,70.25326538085938,69.4477767944336,69.53624725341797,69.94470977783203,69.19135284423828,67.9442138671875,67.60408782958984,68.15650939941406,68.53813171386719,68.42611694335938,68.81039428710938,69.5699691772461,69.36964416503906,68.71703338623047,69.18241882324219
59.244510650634766,61.06160354614258,62.070526123046875,63.23784637451172,64.78227996826172,66.01388549804688,66.43058013916016,66.31092071533203,66.0954360961914,66.33627319335938,66.44807434082031,65.97733306884766,65.94613647460938,66.41294860839844,66.55799102783203,66.54985809326172,66.55681610107422,66.07158660888672,64.9110107421875,63.599578857421875,62.810508728027344,62.596256256103516,62.47395706176758,62.85373306274414,63.83866500854492,64.33441925048828,64.51972198486328,65.29214477539062,66.01895141601562,66.27247619628906,66.69225311279297,66.93172454833984,66.35176086425781,65.30581665039062,64.87020111083984,65.56935119628906,66.402099609375,66.38170623779297,65.85944366455078,65.88551330566406,66.17927551269531,66.013427734375,66.12094116210938,67.39405822753906
56.64962387084961,58.41913604736328,59.371742248535156,60.014163970947266,61.29283142089844,62.511470794677734,62.8286018371582,62.504966735839844,62.262691497802734,62.7281494140625,63.01266098022461,62.50587844848633,62.30917739868164,62.913978576660156,63.62810516357422,63.89097213745117,63.57249069213867,62.65623474121094,61.22801208496094,59.83289337158203,59.292213439941406,59.101436614990234,58.87947082519531,59.839698791503906,60.90761947631836,60.59912109375,60.492591857910156,61.58644485473633,62.8665657043457,63.73393249511719,64.28951263427734,64.12246704101562,63.179115295410156,62.32011413574219,62.564998626708984,63.75959014892578,64.34211730957031,63.73576354980469,63.05846405029297,63.089778900146484,63.38204574584961,63.670005798339844,64.44639587402344,65.62919616699219
54.98361587524414,56.81291580200195,57.509769439697266,57.58946228027344,58.2135124206543,58.77805709838867,58.6595458984375,58.32719421386719,58.39837646484375,58.89488220214844,59.143943786621094,58.76266098022461,58.737342834472656,59.96567916870117,61.46428298950195,61.757606506347656,60.901466369628906,59.78632354736328,58.70614242553711,57.78219985961914,57.34381103515625,57.04528045654297,56.8088264465332,57.32681655883789,58.07733154296875,58.132896423339844,57.93927764892578,58.61800003051758,60.121002197265625,61.30408477783203,61.86186981201172,61.470359802246094,60.3868522644043,60.14785385131836,61.12785720825195,62.03453063964844,61.84815216064453,61.062461853027344,60.6296501159668,60.815025329589844,61.31828689575195,61.7930908203125,62.517513275146484,63.24565887451172
54.3442497253418,55.44000244140625,55.63337707519531,55.547969818115234,55.51596450805664,55.291263580322266,55.05591583251953,55.064395904541016,55.169029235839844,55.317420959472656,55.56785202026367,55.8188591003418,56.69355773925781,58.35045623779297,59.57112503051758,59.62864303588867,58.950862884521484,58.144622802734375,57.64338302612305,57.13129806518555,56.210304260253906,55.33905792236328,55.03038024902344,55.37070846557617,55.937095642089844,56.08636474609375,55.65302276611328,55.695960998535156,56.90428924560547,58.416683197021484,58.929847717285156,58.17436218261719,57.66679763793945,58.667179107666016,60.14090347290039,60.36125564575195,59.291725158691406,58.47787094116211,58.66810989379883,59.29457092285156,59.82253646850586,59.91823959350586,60.11727523803711,60.664947509765625
53.5283317565918,53.72235870361328,53.799354553222656,53.92502975463867,53.632659912109375,53.09087371826172,52.7765998840332,52.72207260131836,52.60257339477539,52.51232147216797,52.93954086303711,54.11746597290039,55.71380615234375,56.897579193115234,57.46638488769531,57.891807556152344,57.737701416015625,56.96335220336914,56.52555847167969,55.88180160522461,54.35771179199219,53.07625961303711,53.0267448425293,53.87864303588867,54.419288635253906,53.708740234375,52.5877799987793,52.81338882446289,54.46400451660156,55.73972702026367,55.311649322509766,54.52141189575195,55.310081481933594,57.274314880371094,58.419254302978516,57.9637336730957,57.00381088256836,56.769039154052734,57.38699722290039,58.06992721557617,58.22252655029297,57.794986724853516,57.65299987792969,58.15644454956055
