data/wind_data/wind_10_4.json
{"header": {"parameterUnit": "KT", "parameterCategory": 2, "nx": 256, "ny": 198, "lo1": 44.73521041870117, "la1": -3.236724853515625, "lo2": 111.26478576660156, "la2": 43.468475341796875, "dx": 0.2609002888202667, "dy": -0.23708222806453705, "refTime": "2025-02-19 10:00:00", "forecastTime": 0, "parameterNumber": 2, "parameterNumberName": "eastward_wind"}, "data":
[rows 57 to 75 of 198, columns 176 to 219 of 256]
3.4532885551452637,2.978306770324707,2.452766180038452,2.215209484100342,2.3600778579711914,2.7817306518554688,3.6234395503997803,4.470697402954102,4.960330009460449,4.9708781242370605,4.106977462768555,3.5584499835968018,3.39009690284729,3.3692879676818848,3.348273992538452,3.1175506114959717,2.9529502391815186,2.4691343307495117,1.146782398223877,-0.5910061001777649,-1.936126470565796,-2.8525283336639404,-3.7477405071258545,-4.793393135070801,-5.9580488204956055,-6.530584335327148,-6.37853479385376,-6.375772953033447,-6.541646480560303,-6.621936798095703,-6.00290060043335,-4.432274341583252,-3.9589364528656006,-5.103765487670898,-6.530043601989746,-7.33214807510376,-6.959795951843262,-6.507901191711426,-6.084460735321045,-6.29127311706543,-6.697550296783447,-6.823314666748047,-7.124863147735596,-7.798224925994873
4.007218360900879,3.5092849731445312,3.0681161880493164,2.8070709705352783,2.8412792682647705,2.9184815883636475,3.246389865875244,3.8898532390594482,4.494381904602051,5.067818641662598,4.790553092956543,4.201126575469971,3.992018222808838,3.9018843173980713,3.8912148475646973,3.7506370544433594,3.6115550994873047,3.3553717136383057,2.6066296100616455,1.3240320682525635,-0.11259070038795471,-1.4266308546066284,-2.7468204498291016,-3.913757801055908,-5.010019779205322,-5.900537967681885,-6.037409782409668,-5.630772113800049,-5.779889106750488,-6.992354869842529,-7.433781623840332,-4.8394999504089355,-3.4212660789489746,-3.7344932556152344,-4.515160083770752,-6.214184761047363,-5.469604015350342,-5.524566650390625,-5.522209167480469,-6.14336633682251,-6.3967132568359375,-6.295476913452148,-6.469824314117432,-7.031936168670654
4.703576564788818,4.10255241394043,3.6336750984191895,3.306171178817749,3.2778871059417725,3.551969051361084,3.702619791030884,3.874570369720459,4.112463474273682,4.7605438232421875,5.192461967468262,4.85564661026001,4.606065273284912,4.474380970001221,4.459392547607422,4.441597938537598,4.313918113708496,4.108705520629883,3.7588562965393066,3.1188416481018066,1.8995686769485474,0.2904815077781677,-1.6158546209335327,-3.2395551204681396,-4.2096381187438965,-4.868303298950195,-5.122030735015869,-4.676011085510254,-4.6915717124938965,-7.221254348754883,-9.23076057434082,-6.98618745803833,-2.8252501487731934,-2.2183642387390137,-3.8073482513427734,-4.643426895141602,-4.1815619468688965,-4.47205114364624,-4.588198184967041,-5.509425640106201,-5.871574878692627,-5.661445617675781,-5.848191738128662,-6.106083869934082
5.321822643280029,4.785898685455322,4.267324447631836,3.9089674949645996,3.740074396133423,4.023092269897461,4.489076137542725,4.836405277252197,4.734508037567139,4.698727607727051,5.324792385101318,5.349376678466797,5.036002159118652,4.779446125030518,4.741878986358643,4.913159370422363,4.998816967010498,4.936853885650635,4.748157024383545,4.4346184730529785,3.5062801837921143,1.8153032064437866,-0.27340802550315857,-2.3515336513519287,-3.5369043350219727,-3.88278865814209,-3.8877556324005127,-3.526219606399536,-3.4255564212799072,-5.945539474487305,-8.61595344543457,-4.855357646942139,-3.386530637741089,-1.9667716026306152,-3.2866570949554443,-3.5572285652160645,-3.857375383377075,-4.0498738288879395,-4.099176406860352,-4.352265357971191,-4.746940612792969,-4.919888496398926,-5.145843505859375,-4.823546409606934
5.6535444259643555,5.503631591796875,5.055517673492432,4.597840309143066,4.389671802520752,4.4569220542907715,4.865342140197754,5.590739727020264,5.880275249481201,5.536557674407959,5.727861404418945,5.783541202545166,5.429561614990234,5.009479999542236,4.846866130828857,5.109292507171631,5.500829696655273,5.725809097290039,5.612520694732666,5.209208965301514,4.421135902404785,2.8831608295440674,0.9842897653579712,-0.9847687482833862,-2.527147054672241,-3.0671448707580566,-2.9175209999084473,-2.5477585792541504,-2.1153221130371094,-2.4880053997039795,-4.638258457183838,-3.3404510021209717,-2.6465647220611572,-4.581676959991455,-3.7505273818969727,-3.6439454555511475,-4.127190113067627,-3.6041228771209717,-3.4621500968933105,-3.567143440246582,-3.3671107292175293,-3.2900338172912598,-3.690051317214966,-4.702864646911621
6.16232967376709,6.0694708824157715,5.895812034606934,5.440211772918701,4.979949951171875,4.819669723510742,5.064159393310547,5.659605503082275,6.185944080352783,6.485504150390625,6.6783061027526855,6.6670942306518555,6.131782054901123,5.549703598022461,5.241644859313965,5.419632434844971,5.959362030029297,6.440558910369873,6.475929260253906,5.834399700164795,4.8443121910095215,3.585706949234009,1.9608529806137085,0.30376970767974854,-1.1936421394348145,-1.9908159971237183,-2.0394277572631836,-1.959418535232544,-1.665359377861023,-0.916571319103241,-1.122482419013977,-0.8134429454803467,-0.6096082329750061,-1.4389379024505615,-2.686849355697632,-2.936251640319824,-3.1020522117614746,-2.342644453048706,-1.980339765548706,-1.9151197671890259,-1.164855718612671,-0.06122610345482826,-1.451488971710205,-4.699305057525635
7.22866153717041,6.8915863037109375,6.590655326843262,6.282143592834473,5.71356725692749,5.128719806671143,5.101383686065674,5.758368492126465,6.3602681159973145,6.647895336151123,7.151339054107666,7.6736016273498535,7.331876277923584,6.606482982635498,6.124622344970703,6.122352123260498,6.520900726318359,7.032150745391846,7.250711441040039,6.6972479820251465,5.4783101081848145,4.272705554962158,2.8855772018432617,1.2822842597961426,0.056367453187704086,-0.6200578808784485,-0.8240435719490051,-1.17649245262146,-1.3093032836914062,-0.7167699933052063,-0.21688614785671234,1.9166035652160645,1.6132889986038208,-1.8663774728775024,-1.3861132860183716,-1.317878246307373,-1.8162968158721924,-1.6052477359771729,-1.7367582321166992,-2.0972516536712646,-0.6369606852531433,-0.3747350871562958,-0.569327175617218,-1.533928394317627
8.224516868591309,8.129584312438965,7.623627185821533,7.130929470062256,6.667048931121826,5.977395534515381,5.6092095375061035,5.909626007080078,6.559118747711182,6.646438121795654,6.890955448150635,7.769708156585693,8.201446533203125,7.894885063171387,7.41158390045166,7.112602710723877,7.1146559715271,7.39805793762207,7.731527328491211,7.53427791595459,6.5120134353637695,5.312689781188965,4.037022590637207,2.2827610969543457,0.9809039235115051,0.5697546005249023,0.3214501440525055,-0.29555487632751465,-0.5789263844490051,-0.012786389328539371,0.3064350485801697,2.3827733993530273,4.0320048332214355,2.3428428173065186,0.19634777307510376,-0.41880831122398376,-0.4772310256958008,0.22856521606445312,-0.5823183655738831,-2.396803140640259,1.2464921474456787,3.92059588432312,0.6940439343452454,1.1784430742263794
8.548666954040527,8.801045417785645,8.835773468017578,8.38449478149414,7.758257865905762,7.186607360839844,6.802515983581543,6.545109748840332,6.604081153869629,6.741398334503174,6.820988655090332,7.402673721313477,8.17933177947998,8.573013305664062,8.57982063293457,8.333094596862793,7.970705032348633,7.832320690155029,8.002209663391113,8.052740097045898,7.532073497772217,6.524618625640869,5.316416263580322,3.639397382736206,1.9647213220596313,1.1839271783828735,0.9069481492042542,0.497461199760437,0.25666505098342896,1.1559985876083374,2.3700573444366455,6.264851093292236,2.840602397918701,0.44143643975257874,1.3000574111938477,0.38605642318725586,0.40553173422813416,1.7425404787063599,2.3084964752197266,0.18643707036972046,2.040696382522583,3.4369778633117676,1.1196941137313843,1.9431908130645752
9.266846656799316,9.018112182617188,9.242941856384277,9.394132614135742,9.03804874420166,8.45620346069336,8.020195007324219,7.649322509765625,7.138631343841553,7.037825107574463,7.095067024230957,7.431905269622803,8.045933723449707,8.588555335998535,8.991639137268066,9.186849594116211,9.012333869934082,8.645946502685547,8.418185234069824,8.28504467010498,8.085926055908203,7.524527549743652,6.49367618560791,5.085318088531494,3.4026896953582764,1.8635618686676025,1.0949610471725464,0.9588034749031067,0.44378286600112915,0.19188185036182404,4.202693462371826,2.2753121852874756,0.8546205163002014,1.0135689973831177,2.2811248302459717,2.386038303375244,2.7057764530181885,3.439547300338745,3.902766227722168,3.2331035137176514,3.26371431350708,2.6480553150177,1.8966063261032104,2.142064094543457
10.427876472473145,9.893797874450684,9.642372131347656,9.804342269897461,9.917862892150879,9.650167465209961,9.17436408996582,8.725528717041016,8.224279403686523,7.826904773712158,7.616930961608887,7.773166179656982,8.202435493469238,8.614701271057129,8.96342945098877,9.307690620422363,9.583078384399414,9.553468704223633,9.213130950927734,8.701165199279785,8.29632568359375,8.031556129455566,7.443959712982178,6.4187211990356445,4.956823348999023,3.025662422180176,1.5646553039550781,1.6754298210144043,1.7701809406280518,0.24179701507091522,4.401496410369873,4.021352767944336,6.733043670654297,3.07612681388855,4.056244373321533,4.882192611694336,4.745395660400391,5.385693073272705,5.492846965789795,5.190764904022217,4.9037251472473145,3.5254034996032715,2.970757484436035,1.1406046152114868
10.921469688415527,10.926229476928711,10.50633716583252,10.288898468017578,10.328839302062988,10.380974769592285,10.235528945922852,9.86293888092041,9.43257999420166,8.986562728881836,8.538810729980469,8.361574172973633,8.488069534301758,8.736042022705078,8.98357105255127,9.237250328063965,9.603089332580566,10.015233039855957,10.069751739501953,9.543179512023926,8.73512077331543,8.220515251159668,7.948457717895508,7.439854621887207,6.379551887512207,4.557411193847656,2.679354429244995,2.3647372722625732,3.0270180702209473,2.413770914077759,4.5809431076049805,2.200464963912964,4.8852152824401855,6.477086544036865,6.0509514808654785,5.362227916717529,7.5588765144348145,6.768388748168945,6.108692646026611,6.1868767738342285,6.759528636932373,5.13083028793335,5.704949378967285,3.487614154815674
10.566499710083008,11.422240257263184,11.473234176635742,10.994796752929688,10.659350395202637,10.644342422485352,10.783994674682617,10.813213348388672,10.607709884643555,10.265745162963867,9.844670295715332,9.414380073547363,9.086819648742676,8.994887351989746,9.121856689453125,9.342121124267578,9.6207914352417,10.06005573272705,10.492802619934082,10.398727416992188,9.6234712600708,8.771516799926758,8.302330017089844,8.01011848449707,7.426759719848633,6.256674766540527,4.524983882904053,3.601804256439209,4.133425712585449,3.5168399810791016,6.748402118682861,4.306743144989014,5.90318489074707,8.776202201843262,9.82686996459961,6.687843322753906,6.459184169769287,6.9170823097229,6.364329814910889,6.5569376945495605,7.661370277404785,6.59015417098999,5.851689338684082,4.9409565925598145
9.708752632141113,11.080172538757324,12.032892227172852,12.037190437316895,11.389188766479492,10.918330192565918,10.940483093261719,11.20974349975586,11.35802173614502,11.28482437133789,11.09092903137207,10.767129898071289,10.280644416809082,9.82542896270752,9.686244010925293,9.749013900756836,9.8361234664917,10.024599075317383,10.484600067138672,10.803357124328613,10.47360897064209,9.777792930603027,9.147795677185059,8.57906436920166,8.045589447021484,7.485479831695557,6.522270202636719,5.237025260925293,5.616147041320801,4.0182061195373535,5.822582244873047,9.070171356201172,10.741869926452637,10.360190391540527,8.634115219116211,5.889577865600586,6.371980667114258,7.165765762329102,7.1517181396484375,7.239227294921875,7.5297532081604,7.002435684204102,6.025570392608643,5.736278533935547
8.854536056518555,10.128007888793945,11.572301864624023,12.54690170288086,12.545963287353516,11.854986190795898,11.34321403503418,11.371074676513672,11.646561622619629,11.815011024475098,11.836039543151855,11.784093856811523,11.60876750946045,11.277581214904785,10.897231101989746,10.60498332977295,10.393576622009277,10.247403144836426,10.424661636352539,10.816551208496094,10.933813095092773,10.691069602966309,10.266658782958984,9.539111137390137,8.710901260375977,8.18016529083252,8.09074592590332,6.82212495803833,6.907352447509766,5.245214462280273,5.909024238586426,8.126242637634277,11.326661109924316,4.747231483459473,3.1886355876922607,6.729391574859619,7.955657958984375,8.036133766174316,8.23301887512207,8.37622356414795,8.254661560058594,8.196971893310547,8.022107124328613,7.750834941864014
8.509300231933594,9.371026039123535,10.650362968444824,12.06138801574707,12.983882904052734,12.955998420715332,12.307719230651855,11.881918907165527,11.939348220825195,12.17740249633789,12.306469917297363,12.35831356048584,12.421098709106445,12.452004432678223,12.329835891723633,11.897405624389648,11.329309463500977,10.96521282196045,10.749346733093262,10.844658851623535,11.140626907348633,11.280715942382812,11.172327995300293,10.546845436096191,9.644583702087402,8.912395477294922,8.87404727935791,8.447275161743164,8.27074909210205,6.045989990234375,6.821516513824463,5.198300361633301,9.777106285095215,6.7893877029418945,1.5598500967025757,8.4224214553833,8.915464401245117,9.07754898071289,9.469882011413574,9.663640022277832,9.743696212768555,9.978960037231445,10.34262752532959,10.319005012512207
8.568985939025879,9.193618774414062,10.10408878326416,11.360767364501953,12.644813537597656,13.41812515258789,13.299616813659668,12.740713119506836,12.483649253845215,12.62937068939209,12.868712425231934,12.984302520751953,13.028217315673828,13.133698463439941,13.190898895263672,12.826520919799805,12.38754940032959,11.78194808959961,11.235445022583008,11.250689506530762,11.601306915283203,11.887789726257324,11.876070022583008,11.348886489868164,10.531065940856934,9.961541175842285,9.474925994873047,9.482059478759766,9.095144271850586,7.110814094543457,6.90643310546875,5.447720527648926,10.731762886047363,10.978683471679688,2.295870304107666,8.587021827697754,9.451897621154785,9.648599624633789,10.254047393798828,10.994203567504883,11.450867652893066,11.575051307678223,11.891860961914062,11.833279609680176
8.658090591430664,9.355106353759766,10.03538703918457,10.950516700744629,12.087722778320312,13.17591381072998,13.809123039245605,13.65717601776123,13.11376953125,12.960535049438477,13.318381309509277,13.696797370910645,13.82072925567627,13.688647270202637,13.2737398147583,13.856491088867188,13.794751167297363,12.923397064208984,12.283583641052246,11.692567825317383,11.79405689239502,12.400402069091797,12.614775657653809,12.091947555541992,11.303169250488281,11.000089645385742,10.493962287902832,10.21764087677002,9.88928508758545,8.70395565032959,8.634103775024414,7.897186756134033,8.529799461364746,8.40088176727295,1.9571117162704468,7.5907416343688965,9.149638175964355,9.625384330749512,10.729887008666992,11.609064102172852,12.795126914978027,13.07451057434082,13.007966995239258,12.68360424041748
8.500826835632324,9.4143705368042,10.220724105834961,10.939002990722656,11.773829460144043,12.718764305114746,13.610495567321777,14.150395393371582,13.956206321716309,13.3596830368042,13.271930694580078,13.852511405944824,14.333882331848145,14.345915794372559,14.4954195022583,14.788628578186035,14.607523918151855,14.487157821655273,13.321333885192871,12.487945556640625,12.318537712097168,12.645872116088867,13.132291793823242,12.78142261505127,12.119648933410645,11.80836009979248,11.625614166259766,11.100420951843262,11.329164505004883,10.320584297180176,8.966890335083008,8.15007495880127,7.662276268005371,8.285147666931152,2.0359838008880615,4.398594379425049,8.349690437316895,9.01780891418457,10.671051979064941,12.388910293579102,14.226051330566406,14.074060440063477,13.61020278930664,13.171562194824219
