data/wind_data/wind_65_2.json
{"header": {"parameterUnit": "KT", "parameterCategory": 2, "nx": 256, "ny": 198, "lo1": 44.73521041870117, "la1": -3.236724853515625, "lo2": 111.26478576660156, "la2": 43.468475341796875, "dx": 0.2609002888202667, "dy": -0.23708222806453705, "refTime": "2025-02-21 17:00:00", "forecastTime": 0, "parameterNumber": 2, "parameterNumberName": "eastward_wind"}, "data":
[rows 38 to 56 of 198, columns 172 to 214 of 256]
-20.87980079650879,-18.62581443786621,-14.589977264404297,-12.681458473205566,-18.52322769165039,-19.923871994018555,-18.61024284362793,-19.69122314453125,-17.689210891723633,-18.524154663085938,-20.05287742614746,-19.711084365844727,-17.990371704101562,-19.1060733795166,-19.244691848754883,-18.44285011291504,-17.47276496887207,-16.200162887573242,-15.809226036071777,-17.017356872558594,-17.46468734741211,-16.480737686157227,-16.545188903808594,-16.158946990966797,-17.01639175415039,-18.153461456298828,-18.976451873779297,-18.996089935302734,-18.447288513183594,-17.002197265625,-17.023527145385742,-16.970661163330078,-18.438386917114258,-20.741680145263672,-20.86404037475586,-20.740081787109375,-21.086755752563477,-21.035722732543945,-20.734664916992188,-19.805418014526367,-18.530925750732422,-17.825572967529297,-17.906435012817383
-18.65875816345215,-17.141599655151367,-15.708566665649414,-17.785390853881836,-21.433277130126953,-21.400650024414062,-18.230571746826172,-18.308565139770508,-17.60413360595703,-14.933649063110352,-15.9199857711792,-21.302650451660156,-18.932538986206055,-18.515188217163086,-18.335506439208984,-17.255535125732422,-16.337549209594727,-15.685839653015137,-15.699525833129883,-15.94387435913086,-16.011213302612305,-14.99653148651123,-13.757440567016602,-13.25880241394043,-15.304230690002441,-17.8798885345459,-17.157962799072266,-13.772619247436523,-13.023802757263184,-15.636845588684082,-16.15439796447754,-15.834765434265137,-17.41312026977539,-21.871776580810547,-21.907766342163086,-18.469539642333984,-16.161117553710938,-16.096410751342773,-18.437149047851562,-19.359609603881836,-17.366960525512695,-15.506054878234863,-14.43189811706543
-18.273439407348633,-19.114238739013672,-18.954208374023438,-19.2124080657959,-20.546615600585938,-20.859180450439453,-19.30328369140625,-18.822633743286133,-18.443897247314453,-18.216373443603516,-20.01000213623047,-21.096988677978516,-19.417922973632812,-17.957050323486328,-16.28985023498535,-14.751924514770508,-14.479837417602539,-15.082277297973633,-15.378764152526855,-14.92621898651123,-13.572108268737793,-12.21817398071289,-11.145506858825684,-10.622464179992676,-10.622397422790527,-12.876419067382812,-14.715590476989746,-13.71728515625,-16.432157516479492,-17.403417587280273,-16.019319534301758,-15.135944366455078,-15.02192497253418,-17.368234634399414,-19.079261779785156,-16.61164093017578,-14.803808212280273,-15.188704490661621,-19.005464553833008,-20.847288131713867,-17.86111068725586,-15.69408130645752,-17.689777374267578
-19.828174591064453,-20.502151489257812,-19.33858871459961,-18.3531551361084,-19.713226318359375,-20.462018966674805,-19.91315269470215,-19.535974502563477,-19.098634719848633,-18.83781623840332,-18.628816604614258,-18.254528045654297,-17.621606826782227,-16.805599212646484,-15.303080558776855,-13.81920337677002,-13.285676002502441,-13.464072227478027,-14.046160697937012,-13.657428741455078,-12.613879203796387,-11.163015365600586,-10.467784881591797,-9.542947769165039,-6.734629154205322,-6.111115455627441,-11.84538459777832,-14.472256660461426,-17.724002838134766,-14.546578407287598,-13.415621757507324,-16.423603057861328,-14.775385856628418,-14.532600402832031,-15.477797508239746,-18.08460807800293,-19.498645782470703,-21.670005798339844,-23.47244644165039,-20.769271850585938,-16.08197021484375,-14.302728652954102,-15.640764236450195
-17.551095962524414,-18.132125854492188,-19.489425659179688,-19.32975196838379,-20.432100296020508,-20.701963424682617,-19.742801666259766,-19.463850021362305,-18.92470359802246,-18.723552703857422,-17.768892288208008,-16.755788803100586,-15.50515079498291,-14.376477241516113,-15.331344604492188,-14.41593074798584,-12.054594039916992,-12.181781768798828,-12.725122451782227,-13.173209190368652,-12.657825469970703,-11.589909553527832,-10.632879257202148,-9.48245906829834,-8.055079460144043,-7.892213821411133,-12.001182556152344,-15.067152976989746,-16.377466201782227,-16.26662826538086,-16.21749496459961,-16.323440551757812,-16.133068084716797,-18.375015258789062,-20.16518783569336,-19.005510330200195,-18.186153411865234,-20.408323287963867,-22.692031860351562,-20.44501304626465,-16.01845359802246,-13.340230941772461,-13.165260314941406
-16.234222412109375,-13.492855072021484,-15.574732780456543,-21.413328170776367,-21.04442024230957,-19.468551635742188,-18.60490608215332,-18.392745971679688,-18.57867431640625,-18.433530807495117,-17.375659942626953,-16.212583541870117,-15.522911071777344,-15.264404296875,-15.26016616821289,-14.411881446838379,-12.762665748596191,-12.132063865661621,-12.98482894897461,-13.216038703918457,-12.691060066223145,-11.91240119934082,-12.335646629333496,-11.857218742370605,-8.226676940917969,-9.911778450012207,-19.98982048034668,-19.880769729614258,-20.015342712402344,-18.352663040161133,-19.301000595092773,-18.837602615356445,-19.16914939880371,-21.657817840576172,-22.764484405517578,-22.020458221435547,-20.819011688232422,-18.560277938842773,-15.334198951721191,-15.567617416381836,-16.133806228637695,-11.02400016784668,-11.22967529296875
-17.840965270996094,-15.28569221496582,-13.469407081604004,-18.003711700439453,-22.842782974243164,-19.0423641204834,-17.812013626098633,-17.983203887939453,-17.922531127929688,-17.668649673461914,-17.382688522338867,-16.5093936920166,-15.291145324707031,-14.712005615234375,-13.91518783569336,-12.89051342010498,-12.468048095703125,-12.956764221191406,-12.605645179748535,-12.373180389404297,-11.293532371520996,-11.069710731506348,-13.064349174499512,-13.23227596282959,-12.333634376525879,-16.529870986938477,-21.896081924438477,-21.32431411743164,-19.87882423400879,-19.77057647705078,-18.957563400268555,-18.580995559692383,-19.183837890625,-19.119531631469727,-18.75423240661621,-19.402664184570312,-21.9985294342041,-24.118907928466797,-24.334810256958008,-21.210800170898438,-17.24009895324707,-13.46674919128418,-11.31668472290039
-17.826967239379883,-17.0903263092041,-15.793861389160156,-15.533374786376953,-19.24700355529785,-20.607648849487305,-16.88789939880371,-17.533506393432617,-17.943254470825195,-16.957530975341797,-16.502466201782227,-16.095726013183594,-14.294770240783691,-13.036867141723633,-11.905142784118652,-11.247952461242676,-11.40886402130127,-12.183453559875488,-12.853224754333496,-11.971596717834473,-10.1726655960083,-8.839497566223145,-12.123103141784668,-14.231612205505371,-12.524995803833008,-10.904938697814941,-12.870248794555664,-13.639172554016113,-14.398545265197754,-12.917232513427734,-15.372518539428711,-16.30782699584961,-15.749170303344727,-17.915590286254883,-19.329429626464844,-19.65882110595703,-21.163177490234375,-23.223237991333008,-23.12124252319336,-19.546232223510742,-15.699583053588867,-14.645980834960938,-14.252211570739746
-16.320606231689453,-16.66477394104004,-15.850737571716309,-16.385210037231445,-18.27423858642578,-20.247806549072266,-17.992355346679688,-15.243849754333496,-15.18188762664795,-16.75828742980957,-16.51027488708496,-15.819777488708496,-13.811119079589844,-13.153021812438965,-11.311641693115234,-10.771523475646973,-10.51539421081543,-10.862665176391602,-12.437731742858887,-12.114866256713867,-10.936881065368652,-10.189986228942871,-11.391534805297852,-12.224967956542969,-11.932294845581055,-13.036686897277832,-12.931014060974121,-14.289032936096191,-16.184595108032227,-17.184316635131836,-14.90716552734375,-12.714186668395996,-12.804967880249023,-16.27722930908203,-18.56924057006836,-18.261856079101562,-18.129173278808594,-20.178070068359375,-21.69123077392578,-18.949949264526367,-14.323320388793945,-13.291637420654297,-12.856071472167969
-15.736380577087402,-15.715081214904785,-15.314122200012207,-15.625139236450195,-16.784212112426758,-17.84352684020996,-17.422632217407227,-16.423051834106445,-16.422508239746094,-16.6402530670166,-16.0838680267334,-15.06186294555664,-13.572909355163574,-13.051064491271973,-11.151137351989746,-10.143131256103516,-9.639187812805176,-9.678849220275879,-13.58071517944336,-14.669095039367676,-12.95521068572998,-12.490982055664062,-11.546893119812012,-11.824257850646973,-13.423765182495117,-14.61314582824707,-13.892142295837402,-12.37118148803711,-12.904438972473145,-14.467207908630371,-14.717904090881348,-13.85615062713623,-12.0899076461792,-13.604378700256348,-15.553187370300293,-13.770966529846191,-12.412413597106934,-13.603004455566406,-15.70976448059082,-15.623379707336426,-12.34620189666748,-8.707578659057617,-9.7103271484375
-17.031869888305664,-15.991004943847656,-14.709890365600586,-14.597182273864746,-15.546479225158691,-15.348835945129395,-15.266308784484863,-16.08799934387207,-16.50992774963379,-15.235233306884766,-14.329066276550293,-13.916553497314453,-12.919586181640625,-12.068533897399902,-11.591620445251465,-11.165209770202637,-10.57418441772461,-11.267443656921387,-12.863510131835938,-11.712820053100586,-10.541163444519043,-10.765558242797852,-10.608701705932617,-11.999075889587402,-13.220161437988281,-14.10655403137207,-14.17171859741211,-13.135085105895996,-11.025816917419434,-9.842308044433594,-10.665331840515137,-12.057193756103516,-12.53549575805664,-13.188982009887695,-14.675993919372559,-13.425286293029785,-9.91611385345459,-5.186988830566406,-6.588037967681885,-11.00479507446289,-8.786709785461426,-4.906383514404297,-5.588147163391113
-19.527814865112305,-17.369384765625,-14.614546775817871,-13.900850296020508,-14.701807022094727,-14.852641105651855,-14.56762409210205,-14.881930351257324,-15.05124282836914,-15.065402030944824,-14.22983455657959,-13.802273750305176,-13.63666820526123,-12.635706901550293,-11.835136413574219,-11.257655143737793,-10.177268981933594,-9.74262523651123,-10.931014060974121,-12.146071434020996,-11.172422409057617,-10.39456558227539,-10.132978439331055,-10.958579063415527,-12.581522941589355,-14.182341575622559,-14.621845245361328,-13.725735664367676,-11.434375762939453,-10.499337196350098,-10.476682662963867,-11.668475151062012,-12.561341285705566,-12.284383773803711,-13.634885787963867,-13.434318542480469,-9.556693077087402,-7.181857109069824,-8.715513229370117,-7.9287567138671875,-5.678694725036621,-4.256844520568848,-4.387022495269775
-19.306425094604492,-18.121139526367188,-15.352106094360352,-14.19311237335205,-14.626529693603516,-14.33409595489502,-13.804156303405762,-13.796463966369629,-14.203627586364746,-14.434700012207031,-14.35006046295166,-13.743599891662598,-13.150986671447754,-12.572061538696289,-11.942575454711914,-11.51231575012207,-10.201196670532227,-8.848699569702148,-8.928643226623535,-10.76107406616211,-11.645390510559082,-12.254120826721191,-11.541404724121094,-11.540974617004395,-12.95512580871582,-14.04476261138916,-13.941349029541016,-12.675236701965332,-11.239644050598145,-11.112794876098633,-10.734800338745117,-11.611364364624023,-13.024720191955566,-12.267016410827637,-12.440897941589355,-12.461429595947266,-8.661558151245117,-6.809769630432129,-7.728287696838379,-6.465259552001953,-5.10179328918457,-4.461549282073975,-4.3517842292785645
-18.629928588867188,-17.290189743041992,-16.270654678344727,-15.675196647644043,-14.549506187438965,-13.60391902923584,-12.630196571350098,-12.39005184173584,-13.855965614318848,-14.574408531188965,-13.924601554870605,-13.172236442565918,-12.533503532409668,-12.136631965637207,-11.385244369506836,-10.872031211853027,-10.38701343536377,-9.7483491897583,-9.549290657043457,-9.019420623779297,-8.658021926879883,-11.725445747375488,-14.031937599182129,-13.222986221313477,-13.372581481933594,-13.278360366821289,-12.51876449584961,-12.165964126586914,-12.216501235961914,-11.513774871826172,-10.214151382446289,-10.033355712890625,-11.294020652770996,-11.47020149230957,-11.92336654663086,-12.926843643188477,-9.396702766418457,-6.582363605499268,-6.931093215942383,-7.835230827331543,-7.878238201141357,-7.877807140350342,-9.20140552520752
-19.33583641052246,-19.170360565185547,-18.4569091796875,-17.045377731323242,-15.59996223449707,-13.974886894226074,-12.083080291748047,-12.980754852294922,-15.292840957641602,-15.86202335357666,-14.80226993560791,-13.22029972076416,-12.052905082702637,-11.534369468688965,-11.11196231842041,-10.658299446105957,-10.663174629211426,-10.311762809753418,-10.239092826843262,-9.600921630859375,-8.374360084533691,-10.39624309539795,-14.761890411376953,-14.804986000061035,-14.786417007446289,-15.447200775146484,-14.97243881225586,-14.177994728088379,-13.389012336730957,-11.965483665466309,-10.131063461303711,-9.381792068481445,-9.550021171569824,-9.760740280151367,-10.322468757629395,-11.683090209960938,-10.642814636230469,-8.464916229248047,-9.327221870422363,-11.280397415161133,-11.586628913879395,-10.52441692352295,-10.17551040649414
-19.64105224609375,-19.877267837524414,-19.838665008544922,-19.088085174560547,-17.93958282470703,-16.417245864868164,-14.931721687316895,-14.504220962524414,-15.09858226776123,-15.354836463928223,-14.862319946289062,-14.135237693786621,-13.483118057250977,-12.713248252868652,-11.874813079833984,-11.489253997802734,-11.262014389038086,-10.641061782836914,-9.635334968566895,-9.242849349975586,-10.097943305969238,-12.155570983886719,-14.421425819396973,-16.026655197143555,-16.301908493041992,-16.597915649414062,-16.17341423034668,-14.783449172973633,-13.670639038085938,-12.717035293579102,-10.95234489440918,-8.99899959564209,-7.745467662811279,-8.203553199768066,-10.567849159240723,-12.442315101623535,-11.92628288269043,-9.590025901794434,-9.144304275512695,-10.330716133117676,-11.015436172485352,-11.008501052856445,-10.359228134155273
-18.497623443603516,-19.135231018066406,-19.599966049194336,-19.35822105407715,-18.63744354248047,-17.976078033447266,-17.445276260375977,-17.014972686767578,-16.835166931152344,-16.597782135009766,-16.1004695892334,-15.450721740722656,-14.95608901977539,-14.435341835021973,-13.978748321533203,-13.40530776977539,-12.22174072265625,-10.650934219360352,-9.726754188537598,-10.255847930908203,-11.848690032958984,-12.712236404418945,-14.46958065032959,-16.34486961364746,-16.64476776123047,-16.278488159179688,-15.147377967834473,-14.420522689819336,-13.733292579650879,-13.5859375,-13.173561096191406,-11.505866050720215,-9.596288681030273,-8.182511329650879,-10.283705711364746,-14.20520305633545,-15.39376163482666,-13.68560791015625,-11.991910934448242,-11.704632759094238,-11.306010246276855,-10.748224258422852,-9.945416450500488
-18.196613311767578,-18.623737335205078,-18.87563133239746,-18.865631103515625,-18.431148529052734,-18.077638626098633,-17.938459396362305,-17.639619827270508,-17.30069923400879,-17.404279708862305,-17.581336975097656,-16.995681762695312,-15.957670211791992,-15.325250625610352,-14.860831260681152,-14.137348175048828,-12.92142391204834,-11.164667129516602,-9.747960090637207,-9.50015640258789,-10.484574317932129,-11.725926399230957,-13.375519752502441,-14.451460838317871,-14.875328063964844,-15.289104461669922,-15.542119026184082,-15.880906105041504,-16.280397415161133,-16.0278263092041,-14.896249771118164,-13.507768630981445,-12.682197570800781,-12.182411193847656,-12.617512702941895,-15.62564468383789,-18.4235897064209,-17.877458572387695,-15.615649223327637,-14.364381790161133,-13.101415634155273,-11.864461898803711,-10.823532104492188
-17.802532196044922,-18.065244674682617,-18.299955368041992,-18.211719512939453,-17.436246871948242,-16.779617309570312,-16.73897933959961,-16.914257049560547,-16.9902286529541,-17.736787796020508,-18.382749557495117,-18.040712356567383,-16.86774253845215,-15.794684410095215,-15.091801643371582,-13.786846160888672,-12.330793380737305,-11.070869445800781,-10.171659469604492,-9.329987525939941,-9.246418952941895,-9.98340892791748,-10.853100776672363,-12.080042839050293,-13.314847946166992,-13.88428020477295,-14.192602157592773,-14.487369537353516,-14.808302879333496,-14.71915054321289,-14.233894348144531,-13.995589256286621,-14.34908390045166,-15.129337310791016,-15.872419357299805,-17.583200454711914,-20.12468910217285,-20.71454620361328,-19.04299545288086,-17.274333953857422,-15.438027381896973,-13.550727844238281,-11.911277770996094
