data/wind_data/wind_17_5.json
{"header": {"parameterUnit": "KT", "parameterCategory": 2, "nx": 256, "ny": 198, "lo1": 44.73521041870117, "la1": -3.236724853515625, "lo2": 111.26478576660156, "la2": 43.468475341796875, "dx": 0.2609002888202667, "dy": -0.23708222806453705, "refTime": "2025-02-19 17:00:00", "forecastTime": 0, "parameterNumber": 2, "parameterNumberName": "eastward_wind"}, "data":
[rows 19 to 37 of 198, columns 176 to 219 of 256]
9.381267547607422,9.132645606994629,7.523689270019531,8.610663414001465,8.66135025024414,8.57394027709961,8.80174446105957,9.15221881866455,9.117319107055664,9.183968544006348,8.843475341796875,9.233831405639648,10.116583824157715,11.125955581665039,12.07009220123291,12.683466911315918,12.858749389648438,13.610940933227539,14.704924583435059,15.559269905090332,16.38184356689453,17.211233139038086,17.80037498474121,18.376663208007812,18.93954086303711,19.09856605529785,18.876636505126953,19.32591438293457,19.77072525024414,19.434097290039062,18.298851013183594,18.762208938598633,21.961406707763672,21.584861755371094,21.98169708251953,20.051998138427734,16.95693588256836,14.562453269958496,14.362105369567871,14.274096488952637,14.118821144104004,12.727339744567871,10.853998184204102,9.984427452087402
8.502209663391113,8.157001495361328,8.183490753173828,8.127578735351562,8.715289115905762,8.263527870178223,8.244377136230469,9.106950759887695,9.574318885803223,9.205163955688477,8.808544158935547,9.213640213012695,10.119056701660156,11.215134620666504,12.214509010314941,12.796466827392578,12.884357452392578,13.337764739990234,14.591484069824219,15.75362491607666,16.65093231201172,17.422054290771484,18.06267547607422,18.696380615234375,19.07902717590332,19.05065155029297,19.25501823425293,19.749893188476562,19.81233024597168,18.85282325744629,17.87392807006836,18.12948989868164,11.4590425491333,7.437394142150879,8.822808265686035,12.45263385772705,13.629263877868652,12.019445419311523,11.423490524291992,12.426813125610352,13.259958267211914,12.092984199523926,10.66905403137207,9.812535285949707
7.779684066772461,8.129396438598633,7.719923973083496,7.904572010040283,8.228569984436035,8.260558128356934,8.363214492797852,9.073875427246094,9.333649635314941,9.261585235595703,9.159316062927246,9.59340763092041,10.364636421203613,11.158767700195312,11.85145378112793,12.334077835083008,12.665678977966309,13.369690895080566,14.530098915100098,15.46204948425293,16.117990493774414,16.859819412231445,17.895761489868164,18.69993019104004,18.746240615844727,18.415372848510742,18.55829620361328,18.897672653198242,18.449609756469727,18.157455444335938,17.5123233795166,18.240673065185547,13.538679122924805,11.132242202758789,9.526318550109863,7.966315269470215,5.998922348022461,6.568037033081055,8.488921165466309,10.615083694458008,11.16191291809082,10.802748680114746,9.966463088989258,8.392675399780273
7.651221752166748,7.997777938842773,8.25941276550293,8.320899963378906,8.216026306152344,8.180328369140625,8.250065803527832,8.737080574035645,9.20202350616455,9.231144905090332,9.301372528076172,9.781521797180176,10.714068412780762,11.5111083984375,12.153708457946777,12.768640518188477,13.256295204162598,13.565403938293457,13.863884925842285,14.222892761230469,14.857873916625977,15.859634399414062,16.753341674804688,16.99805450439453,16.40642738342285,16.184751510620117,16.322025299072266,17.291229248046875,17.8951473236084,17.42949867248535,16.52397918701172,17.368404388427734,20.459571838378906,18.724966049194336,10.06197452545166,3.458885431289673,2.4113426208496094,4.292738914489746,6.914279460906982,8.794550895690918,9.007025718688965,8.507699966430664,8.314339637756348,7.2913618087768555
8.118359565734863,8.419498443603516,9.315508842468262,8.74487590789795,7.83795166015625,7.835235595703125,8.165425300598145,8.059284210205078,9.089459419250488,9.466516494750977,9.615480422973633,10.314614295959473,10.957372665405273,12.072592735290527,12.80075740814209,13.394965171813965,13.56020736694336,13.078865051269531,12.65252685546875,12.91402816772461,13.712685585021973,14.482194900512695,14.711933135986328,14.398038864135742,13.9922513961792,14.536383628845215,14.965529441833496,15.9165620803833,16.883487701416016,16.969215393066406,16.881994247436523,14.346549034118652,10.676629066467285,10.01850414276123,7.068542003631592,5.453962326049805,6.311767578125,7.20674991607666,8.159509658813477,8.21564769744873,6.88388729095459,6.173112392425537,5.978862762451172,4.546133518218994
8.497078895568848,8.697856903076172,9.75405502319336,9.77417278289795,8.353761672973633,7.456286907196045,7.776847839355469,9.036861419677734,9.725418090820312,9.836712837219238,10.209877967834473,10.633010864257812,11.17759895324707,11.635375022888184,12.538759231567383,13.432514190673828,13.298855781555176,12.456655502319336,12.19862174987793,12.753128051757812,13.41201400756836,13.681675910949707,13.298177719116211,12.700064659118652,12.062333106994629,12.808197021484375,14.160589218139648,14.594721794128418,15.81861686706543,16.608200073242188,15.922464370727539,12.271249771118164,8.156891822814941,8.368452072143555,8.524419784545898,7.833026885986328,8.174395561218262,8.425339698791504,8.803021430969238,8.217276573181152,7.20280122756958,6.1824421882629395,3.9758212566375732,2.785104513168335
10.054329872131348,8.934755325317383,9.58984375,9.804193496704102,8.895991325378418,8.26781177520752,8.59373664855957,8.796695709228516,9.938515663146973,9.860451698303223,9.788166046142578,10.016412734985352,9.97065258026123,10.66273307800293,11.799750328063965,12.233161926269531,11.91760540008545,11.888001441955566,12.627647399902344,13.54129409790039,13.921741485595703,13.367170333862305,12.058297157287598,10.674371719360352,10.786675453186035,11.334297180175781,13.393887519836426,10.9874267578125,10.622238159179688,12.179058074951172,14.371166229248047,14.87645149230957,13.736316680908203,12.182817459106445,10.052231788635254,8.714239120483398,8.592663764953613,8.095766067504883,7.1925811767578125,6.62030029296875,6.3740644454956055,5.587972640991211,3.468667984008789,2.965541124343872
9.41380500793457,9.184969902038574,9.901801109313965,10.17431354522705,9.601322174072266,8.719319343566895,8.906726837158203,8.004313468933105,9.909773826599121,9.973932266235352,9.277660369873047,8.929387092590332,9.009580612182617,9.326441764831543,9.752340316772461,10.236013412475586,10.76807689666748,11.564489364624023,12.254283905029297,12.47818374633789,12.32589340209961,11.646154403686523,10.409784317016602,9.292221069335938,10.674895286560059,11.607515335083008,11.88610553741455,12.762398719787598,14.067566871643066,13.861712455749512,14.047614097595215,14.60877513885498,14.239490509033203,12.060226440429688,9.933341979980469,9.345452308654785,9.17526626586914,7.580012321472168,6.996521472930908,6.561997413635254,5.815523147583008,4.656482219696045,2.9022319316864014,2.1469409465789795
9.56754207611084,10.022747993469238,10.339839935302734,10.079144477844238,9.812477111816406,9.152627944946289,8.495793342590332,7.904874324798584,8.733190536499023,8.611959457397461,7.871649742126465,7.807077407836914,8.012857437133789,8.045793533325195,8.440435409545898,9.305992126464844,10.30708122253418,11.082037925720215,11.187822341918945,10.96846866607666,10.844653129577637,10.055951118469238,8.990501403808594,8.387130737304688,9.628056526184082,9.088600158691406,8.948935508728027,8.969348907470703,10.13536262512207,11.25563907623291,11.952534675598145,12.336037635803223,11.990228652954102,10.640122413635254,9.88637924194336,9.819306373596191,8.866150856018066,7.190046787261963,6.585813999176025,5.206094741821289,4.3404316902160645,3.228785991668701,1.2196166515350342,0.48837387561798096
8.715712547302246,9.672929763793945,8.789616584777832,9.00084400177002,8.523090362548828,7.4178385734558105,7.719583988189697,7.295031547546387,7.215010166168213,6.767501354217529,6.663965225219727,6.860374450683594,6.919829845428467,7.004090785980225,7.7541046142578125,9.00969123840332,9.854720115661621,9.927885055541992,9.844691276550293,10.005881309509277,9.89215087890625,8.81737995147705,7.1767048835754395,6.747210502624512,6.847416877746582,7.934278964996338,7.159896373748779,5.833233833312988,6.547426223754883,7.437009811401367,8.339264869689941,9.074915885925293,9.509444236755371,9.618491172790527,9.740877151489258,9.086849212646484,7.354229927062988,5.874522686004639,4.589296817779541,3.089771032333374,2.0357863903045654,1.134061336517334,0.34605300426483154,1.0553613901138306
7.430457592010498,8.533485412597656,7.33619499206543,7.528712749481201,6.700577735900879,6.522414207458496,6.271905422210693,5.354101181030273,5.6780171394348145,5.830009460449219,5.92578649520874,6.012677192687988,6.061128616333008,6.624059200286865,7.601158618927002,8.389747619628906,8.533913612365723,8.589077949523926,9.350797653198242,9.727662086486816,8.966035842895508,8.060696601867676,5.633009910583496,4.480348110198975,5.298961639404297,6.630716323852539,7.633460998535156,7.905814170837402,6.8398284912109375,5.858864784240723,5.742949962615967,6.520929336547852,7.828284740447998,8.654290199279785,8.477740287780762,7.029183864593506,5.1537017822265625,3.8068833351135254,2.476483106613159,1.0140305757522583,2.4718966484069824,1.5297578573226929,1.57535982131958,2.6122448444366455
6.40443754196167,6.272945404052734,5.9174017906188965,5.818428039550781,5.08198881149292,4.921229362487793,4.9797163009643555,4.600063323974609,4.594966888427734,4.2043280601501465,4.682568550109863,5.256487846374512,5.524119853973389,6.086121559143066,6.738151550292969,7.104333400726318,7.332521438598633,7.625158786773682,8.469371795654297,9.160698890686035,7.744129657745361,6.699100017547607,3.829209804534912,2.8699097633361816,3.943740129470825,6.728358268737793,8.753301620483398,8.617384910583496,7.053290367126465,5.367517471313477,4.631387233734131,5.3918938636779785,6.553864002227783,6.896046161651611,5.896298408508301,4.2412214279174805,2.54913067817688,1.3850287199020386,-0.8921443819999695,0.21660034358501434,0.022145576775074005,-0.8347374200820923,1.7078676223754883,2.6224277019500732
3.5869767665863037,3.9988207817077637,4.227060794830322,3.920119524002075,3.6267340183258057,3.563765525817871,3.7876718044281006,3.628355026245117,3.767951011657715,3.6682748794555664,4.247645378112793,4.203697681427002,4.235927581787109,5.058154582977295,5.862912178039551,6.413502216339111,6.807967185974121,6.912055492401123,6.929745674133301,7.318912506103516,6.363366603851318,4.658849239349365,3.4220829010009766,3.8618719577789307,4.6212992668151855,6.2155938148498535,6.5863871574401855,6.283350467681885,5.230185031890869,3.8461482524871826,3.590677261352539,4.109278202056885,4.433496475219727,3.972353219985962,2.6921613216400146,1.5198146104812622,0.6989096403121948,-0.36091482639312744,-1.7360960245132446,-1.5845762491226196,-2.2691287994384766,-2.2608799934387207,0.34165093302726746,2.269435405731201
1.9614005088806152,2.059119462966919,2.0333704948425293,2.3782401084899902,2.6294667720794678,2.787287473678589,3.1373178958892822,3.197410821914673,3.471259593963623,3.4214251041412354,3.4582226276397705,3.229076862335205,3.5799527168273926,4.538469314575195,5.472989082336426,6.316449165344238,6.744778156280518,6.677529335021973,5.56929349899292,5.204958438873291,5.609226226806641,4.823378562927246,5.138483047485352,5.720588684082031,5.508328437805176,4.827736854553223,4.2096266746521,3.6862480640411377,2.701646327972412,2.080578565597534,1.931201696395874,1.8274203538894653,1.5996791124343872,1.1951974630355835,0.7156930565834045,0.04791544750332832,0.3346532881259918,0.06772970408201218,-0.25619661808013916,-1.4893113374710083,-3.1121113300323486,-0.9982692003250122,-0.9183131456375122,1.5641934871673584
0.22878660261631012,0.8726964592933655,1.566602349281311,1.859148383140564,1.92508065700531,2.0411198139190674,2.30533504486084,2.4516985416412354,3.3653783798217773,3.1928012371063232,3.1830496788024902,3.0783352851867676,3.4458534717559814,4.212154865264893,5.233435153961182,6.09540319442749,6.186774253845215,5.888985633850098,5.3465094566345215,4.608138561248779,4.514277458190918,4.5652570724487305,4.92441463470459,4.958009719848633,4.514072418212891,3.728097677230835,2.843640089035034,1.8082914352416992,1.0400643348693848,0.553515613079071,0.10782165825366974,-0.3464694619178772,-0.4676831364631653,-0.4178161025047302,-0.8556119799613953,-0.9332137107849121,0.34046775102615356,0.08503665030002594,0.1647731363773346,-1.2015585899353027,-1.9971932172775269,-2.3749983310699463,-1.0442723035812378,0.4412749409675598
0.4122616946697235,0.44974803924560547,1.4112858772277832,1.538423776626587,1.415417194366455,1.3645496368408203,1.5399481058120728,2.045610189437866,3.4724161624908447,3.2542171478271484,3.3416976928710938,2.988893747329712,2.9453530311584473,3.5620031356811523,4.701969146728516,5.434821128845215,5.338202476501465,4.824441909790039,4.706087589263916,4.5767903327941895,4.241453647613525,3.921807289123535,3.641791343688965,3.164794921875,2.702099561691284,2.3513612747192383,1.4624148607254028,0.4649157226085663,0.04168502986431122,-0.31702935695648193,-0.8799700736999512,-1.4487330913543701,-1.6569249629974365,-1.5255680084228516,-1.57185697555542,-1.6137430667877197,-1.6128346920013428,-2.1375298500061035,-1.2315449714660645,-1.4480936527252197,-2.537050724029541,-3.6531150341033936,-0.3170566260814667,0.21542492508888245
0.2948903441429138,0.13524207472801208,1.2193974256515503,1.424342393875122,1.1914030313491821,1.38274347782135,1.6497703790664673,1.9391591548919678,3.185584545135498,3.2208030223846436,2.9829201698303223,2.715590000152588,2.46783709526062,2.8833725452423096,3.8986191749572754,4.63140869140625,4.590612888336182,4.0310869216918945,3.62760066986084,3.3996400833129883,3.2290797233581543,2.8292183876037598,2.1510937213897705,1.3731038570404053,1.0811859369277954,0.8523421287536621,0.19994860887527466,-0.2336205393075943,-0.16301360726356506,-0.3650781810283661,-1.2417148351669312,-2.0546417236328125,-2.2435851097106934,-2.328808069229126,-2.691805839538574,-3.348884344100952,-3.700277090072632,-3.684999942779541,-2.4587297439575195,-2.284578323364258,-3.5659592151641846,-4.547159671783447,1.6700605154037476,0.31529706716537476
0.02525552362203598,0.3449048399925232,1.336927890777588,1.5817053318023682,1.710731863975525,1.8735008239746094,1.8963180780410767,2.0323054790496826,2.0134310722351074,2.646284818649292,2.589862823486328,2.7005574703216553,2.415008783340454,2.639699697494507,3.3500449657440186,3.929687976837158,3.8271076679229736,3.212941884994507,2.637824058532715,2.037670612335205,1.6056569814682007,1.202150821685791,0.5821595788002014,-0.04406184330582619,-0.25260499119758606,-0.41500324010849,-0.5624657869338989,-0.39843928813934326,-0.2162349373102188,-0.7629088759422302,-1.783340334892273,-2.285806179046631,-2.7128260135650635,-3.496206521987915,-4.255611896514893,-4.376070976257324,-4.248598575592041,-4.19145393371582,-3.2969586849212646,-3.8750176429748535,-4.089362144470215,-3.022007942199707,1.2716151475906372,0.5397540330886841
-0.4103911221027374,0.26720818877220154,1.3532569408416748,2.0897669792175293,2.4615936279296875,2.371565103530884,1.8902779817581177,1.622402310371399,1.5900301933288574,1.5833804607391357,2.559098243713379,3.1776998043060303,2.709043264389038,2.5019021034240723,2.515195369720459,3.1544082164764404,3.3016469478607178,2.844870090484619,1.9171100854873657,0.8103104829788208,-0.16170674562454224,-0.5685625076293945,-0.7670896053314209,-1.0933597087860107,-1.3530235290527344,-1.403327226638794,-1.2058799266815186,-0.9103070497512817,-0.8973149657249451,-1.5016999244689941,-2.3688645362854004,-3.1474075317382812,-3.6256065368652344,-3.7287728786468506,-4.2098612785339355,-4.758031368255615,-5.12575626373291,-4.322559833526611,-3.6865923404693604,-4.554896831512451,-3.289517641067505,-1.496639370918274,0.0971648246049881,0.7606594562530518
