data/wind_data/wind_65_8.json
{"header": {"parameterUnit": "KT", "parameterCategory": 2, "nx": 256, "ny": 198, "lo1": 44.73521041870117, "la1": -3.236724853515625, "lo2": 111.26478576660156, "la2": 43.468475341796875, "dx": 0.2609002888202667, "dy": -0.23708222806453705, "refTime": "2025-02-21 17:00:00", "forecastTime": 0, "parameterNumber": 2, "parameterNumberName": "eastward_wind"}, "data":
[rows 95 to 113 of 198, columns 176 to 219 of 256]
37.368282318115234,37.283294677734375,37.53902816772461,37.74061965942383,37.47986602783203,36.35964584350586,34.46576690673828,32.507545471191406,30.839536666870117,29.6332950592041,29.638935089111328,31.0343017578125,31.513826370239258,29.981801986694336,28.542470932006836,29.17300796508789,31.32843017578125,33.55585861206055,35.220882415771484,36.146060943603516,36.089942932128906,35.216575622558594,34.330928802490234,33.55063247680664,32.54548645019531,32.5832633972168,34.0699348449707,34.910682678222656,33.51734924316406,30.441240310668945,27.778057098388672,27.750146865844727,30.56039810180664,33.400421142578125,34.1452522277832,33.098594665527344,32.049678802490234,33.185577392578125,35.78981018066406,37.72425079345703,38.58295440673828,39.412960052490234,40.7610969543457,41.65221405029297
39.11731719970703,38.782371520996094,38.408477783203125,38.25075149536133,38.181243896484375,37.60572052001953,36.254478454589844,34.54920196533203,32.69116973876953,30.877933502197266,30.46687126159668,32.25857162475586,33.01496124267578,30.626693725585938,28.57689666748047,29.401601791381836,31.90671157836914,34.29032516479492,36.10721969604492,37.46158981323242,37.87755584716797,37.07179641723633,35.94933319091797,34.83607482910156,33.51123046875,33.326663970947266,34.614593505859375,35.55381774902344,34.974910736083984,32.79251480102539,29.966144561767578,28.559574127197266,30.116687774658203,33.41851806640625,35.948768615722656,36.38270568847656,35.29609298706055,34.59624481201172,35.29489517211914,36.69218826293945,38.0214729309082,39.61045455932617,41.99713134765625,43.98374938964844
40.483001708984375,40.10165786743164,39.35177230834961,39.03319549560547,39.010719299316406,38.47365188598633,37.27109909057617,35.980220794677734,34.527854919433594,32.75699996948242,32.0829963684082,33.75095748901367,34.125762939453125,30.74964141845703,28.422578811645508,29.902135848999023,32.799888610839844,34.82438278198242,36.34392166137695,38.134151458740234,39.301727294921875,38.953636169433594,37.805877685546875,36.42481994628906,34.82041549682617,34.417884826660156,35.967445373535156,37.3325080871582,36.63727569580078,34.126556396484375,31.48583221435547,30.242979049682617,31.033449172973633,33.719398498535156,36.593345642089844,37.79145050048828,37.39833450317383,36.64265060424805,35.85759353637695,35.69209289550781,37.077816009521484,39.77470016479492,43.06364059448242,45.32223129272461
40.570499420166016,40.58049011230469,40.10723114013672,39.84550094604492,39.651649475097656,38.92729187011719,37.808563232421875,36.86081314086914,35.802207946777344,34.405067443847656,33.807579040527344,35.254329681396484,35.35261535644531,31.466262817382812,28.380943298339844,29.792600631713867,33.2603874206543,35.34580612182617,36.435455322265625,38.10786437988281,39.64461898803711,39.83493423461914,39.00178909301758,37.66564178466797,36.1128044128418,35.91234588623047,37.65950012207031,39.26987075805664,38.14124298095703,34.91273498535156,32.186058044433594,31.44049835205078,32.722938537597656,35.48707580566406,37.980770111083984,38.892066955566406,38.92279052734375,38.73625564575195,37.499229431152344,35.97251510620117,36.653141021728516,39.5343132019043,43.171409606933594,45.62108612060547
40.012603759765625,40.38577651977539,40.28496551513672,40.02666091918945,39.70331573486328,39.089599609375,38.472312927246094,37.975582122802734,36.86973571777344,35.36212921142578,34.89201736450195,36.48777770996094,36.887935638427734,33.0228271484375,29.016468048095703,29.452953338623047,32.7165641784668,35.0462646484375,36.375938415527344,37.97334289550781,39.2269401550293,39.48478317260742,39.276611328125,38.75421905517578,37.69549560546875,37.19491195678711,38.47764205932617,39.88185119628906,38.86691665649414,36.08686447143555,33.42132568359375,32.256919860839844,33.51698684692383,36.87635040283203,39.93446731567383,41.04102325439453,41.13138961791992,40.914772033691406,39.48751449584961,37.35020446777344,37.14402770996094,39.46453857421875,42.566246032714844,45.41545867919922
39.263023376464844,39.98017501831055,40.42369842529297,40.3017692565918,39.86395263671875,39.333309173583984,39.072410583496094,39.03369140625,38.080108642578125,36.30204391479492,35.73093032836914,37.713111877441406,39.0221061706543,35.598148345947266,30.73689842224121,29.46430206298828,31.63186264038086,34.516334533691406,36.9892578125,38.64065170288086,39.01910400390625,38.79119110107422,39.12979507446289,39.77741622924805,39.22743606567383,37.932796478271484,38.06504440307617,39.21042251586914,38.79003143310547,36.91277313232422,35.08123779296875,34.011959075927734,34.513038635253906,36.852638244628906,39.81907272338867,41.95414733886719,42.99878692626953,42.86125183105469,41.34715270996094,39.52543640136719,39.077999114990234,40.5090446472168,42.68675231933594,44.98923873901367
38.41117477416992,39.756187438964844,41.12399673461914,41.501670837402344,41.001651763916016,40.11164093017578,39.2566032409668,38.96046829223633,38.663551330566406,37.41366195678711,36.8006706237793,38.963111877441406,41.5103645324707,39.07393264770508,33.55854034423828,30.436281204223633,31.398258209228516,34.688209533691406,37.97132110595703,39.75018310546875,39.70317840576172,39.008419036865234,39.288997650146484,40.38682174682617,40.21599197387695,38.59592819213867,37.69864273071289,38.32105255126953,38.79585266113281,38.10854721069336,36.74906921386719,35.7625617980957,35.67223358154297,36.6331672668457,38.73810577392578,41.6647834777832,44.051239013671875,44.4154167175293,43.04709243774414,41.71076965332031,41.63248062133789,42.73650360107422,44.132957458496094,44.892234802246094
38.17293930053711,39.960514068603516,41.85517501831055,42.6220588684082,42.44607162475586,41.52647018432617,39.80866241455078,38.44618606567383,37.97708511352539,37.27109909057617,37.248504638671875,39.8645133972168,43.55118942260742,42.7492790222168,37.47609329223633,32.98360824584961,32.67753219604492,35.42336654663086,38.3760871887207,40.1398811340332,40.620941162109375,40.3054084777832,40.24754333496094,40.69160079956055,40.62186050415039,39.59732437133789,38.5487174987793,38.48991394042969,39.74999237060547,40.74228286743164,39.718238830566406,37.465309143066406,36.35276794433594,37.01649856567383,38.74641418457031,41.28468322753906,43.67386245727539,44.58885192871094,44.26372146606445,43.81949234008789,44.072200775146484,45.103965759277344,46.04852294921875,45.71458053588867
37.98881912231445,39.58357620239258,42.111083984375,43.8085823059082,43.807193756103516,42.29056167602539,39.809513092041016,37.9095458984375,37.43064880371094,37.13535690307617,37.55820083618164,40.398868560791016,44.380680084228516,45.30152893066406,41.88649368286133,37.28312683105469,35.14702224731445,36.340972900390625,38.73705291748047,40.44083023071289,41.091087341308594,41.27054214477539,41.24062728881836,40.97254943847656,40.97098922729492,41.270408630371094,40.919803619384766,40.44617462158203,41.1611328125,42.899906158447266,42.902740478515625,40.133338928222656,37.6327018737793,37.66446304321289,39.37721633911133,41.390708923339844,42.922786712646484,43.729061126708984,44.3360595703125,45.136940002441406,46.04021072387695,46.965721130371094,47.558475494384766,47.10555648803711
38.310916900634766,39.065460205078125,41.01875686645508,43.15652847290039,44.01816177368164,42.612335205078125,39.533939361572266,37.349021911621094,37.387855529785156,38.026432037353516,38.83255386352539,41.075069427490234,44.30410385131836,46.0673942565918,44.63995361328125,41.15622329711914,38.42842483520508,38.30965805053711,39.787418365478516,40.959625244140625,41.284786224365234,41.53807067871094,41.654109954833984,41.393978118896484,41.82789611816406,43.39426803588867,44.12761688232422,43.06599807739258,42.25775909423828,43.32087326049805,44.51808166503906,43.17575454711914,40.607078552246094,39.21155548095703,39.489830017089844,40.97304153442383,42.858619689941406,44.17088317871094,44.70159912109375,45.267662048339844,46.41469192504883,47.51622009277344,48.205318450927734,48.51210021972656
39.01089096069336,39.02341079711914,40.094032287597656,41.53792953491211,42.17955780029297,41.089717864990234,39.03998947143555,38.04179763793945,38.67798614501953,39.558753967285156,40.33367919921875,41.98430252075195,44.51840591430664,46.63230514526367,46.102088928222656,42.85805892944336,40.0727424621582,39.733055114746094,40.950984954833984,42.048240661621094,42.17592239379883,41.96682357788086,41.90522766113281,41.903079986572266,42.58829879760742,44.8408088684082,47.281700134277344,46.73704528808594,43.86663055419922,42.6682243347168,44.05904006958008,45.45645523071289,44.63833236694336,42.100189208984375,39.96481704711914,40.310264587402344,42.89118957519531,45.36985778808594,45.80496597290039,45.184566497802734,45.564517974853516,46.732601165771484,47.83985900878906,49.01296615600586
39.705322265625,38.65129089355469,38.78300094604492,39.59394836425781,39.87806701660156,38.98642349243164,38.0574836730957,38.56855010986328,40.422542572021484,42.1489143371582,42.84687423706055,43.3900260925293,45.18294906616211,47.50494384765625,47.00347900390625,43.767364501953125,41.06899642944336,40.27703857421875,41.12494659423828,42.79037094116211,43.64413070678711,43.3837776184082,42.92925262451172,42.98573303222656,43.732826232910156,45.6904411315918,48.51441192626953,49.09382629394531,46.026145935058594,42.95771408081055,43.14278793334961,45.84454345703125,47.5203857421875,45.51142501831055,41.818626403808594,40.51317596435547,42.96293640136719,45.834007263183594,46.40049362182617,45.730628967285156,46.02246856689453,46.52972412109375,46.70672607421875,48.00450134277344
39.822818756103516,38.00885009765625,36.67723846435547,36.81407928466797,37.66359329223633,37.792144775390625,37.457035064697266,38.14630126953125,40.5535774230957,43.46066665649414,44.74656677246094,44.611968994140625,45.49785614013672,47.257652282714844,47.162872314453125,45.00678253173828,42.28645324707031,40.43266296386719,40.67863464355469,42.80646896362305,44.73598098754883,45.17427062988281,44.50625228881836,43.92179870605469,44.15396499633789,45.40790557861328,47.532623291015625,49.1088981628418,47.84077835083008,44.5997200012207,43.07736587524414,44.81809616088867,47.643856048583984,47.49423599243164,44.27727508544922,42.002967834472656,43.34488296508789,45.61465835571289,46.3891716003418,47.209774017333984,48.439903259277344,47.50749206542969,45.46405029296875,46.30893325805664
38.36117172241211,37.19763946533203,35.34750747680664,34.534461975097656,35.69558334350586,37.2514762878418,37.9607048034668,38.25386428833008,39.46356201171875,41.988277435302734,44.016845703125,44.38456726074219,44.785499572753906,46.008995056152344,46.45920181274414,45.641483306884766,43.920631408691406,41.54203796386719,40.293861389160156,41.43011474609375,43.79630661010742,45.52229309082031,45.185794830322266,43.71329879760742,43.28382873535156,44.32172775268555,45.93574905395508,47.55867385864258,48.009456634521484,46.29216384887695,44.416202545166016,44.45909118652344,46.002872467041016,46.94916915893555,46.093265533447266,44.815425872802734,44.60600280761719,45.04301452636719,46.35390090942383,49.05846405029297,50.78997802734375,48.99776077270508,45.91018295288086,45.99303436279297
37.119537353515625,36.770965576171875,35.59567642211914,34.22895050048828,35.03447341918945,37.658294677734375,39.67429733276367,39.49445343017578,38.453311920166016,39.16092300415039,41.47473907470703,43.12207794189453,43.795501708984375,44.87987518310547,46.263038635253906,46.5626106262207,45.18684005737305,42.55015182495117,39.68609619140625,38.771385192871094,40.58097839355469,43.6219482421875,45.17939376831055,44.48318862915039,43.59711456298828,43.37675857543945,43.74305725097656,45.22381591796875,46.97329330444336,47.24029541015625,46.363277435302734,45.407649993896484,44.97676467895508,45.389060974121094,46.37921905517578,47.46193313598633,47.357749938964844,46.39236831665039,47.4349250793457,51.11714172363281,52.67926788330078,50.398468017578125,47.560428619384766,47.24692916870117
38.82209014892578,38.19437026977539,37.112918853759766,35.602420806884766,35.85462951660156,38.75645446777344,41.77598190307617,41.62527084350586,38.85592269897461,37.27739334106445,38.827049255371094,41.62632751464844,43.36954879760742,44.67110824584961,46.528568267822266,47.31984329223633,45.84087371826172,42.920230865478516,39.36280059814453,36.973594665527344,37.80080795288086,41.36482620239258,45.274383544921875,47.17627716064453,46.469478607177734,44.0191535949707,42.379695892333984,43.703460693359375,46.4395866394043,47.880126953125,47.904632568359375,46.78626251220703,44.99059295654297,44.44157791137695,46.061614990234375,48.54209518432617,49.29771423339844,48.93353271484375,50.26195526123047,53.12834930419922,54.096282958984375,52.16802978515625,49.79843521118164,48.88408279418945
41.93592071533203,41.63323211669922,40.511741638183594,38.373870849609375,37.30057144165039,39.131980895996094,42.12297439575195,42.52520751953125,40.058502197265625,37.79250717163086,38.20000076293945,40.64497756958008,42.831321716308594,44.24275588989258,45.96391677856445,47.50341033935547,47.30521774291992,44.6635627746582,40.27374267578125,36.35134506225586,35.992279052734375,39.642330169677734,45.12058639526367,49.04804992675781,48.6217041015625,45.21282958984375,42.89523696899414,44.009117126464844,46.485687255859375,47.5479621887207,47.542152404785156,46.965599060058594,45.751529693603516,45.39631652832031,46.82787322998047,48.68763732910156,50.06002426147461,51.85323715209961,53.969051361083984,54.790950775146484,54.52170181274414,54.4065055847168,53.97801208496094,52.49482345581055
43.697818756103516,44.52228546142578,44.781551361083984,42.98689270019531,39.625667572021484,38.064300537109375,39.30734634399414,40.91503143310547,40.986106872558594,39.83601760864258,39.32132339477539,40.40104675292969,42.32651138305664,43.957000732421875,45.32424545288086,47.20500946044922,48.43125534057617,46.166465759277344,41.18719482421875,36.8867073059082,35.94169235229492,38.59134292602539,43.55189895629883,48.01502227783203,49.03657531738281,46.94312286376953,44.641815185546875,44.25128173828125,45.27772903442383,46.01376724243164,46.428401947021484,46.693599700927734,46.74811935424805,47.445560455322266,48.438472747802734,48.955379486083984,50.78764343261719,55.13850402832031,57.64812088012695,55.8494758605957,53.82257843017578,55.64826202392578,58.62665557861328,57.4874153137207
42.87013626098633,44.52464294433594,46.47875213623047,46.28345489501953,41.89937973022461,36.82114791870117,35.96971893310547,38.9295654296875,41.200584411621094,40.85324478149414,40.397705078125,41.260581970214844,42.72627639770508,43.79899215698242,43.93096160888672,44.67054748535156,46.787940979003906,46.950401306152344,43.45235824584961,38.984928131103516,36.497039794921875,37.4993782043457,41.32334518432617,45.234519958496094,47.71283721923828,48.152069091796875,46.31312942504883,43.96812057495117,43.51301956176758,45.093414306640625,46.976688385009766,47.46306228637695,47.58047103881836,48.74899673461914,49.35841751098633,49.317501068115234,52.30229949951172,58.810081481933594,60.55698776245117,56.47639083862305,53.53407669067383,56.175193786621094,60.79416275024414,59.610443115234375
