data/wind_data/wind_34_0.json
{"header": {"parameterUnit": "KT", "parameterCategory": 2, "nx": 255, "ny": 198, "lo1": 44.73521041870117, "la1": -3.236724853515625, "lo2": 111.26478576660156, "la2": 43.468475341796875, "dx": 0.26192745566368103, "dy": -0.23708222806453705, "refTime": "2025-02-20 10:00:00", "forecastTime": 0, "parameterNumber": 2, "parameterNumberName": "eastward_wind"}, "data":
[rows 171 to 189 of 198, columns 86 to 128 of 255]
-11.561018943786621,-11.583189010620117,-10.527263641357422,-10.464792251586914,-10.167728424072266,-9.064301490783691,-8.539712905883789,-7.749073505401611,-7.024112224578857,-4.940220355987549,-1.8968524932861328,1.0915050506591797,3.36956787109375,4.434764862060547,5.866189956665039,9.47711181640625,10.44796085357666,10.397613525390625,11.564021110534668,11.514947891235352,11.063600540161133,11.104220390319824,11.430115699768066,14.216673851013184,13.03815746307373,3.8529157638549805,-0.839329719543457,-1.834647536277771,-3.670056104660034,-5.046983242034912,-1.0859383344650269,4.3870015144348145,-2.503844738006592,-9.050061225891113,-8.491131782531738,-6.126399040222168,-2.3641092777252197,0.8514313101768494,-1.5722450017929077,-6.108315944671631,-6.34678840637207,-6.142237663269043,-6.470970630645752
-9.25287914276123,-7.43647575378418,-7.044731140136719,-9.307107925415039,-9.255207061767578,-8.11933422088623,-7.898747444152832,-8.238505363464355,-7.870390892028809,-4.988789081573486,-1.2082865238189697,1.2746753692626953,2.626868486404419,3.1743786334991455,4.773531436920166,6.599142074584961,8.247568130493164,8.03829574584961,7.788456916809082,6.377221584320068,6.312823295593262,7.806490898132324,8.586723327636719,14.152217864990234,14.708521842956543,4.386637210845947,-0.5121864080429077,-0.8724803924560547,-0.41970908641815186,1.5562583208084106,4.132442951202393,-0.1869695782661438,-6.88037109375,-7.10860013961792,-4.247064590454102,-1.1273902654647827,1.0871058702468872,1.8551825284957886,-1.8046923875808716,-5.643789768218994,-5.9661173820495605,-5.755580425262451,-5.886550426483154
-7.951998710632324,-7.554862976074219,-4.061295509338379,-6.040858745574951,-7.068070411682129,-6.0780029296875,-4.48225212097168,-4.855991840362549,-6.034896373748779,-4.713291645050049,0.24843081831932068,2.971449375152588,3.8739635944366455,3.808551549911499,3.5971121788024902,4.414347171783447,4.933663368225098,6.1391825675964355,3.273607015609741,-0.1734042763710022,4.159463882446289,5.499593734741211,2.9313297271728516,10.30569839477539,11.215733528137207,4.241832733154297,1.6892127990722656,1.9354766607284546,1.5986706018447876,-0.29734915494918823,-4.393575668334961,-5.985757827758789,-2.945587635040283,-0.9671400785446167,0.31643858551979065,0.9299998879432678,1.190099835395813,0.1855117380619049,-2.9620842933654785,-5.249101161956787,-5.519619464874268,-5.009732246398926,-5.4182305335998535
-0.033678874373435974,-3.7394356727600098,-2.864980697631836,-1.4953476190567017,0.29854968190193176,0.08902626484632492,-1.034727931022644,-1.528991460800171,-1.4244821071624756,-0.5893569588661194,1.0490071773529053,2.716496706008911,2.893045425415039,3.3736228942871094,3.091031074523926,3.3053956031799316,4.888452053070068,6.507900238037109,6.363646507263184,3.8340909481048584,4.875246047973633,6.261741638183594,3.587172031402588,4.777683258056641,7.39842414855957,5.349792003631592,4.007225513458252,-0.05136130005121231,-5.800038814544678,-6.311742782592773,-5.090768337249756,-3.2588067054748535,0.3568691909313202,2.6840004920959473,3.037367820739746,1.877263069152832,0.5791133642196655,-1.040030837059021,-3.1617658138275146,-4.996571063995361,-5.544494152069092,-5.464649677276611,-5.834794998168945
1.9136762619018555,1.5772331953048706,1.672118067741394,3.853062152862549,4.395669937133789,1.429466724395752,-0.7685750126838684,-0.9124588370323181,0.019508568570017815,1.5583072900772095,0.8724180459976196,0.6616230607032776,2.936492443084717,5.926713466644287,7.0638628005981445,5.5210280418396,5.057744979858398,7.430614948272705,9.1607027053833,6.413784027099609,4.603515148162842,3.785292863845825,-1.1169040203094482,-1.9999343156814575,4.419883728027344,3.542466640472412,-2.0551741123199463,-5.439667701721191,-6.160508155822754,-5.0507121086120605,-5.232912063598633,0.20047006011009216,4.358857154846191,3.094494581222534,1.8819410800933838,0.2715115249156952,-0.9536205530166626,-1.538055181503296,-3.166271448135376,-5.401439189910889,-6.012237548828125,-5.117008686065674,-5.061142921447754
0.7449261546134949,2.4813764095306396,3.435950994491577,5.185098171234131,6.130460262298584,5.08584451675415,3.3203940391540527,2.166646718978882,1.6384786367416382,3.1396586894989014,2.7270665168762207,2.3630459308624268,3.6582183837890625,4.0285468101501465,4.6612935066223145,6.644543647766113,7.241933822631836,7.800204753875732,9.869303703308105,7.617229461669922,4.559398651123047,2.959984064102173,1.499955415725708,0.9520012140274048,1.3305901288986206,-1.9778573513031006,-5.8909912109375,-6.548114776611328,-6.77167272567749,-7.52824592590332,-1.1190787553787231,6.745821475982666,5.445701599121094,0.7652040719985962,0.09621772170066833,0.7246953248977661,-0.013767409138381481,-0.8936527967453003,-2.3124120235443115,-4.378686904907227,-5.4179792404174805,-5.1493635177612305,-5.137385368347168
-0.6597945094108582,1.3887073993682861,0.32646989822387695,-1.3913421630859375,-0.27616825699806213,1.846185326576233,2.476236581802368,1.977504849433899,3.114633798599243,4.494018077850342,4.076004981994629,3.1265859603881836,1.1215506792068481,-2.2781012058258057,-1.8581883907318115,0.9805680513381958,1.6713824272155762,1.6986678838729858,1.9708880186080933,2.9974000453948975,0.6828462481498718,-2.324605703353882,0.6699116826057434,1.5146868228912354,-2.578256845474243,-5.217197418212891,-8.475068092346191,-12.081748008728027,-11.270912170410156,-4.271214485168457,3.4285013675689697,4.2191362380981445,1.1588890552520752,-0.6072288155555725,-0.2718844413757324,1.8631505966186523,1.4064314365386963,-0.3961295783519745,-1.7353236675262451,-3.8050649166107178,-4.958866119384766,-3.961557388305664,-5.246151924133301
-4.614875793457031,-5.704138278961182,-6.405881404876709,-6.484565734863281,-5.445427894592285,-4.9993438720703125,-4.62345027923584,-3.637162923812866,-3.452533483505249,-3.9859750270843506,-3.8167412281036377,-3.452120542526245,-3.110541820526123,-2.23101806640625,-2.6072044372558594,-4.07216739654541,-3.2224366664886475,-0.7491224408149719,1.4934841394424438,2.8128561973571777,1.5051889419555664,-1.0760586261749268,0.8980627059936523,0.7482761144638062,-5.837784290313721,-10.601659774780273,-12.071511268615723,-12.733742713928223,-9.682674407958984,-4.031347274780273,-2.095733404159546,-3.2162556648254395,-1.148712396621704,1.1767255067825317,0.7749306559562683,0.562308132648468,0.49479708075523376,0.04618785157799721,-1.7600011825561523,-2.6192219257354736,-3.2020769119262695,-4.868572235107422,-6.6450066566467285
-6.423304080963135,-6.247100353240967,-5.289316177368164,-3.8888816833496094,-3.331230401992798,-3.283801794052124,-3.7167153358459473,-3.681243419647217,-3.1044342517852783,-2.193072557449341,-1.4714194536209106,-1.8162386417388916,-1.8583952188491821,-1.1206954717636108,-0.9404775500297546,-1.2581485509872437,-1.9213823080062866,-1.7287005186080933,-0.13852734863758087,0.3068878948688507,1.3443108797073364,3.4348442554473877,3.9770493507385254,3.1595077514648438,-0.7467460036277771,-7.938681602478027,-11.264079093933105,-9.410416603088379,-9.05561351776123,-7.550422191619873,-6.291522979736328,-5.992557048797607,-2.480360984802246,1.9574227333068848,2.2469184398651123,0.29112109541893005,-0.5706450939178467,-0.7842162251472473,-0.5595164895057678,-0.5712996125221252,-1.5348566770553589,-2.4430761337280273,-4.52474308013916
-6.270415782928467,-5.41316032409668,-4.477941513061523,-3.527143955230713,-3.7278082370758057,-3.598910093307495,-3.2289247512817383,-2.0413503646850586,-0.6766095161437988,1.530664086341858,1.562387466430664,0.7683982849121094,1.3644990921020508,0.8107275366783142,-0.19680695235729218,-0.5752715468406677,-0.7974857091903687,-0.8565479516983032,0.5111110806465149,1.6914937496185303,2.3819689750671387,3.1770777702331543,4.160641193389893,4.5166425704956055,4.353367805480957,-0.15353384613990784,-4.54489803314209,-5.682599067687988,-7.266324520111084,-5.668198585510254,-5.712016582489014,-5.818829536437988,-4.411560535430908,-1.7842119932174683,0.7712117433547974,0.19999074935913086,-0.6433006525039673,-0.4219345450401306,0.16619299352169037,1.9455426931381226,1.6226750612258911,0.16635049879550934,-1.0475172996520996
-5.9975786209106445,-4.850126266479492,-3.363290548324585,-3.1689817905426025,-3.5156633853912354,-3.2384889125823975,-2.2569072246551514,0.2954186499118805,2.9115967750549316,5.1092376708984375,2.0663137435913086,0.04751699045300484,1.253495693206787,-0.6476789116859436,-0.9945716857910156,-0.003576906630769372,0.3859453499317169,1.4224530458450317,1.6005480289459229,0.939654529094696,1.2232946157455444,2.1186447143554688,3.2128968238830566,2.4572715759277344,2.5344460010528564,3.6210691928863525,1.096181869506836,-1.6281530857086182,-2.8918519020080566,-4.2579193115234375,-5.098697185516357,-4.367650508880615,-4.8735127449035645,-3.8001413345336914,-2.094506025314331,-0.046443428844213486,1.4523833990097046,1.4067356586456299,1.4872305393218994,2.587010145187378,2.7977232933044434,1.390076756477356,-0.19225142896175385
-6.158690452575684,-4.454616069793701,-3.251798629760742,-3.3502378463745117,-2.9933278560638428,-2.329237461090088,-0.9266563057899475,0.8445121049880981,3.248511791229248,2.684934139251709,-2.370985984802246,-5.136359691619873,-5.009434700012207,-4.541161060333252,-2.7730329036712646,-1.1043639183044434,0.28698575496673584,1.078088402748108,1.629744291305542,2.1952009201049805,2.5275938510894775,2.119703531265259,0.7725192904472351,0.7355292439460754,0.7647851705551147,3.390094757080078,3.131565570831299,2.833439826965332,2.3934571743011475,-1.6798956394195557,-2.5463528633117676,-2.080868721008301,-1.985725998878479,-3.3560476303100586,-4.83667516708374,-3.0377883911132812,0.39799100160598755,1.800911545753479,2.3014416694641113,3.8410563468933105,5.070644855499268,4.142858505249023,2.233829975128174
-4.73254919052124,-3.866708755493164,-3.8209893703460693,-3.1543352603912354,-2.2444653511047363,-1.4065126180648804,-0.12802524864673615,0.9753974676132202,1.7111332416534424,1.2841190099716187,0.1398795247077942,-2.46401309967041,-4.356662273406982,-3.9795849323272705,-3.8299145698547363,-3.088947296142578,-2.31550931930542,-1.2023028135299683,-0.8384309411048889,-0.6728377938270569,0.4369090497493744,-1.567022442817688,-4.123933792114258,-3.1226885318756104,-1.4013315439224243,2.6042585372924805,5.098263263702393,4.236309051513672,-0.8669102787971497,-3.878347158432007,-0.8125264048576355,-0.22269095480442047,-0.437456339597702,-0.4473753869533539,-1.925149917602539,-1.8201550245285034,-0.24965503811836243,-1.3218531608581543,-1.348231315612793,1.2651891708374023,1.3280702829360962,-0.16652606427669525,0.5640561580657959
-3.971298933029175,-4.235372066497803,-4.000285625457764,-2.470344066619873,-0.1582106202840805,-0.18970099091529846,0.4044128656387329,1.6225614547729492,2.4372081756591797,2.8437421321868896,2.127629518508911,0.3986959755420685,-2.1015751361846924,-3.5739986896514893,-4.635287761688232,-4.66466760635376,-4.449915885925293,-3.290438413619995,-3.266263008117676,-4.055413246154785,-3.4369025230407715,-5.034167766571045,-4.950469017028809,-2.553997278213501,-0.8513793349266052,2.6451709270477295,0.5301658511161804,-3.724551200866699,-4.897587776184082,-5.355708122253418,-3.5597915649414062,-1.2333227396011353,-0.9051184058189392,-1.113540768623352,-1.2187601327896118,1.1638084650039673,0.6409303545951843,-3.067554235458374,-2.024101495742798,-0.3384664058685303,-0.9265243411064148,-2.2839515209198,-2.823054790496826
-3.5626392364501953,-3.9079294204711914,-4.056352615356445,-1.6454445123672485,3.199511766433716,1.2749730348587036,0.49854928255081177,1.709271788597107,2.764498472213745,2.231494426727295,0.5843918919563293,1.1365562677383423,-0.5449621081352234,-0.44664162397384644,-1.6335880756378174,-4.503304481506348,-4.895068645477295,-4.783272743225098,-4.571622371673584,-4.923527717590332,-6.025712490081787,-5.287951946258545,-2.885817050933838,-0.814307451248169,1.5537002086639404,2.230311393737793,-0.5785186886787415,-3.483675956726074,-1.957862138748169,-1.630385160446167,-2.8630380630493164,-1.6827765703201294,-1.9943543672561646,-0.8618003726005554,0.917443573474884,2.2723422050476074,0.3374989926815033,-1.8879750967025757,0.6511048674583435,1.2039082050323486,0.5483719706535339,-0.15401120483875275,-1.8396844863891602
-3.1713385581970215,-3.372096300125122,-2.8522846698760986,-1.3734636306762695,0.8777292370796204,0.499737948179245,1.1848162412643433,1.3439713716506958,1.99305260181427,1.6087571382522583,0.047375746071338654,0.5272354483604431,-0.2068900167942047,-1.3215701580047607,-1.817690134048462,-1.995595097541809,-3.363016128540039,-3.79889178276062,-2.379101514816284,-0.6593264937400818,-2.351660966873169,-3.031545639038086,-1.2017552852630615,0.6296886205673218,0.6263765692710876,1.3466871976852417,2.6266629695892334,0.9754303693771362,0.4887131154537201,2.7426774501800537,0.7727439999580383,-1.529789924621582,-0.15636131167411804,0.9321471452713013,1.0825930833816528,1.8598195314407349,0.5850275158882141,-0.8617550134658813,0.37765610218048096,1.5943406820297241,3.1684229373931885,2.9704415798187256,1.0121471881866455
-2.763836145401001,-2.859750270843506,-2.7278940677642822,-1.0240060091018677,0.1229146271944046,0.15950095653533936,1.4384008646011353,1.4473369121551514,1.5723159313201904,0.9394091367721558,0.8418962359428406,1.9371591806411743,-0.5954207181930542,-2.657384157180786,-0.17677615582942963,0.5591729879379272,-1.5872855186462402,-2.605393409729004,-1.1946063041687012,1.3100790977478027,2.9277961254119873,2.9252707958221436,1.7660433053970337,0.45457351207733154,-0.5744070410728455,1.3261750936508179,2.7476768493652344,1.2421902418136597,-0.949366569519043,-1.6165210008621216,-3.3408329486846924,-4.3648200035095215,-2.558819532394409,-1.2015249729156494,-1.3152817487716675,-0.8196889162063599,-0.019528759643435478,0.02711799368262291,1.3941692113876343,2.3411526679992676,2.949172258377075,2.3066070079803467,2.503441333770752
-2.2087178230285645,-2.032681703567505,-1.5997403860092163,-0.7661043405532837,-0.13108089566230774,0.3435666561126709,0.5028131008148193,1.8608957529067993,0.5307005643844604,-0.7905670404434204,1.4353801012039185,1.2259079217910767,-1.3783364295959473,-1.4537733793258667,1.8815720081329346,1.3365424871444702,-0.40650948882102966,-0.11859762668609619,0.10954456776380539,0.715215265750885,1.228525161743164,2.476442575454712,5.057426929473877,6.814572811126709,4.324838161468506,-2.90517520904541,-5.95883846282959,-4.400987148284912,-4.951614856719971,-8.1600980758667,-9.731481552124023,-7.769372463226318,-5.166747570037842,-4.541467189788818,-5.293150424957275,-6.262842655181885,-5.2659783363342285,-3.901764154434204,-2.4694933891296387,-2.2656476497650146,-1.459932804107666,-1.4258217811584473,1.5840445756912231
-1.1246905326843262,-1.3359946012496948,-0.3967673182487488,-0.08743458986282349,-0.07981622964143753,0.4695466160774231,0.7001992464065552,1.1741938591003418,-0.8966817855834961,-1.7161370515823364,0.3919491767883301,0.4502637982368469,-0.3966781497001648,0.0038125389255583286,0.4361554980278015,0.10838597267866135,-0.6567533016204834,-0.671645998954773,-1.0069936513900757,-1.78006911277771,-0.1429687738418579,2.60673189163208,4.643895626068115,5.218013763427734,-0.6445351839065552,-6.016373634338379,-7.304435729980469,-7.274089813232422,-8.303340911865234,-10.720577239990234,-10.942144393920898,-7.930234909057617,-6.52701473236084,-7.27026891708374,-7.270292282104492,-6.047199726104736,-4.706424236297607,-5.058451175689697,-5.727910995483398,-3.501443386077881,-2.8272836208343506,-2.142963409423828,-0.4898586869239807
