data/wind_data/wind_53_7.json
{"header": {"parameterUnit": "KT", "parameterCategory": 2, "nx": 256, "ny": 198, "lo1": 44.73521041870117, "la1": -3.236724853515625, "lo2": 111.26478576660156, "la2": 43.468475341796875, "dx": 0.2609002888202667, "dy": -0.23708222806453705, "refTime": "2025-02-21 05:00:00", "forecastTime": 0, "parameterNumber": 2, "parameterNumberName": "eastward_wind"}, "data":
[rows 100 to 119 of 198, columns 176 to 219 of 256]
85.50005340576172,85.47184753417969,85.65119934082031,85.68095397949219,85.52685546875,85.36536407470703,85.12262725830078,84.6069107055664,83.75263214111328,82.89195251464844,82.30618286132812,82.10741424560547,82.22931671142578,81.7694091796875,80.57646942138672,79.98992156982422,80.35126495361328,80.70171356201172,80.76647186279297,81.03530883789062,81.77567291259766,82.5705337524414,83.01365661621094,83.16960906982422,83.1607894897461,82.98002624511719,82.56180572509766,81.97016906738281,81.32002258300781,80.93341064453125,81.03777313232422,81.1202621459961,81.5219955444336,82.29596710205078,82.80257415771484,83.49231719970703,84.41505432128906,84.96147155761719,84.70648193359375,83.6769790649414,82.45942687988281,81.44888305664062,80.48688507080078,79.5735855102539
88.13694763183594,87.94062042236328,88.06500244140625,88.31932067871094,88.41057586669922,88.31849670410156,88.1297378540039,87.84171295166016,87.26554870605469,86.41169738769531,85.44573211669922,84.66984558105469,84.45808410644531,84.120849609375,83.1229019165039,82.39695739746094,82.42665100097656,82.66314697265625,82.81381225585938,83.09336853027344,83.7168960571289,84.4377670288086,84.94782257080078,85.20865631103516,85.22346496582031,85.07189178466797,84.7791519165039,84.33293914794922,83.80091857910156,83.3057632446289,83.15021514892578,83.15692901611328,83.18917846679688,83.41425323486328,83.99510192871094,84.96804809570312,86.12029266357422,87.22052764892578,87.58927917480469,86.80857849121094,85.39534759521484,83.99896240234375,82.75617980957031,81.65325164794922
90.57140350341797,90.32533264160156,90.28981018066406,90.64251708984375,91.00408935546875,91.07139587402344,90.93964385986328,90.7764663696289,90.4958724975586,89.93632507324219,88.9761962890625,87.935546875,87.34308624267578,86.78958129882812,85.8852767944336,85.13579559326172,84.8180923461914,84.83657836914062,85.038818359375,85.32756042480469,85.83720397949219,86.44100952148438,86.93324279785156,87.32415771484375,87.41065979003906,87.21836853027344,86.91439819335938,86.4267578125,85.92391967773438,85.60973358154297,85.45901489257812,85.21642303466797,84.90337371826172,84.81758117675781,85.40020751953125,86.49486541748047,87.86016845703125,89.21256256103516,89.85858917236328,89.4533920288086,88.22224426269531,86.71159362792969,85.28288269042969,83.98738861083984
93.0121841430664,92.8179931640625,92.64295196533203,92.86437225341797,93.28829193115234,93.50643157958984,93.50569152832031,93.4745101928711,93.40797424316406,93.07718658447266,92.22615814208984,91.19723510742188,90.52169799804688,89.90909576416016,89.07747650146484,88.2815933227539,87.69129180908203,87.42997741699219,87.47614288330078,87.63774108886719,88.01539611816406,88.5341567993164,89.0129623413086,89.43862915039062,89.49417877197266,89.30393981933594,89.12284851074219,88.58109283447266,87.8708267211914,87.58850860595703,87.6600341796875,87.47611236572266,86.86602020263672,86.43090057373047,86.9137954711914,88.13880920410156,89.7020492553711,90.87537384033203,91.5686264038086,91.97554779052734,91.32110595703125,89.52198791503906,87.6288833618164,86.22820281982422
95.68351745605469,95.61476135253906,95.40583038330078,95.38670349121094,95.62274169921875,95.83809661865234,95.92280578613281,95.93763732910156,95.94719696044922,95.74253845214844,94.98677062988281,94.0230941772461,93.44692993164062,93.05126953125,92.49891662597656,91.80829620361328,91.08710479736328,90.51283264160156,90.19229888916016,90.11128234863281,90.37346649169922,90.83879852294922,91.28692626953125,91.58511352539062,91.52662658691406,91.37086486816406,91.30564880371094,90.82815551757812,90.07801055908203,89.6903076171875,89.75576782226562,89.71935272216797,89.14942169189453,88.57780456542969,88.63065338134766,89.54080963134766,91.29679107666016,92.7842788696289,93.41770935058594,93.74000549316406,93.67945861816406,92.78731536865234,90.91844177246094,88.7569808959961
98.10343170166016,98.40523529052734,98.46375274658203,98.42582702636719,98.4920425415039,98.6021728515625,98.58984375,98.38526916503906,98.15996551513672,97.92548370361328,97.36885833740234,96.58049011230469,96.11054992675781,95.97924041748047,95.70358276367188,95.169189453125,94.53656768798828,93.85932922363281,93.2081527709961,92.81797790527344,92.95780181884766,93.41083526611328,93.7973403930664,93.9395980834961,93.78831481933594,93.52948760986328,93.30699157714844,92.97007751464844,92.50642395019531,92.17063903808594,92.07093811035156,91.96991729736328,91.61626434326172,91.26688385009766,91.07320404052734,91.28791809082031,92.67533874511719,94.34200286865234,95.19883728027344,95.6395492553711,95.6767807006836,95.20109558105469,94.03702545166016,92.2318115234375
99.75061798095703,100.5823974609375,101.18522644042969,101.48631286621094,101.64933013916016,101.78218841552734,101.72916412353516,101.29007720947266,100.6706771850586,100.21623229980469,99.85022735595703,99.23897552490234,98.68598937988281,98.63924407958984,98.5322265625,98.0431900024414,97.53799438476562,96.9940185546875,96.26128387451172,95.67147064208984,95.68596649169922,96.11194610595703,96.46036529541016,96.56221008300781,96.41622924804688,95.94425964355469,95.34457397460938,95.04502868652344,94.90234375,94.77413940429688,94.67444610595703,94.43110656738281,94.11601257324219,94.0852279663086,94.06779479980469,93.77792358398438,94.45289611816406,95.923583984375,96.81624603271484,97.49114990234375,97.75553894042969,97.48423767089844,96.86151123046875,95.35734558105469
100.80738830566406,101.8722915649414,102.90335083007812,103.55340576171875,103.9323959350586,104.39425659179688,104.72899627685547,104.53865051269531,103.93999481201172,103.45427703857422,103.15316772460938,102.51536560058594,101.61682891845703,101.23980712890625,101.1159896850586,100.74470520019531,100.36312103271484,99.85828399658203,99.05455017089844,98.3978500366211,98.32659912109375,98.62732696533203,98.97864532470703,99.24671173095703,99.19235229492188,98.58785247802734,97.69078063964844,97.22740173339844,97.25031280517578,97.3458480834961,97.30455017089844,97.05524444580078,96.83684539794922,96.92091369628906,96.9603042602539,96.51118469238281,96.58637237548828,97.92536926269531,99.02052307128906,99.35182189941406,99.5509033203125,99.91287231445312,99.60913848876953,98.00772857666016
102.44136810302734,103.1513900756836,103.9323959350586,104.40927124023438,104.87512969970703,105.73297882080078,106.69152069091797,107.24076080322266,107.293701171875,107.1784896850586,107.07227325439453,106.5456771850586,105.48115539550781,104.70558166503906,104.31353759765625,103.80597686767578,103.30018615722656,102.71563720703125,101.83109283447266,100.9936752319336,100.69943237304688,100.840576171875,101.18590545654297,101.63833618164062,101.74077606201172,101.16854095458984,100.14942169189453,99.48713684082031,99.6925048828125,100.04580688476562,99.93626403808594,99.71248626708984,99.74657440185547,99.78421783447266,99.53392791748047,98.99071502685547,98.81886291503906,99.89385986328125,101.33001708984375,101.82274627685547,101.8215560913086,102.25822448730469,102.36066436767578,100.94808959960938
104.59668731689453,104.92752075195312,105.17627716064453,105.24423217773438,105.4620590209961,106.22710418701172,107.37428283691406,108.55027770996094,109.53521728515625,110.3047103881836,110.74340057373047,110.52877044677734,109.64692687988281,108.68248748779297,108.01304626464844,107.40840148925781,106.72462463378906,105.9954833984375,105.11357879638672,104.1628189086914,103.50843811035156,103.24235534667969,103.28907012939453,103.6476821899414,103.91522979736328,103.5949935913086,102.64137268066406,101.79340362548828,102.03036499023438,102.64317321777344,102.59420776367188,102.3687515258789,102.48407745361328,102.52518463134766,102.04438018798828,101.26233673095703,101.03065490722656,101.8801040649414,103.10492706298828,103.99706268310547,104.68673706054688,105.17723083496094,105.06597900390625,103.96259307861328
105.90316772460938,106.458251953125,106.64663696289062,106.54899597167969,106.50093841552734,106.77002716064453,107.5963363647461,109.08010864257812,110.7566909790039,112.21537017822266,113.24063873291016,113.52693939208984,113.00879669189453,112.05706024169922,111.23674774169922,110.69947814941406,110.22895812988281,109.68214416503906,108.9614486694336,108.05764770507812,107.17092895507812,106.50208282470703,106.0372543334961,105.93634796142578,106.29987335205078,106.45033264160156,105.60203552246094,104.35381317138672,104.13834381103516,104.75689697265625,104.99781799316406,104.95352935791016,105.06755065917969,105.09207916259766,104.55950164794922,103.63812255859375,103.31328582763672,103.84033203125,104.65788269042969,105.70044708251953,106.97148132324219,107.98504638671875,108.1553955078125,107.19874572753906
106.06363677978516,106.9413833618164,107.36033630371094,107.38245391845703,107.38062286376953,107.62225341796875,108.30843353271484,109.69270324707031,111.64163208007812,113.56781005859375,114.7509765625,114.99697875976562,114.71334838867188,114.19117736816406,113.5750503540039,113.32555389404297,113.3420639038086,112.94822692871094,112.24992370605469,111.54695892333984,110.86090087890625,110.22503662109375,109.603271484375,109.24437713623047,109.60337829589844,110.12213134765625,109.5597152709961,107.90087127685547,106.73272705078125,106.87655639648438,107.23461151123047,107.3948745727539,107.56005859375,107.5022964477539,107.08844757080078,106.32524871826172,105.74755096435547,105.7880630493164,106.3939437866211,107.35839080810547,108.50275421142578,109.76423645019531,110.70964813232422,110.40943908691406
105.42958068847656,106.62317657470703,107.20387268066406,107.33232879638672,107.43075561523438,107.94363403320312,108.99939727783203,110.42533874511719,112.39533996582031,114.62985229492188,115.8731689453125,115.8932113647461,115.75373077392578,115.77445220947266,115.39949798583984,115.06370544433594,115.37362670898438,115.21121978759766,114.27479553222656,113.66859436035156,113.5377197265625,113.39543151855469,113.16930389404297,113.0516586303711,113.39517211914062,114.09239196777344,114.13209533691406,112.66827392578125,110.74187469482422,109.88672637939453,109.75666809082031,109.91966247558594,110.25341033935547,110.22280883789062,109.87906646728516,109.25515747070312,108.5135726928711,108.2644271850586,108.75079345703125,109.4222412109375,110.07514953613281,111.12734985351562,112.2589111328125,112.53479766845703
104.59091186523438,105.626708984375,106.33201599121094,106.82009887695312,107.26700592041016,108.0302505493164,109.10155487060547,110.41416931152344,112.40923309326172,114.8000717163086,116.47428131103516,117.14620971679688,117.32738494873047,117.52019500732422,117.31092834472656,116.45339965820312,116.21556854248047,116.35735321044922,115.61753845214844,114.8109130859375,114.79364013671875,115.21422576904297,115.7454605102539,116.09184265136719,116.31879425048828,117.11394500732422,118.0428237915039,117.47080993652344,115.47836303710938,113.81590270996094,113.09964752197266,113.01835632324219,113.2770767211914,113.28787231445312,112.9846420288086,112.41464233398438,111.85388946533203,111.7981185913086,112.03516387939453,112.10142517089844,112.25045013427734,112.86639404296875,113.65642547607422,114.01366424560547
104.07463073730469,104.50816345214844,105.1277847290039,106.13285064697266,107.189697265625,108.07046508789062,108.95344543457031,110.05196380615234,111.5564956665039,113.53071594238281,115.6617660522461,117.3758544921875,118.35254669189453,118.95677947998047,119.0980453491211,118.110595703125,116.87791442871094,116.62818908691406,116.48914337158203,115.72694396972656,115.38732147216797,116.11719512939453,117.297607421875,117.763916015625,117.63815307617188,118.54695129394531,120.34024047851562,120.76612854003906,119.27642059326172,117.4638900756836,116.76049041748047,116.73117065429688,116.38011932373047,115.89625549316406,115.75068664550781,115.69805908203125,115.79570770263672,116.08686828613281,115.89718627929688,115.4533462524414,115.43254852294922,115.51119995117188,115.63140106201172,115.79230499267578
103.18453216552734,103.41098022460938,104.24152374267578,105.58097076416016,106.83583068847656,107.63585662841797,108.2398681640625,109.14823913574219,110.3906021118164,111.84109497070312,113.76569366455078,116.04850006103516,117.9193344116211,118.88566589355469,119.0947494506836,118.60818481445312,117.41780090332031,116.52433013916016,116.8377914428711,117.12501525878906,116.65569305419922,117.00840759277344,118.32601165771484,118.74861907958984,118.28469848632812,119.005859375,121.07180786132812,122.3661117553711,121.80596923828125,120.1303482055664,119.15261840820312,119.376220703125,119.12103271484375,118.06320190429688,117.54071044921875,118.13310241699219,119.42906188964844,120.14746856689453,119.65850830078125,119.03768157958984,119.08300018310547,118.85379028320312,118.2175521850586,117.91865539550781
101.51457977294922,101.9512939453125,103.31387329101562,104.96146392822266,106.11357116699219,106.61334228515625,106.91632843017578,107.63216400146484,108.8587875366211,110.27881622314453,111.8336181640625,113.84514617919922,116.140380859375,117.59236907958984,117.80451202392578,117.6550521850586,117.09932708740234,115.9168701171875,116.27355194091797,117.93141174316406,118.11761474609375,117.93820190429688,119.0136947631836,119.9294662475586,119.63688659667969,119.80271911621094,121.55899810791016,123.29236602783203,123.39856719970703,121.8016128540039,120.26931762695312,120.45140075683594,120.86474609375,119.8605728149414,118.77092742919922,119.55907440185547,121.89757537841797,123.03165435791016,122.28885650634766,121.80794525146484,122.1856689453125,121.51303100585938,120.26387786865234,120.07290649414062
99.69730377197266,100.59894561767578,102.24452209472656,103.76615905761719,104.8234634399414,105.4264144897461,105.72892761230469,106.20394897460938,107.21300506591797,108.56452178955078,109.99543762207031,111.70246124267578,113.84749603271484,115.640625,116.24525451660156,116.23736572265625,115.97649383544922,114.9748306274414,114.97138214111328,116.89971160888672,118.25907897949219,118.56450653076172,119.48130798339844,120.81874084472656,121.08174133300781,121.09160614013672,122.69845581054688,124.55894470214844,124.6236343383789,122.91200256347656,121.07259368896484,120.88853454589844,121.65069580078125,121.08930206298828,119.96980285644531,121.20463562011719,123.87334442138672,124.62335205078125,123.80696868896484,123.52711486816406,123.73533630371094,123.11412811279297,121.93468475341797,121.26222229003906
98.4251937866211,99.65071105957031,100.97559356689453,101.95855712890625,102.87492370605469,103.77910614013672,104.54285430908203,105.37255096435547,106.43809509277344,107.48489379882812,108.41551208496094,109.66581726074219,111.4951171875,113.41777038574219,114.58229064941406,114.90863037109375,114.72377014160156,113.95269012451172,113.6264877319336,114.99903106689453,116.90242004394531,118.13507843017578,119.27460479736328,120.57190704345703,121.10118103027344,121.40253448486328,123.38687133789062,125.63304138183594,125.69752502441406,124.02922821044922,122.16233825683594,121.48355865478516,122.20209503173828,122.12213134765625,121.23780822753906,122.88526153564453,125.77680969238281,126.30538940429688,125.34037017822266,124.75521087646484,124.50104522705078,124.04008483886719,123.16939544677734,122.21090698242188
97.82166290283203,98.64762115478516,99.25350189208984,99.7181167602539,100.40061950683594,101.40287780761719,102.75112915039062,104.50201416015625,106.25314331054688,107.26127624511719,107.62117004394531,108.27012634277344,109.60111236572266,111.21888732910156,112.5775375366211,113.30768585205078,113.4381103515625,113.08733367919922,112.81842803955078,113.801513671875,115.65486145019531,117.22201538085938,118.45016479492188,119.4026107788086,119.67298126220703,120.17503356933594,122.57125854492188,125.13729858398438,125.59626770019531,124.5252914428711,122.91679382324219,121.89179229736328,122.4228286743164,122.63288116455078,121.96673583984375,123.5532455444336,126.87387084960938,128.36788940429688,127.68730926513672,126.15743255615234,124.75516510009766,124.33602905273438,124.2479476928711,123.67224884033203
