data/wind_data/wind_7_5.json
{"header": {"parameterUnit": "KT", "parameterCategory": 2, "nx": 256, "ny": 198, "lo1": 44.73521041870117, "la1": -3.236724853515625, "lo2": 111.26478576660156, "la2": 43.468475341796875, "dx": 0.2609002888202667, "dy": -0.23708222806453705, "refTime": "2025-02-19 07:00:00", "forecastTime": 0, "parameterNumber": 2, "parameterNumberName": "eastward_wind"}, "data":
[rows 160 to 179 of 198, columns 88 to 131 of 256]
11.469765663146973,11.578436851501465,11.844911575317383,11.425195693969727,11.032734870910645,14.755109786987305,20.34907341003418,24.42304229736328,28.326770782470703,32.238624572753906,34.21461486816406,33.76314163208008,33.50635528564453,33.52693176269531,33.45243453979492,32.007328033447266,30.01311492919922,31.496475219726562,34.6746940612793,34.413902282714844,32.10771179199219,30.123615264892578,29.615467071533203,28.069643020629883,27.257841110229492,26.214435577392578,27.185312271118164,28.37302589416504,28.204078674316406,27.916139602661133,28.030149459838867,27.302448272705078,26.26441192626953,26.075992584228516,24.84358024597168,22.318023681640625,19.4928035736084,17.569812774658203,11.700032234191895,8.668036460876465,11.703473091125488,13.5887451171875,13.273427963256836,8.24397087097168
9.428709983825684,8.320311546325684,8.453241348266602,9.142439842224121,9.267548561096191,11.553457260131836,17.989450454711914,23.996341705322266,27.05474281311035,29.4632511138916,31.32291603088379,31.874618530273438,32.80344009399414,33.680267333984375,34.421791076660156,35.605018615722656,35.611358642578125,32.95411682128906,30.32785987854004,31.716035842895508,30.95244026184082,27.500455856323242,25.657411575317383,25.316781997680664,25.65099334716797,25.25992202758789,26.006345748901367,27.386802673339844,27.940319061279297,28.00575065612793,27.56468963623047,26.67098045349121,26.147348403930664,23.728281021118164,18.43379783630371,16.475040435791016,17.17909812927246,15.63283920288086,11.623429298400879,10.186595916748047,11.301982879638672,12.922101020812988,9.864917755126953,8.515634536743164
6.562713623046875,6.375434398651123,6.762267589569092,7.210836410522461,8.073220252990723,9.641693115234375,13.573925018310547,18.397098541259766,22.877582550048828,26.25586700439453,29.07380485534668,30.948780059814453,31.040739059448242,31.317047119140625,32.6042594909668,35.07819747924805,37.57908248901367,36.68450927734375,31.388721466064453,30.221702575683594,30.064956665039062,27.647611618041992,25.744831085205078,25.964632034301758,27.553361892700195,28.889385223388672,28.644792556762695,26.48823356628418,26.18721580505371,27.110172271728516,27.477712631225586,27.039180755615234,23.651660919189453,17.293384552001953,15.05274772644043,16.999631881713867,14.87794303894043,11.918683052062988,12.563294410705566,10.089715957641602,10.625179290771484,13.657819747924805,9.596489906311035,6.049456596374512
5.834434986114502,6.3298258781433105,6.898458003997803,7.144702911376953,7.76512336730957,8.639558792114258,10.438713073730469,12.914755821228027,16.502552032470703,20.597183227539062,25.318592071533203,28.327016830444336,28.231691360473633,27.761783599853516,28.72968864440918,30.204383850097656,32.24237060546875,33.452423095703125,32.07645034790039,30.19806671142578,28.820240020751953,28.202775955200195,29.040910720825195,30.357343673706055,30.932559967041016,31.69626235961914,29.202392578125,26.26841163635254,26.77762222290039,27.325727462768555,28.101184844970703,24.776790618896484,16.088747024536133,14.267333030700684,16.234437942504883,11.628619194030762,9.231685638427734,11.203213691711426,15.7800874710083,15.171813011169434,14.36300277709961,14.313623428344727,11.399931907653809,13.8121919631958
8.43679141998291,8.400172233581543,8.645358085632324,8.62833309173584,8.598892211914062,8.741850852966309,9.500139236450195,10.793976783752441,13.097375869750977,16.066789627075195,19.840906143188477,23.449495315551758,25.358034133911133,27.3413028717041,30.009286880493164,32.17440414428711,32.94480895996094,32.76774215698242,32.70118713378906,31.016281127929688,27.531036376953125,26.117080688476562,27.51076316833496,29.6346492767334,30.155330657958984,29.229440689086914,26.00865364074707,25.116464614868164,25.577014923095703,27.23497772216797,26.7232608795166,19.21908950805664,13.493824005126953,15.966567993164062,10.985368728637695,8.786551475524902,8.961429595947266,12.648303031921387,16.258333206176758,14.553186416625977,12.61944580078125,12.264273643493652,10.241043090820312,11.45221996307373
11.384008407592773,11.075098037719727,10.73080062866211,10.455763816833496,10.101248741149902,9.67600154876709,9.737412452697754,10.473282814025879,12.641448974609375,15.598196029663086,17.519556045532227,19.81662940979004,23.628042221069336,27.744600296020508,30.936695098876953,33.05622863769531,33.176971435546875,31.51947784423828,29.718381881713867,27.182537078857422,25.123804092407227,25.122468948364258,26.459108352661133,27.665620803833008,27.80634880065918,27.237295150756836,26.159982681274414,25.83856773376465,25.248783111572266,25.13301658630371,20.352420806884766,15.257047653198242,15.509167671203613,17.010236740112305,1.9109340906143188,10.887146949768066,15.043133735656738,15.521907806396484,12.352161407470703,10.30197811126709,9.836051940917969,12.323256492614746,11.564872741699219,11.354127883911133
13.31857681274414,13.070014953613281,12.771536827087402,12.25207805633545,11.71017074584961,11.175322532653809,10.955775260925293,11.037816047668457,12.527176856994629,15.86648178100586,18.17393684387207,20.47203826904297,23.670082092285156,26.530406951904297,27.568634033203125,26.838926315307617,26.791749954223633,26.530263900756836,25.615737915039062,24.913122177124023,24.7965030670166,25.58045196533203,26.87130355834961,27.682342529296875,27.39105224609375,26.133970260620117,25.179988861083984,24.096662521362305,22.17692756652832,20.86259651184082,18.478492736816406,14.924309730529785,14.736834526062012,10.086419105529785,8.477226257324219,11.700828552246094,15.417181015014648,15.241036415100098,12.191661834716797,11.169675827026367,11.310098648071289,12.503933906555176,12.926525115966797,14.100815773010254
14.846687316894531,14.64240837097168,14.493709564208984,14.200130462646484,13.634300231933594,13.304086685180664,13.07897663116455,12.507654190063477,12.685807228088379,15.246431350708008,18.43020248413086,21.088769912719727,22.76646614074707,23.79787254333496,23.94634246826172,23.101924896240234,23.793678283691406,24.29248809814453,23.860393524169922,23.92338752746582,23.075035095214844,22.569900512695312,22.992027282714844,22.988418579101562,21.542133331298828,20.248226165771484,18.306577682495117,18.674488067626953,19.50649642944336,18.163923263549805,17.596940994262695,18.525203704833984,11.3043794631958,11.900712013244629,12.643253326416016,13.107216835021973,14.923450469970703,12.856356620788574,11.68841552734375,12.664494514465332,13.417977333068848,14.16960334777832,14.670032501220703,15.237710952758789
15.504158973693848,15.914000511169434,16.075138092041016,15.911638259887695,15.500900268554688,15.421602249145508,15.176098823547363,14.316117286682129,13.903934478759766,15.318422317504883,17.98338508605957,20.409238815307617,21.558725357055664,21.731233596801758,21.97816276550293,22.49695587158203,23.86046600341797,24.789575576782227,24.41488265991211,23.305904388427734,21.15033721923828,19.60628890991211,20.048959732055664,19.408843994140625,17.022382736206055,15.584600448608398,14.291708946228027,17.963478088378906,18.277734756469727,17.291749954223633,19.879934310913086,20.211746215820312,8.496478080749512,12.557229042053223,15.208724975585938,15.361010551452637,12.222086906433105,9.048048973083496,9.752053260803223,12.242377281188965,13.710955619812012,14.180164337158203,14.409649848937988,14.76341724395752
16.021320343017578,16.539459228515625,17.064022064208984,17.466350555419922,17.414594650268555,17.229324340820312,17.10924530029297,16.341981887817383,15.589688301086426,16.083690643310547,17.746057510375977,20.274599075317383,21.898347854614258,21.93425941467285,20.95152473449707,21.06386375427246,21.963014602661133,23.324676513671875,24.491275787353516,24.249149322509766,23.064542770385742,22.87922477722168,22.560222625732422,20.495256423950195,18.18462371826172,15.632023811340332,16.520565032958984,20.3792781829834,19.662078857421875,20.720169067382812,21.3806209564209,16.08679962158203,11.925808906555176,14.00970458984375,14.604825973510742,13.74669075012207,9.996582984924316,7.569986343383789,8.852505683898926,11.78702449798584,14.498112678527832,16.19822883605957,16.61775779724121,16.396730422973633
16.716995239257812,17.06165313720703,18.135263442993164,18.78670310974121,18.933059692382812,18.819698333740234,18.710853576660156,18.334543228149414,17.463388442993164,17.18804168701172,18.179597854614258,20.040712356567383,21.69805145263672,21.757171630859375,20.14081382751465,19.456615447998047,19.785459518432617,19.966686248779297,20.43006134033203,20.93893051147461,22.10716438293457,23.158618927001953,22.554494857788086,20.901294708251953,19.213584899902344,18.334800720214844,20.51686668395996,22.121273040771484,22.253028869628906,23.113067626953125,20.263978958129883,12.697859764099121,14.25756549835205,14.01065731048584,12.95608901977539,11.389192581176758,9.2437105178833,9.51492691040039,11.949141502380371,14.720439910888672,17.24077033996582,19.16485023498535,19.69715690612793,18.59442138671875
18.32023048400879,16.556705474853516,16.96068572998047,17.8658504486084,18.576276779174805,19.292234420776367,20.021888732910156,20.468053817749023,19.802974700927734,19.00943946838379,19.880754470825195,20.337295532226562,20.571889877319336,20.97968292236328,20.215023040771484,18.5092716217041,18.070796966552734,18.06404685974121,17.78992462158203,18.0286922454834,18.688831329345703,19.57887077331543,21.735109329223633,22.492462158203125,21.815914154052734,21.741641998291016,23.143409729003906,23.451820373535156,23.533245086669922,23.221540451049805,17.238309860229492,10.24642276763916,13.948644638061523,13.081216812133789,11.585009574890137,10.401277542114258,10.853541374206543,12.934515953063965,15.5264310836792,17.778291702270508,19.350908279418945,20.367136001586914,20.630115509033203,19.576717376708984
22.464214324951172,17.536251068115234,16.41072654724121,17.19745635986328,18.13758659362793,19.195358276367188,20.44803810119629,21.594989776611328,21.764331817626953,21.40995979309082,22.40350341796875,22.455686569213867,22.2021427154541,22.575586318969727,22.31869125366211,20.051864624023438,18.54222869873047,19.601591110229492,21.232330322265625,21.15383529663086,20.558258056640625,22.452184677124023,24.897798538208008,25.04463768005371,24.091493606567383,24.32737159729004,24.97516632080078,23.77999496459961,23.360843658447266,21.632688522338867,12.317560195922852,11.99841022491455,13.560954093933105,14.479515075683594,15.507320404052734,15.960280418395996,16.978811264038086,18.210607528686523,19.598922729492188,21.611194610595703,22.299787521362305,21.37864875793457,20.805648803710938,19.655763626098633
26.147794723510742,24.874048233032227,24.64741325378418,24.97631072998047,24.72934341430664,24.46285057067871,24.369112014770508,24.134157180786133,23.63393783569336,22.979738235473633,23.27153968811035,23.882598876953125,24.861228942871094,25.468215942382812,25.20196533203125,23.910158157348633,22.778236389160156,23.965513229370117,25.572742462158203,25.424938201904297,25.232223510742188,25.9141845703125,25.594575881958008,24.932065963745117,25.879060745239258,26.225849151611328,24.091289520263672,22.90196990966797,22.891395568847656,16.866405487060547,16.941198348999023,16.528139114379883,16.133220672607422,18.29354476928711,20.91256332397461,22.9110050201416,24.06209373474121,23.99283218383789,24.439748764038086,24.835994720458984,23.42910385131836,23.481952667236328,20.994966506958008,16.844253540039062
27.196672439575195,29.94858169555664,31.690292358398438,31.310035705566406,30.20237159729004,30.454381942749023,30.19218635559082,29.295116424560547,27.859729766845703,25.2213191986084,23.8271427154541,23.869138717651367,24.092601776123047,24.579559326171875,25.01934814453125,25.805837631225586,26.675018310546875,27.074079513549805,26.813053131103516,27.277795791625977,27.67597007751465,26.802160263061523,26.486379623413086,27.462675094604492,26.996124267578125,24.694364547729492,23.150522232055664,24.39961051940918,19.48297882080078,20.531269073486328,21.614282608032227,19.729293823242188,19.295289993286133,20.685497283935547,22.720903396606445,24.48881721496582,24.723875045776367,24.467702865600586,24.757173538208008,24.021570205688477,24.156414031982422,23.015893936157227,16.29232406616211,12.710102081298828
21.908226013183594,24.797536849975586,25.822101593017578,25.000717163085938,24.529701232910156,28.300426483154297,31.630374908447266,32.427772521972656,31.68144416809082,29.06720542907715,26.780019760131836,25.633909225463867,24.24846649169922,23.01060676574707,23.012338638305664,24.61604118347168,26.664226531982422,26.8200626373291,26.781387329101562,28.19550323486328,28.377527236938477,26.61534881591797,26.490863800048828,26.54823112487793,23.9620361328125,21.819412231445312,23.751312255859375,19.37493324279785,22.52486801147461,22.456295013427734,18.824134826660156,18.18760871887207,18.354042053222656,18.43568229675293,19.02359390258789,19.847396850585938,20.55143928527832,21.685806274414062,22.222091674804688,22.385082244873047,24.326292037963867,19.5656795501709,12.306368827819824,11.028210639953613
16.99901008605957,19.269378662109375,20.954299926757812,21.804256439208984,22.788646697998047,26.087623596191406,29.764713287353516,31.8029842376709,32.61715316772461,32.63185119628906,31.939346313476562,30.869474411010742,29.57895851135254,27.88127899169922,25.98053550720215,25.33633804321289,25.683626174926758,25.386058807373047,26.470291137695312,28.48208236694336,28.176237106323242,27.836320877075195,27.88067626953125,26.324567794799805,22.383682250976562,21.92507553100586,21.519819259643555,22.73113441467285,22.755964279174805,19.969253540039062,17.437198638916016,15.910440444946289,15.355536460876465,15.666762351989746,16.944538116455078,18.036001205444336,18.707658767700195,19.256017684936523,19.21358299255371,21.599231719970703,21.219995498657227,14.422511100769043,9.811125755310059,9.48969841003418
15.509397506713867,17.43973159790039,18.9716854095459,20.553489685058594,21.785091400146484,24.227807998657227,26.69051742553711,28.13520622253418,28.837038040161133,29.862255096435547,31.16558837890625,31.53326988220215,29.8547420501709,28.63352394104004,27.845943450927734,26.497282028198242,24.868436813354492,24.285411834716797,25.126562118530273,26.423480987548828,25.771474838256836,25.233755111694336,26.55315399169922,25.948530197143555,21.906414031982422,22.59450912475586,23.239696502685547,20.443355560302734,19.93077278137207,19.626598358154297,18.74620246887207,16.537466049194336,15.628231048583984,16.84786605834961,18.25239372253418,17.960546493530273,17.134265899658203,17.06943702697754,16.943523406982422,17.456178665161133,14.968287467956543,10.387125015258789,6.498965740203857,5.602989673614502
14.480316162109375,15.902326583862305,16.66575813293457,17.84126853942871,19.096410751342773,21.622461318969727,24.383726119995117,25.966554641723633,26.658252716064453,26.436243057250977,25.066383361816406,23.330398559570312,24.060928344726562,26.345678329467773,27.441434860229492,26.35272216796875,25.234420776367188,25.8432559967041,26.259281158447266,25.71933937072754,25.2779598236084,24.796117782592773,25.250808715820312,24.028995513916016,21.683513641357422,22.69422149658203,21.41260528564453,18.339033126831055,19.300674438476562,20.4748477935791,20.205408096313477,18.85896110534668,18.389673233032227,18.879398345947266,18.873428344726562,18.115589141845703,17.457324981689453,15.99511432647705,13.788607597351074,12.7208890914917,10.230815887451172,5.492562770843506,3.041048049926758,3.4621644020080566
13.411070823669434,14.407827377319336,15.03524112701416,16.053112030029297,17.20700454711914,19.257396697998047,22.00531578063965,24.03218650817871,25.222856521606445,25.353158950805664,24.46136474609375,22.035499572753906,20.946304321289062,22.177946090698242,23.675033569335938,24.0985050201416,23.845199584960938,24.514053344726562,25.017736434936523,25.026596069335938,25.735885620117188,25.13258934020996,23.488996505737305,21.437047958374023,20.8753662109375,20.849960327148438,18.98073959350586,15.578920364379883,15.610762596130371,17.661117553710938,18.26714324951172,18.187030792236328,17.665433883666992,17.14351463317871,17.404897689819336,18.01534080505371,17.60591697692871,14.801436424255371,11.356778144836426,7.861624240875244,4.823911666870117,3.568912982940674,4.232880592346191,4.754932403564453
