data/wind_data/wind_62_7.json
{"header": {"parameterUnit": "KT", "parameterCategory": 2, "nx": 256, "ny": 198, "lo1": 44.73521041870117, "la1": -3.236724853515625, "lo2": 111.26478576660156, "la2": 43.468475341796875, "dx": 0.2609002888202667, "dy": -0.23708222806453705, "refTime": "2025-02-21 14:00:00", "forecastTime": 0, "parameterNumber": 2, "parameterNumberName": "eastward_wind"}, "data":
[rows 100 to 119 of 198, columns 0 to 43 of 256]
93.31483459472656,93.56066131591797,94.03434753417969,94.31404876708984,95.29224395751953,96.62867736816406,97.64656829833984,98.22222137451172,98.39027404785156,98.26356506347656,98.1525650024414,98.3139877319336,98.71775817871094,99.1355972290039,99.43856811523438,99.60343170166016,99.53617858886719,99.3330078125,99.37677001953125,99.79483032226562,100.35790252685547,100.822021484375,101.03193664550781,100.92615509033203,100.57049560546875,100.23951721191406,100.1941146850586,100.44059753417969,100.7394790649414,100.86289978027344,100.84346771240234,100.76958465576172,100.54988098144531,100.06123352050781,99.55730438232422,99.3323745727539,99.31857299804688,99.41171264648438,99.50457000732422,99.31037902832031,99.03375244140625,99.14460754394531,99.20228576660156,98.69349670410156
96.09030151367188,96.53643798828125,97.13298034667969,97.42459869384766,98.17540740966797,99.27069854736328,100.12824249267578,100.62097930908203,100.71414947509766,100.38072204589844,99.9156494140625,99.60948181152344,99.56839752197266,99.82868194580078,100.31698608398438,100.79806518554688,100.99077606201172,100.93133544921875,100.97020721435547,101.39939880371094,102.13388061523438,102.90689086914062,103.46887969970703,103.6433334350586,103.44125366210938,103.06902313232422,102.79563903808594,102.72003173828125,102.65790557861328,102.42866516113281,102.18726348876953,102.1654281616211,102.16675567626953,101.90740966796875,101.49552154541016,101.18904876708984,101.0597915649414,100.96285247802734,100.68414306640625,100.27896881103516,100.17402648925781,100.42855834960938,100.23876190185547,99.42896270751953
99.07048034667969,98.99005126953125,99.57137298583984,100.27747344970703,101.03799438476562,101.65210723876953,102.08534240722656,102.53651428222656,102.7514877319336,102.37715911865234,101.65097045898438,100.9525375366211,100.58975219726562,100.84786224365234,101.60099792480469,102.4096908569336,103.02974700927734,103.37998962402344,103.52223205566406,103.70037078857422,104.11752319335938,104.74664306640625,105.38520050048828,105.82124328613281,105.97026062011719,105.79608154296875,105.3298110961914,104.78453826904297,104.30850219726562,103.90287017822266,103.63495635986328,103.57310485839844,103.6572036743164,103.6979751586914,103.55609893798828,103.26415252685547,102.87068939208984,102.35169219970703,101.70515441894531,101.138916015625,100.99090576171875,101.13480377197266,100.76400756835938,99.84806823730469
102.04761505126953,101.37003326416016,101.8841552734375,102.89120483398438,103.8928451538086,104.05094146728516,103.86934661865234,104.300048828125,104.79375457763672,104.49797058105469,103.69573974609375,102.87682342529297,102.34138488769531,102.52877807617188,103.43036651611328,104.48345184326172,105.39258575439453,106.0546646118164,106.344482421875,106.34736633300781,106.30914306640625,106.44259643554688,106.8611831665039,107.52943420410156,108.2424545288086,108.5472640991211,108.07196807861328,107.0948486328125,106.16893005371094,105.55438995361328,105.18834686279297,105.0206298828125,105.11328887939453,105.26249694824219,105.16598510742188,104.77350616455078,104.14884185791016,103.31793975830078,102.33747863769531,101.46562957763672,101.0008544921875,100.80884552001953,100.33318328857422,99.58084106445312
105.01787567138672,104.01416778564453,104.31582641601562,105.18155670166016,106.42830657958984,106.40756225585938,105.75021362304688,106.20053100585938,107.07598876953125,106.97222137451172,106.2113037109375,105.50936126708984,104.95155334472656,104.93780517578125,105.78470611572266,107.01558685302734,108.11077117919922,108.8991470336914,109.29832458496094,109.30381774902344,109.01586151123047,108.70642852783203,108.72664642333984,109.27305603027344,110.2441635131836,110.96367645263672,110.67205047607422,109.51255798339844,108.2397689819336,107.26300811767578,106.56239318847656,106.19662475585938,106.19525146484375,106.21601867675781,105.96379852294922,105.4623794555664,104.75189971923828,103.73434448242188,102.44821166992188,101.25331115722656,100.4420394897461,99.87943267822266,99.34461975097656,98.8172607421875
107.86113739013672,106.73978424072266,106.96009826660156,107.71919250488281,108.98532104492188,108.87793731689453,108.16584014892578,108.79840087890625,109.93743896484375,109.96531677246094,109.32303619384766,108.85670471191406,108.38810729980469,108.1067886352539,108.6834945678711,109.92340087890625,111.06085968017578,111.77918243408203,112.14022827148438,112.15550231933594,111.80244445800781,111.35028076171875,111.14017486572266,111.27339172363281,111.82142639160156,112.46382904052734,112.41069030761719,111.4936752319336,110.21443939208984,108.99393463134766,107.9775619506836,107.23825073242188,106.84036254882812,106.65153503417969,106.35399627685547,105.74810791015625,104.8310317993164,103.66036224365234,102.35460662841797,101.09648895263672,100.05958557128906,99.25595092773438,98.62305450439453,98.01101684570312
110.49531555175781,109.36650848388672,109.77655029296875,110.79685974121094,111.76799774169922,111.5640869140625,111.22976684570312,112.07615661621094,113.18907165527344,113.32649230957031,112.8866195678711,112.48554229736328,111.89619445800781,111.30075073242188,111.5850601196289,112.73189544677734,113.74443817138672,114.20575714111328,114.41215515136719,114.46617126464844,114.21637725830078,113.92396545410156,113.84355926513672,113.71075439453125,113.54322814941406,113.53176879882812,113.37576293945312,112.829833984375,111.96651458740234,110.86686706542969,109.64228820800781,108.48687744140625,107.61461639404297,107.03242492675781,106.4824447631836,105.74038696289062,104.7538833618164,103.60901641845703,102.42019653320312,101.23320770263672,100.18291473388672,99.36495208740234,98.60391998291016,97.8150634765625
113.22482299804688,112.3471908569336,112.92063903808594,114.01966094970703,114.66606140136719,114.5541000366211,114.64154052734375,115.46510314941406,116.31851959228516,116.54327392578125,116.29261016845703,115.74203491210938,114.860595703125,114.05526733398438,114.27336120605469,115.4238510131836,116.2283706665039,116.24203491210938,116.17826080322266,116.34583282470703,116.37316131591797,116.41517639160156,116.67434692382812,116.53995513916016,115.83448791503906,115.03520965576172,114.41976928710938,113.9975814819336,113.5023193359375,112.60337829589844,111.28727722167969,109.83061981201172,108.53018188476562,107.47775268554688,106.58746337890625,105.75860595703125,104.89090728759766,103.88279724121094,102.72048950195312,101.60242462158203,100.71381378173828,99.9918441772461,99.37850189208984,98.03256225585938
116.16856384277344,115.70822143554688,116.30921936035156,117.11305236816406,117.6201400756836,117.68819427490234,117.91796112060547,118.7032241821289,119.4561996459961,119.5285415649414,119.09862518310547,118.44790649414062,117.54045104980469,116.62321472167969,116.69349670410156,117.82115936279297,118.55542755126953,118.29756164550781,117.9834976196289,118.13410949707031,118.36741638183594,118.78652954101562,119.46636199951172,119.41957092285156,118.29135131835938,116.85600280761719,115.85891723632812,115.36595153808594,114.917724609375,114.06327056884766,112.6575698852539,110.91226959228516,109.3062973022461,108.04589080810547,107.01447296142578,106.08668518066406,105.25288391113281,104.43624114990234,103.42487335205078,102.34990692138672,101.48017883300781,100.83609771728516,100.02890014648438,98.02654266357422
119.1795883178711,118.8275146484375,119.49810028076172,120.15030670166016,120.57424926757812,120.687255859375,121.0054931640625,121.87141418457031,122.59165954589844,122.43585968017578,121.7516860961914,121.03801727294922,120.0665054321289,118.9327621459961,118.7846908569336,119.82169342041016,120.5933609008789,120.47090148925781,120.27378845214844,120.33795166015625,120.41388702392578,120.94139862060547,121.92158508300781,121.92161560058594,120.28724670410156,118.21903991699219,117.07769775390625,116.74324035644531,116.27212524414062,115.22640991210938,113.60623931884766,111.70677947998047,110.01658630371094,108.74333190917969,107.68521881103516,106.70362854003906,105.89710998535156,105.10397338867188,104.15666961669922,103.26172637939453,102.49423217773438,101.6173095703125,100.06511688232422,97.7091064453125
122.36034393310547,122.13662719726562,122.80691528320312,123.30828857421875,123.64432525634766,123.67630004882812,123.99093627929688,124.782958984375,125.33808135986328,125.10169219970703,124.44100189208984,123.71228790283203,122.59777069091797,121.32034301757812,120.98052215576172,121.73966217041016,122.48658752441406,122.70159149169922,122.79505157470703,122.71489715576172,122.37440490722656,122.64138793945312,123.55499267578125,123.45216369628906,121.38334655761719,118.81350708007812,117.71337890625,117.81147766113281,117.47515106201172,116.14269256591797,114.1899642944336,112.21390533447266,110.64791107177734,109.51366424560547,108.4892578125,107.41268157958984,106.40338134765625,105.53126525878906,104.60067749023438,103.67009735107422,103.10125732421875,101.93570709228516,99.71880340576172,97.96794128417969
125.24947357177734,125.13980102539062,125.65042877197266,125.96372985839844,126.25856018066406,126.31330871582031,126.54461669921875,126.97508239746094,127.318603515625,127.45348358154297,127.23927307128906,126.42317199707031,125.12234497070312,124.00206756591797,123.58784484863281,123.775146484375,124.15477752685547,124.49834442138672,124.69547271728516,124.3641357421875,123.66973114013672,123.61910247802734,124.27398681640625,124.08065032958984,121.87250518798828,119.07086181640625,118.0445556640625,118.4290771484375,118.06096649169922,116.43357849121094,114.30531311035156,112.4106674194336,111.03987121582031,110.05667877197266,109.0990982055664,107.92190551757812,106.6957778930664,105.56732940673828,104.42784118652344,103.5904769897461,102.91033935546875,101.33540344238281,99.44225311279297,98.6494140625
127.22337341308594,127.00149536132812,127.40384674072266,127.87871551513672,128.35052490234375,128.5445556640625,128.60459899902344,128.75616455078125,129.14199829101562,129.65492248535156,129.6664276123047,128.80238342285156,127.61064147949219,126.63871765136719,125.90470886230469,125.510009765625,125.50962829589844,125.69224548339844,125.73048400878906,125.25011444091797,124.50250244140625,124.29042053222656,124.72765350341797,124.48052215576172,122.29814910888672,119.44285583496094,118.23261260986328,118.25231170654297,117.52747344970703,115.80870056152344,113.89087677001953,112.27604675292969,111.023681640625,109.99018096923828,108.9895248413086,107.90567016601562,106.76529693603516,105.56864929199219,104.32494354248047,103.25804138183594,102.13976287841797,100.68661499023438,99.49131774902344,98.91388702392578
129.08843994140625,128.63760375976562,129.0547637939453,129.7859344482422,130.4228515625,130.65658569335938,130.5295867919922,130.53924560546875,130.99496459960938,131.50624084472656,131.3693389892578,130.59408569335938,129.67269897460938,128.7098388671875,127.7692642211914,127.1957015991211,126.98588562011719,126.86820220947266,126.63465881347656,126.08228302001953,125.4047622680664,125.09925842285156,125.10308074951172,124.34918212890625,122.10130310058594,119.42655181884766,117.83929443359375,117.0122299194336,116.01311492919922,114.69892883300781,113.20098114013672,111.67410278320312,110.30793762207031,109.18592071533203,108.28030395507812,107.52751922607422,106.81498718261719,105.89622497558594,104.6048812866211,103.15641021728516,101.78524017333984,100.44876861572266,99.48848724365234,99.03153228759766
131.8334197998047,131.1754913330078,131.4279327392578,131.9943084716797,132.5047607421875,132.53680419921875,132.2616729736328,132.2535400390625,132.67852783203125,133.01409912109375,132.75418090820312,132.07228088378906,131.2895050048828,130.4735870361328,129.74371337890625,129.19508361816406,128.6722869873047,128.03663635253906,127.2939224243164,126.46883392333984,125.81370544433594,125.35163879394531,124.59720611572266,123.09847259521484,120.80084991455078,118.30104064941406,116.51850128173828,115.4935531616211,114.56509399414062,113.38458251953125,111.95045471191406,110.4342041015625,109.1055908203125,108.1451187133789,107.55610656738281,107.2580795288086,107.00981140136719,106.35751342773438,105.02013397216797,103.33700561523438,101.88774871826172,100.77545166015625,100.0912094116211,99.75894165039062
134.7666473388672,133.90745544433594,133.85243225097656,134.1026153564453,134.3205108642578,134.0390167236328,133.708251953125,133.83824157714844,134.27145385742188,134.46932983398438,134.1262664794922,133.45347595214844,132.7311553955078,132.03890991210938,131.38316345214844,130.6312255859375,129.60023498535156,128.2865447998047,126.89430236816406,125.75053405761719,125.09085083007812,124.43368530273438,123.10370635986328,121.1611328125,118.8531723022461,116.5438003540039,114.92886352539062,114.06475830078125,113.23088836669922,112.01693725585938,110.54943084716797,109.0593032836914,107.79396057128906,107.0282974243164,106.81121826171875,106.90257263183594,106.95387268066406,106.4845199584961,105.22486877441406,103.61544799804688,102.37102508544922,101.6114730834961,101.24942016601562,101.00047302246094
137.0003204345703,136.04263305664062,135.87716674804688,136.0225372314453,135.97384643554688,135.48072814941406,135.21084594726562,135.44679260253906,135.73974609375,135.6940155029297,135.25405883789062,134.5214080810547,133.63365173339844,132.68470764160156,131.7036895751953,130.52565002441406,128.99468994140625,127.25646209716797,125.61270141601562,124.34770202636719,123.50931549072266,122.56291961669922,121.08727264404297,119.25731658935547,117.16527557373047,114.91458892822266,113.20870971679688,112.4104232788086,111.8958511352539,110.8768310546875,109.31085205078125,107.63052368164062,106.34627532958984,105.80933380126953,105.8628921508789,106.08416748046875,106.17607116699219,105.85139465332031,104.94395446777344,103.83114624023438,103.0748291015625,102.71417236328125,102.50379180908203,102.19404602050781
138.8243408203125,137.6715545654297,137.50099182128906,137.6187286376953,137.38027954101562,136.82308959960938,136.53280639648438,136.5587615966797,136.49363708496094,136.17098999023438,135.60440063476562,134.71331787109375,133.5228729248047,132.22434997558594,130.84046936035156,129.13421630859375,127.16722869873047,125.45752716064453,124.12506866455078,122.79332733154297,121.37969970703125,120.05120086669922,118.781982421875,117.34053039550781,115.49795532226562,113.40704345703125,111.74359893798828,110.8878402709961,110.39044952392578,109.50692749023438,107.96530151367188,106.24778747558594,105.0775375366211,104.65327453613281,104.57270812988281,104.53750610351562,104.56006622314453,104.44825744628906,103.9997329711914,103.4418716430664,103.25240325927734,103.34293365478516,103.37599182128906,103.07720184326172
140.6280517578125,139.05572509765625,138.6444549560547,138.59925842285156,138.20977783203125,137.64260864257812,137.16416931152344,136.69854736328125,136.22193908691406,135.74452209472656,135.09657287597656,134.07855224609375,132.7406005859375,131.28485107421875,129.54330444335938,127.22679901123047,124.96774291992188,123.62966918945312,122.60871124267578,120.87477111816406,118.8929672241211,117.51890563964844,116.44532012939453,115.08214569091797,113.4554672241211,111.88636016845703,110.60639953613281,109.71829223632812,109.01360321044922,108.04428100585938,106.64020538330078,105.18829345703125,104.16413879394531,103.51000213623047,102.98948669433594,102.66190338134766,102.68431091308594,102.75726318359375,102.61009216308594,102.36775207519531,102.38380432128906,102.79154968261719,103.28193664550781,103.38136291503906
142.27630615234375,140.25880432128906,139.4009552001953,139.02142333984375,138.47491455078125,137.77484130859375,136.98619079589844,136.1866455078125,135.42926025390625,134.6975860595703,133.9595184326172,132.98764038085938,131.73825073242188,130.2802734375,128.16769409179688,125.34573364257812,123.13948059082031,122.11870574951172,120.87943267822266,118.81452178955078,116.9170913696289,115.6297836303711,114.369384765625,112.89817810058594,111.529296875,110.43866729736328,109.53621673583984,108.720947265625,107.90026092529297,106.92601776123047,105.75520324707031,104.54617309570312,103.42878723144531,102.4352035522461,101.64396667480469,101.3304214477539,101.41841888427734,101.5532455444336,101.46465301513672,101.29108428955078,101.28187561035156,101.5732650756836,102.02217102050781,102.41151428222656
