data/wind_data/wind_39_6.json
{"header": {"parameterUnit": "KT", "parameterCategory": 2, "nx": 256, "ny": 198, "lo1": 44.73521041870117, "la1": -3.236724853515625, "lo2": 111.26478576660156, "la2": 43.468475341796875, "dx": 0.2609002888202667, "dy": -0.23708222806453705, "refTime": "2025-02-20 15:00:00", "forecastTime": 0, "parameterNumber": 2, "parameterNumberName": "eastward_wind"}, "data":
[rows 140 to 159 of 198, columns 0 to 44 of 256]
67.99737548828125,67.3870620727539,66.32615661621094,64.7161636352539,64.34900665283203,63.88785934448242,64.34941101074219,65.32778930664062,67.0312271118164,67.71905517578125,64.0777816772461,59.931373596191406,58.46586990356445,59.12409210205078,59.27732467651367,58.706809997558594,58.769378662109375,60.047569274902344,60.58916091918945,59.256168365478516,59.00624465942383,59.32707595825195,60.433860778808594,62.97616195678711,64.71221160888672,64.8869400024414,64.63030242919922,64.79661560058594,65.0008773803711,66.06352996826172,67.72318267822266,69.08769989013672,70.85372924804688,72.85140991210938,74.72964477539062,76.32843017578125,77.09476470947266,77.3828353881836,78.58740997314453,80.0223388671875,81.0823974609375,82.46034240722656,83.730712890625,84.4911880493164,85.56017303466797
66.94126892089844,66.45404815673828,65.03379821777344,63.14961242675781,62.4058723449707,62.904014587402344,62.55160903930664,64.74834442138672,66.63163757324219,64.99701690673828,60.229469299316406,57.184329986572266,57.66368865966797,58.88262176513672,58.875221252441406,58.125003814697266,58.092552185058594,58.690975189208984,58.608760833740234,57.91200256347656,57.74092102050781,57.333106994628906,57.208866119384766,58.70681381225586,60.522884368896484,61.66680145263672,63.019927978515625,63.74555206298828,63.400875091552734,63.886077880859375,65.09394836425781,66.26042938232422,69.1996841430664,71.54661560058594,74.72887420654297,77.03450012207031,76.78369903564453,76.6138687133789,77.62325286865234,78.32059478759766,78.40776062011719,79.53657531738281,80.92903137207031,82.0667953491211,82.83657836914062
65.52198791503906,65.03598022460938,63.41689682006836,61.22289276123047,60.56953430175781,60.83606719970703,61.670310974121094,64.45620727539062,64.11920166015625,60.653385162353516,57.85551452636719,56.98335266113281,57.60768127441406,58.46343994140625,58.52335739135742,57.76968765258789,57.28363800048828,57.2703971862793,57.584571838378906,57.64204406738281,56.8104133605957,54.80819320678711,53.61415481567383,55.02057647705078,57.229713439941406,59.496463775634766,62.30928039550781,63.51165008544922,62.83787155151367,62.94330596923828,63.824161529541016,65.13471984863281,67.7620620727539,70.22550201416016,75.74370574951172,77.43281555175781,76.2363510131836,76.20935821533203,76.38557434082031,75.61886596679688,75.89362335205078,77.611083984375,79.08634185791016,79.82258605957031,80.52490234375
63.76982116699219,63.20151138305664,61.51884078979492,59.03203582763672,58.592655181884766,59.104713439941406,60.51902770996094,61.51646041870117,60.0256462097168,58.3441276550293,57.55430221557617,57.07188415527344,57.082672119140625,57.47307586669922,57.38692092895508,56.63279342651367,56.01030731201172,56.04925537109375,56.68685531616211,56.64632797241211,54.81241989135742,52.02684783935547,51.549766540527344,53.576927185058594,55.58776092529297,58.38874816894531,60.90571594238281,61.10954284667969,60.53194808959961,61.39849090576172,62.806549072265625,64.39818572998047,66.60183715820312,70.57164764404297,73.9143295288086,74.36221313476562,74.20072174072266,74.71224212646484,74.18383026123047,73.60215759277344,75.16818237304688,77.33767700195312,78.03851318359375,78.32597351074219,79.52318572998047
61.66596221923828,60.92827224731445,59.395240783691406,57.031314849853516,56.528778076171875,57.36714553833008,58.046688079833984,58.11894989013672,57.75848388671875,57.432064056396484,56.92710494995117,56.27423095703125,56.00860595703125,56.107364654541016,55.90663528442383,55.29637908935547,54.796363830566406,54.84642791748047,55.20909118652344,54.923221588134766,53.0322265625,51.0896110534668,51.65488052368164,52.99995422363281,54.405059814453125,57.261573791503906,59.029544830322266,58.18651580810547,57.552330017089844,59.189964294433594,61.226844787597656,63.33796310424805,65.56497955322266,68.15848541259766,69.93067169189453,71.90521240234375,73.05587768554688,73.36518859863281,72.6702880859375,72.6639633178711,74.99529266357422,76.94407653808594,76.98686981201172,77.5504150390625,79.04121398925781
58.919010162353516,57.88456344604492,56.77790451049805,55.10436248779297,54.537044525146484,55.20922088623047,55.80735397338867,56.363006591796875,56.594303131103516,56.35878372192383,55.69950485229492,55.063018798828125,54.96073532104492,55.13352966308594,54.80411148071289,54.09616470336914,53.69919967651367,53.87213134765625,53.94124221801758,53.20907211303711,51.628273010253906,51.31654357910156,51.76789855957031,52.54512023925781,53.83491897583008,56.35776901245117,56.45613479614258,55.01144027709961,55.448665618896484,57.738887786865234,59.937477111816406,61.625797271728516,62.62400436401367,64.114501953125,67.310302734375,70.27570343017578,71.68910217285156,72.14742279052734,71.93040466308594,72.12879180908203,74.05364227294922,75.35447692871094,75.4350814819336,76.4560775756836,78.0044937133789
56.78779602050781,55.52122497558594,54.70075225830078,53.720115661621094,53.1485481262207,53.50593566894531,54.50546646118164,55.551490783691406,55.75679016113281,55.17460250854492,54.41447448730469,53.9520263671875,53.98295593261719,54.07516860961914,53.54416275024414,53.0333251953125,53.09944152832031,53.26216506958008,52.80817794799805,52.28278350830078,52.36953353881836,52.32566452026367,52.01716232299805,52.43712615966797,54.11434555053711,55.202903747558594,54.66073226928711,53.89740753173828,54.45115280151367,56.10581588745117,58.0218620300293,58.902366638183594,59.168521881103516,60.93272399902344,64.64118957519531,67.36332702636719,68.66443634033203,70.32591247558594,71.01071166992188,70.69508361816406,71.50967407226562,72.4863052368164,73.10177612304688,74.30070495605469,75.63944244384766
56.07835006713867,54.58204650878906,53.707210540771484,52.810733795166016,52.230865478515625,52.5767707824707,53.79046630859375,54.75212860107422,54.6100959777832,54.0802001953125,53.6085205078125,53.22066116333008,53.0694465637207,52.925296783447266,52.42057418823242,52.174869537353516,52.24982452392578,52.18559646606445,51.595069885253906,50.99837112426758,51.29330825805664,51.0733528137207,51.06841278076172,51.791500091552734,52.41556167602539,54.2950439453125,54.95957946777344,52.97500228881836,51.336727142333984,52.63125228881836,55.33578872680664,56.60612487792969,57.014060974121094,58.82596969604492,62.112430572509766,63.89372253417969,64.84535217285156,67.28117370605469,68.85477447509766,68.69619750976562,68.63532257080078,68.83582305908203,69.81816864013672,71.68920135498047,73.09475708007812
56.10594177246094,54.493473052978516,53.41193771362305,52.210906982421875,51.63668441772461,52.049251556396484,53.167694091796875,53.63570022583008,53.49844741821289,53.27075958251953,52.734344482421875,52.18171691894531,51.90951156616211,51.53444290161133,50.79979705810547,50.393898010253906,50.32316589355469,50.53024673461914,50.3608283996582,50.393470764160156,50.34613800048828,49.65367889404297,50.30772399902344,50.50834274291992,50.86115264892578,52.553993225097656,53.405277252197266,50.84624099731445,49.418148040771484,50.738704681396484,53.12002944946289,54.53548049926758,55.24250030517578,57.009666442871094,59.55080032348633,60.850624084472656,61.78663635253906,64.07481384277344,65.9986801147461,66.78325653076172,66.96034240722656,66.54025268554688,67.13026428222656,68.97997283935547,70.3566665649414
56.456024169921875,54.640628814697266,53.50888442993164,52.20702362060547,51.38379669189453,51.569122314453125,52.44057083129883,52.82122802734375,52.84410858154297,52.68193817138672,52.067501068115234,51.066429138183594,50.37825012207031,49.659751892089844,48.57975769042969,47.89729690551758,48.19507598876953,48.947200775146484,49.41354751586914,49.35111999511719,48.526371002197266,48.51105880737305,50.53373718261719,51.25942611694336,50.76266098022461,50.538307189941406,49.82699203491211,48.74394226074219,48.720314025878906,49.84465026855469,51.608177185058594,52.996097564697266,53.76564025878906,55.016212463378906,56.66999053955078,57.9603385925293,59.31367111206055,61.139129638671875,62.52216339111328,63.63484573364258,64.49566650390625,64.23450469970703,64.53321838378906,66.02835845947266,67.2249984741211
57.184165954589844,55.17509078979492,54.04945755004883,52.845462799072266,51.48992156982422,51.3038444519043,51.923309326171875,52.63045120239258,52.62300491333008,52.003841400146484,51.31474304199219,50.304073333740234,48.94368362426758,47.470149993896484,46.15717315673828,45.69319152832031,46.12187957763672,47.04039764404297,48.069271087646484,47.50017547607422,46.71296310424805,47.85956573486328,49.14769744873047,50.26202392578125,48.99241256713867,47.2243537902832,46.909698486328125,47.54804229736328,48.38288497924805,49.48105239868164,50.80343246459961,51.65799331665039,52.29539489746094,52.964881896972656,54.006649017333984,55.30877685546875,56.46506118774414,57.639469146728516,59.2265510559082,61.21162414550781,62.420188903808594,62.27509689331055,62.38506317138672,63.299835205078125,63.987361907958984
57.89283752441406,55.827964782714844,54.565853118896484,53.255462646484375,51.55521011352539,51.080780029296875,51.32126235961914,51.941925048828125,51.93270492553711,50.83927536010742,49.559139251708984,48.81781005859375,47.55526351928711,45.306941986083984,43.75157165527344,43.60293197631836,43.95198440551758,44.98495864868164,45.81166076660156,44.9013557434082,44.994686126708984,45.99496078491211,44.96482849121094,45.55076217651367,45.87671661376953,45.637332916259766,45.95691680908203,46.38016891479492,46.9242057800293,47.71491622924805,48.93971252441406,49.700740814208984,49.9129524230957,50.440513610839844,51.149559020996094,52.29601287841797,53.41325378417969,55.3389892578125,57.7012825012207,59.519412994384766,60.181358337402344,60.068206787109375,60.19099044799805,60.60839080810547,60.90385437011719
58.6567268371582,56.696659088134766,55.21541976928711,53.42200469970703,51.525062561035156,50.78636169433594,50.36341094970703,50.563148498535156,50.59225845336914,49.67714309692383,47.995208740234375,46.48341369628906,45.281925201416016,43.33612823486328,41.697792053222656,41.59356689453125,41.806522369384766,42.8284912109375,42.8253288269043,41.79735565185547,43.017852783203125,42.3468017578125,39.055477142333984,39.199790954589844,42.20893478393555,44.56682205200195,44.78423309326172,44.515289306640625,44.68463134765625,44.99524688720703,45.6509895324707,46.54780960083008,46.69355392456055,47.398841857910156,47.78860092163086,48.88112258911133,49.97476577758789,52.133113861083984,55.30930709838867,57.3446044921875,57.529727935791016,57.03154754638672,56.790443420410156,56.748348236083984,56.68677520751953
59.12830352783203,57.30348205566406,55.601619720458984,53.335968017578125,51.16801452636719,50.0737419128418,49.060367584228516,48.80693817138672,48.74688720703125,48.471229553222656,46.8113899230957,44.53615188598633,43.302852630615234,41.71223449707031,39.825408935546875,39.436954498291016,39.421844482421875,40.143592834472656,39.26117706298828,38.12615966796875,40.17986297607422,37.54737854003906,33.6596794128418,35.733028411865234,40.532867431640625,43.499141693115234,43.94705581665039,43.73516082763672,43.438926696777344,43.05779266357422,43.22011947631836,44.173736572265625,44.94643020629883,45.60971450805664,45.697383880615234,46.27684783935547,47.495521545410156,49.92842483520508,52.515869140625,53.220680236816406,53.02437210083008,52.863555908203125,52.71672058105469,52.457698822021484,52.19066619873047
59.14774703979492,57.26070785522461,55.256107330322266,52.825828552246094,50.35539627075195,48.746036529541016,47.49554443359375,47.025386810302734,46.8486213684082,46.166229248046875,45.228126525878906,43.27768325805664,41.97167205810547,40.826141357421875,38.361717224121094,37.487098693847656,37.22649002075195,37.38076400756836,36.843421936035156,35.096797943115234,36.82351303100586,34.24106979370117,31.12755584716797,33.94806671142578,39.5467643737793,43.23860549926758,44.28705596923828,43.7688102722168,42.58830261230469,42.03904342651367,42.73006057739258,43.93195724487305,44.63872146606445,44.638450622558594,44.49528503417969,44.61982345581055,45.36809158325195,46.921241760253906,48.4058952331543,49.4044303894043,50.047176361083984,50.2557373046875,50.1590690612793,49.90652847290039,49.56349182128906
58.967655181884766,56.60752868652344,54.34814453125,51.913692474365234,49.22174835205078,47.26523971557617,45.84899139404297,45.18011474609375,44.82377243041992,43.27399826049805,43.0310173034668,42.178199768066406,40.77571105957031,39.92633056640625,38.57859802246094,36.83320617675781,35.4864387512207,35.91455078125,35.56649398803711,33.515907287597656,34.00684356689453,32.5169563293457,29.903642654418945,33.380733489990234,39.950923919677734,43.62132263183594,44.13900375366211,42.68017578125,41.28807830810547,41.66149139404297,42.822940826416016,43.60237503051758,43.810237884521484,43.61714172363281,43.56034851074219,43.628578186035156,43.865135192871094,44.609336853027344,45.596378326416016,46.877140045166016,47.9427375793457,48.06886291503906,47.62043762207031,47.35154724121094,47.17735290527344
58.976810455322266,56.60285949707031,54.03028106689453,51.2659912109375,48.363983154296875,46.24460220336914,44.39838409423828,43.423973083496094,42.80314254760742,41.390869140625,41.22022247314453,41.01960372924805,40.3709602355957,38.65373992919922,37.025997161865234,36.84463882446289,34.578495025634766,35.01072692871094,34.789756774902344,31.10664939880371,28.979917526245117,28.091663360595703,29.83879852294922,35.738922119140625,41.086936950683594,43.42691421508789,43.12273406982422,41.23148727416992,40.46696853637695,41.22393798828125,42.23594284057617,42.91416549682617,42.755271911621094,42.194061279296875,41.70362091064453,41.517147064208984,42.0316162109375,42.896480560302734,43.575992584228516,44.147403717041016,44.430171966552734,44.26711654663086,43.66405487060547,43.017417907714844,43.11045455932617
58.8526496887207,56.361358642578125,53.57897186279297,50.568050384521484,47.71113967895508,45.66279602050781,43.7144775390625,42.44728088378906,41.67672348022461,40.80097198486328,40.235774993896484,39.839908599853516,39.47057342529297,38.24368667602539,35.32613754272461,34.924476623535156,34.633262634277344,33.94393539428711,34.820796966552734,29.481952667236328,24.235580444335938,25.229955673217773,31.35312271118164,38.198307037353516,42.31430435180664,43.78892517089844,42.411746978759766,40.56850051879883,40.02832794189453,40.27867126464844,41.584041595458984,42.13941192626953,40.561927795410156,39.21484375,38.658992767333984,38.816566467285156,39.484832763671875,40.155216217041016,40.38334655761719,40.33966064453125,40.48665237426758,40.38621520996094,39.760009765625,38.97454833984375,39.05460739135742
57.284584045410156,54.51808547973633,51.63084411621094,48.67964553833008,46.21635055541992,44.604461669921875,43.377986907958984,42.46175003051758,41.5934944152832,40.74478530883789,40.0782356262207,39.09843826293945,38.381019592285156,37.91237258911133,35.77982711791992,33.079769134521484,33.51014709472656,33.52412414550781,34.23483657836914,31.297712326049805,25.408920288085938,26.395212173461914,32.9377555847168,39.51316833496094,43.59125518798828,44.24820327758789,41.7298698425293,40.05473327636719,39.709228515625,39.09504699707031,40.22342300415039,40.00367736816406,37.816673278808594,35.581356048583984,34.19820785522461,33.988136291503906,34.563358306884766,35.61206817626953,36.438106536865234,36.850975036621094,37.45829772949219,37.54669952392578,37.029327392578125,36.2310676574707,36.59103775024414
54.23828887939453,50.88673782348633,48.067962646484375,45.41520690917969,43.645389556884766,42.62258529663086,42.39781951904297,42.3913459777832,41.870052337646484,41.013206481933594,40.272727966308594,39.23540115356445,38.26087951660156,37.6159553527832,36.61439895629883,33.718082427978516,32.14623260498047,33.1838493347168,33.309024810791016,32.70084762573242,30.77720832824707,31.251508712768555,35.317596435546875,40.549652099609375,44.118141174316406,43.707088470458984,40.776283264160156,39.693115234375,39.387840270996094,37.88948440551758,36.98703384399414,35.851234436035156,34.29792022705078,33.21810531616211,32.263031005859375,31.461517333984375,31.425586700439453,32.33124923706055,33.371490478515625,34.154720306396484,35.01096725463867,35.58402633666992,35.28215408325195,35.038822174072266,35.17972183227539
