data/wind_data/wind_57_0.json
{"header": {"parameterUnit": "KT", "parameterCategory": 2, "nx": 255, "ny": 198, "lo1": 44.73521041870117, "la1": -3.236724853515625, "lo2": 111.26478576660156, "la2": 43.468475341796875, "dx": 0.26192745566368103, "dy": -0.23708222806453705, "refTime": "2025-02-21 09:00:00", "forecastTime": 0, "parameterNumber": 3, "parameterNumberName": "northward_wind"}, "data":
[rows 114 to 132 of 198, columns 86 to 128 of 255]
-8.507548332214355,-9.328609466552734,-8.656733512878418,-8.075296401977539,-5.923024654388428,-4.289754867553711,-3.4337549209594727,-2.5665290355682373,-1.8253390789031982,-1.1158674955368042,-0.9386225342750549,0.013211188837885857,0.07073286920785904,-0.18123170733451843,-0.3086913228034973,-0.4837820529937744,-1.1520217657089233,-1.6089290380477905,-1.5607303380966187,-1.8067739009857178,-1.8189232349395752,-1.868882417678833,-1.9103034734725952,-2.135672092437744,-2.2937536239624023,-2.1409881114959717,-2.3059751987457275,-2.8115458488464355,-3.101201295852661,-3.237785816192627,-3.265240430831909,-3.136643171310425,-3.066281318664551,-3.0711123943328857,-3.1754610538482666,-3.0469167232513428,-3.3829338550567627,-3.5453171730041504,-3.5061278343200684,-3.878828287124634,-3.517775297164917,-3.8817999362945557,-3.4241943359375
-8.691502571105957,-9.003755569458008,-8.24155044555664,-7.204495429992676,-5.90127420425415,-5.233679294586182,-3.8366315364837646,-3.038212299346924,-2.53001070022583,-2.5198445320129395,-1.1543031930923462,0.7190517783164978,0.17322935163974762,0.40922513604164124,0.043620310723781586,0.06268133968114853,-0.03504757210612297,0.07024092227220535,-0.031490277498960495,-0.2666609585285187,-0.6598182916641235,-0.9899649024009705,-1.2685213088989258,-1.61640202999115,-1.740014910697937,-2.133864641189575,-2.605215072631836,-3.135183811187744,-3.573507785797119,-4.12473726272583,-4.0556817054748535,-3.598295211791992,-3.055751085281372,-2.820077657699585,-2.6919047832489014,-2.6052780151367188,-2.2490694522857666,-2.9173920154571533,-3.3706488609313965,-3.3488922119140625,-3.658862590789795,-3.570369243621826,-3.3230607509613037
-8.003952026367188,-8.36143970489502,-7.332274913787842,-6.388423442840576,-5.892329216003418,-5.2712812423706055,-4.622799873352051,-4.707947731018066,-3.570077419281006,-2.949864625930786,-1.4079651832580566,-0.48264676332473755,-0.8579310774803162,-0.2604271471500397,0.6934420466423035,1.1002471446990967,1.6800202131271362,1.7164497375488281,1.5558803081512451,1.039469838142395,0.5665940046310425,-0.06358391791582108,-0.8420055508613586,-1.4019383192062378,-1.711554765701294,-2.231889247894287,-3.094423532485962,-3.5748391151428223,-4.045605659484863,-4.499462604522705,-4.813419342041016,-4.576764106750488,-3.6506845951080322,-2.905345916748047,-2.5691096782684326,-2.1553125381469727,-2.0604636669158936,-2.019144296646118,-2.1223363876342773,-2.68275785446167,-3.207298755645752,-3.2102181911468506,-3.7740015983581543
-7.00709342956543,-7.697795391082764,-5.842860698699951,-5.971371173858643,-5.812592506408691,-5.5867743492126465,-4.694479942321777,-4.882983207702637,-4.1620659828186035,-2.795311689376831,-2.0950403213500977,-0.48822319507598877,0.17967373132705688,1.0786153078079224,1.262503981590271,1.9506313800811768,2.4279465675354004,2.5837881565093994,1.9230782985687256,1.4519798755645752,0.8890669345855713,0.08878923207521439,-0.6251511573791504,-1.1501054763793945,-1.7573586702346802,-2.55549693107605,-3.4142441749572754,-4.148172855377197,-4.631488800048828,-5.236360549926758,-5.378697395324707,-4.9252495765686035,-4.37128210067749,-3.5318968296051025,-3.0590271949768066,-2.526546001434326,-2.3459696769714355,-2.2395384311676025,-1.8468902111053467,-1.9671467542648315,-2.0273220539093018,-2.2979259490966797,-2.569614887237549
-6.569343566894531,-8.497918128967285,-6.6619343757629395,-5.801774024963379,-4.324582576751709,-4.469786643981934,-4.337677001953125,-3.0449955463409424,-3.168541193008423,-2.1392581462860107,-1.1246800422668457,-0.4159964919090271,0.5926390290260315,-0.008447406813502312,1.3433305025100708,1.931612253189087,2.7877376079559326,2.3433167934417725,1.9057765007019043,1.239029049873352,0.3754461109638214,-0.17320357263088226,-0.7783870697021484,-1.2306017875671387,-2.088656187057495,-2.9423563480377197,-3.7901599407196045,-4.45755672454834,-5.103458881378174,-5.7498602867126465,-6.094415664672852,-5.529050827026367,-4.955456733703613,-4.231794357299805,-3.8542909622192383,-3.462122678756714,-2.886650323867798,-2.768833875656128,-2.6388278007507324,-1.9194198846817017,-1.7830166816711426,-0.8334126472473145,-1.4229577779769897
-6.237818717956543,-8.57015609741211,-7.204275131225586,-6.105933666229248,-4.788642883300781,-3.8399996757507324,-3.96427321434021,-2.9232537746429443,-2.715402364730835,-2.1096737384796143,-1.5058481693267822,-1.2824733257293701,-0.2520211935043335,-0.5818543434143066,-0.06324411928653717,0.5637643337249756,1.0336120128631592,1.3873296976089478,1.1868311166763306,0.1727590560913086,-0.24503009021282196,-0.9214441776275635,-1.3547104597091675,-1.928812861442566,-2.6763086318969727,-3.2868905067443848,-4.283945560455322,-5.49694299697876,-6.123618125915527,-6.421246528625488,-7.057994365692139,-6.124154567718506,-5.527308464050293,-4.835843563079834,-4.3248090744018555,-3.9308366775512695,-3.837844133377075,-3.370028495788574,-2.496026039123535,-2.090388298034668,-1.0725396871566772,-1.9017586708068848,-2.020832061767578
-5.973200798034668,-7.795107841491699,-7.304282188415527,-6.368614673614502,-4.721868515014648,-3.513580322265625,-3.1488754749298096,-2.7926018238067627,-2.5788865089416504,-2.5403554439544678,-1.9112995862960815,-1.3986269235610962,-1.2659529447555542,-0.13974861800670624,-0.20452411472797394,0.1281287670135498,0.009981712326407433,0.3186662197113037,0.31554901599884033,0.31539246439933777,-0.9663386940956116,-1.4132376909255981,-2.0206806659698486,-2.7148075103759766,-3.473759174346924,-4.116512298583984,-4.918746471405029,-5.872095584869385,-7.2981953620910645,-7.416433334350586,-7.592184543609619,-6.8683857917785645,-6.367039680480957,-5.593902111053467,-5.096585273742676,-4.685008525848389,-4.385279178619385,-4.039828777313232,-3.0423192977905273,-1.9875450134277344,-0.5164929032325745,-2.1815271377563477,-0.8757466673851013
-5.115900993347168,-6.913343906402588,-7.330356597900391,-5.692134380340576,-3.5374715328216553,-2.4655845165252686,-2.338209629058838,-2.1631388664245605,-2.2739510536193848,-2.108991861343384,-2.157647132873535,-1.8011884689331055,-1.6633566617965698,-1.6413671970367432,-0.23386111855506897,-0.05672663822770119,-0.6167362332344055,-0.6593672633171082,-1.0487191677093506,-0.6270496249198914,-0.4074260890483856,-1.2627352476119995,-1.9375419616699219,-2.366124153137207,-3.1473865509033203,-4.07335901260376,-5.295372009277344,-6.101720333099365,-7.537412166595459,-7.686952114105225,-7.713566780090332,-7.342799186706543,-6.815037727355957,-5.937699794769287,-5.422426223754883,-5.17098331451416,-4.962852478027344,-4.359206676483154,-3.5281121730804443,-2.037987232208252,-0.5197252035140991,2.854215621948242,1.3053233623504639
-4.715120792388916,-5.107019424438477,-5.879601001739502,-5.231027126312256,-3.869990110397339,-2.2626168727874756,-0.8542852401733398,-0.12191938608884811,-0.24900108575820923,-0.8163620829582214,-1.0588825941085815,-0.8538608551025391,-1.0016156435012817,-1.1881215572357178,-1.5486125946044922,-0.9889760613441467,-0.8852147459983826,-1.9304698705673218,-2.3118975162506104,-3.5148582458496094,-2.740644931793213,-2.311444044113159,-3.3291735649108887,-3.506215810775757,-3.781158447265625,-4.252150535583496,-5.229372024536133,-6.538205623626709,-7.4837799072265625,-7.778829574584961,-7.655328273773193,-7.300474643707275,-6.478639602661133,-5.685578346252441,-5.090047836303711,-5.074633598327637,-4.81195068359375,-4.17036247253418,-3.064565896987915,-1.6821472644805908,0.24832399189472198,2.8032636642456055,1.8536065816879272
-4.482743263244629,-4.924685955047607,-5.540953159332275,-4.889581203460693,-2.9374635219573975,-1.1151472330093384,0.3770679235458374,0.8376490473747253,1.1417477130889893,0.7297593355178833,-0.11802523583173752,-0.738788366317749,-0.8643003106117249,-1.3179421424865723,-1.813539743423462,-2.2502694129943848,-1.6182687282562256,-2.226591110229492,-2.253854513168335,-2.6997432708740234,-3.6534688472747803,-4.302874565124512,-4.627075672149658,-4.8992462158203125,-4.8978495597839355,-5.179823875427246,-5.609573841094971,-6.151841163635254,-6.853968620300293,-7.0306596755981445,-7.240503311157227,-6.764045715332031,-5.78567361831665,-5.05757474899292,-4.5759968757629395,-4.391894340515137,-4.236926555633545,-3.48750901222229,-2.4278578758239746,-1.21169114112854,0.25445911288261414,1.0942541360855103,2.1070618629455566
-3.0123777389526367,-4.882479190826416,-4.801783084869385,-4.348345756530762,-2.529085636138916,-0.28937143087387085,0.7993890643119812,1.345206379890442,1.3505825996398926,1.591886043548584,1.402082085609436,0.679469108581543,-0.41076117753982544,-1.473698377609253,-1.9939769506454468,-2.74906587600708,-3.209836721420288,-2.2987446784973145,-2.4560065269470215,-3.1294453144073486,-2.929295301437378,-3.776501417160034,-4.399922847747803,-5.2926154136657715,-5.4607133865356445,-5.498480796813965,-5.778504848480225,-6.1604790687561035,-6.345259189605713,-6.614468097686768,-6.54842472076416,-6.046083450317383,-5.1839680671691895,-4.708323001861572,-4.1806769371032715,-4.1556220054626465,-3.8208606243133545,-2.8332269191741943,-2.2198431491851807,-0.9754614233970642,1.2296416759490967,2.962883234024048,2.7680299282073975
-1.9023572206497192,-4.079159259796143,-3.7233545780181885,-3.050971031188965,-1.5121344327926636,-0.14927439391613007,0.5522692203521729,0.41717180609703064,0.11956815421581268,-0.22090233862400055,0.6145437359809875,1.025803804397583,0.2767653167247772,-1.4499108791351318,-2.7968478202819824,-2.9731976985931396,-3.2523932456970215,-3.586544990539551,-3.1562650203704834,-3.521728992462158,-3.9986534118652344,-3.3580453395843506,-3.7673933506011963,-4.767659664154053,-5.773172378540039,-5.638255596160889,-5.4597859382629395,-5.654655933380127,-5.951210021972656,-5.965646743774414,-5.793837547302246,-5.467533111572266,-4.57425594329834,-4.311899185180664,-4.265575408935547,-3.9514365196228027,-2.857077121734619,-2.7791972160339355,-2.6751010417938232,-1.9859222173690796,0.5285531878471375,2.737938404083252,3.4636263847351074
0.6172844171524048,-0.36298859119415283,-0.8716560006141663,-1.1860076189041138,0.11894755065441132,1.327759861946106,1.9134447574615479,1.2867448329925537,-0.28696683049201965,-1.5985891819000244,-1.7407150268554688,-0.6893210411071777,-0.14647817611694336,-0.1425171047449112,-1.7750269174575806,-3.3337748050689697,-3.608508348464966,-4.254856109619141,-4.256837844848633,-2.8230905532836914,-3.057387113571167,-3.358936309814453,-3.2830824851989746,-4.25247859954834,-5.106567859649658,-5.828853607177734,-5.098482131958008,-5.377431869506836,-5.640856742858887,-5.534229755401611,-5.149751663208008,-4.60190486907959,-3.969367742538452,-3.958758592605591,-3.869487762451172,-2.9046809673309326,-2.2366771697998047,-1.1057796478271484,-1.7064414024353027,-0.9390677809715271,2.0930168628692627,3.5033695697784424,4.1440253257751465
2.616992950439453,2.261831760406494,1.518047571182251,0.7488000392913818,2.173924446105957,5.07100772857666,6.139102458953857,4.717276096343994,2.2522425651550293,-0.46356111764907837,-2.461829662322998,-2.09956693649292,-1.4265272617340088,-1.1345247030258179,-0.854236900806427,-2.4863228797912598,-2.2259480953216553,-4.375509738922119,-5.211573600769043,-5.298817157745361,-5.222705841064453,-4.6721510887146,-3.7289867401123047,-3.9561572074890137,-4.699885368347168,-5.215700626373291,-4.95726203918457,-5.24891996383667,-5.3876776695251465,-5.098098278045654,-4.753589630126953,-4.186128616333008,-3.7120089530944824,-2.900528907775879,-2.4648289680480957,-1.8300825357437134,-1.4190102815628052,1.1672534942626953,1.2106107473373413,1.8011078834533691,1.5707086324691772,3.772087574005127,4.947089195251465
2.7525110244750977,3.9826431274414062,4.062292575836182,3.9735398292541504,4.428691387176514,5.991678714752197,6.7964911460876465,6.16018533706665,3.6129539012908936,0.7943549752235413,-1.610001564025879,-2.8382327556610107,-1.5393856763839722,-1.8264497518539429,-1.9898439645767212,-2.0821263790130615,-2.515778064727783,-3.1149802207946777,-4.857936382293701,-5.386404991149902,-5.697447776794434,-5.4591803550720215,-4.184760570526123,-4.002902507781982,-4.32261323928833,-4.468588829040527,-4.841052532196045,-4.856719970703125,-4.678108215332031,-4.577341556549072,-4.148115634918213,-3.358242988586426,-2.377951145172119,-1.714404821395874,-1.397149920463562,-0.8704507946968079,0.5981243848800659,2.3188107013702393,3.3478572368621826,3.0593957901000977,0.4056309461593628,3.418710470199585,5.076637268066406
3.9369728565216064,8.887347221374512,8.65964126586914,7.611388206481934,6.496169090270996,5.970434188842773,5.875195503234863,5.304673194885254,4.554320335388184,2.6758079528808594,-0.18090884387493134,-2.966796398162842,-2.55371356010437,-2.0833568572998047,-2.681112766265869,-2.803983449935913,-3.3967301845550537,-3.0199060440063477,-3.3206443786621094,-4.352365016937256,-4.3907790184021,-3.2115800380706787,-3.609266519546509,-4.2872748374938965,-4.602092266082764,-4.526546001434326,-4.4333295822143555,-4.484112739562988,-4.131952285766602,-3.901230812072754,-3.3595752716064453,-2.4141414165496826,-1.4765522480010986,-1.152914047241211,-0.9864808320999146,-0.3231254816055298,0.9484859108924866,2.963862895965576,4.407983779907227,3.7613368034362793,3.3574979305267334,3.3327393531799316,4.344108581542969
5.481257438659668,11.690485954284668,10.985507011413574,9.68693733215332,8.334882736206055,7.5088653564453125,6.737271308898926,4.969053268432617,3.799487829208374,3.024439811706543,0.9159087538719177,-2.4204397201538086,-3.5371415615081787,-3.411837577819824,-4.004032135009766,-4.0431108474731445,-4.0026044845581055,-4.287099838256836,-3.534059524536133,-3.146336555480957,-3.488754987716675,-3.442736864089966,-3.283521890640259,-3.6840908527374268,-3.853368043899536,-3.9563040733337402,-4.191974639892578,-4.09519624710083,-3.8676888942718506,-3.3882462978363037,-2.6813690662384033,-2.1506526470184326,-1.7665371894836426,-1.1357364654541016,-0.37190598249435425,0.7432461977005005,1.4618357419967651,3.0779080390930176,4.646117687225342,5.0051116943359375,5.445952415466309,4.431610107421875,5.274597644805908
6.421850681304932,11.263398170471191,11.343107223510742,9.981877326965332,9.203439712524414,9.502796173095703,8.778800010681152,6.906119346618652,5.770763874053955,4.723519325256348,1.1601814031600952,-2.022517681121826,-4.263258457183838,-4.077011585235596,-4.419974327087402,-4.646394729614258,-4.461233615875244,-3.757413625717163,-3.85917592048645,-3.7046029567718506,-3.22759747505188,-3.8348605632781982,-3.971351385116577,-4.020744800567627,-4.066364765167236,-4.250901222229004,-4.082843780517578,-3.829267740249634,-3.8825953006744385,-3.7768397331237793,-3.322787046432495,-2.912010431289673,-2.384519577026367,-1.4853498935699463,-0.3230465352535248,1.4765808582305908,3.301561117172241,4.30806827545166,5.159907341003418,5.467395305633545,5.600583076477051,4.965117931365967,4.907692909240723
8.80056381225586,9.871201515197754,9.988990783691406,10.147911071777344,10.740559577941895,11.682979583740234,9.412031173706055,6.03774881362915,6.073203086853027,5.636555194854736,2.7760612964630127,-2.321688652038574,-5.101285934448242,-4.354419708251953,-4.301126956939697,-4.7638468742370605,-4.766005516052246,-4.008473873138428,-3.8085358142852783,-4.161937236785889,-3.994072675704956,-4.2957916259765625,-4.319886684417725,-4.272765159606934,-4.912132740020752,-5.255403518676758,-5.193020343780518,-4.996516704559326,-4.715104579925537,-4.060519218444824,-3.4327995777130127,-2.4949402809143066,-1.747729778289795,-0.9695789217948914,-0.1435185968875885,1.6985619068145752,3.893507480621338,5.317440986633301,6.062036991119385,5.7536516189575195,4.6421895027160645,4.620759963989258,5.106663703918457
