data/wind_data/wind_39_8.json
{"header": {"parameterUnit": "KT", "parameterCategory": 2, "nx": 256, "ny": 198, "lo1": 44.73521041870117, "la1": -3.236724853515625, "lo2": 111.26478576660156, "la2": 43.468475341796875, "dx": 0.2609002888202667, "dy": -0.23708222806453705, "refTime": "2025-02-20 15:00:00", "forecastTime": 0, "parameterNumber": 2, "parameterNumberName": "eastward_wind"}, "data":
[rows 171 to 189 of 198, columns 44 to 87 of 256]
44.12547302246094,46.36835479736328,47.690372467041016,48.010311126708984,48.59522247314453,50.176002502441406,52.42578887939453,54.23029327392578,54.6779670715332,53.751590728759766,51.79058837890625,49.803104400634766,49.0755500793457,49.797237396240234,51.09700012207031,52.19208908081055,53.10273361206055,54.08832550048828,54.82715606689453,54.68495178222656,53.639427185058594,52.34245300292969,51.249420166015625,50.21966552734375,48.92976379394531,47.57392120361328,46.80809783935547,47.023311614990234,47.95787811279297,48.95381546020508,49.3677978515625,48.89011764526367,47.64897155761719,46.263450622558594,45.0987548828125,44.160301208496094,43.75457000732422,43.8409309387207,43.82386016845703,43.724159240722656,44.0615234375,44.678321838378906,45.1878662109375,45.51639938354492
45.4924430847168,47.079463958740234,47.69172668457031,48.396827697753906,50.18385696411133,52.39288330078125,54.02495574951172,54.621070861816406,54.01343536376953,52.21561813354492,50.14289855957031,49.2171516418457,49.69187545776367,50.53816223144531,51.074256896972656,51.53422927856445,52.39388656616211,53.65071105957031,54.53691101074219,54.25046157836914,53.01846694946289,51.760658264160156,50.90020751953125,50.022071838378906,48.649105072021484,47.15790939331055,46.41060256958008,46.8624153137207,48.1326904296875,49.330230712890625,49.734004974365234,49.18728256225586,47.78209686279297,46.03852081298828,44.59721755981445,43.568702697753906,43.202064514160156,43.75080108642578,44.531005859375,44.9122428894043,45.26225662231445,45.854122161865234,46.43859100341797,46.677879333496094
46.48255920410156,47.06348419189453,47.53928756713867,49.092037200927734,51.56097412109375,53.717620849609375,54.829803466796875,54.7222785949707,53.30727767944336,51.20981216430664,49.939666748046875,50.14032745361328,50.828407287597656,50.91304016113281,50.5657958984375,50.67634201049805,51.746253967285156,53.30500030517578,54.13392639160156,53.550594329833984,52.31832504272461,51.498775482177734,51.0555419921875,50.07577133178711,48.294132232666016,46.567665100097656,45.99807357788086,46.8452033996582,48.3326301574707,49.446022033691406,49.72609329223633,49.23065948486328,47.8804931640625,45.93954849243164,44.36880874633789,43.51299285888672,43.28041458129883,44.08338165283203,45.54659652709961,46.46261215209961,46.601478576660156,46.63760757446289,46.93156814575195,47.337791442871094
47.59688186645508,47.2105712890625,47.45808792114258,49.30211639404297,52.09256362915039,54.54349136352539,55.75604248046875,55.22534942626953,53.29435729980469,51.54750061035156,51.20857238769531,51.70469284057617,51.73600387573242,50.923885345458984,50.0910758972168,50.28810119628906,51.67597961425781,53.145851135253906,53.39354705810547,52.50434494018555,51.733646392822266,51.64809799194336,51.383209228515625,49.98450469970703,47.8199348449707,46.14884948730469,45.936851501464844,47.03212356567383,48.4124870300293,49.261070251464844,49.50271224975586,49.205108642578125,48.04943084716797,46.14439010620117,44.529537200927734,43.86546325683594,43.908782958984375,44.77550506591797,46.39653396606445,47.59407424926758,47.661468505859375,47.28073501586914,47.282527923583984,47.68892288208008
48.652809143066406,47.667606353759766,47.55453872680664,49.32160568237305,52.45073318481445,55.413597106933594,56.755123138427734,55.91399002075195,54.022159576416016,52.90766143798828,52.985931396484375,53.130470275878906,52.428306579589844,51.11922836303711,50.30203628540039,50.79717254638672,52.102867126464844,52.81229782104492,52.33367156982422,51.61259460449219,51.59547805786133,51.89583206176758,51.3603401184082,49.58442306518555,47.391666412353516,46.04711151123047,46.20819091796875,47.35633850097656,48.46875762939453,49.14212417602539,49.52208709716797,49.448974609375,48.47367477416992,46.73268127441406,45.087066650390625,44.376461029052734,44.59713363647461,45.42374038696289,46.742149353027344,47.895294189453125,48.158363342285156,47.9090576171875,47.95830535888672,48.41194534301758
49.46944046020508,48.49647521972656,48.26856231689453,49.85187911987305,53.05532455444336,56.175907135009766,57.38152313232422,56.50032424926758,55.15101623535156,54.65749740600586,54.67097091674805,54.20719909667969,53.08185958862305,51.932044982910156,51.49089050292969,51.894989013671875,52.385616302490234,52.13459777832031,51.49586486816406,51.386131286621094,51.81107711791992,51.872920989990234,50.85344314575195,48.932769775390625,47.03884506225586,46.179443359375,46.622982025146484,47.660701751708984,48.54685592651367,49.23565673828125,49.77851104736328,49.77385330200195,48.869754791259766,47.31917190551758,45.739471435546875,44.83026885986328,44.88665771484375,45.60374069213867,46.667449951171875,47.75387954711914,48.37883758544922,48.597572326660156,48.92608642578125,49.44049835205078
50.29997253417969,49.65678024291992,49.556983947753906,51.032928466796875,54.01456832885742,56.7982177734375,57.68994140625,57.007076263427734,56.321407318115234,56.16461944580078,55.82430648803711,54.94005584716797,53.95834732055664,53.25406265258789,52.827659606933594,52.559661865234375,52.16658401489258,51.588748931884766,51.26073455810547,51.50400161743164,51.81016540527344,51.34042739868164,49.92384338378906,48.08747100830078,46.66423416137695,46.29842758178711,46.907188415527344,47.827964782714844,48.65542221069336,49.414405822753906,49.932212829589844,49.77777862548828,48.8477668762207,47.467105865478516,46.056297302246094,45.04947280883789,44.821189880371094,45.38859176635742,46.4429817199707,47.676795959472656,48.74180603027344,49.45355987548828,49.994873046875,50.41826629638672
51.36851119995117,51.03683090209961,51.16660690307617,52.66337966918945,55.29486083984375,57.47632598876953,57.99591827392578,57.49238586425781,57.14616012573242,56.949790954589844,56.36353302001953,55.534576416015625,54.82766342163086,54.12274169921875,53.330387115478516,52.55656814575195,51.806236267089844,51.196231842041016,51.05104446411133,51.348331451416016,51.37123489379883,50.47970199584961,48.812721252441406,47.05094909667969,45.97471237182617,46.0077018737793,46.863311767578125,47.89958953857422,48.80988311767578,49.52511978149414,49.800514221191406,49.38053894042969,48.37117004394531,47.087738037109375,45.865570068359375,45.002288818359375,44.7745361328125,45.31591796875,46.45601272583008,47.88450622558594,49.256248474121094,50.269561767578125,50.865413665771484,51.07796096801758
52.55348205566406,52.365596771240234,52.68896484375,54.269020080566406,56.651729583740234,58.31800842285156,58.49159240722656,57.93386459350586,57.48873519897461,57.083072662353516,56.521873474121094,55.93446731567383,55.235111236572266,54.26319122314453,53.24973678588867,52.355224609375,51.49878692626953,50.83732986450195,50.70368957519531,50.97041702270508,50.840065002441406,49.65611267089844,47.66177749633789,45.8216438293457,45.071014404296875,45.5716667175293,46.697242736816406,47.80478286743164,48.685707092285156,49.23836898803711,49.243690490722656,48.61906051635742,47.57881164550781,46.418392181396484,45.483158111572266,45.002899169921875,45.11671829223633,45.842063903808594,47.00728988647461,48.379554748535156,49.727901458740234,50.76007843017578,51.246971130371094,51.167266845703125
53.57838439941406,53.44831466674805,53.9041748046875,55.46559143066406,57.6203727722168,59.0158576965332,59.074493408203125,58.43498992919922,57.76021957397461,57.13224411010742,56.52962875366211,55.90586471557617,55.0950813293457,54.157596588134766,53.28049087524414,52.39704513549805,51.42236328125,50.640933990478516,50.459938049316406,50.73257064819336,50.56988525390625,49.1793327331543,46.894081115722656,45.00157928466797,44.48154830932617,45.170040130615234,46.27907180786133,47.293792724609375,48.062129974365234,48.433082580566406,48.2838249206543,47.6969108581543,46.918853759765625,46.137413024902344,45.62700271606445,45.564083099365234,46.00142288208008,46.88691329956055,47.95394515991211,48.98054122924805,49.95121383666992,50.669525146484375,50.837947845458984,50.302127838134766
54.48979949951172,54.36665725708008,54.823997497558594,56.177337646484375,57.96294021606445,59.21938705444336,59.46625900268555,58.962013244628906,58.15492630004883,57.32101058959961,56.54181671142578,55.760963439941406,54.990962982177734,54.31660461425781,53.61037826538086,52.69307327270508,51.658782958984375,50.86659240722656,50.699283599853516,50.98351287841797,50.77321243286133,49.254295349121094,46.904258728027344,45.13726806640625,44.71615982055664,45.229251861572266,46.01325225830078,46.80729293823242,47.46596145629883,47.77190399169922,47.69950866699219,47.43701934814453,47.12138748168945,46.78255844116211,46.585880279541016,46.69023132324219,47.159706115722656,47.94872283935547,48.742652893066406,49.28325653076172,49.68351364135742,49.86609649658203,49.494407653808594,48.34492492675781
55.5612907409668,55.24748229980469,55.430782318115234,56.40412139892578,57.80147171020508,58.961936950683594,59.472225189208984,59.24216079711914,58.483604431152344,57.6049690246582,56.81985092163086,56.05354690551758,55.296329498291016,54.56734848022461,53.74516677856445,52.81324005126953,51.943336486816406,51.41932678222656,51.48357391357422,51.791351318359375,51.34812927246094,49.65738296508789,47.516910552978516,46.13849639892578,45.8198127746582,46.055908203125,46.473304748535156,47.05214309692383,47.6148681640625,47.8811149597168,47.93362808227539,48.00678253173828,48.056209564208984,47.976749420166016,47.861061096191406,47.886287689208984,48.14826202392578,48.597129821777344,48.91282272338867,48.88208770751953,48.68635559082031,48.2595100402832,47.26194381713867,45.62519836425781
56.775367736816406,56.090145111083984,55.80384063720703,56.422672271728516,57.59969711303711,58.691650390625,59.310916900634766,59.209136962890625,58.56343078613281,57.96976089477539,57.505157470703125,56.820716857910156,55.86751174926758,54.827178955078125,53.87126159667969,53.08034133911133,52.47838592529297,52.22962188720703,52.45124053955078,52.662109375,52.00169372558594,50.37010955810547,48.640350341796875,47.62919616699219,47.3526611328125,47.39830017089844,47.63779067993164,48.11152267456055,48.54245376586914,48.67805099487305,48.77497482299805,49.02002716064453,49.19495391845703,49.134822845458984,48.902069091796875,48.664791107177734,48.523170471191406,48.44968032836914,48.239253997802734,47.743507385253906,47.034034729003906,46.04023742675781,44.638038635253906,43.03573989868164
57.559078216552734,56.68407440185547,56.07132339477539,56.401607513427734,57.41092300415039,58.492671966552734,59.15897750854492,59.09024429321289,58.68967819213867,58.495792388916016,58.26371383666992,57.46135330200195,56.2275505065918,55.04449462890625,54.161922454833984,53.494659423828125,52.935611724853516,52.719425201416016,52.93979263305664,53.005165100097656,52.29030227661133,51.011165618896484,49.85881042480469,49.16245651245117,48.79173278808594,48.64494705200195,48.85898208618164,49.36210632324219,49.68693542480469,49.66364288330078,49.73493576049805,49.983665466308594,50.052940368652344,49.76902770996094,49.22200012207031,48.5985107421875,47.97417449951172,47.32587814331055,46.63348388671875,45.84849166870117,44.917442321777344,43.81977081298828,42.600589752197266,41.432159423828125
57.64692687988281,56.9920768737793,56.47312927246094,56.64891052246094,57.480140686035156,58.48832702636719,59.14429473876953,59.304447174072266,59.31578826904297,59.25661087036133,58.7209358215332,57.56338882446289,56.167152404785156,54.97523880004883,54.08354187011719,53.23991775512695,52.45198440551758,52.244712829589844,52.585540771484375,52.62766647338867,51.97504425048828,51.08686447143555,50.40214920043945,49.877357482910156,49.42610168457031,49.2620964050293,49.617794036865234,50.22610092163086,50.48521041870117,50.36031723022461,50.36885452270508,50.483558654785156,50.30296325683594,49.69935607910156,48.77815246582031,47.674278259277344,46.48163986206055,45.339839935302734,44.410667419433594,43.68739318847656,43.01143264770508,42.313846588134766,41.603275299072266,40.85482406616211
57.71186065673828,57.61320114135742,57.466766357421875,57.59886932373047,58.16877365112305,58.92422866821289,59.480777740478516,59.772613525390625,59.84175491333008,59.45698928833008,58.41569137573242,56.91581726074219,55.37797164916992,54.07527542114258,52.920345306396484,51.67817687988281,50.76235580444336,50.850154876708984,51.4637451171875,51.499820709228516,50.820838928222656,50.06690979003906,49.50615692138672,49.013607025146484,48.66429138183594,48.78648376464844,49.46837615966797,50.26247024536133,50.56440353393555,50.45659255981445,50.38374328613281,50.266929626464844,49.76968765258789,48.786376953125,47.38301467895508,45.76475143432617,44.28511428833008,43.20039367675781,42.52695846557617,42.109798431396484,41.802345275878906,41.54072570800781,41.27241897583008,40.825897216796875
58.562286376953125,59.09722137451172,59.32781982421875,59.400421142578125,59.606468200683594,59.93766403198242,60.106361389160156,59.99618148803711,59.607276916503906,58.77059555053711,57.348876953125,55.589744567871094,53.956932067871094,52.64105987548828,51.293663024902344,49.836185455322266,49.08018112182617,49.50101089477539,50.15945816040039,50.02778244018555,49.201194763183594,48.293514251708984,47.58127975463867,47.11353302001953,47.06385040283203,47.63212203979492,48.70224380493164,49.71728515625,50.129554748535156,50.0579833984375,49.88472366333008,49.47429275512695,48.526363372802734,47.05447769165039,45.302982330322266,43.64503860473633,42.466346740722656,41.85189437866211,41.55072784423828,41.33953094482422,41.206031799316406,41.156654357910156,41.074039459228516,40.788082122802734
59.994384765625,60.87980651855469,61.305118560791016,61.296470642089844,61.06360626220703,60.6943473815918,60.0969352722168,59.3260498046875,58.448158264160156,57.224605560302734,55.49010467529297,53.59859085083008,52.14170837402344,51.02159881591797,49.6205940246582,48.17280960083008,47.659034729003906,48.169315338134766,48.659423828125,48.36087417602539,47.407859802246094,46.34025955200195,45.572086334228516,45.34521484375,45.76110076904297,46.78557586669922,48.13895034790039,49.248043060302734,49.66292190551758,49.51945114135742,49.00140380859375,47.97940444946289,46.423866271972656,44.619606018066406,42.95914077758789,41.76820373535156,41.25136947631836,41.23713684082031,41.19627380371094,40.91861343383789,40.69689178466797,40.68559646606445,40.615440368652344,40.28070068359375
61.107086181640625,62.10944366455078,62.613643646240234,62.533180236816406,61.88914108276367,60.823768615722656,59.54096221923828,58.23210906982422,56.93477249145508,55.44477462768555,53.623531341552734,51.847068786621094,50.63961410522461,49.67793273925781,48.34511184692383,47.0435791015625,46.634403228759766,47.08140182495117,47.545955657958984,47.27252960205078,46.24095916748047,45.08072280883789,44.4293327331543,44.49066925048828,45.134342193603516,46.21088790893555,47.493953704833984,48.497005462646484,48.830299377441406,48.44301223754883,47.38247299194336,45.827720642089844,44.094688415527344,42.56265640258789,41.4545783996582,40.92617416381836,41.08035659790039,41.53271484375,41.48973083496094,40.80155944824219,40.15733337402344,39.870635986328125,39.53350067138672,38.933326721191406
