data/wind_data/wind_61_4.json
{"header": {"parameterUnit": "KT", "parameterCategory": 2, "nx": 256, "ny": 198, "lo1": 44.73521041870117, "la1": -3.236724853515625, "lo2": 111.26478576660156, "la2": 43.468475341796875, "dx": 0.2609002888202667, "dy": -0.23708222806453705, "refTime": "2025-02-21 13:00:00", "forecastTime": 0, "parameterNumber": 2, "parameterNumberName": "eastward_wind"}, "data":
[rows 95 to 113 of 198, columns 44 to 87 of 256]
21.29327392578125,21.16580581665039,20.883039474487305,20.091205596923828,19.02337646484375,18.25582504272461,18.12471580505371,18.16734504699707,17.66683578491211,17.12116241455078,16.938264846801758,16.808828353881836,17.027254104614258,17.548625946044922,17.886539459228516,18.130855560302734,18.500709533691406,18.675453186035156,18.308555603027344,17.655906677246094,17.340377807617188,17.690824508666992,18.461589813232422,19.0864315032959,19.225252151489258,19.02199363708496,18.755298614501953,18.680015563964844,18.939050674438477,19.38129234313965,19.60662078857422,19.298828125,18.62279510498047,18.056636810302734,17.922407150268555,18.15447235107422,18.376916885375977,18.266939163208008,17.850584030151367,17.43772315979004,17.262147903442383,17.287450790405273,17.320209503173828,17.18895149230957
21.083105087280273,21.39740753173828,21.361820220947266,20.970882415771484,20.64018440246582,20.482847213745117,20.39729118347168,20.007644653320312,19.16189193725586,18.388017654418945,18.15163230895996,18.28614044189453,18.511856079101562,18.77405548095703,19.12029266357422,19.578807830810547,20.050073623657227,20.075733184814453,19.488143920898438,18.786922454833984,18.61339569091797,19.128084182739258,19.938175201416016,20.4665470123291,20.491178512573242,20.221031188964844,19.94038963317871,19.91307258605957,20.19501495361328,20.53389549255371,20.53782844543457,20.033157348632812,19.330862045288086,18.924283981323242,18.993106842041016,19.29457664489746,19.472375869750977,19.347091674804688,19.00072479248047,18.677156448364258,18.564191818237305,18.65812110900879,18.772876739501953,18.655799865722656
20.44657325744629,21.092931747436523,21.295698165893555,21.407670974731445,21.85346031188965,22.35861587524414,22.542593002319336,22.05445098876953,20.926990509033203,19.875988006591797,19.521739959716797,19.528173446655273,19.862499237060547,20.21019172668457,20.601139068603516,21.18732452392578,21.517629623413086,21.138641357421875,20.340373992919922,19.76579475402832,19.81953239440918,20.478418350219727,21.311031341552734,21.802722930908203,21.803932189941406,21.476398468017578,21.091991424560547,20.94815444946289,21.105573654174805,21.26677894592285,21.093875885009766,20.55303382873535,20.018098831176758,19.89696502685547,20.147939682006836,20.437623977661133,20.525651931762695,20.375043869018555,20.09417724609375,19.861797332763672,19.823486328125,19.996868133544922,20.183698654174805,20.089740753173828
20.419946670532227,20.954572677612305,21.127456665039062,21.661643981933594,22.76869773864746,23.842823028564453,24.344093322753906,23.97922706604004,22.787885665893555,21.607391357421875,21.33049964904785,21.1256046295166,20.838138580322266,21.36020278930664,22.371864318847656,23.05902862548828,23.05590057373047,22.37908935546875,21.55658721923828,21.01923370361328,21.088369369506836,21.863021850585938,22.844179153442383,23.363727569580078,23.226524353027344,22.6422061920166,22.006765365600586,21.687490463256836,21.69864273071289,21.704946517944336,21.411060333251953,20.907567977905273,20.64654541015625,20.851726531982422,21.238996505737305,21.491241455078125,21.503293991088867,21.32415199279785,21.091934204101562,20.975740432739258,21.072315216064453,21.331533432006836,21.528079986572266,21.406436920166016
21.872314453125,22.0667667388916,21.87437629699707,22.38810920715332,23.804048538208008,25.219675064086914,25.814619064331055,25.37677001953125,24.292863845825195,23.52330207824707,23.41364860534668,23.161096572875977,22.432313919067383,22.666170120239258,23.95460319519043,24.55396270751953,24.30341911315918,23.69292640686035,23.07734489440918,22.680919647216797,22.790496826171875,23.54185676574707,24.4710693359375,24.87333869934082,24.475936889648438,23.602874755859375,22.765897750854492,22.33232879638672,22.262149810791016,22.18022918701172,21.82770538330078,21.41793441772461,21.382963180541992,21.70838165283203,22.06574058532715,22.256006240844727,22.25130271911621,22.133913040161133,22.04404067993164,22.104949951171875,22.330589294433594,22.59170150756836,22.71169662475586,22.565488815307617
24.33018684387207,24.079547882080078,23.787431716918945,24.28443145751953,25.83121109008789,27.043447494506836,26.952621459960938,25.98697280883789,25.073001861572266,25.06842803955078,25.310720443725586,25.48333740234375,25.50360679626465,25.42275619506836,25.63268280029297,25.973386764526367,25.751436233520508,25.24751091003418,24.777149200439453,24.44573402404785,24.50282096862793,25.089807510375977,25.78849220275879,25.928678512573242,25.303144454956055,24.333749771118164,23.502012252807617,23.060928344726562,22.984344482421875,22.853666305541992,22.520917892456055,22.203044891357422,22.1798038482666,22.411285400390625,22.666234970092773,22.798023223876953,22.803558349609375,22.8035945892334,22.907115936279297,23.123876571655273,23.36777687072754,23.52623176574707,23.56383514404297,23.494386672973633
27.11899185180664,26.56402587890625,26.58869743347168,27.53959846496582,28.988252639770508,29.095016479492188,27.626243591308594,25.928640365600586,25.59531593322754,26.21613121032715,27.56743621826172,28.85523796081543,30.222549438476562,29.27472686767578,27.455501556396484,27.188602447509766,27.26499366760254,27.0467472076416,26.51983070373535,25.866668701171875,25.631196975708008,26.115943908691406,26.791362762451172,26.88360023498535,26.24243927001953,25.296018600463867,24.496736526489258,24.09958267211914,24.016050338745117,23.910911560058594,23.57254409790039,23.201507568359375,23.060762405395508,23.07162094116211,23.123186111450195,23.161813735961914,23.197721481323242,23.31515121459961,23.569456100463867,23.865737915039062,24.045589447021484,24.09278678894043,24.10036849975586,24.1317081451416
29.226654052734375,28.89710807800293,29.429054260253906,31.154624938964844,32.68865966796875,32.07588577270508,29.39558982849121,27.144365310668945,27.2719669342041,28.536455154418945,30.547504425048828,30.864078521728516,31.29715919494629,29.92081069946289,28.113161087036133,28.118927001953125,28.6979923248291,28.72292709350586,28.21823501586914,27.6018123626709,27.210294723510742,27.170536041259766,27.258434295654297,27.193592071533203,26.898372650146484,26.37364959716797,25.760316848754883,25.306922912597656,25.07132339477539,24.810449600219727,24.373884201049805,24.01192855834961,23.729665756225586,23.543392181396484,23.478721618652344,23.49258804321289,23.7254581451416,24.055686950683594,24.306873321533203,24.44956398010254,24.52296257019043,24.522438049316406,24.485454559326172,24.496559143066406
29.638931274414062,30.056331634521484,31.618656158447266,34.36668395996094,35.37399673461914,33.794307708740234,30.889123916625977,28.59159278869629,29.262714385986328,31.341310501098633,32.279151916503906,31.13852310180664,30.330917358398438,30.10321807861328,29.790958404541016,29.508047103881836,29.46143341064453,29.178110122680664,28.31298065185547,27.356321334838867,27.178014755249023,27.736919403076172,28.40870475769043,28.833385467529297,28.775190353393555,28.114294052124023,27.062673568725586,26.129236221313477,25.566043853759766,25.11644172668457,24.697324752807617,24.26921844482422,23.969268798828125,23.708141326904297,23.501171112060547,23.733888626098633,24.40969467163086,25.022729873657227,25.319984436035156,25.367420196533203,25.311111450195312,25.14497947692871,24.893321990966797,24.726505279541016
29.974014282226562,31.461246490478516,34.072959899902344,35.21333312988281,34.64488220214844,33.66499710083008,32.77109146118164,31.237001419067383,30.98343276977539,32.39643096923828,31.957275390625,30.50275421142578,30.527023315429688,31.449419021606445,31.96644401550293,32.28181457519531,32.3138542175293,31.524789810180664,30.380399703979492,29.579669952392578,28.935501098632812,28.2845401763916,27.794984817504883,27.279088973999023,27.001684188842773,27.06937026977539,26.97454071044922,26.606748580932617,26.087507247924805,25.313413619995117,24.787155151367188,24.425954818725586,23.99790382385254,23.361284255981445,23.130617141723633,23.671178817749023,24.68508529663086,25.670475006103516,26.277978897094727,26.464088439941406,26.389245986938477,26.046607971191406,25.44420623779297,24.894245147705078
31.676822662353516,34.27349853515625,34.42234420776367,33.262901306152344,35.11204528808594,34.413818359375,31.58448600769043,29.68531608581543,29.606340408325195,30.567167282104492,30.876419067382812,30.677766799926758,31.09031105041504,31.889556884765625,32.68379592895508,33.909523010253906,35.0999641418457,35.20371627807617,34.528995513916016,34.081783294677734,34.51765441894531,33.90535354614258,32.61438751220703,32.65193557739258,32.34050369262695,32.54615020751953,32.05567932128906,29.484256744384766,26.722122192382812,25.13245964050293,24.5400390625,24.189239501953125,23.531517028808594,22.79932975769043,22.504108428955078,22.890701293945312,23.611309051513672,24.53373146057129,25.35171890258789,25.75554084777832,26.368825912475586,27.1752872467041,26.87856101989746,25.393770217895508
34.523231506347656,34.62775421142578,35.70717239379883,36.693817138671875,35.51544952392578,33.43008041381836,30.527984619140625,28.821809768676758,28.644290924072266,29.63553810119629,31.144437789916992,32.19114303588867,32.47832107543945,32.53886413574219,32.863319396972656,33.396392822265625,33.78079605102539,33.97412872314453,33.849510192871094,33.92912292480469,34.64564514160156,34.88957977294922,34.10978317260742,33.83778381347656,34.02506637573242,33.36084747314453,33.13154602050781,32.70934295654297,30.362058639526367,27.492918014526367,25.615751266479492,25.27871322631836,26.602773666381836,28.557981491088867,29.589317321777344,29.775279998779297,29.193603515625,27.29886245727539,25.643163681030273,25.351726531982422,25.361454010009766,25.30572509765625,25.180910110473633,24.550809860229492
35.581600189208984,38.34841537475586,40.00351333618164,38.255653381347656,36.05064392089844,34.3083381652832,32.31415939331055,30.651103973388672,30.04215431213379,31.044586181640625,33.30353546142578,35.30467987060547,35.886287689208984,35.02982711791992,33.96411895751953,33.64242172241211,33.923641204833984,34.33327865600586,34.18339157104492,33.491058349609375,33.2327880859375,33.58368682861328,33.9638557434082,33.753456115722656,33.144866943359375,32.613258361816406,32.125518798828125,31.158830642700195,29.645435333251953,28.087514877319336,26.571496963500977,25.27906036376953,25.5213680267334,27.2261905670166,29.389041900634766,31.517667770385742,33.56941604614258,35.508182525634766,36.697120666503906,36.25840759277344,34.05908966064453,31.648475646972656,29.805612564086914,27.299226760864258
40.80690002441406,44.40684127807617,44.104759216308594,42.46794509887695,40.838253021240234,38.07670211791992,34.15907287597656,31.220090866088867,30.490175247192383,31.708412170410156,34.340423583984375,36.838626861572266,37.61539077758789,36.70566940307617,35.13874816894531,33.76806640625,32.73863983154297,32.340423583984375,32.8108024597168,33.52016067504883,34.04410171508789,34.31423568725586,34.42339324951172,34.49666976928711,34.675594329833984,34.76248550415039,34.257041931152344,33.20288848876953,32.2332649230957,31.166160583496094,29.397109985351562,27.337186813354492,25.81759262084961,25.384235382080078,26.228164672851562,27.79205894470215,28.88330841064453,29.550142288208008,30.84676742553711,32.311038970947266,33.55763244628906,35.41427230834961,36.6717414855957,35.65091323852539
41.307621002197266,42.47715759277344,41.04311752319336,39.62635803222656,38.80957794189453,37.66974639892578,35.13450622558594,32.0551872253418,30.643136978149414,31.675344467163086,35.38371276855469,39.40325927734375,41.98471450805664,39.85255432128906,33.8207893371582,29.6756591796875,29.330049514770508,30.0833797454834,29.255615234375,27.318323135375977,26.519046783447266,27.43841552734375,29.081539154052734,30.718198776245117,32.20909881591797,33.36540222167969,33.63121795654297,33.08647537231445,32.98781967163086,33.09011459350586,31.36272430419922,28.276735305786133,25.986713409423828,25.223257064819336,25.63295555114746,26.450475692749023,26.941373825073242,27.347652435302734,28.325912475585938,29.943161010742188,31.557476043701172,32.02660369873047,31.224557876586914,30.47903823852539
44.40997314453125,40.700035095214844,37.27750778198242,36.02922058105469,36.67761993408203,37.14228439331055,35.93083572387695,33.60107421875,32.852420806884766,34.23679733276367,36.73138427734375,38.97437286376953,41.1106071472168,42.064212799072266,40.53586959838867,38.34233856201172,37.308536529541016,36.66470718383789,35.51664733886719,34.49193572998047,34.65274429321289,34.3112678527832,31.702302932739258,29.131572723388672,28.909984588623047,30.449880599975586,32.47018051147461,33.190887451171875,33.382965087890625,35.144649505615234,34.85663986206055,30.35137939453125,26.21516990661621,24.825674057006836,25.220115661621094,26.720273971557617,28.13853645324707,28.59856414794922,28.693132400512695,28.883522033691406,29.309289932250977,30.059284210205078,30.733200073242188,31.24881362915039
47.26914978027344,43.82381820678711,40.80315017700195,40.34572219848633,40.97659683227539,39.479549407958984,35.907535552978516,33.03101348876953,32.776268005371094,34.84568786621094,37.275943756103516,40.0345458984375,42.965816497802734,43.051612854003906,40.46116638183594,38.68388366699219,38.83672332763672,39.79170608520508,40.51698684692383,41.13679122924805,41.38066482543945,41.53065872192383,41.76101303100586,40.66999435424805,38.82463836669922,38.216922760009766,38.673255920410156,38.95021438598633,39.3621940612793,41.13081741333008,43.95803451538086,44.072181701660156,39.787376403808594,34.193599700927734,30.754776000976562,29.709877014160156,29.708797454833984,29.584125518798828,29.547016143798828,29.732223510742188,30.329065322875977,30.818603515625,31.626089096069336,33.414222717285156
46.54082489013672,44.41061782836914,41.78964614868164,41.112770080566406,41.09393310546875,39.516475677490234,36.87966537475586,34.456077575683594,33.460330963134766,34.639808654785156,37.218597412109375,40.29206085205078,42.94125747680664,43.43852615356445,41.26931381225586,38.856746673583984,38.2285041809082,39.00676727294922,40.168724060058594,40.95366287231445,41.331748962402344,41.66424560546875,41.944297790527344,41.793121337890625,41.361358642578125,41.24483108520508,41.56122970581055,41.560428619384766,41.45816421508789,42.47184753417969,43.2988395690918,42.6485710144043,40.90587615966797,38.897605895996094,35.92439651489258,33.504249572753906,32.49552536010742,31.800979614257812,31.72516632080078,31.539386749267578,31.527530670166016,31.443464279174805,33.193843841552734,35.84626770019531
43.70433807373047,43.041255950927734,41.525634765625,40.89729309082031,40.58262634277344,39.6043586730957,38.15739822387695,36.5131950378418,35.02352523803711,35.102943420410156,36.98604202270508,39.363494873046875,41.51384353637695,42.95820999145508,42.800628662109375,41.60886764526367,40.509220123291016,40.31024932861328,41.03299331665039,41.807228088378906,42.109840393066406,41.616539001464844,40.635616302490234,39.78166198730469,39.31111526489258,39.64561462402344,40.039451599121094,39.984493255615234,39.777645111083984,39.414878845214844,38.39112854003906,36.23392105102539,33.30657958984375,31.037446975708008,30.64006233215332,31.739351272583008,33.03965377807617,33.851200103759766,34.00780487060547,33.35132598876953,32.65895462036133,33.20389938354492,35.276878356933594,37.18000793457031
