data/wind_data/wind_2025-02-20_21.json
{"header": {"parameterUnit": "KT", "parameterCategory": 2, "nx": 255, "ny": 198, "lo1": 44.73521041870117, "la1": -3.236724853515625, "lo2": 111.26478576660156, "la2": 43.468475341796875, "dx": 0.26192745566368103, "dy": -0.23708222806453705, "refTime": "2025-02-20 21:00:00", "forecastTime": 0, "parameterNumber": 3, "parameterNumberName": "northward_wind"}, "data":
[rows 76 to 94 of 198, columns 86 to 128 of 255]
-7.714332580566406,-7.8927717208862305,-8.558732986450195,-8.691864967346191,-9.357731819152832,-9.687909126281738,-9.79563045501709,-9.966571807861328,-10.328465461730957,-11.160051345825195,-12.081364631652832,-13.064057350158691,-13.767555236816406,-13.956291198730469,-13.501460075378418,-12.815757751464844,-12.94566822052002,-13.045741081237793,-12.81479549407959,-13.20307731628418,-13.84658432006836,-14.003714561462402,-12.20773983001709,-3.6696574687957764,-1.7932770252227783,-3.016817569732666,-2.907686710357666,-2.0045337677001953,0.1712338924407959,2.3684844970703125,4.332226276397705,3.439182996749878,-2.113034248352051,-2.1925301551818848,-1.4684888124465942,-1.3054569959640503,-1.0159355401992798,0.08464207500219345,0.6928704977035522,1.1622530221939087,1.620760202407837,2.3498594760894775,3.602972984313965
-7.600599765777588,-7.7069878578186035,-8.279248237609863,-8.532968521118164,-9.078450202941895,-9.41883373260498,-9.664070129394531,-9.567634582519531,-9.990469932556152,-10.823432922363281,-11.747403144836426,-12.782907485961914,-13.601838111877441,-13.724089622497559,-13.466987609863281,-13.14707088470459,-13.184106826782227,-13.135172843933105,-13.165488243103027,-13.738861083984375,-14.339804649353027,-14.285493850708008,-11.795244216918945,-2.7182776927948,-1.7734735012054443,-3.6234042644500732,-4.140899181365967,-3.905337333679199,-1.9323681592941284,-1.0238837003707886,-0.7069716453552246,-0.16491055488586426,-0.5257084369659424,0.21132010221481323,0.26712021231651306,0.19477078318595886,0.2643342912197113,0.9440975785255432,1.3650864362716675,1.4057453870773315,1.5763332843780518,2.3049376010894775,2.9396655559539795
-7.550724983215332,-7.715906620025635,-8.113500595092773,-8.466623306274414,-8.848108291625977,-9.15731430053711,-9.590167045593262,-9.851744651794434,-10.334284782409668,-10.966034889221191,-11.77755069732666,-12.53861141204834,-13.465278625488281,-13.377849578857422,-13.83553695678711,-13.41199016571045,-13.444465637207031,-13.552068710327148,-13.603707313537598,-14.041812896728516,-14.677543640136719,-14.336966514587402,-10.739259719848633,-3.0286624431610107,-2.1989688873291016,-3.946721315383911,-5.944096565246582,-5.705690383911133,-5.4094719886779785,-5.403095245361328,-5.119824409484863,-2.397156000137329,2.040388345718384,3.5627288818359375,3.886322498321533,4.402649879455566,4.17751407623291,3.728304386138916,3.7662696838378906,3.548006057739258,3.2065351009368896,3.4238710403442383,3.4340498447418213
-7.548250675201416,-7.983668804168701,-8.250054359436035,-8.635746955871582,-8.902568817138672,-9.326887130737305,-9.924503326416016,-10.474254608154297,-10.918208122253418,-11.366336822509766,-12.10667896270752,-12.56600284576416,-13.392984390258789,-13.436680793762207,-13.842501640319824,-13.675027847290039,-13.73045825958252,-13.778785705566406,-13.744760513305664,-14.07042407989502,-14.62050724029541,-13.933911323547363,-9.307251930236816,-2.1086599826812744,-1.1983646154403687,-3.1862614154815674,-6.378397464752197,-6.864933490753174,-6.8433756828308105,-7.084418773651123,-4.8774638175964355,-2.9755406379699707,0.5065975785255432,4.410929203033447,3.4463319778442383,2.543239116668701,2.423091411590576,2.6899404525756836,3.3095016479492188,3.746805429458618,4.1312336921691895,4.649552822113037,4.545302391052246
-7.60205602645874,-8.210748672485352,-8.386160850524902,-8.998533248901367,-9.235960006713867,-9.71485710144043,-10.341136932373047,-10.870793342590332,-11.35363483428955,-11.86465072631836,-12.473593711853027,-12.743670463562012,-13.133707046508789,-13.656302452087402,-13.883652687072754,-13.865047454833984,-13.857760429382324,-13.751928329467773,-13.634830474853516,-13.961995124816895,-14.451329231262207,-13.602309226989746,-8.287121772766113,-2.121154308319092,-2.5715999603271484,-4.891739368438721,-6.81802225112915,-8.116720199584961,-7.687148571014404,-6.894992828369141,-5.990433216094971,-5.385362148284912,-3.9527318477630615,-0.4898245930671692,-0.192837193608284,-0.3295598328113556,-0.5047168135643005,-0.9947684407234192,0.12155774980783463,2.570132255554199,4.608450889587402,5.054794788360596,4.9483184814453125
-7.675765037536621,-8.224149703979492,-8.286892890930176,-9.041519165039062,-9.275657653808594,-9.74173641204834,-10.363350868225098,-10.820469856262207,-11.555583000183105,-12.176350593566895,-12.660693168640137,-12.904964447021484,-13.049215316772461,-13.656713485717773,-13.692251205444336,-13.75208568572998,-13.805306434631348,-13.761016845703125,-13.75634765625,-13.890398979187012,-14.31069278717041,-13.340600967407227,-7.543971061706543,-3.0963869094848633,-4.084555625915527,-5.361859321594238,-6.354241371154785,-6.420709609985352,-6.025259017944336,-5.634694576263428,-5.357885837554932,-5.520205974578857,-5.8538899421691895,-5.634664535522461,-5.699003219604492,-3.5783514976501465,-1.6579861640930176,-0.18731021881103516,0.7459724545478821,2.307326316833496,4.340643882751465,4.719348430633545,4.710573196411133
-7.765831470489502,-8.273067474365234,-8.387290000915527,-8.928033828735352,-9.082015991210938,-9.41999340057373,-10.194642066955566,-10.522966384887695,-11.381136894226074,-12.06905746459961,-12.601737022399902,-12.891615867614746,-13.169967651367188,-13.36314582824707,-13.56443977355957,-13.56428337097168,-13.68086051940918,-13.794515609741211,-13.911957740783691,-13.828683853149414,-13.995776176452637,-12.59566879272461,-6.0445733070373535,-2.2928531169891357,-2.2871272563934326,-2.8693318367004395,-4.118594646453857,-2.6314573287963867,-1.850678563117981,-3.1865363121032715,-5.099545955657959,-6.026290416717529,-5.810275077819824,-7.387361526489258,-7.816324234008789,-6.793149471282959,-5.731186866760254,-2.7347140312194824,0.4658880829811096,3.0369975566864014,4.02313756942749,3.0720841884613037,4.070919990539551
-7.906652927398682,-8.5916748046875,-8.81513786315918,-9.193316459655762,-9.339314460754395,-9.419903755187988,-10.054593086242676,-10.229475021362305,-10.84982681274414,-11.528557777404785,-12.158439636230469,-12.770425796508789,-13.343289375305176,-13.399750709533691,-13.506230354309082,-13.855900764465332,-13.786890983581543,-13.685484886169434,-13.74428653717041,-13.606281280517578,-13.407269477844238,-11.39770793914795,-3.8395276069641113,-2.6084370613098145,-2.685497522354126,-1.9246125221252441,-1.7208226919174194,-0.9457668662071228,-1.0080382823944092,-4.548298358917236,-6.1247053146362305,-6.342831611633301,-6.879650592803955,-7.407003402709961,-6.427600860595703,-6.441906452178955,-6.666691303253174,-6.093627452850342,-4.127171516418457,0.8206447958946228,5.05852746963501,4.109156131744385,4.1155009269714355
-8.032758712768555,-8.779603004455566,-9.010351181030273,-9.371580123901367,-9.566694259643555,-9.817591667175293,-10.078158378601074,-10.11076545715332,-10.363531112670898,-11.014169692993164,-11.669151306152344,-12.626202583312988,-13.53642463684082,-13.695610046386719,-13.636786460876465,-13.840761184692383,-14.119189262390137,-13.666702270507812,-13.558594703674316,-13.256795883178711,-12.428524017333984,-9.823283195495605,-3.471407413482666,-3.5624613761901855,-3.834871768951416,-2.8218798637390137,-1.9861927032470703,-2.938671112060547,-4.069538593292236,-6.376593589782715,-7.011636734008789,-7.449843883514404,-7.23670768737793,-6.224846363067627,-5.54530143737793,-4.83029317855835,-4.435885906219482,-4.378934383392334,-4.35519552230835,-1.7835196256637573,4.227235794067383,5.642757415771484,6.075354099273682
-7.842306137084961,-8.369792938232422,-8.676952362060547,-9.066569328308105,-9.394488334655762,-9.981091499328613,-10.279163360595703,-10.258868217468262,-10.450121879577637,-11.01682186126709,-11.757369995117188,-12.680532455444336,-13.33067798614502,-13.614228248596191,-13.435049057006836,-13.596061706542969,-13.95694637298584,-13.951228141784668,-13.732983589172363,-13.426210403442383,-11.293539047241211,-7.493857383728027,-2.5162508487701416,-1.7778939008712769,-2.77018404006958,-4.645915985107422,-5.356264591217041,-6.401169300079346,-7.512596130371094,-8.07614803314209,-7.202627658843994,-6.661430835723877,-5.698110580444336,-4.625027179718018,-1.9858158826828003,0.20789362490177155,0.1370389312505722,-1.1214309930801392,-2.498603343963623,-1.993501901626587,1.3183813095092773,4.694772243499756,6.174708366394043
-7.310473918914795,-7.7456207275390625,-8.117209434509277,-8.739480018615723,-9.137295722961426,-9.882930755615234,-10.437697410583496,-10.68088150024414,-11.24166202545166,-11.502412796020508,-12.133338928222656,-12.702521324157715,-12.715160369873047,-13.02421760559082,-12.82705020904541,-12.734295845031738,-12.851683616638184,-13.744036674499512,-13.7654390335083,-13.916129112243652,-10.327154159545898,-5.628159523010254,-0.8261984586715698,0.4585367441177368,-1.3859119415283203,-5.407344341278076,-7.655595302581787,-7.6420063972473145,-7.147429466247559,-6.335402488708496,-5.03448486328125,-4.194339275360107,-3.0028371810913086,-1.6355170011520386,0.21074330806732178,2.521146297454834,1.695466160774231,-0.6592640280723572,-3.030205488204956,-4.60587739944458,-4.959577560424805,-4.187801837921143,-1.7182791233062744
-6.657762050628662,-7.183000087738037,-7.616710186004639,-8.462178230285645,-9.027523040771484,-9.861433029174805,-10.617314338684082,-11.469771385192871,-12.31554126739502,-12.143404006958008,-12.327312469482422,-12.358366012573242,-12.092416763305664,-12.127206802368164,-11.88370132446289,-11.420672416687012,-11.37686538696289,-11.929035186767578,-13.088780403137207,-13.55272102355957,-10.113369941711426,-5.167773723602295,-0.4379042387008667,1.2137750387191772,-1.2557306289672852,-5.3278279304504395,-7.029684066772461,-6.180775165557861,-4.46260404586792,-3.2911131381988525,-1.3846092224121094,0.08502248674631119,-0.6645627021789551,-2.0504026412963867,-3.2546284198760986,-2.5343880653381348,-3.0240321159362793,-4.377127647399902,-5.39744758605957,-6.218867301940918,-7.127243995666504,-7.79693078994751,-8.450118064880371
-6.093278408050537,-6.645679473876953,-7.2322564125061035,-8.174483299255371,-9.074917793273926,-9.906135559082031,-10.899873733520508,-12.184858322143555,-12.95412826538086,-12.431739807128906,-12.22136116027832,-12.028443336486816,-11.943511009216309,-11.501208305358887,-11.040183067321777,-10.604411125183105,-10.318142890930176,-10.318988800048828,-11.650370597839355,-12.724059104919434,-10.101245880126953,-6.017639636993408,-2.4543328285217285,-2.384744644165039,-5.326683521270752,-6.10178804397583,-6.262814044952393,-4.222323894500732,-1.4855420589447021,-1.6564584970474243,-2.4861161708831787,-2.9181020259857178,-4.592020034790039,-5.714115619659424,-6.707056045532227,-6.879985332489014,-7.0566277503967285,-7.207303047180176,-7.278595924377441,-6.678719520568848,-5.382050514221191,-5.90981912612915,-6.769639015197754
-5.716640472412109,-6.254863262176514,-6.959767818450928,-7.998591899871826,-8.941167831420898,-9.842490196228027,-10.886119842529297,-12.139150619506836,-12.582962036132812,-12.239744186401367,-12.305642127990723,-12.710886001586914,-12.939742088317871,-12.275792121887207,-11.223297119140625,-9.847333908081055,-8.714055061340332,-9.147454261779785,-9.967056274414062,-11.137334823608398,-9.239105224609375,-5.59228515625,-5.100107192993164,-7.456334590911865,-8.229835510253906,-5.525989532470703,-4.630850315093994,-3.747946262359619,-3.8809218406677246,-5.49957799911499,-6.626209735870361,-8.004465103149414,-8.136449813842773,-7.765528202056885,-7.741197109222412,-8.196699142456055,-8.723777770996094,-8.578728675842285,-7.852148532867432,-6.877965927124023,-4.453354358673096,-2.7674026489257812,-2.9628171920776367
-5.526562213897705,-6.061949729919434,-6.806457042694092,-7.728994846343994,-8.6439790725708,-9.77077579498291,-10.690482139587402,-11.497435569763184,-11.884511947631836,-12.30095100402832,-13.424880027770996,-14.31444263458252,-14.519612312316895,-13.553930282592773,-11.365906715393066,-8.819510459899902,-7.452778339385986,-7.793362140655518,-8.550220489501953,-9.627754211425781,-7.87362003326416,-4.608293533325195,-4.737883567810059,-6.267395973205566,-6.14632511138916,-6.031569004058838,-5.324830055236816,-5.073506832122803,-6.276056289672852,-6.978992462158203,-7.930307388305664,-8.441079139709473,-8.154717445373535,-7.680339813232422,-7.296882152557373,-7.322623252868652,-7.622934341430664,-6.996947765350342,-6.955595970153809,-7.147270679473877,-5.189510822296143,-3.4006831645965576,-3.284386396408081
-5.382021427154541,-5.9899725914001465,-6.728456497192383,-7.440951347351074,-8.604827880859375,-9.858779907226562,-10.618171691894531,-11.142119407653809,-11.838562965393066,-13.081079483032227,-14.400574684143066,-14.794437408447266,-14.638388633728027,-13.32153606414795,-10.355487823486328,-7.733621597290039,-6.412317752838135,-6.995199680328369,-8.062886238098145,-8.999475479125977,-7.18987512588501,-2.277143716812134,-1.7985262870788574,-3.3365650177001953,-4.948939323425293,-6.731237411499023,-6.98001766204834,-6.668544769287109,-5.605228424072266,-4.425796031951904,-4.942924499511719,-5.812073230743408,-6.786301612854004,-6.953509330749512,-7.095598220825195,-6.322724342346191,-5.0424089431762695,-4.248756408691406,-5.056830406188965,-5.516138076782227,-5.663034439086914,-4.715292930603027,-5.0684733390808105
-5.122676372528076,-5.770479202270508,-6.536205768585205,-7.365792274475098,-8.623555183410645,-9.822709083557129,-10.574932098388672,-11.114151954650879,-11.969401359558105,-13.160135269165039,-14.21546745300293,-14.305354118347168,-13.569474220275879,-12.000678062438965,-9.495768547058105,-6.7425994873046875,-5.276272773742676,-6.228051662445068,-7.154296398162842,-8.196009635925293,-7.411183834075928,-2.014227867126465,-0.3895553648471832,-1.5432504415512085,-3.7821645736694336,-6.39674711227417,-7.479931831359863,-6.689096450805664,-3.6217315196990967,0.7664577960968018,0.11220718920230865,-0.9042648673057556,-2.092616081237793,-2.412553548812866,-2.698502779006958,-2.20637583732605,-0.3650400936603546,0.4077307879924774,-1.0579639673233032,-3.361417770385742,-4.551984786987305,-4.375115871429443,-3.7688450813293457
-4.812393665313721,-5.486466884613037,-6.366927623748779,-7.287174224853516,-8.277825355529785,-9.23841381072998,-10.196893692016602,-10.841288566589355,-11.677762031555176,-12.506437301635742,-12.918261528015137,-12.438857078552246,-11.521909713745117,-11.358975410461426,-10.597330093383789,-7.996612548828125,-6.199225902557373,-5.360035419464111,-5.541358947753906,-6.803678035736084,-7.3064961433410645,-3.044109582901001,0.028700625523924828,0.2278980016708374,-1.2421703338623047,-4.033621311187744,-6.387280464172363,-6.082803249359131,-3.8780934810638428,1.5229989290237427,3.669542074203491,4.5577545166015625,5.187412738800049,4.601247310638428,2.7484235763549805,1.0165289640426636,0.9226276278495789,2.210900068283081,1.811694622039795,-0.754643440246582,-4.517999649047852,-4.785918235778809,-4.6232380867004395
-4.491932392120361,-5.29197359085083,-6.300642013549805,-7.033064365386963,-7.7378997802734375,-8.477417945861816,-9.300027847290039,-10.080493927001953,-11.077704429626465,-11.756332397460938,-10.692414283752441,-9.989642143249512,-7.349906921386719,-8.830917358398438,-9.410276412963867,-8.49598217010498,-6.508749961853027,-6.799450874328613,-5.349232196807861,-5.692111492156982,-6.252216339111328,-3.14860200881958,0.6570473909378052,2.0685219764709473,1.8693095445632935,0.6102319955825806,-2.830226421356201,-4.95646333694458,-3.8754677772521973,0.00634368509054184,4.909061431884766,4.899158000946045,4.107879638671875,2.7084150314331055,0.8481616377830505,-2.257904291152954,-4.767736434936523,-4.4846038818359375,-3.9636049270629883,-4.429838180541992,-5.839133262634277,-6.134878158569336,-6.966277599334717
