data/wind_data/wind_8_1.json
{"header": {"parameterUnit": "KT", "parameterCategory": 2, "nx": 256, "ny": 198, "lo1": 44.73521041870117, "la1": -3.236724853515625, "lo2": 111.26478576660156, "la2": 43.468475341796875, "dx": 0.2609002888202667, "dy": -0.23708222806453705, "refTime": "2025-02-19 08:00:00", "forecastTime": 0, "parameterNumber": 2, "parameterNumberName": "eastward_wind"}, "data":
[rows 38 to 56 of 198, columns 172 to 214 of 256]
-6.0968852043151855,-6.490782737731934,-6.933964729309082,-7.013271808624268,-7.499361515045166,-8.015427589416504,-8.507980346679688,-9.545747756958008,-9.110020637512207,-9.057645797729492,-8.685935974121094,-8.813096046447754,-8.488407135009766,-7.675662517547607,-7.93242073059082,-8.719477653503418,-9.071236610412598,-8.021846771240234,-7.253554344177246,-8.045733451843262,-7.045703887939453,-6.987259864807129,-7.120103359222412,-7.308444499969482,-7.705282211303711,-8.48117733001709,-9.02525806427002,-8.793689727783203,-8.212712287902832,-7.451910018920898,-6.0450119972229,-4.737006664276123,-3.727635145187378,-2.5363292694091797,-0.08870832622051239,2.810044050216675,4.712074279785156,5.7190046310424805,4.506114482879639,-7.564586162567139,-6.906111240386963,-8.105177879333496,-10.025450706481934
-6.32626485824585,-6.846765518188477,-7.185216426849365,-7.536393165588379,-8.1109619140625,-9.039400100708008,-8.782304763793945,-8.506726264953613,-8.83695125579834,-9.232030868530273,-8.660627365112305,-8.450366020202637,-8.522629737854004,-7.717483043670654,-7.79917573928833,-7.188666343688965,-8.48195743560791,-9.195961952209473,-7.4810872077941895,-8.05228042602539,-7.749654293060303,-7.674322128295898,-8.119178771972656,-8.700126647949219,-9.433320045471191,-10.18014907836914,-10.361332893371582,-9.837686538696289,-9.30781364440918,-8.728686332702637,-7.78104305267334,-6.6390461921691895,-5.589742183685303,-3.809549570083618,-0.4067968726158142,3.830512523651123,5.801319122314453,7.742875099182129,0.10280710458755493,-10.157922744750977,-13.26425552368164,-13.039813041687012,-13.718363761901855
-6.606278896331787,-6.85228157043457,-7.217698574066162,-7.714028835296631,-7.999939441680908,-8.958043098449707,-9.335614204406738,-8.745287895202637,-8.858508110046387,-9.129966735839844,-8.470419883728027,-7.915472507476807,-8.452718734741211,-8.31751823425293,-7.557881832122803,-7.385900497436523,-8.75504207611084,-8.763769149780273,-7.963002681732178,-7.648985385894775,-8.119769096374512,-8.02841567993164,-8.315747261047363,-8.975602149963379,-9.86616039276123,-10.704606056213379,-11.043733596801758,-11.068597793579102,-11.082866668701172,-10.74489688873291,-9.981401443481445,-8.935885429382324,-7.3107709884643555,-4.235222816467285,0.6667541265487671,4.357200622558594,7.032382965087891,1.2707465887069702,-11.607979774475098,-13.750160217285156,-13.163542747497559,-14.41943073272705,-13.740982055664062
-6.474808692932129,-6.73394775390625,-7.603830814361572,-8.258916854858398,-8.425321578979492,-8.7473726272583,-8.81900405883789,-8.920036315917969,-9.093131065368652,-9.03154468536377,-8.552321434020996,-8.012188911437988,-7.932344436645508,-8.533982276916504,-7.854502201080322,-7.574406623840332,-7.770301818847656,-8.35535717010498,-7.7179951667785645,-7.874040126800537,-8.021611213684082,-8.127748489379883,-8.153083801269531,-8.440890312194824,-9.382967948913574,-10.670685768127441,-11.61700439453125,-12.216656684875488,-12.273702621459961,-11.70917797088623,-10.626859664916992,-9.263087272644043,-7.080015182495117,-3.2760961055755615,2.0120410919189453,4.891231536865234,5.683206081390381,-6.454061985015869,-15.466328620910645,-12.058561325073242,-15.029332160949707,-11.789717674255371,-15.24803352355957
-6.010617733001709,-6.307617664337158,-7.268670558929443,-8.018087387084961,-8.465627670288086,-8.74959945678711,-8.752717018127441,-8.678125381469727,-8.944816589355469,-9.20987319946289,-8.855500221252441,-8.30004596710205,-7.692842960357666,-8.52430248260498,-7.582344055175781,-7.9120612144470215,-7.753393650054932,-7.519093036651611,-7.384234428405762,-7.889303207397461,-7.910022258758545,-8.281943321228027,-8.478793144226074,-8.156620979309082,-8.515472412109375,-9.815032005310059,-10.931323051452637,-11.7005615234375,-12.067832946777344,-11.218945503234863,-9.462445259094238,-6.985352039337158,-3.9974238872528076,-0.5826822519302368,3.3975863456726074,6.218374252319336,-0.5013860464096069,-18.79075050354004,-8.057403564453125,-17.089309692382812,-10.892385482788086,-13.219623565673828,-12.865833282470703
-5.929195880889893,-5.935306549072266,-6.451748371124268,-7.6878437995910645,-8.532807350158691,-8.941356658935547,-8.786474227905273,-8.63596248626709,-8.987814903259277,-9.474729537963867,-9.094633102416992,-8.022994041442871,-7.805090427398682,-8.40981388092041,-7.7867045402526855,-7.881690502166748,-7.607447147369385,-7.114833354949951,-6.907436847686768,-7.367810249328613,-7.73602819442749,-8.888845443725586,-9.799552917480469,-8.7531156539917,-7.658235549926758,-7.592381477355957,-8.445024490356445,-9.019674301147461,-9.039718627929688,-7.715677261352539,-5.141616344451904,-2.430842876434326,-0.0100341672077775,1.5140101909637451,2.669933557510376,2.4358127117156982,-9.281697273254395,-11.179096221923828,-11.1715087890625,-12.33857536315918,-14.573431015014648,-11.332795143127441,-10.702805519104004
-5.7321953773498535,-5.664220333099365,-5.93257474899292,-6.972377777099609,-8.011335372924805,-8.845626831054688,-9.045452117919922,-8.950303077697754,-9.164854049682617,-9.388358116149902,-8.831886291503906,-7.547262191772461,-7.75492525100708,-8.528112411499023,-8.496378898620605,-8.200872421264648,-7.92322301864624,-7.078754901885986,-6.470643520355225,-6.962599277496338,-8.351016998291016,-10.539667129516602,-11.514627456665039,-10.276494979858398,-8.120684623718262,-5.835615634918213,-5.2351202964782715,-5.337664604187012,-5.365175724029541,-4.521079063415527,-2.141947031021118,2.0326786041259766,4.32823371887207,8.426901817321777,-9.499281883239746,-2.721482992172241,-15.644316673278809,-6.944566249847412,-11.385784149169922,-11.203995704650879,-14.275354385375977,-10.995132446289062,-9.533844947814941
-6.075305938720703,-5.989523410797119,-5.9847307205200195,-6.3057861328125,-6.987722873687744,-8.273335456848145,-9.104757308959961,-9.169658660888672,-9.217076301574707,-8.955425262451172,-8.508646011352539,-7.914741039276123,-7.979389190673828,-8.544869422912598,-8.520650863647461,-8.185583114624023,-7.756280422210693,-6.96716833114624,-6.569515705108643,-7.106791019439697,-10.121261596679688,-12.827494621276855,-12.728800773620605,-11.518533706665039,-9.232160568237305,-6.249756336212158,-3.8298635482788086,-2.635654926300049,-1.6066936254501343,-0.9436955451965332,0.09989482164382935,3.7804923057556152,4.653193950653076,10.530875205993652,-10.99475383758545,-6.388175964355469,-14.1331205368042,-8.64885139465332,-15.318132400512695,-10.416090965270996,-13.272482872009277,-9.181412696838379,-11.648666381835938
-6.1110429763793945,-6.547939777374268,-6.4887495040893555,-6.246060371398926,-6.426459312438965,-7.623106479644775,-8.611873626708984,-8.822476387023926,-8.687825202941895,-8.4633207321167,-8.215986251831055,-8.027946472167969,-8.189179420471191,-8.464487075805664,-8.398285865783691,-8.012489318847656,-7.3488993644714355,-7.188994884490967,-7.159882545471191,-8.078673362731934,-10.411346435546875,-12.789600372314453,-12.873270988464355,-12.449965476989746,-10.318246841430664,-7.610839366912842,-5.420854568481445,-3.7217166423797607,-2.047159433364868,-0.4244445562362671,1.483279824256897,5.7120232582092285,6.947144985198975,6.981735706329346,-12.891586303710938,-6.5032782554626465,-11.300827026367188,-10.576807022094727,-13.328023910522461,-9.60116958618164,-9.111634254455566,-10.689103126525879,-10.465484619140625
-5.661632061004639,-6.402632713317871,-6.569288730621338,-6.5158371925354,-6.724825859069824,-7.167854309082031,-7.738983631134033,-7.90802001953125,-7.82464599609375,-7.809891700744629,-8.085955619812012,-8.210899353027344,-8.655814170837402,-8.811844825744629,-8.350022315979004,-7.649220943450928,-7.032978057861328,-7.417731761932373,-8.01960563659668,-9.110074996948242,-9.780235290527344,-11.352601051330566,-12.461073875427246,-12.683466911315918,-11.21374797821045,-8.673927307128906,-6.840285301208496,-5.169320583343506,-3.59722638130188,-1.2649140357971191,1.7801775932312012,6.334537506103516,6.189040660858154,8.082475662231445,-15.098405838012695,-6.899050712585449,-13.5673828125,-9.783709526062012,-13.36502456665039,-9.228619575500488,-8.296483993530273,-11.623381614685059,-9.031158447265625
-5.363012790679932,-5.843983173370361,-6.27781867980957,-6.587206840515137,-7.068514823913574,-7.068824291229248,-7.042746067047119,-6.988439083099365,-6.620761871337891,-6.6883015632629395,-7.546279430389404,-8.187325477600098,-8.845940589904785,-9.008379936218262,-8.14608383178711,-7.299962520599365,-7.330438137054443,-7.629377841949463,-8.652907371520996,-9.414284706115723,-9.806486129760742,-10.667695999145508,-11.636101722717285,-12.514552116394043,-12.333304405212402,-10.127983093261719,-7.946770668029785,-5.817295074462891,-4.550513744354248,-2.0409061908721924,1.2519640922546387,4.806299209594727,4.315697193145752,1.520168423652649,-9.706464767456055,-12.360574722290039,-9.385461807250977,-15.222012519836426,-11.51215648651123,-11.894262313842773,-9.04089641571045,-11.279877662658691,-8.439653396606445
-5.603286266326904,-5.752737998962402,-6.130781650543213,-6.478350639343262,-6.825408458709717,-6.965735912322998,-6.786976337432861,-6.620466232299805,-6.10060977935791,-5.705587387084961,-6.5176897048950195,-7.670610427856445,-8.425210952758789,-8.622547149658203,-8.178468704223633,-7.623348712921143,-7.539730548858643,-7.782744884490967,-8.384957313537598,-8.757962226867676,-9.524925231933594,-10.698960304260254,-11.837200164794922,-12.631094932556152,-12.83462905883789,-11.395586013793945,-9.521003723144531,-7.717918872833252,-5.806656837463379,-3.62298321723938,0.313140869140625,3.61606502532959,4.919216632843018,0.7391641139984131,-11.840672492980957,-13.950121879577637,-10.811997413635254,-11.30843448638916,-10.807328224182129,-11.76859188079834,-9.261992454528809,-10.325047492980957,-8.538792610168457
-5.924337387084961,-6.127258777618408,-6.172132968902588,-6.2420830726623535,-6.357239246368408,-6.605975151062012,-6.777145862579346,-6.598468780517578,-5.9724440574646,-5.1487345695495605,-5.38090705871582,-6.554224491119385,-7.530417442321777,-7.885514259338379,-7.8254265785217285,-7.752418518066406,-7.86331033706665,-7.89050817489624,-8.175844192504883,-8.622041702270508,-8.723492622375488,-9.291580200195312,-10.54586410522461,-11.60389518737793,-11.906872749328613,-11.550379753112793,-10.711904525756836,-8.868395805358887,-6.816341400146484,-4.1850504875183105,-0.575720489025116,2.7234995365142822,3.3516006469726562,-0.6563572287559509,-12.726099967956543,-13.366307258605957,-9.079014778137207,-9.206783294677734,-11.19161605834961,-10.119473457336426,-10.067014694213867,-8.992208480834961,-8.61474609375
-6.14496374130249,-6.4430694580078125,-6.358006477355957,-6.090515613555908,-6.0693769454956055,-6.248356342315674,-6.511329174041748,-6.559664726257324,-6.253998279571533,-5.515613555908203,-5.052272319793701,-5.390168190002441,-6.198924541473389,-6.770442962646484,-7.129847526550293,-7.5420613288879395,-8.048442840576172,-8.19015121459961,-8.24795913696289,-8.457551002502441,-8.392183303833008,-8.280814170837402,-9.138894081115723,-10.322446823120117,-11.034567832946777,-11.240461349487305,-10.86063003540039,-9.66402530670166,-7.893752574920654,-4.831515789031982,-1.2235463857650757,2.686109781265259,3.004430055618286,5.60763692855835,-5.877886772155762,-15.77674388885498,-8.100615501403809,-9.752392768859863,-10.042851448059082,-9.997939109802246,-10.074591636657715,-9.019392013549805,-8.627603530883789
-6.4144978523254395,-6.542646884918213,-6.600217342376709,-6.2916765213012695,-6.086489677429199,-6.044595718383789,-6.082163333892822,-6.151639461517334,-6.313353538513184,-6.065741062164307,-5.308048248291016,-4.6903815269470215,-5.013298511505127,-5.710259914398193,-6.23234748840332,-6.973559379577637,-7.717788219451904,-8.145672798156738,-8.278157234191895,-8.46674633026123,-8.344259262084961,-7.829984664916992,-7.764652729034424,-8.777037620544434,-9.905001640319824,-10.492512702941895,-10.306519508361816,-9.893125534057617,-8.633639335632324,-6.093167304992676,-1.9777076244354248,2.142977476119995,3.94071888923645,2.684807538986206,-2.537947416305542,-17.545978546142578,-6.845536708831787,-10.051413536071777,-10.393328666687012,-8.397052764892578,-9.823853492736816,-7.886693000793457,-7.722665786743164
-6.777379512786865,-6.640095233917236,-6.68163537979126,-6.566856861114502,-6.353226184844971,-6.059188365936279,-5.747396469116211,-5.66580867767334,-5.916607856750488,-6.047897815704346,-5.425557613372803,-4.603085041046143,-4.425661087036133,-5.129706859588623,-5.409780502319336,-6.31810188293457,-6.853537559509277,-7.570035457611084,-7.97124719619751,-8.291842460632324,-8.194591522216797,-7.869645595550537,-7.3480048179626465,-7.443249225616455,-8.611665725708008,-9.340215682983398,-9.87891960144043,-9.555699348449707,-8.56661319732666,-6.477510929107666,-3.0468664169311523,0.2402835637331009,1.285548210144043,-1.8240556716918945,-3.130481481552124,-9.620773315429688,-10.644875526428223,-13.393588066101074,-7.384953498840332,-8.99671745300293,-7.287599563598633,-6.329988956451416,-5.499840259552002
-7.116247177124023,-6.911097049713135,-6.730819225311279,-6.620075702667236,-6.502582550048828,-6.187102794647217,-5.680419445037842,-5.398240089416504,-5.502120494842529,-5.666558265686035,-5.317599773406982,-5.131430625915527,-4.817365646362305,-5.053550720214844,-5.02170991897583,-5.618942737579346,-5.94224739074707,-6.51586389541626,-7.107795715332031,-7.700764179229736,-7.783257484436035,-7.655076026916504,-7.374695301055908,-7.025219440460205,-7.429049968719482,-8.305773735046387,-8.666457176208496,-8.657156944274902,-7.92469596862793,-6.577891826629639,-4.295719623565674,-1.7248635292053223,-0.24966827034950256,-0.22835825383663177,-0.7243598103523254,-4.90115213394165,-15.624383926391602,-10.826742172241211,-6.053600311279297,-9.75074291229248,-3.873469829559326,-5.3038129806518555,-2.714059352874756
-7.230330944061279,-7.04629373550415,-6.7598748207092285,-6.489963054656982,-6.3527140617370605,-6.0936384201049805,-5.606760501861572,-5.268870830535889,-5.2969818115234375,-5.284693717956543,-4.89168643951416,-5.594473361968994,-5.796993732452393,-4.888735294342041,-5.490907192230225,-4.797237396240234,-5.524548530578613,-5.3789777755737305,-6.039056777954102,-6.5650858879089355,-6.97573709487915,-6.992159366607666,-6.992734432220459,-6.940096855163574,-6.987354278564453,-7.41079568862915,-7.603257656097412,-7.488781452178955,-6.784107685089111,-5.5212554931640625,-3.786086082458496,-1.7312155961990356,-0.30041995644569397,0.327395498752594,0.4594973027706146,-1.0772783756256104,-13.223200798034668,-9.240981101989746,-8.337387084960938,-6.758487701416016,-3.2200417518615723,-3.3536272048950195,-0.7735822200775146
-6.874903678894043,-6.811421871185303,-6.633286476135254,-6.36992073059082,-6.175936698913574,-5.965451717376709,-5.476544380187988,-5.025660037994385,-4.920491695404053,-4.648250102996826,-4.023115634918213,-5.550455570220947,-7.382428169250488,-4.154996395111084,-6.630131244659424,-3.934953451156616,-5.592594623565674,-4.67771577835083,-5.310087203979492,-5.242749214172363,-5.735591411590576,-6.0562591552734375,-6.405548095703125,-6.560521602630615,-6.693171977996826,-6.814327716827393,-6.931105613708496,-6.824335098266602,-6.369995594024658,-5.153339862823486,-3.1884148120880127,-1.0007561445236206,0.728144109249115,1.3859459161758423,1.5685043334960938,-3.681802988052368,-10.470760345458984,-8.33984661102295,-8.013442039489746,-4.361356735229492,-3.1730854511260986,-1.5758243799209595,0.06360869109630585
