data/wind_data/wind_36_6.json
{"header": {"parameterUnit": "KT", "parameterCategory": 2, "nx": 256, "ny": 198, "lo1": 44.73521041870117, "la1": -3.236724853515625, "lo2": 111.26478576660156, "la2": 43.468475341796875, "dx": 0.2609002888202667, "dy": -0.23708222806453705, "refTime": "2025-02-20 12:00:00", "forecastTime": 0, "parameterNumber": 2, "parameterNumberName": "eastward_wind"}, "data":
[rows 120 to 139 of 198, columns 45 to 89 of 256]
87.14803314208984,86.74385070800781,86.07365417480469,85.33993530273438,84.65725708007812,84.1515121459961,83.25386810302734,81.45103454589844,79.52131652832031,79.12703704833984,80.40167236328125,81.32261657714844,80.93489837646484,80.10895538330078,79.50662231445312,79.43154907226562,79.68724060058594,80.11181640625,80.3586196899414,79.93878936767578,80.06583404541016,80.17330169677734,79.16807556152344,77.94603729248047,78.75975799560547,81.13495635986328,82.45028686523438,82.40096282958984,82.0870132446289,81.93045806884766,81.81332397460938,81.65806579589844,81.68351745605469,82.11500549316406,82.72864532470703,82.96212005615234,82.95933532714844,82.63472747802734,82.3225326538086,83.06901550292969,82.10291290283203,79.42284393310547,79.02142333984375,79.97183990478516,80.11096954345703
86.94477844238281,86.58785247802734,85.9165267944336,85.06379699707031,84.44175720214844,83.9076156616211,82.96839141845703,81.58277893066406,80.58549499511719,80.96989440917969,81.93147277832031,81.99279022216797,81.27555084228516,80.50524139404297,80.0391616821289,80.14865112304688,80.45002746582031,81.14794921875,81.22038269042969,80.89552307128906,81.30831146240234,81.41531372070312,79.77901458740234,78.51105499267578,80.11278533935547,82.53523254394531,82.94910430908203,82.6026840209961,82.68392944335938,82.81575775146484,82.74304962158203,82.49217224121094,82.28669738769531,82.33010864257812,82.44869995117188,82.32353973388672,82.30252838134766,82.326904296875,82.36593627929688,83.548828125,83.08186340332031,80.23491668701172,79.67816925048828,80.71546173095703,80.71916961669922
86.19739532470703,85.66905212402344,84.9037857055664,84.55403900146484,84.4511489868164,83.86650085449219,83.33992767333984,82.79644775390625,82.0152587890625,81.657470703125,81.626953125,81.60784912109375,81.46562194824219,81.14484405517578,81.0644302368164,81.15711975097656,81.83171844482422,81.55672454833984,81.76229095458984,81.02587890625,82.13965606689453,82.25230407714844,80.04893493652344,79.31851196289062,81.84784698486328,83.7814712524414,83.5289535522461,83.23753356933594,83.34455871582031,83.30331420898438,82.97457885742188,82.43875122070312,81.96569061279297,81.72344207763672,81.62518310546875,81.62367248535156,81.97769165039062,82.30785369873047,82.59481048583984,84.1455307006836,83.82833862304688,80.80068969726562,80.50556182861328,81.9589614868164,82.09368133544922
85.45985412597656,84.72576904296875,84.38961791992188,84.6532974243164,84.45252227783203,83.6230697631836,83.18114471435547,82.87042236328125,82.08020782470703,81.15931701660156,80.66839599609375,80.88047790527344,81.4128646850586,81.57637786865234,81.62361907958984,82.01984405517578,82.06927490234375,81.74409484863281,81.61702728271484,81.46074676513672,82.08186340332031,81.91030883789062,80.48970794677734,80.93253326416016,82.96112060546875,83.58370971679688,83.38570404052734,83.39478302001953,83.28987121582031,82.81156921386719,81.99501037597656,81.21044158935547,80.93342590332031,81.11119842529297,81.28548431396484,81.36241912841797,81.72472381591797,82.27322387695312,82.85562133789062,84.34974670410156,84.07325744628906,81.77603149414062,82.1041488647461,83.59687042236328,83.58301544189453
85.06912231445312,84.36427307128906,83.96794128417969,84.03870391845703,83.7711181640625,82.96379089355469,82.51585388183594,82.20732116699219,81.1957015991211,80.02413177490234,79.50814819335938,79.90518188476562,80.84745025634766,81.54940795898438,82.12319946289062,82.41056060791016,82.39981079101562,82.1478042602539,81.80025482177734,81.80906677246094,81.88372802734375,81.18922424316406,81.07792663574219,81.97318267822266,82.46814727783203,82.49992370605469,82.57522583007812,82.41463470458984,81.85315704345703,81.01433563232422,80.21566772460938,79.95063781738281,80.4645004272461,81.2332534790039,81.64278411865234,81.72806549072266,81.67535400390625,82.09619140625,83.28388977050781,84.63148498535156,84.23003387451172,82.87356567382812,83.54655456542969,84.4320297241211,84.03153991699219
85.12688446044922,84.63162231445312,84.17311096191406,83.78949737548828,83.13229370117188,82.31602478027344,82.3396987915039,81.78760528564453,79.81787109375,79.04573822021484,79.57596588134766,80.00032043457031,80.69551849365234,81.8496322631836,82.48739624023438,82.70642852783203,82.48030853271484,82.37603759765625,81.75426483154297,81.4017105102539,80.63453674316406,80.86688995361328,80.95954132080078,80.46810913085938,80.31029510498047,80.47660064697266,80.48797607421875,80.01878356933594,79.52215576171875,79.29950714111328,79.37492370605469,79.83202362060547,80.76862335205078,81.75492095947266,82.28097534179688,82.49687957763672,82.37189483642578,82.43741607666016,83.95372009277344,85.5160140991211,84.89163208007812,83.4029769897461,83.48837280273438,83.76537322998047,83.37873077392578
85.6663818359375,85.19435119628906,84.50251007080078,83.53370666503906,82.6305160522461,82.63861846923828,82.71749877929688,80.00033569335938,78.05516052246094,79.96479797363281,80.71587371826172,80.20838165283203,80.94879913330078,82.21233367919922,82.8213119506836,82.48595428466797,82.51477813720703,82.62503051757812,82.11329650878906,80.62250518798828,79.68495178222656,79.55240631103516,78.8393325805664,77.7456283569336,77.44886779785156,78.10135650634766,78.88217163085938,79.24396514892578,79.47261810302734,79.80458068847656,80.16322326660156,80.61985778808594,81.34871673583984,82.24762725830078,82.99020385742188,83.44903564453125,83.6088638305664,83.44020080566406,84.32782745361328,86.51078033447266,85.96868133544922,83.26231384277344,82.29131317138672,82.28446960449219,82.17473602294922
85.89083099365234,84.9824447631836,84.7485122680664,83.97521209716797,82.80309295654297,82.74761199951172,80.87250518798828,77.61495208740234,79.81587219238281,81.59886169433594,80.32537078857422,80.08229064941406,81.37029266357422,83.0508804321289,83.65225982666016,83.4654312133789,82.9292984008789,83.5531997680664,82.68978118896484,79.454345703125,77.47699737548828,77.16752624511719,76.62565612792969,76.37903594970703,77.1845932006836,78.60352325439453,79.62993621826172,79.87159729003906,79.99208068847656,80.39522552490234,80.82989501953125,81.38153839111328,82.1910400390625,82.98998260498047,83.58445739746094,84.0457992553711,84.43650817871094,84.47993469238281,84.22734832763672,85.69400787353516,86.11659240722656,82.82524871826172,80.67068481445312,80.365478515625,80.59785461425781
85.70741271972656,84.8714599609375,85.41686248779297,84.67851257324219,82.08424377441406,79.983642578125,78.18960571289062,79.29070281982422,81.31330871582031,80.70196533203125,80.04042053222656,80.97089385986328,82.28227996826172,83.74024200439453,85.29234313964844,84.20146179199219,83.69164276123047,83.74781036376953,81.34973907470703,77.85299682617188,76.20440673828125,76.1669921875,76.75819396972656,77.69338989257812,78.55211639404297,79.32847595214844,80.03453826904297,80.38548278808594,80.64859008789062,81.09806823730469,81.6164779663086,82.2669906616211,83.12101745605469,83.86650085449219,84.1535415649414,84.32371520996094,84.47991180419922,84.45670318603516,83.66092681884766,82.73063659667969,83.74126434326172,82.60710144042969,79.48716735839844,78.4736557006836,79.16898345947266
86.04518127441406,85.3566665649414,85.09126281738281,83.4473876953125,79.16541290283203,77.0107650756836,79.25801849365234,81.94026947021484,81.38056945800781,80.14714813232422,80.6497573852539,80.87911224365234,81.83314514160156,84.29594421386719,86.1444320678711,85.14836883544922,84.42884063720703,83.11198425292969,78.80587005615234,75.8174819946289,76.04438781738281,77.0523681640625,78.0836181640625,79.00857543945312,79.52053833007812,80.15465545654297,81.19477081298828,81.86644744873047,81.95344543457031,82.00897216796875,82.41779327392578,83.19351959228516,84.04410552978516,84.66476440429688,84.78218841552734,84.45845031738281,83.83084106445312,82.81413269042969,81.5805435180664,79.58877563476562,79.88551330566406,81.89376831054688,79.59384155273438,77.78479766845703,78.81951141357422
86.21202087402344,83.94635009765625,82.916015625,81.24793243408203,78.47798156738281,79.8784408569336,81.95067596435547,81.21171569824219,80.23699951171875,80.29693603515625,80.59799194335938,79.87814331054688,79.67109680175781,82.46793365478516,85.20532989501953,85.83267974853516,84.51776123046875,79.91645050048828,75.99661254882812,75.97616577148438,77.02503204345703,77.67562866210938,78.5746841430664,79.6629638671875,80.45063018798828,81.15763092041016,81.96493530273438,82.58313751220703,82.85523986816406,82.70857238769531,82.6366958618164,83.61053466796875,84.90577697753906,85.38553619384766,84.85887908935547,83.4356460571289,81.79350280761719,80.08564758300781,78.79379272460938,77.5923080444336,77.19400024414062,79.88653564453125,80.6858139038086,79.1300048828125,79.6586685180664
84.0634765625,82.18046569824219,83.20198822021484,83.8185806274414,81.82197570800781,80.88896942138672,81.5430908203125,81.63723754882812,81.1528091430664,80.57048034667969,79.9212646484375,79.37846374511719,79.42947387695312,81.05768585205078,83.71619415283203,84.87024688720703,81.85558319091797,77.67800903320312,76.9478988647461,77.69010925292969,78.0887451171875,78.56659698486328,79.41551208496094,80.47654724121094,81.1895980834961,81.59341430664062,82.30525970458984,83.38497924804688,83.83563995361328,83.33802032470703,82.90269470214844,83.6992416381836,85.02098846435547,84.9263916015625,83.16686248779297,80.73177337646484,78.82049560546875,77.47252655029297,76.67910766601562,76.38451385498047,76.55363464355469,78.82359313964844,81.15763092041016,81.17351531982422,81.36433410644531
83.32305908203125,85.43018341064453,87.73700714111328,86.47489929199219,81.34404754638672,79.32772827148438,82.16737365722656,83.04747772216797,81.94812774658203,80.45242309570312,79.30520629882812,80.446533203125,80.33509826660156,77.09041595458984,77.93943786621094,81.11782836914062,81.3773193359375,79.87257385253906,78.76294708251953,78.26831817626953,78.32024383544922,79.02909851074219,80.07730865478516,80.94171905517578,81.30835723876953,81.83063507080078,83.216064453125,84.43659973144531,83.86821746826172,82.77812194824219,82.86164093017578,83.64200592041016,83.28083801269531,81.44625091552734,79.26428985595703,77.47815704345703,76.50318145751953,76.10897064208984,76.04359436035156,76.46648406982422,76.6565933227539,78.60945129394531,82.0790023803711,83.1092300415039,83.52314758300781
86.44808959960938,88.09793853759766,88.30057525634766,85.39633178710938,80.01875305175781,79.4311752319336,82.28062438964844,82.87152099609375,81.49987030029297,80.28947448730469,79.47469329833984,80.1288070678711,79.08979797363281,78.21212768554688,82.03191375732422,85.58160400390625,84.33223724365234,80.2212142944336,77.74800109863281,77.70484924316406,78.76913452148438,80.22239685058594,81.29888916015625,81.68162536621094,82.05078887939453,83.24452209472656,84.50092315673828,83.91482543945312,82.09134674072266,81.52088165283203,81.84590148925781,80.87071990966797,78.6747055053711,76.93284606933594,75.94563293457031,75.1941909790039,74.97259521484375,75.55650329589844,76.35572052001953,77.60171508789062,78.51151275634766,79.60051727294922,83.1617202758789,85.66666412353516,86.5606689453125
87.54328155517578,87.4139404296875,86.96573638916016,84.74758911132812,81.41429138183594,81.20631408691406,82.74205017089844,82.97483825683594,81.9128189086914,81.05896759033203,81.00227355957031,80.86554718017578,80.48635864257812,81.85890197753906,83.82447052001953,82.7725830078125,78.99821472167969,76.50635528564453,76.83663940429688,78.2876205444336,79.83300018310547,81.12503814697266,81.68913269042969,82.26142120361328,83.62632751464844,84.63922882080078,83.49988555908203,81.08232116699219,80.26233673095703,80.36381530761719,78.4119644165039,75.45541381835938,74.51991271972656,74.90877532958984,74.639404296875,73.9852294921875,74.19639587402344,75.7418212890625,77.75119018554688,79.78872680664062,81.78946685791016,82.82902526855469,84.13201904296875,87.01226043701172,88.9790267944336
86.93709564208984,86.81632232666016,86.97989654541016,85.9207534790039,83.71368408203125,83.38345336914062,84.14189910888672,83.86298370361328,82.81953430175781,82.05535125732422,82.0548095703125,82.06379699707031,81.36561584472656,80.611083984375,79.87101745605469,78.53253173828125,77.00433349609375,76.75547790527344,77.78619384765625,79.20370483398438,80.5315933227539,81.12142944335938,81.80237579345703,83.2827377319336,83.91632080078125,82.07769012451172,79.37347412109375,78.64103698730469,78.57579040527344,76.15721893310547,72.6552963256836,71.79279327392578,73.19091796875,73.78765869140625,73.27360534667969,73.31621551513672,74.72154998779297,77.2955322265625,80.36702728271484,83.06107330322266,85.19782257080078,86.36498260498047,86.58824920654297,87.14178466796875,88.82378387451172
86.9775619506836,86.84803771972656,87.5408706665039,86.7332992553711,85.4636459350586,85.59651184082031,85.55416107177734,84.76648712158203,83.96455383300781,83.35071563720703,82.57576751708984,81.490966796875,80.16768646240234,78.92511749267578,78.22582244873047,77.73046875,77.32920837402344,77.59475708007812,78.54454040527344,79.74037170410156,80.54447174072266,81.03040313720703,82.52124786376953,82.5691146850586,79.07001495361328,75.70592498779297,75.42301940917969,75.42570495605469,72.08627319335938,68.67282104492188,68.71318054199219,71.10669708251953,72.46670532226562,72.32881164550781,72.61195373535156,74.33018493652344,77.06407928466797,80.40576171875,83.73912811279297,86.26600646972656,87.73137664794922,88.4341812133789,88.16090393066406,87.90421295166016,88.28640747070312
86.69548034667969,87.34391784667969,88.11103057861328,87.39057159423828,87.09712219238281,87.28872680664062,86.60530090332031,85.77719116210938,85.24436950683594,84.52660369873047,83.13456726074219,81.36119079589844,79.82929229736328,78.84751892089844,78.3694076538086,78.08329010009766,77.56723022460938,77.47554779052734,78.2122802734375,78.98282623291016,79.30502319335938,81.02627563476562,81.55523681640625,76.16560363769531,70.68572235107422,70.6889877319336,71.6539535522461,68.49574279785156,65.35575103759766,66.05865478515625,69.3653564453125,71.69821166992188,72.07994842529297,72.62907409667969,74.56861877441406,77.31717681884766,80.29261016845703,83.35687255859375,86.17230987548828,87.99838256835938,88.70006561279297,89.1534652709961,89.23379516601562,88.59443664550781,87.89788055419922
86.46192169189453,88.44116973876953,88.71470642089844,88.1963119506836,88.18219757080078,88.08075714111328,87.43460845947266,86.61844635009766,85.77510833740234,84.66040802001953,83.1207504272461,81.44776916503906,80.2819595336914,79.70938873291016,79.10504150390625,78.06448364257812,77.17426300048828,77.0475082397461,77.52254486083984,77.48223876953125,79.00376892089844,80.32105255126953,75.45281982421875,69.51080322265625,68.77447509765625,69.36468505859375,67.11273956298828,65.42496490478516,66.57203674316406,69.15089416503906,71.09127807617188,71.808349609375,72.70427703857422,74.90718841552734,77.73810577392578,80.25138854980469,82.55901336669922,84.93721008300781,87.08209228515625,88.58162689208984,89.34198760986328,89.82516479492188,90.05886840820312,89.38834381103516,88.36797332763672
87.1317367553711,87.80435943603516,87.84222412109375,88.17041778564453,88.4039077758789,88.1180191040039,87.48233032226562,86.54244995117188,85.25660705566406,83.78191375732422,82.39474487304688,81.3442611694336,80.68993377685547,80.19440460205078,79.1854019165039,78.08306121826172,77.5777359008789,77.5685806274414,77.51420593261719,77.70185089111328,78.60661315917969,76.46583557128906,71.34188842773438,68.68682861328125,67.84939575195312,65.63886260986328,64.89920043945312,66.82752990722656,69.18804168701172,70.33434295654297,70.67021942138672,71.61369323730469,74.13279724121094,77.59209442138672,80.46400451660156,82.35184478759766,84.09317779541016,86.09400939941406,87.8731918334961,89.0846176147461,89.81478881835938,90.18994140625,90.1562271118164,89.62785339355469,89.1265640258789
