data/wind_data/wind_14_5.json
{"header": {"parameterUnit": "KT", "parameterCategory": 2, "nx": 256, "ny": 198, "lo1": 44.73521041870117, "la1": -3.236724853515625, "lo2": 111.26478576660156, "la2": 43.468475341796875, "dx": 0.2609002888202667, "dy": -0.23708222806453705, "refTime": "2025-02-19 14:00:00", "forecastTime": 0, "parameterNumber": 2, "parameterNumberName": "eastward_wind"}, "data":
[rows 19 to 37 of 198, columns 176 to 219 of 256]
8.939152717590332,9.21022891998291,9.013251304626465,9.204647064208984,8.992524147033691,9.198535919189453,9.343918800354004,9.524670600891113,9.508212089538574,9.715628623962402,9.551366806030273,9.862746238708496,10.492155075073242,11.519376754760742,12.766094207763672,13.843026161193848,14.645503997802734,15.121414184570312,15.615743637084961,16.47355079650879,17.080053329467773,17.874181747436523,18.192094802856445,17.904714584350586,17.580007553100586,17.83935546875,19.02927589416504,19.786680221557617,19.383628845214844,18.996259689331055,17.931137084960938,16.536945343017578,18.7711181640625,16.26800537109375,13.205085754394531,11.673479080200195,11.889276504516602,12.552839279174805,12.750080108642578,11.520038604736328,10.773838996887207,11.744754791259766,13.152117729187012,12.177576065063477
9.093666076660156,9.396750450134277,8.769588470458984,8.191314697265625,8.287485122680664,8.738454818725586,9.114876747131348,9.343857765197754,10.006682395935059,10.455881118774414,10.35512924194336,9.982406616210938,10.499756813049316,11.830728530883789,13.151993751525879,14.08145523071289,14.789061546325684,15.47494125366211,15.907132148742676,16.47283935546875,17.125675201416016,17.61986541748047,17.78108024597168,17.307497024536133,16.70970916748047,16.95197296142578,17.752334594726562,17.724838256835938,16.308609008789062,16.05562400817871,15.000137329101562,10.956782341003418,19.187114715576172,13.150949478149414,7.982190132141113,7.346857070922852,8.777871131896973,10.915406227111816,11.548093795776367,10.989062309265137,10.74899959564209,11.691265106201172,12.380289077758789,10.350213050842285
9.133393287658691,9.919987678527832,7.932255744934082,7.726646423339844,8.202705383300781,8.894733428955078,9.076849937438965,9.056628227233887,10.193808555603027,11.275527000427246,11.056934356689453,10.696854591369629,11.225162506103516,12.42617416381836,13.678921699523926,14.354416847229004,14.512264251708984,14.87609577178955,15.333056449890137,16.316558837890625,17.45366668701172,17.831987380981445,17.393962860107422,16.346435546875,15.298151969909668,14.809670448303223,14.954084396362305,14.02303695678711,13.413056373596191,12.871667861938477,15.81035327911377,19.09284782409668,17.116857528686523,12.525009155273438,8.053667068481445,4.127538681030273,6.27414083480835,8.444489479064941,9.107671737670898,9.547157287597656,9.824848175048828,10.122126579284668,9.527473449707031,7.933251857757568
9.01505184173584,9.684714317321777,8.392281532287598,7.8397932052612305,8.492602348327637,8.997432708740234,8.905109405517578,9.239748001098633,10.618367195129395,11.367925643920898,11.593239784240723,11.864215850830078,12.19164752960205,12.979479789733887,13.99683952331543,14.187284469604492,13.481491088867188,13.210614204406738,13.836318016052246,15.288106918334961,16.564674377441406,16.47592544555664,15.257978439331055,13.97109317779541,13.055190086364746,12.418044090270996,11.638628959655762,10.890941619873047,10.518109321594238,12.616791725158691,19.47981071472168,12.603327751159668,8.74610710144043,4.517706871032715,4.66264533996582,4.715918064117432,5.49643611907959,6.9071526527404785,7.731072902679443,8.187012672424316,8.353036880493164,8.270200729370117,7.660782337188721,6.091720104217529
8.645448684692383,9.656414985656738,9.124369621276855,8.409354209899902,8.830867767333984,9.189939498901367,9.3760404586792,10.177942276000977,11.094683647155762,11.643941879272461,12.140480995178223,12.47362995147705,12.46929931640625,12.726058959960938,13.297852516174316,13.153234481811523,12.19009780883789,11.614013671875,11.794702529907227,12.813159942626953,13.757213592529297,13.627649307250977,12.61739444732666,11.839594841003418,10.966092109680176,9.619528770446777,8.460111618041992,8.533162117004395,9.006680488586426,1.7429102659225464,8.975234985351562,5.238378524780273,6.252017498016357,8.60594367980957,10.085294723510742,9.456343650817871,7.850947380065918,7.641439437866211,7.722847938537598,7.039771556854248,6.861788272857666,6.458663463592529,6.000258922576904,4.488682746887207
8.542125701904297,9.560578346252441,9.506753921508789,9.252032279968262,9.60300350189209,10.005505561828613,9.942203521728516,10.560271263122559,10.865887641906738,11.509969711303711,12.109326362609863,12.180139541625977,12.192214965820312,11.94498348236084,12.038681030273438,12.152800559997559,11.899730682373047,11.508355140686035,11.218777656555176,11.309195518493652,11.461451530456543,11.153465270996094,10.55211353302002,9.582815170288086,7.586282253265381,6.975729465484619,7.147350311279297,10.027559280395508,10.22207260131836,11.13375186920166,10.107540130615234,9.825296401977539,11.126827239990234,11.516356468200684,10.608114242553711,9.246577262878418,7.547091007232666,7.302478790283203,7.399618625640869,6.641817092895508,6.693299770355225,6.265382289886475,6.203583717346191,6.019345760345459
9.554547309875488,9.421603202819824,9.5209379196167,9.128805160522461,9.496816635131836,10.020672798156738,10.221024513244629,10.632916450500488,9.906561851501465,10.550808906555176,11.454103469848633,11.779054641723633,11.136022567749023,10.662771224975586,10.862040519714355,11.76541805267334,12.466798782348633,12.52299690246582,12.008233070373535,10.952569007873535,9.884754180908203,9.129280090332031,7.974302291870117,6.412806987762451,4.866871356964111,5.832821369171143,6.124112606048584,8.081351280212402,9.039345741271973,11.808053970336914,11.515844345092773,11.722333908081055,12.046645164489746,11.358250617980957,10.330087661743164,8.854288101196289,7.348659515380859,7.396677494049072,7.697323799133301,7.2305588722229,6.891844272613525,7.140039920806885,6.350056171417236,5.759738445281982
9.694181442260742,9.49109935760498,10.435914039611816,10.586813926696777,10.157288551330566,9.320233345031738,9.813457489013672,9.501031875610352,9.627081871032715,9.72920036315918,10.318804740905762,10.324224472045898,9.78860092163086,9.513350486755371,10.135904312133789,11.269807815551758,11.84445571899414,11.394131660461426,10.434052467346191,9.230494499206543,7.979294776916504,6.8257012367248535,5.618569850921631,4.519139766693115,3.863239288330078,5.434290409088135,14.393592834472656,11.744269371032715,9.258094787597656,9.350580215454102,10.15964412689209,10.947786331176758,11.043604850769043,10.27147102355957,8.88515567779541,7.866541385650635,7.874788284301758,8.474100112915039,8.522002220153809,7.599940776824951,7.348857879638672,6.9728264808654785,4.329329013824463,2.608570098876953
10.028478622436523,8.560216903686523,9.078849792480469,10.33040714263916,9.702335357666016,8.646339416503906,8.843387603759766,8.728559494018555,8.50903034210205,7.965397834777832,7.961966514587402,8.527050018310547,8.738011360168457,8.89415168762207,9.687443733215332,10.669347763061523,10.765867233276367,9.798603057861328,8.643834114074707,7.6577630043029785,6.72506046295166,5.648866176605225,4.726510524749756,4.028804302215576,3.6735901832580566,3.47991943359375,4.125941753387451,1.8790233135223389,4.913697719573975,7.1284356117248535,8.606766700744629,9.441915512084961,9.278377532958984,8.563690185546875,7.636724472045898,7.23151969909668,7.608782768249512,7.895572662353516,7.408820152282715,6.169794082641602,7.623107433319092,6.254753589630127,2.86226487159729,1.3132129907608032
7.796660900115967,7.1614837646484375,7.495419025421143,8.445334434509277,7.844542503356934,7.180164813995361,7.585184574127197,7.050968647003174,6.408019065856934,6.927582740783691,6.942806720733643,7.327795028686523,7.739944934844971,8.360337257385254,9.050630569458008,9.364110946655273,9.069575309753418,8.357708930969238,7.727187633514404,7.035431861877441,6.251453876495361,5.000339508056641,2.5821244716644287,4.331818103790283,4.640962600708008,7.223451137542725,2.5479233264923096,1.1129049062728882,2.96042537689209,4.8242573738098145,6.69918155670166,7.80103063583374,7.646491527557373,6.84511137008667,6.477191925048828,6.663924217224121,6.604299068450928,6.030357837677002,5.556942462921143,4.1584296226501465,5.0230231285095215,5.010610103607178,3.9106810092926025,3.0942065715789795
6.811684608459473,6.026023864746094,6.851027011871338,6.705973148345947,5.641646385192871,5.314122200012207,6.02105188369751,7.405790328979492,5.021421909332275,6.697710037231445,5.984791278839111,6.424141883850098,7.498967170715332,7.9694037437438965,7.799145221710205,7.721771240234375,7.866481304168701,7.662842750549316,7.395007133483887,6.903303623199463,6.029136657714844,5.309250354766846,4.8323493003845215,4.815835475921631,6.979043483734131,8.188169479370117,5.159868240356445,3.8859269618988037,3.710280418395996,4.119933605194092,5.670929908752441,6.494417190551758,6.067322731018066,5.424438953399658,5.494754791259766,5.659383773803711,5.041690826416016,4.184665679931641,3.7804386615753174,2.9261703491210938,3.2076051235198975,3.957493782043457,4.829141139984131,4.748818397521973
5.0794291496276855,4.351461887359619,4.562459945678711,4.315037250518799,4.100518226623535,4.615065574645996,4.26444149017334,4.441760540008545,5.44210147857666,5.527979850769043,4.862762451171875,5.85707950592041,6.686627388000488,6.623050212860107,6.29580020904541,6.352183818817139,6.824957847595215,6.933812618255615,6.9928297996521,6.268562316894531,4.871211051940918,4.54341983795166,5.462932109832764,4.358434677124023,6.115161895751953,5.8897318840026855,4.141841411590576,4.337017059326172,3.7094907760620117,3.90190052986145,4.817982196807861,5.143484115600586,4.499305725097656,4.070798397064209,4.401618957519531,4.371550559997559,3.2622294425964355,1.5577781200408936,-0.8913789391517639,1.3056265115737915,1.3218863010406494,1.9978572130203247,2.755267858505249,3.8209450244903564
3.405282735824585,2.240769386291504,2.2797367572784424,2.7745556831359863,3.025692939758301,3.392465591430664,3.571187973022461,3.7386398315429688,3.807405710220337,4.000785827636719,4.545407295227051,5.473298072814941,5.604218006134033,5.519986629486084,5.318032264709473,5.310100078582764,5.823688507080078,6.102176189422607,5.94620418548584,4.220232963562012,3.3937461376190186,3.5545520782470703,5.147396564483643,4.861819744110107,4.084822654724121,3.131340980529785,3.3314621448516846,3.1550002098083496,2.675527334213257,3.1273491382598877,3.3838486671447754,3.1505749225616455,2.730748176574707,2.771667242050171,3.200408935546875,3.0559043884277344,1.7519690990447998,-0.4775724411010742,-1.3869794607162476,1.688815951347351,-0.3853389024734497,0.22850878536701202,1.7071831226348877,2.7411105632781982
1.7134281396865845,1.1632745265960693,0.9961958527565002,1.1168761253356934,1.9295023679733276,2.5150296688079834,2.588075876235962,2.518050193786621,2.896848201751709,3.4907684326171875,4.29858922958374,4.768510341644287,4.665225028991699,4.968751430511475,5.134908676147461,4.939091682434082,4.951077938079834,4.884023666381836,4.388091087341309,3.582301616668701,3.264465093612671,3.5982601642608643,4.291861534118652,3.991197109222412,2.797962188720703,2.1780121326446533,2.2497313022613525,1.6896306276321411,1.3959190845489502,1.4531633853912354,1.2608460187911987,1.206117033958435,1.6558102369308472,2.301854372024536,2.666234016418457,2.2565090656280518,0.9908728003501892,-0.4282354414463043,-0.5498547554016113,1.619590401649475,0.3673423230648041,0.40360110998153687,0.8996370434761047,1.6115477085113525
1.2925525903701782,0.16852103173732758,0.8903667330741882,0.8683870434761047,1.1919900178909302,1.7514052391052246,1.8000338077545166,1.9150844812393188,2.305387496948242,3.060089349746704,3.965148448944092,4.34312105178833,4.304284572601318,4.6041083335876465,4.808892250061035,4.427877426147461,3.959019422531128,3.6040544509887695,3.154087781906128,3.259247303009033,3.755225658416748,3.8755385875701904,3.7387452125549316,3.0705909729003906,2.0516810417175293,1.505489706993103,1.0232576131820679,0.34776949882507324,-0.17198939621448517,-0.28036919236183167,-0.04444550722837448,0.5199301242828369,1.2078590393066406,1.6781067848205566,1.8050355911254883,1.5414586067199707,0.7119407057762146,0.34927958250045776,-0.6151491403579712,0.6876752972602844,0.27054882049560547,-0.8128843903541565,0.255855917930603,1.3401025533676147
0.6821327209472656,0.21851462125778198,0.43021678924560547,0.9308624863624573,1.2738946676254272,1.4446628093719482,1.231950283050537,1.416619896888733,2.367596387863159,2.916677713394165,3.541304588317871,3.7270383834838867,3.745978593826294,3.7340855598449707,3.8562841415405273,3.615633010864258,3.2088215351104736,2.762482166290283,2.5839574337005615,2.688232183456421,3.0709068775177,3.0526959896087646,2.600865602493286,1.811234712600708,0.8861064314842224,0.3043980598449707,-0.1976756900548935,-0.8040680289268494,-1.1851943731307983,-1.0904817581176758,-0.6121721267700195,0.17052188515663147,0.44750481843948364,0.40384724736213684,0.5052003264427185,0.16840273141860962,-0.36015716195106506,-2.150442600250244,-1.2555376291275024,-0.6038655638694763,-0.5029551982879639,0.22892911732196808,-0.6881982088088989,0.6872913837432861
-1.066678762435913,0.486630916595459,0.29318472743034363,0.6626346111297607,0.976751446723938,1.1220000982284546,1.1036750078201294,1.3675795793533325,2.2269368171691895,2.5011110305786133,2.441099166870117,2.6350252628326416,2.7486937046051025,2.7249295711517334,2.939124584197998,2.8042454719543457,2.30007266998291,1.8856439590454102,1.7257933616638184,1.6926404237747192,1.665629267692566,1.4592832326889038,0.9591541290283203,0.20634612441062927,-0.4690057337284088,-0.9101644158363342,-1.0788462162017822,-1.2400147914886475,-1.3020591735839844,-1.3972842693328857,-1.1087208986282349,-0.42748141288757324,-0.656880259513855,-1.1483454704284668,-1.2064059972763062,-1.9620505571365356,-2.783923625946045,-2.5560154914855957,-1.9267854690551758,-1.1940175294876099,-0.7624765038490295,0.08916842937469482,-0.5635692477226257,0.4500432014465332
0.3754851222038269,0.9667322039604187,0.945844292640686,0.8703287839889526,0.8467795848846436,0.7885874509811401,0.8270543813705444,0.9729721546173096,1.5493744611740112,2.0264244079589844,1.7704743146896362,1.631300449371338,1.888743281364441,2.279848337173462,2.338254928588867,1.726389765739441,1.2248592376708984,1.3017148971557617,1.4194049835205078,1.0986156463623047,0.4263988137245178,-0.11048360168933868,-0.514582633972168,-1.15754234790802,-1.6906297206878662,-1.816335916519165,-1.6412134170532227,-1.467905879020691,-1.4657423496246338,-1.6872963905334473,-1.5425633192062378,-1.2101808786392212,-1.5468939542770386,-2.6208572387695312,-3.4382760524749756,-2.5730438232421875,-1.2924959659576416,-3.5716209411621094,-3.559488296508789,-2.463057041168213,-1.4736212491989136,-0.14405038952827454,0.5161264538764954,0.9596790075302124
-0.27454647421836853,0.7113488912582397,1.1336047649383545,1.3871707916259766,1.017441987991333,0.4288162887096405,0.2535584568977356,0.34080028533935547,0.6919466257095337,1.643319845199585,1.5537434816360474,0.9777208566665649,1.105529546737671,1.6463266611099243,1.390018343925476,0.6028182506561279,0.3703044354915619,0.8273866772651672,1.1651655435562134,0.7243244051933289,-0.27384209632873535,-1.0586786270141602,-1.5900609493255615,-2.23335862159729,-2.654806613922119,-2.522329807281494,-2.101961135864258,-1.8476598262786865,-1.8599731922149658,-1.9896525144577026,-2.047682523727417,-2.228618860244751,-2.854567289352417,-3.4996392726898193,-3.434973955154419,-2.9512381553649902,-2.0614445209503174,-4.075033664703369,-5.415989398956299,-2.7869465351104736,-1.3806190490722656,0.7779442667961121,1.8922189474105835,1.4287314414978027
