data/wind_data/wind_Surface_29.json
{"header": {"parameterUnit": "KT", "parameterCategory": 2, "nx": 255, "ny": 198, "lo1": 44.73521041870117, "la1": -3.236724853515625, "lo2": 111.26478576660156, "la2": 43.468475341796875, "dx": 0.26192745566368103, "dy": -0.23708222806453705, "refTime": "2025-02-20 05:00:00", "forecastTime": 0, "parameterNumber": 3, "parameterNumberName": "northward_wind"}, "data":
[rows 152 to 170 of 198, columns 43 to 85 of 255]
1.7619991302490234,9.288280487060547,9.86977767944336,6.4390482902526855,1.492979645729065,-3.039574146270752,-0.9691213965415955,3.530832529067993,5.144490718841553,6.8134589195251465,7.530401229858398,8.125333786010742,7.498684406280518,6.327416896820068,4.657838344573975,2.2626078128814697,1.6166688203811646,-1.1134953498840332,-3.961735248565674,-4.306468963623047,-3.6337666511535645,-1.6979764699935913,-2.599565029144287,-3.881913661956787,-2.029815673828125,3.679062604904175,5.593978404998779,4.826408863067627,4.060135364532471,3.4057583808898926,2.70210599899292,0.7017220854759216,-0.7366524338722229,0.37023866176605225,2.1169774532318115,2.7050349712371826,1.3466664552688599,-1.1530261039733887,-4.099239826202393,-6.759954452514648,-8.940301895141602,-9.544361114501953,-11.224406242370605
-2.181312084197998,0.9923184514045715,3.34788179397583,3.2442829608917236,-0.03587684407830238,-4.717580318450928,-4.322140693664551,1.5130534172058105,3.956495523452759,5.714888572692871,3.0896377563476562,3.1663899421691895,3.754990339279175,3.781339168548584,4.420882225036621,3.6032345294952393,1.9529114961624146,-0.5274525880813599,-0.7858879566192627,-1.5369514226913452,-2.32430100440979,-2.28827166557312,-1.1958746910095215,-0.8573285937309265,-0.4002874493598938,2.620901107788086,4.400365829467773,5.391988277435303,6.818471908569336,6.774515151977539,4.843206882476807,1.157218098640442,0.7048171162605286,2.5834014415740967,3.0378003120422363,3.749051809310913,4.0846967697143555,1.6357522010803223,-3.7591540813446045,-7.440881252288818,-8.517812728881836,-7.003787994384766,-8.521803855895996
0.2648395299911499,0.6630882620811462,1.7217001914978027,2.093032121658325,0.38198378682136536,-3.274966239929199,-5.940371990203857,-2.9184768199920654,0.3484809100627899,2.036367893218994,0.9246244430541992,1.693777322769165,1.9604548215866089,1.9916497468948364,2.9183554649353027,2.5647032260894775,1.6171919107437134,1.137593388557434,1.2634882926940918,-0.7650285959243774,-0.24599617719650269,0.05953855812549591,0.45842137932777405,1.6000151634216309,1.8949459791183472,2.522247791290283,5.476406097412109,8.457204818725586,9.627521514892578,7.610302925109863,8.15264892578125,9.523856163024902,9.95676326751709,7.323266983032227,3.5586490631103516,3.0643205642700195,2.1515963077545166,-2.256547212600708,-7.7460808753967285,-7.676840305328369,-6.879861831665039,-8.989765167236328,-10.298283576965332
3.6662869453430176,3.2589690685272217,1.3891901969909668,0.10417839884757996,0.8840590715408325,0.8687704205513,-1.0395616292953491,-1.7116903066635132,-0.5729881525039673,0.11657359451055527,-0.05656550079584122,-0.06527617573738098,0.412993460893631,0.8725498914718628,1.1284886598587036,0.3750433623790741,0.3543802797794342,2.118704319000244,1.6165162324905396,-0.11717136949300766,0.8231285810470581,2.2503609657287598,1.4244403839111328,1.8162364959716797,1.80713951587677,2.486201286315918,4.137331962585449,5.356284141540527,6.452077388763428,3.3565454483032227,3.0483431816101074,6.436721324920654,10.654961585998535,11.548005104064941,10.132495880126953,6.795960903167725,0.11401817202568054,-3.4064085483551025,-3.3689301013946533,-0.210480198264122,-2.539081573486328,-10.176827430725098,-11.588080406188965
4.196108818054199,5.117473602294922,2.2859296798706055,-0.35133203864097595,0.14508692920207977,1.415399193763733,1.2376474142074585,0.9916492104530334,1.044687032699585,0.6732279658317566,-0.2887022793292999,-0.7415346503257751,-0.18093270063400269,0.04007931053638458,-0.17406220734119415,-0.4275457561016083,-0.0602206215262413,2.0003809928894043,1.4098001718521118,1.2964346408843994,2.4623489379882812,3.115096092224121,2.1913647651672363,2.2917842864990234,1.906501293182373,1.991973638534546,1.9360393285751343,2.2378644943237305,3.578801155090332,2.9215550422668457,1.4953522682189941,0.6608726382255554,2.9532856941223145,8.369853019714355,11.017231941223145,6.0498046875,0.195762500166893,-0.5850064158439636,1.3495415449142456,6.563917636871338,4.440532684326172,-2.2698423862457275,-4.786813259124756
0.17386510968208313,4.901727676391602,3.8287899494171143,2.480257511138916,2.8424501419067383,2.5760650634765625,2.2733302116394043,2.9233789443969727,3.5842700004577637,3.937668800354004,3.4406089782714844,2.6828882694244385,2.57878041267395,1.31308913230896,1.235084891319275,1.6370147466659546,2.138871192932129,2.3806252479553223,3.078418493270874,4.569050312042236,5.446032524108887,4.705642223358154,3.003649950027466,2.2818453311920166,2.0755293369293213,2.161036491394043,2.8903350830078125,2.5883867740631104,1.979628324508667,3.019871950149536,4.882721900939941,5.589923858642578,6.027988910675049,8.17627239227295,10.396327018737793,8.338171005249023,6.207808494567871,5.4354143142700195,5.64479923248291,7.656709671020508,8.242167472839355,6.9111833572387695,3.9503586292266846
-4.191123008728027,0.7209243774414062,8.154071807861328,8.380467414855957,8.326566696166992,6.280749797821045,5.72141695022583,7.028088569641113,9.442502975463867,9.8530912399292,8.618607521057129,8.952709197998047,7.698645114898682,5.099937915802002,4.660704135894775,3.9374732971191406,3.9529857635498047,4.100208282470703,6.305337905883789,7.367619037628174,7.412744998931885,6.058294296264648,4.113623142242432,3.0273597240448,2.4694199562072754,1.8861263990402222,2.679860830307007,1.7051587104797363,0.40840429067611694,1.643078088760376,4.580487251281738,7.736992359161377,12.264823913574219,13.514101028442383,12.261906623840332,13.683063507080078,9.088983535766602,8.997293472290039,9.707029342651367,9.783515930175781,9.81875228881836,9.69068431854248,7.9186110496521
-1.0961668491363525,-2.9154622554779053,7.410367488861084,10.563803672790527,11.070401191711426,12.103271484375,12.136069297790527,12.324161529541016,11.45621109008789,9.164011001586914,8.33425235748291,8.035062789916992,9.125460624694824,7.661301612854004,7.300975799560547,6.549294948577881,6.1738691329956055,7.248909950256348,7.758121013641357,6.864047527313232,7.92922306060791,7.770680904388428,6.438059329986572,4.979362964630127,3.363929033279419,2.076364278793335,1.9947879314422607,0.20366011559963226,-0.9571079611778259,-0.4941995143890381,0.6908160448074341,2.6855032444000244,6.985728740692139,11.402799606323242,9.367935180664062,10.544488906860352,5.517937660217285,6.8967790603637695,8.528207778930664,10.911684036254883,9.683391571044922,8.166221618652344,6.255250930786133
4.78602933883667,-2.436842679977417,0.1826072484254837,3.347764492034912,3.849616289138794,8.315452575683594,9.450071334838867,9.123062133789062,4.163649559020996,0.15487545728683472,1.1913518905639648,0.9906649589538574,4.383729457855225,5.946020603179932,5.668806076049805,4.680075645446777,4.999831199645996,6.489619255065918,6.527194499969482,5.39970064163208,7.33729887008667,9.322036743164062,8.457839965820312,6.9542341232299805,4.806352615356445,3.7932825088500977,3.2929847240448,0.743009626865387,-0.25673583149909973,-0.5037539601325989,-0.533257246017456,-0.05661746859550476,0.9332520365715027,3.154592990875244,3.562387466430664,4.8263750076293945,1.904159665107727,2.0681800842285156,3.4791147708892822,5.125688552856445,5.858493804931641,4.347704887390137,3.3091015815734863
4.962832927703857,-0.9019723534584045,-0.48680365085601807,-1.5334844589233398,-2.174344301223755,-0.43428659439086914,-0.09243126213550568,2.2260279655456543,0.9346490502357483,-1.2370898723602295,-0.8636688590049744,0.40905511379241943,4.504239082336426,4.056976795196533,-0.6400290131568909,-1.6572232246398926,1.5375912189483643,4.066304683685303,4.808675289154053,4.958803176879883,6.628921985626221,9.529460906982422,8.855570793151855,8.014400482177734,6.350121974945068,5.823059558868408,4.946867942810059,3.280529737472534,2.973013162612915,2.4961698055267334,1.8845329284667969,1.273859977722168,0.7568162083625793,0.9482958912849426,2.1040258407592773,2.536411762237549,0.7580206394195557,-0.06429670006036758,0.8261939883232117,1.9626325368881226,2.881615161895752,3.316318988800049,4.417214870452881
0.3767493963241577,0.33321812748908997,3.1493868827819824,5.701485633850098,6.46066951751709,5.423946380615234,1.799298644065857,3.047727346420288,3.708106517791748,3.4859583377838135,4.376071453094482,6.835533142089844,5.9130048751831055,-0.7163252234458923,-4.846041679382324,-1.6348274946212769,3.60170578956604,6.404385089874268,5.862629413604736,5.135910987854004,6.946737289428711,9.10707950592041,9.028312683105469,8.863724708557129,8.354272842407227,8.075261116027832,6.8434882164001465,5.717654705047607,4.931501388549805,4.480354309082031,4.250612258911133,3.4468283653259277,2.5557687282562256,2.6097617149353027,3.111829996109009,2.301123857498169,1.3954607248306274,1.5085192918777466,1.9947142601013184,2.445868968963623,2.447171926498413,5.2838006019592285,6.891979694366455
-2.5758025646209717,-0.5509197115898132,5.065347671508789,10.185042381286621,10.097822189331055,8.266103744506836,5.345353126525879,4.262478351593018,4.633920669555664,7.430919170379639,9.359556198120117,7.572103500366211,-1.2636077404022217,-4.956573486328125,-1.4309724569320679,2.5093421936035156,4.876713752746582,6.73123836517334,6.091121673583984,5.460071086883545,8.087944984436035,9.215187072753906,9.427074432373047,9.729894638061523,9.718767166137695,9.262266159057617,7.258450984954834,6.343289375305176,5.566690921783447,4.992326736450195,4.878839015960693,4.673657417297363,4.137899875640869,3.657905101776123,4.21268367767334,3.1688873767852783,2.528470993041992,2.9947214126586914,3.6350605487823486,2.8078558444976807,1.9728935956954956,4.978755474090576,7.149449825286865
1.074386477470398,-1.641589641571045,1.5724786520004272,3.611969470977783,3.270303726196289,4.528812408447266,4.731983661651611,5.477245807647705,9.046577453613281,10.258420944213867,7.472675323486328,2.684724807739258,-0.5444860458374023,2.017726182937622,4.207571506500244,5.417801856994629,3.9897167682647705,3.5997016429901123,4.40944766998291,6.260480880737305,8.500147819519043,9.650578498840332,9.930120468139648,10.375732421875,10.110758781433105,8.793371200561523,6.420811176300049,5.687295913696289,5.152447700500488,4.446149826049805,4.102369785308838,4.038307189941406,4.143819808959961,3.566462993621826,3.997131109237671,3.587982177734375,2.901700019836426,3.0537095069885254,3.4659881591796875,2.149913787841797,1.719008445739746,3.370424747467041,5.617439270019531
8.38801383972168,3.6267783641815186,2.5895652770996094,0.9938779473304749,0.7285979390144348,4.378014087677002,8.671565055847168,13.801222801208496,11.244586944580078,7.018440246582031,3.924135208129883,5.659170150756836,8.133347511291504,8.09157657623291,6.907744407653809,6.537392616271973,3.509639263153076,2.7929940223693848,5.54206657409668,7.418661117553711,8.668502807617188,10.11559772491455,10.351729393005371,10.467942237854004,9.576736450195312,7.838305473327637,5.458437442779541,4.9052205085754395,4.34157657623291,3.4176812171936035,3.117729663848877,3.369239330291748,3.094913959503174,2.3161985874176025,2.644043207168579,2.96860933303833,2.6690938472747803,2.3596909046173096,2.523871421813965,1.6348209381103516,1.7844566106796265,2.5414249897003174,3.8916873931884766
12.825156211853027,11.198184967041016,12.176424980163574,10.783825874328613,10.570396423339844,12.322032928466797,13.98950481414795,12.81088924407959,4.356267929077148,3.667182445526123,7.444447994232178,11.018413543701172,10.852442741394043,8.161175727844238,6.491549015045166,4.175968647003174,2.6383206844329834,5.120532512664795,7.810717582702637,8.179588317871094,9.01607894897461,9.827005386352539,9.570584297180176,9.467928886413574,8.480217933654785,7.648391246795654,5.352160930633545,4.533503532409668,3.548205614089966,2.698331594467163,2.55932354927063,2.6439433097839355,1.7885485887527466,1.1063264608383179,1.2222282886505127,1.6778090000152588,1.9424301385879517,1.5228906869888306,1.7683502435684204,1.2581305503845215,1.271005630493164,3.52344012260437,4.5315117835998535
15.291022300720215,17.77179527282715,19.13792610168457,18.837289810180664,18.307220458984375,16.689468383789062,10.566399574279785,4.543803691864014,3.656604290008545,8.064462661743164,11.16367244720459,10.487853050231934,7.756032466888428,5.004585266113281,2.8709490299224854,1.834337830543518,4.487365245819092,7.487664222717285,8.555660247802734,8.02375602722168,8.081087112426758,8.218993186950684,8.397659301757812,8.235464096069336,8.199799537658691,7.444432735443115,5.278003692626953,4.137657642364502,3.1255970001220703,2.489771604537964,2.072611093521118,1.5720670223236084,1.114906907081604,0.5426957607269287,0.5308778285980225,0.4516552984714508,0.7791138887405396,0.7990322709083557,1.8957515954971313,-1.622351884841919,-3.072718381881714,-0.1286892145872116,0.5429090261459351
15.064001083374023,18.39138412475586,16.823131561279297,13.148148536682129,9.840108871459961,7.307535648345947,5.582137107849121,7.691732883453369,12.784551620483398,13.340758323669434,10.72082805633545,7.759289741516113,3.9943342208862305,2.7398903369903564,2.1394240856170654,4.40891170501709,7.269874095916748,8.02916145324707,8.102365493774414,7.1048431396484375,6.416172981262207,6.334936618804932,7.243143558502197,7.40802001953125,7.430964469909668,6.156935214996338,4.645697116851807,3.7902204990386963,3.0550549030303955,2.5221638679504395,1.9733242988586426,1.416869044303894,1.578115463256836,0.9054672718048096,0.7870460152626038,0.5174803733825684,0.5824673175811768,0.836240291595459,1.055535912513733,-4.482488632202148,-6.750639915466309,-5.947949409484863,-5.671915531158447
9.489187240600586,8.497550010681152,6.527167320251465,4.393630027770996,2.8248908519744873,6.139872074127197,11.507033348083496,15.12993049621582,15.926859855651855,13.657240867614746,8.904369354248047,5.212137699127197,3.624194383621216,4.096086025238037,5.021718978881836,7.251820087432861,7.896239280700684,8.040436744689941,7.051311492919922,5.924341678619385,5.2354936599731445,5.495271682739258,5.970080852508545,6.409425735473633,5.671786785125732,4.70656681060791,3.8793587684631348,3.446140766143799,2.9709155559539795,2.7226743698120117,2.6042134761810303,2.3921122550964355,2.0015392303466797,1.2404967546463013,1.2749897241592407,1.1474096775054932,1.2493362426757812,0.6602935791015625,-1.0234168767929077,-4.193661689758301,-6.167861461639404,-7.01154899597168,-3.8518002033233643
5.816322326660156,6.2396416664123535,7.508632183074951,8.21733283996582,9.133506774902344,12.813592910766602,18.682809829711914,17.791784286499023,10.016615867614746,6.943023681640625,3.8935580253601074,2.744638442993164,4.667162895202637,6.2928924560546875,7.214471817016602,7.76623010635376,7.750543594360352,7.535760402679443,6.226226329803467,5.077704906463623,5.065101146697998,5.383118629455566,5.620511054992676,5.723212242126465,5.274596214294434,4.638211727142334,3.964273452758789,3.3682641983032227,3.0018928050994873,3.0241711139678955,3.131101608276367,2.9476706981658936,2.5077602863311768,1.5384858846664429,1.7515089511871338,1.590050458908081,1.3439301252365112,0.1651628464460373,-1.2631059885025024,-1.8511112928390503,-2.876889705657959,-4.420873641967773,0.2824011445045471
