data/wind_data/wind_16_2.json
{"header": {"parameterUnit": "KT", "parameterCategory": 2, "nx": 256, "ny": 198, "lo1": 44.73521041870117, "la1": -3.236724853515625, "lo2": 111.26478576660156, "la2": 43.468475341796875, "dx": 0.2609002888202667, "dy": -0.23708222806453705, "refTime": "2025-02-19 16:00:00", "forecastTime": 0, "parameterNumber": 2, "parameterNumberName": "eastward_wind"}, "data":
[rows 95 to 113 of 198, columns 129 to 171 of 256]
16.641891479492188,16.345035552978516,16.29867935180664,15.028548240661621,13.30587100982666,11.0714693069458,7.705249786376953,6.096707820892334,6.494699478149414,7.350119590759277,7.606524467468262,8.535319328308105,12.075255393981934,8.18608283996582,1.9033968448638916,-0.1748477667570114,-4.727519512176514,-8.709020614624023,-8.798602104187012,-6.479305267333984,-4.459887504577637,-3.477962017059326,-4.421761989593506,-3.6461691856384277,-0.7063206434249878,3.327587842941284,7.544536113739014,6.872001647949219,4.949127674102783,4.689355373382568,5.894555568695068,7.5674567222595215,8.653759002685547,7.379296779632568,6.204395294189453,5.912970066070557,6.0881524085998535,6.0448832511901855,5.417178630828857,4.696195125579834,4.1052165031433105,3.234117269515991,2.4455645084381104
13.77539348602295,14.403143882751465,14.257769584655762,12.167277336120605,9.44104290008545,8.415375709533691,8.069655418395996,8.633415222167969,11.049814224243164,12.207839012145996,8.592150688171387,11.274139404296875,9.735523223876953,0.6405562162399292,-1.9789025783538818,-1.7693560123443604,-2.6861934661865234,-2.8511962890625,-4.3136091232299805,-4.854282379150391,-4.54795503616333,-2.087568521499634,1.995689868927002,1.7167694568634033,-3.2389893531799316,-4.946258068084717,-2.21889328956604,1.5251084566116333,2.3393242359161377,2.718985080718994,5.07832670211792,7.344071865081787,9.20633602142334,8.515755653381348,7.131978988647461,6.423548698425293,6.278743743896484,6.396842956542969,6.070078372955322,5.225625514984131,3.806931734085083,2.606049060821533,1.7344963550567627
12.102294921875,13.541361808776855,11.135957717895508,9.147453308105469,8.877860069274902,7.2214460372924805,5.010486602783203,4.399510860443115,8.163809776306152,10.311800003051758,12.083624839782715,11.539777755737305,3.692243814468384,-0.7384142279624939,-1.7025601863861084,-0.23339644074440002,1.2062277793884277,0.9645969271659851,0.497155100107193,0.3689618408679962,-0.5457684993743896,0.5162155628204346,4.725171089172363,6.028107166290283,2.7741751670837402,-0.6620053052902222,-0.6825177669525146,-2.612504005432129,-3.102642297744751,0.1529729813337326,2.8248131275177,4.238068103790283,7.761736869812012,9.486781120300293,8.040775299072266,5.799400806427002,5.089103698730469,5.959922790527344,5.984135150909424,4.842708110809326,3.6914896965026855,2.3547208309173584,1.2206424474716187
12.493132591247559,11.931315422058105,7.329159736633301,4.741290092468262,9.016587257385254,7.072233200073242,1.8436181545257568,0.851309061050415,3.275364398956299,7.4995903968811035,12.203426361083984,8.123900413513184,2.2677385807037354,0.17386183142662048,1.0815050601959229,2.247960329055786,3.410609006881714,1.7437670230865479,-0.6479862332344055,-1.3675591945648193,1.4832165241241455,1.9570698738098145,4.587611198425293,6.2152485847473145,5.761716365814209,3.447608709335327,4.180224895477295,-1.6991205215454102,-2.608441114425659,1.7076324224472046,0.7120762467384338,-0.0867672860622406,5.91306734085083,9.703422546386719,7.641598224639893,4.669228553771973,4.683727741241455,5.611522197723389,5.8793745040893555,4.8158745765686035,3.14095139503479,1.7927298545837402,2.224398612976074
8.558735847473145,8.170961380004883,4.04901647567749,-2.4866340160369873,-1.6969361305236816,-3.5253045558929443,-3.4183971881866455,-1.560090184211731,1.2248517274856567,6.062045574188232,6.454957008361816,2.5538480281829834,6.592799663543701,5.974804401397705,2.4104623794555664,0.051695317029953,-1.0831339359283447,-1.1046638488769531,-2.9080662727355957,0.7423898577690125,5.127289772033691,5.717554569244385,4.678769111633301,5.425780773162842,2.8167359828948975,1.2731767892837524,2.671428680419922,0.9855373501777649,-3.0901224613189697,-0.9977898001670837,-1.4279035329818726,-0.6036783456802368,5.321718215942383,7.3581671714782715,5.344461917877197,4.961880683898926,5.668097496032715,5.821392059326172,5.285195350646973,3.8165831565856934,2.617886781692505,3.0609498023986816,4.161927700042725
6.5009331703186035,5.32413387298584,0.5814180374145508,-4.580053329467773,-5.335565090179443,-5.711935043334961,-5.9229960441589355,-5.303380012512207,-1.197181224822998,0.49961912631988525,-3.2344510555267334,1.9182723760604858,-0.2364484816789627,0.24432215094566345,-1.587652325630188,-2.142814874649048,0.16045893728733063,0.8376590013504028,2.189091920852661,6.310566425323486,6.494495391845703,5.448916435241699,5.194562911987305,6.370001316070557,2.121492385864258,-0.9602959752082825,-2.749188184738159,-0.9952571392059326,-3.7045843601226807,-3.1559693813323975,-1.7435208559036255,-1.7828458547592163,2.2461459636688232,3.694462299346924,4.267068862915039,5.391415596008301,5.62401819229126,4.303128719329834,3.7980799674987793,4.036003112792969,4.789662837982178,5.457657814025879,5.547601222991943
4.814270496368408,3.8234405517578125,1.5686938762664795,-0.6135892271995544,-1.621812343597412,-3.879697799682617,-5.260627269744873,-5.427708148956299,-3.0043246746063232,-2.974031448364258,-7.004155158996582,-6.208950042724609,-3.181541919708252,-4.83543062210083,-4.5675048828125,-5.042519569396973,-4.843348503112793,0.22083021700382233,1.9233720302581787,4.9411187171936035,5.7541046142578125,4.051136016845703,2.4330713748931885,-1.4634263515472412,-4.709323883056641,-4.677320957183838,-3.9937098026275635,-4.852290153503418,-4.733333587646484,-5.109703540802002,-3.393435001373291,-0.40838685631752014,-0.45850637555122375,-0.4247138500213623,3.2138445377349854,3.6611075401306152,2.608422040939331,3.444610834121704,5.759759902954102,6.735121726989746,7.9078755378723145,8.43214225769043,8.03576374053955
4.512007236480713,3.2395215034484863,1.0587443113327026,-1.479605793952942,-2.377258539199829,-3.0317232608795166,-3.8217039108276367,-4.918117046356201,-3.7407279014587402,-5.358272075653076,-9.271936416625977,-9.305696487426758,-6.319639682769775,-4.193971157073975,-0.5550121665000916,-0.7159940600395203,-0.039723705500364304,-4.1053619384765625,-8.163360595703125,-8.973008155822754,-7.837602138519287,-4.699101448059082,-2.051574945449829,-4.943573474884033,-6.332369804382324,-3.4006850719451904,-0.839240312576294,-5.742898464202881,-6.1180267333984375,-4.346552848815918,-1.8443986177444458,-3.2548680305480957,-3.5898265838623047,-2.0897436141967773,1.2320668697357178,1.4558314085006714,1.186748743057251,4.355832099914551,7.898611068725586,8.66627025604248,9.758984565734863,10.183944702148438,9.91707992553711
3.5907235145568848,2.198014259338379,-1.8452190160751343,-4.475064754486084,-5.608514785766602,-4.918062210083008,-2.536379098892212,-3.108536720275879,-3.6160056591033936,-4.071192264556885,-7.249921798706055,-7.067327499389648,-9.177295684814453,-9.928141593933105,-7.225091457366943,-6.71651029586792,-8.308534622192383,-9.936784744262695,-9.598888397216797,-8.597593307495117,-8.69864559173584,-9.302315711975098,-6.411097049713135,-2.594269037246704,-2.030222177505493,-3.7048351764678955,-2.2109603881835938,-2.702484369277954,-3.2220518589019775,-4.374154567718506,-3.5808515548706055,-2.131218433380127,-1.6117645502090454,-2.6938724517822266,-0.5468111038208008,0.35347050428390503,1.9946938753128052,4.759810447692871,6.857686519622803,8.118254661560059,9.270068168640137,10.310099601745605,9.55479621887207
3.7620644569396973,2.7527177333831787,-0.9326303601264954,-3.1071553230285645,-4.736502170562744,-5.0717267990112305,-2.787688732147217,-3.026020050048828,-6.430995464324951,-4.501994609832764,-5.856069087982178,-5.0517354011535645,-6.2638702392578125,-10.241724014282227,-10.753399848937988,-7.560596942901611,-7.819712162017822,-9.58983039855957,-9.522218704223633,-9.101676940917969,-4.908023357391357,-4.322044372558594,-6.441140651702881,-4.798900604248047,-0.5851938724517822,-1.9193741083145142,-6.901636123657227,-5.17282247543335,-5.202339172363281,-5.868728160858154,-6.266506671905518,-3.7833800315856934,0.1880003660917282,0.10562925785779953,2.0567541122436523,3.0002989768981934,4.895194053649902,6.596893787384033,7.936721324920654,9.23470687866211,9.691232681274414,10.564146995544434,11.564643859863281
2.6804981231689453,0.8587267994880676,-0.695965588092804,-1.5625648498535156,-3.5909762382507324,-6.144540786743164,-6.5986127853393555,-4.842639923095703,-6.722133159637451,-5.365392208099365,-4.4269585609436035,-4.186576843261719,-2.9720184803009033,-4.8188629150390625,-6.691155910491943,-5.433119297027588,-5.597794055938721,-7.523230075836182,-8.570194244384766,-9.66780948638916,-5.684482097625732,-1.854932427406311,-1.2842774391174316,-1.087642788887024,-0.6237438321113586,0.38574573397636414,-5.114506721496582,-9.411579132080078,-5.677365779876709,-4.6923065185546875,-5.1281657218933105,-5.093676567077637,-2.3158438205718994,0.5721544623374939,1.9751396179199219,2.6825644969940186,4.101030349731445,5.440911769866943,5.9401655197143555,6.358766078948975,8.044453620910645,9.028363227844238,8.991974830627441
0.06406451761722565,-2.064202308654785,-1.6341279745101929,-2.5569419860839844,-4.900026798248291,-6.44660758972168,-7.5691657066345215,-5.360311985015869,-4.606367588043213,-4.778270244598389,-5.588881492614746,-5.603230953216553,-4.095669269561768,-4.112082004547119,-6.324436187744141,-5.51585054397583,-5.652088642120361,-6.563765048980713,-6.008050441741943,-5.937780380249023,-7.281150817871094,-6.745452880859375,-3.4105470180511475,-0.5325192213058472,0.8049359321594238,1.9755878448486328,-0.5437160730361938,-5.839639186859131,-6.178379535675049,-3.617877244949341,-2.7161245346069336,-2.6969263553619385,-2.690031051635742,-2.5708556175231934,0.15791092813014984,1.5470751523971558,2.091486692428589,1.5847095251083374,0.6000142097473145,1.2186464071273804,2.60853910446167,3.9111902713775635,3.732417106628418
-2.802852153778076,-6.208484649658203,-6.7320966720581055,-8.361778259277344,-8.987300872802734,-7.742471218109131,-8.60474681854248,-7.962070941925049,-7.700706958770752,-5.879734992980957,-5.081028461456299,-7.208644866943359,-6.723667621612549,-4.720642566680908,-6.665295600891113,-6.307552814483643,-5.037502288818359,-5.008755207061768,-4.879091262817383,-4.07097864151001,-6.683006286621094,-6.930039882659912,-5.807814121246338,-3.234078884124756,-0.09473998099565506,2.7345950603485107,3.47733736038208,0.541949987411499,-1.4482630491256714,-2.00034236907959,-2.293591260910034,-1.08114492893219,1.5618879795074463,2.7528138160705566,4.533096790313721,5.21308708190918,6.265921115875244,6.822775363922119,6.582065582275391,6.318167209625244,4.922924041748047,4.0930094718933105,4.393441200256348
-1.394274353981018,-3.8876824378967285,-4.2575178146362305,-6.094660758972168,-8.64268970489502,-5.57955265045166,-5.244171142578125,-6.0971598625183105,-7.298464298248291,-6.711799144744873,-4.8257551193237305,-6.190682411193848,-5.867575645446777,-5.9885711669921875,-7.286101818084717,-6.227354049682617,-4.889776229858398,-4.294835090637207,-3.3644163608551025,-2.0525383949279785,-2.6145260334014893,-2.8890068531036377,-3.537343740463257,-3.1315882205963135,-1.37589430809021,0.6643080115318298,3.8991541862487793,4.370720863342285,3.0013387203216553,2.1702709197998047,-1.737128734588623,-3.832801103591919,-2.472154140472412,-0.6436898112297058,-0.8068398237228394,-1.0799397230148315,0.6339881420135498,3.9055941104888916,4.861163139343262,4.2575154304504395,3.9278147220611572,3.856220006942749,4.45032262802124
-0.5543881058692932,-0.9980711936950684,-2.4492299556732178,-3.2779765129089355,-6.850588321685791,-5.3016839027404785,-3.5453999042510986,-4.076929569244385,-4.458415985107422,-6.409359931945801,-4.540523529052734,-3.595379114151001,-2.162548065185547,-2.4651734828948975,-3.4132630825042725,-4.021510124206543,-2.717062473297119,-2.376889944076538,-1.8267395496368408,-0.7729742527008057,0.5961917638778687,1.2962453365325928,0.826738715171814,0.22724874317646027,0.3094538152217865,1.4373010396957397,4.018129825592041,6.399085521697998,5.972383499145508,4.764520645141602,3.3409547805786133,0.29155978560447693,-1.144459843635559,-0.5494115352630615,0.03342378884553909,-2.313932180404663,-3.5361859798431396,-0.5904722809791565,1.4661340713500977,1.6027915477752686,1.6975973844528198,2.6707799434661865,4.071232318878174
-0.29318782687187195,-0.3193507492542267,-1.912731647491455,-0.7347838878631592,-4.567540645599365,-4.606116771697998,-3.2873849868774414,-3.5110220909118652,-1.7495537996292114,-3.736433982849121,-4.402300834655762,-3.8640666007995605,-0.7068659067153931,2.4171626567840576,2.5338592529296875,1.0538227558135986,1.2145272493362427,1.904063105583191,1.825855016708374,2.0146799087524414,3.0313332080841064,3.301678419113159,2.471332311630249,2.222081184387207,2.368778705596924,2.682448625564575,4.123013973236084,5.706981182098389,6.410436630249023,5.757468223571777,4.195457935333252,3.25981068611145,2.9414825439453125,3.2745041847229004,4.646179676055908,3.7503809928894043,0.3342418670654297,-0.7773854732513428,0.5996677279472351,1.6449697017669678,2.1489956378936768,2.681779623031616,3.8104724884033203
-4.350695610046387,-4.26733922958374,-4.693907260894775,-2.892510175704956,-2.8056702613830566,-3.357778787612915,-2.442121744155884,-2.8203020095825195,-1.7666083574295044,-2.289208173751831,-3.5830726623535156,-4.1949944496154785,-3.0136611461639404,0.6604569554328918,4.100865840911865,5.709270477294922,4.576536655426025,4.277937412261963,4.72587776184082,4.684498310089111,4.695600509643555,4.176891803741455,3.276960849761963,3.5050342082977295,3.817683219909668,4.041966438293457,4.12575101852417,5.555485248565674,6.53711462020874,6.034088611602783,4.263891220092773,3.297060966491699,3.1308019161224365,4.18032693862915,6.570679187774658,8.252837181091309,5.2990593910217285,2.817920446395874,2.32578444480896,2.805579423904419,2.948138475418091,2.4568533897399902,2.7080070972442627
-2.4159932136535645,-0.7148798108100891,-2.6764273643493652,-2.9770138263702393,-2.03703236579895,-1.3258434534072876,-0.31737494468688965,-0.19929139316082,-0.5951167941093445,-0.18871328234672546,-1.3680142164230347,-2.1768853664398193,-2.927395820617676,-1.7174627780914307,1.0776290893554688,4.439284801483154,5.270853042602539,4.790473937988281,4.931219100952148,5.227671146392822,4.602038383483887,4.193665027618408,4.178182601928711,4.125211715698242,4.512805461883545,4.936898231506348,3.8199987411499023,4.167064666748047,4.763764381408691,4.58926248550415,4.066264629364014,4.106164932250977,3.6723291873931885,3.081148862838745,4.377311706542969,7.259709358215332,7.498720645904541,5.599721908569336,4.822057247161865,4.962262153625488,5.2590179443359375,5.250478267669678,5.3557634353637695
-2.2940845489501953,-2.1458797454833984,-1.336388349533081,-0.21579065918922424,1.124074101448059,1.6186898946762085,1.9872850179672241,1.761493444442749,0.9135235548019409,0.8719481229782104,-0.14634130895137787,0.3981480598449707,0.599058985710144,0.19273191690444946,0.21726922690868378,1.4477630853652954,4.058760166168213,5.54135799407959,5.75264835357666,5.974521636962891,6.258076190948486,6.53590726852417,6.813289165496826,6.7079010009765625,6.657945156097412,6.353724956512451,5.1907196044921875,5.003339767456055,6.715946674346924,8.228480339050293,8.13636589050293,7.498561382293701,7.289999961853027,6.7135009765625,6.072385787963867,6.840192794799805,8.497913360595703,9.293519973754883,8.847719192504883,7.970024585723877,7.587968349456787,7.775364875793457,8.363025665283203
