data/wind_data/wind_58_6.json
{"header": {"parameterUnit": "KT", "parameterCategory": 2, "nx": 256, "ny": 198, "lo1": 44.73521041870117, "la1": -3.236724853515625, "lo2": 111.26478576660156, "la2": 43.468475341796875, "dx": 0.2609002888202667, "dy": -0.23708222806453705, "refTime": "2025-02-21 10:00:00", "forecastTime": 0, "parameterNumber": 2, "parameterNumberName": "eastward_wind"}, "data":
[rows 60 to 79 of 198, columns 88 to 131 of 256]
8.413966178894043,8.727299690246582,9.095925331115723,9.458510398864746,9.863396644592285,10.37133502960205,10.906044960021973,11.318155288696289,11.481507301330566,11.389945030212402,11.124308586120605,10.702589988708496,10.10317325592041,9.3518705368042,8.822013854980469,8.875785827636719,9.128021240234375,8.978920936584473,8.55022144317627,8.26352596282959,8.214356422424316,8.256494522094727,8.220704078674316,8.161561012268066,8.134010314941406,8.02292251586914,7.6937360763549805,7.3953022956848145,7.269311904907227,7.465032577514648,7.4989142417907715,7.422185897827148,7.328122615814209,7.187242031097412,6.947445869445801,6.776528835296631,6.63735818862915,6.47392463684082,6.439548492431641,6.61916971206665,7.154266834259033,7.8551344871521,8.092336654663086,7.703131198883057
9.14702320098877,9.33682632446289,9.619003295898438,10.00483226776123,10.538894653320312,11.2194185256958,11.933077812194824,12.487893104553223,12.782832145690918,12.842029571533203,12.729987144470215,12.48395824432373,12.114367485046387,11.563180923461914,10.913982391357422,10.620926856994629,10.820474624633789,10.935486793518066,10.518219947814941,9.945395469665527,9.702422142028809,9.712837219238281,9.618873596191406,9.4063720703125,9.325203895568848,9.430225372314453,9.421536445617676,9.222468376159668,9.159475326538086,9.07248306274414,9.204113960266113,9.064899444580078,8.927884101867676,8.833633422851562,8.673924446105957,8.485025405883789,8.417245864868164,8.386305809020996,8.262124061584473,8.17918872833252,8.385716438293457,8.950732231140137,9.41522216796875,9.392778396606445
10.244075775146484,10.231008529663086,10.35772705078125,10.66080379486084,11.187042236328125,11.922830581665039,12.726489067077637,13.392627716064453,13.836651802062988,14.08008861541748,14.147194862365723,14.041033744812012,13.80927562713623,13.493634223937988,13.090703964233398,12.703537940979004,12.604981422424316,12.74836540222168,12.630609512329102,12.094459533691406,11.557780265808105,11.312163352966309,11.156878471374512,10.857657432556152,10.581985473632812,10.525869369506836,10.649683952331543,10.702062606811523,11.00507926940918,10.966055870056152,11.00078010559082,10.855128288269043,10.71887493133545,10.659836769104004,10.464609146118164,10.194123268127441,9.980608940124512,9.919168472290039,9.963458061218262,9.946715354919434,9.90315055847168,10.064957618713379,10.432211875915527,10.724170684814453
11.634854316711426,11.442055702209473,11.374683380126953,11.517093658447266,11.928276062011719,12.598329544067383,13.388800621032715,14.125118255615234,14.72603702545166,15.168292999267578,15.406184196472168,15.397442817687988,15.20230484008789,15.00293254852295,14.90721607208252,14.810426712036133,14.628808975219727,14.523571968078613,14.458578109741211,14.13277530670166,13.581317901611328,13.132457733154297,12.848245620727539,12.548235893249512,12.25558853149414,12.010427474975586,11.88400650024414,11.970305442810059,12.332189559936523,12.698984146118164,12.772035598754883,12.811558723449707,12.751293182373047,12.620172500610352,12.324036598205566,11.971989631652832,11.6685209274292,11.49625015258789,11.555521965026855,11.724418640136719,11.690619468688965,11.508722305297852,11.514720916748047,11.76314640045166
13.099185943603516,12.869014739990234,12.677345275878906,12.669089317321777,12.906400680541992,13.36947250366211,13.980753898620605,14.669740676879883,15.396611213684082,16.054122924804688,16.471094131469727,16.558345794677734,16.406044006347656,16.221895217895508,16.24903678894043,16.470577239990234,16.577251434326172,16.449153900146484,16.226396560668945,15.912023544311523,15.430588722229004,14.94896411895752,14.591894149780273,14.277088165283203,14.068195343017578,13.881410598754883,13.624107360839844,13.604920387268066,13.690777778625488,14.100526809692383,14.262487411499023,14.476253509521484,14.598729133605957,14.54021167755127,14.276508331298828,13.935665130615234,13.595508575439453,13.311266899108887,13.258005142211914,13.462732315063477,13.577474594116211,13.370363235473633,13.06397819519043,12.958534240722656
14.51192855834961,14.31087589263916,14.121212005615234,14.069084167480469,14.20352554321289,14.468216896057129,14.82257080078125,15.316959381103516,16.003360748291016,16.76679229736328,17.329261779785156,17.504688262939453,17.395910263061523,17.217987060546875,17.2287654876709,17.56501579284668,17.9853572845459,18.121667861938477,17.95524024963379,17.63605499267578,17.175193786621094,16.64437484741211,16.23553466796875,15.975536346435547,15.815649032592773,15.6757173538208,15.486296653747559,15.501890182495117,15.506438255310059,15.643804550170898,15.822566986083984,15.989145278930664,16.18384552001953,16.273073196411133,16.202957153320312,16.010602951049805,15.743038177490234,15.390830993652344,15.150928497314453,15.201226234436035,15.390310287475586,15.373783111572266,15.103271484375,14.804089546203613
15.97793197631836,15.783873558044434,15.579038619995117,15.489436149597168,15.554388999938965,15.7059326171875,15.914706230163574,16.26057243347168,16.83094596862793,17.565324783325195,18.202430725097656,18.47758674621582,18.391939163208008,18.165998458862305,18.078359603881836,18.347745895385742,18.889822006225586,19.314929962158203,19.36414337158203,19.17194938659668,18.879070281982422,18.449569702148438,17.971826553344727,17.650949478149414,17.48870086669922,17.348155975341797,17.20320701599121,17.197986602783203,17.317750930786133,17.42085075378418,17.67002296447754,17.73601722717285,17.810020446777344,17.940488815307617,18.064918518066406,18.07187843322754,17.912227630615234,17.597270965576172,17.230175018310547,17.024492263793945,17.103378295898438,17.25722885131836,17.276723861694336,17.114641189575195
17.46965217590332,17.336992263793945,17.125864028930664,16.9660587310791,16.915164947509766,16.92715072631836,17.01197624206543,17.270130157470703,17.772315979003906,18.46764373779297,19.139841079711914,19.529050827026367,19.571332931518555,19.390520095825195,19.22360610961914,19.32074737548828,19.730348587036133,20.21343231201172,20.447223663330078,20.394256591796875,20.27851676940918,20.10555076599121,19.82090187072754,19.52935791015625,19.302743911743164,19.054473876953125,18.92348289489746,18.734289169311523,18.844038009643555,19.13739013671875,19.486820220947266,19.580398559570312,19.503211975097656,19.589561462402344,19.898788452148438,20.163013458251953,20.098724365234375,19.76134490966797,19.35125160217285,18.980270385742188,18.851457595825195,19.003610610961914,19.24630355834961,19.365982055664062
18.9265193939209,18.89066505432129,18.75572395324707,18.57341766357422,18.402233123779297,18.26827049255371,18.229835510253906,18.384769439697266,18.79637908935547,19.418577194213867,20.053701400756836,20.472429275512695,20.65191078186035,20.697906494140625,20.64697265625,20.68292808532715,20.93287467956543,21.2790584564209,21.508621215820312,21.51608657836914,21.445194244384766,21.401369094848633,21.348772048950195,21.268491744995117,21.18716812133789,20.96788787841797,20.75505256652832,20.489484786987305,20.3366756439209,20.611196517944336,21.01731300354004,21.27859878540039,21.264266967773438,21.30502700805664,21.645505905151367,22.088741302490234,22.227436065673828,21.951913833618164,21.482423782348633,21.016948699951172,20.73053550720215,20.800983428955078,21.095130920410156,21.3773193359375
20.34200668334961,20.33745574951172,20.307083129882812,20.190542221069336,19.9834041595459,19.77388572692871,19.687519073486328,19.790081024169922,20.090770721435547,20.565271377563477,21.08359146118164,21.41615104675293,21.54079818725586,21.661834716796875,21.827529907226562,21.984630584716797,22.23027992248535,22.53070831298828,22.715986251831055,22.750503540039062,22.718021392822266,22.677467346191406,22.646869659423828,22.680469512939453,22.77961540222168,22.893310546875,22.766979217529297,22.5699405670166,22.24393081665039,22.161222457885742,22.367435455322266,22.729005813598633,22.991519927978516,23.169084548950195,23.391590118408203,23.71193504333496,23.971118927001953,23.946462631225586,23.65485191345215,23.204587936401367,22.791013717651367,22.71471405029297,22.975021362304688,23.309240341186523
21.857051849365234,21.704078674316406,21.627397537231445,21.56075668334961,21.435163497924805,21.29745864868164,21.277414321899414,21.43092918395996,21.697715759277344,22.03380584716797,22.422101974487305,22.673980712890625,22.64006996154785,22.576074600219727,22.74432373046875,23.000402450561523,23.279338836669922,23.635623931884766,23.86730194091797,23.92235565185547,23.994110107421875,24.084505081176758,24.045869827270508,24.02022933959961,24.1513614654541,24.480594635009766,24.700170516967773,24.747112274169922,24.582124710083008,24.235628128051758,23.999046325683594,24.13118553161621,24.583099365234375,25.02239990234375,25.220041275024414,25.266250610351562,25.370603561401367,25.536436080932617,25.637432098388672,25.503276824951172,25.151988983154297,24.87533950805664,24.892837524414062,25.117712020874023
24.013349533081055,23.559982299804688,23.160308837890625,22.88872528076172,22.714242935180664,22.631669998168945,22.697647094726562,22.944015502929688,23.295764923095703,23.656164169311523,24.022741317749023,24.29069709777832,24.25592803955078,24.022192001342773,23.971738815307617,24.160812377929688,24.366031646728516,24.686267852783203,24.99460220336914,25.07973861694336,25.15959930419922,25.404630661010742,25.53413200378418,25.54822540283203,25.56541633605957,25.794212341308594,26.182199478149414,26.561487197875977,26.7927188873291,26.621959686279297,26.23415756225586,25.970911026000977,26.169166564941406,26.62299156188965,26.95270538330078,27.024612426757812,26.988115310668945,27.059709548950195,27.276473999023438,27.4759464263916,27.52524185180664,27.378971099853516,27.127124786376953,27.022428512573242
26.45165252685547,26.04496192932129,25.510366439819336,25.038448333740234,24.680648803710938,24.422414779663086,24.30064582824707,24.366098403930664,24.632923126220703,25.030349731445312,25.46150779724121,25.833383560180664,25.990522384643555,25.887624740600586,25.734333038330078,25.739042282104492,25.792882919311523,25.937992095947266,26.23978614807129,26.453054428100586,26.536157608032227,26.742053985595703,27.00385856628418,27.160873413085938,27.32080841064453,27.222177505493164,27.43738555908203,27.99962043762207,28.43016242980957,28.617401123046875,28.592771530151367,28.361244201660156,28.1724853515625,28.27730941772461,28.5546932220459,28.814781188964844,28.922374725341797,28.952911376953125,29.02446746826172,29.18355369567871,29.443819046020508,29.677696228027344,29.59416961669922,29.337251663208008
28.249216079711914,28.015539169311523,27.66761016845703,27.369007110595703,27.171875,26.98488998413086,26.75979995727539,26.53923225402832,26.439836502075195,26.562835693359375,26.865638732910156,27.23373031616211,27.532440185546875,27.641613006591797,27.585115432739258,27.519773483276367,27.46775245666504,27.399267196655273,27.52786636352539,27.81233024597168,28.098005294799805,28.29975128173828,28.538602828979492,28.634252548217773,29.037437438964844,29.1227970123291,28.97318458557129,29.35350227355957,29.737062454223633,30.089519500732422,30.456260681152344,30.679964065551758,30.556673049926758,30.365896224975586,30.392730712890625,30.600236892700195,30.8409366607666,31.010051727294922,31.109378814697266,31.155731201171875,31.27420997619629,31.57448387145996,31.769742965698242,31.70563507080078
30.29441261291504,29.900074005126953,29.442646026611328,29.10216522216797,28.99983024597168,29.04901695251465,29.083375930786133,29.005685806274414,28.840883255004883,28.726213455200195,28.791696548461914,29.014732360839844,29.289817810058594,29.45791244506836,29.439348220825195,29.371932983398438,29.345333099365234,29.180641174316406,29.028514862060547,29.150606155395508,29.51110076904297,29.866352081298828,30.069978713989258,30.183717727661133,30.332868576049805,30.727907180786133,30.75998306274414,30.854278564453125,31.095157623291016,31.4370059967041,31.87160873413086,32.3773193359375,32.72222137451172,32.76367950439453,32.71028518676758,32.738529205322266,32.85403823852539,32.9819221496582,33.120506286621094,33.22233963012695,33.32300567626953,33.5319709777832,33.767852783203125,33.832115173339844
32.87961196899414,32.45556640625,31.915328979492188,31.385696411132812,30.993209838867188,30.78009796142578,30.721149444580078,30.73386573791504,30.730525970458984,30.69407081604004,30.727832794189453,30.891416549682617,31.142078399658203,31.351898193359375,31.37178611755371,31.293712615966797,31.305438995361328,31.265653610229492,31.013263702392578,30.89240074157715,31.038240432739258,31.456645965576172,31.753162384033203,31.6988582611084,31.797927856445312,31.992843627929688,32.358062744140625,32.492454528808594,32.6263313293457,32.88351058959961,33.24049377441406,33.69886016845703,34.269649505615234,34.79111862182617,35.05845642089844,35.10292434692383,35.05952072143555,35.04243087768555,35.11590576171875,35.28166580200195,35.504581451416016,35.76936721801758,35.964656829833984,35.975738525390625
35.54492950439453,35.139713287353516,34.620182037353516,34.11424255371094,33.68018341064453,33.274654388427734,32.88897705078125,32.59711456298828,32.44269943237305,32.38682556152344,32.424041748046875,32.55201721191406,32.73253631591797,32.92390060424805,33.010135650634766,32.9843635559082,33.02262496948242,33.14781951904297,33.084007263183594,32.93477249145508,32.977195739746094,33.180198669433594,33.72214889526367,33.548458099365234,33.2987060546875,33.482086181640625,33.81045913696289,34.095863342285156,34.243682861328125,34.44184875488281,34.76057434082031,35.18315505981445,35.748077392578125,36.42974090576172,36.95906448364258,37.164119720458984,37.15039825439453,37.10757827758789,37.140716552734375,37.32767105102539,37.65520477294922,38.02456283569336,38.269493103027344,38.28240203857422
37.92323684692383,37.64924240112305,37.205020904541016,36.72258758544922,36.307308197021484,35.90535354614258,35.451744079589844,35.00216293334961,34.64653778076172,34.439388275146484,34.400508880615234,34.47724151611328,34.553436279296875,34.5976676940918,34.62601089477539,34.616695404052734,34.65282440185547,34.772674560546875,34.87352752685547,34.82829284667969,34.925899505615234,34.92426300048828,35.36260986328125,35.76857376098633,35.29679489135742,35.17807388305664,35.35187911987305,35.69990921020508,35.94951248168945,36.11492156982422,36.372581481933594,36.75260925292969,37.231971740722656,37.82429504394531,38.41920471191406,38.839866638183594,39.038822174072266,39.12526321411133,39.211669921875,39.38925552368164,39.73606872558594,40.12910842895508,40.38916778564453,40.490108489990234
40.007381439208984,39.83816146850586,39.52964782714844,39.12508773803711,38.748836517333984,38.40934371948242,38.02621078491211,37.59260559082031,37.16176986694336,36.80786895751953,36.63066101074219,36.64832305908203,36.71910095214844,36.69700622558594,36.5984001159668,36.48899459838867,36.45726013183594,36.48070526123047,36.54396438598633,36.62409973144531,36.79249954223633,36.907569885253906,36.70693588256836,37.182289123535156,37.29168701171875,37.175392150878906,37.19690704345703,37.34439468383789,37.607566833496094,37.848724365234375,38.12892150878906,38.487701416015625,38.85900115966797,39.25483322143555,39.684085845947266,40.12876892089844,40.52718734741211,40.83565902709961,41.129188537597656,41.44492721557617,41.845001220703125,42.32096862792969,42.598304748535156,42.6806640625
42.04698181152344,41.86701965332031,41.597164154052734,41.213375091552734,40.85750198364258,40.616294860839844,40.42839431762695,40.19818115234375,39.88190841674805,39.4885368347168,39.1461181640625,39.00878143310547,39.062278747558594,39.16118621826172,39.110107421875,38.90673828125,38.71392822265625,38.60466766357422,38.46615219116211,38.500858306884766,38.60350799560547,38.97087860107422,38.79451370239258,38.51722717285156,38.565185546875,38.6970329284668,38.886653900146484,38.9261474609375,39.094078063964844,39.4222297668457,39.84984588623047,40.330894470214844,40.80392074584961,41.23504638671875,41.633426666259766,41.971229553222656,42.245174407958984,42.47092819213867,42.76819610595703,43.191864013671875,43.64377212524414,44.21480178833008,44.74298095703125,44.9666748046875
