data/wind_data/wind_10_9.json
{"header": {"parameterUnit": "KT", "parameterCategory": 2, "nx": 256, "ny": 198, "lo1": 44.73521041870117, "la1": -3.236724853515625, "lo2": 111.26478576660156, "la2": 43.468475341796875, "dx": 0.2609002888202667, "dy": -0.23708222806453705, "refTime": "2025-02-19 10:00:00", "forecastTime": 0, "parameterNumber": 2, "parameterNumberName": "eastward_wind"}, "data":
[rows 114 to 132 of 198, columns 43 to 85 of 256]
12.115459442138672,15.711357116699219,18.57776641845703,18.06930923461914,15.882903099060059,15.573747634887695,18.07937240600586,22.00093650817871,24.919015884399414,21.996004104614258,13.804098129272461,7.646804332733154,7.027336597442627,7.906340599060059,6.341816425323486,4.452506065368652,2.868541717529297,1.5089551210403442,0.4926662743091583,-0.1854831427335739,1.1171363592147827,4.370797634124756,7.582953453063965,9.95174789428711,11.483250617980957,12.259883880615234,13.17626667022705,15.190484046936035,17.573335647583008,18.146121978759766,17.729774475097656,18.117036819458008,18.45664405822754,17.642486572265625,17.29818344116211,19.32711410522461,22.52799415588379,23.53321075439453,20.440895080566406,15.945112228393555,13.767075538635254,13.627619743347168,14.157066345214844
11.728463172912598,14.929030418395996,18.734655380249023,19.890214920043945,18.240934371948242,17.00929069519043,18.82188606262207,22.769367218017578,24.503238677978516,20.310895919799805,13.526651382446289,9.425063133239746,8.113083839416504,6.586828231811523,5.53088903427124,4.951236248016357,3.296907424926758,0.8290240168571472,-1.568947672843933,-2.738929510116577,-0.5461428165435791,2.8892154693603516,5.881923198699951,8.203472137451172,9.662086486816406,10.400252342224121,11.737380981445312,14.155831336975098,15.028789520263672,15.123665809631348,15.749810218811035,15.448162078857422,14.225666046142578,13.53757095336914,14.79830551147461,18.200111389160156,21.52536392211914,21.77372932434082,18.732044219970703,15.872736930847168,15.761850357055664,16.4029541015625,16.51536750793457
11.3515043258667,14.277921676635742,18.372814178466797,21.041324615478516,20.761478424072266,19.65164566040039,20.723920822143555,23.361942291259766,23.41595458984375,19.43911361694336,14.26595687866211,10.117134094238281,7.236514568328857,5.877993106842041,5.49090051651001,4.686354637145996,3.0671896934509277,1.1550248861312866,-1.3814257383346558,-1.5772981643676758,1.26255202293396,4.310536861419678,6.473315238952637,8.218523979187012,9.406153678894043,10.180517196655273,11.773816108703613,12.35998821258545,11.788304328918457,12.153568267822266,11.870238304138184,10.554895401000977,10.271557807922363,11.786945343017578,14.441753387451172,17.394046783447266,19.143211364746094,18.5616512298584,16.462648391723633,15.42644214630127,16.02297592163086,15.182753562927246,13.442644119262695
10.981131553649902,13.35659122467041,16.666566848754883,20.400463104248047,22.672021865844727,23.114511489868164,23.335020065307617,23.911760330200195,23.209951400756836,20.299453735351562,15.869168281555176,10.896035194396973,6.973749160766602,5.147886753082275,4.752743244171143,4.429076671600342,3.954138994216919,2.225238561630249,-0.17270687222480774,0.3569963574409485,2.5184407234191895,4.9778313636779785,6.913294792175293,8.894369125366211,10.573186874389648,12.242883682250977,12.752284049987793,10.495498657226562,8.744214057922363,8.139924049377441,7.67105770111084,8.058066368103027,9.642993927001953,11.887994766235352,13.815671920776367,15.271233558654785,15.863714218139648,14.675270080566406,12.556412696838379,12.131004333496094,12.773228645324707,10.906842231750488,8.692780494689941
10.694066047668457,12.425302505493164,14.616850852966309,18.673320770263672,23.289167404174805,25.782485961914062,26.08360481262207,25.329391479492188,23.952241897583008,21.68087387084961,17.778606414794922,12.637947082519531,8.206542015075684,5.643527030944824,4.55752420425415,4.174598693847656,4.381251335144043,4.02060079574585,3.099329710006714,2.5062642097473145,2.41750431060791,3.6707284450531006,6.15914249420166,9.27443790435791,12.135013580322266,14.171483993530273,13.50638484954834,10.488337516784668,7.980273246765137,6.274300575256348,6.619157314300537,8.498102188110352,9.92377758026123,10.381754875183105,10.584962844848633,11.635268211364746,12.107906341552734,10.583054542541504,9.359597206115723,10.010467529296875,10.380162239074707,8.69578742980957,7.015767574310303
10.26555061340332,11.929360389709473,13.748409271240234,17.414682388305664,22.560754776000977,26.7220458984375,28.362796783447266,27.710988998413086,25.396625518798828,22.61281967163086,19.092741012573242,14.282208442687988,9.869861602783203,7.289544582366943,6.015078067779541,5.567498207092285,5.767923831939697,6.066324710845947,5.833872318267822,4.4128570556640625,3.230915069580078,4.010044574737549,6.957336902618408,10.689570426940918,13.814687728881836,14.842523574829102,13.714773178100586,12.290361404418945,10.805412292480469,9.009326934814453,8.177200317382812,8.130852699279785,7.549413681030273,6.904130458831787,7.982720375061035,10.610918998718262,11.453765869140625,9.516209602355957,8.686323165893555,9.355596542358398,9.339771270751953,7.702362537384033,5.991327285766602
9.265921592712402,11.430317878723145,13.50510025024414,16.731212615966797,21.36382293701172,26.324047088623047,29.701318740844727,30.28626823425293,27.675827026367188,23.570859909057617,19.031408309936523,14.065451622009277,10.45881462097168,8.830718994140625,7.9556169509887695,7.471856117248535,7.45533561706543,7.944762229919434,8.046177864074707,6.141043186187744,3.9997639656066895,4.836984634399414,8.385730743408203,12.191964149475098,14.308422088623047,14.472058296203613,13.628256797790527,13.077980995178223,14.25296401977539,12.9208402633667,9.332277297973633,6.570110321044922,5.277448654174805,5.947659969329834,8.40264892578125,11.320186614990234,11.93324089050293,10.288415908813477,8.745468139648438,7.625823020935059,7.0180983543396,6.8804612159729,6.401956081390381
7.365703582763672,10.763019561767578,13.817117691040039,16.874879837036133,20.641695022583008,25.290298461914062,29.712974548339844,31.8958683013916,30.293027877807617,24.808298110961914,18.047395706176758,13.08343505859375,10.734448432922363,9.58440113067627,8.454495429992676,7.6481781005859375,7.5677056312561035,8.630802154541016,9.884071350097656,8.447264671325684,5.502229690551758,5.356283187866211,8.681721687316895,11.81069564819336,13.074475288391113,14.024389266967773,14.797652244567871,16.218307495117188,17.088163375854492,14.434257507324219,10.218552589416504,7.291398525238037,6.856922626495361,7.762791156768799,9.262979507446289,11.535700798034668,13.176932334899902,13.291411399841309,11.795148849487305,8.849410057067871,6.397488117218018,6.434597015380859,7.602595806121826
6.691067218780518,9.608001708984375,12.876708030700684,16.541065216064453,20.30906105041504,24.38381576538086,28.87689971923828,32.1136589050293,31.627574920654297,26.189727783203125,18.624174118041992,13.699607849121094,11.997770309448242,10.96979808807373,9.16085433959961,7.483569145202637,6.823757171630859,7.530220985412598,9.39777660369873,9.202522277832031,7.49253511428833,7.124794960021973,8.367738723754883,9.26435375213623,11.701960563659668,16.00265121459961,19.184185028076172,19.83530044555664,16.236251831054688,12.979021072387695,11.748285293579102,10.071078300476074,8.688387870788574,8.346713066101074,9.424731254577637,12.100900650024414,14.753551483154297,16.206266403198242,16.07265281677246,13.997407913208008,10.010641098022461,7.550874710083008,8.836209297180176
7.558495044708252,9.838949203491211,12.129532814025879,15.479671478271484,19.457292556762695,23.029598236083984,26.4672794342041,29.84874725341797,31.10520362854004,27.4242000579834,20.33226776123047,15.570013999938965,14.515443801879883,14.199406623840332,12.520368576049805,9.951629638671875,7.841508865356445,6.262049674987793,6.449554443359375,7.138455867767334,7.777721881866455,8.317121505737305,6.672262191772461,6.1000871658325195,13.466546058654785,20.35634422302246,22.7579402923584,19.49196434020996,14.083154678344727,11.492192268371582,10.794607162475586,9.856307029724121,9.351244926452637,10.000129699707031,11.490962982177734,13.559802055358887,15.357842445373535,16.519372940063477,17.188243865966797,16.964683532714844,14.453042030334473,10.19124698638916,10.22549057006836
7.657052993774414,10.918442726135254,13.444537162780762,15.641029357910156,18.33409309387207,20.750247955322266,22.754074096679688,25.49500846862793,27.91794204711914,26.172639846801758,21.048255920410156,17.886014938354492,17.698827743530273,17.76673126220703,16.616519927978516,14.091772079467773,11.027039527893066,7.676851749420166,4.607684135437012,4.551535129547119,5.919522285461426,5.882552146911621,4.009833812713623,6.048190593719482,15.781305313110352,22.248830795288086,24.470422744750977,21.698341369628906,15.175345420837402,9.962212562561035,9.453274726867676,10.773049354553223,11.30292797088623,11.29844856262207,12.140254020690918,14.158626556396484,15.894043922424316,15.785144805908203,14.990870475769043,15.658490180969238,15.913217544555664,12.704604148864746,11.769292831420898
6.278167247772217,11.824503898620605,16.28549575805664,17.4242000579834,17.71533203125,19.211301803588867,20.79242515563965,22.094274520874023,22.986591339111328,22.040910720825195,20.095670700073242,19.497398376464844,19.812442779541016,19.990829467773438,19.918710708618164,18.66111183166504,15.643765449523926,11.361379623413086,6.473337650299072,3.8544492721557617,3.96132230758667,2.92863130569458,3.9140818119049072,8.99057388305664,16.841167449951172,22.627111434936523,25.45611572265625,25.305866241455078,21.345489501953125,14.672252655029297,10.456018447875977,10.651304244995117,12.07042407989502,13.099685668945312,13.6973876953125,14.614365577697754,15.819679260253906,14.5263090133667,11.866729736328125,13.05098819732666,14.79857063293457,14.314005851745605,14.748038291931152
5.686171054840088,12.328621864318848,18.782493591308594,20.549053192138672,18.270526885986328,17.68010139465332,19.507659912109375,20.726844787597656,20.09781265258789,18.87098503112793,18.60210609436035,19.16477394104004,19.428150177001953,19.984159469604492,21.584335327148438,22.41130828857422,20.462310791015625,15.967522621154785,10.327749252319336,6.269984722137451,4.378787517547607,3.358879804611206,4.126460552215576,9.069931983947754,14.57603931427002,18.534231185913086,22.617921829223633,25.966053009033203,24.886362075805664,19.538686752319336,13.408061981201172,11.270188331604004,12.495280265808105,14.265981674194336,14.363901138305664,14.036141395568848,14.494721412658691,13.178502082824707,10.741312980651855,10.761056900024414,11.282675743103027,13.334063529968262,17.340591430664062
7.074947357177734,12.718650817871094,19.194047927856445,22.384082794189453,20.231164932250977,17.29609489440918,17.368759155273438,18.760278701782227,19.724973678588867,19.518957138061523,18.567537307739258,18.03751564025879,18.071212768554688,18.935335159301758,21.168777465820312,23.460037231445312,23.23674201965332,19.57161521911621,13.94487190246582,9.529372215270996,7.744362831115723,7.550938129425049,7.661478519439697,7.447264671325684,9.288818359375,12.730923652648926,18.43667221069336,24.432947158813477,25.400781631469727,21.143030166625977,15.474437713623047,12.480889320373535,13.014250755310059,14.607115745544434,14.400872230529785,12.767439842224121,11.700648307800293,11.369879722595215,10.199243545532227,7.674691200256348,7.928322792053223,10.583044052124023,18.584142684936523
9.168803215026855,12.993634223937988,17.801816940307617,22.353858947753906,23.81631851196289,19.52773094177246,14.099396705627441,13.818758964538574,17.96218490600586,21.480560302734375,21.067846298217773,19.270999908447266,18.164255142211914,18.054750442504883,19.490211486816406,21.778738021850586,22.808252334594727,20.755624771118164,16.203540802001953,11.803797721862793,10.619574546813965,11.411687850952148,9.53373908996582,5.928503513336182,6.276003837585449,9.916643142700195,15.815539360046387,22.49688720703125,24.41753578186035,21.379789352416992,17.01856803894043,14.035968780517578,13.373424530029297,13.93139934539795,13.145227432250977,11.191349983215332,10.052532196044922,10.150355339050293,9.048495292663574,6.06257438659668,5.917230606079102,7.2410969734191895,17.572467803955078
10.261597633361816,13.359548568725586,16.154094696044922,20.276779174804688,25.1163272857666,23.085662841796875,13.275870323181152,9.508201599121094,14.792226791381836,21.592113494873047,22.463783264160156,19.879594802856445,18.082073211669922,17.756059646606445,18.538005828857422,19.857248306274414,20.710472106933594,19.7663631439209,16.29991340637207,12.382391929626465,11.77325439453125,13.390364646911621,12.1060209274292,7.72769832611084,5.5885162353515625,8.429563522338867,13.741150856018066,20.269630432128906,23.124616622924805,21.237825393676758,17.868560791015625,15.295641899108887,13.38367748260498,12.336284637451172,11.108710289001465,9.069806098937988,8.836682319641113,9.912449836730957,8.739081382751465,6.3428192138671875,5.299783706665039,6.523383617401123,16.09920310974121
10.145983695983887,12.033432006835938,14.193314552307129,18.12560272216797,23.492345809936523,23.40140724182129,15.359718322753906,11.103782653808594,14.857346534729004,20.479644775390625,21.459569931030273,19.386316299438477,17.65601921081543,16.952713012695312,17.254432678222656,18.311460494995117,19.37684440612793,18.962705612182617,15.876437187194824,12.38043212890625,12.254738807678223,14.805991172790527,15.365428924560547,12.327367782592773,8.131021499633789,8.307586669921875,12.65986442565918,18.452957153320312,21.976320266723633,21.249433517456055,18.264188766479492,15.520505905151367,13.28331184387207,11.244331359863281,9.337631225585938,7.494560241699219,7.2440571784973145,8.666072845458984,8.210151672363281,6.352487087249756,6.365009307861328,7.658913612365723,14.069499969482422
8.570365905761719,9.206305503845215,12.614701271057129,18.124364852905273,23.42125701904297,23.273950576782227,17.514968872070312,14.825201034545898,17.362064361572266,20.259979248046875,19.878448486328125,17.959821701049805,16.73103141784668,16.253446578979492,16.291780471801758,17.10883140563965,18.354284286499023,18.346946716308594,15.651022911071777,12.811654090881348,13.329607009887695,16.10377311706543,17.931119918823242,16.988040924072266,13.536190032958984,10.46068000793457,11.90557861328125,16.29227066040039,20.38242530822754,21.07493782043457,18.53045082092285,15.074422836303711,12.305341720581055,10.014578819274902,8.003260612487793,6.897024154663086,6.384974479675293,6.7353363037109375,6.785069942474365,5.898051738739014,6.019967555999756,7.322384357452393,11.988605499267578
6.546632766723633,7.38077974319458,11.987733840942383,18.870100021362305,24.879154205322266,25.091066360473633,20.22297477722168,17.66316795349121,18.835969924926758,19.240751266479492,17.798744201660156,17.0540771484375,17.549375534057617,17.91509246826172,17.42469596862793,17.005464553833008,17.477201461791992,17.397602081298828,15.051718711853027,13.055652618408203,14.117473602294922,16.885026931762695,19.47885513305664,20.23406219482422,17.691375732421875,13.330524444580078,11.645519256591797,13.875041961669922,17.4708309173584,19.3411922454834,17.953649520874023,14.365219116210938,10.53696346282959,7.91176176071167,6.391544818878174,5.97819185256958,6.3798346519470215,6.787200927734375,6.433463096618652,5.428205490112305,4.6900954246521,5.296588897705078,8.627227783203125
