data/wind_data/wind_64_7.json
{"header": {"parameterUnit": "KT", "parameterCategory": 2, "nx": 256, "ny": 198, "lo1": 44.73521041870117, "la1": -3.236724853515625, "lo2": 111.26478576660156, "la2": 43.468475341796875, "dx": 0.2609002888202667, "dy": -0.23708222806453705, "refTime": "2025-02-21 16:00:00", "forecastTime": 0, "parameterNumber": 2, "parameterNumberName": "eastward_wind"}, "data":
[rows 20 to 39 of 198, columns 44 to 87 of 256]
-3.457315683364868,-2.7809386253356934,-1.7275878190994263,-0.6146830916404724,0.3469752371311188,1.1959705352783203,1.9472213983535767,2.632777214050293,3.275881767272949,3.775773525238037,4.160312175750732,4.267758369445801,4.210538864135742,4.051222801208496,3.828608751296997,3.8217382431030273,3.9000754356384277,3.8908681869506836,3.798196315765381,3.796355724334717,3.8842251300811768,3.9983880519866943,3.9405150413513184,3.8370964527130127,4.173739433288574,5.0103440284729,5.993939399719238,6.4644975662231445,6.333807945251465,5.9318318367004395,5.555315017700195,5.224997520446777,4.992835998535156,4.933809280395508,4.980142116546631,4.938502311706543,4.693083763122559,4.630390167236328,4.9311347007751465,5.566709041595459,5.854788303375244,5.077093124389648,3.1307835578918457,0.9338124990463257
-4.81017541885376,-4.144533157348633,-3.054069757461548,-1.9830539226531982,-1.2444589138031006,-0.7291848659515381,-0.3122173845767975,0.14917148649692535,0.7114588618278503,1.155930519104004,1.5807311534881592,1.7536251544952393,1.8287795782089233,1.9693864583969116,2.1115148067474365,2.269937515258789,2.384039878845215,2.5394060611724854,2.606581211090088,2.64703631401062,2.72029972076416,2.744067668914795,2.631720781326294,2.6652634143829346,3.05722713470459,3.9627394676208496,5.11897611618042,5.712963581085205,5.662355899810791,5.36441707611084,4.871054172515869,4.298115253448486,3.955862045288086,3.8161630630493164,3.737338066101074,3.7496442794799805,3.747098445892334,3.721052408218384,4.027402877807617,4.371207237243652,4.188815116882324,3.3672776222229004,1.7595926523208618,-0.13648360967636108
-5.841977119445801,-5.33941125869751,-4.313249111175537,-3.201873779296875,-2.4575791358947754,-2.0705907344818115,-1.8397233486175537,-1.5311346054077148,-1.1627041101455688,-0.7870171666145325,-0.3829565644264221,-0.1410629153251648,0.09306846559047699,0.38685593008995056,0.7054789066314697,0.9284634590148926,1.0721718072891235,1.2459293603897095,1.32167649269104,1.3821873664855957,1.416669249534607,1.460949182510376,1.4292794466018677,1.4249444007873535,1.5864284038543701,2.39569354057312,3.624393939971924,4.418827056884766,4.502878665924072,4.170190811157227,3.628704786300659,3.101989269256592,2.8306214809417725,2.64192271232605,2.539496660232544,2.6442012786865234,2.8016107082366943,2.7803661823272705,2.8659307956695557,2.713202476501465,2.151831865310669,1.657709002494812,0.9340792298316956,-0.3779290020465851
-6.935113430023193,-6.709499835968018,-5.858363151550293,-4.680126190185547,-3.6669673919677734,-3.09194016456604,-2.8053338527679443,-2.611696243286133,-2.4745843410491943,-2.3169851303100586,-1.8079417943954468,-1.326196312904358,-0.8964819312095642,-0.5545796155929565,-0.24191313982009888,0.022619469091296196,0.06028207764029503,-0.09611417353153229,-0.36518898606300354,-0.4277704954147339,-0.3281070291996002,-0.1536148488521576,-0.31277161836624146,-0.6396178603172302,-0.5658933520317078,0.1741231083869934,1.0704588890075684,1.6096521615982056,1.8047566413879395,1.7776694297790527,1.6610407829284668,1.616149663925171,1.541892409324646,1.2899080514907837,1.0902047157287598,1.249186396598816,1.6042722463607788,1.7082481384277344,1.6097009181976318,1.1572538614273071,0.6891270279884338,0.7798973917961121,0.9332101941108704,0.22270363569259644
-8.283515930175781,-8.359039306640625,-7.866222858428955,-6.829802989959717,-5.407482624053955,-4.436064720153809,-4.078639507293701,-3.891186475753784,-3.678325891494751,-3.3167307376861572,-2.7475695610046387,-2.147778034210205,-1.598850965499878,-1.2998934984207153,-1.1201574802398682,-1.139782428741455,-1.5379033088684082,-2.1639158725738525,-2.6588375568389893,-2.812492847442627,-2.829251766204834,-2.9084458351135254,-3.120795249938965,-3.0934550762176514,-2.7506473064422607,-2.3147687911987305,-1.9568513631820679,-1.6804239749908447,-1.3876795768737793,-1.052344560623169,-0.6940554976463318,-0.2979116439819336,-0.060232993215322495,-0.1353495866060257,-0.23974911868572235,0.05017854645848274,0.6002580523490906,0.874536395072937,0.754895806312561,0.3510550260543823,0.09248942881822586,0.3496478199958801,0.8328365087509155,0.595700204372406
-9.563263893127441,-9.796854019165039,-9.548309326171875,-8.609792709350586,-7.35504674911499,-6.291179180145264,-5.893908977508545,-5.571804523468018,-5.094841957092285,-4.463595867156982,-3.858449935913086,-3.2977795600891113,-2.937716007232666,-2.8682563304901123,-2.9288296699523926,-3.2239465713500977,-3.7705118656158447,-4.402690410614014,-4.867778301239014,-5.07478666305542,-5.1695027351379395,-5.256731033325195,-5.231818199157715,-5.097529888153076,-4.879472732543945,-4.5844197273254395,-4.2636590003967285,-4.011383056640625,-3.7436397075653076,-3.3045601844787598,-2.735161304473877,-2.229430913925171,-1.8543580770492554,-1.5803487300872803,-1.3009734153747559,-0.7816584706306458,-0.10346687585115433,0.31273797154426575,0.33812233805656433,0.1682235598564148,-0.05867671221494675,-0.13181836903095245,0.0038466271944344044,0.07129168510437012
-10.490422248840332,-10.336047172546387,-10.242554664611816,-9.415307998657227,-8.830673217773438,-8.235078811645508,-7.87831974029541,-7.450482368469238,-6.892918109893799,-6.2327351570129395,-5.679628372192383,-5.204705715179443,-4.757122993469238,-4.528900623321533,-4.565922260284424,-4.863602638244629,-5.297842979431152,-5.687015056610107,-5.9741692543029785,-6.13494348526001,-6.186191558837891,-6.146246910095215,-6.069394111633301,-5.974465847015381,-5.791115760803223,-5.599903583526611,-5.363245010375977,-5.1313862800598145,-4.846736431121826,-4.372046947479248,-3.785411834716797,-3.3757340908050537,-3.086172580718994,-2.67496395111084,-2.091615676879883,-1.420069932937622,-0.6665616631507874,-0.12223813682794571,0.10886172950267792,-0.019402775913476944,-0.58287513256073,-1.110463261604309,-1.1832553148269653,-0.7174361944198608
-10.898811340332031,-10.298761367797852,-10.246663093566895,-10.136824607849121,-9.956538200378418,-9.706586837768555,-9.457379341125488,-9.084423065185547,-8.441697120666504,-7.792288780212402,-7.124112606048584,-6.649051189422607,-6.160313129425049,-5.747584819793701,-5.704817771911621,-5.819836139678955,-5.962679862976074,-6.124107360839844,-6.392178535461426,-6.673090934753418,-6.764251708984375,-6.675999641418457,-6.48577880859375,-6.222429275512695,-5.871213436126709,-5.647365570068359,-5.430428504943848,-5.154280662536621,-4.908660888671875,-4.5574188232421875,-4.1056599617004395,-3.7072863578796387,-3.396805763244629,-3.119081497192383,-2.7150979042053223,-2.1580557823181152,-1.4115184545516968,-0.6921327114105225,-0.2457573562860489,-0.47847044467926025,-1.1852494478225708,-1.5874956846237183,-1.3813896179199219,-0.698327362537384
-11.22116756439209,-10.97288990020752,-11.11303424835205,-11.185494422912598,-11.183565139770508,-10.89084529876709,-10.813868522644043,-10.66591739654541,-9.802356719970703,-9.058927536010742,-8.343512535095215,-7.629903793334961,-7.299411296844482,-6.937837600708008,-6.805206298828125,-6.773245811462402,-6.786341190338135,-6.906836986541748,-7.116724967956543,-7.322420120239258,-7.2997050285339355,-7.157655715942383,-6.930680751800537,-6.576589584350586,-6.111783981323242,-5.7202606201171875,-5.442204475402832,-5.130824565887451,-5.010207176208496,-4.859100818634033,-4.594693183898926,-4.194414138793945,-3.805746078491211,-3.5926501750946045,-3.3874332904815674,-3.040847063064575,-2.4388766288757324,-1.601239562034607,-0.8734689950942993,-0.6335189938545227,-0.7736534476280212,-0.8632256388664246,-0.5876994132995605,-0.03265497460961342
-12.306288719177246,-12.443621635437012,-12.505352973937988,-12.400336265563965,-12.042685508728027,-11.82669448852539,-11.729776382446289,-11.75334644317627,-11.209162712097168,-10.046623229980469,-9.593327522277832,-8.758893966674805,-8.244619369506836,-7.906567573547363,-7.73978853225708,-7.933223247528076,-8.096858978271484,-8.106169700622559,-7.943502426147461,-7.819122314453125,-7.806325912475586,-7.756809234619141,-7.595065116882324,-7.2631072998046875,-6.731595516204834,-6.1513895988464355,-5.745579719543457,-5.535698413848877,-5.438913822174072,-5.334033489227295,-5.2051568031311035,-4.9579081535339355,-4.645284652709961,-4.29484224319458,-4.019864559173584,-3.727553367614746,-3.221585750579834,-2.518010377883911,-1.7089385986328125,-0.929914116859436,-0.3041059970855713,0.1629299521446228,0.5139397382736206,0.7701029777526855
-13.433080673217773,-13.530914306640625,-13.422316551208496,-13.044158935546875,-12.416529655456543,-12.326412200927734,-12.171856880187988,-11.629606246948242,-11.50544548034668,-10.692419052124023,-10.402299880981445,-9.941513061523438,-9.297212600708008,-8.944637298583984,-8.737269401550293,-8.836606979370117,-8.820110321044922,-8.585491180419922,-8.343413352966309,-8.254358291625977,-8.347558975219727,-8.516191482543945,-8.511946678161621,-8.199015617370605,-7.54773473739624,-6.81791877746582,-6.301973819732666,-5.983677387237549,-5.7478461265563965,-5.520430564880371,-5.415126323699951,-5.329885005950928,-5.069031238555908,-4.550125598907471,-4.052248001098633,-3.769733190536499,-3.481043815612793,-3.0386698246002197,-2.4787068367004395,-1.7020803689956665,-0.7207750082015991,0.19138440489768982,0.7772501707077026,1.0203866958618164
-14.050824165344238,-13.759108543395996,-13.551727294921875,-13.421695709228516,-13.154199600219727,-12.927910804748535,-12.511308670043945,-12.116896629333496,-11.222713470458984,-10.677499771118164,-11.042064666748047,-10.739611625671387,-10.406911849975586,-10.037683486938477,-9.6565523147583,-9.320490837097168,-8.959310531616211,-8.598870277404785,-8.423599243164062,-8.42979621887207,-8.638896942138672,-8.952253341674805,-9.10927677154541,-8.837613105773926,-8.241926193237305,-7.563521862030029,-7.02533483505249,-6.510100364685059,-6.013716220855713,-5.625955581665039,-5.407598495483398,-5.338471412658691,-5.0525994300842285,-4.434561252593994,-3.765062093734741,-3.3593037128448486,-3.2233352661132812,-3.1570687294006348,-3.0187978744506836,-2.5123324394226074,-1.6982048749923706,-0.8798699975013733,-0.21108536422252655,0.27435123920440674
-13.958468437194824,-13.524702072143555,-13.319341659545898,-13.390830993652344,-13.480934143066406,-13.321730613708496,-12.945590019226074,-12.23340892791748,-11.375236511230469,-11.22414779663086,-11.147357940673828,-10.889406204223633,-10.84692096710205,-10.697108268737793,-10.287784576416016,-9.864995002746582,-9.354947090148926,-8.820784568786621,-8.413407325744629,-8.255847930908203,-8.326469421386719,-8.669485092163086,-8.869139671325684,-8.7281494140625,-8.337920188903809,-7.942894458770752,-7.690152168273926,-7.296608924865723,-6.705285549163818,-6.1135735511779785,-5.656617641448975,-5.389390468597412,-5.011876106262207,-4.477489948272705,-3.863006114959717,-3.28428316116333,-2.9532008171081543,-2.9570813179016113,-3.2791380882263184,-3.3138115406036377,-2.8491759300231934,-2.1674697399139404,-1.4854975938796997,-0.9318804144859314
-13.371603012084961,-12.880868911743164,-12.577180862426758,-12.5647611618042,-12.731176376342773,-12.841314315795898,-12.689903259277344,-12.144683837890625,-11.617206573486328,-11.38341999053955,-11.00010871887207,-10.695235252380371,-10.721373558044434,-10.748062133789062,-10.585638046264648,-10.232837677001953,-9.809920310974121,-9.280319213867188,-8.756396293640137,-8.371341705322266,-8.154008865356445,-8.141679763793945,-8.150708198547363,-8.045391082763672,-7.762930393218994,-7.573824405670166,-7.751240253448486,-7.895823955535889,-7.668811798095703,-7.054769515991211,-6.337275505065918,-5.7676920890808105,-5.334482669830322,-5.004781246185303,-4.616110324859619,-3.999202251434326,-3.2991724014282227,-2.8477699756622314,-3.0567514896392822,-3.6409356594085693,-3.7244224548339844,-2.9179699420928955,-2.206676959991455,-1.8638850450515747
-12.895160675048828,-12.296788215637207,-11.803292274475098,-11.43214225769043,-11.386467933654785,-11.672544479370117,-11.849541664123535,-11.641592025756836,-11.242609024047852,-10.869394302368164,-10.607478141784668,-10.46515941619873,-10.451744079589844,-10.48344898223877,-10.415266036987305,-10.230046272277832,-9.981956481933594,-9.678495407104492,-9.346835136413574,-9.061949729919434,-8.735723495483398,-8.363126754760742,-8.00692367553711,-7.626125812530518,-7.180816173553467,-6.902674198150635,-7.069827556610107,-7.5566301345825195,-7.93143367767334,-7.654210567474365,-7.006373405456543,-6.387495517730713,-5.945106029510498,-5.630845546722412,-5.371791362762451,-4.846055030822754,-4.1438164710998535,-3.536226511001587,-3.230416774749756,-3.457876443862915,-3.7426159381866455,-3.2718911170959473,-2.601370096206665,-2.322849750518799
-13.208768844604492,-12.43942642211914,-11.80557632446289,-11.239340782165527,-10.882579803466797,-10.948494911193848,-11.055778503417969,-10.9284086227417,-10.708666801452637,-10.517387390136719,-10.385665893554688,-10.323884010314941,-10.322433471679688,-10.239533424377441,-10.084696769714355,-9.94294261932373,-9.800027847290039,-9.682352066040039,-9.583183288574219,-9.53203296661377,-9.418931007385254,-9.135169982910156,-8.705957412719727,-8.140002250671387,-7.507587909698486,-6.949359893798828,-6.6904120445251465,-6.878982067108154,-7.175665378570557,-7.201128959655762,-6.911693572998047,-6.541755676269531,-6.247920989990234,-5.901848793029785,-5.486842632293701,-5.228994846343994,-4.990984916687012,-4.719067573547363,-4.263210296630859,-3.886732578277588,-3.6475157737731934,-3.379457473754883,-3.082157611846924,-2.675732135772705
-13.886021614074707,-13.198577880859375,-12.479671478271484,-11.896683692932129,-11.437546730041504,-11.162433624267578,-11.070064544677734,-10.989566802978516,-10.919718742370605,-10.828396797180176,-10.672000885009766,-10.57994556427002,-10.519732475280762,-10.357132911682129,-10.166402816772461,-9.950642585754395,-9.692086219787598,-9.465259552001953,-9.362475395202637,-9.402198791503906,-9.437840461730957,-9.350438117980957,-9.096786499023438,-8.661765098571777,-8.238468170166016,-7.836721420288086,-7.347959041595459,-6.829040050506592,-6.489015579223633,-6.393062591552734,-6.255693435668945,-6.113996982574463,-6.0220465660095215,-5.9122185707092285,-5.622840881347656,-5.415895462036133,-5.472306251525879,-5.545591831207275,-5.285768985748291,-4.81730842590332,-4.276861190795898,-3.8998894691467285,-3.7559032440185547,-3.2462236881256104
-13.715665817260742,-13.452522277832031,-12.876730918884277,-12.294845581054688,-11.884900093078613,-11.616437911987305,-11.407243728637695,-11.264023780822754,-11.260778427124023,-11.277861595153809,-11.182942390441895,-11.01732349395752,-10.833499908447266,-10.647790908813477,-10.546163558959961,-10.395675659179688,-10.053431510925293,-9.68667221069336,-9.411948204040527,-9.338171005249023,-9.319271087646484,-9.10401725769043,-8.74177360534668,-8.41273307800293,-8.28613567352295,-8.285294532775879,-8.020893096923828,-7.36488676071167,-6.636221408843994,-6.197017669677734,-6.008279800415039,-5.863254547119141,-5.84991455078125,-5.937097549438477,-5.814822196960449,-5.686909198760986,-5.81964111328125,-5.986164093017578,-5.830615520477295,-5.517421722412109,-5.064923286437988,-4.664434909820557,-4.499079704284668,-4.131119251251221
-12.508914947509766,-12.43967056274414,-12.320398330688477,-12.107156753540039,-11.834704399108887,-11.57043170928955,-11.354877471923828,-11.210290908813477,-11.138158798217773,-11.102457046508789,-11.090118408203125,-11.043157577514648,-10.889662742614746,-10.679242134094238,-10.600432395935059,-10.594054222106934,-10.477259635925293,-10.239497184753418,-9.948456764221191,-9.814726829528809,-9.598807334899902,-9.122727394104004,-8.54065990447998,-8.07291316986084,-7.761122703552246,-7.626429080963135,-7.636764049530029,-7.4981465339660645,-6.960006237030029,-6.403007984161377,-6.231999397277832,-6.2198286056518555,-6.094736099243164,-6.051440715789795,-6.136134147644043,-6.09303617477417,-6.124488830566406,-6.1199469566345215,-5.948650360107422,-5.752025127410889,-5.419464111328125,-4.9485626220703125,-4.836387634277344,-4.726312637329102
-11.76615047454834,-11.499409675598145,-11.421697616577148,-11.506186485290527,-11.538835525512695,-11.428155899047852,-11.288433074951172,-11.15021800994873,-10.941213607788086,-10.704526901245117,-10.582745552062988,-10.626152038574219,-10.573797225952148,-10.356623649597168,-10.248464584350586,-10.37506103515625,-10.50370979309082,-10.448657035827637,-10.320160865783691,-10.193766593933105,-10.009713172912598,-9.535572052001953,-8.852531433105469,-8.143478393554688,-7.466460227966309,-6.916633129119873,-6.69903039932251,-6.684228897094727,-6.536998748779297,-6.216861248016357,-6.113696098327637,-6.279534816741943,-6.322856426239014,-6.297332763671875,-6.398426532745361,-6.524125576019287,-6.423627853393555,-6.194575786590576,-5.862281799316406,-5.660473823547363,-5.383776664733887,-5.062434673309326,-5.042565822601318,-4.742356777191162
