data/wind_data/wind_29_4.json
{"header": {"parameterUnit": "KT", "parameterCategory": 2, "nx": 256, "ny": 198, "lo1": 44.73521041870117, "la1": -3.236724853515625, "lo2": 111.26478576660156, "la2": 43.468475341796875, "dx": 0.2609002888202667, "dy": -0.23708222806453705, "refTime": "2025-02-20 05:00:00", "forecastTime": 0, "parameterNumber": 2, "parameterNumberName": "eastward_wind"}, "data":
[rows 19 to 37 of 198, columns 132 to 175 of 256]
-5.770363807678223,-6.033810138702393,-4.813570499420166,-4.833760738372803,-4.507040500640869,-4.69489049911499,-2.3176281452178955,-3.4296228885650635,-4.089291572570801,-1.5216103792190552,-2.841658115386963,-5.053797721862793,-4.044383525848389,-1.8082072734832764,-2.75148344039917,-4.802620887756348,-4.362728118896484,-2.946251153945923,-2.4508211612701416,-3.167121171951294,-3.5029594898223877,-2.5009851455688477,0.04017722234129906,-7.231657981872559,-3.167151927947998,-4.587446212768555,-4.526290416717529,-4.192038059234619,-4.25970458984375,-3.6126251220703125,-2.9194228649139404,-1.6189969778060913,0.42583218216896057,0.2817007899284363,-2.1754567623138428,-2.742652177810669,-0.9216978549957275,-1.1191167831420898,-5.132899284362793,-3.6999335289001465,0.14930997788906097,2.1682205200195312,2.8362061977386475,1.0748783349990845
-5.704855918884277,-7.509605884552002,-3.0594136714935303,-4.367513656616211,-4.506871223449707,-5.540795803070068,-2.8037948608398438,-2.233553409576416,-2.0467991828918457,-2.1155009269714355,-4.1601691246032715,-6.486438274383545,-3.9724950790405273,3.2359492778778076,-1.3385978937149048,-7.204365253448486,-6.8970417976379395,-5.343515872955322,-5.618136882781982,-5.499870300292969,-3.5108273029327393,-5.290933132171631,-6.500588893890381,-5.998782634735107,-2.747732162475586,-1.797160267829895,-0.6166667938232422,-2.6754088401794434,-4.852686882019043,-5.1412458419799805,-3.903958559036255,-1.547877311706543,0.9239088892936707,1.44231116771698,0.09229039400815964,-1.6147184371948242,-0.06820923089981079,2.8385250568389893,2.222322463989258,-0.4024590849876404,0.005846191197633743,2.1924455165863037,3.0820136070251465,1.8397146463394165
-4.866580486297607,-9.236540794372559,-1.114549994468689,-2.5332958698272705,-3.7164347171783447,-2.5017125606536865,-1.934680461883545,-2.1545050144195557,-1.5102828741073608,-2.7765378952026367,-6.652965068817139,-9.637206077575684,-7.761427402496338,-3.9722824096679688,-3.789031744003296,-6.726609706878662,-7.059365749359131,-3.803071975708008,-4.400158405303955,-4.544729232788086,-3.2444241046905518,-4.556241035461426,-7.507514953613281,-5.829611301422119,-3.37662935256958,-0.4895646572113037,2.787029981613159,1.5922735929489136,-2.007056713104248,-4.516255855560303,-4.376227378845215,-2.526045322418213,-0.47119277715682983,1.2051149606704712,3.046511650085449,0.9540016651153564,0.1174607053399086,3.3848116397857666,5.370293140411377,4.4551239013671875,-0.013772857375442982,1.4982367753982544,3.6214239597320557,3.2942001819610596
-6.445914268493652,-5.621552467346191,-1.245188593864441,-3.3856778144836426,-3.0048680305480957,-2.1258485317230225,-0.6675822138786316,-1.9104679822921753,-2.399858236312866,-2.8715052604675293,-1.0929621458053589,0.13545309007167816,-2.9496262073516846,-13.234935760498047,-3.8652331829071045,-6.334003925323486,-7.0379414558410645,-7.35424280166626,-2.9367992877960205,-5.796907424926758,-5.6116943359375,-5.518520355224609,-6.481199264526367,-5.5992045402526855,-3.4571642875671387,-0.26596125960350037,2.8369321823120117,2.775228261947632,0.7533618807792664,-1.3520123958587646,-2.306161642074585,-2.358820676803589,-1.7921561002731323,0.5612591505050659,1.7877260446548462,2.5904641151428223,2.0034279823303223,3.6860828399658203,4.889078140258789,6.873875141143799,4.671810626983643,2.9532294273376465,2.58551287651062,3.086360454559326
-6.173974990844727,-4.3250412940979,-2.068899154663086,-2.828368663787842,-4.529162406921387,-3.555769920349121,-0.530661940574646,-2.577334403991699,-6.370389938354492,-3.0825939178466797,-2.7756054401397705,-0.6496484279632568,-8.203428268432617,-3.8614654541015625,-2.342061996459961,-3.908966302871704,-7.356510639190674,-5.010150909423828,-0.15836264193058014,-4.194876670837402,-3.6019790172576904,-4.62211275100708,-6.285007476806641,-1.3260674476623535,-2.9406235218048096,1.1676335334777832,1.1793302297592163,1.5439772605895996,1.1216318607330322,0.7388450503349304,0.2698511481285095,-0.727975606918335,-0.7616849541664124,2.9739270210266113,-1.227992296218872,2.5522048473358154,2.689528226852417,5.749253749847412,1.3173788785934448,6.128941535949707,6.441561698913574,4.625315189361572,3.4622421264648438,3.646372079849243
-5.554086208343506,-4.361124515533447,-2.52423095703125,-2.444397211074829,-0.706179141998291,0.2213425636291504,-1.7029699087142944,-7.742604732513428,-2.7664613723754883,0.1757563203573227,-0.8737242221832275,-4.625667572021484,-2.671687602996826,-3.5565879344940186,-1.6301606893539429,-1.1327462196350098,-0.8046825528144836,0.3656066060066223,0.7260562181472778,-1.7191171646118164,-1.855299472808838,-1.3131557703018188,-2.531168222427368,-0.3800134062767029,-0.4400191903114319,0.9067906737327576,0.8949160575866699,0.7793236374855042,0.5206136107444763,1.126185417175293,1.593738079071045,1.8009237051010132,2.1738805770874023,3.1306235790252686,2.4402928352355957,2.329155206680298,2.726060628890991,6.166290283203125,4.321478366851807,6.142212867736816,5.2777204513549805,4.5717949867248535,4.581545352935791,5.369747638702393
-5.122129440307617,-3.1989307403564453,-3.3872334957122803,-1.8198579549789429,-1.4478399753570557,-0.7410295009613037,-0.12283875048160553,-2.3816304206848145,-1.0955394506454468,-0.6474075317382812,-1.1174465417861938,0.03789129480719566,-0.7426294088363647,0.11984312534332275,0.14734667539596558,-2.3575520515441895,-0.8287334442138672,1.0087218284606934,1.4019222259521484,1.5122134685516357,1.003233790397644,-0.14206340909004211,-0.9002271890640259,0.9091861248016357,0.7556257843971252,1.333823800086975,1.0835520029067993,0.9427072405815125,0.7910096645355225,1.1693347692489624,2.0908663272857666,3.380483865737915,4.37272834777832,4.373225212097168,5.642129898071289,3.881234884262085,2.0546371936798096,5.4447784423828125,6.307891368865967,5.78505277633667,3.186540126800537,3.588677406311035,4.46898078918457,6.471043586730957
-5.043931007385254,-2.9755914211273193,-3.7443463802337646,-2.7922492027282715,-2.2752552032470703,-1.6097956895828247,-1.111775517463684,-1.7271567583084106,-1.6742546558380127,-1.2550861835479736,0.5220783948898315,2.238354206085205,1.9620078802108765,0.6099902391433716,0.3211268484592438,-1.1992148160934448,0.13223668932914734,2.2012252807617188,2.7947356700897217,2.130462884902954,1.2868943214416504,0.8611751794815063,-0.13414692878723145,0.66352778673172,1.134397029876709,1.407078504562378,1.6137535572052002,1.4953733682632446,1.3919000625610352,1.8325058221817017,2.675703287124634,4.184299945831299,5.678848743438721,4.73354959487915,1.1291706562042236,0.09987856447696686,3.535588264465332,5.758894920349121,5.904643535614014,4.793788433074951,4.98410177230835,5.292507171630859,5.60170316696167,7.083726406097412
-6.737290382385254,-5.323182106018066,-3.8184688091278076,-3.3678009510040283,-2.5599145889282227,-2.5304455757141113,-2.023581027984619,-1.9620609283447266,-2.042401075363159,-1.559525966644287,0.8653595447540283,2.4680123329162598,1.8753598928451538,1.6013036966323853,0.7355097532272339,0.6329232454299927,1.9715780019760132,3.101860284805298,3.333303928375244,2.334625244140625,0.9952244758605957,0.3155193328857422,0.22740592062473297,0.7387073040008545,1.5355441570281982,1.6413098573684692,1.9032877683639526,2.0151424407958984,2.0074713230133057,2.6402485370635986,3.8156378269195557,5.246983051300049,7.640678405761719,6.7607035636901855,6.489836692810059,1.9500060081481934,2.8574771881103516,6.45794677734375,7.196115493774414,6.199277877807617,5.847498893737793,5.911333084106445,6.664147853851318,7.0672287940979
-6.065243244171143,-5.989968299865723,-5.485928535461426,-4.074412822723389,-3.3862154483795166,-3.066188097000122,-2.4078283309936523,-2.1249051094055176,-2.44816517829895,-0.6700401902198792,0.7562166452407837,1.6243395805358887,0.9624322056770325,0.29628467559814453,0.9710304141044617,2.0125417709350586,3.200227737426758,3.6996405124664307,3.274292469024658,2.2724249362945557,1.2778953313827515,0.9225777983665466,0.9142832159996033,1.4057724475860596,2.063485622406006,2.435314416885376,2.8305070400238037,3.3084981441497803,3.163930892944336,3.0375237464904785,5.463834762573242,5.597571849822998,8.511992454528809,10.286484718322754,9.474603652954102,7.5437164306640625,4.741011619567871,2.791222095489502,3.959404706954956,5.203235626220703,6.350098609924316,6.405001163482666,7.639690399169922,6.939027309417725
-1.0696592330932617,-4.0175251960754395,-6.042716979980469,-4.721706390380859,-4.044992446899414,-3.093143939971924,-2.1882643699645996,-2.621476888656616,-2.590059280395508,0.8666782975196838,0.3143073320388794,0.17156477272510529,0.050867605954408646,0.11523836106061935,0.9859917759895325,2.4064383506774902,3.6139378547668457,3.6793711185455322,3.19207763671875,2.370297431945801,1.8724470138549805,2.071992874145508,1.9369256496429443,1.9341706037521362,2.499277114868164,3.2180755138397217,4.181650638580322,4.491821765899658,4.09053897857666,4.526490211486816,5.609960556030273,6.585519313812256,7.7244062423706055,8.898161888122559,8.396965980529785,9.642313957214355,11.54947280883789,7.120934009552002,3.6366019248962402,3.0102920532226562,5.71970272064209,6.7685370445251465,7.329436779022217,7.563725471496582
-5.543089866638184,-3.39819598197937,-6.771047592163086,-5.753841400146484,-4.553635120391846,-3.769017219543457,-3.7176153659820557,-4.55535364151001,-2.2886130809783936,3.002692461013794,-0.8432787656784058,-1.1524282693862915,-1.2833219766616821,-0.37737157940864563,0.22243580222129822,1.610133171081543,3.254875421524048,3.4160609245300293,3.1036436557769775,2.504951238632202,2.022873878479004,2.318108558654785,2.4207732677459717,2.4143879413604736,2.591963052749634,3.2379682064056396,4.2686591148376465,4.421533107757568,3.2709128856658936,4.0974884033203125,5.610809326171875,7.298656463623047,7.698011875152588,6.89394474029541,7.786829471588135,8.4625244140625,9.880533218383789,8.46247386932373,10.1223726272583,6.17912483215332,5.430588722229004,6.202085971832275,6.668862342834473,6.362587928771973
-6.313991546630859,-6.122833251953125,-7.7909836769104,-6.880881309509277,-6.216246604919434,-6.113452911376953,-5.360724449157715,-3.9978184700012207,-2.0041067600250244,-1.2112122774124146,-3.5071463584899902,-3.196390390396118,-3.073261022567749,-2.0465216636657715,-1.0271121263504028,0.10552354902029037,1.1959903240203857,1.7847495079040527,1.8332146406173706,2.0280957221984863,1.7780873775482178,1.679432988166809,2.0529754161834717,2.5420947074890137,2.4656498432159424,2.5027830600738525,2.934847116470337,3.9217782020568848,3.9877231121063232,4.025875568389893,4.272533416748047,4.959548473358154,6.499335289001465,7.38931131362915,7.55010986328125,7.21886682510376,8.306483268737793,8.333200454711914,9.539044380187988,7.782729625701904,7.683377265930176,5.406808853149414,5.172308444976807,5.606884479522705
-8.191605567932129,-9.037657737731934,-8.358726501464844,-7.536977767944336,-8.337587356567383,-8.144405364990234,-6.816200256347656,-5.17263126373291,-4.209200382232666,-4.225252628326416,-5.720169544219971,-4.88584566116333,-4.994552135467529,-3.822542905807495,-2.9207773208618164,-1.3714561462402344,-2.209984540939331,-0.6211644411087036,-0.27821314334869385,-0.07408798485994339,0.14582420885562897,0.4737301468849182,1.0587122440338135,1.6720904111862183,1.8368345499038696,1.6434928178787231,1.5425671339035034,2.405336856842041,3.8094494342803955,3.5661346912384033,3.005746841430664,3.706369400024414,5.076319217681885,6.036758899688721,6.1839189529418945,6.259448528289795,7.036278247833252,6.998575687408447,7.741083145141602,6.463918685913086,7.604639530181885,6.59663200378418,6.125556468963623,5.244175910949707
-8.752561569213867,-9.312896728515625,-8.65063190460205,-7.793175220489502,-8.772599220275879,-8.829723358154297,-7.463290214538574,-5.974259376525879,-5.625816822052002,-6.538811206817627,-6.856527328491211,-5.931441783905029,-6.431924343109131,-5.494243144989014,-5.377392292022705,-3.1020374298095703,-5.156661033630371,-2.4727611541748047,-2.6353063583374023,-2.2736358642578125,-1.8969496488571167,-1.2102372646331787,-0.11137644201517105,0.6685270667076111,1.0017338991165161,1.0946574211120605,1.0692230463027954,1.0246140956878662,1.9880318641662598,3.2954092025756836,2.531553030014038,2.48231840133667,3.0885496139526367,3.9419779777526855,4.695396423339844,4.639087200164795,5.210666179656982,4.676583290100098,4.9963274002075195,4.957229137420654,5.5328803062438965,5.056304931640625,4.487545967102051,3.6911189556121826
-9.037004470825195,-9.552268981933594,-9.0689697265625,-8.2730131149292,-8.783764839172363,-8.4025297164917,-7.892032146453857,-7.083688259124756,-6.282114505767822,-6.435221195220947,-6.911783695220947,-7.273042678833008,-7.500116348266602,-6.555823802947998,-6.294458389282227,-6.8812785148620605,-5.713009357452393,-3.7512292861938477,-4.5363569259643555,-3.737544298171997,-3.507568120956421,-2.7759878635406494,-1.4584234952926636,-0.40089112520217896,0.08427159488201141,0.3299767076969147,0.548332154750824,0.3441343903541565,0.6140259504318237,1.5371876955032349,1.91476571559906,2.1330220699310303,2.4576070308685303,3.037264108657837,2.494659900665283,3.1467678546905518,3.4168670177459717,3.3581740856170654,3.115044355392456,2.8394951820373535,3.442661762237549,2.524261951446533,3.188199281692505,3.461520195007324
-9.442425727844238,-9.50218677520752,-9.493819236755371,-9.32927131652832,-8.761127471923828,-7.947656154632568,-7.812125205993652,-7.332491874694824,-6.497288703918457,-6.619902610778809,-7.4228129386901855,-7.756701469421387,-7.706367492675781,-7.8357744216918945,-6.909008979797363,-6.024449825286865,-4.9117255210876465,-4.698589324951172,-4.852293968200684,-4.6040263175964355,-4.472055435180664,-3.968092918395996,-3.017341375350952,-1.8099884986877441,-1.201024055480957,-0.8635792136192322,-0.3512641489505768,-0.2612414062023163,-0.05869218707084656,0.41419607400894165,1.3078088760375977,1.6735137701034546,1.8631943464279175,2.171168088912964,1.851418137550354,2.793950319290161,2.040727138519287,2.070943593978882,1.8307801485061646,1.7828682661056519,1.8892170190811157,1.747915267944336,2.405301332473755,2.571953535079956
-8.389097213745117,-8.8467435836792,-9.87277603149414,-9.94192886352539,-8.682908058166504,-7.349032402038574,-6.909780979156494,-7.154569149017334,-6.895957946777344,-7.034660816192627,-7.608577251434326,-7.730110168457031,-7.2721638679504395,-6.428085803985596,-5.795817852020264,-5.364712715148926,-4.493462085723877,-4.548523902893066,-4.382969379425049,-5.0137200355529785,-4.9330925941467285,-4.615711688995361,-3.904082775115967,-3.0067496299743652,-2.3831489086151123,-2.0924484729766846,-1.4256187677383423,-1.209648609161377,-0.4826449751853943,0.10824417322874069,0.7109637260437012,1.0807437896728516,1.5968413352966309,1.7649234533309937,1.7482833862304688,2.6920931339263916,2.172626256942749,2.1679108142852783,1.5209635496139526,1.6043063402175903,1.3566982746124268,1.4388090372085571,2.313626527786255,1.9393858909606934
-8.330394744873047,-8.91816234588623,-9.419366836547852,-9.634220123291016,-9.198793411254883,-7.3561859130859375,-6.194634437561035,-6.629405975341797,-6.688286304473877,-7.198946952819824,-7.509079456329346,-7.361217975616455,-7.2314605712890625,-6.735862731933594,-6.177831649780273,-5.139195442199707,-4.27716064453125,-3.942363739013672,-4.158456325531006,-4.7001166343688965,-4.927775859832764,-4.919471740722656,-4.329691410064697,-3.5801186561584473,-3.234847068786621,-2.9047093391418457,-2.4292759895324707,-2.1750335693359375,-1.4108080863952637,-0.622596025466919,0.059102222323417664,0.6364343762397766,1.2965928316116333,1.7553452253341675,2.4653537273406982,2.7473526000976562,2.6603198051452637,2.0201845169067383,1.4763200283050537,1.4483994245529175,1.9089876413345337,1.9766361713409424,2.2825989723205566,2.769005298614502
