data/wind_data/wind_0_3.json
{"header": {"parameterUnit": "KT", "parameterCategory": 2, "nx": 256, "ny": 198, "lo1": 44.73521041870117, "la1": -3.236724853515625, "lo2": 111.26478576660156, "la2": 43.468475341796875, "dx": 0.2609002888202667, "dy": -0.23708222806453705, "refTime": "2025-02-19 00:00:00", "forecastTime": 0, "parameterNumber": 2, "parameterNumberName": "eastward_wind"}, "data":
[rows 0 to 18 of 198, columns 0 to 43 of 256]
1.928193211555481,1.3416341543197632,0.848237931728363,0.4245215058326721,0.24495090544223785,-0.22076646983623505,-0.588424026966095,-0.5294753909111023,-0.7103652358055115,-1.1166911125183105,-1.1773090362548828,-0.2813297212123871,1.06412935256958,1.8186818361282349,2.079629421234131,2.4954121112823486,2.8432412147521973,2.8749840259552,2.7531790733337402,2.932783365249634,2.970057964324951,2.6221883296966553,2.225749969482422,2.0267210006713867,1.9027429819107056,1.693339467048645,1.6451337337493896,2.1279709339141846,2.6697964668273926,2.777930736541748,2.646202325820923,3.0812594890594482,3.502904176712036,3.9795010089874268,4.138348579406738,4.079202651977539,3.9329750537872314,3.219897985458374,2.6165926456451416,2.3416855335235596,2.068373203277588,1.726488471031189,1.6540824174880981,1.3550547361373901
1.2216118574142456,0.8569968342781067,0.39469560980796814,-0.061299704015254974,-0.3421700596809387,-0.8988730907440186,-1.0449590682983398,-0.8403684496879578,-1.108008861541748,-1.462060570716858,-1.5056060552597046,-0.9005319476127625,0.32239922881126404,1.3655474185943604,1.616725206375122,2.046603202819824,2.64172101020813,2.6976962089538574,2.405001401901245,2.2953603267669678,2.064321756362915,1.7298109531402588,1.3753865957260132,1.1430994272232056,0.9762356281280518,0.6277421712875366,0.7639673948287964,1.561301827430725,2.161572217941284,2.2481894493103027,2.465440511703491,2.961029052734375,3.125676393508911,3.3049490451812744,3.0680179595947266,2.61437726020813,2.445065975189209,1.6828514337539673,1.0982133150100708,1.3325750827789307,1.1524174213409424,0.7361248731613159,0.7417134046554565,0.42966341972351074
0.2793463170528412,-0.012261411175131798,-0.17580097913742065,-0.2994321286678314,-0.5363710522651672,-1.3038822412490845,-1.5249990224838257,-1.1972957849502563,-1.420923113822937,-1.6421022415161133,-1.4317877292633057,-1.0943412780761719,-0.3414982855319977,0.7283415198326111,1.1511573791503906,1.7338778972625732,2.312377691268921,2.2673115730285645,2.0595688819885254,1.938170075416565,1.4345736503601074,0.702241837978363,0.20083223283290863,0.013019979931414127,-0.1228763610124588,-0.3035685420036316,0.16017915308475494,1.1105091571807861,1.588483452796936,1.8032232522964478,2.282416820526123,2.3552277088165283,2.1007916927337646,2.208422899246216,2.147662878036499,1.4977658987045288,1.1446532011032104,0.49723944067955017,-0.1108303889632225,0.3659270107746124,0.31156015396118164,-0.0355098731815815,0.04761840030550957,-0.38452523946762085
-0.7804273366928101,-0.9555023908615112,-0.718758761882782,-0.5924726724624634,-0.8863367438316345,-1.6471902132034302,-1.8225387334823608,-1.435633659362793,-1.5463887453079224,-1.6270629167556763,-1.3215168714523315,-0.9808501601219177,-0.6438236832618713,0.15544000267982483,0.9230470061302185,1.3499233722686768,1.7065783739089966,1.7189608812332153,1.6729741096496582,1.4237332344055176,0.614163875579834,-0.487080842256546,-1.0614899396896362,-1.0828198194503784,-0.9891796112060547,-0.9303763508796692,-0.359298974275589,0.584243893623352,1.058129906654358,1.1844197511672974,1.4190356731414795,1.1208175420761108,1.009142279624939,1.196996808052063,1.2370169162750244,0.5706045627593994,0.02375507727265358,-0.5430324673652649,-0.9141944646835327,-0.40795910358428955,-0.5286508202552795,-0.900063157081604,-0.8160536885261536,-1.2899107933044434
-1.5168414115905762,-1.5066300630569458,-1.2499175071716309,-1.1551576852798462,-1.4110206365585327,-1.8628346920013428,-1.9194436073303223,-1.831739068031311,-1.8059550523757935,-1.6370865106582642,-1.4377710819244385,-1.0246762037277222,-0.6799546480178833,0.11116064339876175,0.9393007159233093,0.867501974105835,1.0106163024902344,1.320629358291626,1.3182873725891113,0.7419602274894714,-0.3134486675262451,-1.4338628053665161,-1.9672749042510986,-1.9257220029830933,-1.655892252922058,-1.4704548120498657,-0.9807952642440796,-0.09787074476480484,0.26868754625320435,-0.09913579374551773,-0.12104189395904541,-0.09800111502408981,0.03660288825631142,0.16190113127231598,0.10792526602745056,-0.30738621950149536,-0.6857925653457642,-1.1422430276870728,-1.5328086614608765,-1.1471261978149414,-1.3827069997787476,-1.795124888420105,-1.7700161933898926,-2.2117416858673096
-1.8714781999588013,-1.7135237455368042,-1.5895322561264038,-1.5924891233444214,-1.7982996702194214,-2.1324353218078613,-2.2909247875213623,-2.531996011734009,-2.2774722576141357,-1.6934599876403809,-1.549749732017517,-1.283933401107788,-0.7906945943832397,0.035850055515766144,0.8674176931381226,0.6641005277633667,0.6537495851516724,1.0221656560897827,0.7808767557144165,-0.2854330837726593,-1.55439293384552,-2.4541709423065186,-2.797921895980835,-2.758908987045288,-2.340132713317871,-2.0104827880859375,-1.5272479057312012,-0.7419915199279785,-0.762925922870636,-1.560441017150879,-1.617248773574829,-1.1613597869873047,-0.9315860271453857,-0.7621475458145142,-0.8036770224571228,-0.8770772218704224,-1.0244094133377075,-1.6455899477005005,-1.9993782043457031,-1.7384917736053467,-2.150360107421875,-2.5676040649414062,-2.6252803802490234,-3.000300645828247
-2.359830379486084,-1.9666566848754883,-1.6731009483337402,-1.6909019947052002,-1.8930083513259888,-2.211782693862915,-2.6579456329345703,-2.9376070499420166,-2.474496364593506,-1.8675990104675293,-1.7893755435943604,-1.6269670724868774,-1.0210672616958618,-0.2056301087141037,0.6796323657035828,0.6862499117851257,0.4198017418384552,0.4271176755428314,-0.1182560920715332,-1.3597615957260132,-2.5540428161621094,-3.2589828968048096,-3.5158069133758545,-3.427541494369507,-2.9224188327789307,-2.488508939743042,-1.985826015472412,-1.6401169300079346,-2.08671236038208,-2.7825822830200195,-2.7587122917175293,-2.206712484359741,-1.6225351095199585,-1.522499442100525,-1.7764298915863037,-1.5807366371154785,-1.547448754310608,-2.1999239921569824,-2.43573260307312,-2.3335368633270264,-2.878389596939087,-3.2029638290405273,-3.293196439743042,-3.4616758823394775
-3.191728353500366,-2.5810205936431885,-1.9268338680267334,-1.641358733177185,-1.7135207653045654,-2.1278724670410156,-2.784990072250366,-3.0328056812286377,-2.574618101119995,-2.149362087249756,-2.10278058052063,-1.916548490524292,-1.2006340026855469,-0.35191720724105835,0.46222078800201416,0.35729551315307617,-0.2511945366859436,-0.6097187399864197,-1.1120377779006958,-1.983909010887146,-2.8123013973236084,-3.53766131401062,-3.921205759048462,-3.875727653503418,-3.4330193996429443,-3.006950855255127,-2.755793333053589,-2.8712804317474365,-3.221088171005249,-3.4527904987335205,-3.4733622074127197,-3.0081396102905273,-2.311631202697754,-2.3375837802886963,-2.7032461166381836,-2.4977810382843018,-2.3889920711517334,-2.6967148780822754,-2.889103889465332,-3.08594012260437,-3.4975826740264893,-3.681671380996704,-3.8129289150238037,-3.8026254177093506
-3.8900604248046875,-3.4461429119110107,-2.5795788764953613,-1.7778679132461548,-1.597298502922058,-2.07828950881958,-2.644784450531006,-2.8909547328948975,-2.794787883758545,-2.527989625930786,-2.427314281463623,-2.0426816940307617,-1.2919296026229858,-0.5566304326057434,0.09794262796640396,-0.11640775203704834,-1.0945841073989868,-1.7128294706344604,-1.9043136835098267,-2.4702627658843994,-3.1317148208618164,-3.7472193241119385,-4.144999027252197,-4.2330169677734375,-3.9220924377441406,-3.7442219257354736,-3.8164560794830322,-3.8671720027923584,-3.851783037185669,-3.881948709487915,-3.9574084281921387,-3.6424083709716797,-3.104512929916382,-3.0454893112182617,-3.201159954071045,-3.1526951789855957,-3.0469231605529785,-3.0406548976898193,-3.344459295272827,-3.9292633533477783,-4.17302131652832,-4.056922435760498,-4.17585563659668,-4.244377136230469
-4.245182514190674,-4.12192964553833,-3.3776137828826904,-2.344302177429199,-1.7749152183532715,-1.9509634971618652,-2.3391430377960205,-2.6355981826782227,-2.956350564956665,-3.0281131267547607,-2.7504231929779053,-2.106443405151367,-1.2964582443237305,-0.6799507737159729,-0.19098059833049774,-0.5297959446907043,-1.8335638046264648,-2.582453489303589,-2.61397647857666,-3.3238513469696045,-3.9636659622192383,-4.152188301086426,-4.353270530700684,-4.616321563720703,-4.408145427703857,-4.469969272613525,-4.66502046585083,-4.620551109313965,-4.451817035675049,-4.381115436553955,-4.582240581512451,-4.415528297424316,-3.915330648422241,-3.6642794609069824,-3.7060091495513916,-3.6854310035705566,-3.5214998722076416,-3.550230026245117,-3.9028871059417725,-4.537450313568115,-4.715174198150635,-4.558960914611816,-4.682026386260986,-4.833844184875488
-4.354774475097656,-4.3939595222473145,-3.928978681564331,-3.1515674591064453,-2.283907651901245,-1.9866111278533936,-2.2403528690338135,-2.636221408843994,-3.0018129348754883,-3.1647286415100098,-2.7945454120635986,-2.140824556350708,-1.3656224012374878,-0.6512830853462219,-0.43417200446128845,-1.1392704248428345,-2.262722969055176,-2.931575298309326,-3.3529410362243652,-4.191339015960693,-4.6364850997924805,-4.658052444458008,-4.901971340179443,-5.262786865234375,-5.028095245361328,-5.057368755340576,-5.2767839431762695,-5.3734588623046875,-5.211153984069824,-4.893165588378906,-5.091897487640381,-5.054961681365967,-4.55903959274292,-4.0950822830200195,-4.114110469818115,-4.187491416931152,-3.976884365081787,-3.8855273723602295,-4.292291641235352,-4.884551048278809,-5.150500774383545,-5.105576515197754,-5.233933925628662,-5.329371929168701
-4.311385154724121,-4.321462154388428,-4.0728678703308105,-3.8131794929504395,-3.1396803855895996,-2.5101726055145264,-2.4464406967163086,-2.6987359523773193,-2.8046443462371826,-2.7727200984954834,-2.5149550437927246,-1.9521273374557495,-1.3281807899475098,-0.6591349840164185,-0.6688031554222107,-1.4544798135757446,-2.14578914642334,-2.979322910308838,-3.96148681640625,-4.657743453979492,-4.76765775680542,-4.967067241668701,-5.494874477386475,-5.7987565994262695,-5.62333869934082,-5.638354301452637,-5.887111663818359,-5.973489284515381,-5.855764865875244,-5.45233154296875,-5.5506181716918945,-5.498434066772461,-5.097733974456787,-4.524576663970947,-4.443918228149414,-4.314654350280762,-4.128921031951904,-4.013862133026123,-4.6246490478515625,-5.280145645141602,-5.492366313934326,-5.322305202484131,-5.524186611175537,-5.525028228759766
-4.623039722442627,-4.049652099609375,-3.946488380432129,-4.022304534912109,-3.767148494720459,-3.1474616527557373,-2.6921896934509277,-2.572247266769409,-2.414909839630127,-2.277357339859009,-2.0678036212921143,-1.613210916519165,-1.0763356685638428,-0.6460071802139282,-0.7036954164505005,-1.3027137517929077,-2.12396502494812,-3.26049542427063,-3.9894583225250244,-4.292703628540039,-4.645585536956787,-5.253345966339111,-5.871347904205322,-6.254124164581299,-6.27203369140625,-6.124202251434326,-6.3519792556762695,-6.623476028442383,-6.552460193634033,-6.127406120300293,-6.129507541656494,-6.073611259460449,-5.675092697143555,-5.15310525894165,-4.9161200523376465,-4.585962772369385,-4.3265204429626465,-4.474668025970459,-5.083098411560059,-5.426844120025635,-5.518916130065918,-5.609050273895264,-5.89183235168457,-5.7732720375061035
-5.160116195678711,-4.079348087310791,-3.5947389602661133,-3.8290061950683594,-3.950010061264038,-3.3836734294891357,-2.7171847820281982,-2.2337112426757812,-1.9320142269134521,-1.8909265995025635,-1.6825077533721924,-1.3985248804092407,-0.9839661717414856,-0.533079981803894,-0.5897508859634399,-1.1467170715332031,-2.233769655227661,-3.4158549308776855,-3.697279691696167,-3.8492352962493896,-4.640893459320068,-5.414860248565674,-6.065550804138184,-6.661010265350342,-6.854991912841797,-6.52733850479126,-6.44388484954834,-7.008877277374268,-7.145587921142578,-6.853838920593262,-6.864614009857178,-6.530479431152344,-5.91886568069458,-5.580453872680664,-5.319626808166504,-5.059577465057373,-4.881185531616211,-4.815352439880371,-5.066277503967285,-5.288294792175293,-5.500838756561279,-5.902843475341797,-6.084537506103516,-6.025190830230713
-5.86262845993042,-4.675004482269287,-3.6901049613952637,-3.7813737392425537,-4.073032379150391,-3.516092538833618,-2.806339979171753,-2.20654034614563,-1.6395655870437622,-1.5301947593688965,-1.4225512742996216,-1.3144251108169556,-1.0984212160110474,-0.520659327507019,-0.530526340007782,-1.062418818473816,-2.0735645294189453,-3.008464813232422,-3.3169569969177246,-3.75791597366333,-4.587757587432861,-5.2961249351501465,-6.047708034515381,-6.6669464111328125,-6.935157775878906,-6.831622123718262,-6.728518486022949,-7.095004558563232,-7.4433465003967285,-7.59169864654541,-7.343903064727783,-6.784295558929443,-6.229187965393066,-5.985146522521973,-5.8525390625,-5.848564624786377,-5.459442138671875,-5.082511901855469,-5.235220909118652,-5.309403896331787,-5.374301910400391,-5.724690914154053,-5.788681983947754,-5.91493034362793
-6.7205681800842285,-6.259591579437256,-5.362625598907471,-4.6116042137146,-4.347615718841553,-3.6942641735076904,-2.9864561557769775,-2.454693078994751,-1.8396644592285156,-1.587124228477478,-1.6193406581878662,-1.5805100202560425,-1.2850935459136963,-0.7414222955703735,-0.5530858635902405,-0.8762008547782898,-1.637922763824463,-2.3416008949279785,-2.777172327041626,-3.6191043853759766,-4.3233866691589355,-5.013774394989014,-5.809906959533691,-6.1266350746154785,-6.202027320861816,-6.314804553985596,-6.643580913543701,-6.918319225311279,-7.387012481689453,-8.078097343444824,-7.687197685241699,-7.200465679168701,-6.824085235595703,-6.291213512420654,-6.10806131362915,-6.041750431060791,-5.46918249130249,-5.520214557647705,-6.0682573318481445,-5.675586223602295,-5.469548225402832,-5.676206588745117,-5.674152374267578,-5.867187976837158
-6.662835597991943,-6.834361553192139,-6.677650451660156,-5.4565348625183105,-4.252604007720947,-3.5755515098571777,-2.8918726444244385,-2.461228847503662,-2.2401998043060303,-2.0948517322540283,-1.9906190633773804,-1.836641550064087,-1.5116194486618042,-1.1035354137420654,-0.777976393699646,-0.9743645787239075,-1.6524983644485474,-2.098997116088867,-2.4443440437316895,-3.2738864421844482,-3.9411933422088623,-4.74010705947876,-5.399050235748291,-5.387222766876221,-5.237434387207031,-5.689924240112305,-6.524293422698975,-6.696977615356445,-7.145786762237549,-8.155400276184082,-8.007450103759766,-7.739139080047607,-7.146639823913574,-6.396702289581299,-6.221343040466309,-6.056971073150635,-5.49586296081543,-5.806471824645996,-7.051360607147217,-6.539894104003906,-6.090548515319824,-6.189695358276367,-5.997568130493164,-6.05304479598999
-6.532398223876953,-6.708430767059326,-6.710814476013184,-5.894928455352783,-4.085939407348633,-3.0942327976226807,-2.8087656497955322,-2.43405818939209,-2.5829591751098633,-2.8013265132904053,-2.5107481479644775,-1.9841138124465942,-1.599489450454712,-1.1347731351852417,-1.2949872016906738,-1.524176001548767,-1.8814594745635986,-2.0010671615600586,-2.314958333969116,-3.26326322555542,-3.95975399017334,-4.636897087097168,-5.191531181335449,-5.154073238372803,-4.81186580657959,-5.222667694091797,-6.046271324157715,-6.397666931152344,-6.8388142585754395,-7.9346137046813965,-8.10478687286377,-7.714898586273193,-7.4170074462890625,-6.981130599975586,-6.66008996963501,-6.57431697845459,-6.3141937255859375,-6.1265058517456055,-6.922983169555664,-6.66471529006958,-6.45716667175293,-6.553028583526611,-6.543831825256348,-6.810367584228516
-6.467719554901123,-6.513696193695068,-6.369157791137695,-5.804994583129883,-4.518897533416748,-3.335960626602173,-2.965313196182251,-2.862105369567871,-2.7834296226501465,-3.0062365531921387,-2.9081716537475586,-2.182229518890381,-1.431893229484558,-0.935109555721283,-1.4775358438491821,-1.7589225769042969,-1.786210536956787,-2.0934460163116455,-2.7492246627807617,-3.722118616104126,-4.217977523803711,-4.550361156463623,-5.028049945831299,-5.237785816192627,-5.081099987030029,-5.187374591827393,-5.512439250946045,-5.992316722869873,-6.5518693923950195,-7.085996627807617,-7.45777702331543,-7.305720806121826,-7.1473894119262695,-7.180386066436768,-7.310278415679932,-7.230985164642334,-7.129618167877197,-6.790407180786133,-6.941822528839111,-6.405928134918213,-6.576301097869873,-6.9285969734191895,-7.267800331115723,-7.728934288024902
