data/wind_data/wind_19_1.json
{"header": {"parameterUnit": "KT", "parameterCategory": 2, "nx": 256, "ny": 198, "lo1": 44.73521041870117, "la1": -3.236724853515625, "lo2": 111.26478576660156, "la2": 43.468475341796875, "dx": 0.2609002888202667, "dy": -0.23708222806453705, "refTime": "2025-02-19 19:00:00", "forecastTime": 0, "parameterNumber": 2, "parameterNumberName": "eastward_wind"}, "data":
[rows 114 to 132 of 198, columns 172 to 214 of 256]
-6.809417724609375,-10.825030326843262,-10.780339241027832,-7.437873840332031,-8.694439888000488,-10.473066329956055,-5.5120530128479,-2.7237424850463867,-2.6476945877075195,-3.5479156970977783,-1.925756812095642,3.7077982425689697,8.854744911193848,4.839095115661621,-1.0921064615249634,-6.632206439971924,-7.079402923583984,-2.3399343490600586,1.758152723312378,-6.265670299530029,3.4171910285949707,7.492034912109375,11.374695777893066,2.1253445148468018,-8.085320472717285,-4.518209457397461,2.9351494312286377,-9.538772583007812,-8.614148139953613,1.428350567817688,2.199934482574463,-11.06342601776123,-9.107733726501465,0.04826785624027252,10.460443496704102,6.542017936706543,-2.4987001419067383,2.366591453552246,5.468417644500732,5.860860824584961,12.634591102600098,9.96504020690918,0.9843274354934692
-8.069880485534668,-7.817796230316162,-6.811061382293701,-4.687981128692627,-6.015862941741943,-7.1068291664123535,-5.458491325378418,-3.8230478763580322,-3.6471612453460693,-4.479676246643066,-1.99263596534729,3.450129508972168,7.635871887207031,-0.3102058470249176,-6.457058906555176,-2.4475455284118652,-5.494628429412842,-6.765329837799072,-5.212350368499756,-7.0745368003845215,1.6811145544052124,8.324316024780273,12.935847282409668,6.101783752441406,-10.120200157165527,-4.50718355178833,0.7912898659706116,-10.769109725952148,-10.847761154174805,0.7516691088676453,1.495598316192627,-9.2880220413208,-11.517440795898438,-4.863631248474121,7.918443202972412,9.739261627197266,1.407138466835022,3.325723886489868,5.133639812469482,10.149870872497559,18.599063873291016,8.186699867248535,-4.443780422210693
-8.07146167755127,-6.156730651855469,-4.813190460205078,-4.578266620635986,-5.1277337074279785,-5.256497859954834,-4.885207653045654,-4.732541561126709,-4.570373058319092,-4.3327436447143555,-1.3015295267105103,2.962998628616333,6.384544849395752,-2.8437442779541016,-12.057478904724121,-0.8225402235984802,3.336294174194336,-7.963174819946289,-8.00947093963623,-5.966194152832031,-0.012696336023509502,6.593973159790039,10.95478343963623,8.028079986572266,-2.196077823638916,-2.9305498600006104,2.6133878231048584,-5.650981426239014,-12.925175666809082,-4.0479865074157715,0.7582095861434937,-6.849295139312744,-12.427270889282227,-5.466587066650391,7.882735252380371,10.781681060791016,6.030664920806885,8.378642082214355,9.381546974182129,13.287871360778809,18.971033096313477,2.3259167671203613,-6.6437530517578125
-4.894355297088623,-4.461880683898926,-5.6486992835998535,-5.777779579162598,-7.234938144683838,-6.71588659286499,-6.846634387969971,-6.0860915184021,-4.492453098297119,-2.621615409851074,-0.4452715516090393,2.8317995071411133,-0.4534419775009155,-10.199047088623047,-8.077364921569824,-2.705498218536377,3.952148914337158,-3.4762096405029297,-7.233148097991943,-6.358370304107666,-3.7674832344055176,1.5985950231552124,8.056317329406738,3.9948551654815674,3.04227876663208,2.712651014328003,3.8073647022247314,-1.0046308040618896,-13.929818153381348,-5.677245616912842,5.135174751281738,-5.550547122955322,-13.269209861755371,-4.5299882888793945,6.969971179962158,12.334835052490234,7.852980136871338,9.384539604187012,10.225057601928711,14.707794189453125,20.763080596923828,5.395205974578857,-3.568009853363037
-1.109893798828125,0.9556126594543457,0.4763064980506897,-3.3766424655914307,-3.4738574028015137,-2.3689234256744385,-4.4840569496154785,-3.055399179458618,-1.422174096107483,-1.8509587049484253,-0.9787163734436035,-1.0410746335983276,-3.1196672916412354,-5.185832977294922,-4.126594543457031,-1.4486979246139526,3.4876441955566406,0.04903264716267586,-4.749033451080322,-5.048175811767578,-5.024440288543701,-3.5136327743530273,-1.5957345962524414,0.258562296628952,3.815648317337036,6.344423770904541,-0.6614605784416199,-4.009238243103027,-10.228694915771484,-5.078991413116455,6.562100410461426,-7.264919757843018,-10.55351734161377,-2.185842514038086,5.350022315979004,11.676332473754883,9.016024589538574,6.034590721130371,11.856742858886719,16.91893196105957,18.12427520751953,10.253631591796875,2.9405879974365234
1.6610193252563477,1.837306261062622,0.02558053657412529,-1.28031325340271,-0.6177619695663452,-0.6883830428123474,-1.7367794513702393,-2.7713077068328857,-0.5580165386199951,-0.7017017602920532,-1.1584956645965576,1.115351676940918,2.000664234161377,-4.32611083984375,-3.0175728797912598,0.407700777053833,2.037271738052368,-0.5235055088996887,-1.0990601778030396,-2.578261137008667,-4.367168426513672,-5.533792018890381,-4.463014602661133,-1.680847406387329,2.7204034328460693,5.942902565002441,-5.441751480102539,-6.313758373260498,-5.978358268737793,-1.5685739517211914,6.653646469116211,-7.614445209503174,-8.323769569396973,-1.586529016494751,4.671511650085449,11.320858001708984,14.244986534118652,13.17428970336914,13.086944580078125,15.713343620300293,19.38939666748047,17.833026885986328,8.210955619812012
3.580059289932251,0.46725231409072876,-1.6660088300704956,-1.6253540515899658,-1.3730103969573975,-0.7989438772201538,-0.02183988131582737,-3.737191915512085,2.2617292404174805,2.6240017414093018,1.4652316570281982,2.410604953765869,2.0698416233062744,-7.2302021980285645,-3.8955962657928467,1.7072962522506714,4.40834903717041,2.5103650093078613,-2.0388195514678955,0.5842142701148987,-1.092775821685791,-3.5883567333221436,-4.231459617614746,-4.012740612030029,-1.9758373498916626,-2.954166889190674,-9.234956741333008,-6.680798053741455,-2.050027847290039,3.9411087036132812,7.597627639770508,-6.881000995635986,-8.780056953430176,-1.866159200668335,4.039235591888428,13.095587730407715,9.6651611328125,7.066725730895996,5.482929229736328,11.709449768066406,18.26479721069336,19.154142379760742,9.050480842590332
1.9690918922424316,-2.2126338481903076,-2.906712055206299,-0.3985748589038849,-0.7187705636024475,-0.30923858284950256,1.3542298078536987,-3.586491107940674,4.119850158691406,6.281145095825195,1.9950783252716064,1.5678130388259888,1.2688204050064087,-7.144235610961914,-3.293534755706787,3.721730947494507,3.939879894256592,4.773599624633789,3.6048636436462402,-2.7105586528778076,-0.7431360483169556,-1.1052395105361938,-2.5812885761260986,-1.6264749765396118,-2.2417356967926025,-10.443384170532227,-7.021739482879639,0.35795602202415466,4.247121810913086,10.355376243591309,5.285800933837891,-6.85346794128418,-11.44471263885498,-2.344346284866333,8.14200210571289,12.187671661376953,8.717721939086914,8.77324104309082,8.69451904296875,19.452627182006836,24.009096145629883,13.2305326461792,4.263993740081787
-2.672135829925537,-4.265388011932373,-3.7175819873809814,1.6227198839187622,1.8783961534500122,1.630860447883606,-1.1813743114471436,-0.9905176758766174,2.5805306434631348,4.2429280281066895,1.520568609237671,-1.0566836595535278,-0.9696494936943054,-1.4552868604660034,-3.0942938327789307,4.325022220611572,5.831310749053955,6.430993556976318,4.0668253898620605,-0.9207262992858887,0.743037760257721,1.168944001197815,-1.6213974952697754,1.0393927097320557,1.4232962131500244,-15.166196823120117,-6.490668773651123,3.8289177417755127,7.867122650146484,7.496053218841553,0.523190438747406,-3.609395980834961,-11.233379364013672,-2.2607593536376953,8.439035415649414,7.248856544494629,10.07200813293457,9.690603256225586,8.19394302368164,20.061635971069336,24.684398651123047,4.828097343444824,0.9770292043685913
-3.8070082664489746,-3.634248733520508,-1.2046207189559937,5.876026153564453,6.071476459503174,2.8465518951416016,-1.683455467224121,-0.4498557448387146,1.1594598293304443,-0.9878746867179871,5.888402462005615,4.0759806632995605,-0.017347566783428192,2.841231346130371,5.046829700469971,5.535336017608643,6.397739410400391,7.597103595733643,3.5154988765716553,-0.31040480732917786,2.2834649085998535,4.296079158782959,1.7005615234375,-0.88053297996521,-3.5250115394592285,-11.97234058380127,-11.320710182189941,-3.569458484649658,2.899014711380005,4.454566478729248,3.615396022796631,-1.1096116304397583,-3.9832401275634766,0.7739148736000061,7.134313106536865,8.792372703552246,12.832526206970215,10.13720703125,9.061050415039062,16.79612159729004,22.59104347229004,7.903712749481201,1.9306079149246216
-5.727584362030029,-2.3254077434539795,1.8268811702728271,11.468846321105957,11.31367301940918,5.424571990966797,-2.9645965099334717,-1.2718616724014282,3.5496318340301514,1.4646884202957153,7.42188024520874,8.912590980529785,8.170916557312012,7.425901889801025,6.892989635467529,2.8784432411193848,3.33310604095459,3.865823268890381,1.738053798675537,2.8189613819122314,2.4461772441864014,2.5157880783081055,2.1724131107330322,-3.722198247909546,-10.744333267211914,-9.501834869384766,-8.648420333862305,-9.8748197555542,-4.836037635803223,3.346559762954712,5.113146781921387,2.387295961380005,4.4841413497924805,5.1060099601745605,2.3341224193573,10.522721290588379,15.751813888549805,8.135688781738281,7.807385444641113,13.496798515319824,24.17689323425293,17.66905403137207,7.663692951202393
-3.0850136280059814,0.8718947172164917,5.293050765991211,12.400073051452637,12.409820556640625,3.375722646713257,-2.4980709552764893,1.1283336877822876,2.5796611309051514,3.866253614425659,0.40635937452316284,0.32904574275016785,8.293190002441406,9.547837257385254,6.484219074249268,3.852330446243286,1.4274042844772339,0.44040215015411377,2.5114822387695312,7.71306037902832,0.9238529205322266,-5.142940044403076,-0.8045213222503662,-2.9133243560791016,-11.10148811340332,-9.274227142333984,-6.62057638168335,-8.26093864440918,-8.098564147949219,-1.6661311388015747,2.3836710453033447,4.75560188293457,12.546083450317383,8.610384941101074,-0.6184132099151611,17.583850860595703,15.451650619506836,0.3424668610095978,4.893771648406982,9.398946762084961,21.569917678833008,25.537755966186523,13.364103317260742
7.297622203826904,5.59981632232666,5.492395877838135,1.6110491752624512,4.738391399383545,0.03482653573155403,-1.289654016494751,0.014953752979636192,-0.31686660647392273,-1.5551804304122925,-6.197333812713623,0.5287514328956604,5.476295471191406,6.456125736236572,6.67173957824707,5.403641223907471,2.0131747722625732,2.4680094718933105,4.705442905426025,10.036249160766602,0.8328773379325867,-11.006406784057617,-3.3681998252868652,0.19190196692943573,-10.86821460723877,-12.48714828491211,-7.703599452972412,-1.0931179523468018,-2.3407669067382812,-10.098333358764648,-9.509970664978027,4.7388129234313965,22.256258010864258,6.855014801025391,-6.752645492553711,20.249855041503906,12.902617454528809,-6.204104900360107,4.975452899932861,7.8958659172058105,18.079559326171875,24.076519012451172,13.630239486694336
7.864539623260498,5.727822780609131,5.262730598449707,-6.45677375793457,-0.8588306307792664,2.3652877807617188,-4.2575273513793945,-2.868040084838867,-1.2728625535964966,-2.668895959854126,-4.646928787231445,-0.2575702667236328,5.9543256759643555,6.650082111358643,5.658973217010498,5.427828311920166,6.0708537101745605,6.091039180755615,6.238199234008789,12.142282485961914,-0.4520895481109619,-15.0065336227417,-4.535247325897217,2.1240193843841553,-7.253634929656982,-15.111649513244629,-5.924293518066406,0.04325272515416145,0.7268701195716858,-6.166931629180908,-14.759805679321289,0.5306186079978943,24.6120548248291,12.060847282409668,-7.3103718757629395,13.788321495056152,12.423029899597168,-7.7679619789123535,2.2927706241607666,9.382109642028809,16.171424865722656,25.350351333618164,20.461978912353516
6.608555316925049,10.453900337219238,2.097917318344116,-9.844088554382324,0.11771441251039505,-0.9671703577041626,-4.149073123931885,-2.0866410732269287,-4.309774875640869,-4.315886974334717,-3.3248884677886963,-1.0104188919067383,1.0909593105316162,0.9173584580421448,3.0752112865448,2.9503250122070312,7.060135364532471,7.243382930755615,5.509774684906006,9.201041221618652,3.5640389919281006,-18.65020179748535,-6.970581531524658,1.8263899087905884,-8.327521324157715,-10.446605682373047,-5.6965436935424805,-3.0014569759368896,8.605972290039062,4.301812171936035,-15.10176944732666,6.888828754425049,15.92294692993164,16.896772384643555,10.332059860229492,6.584269046783447,5.6000189781188965,-3.6590795516967773,0.5828233957290649,10.516007423400879,16.010295867919922,23.547304153442383,24.61808204650879
5.293149948120117,6.518105983734131,-6.376481056213379,-8.491564750671387,-2.2435638904571533,-1.3098856210708618,-2.3210134506225586,-5.318343162536621,-3.726266860961914,-4.453464031219482,-6.33529806137085,-3.808885097503662,-2.8518590927124023,0.6446477770805359,4.58779239654541,3.2279694080352783,4.068383693695068,6.395726203918457,4.961038112640381,5.060795783996582,7.685975074768066,-2.8044846057891846,-14.614736557006836,-8.814813613891602,-8.648091316223145,-9.167015075683594,-6.730691432952881,-0.12459491193294525,16.528833389282227,13.685863494873047,-4.204436302185059,11.51059341430664,7.253908157348633,15.755021095275879,21.04335594177246,-2.856529712677002,-4.50415563583374,-5.288288593292236,-0.6948385238647461,8.326103210449219,15.081546783447266,20.255781173706055,28.236494064331055
-5.580819606781006,-4.683802604675293,-7.011447906494141,-4.830317497253418,2.1907622814178467,-0.201884925365448,-7.104681015014648,-5.381780624389648,-2.9276387691497803,-4.649484157562256,-8.270613670349121,-7.982163429260254,-3.0196096897125244,3.430346727371216,5.531986713409424,5.116809368133545,7.9970903396606445,9.343438148498535,7.074722766876221,-1.6943559646606445,5.556546688079834,11.419278144836426,-11.021866798400879,-16.408687591552734,-8.348610877990723,-6.968291759490967,-3.9367525577545166,4.8964643478393555,16.9713077545166,13.654802322387695,-0.5213961601257324,2.0250661373138428,5.5029802322387695,24.019058227539062,12.456172943115234,-6.769630432128906,-6.736802101135254,-4.762274742126465,-0.2810889184474945,5.055250644683838,14.11358642578125,18.52117156982422,27.870393753051758
-6.03697395324707,-2.879485607147217,-4.129878997802734,-4.87819242477417,3.403488874435425,6.901003360748291,-4.651455879211426,-3.6765058040618896,-4.2450361251831055,-7.5281829833984375,-8.804292678833008,-7.541928768157959,-0.3593780994415283,6.749290943145752,7.455275058746338,8.233359336853027,12.235118865966797,9.497382164001465,1.7862515449523926,-4.048130512237549,6.319533824920654,15.429710388183594,-7.20906400680542,-18.685104370117188,-5.393972396850586,-5.6124138832092285,-2.689591407775879,6.154571056365967,22.42880630493164,12.038190841674805,-12.0407075881958,-1.2907018661499023,13.359535217285156,20.826663970947266,-0.4184023439884186,-6.075769901275635,-8.577123641967773,-1.7577792406082153,3.818059206008911,5.074744701385498,15.083934783935547,16.891986846923828,27.315265655517578
-1.5567461252212524,-2.0202174186706543,2.572725296020508,0.8616210222244263,1.8107502460479736,6.031715393066406,-0.4087791442871094,-3.768702745437622,-8.273215293884277,-15.403271675109863,-5.267954349517822,1.3098490238189697,6.084300518035889,11.854433059692383,10.727846145629883,8.698334693908691,5.7149176597595215,-4.322731971740723,-0.2742050588130951,6.329794406890869,12.282379150390625,7.991219997406006,-11.369758605957031,-12.379883766174316,-7.219794273376465,-5.608391284942627,-3.4863641262054443,13.633352279663086,24.768524169921875,-2.319647789001465,-9.066689491271973,5.952739715576172,19.711322784423828,14.271932601928711,-0.6508153676986694,-1.1787166595458984,-8.588485717773438,-0.9574387669563293,8.441734313964844,10.278135299682617,15.534886360168457,16.094051361083984,27.59742546081543
