data/wind_data/wind_66_6.json
{"header": {"parameterUnit": "KT", "parameterCategory": 2, "nx": 256, "ny": 198, "lo1": 44.73521041870117, "la1": -3.236724853515625, "lo2": 111.26478576660156, "la2": 43.468475341796875, "dx": 0.2609002888202667, "dy": -0.23708222806453705, "refTime": "2025-02-21 18:00:00", "forecastTime": 0, "parameterNumber": 2, "parameterNumberName": "eastward_wind"}, "data":
[rows 60 to 79 of 198, columns 45 to 89 of 256]
10.444587707519531,10.348587989807129,10.393442153930664,10.565041542053223,10.799822807312012,10.995431900024414,11.025152206420898,10.8203125,10.458747863769531,10.101031303405762,9.877571105957031,9.780441284179688,9.721722602844238,9.704320907592773,9.786336898803711,10.016449928283691,10.298035621643066,10.490507125854492,10.58359146118164,10.596048355102539,10.516768455505371,10.383768081665039,10.30875301361084,10.399603843688965,10.711899757385254,11.218791007995605,11.782697677612305,12.206708908081055,12.433013916015625,12.564854621887207,12.675989151000977,12.796408653259277,12.989812850952148,13.23829460144043,13.532565116882324,13.858016967773438,14.143351554870605,14.313478469848633,14.325066566467285,14.188098907470703,13.926424980163574,13.570953369140625,13.220182418823242,12.990721702575684,12.95925521850586
12.40298080444336,12.218368530273438,12.065957069396973,12.024453163146973,12.093222618103027,12.303300857543945,12.590384483337402,12.76662540435791,12.677825927734375,12.371678352355957,12.048208236694336,11.818251609802246,11.651240348815918,11.513278007507324,11.480511665344238,11.582197189331055,11.831490516662598,12.152152061462402,12.439635276794434,12.568367958068848,12.4786958694458,12.307462692260742,12.201730728149414,12.189955711364746,12.24355697631836,12.41236686706543,12.765820503234863,13.218467712402344,13.610468864440918,13.86782169342041,13.979217529296875,13.998636245727539,14.040660858154297,14.166108131408691,14.398931503295898,14.739861488342285,15.131538391113281,15.514139175415039,15.79688549041748,15.848416328430176,15.592474937438965,15.089635848999023,14.528595924377441,14.148554801940918,14.038504600524902
14.13968276977539,14.038744926452637,13.925615310668945,13.826708793640137,13.760639190673828,13.763408660888672,13.886615753173828,14.12600040435791,14.386137008666992,14.502202987670898,14.410614967346191,14.177300453186035,13.918110847473145,13.730957984924316,13.630278587341309,13.61117935180664,13.707133293151855,13.935738563537598,14.26004409790039,14.553048133850098,14.64841079711914,14.539620399475098,14.411308288574219,14.399067878723145,14.421183586120605,14.365530014038086,14.315128326416016,14.444955825805664,14.785995483398438,15.194183349609375,15.47612476348877,15.542184829711914,15.477848052978516,15.392237663269043,15.37967300415039,15.528585433959961,15.873581886291504,16.361080169677734,16.833784103393555,17.09756088256836,17.034156799316406,16.64299964904785,16.039703369140625,15.519115447998047,15.312235832214355
15.68994140625,15.550085067749023,15.477361679077148,15.498424530029297,15.567741394042969,15.608864784240723,15.605382919311523,15.626019477844238,15.761734962463379,16.012928009033203,16.249536514282227,16.328710556030273,16.26007080078125,16.12313461303711,15.979426383972168,15.86323070526123,15.821399688720703,15.898168563842773,16.113452911376953,16.39634132385254,16.61978530883789,16.687044143676758,16.66193962097168,16.66132926940918,16.693885803222656,16.673797607421875,16.556020736694336,16.440265655517578,16.477445602416992,16.701534271240234,16.988126754760742,17.18766212463379,17.232105255126953,17.12632942199707,16.912994384765625,16.737337112426758,16.812410354614258,17.190013885498047,17.6980037689209,18.06644630432129,18.13703155517578,17.879940032958984,17.376249313354492,16.857410430908203,16.606252670288086
17.556827545166016,17.284038543701172,17.058279037475586,16.97747039794922,17.05800437927246,17.23863983154297,17.41344451904297,17.504621505737305,17.555728912353516,17.646562576293945,17.811717987060547,17.994462966918945,18.151918411254883,18.242822647094727,18.218198776245117,18.09623908996582,17.976593017578125,17.955284118652344,18.054889678955078,18.212013244628906,18.347291946411133,18.459270477294922,18.60650634765625,18.775808334350586,18.901079177856445,18.94535255432129,18.92610740661621,18.876174926757812,18.815927505493164,18.79011344909668,18.826845169067383,18.91273307800293,18.98731803894043,18.975461959838867,18.815532684326172,18.554210662841797,18.360837936401367,18.409137725830078,18.697818756103516,19.014286041259766,19.12152099609375,18.913476943969727,18.480737686157227,18.026948928833008,17.79889488220215
19.832475662231445,19.488496780395508,19.151206970214844,18.898597717285156,18.755420684814453,18.734804153442383,18.834653854370117,19.028141021728516,19.26898765563965,19.490280151367188,19.643003463745117,19.7449951171875,19.86648941040039,20.03144645690918,20.141082763671875,20.12901496887207,20.030519485473633,19.960834503173828,19.985021591186523,20.055824279785156,20.118003845214844,20.195783615112305,20.344253540039062,20.601970672607422,20.906410217285156,21.1354923248291,21.252338409423828,21.312990188598633,21.325702667236328,21.267227172851562,21.149137496948242,21.005834579467773,20.855087280273438,20.690311431884766,20.533384323120117,20.37767791748047,20.218120574951172,20.124404907226562,20.160400390625,20.25737762451172,20.235336303710938,19.97264289855957,19.54250144958496,19.133729934692383,18.937541961669922
21.701051712036133,21.444427490234375,21.15753173828125,20.9520320892334,20.804319381713867,20.64459228515625,20.469449996948242,20.372594833374023,20.458215713500977,20.715740203857422,21.03351593017578,21.331710815429688,21.583274841308594,21.794408798217773,21.931859970092773,21.957862854003906,21.887630462646484,21.800251007080078,21.755529403686523,21.779727935791016,21.86281967163086,21.98468589782715,22.14032554626465,22.353199005126953,22.653818130493164,23.006250381469727,23.34130859375,23.611251831054688,23.75245475769043,23.733036041259766,23.58989715576172,23.37403678894043,23.08526039123535,22.71821403503418,22.334009170532227,22.031587600708008,21.8493595123291,21.78192901611328,21.79981231689453,21.825620651245117,21.71249008178711,21.356748580932617,20.8269100189209,20.333568572998047,20.07235336303711
22.726675033569336,22.60752296447754,22.388795852661133,22.199914932250977,22.12734031677246,22.123031616210938,22.098125457763672,22.027233123779297,21.948192596435547,21.951112747192383,22.097444534301758,22.369033813476562,22.722652435302734,23.084680557250977,23.41379737854004,23.64731216430664,23.721389770507812,23.65140724182129,23.526716232299805,23.447412490844727,23.471416473388672,23.61736297607422,23.841144561767578,24.082439422607422,24.338346481323242,24.636564254760742,25.007047653198242,25.440092086791992,25.811283111572266,25.98130226135254,25.898475646972656,25.63157081604004,25.291851043701172,24.924144744873047,24.484241485595703,23.973207473754883,23.519807815551758,23.2769832611084,23.25203514099121,23.317325592041016,23.285070419311523,22.998035430908203,22.451753616333008,21.83658790588379,21.37828254699707
23.590608596801758,23.564668655395508,23.366031646728516,23.117231369018555,22.94826316833496,22.893712997436523,22.944507598876953,23.060792922973633,23.199871063232422,23.34345054626465,23.50688934326172,23.70838737487793,23.956863403320312,24.278865814208984,24.635555267333984,24.97707748413086,25.226001739501953,25.33851432800293,25.321969985961914,25.24672508239746,25.233097076416016,25.339323043823242,25.57572364807129,25.8607177734375,26.112503051757812,26.32415008544922,26.57303810119629,26.938453674316406,27.373672485351562,27.718101501464844,27.834095001220703,27.70013427734375,27.401002883911133,27.03011131286621,26.607349395751953,26.092998504638672,25.503557205200195,24.988859176635742,24.710845947265625,24.687108993530273,24.74582862854004,24.62904167175293,24.2142391204834,23.591577529907227,22.98993492126465
24.629453659057617,24.722410202026367,24.623525619506836,24.408946990966797,24.179428100585938,23.991411209106445,23.889480590820312,23.889070510864258,24.026235580444336,24.29597282409668,24.633275985717773,24.98445701599121,25.336631774902344,25.665691375732422,25.961994171142578,26.227083206176758,26.473243713378906,26.688053131103516,26.835996627807617,26.92230987548828,27.00795555114746,27.13559913635254,27.352554321289062,27.64240074157715,27.93503189086914,28.170019149780273,28.365915298461914,28.585081100463867,28.853471755981445,29.15102767944336,29.404558181762695,29.511594772338867,29.40065574645996,29.079179763793945,28.630748748779297,28.122316360473633,27.574832916259766,27.015121459960938,26.546875,26.282146453857422,26.217288970947266,26.171546936035156,25.934160232543945,25.456438064575195,24.863813400268555
26.01944351196289,26.21739387512207,26.23972511291504,26.11052703857422,25.90367889404297,25.697694778442383,25.499414443969727,25.345163345336914,25.32185935974121,25.469940185546875,25.74021339416504,26.104780197143555,26.542245864868164,26.98878288269043,27.36791229248047,27.63665008544922,27.811540603637695,27.94197654724121,28.08440399169922,28.260093688964844,28.46579933166504,28.718923568725586,29.037073135375977,29.38399314880371,29.698291778564453,29.937841415405273,30.12120819091797,30.27877426147461,30.43714141845703,30.62358856201172,30.85171127319336,31.090232849121094,31.216163635253906,31.080881118774414,30.682491302490234,30.140684127807617,29.577669143676758,29.048019409179688,28.575822830200195,28.2088680267334,27.97549819946289,27.824546813964844,27.613014221191406,27.25648307800293,26.79439926147461
27.527095794677734,27.933765411376953,28.19594955444336,28.220577239990234,28.06291961669922,27.836626052856445,27.591928482055664,27.386329650878906,27.258487701416016,27.247594833374023,27.359825134277344,27.613388061523438,27.984529495239258,28.411481857299805,28.80486297607422,29.12178611755371,29.336111068725586,29.465421676635742,29.564754486083984,29.692541122436523,29.883190155029297,30.15559959411621,30.531330108642578,30.961036682128906,31.337594985961914,31.589988708496094,31.738525390625,31.883668899536133,32.074283599853516,32.272823333740234,32.43559646606445,32.59872055053711,32.763587951660156,32.8228759765625,32.6619758605957,32.274356842041016,31.74407196044922,31.16999053955078,30.64065170288086,30.219898223876953,29.918325424194336,29.686534881591797,29.437091827392578,29.09372901916504,28.680784225463867
29.160079956054688,29.551271438598633,29.98062515258789,30.265098571777344,30.334516525268555,30.20930290222168,29.985897064208984,29.7564640045166,29.584585189819336,29.50189781188965,29.5112361907959,29.63212013244629,29.860958099365234,30.138851165771484,30.39369773864746,30.624095916748047,30.846643447875977,31.057714462280273,31.237253189086914,31.379602432250977,31.53488540649414,31.756532669067383,32.08504104614258,32.511837005615234,32.93951416015625,33.23954772949219,33.390830993652344,33.492088317871094,33.66142272949219,33.911834716796875,34.16074752807617,34.34839630126953,34.47371292114258,34.522945404052734,34.45962905883789,34.275638580322266,33.96065139770508,33.49928283691406,32.93301010131836,32.384559631347656,31.965782165527344,31.674114227294922,31.40269660949707,31.045316696166992,30.61560821533203
31.29077911376953,31.435375213623047,31.672924041748047,31.965599060058594,32.24040985107422,32.39668273925781,32.40167236328125,32.27663040161133,32.13343048095703,32.03169631958008,32.013675689697266,32.07595443725586,32.166263580322266,32.23180389404297,32.25267028808594,32.276405334472656,32.37777328491211,32.582679748535156,32.84930419921875,33.104095458984375,33.32722473144531,33.54030990600586,33.78216552734375,34.12306213378906,34.527713775634766,34.881771087646484,35.11505889892578,35.246463775634766,35.3619499206543,35.540592193603516,35.7952880859375,36.07833480834961,36.30105209350586,36.39480972290039,36.34809875488281,36.214866638183594,36.03487777709961,35.76896667480469,35.3626708984375,34.83730697631836,34.29559326171875,33.83686828613281,33.45568084716797,33.06223678588867,32.615116119384766
33.249874114990234,33.424346923828125,33.580650329589844,33.74012756347656,33.962196350097656,34.26051712036133,34.53082275390625,34.692344665527344,34.72908020019531,34.665992736816406,34.62553024291992,34.65151596069336,34.672035217285156,34.62080383300781,34.47390365600586,34.30630111694336,34.22430419921875,34.296173095703125,34.508975982666016,34.80517578125,35.1396484375,35.46690368652344,35.74755859375,36.01194763183594,36.28608703613281,36.550994873046875,36.791927337646484,37.00212097167969,37.179264068603516,37.32098388671875,37.45564270019531,37.6339111328125,37.876708984375,38.09115219116211,38.17254638671875,38.12697982788086,38.018310546875,37.86460494995117,37.6369514465332,37.300533294677734,36.8604850769043,36.357398986816406,35.839927673339844,35.31489181518555,34.76921463012695
34.42947769165039,34.740455627441406,35.082916259765625,35.3619270324707,35.606136322021484,35.92042922973633,36.31235885620117,36.70835494995117,36.99541473388672,37.12942123413086,37.1605339050293,37.12276077270508,37.0472297668457,36.956546783447266,36.82301330566406,36.661293029785156,36.526180267333984,36.48548126220703,36.54826736450195,36.72353744506836,37.02202606201172,37.41818618774414,37.82463073730469,38.17166519165039,38.43381881713867,38.6070442199707,38.71732711791992,38.81812286376953,38.95299530029297,39.12049102783203,39.275291442871094,39.38344192504883,39.46149826049805,39.560359954833984,39.67323303222656,39.76905822753906,39.81642532348633,39.78171157836914,39.67136001586914,39.5183219909668,39.29879379272461,38.94865417480469,38.46935272216797,37.91032028198242,37.294883728027344
35.28288650512695,35.648651123046875,36.10016632080078,36.5174446105957,36.913700103759766,37.36393356323242,37.88908767700195,38.39410400390625,38.78113555908203,39.05583953857422,39.25960159301758,39.343143463134766,39.28877258300781,39.150115966796875,39.0053596496582,38.90365219116211,38.84544372558594,38.83330154418945,38.851619720458984,38.92294692993164,39.128692626953125,39.493988037109375,39.94216537475586,40.35725402832031,40.68830871582031,40.92091369628906,41.02959442138672,41.01747512817383,40.968963623046875,40.992061614990234,41.11560821533203,41.26409149169922,41.328956604003906,41.27226638793945,41.17103958129883,41.15700149536133,41.27253723144531,41.40493392944336,41.435115814208984,41.383453369140625,41.32524871826172,41.213340759277344,40.94406509399414,40.50213623046875,39.92954635620117
36.40007400512695,36.802101135253906,37.28184509277344,37.717071533203125,38.18418884277344,38.74500274658203,39.41054916381836,40.05952072143555,40.51405715942383,40.74346923828125,40.875335693359375,41.00956726074219,41.115745544433594,41.113094329833984,41.01558303833008,40.93613815307617,40.92688751220703,40.96759033203125,41.0025520324707,41.051658630371094,41.2103271484375,41.53892135620117,41.98027038574219,42.411373138427734,42.76493835449219,43.04787826538086,43.246395111083984,43.31102752685547,43.2424201965332,43.1234245300293,43.0726318359375,43.13617706298828,43.22895050048828,43.21658706665039,43.05115509033203,42.849735260009766,42.77334213256836,42.844276428222656,42.931705474853516,42.94734573364258,42.93965148925781,42.948997497558594,42.91118240356445,42.72138977050781,42.30973434448242
38.31222152709961,38.70844268798828,39.05440902709961,39.35188674926758,39.74272918701172,40.26310729980469,40.90926742553711,41.60981750488281,42.20857620239258,42.547630310058594,42.626216888427734,42.604347229003906,42.588260650634766,42.59743118286133,42.62775421142578,42.69623947143555,42.7763557434082,42.8400993347168,42.87263488769531,42.91892623901367,43.074485778808594,43.3886833190918,43.80061340332031,44.219757080078125,44.59537124633789,44.9048957824707,45.125701904296875,45.22016143798828,45.196407318115234,45.10087585449219,45.00796127319336,44.98719024658203,45.03194046020508,45.06915283203125,45.03486251831055,44.92677307128906,44.79806900024414,44.6898193359375,44.572513580322266,44.41054916381836,44.27077865600586,44.23848342895508,44.28504943847656,44.3011474609375,44.17650604248047
40.476478576660156,40.953269958496094,41.262638092041016,41.489994049072266,41.80948257446289,42.22491455078125,42.68447494506836,43.18334197998047,43.673866271972656,44.05502700805664,44.28969955444336,44.39653015136719,44.392173767089844,44.331626892089844,44.305843353271484,44.36129379272461,44.43867492675781,44.477928161621094,44.4807014465332,44.51525115966797,44.68803024291992,45.018272399902344,45.420860290527344,45.81245803833008,46.18661880493164,46.5450439453125,46.82455062866211,46.96578598022461,46.96580505371094,46.85833740234375,46.7064323425293,46.59788513183594,46.58191680908203,46.636417388916016,46.73037338256836,46.844966888427734,46.934844970703125,46.92455291748047,46.728271484375,46.32121276855469,45.820220947265625,45.44565963745117,45.318031311035156,45.35340881347656,45.39117431640625
