data/wind_data/wind_4_5.json
{"header": {"parameterUnit": "KT", "parameterCategory": 2, "nx": 256, "ny": 198, "lo1": 44.73521041870117, "la1": -3.236724853515625, "lo2": 111.26478576660156, "la2": 43.468475341796875, "dx": 0.2609002888202667, "dy": -0.23708222806453705, "refTime": "2025-02-19 04:00:00", "forecastTime": 0, "parameterNumber": 2, "parameterNumberName": "eastward_wind"}, "data":
[rows 76 to 94 of 198, columns 0 to 43 of 256]
14.054763793945312,14.335310935974121,14.785895347595215,15.009981155395508,14.822161674499512,14.774171829223633,15.306640625,15.821710586547852,15.960298538208008,15.878959655761719,15.539634704589844,15.170525550842285,15.600086212158203,15.610588073730469,14.973091125488281,14.493378639221191,14.161151885986328,13.729462623596191,13.055800437927246,12.3749361038208,11.999342918395996,12.16701602935791,12.491958618164062,12.612664222717285,12.536250114440918,12.364541053771973,12.109467506408691,12.123632431030273,12.35761833190918,12.593966484069824,12.909759521484375,13.240751266479492,13.293562889099121,13.107431411743164,13.053293228149414,13.30742359161377,13.476346969604492,13.414360046386719,13.108729362487793,12.65234088897705,12.182750701904297,11.74501895904541,11.507877349853516,11.446554183959961
16.12433624267578,15.88424301147461,15.419693946838379,15.125941276550293,15.227617263793945,15.32906723022461,15.935708045959473,16.65105628967285,17.073760986328125,17.394235610961914,17.518310546875,17.723873138427734,17.99394989013672,17.536632537841797,16.744564056396484,16.341060638427734,15.984392166137695,15.206215858459473,14.398959159851074,14.21181583404541,14.484652519226074,14.645234107971191,14.668562889099121,14.833502769470215,15.010672569274902,14.86237907409668,14.714393615722656,14.735822677612305,14.863759994506836,15.279447555541992,16.081270217895508,16.8570613861084,16.903980255126953,16.103578567504883,15.51506233215332,15.534887313842773,15.733147621154785,15.576539993286133,15.077256202697754,14.598313331604004,14.347952842712402,13.976777076721191,13.483158111572266,13.143414497375488
17.310989379882812,16.604293823242188,15.568946838378906,14.967187881469727,15.4586820602417,15.727152824401855,16.11894416809082,16.726699829101562,17.454797744750977,18.40715789794922,19.49360466003418,20.221923828125,20.045543670654297,19.105491638183594,18.337574005126953,18.11847686767578,17.774816513061523,16.84950065612793,15.99325180053711,15.953765869140625,16.546424865722656,16.9782772064209,17.043724060058594,16.930177688598633,16.92562484741211,17.176284790039062,17.65204620361328,17.922897338867188,17.850313186645508,17.87171745300293,18.311161041259766,18.864944458007812,19.081151962280273,18.915836334228516,18.634605407714844,18.1170654296875,17.53216552734375,17.304271697998047,17.358572006225586,17.395877838134766,17.229616165161133,16.9553279876709,16.31475830078125,15.707586288452148
18.894742965698242,18.55790901184082,17.268579483032227,16.270048141479492,15.889630317687988,15.654760360717773,15.729043960571289,16.290393829345703,17.155750274658203,18.077983856201172,19.115617752075195,19.860319137573242,19.795154571533203,19.312580108642578,19.158039093017578,19.217145919799805,18.90606689453125,18.220735549926758,17.713613510131836,17.642227172851562,17.937166213989258,18.426368713378906,18.660003662109375,18.64552116394043,18.692354202270508,19.031757354736328,19.639022827148438,20.156116485595703,20.14811134338379,19.79134178161621,19.59454917907715,19.596630096435547,19.778457641601562,20.024356842041016,20.2860050201416,20.28776741027832,20.04878807067871,20.13384437561035,20.712383270263672,21.277082443237305,20.507413864135742,19.450782775878906,18.866931915283203,18.460439682006836
20.956119537353516,20.21512794494629,19.295557022094727,18.400226593017578,17.179338455200195,16.083906173706055,15.75806713104248,16.306203842163086,17.178691864013672,17.803869247436523,18.436626434326172,19.364227294921875,20.02312469482422,20.097211837768555,19.90928077697754,19.58934783935547,19.147178649902344,18.756454467773438,18.68524169921875,18.93833351135254,19.20867156982422,19.249698638916016,19.09659194946289,19.166852951049805,19.666240692138672,20.14349937438965,20.315425872802734,20.251596450805664,20.181724548339844,20.212417602539062,20.23141098022461,20.00286293029785,19.832475662231445,20.074508666992188,20.61452865600586,20.863605499267578,20.966886520385742,21.186716079711914,21.63973617553711,22.14862632751465,22.013072967529297,20.948869705200195,20.394756317138672,20.36869239807129
21.957691192626953,21.759235382080078,21.419538497924805,20.764923095703125,19.177610397338867,17.53250503540039,16.822845458984375,17.117351531982422,17.898639678955078,18.74057960510254,19.458114624023438,20.245403289794922,20.921918869018555,21.160959243774414,20.89470672607422,20.202402114868164,19.541893005371094,19.18651008605957,19.11255645751953,19.287050247192383,19.525850296020508,19.64480972290039,19.67099952697754,19.63530158996582,19.745756149291992,20.045190811157227,20.2847900390625,20.22101402282715,20.06642723083496,20.154966354370117,20.376325607299805,20.40901756286621,20.35251235961914,20.4294490814209,20.643882751464844,20.782011032104492,20.869478225708008,20.996469497680664,21.330766677856445,21.717010498046875,22.055156707763672,21.783248901367188,21.12385368347168,21.095335006713867
22.408798217773438,23.1529598236084,23.608142852783203,23.385257720947266,21.635759353637695,19.971141815185547,19.122352600097656,19.035478591918945,19.517154693603516,20.37751579284668,21.28168487548828,21.991260528564453,22.330093383789062,22.245216369628906,21.992839813232422,21.67758560180664,21.308706283569336,20.97357749938965,20.714282989501953,20.395198822021484,20.06451988220215,20.187467575073242,20.715606689453125,21.010194778442383,20.826539993286133,20.479421615600586,20.371843338012695,20.457651138305664,20.636754989624023,20.837556838989258,20.840152740478516,20.793214797973633,20.918561935424805,21.284074783325195,21.654850006103516,21.64213752746582,21.387693405151367,21.14922332763672,21.139604568481445,21.408979415893555,21.740312576293945,21.862621307373047,21.727609634399414,21.73775863647461
24.072778701782227,24.846715927124023,25.385095596313477,25.41254997253418,23.920541763305664,22.206268310546875,21.367177963256836,21.284318923950195,21.736648559570312,22.354711532592773,22.92228126525879,23.506546020507812,23.957534790039062,23.9881591796875,23.693517684936523,23.35221290588379,23.02048683166504,22.73227882385254,22.497661590576172,22.11874008178711,21.497312545776367,21.198972702026367,21.51103401184082,22.033405303955078,22.16498565673828,21.964242935180664,21.765405654907227,21.652002334594727,21.625228881835938,21.570018768310547,21.356054306030273,21.126659393310547,21.08020782470703,21.465633392333984,22.152873992919922,22.513776779174805,22.335643768310547,21.946372985839844,21.65131187438965,21.473329544067383,21.393638610839844,21.508373260498047,21.76152992248535,22.088520050048828
26.284021377563477,26.67179298400879,26.85284423828125,26.924888610839844,26.17629051208496,24.604612350463867,23.451936721801758,23.224674224853516,23.70306968688965,24.356365203857422,24.829561233520508,25.220745086669922,25.511625289916992,25.505126953125,25.326740264892578,25.14058494567871,24.860368728637695,24.481346130371094,24.131038665771484,23.8147029876709,23.379623413085938,22.903467178344727,22.64440155029297,22.758190155029297,23.136436462402344,23.425655364990234,23.3548526763916,22.96306610107422,22.524641036987305,22.249324798583984,22.140459060668945,22.099010467529297,22.104446411132812,22.225635528564453,22.53150177001953,22.836807250976562,22.853233337402344,22.637298583984375,22.40896224975586,22.142885208129883,21.74724006652832,21.53546905517578,21.679155349731445,22.0927791595459
28.175317764282227,28.37420082092285,28.438570022583008,28.73930549621582,28.521738052368164,27.459779739379883,26.31029510498047,25.708667755126953,25.72739601135254,26.153949737548828,26.671770095825195,27.194103240966797,27.6210994720459,27.661136627197266,27.3031005859375,26.865007400512695,26.600543975830078,26.47688102722168,26.296571731567383,25.991703033447266,25.605504989624023,25.232826232910156,24.887426376342773,24.58460235595703,24.548072814941406,24.698169708251953,24.7701358795166,24.49342155456543,23.818613052368164,23.10550880432129,22.787633895874023,22.8458251953125,23.19400405883789,23.6307373046875,23.879610061645508,23.93231773376465,23.920597076416016,23.859193801879883,23.62446403503418,23.123519897460938,22.418241500854492,21.852821350097656,21.651952743530273,21.766382217407227
30.024051666259766,30.15715217590332,30.21775245666504,30.766016006469727,30.88128662109375,30.208740234375,29.24510383605957,28.49687385559082,28.175647735595703,28.184049606323242,28.384929656982422,28.729537963867188,29.1392765045166,29.437870025634766,29.479127883911133,29.229782104492188,28.81977653503418,28.522720336914062,28.44355010986328,28.296030044555664,27.870594024658203,27.35202407836914,26.91709327697754,26.562326431274414,26.376811981201172,26.299367904663086,26.136775970458984,25.75697898864746,25.223148345947266,24.676525115966797,24.295482635498047,24.166397094726562,24.270050048828125,24.559085845947266,24.816314697265625,24.81051254272461,24.750049591064453,24.861082077026367,24.89263343811035,24.41535758972168,23.626842498779297,22.90616226196289,22.438968658447266,22.144153594970703
31.472810745239258,31.692365646362305,31.791818618774414,32.35588836669922,32.90644454956055,32.62269592285156,31.715290069580078,30.745250701904297,30.163604736328125,29.9077205657959,29.74730682373047,29.73554801940918,30.04514503479004,30.623430252075195,31.20111083984375,31.463714599609375,31.327524185180664,31.020410537719727,30.77545928955078,30.531375885009766,29.97533416748047,29.112409591674805,28.3120174407959,27.824726104736328,27.706432342529297,27.720863342285156,27.49931526184082,26.96012306213379,26.413930892944336,26.15520477294922,26.15827751159668,26.19830322265625,26.06060791015625,25.806560516357422,25.6136531829834,25.428667068481445,25.226947784423828,25.217361450195312,25.340099334716797,25.188478469848633,24.84105110168457,24.501094818115234,24.175952911376953,23.800426483154297
32.600311279296875,32.6884765625,32.90428161621094,33.52151870727539,34.396240234375,34.26368713378906,33.372947692871094,32.26227951049805,31.39297103881836,30.861940383911133,30.430187225341797,30.134567260742188,30.353347778320312,31.116975784301758,31.97979164123535,32.610599517822266,32.930015563964844,33.01626968383789,32.99095916748047,32.83729934692383,32.35002517700195,31.481155395507812,30.480484008789062,29.7038631439209,29.3313045501709,29.173206329345703,28.830442428588867,28.210988998413086,27.681400299072266,27.629894256591797,27.896831512451172,28.034337997436523,27.90057373046875,27.46230125427246,26.828216552734375,26.36210823059082,26.222625732421875,26.287761688232422,26.273849487304688,26.132762908935547,26.04657554626465,26.066017150878906,26.094989776611328,26.016386032104492
33.925437927246094,33.95558166503906,34.064144134521484,34.525604248046875,35.21943664550781,34.94524002075195,34.16416931152344,33.340877532958984,32.69324493408203,32.329139709472656,32.0997314453125,31.815086364746094,31.601844787597656,31.724477767944336,32.15879821777344,32.70454406738281,33.180809020996094,33.567420959472656,33.8841552734375,34.09621047973633,34.083251953125,33.75349807739258,33.193416595458984,32.57130813598633,32.00709915161133,31.487525939941406,30.875028610229492,30.190073013305664,29.74233627319336,29.73251724243164,29.83260726928711,29.63149642944336,29.269580841064453,28.876123428344727,28.295513153076172,27.743087768554688,27.497419357299805,27.626230239868164,27.765460968017578,27.791303634643555,27.763626098632812,27.70428466796875,27.714431762695312,27.815502166748047
35.32160186767578,35.36606216430664,35.41456985473633,35.572120666503906,35.743953704833984,35.34381103515625,34.76218032836914,34.26258850097656,33.882659912109375,33.684696197509766,33.6322021484375,33.5113525390625,33.24899673461914,33.0256462097168,33.003265380859375,33.17868423461914,33.44475555419922,33.76152801513672,34.09539794921875,34.37397766113281,34.61804962158203,34.88648986816406,35.00977325439453,34.76492691040039,34.21662139892578,33.58781433105469,32.93532943725586,32.27021789550781,31.856603622436523,31.870132446289062,31.946186065673828,31.61029052734375,30.89216423034668,30.19912338256836,29.63128662109375,29.194791793823242,28.8575496673584,28.783348083496094,29.050262451171875,29.425060272216797,29.601463317871094,29.49256706237793,29.26883888244629,29.024869918823242
36.68421936035156,36.84138870239258,36.95515060424805,37.01303482055664,36.684043884277344,36.14235305786133,35.76077651977539,35.49920654296875,35.20348358154297,34.889801025390625,34.65994644165039,34.5329475402832,34.490108489990234,34.53705596923828,34.72069549560547,35.027687072753906,35.26410675048828,35.33572006225586,35.42144012451172,35.60980224609375,35.75548553466797,35.771297454833984,35.7182502746582,35.56508255004883,35.22645950317383,34.815345764160156,34.466575622558594,34.0814323425293,33.642555236816406,33.338863372802734,33.15647506713867,32.84837341308594,32.335365295410156,31.681480407714844,31.04798698425293,30.623600006103516,30.37577247619629,30.218276977539062,30.24896812438965,30.519582748413086,30.8337345123291,30.92327308654785,30.7001953125,30.28705406188965
37.92339324951172,38.18286895751953,38.30647277832031,38.508056640625,38.08628845214844,37.3674430847168,36.89712142944336,36.59523391723633,36.26185989379883,35.854827880859375,35.458518981933594,35.20030212402344,35.19941711425781,35.43191146850586,35.816322326660156,36.32069396972656,36.750022888183594,36.90245819091797,36.85166931152344,36.80127716064453,36.772335052490234,36.595863342285156,36.20462417602539,35.71738815307617,35.31101608276367,35.11615753173828,35.12621307373047,35.14785385131836,34.92231369018555,34.399192810058594,33.72727966308594,33.12023162841797,32.752227783203125,32.53264236450195,32.185943603515625,31.7581787109375,31.530582427978516,31.399141311645508,31.259639739990234,31.25247573852539,31.485275268554688,31.662837982177734,31.593658447265625,31.45276641845703
38.48411178588867,38.93553924560547,39.09457015991211,39.46165466308594,39.37300491333008,38.65035629272461,37.84837341308594,37.168182373046875,36.72488021850586,36.49313735961914,36.27388381958008,35.98709487915039,35.80005645751953,35.87923812866211,36.23542022705078,36.82463073730469,37.489158630371094,37.97903060913086,38.17367935180664,38.108707427978516,37.841861724853516,37.4028434753418,36.882198333740234,36.352943420410156,35.80827713012695,35.28474044799805,34.95037841796875,34.89848709106445,34.87713623046875,34.54585647583008,33.92829132080078,33.2890510559082,32.869773864746094,32.749755859375,32.742652893066406,32.6533317565918,32.51033020019531,32.32741165161133,32.019126892089844,31.727523803710938,31.699731826782227,31.87468910217285,31.98957633972168,32.078853607177734
38.61795425415039,39.230140686035156,39.539024353027344,40.090946197509766,40.27199935913086,39.659393310546875,38.72256851196289,37.79670333862305,37.18898010253906,37.02058029174805,37.09066390991211,37.07476806640625,36.86524963378906,36.64871597290039,36.68906784057617,37.087886810302734,37.72856903076172,38.371700286865234,38.86565399169922,39.191307067871094,39.295475006103516,39.08505630493164,38.58806228637695,37.966495513916016,37.32215881347656,36.64226531982422,35.98744583129883,35.485103607177734,35.1239128112793,34.737972259521484,34.28792953491211,33.860618591308594,33.45486068725586,33.211158752441406,33.29949951171875,33.52494430541992,33.48124694824219,33.25127029418945,33.04580307006836,32.83430480957031,32.609397888183594,32.509185791015625,32.59211349487305,32.66460037231445
