data/wind_data/wind_43_1.json
{"header": {"parameterUnit": "KT", "parameterCategory": 2, "nx": 256, "ny": 198, "lo1": 44.73521041870117, "la1": -3.236724853515625, "lo2": 111.26478576660156, "la2": 43.468475341796875, "dx": 0.2609002888202667, "dy": -0.23708222806453705, "refTime": "2025-02-20 19:00:00", "forecastTime": 0, "parameterNumber": 2, "parameterNumberName": "eastward_wind"}, "data":
[rows 19 to 37 of 198, columns 43 to 85 of 256]
-12.217597007751465,-12.805679321289062,-14.317362785339355,-13.962388038635254,-12.74441146850586,-12.606546401977539,-12.64061450958252,-13.09356689453125,-13.396869659423828,-13.67078971862793,-13.518716812133789,-11.373692512512207,-10.492826461791992,-10.031216621398926,-9.237412452697754,-9.908540725708008,-12.027047157287598,-13.71590518951416,-12.743045806884766,-10.168733596801758,-8.160601615905762,-9.430968284606934,-12.28470516204834,-11.624970436096191,-9.953587532043457,-10.810769081115723,-11.738973617553711,-11.587210655212402,-9.976977348327637,-9.297416687011719,-8.543013572692871,-7.254403114318848,-6.485076427459717,-7.776196002960205,-10.939329147338867,-10.407517433166504,-11.011874198913574,-10.640048027038574,-9.842684745788574,-10.017725944519043,-9.611689567565918,-9.257447242736816,-9.288053512573242
-14.75369930267334,-14.986038208007812,-14.296357154846191,-14.401163101196289,-14.091635704040527,-13.536520004272461,-12.919892311096191,-13.298421859741211,-14.075291633605957,-13.30671215057373,-12.356783866882324,-11.264344215393066,-9.48241901397705,-9.580731391906738,-10.15377426147461,-11.695586204528809,-12.8988037109375,-11.732475280761719,-10.890203475952148,-9.313582420349121,-7.98655891418457,-11.453084945678711,-12.817127227783203,-10.14169979095459,-10.10629940032959,-11.482428550720215,-10.77973461151123,-10.049201011657715,-9.221632957458496,-8.463781356811523,-7.948648929595947,-7.553488731384277,-7.822918891906738,-9.123144149780273,-10.198050498962402,-11.181488037109375,-10.37867259979248,-10.220623970031738,-10.77266788482666,-10.957039833068848,-9.71473217010498,-9.443704605102539,-9.58394718170166
-14.910257339477539,-15.187427520751953,-14.61156177520752,-15.288504600524902,-14.983905792236328,-14.961003303527832,-13.964760780334473,-14.189020156860352,-14.704050064086914,-13.514030456542969,-12.004315376281738,-11.861126899719238,-11.522453308105469,-9.996137619018555,-10.324911117553711,-11.510189056396484,-12.095154762268066,-11.901128768920898,-10.221185684204102,-8.929238319396973,-10.944181442260742,-12.979240417480469,-10.807520866394043,-9.974468231201172,-10.54902172088623,-10.406206130981445,-11.312727928161621,-10.201215744018555,-6.486854076385498,-5.535894393920898,-8.834983825683594,-11.603222846984863,-11.254913330078125,-10.125493049621582,-10.16797161102295,-10.48301887512207,-9.880166053771973,-9.09920883178711,-10.699463844299316,-11.283146858215332,-9.542229652404785,-10.01993179321289,-10.303178787231445
-11.200014114379883,-14.769586563110352,-15.580277442932129,-15.520545959472656,-15.568913459777832,-15.381065368652344,-14.678610801696777,-14.748442649841309,-14.789334297180176,-13.256495475769043,-12.041207313537598,-12.101556777954102,-11.708541870117188,-11.405537605285645,-11.013866424560547,-11.338865280151367,-11.040898323059082,-9.577729225158691,-9.439142227172852,-11.824812889099121,-12.832232475280762,-10.945786476135254,-10.352149963378906,-10.58105182647705,-9.915053367614746,-11.297344207763672,-11.526371002197266,-9.824625968933105,-7.5965375900268555,-8.137852668762207,-12.666793823242188,-13.86412239074707,-11.140080451965332,-10.011336326599121,-10.958296775817871,-10.457740783691406,-10.962597846984863,-10.50742244720459,-10.862656593322754,-10.844456672668457,-10.542356491088867,-10.883201599121094,-10.6663236618042
-10.962690353393555,-13.034562110900879,-9.623173713684082,-14.1058931350708,-15.344594955444336,-15.707901000976562,-14.93930721282959,-13.909873962402344,-13.515885353088379,-13.130864143371582,-12.443284034729004,-12.212846755981445,-11.275052070617676,-11.103240013122559,-11.790212631225586,-11.86978530883789,-10.923694610595703,-10.29209041595459,-10.88804817199707,-13.178155899047852,-12.301680564880371,-9.766408920288086,-9.025259971618652,-8.625274658203125,-9.862577438354492,-12.817082405090332,-11.0256929397583,-10.088106155395508,-11.409830093383789,-12.63889217376709,-12.271073341369629,-11.649030685424805,-11.681211471557617,-11.173393249511719,-10.814197540283203,-10.835772514343262,-11.718572616577148,-11.871811866760254,-11.602980613708496,-10.57042407989502,-11.312067985534668,-11.09244155883789,-10.004066467285156
-13.662166595458984,-12.324257850646973,-8.05024242401123,-10.150598526000977,-18.314537048339844,-14.377070426940918,-15.423503875732422,-13.958786010742188,-13.252293586730957,-12.452825546264648,-12.33773136138916,-11.438926696777344,-11.401830673217773,-11.832972526550293,-11.585057258605957,-12.10573673248291,-12.438154220581055,-12.51185131072998,-12.368799209594727,-11.578760147094727,-10.818147659301758,-10.30803108215332,-9.67233657836914,-9.721760749816895,-11.136096954345703,-12.965435028076172,-11.394600868225098,-10.550804138183594,-10.889385223388672,-11.269125938415527,-11.131957054138184,-12.079585075378418,-11.770377159118652,-11.558507919311523,-11.5365629196167,-11.97782039642334,-11.545516014099121,-11.424975395202637,-11.939716339111328,-10.89149284362793,-10.608238220214844,-10.376137733459473,-9.720894813537598
-10.100310325622559,-9.762214660644531,-10.055113792419434,-13.094535827636719,-15.921908378601074,-13.56297492980957,-16.10236358642578,-14.269898414611816,-13.635282516479492,-12.79947566986084,-12.136309623718262,-12.339513778686523,-12.460661888122559,-11.832140922546387,-12.05152416229248,-12.430547714233398,-12.701356887817383,-12.623150825500488,-11.928754806518555,-11.004785537719727,-9.886727333068848,-9.669220924377441,-10.739996910095215,-11.538726806640625,-11.850541114807129,-11.40925121307373,-11.541481018066406,-11.308967590332031,-9.606639862060547,-8.710277557373047,-11.33359146118164,-13.669170379638672,-11.948665618896484,-11.99083423614502,-12.903790473937988,-12.335779190063477,-11.658734321594238,-11.600748062133789,-12.79076099395752,-12.299810409545898,-10.450486183166504,-8.761242866516113,-9.592191696166992
-8.153970718383789,-6.048328876495361,-4.06141471862793,-7.140559196472168,-16.284820556640625,-16.102270126342773,-16.447885513305664,-15.212553977966309,-13.300505638122559,-12.614505767822266,-13.57470417022705,-12.86374568939209,-12.156148910522461,-11.940492630004883,-11.876521110534668,-12.129096031188965,-12.727865219116211,-12.758759498596191,-11.951451301574707,-10.55871868133545,-9.722561836242676,-10.136603355407715,-10.955490112304688,-10.908717155456543,-11.203513145446777,-11.109830856323242,-11.376505851745605,-11.906038284301758,-11.662564277648926,-11.980518341064453,-12.721510887145996,-13.29241943359375,-12.644371032714844,-12.926088333129883,-13.244760513305664,-12.873809814453125,-11.735674858093262,-11.630082130432129,-12.101068496704102,-12.60494613647461,-11.386419296264648,-9.865736961364746,-10.33423137664795
-6.861934185028076,-4.151636123657227,-1.8582524061203003,-4.627624988555908,-16.414443969726562,-17.57813835144043,-16.301128387451172,-14.485089302062988,-12.800175666809082,-13.197830200195312,-13.985230445861816,-13.099230766296387,-12.526188850402832,-12.948820114135742,-12.744083404541016,-12.533227920532227,-13.441516876220703,-13.164539337158203,-12.420820236206055,-11.338513374328613,-10.619461059570312,-10.421345710754395,-10.505409240722656,-10.807161331176758,-11.23677921295166,-11.661327362060547,-11.95064640045166,-12.465842247009277,-13.094295501708984,-13.557821273803711,-12.812372207641602,-12.528339385986328,-12.942910194396973,-13.048887252807617,-13.34863567352295,-12.591829299926758,-11.450089454650879,-11.441317558288574,-11.916135787963867,-11.940756797790527,-11.893450736999512,-11.430658340454102,-11.176108360290527
-7.126997947692871,-4.248600959777832,-3.1400437355041504,-10.379093170166016,-16.991539001464844,-17.658920288085938,-14.105777740478516,-14.27550220489502,-12.039756774902344,-12.611689567565918,-14.637749671936035,-12.915562629699707,-12.577937126159668,-13.312305450439453,-12.94236946105957,-12.862675666809082,-13.721233367919922,-13.775364875793457,-12.446100234985352,-11.007963180541992,-10.466084480285645,-10.365612030029297,-10.62175178527832,-10.98043155670166,-11.377452850341797,-11.732519149780273,-12.257651329040527,-13.006439208984375,-13.53643798828125,-13.462632179260254,-13.093673706054688,-12.646080017089844,-12.80531120300293,-13.079638481140137,-12.670549392700195,-12.151148796081543,-11.23964786529541,-11.491148948669434,-11.602848052978516,-11.51539421081543,-11.124734878540039,-11.063342094421387,-10.973426818847656
-6.235783100128174,-4.080787658691406,-5.626684188842773,-17.992338180541992,-17.8398380279541,-16.277149200439453,-14.02342700958252,-12.856618881225586,-9.452387809753418,-10.747978210449219,-14.492162704467773,-13.524592399597168,-13.54089641571045,-13.482399940490723,-12.339707374572754,-11.940383911132812,-13.207127571105957,-14.012334823608398,-11.941326141357422,-10.217273712158203,-9.976387977600098,-10.667564392089844,-10.911551475524902,-11.031661033630371,-11.57764720916748,-12.042763710021973,-12.756401062011719,-13.138813018798828,-13.255233764648438,-13.488061904907227,-13.540115356445312,-13.03514289855957,-13.606045722961426,-13.205951690673828,-12.257132530212402,-11.64758586883545,-11.18795394897461,-11.160731315612793,-11.097413063049316,-11.427321434020996,-11.476330757141113,-10.923324584960938,-10.712018966674805
-6.8421950340271,-6.090451240539551,-10.187273025512695,-17.81705665588379,-17.82456398010254,-15.24022388458252,-13.929851531982422,-12.28736686706543,-9.191904067993164,-7.167260646820068,-9.876862525939941,-12.810694694519043,-15.347036361694336,-13.527999877929688,-11.235803604125977,-10.172271728515625,-11.969711303710938,-13.99002456665039,-11.442534446716309,-10.118877410888672,-10.482338905334473,-10.955158233642578,-11.458961486816406,-11.420831680297852,-11.875590324401855,-12.332262992858887,-13.089492797851562,-13.577869415283203,-13.694406509399414,-13.385555267333984,-13.50241470336914,-13.53609561920166,-13.014520645141602,-12.177007675170898,-12.126072883605957,-11.63486385345459,-11.115285873413086,-11.105091094970703,-10.785563468933105,-11.148343086242676,-11.774435043334961,-11.330355644226074,-10.427749633789062
-9.374776840209961,-9.024654388427734,-10.58253288269043,-14.837773323059082,-15.949385643005371,-13.717940330505371,-12.649237632751465,-12.138280868530273,-10.074265480041504,-7.164767265319824,-5.67444372177124,-13.44227123260498,-15.054404258728027,-13.829270362854004,-9.929248809814453,-7.182443141937256,-10.414030075073242,-11.417045593261719,-10.474809646606445,-11.887012481689453,-11.777375221252441,-11.111737251281738,-12.290481567382812,-11.899335861206055,-11.629613876342773,-11.914628982543945,-12.97346305847168,-14.283796310424805,-13.862525939941406,-13.145299911499023,-13.609882354736328,-13.377754211425781,-13.174083709716797,-11.836803436279297,-11.421453475952148,-10.928804397583008,-11.269309997558594,-11.402067184448242,-11.327852249145508,-10.601592063903809,-10.776875495910645,-11.320652961730957,-11.052388191223145
-10.966012954711914,-8.839348793029785,-9.634035110473633,-13.082646369934082,-13.129524230957031,-12.675836563110352,-12.12094497680664,-11.652935028076172,-9.796716690063477,-5.574856281280518,-6.711047172546387,-16.548965454101562,-15.657313346862793,-11.615415573120117,-10.2843656539917,-12.786881446838379,-13.142422676086426,-8.678800582885742,-8.344659805297852,-16.03719139099121,-13.146332740783691,-11.783397674560547,-12.941512107849121,-12.811662673950195,-12.071897506713867,-12.398032188415527,-13.745186805725098,-14.569704055786133,-13.574939727783203,-13.555851936340332,-14.227938652038574,-13.621316909790039,-12.683372497558594,-11.637625694274902,-11.186342239379883,-10.961030006408691,-11.333967208862305,-11.7037353515625,-11.674728393554688,-11.289727210998535,-10.702669143676758,-10.80005931854248,-10.65361499786377
-10.41795539855957,-9.340082168579102,-10.606001853942871,-11.73452377319336,-12.804204940795898,-13.894464492797852,-13.470304489135742,-11.995758056640625,-8.994422912597656,-5.532600402832031,-8.191051483154297,-14.96338939666748,-14.759774208068848,-11.991355895996094,-13.161746978759766,-12.867931365966797,-9.931008338928223,-9.826683044433594,-14.687204360961914,-15.085840225219727,-12.944390296936035,-11.991608619689941,-12.60713005065918,-12.444157600402832,-10.800711631774902,-12.040958404541016,-14.597182273864746,-14.861124992370605,-13.92811107635498,-13.824223518371582,-13.92462158203125,-13.406083106994629,-12.310166358947754,-11.702869415283203,-11.293347358703613,-11.337307929992676,-11.83105754852295,-12.30538558959961,-11.76999568939209,-11.636764526367188,-11.47354793548584,-10.999755859375,-10.324480056762695
-9.343637466430664,-12.709083557128906,-11.636484146118164,-10.781061172485352,-12.462152481079102,-12.861146926879883,-11.642393112182617,-10.745494842529297,-8.557042121887207,-6.537753582000732,-10.0062837600708,-15.527008056640625,-14.420964241027832,-13.113505363464355,-12.593426704406738,-10.520572662353516,-10.03406810760498,-11.90049934387207,-14.12821102142334,-13.95132064819336,-11.311092376708984,-9.937455177307129,-11.393628120422363,-9.625406265258789,-6.587469100952148,-9.541980743408203,-15.213418006896973,-15.57368278503418,-13.789498329162598,-13.215432167053223,-14.417573928833008,-12.440423965454102,-11.798710823059082,-11.746769905090332,-11.418288230895996,-11.58920955657959,-12.033273696899414,-12.375194549560547,-12.672816276550293,-11.808613777160645,-10.920080184936523,-11.209395408630371,-11.489805221557617
-10.197066307067871,-14.456928253173828,-11.533526420593262,-8.806065559387207,-11.306193351745605,-10.982330322265625,-10.939109802246094,-11.152674674987793,-10.520782470703125,-10.230222702026367,-13.109420776367188,-15.29334545135498,-12.445196151733398,-10.222556114196777,-8.481555938720703,-9.648482322692871,-13.823824882507324,-14.104303359985352,-10.713744163513184,-11.640704154968262,-12.878500938415527,-10.85213851928711,-9.357645034790039,-7.948269844055176,-7.95040225982666,-14.587818145751953,-16.02710723876953,-15.706084251403809,-13.742229461669922,-13.491111755371094,-14.331676483154297,-11.804140090942383,-11.510517120361328,-12.171382904052734,-11.628418922424316,-10.945116996765137,-10.839351654052734,-11.464767456054688,-12.296995162963867,-11.94290542602539,-10.54731559753418,-10.865111351013184,-11.364628791809082
-11.39486026763916,-11.217347145080566,-10.836013793945312,-10.550918579101562,-11.141115188598633,-10.836333274841309,-11.310070037841797,-11.533028602600098,-11.434142112731934,-10.530922889709473,-11.309647560119629,-12.98871898651123,-11.422320365905762,-9.431072235107422,-7.858675956726074,-11.742562294006348,-15.640059471130371,-13.030196189880371,-10.192301750183105,-12.566255569458008,-14.021566390991211,-12.324823379516602,-10.215380668640137,-10.83275032043457,-14.521101951599121,-17.350387573242188,-16.032869338989258,-14.210627555847168,-12.87271785736084,-13.614090919494629,-12.652636528015137,-11.8430814743042,-12.163047790527344,-11.926057815551758,-11.13703727722168,-9.779557228088379,-8.741150856018066,-9.178079605102539,-9.9774169921875,-10.892056465148926,-11.495442390441895,-11.020130157470703,-9.996770858764648
-9.403300285339355,-9.111366271972656,-11.6752347946167,-10.689091682434082,-10.732747077941895,-10.982315063476562,-11.936165809631348,-11.105538368225098,-10.8209867477417,-10.856012344360352,-10.961763381958008,-11.498905181884766,-10.376152038574219,-10.052783966064453,-11.771507263183594,-13.52042293548584,-12.795553207397461,-11.860090255737305,-12.463935852050781,-12.06391716003418,-11.52578067779541,-12.136451721191406,-11.76448917388916,-13.463255882263184,-14.629847526550293,-12.483497619628906,-10.751684188842773,-12.278846740722656,-13.953437805175781,-12.775721549987793,-12.419743537902832,-12.376626968383789,-12.112393379211426,-11.1632661819458,-10.138747215270996,-9.833636283874512,-7.4285688400268555,-5.74416971206665,-7.523862361907959,-9.996344566345215,-12.306013107299805,-11.409374237060547,-9.288674354553223
