data/wind_data/wind_44_4.json
{"header": {"parameterUnit": "KT", "parameterCategory": 2, "nx": 256, "ny": 198, "lo1": 44.73521041870117, "la1": -3.236724853515625, "lo2": 111.26478576660156, "la2": 43.468475341796875, "dx": 0.2609002888202667, "dy": -0.23708222806453705, "refTime": "2025-02-20 20:00:00", "forecastTime": 0, "parameterNumber": 2, "parameterNumberName": "eastward_wind"}, "data":
[rows 57 to 75 of 198, columns 44 to 87 of 256]
-10.827787399291992,-11.224043846130371,-11.276402473449707,-11.18313980102539,-11.530912399291992,-11.94739055633545,-12.213024139404297,-12.352346420288086,-12.403512954711914,-12.250855445861816,-12.186799049377441,-12.321738243103027,-12.578898429870605,-12.627398490905762,-12.548922538757324,-12.328330039978027,-12.241493225097656,-12.387374877929688,-12.744680404663086,-12.948503494262695,-12.925103187561035,-12.934203147888184,-13.068522453308105,-13.112163543701172,-12.879339218139648,-12.32053279876709,-11.887741088867188,-11.768192291259766,-11.858697891235352,-11.830500602722168,-11.663752555847168,-11.341390609741211,-10.88596248626709,-10.547285079956055,-10.266525268554688,-9.990543365478516,-9.785990715026855,-9.60068416595459,-9.505290031433105,-9.61239242553711,-9.945006370544434,-10.345470428466797,-10.647807121276855,-11.018638610839844
-10.068609237670898,-10.489116668701172,-10.593389511108398,-10.398039817810059,-10.425768852233887,-10.71959114074707,-11.081888198852539,-11.43193244934082,-11.629639625549316,-11.435718536376953,-11.174006462097168,-11.234942436218262,-11.4463529586792,-11.68535041809082,-11.754610061645508,-11.630762100219727,-11.582549095153809,-11.752084732055664,-12.056353569030762,-12.267108917236328,-12.408210754394531,-12.434266090393066,-12.377979278564453,-12.217756271362305,-12.063957214355469,-11.768953323364258,-11.35397720336914,-10.994462013244629,-10.82186508178711,-10.782657623291016,-10.726537704467773,-10.525762557983398,-10.19265079498291,-9.881982803344727,-9.580696105957031,-9.351951599121094,-9.230060577392578,-8.999083518981934,-8.743969917297363,-8.709298133850098,-8.984770774841309,-9.413227081298828,-9.947505950927734,-10.455711364746094
-9.362205505371094,-9.491338729858398,-9.663576126098633,-9.701275825500488,-9.661881446838379,-9.728219032287598,-9.948405265808105,-10.271984100341797,-10.505050659179688,-10.501583099365234,-10.481677055358887,-10.372223854064941,-10.309292793273926,-10.4970703125,-10.715476036071777,-10.90611743927002,-11.073002815246582,-11.353787422180176,-11.43171501159668,-11.465020179748535,-11.687060356140137,-11.769447326660156,-11.637421607971191,-11.447824478149414,-11.240518569946289,-10.795415878295898,-10.536705017089844,-10.273171424865723,-10.050180435180664,-9.836063385009766,-9.643983840942383,-9.504792213439941,-9.436178207397461,-9.321085929870605,-9.086935997009277,-8.9088773727417,-8.74349594116211,-8.505053520202637,-8.218238830566406,-8.079302787780762,-8.235236167907715,-8.640732765197754,-9.11624526977539,-9.558944702148438
-8.779315948486328,-8.501482009887695,-8.5514497756958,-8.83659553527832,-8.976941108703613,-8.944995880126953,-8.962226867675781,-9.187594413757324,-9.323827743530273,-9.406414985656738,-9.576355934143066,-9.65391731262207,-9.510262489318848,-9.585073471069336,-9.780513763427734,-10.069514274597168,-10.4701566696167,-10.67966079711914,-10.707091331481934,-10.601253509521484,-10.68761920928955,-10.775978088378906,-10.787360191345215,-10.664812088012695,-10.496922492980957,-10.183683395385742,-9.688496589660645,-9.227953910827637,-9.009753227233887,-8.725579261779785,-8.605497360229492,-8.44572639465332,-8.466066360473633,-8.445398330688477,-8.450203895568848,-8.36119270324707,-8.185770034790039,-7.913372993469238,-7.656503200531006,-7.5243635177612305,-7.581324100494385,-7.792851448059082,-8.09220027923584,-8.421963691711426
-8.468720436096191,-7.964040756225586,-7.632210731506348,-7.786818504333496,-8.101205825805664,-8.19044303894043,-8.023879051208496,-8.09404182434082,-8.303572654724121,-8.479985237121582,-8.565086364746094,-8.644003868103027,-8.718023300170898,-8.919042587280273,-9.152676582336426,-9.394794464111328,-9.6530122756958,-9.805769920349121,-9.938301086425781,-9.875584602355957,-9.68460750579834,-9.642446517944336,-9.673253059387207,-9.753682136535645,-9.719524383544922,-9.437228202819824,-8.872967720031738,-8.421975135803223,-8.066263198852539,-7.803082466125488,-7.641026973724365,-7.465670585632324,-7.359106063842773,-7.388788223266602,-7.544522762298584,-7.626791000366211,-7.6452436447143555,-7.534593105316162,-7.328619003295898,-7.105009078979492,-7.013093948364258,-7.0856122970581055,-7.207281112670898,-7.3491315841674805
-8.535688400268555,-7.927803039550781,-7.4256591796875,-7.198198318481445,-7.234687328338623,-7.311029434204102,-7.154879093170166,-7.118133544921875,-7.262706279754639,-7.48471212387085,-7.526875972747803,-7.593107223510742,-7.724501609802246,-8.00072193145752,-8.370762825012207,-8.583455085754395,-8.73085880279541,-8.857982635498047,-8.965815544128418,-8.94591236114502,-8.84649658203125,-8.86960220336914,-8.828241348266602,-8.842399597167969,-8.785223007202148,-8.545287132263184,-8.182953834533691,-7.73091459274292,-7.331398963928223,-7.061204433441162,-6.900549411773682,-6.677272319793701,-6.52454137802124,-6.48884391784668,-6.618616580963135,-6.799911975860596,-6.8910064697265625,-6.83834981918335,-6.7411041259765625,-6.656798839569092,-6.588804244995117,-6.527519702911377,-6.4921698570251465,-6.473976135253906
-8.591423034667969,-7.920015811920166,-7.465825080871582,-6.998119354248047,-6.828314304351807,-6.749476432800293,-6.558589935302734,-6.400064468383789,-6.43057107925415,-6.563684463500977,-6.680117607116699,-6.792089462280273,-6.909129619598389,-7.172919273376465,-7.447860240936279,-7.6118855476379395,-7.793648719787598,-7.935909271240234,-7.995175361633301,-7.9707746505737305,-7.976202487945557,-7.968425750732422,-7.875382423400879,-7.777412414550781,-7.653048515319824,-7.528472423553467,-7.387763500213623,-7.165876865386963,-6.860263824462891,-6.532504558563232,-6.242084503173828,-5.9744181632995605,-5.81564474105835,-5.807952404022217,-5.920720100402832,-6.056956768035889,-6.16156005859375,-6.216018199920654,-6.212055206298828,-6.135895252227783,-6.004035949707031,-5.88882303237915,-5.797688961029053,-5.660900115966797
-8.444670677185059,-7.7353620529174805,-7.292426109313965,-6.842745304107666,-6.526811599731445,-6.425197601318359,-6.200010776519775,-6.017597675323486,-6.018386363983154,-6.106719017028809,-6.123192310333252,-6.217153549194336,-6.367277145385742,-6.601912975311279,-6.768864631652832,-6.878334045410156,-6.996977806091309,-7.106265544891357,-7.185399055480957,-7.212089538574219,-7.212629795074463,-7.145001411437988,-7.00270414352417,-6.870100021362305,-6.821550369262695,-6.82095193862915,-6.674321174621582,-6.35359525680542,-6.03711462020874,-5.829423427581787,-5.643368244171143,-5.428435325622559,-5.305597305297852,-5.287337303161621,-5.390303611755371,-5.562798500061035,-5.6742424964904785,-5.680542945861816,-5.628409385681152,-5.5430121421813965,-5.420558929443359,-5.2691521644592285,-5.128204345703125,-5.026940822601318
-8.052128791809082,-7.593339920043945,-7.109578609466553,-6.538955211639404,-6.125341415405273,-5.910398006439209,-5.759161949157715,-5.608056545257568,-5.658684730529785,-5.748504161834717,-5.741038799285889,-5.762962818145752,-5.930711269378662,-6.107009410858154,-6.211296081542969,-6.2826361656188965,-6.315789222717285,-6.3676018714904785,-6.441819667816162,-6.505209445953369,-6.549545764923096,-6.531426906585693,-6.433077812194824,-6.276821136474609,-6.125779628753662,-6.000730514526367,-5.8841233253479,-5.777698040008545,-5.649734973907471,-5.440670967102051,-5.212992191314697,-5.014692783355713,-4.894177436828613,-4.914890289306641,-5.0061211585998535,-5.174432754516602,-5.309105396270752,-5.344151496887207,-5.245673179626465,-5.0721354484558105,-4.871694087982178,-4.730364799499512,-4.653855800628662,-4.611584186553955
-7.5015716552734375,-7.301362037658691,-6.898873329162598,-6.196109771728516,-5.793642997741699,-5.4911932945251465,-5.169892311096191,-5.020260334014893,-5.080651760101318,-5.147302627563477,-5.240182876586914,-5.358678817749023,-5.548308849334717,-5.677621841430664,-5.668307304382324,-5.609214782714844,-5.592362403869629,-5.6770453453063965,-5.793436050415039,-5.840767860412598,-5.845647811889648,-5.776304721832275,-5.6793599128723145,-5.584529399871826,-5.47764253616333,-5.336071491241455,-5.195649147033691,-5.165384292602539,-5.173431396484375,-5.107297420501709,-5.0103254318237305,-4.9485626220703125,-4.798947811126709,-4.816015243530273,-4.866432189941406,-4.9804558753967285,-5.101444244384766,-5.162748336791992,-5.0834856033325195,-4.909664630889893,-4.704555988311768,-4.555425643920898,-4.493640899658203,-4.4580512046813965
-6.746482849121094,-6.685003280639648,-6.413673400878906,-5.93328857421875,-5.471316814422607,-5.136129379272461,-4.814757823944092,-4.534453392028809,-4.436753749847412,-4.526202201843262,-4.775746822357178,-5.001876354217529,-5.129401683807373,-5.167707920074463,-5.076257228851318,-4.986377239227295,-4.9427618980407715,-4.9789910316467285,-5.090037822723389,-5.178253650665283,-5.231607437133789,-5.2361063957214355,-5.189466953277588,-5.151491165161133,-5.0655646324157715,-4.914642810821533,-4.761009693145752,-4.685534954071045,-4.7467169761657715,-4.82159948348999,-4.915558338165283,-4.9233808517456055,-4.920969486236572,-4.925518035888672,-4.949486255645752,-5.0352301597595215,-5.104650974273682,-5.215141296386719,-5.236438274383545,-5.153628826141357,-5.026001930236816,-4.903723239898682,-4.888500213623047,-4.871882438659668
-5.898684501647949,-5.750908851623535,-5.5719194412231445,-5.342761516571045,-5.054328441619873,-4.660943984985352,-4.431065559387207,-4.1997880935668945,-4.026132106781006,-4.12825345993042,-4.397975921630859,-4.649036884307861,-4.760341167449951,-4.70557975769043,-4.564765930175781,-4.453585147857666,-4.405417442321777,-4.417999744415283,-4.521317481994629,-4.6633100509643555,-4.795383930206299,-4.874963283538818,-4.931642055511475,-4.998757839202881,-4.997696399688721,-4.8871684074401855,-4.715829372406006,-4.571340084075928,-4.545220851898193,-4.684963226318359,-4.883000373840332,-5.031192302703857,-5.1189284324646,-5.177973747253418,-5.251532077789307,-5.381130695343018,-5.51380729675293,-5.606226444244385,-5.670328140258789,-5.6393327713012695,-5.612663269042969,-5.631147861480713,-5.699309349060059,-5.731914043426514
-5.20452356338501,-4.923910617828369,-4.672674179077148,-4.514132499694824,-4.38547420501709,-4.1070556640625,-3.893965244293213,-3.837240219116211,-3.77500057220459,-3.805401563644409,-4.0537638664245605,-4.201066493988037,-4.353646278381348,-4.367463111877441,-4.242562770843506,-4.062586307525635,-3.9970815181732178,-4.06626558303833,-4.273378849029541,-4.482708930969238,-4.587961196899414,-4.6203718185424805,-4.702828884124756,-4.817732334136963,-4.852303504943848,-4.764041900634766,-4.6194539070129395,-4.5473198890686035,-4.601168632507324,-4.796578407287598,-4.9924211502075195,-5.124064922332764,-5.23122501373291,-5.379636287689209,-5.583427906036377,-5.829860687255859,-6.07128381729126,-6.2091779708862305,-6.255621910095215,-6.216772079467773,-6.211058616638184,-6.326977252960205,-6.514488697052002,-6.637343883514404
-4.692845821380615,-4.429932117462158,-4.049905776977539,-3.8223342895507812,-3.678035020828247,-3.5481672286987305,-3.4203145503997803,-3.330167293548584,-3.375326156616211,-3.4740447998046875,-3.6675021648406982,-3.8473222255706787,-3.955097198486328,-3.991234064102173,-3.9258017539978027,-3.8170695304870605,-3.800441026687622,-3.9866886138916016,-4.207756519317627,-4.347971439361572,-4.3347554206848145,-4.3132476806640625,-4.347224235534668,-4.419690132141113,-4.448598861694336,-4.401998043060303,-4.3677239418029785,-4.387825965881348,-4.488860130310059,-4.6853928565979,-4.8921074867248535,-5.034785747528076,-5.162380218505859,-5.3605427742004395,-5.615729331970215,-5.883792877197266,-6.147972583770752,-6.335959434509277,-6.39564847946167,-6.384230613708496,-6.401763439178467,-6.5349040031433105,-6.758394718170166,-6.958488941192627
-3.9786572456359863,-3.7919349670410156,-3.5623996257781982,-3.35249924659729,-3.25105357170105,-3.109649658203125,-3.0370495319366455,-2.9615156650543213,-2.9536170959472656,-3.051767587661743,-3.243096351623535,-3.4425735473632812,-3.5200328826904297,-3.524897336959839,-3.4525721073150635,-3.504692316055298,-3.6550533771514893,-3.862428665161133,-3.979149341583252,-3.9417810440063477,-3.840441942214966,-3.789266347885132,-3.8190324306488037,-3.93034029006958,-4.0249481201171875,-4.050675392150879,-4.081364631652832,-4.158360481262207,-4.270156383514404,-4.381415843963623,-4.498665809631348,-4.621021747589111,-4.791050434112549,-5.001437664031982,-5.225380897521973,-5.413084030151367,-5.5729193687438965,-5.689035415649414,-5.7569804191589355,-5.763613700866699,-5.77050256729126,-5.844114780426025,-6.018160820007324,-6.243415355682373
-3.1814754009246826,-2.884145736694336,-2.816279649734497,-2.825507164001465,-2.9035866260528564,-2.9139842987060547,-2.8256421089172363,-2.7357616424560547,-2.6722285747528076,-2.7558648586273193,-2.8933932781219482,-2.9555397033691406,-3.0762200355529785,-3.0181987285614014,-3.0227057933807373,-3.230454206466675,-3.5244994163513184,-3.6889865398406982,-3.659806728363037,-3.490659713745117,-3.315502882003784,-3.2439870834350586,-3.325376272201538,-3.4899396896362305,-3.659726858139038,-3.798333168029785,-3.9152820110321045,-4.008099555969238,-4.094868183135986,-4.142775058746338,-4.150120258331299,-4.166629791259766,-4.269995212554932,-4.454708099365234,-4.630316257476807,-4.752220153808594,-4.8333563804626465,-4.894819259643555,-4.910715103149414,-4.882599353790283,-4.847048282623291,-4.869485378265381,-4.98062801361084,-5.176433086395264
-2.5561649799346924,-2.1824159622192383,-2.098703384399414,-2.208031415939331,-2.367497444152832,-2.542677879333496,-2.552044630050659,-2.440675735473633,-2.3780806064605713,-2.3848538398742676,-2.431293249130249,-2.5213537216186523,-2.649543523788452,-2.728724956512451,-2.852853536605835,-3.165034055709839,-3.436077117919922,-3.4727561473846436,-3.3561809062957764,-3.1302924156188965,-2.8958933353424072,-2.8263204097747803,-2.926823616027832,-3.128063201904297,-3.324328660964966,-3.5172836780548096,-3.6877951622009277,-3.8121466636657715,-3.888817310333252,-3.889497756958008,-3.8318276405334473,-3.7727577686309814,-3.7709386348724365,-3.848956346511841,-3.9827003479003906,-4.15555477142334,-4.337646961212158,-4.476784706115723,-4.51002311706543,-4.462660789489746,-4.418230056762695,-4.439384460449219,-4.53731632232666,-4.688187122344971
-1.9453052282333374,-1.5887398719787598,-1.5587563514709473,-1.5996519327163696,-1.7156423330307007,-1.8652619123458862,-2.0188043117523193,-1.97219717502594,-1.9144279956817627,-1.9093610048294067,-1.9019486904144287,-1.965232253074646,-2.0974113941192627,-2.2962088584899902,-2.544705390930176,-2.8600666522979736,-3.059370994567871,-3.038882255554199,-2.909362554550171,-2.6854939460754395,-2.5130553245544434,-2.508103132247925,-2.613027811050415,-2.770595073699951,-2.903564929962158,-3.029604434967041,-3.1775522232055664,-3.3524627685546875,-3.503829002380371,-3.549099922180176,-3.4903578758239746,-3.3766472339630127,-3.2887513637542725,-3.30914306640625,-3.4809060096740723,-3.787168502807617,-4.136291980743408,-4.393987655639648,-4.486112594604492,-4.45054292678833,-4.400577545166016,-4.424173831939697,-4.520135879516602,-4.616461753845215
-1.046921730041504,-0.8770803809165955,-0.887138843536377,-0.9393635392189026,-1.0449589490890503,-1.1680763959884644,-1.2806220054626465,-1.3290183544158936,-1.2938235998153687,-1.3095952272415161,-1.3389679193496704,-1.404537320137024,-1.566022276878357,-1.7881513833999634,-2.003756523132324,-2.22169828414917,-2.344012975692749,-2.302406072616577,-2.2191321849823,-2.103787899017334,-2.091125965118408,-2.18339204788208,-2.305510997772217,-2.3980796337127686,-2.442525625228882,-2.489100933074951,-2.5919060707092285,-2.7534329891204834,-2.9066145420074463,-2.966400384902954,-2.940981388092041,-2.8880200386047363,-2.8794829845428467,-2.9814510345458984,-3.2487847805023193,-3.6439595222473145,-4.03152322769165,-4.2815046310424805,-4.373908042907715,-4.358779430389404,-4.322572231292725,-4.342681407928467,-4.411349773406982,-4.452110767364502
