data/wind_data/wind_42_4.json
{"header": {"parameterUnit": "KT", "parameterCategory": 2, "nx": 256, "ny": 198, "lo1": 44.73521041870117, "la1": -3.236724853515625, "lo2": 111.26478576660156, "la2": 43.468475341796875, "dx": 0.2609002888202667, "dy": -0.23708222806453705, "refTime": "2025-02-20 18:00:00", "forecastTime": 0, "parameterNumber": 2, "parameterNumberName": "eastward_wind"}, "data":
[rows 114 to 132 of 198, columns 132 to 175 of 256]
11.32933521270752,10.041135787963867,8.964176177978516,13.043346405029297,17.67140007019043,19.326448440551758,19.632535934448242,20.832990646362305,23.38841438293457,25.566577911376953,26.998559951782227,27.238088607788086,26.234052658081055,24.533523559570312,21.924575805664062,19.242359161376953,17.68262481689453,17.50182342529297,18.02561378479004,18.563899993896484,18.429147720336914,18.183025360107422,18.553789138793945,19.452281951904297,20.449214935302734,21.058635711669922,21.036497116088867,20.648889541625977,20.445104598999023,20.730388641357422,21.432117462158203,22.10251235961914,22.620258331298828,23.21396827697754,24.006994247436523,24.989906311035156,25.991294860839844,26.751951217651367,27.166908264160156,27.550029754638672,28.013565063476562,28.6080265045166,29.233665466308594,29.748044967651367
10.763585090637207,10.607015609741211,9.347485542297363,12.065926551818848,17.281997680664062,20.14768409729004,21.047046661376953,22.467323303222656,24.78293800354004,26.580392837524414,27.752429962158203,28.120615005493164,27.383052825927734,25.378877639770508,21.935375213623047,18.87578773498535,17.64631462097168,18.24913787841797,19.214271545410156,19.370647430419922,18.702938079833984,18.21900749206543,18.2988338470459,18.770519256591797,19.529586791992188,20.24567413330078,20.550928115844727,20.567668914794922,20.65099334716797,20.976266860961914,21.573652267456055,22.187103271484375,22.691255569458008,23.2950382232666,24.14988899230957,25.299278259277344,26.633352279663086,27.633413314819336,28.147518157958984,28.44733238220215,28.668569564819336,28.85687828063965,29.086387634277344,29.223674774169922
11.432482719421387,11.180562019348145,9.721725463867188,12.911953926086426,18.779638290405273,21.979164123535156,23.0177001953125,24.258607864379883,25.74278450012207,26.92673683166504,27.806591033935547,28.322158813476562,28.049694061279297,25.88287353515625,22.001981735229492,18.90516471862793,17.97176170349121,18.519882202148438,18.958179473876953,18.945232391357422,18.946001052856445,19.064279556274414,19.07372283935547,19.116636276245117,19.404380798339844,19.760906219482422,20.021690368652344,20.284305572509766,20.586902618408203,20.992015838623047,21.52789306640625,22.107507705688477,22.76045799255371,23.552583694458008,24.587120056152344,25.95269775390625,27.3145694732666,28.203325271606445,28.672914505004883,29.02691650390625,29.2639217376709,29.3062686920166,29.493160247802734,29.831989288330078
10.489808082580566,12.929442405700684,12.416777610778809,14.676562309265137,18.258825302124023,21.37169075012207,24.858850479125977,27.198453903198242,27.26624298095703,26.83600616455078,27.516326904296875,28.410566329956055,27.937715530395508,25.406763076782227,22.07550621032715,19.70172691345215,18.651376724243164,18.451473236083984,18.560321807861328,18.967790603637695,19.50347328186035,19.6807861328125,19.3458309173584,19.069202423095703,19.17186164855957,19.256277084350586,19.325603485107422,19.725069046020508,20.501174926757812,21.19590187072754,21.682838439941406,22.307966232299805,23.117385864257812,23.86330795288086,24.99399757385254,26.703657150268555,27.980754852294922,28.482805252075195,28.815622329711914,29.311826705932617,29.761098861694336,30.037778854370117,30.21232032775879,30.61927604675293
10.85085678100586,14.115272521972656,14.190629959106445,16.415977478027344,19.996416091918945,22.936613082885742,25.675315856933594,26.713714599609375,26.391143798828125,26.39470100402832,27.5142879486084,28.175323486328125,26.992393493652344,24.571073532104492,22.298616409301758,20.344043731689453,19.048873901367188,18.69330406188965,18.94707679748535,19.5700740814209,19.982120513916016,19.545085906982422,18.63921356201172,18.19251251220703,18.314922332763672,18.510356903076172,18.635005950927734,19.17576026916504,20.453821182250977,21.897472381591797,22.834115982055664,23.468299865722656,23.999895095825195,24.52227020263672,26.088693618774414,27.87285804748535,28.136878967285156,27.775970458984375,28.312185287475586,29.759450912475586,31.306306838989258,31.74306297302246,31.04313850402832,30.745983123779297
12.759468078613281,15.400355339050293,17.831953048706055,19.17936134338379,21.38345718383789,24.224987030029297,24.671714782714844,24.330514907836914,25.346059799194336,26.669275283813477,27.36585807800293,27.347347259521484,26.25351905822754,24.63718605041504,22.917165756225586,20.919939041137695,19.671249389648438,19.47835350036621,19.803302764892578,20.108278274536133,19.799373626708984,18.693927764892578,17.539525985717773,17.207101821899414,17.578847885131836,18.20499038696289,18.98781967163086,19.997282028198242,21.321924209594727,23.008495330810547,24.535432815551758,25.25090217590332,25.631912231445312,26.661678314208984,28.367979049682617,29.202980041503906,28.64990997314453,28.58836555480957,30.186878204345703,32.40549850463867,34.12259292602539,34.51895523071289,33.70237350463867,33.39740753173828
14.897261619567871,16.26028823852539,17.78074073791504,21.36760711669922,19.826446533203125,18.9500732421875,24.26197052001953,27.90658187866211,27.922237396240234,26.997812271118164,26.827693939208984,27.335025787353516,26.471956253051758,24.92416000366211,23.445951461791992,21.741920471191406,20.563114166259766,20.225858688354492,20.238418579101562,19.9300537109375,19.26222801208496,18.45584487915039,17.64389991760254,17.34336280822754,17.918054580688477,18.986024856567383,20.34024429321289,21.784643173217773,23.228303909301758,24.432905197143555,25.927709579467773,26.945838928222656,27.595361709594727,29.515851974487305,30.899442672729492,31.28763198852539,31.356304168701172,32.30779266357422,34.331504821777344,36.017635345458984,36.71708679199219,36.799903869628906,37.25811004638672,37.9088020324707
15.758356094360352,18.192134857177734,19.15910530090332,23.161571502685547,24.70513916015625,18.02498435974121,17.58562660217285,22.43694305419922,26.4277286529541,26.903396606445312,27.724443435668945,28.089134216308594,26.191036224365234,24.99945068359375,24.081090927124023,22.221277236938477,20.67100715637207,20.00909423828125,19.516021728515625,18.972156524658203,18.862356185913086,18.926109313964844,18.706022262573242,18.567096710205078,19.160804748535156,20.439672470092773,22.00662612915039,23.822546005249023,25.829782485961914,26.417255401611328,27.253469467163086,29.054494857788086,30.3571720123291,33.179588317871094,33.31737518310547,32.93752670288086,33.685523986816406,34.990882873535156,34.02040481567383,32.9693717956543,34.14899444580078,35.30308151245117,35.91876220703125,36.24673843383789
17.94542694091797,20.107770919799805,23.20929718017578,27.14324951171875,29.248638153076172,28.22221565246582,16.173439025878906,12.329971313476562,20.518999099731445,26.899892807006836,29.615934371948242,27.514127731323242,24.99552345275879,25.44670867919922,25.12398910522461,22.818729400634766,20.33572006225586,18.92962074279785,18.25311851501465,17.7814884185791,18.18657875061035,18.97669219970703,19.55277442932129,20.01373291015625,20.6325626373291,21.787752151489258,23.44258689880371,26.6890811920166,30.569751739501953,32.03520584106445,30.22308349609375,31.518115997314453,32.43878936767578,34.915977478027344,34.48079299926758,32.32221603393555,32.36331558227539,32.00120162963867,27.072763442993164,24.34337615966797,27.26364517211914,27.81509780883789,28.12881088256836,28.426300048828125
19.68065071105957,22.38359260559082,24.219755172729492,25.88579750061035,31.73004150390625,33.58707046508789,13.375808715820312,8.812334060668945,19.152198791503906,28.290517807006836,29.356895446777344,25.588260650634766,25.53964614868164,27.27611541748047,26.254329681396484,23.086061477661133,19.932117462158203,18.439815521240234,17.632814407348633,16.71867561340332,17.020633697509766,18.18061065673828,19.276308059692383,20.435476303100586,21.539833068847656,23.155488967895508,25.64786148071289,29.855579376220703,33.487789154052734,38.57096862792969,31.176271438598633,29.014507293701172,29.436798095703125,31.05673599243164,33.5982551574707,23.30236053466797,21.653167724609375,22.182344436645508,18.756072998046875,17.108577728271484,20.19503402709961,20.853879928588867,23.065170288085938,24.716772079467773
20.53629493713379,22.626440048217773,23.44127655029297,23.981342315673828,31.505510330200195,26.629037857055664,15.227993965148926,17.74309539794922,25.636123657226562,29.60267448425293,26.869354248046875,26.201934814453125,28.102706909179688,27.59593391418457,25.29609489440918,22.477243423461914,19.504188537597656,18.06598472595215,17.220508575439453,16.404563903808594,16.956499099731445,18.72968864440918,20.888391494750977,23.3212890625,26.320531845092773,28.28242301940918,29.562122344970703,31.596532821655273,33.30356979370117,34.13175964355469,29.56833267211914,20.36124610900879,23.837615966796875,27.58072280883789,27.482364654541016,22.376724243164062,19.181943893432617,19.95983123779297,18.96800422668457,14.818252563476562,17.301881790161133,20.822776794433594,21.77567481994629,24.465381622314453
20.514982223510742,21.24432945251465,22.310659408569336,22.47037696838379,23.4725341796875,23.26235008239746,24.852062225341797,27.94997787475586,30.887096405029297,28.73061180114746,27.199710845947266,29.694427490234375,30.2381591796875,27.343421936035156,24.451433181762695,21.404356002807617,19.281700134277344,18.856966018676758,18.76776885986328,19.769750595092773,21.77332305908203,23.97884750366211,26.083011627197266,27.838552474975586,30.645761489868164,32.867584228515625,31.448617935180664,30.270816802978516,30.604463577270508,29.42613410949707,28.210519790649414,26.209959030151367,26.580703735351562,27.87594223022461,25.928409576416016,23.523040771484375,20.75031089782715,18.40149688720703,12.866387367248535,10.127235412597656,12.16104793548584,15.242385864257812,19.284793853759766,22.638656616210938
21.077720642089844,22.275068283081055,23.299585342407227,24.664161682128906,24.65842628479004,23.62427520751953,26.953813552856445,31.1152286529541,31.672693252563477,30.001317977905273,31.767452239990234,33.59870910644531,30.874828338623047,25.85674285888672,24.546064376831055,21.794422149658203,20.02355194091797,22.513025283813477,25.44947624206543,27.394332885742188,28.7176513671875,29.186321258544922,29.43581199645996,29.866867065429688,31.001672744750977,31.983570098876953,30.496253967285156,28.17496109008789,27.10816192626953,26.306026458740234,26.31907844543457,27.819664001464844,27.274625778198242,25.549243927001953,23.678878784179688,22.45104217529297,20.16181182861328,17.48185157775879,14.821839332580566,13.137073516845703,14.80694580078125,18.05879020690918,21.421146392822266,20.626375198364258
21.949073791503906,23.198640823364258,26.143354415893555,28.73308563232422,31.556001663208008,32.88188171386719,33.904212951660156,32.647212982177734,29.30805778503418,30.339353561401367,34.81272888183594,38.45395278930664,33.867332458496094,26.676803588867188,25.19671058654785,28.270431518554688,27.88965606689453,26.755741119384766,28.62089729309082,30.4332332611084,30.898862838745117,28.95336151123047,28.370010375976562,29.021602630615234,29.295011520385742,30.389265060424805,31.263654708862305,29.3267822265625,27.548046112060547,26.502511978149414,26.064176559448242,27.452280044555664,26.11810874938965,22.4303035736084,20.090221405029297,21.025127410888672,20.49705696105957,18.088167190551758,17.591243743896484,18.92469596862793,20.11607551574707,21.880905151367188,21.79096794128418,18.656888961791992
22.030954360961914,24.879653930664062,28.609699249267578,30.076480865478516,34.30760192871094,38.19270706176758,26.217082977294922,16.7199764251709,23.57472038269043,32.20187759399414,38.071197509765625,36.43596649169922,28.43772315979004,24.837017059326172,25.637754440307617,27.861377716064453,31.38959312438965,29.794940948486328,27.214576721191406,28.964200973510742,30.48432731628418,28.92146873474121,28.206417083740234,28.006284713745117,28.349315643310547,30.839244842529297,32.20315933227539,30.403095245361328,28.655780792236328,26.758813858032227,25.444488525390625,26.007410049438477,24.24390411376953,22.29918670654297,20.805776596069336,20.061084747314453,21.15312385559082,22.920154571533203,23.03867530822754,22.7143611907959,23.246904373168945,23.956565856933594,23.0432071685791,18.19511604309082
23.896364212036133,25.848621368408203,26.506738662719727,25.4652099609375,33.4616813659668,34.18595504760742,17.61675453186035,18.30795669555664,29.517101287841797,32.659061431884766,29.17188262939453,22.52039909362793,20.050527572631836,24.288528442382812,27.83831787109375,28.285911560058594,29.868520736694336,31.979328155517578,27.635019302368164,27.112146377563477,28.64471435546875,29.001232147216797,29.829008102416992,30.60914421081543,31.18996238708496,32.275726318359375,32.503753662109375,32.9339714050293,31.21145248413086,27.954601287841797,28.030410766601562,26.833799362182617,23.708513259887695,21.954856872558594,20.21939468383789,19.830026626586914,20.621477127075195,21.50322723388672,20.842836380004883,20.0665225982666,21.19200897216797,22.813894271850586,22.66725730895996,21.60525894165039
25.481578826904297,26.234577178955078,25.40007209777832,21.16435432434082,31.955059051513672,30.178077697753906,26.604774475097656,35.117244720458984,39.03862380981445,32.81117248535156,21.715206146240234,15.43241024017334,19.281904220581055,26.658512115478516,28.94966697692871,28.06083869934082,29.626251220703125,31.730876922607422,28.270912170410156,27.934011459350586,29.22240447998047,30.492076873779297,31.21364974975586,31.777956008911133,32.03538131713867,31.71706199645996,31.829116821289062,33.906883239746094,32.98122787475586,28.57991600036621,28.68617820739746,25.66547203063965,21.180925369262695,21.198347091674805,21.785907745361328,20.66274642944336,19.250076293945312,19.711217880249023,20.834604263305664,22.065690994262695,23.293781280517578,23.409732818603516,24.704679489135742,25.2391357421875
25.38483428955078,25.9167537689209,21.64418601989746,24.52823829650879,26.040355682373047,31.034210205078125,35.573204040527344,36.77180480957031,36.7302131652832,28.16748809814453,17.71476936340332,15.449893951416016,21.958873748779297,28.255550384521484,29.953937530517578,30.495092391967773,30.74760627746582,30.32745361328125,30.469200134277344,31.63319969177246,33.07402420043945,33.43833923339844,33.11842346191406,33.16727828979492,33.10810852050781,31.713346481323242,31.033559799194336,33.15542221069336,34.1441535949707,30.71377182006836,27.448999404907227,23.727630615234375,19.12520980834961,20.171873092651367,21.569683074951172,19.805034637451172,18.23866844177246,18.477235794067383,19.423917770385742,21.24331283569336,24.033388137817383,24.546749114990234,25.323471069335938,24.8251953125
28.464296340942383,22.727249145507812,19.52670669555664,22.576589584350586,25.5849552154541,28.667795181274414,25.615703582763672,32.403385162353516,33.02981185913086,27.419816970825195,20.667261123657227,20.565587997436523,25.48682975769043,29.50633430480957,31.054597854614258,29.87945556640625,28.944435119628906,29.146310806274414,30.319137573242188,32.10397720336914,34.02953338623047,34.35485076904297,33.82760238647461,33.43199920654297,32.32271194458008,31.603376388549805,32.04610824584961,32.68702697753906,30.933094024658203,27.861156463623047,26.230632781982422,24.47452735900879,19.350561141967773,16.10076332092285,17.937753677368164,17.7091064453125,18.127737045288086,17.415008544921875,17.574037551879883,22.393293380737305,27.94297981262207,26.931713104248047,19.511159896850586,17.96396255493164
