data/wind_data/wind_37_5.json
{"header": {"parameterUnit": "KT", "parameterCategory": 2, "nx": 256, "ny": 198, "lo1": 44.73521041870117, "la1": -3.236724853515625, "lo2": 111.26478576660156, "la2": 43.468475341796875, "dx": 0.2609002888202667, "dy": -0.23708222806453705, "refTime": "2025-02-20 13:00:00", "forecastTime": 0, "parameterNumber": 2, "parameterNumberName": "eastward_wind"}, "data":
[rows 38 to 56 of 198, columns 44 to 87 of 256]
-26.426918029785156,-26.157712936401367,-25.856243133544922,-25.58096694946289,-25.508813858032227,-25.57391929626465,-25.512893676757812,-25.19741439819336,-24.926095962524414,-24.90923309326172,-25.0131893157959,-25.249149322509766,-25.339466094970703,-25.10923957824707,-24.70923614501953,-24.55723762512207,-24.516355514526367,-24.360675811767578,-24.211563110351562,-24.341821670532227,-24.520503997802734,-24.380678176879883,-23.954490661621094,-23.499919891357422,-23.153629302978516,-22.920194625854492,-22.80194854736328,-22.69456672668457,-22.606998443603516,-22.602445602416992,-22.617572784423828,-22.650209426879883,-22.72227668762207,-22.62935447692871,-22.92955207824707,-22.89604377746582,-22.265003204345703,-21.650081634521484,-21.35181999206543,-21.27607536315918,-21.193729400634766,-20.92848014831543,-20.411306381225586,-20.089336395263672
-25.595897674560547,-25.566308975219727,-25.512027740478516,-25.38329315185547,-25.230060577392578,-25.15530014038086,-25.05979347229004,-24.7396297454834,-24.32426643371582,-24.169984817504883,-24.337596893310547,-24.673194885253906,-24.94348907470703,-24.9470272064209,-24.64616584777832,-24.393268585205078,-24.36802864074707,-24.426589965820312,-24.31451988220215,-24.08582305908203,-23.916847229003906,-23.76117706298828,-23.41577911376953,-23.035388946533203,-22.946325302124023,-23.01618194580078,-23.002458572387695,-22.799833297729492,-22.696378707885742,-22.8001766204834,-22.867233276367188,-22.75142478942871,-22.645549774169922,-22.73212432861328,-22.812286376953125,-22.781991958618164,-22.317964553833008,-21.633968353271484,-21.249723434448242,-21.128992080688477,-21.117460250854492,-20.960412979125977,-20.444557189941406,-20.074277877807617
-24.946640014648438,-24.90468978881836,-24.87701416015625,-24.820783615112305,-24.656267166137695,-24.570186614990234,-24.56324005126953,-24.449291229248047,-24.091915130615234,-23.784683227539062,-23.813024520874023,-24.06321907043457,-24.321094512939453,-24.4201602935791,-24.353166580200195,-24.23918342590332,-24.202022552490234,-24.214387893676758,-24.10136604309082,-23.751163482666016,-23.38351821899414,-23.103466033935547,-22.88370704650879,-22.565128326416016,-22.36275291442871,-22.51047134399414,-22.959854125976562,-23.177085876464844,-22.970386505126953,-22.805822372436523,-22.85249137878418,-22.87688636779785,-22.76813507080078,-22.574155807495117,-22.406831741333008,-22.32912254333496,-22.16958236694336,-21.791786193847656,-21.300203323364258,-21.080556869506836,-21.06397819519043,-20.88788414001465,-20.432540893554688,-20.131988525390625
-24.34365463256836,-24.125268936157227,-24.022008895874023,-24.019729614257812,-24.014575958251953,-24.03884506225586,-24.096179962158203,-24.05374526977539,-23.817794799804688,-23.553800582885742,-23.49656105041504,-23.7318172454834,-24.018434524536133,-24.111907958984375,-24.03804588317871,-23.96095085144043,-23.97295379638672,-23.929672241210938,-23.788341522216797,-23.331247329711914,-22.89487648010254,-22.593027114868164,-22.420324325561523,-22.19883918762207,-21.968158721923828,-22.006105422973633,-22.480077743530273,-23.033767700195312,-23.134212493896484,-22.810503005981445,-22.551963806152344,-22.46096420288086,-22.454492568969727,-22.425031661987305,-22.26155662536621,-21.89784049987793,-21.62356948852539,-21.550939559936523,-21.304574966430664,-20.933856964111328,-20.6162166595459,-20.38692855834961,-20.258892059326172,-20.16164779663086
-23.4843807220459,-23.14534568786621,-23.074848175048828,-23.138830184936523,-23.29256820678711,-23.449499130249023,-23.517065048217773,-23.562877655029297,-23.34862518310547,-23.066375732421875,-22.938552856445312,-23.14628028869629,-23.575485229492188,-23.917314529418945,-23.94155502319336,-23.71540641784668,-23.489566802978516,-23.42243766784668,-23.277523040771484,-22.93902015686035,-22.559789657592773,-22.19539451599121,-21.948888778686523,-21.753103256225586,-21.6075496673584,-21.542903900146484,-21.762615203857422,-22.162582397460938,-22.655975341796875,-22.716894149780273,-22.22502899169922,-21.799901962280273,-21.687753677368164,-21.74161148071289,-21.805774688720703,-21.6698055267334,-21.24152183532715,-20.806425094604492,-20.50167465209961,-20.305936813354492,-20.15653419494629,-19.901994705200195,-19.585702896118164,-19.509544372558594
-22.743640899658203,-22.30560302734375,-21.953765869140625,-22.046106338500977,-22.3128662109375,-22.693742752075195,-22.792543411254883,-22.888883590698242,-22.861967086791992,-22.64177894592285,-22.462764739990234,-22.494544982910156,-22.874603271484375,-23.267959594726562,-23.431543350219727,-23.303884506225586,-23.029592514038086,-22.80902099609375,-22.59658432006836,-22.356800079345703,-22.09645652770996,-21.700651168823242,-21.383237838745117,-21.189891815185547,-21.295177459716797,-21.406858444213867,-21.413387298583984,-21.3615779876709,-21.457660675048828,-21.61431312561035,-21.548425674438477,-21.319355010986328,-21.136512756347656,-21.03798484802246,-21.014785766601562,-20.942052841186523,-20.65546417236328,-20.20030975341797,-19.7362060546875,-19.395233154296875,-19.198871612548828,-19.162578582763672,-19.229106903076172,-19.28554344177246
-21.958646774291992,-21.67063331604004,-21.075355529785156,-20.738719940185547,-20.90999984741211,-21.527780532836914,-22.014734268188477,-22.1779842376709,-22.16883087158203,-22.217281341552734,-22.20820426940918,-22.1423282623291,-22.177764892578125,-22.352087020874023,-22.512495040893555,-22.540403366088867,-22.416213989257812,-22.246089935302734,-22.049983978271484,-21.730770111083984,-21.324668884277344,-20.913511276245117,-20.574819564819336,-20.44961929321289,-20.6374454498291,-20.88263702392578,-20.941553115844727,-20.648134231567383,-20.25046157836914,-20.077547073364258,-20.165586471557617,-20.42154884338379,-20.58853530883789,-20.47922134399414,-20.18030548095703,-19.936038970947266,-19.738948822021484,-19.54221534729004,-19.27828025817871,-18.899761199951172,-18.50196647644043,-18.45809555053711,-18.796707153320312,-19.058013916015625
-20.75822639465332,-20.73369026184082,-20.40403938293457,-19.931659698486328,-19.76663589477539,-20.083938598632812,-20.756059646606445,-21.2880859375,-21.426870346069336,-21.437692642211914,-21.59836196899414,-21.67677879333496,-21.643285751342773,-21.465707778930664,-21.38045883178711,-21.449987411499023,-21.499862670898438,-21.441028594970703,-21.206336975097656,-20.85076904296875,-20.49155616760254,-20.115442276000977,-19.768800735473633,-19.559099197387695,-19.553466796875,-19.730501174926758,-19.92122459411621,-19.881227493286133,-19.56298828125,-19.14720344543457,-18.98998260498047,-19.2039852142334,-19.478239059448242,-19.477067947387695,-19.20277976989746,-18.907264709472656,-18.774715423583984,-18.791706085205078,-18.762407302856445,-18.467060089111328,-17.980026245117188,-17.719913482666016,-18.044836044311523,-18.653297424316406
-19.6190128326416,-19.680965423583984,-19.66608238220215,-19.474430084228516,-19.221622467041016,-19.23958396911621,-19.58600616455078,-20.08556365966797,-20.450302124023438,-20.508251190185547,-20.606529235839844,-20.726577758789062,-20.761903762817383,-20.805137634277344,-20.574939727783203,-20.407575607299805,-20.325315475463867,-20.303319931030273,-20.123998641967773,-19.769676208496094,-19.403976440429688,-19.087772369384766,-18.801959991455078,-18.5689697265625,-18.464258193969727,-18.521072387695312,-18.69084358215332,-18.90678596496582,-18.882658004760742,-18.44645118713379,-17.93294334411621,-17.893882751464844,-18.1973876953125,-18.310829162597656,-18.133668899536133,-17.980388641357422,-17.96651268005371,-17.92391014099121,-17.855756759643555,-17.706907272338867,-17.520837783813477,-17.395360946655273,-17.525978088378906,-17.88231086730957
-18.87441062927246,-19.009475708007812,-19.007953643798828,-18.875778198242188,-18.602432250976562,-18.58039665222168,-18.772090911865234,-19.019330978393555,-19.25944709777832,-19.479265213012695,-19.567148208618164,-19.554595947265625,-19.57321548461914,-19.687389373779297,-19.7164249420166,-19.626123428344727,-19.42174530029297,-19.227706909179688,-19.000715255737305,-18.67767906188965,-18.297975540161133,-17.943683624267578,-17.635303497314453,-17.438316345214844,-17.326969146728516,-17.319814682006836,-17.369565963745117,-17.597393035888672,-17.90829849243164,-17.903682708740234,-17.42707061767578,-16.91925048828125,-16.852392196655273,-17.10517692565918,-17.239418029785156,-17.233060836791992,-17.20665168762207,-17.12510108947754,-16.987611770629883,-16.87342071533203,-16.7462158203125,-16.64551544189453,-16.73659896850586,-17.000131607055664
-18.233335494995117,-18.472335815429688,-18.401338577270508,-18.140426635742188,-17.97994041442871,-17.940948486328125,-18.0593318939209,-18.171247482299805,-18.34701156616211,-18.360525131225586,-18.357120513916016,-18.291200637817383,-18.342636108398438,-18.412561416625977,-18.525543212890625,-18.580188751220703,-18.468229293823242,-18.281978607177734,-18.108049392700195,-17.829410552978516,-17.33575439453125,-16.847938537597656,-16.380826950073242,-16.151782989501953,-16.0778751373291,-16.097383499145508,-16.078157424926758,-16.106895446777344,-16.339670181274414,-16.726110458374023,-16.83406639099121,-16.395978927612305,-15.823707580566406,-15.72531795501709,-16.05450439453125,-16.335603713989258,-16.313182830810547,-16.123348236083984,-16.00884437561035,-15.95560073852539,-15.84187126159668,-15.697675704956055,-15.615495681762695,-15.795428276062012
-17.82132911682129,-17.863048553466797,-17.771657943725586,-17.705785751342773,-17.62641143798828,-17.598697662353516,-17.569368362426758,-17.55767822265625,-17.56885528564453,-17.515825271606445,-17.423336029052734,-17.36592674255371,-17.345720291137695,-17.311691284179688,-17.302059173583984,-17.2695255279541,-17.249412536621094,-17.161849975585938,-17.004011154174805,-16.79030990600586,-16.383798599243164,-15.942554473876953,-15.444939613342285,-15.101662635803223,-15.01870059967041,-15.059891700744629,-15.07668685913086,-14.961262702941895,-14.839864730834961,-15.000165939331055,-15.40191650390625,-15.481507301330566,-15.248558044433594,-15.167366027832031,-15.219195365905762,-15.345040321350098,-15.311491012573242,-15.133211135864258,-14.977731704711914,-14.897400856018066,-14.759306907653809,-14.643255233764648,-14.55591106414795,-14.635595321655273
-18.02593994140625,-17.805509567260742,-17.57551383972168,-17.50357437133789,-17.432832717895508,-17.39156723022461,-17.256351470947266,-17.142423629760742,-17.010940551757812,-16.85453224182129,-16.71676254272461,-16.693923950195312,-16.704511642456055,-16.68109703063965,-16.634063720703125,-16.411203384399414,-16.124345779418945,-15.93703556060791,-15.771963119506836,-15.596695899963379,-15.265018463134766,-15.10983943939209,-14.759099960327148,-14.40498161315918,-14.196022033691406,-14.151537895202637,-14.074952125549316,-14.042577743530273,-14.019407272338867,-13.91271686553955,-14.006199836730957,-14.278473854064941,-14.285744667053223,-14.417729377746582,-14.542513847351074,-14.399018287658691,-14.11019515991211,-13.84391975402832,-13.737692832946777,-13.64292049407959,-13.644997596740723,-13.771700859069824,-13.759981155395508,-13.584332466125488
-18.314620971679688,-18.168642044067383,-17.953182220458984,-17.67182731628418,-17.423349380493164,-17.240915298461914,-17.026769638061523,-16.762983322143555,-16.485065460205078,-16.208877563476562,-16.026063919067383,-16.04859161376953,-16.124067306518555,-16.108470916748047,-16.135000228881836,-16.0466251373291,-15.734549522399902,-15.414432525634766,-15.011621475219727,-14.61832046508789,-14.295228958129883,-14.0754976272583,-13.99783992767334,-13.829095840454102,-13.546015739440918,-13.316926002502441,-13.19246768951416,-13.096345901489258,-13.2432279586792,-13.322555541992188,-13.210371971130371,-12.992448806762695,-12.873129844665527,-13.186644554138184,-13.454551696777344,-13.36945915222168,-12.906509399414062,-12.472990989685059,-12.330846786499023,-12.43199634552002,-12.458282470703125,-12.401866912841797,-12.44235610961914,-12.604748725891113
-17.80768585205078,-17.919618606567383,-17.926286697387695,-17.772884368896484,-17.564313888549805,-17.319316864013672,-17.023456573486328,-16.515295028686523,-15.971002578735352,-15.743805885314941,-15.64560604095459,-15.538023948669434,-15.644099235534668,-15.571009635925293,-15.545755386352539,-15.516401290893555,-15.413071632385254,-15.03774642944336,-14.506034851074219,-14.107525825500488,-13.807870864868164,-13.393730163574219,-13.014880180358887,-12.718208312988281,-12.484302520751953,-12.368400573730469,-12.289043426513672,-12.355409622192383,-12.580083847045898,-12.647537231445312,-12.541820526123047,-12.365083694458008,-12.238982200622559,-12.158407211303711,-12.114910125732422,-12.10439395904541,-11.776510238647461,-11.259363174438477,-10.98954963684082,-11.075945854187012,-11.200441360473633,-11.215374946594238,-11.267007827758789,-11.444247245788574
-16.988637924194336,-17.1182861328125,-17.219364166259766,-17.28236198425293,-17.24057388305664,-17.095422744750977,-16.7552547454834,-16.31357765197754,-15.914969444274902,-15.547798156738281,-15.238606452941895,-15.079011917114258,-14.994129180908203,-14.842506408691406,-14.846625328063965,-14.81121826171875,-14.722977638244629,-14.471917152404785,-14.106325149536133,-13.651548385620117,-13.190053939819336,-12.874802589416504,-12.483782768249512,-11.967266082763672,-11.515380859375,-11.215401649475098,-11.037203788757324,-11.116851806640625,-11.397368431091309,-11.564458847045898,-11.719259262084961,-11.807010650634766,-11.761209487915039,-11.547025680541992,-11.118703842163086,-10.770622253417969,-10.616156578063965,-10.222652435302734,-9.900407791137695,-9.83771800994873,-9.987759590148926,-10.132744789123535,-10.163673400878906,-10.228970527648926
-16.094135284423828,-16.377553939819336,-16.479206085205078,-16.452165603637695,-16.429250717163086,-16.341453552246094,-16.141551971435547,-15.867792129516602,-15.515166282653809,-15.105947494506836,-14.762836456298828,-14.47457218170166,-14.146418571472168,-13.924147605895996,-13.8996000289917,-13.910037994384766,-13.938006401062012,-13.72255802154541,-13.443122863769531,-13.10615348815918,-12.749588012695312,-12.213676452636719,-11.826566696166992,-11.451305389404297,-10.880749702453613,-10.415156364440918,-10.083934783935547,-9.875139236450195,-9.97238540649414,-10.147802352905273,-10.408090591430664,-10.616312026977539,-10.730611801147461,-10.521857261657715,-10.060701370239258,-9.73293399810791,-9.485747337341309,-9.203455924987793,-8.909772872924805,-8.67654800415039,-8.703248977661133,-8.891176223754883,-9.017576217651367,-8.926077842712402
-15.204769134521484,-15.485570907592773,-15.65989875793457,-15.68581485748291,-15.626009941101074,-15.570838928222656,-15.405414581298828,-15.09995174407959,-14.697673797607422,-14.32402229309082,-14.005805969238281,-13.62332820892334,-13.207066535949707,-12.953855514526367,-12.87071704864502,-12.858233451843262,-12.871108055114746,-12.735221862792969,-12.576835632324219,-12.345416069030762,-11.973886489868164,-11.489439964294434,-11.105916023254395,-10.734064102172852,-10.162561416625977,-9.693058013916016,-9.305743217468262,-9.037184715270996,-9.01901912689209,-9.087105751037598,-9.135270118713379,-9.107499122619629,-9.101227760314941,-9.068227767944336,-8.810606002807617,-8.411468505859375,-8.150053977966309,-8.02208137512207,-7.789303302764893,-7.505427837371826,-7.421163082122803,-7.445591926574707,-7.565888404846191,-7.530078411102295
-14.473806381225586,-14.647564888000488,-14.738306999206543,-14.744485855102539,-14.726713180541992,-14.660411834716797,-14.48932933807373,-14.212813377380371,-13.8260498046875,-13.432019233703613,-13.068354606628418,-12.7373685836792,-12.420711517333984,-12.1226167678833,-11.942862510681152,-11.89420223236084,-11.8931245803833,-11.752117156982422,-11.550588607788086,-11.347468376159668,-11.043854713439941,-10.669328689575195,-10.299522399902344,-9.828356742858887,-9.346929550170898,-8.840572357177734,-8.395434379577637,-8.139182090759277,-8.098751068115234,-8.078557014465332,-7.95553731918335,-7.72385835647583,-7.585018157958984,-7.501112461090088,-7.331423282623291,-7.068428039550781,-6.905156135559082,-6.888155937194824,-6.753833293914795,-6.519970893859863,-6.32959508895874,-6.234116077423096,-6.169651508331299,-6.118966579437256
