data/wind_data/wind_42_6.json
{"header": {"parameterUnit": "KT", "parameterCategory": 2, "nx": 256, "ny": 198, "lo1": 44.73521041870117, "la1": -3.236724853515625, "lo2": 111.26478576660156, "la2": 43.468475341796875, "dx": 0.2609002888202667, "dy": -0.23708222806453705, "refTime": "2025-02-20 18:00:00", "forecastTime": 0, "parameterNumber": 2, "parameterNumberName": "eastward_wind"}, "data":
[rows 60 to 79 of 198, columns 135 to 179 of 256]
4.418363094329834,4.142215251922607,3.7083120346069336,3.0208284854888916,2.3153793811798096,1.7998299598693848,1.3598504066467285,0.8559604287147522,0.2975206673145294,-0.0981176570057869,-0.44702374935150146,-0.9462547898292542,-1.440584659576416,-1.5106217861175537,-1.2547051906585693,-0.7970675826072693,-0.31870001554489136,0.01699812337756157,0.08713115751743317,-0.019618695601820946,-0.28620991110801697,-0.8243297934532166,-1.5618067979812622,-2.353435516357422,-2.78841495513916,-2.6846261024475098,-2.505333185195923,-2.463566541671753,-2.504683494567871,-2.6098175048828125,-2.6609742641448975,-2.8117382526397705,-3.0005669593811035,-3.0231597423553467,-2.8940632343292236,-2.7810332775115967,-2.5740017890930176,-2.1964879035949707,-1.7808266878128052,-1.2743070125579834,-0.5486032366752625,0.11582175642251968,0.5708807706832886,0.6975626945495605,0.5359004139900208
6.357066631317139,6.141215801239014,5.933507919311523,5.501972198486328,4.821715354919434,4.204783916473389,3.7601912021636963,3.2558846473693848,2.5682263374328613,1.9202784299850464,1.4808528423309326,0.9711098074913025,0.3813692629337311,-0.06082603335380554,-0.13867567479610443,0.12455546110868454,0.612642765045166,1.1404813528060913,1.4647552967071533,1.594536304473877,1.5696384906768799,1.28719961643219,0.7255679368972778,0.031008483842015266,-0.5978203415870667,-0.8473954796791077,-0.7740012407302856,-0.7395513653755188,-0.6967002749443054,-0.747684121131897,-0.9745067358016968,-1.3825868368148804,-1.7167309522628784,-1.662096381187439,-1.1849677562713623,-0.6673167943954468,-0.2873525619506836,0.09852929413318634,0.5596571564674377,0.9149324893951416,1.2940932512283325,1.7878462076187134,2.144962787628174,2.397703170776367,2.3762972354888916
8.28296947479248,8.054059982299805,7.869123935699463,7.637334823608398,7.177238941192627,6.620395183563232,6.163241386413574,5.67236852645874,4.992815017700195,4.186591148376465,3.592559337615967,3.2115375995635986,2.8219683170318604,2.2678635120391846,1.7847332954406738,1.5691583156585693,1.809887170791626,2.196744203567505,2.512890338897705,2.714979410171509,2.8971781730651855,2.9791083335876465,2.7635438442230225,2.2793867588043213,1.6748743057250977,1.1612341403961182,0.9734457731246948,0.9488093852996826,1.0433018207550049,1.1360615491867065,1.0151194334030151,0.5336034893989563,-0.07745249569416046,-0.3563413619995117,-0.04760146886110306,0.6767041087150574,1.4465246200561523,2.046739339828491,2.6619930267333984,3.155758857727051,3.3622255325317383,3.5835142135620117,3.8165128231048584,4.019144535064697,4.07105827331543
10.083049774169922,9.932384490966797,9.72486400604248,9.577753067016602,9.320008277893066,8.869600296020508,8.420434951782227,8.032142639160156,7.555783271789551,6.907405376434326,6.118591785430908,5.545461654663086,5.244574069976807,4.865748882293701,4.360869884490967,3.823457956314087,3.694844961166382,3.723541259765625,3.7804903984069824,3.7795002460479736,3.877157688140869,4.069681644439697,4.178066253662109,4.061647415161133,3.6937174797058105,3.2169907093048096,2.8050525188446045,2.6215906143188477,2.6520466804504395,2.799530267715454,2.891695976257324,2.7108380794525146,2.2130258083343506,1.749237298965454,1.629452109336853,1.9263752698898315,2.5488154888153076,3.2456324100494385,4.049383163452148,4.901145935058594,5.441795825958252,5.576211929321289,5.532612323760986,5.620864391326904,5.678951740264893
11.906411170959473,11.904150009155273,11.668155670166016,11.42896556854248,11.24712085723877,10.928194999694824,10.511693000793457,10.157855987548828,9.868611335754395,9.607711791992188,9.048376083374023,8.332592964172363,7.6548051834106445,7.179722309112549,6.768004894256592,6.3496551513671875,6.088385105133057,5.775156021118164,5.518807888031006,5.400428771972656,5.323093414306641,5.266366004943848,5.308554649353027,5.4180073738098145,5.359623908996582,5.06071138381958,4.643247127532959,4.333123207092285,4.2106451988220215,4.272355556488037,4.450957298278809,4.581602573394775,4.444570541381836,4.136582851409912,3.878783702850342,3.816554069519043,4.028505325317383,4.47202205657959,5.121139049530029,6.033164024353027,6.911993026733398,7.316859722137451,7.260046005249023,7.199215412139893,7.231192588806152
13.95118522644043,14.035065650939941,13.86109447479248,13.48083782196045,13.14480209350586,12.887321472167969,12.551797866821289,12.144797325134277,11.84372329711914,11.768620491027832,11.557242393493652,11.121047019958496,10.34900188446045,9.516361236572266,8.983410835266113,8.752504348754883,8.492168426513672,8.04987907409668,7.627106189727783,7.45533561706543,7.367005825042725,7.176629543304443,6.993926048278809,6.991447925567627,7.047237873077393,6.9075517654418945,6.500578880310059,6.071018218994141,5.811410427093506,5.730583190917969,5.878394603729248,6.15800666809082,6.343598365783691,6.328389644622803,6.161434173583984,5.958105087280273,5.94121789932251,6.271879196166992,6.8151397705078125,7.475061416625977,8.176233291625977,8.725342750549316,8.912323951721191,8.894071578979492,8.883670806884766
16.09237289428711,16.127805709838867,16.027278900146484,15.7216215133667,15.277518272399902,14.91629695892334,14.633715629577637,14.27151870727539,13.887444496154785,13.678170204162598,13.575576782226562,13.396467208862305,12.920782089233398,12.178262710571289,11.452155113220215,11.013561248779297,10.739511489868164,10.44713306427002,10.093636512756348,9.77473258972168,9.57226276397705,9.399590492248535,9.16660213470459,8.990262985229492,8.97675609588623,8.9899320602417,8.770330429077148,8.284099578857422,7.8053460121154785,7.555842876434326,7.57586145401001,7.827633380889893,8.152054786682129,8.384614944458008,8.416871070861816,8.232437133789062,8.050878524780273,8.239592552185059,8.821284294128418,9.530213356018066,10.058451652526855,10.396811485290527,10.611127853393555,10.659990310668945,10.610723495483398
18.219223022460938,18.173728942871094,18.023778915405273,17.827489852905273,17.4774112701416,17.039928436279297,16.69866371154785,16.451068878173828,16.129453659057617,15.825876235961914,15.628800392150879,15.481083869934082,15.212706565856934,14.756815910339355,14.108246803283691,13.432401657104492,13.001108169555664,12.821693420410156,12.676336288452148,12.394824981689453,12.017701148986816,11.680639266967773,11.391040802001953,11.123625755310059,10.995502471923828,11.0575590133667,11.133824348449707,10.961514472961426,10.522477149963379,10.11975383758545,9.959712982177734,10.048016548156738,10.275945663452148,10.525193214416504,10.685818672180176,10.664888381958008,10.463919639587402,10.378474235534668,10.750070571899414,11.47010326385498,12.099562644958496,12.4468412399292,12.581417083740234,12.548748970031738,12.404023170471191
20.363256454467773,20.260780334472656,20.0750789642334,19.88770294189453,19.64262580871582,19.25809097290039,18.83736801147461,18.56877326965332,18.406232833862305,18.139272689819336,17.80183219909668,17.49188804626465,17.28354263305664,17.053298950195312,16.662153244018555,16.05940818786621,15.441377639770508,15.023873329162598,14.891650199890137,14.85968017578125,14.622659683227539,14.139473915100098,13.602090835571289,13.178732872009277,12.98034954071045,13.034268379211426,13.255624771118164,13.410775184631348,13.306612968444824,13.036870956420898,12.84884262084961,12.820472717285156,12.87064266204834,12.93836784362793,13.02142333984375,13.091140747070312,13.037714004516602,12.883661270141602,12.864520072937012,13.243816375732422,13.816695213317871,14.271735191345215,14.515290260314941,14.538495063781738,14.412616729736328
22.571102142333984,22.414831161499023,22.229110717773438,22.058351516723633,21.86220932006836,21.586292266845703,21.193218231201172,20.822542190551758,20.609289169311523,20.42029571533203,20.08504867553711,19.572587966918945,19.229047775268555,19.04869842529297,18.912771224975586,18.618471145629883,18.060914993286133,17.338726043701172,16.814210891723633,16.68280601501465,16.678762435913086,16.42283821105957,15.890664100646973,15.300103187561035,14.953502655029297,14.956860542297363,15.237092971801758,15.539081573486328,15.671357154846191,15.627496719360352,15.55268669128418,15.552016258239746,15.577865600585938,15.553971290588379,15.505668640136719,15.493070602416992,15.487770080566406,15.402351379394531,15.256032943725586,15.26501178741455,15.539711952209473,15.939324378967285,16.267621994018555,16.40987777709961,16.393718719482422
24.853710174560547,24.69509506225586,24.493045806884766,24.32986068725586,24.159788131713867,23.92948341369629,23.611860275268555,23.268009185791016,22.89908218383789,22.56414222717285,22.197263717651367,21.72171974182129,21.289400100708008,21.044187545776367,20.953706741333008,20.838533401489258,20.518383026123047,19.856781005859375,19.054868698120117,18.484567642211914,18.303831100463867,18.26519203186035,18.061994552612305,17.601512908935547,17.118534088134766,16.947694778442383,17.207775115966797,17.594375610351562,17.860130310058594,17.94105339050293,17.925683975219727,17.943632125854492,18.0100040435791,18.06468391418457,18.040536880493164,17.928720474243164,17.793704986572266,17.66975975036621,17.551904678344727,17.464229583740234,17.50905990600586,17.74139976501465,18.041654586791992,18.256624221801758,18.31890296936035
27.098106384277344,26.989864349365234,26.81740379333496,26.664108276367188,26.540128707885742,26.370729446411133,26.099515914916992,25.785120010375977,25.386390686035156,24.85417366027832,24.268356323242188,23.71739959716797,23.321687698364258,23.13526725769043,23.082439422607422,22.952899932861328,22.682138442993164,22.23038673400879,21.556459426879883,20.81191062927246,20.29885482788086,20.133663177490234,20.13177490234375,19.972318649291992,19.600086212158203,19.285667419433594,19.34958267211914,19.70372772216797,20.087303161621094,20.2846736907959,20.29365348815918,20.261646270751953,20.291648864746094,20.377511978149414,20.42626953125,20.31717872619629,20.054197311401367,19.79660987854004,19.659799575805664,19.608598709106445,19.599058151245117,19.692506790161133,19.912506103515625,20.15688133239746,20.309024810791016
29.073701858520508,29.11090660095215,29.0401668548584,28.9403018951416,28.8314266204834,28.751358032226562,28.630882263183594,28.32863998413086,27.874570846557617,27.27501678466797,26.57267189025879,25.854162216186523,25.358190536499023,25.15019416809082,25.102209091186523,25.054725646972656,24.85007095336914,24.502304077148438,23.996767044067383,23.362245559692383,22.764841079711914,22.43597412109375,22.402185440063477,22.37922477722168,22.1734561920166,21.849048614501953,21.682889938354492,21.844867706298828,22.24290657043457,22.609251022338867,22.768306732177734,22.766735076904297,22.734954833984375,22.73457908630371,22.736042022705078,22.630847930908203,22.326961517333984,21.9353084564209,21.712182998657227,21.722158432006836,21.782413482666016,21.7998046875,21.872610092163086,22.086591720581055,22.37000274658203
30.523357391357422,30.793794631958008,30.930696487426758,30.976816177368164,30.977394104003906,30.929296493530273,30.865859985351562,30.65869903564453,30.210723876953125,29.62474822998047,28.945533752441406,28.200868606567383,27.543161392211914,27.161800384521484,26.999622344970703,26.94502067565918,26.9195613861084,26.810043334960938,26.51253890991211,26.024093627929688,25.4915771484375,25.10451889038086,24.924480438232422,24.84491539001465,24.686185836791992,24.389724731445312,24.107074737548828,24.047809600830078,24.290433883666992,24.71170425415039,25.09148406982422,25.304014205932617,25.351905822753906,25.30276107788086,25.191822052001953,24.991655349731445,24.669557571411133,24.238744735717773,23.88190460205078,23.830293655395508,24.0078125,24.116657257080078,24.07813835144043,24.126766204833984,24.416799545288086
31.951618194580078,32.18193435668945,32.49659729003906,32.6600456237793,32.76704406738281,32.81037139892578,32.758644104003906,32.62200164794922,32.310546875,31.840768814086914,31.2642765045166,30.60367202758789,29.890565872192383,29.303117752075195,28.98656463623047,28.880712509155273,28.91508674621582,29.01548194885254,28.998348236083984,28.74736976623535,28.33608627319336,27.923002243041992,27.622272491455078,27.41855239868164,27.169414520263672,26.834060668945312,26.487056732177734,26.267797470092773,26.27975845336914,26.556974411010742,27.00722885131836,27.441036224365234,27.71452522277832,27.793235778808594,27.6912784576416,27.423519134521484,27.040353775024414,26.616724014282227,26.252086639404297,26.081653594970703,26.199012756347656,26.426965713500977,26.524799346923828,26.514793395996094,26.629472732543945
34.17247009277344,34.0568962097168,34.30453109741211,34.451175689697266,34.462120056152344,34.433231353759766,34.36738204956055,34.316246032714844,34.193756103515625,33.883056640625,33.41389846801758,32.84298324584961,32.22239303588867,31.608537673950195,31.155744552612305,30.97032928466797,30.995330810546875,31.143747329711914,31.304189682006836,31.31776237487793,31.113901138305664,30.73326873779297,30.38001251220703,30.119924545288086,29.83797264099121,29.43943214416504,28.955869674682617,28.523252487182617,28.296058654785156,28.34151840209961,28.634042739868164,29.053531646728516,29.45884895324707,29.73058319091797,29.808103561401367,29.6732120513916,29.363113403320312,28.97245216369629,28.635101318359375,28.447019577026367,28.444631576538086,28.609880447387695,28.806352615356445,28.954429626464844,29.104145050048828
36.814884185791016,36.563236236572266,36.6413688659668,36.722068786621094,36.58005905151367,36.33778381347656,36.08982467651367,35.96440887451172,35.937347412109375,35.757198333740234,35.356510162353516,34.82037353515625,34.27667999267578,33.822750091552734,33.4610710144043,33.267539978027344,33.27096939086914,33.39462661743164,33.58247375488281,33.734310150146484,33.691951751708984,33.44792556762695,33.11852264404297,32.78208541870117,32.46493148803711,32.077537536621094,31.561180114746094,31.01854705810547,30.63996124267578,30.51028060913086,30.566116333007812,30.715335845947266,30.950117111206055,31.22905158996582,31.453475952148438,31.54320526123047,31.46854591369629,31.256223678588867,30.990047454833984,30.777585983276367,30.69026756286621,30.71537971496582,30.816890716552734,30.998769760131836,31.28459930419922
38.9990234375,38.92544937133789,38.98529052734375,39.03685760498047,38.86026382446289,38.57997512817383,38.26905059814453,37.96059799194336,37.797264099121094,37.646610260009766,37.28505325317383,36.72629928588867,36.17397689819336,35.84356689453125,35.70967483520508,35.65364074707031,35.66584396362305,35.772247314453125,35.949790954589844,36.14634323120117,36.23413848876953,36.16142272949219,35.899269104003906,35.45743942260742,34.97544860839844,34.545719146728516,34.13398742675781,33.68694305419922,33.27121353149414,33.02847671508789,32.9636344909668,32.957454681396484,32.955631256103516,32.95979309082031,33.03103256225586,33.18505096435547,33.32387924194336,33.34848403930664,33.23551559448242,33.0552864074707,32.90114974975586,32.82030487060547,32.791622161865234,32.81737518310547,33.016658782958984
40.86824035644531,40.7232551574707,40.76670455932617,40.86825180053711,40.81607437133789,40.657569885253906,40.498313903808594,40.20732498168945,39.90242385864258,39.725852966308594,39.43913650512695,38.88728332519531,38.29402160644531,37.98331832885742,37.934906005859375,37.917930603027344,37.881248474121094,37.97309875488281,38.21041488647461,38.492218017578125,38.7009162902832,38.76539993286133,38.60957717895508,38.1960563659668,37.60392379760742,37.07423400878906,36.72001647949219,36.42733383178711,36.12047576904297,35.83638000488281,35.63788604736328,35.528900146484375,35.438594818115234,35.29307174682617,35.111785888671875,34.9977912902832,35.01969528198242,35.128971099853516,35.198604583740234,35.13977813720703,35.0270881652832,34.9398078918457,34.8883171081543,34.860137939453125,34.91254806518555
43.49421691894531,42.72597122192383,42.21185302734375,42.09230041503906,42.219207763671875,42.35063171386719,42.37979507446289,42.20801544189453,41.82665252685547,41.54342269897461,41.34152603149414,40.95807647705078,40.52862548828125,40.31237030029297,40.2408561706543,40.092994689941406,39.89509201049805,39.90113067626953,40.162349700927734,40.49506759643555,40.768672943115234,40.97250747680664,41.01742172241211,40.81593322753906,40.36846923828125,39.816162109375,39.39963150024414,39.18769836425781,39.07709884643555,38.90628433227539,38.618873596191406,38.309532165527344,38.0809211730957,37.90482711791992,37.66728210449219,37.33560562133789,37.03834915161133,36.90029525756836,36.891502380371094,36.9489860534668,36.99226760864258,37.042667388916016,37.14000701904297,37.22880554199219,37.288875579833984
