data/wind_data/wind_29_2.json
{"header": {"parameterUnit": "KT", "parameterCategory": 2, "nx": 256, "ny": 198, "lo1": 44.73521041870117, "la1": -3.236724853515625, "lo2": 111.26478576660156, "la2": 43.468475341796875, "dx": 0.2609002888202667, "dy": -0.23708222806453705, "refTime": "2025-02-20 05:00:00", "forecastTime": 0, "parameterNumber": 2, "parameterNumberName": "eastward_wind"}, "data":
[rows 152 to 170 of 198, columns 129 to 171 of 256]
16.57452392578125,16.97614288330078,13.983604431152344,12.912846565246582,10.453164100646973,7.801620006561279,5.741242408752441,2.6883060932159424,0.45816051959991455,2.3096694946289062,5.468973636627197,6.778815269470215,7.519972324371338,10.62263298034668,11.33405876159668,8.867735862731934,5.5699639320373535,7.003798007965088,11.777408599853516,15.38502025604248,12.897636413574219,10.075772285461426,10.431723594665527,11.769669532775879,13.982770919799805,8.589204788208008,6.95320987701416,14.360858917236328,19.406858444213867,21.09465980529785,20.302444458007812,17.463851928710938,15.958405494689941,16.646595001220703,17.693986892700195,17.841039657592773,17.455801010131836,16.853513717651367,16.52497100830078,16.650081634521484,16.975557327270508,17.3968448638916,18.461759567260742
20.366561889648438,20.06304359436035,17.44221305847168,16.861717224121094,13.99914836883545,10.585583686828613,10.137242317199707,9.4322509765625,10.048761367797852,13.021817207336426,15.07181453704834,12.936912536621094,11.617485046386719,11.370118141174316,10.006684303283691,6.799603462219238,7.034540176391602,10.418540000915527,14.585665702819824,16.428054809570312,13.588031768798828,10.320096969604492,10.226202964782715,12.383441925048828,15.08329963684082,11.929678916931152,10.34984302520752,17.04729652404785,23.655290603637695,24.951467514038086,21.925399780273438,19.691497802734375,17.387935638427734,16.86333656311035,17.11056137084961,18.25164794921875,18.68156623840332,17.798673629760742,17.015357971191406,16.743850708007812,17.263221740722656,17.663646697998047,17.8870906829834
22.9072322845459,20.109113693237305,15.926286697387695,15.155888557434082,12.591175079345703,13.601003646850586,10.94328498840332,10.37750244140625,14.083885192871094,12.254510879516602,11.302263259887695,11.06886100769043,9.162117958068848,7.699839115142822,7.689626693725586,7.885387420654297,10.648477554321289,12.735929489135742,15.25825309753418,15.59776782989502,14.223219871520996,11.436832427978516,12.074742317199707,15.607954025268555,15.044715881347656,13.7242431640625,14.743352890014648,17.580923080444336,19.545190811157227,20.20545768737793,20.01189613342285,19.36983871459961,18.60745620727539,17.9617862701416,17.840373992919922,18.38648796081543,18.563560485839844,18.509214401245117,17.876869201660156,17.70637321472168,17.4283447265625,17.079561233520508,17.439414978027344
23.335411071777344,17.201175689697266,10.914430618286133,9.413941383361816,11.96084976196289,13.550894737243652,9.52822494506836,5.190608978271484,4.296441078186035,4.061283588409424,3.893653392791748,1.1909072399139404,1.584606409072876,3.406182050704956,7.0738959312438965,10.825677871704102,12.810066223144531,12.91104507446289,14.380374908447266,14.698312759399414,15.15659236907959,13.421747207641602,13.893417358398438,15.394737243652344,13.401739120483398,13.175724983215332,14.64831829071045,16.03948974609375,16.97940444946289,17.71795082092285,18.22250747680664,18.313255310058594,17.999839782714844,17.684789657592773,17.709457397460938,17.97076988220215,18.05930519104004,17.899871826171875,17.945255279541016,19.11248779296875,19.861892700195312,18.858905792236328,17.023120880126953
22.428688049316406,12.92676067352295,8.080986976623535,10.269416809082031,8.754040718078613,5.333366394042969,0.5848240852355957,-3.927852153778076,-1.7681564092636108,0.6803969740867615,3.2127208709716797,5.880221366882324,8.331134796142578,8.901941299438477,10.487653732299805,14.01801872253418,15.281773567199707,13.897604942321777,13.773941040039062,14.66685676574707,15.356176376342773,14.308612823486328,12.486849784851074,10.580445289611816,11.030960083007812,11.980056762695312,12.620034217834473,13.301718711853027,14.63581657409668,16.87178611755371,18.31827163696289,18.716745376586914,18.681684494018555,17.757469177246094,17.132400512695312,17.242095947265625,17.172481536865234,17.435489654541016,17.828388214111328,19.555112838745117,20.513504028320312,19.783645629882812,18.110998153686523
18.52140235900879,11.939006805419922,9.770092010498047,7.37233829498291,0.9805989861488342,-5.12895393371582,-2.60994029045105,-0.5934737920761108,4.373741626739502,8.183036804199219,11.427873611450195,14.144351959228516,14.824929237365723,14.543360710144043,13.958175659179688,14.84932804107666,16.237060546875,14.55737590789795,13.063149452209473,14.557791709899902,14.454968452453613,12.971542358398438,11.075130462646484,10.896599769592285,11.878087997436523,13.042374610900879,12.889966011047363,13.200761795043945,15.236663818359375,17.676416397094727,18.660886764526367,18.9216251373291,19.2778263092041,18.637157440185547,17.072187423706055,16.41643524169922,17.117292404174805,17.946964263916016,18.059734344482422,18.61391830444336,19.329301834106445,19.009403228759766,18.18113136291504
17.474353790283203,11.764744758605957,8.162951469421387,1.8471778631210327,-3.9554781913757324,1.1500290632247925,7.317270278930664,10.103102684020996,13.462278366088867,17.162458419799805,20.008995056152344,20.875812530517578,19.324913024902344,18.668304443359375,18.178361892700195,16.77724838256836,15.867471694946289,14.898602485656738,15.510860443115234,15.201920509338379,12.079245567321777,11.03947925567627,9.729820251464844,10.54649829864502,13.056507110595703,14.26244831085205,12.568450927734375,12.454239845275879,16.84262466430664,19.55652618408203,18.887041091918945,17.639400482177734,17.771358489990234,18.00446319580078,17.815719604492188,17.508760452270508,18.05934715270996,18.695613861083984,18.8643741607666,18.68767547607422,18.86794662475586,18.92350959777832,18.86031150817871
18.137096405029297,14.609808921813965,5.958995342254639,-1.9711655378341675,2.2987170219421387,13.18413257598877,19.504331588745117,20.233631134033203,23.215816497802734,28.095401763916016,29.71950912475586,25.850473403930664,21.126035690307617,19.23503303527832,20.418968200683594,19.805265426635742,18.819061279296875,16.494686126708984,13.915830612182617,10.026240348815918,7.359325885772705,8.239030838012695,9.666926383972168,11.758212089538574,13.629120826721191,14.856868743896484,11.298057556152344,12.600521087646484,18.598989486694336,20.771503448486328,19.493709564208984,17.69870948791504,17.309898376464844,17.150426864624023,17.113222122192383,17.340370178222656,18.375986099243164,19.45647430419922,19.79448127746582,20.05021858215332,20.17364501953125,19.796913146972656,19.14492416381836
19.187273025512695,14.456090927124023,7.454318523406982,11.760327339172363,19.656435012817383,24.340410232543945,24.202354431152344,28.185190200805664,25.30571174621582,18.184003829956055,15.593963623046875,16.345226287841797,17.608407974243164,16.723533630371094,14.311640739440918,14.438247680664062,16.618648529052734,16.233482360839844,10.762447357177734,7.529949188232422,8.531282424926758,9.8265380859375,10.666654586791992,11.64692497253418,13.030522346496582,13.685749053955078,11.159225463867188,12.81755542755127,16.74530792236328,17.963409423828125,17.383241653442383,17.562850952148438,18.61590003967285,18.205293655395508,16.83323860168457,16.116050720214844,17.815481185913086,19.961193084716797,19.94522476196289,21.849254608154297,23.149194717407227,21.566761016845703,20.412893295288086
16.786907196044922,18.867504119873047,23.87593650817871,28.40861701965332,23.391754150390625,12.628868103027344,13.33392333984375,11.142119407653809,0.05346062406897545,-2.3625590801239014,-0.9926092624664307,4.013007164001465,9.105294227600098,15.368224143981934,18.65134620666504,19.79849624633789,18.291841506958008,14.915014266967773,14.557209014892578,14.649386405944824,13.498133659362793,12.458024024963379,12.78691291809082,12.304231643676758,11.726194381713867,11.541794776916504,10.899223327636719,13.243169784545898,16.350419998168945,17.144939422607422,16.814163208007812,17.328338623046875,18.88750457763672,19.211524963378906,17.98476791381836,18.515954971313477,18.406484603881836,20.59703826904297,22.246885299682617,21.726449966430664,24.39942169189453,27.103912353515625,26.163301467895508
19.221010208129883,21.979528427124023,9.68746566772461,6.865263938903809,4.20251989364624,2.339693069458008,6.098405838012695,2.509808301925659,-9.371894836425781,-10.705574035644531,-6.59545373916626,-3.605445623397827,-0.7733001112937927,2.183450698852539,8.266498565673828,15.515517234802246,14.544421195983887,11.61257553100586,13.837438583374023,13.484140396118164,11.170040130615234,10.530444145202637,11.734217643737793,12.051249504089355,9.6245756149292,8.236509323120117,9.256173133850098,11.821745872497559,13.992484092712402,14.634385108947754,15.179153442382812,17.654617309570312,19.071508407592773,19.937461853027344,23.595726013183594,26.305988311767578,27.368776321411133,26.238056182861328,23.994295120239258,22.69831085205078,22.702342987060547,21.466123580932617,22.898515701293945
17.150333404541016,5.254215240478516,-6.874774932861328,-9.463057518005371,-10.176605224609375,-14.949774742126465,-15.09072208404541,-12.050047874450684,-10.080060005187988,-8.712697982788086,-9.226860046386719,-10.201278686523438,-9.160805702209473,-6.1759419441223145,-2.118401527404785,1.9779038429260254,3.2951362133026123,2.9006009101867676,4.55237340927124,6.921316146850586,6.923999309539795,6.220195770263672,8.575386047363281,10.884295463562012,8.678984642028809,8.241265296936035,11.277823448181152,12.125716209411621,12.817150115966797,14.591064453125,17.018861770629883,20.0882511138916,21.472688674926758,22.482351303100586,24.463727951049805,26.02046012878418,26.893335342407227,25.990922927856445,23.978797912597656,24.047677993774414,24.89615821838379,24.892276763916016,23.221439361572266
-0.19836507737636566,-9.561975479125977,-11.442680358886719,-11.296398162841797,-11.320205688476562,-12.748308181762695,-14.497438430786133,-14.003551483154297,-11.52192211151123,-11.33993148803711,-12.311522483825684,-13.060198783874512,-13.214289665222168,-12.576122283935547,-11.499066352844238,-9.884017944335938,-8.157065391540527,-6.177429676055908,-3.5875961780548096,-0.38110247254371643,2.1148765087127686,3.5733144283294678,6.864783763885498,10.271125793457031,10.145768165588379,11.910715103149414,13.64139175415039,13.326298713684082,13.711092948913574,15.789375305175781,19.62665557861328,21.96107292175293,20.68657112121582,20.87860870361328,23.171031951904297,24.358562469482422,24.763715744018555,24.35774040222168,23.981475830078125,24.831436157226562,25.333580017089844,25.914108276367188,26.39207649230957
-10.763360977172852,-10.17272663116455,-9.333035469055176,-9.10827350616455,-9.599255561828613,-10.077497482299805,-10.650260925292969,-10.521174430847168,-10.330162048339844,-10.868814468383789,-11.426785469055176,-11.660372734069824,-11.44676685333252,-11.242807388305664,-11.358116149902344,-11.343507766723633,-11.18925952911377,-10.9193115234375,-10.228233337402344,-8.867679595947266,-6.776713848114014,-3.7596681118011475,0.09800956398248672,4.004411220550537,7.841461658477783,12.598522186279297,14.100059509277344,13.699397087097168,15.235736846923828,19.519935607910156,21.937286376953125,21.262004852294922,20.25697898864746,17.585721969604492,17.606489181518555,20.017738342285156,22.142704010009766,21.110801696777344,20.383573532104492,25.78476333618164,29.430160522460938,30.769296646118164,31.464487075805664
-6.943084239959717,-6.66316032409668,-6.313887119293213,-6.3883161544799805,-7.0118207931518555,-7.946293354034424,-9.176959991455078,-10.174098014831543,-10.744032859802246,-10.909735679626465,-10.771560668945312,-10.340934753417969,-10.01189136505127,-10.44126033782959,-10.87304401397705,-10.938457489013672,-10.760685920715332,-10.666296005249023,-10.846555709838867,-11.179965019226074,-11.246016502380371,-10.353350639343262,-8.312661170959473,-5.4558281898498535,-1.5919504165649414,2.951510429382324,5.43121337890625,9.147347450256348,15.917984008789062,20.432571411132812,22.636730194091797,21.0771541595459,17.49135398864746,15.017867088317871,16.231454849243164,19.036754608154297,20.748327255249023,19.511844635009766,20.875886917114258,24.350563049316406,26.434837341308594,24.789623260498047,19.839937210083008
-2.5538182258605957,-3.2669663429260254,-4.172118663787842,-4.994136810302734,-6.759751796722412,-8.709973335266113,-10.542512893676758,-11.406206130981445,-11.211250305175781,-10.890026092529297,-11.029279708862305,-11.159127235412598,-11.196178436279297,-11.42617130279541,-11.649539947509766,-11.652578353881836,-11.536089897155762,-11.428714752197266,-11.321786880493164,-11.409049987792969,-11.516704559326172,-11.647541999816895,-11.7781343460083,-11.110190391540527,-9.196342468261719,-6.598031044006348,-3.0285112857818604,2.138869047164917,8.718578338623047,13.928518295288086,19.037277221679688,22.034107208251953,21.29844856262207,15.310502052307129,11.830608367919922,15.967585563659668,21.4587459564209,25.039636611938477,26.574968338012695,25.48250961303711,22.53696060180664,14.099333763122559,12.94041919708252
-1.2778353691101074,-3.127382755279541,-4.559477806091309,-5.902256011962891,-7.293976306915283,-8.809995651245117,-10.315591812133789,-10.958536148071289,-10.762282371520996,-10.803084373474121,-11.139806747436523,-11.310563087463379,-11.452775955200195,-11.61447525024414,-11.739201545715332,-11.859274864196777,-12.150166511535645,-12.367960929870605,-12.351736068725586,-12.337141990661621,-12.38545036315918,-12.347489356994629,-11.927665710449219,-11.118247032165527,-10.183650970458984,-9.183357238769531,-7.570090293884277,-4.319066524505615,0.29708701372146606,4.330908298492432,9.504826545715332,15.66443157196045,16.903343200683594,13.301698684692383,13.10973072052002,17.294992446899414,21.027385711669922,23.627805709838867,24.863483428955078,23.70069694519043,21.722354888916016,19.176027297973633,19.116302490234375
-1.3645033836364746,-3.418914556503296,-5.225493907928467,-6.48529577255249,-7.441278457641602,-8.741839408874512,-10.264585494995117,-11.08977222442627,-11.18471908569336,-11.203649520874023,-11.143519401550293,-11.277872085571289,-11.752208709716797,-12.28121280670166,-12.54452896118164,-12.461275100708008,-12.447933197021484,-12.531285285949707,-12.853537559509277,-13.337678909301758,-13.644569396972656,-13.560453414916992,-12.964303016662598,-12.309869766235352,-11.614036560058594,-10.394853591918945,-8.576045989990234,-6.790609359741211,-4.848479747772217,-1.0978995561599731,4.186511993408203,9.220059394836426,12.630996704101562,14.021993637084961,16.643447875976562,19.131492614746094,19.16232681274414,20.300086975097656,22.05842399597168,20.998212814331055,20.840709686279297,22.625858306884766,23.3607234954834
-1.5777394771575928,-3.1455323696136475,-4.569714069366455,-5.684800148010254,-6.862509727478027,-8.331493377685547,-9.845410346984863,-10.896467208862305,-11.356952667236328,-11.227079391479492,-10.925654411315918,-11.024012565612793,-11.629022598266602,-12.205402374267578,-12.416805267333984,-12.34501838684082,-12.2149019241333,-12.399970054626465,-13.108902931213379,-13.815631866455078,-14.137059211730957,-14.078607559204102,-13.835022926330566,-13.863884925842285,-13.970475196838379,-13.720675468444824,-12.888507843017578,-11.581011772155762,-9.77734661102295,-7.173569679260254,-3.192570209503174,3.418630838394165,10.047171592712402,14.715130805969238,17.17267417907715,17.637022018432617,17.165756225585938,18.91735076904297,19.079389572143555,19.128477096557617,21.053373336791992,22.113542556762695,21.85940170288086
