data/wind_data/wind_62_7.json
{"header": {"parameterUnit": "KT", "parameterCategory": 2, "nx": 256, "ny": 198, "lo1": 44.73521041870117, "la1": -3.236724853515625, "lo2": 111.26478576660156, "la2": 43.468475341796875, "dx": 0.2609002888202667, "dy": -0.23708222806453705, "refTime": "2025-02-21 14:00:00", "forecastTime": 0, "parameterNumber": 2, "parameterNumberName": "eastward_wind"}, "data":
[rows 60 to 79 of 198, columns 88 to 131 of 256]
18.295042037963867,17.96217155456543,17.471887588500977,16.889156341552734,16.24698257446289,15.586594581604004,15.061624526977539,14.84954833984375,14.907713890075684,14.983372688293457,14.855762481689453,14.570268630981445,14.272422790527344,14.050209045410156,13.91023063659668,13.844027519226074,13.71130084991455,13.428278923034668,13.192275047302246,13.086593627929688,12.966915130615234,12.624109268188477,12.005823135375977,11.389202117919922,10.949522018432617,10.651572227478027,10.699041366577148,10.83321475982666,10.782591819763184,10.656299591064453,10.45782470703125,10.117842674255371,9.738097190856934,9.370491027832031,8.93631362915039,8.685310363769531,8.689620971679688,9.04069995880127,10.062955856323242,11.538928985595703,12.868202209472656,13.478134155273438,13.116168975830078,12.131102561950684
20.05954933166504,19.617956161499023,19.08737564086914,18.504322052001953,17.852624893188477,17.13973617553711,16.486164093017578,16.104127883911133,16.092395782470703,16.2252140045166,16.170364379882812,15.860158920288086,15.502301216125488,15.272772789001465,15.14054012298584,15.025453567504883,14.841111183166504,14.54393482208252,14.327248573303223,14.348969459533691,14.4704008102417,14.442872047424316,14.091609954833984,13.53217887878418,12.927371978759766,12.303617477416992,11.930707931518555,11.853240966796875,11.921642303466797,11.850851058959961,11.418620109558105,11.239581108093262,11.141860008239746,10.821826934814453,10.522689819335938,10.17390251159668,9.899880409240723,10.054981231689453,10.710490226745605,11.780543327331543,13.110088348388672,14.356257438659668,15.085251808166504,15.089131355285645
21.16741180419922,20.815353393554688,20.419071197509766,19.99306869506836,19.461942672729492,18.75720977783203,17.99443817138672,17.41499900817871,17.181921005249023,17.226863861083984,17.250049591064453,17.048303604125977,16.711929321289062,16.459964752197266,16.35484504699707,16.24216651916504,16.019908905029297,15.703774452209473,15.488524436950684,15.555586814880371,15.790606498718262,15.903407096862793,15.707663536071777,15.354292869567871,14.846259117126465,14.330239295959473,13.852972030639648,13.312752723693848,13.016287803649902,13.196660041809082,12.859328269958496,12.354085922241211,12.168784141540527,12.027870178222656,11.962153434753418,12.013322830200195,11.914388656616211,11.774372100830078,11.93470287322998,12.520068168640137,13.438287734985352,14.494481086730957,15.461791038513184,16.18758773803711
22.251691818237305,21.962617874145508,21.642208099365234,21.29745864868164,20.8922176361084,20.284719467163086,19.53627586364746,18.853492736816406,18.41368865966797,18.204954147338867,18.10484504699707,17.98124122619629,17.767080307006836,17.548442840576172,17.45426368713379,17.392822265625,17.184242248535156,16.86455726623535,16.69846534729004,16.915746688842773,17.30463981628418,17.409069061279297,17.12315559387207,16.761493682861328,16.266435623168945,15.923274993896484,15.855164527893066,15.555292129516602,14.719308853149414,14.079668045043945,14.247396469116211,14.090437889099121,13.650609016418457,13.415399551391602,13.390973091125488,13.563575744628906,13.73307991027832,13.75423526763916,13.722031593322754,13.824442863464355,14.267457008361816,15.004748344421387,15.743067741394043,16.338497161865234
23.524581909179688,23.269996643066406,22.948110580444336,22.60129165649414,22.24326515197754,21.750490188598633,21.08378791809082,20.380693435668945,19.830904006958008,19.43821907043457,19.135631561279297,18.933502197265625,18.785478591918945,18.615808486938477,18.47393226623535,18.37989044189453,18.215974807739258,17.933256149291992,17.781558990478516,18.09671974182129,18.69763946533203,18.997289657592773,18.83793067932129,18.445701599121094,17.796417236328125,17.25699234008789,17.29364776611328,17.35792350769043,17.01767349243164,16.068944931030273,15.47282886505127,15.550039291381836,15.489885330200195,15.275263786315918,15.085187911987305,15.055448532104492,15.209229469299316,15.359188079833984,15.504785537719727,15.609770774841309,15.655335426330566,15.89258098602295,16.404048919677734,16.935428619384766
24.709609985351562,24.510896682739258,24.255186080932617,23.960689544677734,23.665061950683594,23.277721405029297,22.705623626708984,22.02048683166504,21.391069412231445,20.911951065063477,20.50374412536621,20.161441802978516,19.957386016845703,19.85910987854004,19.693153381347656,19.402389526367188,19.09730339050293,18.860076904296875,18.76201820373535,19.063682556152344,19.669166564941406,20.16718292236328,20.477867126464844,20.44989776611328,19.90300750732422,19.304460525512695,19.004764556884766,18.618682861328125,18.306854248046875,18.131839752197266,17.463661193847656,17.035898208618164,17.12196159362793,17.27207374572754,17.26034927368164,17.07200813293457,16.87468719482422,16.753190994262695,16.882099151611328,17.261083602905273,17.480480194091797,17.426374435424805,17.41923713684082,17.66765594482422
25.723567962646484,25.56952476501465,25.439054489135742,25.286962509155273,25.110021591186523,24.84566307067871,24.38962173461914,23.771080017089844,23.114782333374023,22.554420471191406,22.09868621826172,21.68947982788086,21.365970611572266,21.244943618774414,21.21693992614746,20.91633415222168,20.330537796020508,19.84974479675293,19.73151206970215,19.96753692626953,20.408710479736328,20.962337493896484,21.648590087890625,22.015302658081055,21.870323181152344,21.64598274230957,21.478370666503906,20.937068939208984,19.98238182067871,19.527204513549805,19.24302101135254,18.67352294921875,18.499792098999023,18.780132293701172,19.094274520874023,19.205320358276367,19.099515914916992,18.75360870361328,18.371543884277344,18.44355583190918,18.892892837524414,19.189952850341797,19.13726043701172,18.947044372558594
26.779943466186523,26.6094913482666,26.548784255981445,26.520627975463867,26.465408325195312,26.332082748413086,26.012027740478516,25.5069580078125,24.92161750793457,24.370647430419922,23.873424530029297,23.42661476135254,23.032958984375,22.820499420166016,22.853660583496094,22.763221740722656,22.195926666259766,21.42255973815918,21.03693199157715,21.0850772857666,21.27715492248535,21.699953079223633,22.431941986083984,22.99898338317871,23.246776580810547,23.464962005615234,23.49880027770996,23.24365997314453,22.72564125061035,22.050172805786133,21.409486770629883,20.577619552612305,19.88916015625,19.850242614746094,20.216089248657227,20.650108337402344,21.002307891845703,21.082921981811523,20.669641494750977,20.264080047607422,20.34174156188965,20.55434226989746,20.594215393066406,20.481945037841797
28.06232452392578,27.86069679260254,27.804561614990234,27.80223274230957,27.786903381347656,27.73357582092285,27.555110931396484,27.194103240966797,26.726198196411133,26.231130599975586,25.767831802368164,25.295806884765625,24.86474609375,24.596261978149414,24.578245162963867,24.61290740966797,24.268571853637695,23.513595581054688,22.91480827331543,22.67218017578125,22.573200225830078,22.71275520324707,23.12274169921875,23.558122634887695,24.142911911010742,24.80137825012207,24.976987838745117,24.758867263793945,24.73090171813965,24.569520950317383,23.992902755737305,23.15937614440918,22.242664337158203,21.586286544799805,21.36383628845215,21.564443588256836,22.13329315185547,22.734708786010742,22.788663864135742,22.52816390991211,22.524778366088867,22.569372177124023,22.389976501464844,22.048683166503906
29.637462615966797,29.40386199951172,29.3424072265625,29.323637008666992,29.261764526367188,29.193614959716797,29.127485275268555,28.944644927978516,28.589496612548828,28.11750030517578,27.61570930480957,27.158201217651367,26.746625900268555,26.424474716186523,26.27949333190918,26.284292221069336,26.10884666442871,25.579992294311523,25.034765243530273,24.595590591430664,24.228302001953125,24.12409210205078,24.179500579833984,24.13475227355957,24.636178970336914,25.524215698242188,26.016408920288086,26.138404846191406,26.18129539489746,26.215221405029297,25.990751266479492,25.49811553955078,24.956819534301758,24.32221794128418,23.585899353027344,23.013193130493164,23.067514419555664,23.770103454589844,24.277164459228516,24.24493408203125,24.298809051513672,24.503211975097656,24.48752784729004,24.339170455932617
31.566556930541992,31.29021644592285,31.182592391967773,31.116300582885742,30.97287940979004,30.814682006835938,30.784740447998047,30.80148696899414,30.614946365356445,30.146907806396484,29.541122436523438,28.99506187438965,28.60326385498047,28.30238151550293,28.027978897094727,27.805423736572266,27.576465606689453,27.27078628540039,26.95238494873047,26.47722816467285,25.96171760559082,25.765193939208984,25.61905288696289,25.153059005737305,25.3023681640625,26.121803283691406,26.6027889251709,27.003610610961914,27.498615264892578,27.62583351135254,27.514402389526367,27.360248565673828,27.26200294494629,27.02782440185547,26.410062789916992,25.506420135498047,24.82079315185547,24.937950134277344,25.54623031616211,25.571523666381836,25.423486709594727,25.838153839111328,26.1547908782959,26.20161247253418
33.806549072265625,33.57234573364258,33.40213394165039,33.22439956665039,32.9527587890625,32.644325256347656,32.53417205810547,32.674739837646484,32.741859436035156,32.397884368896484,31.709735870361328,31.01543617248535,30.53194808959961,30.229129791259766,29.94438362121582,29.562082290649414,29.087936401367188,28.761098861694336,28.577991485595703,28.154542922973633,27.656259536743164,27.46652603149414,27.14690399169922,26.552383422851562,26.327301025390625,26.91929054260254,27.655433654785156,27.857791900634766,28.215106964111328,28.689239501953125,28.92799186706543,29.004802703857422,29.022388458251953,28.994853973388672,28.764780044555664,28.18758773803711,27.35784149169922,26.856060028076172,27.237323760986328,27.414525985717773,26.743528366088867,26.771324157714844,27.35776138305664,27.615291595458984
36.23295974731445,36.088321685791016,35.93401336669922,35.69197082519531,35.30433654785156,34.82399368286133,34.492462158203125,34.53467559814453,34.767818450927734,34.70474624633789,34.13497543334961,33.35041809082031,32.690006256103516,32.267818450927734,31.994140625,31.64271354675293,31.094867706298828,30.610166549682617,30.2630558013916,29.7594051361084,29.343801498413086,29.195711135864258,28.720857620239258,28.141220092773438,27.80455207824707,27.834123611450195,28.53985023498535,29.00910758972168,29.12383270263672,29.61687660217285,30.20509910583496,30.501249313354492,30.484882354736328,30.397321701049805,30.345394134521484,30.159914016723633,29.67868423461914,29.077686309814453,29.142215728759766,29.831100463867188,29.25220489501953,28.2834529876709,28.576318740844727,29.061246871948242
38.83481216430664,38.656593322753906,38.47077178955078,38.23826599121094,37.88328552246094,37.381683349609375,36.87148666381836,36.6378059387207,36.738670349121094,36.84291076660156,36.53446960449219,35.839725494384766,35.099239349365234,34.48977279663086,34.08736801147461,33.756065368652344,33.30666732788086,32.863006591796875,32.39488220214844,31.670576095581055,31.123626708984375,31.018512725830078,30.56206512451172,29.88806915283203,29.681884765625,29.59252166748047,29.599538803100586,29.830013275146484,30.0667724609375,30.596580505371094,31.294248580932617,31.71150016784668,31.81732940673828,31.79905891418457,31.78228187561035,31.700225830078125,31.471668243408203,31.06714630126953,30.791322708129883,31.630489349365234,32.1597785949707,30.983062744140625,30.467329025268555,30.955699920654297
41.544700622558594,41.21910095214844,40.877037048339844,40.563934326171875,40.27291488647461,39.92916488647461,39.49917221069336,39.115272521972656,38.96562194824219,38.96448516845703,38.76665115356445,38.227787017822266,37.53990173339844,36.8978385925293,36.36042022705078,35.878116607666016,35.362091064453125,34.952362060546875,34.59406661987305,33.92224884033203,33.193145751953125,32.9588508605957,32.69972229003906,32.0478630065918,31.633956909179688,31.84881019592285,31.806800842285156,31.36362648010254,31.19698143005371,31.485931396484375,32.004432678222656,32.449058532714844,32.7933235168457,33.04318618774414,33.186180114746094,33.20265197753906,33.11492919921875,32.94979476928711,32.50946044921875,32.718055725097656,34.10383605957031,33.92578887939453,32.9662971496582,33.19641876220703
44.15745544433594,43.705810546875,43.20497512817383,42.736724853515625,42.386634826660156,42.157554626464844,41.94556427001953,41.6751823425293,41.445106506347656,41.30731964111328,41.067787170410156,40.56708908081055,39.938026428222656,39.36258316040039,38.84609603881836,38.262569427490234,37.53073501586914,36.84744644165039,36.40628433227539,35.9379997253418,35.351531982421875,35.02391052246094,34.86565399169922,34.60741424560547,34.0833854675293,33.82202911376953,33.95448303222656,33.727928161621094,33.315670013427734,33.01127624511719,32.953582763671875,33.16523742675781,33.545162200927734,33.96902847290039,34.34286880493164,34.56452941894531,34.60824203491211,34.5726318359375,34.272762298583984,33.96933364868164,35.09336853027344,36.13895797729492,35.684322357177734,35.4874267578125
46.61986541748047,46.0985221862793,45.516754150390625,44.926387786865234,44.4344482421875,44.127017974853516,43.98860549926758,43.891815185546875,43.77542495727539,43.643638610839844,43.39523696899414,42.919410705566406,42.32682800292969,41.80061340332031,41.37059783935547,40.84239196777344,40.00577926635742,38.99688720703125,38.17533493041992,37.633506774902344,37.23481750488281,37.045814514160156,36.946876525878906,36.989017486572266,36.90225601196289,36.26036071777344,35.832984924316406,35.6923942565918,35.45458984375,35.07719039916992,34.69363021850586,34.55276870727539,34.681358337402344,34.97217559814453,35.33654022216797,35.6915283203125,35.93069076538086,35.93144989013672,35.799400329589844,35.63865280151367,36.02002716064453,37.12139892578125,37.80057907104492,37.95295715332031
48.912513732910156,48.4360466003418,47.826351165771484,47.190616607666016,46.57563018798828,46.087886810302734,45.80106735229492,45.68247604370117,45.631568908691406,45.567405700683594,45.38789749145508,45.01070785522461,44.498802185058594,44.00416946411133,43.645774841308594,43.29953384399414,42.60264205932617,41.51774215698242,40.38962173461914,39.539695739746094,38.977081298828125,38.782039642333984,38.865848541259766,38.96689987182617,39.22338104248047,39.02156066894531,38.29416275024414,37.673912048339844,37.22944259643555,36.891334533691406,36.593719482421875,36.38941955566406,36.316749572753906,36.374820709228516,36.53493118286133,36.796104431152344,37.13802719116211,37.29290771484375,37.071651458740234,37.02141189575195,37.483516693115234,38.057830810546875,38.637142181396484,39.535770416259766
51.00692367553711,50.67220687866211,50.14823913574219,49.49372863769531,48.81758499145508,48.1801872253418,47.68167495727539,47.383609771728516,47.26307678222656,47.20334243774414,47.06984329223633,46.75581359863281,46.291629791259766,45.836971282958984,45.53635787963867,45.35152816772461,44.91673278808594,43.98369598388672,42.84794235229492,41.857208251953125,41.11580276489258,40.653106689453125,40.69480514526367,40.75053024291992,40.85997009277344,41.09026336669922,40.731353759765625,40.00048828125,39.281341552734375,38.73406982421875,38.417320251464844,38.2877082824707,38.19269943237305,38.08158874511719,38.019744873046875,38.0757942199707,38.26081085205078,38.55589294433594,38.54894256591797,38.1652946472168,38.60810089111328,39.59044647216797,39.77940368652344,40.14426040649414
52.87554168701172,52.70256042480469,52.35639572143555,51.799617767333984,51.11791229248047,50.4006462097168,49.75215530395508,49.25986099243164,48.953304290771484,48.806541442871094,48.687625885009766,48.44468307495117,48.020118713378906,47.517921447753906,47.14543151855469,47.012428283691406,46.830665588378906,46.099891662597656,45.07723617553711,44.1798210144043,43.476192474365234,42.870872497558594,42.59303283691406,42.572608947753906,42.49712371826172,42.71714782714844,42.6302604675293,42.07362747192383,41.44258499145508,40.818790435791016,40.353179931640625,40.18269348144531,40.16421127319336,40.10107421875,39.95659255981445,39.82700729370117,39.74978256225586,39.749603271484375,39.86132049560547,39.66989517211914,39.51516342163086,40.65382385253906,41.59978485107422,41.338687896728516
