data/wind_data/wind_37_8.json
{"header": {"parameterUnit": "KT", "parameterCategory": 2, "nx": 256, "ny": 198, "lo1": 44.73521041870117, "la1": -3.236724853515625, "lo2": 111.26478576660156, "la2": 43.468475341796875, "dx": 0.2609002888202667, "dy": -0.23708222806453705, "refTime": "2025-02-20 13:00:00", "forecastTime": 0, "parameterNumber": 2, "parameterNumberName": "eastward_wind"}, "data":
[rows 38 to 56 of 198, columns 88 to 131 of 256]
11.139148712158203,11.152168273925781,11.273751258850098,11.446869850158691,11.258810997009277,10.884604454040527,10.392840385437012,9.670534133911133,9.22207260131836,9.07103157043457,9.139727592468262,9.51500129699707,10.117452621459961,10.31161117553711,9.617437362670898,8.04170036315918,6.196112632751465,4.989198207855225,4.6160478591918945,4.409979820251465,4.2417778968811035,4.646180629730225,5.534282207489014,6.256406784057617,6.358325004577637,6.031740188598633,5.6872687339782715,5.225301265716553,4.332027435302734,3.750680446624756,3.9287109375,3.8091821670532227,3.207258462905884,2.654106378555298,2.38446044921875,2.793581962585449,3.651465654373169,3.9813830852508545,3.251063823699951,2.5062458515167236,2.728682518005371,3.5304226875305176,4.159359455108643,4.161171913146973
9.423741340637207,9.818341255187988,10.175309181213379,10.471864700317383,10.38818645477295,9.99087142944336,9.84264850616455,9.684803009033203,9.328086853027344,9.062081336975098,9.05463695526123,9.405399322509766,10.020170211791992,10.574723243713379,10.452047348022461,9.464070320129395,7.710040092468262,6.000812530517578,5.210171699523926,5.0854620933532715,4.937272548675537,4.981167316436768,5.526960372924805,6.167520523071289,6.687850475311279,6.930365085601807,6.716736793518066,6.258263111114502,5.540024757385254,4.724154949188232,4.500516891479492,4.393656253814697,3.9057154655456543,3.530207872390747,3.2561633586883545,3.2917234897613525,4.040940284729004,4.918977737426758,4.865199565887451,4.15976095199585,3.8587143421173096,4.1157050132751465,4.519764423370361,4.564244747161865
8.117128372192383,8.66612434387207,9.295906066894531,9.62364673614502,9.610864639282227,9.24617862701416,8.925089836120605,8.992473602294922,9.23068904876709,9.292632102966309,9.356634140014648,9.622903823852539,9.993639945983887,10.315130233764648,10.396923065185547,10.097817420959473,9.066460609436035,7.501997470855713,6.265430927276611,5.916677474975586,5.683882713317871,5.280858039855957,5.409679889678955,5.981949329376221,6.701708793640137,7.280677318572998,7.48361349105835,7.476844310760498,7.196634769439697,6.328070640563965,5.496490955352783,5.125230312347412,4.662907123565674,4.310380935668945,4.174330234527588,4.0315446853637695,4.260321140289307,5.233849048614502,6.091065406799316,6.049345970153809,5.4569549560546875,5.153838634490967,5.354686737060547,5.591925144195557
7.20866584777832,7.744905471801758,8.457029342651367,9.004369735717773,9.055109024047852,8.766280174255371,8.44577693939209,8.374542236328125,8.69050407409668,9.270118713378906,9.717962265014648,9.898603439331055,9.969829559326172,10.094766616821289,10.17594051361084,10.26819133758545,9.897165298461914,8.901568412780762,7.569250583648682,6.795351505279541,6.471065044403076,5.931194305419922,5.574878215789795,5.850944519042969,6.442471027374268,7.099098205566406,7.670238971710205,8.148821830749512,8.445869445800781,7.973029613494873,6.927122116088867,6.153016090393066,5.730048179626465,5.589343070983887,5.472377777099609,5.115772724151611,4.868602275848389,5.483630657196045,6.685333251953125,7.240004062652588,6.949272632598877,6.725466251373291,6.995148658752441,7.3074822425842285
6.169611930847168,6.890163421630859,7.656428337097168,8.289336204528809,8.531250953674316,8.363075256347656,8.113028526306152,8.031511306762695,8.359755516052246,8.932618141174316,9.467650413513184,9.936871528625488,10.097946166992188,10.059701919555664,10.105501174926758,10.375824928283691,10.65609359741211,10.13681697845459,8.788692474365234,7.660837173461914,7.165565490722656,6.785326957702637,6.345636367797852,6.032507419586182,6.119604587554932,6.611069679260254,7.26140832901001,8.033886909484863,8.886259078979492,9.079879760742188,8.30964183807373,7.314218044281006,6.782595157623291,6.881365776062012,7.066017150878906,6.701445579528809,6.128783226013184,6.239273548126221,7.250555992126465,8.09865951538086,8.320167541503906,8.42159366607666,8.717744827270508,8.971844673156738
5.094036102294922,5.943606376647949,6.630034446716309,7.167779922485352,7.6040167808532715,7.831904411315918,7.845353603363037,7.75567626953125,7.948325157165527,8.494104385375977,9.224055290222168,9.767629623413086,9.933857917785645,9.963957786560059,10.20603084564209,10.739835739135742,11.299691200256348,11.259292602539062,10.340481758117676,8.87578296661377,7.893327713012695,7.361090660095215,6.807865619659424,6.346979141235352,6.176271915435791,6.284199237823486,6.677293300628662,7.539186477661133,8.651224136352539,9.346855163574219,9.119816780090332,8.314826011657715,7.6080522537231445,7.499011516571045,7.980410575866699,8.233633041381836,7.690567493438721,7.287487030029297,7.779060363769531,8.703208923339844,9.292826652526855,9.524909973144531,9.644423484802246,9.739075660705566
3.8963563442230225,4.6984968185424805,5.431851387023926,5.949049949645996,6.7253313064575195,7.353438854217529,7.374080657958984,7.290815830230713,7.5741868019104,8.24179744720459,9.067752838134766,9.705954551696777,9.885143280029297,9.826106071472168,10.087806701660156,10.775043487548828,11.52203369140625,11.941527366638184,11.486477851867676,10.203145027160645,8.914490699768066,7.856926918029785,7.026474475860596,6.6507697105407715,6.646759986877441,6.619747161865234,6.660192489624023,7.203617095947266,8.123053550720215,8.781277656555176,8.93801498413086,8.70685863494873,8.278084754943848,7.889101982116699,8.081832885742188,8.832651138305664,8.977205276489258,8.428449630737305,8.329076766967773,8.927922248840332,9.554512977600098,9.773385047912598,9.677244186401367,9.610902786254883
2.7861709594726562,3.5094316005706787,4.263431072235107,5.050796985626221,5.764267921447754,6.223570823669434,6.6352667808532715,7.1324262619018555,7.615932941436768,8.003927230834961,8.451839447021484,9.044465065002441,9.5136137008667,9.61916732788086,9.788747787475586,10.456777572631836,11.284235000610352,11.8131685256958,11.718012809753418,10.997815132141113,9.898106575012207,8.734150886535645,7.759246349334717,7.268787860870361,7.280125141143799,7.415684223175049,7.415259838104248,7.5251054763793945,7.9176506996154785,8.240431785583496,8.333907127380371,8.315218925476074,8.282139778137207,8.104875564575195,8.069026947021484,8.770468711853027,9.561395645141602,9.28594970703125,8.76293659210205,8.855754852294922,9.325078010559082,9.559732437133789,9.474747657775879,9.363240242004395
2.0625381469726562,2.7046799659729004,3.37037992477417,3.967259645462036,4.670074462890625,5.377656936645508,6.015137195587158,6.586034774780273,6.94014835357666,7.1615309715271,7.480947971343994,7.966834545135498,8.581695556640625,9.031634330749512,9.441265106201172,10.086585998535156,10.722282409667969,11.154377937316895,11.419648170471191,11.333295822143555,10.662314414978027,9.690546989440918,8.852104187011719,8.371814727783203,8.300884246826172,8.38716983795166,8.283655166625977,8.048458099365234,7.986003398895264,8.10454273223877,8.163089752197266,8.039711952209473,7.949334621429443,7.94160795211792,7.990490436553955,8.488004684448242,9.300294876098633,9.49754524230957,8.958819389343262,8.49798583984375,8.524663925170898,8.826065063476562,9.1111421585083,9.264084815979004
1.7419086694717407,2.225217342376709,2.5173027515411377,3.12583589553833,4.071432113647461,4.694489002227783,4.951443672180176,5.142025947570801,5.484351634979248,6.008369445800781,6.561585426330566,6.993161678314209,7.370706558227539,7.837571620941162,8.489388465881348,9.350900650024414,10.201255798339844,10.871418952941895,11.371694564819336,11.6102933883667,11.38338565826416,10.725879669189453,10.078396797180176,9.711249351501465,9.52912712097168,9.348670959472656,9.013639450073242,8.53778076171875,8.19051742553711,8.195891380310059,8.35468578338623,8.377175331115723,8.279850959777832,8.083383560180664,7.8401055335998535,7.900584697723389,8.503495216369629,9.069225311279297,8.848504066467285,8.196061134338379,7.850424766540527,8.043137550354004,8.565314292907715,8.958639144897461
1.414720058441162,1.797338604927063,2.264516592025757,3.011505126953125,3.5214831829071045,3.5881693363189697,3.5368611812591553,3.652230739593506,4.0706467628479,4.722628116607666,5.41143798828125,5.9160284996032715,6.208377838134766,6.428506851196289,7.019714832305908,8.163076400756836,9.4605073928833,10.605450630187988,11.422941207885742,11.830994606018066,11.886616706848145,11.606599807739258,11.241202354431152,10.975839614868164,10.641357421875,10.16660213470459,9.657025337219238,9.101914405822754,8.58806037902832,8.347704887390137,8.38563060760498,8.536272048950195,8.612237930297852,8.427999496459961,7.8948283195495605,7.395035743713379,7.506964206695557,8.176237106323242,8.49155330657959,8.234067916870117,7.894080638885498,7.760524272918701,8.017529487609863,8.456221580505371
1.1352821588516235,1.711448073387146,2.3110270500183105,2.6146554946899414,2.65960431098938,2.5523226261138916,2.3769431114196777,2.4791359901428223,2.872241497039795,3.5029993057250977,4.222947597503662,4.7379536628723145,5.0466437339782715,5.21771240234375,5.6489410400390625,6.681215763092041,8.131416320800781,9.588494300842285,10.694019317626953,11.36041259765625,11.67122745513916,11.754446983337402,11.737836837768555,11.62436294555664,11.277063369750977,10.727246284484863,10.082525253295898,9.462095260620117,8.894938468933105,8.360211372375488,8.081036567687988,8.124678611755371,8.22527027130127,8.234384536743164,7.889357089996338,7.2712249755859375,6.955686092376709,7.358611106872559,8.093914031982422,8.395228385925293,8.22372817993164,7.81749963760376,7.641044616699219,8.023699760437012
0.6509760618209839,1.485327124595642,1.902461051940918,1.9159258604049683,1.9990099668502808,2.0240235328674316,1.7998884916305542,1.7361043691635132,2.0028011798858643,2.5532875061035156,3.2815420627593994,3.881279230117798,4.196940898895264,4.370546817779541,4.720420837402344,5.542367458343506,6.814236164093018,8.17200756072998,9.258731842041016,10.027918815612793,10.506795883178711,10.736846923828125,10.962750434875488,11.211405754089355,11.29904842376709,11.020297050476074,10.229841232299805,9.321379661560059,8.631876945495605,7.934599876403809,7.356126308441162,7.201369285583496,7.297051429748535,7.483412742614746,7.459294319152832,7.077348709106445,6.821595191955566,7.089867115020752,7.7807936668396,8.216700553894043,8.147573471069336,7.823602199554443,7.690335750579834,8.036728858947754
-0.08302003145217896,0.8362618088722229,1.4364794492721558,1.833121657371521,2.0839085578918457,2.1438119411468506,1.9749267101287842,1.8020012378692627,1.8518561124801636,2.240401029586792,2.9269518852233887,3.596132516860962,4.028749465942383,4.244508743286133,4.44487190246582,4.959010601043701,5.864981651306152,6.828768730163574,7.677978038787842,8.46088695526123,9.009893417358398,9.294963836669922,9.596402168273926,10.0259370803833,10.415351867675781,10.435892105102539,9.779293060302734,8.747659683227539,7.879028797149658,7.192305564880371,6.551695346832275,6.118159770965576,6.099231243133545,6.458800792694092,6.60788106918335,6.4645867347717285,6.560423374176025,6.950210094451904,7.398930072784424,7.7229790687561035,7.858746528625488,7.963258266448975,8.148539543151855,8.449126243591309
-0.4815581142902374,0.6862968802452087,1.5724984407424927,2.1947011947631836,2.5920376777648926,2.7419679164886475,2.7643520832061768,2.77378511428833,2.7708113193511963,2.8725571632385254,3.2453343868255615,3.867645502090454,4.453883171081543,4.855488300323486,5.163353443145752,5.37129020690918,5.674224376678467,6.103899002075195,6.526449203491211,7.011473655700684,7.4549713134765625,7.802205562591553,8.143609046936035,8.518672943115234,8.855220794677734,8.917572975158691,8.564376831054688,7.896947383880615,7.175459384918213,6.573493957519531,5.9281392097473145,5.304662227630615,5.155927658081055,5.527465343475342,5.859171390533447,5.942055702209473,6.217177391052246,6.5922369956970215,6.868984222412109,7.2147135734558105,7.541414737701416,7.906732559204102,8.317344665527344,8.620004653930664
0.05288783460855484,1.0786488056182861,1.8900243043899536,2.676077127456665,3.27429461479187,3.578563690185547,3.7670600414276123,3.9124257564544678,4.022337913513184,4.14400053024292,4.320980072021484,4.61649751663208,5.066125392913818,5.612395286560059,6.173978805541992,6.434264659881592,6.489806175231934,6.48832893371582,6.353303909301758,6.301426887512207,6.406534194946289,6.681733131408691,7.167843818664551,7.649789333343506,7.83907413482666,7.600034236907959,7.220487117767334,6.966370105743408,6.655471324920654,6.147746562957764,5.5394606590271,4.964530944824219,4.844459533691406,5.034777641296387,5.403059959411621,5.678293704986572,5.985050201416016,6.292329788208008,6.4685492515563965,6.682586669921875,6.854113578796387,7.088006019592285,7.6051249504089355,8.144746780395508
0.06108616292476654,1.1303598880767822,2.0929739475250244,3.0985803604125977,3.9021177291870117,4.434887886047363,4.746994972229004,4.906710147857666,5.09141731262207,5.322866439819336,5.4928131103515625,5.545806407928467,5.673611640930176,5.938355922698975,6.390995502471924,6.907196998596191,7.2289533615112305,7.157729148864746,6.7556233406066895,6.400540828704834,6.18235445022583,6.167644500732422,6.489978313446045,6.932805061340332,7.053593635559082,6.747292995452881,6.416421890258789,6.408039569854736,6.278589725494385,5.809203147888184,5.387927532196045,4.9480719566345215,4.8133344650268555,4.801103115081787,5.044961929321289,5.353858947753906,5.612163543701172,5.916721343994141,6.073713779449463,6.049612045288086,5.859283924102783,5.807843208312988,6.379007816314697,7.3399553298950195
-0.21254144608974457,0.8216899633407593,1.912954330444336,3.0574538707733154,4.107580184936523,4.976924419403076,5.540016174316406,5.828359603881836,6.050210475921631,6.29207181930542,6.460643291473389,6.4309868812561035,6.389682292938232,6.376125812530518,6.487089157104492,6.875040531158447,7.292478084564209,7.466517925262451,7.3236212730407715,6.969655513763428,6.496666431427002,6.133606910705566,6.0739545822143555,6.155068874359131,6.13922643661499,6.074370861053467,6.160529136657715,6.327023506164551,6.037188529968262,5.52684211730957,5.189422130584717,4.8422956466674805,4.641916275024414,4.530768871307373,4.607349872589111,4.833018779754639,4.948321342468262,5.11848783493042,5.328474044799805,5.442927360534668,5.311700820922852,5.130392551422119,5.509239673614502,6.487242221832275
0.05867539718747139,0.7080041766166687,1.5294122695922852,2.521660327911377,3.659635543823242,4.8050408363342285,5.682313442230225,6.228574275970459,6.543209552764893,6.715085983276367,6.76883602142334,6.725743770599365,6.682321548461914,6.623680591583252,6.644053936004639,6.879152297973633,7.190799236297607,7.479301929473877,7.684271812438965,7.597613334655762,7.1276535987854,6.520359516143799,5.991293430328369,5.554121017456055,5.324118137359619,5.466708660125732,5.8350701332092285,5.98201322555542,5.528318405151367,5.17108678817749,4.998947620391846,4.69351053237915,4.483156204223633,4.3099260330200195,4.197994709014893,4.270704746246338,4.358431339263916,4.30799674987793,4.421582221984863,4.848206520080566,5.214530944824219,5.232727527618408,5.261503219604492,5.595026969909668
