data/wind_data/wind_25_7.json
{"header": {"parameterUnit": "KT", "parameterCategory": 2, "nx": 256, "ny": 198, "lo1": 44.73521041870117, "la1": -3.236724853515625, "lo2": 111.26478576660156, "la2": 43.468475341796875, "dx": 0.2609002888202667, "dy": -0.23708222806453705, "refTime": "2025-02-20 01:00:00", "forecastTime": 0, "parameterNumber": 2, "parameterNumberName": "eastward_wind"}, "data":
[rows 140 to 159 of 198, columns 44 to 87 of 256]
104.52717590332031,104.3602294921875,104.5693130493164,103.97160339355469,102.319580078125,100.30657958984375,98.75105285644531,98.122802734375,98.44561767578125,99.3568344116211,100.0235595703125,99.67611694335938,98.38435363769531,96.68328857421875,95.25007629394531,94.79852294921875,95.12084197998047,95.35069274902344,95.31832885742188,95.28831481933594,95.35655975341797,95.52735900878906,95.46490478515625,94.7831039428711,93.56836700439453,92.12464141845703,90.54409790039062,88.9312744140625,87.61653137207031,86.73041534423828,85.82073974609375,84.48243713378906,82.98458862304688,81.62979888916016,80.14110565185547,78.40623474121094,76.96283721923828,76.16287231445312,76.18180847167969,76.95889282226562,77.45487213134766,76.38347625732422,74.45985412597656,72.40856170654297
104.43721771240234,104.32107543945312,103.9136962890625,103.23414611816406,102.15331268310547,100.73986053466797,99.44871520996094,98.68536376953125,98.62593841552734,99.11328887939453,99.46841430664062,99.0630874633789,97.8404312133789,96.19103240966797,94.83150482177734,94.27351379394531,94.22932434082031,94.12284088134766,93.98831176757812,93.96469116210938,93.88841247558594,93.82169342041016,93.64346313476562,92.93592071533203,91.74112701416016,90.4672622680664,89.16862487792969,87.63103485107422,85.96219635009766,84.45802307128906,83.17938995361328,81.93882751464844,80.61518859863281,79.13270568847656,77.32561492919922,75.45420837402344,74.2541732788086,73.86985778808594,74.0003890991211,74.51085662841797,74.99819946289062,74.32981872558594,72.74076843261719,71.40021514892578
104.05580139160156,103.30306243896484,102.5229721069336,102.16943359375,101.84402465820312,101.10458374023438,100.08663940429688,99.09782409667969,98.51953125,98.47213745117188,98.51544952392578,98.14285278320312,97.06990814208984,95.5348892211914,94.30644226074219,93.6015396118164,93.09842681884766,92.6266860961914,92.27140045166016,92.04014587402344,91.68870544433594,91.33866119384766,91.14579010009766,90.6804428100586,89.72710418701172,88.63031005859375,87.5208511352539,86.04936218261719,84.1144790649414,82.01317596435547,80.19254302978516,78.89225769042969,77.72322845458984,76.23040771484375,74.31800079345703,72.40768432617188,71.46025085449219,71.63569641113281,72.11714172363281,72.46993255615234,72.6467056274414,72.14488220214844,70.88440704345703,69.92760467529297
102.97045135498047,102.03907012939453,101.28443908691406,100.86749267578125,100.61870574951172,100.38846588134766,99.88236999511719,98.96796417236328,98.13137817382812,97.74615478515625,97.55038452148438,97.140380859375,96.09236907958984,94.49976348876953,93.21947479248047,92.39334106445312,91.5470199584961,90.71965789794922,90.02342224121094,89.3730239868164,88.68830108642578,88.11893463134766,87.9239501953125,87.822509765625,87.27332305908203,86.36197662353516,85.30769348144531,83.79325866699219,81.60372924804688,79.0919418334961,76.81793212890625,75.30262756347656,74.32677459716797,73.03048706054688,71.29521179199219,69.57017517089844,68.5639419555664,68.70977783203125,69.4519271850586,70.2686538696289,71.2132797241211,71.39037322998047,70.16651153564453,68.55911254882812
102.1055679321289,100.9619140625,99.65653991699219,98.60938262939453,98.22203826904297,98.47582244873047,98.64775085449219,98.19503784179688,97.50102996826172,97.0778579711914,96.80452728271484,96.26222229003906,94.94486999511719,92.9342041015625,91.20491027832031,90.11691284179688,89.0611343383789,88.01836395263672,87.08782196044922,86.11903381347656,85.20240783691406,84.51607513427734,84.16096496582031,84.0722885131836,83.7945785522461,83.20132446289062,82.38574981689453,80.92396545410156,78.41931915283203,75.50995635986328,73.26583099365234,71.91263580322266,71.0025863647461,69.73587036132812,68.04439544677734,66.6352767944336,65.76563262939453,65.6739501953125,66.21646118164062,67.0062026977539,69.05921936035156,71.60830688476562,71.8404312133789,69.35839080810547
101.27809143066406,99.20244598388672,97.15780639648438,96.1915512084961,96.2037582397461,96.47176361083984,96.47615051269531,96.23951721191406,96.1003646850586,96.15741729736328,95.99087524414062,94.9939956665039,93.021484375,90.46090698242188,88.29448699951172,86.9534683227539,85.86288452148438,84.74400329589844,83.68267822265625,82.59127807617188,81.5788803100586,80.89807891845703,80.45228576660156,80.03690338134766,79.5713882446289,79.0963363647461,78.52488708496094,77.30797576904297,74.8685073852539,71.64764404296875,69.40428924560547,69.11445617675781,69.06053924560547,67.51211547851562,65.18810272216797,63.46833801269531,62.52656173706055,62.42633819580078,63.26703643798828,64.18108367919922,65.70392608642578,69.25428771972656,72.49761962890625,71.98360443115234
99.6930923461914,97.0057373046875,95.1455307006836,94.54588317871094,94.35558319091797,94.00445556640625,93.64860534667969,93.71965789794922,94.18590545654297,94.5699234008789,94.18727111816406,92.52510833740234,89.87861633300781,87.2427749633789,85.33526611328125,84.17417907714844,83.1623764038086,81.86675262451172,80.46271514892578,79.1518325805664,77.98741912841797,77.26131439208984,77.07402801513672,76.85028839111328,76.10713195800781,75.03343200683594,73.97266387939453,72.71510314941406,70.76618957519531,68.03535461425781,65.51676177978516,65.38628387451172,67.45694732666016,67.6781997680664,65.06067657470703,62.10152816772461,60.0317268371582,59.234222412109375,59.971534729003906,61.52141189575195,63.34928512573242,66.07005310058594,69.5272445678711,72.0133285522461
97.40657043457031,95.18549346923828,93.94828033447266,93.05204010009766,92.00675201416016,91.18206787109375,91.0030746459961,91.31713104248047,91.69779205322266,91.68370056152344,90.88131713867188,88.9464111328125,86.4295883178711,84.46658325195312,83.39139556884766,82.55738067626953,81.30901336669922,79.48914337158203,77.5575942993164,75.9130859375,74.56607818603516,73.73245239257812,73.74128723144531,74.19129943847656,73.95357513427734,72.38756561279297,70.18194580078125,68.23054504394531,66.46239471435547,64.55738067626953,62.56629180908203,61.49310302734375,63.39973068237305,66.78279113769531,67.20213317871094,64.32013702392578,60.52394485473633,57.85089111328125,57.45825958251953,58.76847457885742,61.207733154296875,64.12359619140625,66.55197143554688,68.60130310058594
95.61316680908203,93.66962432861328,92.17098999023438,90.85115814208984,89.73497772216797,88.99368286132812,88.47283172607422,88.08960723876953,88.08193969726562,88.19879913330078,87.51792907714844,85.69517517089844,83.7248306274414,82.59436798095703,82.00479888916016,81.03680419921875,79.2135238647461,76.8404541015625,74.54588317871094,72.65392303466797,71.25662994384766,70.49678802490234,70.55508422851562,71.22201538085938,71.61331939697266,70.64154815673828,68.28173828125,65.638916015625,63.39420700073242,61.56201934814453,60.268714904785156,59.62896728515625,60.341915130615234,63.09186935424805,66.34115600585938,66.71251678466797,63.40679168701172,59.110687255859375,56.79317855834961,56.92342758178711,58.92030715942383,61.79096603393555,63.73456573486328,64.83901977539062
93.30439758300781,91.4090805053711,89.93505096435547,88.8678207397461,87.74504089355469,86.37091064453125,85.05664825439453,84.46821594238281,84.85913848876953,85.26985168457031,84.61590576171875,83.03746795654297,81.3907241821289,80.16272735595703,79.17139434814453,77.96644592285156,76.15019989013672,73.83109283447266,71.50397491455078,69.49559020996094,68.07717895507812,67.48344421386719,67.72315979003906,68.43437194824219,68.90351867675781,68.54092407226562,67.09077453613281,64.73299407958984,62.08393859863281,59.92890548706055,58.88008117675781,58.99159622192383,59.82091522216797,61.24840545654297,63.42638397216797,65.34217834472656,64.67264556884766,61.38280487060547,57.88356018066406,55.96469497680664,56.226016998291016,58.00300216674805,59.622764587402344,60.70340347290039
90.79753875732422,89.0705795288086,87.99452209472656,86.95504760742188,85.38922119140625,83.53692626953125,82.01476287841797,81.34236145019531,81.495849609375,81.62256622314453,81.13518524169922,79.97698211669922,78.22578430175781,76.34541320800781,74.94303894042969,73.95762634277344,72.71585845947266,70.89493560791016,68.88401794433594,67.01909637451172,65.5304183959961,64.849609375,65.16625213623047,65.99913024902344,66.5296401977539,66.42054748535156,65.72056579589844,64.1493911743164,61.71719741821289,59.44279861450195,58.43928527832031,58.842891693115234,59.99409866333008,61.09033966064453,61.932220458984375,62.78641128540039,63.10198211669922,61.78477096557617,58.846858978271484,55.7918815612793,54.1083869934082,53.94868469238281,54.719688415527344,56.20315933227539
88.1978530883789,87.05714416503906,86.05188751220703,84.40512084960938,82.29788208007812,80.33206176757812,78.6662826538086,77.53650665283203,77.20651245117188,77.34754943847656,77.21286010742188,76.09256744384766,74.02444458007812,71.98233795166016,70.93306732177734,70.56399536132812,69.82959747314453,68.44048309326172,66.86158752441406,65.3221435546875,63.85868453979492,62.98320007324219,63.15079116821289,63.95135498046875,64.53553009033203,64.6517562866211,64.56105041503906,63.867530822753906,61.99850845336914,59.680580139160156,58.3610725402832,58.60517501831055,59.83332443237305,61.189414978027344,61.78064727783203,61.41884994506836,60.68309783935547,59.763492584228516,58.060447692871094,55.72575759887695,53.812408447265625,52.23661804199219,51.347557067871094,52.1812629699707
85.21231079101562,84.13531494140625,82.6412124633789,80.5684814453125,78.40552520751953,76.33142852783203,74.3448257446289,73.13159942626953,73.1644515991211,73.73907470703125,73.6625747680664,72.3875732421875,70.3765869140625,68.68046569824219,68.1239242553711,68.16720581054688,67.64569091796875,66.48101806640625,65.21993255615234,63.96566390991211,62.693660736083984,61.807010650634766,61.74507141113281,62.30769348144531,62.87373733520508,63.213565826416016,63.61318588256836,63.80117416381836,62.829551696777344,60.8261604309082,59.09848403930664,58.70038986206055,59.44776153564453,60.49748229980469,60.97983932495117,60.16099166870117,58.40689468383789,56.97772216796875,55.903072357177734,54.60588836669922,53.45197677612305,52.028045654296875,50.21797180175781,49.80907440185547
81.3488540649414,80.04016876220703,78.3416519165039,76.43203735351562,74.48744201660156,72.6366958618164,71.39840698242188,71.17310333251953,71.55046081542969,71.6965103149414,71.04010772705078,69.5050048828125,67.61188507080078,66.24560546875,65.9710693359375,66.17377471923828,65.7825698852539,64.81873321533203,63.779136657714844,62.68817901611328,61.59330749511719,60.830936431884766,60.63151550292969,60.93808364868164,61.53656768798828,62.237918853759766,63.10031509399414,63.937835693359375,63.77607345581055,62.2125129699707,60.18405532836914,58.88615417480469,58.65864181518555,58.94056701660156,59.061668395996094,58.354515075683594,56.58191680908203,54.784244537353516,53.73200225830078,52.802337646484375,51.935768127441406,50.82961654663086,49.354286193847656,48.867855072021484
77.96119689941406,76.55122375488281,74.9255599975586,73.38589477539062,72.00196075439453,71.11592864990234,70.9501953125,71.02571868896484,70.68107604980469,69.79524230957031,68.50283813476562,66.87641143798828,65.24822235107422,64.28572082519531,64.20584106445312,64.35749816894531,63.95448303222656,63.117164611816406,62.320152282714844,61.4489631652832,60.45573425292969,59.7627067565918,59.618682861328125,60.01552963256836,60.89485549926758,62.01234817504883,63.174312591552734,64.2300033569336,64.45126342773438,63.11301040649414,60.66501998901367,58.33164978027344,57.0559196472168,56.7801628112793,56.86640548706055,56.629791259765625,55.4267578125,53.66825866699219,52.347896575927734,51.230979919433594,50.208072662353516,49.118228912353516,48.10089111328125,48.3668327331543
75.92353820800781,74.3506088256836,72.49993896484375,70.93203735351562,70.20144653320312,70.37110900878906,70.71571350097656,70.2387466430664,68.92935943603516,67.41678619384766,66.12200927734375,64.85350036621094,63.520755767822266,62.71760559082031,62.581336975097656,62.41159439086914,61.82719039916992,61.23786926269531,60.938804626464844,60.44674301147461,59.507667541503906,58.7984619140625,58.92808151245117,59.89902877807617,61.32887268066406,62.65487289428711,63.633949279785156,64.2823715209961,64.24337768554688,62.829742431640625,60.15696716308594,57.32115173339844,55.40559768676758,54.75400924682617,54.84256362915039,54.93782043457031,54.33149337768555,52.957000732421875,51.59843063354492,50.32375717163086,49.050559997558594,47.853763580322266,47.031978607177734,47.83806610107422
73.557861328125,71.4271469116211,69.08866882324219,68.13772583007812,68.84451293945312,69.94122314453125,69.86360168457031,68.37301635742188,66.6012954711914,65.59375762939453,65.08806610107422,63.96523666381836,62.21641540527344,61.110225677490234,60.83171081542969,60.36268997192383,59.68229293823242,59.54121780395508,59.957801818847656,59.99919891357422,59.2094841003418,58.53781509399414,59.01755905151367,60.5952033996582,62.39524459838867,63.519161224365234,63.8153076171875,63.60605239868164,62.8978157043457,61.29047775268555,58.82000732421875,56.36145782470703,54.58567810058594,53.62958908081055,53.30076599121094,53.19650650024414,52.93308639526367,52.20052719116211,51.17391586303711,49.998348236083984,48.7353401184082,47.583229064941406,46.60088348388672,47.0724983215332
69.95514678955078,67.47599792480469,66.04961395263672,66.61572265625,68.19820404052734,69.00119018554688,67.9600830078125,65.92951965332031,64.75200653076172,64.92166900634766,64.8294906616211,63.083492279052734,60.74617385864258,59.65506362915039,59.4865608215332,58.981510162353516,58.42385482788086,58.69294357299805,59.64586639404297,60.21236038208008,59.77340316772461,59.212806701660156,59.700279235839844,61.26982879638672,62.929107666015625,63.60970687866211,63.136478424072266,62.1090202331543,60.875675201416016,59.2774772644043,57.24678039550781,55.373714447021484,54.08785629272461,53.138519287109375,52.38920974731445,51.90348815917969,51.70967483520508,51.613990783691406,51.18480682373047,50.229042053222656,48.96061706542969,47.87968063354492,46.67300033569336,46.164093017578125
65.40118408203125,64.4171371459961,65.24923706054688,66.71809387207031,67.44120788574219,66.78665161132812,65.17259216308594,64.06396484375,64.26899719238281,64.7623291015625,63.976558685302734,61.76093673706055,59.76633071899414,59.14695739746094,59.057193756103516,58.678367614746094,58.46888732910156,58.95819854736328,59.98126220703125,60.74660110473633,60.5953254699707,60.00003433227539,60.00922775268555,60.97297286987305,62.203369140625,62.59019088745117,61.72264862060547,60.25861358642578,58.83865737915039,57.422203063964844,55.833457946777344,54.36379623413086,53.398502349853516,52.70450210571289,51.980804443359375,51.37275695800781,51.196990966796875,51.37291717529297,51.373939514160156,50.6839485168457,49.362152099609375,48.16722869873047,46.74333572387695,45.367210388183594
62.78150177001953,63.775367736816406,65.3359375,66.06116485595703,65.36223602294922,63.751441955566406,62.76411056518555,63.30888748168945,64.37919616699219,64.2794189453125,62.78950881958008,60.98163604736328,59.904151916503906,59.53021240234375,59.26292419433594,59.08692932128906,59.197181701660156,59.556800842285156,60.19163131713867,60.81190490722656,60.75201416015625,59.96520233154297,59.36833190917969,59.68888473510742,60.56951904296875,60.89000701904297,59.99903106689453,58.421817779541016,56.98344421386719,55.82408905029297,54.73491287231445,53.74704360961914,53.02084732055664,52.46904754638672,51.871124267578125,51.258487701416016,51.02845001220703,51.198890686035156,51.21613311767578,50.62871551513672,49.44064712524414,48.21571350097656,46.660335540771484,44.89748764038086
