data/wind_data/wind_15_2.json
{"header": {"parameterUnit": "KT", "parameterCategory": 2, "nx": 256, "ny": 198, "lo1": 44.73521041870117, "la1": -3.236724853515625, "lo2": 111.26478576660156, "la2": 43.468475341796875, "dx": 0.2609002888202667, "dy": -0.23708222806453705, "refTime": "2025-02-19 15:00:00", "forecastTime": 0, "parameterNumber": 2, "parameterNumberName": "eastward_wind"}, "data":
[rows 152 to 170 of 198, columns 129 to 171 of 256]
19.739179611206055,20.29303741455078,17.032825469970703,14.24975299835205,14.81726360321045,16.684907913208008,17.8043155670166,17.07731056213379,15.358356475830078,13.676204681396484,11.669717788696289,11.366104125976562,13.20074462890625,14.524374008178711,15.174213409423828,13.73893928527832,12.632308006286621,12.885335922241211,12.461976051330566,12.156096458435059,13.052637100219727,14.923884391784668,15.07264518737793,11.495880126953125,11.379716873168945,14.343674659729004,15.745868682861328,18.122779846191406,22.991029739379883,24.634700775146484,18.989933013916016,16.143064498901367,11.427313804626465,5.603522777557373,-0.5005415081977844,-6.687784194946289,-10.316957473754883,-12.761137008666992,-12.104643821716309,-10.960803985595703,-9.14368724822998,-7.908226013183594,-3.5972390174865723
19.99740982055664,19.58551025390625,17.201175689697266,14.980725288391113,15.845839500427246,17.82329750061035,18.408288955688477,16.860328674316406,14.515058517456055,12.783905982971191,12.415104866027832,12.341196060180664,12.395941734313965,12.452536582946777,10.445576667785645,7.489363670349121,8.26332950592041,10.117733001708984,11.467577934265137,10.3408203125,11.738775253295898,11.312827110290527,9.403985023498535,7.93367862701416,10.473672866821289,16.51250648498535,21.994508743286133,20.405942916870117,17.35258674621582,13.836081504821777,6.9332499504089355,5.4409661293029785,1.7091903686523438,-4.6373372077941895,-10.397931098937988,-13.117287635803223,-13.803135871887207,-13.298138618469238,-10.686992645263672,-9.289305686950684,-10.039216995239258,-9.396618843078613,-4.504015922546387
19.775264739990234,20.225065231323242,18.08603858947754,15.616168022155762,16.604557037353516,18.201086044311523,18.151702880859375,15.81657600402832,13.333902359008789,13.562413215637207,15.117724418640137,15.61483383178711,12.340306282043457,8.438300132751465,7.492693901062012,6.763660430908203,9.21966552734375,11.016738891601562,9.613346099853516,6.665626049041748,6.835930347442627,6.397639751434326,6.839519023895264,10.081167221069336,8.574447631835938,8.448342323303223,1.1304603815078735,-4.126880645751953,-8.344914436340332,-10.80007266998291,-8.340960502624512,-7.989952087402344,-9.104851722717285,-10.53475570678711,-10.392969131469727,-12.717015266418457,-13.327740669250488,-9.919269561767578,-6.519761562347412,-4.159224033355713,-3.0307953357696533,-2.982055187225342,-2.20721173286438
20.554359436035156,21.216182708740234,18.40167808532715,16.580703735351562,17.649436950683594,19.005510330200195,16.46879005432129,13.192052841186523,13.061211585998535,14.493091583251953,16.024179458618164,15.806571006774902,16.774150848388672,12.989969253540039,8.698091506958008,8.149064064025879,9.174434661865234,8.214990615844727,5.0124616622924805,2.8328230381011963,3.5108046531677246,2.342827796936035,1.0559632778167725,0.6023005247116089,1.3988001346588135,-0.5390087366104126,-3.7607667446136475,-9.544961929321289,-10.621377944946289,-11.143853187561035,-12.072839736938477,-10.990886688232422,-7.629987716674805,-8.888633728027344,-12.502952575683594,-12.727885246276855,-9.012630462646484,-4.4883036613464355,-1.8953694105148315,-0.4615531265735626,-0.2685583829879761,-1.6219619512557983,-0.7191431522369385
21.962377548217773,21.143157958984375,18.88576889038086,17.870994567871094,18.27430534362793,15.912676811218262,12.491787910461426,12.057703018188477,12.111556053161621,12.489831924438477,14.810260772705078,15.850456237792969,16.935413360595703,18.794179916381836,21.777088165283203,15.912327766418457,7.466021537780762,3.0335381031036377,2.21148943901062,2.4294774532318115,3.1619417667388916,0.10717159509658813,-3.043456554412842,-4.129985809326172,-4.776735782623291,-3.2768993377685547,-4.783406734466553,-7.619899749755859,-4.772828102111816,-6.458075046539307,-7.514498710632324,-7.945527076721191,-9.04182243347168,-10.047942161560059,-9.074624061584473,-6.598937511444092,-5.890644073486328,-4.7302985191345215,-2.6786766052246094,-0.9900752305984497,0.5163557529449463,0.5251104235649109,1.414344310760498
22.220056533813477,20.56467056274414,20.11732292175293,19.889751434326172,18.835763931274414,15.98170280456543,14.919093132019043,11.182360649108887,12.332359313964844,18.2314453125,23.255847930908203,19.761449813842773,15.267128944396973,16.567686080932617,16.14386558532715,9.650891304016113,7.063388347625732,6.796950817108154,7.8159284591674805,4.054536819458008,2.3366751670837402,2.0147290229797363,-0.8533890247344971,-0.17762593924999237,-2.913956880569458,-3.430302381515503,-3.9522647857666016,-4.329587459564209,-5.300671577453613,-5.997209548950195,-5.86841344833374,-6.270793437957764,-6.066829681396484,-5.571544170379639,-7.2880859375,-5.9246392250061035,-4.933307647705078,-3.812203884124756,-1.8362982273101807,0.5739372968673706,1.3009334802627563,1.2772696018218994,3.3656716346740723
20.899688720703125,20.334392547607422,21.63393783569336,21.4959716796875,17.229108810424805,15.74197006225586,17.033109664916992,16.756746292114258,18.49098014831543,20.30303192138672,21.129518508911133,18.92244529724121,14.648581504821777,13.464759826660156,11.937371253967285,13.035967826843262,14.205524444580078,13.857619285583496,14.721896171569824,10.182928085327148,4.895849704742432,3.154010057449341,2.29961895942688,-2.2707839012145996,-4.509406566619873,-3.6768205165863037,-1.2335219383239746,2.349186420440674,3.5147194862365723,-0.6825670599937439,-1.8377408981323242,-2.2430222034454346,-3.6277952194213867,-2.332476854324341,-2.5075111389160156,-2.0084145069122314,-1.9529337882995605,-1.1375069618225098,0.20486855506896973,1.5259387493133545,2.3573124408721924,3.4410948753356934,5.510629177093506
19.63878059387207,20.0930118560791,21.22794532775879,20.98009490966797,19.705263137817383,19.7520809173584,17.350236892700195,18.2746639251709,18.442724227905273,12.309639930725098,8.701010704040527,8.58020305633545,6.718210697174072,6.1404595375061035,6.341770172119141,8.805520057678223,13.772967338562012,15.513699531555176,15.252700805664062,15.89781665802002,8.850236892700195,4.6341400146484375,1.067630410194397,-0.28484848141670227,-0.425459623336792,0.08079622685909271,0.014213941991329193,0.4671892523765564,2.0314135551452637,1.9436008930206299,0.5598522424697876,-1.0515694618225098,-1.0872184038162231,-0.03933781385421753,0.14179553091526031,-0.8517857789993286,-1.2899335622787476,0.028985371813178062,1.427674651145935,2.9981491565704346,4.247923851013184,5.11444091796875,6.622021675109863
18.898998260498047,19.001991271972656,17.74359893798828,17.78101348876953,18.142414093017578,16.00763511657715,8.120369911193848,3.261380672454834,1.8582030534744263,1.1455950736999512,2.74692440032959,5.02288818359375,6.2102274894714355,7.263841152191162,8.279869079589844,9.86660385131836,12.068222999572754,13.171541213989258,13.995105743408203,15.12778091430664,8.27753734588623,3.0426058769226074,2.637782335281372,5.0704345703125,5.2100348472595215,4.42193603515625,3.677215337753296,2.9122202396392822,1.8678561449050903,2.605527639389038,3.525116205215454,3.0055768489837646,3.10078763961792,3.9876112937927246,3.306755304336548,0.515644907951355,-0.9326221942901611,-0.4078122079372406,1.529532551765442,3.820185422897339,5.598078727722168,7.028199672698975,8.705110549926758
22.26190948486328,21.752607345581055,20.552148818969727,16.854822158813477,9.729608535766602,-0.8551741242408752,-5.357339382171631,-1.7749232053756714,-0.5254427790641785,0.2911331057548523,2.721574544906616,4.872713088989258,6.677739143371582,7.715246677398682,10.927050590515137,14.95602798461914,15.292798042297363,14.453904151916504,13.081868171691895,11.185897827148438,9.28085708618164,9.059359550476074,7.192471981048584,3.984015941619873,3.3150341510772705,2.754411220550537,2.5956575870513916,2.7376062870025635,3.984063148498535,4.616741180419922,4.066213130950928,4.447699069976807,6.406582355499268,8.694245338439941,11.038681983947754,8.224054336547852,2.3690130710601807,1.4974019527435303,3.2554500102996826,5.854661464691162,7.768165588378906,9.023780822753906,10.588874816894531
19.19147491455078,12.638738632202148,3.470463752746582,-2.1919360160827637,-3.7039437294006348,-5.1339945793151855,-1.8483270406723022,3.01762056350708,2.152040481567383,0.4433418810367584,-1.6536290645599365,-1.521270751953125,-1.072381854057312,1.8996860980987549,8.337230682373047,13.610738754272461,12.773932456970215,11.236584663391113,12.077607154846191,10.438881874084473,9.694395065307617,10.585917472839355,7.139538288116455,3.9847700595855713,3.1856818199157715,1.4578338861465454,1.8601188659667969,2.9365429878234863,4.119671821594238,4.164172649383545,3.6248772144317627,4.096762657165527,6.500715255737305,9.267608642578125,10.356493949890137,10.257173538208008,6.911481857299805,4.641598224639893,5.476652145385742,7.72034215927124,9.880417823791504,11.237258911132812,12.383679389953613
8.587762832641602,0.2454073131084442,-4.460299491882324,-5.4529500007629395,-4.027374744415283,-2.139972686767578,1.0570780038833618,6.189025402069092,5.4539794921875,-1.7278105020523071,-5.315540313720703,-4.954630374908447,-5.276222229003906,-4.247579097747803,-0.9031577110290527,3.373399019241333,3.008997917175293,3.395301580429077,4.978944778442383,4.793886661529541,4.880681991577148,4.721734523773193,4.880256175994873,4.766316890716553,4.542572021484375,4.236690521240234,4.747509479522705,4.920520782470703,5.060800075531006,5.688540935516357,5.3817315101623535,5.466615676879883,7.4067840576171875,8.540481567382812,6.8843889236450195,5.7614216804504395,5.084352493286133,5.0888285636901855,6.680967807769775,9.133451461791992,11.543340682983398,13.269733428955078,14.349037170410156
-4.08870267868042,-6.837248802185059,-6.357244491577148,-4.766235828399658,-4.803805828094482,-6.112215042114258,-7.288815021514893,-6.3702287673950195,-5.640928745269775,-6.834985256195068,-8.525586128234863,-10.805815696716309,-11.434792518615723,-10.721487998962402,-10.835466384887695,-10.5635347366333,-9.58194637298584,-8.000754356384277,-5.937375545501709,-3.3796002864837646,-0.8863512277603149,1.2477794885635376,3.113398790359497,3.6890292167663574,4.229182720184326,5.984324932098389,6.791521072387695,6.3466901779174805,7.230679512023926,8.710750579833984,8.193511962890625,7.63627815246582,8.281200408935547,7.7668538093566895,5.974175453186035,5.367572784423828,5.675135612487793,6.180357933044434,7.813061714172363,10.674911499023438,13.727813720703125,15.545286178588867,16.6229305267334
-6.329248428344727,-7.02116584777832,-6.114981174468994,-6.4732747077941895,-9.609701156616211,-12.290199279785156,-13.147841453552246,-12.24814224243164,-10.365260124206543,-8.852935791015625,-9.611989974975586,-11.184419631958008,-11.72459602355957,-12.155865669250488,-12.899639129638672,-13.045879364013672,-12.414347648620605,-11.676370620727539,-11.052377700805664,-10.408778190612793,-8.569147109985352,-5.0127058029174805,-1.2216674089431763,1.798807144165039,4.594191074371338,6.663930892944336,5.540781497955322,4.884544849395752,7.398469924926758,10.475380897521973,9.436930656433105,7.760542869567871,7.394903182983398,6.745996475219727,6.482323169708252,6.536539077758789,6.661479473114014,7.353255271911621,9.6131591796875,13.515121459960938,16.81702995300293,17.83755111694336,18.170995712280273
-8.806360244750977,-10.036946296691895,-10.400317192077637,-10.505919456481934,-12.367846488952637,-13.48291015625,-13.04390811920166,-11.401751518249512,-9.970416069030762,-9.59061336517334,-9.763654708862305,-9.991445541381836,-10.491622924804688,-11.050853729248047,-11.281715393066406,-10.539817810058594,-9.592658996582031,-9.921653747558594,-10.705598831176758,-11.212635040283203,-10.784363746643066,-8.86659049987793,-6.500552654266357,-3.777421712875366,-0.5235484838485718,3.071091651916504,6.010871410369873,7.038695812225342,7.000152111053467,9.849446296691895,10.582330703735352,8.46677017211914,6.851402282714844,6.491262435913086,6.961319446563721,7.8176069259643555,8.735819816589355,10.178855895996094,13.233723640441895,17.244827270507812,18.675018310546875,18.592411041259766,18.52294158935547
-9.156898498535156,-9.932206153869629,-10.544989585876465,-10.153801918029785,-10.103200912475586,-10.921175003051758,-11.558530807495117,-10.723097801208496,-9.769909858703613,-9.40246295928955,-9.393250465393066,-9.721268653869629,-10.269582748413086,-10.493082046508789,-10.381437301635742,-9.75944709777832,-9.178296089172363,-9.13577938079834,-9.512275695800781,-9.900471687316895,-9.579634666442871,-8.276954650878906,-7.418343544006348,-7.481809139251709,-6.502159595489502,-3.958030939102173,-1.7131115198135376,1.195813775062561,4.7719197273254395,7.058445453643799,9.340408325195312,8.761441230773926,5.821878433227539,3.8081488609313965,3.444849729537964,5.4912638664245605,9.161127090454102,13.571560859680176,17.750629425048828,20.24388313293457,19.80651092529297,19.345151901245117,19.579721450805664
-7.350340843200684,-8.365262985229492,-9.516095161437988,-9.53625202178955,-9.186652183532715,-9.439310073852539,-10.374433517456055,-10.350715637207031,-9.181931495666504,-8.377250671386719,-8.696126937866211,-9.662802696228027,-10.703203201293945,-10.989378929138184,-10.576881408691406,-9.89089298248291,-9.382739067077637,-9.132182121276855,-9.088037490844727,-9.47482967376709,-10.368769645690918,-10.683485984802246,-10.59825325012207,-10.142631530761719,-9.010139465332031,-7.38805627822876,-6.416529655456543,-5.829107284545898,-3.1355841159820557,2.470139980316162,5.5523176193237305,7.709779739379883,5.967798709869385,5.202446460723877,6.112926959991455,9.231929779052734,10.189834594726562,13.23341178894043,17.88797950744629,19.85293197631836,19.92142677307129,22.657930374145508,23.710119247436523
-6.072389125823975,-7.5950164794921875,-9.518165588378906,-10.155497550964355,-9.441798210144043,-8.685903549194336,-8.627967834472656,-8.663158416748047,-8.129691123962402,-7.615171909332275,-8.200480461120605,-9.40578556060791,-10.322392463684082,-10.520560264587402,-10.577560424804688,-10.365899085998535,-9.851856231689453,-9.576469421386719,-9.670854568481445,-10.566162109375,-12.000138282775879,-12.966459274291992,-13.684797286987305,-14.102859497070312,-13.578747749328613,-11.93815803527832,-9.541297912597656,-7.318515300750732,-5.714997291564941,-1.6252962350845337,5.25378942489624,9.413605690002441,9.538466453552246,9.656695365905762,11.991074562072754,13.688404083251953,13.12083625793457,14.682841300964355,17.688213348388672,18.49237823486328,20.47898292541504,24.643579483032227,23.93235206604004
-5.211326599121094,-6.1680402755737305,-7.308718204498291,-8.118183135986328,-8.415570259094238,-7.960197925567627,-7.156329154968262,-6.709257125854492,-6.645711421966553,-6.46458625793457,-7.067405700683594,-8.398816108703613,-9.203653335571289,-9.44995403289795,-10.165670394897461,-10.629480361938477,-9.903233528137207,-9.69804573059082,-10.29990291595459,-10.910264015197754,-11.766538619995117,-13.01914119720459,-14.867143630981445,-15.933219909667969,-15.089001655578613,-13.698555946350098,-12.91076374053955,-12.900662422180176,-13.103475570678711,-12.318117141723633,-8.189766883850098,-0.6583808660507202,5.643608093261719,9.625333786010742,13.713823318481445,15.642898559570312,14.24349308013916,16.01761817932129,17.170766830444336,17.713228225708008,22.023042678833008,25.493080139160156,25.664899826049805
