data/wind_data/wind_16_1.json
{"header": {"parameterUnit": "KT", "parameterCategory": 2, "nx": 256, "ny": 198, "lo1": 44.73521041870117, "la1": -3.236724853515625, "lo2": 111.26478576660156, "la2": 43.468475341796875, "dx": 0.2609002888202667, "dy": -0.23708222806453705, "refTime": "2025-02-19 16:00:00", "forecastTime": 0, "parameterNumber": 2, "parameterNumberName": "eastward_wind"}, "data":
[rows 152 to 170 of 198, columns 86 to 128 of 256]
2.4943535327911377,-3.782846689224243,-4.2054667472839355,-0.9657714366912842,-7.542354583740234,-6.323950290679932,-1.6652065515518188,-3.2236833572387695,-4.387970447540283,-7.335739612579346,-8.529484748840332,-10.162999153137207,-12.989838600158691,-14.121047019958496,-17.793155670166016,-16.049638748168945,-5.199131488800049,7.786769390106201,19.138755798339844,10.493996620178223,-4.9366607666015625,10.68798828125,12.941217422485352,4.653268337249756,-8.750535011291504,-14.454367637634277,-11.108113288879395,-2.3329336643218994,-5.823484420776367,-13.184144020080566,-9.977240562438965,-6.074208736419678,-0.7089966535568237,4.27204704284668,3.3043646812438965,-3.0475330352783203,-10.92384147644043,-16.276885986328125,-11.555374145507812,-10.771943092346191,-13.69160270690918,-12.588138580322266,-6.597210884094238
2.5622291564941406,-4.31349515914917,-8.343144416809082,-4.430346965789795,-1.8726693391799927,-9.084609985351562,-3.7949042320251465,-1.8784939050674438,0.2678338289260864,-1.6604161262512207,-3.581679582595825,-3.048107385635376,-8.154644966125488,-12.74632453918457,-14.532158851623535,-10.414459228515625,-0.3312009274959564,11.087200164794922,18.48549461364746,11.907909393310547,-0.26941561698913574,9.468461036682129,7.037172794342041,-5.912175178527832,-13.340584754943848,-14.393697738647461,-8.70145034790039,-4.956105709075928,-11.797117233276367,-9.772067070007324,-5.783229351043701,-2.9578094482421875,-1.0915298461914062,-5.247476577758789,-7.960424900054932,-17.169097900390625,-20.080224990844727,-15.509307861328125,-7.523324966430664,-6.8118815422058105,-18.548768997192383,-11.100199699401855,-0.510029137134552
0.9947242736816406,-4.428142547607422,-6.058342933654785,-7.000030517578125,0.03412569686770439,-4.362543106079102,-5.582991123199463,-0.9448267221450806,1.2922881841659546,7.217502117156982,2.3621466159820557,-1.345266580581665,-0.25519415736198425,-3.274857759475708,-6.219507694244385,-1.5792467594146729,4.930537700653076,10.364946365356445,11.705109596252441,5.814074993133545,-0.4629528820514679,0.08645517379045486,-2.332822799682617,-9.839387893676758,-12.92093563079834,-12.397420883178711,-8.348976135253906,-8.641672134399414,-8.962699890136719,-5.9901838302612305,-2.958566904067993,-0.8515607714653015,-1.7295689582824707,-6.864272117614746,-8.812027931213379,-17.770580291748047,-17.26893424987793,-12.373334884643555,-3.1686201095581055,-11.521238327026367,-19.831295013427734,-6.282613754272461,5.376685619354248
1.4439465999603271,-0.36802637577056885,-2.822317123413086,-4.533567428588867,-2.2936289310455322,-1.3600889444351196,-2.5041139125823975,0.9523509740829468,2.7784037590026855,7.109836101531982,-3.5327935218811035,-14.149496078491211,-6.9223527908325195,-12.60555362701416,-13.543642044067383,-6.48338508605957,-1.4645073413848877,-0.11242100596427917,-0.5093855261802673,-3.978245973587036,-8.728702545166016,-9.621285438537598,-7.6606059074401855,-8.431477546691895,-9.659789085388184,-7.011237621307373,-6.23842716217041,-9.23161792755127,-3.962334156036377,-0.1593552976846695,-4.05019998550415,-0.6946057081222534,1.2038607597351074,-5.003525733947754,-5.396028518676758,-18.26800537109375,-17.90032196044922,-16.406429290771484,-12.487064361572266,-14.03685474395752,-12.7542142868042,-1.1894477605819702,-1.5426182746887207
2.562215566635132,5.027292251586914,-0.6861695051193237,-3.874593496322632,-5.618370056152344,-1.687239646911621,1.6456339359283447,5.083856105804443,6.188153266906738,3.375593662261963,-14.230635643005371,-23.694381713867188,-15.412887573242188,-16.870285034179688,-15.105989456176758,-11.908964157104492,-6.985773086547852,-3.1409494876861572,-7.278894424438477,-10.504136085510254,-13.747661590576172,-13.12909984588623,-8.43889045715332,-7.849332809448242,-5.449337959289551,-2.3678932189941406,-0.5091382265090942,-3.4376697540283203,-3.6647865772247314,-7.008293151855469,-5.317180633544922,-1.1934430599212646,-3.208111524581909,-10.785361289978027,-13.235716819763184,-15.465937614440918,-19.910781860351562,-18.181114196777344,-12.168445587158203,-8.166101455688477,-0.4065309762954712,4.1266350746154785,-6.321852684020996
1.2368510961532593,8.71899127960205,4.127432346343994,-1.270742416381836,-7.6012678146362305,-5.32313871383667,1.9581751823425293,6.603516578674316,9.13770580291748,7.3279523849487305,-8.705604553222656,-24.824068069458008,-16.169057846069336,-15.998566627502441,-15.179734230041504,-13.092549324035645,-5.61320686340332,-1.7660071849822998,-7.440484046936035,-12.310003280639648,-10.598885536193848,-11.369563102722168,-10.5824613571167,-5.719549655914307,-6.267244338989258,1.1337409019470215,-4.283989906311035,-7.877893447875977,-1.5161306858062744,-7.814740180969238,-9.596092224121094,-6.4686994552612305,-6.062845230102539,-19.18510627746582,-16.40717124938965,-14.626348495483398,-14.486879348754883,-12.452399253845215,-7.142395973205566,-0.6393160820007324,12.841877937316895,9.522162437438965,-3.4956676959991455
0.41831523180007935,7.579977512359619,7.82648229598999,2.4970524311065674,-1.8396254777908325,-5.702430725097656,3.2362773418426514,7.391122817993164,8.770033836364746,7.707488536834717,4.112990856170654,-21.469404220581055,-15.73941707611084,-18.23406219482422,-13.982741355895996,-12.289308547973633,-8.30253791809082,-3.4656665325164795,-4.573666095733643,-10.223068237304688,-8.657268524169922,-10.271001815795898,-11.752829551696777,-5.703672885894775,-3.1692917346954346,-3.0711758136749268,-10.816402435302734,-7.657297611236572,-11.759247779846191,-16.79574966430664,-17.368396759033203,-10.544757843017578,-8.827375411987305,-14.62166690826416,-12.639026641845703,-12.179473876953125,-8.439082145690918,-3.3706815242767334,-0.09581129252910614,8.834454536437988,20.22186851501465,12.483785629272461,4.350874900817871
2.2561278343200684,7.74047327041626,8.485877990722656,4.966445446014404,3.9201996326446533,1.30569326877594,3.4978857040405273,7.212224006652832,8.910400390625,6.919051647186279,5.436359882354736,-10.391657829284668,-22.058006286621094,-12.570857048034668,-16.31459617614746,-13.742670059204102,-8.111895561218262,-5.218243598937988,-0.0819583535194397,-6.472032070159912,-13.821796417236328,-12.16224479675293,-10.026668548583984,-6.474232196807861,-8.960794448852539,-8.061506271362305,-7.905163288116455,-9.454848289489746,-19.871835708618164,-23.223573684692383,-16.465499877929688,-9.256141662597656,-9.837905883789062,-10.276776313781738,-8.343908309936523,-6.237206935882568,-1.2490862607955933,2.0434072017669678,4.247671127319336,13.650899887084961,22.7687931060791,13.838796615600586,5.75848913192749
5.377839088439941,8.695168495178223,7.396426677703857,6.860720634460449,6.5705060958862305,6.178272724151611,7.984140396118164,7.720265865325928,7.971469879150391,5.715224742889404,0.20667830109596252,2.621514320373535,-11.111824035644531,-16.753541946411133,-20.524608612060547,-12.976523399353027,-11.588434219360352,-8.68820571899414,-5.191457748413086,1.2672803401947021,-5.391820430755615,-11.770584106445312,-8.887462615966797,-5.745569705963135,-8.296883583068848,-7.982585906982422,-6.571248531341553,-7.376287937164307,-13.192973136901855,-14.758612632751465,-16.52155113220215,-9.949030876159668,-8.901734352111816,-6.589226245880127,-2.0612590312957764,3.4008164405822754,5.201794624328613,3.749696731567383,7.491166114807129,16.194385528564453,20.171215057373047,8.968708992004395,4.579181671142578
8.22767448425293,8.723284721374512,8.382328987121582,9.990411758422852,9.88869571685791,10.718173027038574,8.841120719909668,3.573608636856079,6.039102554321289,6.685436248779297,1.6807650327682495,-0.6668102741241455,-2.7671031951904297,-6.58540678024292,-14.37526798248291,-21.987396240234375,-14.67237663269043,-14.194666862487793,-9.12370491027832,-4.002560615539551,0.25744110345840454,-9.975126266479492,-8.779694557189941,-7.161576747894287,-5.985722541809082,-11.694461822509766,-11.264451026916504,-8.923320770263672,-8.568717002868652,-7.358719825744629,-12.597883224487305,-8.193292617797852,-5.258996963500977,-2.086949110031128,3.502392292022705,10.189179420471191,11.402953147888184,4.15588903427124,7.177541732788086,15.499160766601562,17.21236801147461,10.857565879821777,9.51181411743164
8.475275039672852,10.48421859741211,13.836408615112305,11.988243103027344,11.321287155151367,11.26735782623291,9.395758628845215,6.888851642608643,7.42020320892334,7.138251781463623,5.727766990661621,1.973040223121643,-1.6455254554748535,-6.327062606811523,1.1222039461135864,-1.7154240608215332,-16.41421127319336,-15.011006355285645,-12.251106262207031,-11.634689331054688,-9.308473587036133,-15.075728416442871,-16.543306350708008,-9.967642784118652,-9.415618896484375,-12.800986289978027,-14.043039321899414,-8.58018970489502,-3.6700148582458496,-1.1656010150909424,-7.0517425537109375,-7.847578048706055,-1.8170602321624756,5.860176086425781,10.065445899963379,11.083709716796875,7.037917137145996,3.6860406398773193,6.669780254364014,9.477017402648926,14.445853233337402,19.20075035095215,9.987215042114258
9.31997013092041,14.370238304138184,20.36057472229004,19.87142562866211,15.664661407470703,12.412553787231445,11.979059219360352,8.327256202697754,7.371658802032471,10.064739227294922,9.52635669708252,4.190070152282715,6.157129764556885,-1.4113737344741821,-0.9784902930259705,4.085408687591553,-0.8841403722763062,-13.808899879455566,-15.985252380371094,-18.995943069458008,-16.511686325073242,-16.297412872314453,-15.291638374328613,-13.25578498840332,-13.788397789001465,-12.857624053955078,-11.030794143676758,-5.482298374176025,-1.146140456199646,-3.584261178970337,-7.08482551574707,-7.58270788192749,3.2232587337493896,15.680170059204102,15.708049774169922,2.592139482498169,4.321761608123779,10.274921417236328,11.512425422668457,10.517290115356445,12.510960578918457,15.911314010620117,10.24213695526123
12.48892593383789,16.197933197021484,21.685028076171875,24.303590774536133,19.747257232666016,14.64687728881836,13.730215072631836,10.343374252319336,8.925642967224121,9.682343482971191,12.8740816116333,7.416836738586426,7.112082004547119,3.0671441555023193,2.691025972366333,-1.7781263589859009,-6.563697814941406,-13.574840545654297,-14.907988548278809,-17.930131912231445,-19.096057891845703,-16.485126495361328,-14.290929794311523,-8.964940071105957,-6.793436050415039,-9.209980010986328,-7.4278106689453125,-1.7725238800048828,-4.989614963531494,-7.414449691772461,-5.052126407623291,-1.8482273817062378,11.17835807800293,20.116823196411133,12.703404426574707,6.950179100036621,12.11480712890625,10.303526878356934,8.501649856567383,6.846817493438721,6.904305458068848,10.404565811157227,9.93931770324707
16.854236602783203,17.46599578857422,19.79431915283203,21.297225952148438,20.277633666992188,17.88339614868164,13.973819732666016,12.129253387451172,10.229717254638672,8.15495777130127,9.621033668518066,11.278603553771973,7.3688435554504395,3.1409080028533936,-2.063734531402588,-10.029601097106934,-11.826116561889648,-11.118867874145508,-10.617709159851074,-9.845738410949707,-15.73766040802002,-12.960196495056152,-9.837815284729004,-7.611826419830322,-5.358061790466309,-3.6429097652435303,-2.1540048122406006,-2.495628595352173,-7.094234943389893,-2.4335029125213623,1.5064629316329956,4.6760759353637695,11.232227325439453,22.29788589477539,11.564488410949707,9.964299201965332,2.7841286659240723,-1.682751178741455,-1.247444987297058,1.3480451107025146,2.957164764404297,3.596649169921875,2.745704174041748
18.00506591796875,16.895736694335938,17.008678436279297,16.967309951782227,17.863248825073242,16.873680114746094,11.165366172790527,11.004222869873047,9.742268562316895,6.650321960449219,6.855893135070801,10.037109375,6.632816314697266,-0.6200750470161438,-11.11276626586914,-15.523917198181152,-10.179251670837402,-11.359101295471191,-17.010570526123047,-13.879312515258789,-13.575708389282227,-10.456686019897461,-6.095073699951172,-6.563657283782959,-4.693639755249023,-1.828174352645874,1.1994332075119019,-1.199607014656067,-2.728726625442505,-2.1286351680755615,6.672847747802734,12.195361137390137,16.93410301208496,3.92209529876709,-1.6918340921401978,-1.9684430360794067,-1.9886609315872192,0.5061825513839722,-1.744978904724121,-0.4646076560020447,-0.3683701455593109,-3.6842434406280518,-5.426568508148193
11.867449760437012,12.03610897064209,12.408477783203125,13.355287551879883,15.670280456542969,16.498390197753906,9.981415748596191,7.4267497062683105,8.754592895507812,4.742075443267822,3.9464664459228516,5.7608723640441895,6.800924777984619,1.1833120584487915,-11.986183166503906,-12.653075218200684,-6.079298973083496,-14.181600570678711,-14.74306869506836,-10.654936790466309,-7.817530155181885,-6.2359619140625,-0.33313238620758057,-3.309577226638794,-6.147087097167969,-0.42427220940589905,2.0420618057250977,0.6291085481643677,1.8064420223236084,0.32930222153663635,3.304636001586914,17.42630958557129,0.25913870334625244,-9.352079391479492,-6.22159481048584,-4.647984981536865,-2.1198112964630127,-0.813906192779541,-2.5272343158721924,-1.3917064666748047,-2.829312562942505,-3.7640206813812256,-1.9687920808792114
11.416349411010742,7.49708890914917,6.426969051361084,7.0549468994140625,10.836599349975586,13.913269996643066,8.29167652130127,3.758035659790039,7.063418388366699,1.1817762851715088,-0.40025562047958374,2.185537815093994,4.831612586975098,2.5921831130981445,-8.844390869140625,-9.88276481628418,-8.781172752380371,-13.807291984558105,-14.94764232635498,-14.658126831054688,-10.420950889587402,-9.022849082946777,-5.4585161209106445,-3.4443981647491455,-1.9594918489456177,2.6740574836730957,1.3325235843658447,0.7387973070144653,1.76691472530365,-0.17875522375106812,12.610885620117188,6.399150371551514,-5.986638069152832,0.22058194875717163,0.6798169016838074,-1.2404298782348633,-2.2149250507354736,-2.360947608947754,-2.3452584743499756,-1.7655127048492432,-1.9966431856155396,-1.1998567581176758,0.7227901816368103
12.769031524658203,3.426367998123169,-2.0273101329803467,-0.08715783059597015,7.454742908477783,11.672690391540527,5.096729278564453,-0.820546567440033,-0.11240452527999878,-3.7022597789764404,-5.573060989379883,-2.3791847229003906,2.097191572189331,2.1013433933258057,-5.7286577224731445,-1.1737536191940308,-12.00346565246582,-13.876958847045898,-11.03248119354248,-13.727468490600586,-12.899633407592773,-7.619837284088135,-8.597895622253418,-1.8659226894378662,7.344449996948242,9.862180709838867,1.7636820077896118,3.379871129989624,-3.4174835681915283,2.6433234214782715,12.932574272155762,5.990969181060791,8.999502182006836,7.814027309417725,3.500041961669922,0.4858577847480774,-0.02458851784467697,0.11049000173807144,-0.8505914211273193,-2.614733934402466,-2.32188081741333,-1.5839070081710815,-1.9943302869796753
7.082474708557129,2.3473293781280518,2.995781660079956,-2.168386697769165,0.4047756493091583,7.835882663726807,4.092550754547119,-1.8407820463180542,-3.437713384628296,-5.522761344909668,-8.228882789611816,-6.939311981201172,-2.681208610534668,0.505107045173645,-3.716111421585083,1.5469462871551514,-12.431286811828613,-16.81599235534668,-8.81702995300293,-6.382706165313721,-11.481740951538086,-10.01707935333252,-8.741456985473633,0.879956841468811,11.461274147033691,13.434197425842285,4.27003288269043,-2.7023520469665527,-5.482701301574707,3.1230478286743164,5.358700752258301,9.777085304260254,15.921196937561035,8.091177940368652,0.41330960392951965,4.927273750305176,5.104030609130859,1.5522871017456055,-0.3725006580352783,-4.689544677734375,-4.64498233795166,-5.205732822418213,-4.720591068267822
