data/wind_data/wind_8_7.json
{"header": {"parameterUnit": "KT", "parameterCategory": 2, "nx": 256, "ny": 198, "lo1": 44.73521041870117, "la1": -3.236724853515625, "lo2": 111.26478576660156, "la2": 43.468475341796875, "dx": 0.2609002888202667, "dy": -0.23708222806453705, "refTime": "2025-02-19 08:00:00", "forecastTime": 0, "parameterNumber": 2, "parameterNumberName": "eastward_wind"}, "data":
[rows 20 to 39 of 198, columns 176 to 219 of 256]
-9.912240982055664,-10.80716323852539,-11.614117622375488,-12.576501846313477,-11.117581367492676,-6.2711310386657715,-9.683856010437012,-12.58549690246582,-12.632229804992676,-9.44293212890625,-7.191863059997559,-8.364720344543457,-8.468877792358398,-9.022969245910645,-9.883805274963379,-9.928821563720703,-9.758770942687988,-10.55614948272705,-13.092706680297852,-16.31028175354004,-16.77872085571289,-16.674110412597656,-15.845854759216309,-16.62284278869629,-18.450408935546875,-20.824966430664062,-22.581626892089844,-23.284574508666992,-25.68592643737793,-29.02666664123535,-28.905527114868164,-24.61951446533203,-20.96994400024414,-17.50316047668457,-26.662582397460938,-25.976879119873047,-24.525115966796875,-23.244495391845703,-23.289871215820312,-24.5720272064209,-25.289342880249023,-23.60459327697754,-18.200490951538086,-18.465896606445312
-9.75873851776123,-10.07225513458252,-10.11274528503418,-11.373339653015137,-10.02420425415039,-6.290400505065918,-6.190469741821289,-10.288476943969727,-10.869704246520996,-9.303323745727539,-7.676809787750244,-7.985637187957764,-7.426690578460693,-8.725567817687988,-9.09256649017334,-9.565227508544922,-9.955248832702637,-10.06497859954834,-10.41942024230957,-11.60424518585205,-13.991695404052734,-16.172269821166992,-15.908206939697266,-15.389286041259766,-16.389856338500977,-17.127174377441406,-19.054584503173828,-20.09906578063965,-22.55377197265625,-24.55472183227539,-21.37245750427246,-14.07116413116455,-12.720100402832031,-22.090232849121094,-25.306474685668945,-24.588090896606445,-22.6689453125,-21.637332916259766,-22.20197296142578,-23.05763053894043,-23.50938606262207,-22.649932861328125,-20.857717514038086,-21.716203689575195
-8.286748886108398,-9.06412410736084,-10.033981323242188,-11.0980806350708,-10.095246315002441,-7.240692138671875,-5.068689823150635,-8.785940170288086,-9.524497032165527,-8.864115715026855,-8.083145141601562,-8.284310340881348,-8.599040985107422,-9.277434349060059,-9.668487548828125,-10.370948791503906,-11.004921913146973,-10.796594619750977,-10.376842498779297,-11.380643844604492,-13.821249961853027,-15.633931159973145,-15.35808277130127,-14.692947387695312,-15.849617958068848,-16.564680099487305,-18.25867462158203,-19.599611282348633,-22.17725372314453,-23.104738235473633,-17.55043601989746,-11.00764274597168,-16.711490631103516,-22.471227645874023,-24.2308292388916,-23.662200927734375,-21.38042640686035,-20.976760864257812,-22.007568359375,-23.058856964111328,-23.543184280395508,-23.89820098876953,-23.88503074645996,-23.54017448425293
-8.48462200164795,-9.83558464050293,-10.864362716674805,-10.442529678344727,-9.622968673706055,-8.481843948364258,-8.62417221069336,-8.608546257019043,-8.184722900390625,-8.237600326538086,-9.05544662475586,-10.430956840515137,-10.687203407287598,-10.870613098144531,-11.207093238830566,-11.363682746887207,-11.639121055603027,-12.310492515563965,-13.613783836364746,-15.00301456451416,-15.300920486450195,-15.672204971313477,-16.18689727783203,-16.560144424438477,-17.814420700073242,-18.704803466796875,-19.4102725982666,-19.970600128173828,-21.773509979248047,-24.21571159362793,-21.92580795288086,-17.748510360717773,-19.538530349731445,-22.015153884887695,-23.584775924682617,-22.883182525634766,-20.620351791381836,-20.470802307128906,-21.87990951538086,-24.492279052734375,-25.531450271606445,-25.262229919433594,-23.800365447998047,-23.462100982666016
-11.438621520996094,-12.023580551147461,-11.396096229553223,-10.045062065124512,-10.791601181030273,-11.5100736618042,-10.248678207397461,-9.015626907348633,-7.920402526855469,-8.821348190307617,-10.761916160583496,-11.145849227905273,-11.569278717041016,-12.712496757507324,-12.52822208404541,-11.949338912963867,-12.418017387390137,-14.615117073059082,-17.06950569152832,-17.557397842407227,-16.353315353393555,-16.487285614013672,-18.522727966308594,-19.77935791015625,-20.654664993286133,-20.599084854125977,-19.692771911621094,-20.40725326538086,-21.195858001708984,-23.311664581298828,-23.19335174560547,-21.35744285583496,-21.687877655029297,-23.420228958129883,-23.665626525878906,-22.461532592773438,-20.94967269897461,-20.913583755493164,-22.539520263671875,-25.117660522460938,-25.80910301208496,-24.950212478637695,-23.90789794921875,-23.99125099182129
-14.629486083984375,-12.948784828186035,-9.83205795288086,-9.436932563781738,-11.965309143066406,-13.416659355163574,-11.648587226867676,-9.350682258605957,-8.533304214477539,-9.825160026550293,-12.07779312133789,-12.347095489501953,-12.790072441101074,-13.16769027709961,-12.301779747009277,-11.776365280151367,-12.94108772277832,-15.399736404418945,-17.339040756225586,-17.356781005859375,-16.481998443603516,-17.47911262512207,-19.518922805786133,-20.16329002380371,-21.01665496826172,-20.397239685058594,-17.718347549438477,-17.94693946838379,-19.770498275756836,-21.47772979736328,-22.676565170288086,-23.33130645751953,-23.698150634765625,-24.163774490356445,-23.550987243652344,-22.343658447265625,-21.35373306274414,-21.652219772338867,-23.40985679626465,-24.689529418945312,-25.07648468017578,-24.762184143066406,-24.704132080078125,-25.107934951782227
-11.836094856262207,-11.044535636901855,-9.826793670654297,-10.110198020935059,-12.230772018432617,-13.236307144165039,-11.939352989196777,-9.435620307922363,-9.141707420349121,-10.973163604736328,-12.805622100830078,-13.252662658691406,-12.794427871704102,-11.82126522064209,-10.8725004196167,-11.145628929138184,-12.59732723236084,-14.431427001953125,-16.035913467407227,-16.536380767822266,-16.743146896362305,-18.00960350036621,-18.8931884765625,-19.31946563720703,-20.5714054107666,-18.56983757019043,-7.114564895629883,-14.999212265014648,-17.739046096801758,-20.522737503051758,-22.74112319946289,-24.38113021850586,-24.731393814086914,-24.380287170410156,-23.6352596282959,-22.40863609313965,-21.354787826538086,-21.298921585083008,-22.491561889648438,-23.78661346435547,-25.239643096923828,-25.612415313720703,-25.181018829345703,-26.65522003173828
-10.865593910217285,-10.829469680786133,-11.015203475952148,-10.982821464538574,-12.187704086303711,-12.702486991882324,-11.520041465759277,-9.965292930603027,-10.131031036376953,-11.945266723632812,-12.914243698120117,-12.571638107299805,-11.172759056091309,-9.853090286254883,-9.446799278259277,-10.394153594970703,-12.134283065795898,-14.11473274230957,-15.937756538391113,-16.92193031311035,-17.236560821533203,-17.431644439697266,-17.589237213134766,-18.037466049194336,-18.97062873840332,-17.982221603393555,-8.369088172912598,-14.469337463378906,-17.713354110717773,-20.936552047729492,-23.313596725463867,-24.95563316345215,-25.235937118530273,-24.604145050048828,-23.883569717407227,-23.50130271911621,-23.608009338378906,-22.64467430114746,-21.883930206298828,-23.88996124267578,-26.719762802124023,-27.10930633544922,-26.9365177154541,-27.95180320739746
-12.290279388427734,-12.243836402893066,-12.219626426696777,-12.550715446472168,-13.626718521118164,-13.251585960388184,-11.47579574584961,-10.487371444702148,-10.807760238647461,-12.208967208862305,-12.09738540649414,-11.347521781921387,-10.420230865478516,-9.697517395019531,-9.713888168334961,-11.051666259765625,-13.367264747619629,-15.433995246887207,-16.998323440551758,-17.56867790222168,-17.27665138244629,-17.347848892211914,-16.997909545898438,-15.13062858581543,-16.196365356445312,-17.602216720581055,-17.72687339782715,-17.01165771484375,-19.80883026123047,-22.288330078125,-24.20844078063965,-25.424530029296875,-25.750896453857422,-25.49225616455078,-24.81494140625,-24.922304153442383,-26.505264282226562,-25.487680435180664,-23.160839080810547,-24.618377685546875,-26.41024398803711,-26.998281478881836,-26.85211181640625,-26.9768009185791
-13.112027168273926,-13.9282865524292,-14.062653541564941,-14.743767738342285,-15.569215774536133,-14.259958267211914,-11.752068519592285,-10.510968208312988,-10.343027114868164,-11.843297004699707,-12.308073043823242,-13.279693603515625,-13.403787612915039,-12.67851734161377,-12.79365062713623,-14.370473861694336,-16.19893455505371,-17.339311599731445,-17.92916488647461,-17.8295955657959,-17.40467071533203,-17.268367767333984,-17.458053588867188,-14.798678398132324,-15.778437614440918,-18.573354721069336,-20.432350158691406,-20.49043083190918,-22.043996810913086,-23.630586624145508,-24.87533950805664,-25.562694549560547,-25.915212631225586,-26.217411041259766,-25.978687286376953,-26.24359130859375,-27.925188064575195,-27.226037979125977,-22.600252151489258,-22.84102439880371,-23.94327163696289,-22.880084991455078,-23.055105209350586,-22.02957534790039
-14.69975757598877,-16.09202766418457,-16.99289321899414,-17.217620849609375,-15.973037719726562,-13.798481941223145,-12.349164009094238,-10.818392753601074,-10.925689697265625,-13.283361434936523,-15.883106231689453,-17.690635681152344,-17.17499542236328,-16.34012222290039,-16.542285919189453,-17.461854934692383,-18.39230728149414,-19.15179443359375,-19.38690948486328,-18.918506622314453,-18.003206253051758,-18.70404624938965,-19.124649047851562,-18.3429012298584,-18.702373504638672,-20.35611915588379,-21.802780151367188,-22.5413818359375,-23.135295867919922,-23.97543716430664,-24.560089111328125,-25.121837615966797,-25.446941375732422,-25.555944442749023,-25.366300582885742,-25.659454345703125,-27.19977569580078,-27.21363067626953,-22.032331466674805,-18.788297653198242,-20.74875259399414,-20.313138961791992,-21.395767211914062,-19.622159957885742
-16.781564712524414,-18.223674774169922,-19.476844787597656,-18.8360652923584,-15.560762405395508,-13.06472396850586,-13.011052131652832,-12.5503568649292,-13.777501106262207,-16.42362403869629,-18.504085540771484,-18.943069458007812,-18.33694839477539,-18.05034637451172,-18.07761573791504,-18.24888801574707,-18.625621795654297,-19.299903869628906,-20.070253372192383,-20.42580795288086,-20.033157348632812,-19.779672622680664,-20.51482391357422,-19.891324996948242,-20.068758010864258,-20.364877700805664,-20.962244033813477,-21.920133590698242,-22.447063446044922,-22.70072364807129,-23.298166275024414,-24.2257080078125,-24.76341438293457,-24.700138092041016,-24.41017723083496,-24.94812774658203,-26.007707595825195,-25.102779388427734,-21.140153884887695,-19.33283805847168,-21.443405151367188,-21.915205001831055,-22.993085861206055,-22.61249351501465
-17.29927635192871,-18.446142196655273,-19.149124145507812,-18.25264549255371,-15.261456489562988,-13.433465957641602,-13.980953216552734,-14.943232536315918,-16.285789489746094,-17.604122161865234,-17.832307815551758,-17.435871124267578,-17.664138793945312,-17.939205169677734,-17.88964080810547,-17.669832229614258,-17.661012649536133,-17.994657516479492,-18.409156799316406,-18.853675842285156,-19.224027633666992,-19.399599075317383,-19.449325561523438,-18.75764274597168,-18.565576553344727,-17.923355102539062,-18.063859939575195,-19.28426742553711,-20.357967376708984,-20.828845977783203,-21.52679443359375,-22.868749618530273,-24.023820877075195,-24.255165100097656,-24.113624572753906,-24.608291625976562,-24.978670120239258,-23.654619216918945,-22.688764572143555,-22.177387237548828,-24.704145431518555,-25.827651977539062,-23.82310676574707,-23.925647735595703
-16.680084228515625,-17.223447799682617,-17.274457931518555,-16.46746826171875,-14.802420616149902,-13.694899559020996,-14.272960662841797,-15.527076721191406,-16.415250778198242,-16.434246063232422,-15.661182403564453,-15.510537147521973,-16.417236328125,-17.16284942626953,-17.08173370361328,-16.534032821655273,-16.207881927490234,-16.450937271118164,-16.63707160949707,-16.37461280822754,-16.037429809570312,-15.912280082702637,-16.07246971130371,-16.06862449645996,-15.857609748840332,-15.273005485534668,-15.261576652526855,-16.42634391784668,-18.15068244934082,-19.28168296813965,-20.10486602783203,-21.430801391601562,-22.25548553466797,-22.611473083496094,-22.757036209106445,-23.386646270751953,-23.8331241607666,-23.22806739807129,-22.89373207092285,-22.363677978515625,-25.064109802246094,-23.529481887817383,-21.77222442626953,-20.751108169555664
-15.075811386108398,-15.492239952087402,-15.750879287719727,-15.275532722473145,-14.215902328491211,-13.562779426574707,-14.048277854919434,-14.801141738891602,-14.729479789733887,-13.981005668640137,-13.123421669006348,-13.400416374206543,-14.857963562011719,-15.943900108337402,-15.75281810760498,-15.017756462097168,-14.55349349975586,-14.763777732849121,-15.113750457763672,-14.788824081420898,-14.067183494567871,-13.47222900390625,-13.441657066345215,-13.810861587524414,-14.003399848937988,-14.07164478302002,-14.374024391174316,-15.381738662719727,-17.127470016479492,-18.527027130126953,-19.273704528808594,-19.863479614257812,-19.612796783447266,-19.353771209716797,-19.648143768310547,-20.391128540039062,-21.236387252807617,-21.476926803588867,-20.81952667236328,-19.426591873168945,-21.57562255859375,-19.197860717773438,-19.083288192749023,-17.649011611938477
-14.15102767944336,-14.18973159790039,-14.940556526184082,-15.355256080627441,-14.84508228302002,-14.099815368652344,-13.97039794921875,-13.874399185180664,-13.186114311218262,-12.540485382080078,-11.400924682617188,-11.254467010498047,-13.026627540588379,-14.424284934997559,-14.138758659362793,-13.307178497314453,-13.040596008300781,-13.50097942352295,-14.149107933044434,-14.21762466430664,-13.826108932495117,-13.39605712890625,-13.152990341186523,-13.098448753356934,-13.186117172241211,-13.762578964233398,-14.737222671508789,-15.813814163208008,-17.20484161376953,-18.440439224243164,-18.66508674621582,-18.288450241088867,-17.379640579223633,-16.566890716552734,-16.99606704711914,-17.666372299194336,-18.164791107177734,-18.749366760253906,-18.003095626831055,-17.30748176574707,-17.13227653503418,-15.757048606872559,-16.111074447631836,-15.825172424316406
-14.099327087402344,-14.048818588256836,-14.631205558776855,-14.934574127197266,-14.427096366882324,-14.078052520751953,-14.729635238647461,-14.18319320678711,-12.51656436920166,-11.573397636413574,-10.528517723083496,-10.45119857788086,-11.269387245178223,-12.78371524810791,-12.945977210998535,-12.343308448791504,-12.342272758483887,-13.316094398498535,-14.355289459228516,-14.736872673034668,-14.350217819213867,-13.631813049316406,-13.276076316833496,-13.24779224395752,-13.105181694030762,-13.603442192077637,-15.144672393798828,-16.547718048095703,-17.33733558654785,-17.773557662963867,-17.593294143676758,-16.808366775512695,-16.159374237060547,-15.863869667053223,-16.4378719329834,-16.204914093017578,-16.027666091918945,-16.820755004882812,-15.603343963623047,-15.132878303527832,-14.72195053100586,-13.90207290649414,-13.636987686157227,-13.741844177246094
-14.111211776733398,-13.957242965698242,-14.30465316772461,-14.163990020751953,-13.656728744506836,-13.693599700927734,-14.307250022888184,-14.175141334533691,-13.088523864746094,-11.726170539855957,-10.84072208404541,-9.75770092010498,-8.971258163452148,-11.090981483459473,-12.185839653015137,-12.410816192626953,-12.583210945129395,-13.765838623046875,-15.071799278259277,-15.57387924194336,-15.093911170959473,-14.124417304992676,-13.670831680297852,-13.88935375213623,-13.835785865783691,-14.18059253692627,-15.915670394897461,-17.3590030670166,-17.411001205444336,-16.710060119628906,-16.085763931274414,-15.7063627243042,-15.981839179992676,-16.37104034423828,-16.58915138244629,-15.888245582580566,-16.573768615722656,-15.545230865478516,-14.481619834899902,-14.340232849121094,-14.043034553527832,-13.065526008605957,-12.15004825592041,-11.304359436035156
-13.830055236816406,-13.918015480041504,-14.263092041015625,-14.315982818603516,-13.691831588745117,-12.796579360961914,-12.378056526184082,-12.133562088012695,-11.9181547164917,-11.869013786315918,-11.030290603637695,-9.553906440734863,-9.012919425964355,-9.36038589477539,-11.248764038085938,-12.363290786743164,-12.899166107177734,-14.032978057861328,-15.252368927001953,-15.921026229858398,-15.986018180847168,-15.512916564941406,-15.005905151367188,-15.056232452392578,-15.166910171508789,-15.320939064025879,-16.203214645385742,-16.975622177124023,-16.839632034301758,-15.774921417236328,-14.789497375488281,-14.959504127502441,-15.80040168762207,-16.31964683532715,-16.606056213378906,-16.21662712097168,-17.03600311279297,-16.13595962524414,-14.70897102355957,-15.172070503234863,-14.487895965576172,-12.85175609588623,-11.311960220336914,-9.686482429504395
-12.614348411560059,-13.213692665100098,-13.726593971252441,-13.861529350280762,-13.288751602172852,-11.914787292480469,-10.8323974609375,-10.66308879852295,-11.024314880371094,-11.740236282348633,-11.587018966674805,-11.25355052947998,-8.483597755432129,-8.393536567687988,-10.030351638793945,-11.63587760925293,-12.498092651367188,-13.669363975524902,-14.450227737426758,-15.110146522521973,-15.822091102600098,-16.408103942871094,-16.482473373413086,-16.280277252197266,-15.940013885498047,-15.315034866333008,-14.956439018249512,-15.226750373840332,-15.228902816772461,-14.340689659118652,-13.55201530456543,-13.985920906066895,-14.767646789550781,-15.549983024597168,-16.252912521362305,-14.973715782165527,-16.96941566467285,-16.828081130981445,-15.945403099060059,-16.593992233276367,-15.03274154663086,-12.950315475463867,-11.407252311706543,-9.98173999786377
