data/wind_data/wind_Surface_14.json
{"header": {"parameterUnit": "KT", "parameterCategory": 2, "nx": 255, "ny": 198, "lo1": 44.73521041870117, "la1": -3.236724853515625, "lo2": 111.26478576660156, "la2": 43.468475341796875, "dx": 0.26192745566368103, "dy": -0.23708222806453705, "refTime": "2025-02-19 14:00:00", "forecastTime": 0, "parameterNumber": 3, "parameterNumberName": "northward_wind"}, "data":
[rows 76 to 94 of 198, columns 172 to 214 of 255]
-2.472766160964966,-2.6098673343658447,-2.971672773361206,-3.588127851486206,-4.450912952423096,-5.260984420776367,-5.886173248291016,-6.4461517333984375,-6.907802104949951,-7.281326770782471,-7.544524192810059,-7.638453006744385,-7.741541385650635,-7.856015682220459,-8.164192199707031,-8.53814697265625,-9.013205528259277,-9.759397506713867,-2.805875778198242,-2.7149853706359863,-1.5697649717330933,0.4735894501209259,2.928690195083618,3.5396878719329834,3.7134158611297607,6.418491840362549,5.753172397613525,4.7847161293029785,3.2138755321502686,1.2784568071365356,0.7920641303062439,2.1513266563415527,2.749366283416748,2.6469998359680176,3.439354181289673,2.6756086349487305,1.8590590953826904,4.114612579345703,3.0639073848724365,0.8324676752090454,-1.3262279033660889,-4.923696517944336,-10.67603588104248
-2.3604345321655273,-2.418081283569336,-2.445065498352051,-2.7008373737335205,-3.185884714126587,-3.9563100337982178,-4.72974967956543,-5.32163667678833,-5.946579456329346,-6.478779315948486,-6.962865829467773,-7.394955635070801,-7.656684875488281,-7.737711429595947,-7.937833786010742,-8.183481216430664,-8.791216850280762,-10.503687858581543,-2.6579461097717285,-3.166332244873047,-3.0030288696289062,-1.2924033403396606,1.240168571472168,3.909348964691162,4.820694446563721,5.2679901123046875,4.3711113929748535,5.469513893127441,4.879388332366943,1.8743053674697876,1.136989712715149,0.8069632649421692,2.892089366912842,2.900160074234009,3.3692731857299805,3.6214258670806885,4.314760208129883,3.5296835899353027,1.2802376747131348,0.2295398861169815,-1.275680422782898,-1.0187715291976929,-3.0128586292266846
-2.2432289123535156,-2.4668326377868652,-2.421079635620117,-2.583491086959839,-2.7322988510131836,-3.2156076431274414,-3.887521982192993,-4.424738883972168,-5.050891399383545,-5.694132328033447,-6.2227606773376465,-6.738666534423828,-7.152626037597656,-7.456518650054932,-7.715740203857422,-7.932811737060547,-8.594398498535156,-9.497176170349121,-4.3554368019104,-4.2138671875,-3.8148434162139893,-1.199365258216858,0.6796859502792358,2.7767653465270996,5.091480731964111,6.027439117431641,5.015170574188232,4.405725955963135,5.9407148361206055,2.920724391937256,2.025026798248291,0.0976969301700592,-0.2732263505458832,0.532153844833374,2.6532886028289795,3.2421915531158447,3.538761615753174,2.8488848209381104,2.0516276359558105,1.4705537557601929,1.2744921445846558,3.8448822498321533,4.729718208312988
-2.0590951442718506,-2.3702304363250732,-2.5438032150268555,-2.929619789123535,-3.137768030166626,-3.2832577228546143,-3.562106132507324,-3.9264979362487793,-4.423529148101807,-5.12111759185791,-5.721972942352295,-6.222014427185059,-6.5544538497924805,-6.9139814376831055,-7.299699783325195,-7.6023359298706055,-8.291641235351562,-9.298436164855957,-9.229650497436523,-4.456265449523926,-4.349794387817383,-2.3346943855285645,0.8059157133102417,3.70204496383667,3.744192361831665,5.611819744110107,6.087742805480957,5.164618968963623,4.548827648162842,2.1366353034973145,1.5450341701507568,-0.4596291780471802,-2.2053139209747314,-1.9733222723007202,2.0238258838653564,1.6275426149368286,0.750095784664154,3.9371261596679688,4.318873882293701,3.7821578979492188,4.013972282409668,4.629347801208496,4.259179592132568
-1.9291069507598877,-2.167559862136841,-2.595949172973633,-3.1756553649902344,-3.658360004425049,-3.8687314987182617,-3.8476953506469727,-3.959829568862915,-4.230696201324463,-4.770852088928223,-5.36444616317749,-5.817249298095703,-6.100366115570068,-6.34235143661499,-6.588647842407227,-6.8507585525512695,-7.533159255981445,-8.87393856048584,-8.857346534729004,-4.670563220977783,-5.171321868896484,-3.8612964153289795,-1.6027387380599976,2.9404566287994385,2.8013477325439453,3.737095355987549,6.129759788513184,6.009599208831787,2.9907467365264893,1.2115626335144043,-0.17691786587238312,-1.7439335584640503,-2.1348860263824463,-1.187018871307373,2.5989420413970947,3.330868721008301,2.25553822517395,4.914926052093506,4.475395679473877,4.200957298278809,4.590826034545898,2.8270580768585205,3.433605909347534
-1.9159716367721558,-2.091296434402466,-2.4649784564971924,-3.0218188762664795,-3.7114789485931396,-4.236811637878418,-4.3672404289245605,-4.468142509460449,-4.51870059967041,-4.729836940765381,-5.100063323974609,-5.35122013092041,-5.754796981811523,-6.008432388305664,-6.027933597564697,-6.083852291107178,-6.325586318969727,-7.716797828674316,-7.3438191413879395,-5.566035747528076,-5.889111518859863,-4.240564823150635,-3.606637716293335,-1.5773756504058838,1.3459733724594116,2.2546422481536865,5.1031084060668945,4.352735996246338,1.2729339599609375,-1.6963459253311157,-1.3797951936721802,-0.7039676308631897,-0.2961044907569885,1.048205852508545,4.577167987823486,4.708619594573975,5.565446853637695,4.437538146972656,3.4625864028930664,4.285734176635742,4.115090847015381,2.425294876098633,4.368812084197998
-1.7387057542800903,-1.9935436248779297,-2.23484206199646,-2.6290760040283203,-3.2721335887908936,-3.9759209156036377,-4.473911762237549,-4.792912006378174,-4.871638774871826,-4.886237144470215,-4.9698896408081055,-4.9812798500061035,-5.295073986053467,-5.418327808380127,-5.609652519226074,-5.696981430053711,-5.421084403991699,-5.8053789138793945,-3.6149704456329346,-4.752954959869385,-4.162627696990967,-3.328866720199585,-3.8260838985443115,-4.135314464569092,-1.3480178117752075,0.7698811292648315,0.6013302206993103,-1.3558249473571777,-3.4166018962860107,-3.510711908340454,-1.785756230354309,1.4930332899093628,1.8285847902297974,1.7461433410644531,3.7684595584869385,4.12910270690918,7.918868541717529,5.734031677246094,5.086869716644287,5.810708999633789,4.48743200302124,2.5597331523895264,3.042020797729492
-1.025031566619873,-1.5554962158203125,-1.9159082174301147,-2.2069101333618164,-2.6361958980560303,-3.253403425216675,-3.928624153137207,-4.446623802185059,-4.690983772277832,-4.783780097961426,-4.8183393478393555,-4.708017826080322,-4.705234050750732,-4.543692111968994,-5.058228969573975,-5.4145188331604,-5.188876628875732,-4.711329936981201,-2.5107648372650146,-2.2663519382476807,-0.5871571898460388,-1.5164673328399658,-3.412957191467285,-4.540180206298828,-2.0195155143737793,0.30390337109565735,-2.2277371883392334,-2.7967939376831055,-3.856682062149048,-2.273782730102539,-1.4860646724700928,1.771764874458313,1.735245704650879,0.016883092001080513,1.2676773071289062,2.4783551692962646,4.774441719055176,5.846659183502197,5.213214874267578,5.107086181640625,4.201406002044678,2.4632010459899902,1.6441401243209839
-0.07750089466571808,-0.7713844180107117,-1.3208253383636475,-1.7601025104522705,-2.090855836868286,-2.4836859703063965,-3.110316514968872,-3.7598633766174316,-4.200191020965576,-4.375491142272949,-4.525942802429199,-4.364700794219971,-4.055471420288086,-3.9573729038238525,-4.241837501525879,-4.6708292961120605,-5.462286472320557,-4.114169120788574,-1.9816834926605225,-0.2664578855037689,1.0733901262283325,-0.0603276789188385,-1.7082170248031616,-2.2771828174591064,-0.40086039900779724,1.58104407787323,-0.966264545917511,-0.6643595099449158,-0.4477543234825134,-0.15399199724197388,-0.6819961667060852,0.7927294969558716,0.3863428831100464,-1.2160966396331787,-1.1701141595840454,1.6325492858886719,1.8884018659591675,2.713031530380249,3.7302284240722656,3.5218613147735596,4.426596164703369,1.9190226793289185,2.162476062774658
0.8248103857040405,0.05118792876601219,-0.5532768964767456,-1.102677583694458,-1.5156052112579346,-1.8616251945495605,-2.4146511554718018,-3.184994697570801,-3.7894680500030518,-4.099543571472168,-4.30020809173584,-4.1026434898376465,-3.5026092529296875,-3.72988224029541,-2.880150556564331,-3.459028482437134,-5.610353469848633,-3.3791921138763428,-3.2651901245117188,-1.3783866167068481,-0.495618611574173,-0.31659507751464844,-0.17802244424819946,0.41191670298576355,2.330683708190918,2.441272258758545,1.5126832723617554,2.867297410964966,2.752547025680542,1.5669794082641602,1.4398976564407349,2.399653196334839,1.8333073854446411,0.28922244906425476,-1.265455722808838,0.21236935257911682,1.6023640632629395,2.2662627696990967,3.140284538269043,4.438479900360107,5.268042087554932,4.134494781494141,4.421955108642578
1.5884872674942017,0.7542697191238403,0.1114892065525055,-0.37133270502090454,-0.8979867696762085,-1.3765753507614136,-1.9203921556472778,-2.653301239013672,-3.347041368484497,-3.8857581615448,-4.214754581451416,-4.000246524810791,-3.5091073513031006,-3.6168344020843506,-2.909423589706421,-3.3916029930114746,-5.151501655578613,-2.8463199138641357,-2.122081756591797,-0.2959831953048706,-0.17648784816265106,-0.7307583093643188,-0.28608471155166626,1.364525556564331,3.2664794921875,0.28333690762519836,0.10248767584562302,2.7549378871917725,2.766810178756714,1.0087872743606567,2.654750347137451,3.8694701194763184,3.677401304244995,2.7730064392089844,0.24506734311580658,-0.3727980852127075,2.6628665924072266,3.6086320877075195,4.55082893371582,5.020147323608398,6.06320333480835,5.856987953186035,3.241177558898926
2.0091657638549805,1.2457305192947388,0.6487323641777039,0.1602957844734192,-0.3690586984157562,-0.9716041088104248,-1.5389440059661865,-2.1164259910583496,-2.681753396987915,-3.1821987628936768,-3.633040189743042,-3.6087210178375244,-3.6243748664855957,-3.6146609783172607,-4.17678689956665,-3.3614532947540283,-2.725208044052124,-3.014991283416748,-0.8025608062744141,1.3312610387802124,0.8854010701179504,-0.548032283782959,-0.07459992170333862,1.809006690979004,3.050302267074585,-0.47292360663414,-0.45338380336761475,0.17816585302352905,-0.35027140378952026,-1.0376733541488647,0.7366814017295837,3.817235231399536,4.3435750007629395,3.319861888885498,0.384891539812088,-0.7547728419303894,2.881695032119751,4.041748523712158,5.710422039031982,5.638304710388184,6.679271697998047,5.883660316467285,1.9756042957305908
2.3453125953674316,1.6734697818756104,1.1385287046432495,0.5634337663650513,0.06706732511520386,-0.5149233341217041,-1.0505058765411377,-1.4612903594970703,-1.7225017547607422,-2.0641391277313232,-2.450209379196167,-2.7322659492492676,-2.884225606918335,-3.5227880477905273,-5.202146053314209,-3.0484278202056885,-3.414457082748413,-3.654736280441284,-1.6725977659225464,-0.28366297483444214,0.05006609857082367,-0.1934961974620819,1.724756121635437,2.932570457458496,2.4208505153656006,1.176693081855774,1.509920597076416,1.676419734954834,0.13534729182720184,-0.20283138751983643,-0.2302090972661972,1.4104669094085693,3.2526841163635254,2.368227005004883,-0.19288557767868042,-0.9646227359771729,2.2394700050354004,3.558236598968506,3.4907801151275635,3.934474468231201,6.441309928894043,4.524041175842285,1.8310703039169312
3.0677759647369385,2.3190696239471436,1.5664006471633911,0.9787469506263733,0.5034878253936768,-0.02106538601219654,-0.4252401888370514,-0.752313494682312,-0.8259236216545105,-1.1020350456237793,-1.5473241806030273,-2.0259575843811035,-2.19891357421875,-3.405970573425293,-5.139028549194336,-3.6274969577789307,-3.2972891330718994,-3.2571325302124023,-0.8155037760734558,-0.12191223353147507,-0.3912646174430847,0.7600350379943848,4.005465984344482,3.1525328159332275,1.2307261228561401,1.866978645324707,2.662046432495117,3.3694002628326416,2.333418369293213,0.6085461974143982,0.42055433988571167,1.5552223920822144,2.299194574356079,2.452728271484375,1.1772316694259644,0.08067043870687485,0.5706366300582886,1.8866318464279175,2.9239444732666016,3.016374349594116,5.036338806152344,3.6927342414855957,2.918454647064209
4.018926620483398,3.1411025524139404,2.1559951305389404,1.2880244255065918,0.6629637479782104,0.15613046288490295,-0.07773880660533905,-0.32616618275642395,-0.47484612464904785,-0.8553987741470337,-1.2987624406814575,-2.264313220977783,-2.39762020111084,-3.0958738327026367,-4.499378204345703,-2.9632391929626465,-1.6206119060516357,-0.219869926571846,1.6687589883804321,2.3265600204467773,0.4317679703235626,0.34254661202430725,1.4216668605804443,0.3273691236972809,0.3888443112373352,1.2675639390945435,2.663057565689087,3.5936384201049805,1.3423614501953125,-1.7194141149520874,-1.1930335760116577,2.4978816509246826,3.2707951068878174,3.791255235671997,2.8484432697296143,1.1492985486984253,-0.71216881275177,-0.1887442022562027,1.4410847425460815,4.224817752838135,4.278360843658447,4.328269004821777,3.5364797115325928
4.912428379058838,3.908963441848755,2.9168174266815186,1.8711535930633545,1.042536973953247,0.36598894000053406,-0.014381024986505508,-0.2760205864906311,-0.710340142250061,-1.232176661491394,-1.5940057039260864,-3.193310499191284,-1.6062989234924316,-1.4112086296081543,-3.2093870639801025,-3.244297504425049,-1.8659964799880981,1.6127530336380005,3.1135594844818115,2.676805019378662,1.164170742034912,-0.8083431720733643,-2.76401686668396,-1.4236637353897095,1.948431372642517,1.7944432497024536,2.8049066066741943,4.638368606567383,1.1577163934707642,-2.1534576416015625,-2.6620943546295166,0.711652934551239,3.7904324531555176,4.352357864379883,3.3662824630737305,1.940945029258728,0.664681613445282,-0.7257938981056213,-0.8977352380752563,3.0791852474212646,4.150051116943359,4.534084796905518,3.0015392303466797
5.678243160247803,4.813809394836426,4.164947986602783,3.1098499298095703,2.057659149169922,1.0996657609939575,0.3698628544807434,-0.19150838255882263,-0.8313167095184326,-1.4717450141906738,-2.5061821937561035,-3.5891308784484863,-0.9488164186477661,0.396910160779953,-1.7290815114974976,-3.404815673828125,-0.8188862204551697,2.253430128097534,2.743332862854004,1.922485113143921,1.5968153476715088,-0.4965243637561798,-1.8278312683105469,-0.8302972316741943,3.9092581272125244,2.449117422103882,3.763474225997925,4.5238356590271,2.469719648361206,0.31381088495254517,-0.9428210854530334,-0.9152733087539673,2.5153307914733887,5.216395378112793,4.770553112030029,3.5677828788757324,2.6806554794311523,0.48016226291656494,-1.3997716903686523,-0.9229547381401062,2.363283395767212,3.8582048416137695,2.727409839630127
6.44499397277832,5.75582218170166,5.350717544555664,4.683006286621094,3.64341402053833,2.318410873413086,1.2713569402694702,0.22009146213531494,-0.27588337659835815,-1.5964025259017944,-3.089280843734741,-1.9187878370285034,-0.8483242988586426,1.437206745147705,0.4272494316101074,-0.9191800951957703,0.2625640034675598,0.7575581669807434,2.6592283248901367,4.056879997253418,3.868346691131592,1.1988391876220703,1.0212410688400269,1.258736252784729,3.755643844604492,2.415788412094116,5.08626127243042,4.701043128967285,3.487755060195923,2.1833221912384033,1.3387691974639893,0.06257282197475433,0.9911795258522034,4.038754463195801,5.551125526428223,4.45085334777832,3.579439401626587,1.3196666240692139,-0.8779534101486206,-2.673197031021118,-1.0776616334915161,2.823925256729126,2.937337875366211
6.877129077911377,6.57855224609375,6.40098762512207,5.951662540435791,4.960577487945557,3.616079807281494,2.106604814529419,0.7996980547904968,0.1847427636384964,-1.796328067779541,-1.6144381761550903,-1.5502177476882935,-1.3209654092788696,0.8300062417984009,0.11816857010126114,-2.1610307693481445,-1.9045698642730713,-1.3559954166412354,2.719572067260742,5.196752548217773,3.8131420612335205,1.853429913520813,1.882750391960144,2.0177111625671387,2.184041738510132,1.4406906366348267,3.1995961666107178,3.9917588233947754,4.790951251983643,3.421513080596924,2.0164740085601807,0.16268430650234222,-0.2370949238538742,0.713398814201355,3.8750832080841064,3.4585890769958496,4.355637073516846,2.603358268737793,-0.278798907995224,-2.4511561393737793,-2.209592580795288,0.8332517147064209,2.8517343997955322
