data/wind_data/wind_30_7.json
{"header": {"parameterUnit": "KT", "parameterCategory": 2, "nx": 256, "ny": 198, "lo1": 44.73521041870117, "la1": -3.236724853515625, "lo2": 111.26478576660156, "la2": 43.468475341796875, "dx": 0.2609002888202667, "dy": -0.23708222806453705, "refTime": "2025-02-20 06:00:00", "forecastTime": 0, "parameterNumber": 2, "parameterNumberName": "eastward_wind"}, "data":
[rows 120 to 139 of 198, columns 44 to 87 of 256]
87.25399017333984,87.72518920898438,87.38433837890625,86.31294250488281,85.25318908691406,84.73657989501953,85.050537109375,86.80047607421875,89.40093231201172,91.00312042236328,91.13817596435547,90.68880462646484,90.40451049804688,90.5545425415039,90.96928405761719,91.35096740722656,91.58147430419922,91.59632110595703,91.17815399169922,90.4888687133789,90.40381622314453,91.33399200439453,92.57576751708984,93.3636245727539,93.67021179199219,93.93168640136719,94.4561996459961,95.15414428710938,95.60247802734375,95.56576538085938,95.27983856201172,95.01270294189453,94.98008728027344,95.46056365966797,96.56692504882812,98.0739517211914,99.45464324951172,101.31829833984375,103.93866729736328,106.40840911865234,107.79947662353516,106.2471923828125,102.1754379272461,99.01904296875
88.59407806396484,88.2633056640625,87.56578063964844,86.4795150756836,85.37859344482422,84.81314086914062,85.22953796386719,87.03658294677734,89.40743255615234,90.82438659667969,91.11740112304688,91.11917877197266,91.2193374633789,91.28614044189453,91.28531646728516,91.36321258544922,91.47706604003906,91.43036651611328,91.03271484375,90.43498992919922,90.4581527709961,91.3842544555664,92.36468505859375,93.02923583984375,93.71187591552734,94.4343490600586,95.02738952636719,95.50802612304688,95.82454681396484,95.8602523803711,95.74525451660156,95.5428237915039,95.34521484375,95.55313873291016,96.57527160644531,98.20404052734375,99.7038803100586,101.78614807128906,104.81280517578125,107.40892791748047,108.84745025634766,107.4186782836914,102.88519287109375,98.8884506225586
89.33282470703125,88.52420806884766,87.95787048339844,87.29299926757812,86.39061737060547,85.66899871826172,85.92654418945312,87.46256256103516,89.24854278564453,90.30590057373047,90.92056274414062,91.59857177734375,92.06417846679688,91.86563110351562,91.33141326904297,91.11760711669922,91.15536499023438,91.09371185302734,90.884521484375,90.55325317382812,90.53325653076172,91.11811828613281,91.93856048583984,92.95623016357422,94.19330596923828,95.14436340332031,95.5828628540039,95.82209014892578,96.08094787597656,96.28291320800781,96.35781860351562,96.20984649658203,95.8908462524414,95.83197021484375,96.52174377441406,98.11636352539062,99.76673126220703,101.7362289428711,104.90253448486328,107.65725708007812,108.93354034423828,107.60476684570312,103.44842529296875,99.5802001953125
89.53258514404297,88.78763580322266,88.25334167480469,87.52755737304688,86.67272186279297,86.10630798339844,86.40445709228516,87.63533782958984,88.87149047851562,89.74214935302734,90.70952606201172,91.81462860107422,92.37186431884766,91.90735626220703,91.08568572998047,90.87194061279297,90.99578857421875,90.93565368652344,90.85568237304688,90.71551513671875,90.63639831542969,90.99369049072266,91.80379486083984,92.99905395507812,94.33552551269531,95.393798828125,95.99764251708984,96.30183410644531,96.54449462890625,96.79948425292969,96.92890167236328,96.72109985351562,96.2529067993164,96.02519989013672,96.4562759399414,97.65853118896484,98.89130401611328,100.31900787353516,103.58361053466797,106.90230560302734,108.1951904296875,106.95301818847656,103.6557846069336,100.81150817871094
89.87867736816406,88.61568450927734,87.1932144165039,86.2067642211914,85.90393829345703,86.04852294921875,86.67447662353516,87.69113159179688,88.5055923461914,89.24905395507812,90.48806762695312,91.74021911621094,92.17680358886719,91.67911529541016,90.98401641845703,90.83316802978516,90.95156860351562,90.99110412597656,91.14066314697266,91.24356842041016,91.20259094238281,91.32732391357422,91.89598846435547,92.95494079589844,94.32948303222656,95.66218566894531,96.53128814697266,96.88788604736328,97.0314712524414,97.13469696044922,97.02178192138672,96.50775909423828,95.86909484863281,95.58002471923828,95.89010620117188,96.83989715576172,97.64727783203125,98.05245208740234,100.45491027832031,104.80481719970703,107.60958862304688,106.974609375,104.24235534667969,101.9754638671875
90.12528228759766,88.3797607421875,86.82466125488281,86.06996154785156,86.38143157958984,86.92766571044922,87.44524383544922,87.95941162109375,88.47251892089844,89.62982177734375,91.10325622558594,91.74286651611328,91.55767822265625,91.30231475830078,91.11715698242188,90.99996185302734,91.05752563476562,91.27259063720703,91.54454040527344,91.78244018554688,91.9074478149414,91.97820281982422,92.38980865478516,93.41920471191406,94.8240737915039,96.05121612548828,96.64893341064453,96.76197814941406,96.84124755859375,96.88677978515625,96.50919342041016,95.68435668945312,94.99809265136719,94.8389663696289,95.21119689941406,96.19542694091797,97.04580688476562,97.24272918701172,97.89070129394531,101.03840637207031,106.31461334228516,108.07945251464844,105.42713928222656,102.76685333251953
89.06782531738281,88.26998901367188,87.62662506103516,87.16229248046875,87.07567596435547,87.3279037475586,87.71330261230469,88.16798400878906,89.13174438476562,90.55945587158203,91.10167694091797,90.70984649658203,90.5662841796875,90.90874481201172,91.19676971435547,91.28059387207031,91.55399322509766,91.92010498046875,92.03547668457031,92.2278823852539,92.57777404785156,92.8958511352539,93.46063995361328,94.35545349121094,95.25281524658203,95.74002838134766,95.76212310791016,95.81105041503906,96.23780822753906,96.5755844116211,96.14350891113281,95.21744537353516,94.67205047607422,94.70626831054688,95.08245849609375,96.09939575195312,97.0322494506836,97.33854675292969,97.40708923339844,97.6325912475586,102.26423645019531,108.45005798339844,107.9549789428711,104.42134094238281
88.3873062133789,88.37989044189453,87.75727081298828,87.02030944824219,86.5494613647461,86.89186096191406,88.15394592285156,89.35812377929688,90.10193634033203,90.11637878417969,89.6707534790039,89.79840850830078,90.37301635742188,90.9262466430664,91.3281021118164,91.47154235839844,91.74402618408203,92.19496154785156,92.50656127929688,92.94219970703125,93.45606231689453,93.89419555664062,94.42976379394531,94.85132598876953,94.88298797607422,94.68683624267578,94.71073150634766,95.29566192626953,96.2401123046875,96.77518463134766,96.2085952758789,95.16522979736328,94.79991149902344,95.1249008178711,95.53866577148438,96.25760650634766,97.15721130371094,97.1898422241211,97.52708435058594,96.67542266845703,97.23812866210938,104.69830322265625,110.45178985595703,108.31661987304688
87.36376190185547,86.96810913085938,86.10108947753906,85.89777374267578,86.0587387084961,86.95381164550781,89.36054992675781,90.58049011230469,89.40119171142578,88.62591552734375,89.4310073852539,90.44627380371094,90.84502410888672,90.94178009033203,90.99237060546875,90.97103118896484,91.3697509765625,92.26844024658203,93.09680938720703,93.7947006225586,94.26355743408203,94.49095153808594,94.70529174804688,94.74935913085938,94.45823669433594,94.17503356933594,94.58809661865234,95.78626251220703,97.01756286621094,97.38994598388672,96.46664428710938,95.2278823852539,95.01091003417969,95.76421356201172,96.63095092773438,97.14331817626953,97.69080352783203,97.6476058959961,97.72904968261719,97.18115997314453,94.71739196777344,98.20211029052734,108.9960708618164,113.03174591064453
86.8479232788086,86.13163757324219,85.80188751220703,86.23198699951172,86.41766357421875,87.71973419189453,90.00067901611328,89.82901000976562,88.35621643066406,89.0448226928711,90.75997924804688,91.0713119506836,90.15564727783203,89.52056121826172,89.70877075195312,90.30540466308594,91.35135650634766,92.66114044189453,93.68646240234375,94.38841247558594,94.74649047851562,94.73693084716797,94.60176086425781,94.5633773803711,94.56826782226562,94.6146240234375,95.2751693725586,96.63423919677734,97.79055786132812,97.94324493408203,96.828369140625,95.39677429199219,95.15318298339844,96.16795349121094,97.42760467529297,98.04532623291016,98.41889953613281,98.63287353515625,98.31613159179688,98.22521209716797,94.99726867675781,92.74894714355469,102.97987365722656,114.65493774414062
87.33320617675781,86.98526763916016,86.64585876464844,86.94029235839844,87.38882446289062,88.59765625,89.6681900024414,89.61444091796875,89.8292007446289,90.59183502197266,90.88260650634766,89.98797607421875,88.58102416992188,88.13021087646484,88.7800064086914,89.90241241455078,91.3523178100586,92.80900573730469,93.88013458251953,94.48292541503906,94.58792114257812,94.3149642944336,94.05377197265625,94.21920013427734,94.72979736328125,95.35814666748047,96.31743621826172,97.46975708007812,98.07796478271484,97.85514068603516,97.01140594482422,95.83637237548828,95.14520263671875,95.61587524414062,96.74462127685547,97.52173614501953,98.02101135253906,98.57413482666016,98.50695037841797,98.85551452636719,96.27738952636719,91.07069396972656,96.7815933227539,110.15127563476562
87.9944839477539,88.46788787841797,88.01920318603516,86.42349243164062,85.35929870605469,86.8810806274414,89.67594146728516,91.40922546386719,91.52969360351562,90.58573150634766,89.37657928466797,88.49271392822266,88.14433288574219,88.3210678100586,88.81037139892578,89.78909301757812,91.36945343017578,92.78934478759766,93.54780578613281,93.7547607421875,93.5945053100586,93.37532043457031,93.37739562988281,93.71748352050781,94.31625366210938,95.22367858886719,96.56021118164062,97.77836608886719,98.02351379394531,97.38813018798828,96.66028594970703,96.11720275878906,95.53018188476562,95.16606903076172,95.417236328125,95.95646667480469,96.47163391113281,96.99810791015625,97.07821655273438,97.69816589355469,96.64703369140625,91.48670959472656,92.67906951904297,103.07689666748047
89.6270751953125,89.71248626708984,88.04399108886719,85.5699691772461,85.36563110351562,87.70246124267578,90.38642883300781,91.52072143554688,90.78826904296875,89.4664306640625,88.61708068847656,88.39471435546875,88.4554443359375,88.74951171875,89.37370300292969,90.4966812133789,91.62773895263672,92.06411743164062,92.13545989990234,92.28889465332031,92.3859634399414,92.45693969726562,92.56109619140625,92.66276550292969,92.9565658569336,93.89735412597656,95.557373046875,97.03060150146484,97.36233520507812,96.79854583740234,96.06602478027344,95.51704406738281,95.24299621582031,95.20130157470703,95.27774810791016,95.3436508178711,95.33785247802734,95.29296112060547,94.9314956665039,95.09822082519531,95.2795181274414,91.46785736083984,89.20985412597656,96.39338684082031
90.77706146240234,88.85787963867188,87.7639389038086,88.53143310546875,89.60900115966797,90.24810791015625,90.71436309814453,90.7881851196289,90.45541381835938,89.86475372314453,89.13652801513672,88.6730728149414,88.83317565917969,89.48196411132812,90.28952026367188,90.74559020996094,90.63484954833984,90.41973114013672,90.71926879882812,91.27019500732422,91.40592956542969,91.23107147216797,91.0166244506836,90.79037475585938,90.94451904296875,92.08650970458984,94.06495666503906,95.74707794189453,96.2698974609375,95.89939880371094,95.21741485595703,94.52376556396484,94.19921112060547,94.58733367919922,95.36811828613281,95.8284683227539,95.68024444580078,95.0123291015625,93.79814910888672,92.73308563232422,92.6461181640625,90.83334350585938,86.9711685180664,88.92848205566406
89.16854095458984,88.83747100830078,89.63094329833984,90.68665313720703,91.03251647949219,90.8201675415039,90.79542541503906,91.14441680908203,91.25814819335938,90.61396789550781,89.70101165771484,89.36644744873047,89.70772552490234,90.36048126220703,90.5886001586914,89.9999008178711,89.43943786621094,89.66976928710938,90.37577056884766,90.64728546142578,90.15819549560547,89.52975463867188,89.16234588623047,88.97293090820312,89.33943939208984,90.78887939453125,92.8807373046875,94.44075775146484,94.93087768554688,94.69076538085938,94.1026382446289,93.3914794921875,93.04391479492188,93.51151275634766,94.56610107421875,95.40409088134766,95.49793243408203,94.87106323242188,93.4704818725586,91.53964233398438,90.33880615234375,89.34071350097656,86.49797821044922,84.48863983154297
89.6946792602539,89.78878784179688,89.97599792480469,90.40982818603516,90.65754699707031,90.60901641845703,91.0284194946289,91.64923858642578,91.6280288696289,90.93159484863281,90.29528045654297,90.18186950683594,90.48198699951172,90.5700454711914,89.9423599243164,89.17377471923828,89.25616455078125,89.94837951660156,90.18537139892578,89.58341979980469,88.7248306274414,88.17253875732422,87.90313720703125,87.85977935791016,88.5030288696289,90.14674377441406,92.04110717773438,93.1122055053711,93.25916290283203,93.03230285644531,92.70498657226562,92.2145004272461,91.8467788696289,92.14349365234375,93.03973388671875,93.80603790283203,93.88310241699219,93.32371520996094,92.1941146850586,90.35989379882812,88.47467803955078,87.47563171386719,85.91675567626953,82.90646362304688
91.34140014648438,90.68547821044922,90.10234069824219,89.91656494140625,89.87633514404297,90.2579574584961,90.9339370727539,91.40442657470703,91.39303588867188,91.0168685913086,90.60370635986328,90.27399444580078,89.93498229980469,89.4690933227539,89.1314926147461,89.35623168945312,89.93151092529297,90.05345153808594,89.26316833496094,88.21481323242188,87.68592071533203,87.55559539794922,87.47190856933594,87.58191680908203,88.34232330322266,89.80305480957031,91.08195495605469,91.4173812866211,91.1640853881836,90.96820831298828,90.93791198730469,90.74951171875,90.40045928955078,90.4220199584961,90.93309020996094,91.340576171875,91.18046569824219,90.56205749511719,89.66746520996094,88.28116607666016,86.34174346923828,84.9849853515625,84.29103088378906,81.7927017211914
92.24913787841797,92.15828704833984,91.9327163696289,91.2388687133789,90.7974853515625,90.79991912841797,90.78030395507812,90.83647918701172,90.89689636230469,90.63568878173828,89.96360778808594,89.21809387207031,88.81497192382812,88.97212219238281,89.588623046875,90.25286865234375,90.26119995117188,89.35973358154297,88.13534545898438,87.40045928955078,87.33490753173828,87.58234405517578,87.83204650878906,88.00591278076172,88.37666320800781,88.99163055419922,89.27063751220703,89.0710678100586,88.86544036865234,88.86558532714844,88.94530487060547,88.84017181396484,88.48063659667969,88.24915313720703,88.30970764160156,88.30184936523438,87.91191101074219,87.18345642089844,86.31426239013672,85.23912048339844,83.60871887207031,82.01500701904297,81.52003479003906,79.82699584960938
92.66631317138672,93.44750213623047,93.49809265136719,93.35413360595703,93.0547866821289,92.20369720458984,91.42604064941406,91.38984680175781,91.75408172607422,91.44749450683594,90.17190551757812,88.95364379882812,88.9036636352539,89.72885131835938,90.50740814208984,90.54271697998047,89.74274444580078,88.5854263305664,87.66783905029297,87.26883697509766,87.37450408935547,87.96619415283203,88.52619171142578,88.34373474121094,87.77495574951172,87.32611083984375,86.815185546875,86.48825073242188,86.61137390136719,86.79410552978516,86.7377700805664,86.4715347290039,86.08042907714844,85.71997833251953,85.40866088867188,84.99127197265625,84.42828369140625,83.61958312988281,82.57070922851562,81.53704071044922,80.38662719726562,79.06158447265625,78.33842468261719,76.87226104736328
93.00294494628906,93.89596557617188,94.5997543334961,95.39423370361328,94.93136596679688,93.42282104492188,92.40959930419922,92.78660583496094,93.55181121826172,92.86426544189453,90.7392807006836,89.25721740722656,89.59526062011719,90.76478576660156,91.2729721069336,90.4791259765625,89.08880615234375,88.07015228271484,87.65128326416016,87.62120056152344,87.94072723388672,88.67204284667969,89.0872802734375,88.15911865234375,86.53070831298828,85.3807601928711,84.66993713378906,84.29295349121094,84.30732727050781,84.35722351074219,84.17562866210938,83.84707641601562,83.52166748046875,83.17041778564453,82.62688446044922,81.82118225097656,80.93513488769531,79.936279296875,78.69839477539062,77.7191162109375,77.16242980957031,76.44806671142578,75.66870880126953,73.82139587402344
