data/wind_data/wind_16_9.json
{"header": {"parameterUnit": "KT", "parameterCategory": 2, "nx": 256, "ny": 198, "lo1": 44.73521041870117, "la1": -3.236724853515625, "lo2": 111.26478576660156, "la2": 43.468475341796875, "dx": 0.2609002888202667, "dy": -0.23708222806453705, "refTime": "2025-02-19 16:00:00", "forecastTime": 0, "parameterNumber": 2, "parameterNumberName": "eastward_wind"}, "data":
[rows 171 to 189 of 198, columns 0 to 42 of 256]
21.920358657836914,22.02533721923828,19.275217056274414,14.761667251586914,7.512852668762207,6.386526107788086,10.613783836364746,17.104373931884766,19.556968688964844,15.714494705200195,9.801066398620605,7.200512409210205,9.542425155639648,12.779196739196777,12.863518714904785,12.476637840270996,16.107759475708008,21.67168426513672,21.342920303344727,14.871528625488281,11.128246307373047,12.258430480957031,14.473995208740234,14.482916831970215,11.785140037536621,9.248161315917969,9.629810333251953,12.131280899047852,15.527939796447754,18.589021682739258,20.350326538085938,20.876020431518555,21.0727481842041,21.838428497314453,23.084264755249023,23.546743392944336,22.188987731933594,19.20905303955078,16.079465866088867,14.514410972595215,14.599149703979492,15.196017265319824,16.01072120666504
21.52822494506836,22.90470314025879,19.899581909179688,14.863078117370605,7.569054126739502,8.142704963684082,14.358565330505371,21.19921112060547,21.79480743408203,15.856504440307617,9.19780158996582,7.519238471984863,9.61854362487793,11.452004432678223,12.00068473815918,14.594192504882812,20.508438110351562,24.988245010375977,21.93868637084961,14.270573616027832,11.331658363342285,13.504464149475098,15.256570816040039,13.337515830993652,10.472081184387207,9.947429656982422,11.734910011291504,14.835281372070312,18.178804397583008,20.76850700378418,22.216936111450195,22.783287048339844,23.21969223022461,24.045564651489258,24.893936157226562,24.86145782470703,23.466659545898438,20.600820541381836,17.134986877441406,14.727078437805176,14.121479034423828,14.616110801696777,15.549803733825684
21.8966121673584,21.853906631469727,19.710832595825195,14.828771591186523,7.043428897857666,10.133645057678223,19.200223922729492,25.880449295043945,24.68801498413086,18.03459930419922,11.09665298461914,8.232427597045898,8.857150077819824,11.770841598510742,15.911530494689941,20.569372177124023,24.365367889404297,25.63973617553711,23.687509536743164,20.29006004333496,18.8095645904541,19.348663330078125,18.155929565429688,14.920479774475098,12.9863862991333,12.9434232711792,14.412006378173828,17.052446365356445,20.05719566345215,22.635608673095703,24.246532440185547,24.960193634033203,25.44283103942871,26.019433975219727,26.213171005249023,25.721710205078125,24.246414184570312,21.426849365234375,17.742469787597656,14.958179473876953,14.515750885009766,15.437309265136719,16.207748413085938
22.566226959228516,21.710935592651367,20.3275089263916,15.881790161132812,7.760355472564697,12.378582954406738,23.61737060546875,30.254898071289062,27.84379768371582,20.20160484313965,12.207377433776855,8.29134750366211,10.524839401245117,16.887710571289062,23.114673614501953,26.33551788330078,26.78180503845215,26.34983253479004,26.117034912109375,25.77010726928711,25.414325714111328,24.434921264648438,22.142086029052734,19.144378662109375,16.114788055419922,14.254339218139648,14.96239948272705,17.860902786254883,21.663532257080078,24.76699447631836,26.144235610961914,26.36186408996582,26.631933212280273,27.066736221313477,27.081256866455078,26.359052658081055,24.644044876098633,21.619140625,17.773723602294922,15.272400856018066,15.432915687561035,16.460704803466797,16.554187774658203
23.28960609436035,23.176589965820312,22.168888092041016,18.28976821899414,10.298806190490723,15.32990550994873,27.657276153564453,34.37006378173828,31.012039184570312,22.201602935791016,12.786306381225586,10.047425270080566,15.07895278930664,23.866546630859375,29.35869598388672,29.763750076293945,28.42230224609375,28.107261657714844,28.803340911865234,29.450191497802734,28.81590461730957,27.63670539855957,25.948163986206055,20.918310165405273,14.20755386352539,11.583589553833008,13.981626510620117,19.086626052856445,24.082948684692383,26.526893615722656,26.624691009521484,26.305818557739258,26.80322265625,27.662546157836914,27.83498764038086,26.948619842529297,24.876386642456055,21.35252571105957,17.485448837280273,15.7550630569458,16.396190643310547,17.20423126220703,16.74261474609375
24.131717681884766,25.373153686523438,24.637298583984375,21.331846237182617,13.708256721496582,18.545991897583008,31.251264572143555,38.28438186645508,34.47710037231445,25.222156524658203,15.833988189697266,13.953725814819336,19.55978775024414,27.618772506713867,32.506103515625,32.50650405883789,30.842435836791992,30.020435333251953,30.714038848876953,30.496347427368164,28.682395935058594,28.511140823364258,23.369394302368164,13.60766887664795,7.701591491699219,8.92238712310791,14.703078269958496,21.11029052734375,24.629213333129883,24.99437141418457,24.54851722717285,25.244531631469727,27.07935905456543,28.586219787597656,28.737369537353516,27.53559684753418,24.75162124633789,20.619962692260742,17.518707275390625,17.01683235168457,17.77995491027832,17.9366512298584,17.034889221191406
24.67815399169922,26.75568962097168,26.782676696777344,24.174959182739258,17.049997329711914,21.651411056518555,34.21596908569336,41.518707275390625,38.049102783203125,29.62229347229004,21.43952178955078,18.186742782592773,21.289268493652344,28.144752502441406,34.607261657714844,36.361148834228516,34.06270217895508,32.13606262207031,32.22096252441406,29.635963439941406,24.928394317626953,19.922075271606445,8.013422012329102,-0.23719637095928192,1.7978065013885498,8.34794807434082,15.384472846984863,19.556690216064453,20.67486000061035,21.11532211303711,22.7524356842041,25.82196807861328,28.760129928588867,29.948734283447266,29.39278793334961,27.504417419433594,24.07109260559082,20.464399337768555,18.865644454956055,18.998498916625977,18.96965980529785,18.016841888427734,16.875484466552734
24.687360763549805,30.466014862060547,30.321678161621094,27.421424865722656,20.55719566345215,24.70806121826172,36.57228088378906,43.997432708740234,41.313690185546875,33.53717041015625,25.699453353881836,21.47309684753418,23.642929077148438,30.712881088256836,37.69328689575195,39.423763275146484,36.65852355957031,34.579429626464844,33.141761779785156,26.352270126342773,15.318232536315918,-2.118408441543579,-11.067856788635254,-7.044365406036377,0.5753447413444519,7.9774675369262695,12.691492080688477,15.31274127960205,17.713706970214844,20.80550765991211,24.556053161621094,28.245712280273438,30.4327449798584,30.596065521240234,29.49910545349121,27.48880958557129,24.61294174194336,22.06625747680664,20.746227264404297,20.040918350219727,18.733030319213867,16.938770294189453,15.688623428344727
24.73247718811035,32.69132614135742,32.468196868896484,29.23733901977539,23.043533325195312,26.78729820251465,37.842315673828125,45.33933639526367,42.74342727661133,34.39147186279297,27.40598487854004,25.985353469848633,29.754240036010742,35.35430145263672,39.42329788208008,40.316734313964844,38.741607666015625,36.78279113769531,33.137962341308594,23.493600845336914,12.659219741821289,5.375717639923096,4.393206596374512,6.383408546447754,9.185782432556152,11.609660148620605,14.260278701782227,17.74859619140625,21.64285659790039,25.198217391967773,28.242633819580078,30.67083740234375,31.883766174316406,31.62928581237793,30.78447151184082,29.49077606201172,27.20591163635254,24.344255447387695,21.76741600036621,19.591901779174805,17.45233154296875,15.501399040222168,14.211791038513184
25.399633407592773,32.032772064208984,31.80002212524414,28.61820411682129,23.796674728393555,27.99643898010254,38.3030891418457,44.30125045776367,40.736732482910156,33.09783172607422,28.908105850219727,29.843706130981445,32.94169616699219,36.19064712524414,39.1604118347168,40.70409393310547,39.90455627441406,36.62401580810547,30.240951538085938,19.56597137451172,11.855146408081055,15.142321586608887,20.759305953979492,23.11743927001953,22.809534072875977,22.564451217651367,24.008136749267578,26.66203498840332,29.011981964111328,30.51165771484375,31.807870864868164,33.18454360961914,33.8965950012207,33.60993957519531,33.0341796875,32.01992416381836,29.621244430541992,25.90964698791504,21.945402145385742,18.782411575317383,16.615562438964844,15.084085464477539,13.909546852111816
26.444385528564453,28.98292350769043,29.209854125976562,26.6430721282959,23.629718780517578,28.4233455657959,37.07560729980469,41.21269989013672,37.95150375366211,32.076744079589844,29.06349754333496,29.82132339477539,32.752864837646484,36.69540023803711,39.61511993408203,39.6661376953125,37.30126190185547,32.00505828857422,23.78449821472168,15.404438972473145,13.817682266235352,19.42364501953125,24.43189239501953,26.279809951782227,27.470827102661133,29.61309242248535,31.875120162963867,32.94645690917969,32.921165466308594,32.93696975708008,33.84532165527344,35.27777862548828,35.934783935546875,35.51769256591797,34.87812042236328,33.9094352722168,31.3475341796875,26.896242141723633,22.14672088623047,18.897212982177734,17.233009338378906,16.107379913330078,14.855480194091797
27.358137130737305,27.019542694091797,27.536823272705078,25.552196502685547,23.453283309936523,28.02294158935547,35.56222152709961,39.12359619140625,36.09088134765625,30.691701889038086,28.236682891845703,29.883647918701172,34.44198989868164,39.42509841918945,40.570247650146484,37.67564010620117,32.293609619140625,25.209121704101562,18.733945846557617,16.474275588989258,18.62873077392578,22.17107582092285,25.043935775756836,28.22718620300293,32.173500061035156,34.94724655151367,35.251712799072266,34.230140686035156,33.71336364746094,34.2883415222168,35.54904556274414,36.70571517944336,36.94710922241211,36.37869644165039,35.97800064086914,35.34650421142578,32.549468994140625,27.672439575195312,23.16969108581543,20.489721298217773,18.95726203918457,17.50688362121582,15.93281078338623
28.04262924194336,28.358074188232422,27.966182708740234,25.872140884399414,23.864429473876953,28.051143646240234,35.07906723022461,38.3845329284668,35.29488754272461,29.763614654541016,27.675168991088867,31.1708984375,38.03343963623047,42.24211883544922,40.370948791503906,34.24127960205078,26.239229202270508,19.940898895263672,17.780210494995117,18.94532585144043,21.49871826171875,24.424053192138672,28.035348892211914,32.24209976196289,35.160797119140625,35.64291000366211,34.68737030029297,34.33523178100586,35.05033874511719,35.83546447753906,36.31288146972656,36.71787643432617,36.853309631347656,36.672508239746094,36.7631950378418,36.45349884033203,33.6580924987793,28.78092384338379,24.592937469482422,22.19139862060547,20.494590759277344,18.662866592407227,17.067861557006836
28.702465057373047,27.909151077270508,27.651700973510742,25.950986862182617,24.215011596679688,28.238510131835938,34.97124099731445,38.20519256591797,35.20329666137695,29.584070205688477,28.484689712524414,34.59257888793945,41.917198181152344,43.54046630859375,38.820838928222656,30.967180252075195,23.576335906982422,19.539188385009766,18.970077514648438,20.61648178100586,23.742774963378906,27.480119705200195,30.79581069946289,33.141639709472656,34.517852783203125,35.0252685546875,35.253875732421875,35.77077102661133,36.33837127685547,36.4583854675293,36.381011962890625,36.588478088378906,36.897865295410156,37.11200714111328,37.504417419433594,37.34115219116211,34.6405029296875,29.671772003173828,25.58503532409668,23.677501678466797,22.231273651123047,20.324983596801758,18.955080032348633
29.536348342895508,31.227542877197266,30.11508560180664,27.631296157836914,25.72205924987793,29.30360984802246,35.490745544433594,38.53727340698242,35.68408203125,31.16613006591797,32.439422607421875,39.357322692871094,44.42279815673828,42.570186614990234,36.813865661621094,30.917810440063477,25.214855194091797,20.755903244018555,19.880739212036133,22.434310913085938,25.92621421813965,28.39919090270996,29.961782455444336,31.467323303222656,33.21607208251953,34.76253128051758,35.791770935058594,36.471797943115234,36.86615753173828,36.72925567626953,36.33290481567383,36.37486267089844,36.92031478881836,37.47006607055664,37.84036636352539,37.60481262207031,35.30209732055664,30.793773651123047,26.918455123901367,25.4475154876709,24.747150421142578,23.353483200073242,22.092575073242188
30.460891723632812,32.92945861816406,31.925840377807617,29.240585327148438,27.14985466003418,29.840755462646484,35.15437698364258,37.69549560546875,35.36129379272461,33.51029586791992,36.821205139160156,42.351959228515625,43.175315856933594,39.10423278808594,35.180702209472656,31.356765747070312,24.713436126708984,18.685150146484375,17.931467056274414,20.582326889038086,23.572954177856445,26.15337562561035,28.71915054321289,31.0960693359375,32.85322570800781,34.04402160644531,35.01804733276367,36.00676727294922,36.81287384033203,36.920440673828125,36.46237564086914,36.29790496826172,36.82853698730469,37.50717544555664,37.80006408691406,37.53235626220703,35.986141204833984,32.68587875366211,29.351472854614258,28.01325225830078,28.04521369934082,27.545547485351562,26.283021926879883
31.010087966918945,30.800350189208984,30.98773193359375,29.52918243408203,27.618242263793945,29.29258155822754,33.6140022277832,35.751792907714844,34.83512878417969,35.19591522216797,38.858306884765625,42.02472686767578,40.31816864013672,36.273433685302734,33.28971862792969,29.278833389282227,21.905651092529297,15.346102714538574,14.449421882629395,17.704938888549805,21.740156173706055,25.172657012939453,28.160171508789062,30.609081268310547,32.1417121887207,33.03118896484375,33.81897735595703,34.77510070800781,35.845237731933594,36.5561637878418,36.60155487060547,36.441627502441406,36.72672653198242,37.328433990478516,37.762664794921875,37.86279296875,37.19584274291992,35.145912170410156,32.45834732055664,31.023639678955078,31.171762466430664,31.231718063354492,30.095706939697266
30.99102783203125,29.585851669311523,30.082571029663086,29.663814544677734,27.828956604003906,28.599498748779297,31.9534912109375,34.15940856933594,34.45656967163086,35.47852325439453,38.6290283203125,41.23816680908203,39.79975509643555,35.099090576171875,30.2843074798584,25.768522262573242,20.327392578125,16.27065658569336,16.700477600097656,20.25102996826172,23.677980422973633,25.75107765197754,27.468992233276367,29.456886291503906,31.33751678466797,32.6657600402832,33.32791519165039,33.744808197021484,34.61720657348633,36.000282287597656,37.08805847167969,37.29743194580078,37.29343032836914,37.82941436767578,38.670413970947266,39.15636444091797,38.988548278808594,37.84673309326172,35.804481506347656,34.077735900878906,33.50943374633789,33.20915603637695,32.05495834350586
30.763044357299805,29.606386184692383,30.498821258544922,30.681215286254883,28.803085327148438,29.002443313598633,31.608997344970703,33.69666290283203,34.35736846923828,35.50933837890625,38.85183334350586,42.37266540527344,41.16798400878906,34.82195281982422,28.005128860473633,23.68302345275879,21.06496810913086,19.711509704589844,20.644046783447266,23.295042037963867,25.704309463500977,26.865306854248047,27.569232940673828,28.923067092895508,30.89494514465332,32.64300537109375,33.532535552978516,33.90399169921875,34.726985931396484,36.30985641479492,37.86610412597656,38.37352752685547,38.104042053222656,38.39360809326172,39.72861862182617,41.05626678466797,41.166194915771484,39.829437255859375,37.82969665527344,36.256683349609375,35.33384323120117,34.15067672729492,32.20884323120117
