data/wind_data/wind_14_1.json
{"header": {"parameterUnit": "KT", "parameterCategory": 2, "nx": 256, "ny": 198, "lo1": 44.73521041870117, "la1": -3.236724853515625, "lo2": 111.26478576660156, "la2": 43.468475341796875, "dx": 0.2609002888202667, "dy": -0.23708222806453705, "refTime": "2025-02-19 14:00:00", "forecastTime": 0, "parameterNumber": 2, "parameterNumberName": "eastward_wind"}, "data":
[rows 19 to 37 of 198, columns 0 to 42 of 256]
-16.08622932434082,-17.02895164489746,-18.904268264770508,-18.669837951660156,-18.015031814575195,-17.84210968017578,-16.083168029785156,-14.814233779907227,-12.594439506530762,-10.715067863464355,-9.661351203918457,-9.289103507995605,-9.998714447021484,-9.578579902648926,-9.420316696166992,-8.615549087524414,-7.861408233642578,-6.946648597717285,-6.119835376739502,-5.488448619842529,-5.023047924041748,-4.410917282104492,-4.241777420043945,-4.059744834899902,-4.118415355682373,-4.0003981590271,-4.347324371337891,-4.793227672576904,-5.207222938537598,-6.325545787811279,-6.859798431396484,-7.404660701751709,-8.068483352661133,-8.20541000366211,-8.27330207824707,-8.368828773498535,-8.618963241577148,-8.845987319946289,-9.092025756835938,-9.15921688079834,-9.26842975616455,-9.716353416442871,-10.283909797668457
-14.379386901855469,-16.19734001159668,-16.47216796875,-18.847095489501953,-20.42289924621582,-18.688709259033203,-17.203306198120117,-15.361275672912598,-14.262785911560059,-12.157119750976562,-11.90438175201416,-10.540014266967773,-10.546300888061523,-10.02804946899414,-9.798974990844727,-9.488275527954102,-8.716236114501953,-7.586523532867432,-6.810129642486572,-5.995120525360107,-5.595249176025391,-5.048435688018799,-4.412934303283691,-3.785942792892456,-3.8652431964874268,-3.671818971633911,-3.806272029876709,-4.508488178253174,-5.1887102127075195,-6.161983966827393,-7.800351142883301,-8.53685188293457,-7.424413681030273,-7.794453144073486,-8.703461647033691,-7.861306667327881,-6.90856409072876,-7.698161602020264,-9.219236373901367,-9.203301429748535,-8.993803024291992,-10.015380859375,-10.678784370422363
-11.924604415893555,-16.464399337768555,-16.873125076293945,-16.70003890991211,-20.39569091796875,-19.517501831054688,-18.6029109954834,-15.909780502319336,-15.649699211120605,-13.277473449707031,-13.205145835876465,-11.76353645324707,-11.231304168701172,-10.556303977966309,-10.304268836975098,-9.853264808654785,-9.25364875793457,-8.362865447998047,-7.556217670440674,-6.837121963500977,-6.4032697677612305,-5.8302998542785645,-5.266736030578613,-4.667160987854004,-4.475528717041016,-4.384731769561768,-4.553115367889404,-4.250267505645752,-5.158599376678467,-6.482813835144043,-7.711255073547363,-8.736478805541992,-8.419387817382812,-7.990162372589111,-7.795753479003906,-6.49965763092041,-4.83532190322876,-6.104349613189697,-7.803309917449951,-7.771559238433838,-8.578399658203125,-10.295105934143066,-11.110154151916504
-9.893471717834473,-14.290860176086426,-16.527637481689453,-18.162776947021484,-17.945083618164062,-18.80708122253418,-18.91761589050293,-16.483036041259766,-16.045330047607422,-14.8300199508667,-14.098661422729492,-13.042048454284668,-12.041903495788574,-11.272727966308594,-10.73343276977539,-10.1943998336792,-9.533775329589844,-8.824360847473145,-8.19942855834961,-7.624292850494385,-7.086053371429443,-6.3880486488342285,-5.951660633087158,-5.29410457611084,-5.151374816894531,-4.883040428161621,-4.907607078552246,-5.3751935958862305,-6.21498441696167,-6.495578765869141,-7.211109161376953,-8.437779426574707,-8.470551490783691,-7.857156753540039,-6.753866672515869,-5.4652557373046875,-5.744264602661133,-6.956336498260498,-5.957200527191162,-5.790946960449219,-7.857124328613281,-9.661635398864746,-10.28159236907959
-9.58941650390625,-10.825979232788086,-12.92291259765625,-17.220083236694336,-21.754323959350586,-20.787090301513672,-19.65900421142578,-17.918699264526367,-16.036802291870117,-15.835942268371582,-15.024237632751465,-14.04306697845459,-13.0969820022583,-12.158188819885254,-11.188471794128418,-10.323209762573242,-9.868804931640625,-9.301254272460938,-8.861784934997559,-8.357497215270996,-7.882562160491943,-7.132905006408691,-6.564637660980225,-5.948902130126953,-5.754709243774414,-5.499150276184082,-5.545438289642334,-5.802196979522705,-6.2200026512146,-6.652623176574707,-7.215112209320068,-7.821707725524902,-8.63001823425293,-8.713561058044434,-7.709000587463379,-6.5971550941467285,-7.070040702819824,-8.659684181213379,-8.217185020446777,-6.159451484680176,-6.417425155639648,-7.316344738006592,-8.036946296691895
-9.912115097045898,-9.030353546142578,-9.691022872924805,-12.726552963256836,-15.973145484924316,-20.077980041503906,-20.77454948425293,-19.409866333007812,-17.723371505737305,-15.786195755004883,-15.885435104370117,-14.946430206298828,-14.024888038635254,-12.969301223754883,-11.741355895996094,-10.721245765686035,-9.998563766479492,-9.560227394104004,-9.674249649047852,-9.168978691101074,-8.678245544433594,-7.82199764251709,-7.249329090118408,-6.705651760101318,-6.577815055847168,-6.347111701965332,-6.393293857574463,-6.0246453285217285,-6.036371231079102,-6.591795921325684,-7.052644729614258,-7.786242961883545,-8.302528381347656,-8.936456680297852,-8.635355949401855,-6.8893938064575195,-5.9922895431518555,-7.71719217300415,-8.370138168334961,-6.491990566253662,-6.116964817047119,-6.709259510040283,-7.144593715667725
-9.082974433898926,-9.743386268615723,-9.095601081848145,-10.081366539001465,-12.664360046386719,-13.832147598266602,-20.57529067993164,-20.044036865234375,-19.64567756652832,-17.42648696899414,-15.683135032653809,-15.606378555297852,-14.800707817077637,-13.689347267150879,-12.253057479858398,-11.180594444274902,-10.732605934143066,-10.067672729492188,-10.488561630249023,-9.966931343078613,-9.366936683654785,-8.633605003356934,-8.209051132202148,-7.669101238250732,-7.477809906005859,-7.176990509033203,-6.8605499267578125,-5.9375901222229,-5.847708702087402,-6.5598530769348145,-7.304471015930176,-7.904577732086182,-8.55136775970459,-8.984984397888184,-8.713580131530762,-7.456672191619873,-5.449893951416016,-6.6465067863464355,-8.636100769042969,-6.797890663146973,-6.934113025665283,-6.616806507110596,-7.923251628875732
-8.718576431274414,-10.14599323272705,-9.472063064575195,-9.688827514648438,-13.018362045288086,-9.23052978515625,-16.67973518371582,-18.848087310791016,-20.172487258911133,-19.282636642456055,-17.491796493530273,-15.264883995056152,-15.291121482849121,-14.415571212768555,-12.846153259277344,-11.432710647583008,-11.41755199432373,-10.580866813659668,-10.748377799987793,-10.183060646057129,-9.96944522857666,-9.421756744384766,-9.106865882873535,-8.726377487182617,-8.384504318237305,-7.919110298156738,-7.358211994171143,-6.500275611877441,-6.31186056137085,-6.699004650115967,-7.530281066894531,-8.35112190246582,-8.88995361328125,-8.841495513916016,-8.594293594360352,-8.349387168884277,-7.314083576202393,-5.777440071105957,-6.95962381362915,-8.003819465637207,-7.792212009429932,-7.048122406005859,-7.910215854644775
-9.246810913085938,-10.094085693359375,-9.824302673339844,-10.867587089538574,-13.216126441955566,-8.725335121154785,-12.89139175415039,-15.219968795776367,-19.627864837646484,-19.22716522216797,-19.289243698120117,-17.03574562072754,-14.765318870544434,-14.76053237915039,-13.843607902526855,-11.71430492401123,-11.835112571716309,-11.038782119750977,-11.051870346069336,-10.620889663696289,-10.78351879119873,-10.083775520324707,-9.915620803833008,-9.394865989685059,-9.263655662536621,-8.70034122467041,-8.020352363586426,-7.273098945617676,-7.010435581207275,-7.2835822105407715,-7.886317729949951,-8.510729789733887,-8.946467399597168,-8.895099639892578,-8.308466911315918,-8.359426498413086,-7.621031284332275,-5.509385585784912,-5.998399257659912,-8.595437049865723,-8.577301025390625,-7.847658634185791,-8.68958854675293
-9.423135757446289,-9.9616060256958,-9.817093849182129,-11.571213722229004,-13.63901424407959,-9.325013160705566,-11.743057250976562,-11.88168716430664,-18.146177291870117,-18.857446670532227,-19.522350311279297,-18.57423973083496,-15.95474624633789,-13.982292175292969,-14.87382984161377,-12.946288108825684,-12.087922096252441,-11.369141578674316,-11.573748588562012,-10.970914840698242,-11.401981353759766,-10.716670989990234,-10.318220138549805,-9.752720832824707,-9.843918800354004,-9.392651557922363,-8.85243034362793,-8.08626651763916,-7.850419044494629,-7.977697849273682,-8.357412338256836,-8.778162956237793,-8.981093406677246,-8.799697875976562,-8.220293045043945,-8.228981971740723,-8.489426612854004,-7.69615364074707,-7.3376007080078125,-9.211814880371094,-9.807784080505371,-8.78720760345459,-8.41034984588623
-8.757843971252441,-9.648280143737793,-9.634782791137695,-11.412711143493652,-14.025652885437012,-9.37324333190918,-11.482170104980469,-9.769445419311523,-15.86633586883545,-18.679344177246094,-20.094175338745117,-19.750959396362305,-17.892675399780273,-15.08168888092041,-14.118313789367676,-14.591761589050293,-13.02867603302002,-11.718825340270996,-12.389785766601562,-11.738870620727539,-11.5962553024292,-10.772679328918457,-10.608562469482422,-10.036017417907715,-10.214743614196777,-9.962889671325684,-9.41783332824707,-8.84642505645752,-8.618362426757812,-8.767091751098633,-8.978926658630371,-9.132946968078613,-9.062053680419922,-8.707079887390137,-8.42357349395752,-8.320130348205566,-8.98591423034668,-9.692181587219238,-9.186169624328613,-8.836555480957031,-10.639660835266113,-9.981053352355957,-8.913092613220215
-8.10059928894043,-9.416346549987793,-9.623708724975586,-11.2959623336792,-13.986069679260254,-9.72762680053711,-12.068807601928711,-9.306792259216309,-12.209159851074219,-14.711930274963379,-19.287485122680664,-20.20747947692871,-19.627840042114258,-16.915403366088867,-14.444430351257324,-14.59293270111084,-15.028858184814453,-12.634323120117188,-12.58910083770752,-11.701433181762695,-11.553360939025879,-10.818852424621582,-11.040018081665039,-10.301106452941895,-10.3349609375,-10.250287055969238,-9.69288444519043,-9.428431510925293,-9.285964012145996,-9.44726848602295,-9.367783546447754,-9.18656063079834,-8.937674522399902,-8.614953994750977,-8.679343223571777,-9.00076675415039,-8.904608726501465,-9.109175682067871,-9.619587898254395,-10.03384780883789,-10.423676490783691,-10.928030014038086,-10.474565505981445
-7.704761028289795,-9.31049633026123,-9.685334205627441,-10.96937370300293,-13.699244499206543,-9.726603507995605,-12.238161087036133,-9.754693031311035,-11.74423885345459,-11.99367618560791,-17.28590202331543,-20.056659698486328,-20.367778778076172,-18.257009506225586,-16.007883071899414,-14.753203392028809,-15.863115310668945,-14.083906173706055,-12.423440933227539,-11.98553466796875,-12.08926773071289,-11.235204696655273,-11.25860595703125,-10.67209529876709,-10.473278045654297,-10.305442810058594,-9.935712814331055,-9.871294021606445,-9.714658737182617,-9.584468841552734,-9.3617582321167,-9.023518562316895,-8.685569763183594,-8.421022415161133,-8.772563934326172,-9.122390747070312,-9.220484733581543,-9.571887969970703,-10.316605567932129,-10.61015510559082,-10.428054809570312,-11.01526927947998,-11.765846252441406
-7.6774067878723145,-9.310271263122559,-9.769404411315918,-10.424516677856445,-12.690560340881348,-9.361233711242676,-11.930727005004883,-10.093738555908203,-12.22569751739502,-11.557619094848633,-14.916024208068848,-19.053504943847656,-20.689607620239258,-19.174041748046875,-17.666996002197266,-15.39510440826416,-14.778895378112793,-15.49965763092041,-13.762024879455566,-12.145307540893555,-12.273307800292969,-11.451632499694824,-11.245180130004883,-11.050536155700684,-10.415779113769531,-10.308246612548828,-10.0303316116333,-9.774129867553711,-9.597094535827637,-9.339550971984863,-9.118058204650879,-8.82047176361084,-8.527876853942871,-8.26672649383545,-8.83157730102539,-9.444639205932617,-9.171128273010254,-9.418181419372559,-10.060094833374023,-10.708959579467773,-11.147409439086914,-11.655926704406738,-11.770613670349121
-7.932908058166504,-9.48479175567627,-9.713959693908691,-9.953348159790039,-11.412725448608398,-8.535301208496094,-11.259322166442871,-10.180719375610352,-12.841690063476562,-12.457167625427246,-13.380289077758789,-14.72941780090332,-18.26093292236328,-19.51798439025879,-18.10573387145996,-16.397974014282227,-13.780997276306152,-14.647768020629883,-15.46412467956543,-12.602771759033203,-12.64978313446045,-12.027243614196777,-11.36180305480957,-11.4096040725708,-10.60741138458252,-10.274772644042969,-9.995064735412598,-9.486810684204102,-9.265296936035156,-8.981409072875977,-8.797264099121094,-8.780378341674805,-8.62634563446045,-8.396109580993652,-8.497184753417969,-9.083791732788086,-9.255387306213379,-9.286358833312988,-9.721892356872559,-10.333261489868164,-10.815253257751465,-11.217093467712402,-11.42960262298584
-8.015565872192383,-9.430217742919922,-9.777336120605469,-9.811624526977539,-10.73101806640625,-7.976289749145508,-10.25211238861084,-9.434703826904297,-12.520270347595215,-13.1090087890625,-14.596935272216797,-15.399726867675781,-17.29545783996582,-18.618892669677734,-18.78105354309082,-18.02370262145996,-15.273964881896973,-13.96275806427002,-16.14948081970215,-14.165438652038574,-12.834928512573242,-12.865111351013184,-12.01039981842041,-11.72622299194336,-11.084773063659668,-10.269876480102539,-9.989864349365234,-9.443613052368164,-8.99003791809082,-8.620806694030762,-8.415607452392578,-8.643025398254395,-8.959256172180176,-8.89216136932373,-8.188119888305664,-8.614065170288086,-9.48652458190918,-9.192567825317383,-9.215060234069824,-9.65120792388916,-10.2471342086792,-10.901569366455078,-11.407841682434082
-7.9669976234436035,-9.035497665405273,-9.992903709411621,-9.9204740524292,-10.356847763061523,-8.417695999145508,-10.060840606689453,-8.866909980773926,-11.358902931213379,-12.37052059173584,-14.293075561523438,-15.887391090393066,-17.870393753051758,-19.000106811523438,-20.031747817993164,-19.285629272460938,-17.486072540283203,-15.174737930297852,-15.274187088012695,-15.893858909606934,-13.224553108215332,-13.479686737060547,-12.862096786499023,-12.096638679504395,-11.783988952636719,-10.485368728637695,-9.86833667755127,-9.594206809997559,-8.978129386901855,-8.689481735229492,-8.582693099975586,-8.767086029052734,-9.083251953125,-9.219725608825684,-8.068798065185547,-8.868776321411133,-9.38239860534668,-9.636563301086426,-9.898446083068848,-10.338059425354004,-10.618634223937988,-10.731317520141602,-10.781157493591309
-7.892407417297363,-9.02464771270752,-10.045594215393066,-10.125554084777832,-10.467470169067383,-8.959123611450195,-10.55138111114502,-9.24350357055664,-11.257986068725586,-11.355827331542969,-13.091446876525879,-14.269911766052246,-16.61202049255371,-18.759662628173828,-20.02130126953125,-20.530797958374023,-19.08399772644043,-16.5020751953125,-15.583612442016602,-16.22472381591797,-14.164203643798828,-13.6700439453125,-13.740998268127441,-12.355084419250488,-11.985578536987305,-11.061603546142578,-9.860091209411621,-9.770528793334961,-9.258672714233398,-9.00265121459961,-9.209120750427246,-9.422953605651855,-9.2902193069458,-8.383368492126465,-8.386528968811035,-9.228825569152832,-9.701075553894043,-9.850737571716309,-9.913888931274414,-10.191361427307129,-10.513213157653809,-10.677159309387207,-10.711371421813965
-8.017064094543457,-9.131963729858398,-9.90532112121582,-9.978222846984863,-11.057411193847656,-8.77306842803955,-11.059423446655273,-9.19201946258545,-11.383045196533203,-11.002732276916504,-12.541107177734375,-13.245488166809082,-15.859246253967285,-18.292598724365234,-20.176929473876953,-20.758609771728516,-20.132822036743164,-17.90237045288086,-15.753711700439453,-15.846114158630371,-15.417662620544434,-13.227438926696777,-13.600556373596191,-12.60441780090332,-11.759964942932129,-11.759533882141113,-10.493245124816895,-10.221317291259766,-9.837236404418945,-9.50019645690918,-9.950404167175293,-9.874917030334473,-8.704349517822266,-8.008469581604004,-8.768651962280273,-9.272080421447754,-9.704976081848145,-10.050919532775879,-10.109302520751953,-10.13898754119873,-10.302197456359863,-10.517232894897461,-10.682168006896973
