data/wind_data/wind_21_9.json
{"header": {"parameterUnit": "KT", "parameterCategory": 2, "nx": 256, "ny": 198, "lo1": 44.73521041870117, "la1": -3.236724853515625, "lo2": 111.26478576660156, "la2": 43.468475341796875, "dx": 0.2609002888202667, "dy": -0.23708222806453705, "refTime": "2025-02-19 21:00:00", "forecastTime": 0, "parameterNumber": 2, "parameterNumberName": "eastward_wind"}, "data":
[rows 120 to 139 of 198, columns 86 to 128 of 256]
17.704673767089844,12.562739372253418,9.237622261047363,5.301349639892578,4.6612958908081055,2.4720547199249268,1.2463706731796265,1.0035614967346191,2.351475715637207,4.3431477546691895,5.093397617340088,4.623541355133057,4.583958625793457,6.556796073913574,8.032159805297852,8.09062385559082,8.64018726348877,9.410831451416016,9.714694023132324,9.469426155090332,9.5321626663208,10.483343124389648,11.735980033874512,12.949069023132324,13.994938850402832,14.41740608215332,14.106136322021484,14.064684867858887,14.6970796585083,16.778017044067383,18.853397369384766,19.50670051574707,19.8358211517334,21.225784301757812,23.638565063476562,26.383935928344727,28.06069564819336,27.091798782348633,24.127235412597656,23.474040985107422,25.59575653076172,27.274707794189453,27.91436195373535
19.41409683227539,13.334528923034668,8.794628143310547,3.926792621612549,1.7138164043426514,-0.8215470314025879,-2.247265338897705,-1.8193084001541138,-0.5410324335098267,1.0987811088562012,2.7139780521392822,4.173108100891113,6.081729888916016,7.671060562133789,7.798349857330322,7.6872076988220215,8.225675582885742,9.000202178955078,9.57833194732666,9.9888916015625,10.554654121398926,11.744616508483887,13.295855522155762,15.252235412597656,16.4490966796875,16.38540267944336,15.919144630432129,16.033456802368164,17.191131591796875,18.923704147338867,20.447120666503906,21.18939971923828,21.780975341796875,22.943370819091797,24.655433654785156,26.570892333984375,27.948001861572266,28.083980560302734,26.949819564819336,26.042919158935547,26.30550193786621,26.767126083374023,26.713895797729492
19.659229278564453,13.019322395324707,6.814025402069092,3.7352468967437744,0.622132420539856,-1.1361498832702637,-2.145900249481201,-1.60486900806427,0.05327562615275383,1.582140564918518,3.7321135997772217,6.4298996925354,8.870940208435059,9.212416648864746,7.808587551116943,7.101421356201172,7.929864406585693,9.341609001159668,10.275254249572754,10.654741287231445,11.126261711120605,12.168405532836914,14.08785629272461,16.418601989746094,18.09274673461914,18.458789825439453,18.204444885253906,18.096582412719727,18.749486923217773,19.89374542236328,20.86318588256836,21.958772659301758,22.899883270263672,23.438278198242188,24.103975296020508,25.07733917236328,26.926450729370117,28.77998161315918,29.511146545410156,28.80230712890625,27.77541160583496,27.089214324951172,25.879375457763672
19.74416160583496,12.070905685424805,4.735166072845459,2.813899278640747,0.14182953536510468,0.028176791965961456,1.1241742372512817,1.2705378532409668,2.4294183254241943,4.652768611907959,7.331038475036621,9.784838676452637,11.084393501281738,10.062873840332031,7.759626865386963,6.934725761413574,8.244039535522461,10.311073303222656,11.80112361907959,12.159518241882324,12.026140213012695,12.333428382873535,13.8443021774292,16.30472183227539,18.64985466003418,20.086517333984375,20.549659729003906,20.344928741455078,20.466705322265625,20.913137435913086,21.188961029052734,21.70332908630371,22.110397338867188,22.62787628173828,23.068666458129883,24.100502014160156,26.321168899536133,28.629581451416016,30.36261749267578,30.556623458862305,29.390274047851562,27.820829391479492,25.80097770690918
20.369131088256836,10.860800743103027,4.373810768127441,0.5007866621017456,-2.270782947540283,-0.5451428890228271,2.769949197769165,4.090693473815918,5.60336446762085,8.527616500854492,11.245585441589355,12.696704864501953,12.51331615447998,10.145620346069336,7.645535945892334,7.567854881286621,9.331490516662598,11.671255111694336,13.633990287780762,14.373778343200684,13.874890327453613,13.207763671875,13.723860740661621,15.612773895263672,18.084228515625,20.27143669128418,21.6253662109375,22.16674041748047,22.494653701782227,22.5391902923584,21.916568756103516,21.31590461730957,21.440383911132812,22.03843879699707,22.773637771606445,23.620933532714844,25.516468048095703,28.195903778076172,30.41377830505371,30.81935691833496,29.474252700805664,27.50876235961914,25.815282821655273
21.74878692626953,10.449750900268555,4.210977077484131,-1.3978551626205444,-5.044137001037598,-3.0060877799987793,1.7283313274383545,5.666094779968262,8.657902717590332,11.559774398803711,13.588336944580078,14.177021026611328,13.32722282409668,10.449636459350586,8.387784957885742,8.900182723999023,10.330946922302246,12.235062599182129,14.548940658569336,16.023326873779297,15.70442008972168,14.63883113861084,14.479562759399414,15.581395149230957,17.514890670776367,19.527944564819336,21.2617244720459,22.84174346923828,23.8795223236084,24.012353897094727,22.896942138671875,22.049776077270508,21.682720184326172,21.944843292236328,21.97251319885254,22.971397399902344,25.397315979003906,28.556907653808594,30.38018798828125,29.858684539794922,29.324113845825195,27.74854850769043,26.118127822875977
21.45614242553711,12.301604270935059,4.2671284675598145,-4.216310501098633,-9.678013801574707,-6.644318103790283,0.04211704805493355,5.967996120452881,9.789462089538574,12.131868362426758,13.514830589294434,13.774770736694336,12.824470520019531,10.446621894836426,9.541558265686035,10.197211265563965,10.82690143585205,12.00450325012207,13.743551254272461,15.407660484313965,16.198089599609375,16.171772003173828,16.054515838623047,16.408815383911133,17.460569381713867,18.657445907592773,20.285133361816406,22.68474006652832,24.577035903930664,24.866132736206055,23.898305892944336,22.639564514160156,22.22321891784668,21.9495849609375,22.131772994995117,23.539737701416016,25.86685562133789,28.405372619628906,29.44875144958496,29.565509796142578,29.69611930847168,28.90201759338379,28.314777374267578
18.27351951599121,13.05047607421875,3.9627389907836914,-6.38657283782959,-12.380681037902832,-9.09300422668457,-0.6463757753372192,5.557468891143799,8.910393714904785,10.206555366516113,10.956676483154297,11.455668449401855,11.11105728149414,10.320079803466797,10.274857521057129,10.313139915466309,10.468292236328125,10.902137756347656,11.434150695800781,12.911834716796875,14.989356994628906,16.40744972229004,16.75528907775879,16.90083122253418,17.54684066772461,18.35896873474121,19.689620971679688,22.200870513916016,24.20685577392578,24.457191467285156,23.5445613861084,22.894411087036133,22.295883178710938,22.043588638305664,23.229793548583984,25.08228874206543,26.609188079833984,28.06844139099121,28.929214477539062,30.015907287597656,30.634347915649414,30.574066162109375,30.577470779418945
14.770173072814941,11.204202651977539,0.16475509107112885,-7.178881645202637,-11.51086711883545,-8.366127967834473,0.04931797832250595,5.119297027587891,6.793665885925293,6.586479663848877,6.874005317687988,8.110366821289062,9.522335052490234,11.004572868347168,11.195290565490723,10.019495010375977,9.575746536254883,9.251503944396973,9.072811126708984,10.178373336791992,12.151330947875977,14.113431930541992,15.841146469116211,17.37237548828125,18.48998260498047,19.196575164794922,19.9598388671875,21.38512420654297,22.844757080078125,23.432071685791016,22.845218658447266,21.91019058227539,21.23308753967285,21.895009994506836,24.140777587890625,26.101099014282227,26.585954666137695,27.974103927612305,29.380022048950195,30.594263076782227,31.174142837524414,31.337488174438477,32.19175338745117
10.09666633605957,6.876015663146973,-1.2165899276733398,-4.9945220947265625,-7.859079837799072,-5.744322776794434,0.09880955517292023,2.460718870162964,2.597968578338623,2.3490426540374756,3.6246354579925537,6.183444499969482,9.01901626586914,11.760298728942871,12.314751625061035,10.85781478881836,9.256158828735352,7.966086387634277,7.583523273468018,8.144949913024902,10.077080726623535,12.218925476074219,15.293964385986328,18.420745849609375,20.463842391967773,21.35136604309082,21.218639373779297,21.14543914794922,21.552507400512695,22.216827392578125,21.972469329833984,20.917139053344727,20.778488159179688,21.905746459960938,23.90500259399414,26.007287979125977,27.296005249023438,28.53635597229004,29.6802921295166,30.974212646484375,30.90975570678711,31.23866844177246,32.888912200927734
7.784379005432129,4.453173637390137,3.548128843307495,1.1205533742904663,-2.310734510421753,-2.073225498199463,-0.5839080214500427,-0.26812246441841125,-0.27252396941185,0.5121499300003052,3.1604416370391846,6.984374523162842,10.067361831665039,12.09609603881836,12.120487213134766,11.05705738067627,9.599931716918945,8.192803382873535,8.085445404052734,8.424670219421387,9.568830490112305,11.804738998413086,16.118452072143555,19.601701736450195,21.694686889648438,22.61225128173828,22.094829559326172,21.222097396850586,20.931941986083984,21.094654083251953,21.03904151916504,20.61318016052246,21.37015724182129,23.064645767211914,24.897560119628906,26.53825569152832,27.162126541137695,28.8159236907959,29.654094696044922,30.500234603881836,31.52769660949707,31.302104949951172,32.10926055908203
8.860053062438965,0.27539634704589844,-0.7773690819740295,-1.4862329959869385,-1.7923049926757812,0.9609253406524658,1.968493103981018,0.2971446216106415,-0.08769260346889496,1.3338510990142822,5.035000324249268,9.502147674560547,11.642126083374023,11.720239639282227,10.78689193725586,10.626565933227539,10.639300346374512,9.648885726928711,9.383736610412598,10.0111722946167,11.583272933959961,13.283559799194336,16.711454391479492,20.044261932373047,21.881031036376953,22.10948371887207,21.195566177368164,20.13349723815918,19.717527389526367,19.814952850341797,20.568979263305664,21.82058334350586,23.475112915039062,25.21866798400879,26.478683471679688,27.55577278137207,27.40599822998047,28.85623550415039,30.143293380737305,29.987712860107422,31.175765991210938,31.3799991607666,32.0294189453125
17.41914176940918,5.649731636047363,-1.408570647239685,-3.7061970233917236,-1.5349117517471313,1.7389655113220215,3.073455810546875,1.737191915512085,0.8400814533233643,2.5305533409118652,7.40216588973999,11.343884468078613,12.070326805114746,10.984859466552734,10.269774436950684,10.299901008605957,10.75352954864502,10.648423194885254,10.518939971923828,11.104795455932617,13.036157608032227,15.421618461608887,17.007659912109375,18.304855346679688,19.657943725585938,20.16335678100586,19.438085556030273,18.34874725341797,18.0743350982666,18.97468376159668,20.97886848449707,23.662769317626953,25.752613067626953,27.042692184448242,27.73957061767578,28.254199981689453,27.932329177856445,27.831668853759766,28.866315841674805,29.179506301879883,30.164613723754883,30.850610733032227,31.373058319091797
20.9482479095459,11.54643726348877,-0.8568623661994934,-4.951630592346191,-2.2295491695404053,1.3980203866958618,2.7276663780212402,2.1607987880706787,0.4860887825489044,1.4455093145370483,8.214770317077637,11.325757026672363,10.37240219116211,8.458542823791504,8.138670921325684,8.478859901428223,9.058388710021973,10.186385154724121,11.478425025939941,12.471104621887207,13.79723834991455,15.362503051757812,16.096189498901367,16.478580474853516,16.782901763916016,16.784839630126953,16.232969284057617,15.501301765441895,15.495866775512695,17.18694305419922,20.36121940612793,23.759057998657227,25.921260833740234,27.195371627807617,27.680255889892578,27.440256118774414,27.17847442626953,26.69228744506836,27.091466903686523,27.87791633605957,28.70488739013672,29.277711868286133,29.88435935974121
8.554352760314941,19.877777099609375,6.600594997406006,1.579801082611084,-1.418526291847229,-0.7827972173690796,0.6351710557937622,1.4749621152877808,1.1015955209732056,1.2010499238967896,7.493831634521484,10.20860481262207,8.085198402404785,5.358864784240723,5.238600730895996,7.645871162414551,9.00595474243164,10.180570602416992,12.04533576965332,13.1182861328125,13.882833480834961,14.677002906799316,15.165834426879883,14.860343933105469,13.835768699645996,12.233880043029785,11.099798202514648,10.946258544921875,12.144695281982422,15.043511390686035,18.884353637695312,22.380041122436523,24.67071533203125,25.90175437927246,26.289989471435547,25.774398803710938,25.327909469604492,25.1524658203125,25.148210525512695,25.748435974121094,26.786378860473633,27.703004837036133,28.691133499145508
0.7089709639549255,22.56847381591797,17.552461624145508,5.690840721130371,2.8243634700775146,-1.4160434007644653,-1.337965965270996,-0.10786399245262146,1.0586740970611572,2.616696834564209,7.2003021240234375,9.168888092041016,6.268539905548096,3.499458074569702,3.814811944961548,7.6137824058532715,9.499773025512695,10.202853202819824,11.08387565612793,12.732144355773926,14.257336616516113,14.468663215637207,14.51490592956543,12.893494606018066,10.673224449157715,8.926934242248535,8.163069725036621,9.042583465576172,11.7921142578125,15.327640533447266,18.709768295288086,21.14604377746582,22.945432662963867,23.96000862121582,24.38112449645996,23.747468948364258,22.629438400268555,22.660140991210938,23.219799041748047,24.022205352783203,25.042280197143555,25.79364013671875,26.805246353149414
3.5349583625793457,8.712589263916016,23.0572452545166,9.775150299072266,3.3384130001068115,0.29456663131713867,-1.0221917629241943,-0.5567584037780762,0.04335137829184532,1.7460705041885376,6.714962959289551,7.141837120056152,4.078357696533203,2.2856311798095703,2.0587515830993652,5.0453996658325195,7.470340728759766,8.799018859863281,10.201308250427246,11.949692726135254,14.850024223327637,15.373059272766113,13.44271469116211,10.227919578552246,8.012688636779785,8.126360893249512,9.52857780456543,11.687254905700684,14.586943626403809,17.236160278320312,18.959434509277344,19.770248413085938,20.458890914916992,21.13443374633789,21.47812843322754,21.179975509643555,20.728321075439453,21.154966354370117,22.155677795410156,23.10672378540039,23.764917373657227,23.756200790405273,24.23381805419922
5.919085502624512,4.653870582580566,18.39512062072754,15.827476501464844,1.6016820669174194,1.5828092098236084,-0.5677144527435303,-0.4448269009590149,0.3581922650337219,-0.3300197422504425,5.4393229484558105,5.715075492858887,3.297499418258667,0.9619532227516174,-0.13838762044906616,0.6245397925376892,4.525896072387695,8.352559089660645,11.025116920471191,12.44126033782959,13.646367073059082,13.503459930419922,11.342997550964355,8.676349639892578,7.602529048919678,9.023717880249023,11.61176872253418,14.34209156036377,16.61257553100586,17.520713806152344,17.706083297729492,17.71981430053711,18.318498611450195,18.114185333251953,18.226594924926758,18.901317596435547,19.15897560119629,19.595815658569336,20.874635696411133,22.147296905517578,21.987741470336914,20.5583438873291,20.815837860107422
7.803396701812744,7.109573841094971,8.60920524597168,17.976621627807617,7.5566511154174805,0.9773421287536621,0.8539013862609863,-0.27173128724098206,1.1401358842849731,-0.27094757556915283,4.2389397621154785,5.712106227874756,3.5066983699798584,0.17002946138381958,-2.1780171394348145,-2.692352771759033,2.2341601848602295,9.000638961791992,11.574224472045898,12.13889217376709,11.699456214904785,10.78347396850586,9.752847671508789,8.584714889526367,8.441014289855957,10.39273738861084,13.158632278442383,15.047998428344727,15.761390686035156,15.344050407409668,15.668732643127441,16.17612075805664,15.44485092163086,15.261326789855957,15.714676856994629,16.69735336303711,18.006874084472656,19.218692779541016,19.893762588500977,19.704647064208984,18.544593811035156,17.755826950073242,19.409406661987305
8.3248291015625,8.381932258605957,7.187020301818848,11.098932266235352,13.77584457397461,3.920649290084839,2.1516647338867188,2.07954740524292,1.382286548614502,0.8425096273422241,4.279285430908203,6.373641014099121,3.540388345718384,-0.19963259994983673,-1.914232611656189,-1.2823972702026367,2.9394595623016357,8.281888008117676,10.621600151062012,11.203782081604004,10.715690612792969,9.78594970703125,9.087526321411133,8.524677276611328,9.13011360168457,11.854254722595215,13.822946548461914,14.384794235229492,15.068046569824219,14.563262939453125,15.010802268981934,15.253724098205566,13.779541969299316,12.771804809570312,13.296064376831055,14.9930419921875,17.08462142944336,18.758724212646484,18.84783363342285,17.62538719177246,16.02786636352539,16.41108512878418,19.925817489624023
