data/wind_data/wind_Surface_27.json
{"header": {"parameterUnit": "KT", "parameterCategory": 2, "nx": 255, "ny": 198, "lo1": 44.73521041870117, "la1": -3.236724853515625, "lo2": 111.26478576660156, "la2": 43.468475341796875, "dx": 0.26192745566368103, "dy": -0.23708222806453705, "refTime": "2025-02-20 03:00:00", "forecastTime": 0, "parameterNumber": 2, "parameterNumberName": "eastward_wind"}, "data":
[rows 171 to 189 of 198, columns 129 to 171 of 255]
-2.6329047679901123,-3.420454263687134,-3.5265445709228516,-3.5727617740631104,-3.778649091720581,-3.889028310775757,-3.825151205062866,-3.982729911804199,-4.107320785522461,-4.409143924713135,-4.869078159332275,-4.730928897857666,-4.355691432952881,-4.3313517570495605,-5.264512062072754,-6.339555740356445,-7.342112064361572,-7.95809268951416,-8.224535942077637,-8.383023262023926,-8.531536102294922,-9.036212921142578,-9.74774169921875,-10.26781177520752,-9.602215766906738,-8.900577545166016,-9.88063907623291,-10.31216812133789,-9.509515762329102,-7.898475170135498,-5.4039788246154785,-1.8753297328948975,1.1908600330352783,2.912621259689331,4.539322376251221,6.100129127502441,8.455846786499023,9.667980194091797,7.605988025665283,7.0076584815979,10.191605567932129,11.518203735351562,16.839624404907227
-2.9085865020751953,-3.728947401046753,-3.6981332302093506,-3.5386290550231934,-3.4610235691070557,-3.646465539932251,-4.0103864669799805,-4.194060802459717,-3.9297292232513428,-3.7968533039093018,-4.1214165687561035,-4.162665367126465,-4.005336761474609,-4.138686656951904,-4.681617736816406,-5.625252723693848,-6.465204238891602,-7.248736381530762,-7.652778625488281,-7.792418479919434,-8.079329490661621,-8.311332702636719,-8.537257194519043,-8.611287117004395,-8.442752838134766,-8.233561515808105,-8.069620132446289,-8.290264129638672,-7.983953952789307,-8.17099666595459,-8.651313781738281,-8.24585247039795,-6.707413196563721,-3.7204079627990723,0.17327255010604858,2.943047523498535,4.54452657699585,5.526062965393066,5.765108585357666,6.572793483734131,7.629415988922119,9.767295837402344,14.611627578735352
-2.9093382358551025,-3.394467830657959,-3.359706401824951,-3.0504508018493652,-2.818728446960449,-3.2165699005126953,-3.7724649906158447,-3.8658394813537598,-3.443904399871826,-3.4632740020751953,-3.7212300300598145,-3.8361990451812744,-3.827838182449341,-3.975714683532715,-4.337220668792725,-4.853668689727783,-5.645782947540283,-6.230917453765869,-6.725433826446533,-7.042483329772949,-7.211903095245361,-7.1819939613342285,-7.050914287567139,-7.1890764236450195,-7.417620658874512,-6.908031463623047,-6.9846930503845215,-8.25603199005127,-7.538718223571777,-5.691189765930176,-4.982735633850098,-4.8371124267578125,-4.820308208465576,-4.030096054077148,-2.1854357719421387,0.24032582342624664,1.986063838005066,2.5616559982299805,3.552907943725586,5.320613861083984,6.189382553100586,7.8844075202941895,11.0470552444458
-2.6642580032348633,-2.7733516693115234,-2.621546506881714,-2.5466277599334717,-2.523658514022827,-2.8174021244049072,-3.150130271911621,-3.048029899597168,-2.920847177505493,-3.0710225105285645,-3.7200839519500732,-3.7697529792785645,-3.819286584854126,-3.7653493881225586,-3.9186971187591553,-4.1203227043151855,-4.674893856048584,-5.553143501281738,-6.241919994354248,-6.6112518310546875,-6.677128314971924,-6.440866947174072,-6.131562232971191,-6.248560905456543,-6.731624603271484,-6.9412617683410645,-6.347235679626465,-6.2358574867248535,-7.229170322418213,-7.216942310333252,-6.144411563873291,-4.735984802246094,-3.0942671298980713,-1.7567909955978394,-1.1820040941238403,-0.7771016359329224,0.5521674156188965,1.9117201566696167,3.1322028636932373,4.669674873352051,5.4789910316467285,6.413058757781982,7.864604473114014
-2.334980010986328,-2.3256566524505615,-2.188333749771118,-2.0670173168182373,-2.6651933193206787,-2.874523401260376,-2.836808919906616,-2.701550006866455,-2.6458046436309814,-3.454801559448242,-3.4115805625915527,-3.6846253871917725,-3.545503616333008,-3.4841840267181396,-3.2550361156463623,-3.294407606124878,-3.832041025161743,-4.855538368225098,-5.783469200134277,-6.1985392570495605,-6.102436065673828,-5.8022541999816895,-5.570620059967041,-5.712493896484375,-5.998317241668701,-5.955525875091553,-5.473644733428955,-4.670749187469482,-4.3923187255859375,-4.707564353942871,-4.285910129547119,-3.5687687397003174,-2.9688353538513184,-1.9749633073806763,-1.365181565284729,-1.8644448518753052,-1.9103562831878662,-0.4607674777507782,1.2502899169921875,2.628483772277832,3.913973808288574,5.016171455383301,5.946116924285889
-2.604426145553589,-2.472505569458008,-2.264557123184204,-1.7020342350006104,-1.7534587383270264,-2.51716685295105,-2.6241626739501953,-2.4643986225128174,-2.35449481010437,-2.8000340461730957,-3.099154233932495,-3.428300380706787,-3.19282865524292,-2.7135021686553955,-2.5313854217529297,-2.6645970344543457,-3.463057279586792,-4.416300296783447,-5.272413730621338,-5.747926712036133,-5.716808795928955,-5.403553485870361,-5.199195861816406,-5.2542643547058105,-5.226518630981445,-4.804516315460205,-4.135698318481445,-3.5712168216705322,-3.217148780822754,-2.8744876384735107,-2.478837013244629,-1.7921550273895264,-1.1132794618606567,-0.9550381898880005,-0.8479499816894531,-0.9276911020278931,-1.8354554176330566,-3.144683361053467,-3.3598198890686035,-1.977015495300293,0.5258421897888184,2.874746561050415,3.8449666500091553
-3.3597888946533203,-3.3329966068267822,-2.324705123901367,-1.3140535354614258,-0.6344009041786194,-1.0298575162887573,-1.377079963684082,-1.3799935579299927,-1.6985547542572021,-2.2405617237091064,-2.721160411834717,-2.9009737968444824,-2.402524948120117,-2.1453139781951904,-2.060908317565918,-2.5306460857391357,-3.2990217208862305,-4.197274684906006,-4.890098571777344,-5.1990766525268555,-5.284572124481201,-5.1528239250183105,-4.868661880493164,-4.574665069580078,-4.218271255493164,-3.8220157623291016,-3.2609825134277344,-2.649806022644043,-2.299159049987793,-2.0522940158843994,-1.7455912828445435,-1.3423420190811157,-0.767243504524231,-0.416442334651947,-0.43446817994117737,-0.49632349610328674,-0.6964729428291321,-0.9418829083442688,-1.2967778444290161,-2.4901413917541504,-3.1601765155792236,-2.6742231845855713,-1.2076345682144165
-2.1396682262420654,-2.7340776920318604,-2.5784075260162354,-1.2797608375549316,-0.9181717038154602,-0.542404055595398,-0.2228926718235016,-0.5117011666297913,-1.0209766626358032,-1.430810809135437,-2.107401132583618,-2.029741048812866,-1.6827386617660522,-1.583784580230713,-1.870737075805664,-2.38781476020813,-3.004117727279663,-3.7083005905151367,-4.344996452331543,-4.718375205993652,-4.846808910369873,-4.622100353240967,-4.192717552185059,-3.8347418308258057,-3.617832660675049,-3.4465417861938477,-2.9971485137939453,-2.363734722137451,-1.9148361682891846,-1.5232566595077515,-0.9995847344398499,-0.4465218186378479,-0.05318460613489151,-0.11265090852975845,-0.4839308559894562,-0.6671335697174072,-0.9132413864135742,-1.5280802249908447,-1.51848304271698,-1.1952111721038818,-2.310708999633789,-4.04787015914917,-4.106227397918701
-0.6914375424385071,-0.39358121156692505,-1.0806858539581299,-1.3597909212112427,-1.323890209197998,-1.0373120307922363,-0.2525741457939148,0.2941738963127136,-0.12007136642932892,-0.7530847787857056,-1.0840024948120117,-1.2597286701202393,-1.2262709140777588,-1.3704410791397095,-1.788957953453064,-2.218313455581665,-2.6248679161071777,-3.12136173248291,-3.585071325302124,-3.971463441848755,-4.237844467163086,-4.045047283172607,-3.468475103378296,-2.93830943107605,-2.7307512760162354,-2.6985857486724854,-2.3835201263427734,-1.702758550643921,-1.1377285718917847,-0.8728945851325989,-0.5379670262336731,-0.1553233116865158,-0.10324517637491226,-0.35175737738609314,-0.6244028210639954,-0.774878978729248,-0.9223033785820007,-1.281104564666748,-2.1112401485443115,-2.8107426166534424,-3.073155403137207,-4.26570463180542,-5.61304235458374
0.8938140273094177,1.8281383514404297,0.7415505051612854,-0.9776654839515686,-1.8668005466461182,-1.5868606567382812,-0.6448493003845215,0.40060746669769287,0.8710921406745911,0.3810196816921234,-0.42944154143333435,-0.9085291028022766,-1.105178952217102,-1.4000098705291748,-1.8098666667938232,-2.2010505199432373,-2.340294122695923,-2.564441204071045,-2.9282679557800293,-3.1947898864746094,-3.416879892349243,-3.469233751296997,-2.7752857208251953,-1.918545126914978,-1.685972809791565,-1.8576209545135498,-1.707424283027649,-0.9519662857055664,-0.20055074989795685,-0.038815565407276154,0.029888790100812912,0.08636432886123657,-0.2702411115169525,-0.6575528979301453,-0.6914195418357849,-0.6597558259963989,-0.9626531004905701,-1.4649105072021484,-2.2009470462799072,-3.3045921325683594,-3.880992889404297,-4.4048051834106445,-5.656581878662109
1.633987545967102,2.5925097465515137,1.5758287906646729,-0.15829434990882874,-1.3583247661590576,-2.0066776275634766,-1.675255298614502,-0.9844830632209778,-0.872148871421814,-0.5403436422348022,-0.33158260583877563,-0.700549840927124,-1.1255531311035156,-1.4382377862930298,-1.9647331237792969,-2.2576773166656494,-2.2639479637145996,-2.426407814025879,-2.7451157569885254,-2.867595672607422,-2.8938865661621094,-2.9058480262756348,-2.3498306274414062,-1.6624420881271362,-1.5588629245758057,-1.63837730884552,-1.5051065683364868,-0.8656678199768066,0.025258781388401985,0.6468423008918762,0.982046365737915,0.7622742652893066,-0.3065226376056671,-1.1451847553253174,-1.1549792289733887,-1.1187067031860352,-1.5066306591033936,-2.031987190246582,-2.402397632598877,-3.040412425994873,-3.346845865249634,-4.28749418258667,-6.430547714233398
2.435187339782715,2.744896411895752,2.003430128097534,1.4043574333190918,1.5599722862243652,0.25813260674476624,-1.8042709827423096,-2.2636895179748535,-1.5349020957946777,-1.529304027557373,-1.442276954650879,-1.1250909566879272,-1.4998658895492554,-2.052748918533325,-2.326350212097168,-2.4334771633148193,-2.4120168685913086,-2.6006197929382324,-2.9353420734405518,-2.615971326828003,-2.289991855621338,-2.292397975921631,-2.3752498626708984,-2.5081632137298584,-2.6255691051483154,-2.3735530376434326,-1.842181921005249,-1.0081342458724976,0.04711576923727989,0.9349944591522217,1.5324126482009888,1.1620187759399414,-0.5324028730392456,-1.7871614694595337,-2.0390212535858154,-2.677067518234253,-3.3466291427612305,-3.1840128898620605,-2.798236846923828,-2.544174909591675,-2.740787982940674,-3.4900219440460205,-4.529355525970459
2.524397373199463,3.603886127471924,3.96281361579895,4.371403217315674,5.482083797454834,3.3991453647613525,-0.2076740860939026,-2.8692290782928467,-3.3098702430725098,-3.013474225997925,-2.5679879188537598,-2.3559093475341797,-2.489210844039917,-2.7459051609039307,-2.918987989425659,-2.7672033309936523,-2.6826274394989014,-2.8982653617858887,-3.061197519302368,-2.492469310760498,-1.8491212129592896,-2.012263536453247,-2.564290761947632,-3.204214572906494,-3.348954677581787,-2.7241697311401367,-1.9156051874160767,-1.1070659160614014,-0.21069233119487762,0.6933654546737671,1.3945542573928833,0.6893435716629028,-1.087146282196045,-1.8319212198257446,-1.730668544769287,-1.955710530281067,-3.313859224319458,-4.521562099456787,-4.2104997634887695,-3.324338436126709,-3.443488121032715,-4.230188846588135,-4.425503253936768
0.77570641040802,2.00482177734375,3.70151948928833,6.693683624267578,6.720478057861328,3.5126852989196777,-1.0643764734268188,-3.5242655277252197,-4.042020320892334,-3.5820209980010986,-2.946885585784912,-2.904634714126587,-2.9776551723480225,-2.706545114517212,-2.3573038578033447,-2.3091742992401123,-2.2078261375427246,-2.0213513374328613,-2.03115177154541,-1.661590814590454,-1.507219672203064,-1.6738616228103638,-2.483788251876831,-3.2935543060302734,-3.455470085144043,-3.111330270767212,-2.62347149848938,-1.9604047536849976,-0.7813631296157837,0.5861622095108032,0.6091955304145813,-1.5147145986557007,-3.1570775508880615,-3.3550827503204346,-3.7934019565582275,-5.1703715324401855,-6.378709316253662,-5.951326847076416,-4.420990943908691,-2.8767809867858887,-3.084784984588623,-4.882261276245117,-5.298478603363037
-0.5443832874298096,1.3443818092346191,3.468609571456909,4.752741813659668,4.798497200012207,1.4547213315963745,-2.3842997550964355,-4.0765700340271,-4.709065914154053,-4.130069732666016,-3.2481353282928467,-3.1329898834228516,-3.3052825927734375,-2.9807608127593994,-2.3084049224853516,-1.8659411668777466,-1.630592703819275,-1.4551068544387817,-1.2074381113052368,-0.9072638154029846,-0.8579214215278625,-1.4335845708847046,-2.4448835849761963,-2.9794325828552246,-2.936436653137207,-3.2933349609375,-4.026389122009277,-3.7918381690979004,-2.195885181427002,-0.4026315212249756,-1.5856295824050903,-3.8133130073547363,-4.541647434234619,-4.916689872741699,-5.314345359802246,-5.94829797744751,-6.14427375793457,-4.871146202087402,-2.874619483947754,-2.340555429458618,-4.3441314697265625,-5.9719343185424805,-5.1190266609191895
0.40620729327201843,1.6304740905761719,1.0307276248931885,0.4958900809288025,-1.1863548755645752,-2.962110996246338,-3.872652292251587,-3.092714548110962,-2.6945440769195557,-2.9275004863739014,-3.1897408962249756,-3.1589019298553467,-3.0298779010772705,-2.782520294189453,-2.5621516704559326,-2.361467123031616,-2.6843273639678955,-2.827326536178589,-2.4332404136657715,-1.7586913108825684,-1.0144835710525513,-1.1468791961669922,-2.0983762741088867,-2.3820245265960693,-1.8001430034637451,-1.6701017618179321,-2.936249017715454,-4.245537281036377,-3.8712046146392822,-3.1337947845458984,-4.056447505950928,-5.647812366485596,-5.366368770599365,-4.0809807777404785,-3.6406941413879395,-3.587322235107422,-3.647099018096924,-3.4990036487579346,-2.3042993545532227,-2.620331287384033,-4.7341718673706055,-5.120929718017578,-3.414095640182495
-1.2495167255401611,2.264028787612915,3.8750007152557373,1.0788816213607788,-1.4672729969024658,-1.7239817380905151,-0.5966638922691345,1.0740129947662354,1.6126302480697632,0.6476184725761414,-0.5801089406013489,-0.9835400581359863,-0.8585986495018005,-1.6411467790603638,-2.7656145095825195,-3.6396138668060303,-4.010286808013916,-3.9111170768737793,-3.56486439704895,-3.151484966278076,-2.7530622482299805,-2.4449727535247803,-2.1371562480926514,-1.559039831161499,-0.9168055057525635,-0.722520649433136,-0.9515653252601624,-0.9283217787742615,-2.2059924602508545,-5.016181468963623,-6.3654866218566895,-6.654409408569336,-5.0076003074646,-2.1977362632751465,-1.0667681694030762,-1.4966371059417725,-3.107571840286255,-3.5871033668518066,-2.026500940322876,-1.2560744285583496,-1.3825863599777222,-0.5039418935775757,0.3056453466415405
1.7738476991653442,2.074770927429199,4.172049045562744,1.7198230028152466,-0.7712926864624023,0.4868435263633728,2.802456855773926,3.8086750507354736,4.2960333824157715,4.2521209716796875,3.9251580238342285,3.2770771980285645,1.7425193786621094,-0.6805986166000366,-2.10143780708313,-2.824626922607422,-3.5814056396484375,-3.7282185554504395,-2.9087014198303223,-2.54526686668396,-2.2344894409179688,-1.7385722398757935,-0.4047577381134033,0.6399524807929993,0.915448009967804,0.5683680772781372,-0.7671696543693542,-1.7440859079360962,-2.2776222229003906,-2.7309443950653076,-3.4970901012420654,-4.546890735626221,-2.8165338039398193,0.2593124806880951,0.9516620635986328,-0.7549273371696472,-2.5965445041656494,-2.13893723487854,-0.16081859171390533,1.2621084451675415,2.3620448112487793,2.9868826866149902,2.5811877250671387
6.143710136413574,7.454763412475586,4.787735462188721,-1.679381251335144,-5.323407173156738,-1.9270528554916382,4.099331378936768,7.8895978927612305,7.445977210998535,5.166097640991211,4.464869976043701,4.065971374511719,2.5232796669006348,2.894399881362915,3.5824058055877686,1.6617109775543213,-0.9694945216178894,-1.2207411527633667,-0.7262750267982483,-0.7385048866271973,-0.20882581174373627,0.7197319865226746,1.4820307493209839,1.2360022068023682,0.6559377312660217,0.29325395822525024,-0.2265375703573227,-1.0876792669296265,-0.5630477070808411,1.4644626379013062,2.1459500789642334,0.28165265917778015,-1.220136046409607,-1.554118037223816,-3.3575401306152344,-4.582803249359131,-2.2091689109802246,2.0133004188537598,3.3592309951782227,2.620755910873413,2.2933995723724365,2.7661654949188232,3.2912161350250244
