data/wind_data/wind_16_1.json
{"header": {"parameterUnit": "KT", "parameterCategory": 2, "nx": 256, "ny": 198, "lo1": 44.73521041870117, "la1": -3.236724853515625, "lo2": 111.26478576660156, "la2": 43.468475341796875, "dx": 0.2609002888202667, "dy": -0.23708222806453705, "refTime": "2025-02-19 16:00:00", "forecastTime": 0, "parameterNumber": 2, "parameterNumberName": "eastward_wind"}, "data":
[rows 152 to 170 of 198, columns 129 to 171 of 256]
-1.3767306804656982,7.065580368041992,10.898885726928711,3.6903023719787598,6.315950393676758,11.896717071533203,10.084966659545898,9.610692977905273,6.122801780700684,4.391758441925049,7.863086223602295,8.384085655212402,7.016088962554932,7.14152717590332,5.253950595855713,4.584434986114502,5.72468900680542,6.911158561706543,8.748230934143066,9.75194263458252,7.616054058074951,9.570374488830566,5.765773296356201,7.059979438781738,3.464367628097534,4.997135162353516,8.600011825561523,9.620896339416504,11.694722175598145,12.34295654296875,7.87839937210083,3.630373954772949,2.369584321975708,-0.8616654276847839,-3.144280433654785,-9.289377212524414,-14.367569923400879,-14.43897533416748,-13.144893646240234,-13.547340393066406,-10.19908332824707,-6.239596843719482,-6.291930198669434
3.2518467903137207,7.498636722564697,13.748685836791992,10.639517784118652,10.244407653808594,12.622211456298828,8.03913688659668,5.249983310699463,5.720241069793701,7.44740104675293,9.203649520874023,8.693192481994629,9.455530166625977,7.119779109954834,4.108152389526367,6.095205783843994,5.95292329788208,6.003385066986084,9.059061050415039,7.952117919921875,7.588994026184082,3.7117714881896973,-1.870186448097229,0.15915308892726898,1.0731983184814453,2.358196973800659,5.368214130401611,9.686932563781738,7.261194229125977,2.7073230743408203,-6.182197093963623,-9.888023376464844,-9.957755088806152,-9.288971900939941,-10.14887523651123,-12.14426040649414,-12.644923210144043,-12.192778587341309,-9.995482444763184,-9.92676830291748,-8.751079559326172,-6.059092998504639,-7.567328453063965
-3.524265766143799,5.3943867683410645,13.52188777923584,12.681047439575195,11.482378005981445,10.811114311218262,7.034104824066162,3.1928837299346924,2.8511269092559814,4.96327018737793,5.8433990478515625,7.852719783782959,7.944581508636475,4.514357089996338,4.401034355163574,7.093698978424072,6.052081108093262,3.6372628211975098,1.9618873596191406,1.9437379837036133,2.079204797744751,-2.463848352432251,-3.285921573638916,0.03474627807736397,0.21794618666172028,-1.3683960437774658,-6.9633469581604,-8.314543724060059,-6.960948467254639,-10.157246589660645,-13.258013725280762,-14.711575508117676,-12.094892501831055,-8.16848087310791,-9.124191284179688,-11.662617683410645,-10.854487419128418,-9.79496955871582,-6.972622871398926,-6.296207904815674,-7.114835262298584,-6.11533260345459,-6.81248140335083
-3.8948190212249756,9.799861907958984,15.156808853149414,15.512722969055176,14.26872444152832,9.062474250793457,4.639033794403076,1.3379838466644287,-1.184823751449585,0.9590072631835938,4.511713981628418,5.558475971221924,3.650648832321167,-0.13429825007915497,2.5499022006988525,5.936068058013916,6.1435699462890625,-1.0911362171173096,-3.373443126678467,1.2657357454299927,-0.4817594289779663,-3.135073184967041,-4.567130088806152,-1.3252942562103271,-1.1231698989868164,-3.6534652709960938,-7.7772603034973145,-9.949434280395508,-7.989673137664795,-7.008578777313232,-8.274297714233398,-9.241814613342285,-9.555646896362305,-10.601553916931152,-11.664730072021484,-10.644763946533203,-9.32893180847168,-8.392335891723633,-7.172152519226074,-5.550319194793701,-4.717246055603027,-3.526872158050537,-3.2282090187072754
1.922947883605957,14.496650695800781,15.764286041259766,17.814912796020508,12.017146110534668,1.0513800382614136,-0.055611539632081985,-1.8277127742767334,-2.0384304523468018,3.2750914096832275,10.22288703918457,12.594156265258789,11.97177791595459,6.815397262573242,5.336819171905518,8.608132362365723,2.9323477745056152,-3.5909652709960938,-1.5919687747955322,1.3015875816345215,-0.491649866104126,-3.177433490753174,-2.86556077003479,-3.6124987602233887,-2.5789079666137695,-1.6115180253982544,-2.2870988845825195,-4.305635929107666,-5.531352519989014,-5.339808464050293,-5.114141464233398,-8.094861030578613,-9.286554336547852,-9.469010353088379,-10.331497192382812,-10.378378868103027,-8.760128021240234,-6.675626277923584,-6.050236225128174,-4.1852264404296875,-1.0820956230163574,1.128402590751648,1.7621265649795532
6.360684871673584,12.164974212646484,14.947495460510254,14.409693717956543,2.509131908416748,-1.2463895082473755,1.5044844150543213,2.0687849521636963,2.87331223487854,7.316208362579346,13.733234405517578,15.924766540527344,14.235145568847656,6.524709224700928,6.088394641876221,7.385148525238037,-0.3769180476665497,-0.18554264307022095,-0.3920477330684662,2.048426389694214,-0.1017267182469368,-1.3205840587615967,0.7170767784118652,-1.1661192178726196,-1.6223288774490356,-2.1822688579559326,-0.5037766098976135,-2.2266244888305664,-5.979014873504639,-5.06403112411499,-4.99851655960083,-4.855066776275635,-6.264705657958984,-7.338675022125244,-8.47331714630127,-9.803604125976562,-6.340509414672852,-3.896436929702759,-2.8158626556396484,-0.5556285381317139,2.3169150352478027,4.335316181182861,4.66497802734375
8.995268821716309,8.064981460571289,14.941376686096191,7.552345275878906,-2.883219003677368,1.1021876335144043,6.767303466796875,6.714320659637451,9.606850624084473,11.862349510192871,12.595487594604492,11.428084373474121,6.5340166091918945,2.2869656085968018,3.618927240371704,2.8101277351379395,2.968743324279785,3.9504942893981934,2.7823171615600586,2.335899829864502,1.7525383234024048,1.4644715785980225,2.7891998291015625,-3.4412715435028076,-4.770457744598389,-4.175287246704102,-3.5837244987487793,-3.910435676574707,-3.112736463546753,-3.053931951522827,-3.2100369930267334,-0.6563795208930969,-1.7253962755203247,-5.048951148986816,-6.5564961433410645,-6.66706657409668,-3.6069817543029785,-1.1452398300170898,0.7601737380027771,2.2749991416931152,4.327637195587158,2.6358799934387207,-2.4188272953033447
5.846573829650879,7.804490566253662,14.033722877502441,3.951549530029297,0.27676886320114136,12.903339385986328,14.418172836303711,9.90388298034668,11.842556953430176,10.389442443847656,6.750515937805176,5.892050743103027,2.8974595069885254,1.6467889547348022,0.8810400366783142,-1.619730830192566,1.9636051654815674,2.2848854064941406,5.018894672393799,3.51320481300354,4.0262627601623535,3.0251381397247314,-2.8966825008392334,-3.907940149307251,-3.780341148376465,-1.379490613937378,-2.6981041431427,-5.013243675231934,-2.1929497718811035,-3.115264892578125,-1.966232180595398,0.2803966701030731,0.068036288022995,-1.7185641527175903,-3.2831690311431885,-3.7117977142333984,-1.0971157550811768,0.11838582158088684,1.9680055379867554,2.540651798248291,1.6158428192138672,-3.021683692932129,-5.080094337463379
6.0112762451171875,10.63875961303711,12.564786911010742,6.506258964538574,9.916106224060059,14.679825782775879,13.259617805480957,9.826275825500488,9.969196319580078,8.136687278747559,4.70576810836792,3.3494513034820557,1.6122825145721436,-0.3030135929584503,-1.784756064414978,-1.52787184715271,1.0228445529937744,2.078711748123169,3.856630325317383,3.4042108058929443,6.2169976234436035,0.8389663696289062,-1.7413450479507446,-2.4560024738311768,-1.3564141988754272,-0.2412330061197281,-2.2383882999420166,-3.543194055557251,-1.8285270929336548,-0.9020110368728638,-0.8230416178703308,0.785541832447052,1.016513466835022,0.27168723940849304,-0.9487689137458801,-2.1340582370758057,0.06293640285730362,0.4795004427433014,1.6059507131576538,2.1306705474853516,-0.04655153304338455,-2.197629928588867,-0.9837468266487122
10.14697551727295,11.110764503479004,11.360239028930664,8.90556812286377,11.408416748046875,11.298295021057129,7.39520788192749,5.307875633239746,8.703795433044434,6.558870792388916,3.1896445751190186,2.0013461112976074,0.9223106503486633,-1.4678384065628052,-1.9891371726989746,1.4992533922195435,3.16290283203125,2.258986234664917,3.6053924560546875,4.541813373565674,2.3132212162017822,-1.9792413711547852,0.44066813588142395,-1.0391596555709839,0.21885371208190918,-0.12663699686527252,-1.6081809997558594,-2.501939058303833,-1.591832160949707,-0.44223541021347046,0.09018047153949738,1.3942426443099976,2.8738720417022705,1.2578667402267456,0.2690984010696411,3.7871897220611572,4.744096755981445,2.762347459793091,1.1045078039169312,2.869781970977783,3.29268479347229,2.281364917755127,1.9072580337524414
6.003412246704102,11.54197883605957,10.58261489868164,5.308333873748779,6.875331401824951,7.797994136810303,2.927334785461426,2.7201192378997803,7.861447334289551,-1.6452642679214478,-3.7632901668548584,-2.9761955738067627,-0.879069983959198,-0.7469314336776733,-0.7496011853218079,3.184756278991699,5.001428604125977,3.404853582382202,3.4903690814971924,2.9301974773406982,0.04092889651656151,-1.8015638589859009,-0.0488036647439003,-0.9539471864700317,0.19290588796138763,0.061868809163570404,-1.970887541770935,-1.529258131980896,-0.6253694295883179,0.5268769860267639,1.6130859851837158,1.8696788549423218,1.6761263608932495,-0.6899372935295105,2.867905378341675,10.722016334533691,10.02293872833252,3.2095558643341064,1.6297554969787598,4.430943012237549,7.153627872467041,5.551166534423828,2.788684368133545
6.049456596374512,7.713954925537109,8.02379322052002,4.338709831237793,3.123948335647583,4.286968231201172,3.188948392868042,3.2662765979766846,-0.9826881289482117,-6.200617790222168,-2.649677276611328,-4.537726402282715,-3.9147207736968994,-2.823019027709961,-1.9771770238876343,-0.09386253356933594,1.6332240104675293,2.70005464553833,3.3893938064575195,2.8531062602996826,0.7954134345054626,-1.5484563112258911,-1.4871084690093994,-1.1613729000091553,-1.1353483200073242,1.5749611854553223,0.3567505180835724,0.36922258138656616,0.6688665747642517,1.2719589471817017,2.9273409843444824,3.4295825958251953,2.1630332469940186,0.7335615754127502,3.2412757873535156,7.931948661804199,9.512489318847656,5.378817558288574,4.460005283355713,6.708710193634033,7.820845603942871,6.696561813354492,7.751814365386963
6.772324085235596,5.867376804351807,4.032527446746826,-0.8260830044746399,-1.5365443229675293,1.2751384973526,0.054711222648620605,-2.5541579723358154,-6.400975227355957,-6.780946254730225,-4.248967170715332,-4.22747802734375,-4.854861259460449,-7.171151161193848,-9.075271606445312,-8.147010803222656,-5.773277759552002,-0.8222736120223999,3.0545122623443604,4.138378143310547,2.026038408279419,-1.1236038208007812,-1.3428080081939697,-1.5631884336471558,-2.071300983428955,1.4098232984542847,2.601377487182617,0.5558018088340759,0.928287923336029,2.424860715866089,3.7830493450164795,4.824885368347168,3.9540035724639893,2.8473002910614014,3.402277946472168,4.983471393585205,7.2012200355529785,6.803329944610596,6.305318832397461,7.39060640335083,7.434920310974121,8.41289234161377,10.412127494812012
0.8612532615661621,0.7976469397544861,-1.6566932201385498,-6.498114585876465,-3.948610544204712,-2.2379379272460938,-4.904933929443359,-7.0818634033203125,-7.857230186462402,-6.673284530639648,-5.434391498565674,-5.6915202140808105,-7.4067559242248535,-8.484211921691895,-8.581406593322754,-8.338135719299316,-6.650379657745361,-4.313039302825928,-3.8947973251342773,-2.3791043758392334,-0.40684232115745544,-1.597296953201294,-1.6683683395385742,-1.4341715574264526,-1.23176109790802,1.364804744720459,2.06343936920166,-0.6568048596382141,0.608826220035553,5.269844055175781,5.63765287399292,3.860332489013672,3.2898144721984863,0.7348482012748718,1.276501178741455,4.416344165802002,6.303112030029297,5.453860759735107,5.3266167640686035,7.521752834320068,10.161426544189453,10.940771102905273,10.390358924865723
-3.9796202182769775,-2.568467617034912,-3.272526502609253,-3.830484390258789,-2.7167482376098633,-3.5056676864624023,-6.3455095291137695,-8.486910820007324,-8.451737403869629,-7.608489036560059,-6.904322147369385,-7.4696478843688965,-8.632339477539062,-8.956844329833984,-8.575234413146973,-8.158899307250977,-7.696413040161133,-6.6440887451171875,-6.169439792633057,-7.216830730438232,-7.639522552490234,-7.92003059387207,-6.198862075805664,-3.4267566204071045,-1.7698545455932617,-0.1195230633020401,0.9224726557731628,-0.05345025658607483,1.5664515495300293,4.827333927154541,5.8440446853637695,3.7602477073669434,2.4326651096343994,1.6715079545974731,2.1405081748962402,3.828373432159424,6.728268146514893,6.6079607009887695,6.667764663696289,10.868663787841797,13.440129280090332,9.744205474853516,7.074334144592285
-0.5719699859619141,-1.3448736667633057,-3.3094141483306885,-4.353935718536377,-4.86153507232666,-5.8065900802612305,-5.92693567276001,-6.333178520202637,-7.172811031341553,-7.606881618499756,-7.092276096343994,-6.360597133636475,-6.440101623535156,-7.575562000274658,-8.580419540405273,-8.958267211914062,-8.633448600769043,-7.670790195465088,-6.942159652709961,-7.2670392990112305,-8.797799110412598,-11.513418197631836,-13.046173095703125,-10.994837760925293,-8.442374229431152,-6.03209924697876,-3.259121894836426,-1.2171287536621094,0.3992675244808197,1.5743979215621948,2.9141714572906494,3.8688275814056396,3.227679491043091,2.1353538036346436,-0.8836215734481812,-2.1378188133239746,2.263410806655884,7.385255813598633,11.386819839477539,14.30590534210205,15.987817764282227,7.275777339935303,1.0562397241592407
0.24424144625663757,-2.696089506149292,-4.589517593383789,-5.703024387359619,-6.777358055114746,-7.361885070800781,-7.569385528564453,-7.788308143615723,-8.04828929901123,-8.035877227783203,-7.853554725646973,-7.41884183883667,-6.716122627258301,-7.420001983642578,-8.645444869995117,-8.853609085083008,-8.596376419067383,-7.938365936279297,-8.082911491394043,-8.62093448638916,-8.698979377746582,-9.71658706665039,-11.23405647277832,-11.86348819732666,-13.001042366027832,-13.73923397064209,-11.48892879486084,-6.263044357299805,-1.6464325189590454,-1.1414223909378052,-1.797663927078247,-0.7197439074516296,-0.5551077127456665,-3.2094907760620117,-6.022841453552246,-2.438110589981079,2.1286261081695557,7.683618545532227,13.906225204467773,17.023740768432617,13.398625373840332,11.626176834106445,14.933818817138672
-3.781722068786621,-4.4238128662109375,-4.372794151306152,-4.634222507476807,-4.879758358001709,-5.974724292755127,-6.949704647064209,-7.52747917175293,-7.861626148223877,-8.115540504455566,-8.036979675292969,-7.709753513336182,-7.057007789611816,-6.9985198974609375,-7.74672269821167,-8.444317817687988,-9.130624771118164,-8.301497459411621,-7.354572772979736,-7.428936004638672,-8.210832595825195,-9.853089332580566,-10.599318504333496,-10.731697082519531,-10.932174682617188,-11.883941650390625,-12.193998336791992,-10.570862770080566,-5.874832630157471,-3.724308490753174,-3.650651454925537,-2.8721890449523926,-1.2965757846832275,-1.8466459512710571,-1.9658632278442383,3.0596261024475098,3.613670587539673,6.359962463378906,12.434505462646484,12.207139015197754,9.0172119140625,14.947678565979004,18.039945602416992
-4.08146858215332,-3.692338466644287,-4.4996113777160645,-5.712365627288818,-6.152327060699463,-6.582677841186523,-6.9962239265441895,-7.35805606842041,-7.170114040374756,-6.8655595779418945,-6.9018378257751465,-7.089999198913574,-7.552628517150879,-7.5519514083862305,-7.788165092468262,-8.658771514892578,-9.722970962524414,-9.147968292236328,-7.524734020233154,-6.831035137176514,-7.435878276824951,-8.926971435546875,-10.448772430419922,-11.111583709716797,-10.014243125915527,-9.596381187438965,-10.565513610839844,-10.919487953186035,-9.875816345214844,-7.5368452072143555,-4.955152988433838,-3.524505376815796,-1.7495008707046509,-0.06587281078100204,0.9760655760765076,3.451650381088257,3.4172346591949463,6.532369136810303,9.722031593322754,7.714890003204346,12.083670616149902,19.055463790893555,18.335697174072266
