data/wind_data/wind_2025-02-19_22.json
{"header": {"parameterUnit": "KT", "parameterCategory": 2, "nx": 255, "ny": 198, "lo1": 44.73521041870117, "la1": -3.236724853515625, "lo2": 111.26478576660156, "la2": 43.468475341796875, "dx": 0.26192745566368103, "dy": -0.23708222806453705, "refTime": "2025-02-19 22:00:00", "forecastTime": 0, "parameterNumber": 3, "parameterNumberName": "northward_wind"}, "data":
[rows 133 to 151 of 198, columns 43 to 85 of 255]
15.556386947631836,8.005744934082031,0.5870141386985779,1.5825682878494263,5.53751277923584,6.565178394317627,5.742575645446777,3.6849794387817383,2.2310709953308105,-1.7095919847488403,-0.4839833676815033,0.8722565770149231,0.35279494524002075,0.15372556447982788,-0.13124309480190277,-0.4619191586971283,-1.4009616374969482,-2.854649782180786,-3.1518309116363525,-2.0488460063934326,-1.3914740085601807,-2.452930450439453,-3.7359209060668945,-5.784350872039795,-5.795392990112305,-5.031554698944092,-3.5911526679992676,-1.4096397161483765,-0.10006053000688553,0.09430208802223206,0.168789342045784,-0.22299468517303467,-0.8090600371360779,-1.4069650173187256,-2.654250383377075,-2.6118578910827637,-2.301609516143799,-0.5251969695091248,2.2238478660583496,2.569683074951172,1.016675591468811,-0.9945343732833862,-6.8360161781311035
6.683117866516113,2.16111159324646,1.2730711698532104,0.6515621542930603,2.1310455799102783,5.2817840576171875,4.091516017913818,3.4442057609558105,-0.5533066987991333,-2.72342586517334,0.5880986452102661,0.9302950501441956,0.9681506156921387,1.284844994544983,0.9405553936958313,0.8537785410881042,-0.8149700164794922,-3.854389190673828,-4.801784992218018,-4.441728591918945,-3.666689157485962,-3.557788133621216,-4.300395488739014,-4.558891296386719,-3.5219552516937256,-3.071932077407837,-4.087226867675781,-3.463702917098999,-1.3623433113098145,-0.2722699046134949,0.3599511384963989,-0.08358930051326752,-1.8081320524215698,-2.8737218379974365,-3.5122246742248535,-3.738478660583496,-2.638458251953125,-1.000624656677246,2.4552972316741943,3.147684335708618,1.4757450819015503,1.324958324432373,-0.9736045002937317
2.9297878742218018,3.852177619934082,3.547031879425049,2.4279022216796875,2.9995248317718506,4.419225215911865,2.5302350521087646,1.0611085891723633,-3.5310144424438477,-1.2848520278930664,-0.8726412057876587,-1.2733780145645142,-0.044209085404872894,1.2667170763015747,1.451361060142517,1.968368649482727,0.2530229985713959,-3.245689630508423,-4.8329901695251465,-4.744482517242432,-3.742460012435913,-2.8607795238494873,-2.8352267742156982,-2.415034294128418,-2.189617156982422,-3.4643497467041016,-4.808635234832764,-4.449578762054443,-3.0752296447753906,-1.8277627229690552,-0.7823858857154846,-0.3065016567707062,-2.028639316558838,-3.4997150897979736,-3.6411869525909424,-3.2590949535369873,-2.3471519947052,-1.4539185762405396,1.4960519075393677,2.9428482055664062,0.7391124963760376,-0.3793277144432068,-0.18819791078567505
3.8832881450653076,4.058264255523682,3.4961822032928467,5.267368316650391,5.964131832122803,5.763614654541016,4.302771091461182,-1.1072311401367188,-5.205772399902344,-1.1525022983551025,-3.1893293857574463,-2.8124022483825684,-0.49958401918411255,1.6946533918380737,1.9802364110946655,1.8678427934646606,1.4626200199127197,-0.7873322367668152,-2.203199863433838,-3.129887104034424,-2.3000497817993164,-1.7426905632019043,-2.567225456237793,-2.2474517822265625,-2.0556142330169678,-3.904726028442383,-4.169049263000488,-3.9671943187713623,-3.8135054111480713,-3.523674488067627,-2.683706283569336,-1.4156290292739868,-2.385305881500244,-3.244044542312622,-3.4502944946289062,-2.748563766479492,-2.070418357849121,-1.519896388053894,0.5154053568840027,3.406597375869751,1.5826516151428223,-2.6917614936828613,-3.4305577278137207
2.9118707180023193,1.6942020654678345,2.9055073261260986,6.819448471069336,7.676620960235596,6.73400354385376,3.934300184249878,-4.916511058807373,-6.196184158325195,-2.2674055099487305,-1.8631623983383179,-0.4473264515399933,0.12441998720169067,0.9290874600410461,0.7645178437232971,0.42729252576828003,1.5170354843139648,0.3130698800086975,-1.503938913345337,-3.7936065196990967,-3.254756450653076,-3.4702670574188232,-4.2310590744018555,-4.048333168029785,-3.233459949493408,-3.4107351303100586,-3.0324482917785645,-3.566164016723633,-3.99277663230896,-3.9104158878326416,-3.430823802947998,-2.7327663898468018,-2.898940086364746,-3.231224536895752,-2.904188871383667,-2.2013633251190186,-1.3515721559524536,-0.7693980932235718,-0.10785812139511108,3.9848697185516357,4.780761241912842,0.1662888526916504,-2.919605255126953
1.231313705444336,3.8762447834014893,6.105154991149902,7.220485210418701,6.078466892242432,4.390549182891846,-2.5204813480377197,-7.3043131828308105,-5.706875324249268,-1.0678545236587524,0.6344215273857117,-0.20564916729927063,-2.355583667755127,-3.6936354637145996,-3.5526087284088135,-3.1394166946411133,-3.0063157081604004,-3.371931314468384,-5.4366021156311035,-7.762296676635742,-9.904459953308105,-6.328943252563477,-6.289015769958496,-6.740362644195557,-6.567774295806885,-5.871588706970215,-4.944952964782715,-5.09656286239624,-4.619716167449951,-3.7836341857910156,-3.4833738803863525,-4.463758945465088,-3.250331401824951,-2.6083290576934814,-1.187258005142212,-0.12951309978961945,0.7415156364440918,0.9908779263496399,0.6156039834022522,3.643258571624756,6.608495235443115,6.0939860343933105,2.8046987056732178
2.9336726665496826,7.1229681968688965,7.919050216674805,6.765624046325684,3.824805498123169,-0.5707637071609497,-6.409187316894531,-6.815490245819092,-4.323463439941406,0.06490249186754227,-0.4682619571685791,-3.243344783782959,-6.507197856903076,-8.547842025756836,-8.952256202697754,-9.069376945495605,-8.541176795959473,-8.060226440429688,-10.371304512023926,-11.058401107788086,-15.910865783691406,-8.296216011047363,-8.463109970092773,-9.279854774475098,-9.399843215942383,-7.997493267059326,-6.074335098266602,-5.508141994476318,-4.093534469604492,-3.0923218727111816,-3.480436086654663,-4.795690536499023,-3.4701809883117676,-3.332664728164673,-1.340224027633667,-1.0835953950881958,-1.7685967683792114,-0.10607192665338516,1.4619736671447754,4.104258060455322,6.78170919418335,8.607531547546387,6.108266353607178
6.955522060394287,8.534260749816895,8.227879524230957,6.565678596496582,3.5694680213928223,-4.322664260864258,-6.400256633758545,-5.791812896728516,-2.4915106296539307,-0.7752029299736023,-1.0594029426574707,-2.7737762928009033,-5.302399635314941,-7.949402332305908,-9.909249305725098,-10.912431716918945,-11.722825050354004,-9.830455780029297,-10.472413063049316,-10.468433380126953,-9.424880981445312,-7.737122535705566,-9.159977912902832,-9.680108070373535,-9.474204063415527,-8.41569995880127,-6.321754455566406,-5.20750617980957,-3.6240153312683105,-2.420832633972168,-2.9582464694976807,-3.507270574569702,-4.5159430503845215,-5.617068767547607,-5.357053756713867,-8.163454055786133,-10.24669075012207,-7.539730548858643,-3.57731032371521,2.5000481605529785,5.8307905197143555,7.336714267730713,6.120616436004639
9.84669303894043,9.844499588012695,7.133746147155762,2.985273599624634,-1.851849913597107,-7.467038631439209,-8.034123420715332,-5.606767177581787,-2.2912354469299316,-2.30338454246521,-1.4036681652069092,-1.5318032503128052,-3.417860746383667,-5.795314788818359,-6.655106544494629,-7.076375484466553,-8.503656387329102,-8.067168235778809,-8.72614574432373,-9.415447235107422,-7.445547103881836,-7.330529689788818,-8.870871543884277,-9.04865837097168,-9.819718360900879,-9.227435111999512,-7.326116561889648,-5.050034999847412,-3.2910523414611816,-1.7630515098571777,-3.5144214630126953,-4.9867167472839355,-5.674321174621582,-7.214104652404785,-6.645663261413574,-10.567622184753418,-14.017749786376953,-13.731653213500977,-10.73383903503418,-4.349481582641602,3.5192577838897705,6.52244758605957,5.985856056213379
10.948887825012207,10.186625480651855,7.356716156005859,-0.3196227550506592,-4.308609962463379,-7.727811813354492,-8.754321098327637,-6.49686336517334,-3.2316949367523193,-3.6560819149017334,-3.401029109954834,-2.821220874786377,-3.3716018199920654,-4.358940124511719,-5.092174530029297,-5.1457061767578125,-5.534103870391846,-7.403522968292236,-8.380165100097656,-8.704870223999023,-7.674455642700195,-7.767025470733643,-8.211745262145996,-8.083516120910645,-10.212672233581543,-10.262894630432129,-9.853275299072266,-7.978674411773682,-5.02426290512085,-4.6104044914245605,-6.317696571350098,-8.52146053314209,-8.372504234313965,-5.962480068206787,-4.4215407371521,-7.6052680015563965,-11.649142265319824,-11.474358558654785,-10.603837966918945,-8.802379608154297,-4.2820563316345215,4.467016696929932,6.823658466339111
8.227275848388672,6.908401966094971,4.110114574432373,1.772539496421814,-0.5271808505058289,-4.031180381774902,-6.205319404602051,-6.380433559417725,-2.9360458850860596,-2.356943368911743,-1.6544913053512573,-1.6768325567245483,-2.462437391281128,-3.742778778076172,-5.727210521697998,-5.900041103363037,-5.702485084533691,-6.713024139404297,-6.728318214416504,-6.558023929595947,-7.92235803604126,-9.291433334350586,-8.889989852905273,-8.869115829467773,-8.50105094909668,-8.142372131347656,-9.023833274841309,-9.309123039245605,-8.173190116882324,-8.798260688781738,-9.480891227722168,-10.838826179504395,-10.570995330810547,-7.951879024505615,-6.852268695831299,-8.552510261535645,-9.902565002441406,-7.463772296905518,-4.867796897888184,-7.055271625518799,-9.241252899169922,-5.401664733886719,0.8315744400024414
4.02581262588501,2.431694984436035,1.1414248943328857,2.7847414016723633,3.898242950439453,3.6652002334594727,-3.1393795013427734,-4.732938766479492,-1.308458924293518,-1.2801271677017212,-1.1755282878875732,-1.2096352577209473,-1.7217962741851807,-3.0645928382873535,-5.004031658172607,-5.350314617156982,-5.133318901062012,-4.544551372528076,-4.781438827514648,-5.1173930168151855,-8.252323150634766,-10.50190544128418,-10.90265941619873,-12.119318008422852,-8.629566192626953,-6.436521530151367,-5.8937668800354,-6.686850070953369,-7.505922794342041,-9.209235191345215,-10.910871505737305,-11.710725784301758,-12.824139595031738,-13.289508819580078,-12.897314071655273,-11.300857543945312,-10.255179405212402,-6.989927291870117,-3.246877431869507,-3.9522340297698975,-8.296784400939941,-13.310591697692871,-10.248141288757324
4.305667877197266,3.097691059112549,1.7041442394256592,3.1070783138275146,6.532134056091309,3.323997735977173,-5.581312656402588,-5.577942371368408,-2.321338653564453,-2.689950704574585,-3.423750400543213,-1.8267648220062256,-0.7461296319961548,-2.1664867401123047,-4.260293006896973,-4.298443794250488,-4.986948013305664,-4.6160712242126465,-5.123692035675049,-5.951436519622803,-7.658237457275391,-9.939467430114746,-11.709799766540527,-13.221040725708008,-11.192808151245117,-8.560559272766113,-6.4260358810424805,-7.129841327667236,-7.43847131729126,-8.254013061523438,-9.970759391784668,-11.012630462646484,-14.899941444396973,-15.956820487976074,-16.182415008544922,-13.880279541015625,-12.756256103515625,-9.958232879638672,-6.330486297607422,-6.0182037353515625,-6.545881748199463,-10.460672378540039,-14.0549955368042
5.453495979309082,4.356494426727295,4.565723896026611,4.490614891052246,2.480720281600952,-3.4854929447174072,-6.422297477722168,-6.124058723449707,-3.575324058532715,-1.174324870109558,-0.032368920743465424,1.634608507156372,1.0159498453140259,-1.8563873767852783,-4.8681321144104,-4.8680291175842285,-5.444845199584961,-5.318415641784668,-5.426826477050781,-6.344444751739502,-6.545709133148193,-8.50390911102295,-10.853254318237305,-9.97633171081543,-8.227299690246582,-7.016078472137451,-7.010477542877197,-8.427867889404297,-7.5296244621276855,-5.027548313140869,-3.4824416637420654,-6.12928581237793,-12.1992769241333,-15.57304573059082,-17.296672821044922,-14.482625961303711,-14.437467575073242,-12.000092506408691,-11.640913009643555,-9.366581916809082,-6.300325393676758,-8.494998931884766,-13.863737106323242
4.587663650512695,3.973395586013794,5.326511383056641,4.093587398529053,-0.7940791249275208,-3.0252554416656494,-1.8595051765441895,-2.7016780376434326,-1.8403652906417847,2.226611614227295,4.349658012390137,3.917970895767212,2.0474789142608643,-0.16611309349536896,-2.067119598388672,-2.902529001235962,-3.004802942276001,-3.0848193168640137,-3.9684460163116455,-4.623437881469727,-4.6263747215271,-6.454411506652832,-9.15048885345459,-8.010931968688965,-5.296971321105957,-5.187713146209717,-8.531641960144043,-10.839362144470215,-8.723114013671875,-5.123931884765625,-3.434314250946045,-4.1987762451171875,-8.57735824584961,-14.039241790771484,-15.29457950592041,-13.453043937683105,-14.61445426940918,-15.105347633361816,-14.039815902709961,-8.760113716125488,-2.6288020610809326,-6.691256046295166,-12.602862358093262
6.00691556930542,5.796111583709717,4.6850504875183105,1.9165115356445312,1.0399247407913208,2.0237555503845215,3.845726251602173,2.4538521766662598,1.0883314609527588,1.6653430461883545,1.3863990306854248,0.9674241542816162,2.753798007965088,4.2098469734191895,4.206242561340332,3.3749518394470215,1.2266340255737305,-1.1215178966522217,-3.206589698791504,-2.7101030349731445,-4.83220911026001,-6.18813419342041,-8.295989036560059,-9.685643196105957,-8.854573249816895,-9.976091384887695,-13.340788841247559,-16.279695510864258,-15.763175964355469,-10.79602336883545,-8.851879119873047,-6.3382463455200195,-5.88283109664917,-8.939973831176758,-12.991870880126953,-14.095477104187012,-14.350604057312012,-17.04957389831543,-16.029245376586914,-11.025440216064453,0.9999547600746155,-0.8147134780883789,-8.528205871582031
8.27098560333252,7.216492176055908,2.2313666343688965,0.22101472318172455,2.960303783416748,5.902673721313477,7.884828090667725,5.430183410644531,2.1817312240600586,-0.8209293484687805,-1.7250659465789795,0.35777708888053894,4.898838520050049,6.954947471618652,7.432092189788818,6.374868392944336,2.7772669792175293,-1.5222629308700562,-2.718317985534668,-1.9236129522323608,-6.548094272613525,-8.114106178283691,-8.708415985107422,-10.042311668395996,-12.404440879821777,-13.607300758361816,-11.761884689331055,-11.484652519226074,-11.244186401367188,-10.76224136352539,-10.221059799194336,-8.530387878417969,-5.605205059051514,-5.792400360107422,-8.700364112854004,-13.042912483215332,-15.239625930786133,-15.161272048950195,-18.337696075439453,-16.78963279724121,-7.760446548461914,-4.760898590087891,-4.2721476554870605
6.389761924743652,6.907679080963135,2.347764492034912,2.3493237495422363,4.900007724761963,7.760907173156738,8.271576881408691,4.852163791656494,0.8029676079750061,-0.7567188739776611,1.1468307971954346,5.092716217041016,6.96892786026001,7.318597793579102,6.462813377380371,5.267502784729004,1.7747302055358887,-2.4303524494171143,-3.055624008178711,-1.58999764919281,-3.549034833908081,-6.299408435821533,-6.8440752029418945,-5.283166408538818,-4.4448323249816895,-4.8242340087890625,-2.192941904067993,0.5146968364715576,1.3691935539245605,-2.2196452617645264,-4.092353820800781,-4.709545612335205,-3.6539671421051025,-5.104848861694336,-7.676623821258545,-10.530397415161133,-13.789870262145996,-14.197182655334473,-18.728153228759766,-16.368391036987305,-16.502735137939453,-13.002091407775879,-6.913870811462402
4.238552570343018,6.648012161254883,6.730337142944336,7.034830093383789,6.691100597381592,6.9877753257751465,5.29633903503418,3.646585702896118,0.9938303232192993,1.8912333250045776,5.8682403564453125,8.715206146240234,9.063865661621094,7.589974403381348,5.042437553405762,1.8341690301895142,-1.0911915302276611,-4.094552993774414,-5.607346534729004,-3.799844980239868,-0.24138100445270538,-0.9382959008216858,-3.5619773864746094,-3.317413568496704,0.4664514362812042,3.7648065090179443,5.184129238128662,6.099949836730957,4.669056415557861,3.032790184020996,3.414820432662964,3.201596975326538,0.5256539583206177,-3.8562722206115723,-7.3054938316345215,-8.70521068572998,-9.647186279296875,-10.8587064743042,-14.83322525024414,-12.500728607177734,-13.936600685119629,-15.11160659790039,-13.539644241333008
