data/wind_data/wind_56_1.json
{"header": {"parameterUnit": "KT", "parameterCategory": 2, "nx": 256, "ny": 198, "lo1": 44.73521041870117, "la1": -3.236724853515625, "lo2": 111.26478576660156, "la2": 43.468475341796875, "dx": 0.2609002888202667, "dy": -0.23708222806453705, "refTime": "2025-02-21 08:00:00", "forecastTime": 0, "parameterNumber": 2, "parameterNumberName": "eastward_wind"}, "data":
[rows 19 to 37 of 198, columns 86 to 128 of 256]
-7.56608247756958,-8.000130653381348,-8.978376388549805,-8.708946228027344,-8.747944831848145,-9.696533203125,-8.956873893737793,-8.714949607849121,-10.248873710632324,-7.45577335357666,-5.762885093688965,-5.23035192489624,-7.14490270614624,-8.283766746520996,-6.662736892700195,-6.187735557556152,-6.305755138397217,-6.272244930267334,-5.27174186706543,-4.7695722579956055,-3.761976480484009,-4.614561080932617,-7.831905364990234,-7.046778202056885,-4.939920425415039,-4.310521602630615,-3.661841869354248,-3.7208919525146484,-6.217569351196289,-9.441201210021973,-8.32345962524414,-5.160576343536377,-3.28139591217041,-6.69406270980835,-11.673916816711426,-11.188318252563477,-9.672921180725098,-8.49461841583252,-7.601963043212891,-7.736202716827393,-7.916531085968018,-8.569284439086914,-6.795405387878418
-7.423994064331055,-7.819698333740234,-10.088921546936035,-9.45327091217041,-7.5093793869018555,-8.531572341918945,-9.356932640075684,-8.776518821716309,-9.823558807373047,-7.524336814880371,-7.587394714355469,-7.610520839691162,-8.217333793640137,-7.3873138427734375,-6.240551471710205,-6.1392927169799805,-6.0084004402160645,-6.197299957275391,-6.690676212310791,-6.879460334777832,-5.739421844482422,-4.838383674621582,-5.773196697235107,-5.262416362762451,-6.49368143081665,-9.259896278381348,-6.74663782119751,-5.254315376281738,-7.536338806152344,-7.379639148712158,-5.578526020050049,-4.972534656524658,-3.7532765865325928,-3.383690357208252,-5.852762699127197,-9.49947452545166,-10.010724067687988,-7.332881450653076,-7.1963019371032715,-7.528606414794922,-8.983222007751465,-9.110629081726074,-6.740270137786865
-8.21728801727295,-7.904952049255371,-10.209104537963867,-9.207520484924316,-6.183419704437256,-5.67649507522583,-8.874189376831055,-8.850045204162598,-8.874337196350098,-9.575937271118164,-8.800548553466797,-8.450719833374023,-8.228728294372559,-7.020772933959961,-6.689157962799072,-6.350064277648926,-5.994375228881836,-7.1444010734558105,-7.643460750579834,-7.452530384063721,-6.471046447753906,-6.98627233505249,-7.557646751403809,-6.954281806945801,-7.015747547149658,-7.829112529754639,-7.102125644683838,-4.602802276611328,-3.8553953170776367,-6.724896430969238,-5.603009223937988,-3.5931780338287354,-1.15799880027771,-1.3245513439178467,-8.439779281616211,-9.14757251739502,-10.64635181427002,-8.43400764465332,-5.941178321838379,-5.159573554992676,-11.295755386352539,-10.159542083740234,-7.810865879058838
-7.9646430015563965,-8.745418548583984,-10.390841484069824,-9.457700729370117,-7.493905544281006,-7.189671516418457,-8.55305290222168,-9.203569412231445,-9.861369132995605,-9.770072937011719,-8.834733963012695,-8.259459495544434,-8.063340187072754,-7.203883171081543,-6.882418155670166,-6.501091957092285,-6.537864685058594,-7.163466453552246,-7.812863349914551,-7.695496082305908,-7.056728839874268,-7.346826553344727,-7.298961162567139,-6.249063968658447,-4.729555606842041,-4.868656158447266,-6.850929260253906,-4.982466697692871,-4.477774143218994,-6.111900329589844,-6.786356449127197,-4.717992305755615,-2.0529439449310303,-4.191651344299316,-8.944520950317383,-11.248126983642578,-10.414226531982422,-8.952926635742188,-5.653101444244385,-7.245692729949951,-11.556632041931152,-9.569767951965332,-7.8548479080200195
-9.686860084533691,-9.896268844604492,-10.042071342468262,-9.93824577331543,-9.80372142791748,-9.545369148254395,-9.744457244873047,-9.95641803741455,-9.535536766052246,-8.800874710083008,-7.957833290100098,-7.384550094604492,-7.088859558105469,-6.979593753814697,-7.4593729972839355,-6.9762115478515625,-5.968598365783691,-6.718632221221924,-8.216952323913574,-7.726022243499756,-7.179971694946289,-7.917307376861572,-7.763242244720459,-6.182822227478027,-5.088568210601807,-5.284515380859375,-5.335455894470215,-5.31386661529541,-6.335643768310547,-7.193960189819336,-9.23196029663086,-6.775473594665527,-3.960930347442627,-4.669878959655762,-9.713151931762695,-12.583100318908691,-11.820441246032715,-9.77916145324707,-7.692576885223389,-8.210433959960938,-11.025748252868652,-9.77315902709961,-7.5821099281311035
-10.404230117797852,-9.241508483886719,-9.512206077575684,-10.484515190124512,-10.803366661071777,-9.630931854248047,-9.293770790100098,-9.631590843200684,-9.09470272064209,-7.89031457901001,-7.008933067321777,-5.945272922515869,-4.999755859375,-5.7805047035217285,-8.0972318649292,-7.420495510101318,-5.248178005218506,-7.156430721282959,-9.290907859802246,-7.698536396026611,-7.368310928344727,-8.744314193725586,-6.958192825317383,-5.903849124908447,-7.386167049407959,-6.20316219329834,-4.618433475494385,-5.948561668395996,-7.818019390106201,-7.6501030921936035,-7.576112747192383,-8.87428092956543,-7.422408103942871,-7.431232929229736,-9.526164054870605,-10.202993392944336,-12.762032508850098,-10.893317222595215,-8.475890159606934,-9.31863021850586,-10.567058563232422,-9.87999439239502,-7.806851387023926
-10.209389686584473,-9.162252426147461,-9.025188446044922,-9.600096702575684,-9.843998908996582,-9.42615032196045,-8.873332023620605,-9.066173553466797,-8.779058456420898,-7.674895763397217,-7.270153522491455,-7.149129867553711,-6.048466205596924,-7.041079998016357,-9.294288635253906,-8.90222454071045,-6.814871788024902,-8.243607521057129,-9.598142623901367,-7.7551422119140625,-7.742377758026123,-8.929558753967285,-7.363749027252197,-6.854974269866943,-7.878084182739258,-7.013348579406738,-5.644871711730957,-5.352922439575195,-7.9511799812316895,-6.199105739593506,-5.337266445159912,-8.395821571350098,-8.573688507080078,-8.60272216796875,-9.792061805725098,-9.26000690460205,-10.66666030883789,-11.077590942382812,-9.124204635620117,-9.003181457519531,-9.581767082214355,-9.397712707519531,-8.328869819641113
-10.165465354919434,-10.709095001220703,-10.031327247619629,-8.157258987426758,-7.850944519042969,-8.857733726501465,-8.674148559570312,-7.586209774017334,-6.6037678718566895,-7.297830104827881,-7.199174880981445,-8.472467422485352,-10.074003219604492,-10.936483383178711,-11.21439266204834,-9.904901504516602,-9.550968170166016,-10.199006080627441,-9.268279075622559,-8.354660034179688,-8.46644401550293,-8.48841667175293,-8.875836372375488,-8.509135246276855,-6.779714584350586,-6.9992241859436035,-7.332193374633789,-6.446615219116211,-8.160191535949707,-8.145049095153809,-6.293318748474121,-5.856320858001709,-7.882400035858154,-11.707473754882812,-10.013877868652344,-7.868958950042725,-9.439835548400879,-11.008747100830078,-9.123197555541992,-8.567869186401367,-8.493630409240723,-8.96267318725586,-8.790703773498535
-9.828213691711426,-11.779769897460938,-9.93462085723877,-8.412981986999512,-8.474553108215332,-8.022075653076172,-9.68458080291748,-8.244969367980957,-6.356297016143799,-8.151922225952148,-9.522869110107422,-9.607049942016602,-10.567792892456055,-10.854063987731934,-10.585835456848145,-10.392823219299316,-10.322731971740723,-9.711715698242188,-9.805081367492676,-9.134037017822266,-8.305107116699219,-9.013590812683105,-9.25489616394043,-8.233661651611328,-6.480478286743164,-7.612180233001709,-9.59964656829834,-8.141010284423828,-7.86237907409668,-8.315733909606934,-7.95185661315918,-6.838895320892334,-8.196797370910645,-11.00175666809082,-9.32196044921875,-6.9350385665893555,-8.943188667297363,-11.675285339355469,-9.335065841674805,-8.132654190063477,-7.740133762359619,-8.736357688903809,-8.99288558959961
-8.077286720275879,-9.882399559020996,-9.90621280670166,-9.368053436279297,-8.980082511901855,-8.372937202453613,-9.381237983703613,-10.347081184387207,-10.079231262207031,-10.443775177001953,-10.244561195373535,-10.04439640045166,-8.855749130249023,-7.885016441345215,-8.761030197143555,-11.48849868774414,-11.034564018249512,-9.453337669372559,-9.618742942810059,-9.709524154663086,-9.474995613098145,-9.47014045715332,-8.778419494628906,-8.40015983581543,-9.299050331115723,-9.043864250183105,-8.935663223266602,-8.500588417053223,-8.92651653289795,-8.458924293518066,-8.651651382446289,-7.294048309326172,-6.901102066040039,-9.216819763183594,-8.513619422912598,-8.609867095947266,-9.093147277832031,-11.04771614074707,-9.432920455932617,-8.071728706359863,-8.518922805786133,-9.277912139892578,-8.744973182678223
-7.745967864990234,-7.329936504364014,-6.925218105316162,-8.380716323852539,-9.583779335021973,-8.031303405761719,-7.425582408905029,-10.327423095703125,-10.305533409118652,-10.287290573120117,-10.753582954406738,-10.179289817810059,-8.063615798950195,-7.35146951675415,-9.513392448425293,-11.209400177001953,-10.429342269897461,-9.681536674499512,-9.95288372039795,-9.509538650512695,-9.540053367614746,-9.893613815307617,-8.696325302124023,-9.650077819824219,-10.636425971984863,-8.731650352478027,-8.271635055541992,-9.012246131896973,-9.000435829162598,-8.403458595275879,-8.548639297485352,-7.957552433013916,-7.323090076446533,-7.882826328277588,-9.059392929077148,-9.603784561157227,-9.628589630126953,-9.616341590881348,-8.364481925964355,-8.551097869873047,-9.67290210723877,-9.999883651733398,-8.324966430664062
-9.26379680633545,-7.55258846282959,-7.065244197845459,-9.371097564697266,-9.665717124938965,-7.763819694519043,-6.913448810577393,-8.6104154586792,-9.794713973999023,-9.101558685302734,-10.591984748840332,-11.128279685974121,-10.046886444091797,-9.82852554321289,-10.88099193572998,-10.20840072631836,-9.875226020812988,-10.79310131072998,-9.762161254882812,-7.650454044342041,-8.238292694091797,-10.934316635131836,-10.69393539428711,-9.799723625183105,-9.899741172790527,-8.566642761230469,-7.9822998046875,-8.455673217773438,-8.39362907409668,-8.807408332824707,-8.210338592529297,-7.603736877441406,-8.853538513183594,-8.746407508850098,-8.50017261505127,-9.032393455505371,-10.232369422912598,-8.792284965515137,-6.180755138397217,-5.920315265655518,-8.925843238830566,-10.497020721435547,-8.76083755493164
-10.994160652160645,-10.38163948059082,-10.78460693359375,-11.646100044250488,-10.555974006652832,-10.278701782226562,-10.711444854736328,-9.518996238708496,-7.668737888336182,-7.265565395355225,-9.968274116516113,-11.865081787109375,-11.40777587890625,-10.544193267822266,-10.138504981994629,-8.477424621582031,-9.595071792602539,-11.699553489685059,-9.268607139587402,-6.704916954040527,-8.716313362121582,-11.416181564331055,-10.488974571228027,-8.855230331420898,-10.687615394592285,-9.74056339263916,-8.805428504943848,-9.027600288391113,-8.976482391357422,-8.28167724609375,-8.034131050109863,-7.996740818023682,-8.81140422821045,-9.000164031982422,-7.702431678771973,-8.15521240234375,-9.609906196594238,-8.166150093078613,-6.646160125732422,-5.210930347442627,-7.5092010498046875,-10.943151473999023,-9.616872787475586
-10.483635902404785,-10.925189018249512,-10.198138236999512,-9.558877944946289,-9.913022994995117,-11.358316421508789,-11.482312202453613,-10.509783744812012,-8.542622566223145,-7.258957386016846,-9.39233684539795,-11.629302978515625,-11.985777854919434,-10.631745338439941,-8.923230171203613,-8.130759239196777,-10.45828914642334,-12.148276329040527,-10.088335990905762,-9.184999465942383,-10.360950469970703,-11.592121124267578,-10.644979476928711,-9.176132202148438,-11.584314346313477,-10.288684844970703,-9.37206745147705,-9.089941024780273,-8.605366706848145,-8.43970775604248,-8.64830493927002,-7.713119029998779,-9.155221939086914,-8.761152267456055,-8.196639060974121,-7.99916934967041,-6.690774440765381,-5.934720993041992,-7.959823131561279,-10.643651962280273,-10.512290954589844,-10.913104057312012,-9.770734786987305
-7.180527210235596,-8.822142601013184,-9.355785369873047,-6.033653259277344,-6.130073547363281,-9.648670196533203,-10.44599437713623,-10.670454978942871,-10.266002655029297,-8.84904956817627,-8.523763656616211,-9.312115669250488,-11.152487754821777,-10.756696701049805,-9.024702072143555,-8.532801628112793,-11.290324211120605,-12.314788818359375,-11.033431053161621,-10.302120208740234,-10.77694320678711,-11.916450500488281,-11.943845748901367,-10.066353797912598,-10.214046478271484,-10.213860511779785,-10.277265548706055,-9.821231842041016,-8.574897766113281,-8.691713333129883,-8.981030464172363,-8.486598014831543,-8.417515754699707,-8.514521598815918,-9.138858795166016,-8.870318412780762,-7.742888450622559,-5.502045154571533,-5.419896602630615,-9.20741081237793,-9.38137149810791,-10.076251029968262,-9.992741584777832
-6.091331958770752,-7.077981948852539,-9.022260665893555,-6.215540409088135,-4.179888725280762,-6.737206935882568,-8.284502983093262,-9.266079902648926,-10.270745277404785,-8.309157371520996,-6.181328773498535,-6.018426418304443,-8.46114444732666,-10.589399337768555,-8.913299560546875,-5.9639787673950195,-8.256691932678223,-11.026289939880371,-10.219462394714355,-8.230480194091797,-8.43749713897705,-10.412470817565918,-11.623414039611816,-11.18038272857666,-11.135711669921875,-10.678311347961426,-9.956777572631836,-8.550995826721191,-7.367059707641602,-8.266051292419434,-9.192133903503418,-7.9757399559021,-7.706385135650635,-9.547207832336426,-10.522690773010254,-10.032452583312988,-9.347270011901855,-8.081541061401367,-7.1803460121154785,-6.237454414367676,-5.196714878082275,-8.035650253295898,-9.135714530944824
-8.322932243347168,-8.590063095092773,-8.066534042358398,-8.134284973144531,-7.0302252769470215,-7.682826995849609,-9.008365631103516,-8.129077911376953,-9.082789421081543,-8.859756469726562,-8.570639610290527,-9.0723237991333,-9.026676177978516,-10.179788589477539,-10.116914749145508,-7.802708148956299,-6.897210597991943,-8.25402545928955,-10.035290718078613,-7.980719089508057,-4.739032745361328,-6.946697235107422,-10.870738983154297,-10.437597274780273,-10.430741310119629,-10.571660995483398,-9.677163124084473,-7.97877836227417,-5.372369289398193,-5.321079254150391,-7.242654323577881,-7.406857490539551,-7.119948387145996,-9.148802757263184,-10.554666519165039,-10.86545467376709,-11.509980201721191,-10.690094947814941,-7.53662109375,-4.527870178222656,-2.9553322792053223,-2.793581962585449,-5.3129472732543945
-6.288304805755615,-7.824272155761719,-9.062124252319336,-9.401070594787598,-6.860742092132568,-7.803565502166748,-9.788113594055176,-9.121334075927734,-8.591470718383789,-8.628782272338867,-9.577591896057129,-10.224385261535645,-9.254405975341797,-8.555946350097656,-10.94296646118164,-11.043471336364746,-7.493924140930176,-4.461183071136475,-8.392006874084473,-9.280237197875977,-7.098723888397217,-8.601775169372559,-10.211568832397461,-9.905044555664062,-9.795679092407227,-10.283098220825195,-9.64273452758789,-7.862466812133789,-6.419736385345459,-5.988996982574463,-6.985559940338135,-6.2450151443481445,-6.946436405181885,-9.145609855651855,-9.980091094970703,-9.623542785644531,-11.814239501953125,-10.788200378417969,-8.583840370178223,-6.283761501312256,-4.841227054595947,-3.7662785053253174,-4.250219345092773
-7.228424072265625,-9.331765174865723,-10.217073440551758,-9.040934562683105,-7.588793754577637,-7.642755508422852,-7.931826591491699,-7.501023769378662,-7.252882957458496,-7.018677234649658,-7.726553440093994,-7.60980749130249,-6.568145275115967,-4.103396892547607,-10.13279914855957,-11.622776985168457,-9.938969612121582,-7.379506587982178,-6.560622692108154,-9.197430610656738,-10.53083324432373,-12.575704574584961,-12.044302940368652,-11.25141716003418,-9.588424682617188,-8.366790771484375,-9.729557037353516,-9.993592262268066,-8.749155044555664,-8.487049102783203,-8.754515647888184,-8.101278305053711,-9.974634170532227,-14.405782699584961,-14.049838066101074,-12.559598922729492,-11.345253944396973,-8.810108184814453,-7.8680338859558105,-11.498298645019531,-7.5394697189331055,-5.051964282989502,-6.248600959777832
