data/wind_data/wind_31_3.json
{"header": {"parameterUnit": "KT", "parameterCategory": 2, "nx": 256, "ny": 198, "lo1": 44.73521041870117, "la1": -3.236724853515625, "lo2": 111.26478576660156, "la2": 43.468475341796875, "dx": 0.2609002888202667, "dy": -0.23708222806453705, "refTime": "2025-02-20 07:00:00", "forecastTime": 0, "parameterNumber": 2, "parameterNumberName": "eastward_wind"}, "data":
[rows 152 to 170 of 198, columns 88 to 131 of 256]
13.72889518737793,13.441323280334473,10.065898895263672,6.675264835357666,9.353078842163086,9.30266284942627,9.408685684204102,4.651882171630859,1.1248011589050293,0.09902355074882507,-0.2952684462070465,2.0814056396484375,4.696232318878174,0.3333778977394104,-1.5386779308319092,2.1096034049987793,5.123424530029297,6.614448547363281,7.001925945281982,6.727359771728516,8.941039085388184,3.8377699851989746,-14.2947416305542,-10.660046577453613,3.835904121398926,2.0109000205993652,5.000524044036865,4.114959239959717,8.325325012207031,12.065760612487793,11.35009765625,16.006053924560547,22.84041404724121,21.787120819091797,22.27516746520996,19.697031021118164,10.592413902282715,2.0166544914245605,2.218059539794922,3.3427956104278564,5.161351680755615,7.562436580657959,11.766301155090332,10.87048625946045
12.980376243591309,12.585075378417969,10.430647850036621,6.885441303253174,6.645256996154785,9.118207931518555,6.948277473449707,6.143329620361328,-0.23444710671901703,-2.1721887588500977,-4.063478946685791,-2.365112066268921,2.140392780303955,-0.10597366839647293,0.18224819004535675,2.8250434398651123,0.699966549873352,1.7090293169021606,5.480729103088379,5.802859306335449,8.632555961608887,5.107146739959717,-9.568827629089355,-11.62381362915039,1.7039529085159302,0.28291431069374084,1.186980128288269,4.205741882324219,9.671213150024414,13.835432052612305,11.041348457336426,18.601388931274414,17.761507034301758,7.227758884429932,9.15491771697998,14.435882568359375,11.659652709960938,2.905665874481201,1.1406151056289673,2.488421678543091,6.139089107513428,8.73592472076416,11.466306686401367,8.771566390991211
11.819295883178711,10.853743553161621,8.997265815734863,4.044836521148682,1.3124254941940308,5.459498882293701,3.4178755283355713,7.620424270629883,2.89697003364563,-3.118361234664917,-7.950652599334717,-6.919078350067139,-2.7385497093200684,-1.055325984954834,0.6666325330734253,2.0218050479888916,-3.7412705421447754,-0.9206042289733887,4.419478416442871,8.020773887634277,11.916756629943848,3.910984516143799,-5.310080051422119,-10.0127534866333,-3.782305955886841,0.441006600856781,0.6432291269302368,6.19202184677124,10.374791145324707,15.570361137390137,16.024499893188477,20.142671585083008,18.0687255859375,3.311462879180908,-5.630774974822998,-1.5179553031921387,-0.026662658900022507,0.5689981579780579,1.6717784404754639,6.211944580078125,9.892991065979004,12.39087200164795,12.30173397064209,9.072589874267578
9.617852210998535,8.729002952575684,8.709957122802734,5.554140567779541,-0.1860981285572052,-1.395626187324524,-0.5218604803085327,3.4124131202697754,2.4640939235687256,-1.3191182613372803,-6.264725685119629,-6.978833198547363,-1.0344583988189697,2.753844738006592,3.389975070953369,4.706879138946533,0.033567674458026886,1.2741539478302002,3.1771926879882812,3.847776412963867,8.868703842163086,7.44696569442749,-2.0958070755004883,-10.50857162475586,-11.621781349182129,-2.8250269889831543,9.73951530456543,13.190335273742676,11.760348320007324,14.65918254852295,19.853464126586914,24.41321563720703,23.538429260253906,14.4959716796875,4.710097312927246,1.9089316129684448,1.458248257637024,5.342392921447754,7.172563552856445,10.252201080322266,11.382107734680176,15.215875625610352,16.825124740600586,12.747961044311523
9.040338516235352,7.447997093200684,7.220115661621094,7.621016502380371,3.793337106704712,-1.2385139465332031,-2.014911651611328,1.7451519966125488,5.869826316833496,3.448415517807007,-4.804742336273193,-9.481980323791504,0.9944195747375488,6.877748489379883,8.62535285949707,6.768557548522949,5.7533087730407715,5.563805103302002,2.1455793380737305,1.665269374847412,3.5358502864837646,9.361200332641602,5.228299140930176,-4.961832523345947,-8.465953826904297,-7.2870049476623535,-0.6154788136482239,11.009820938110352,14.723846435546875,17.589672088623047,22.55670166015625,23.652599334716797,24.069995880126953,22.56783103942871,19.85664176940918,18.534536361694336,17.649471282958984,17.551586151123047,16.002059936523438,13.993586540222168,13.696441650390625,17.251888275146484,20.081632614135742,17.40554428100586
8.528717041015625,7.633012771606445,4.741673946380615,5.850789546966553,4.704671859741211,1.6641429662704468,-3.577540636062622,-1.7992697954177856,3.4697487354278564,0.7598786950111389,1.5443894863128662,0.358403742313385,5.81503963470459,8.25639820098877,8.062442779541016,4.534971714019775,7.56152868270874,6.339177131652832,1.2876242399215698,2.5833001136779785,2.3836705684661865,6.393113613128662,8.90132999420166,4.413251876831055,3.0568857192993164,3.126413583755493,-3.8588175773620605,-5.6647257804870605,7.057214736938477,13.256678581237793,17.585142135620117,19.90436363220215,27.274629592895508,30.29178810119629,30.824682235717773,31.411956787109375,31.229896545410156,28.621471405029297,24.261140823364258,19.907690048217773,17.897212982177734,20.02290916442871,23.388517379760742,22.159446716308594
7.075967311859131,7.403738498687744,4.203139781951904,4.322896957397461,4.485905647277832,1.4459673166275024,-2.6433398723602295,-3.2063162326812744,-0.555576503276825,1.2959272861480713,2.2505669593811035,4.049020290374756,3.644287586212158,-0.8689512014389038,1.2887883186340332,1.5388362407684326,7.49761962890625,1.3588913679122925,1.555375337600708,3.036156415939331,3.914581298828125,4.101888179779053,3.3055460453033447,3.847362518310547,4.4102020263671875,0.006778906099498272,-3.1622891426086426,-9.787383079528809,-0.36938050389289856,8.997781753540039,11.549564361572266,17.185312271118164,27.87961196899414,34.932430267333984,37.882652282714844,39.33422088623047,39.89169692993164,39.46206283569336,32.9727897644043,24.93482780456543,22.814823150634766,24.70217514038086,22.852689743041992,20.139760971069336
6.897871494293213,6.8830108642578125,3.7284739017486572,2.1522531509399414,3.746091365814209,2.613494634628296,-2.0963776111602783,-6.82212495803833,-2.0389373302459717,-0.6732473969459534,2.4514176845550537,3.0932564735412598,1.163923740386963,2.84096097946167,-1.9842878580093384,0.7227585315704346,3.8688197135925293,3.4052648544311523,-1.1141878366470337,4.362523555755615,7.815408229827881,6.0429229736328125,3.4546902179718018,5.594528675079346,5.394230365753174,0.13564971089363098,-2.154383897781372,-3.198885202407837,-0.17363862693309784,7.2846245765686035,11.9447660446167,18.057222366333008,26.689620971679688,34.98873519897461,40.66507339477539,42.13857650756836,40.482330322265625,38.76068115234375,34.09184265136719,24.161476135253906,21.24673843383789,24.73000717163086,23.142852783203125,19.73874282836914
6.241910934448242,6.037775039672852,4.7692437171936035,3.4856975078582764,3.2309951782226562,2.058366298675537,0.8793660998344421,-5.040124893188477,-4.453142166137695,-2.678532838821411,0.2941838800907135,0.8792352676391602,-0.010508398525416851,0.7585146427154541,-2.2808151245117188,-0.06115439161658287,2.0643632411956787,4.346974849700928,5.900919437408447,2.92276668548584,4.353383541107178,5.280950546264648,6.305208683013916,6.5175862312316895,2.2624144554138184,2.5195131301879883,0.8337687849998474,0.7893465757369995,-0.0013622110709547997,10.069210052490234,15.889972686767578,18.771638870239258,24.046646118164062,29.527841567993164,33.001380920410156,37.456024169921875,40.78912353515625,39.046268463134766,32.59450149536133,26.194669723510742,24.14521026611328,25.944246292114258,24.668603897094727,14.572914123535156
6.145171165466309,6.828291416168213,7.361771583557129,8.316064834594727,5.013389587402344,1.9026683568954468,1.1579304933547974,-2.81721830368042,-4.13832950592041,-3.95796799659729,-3.2381298542022705,-4.064843654632568,-5.184001445770264,-3.323554754257202,-2.8765554428100586,-0.6126986742019653,3.1304404735565186,6.401580810546875,8.536713600158691,7.888149261474609,2.3711512088775635,-0.8313637971878052,0.7672887444496155,0.4023808240890503,0.4758482277393341,3.3224570751190186,3.0673317909240723,4.678423881530762,1.0757960081100464,10.889077186584473,17.330524444580078,20.87213706970215,22.532381057739258,23.86422348022461,25.41619873046875,27.61127281188965,30.63857650756836,31.724536895751953,29.464641571044922,27.9329776763916,25.420555114746094,20.66800880432129,23.93214225769043,22.220203399658203
7.1667022705078125,8.817520141601562,7.893383502960205,8.626007080078125,5.725964069366455,2.099257707595825,2.872192144393921,0.6205832362174988,-2.624641180038452,-3.0781400203704834,-3.340055465698242,-4.941320896148682,-5.663162708282471,-4.791505336761475,-5.530371189117432,-1.6083447933197021,5.2883620262146,6.855557441711426,8.14005184173584,9.438096046447754,4.579029560089111,-0.616351306438446,-1.5760023593902588,-0.9595378041267395,0.42368531227111816,3.9300081729888916,6.211699962615967,8.067516326904297,3.0893301963806152,9.97052001953125,17.001949310302734,18.39401626586914,17.470211029052734,15.045653343200684,16.718669891357422,24.01384925842285,28.879364013671875,30.887880325317383,32.11839294433594,30.97949981689453,26.409128189086914,21.019567489624023,20.65850067138672,18.25912857055664
4.957637310028076,7.3056135177612305,7.583742141723633,8.351178169250488,6.889894008636475,3.515256881713867,3.3545455932617188,3.9735801219940186,1.4854674339294434,-0.8120675683021545,-1.0111178159713745,-2.8935604095458984,-2.6043457984924316,-2.2713449001312256,-3.677011013031006,-1.6744773387908936,3.963740110397339,6.426361083984375,5.656330585479736,7.273665428161621,8.747084617614746,3.8385331630706787,-1.1277823448181152,0.8088268041610718,2.6059892177581787,5.883486747741699,8.325064659118652,8.948657989501953,4.866927623748779,9.284388542175293,16.193883895874023,21.523698806762695,19.485313415527344,18.035831451416016,21.55402946472168,22.61858558654785,22.513179779052734,26.040761947631836,25.443815231323242,19.858623504638672,23.58084487915039,24.61856460571289,23.399858474731445,10.606963157653809
4.879704475402832,6.085320949554443,6.91508674621582,7.462699890136719,6.731141567230225,4.735043525695801,3.6107892990112305,4.530152797698975,4.419218063354492,2.372894287109375,1.4476203918457031,1.525015115737915,0.6720470190048218,-1.0154638290405273,1.5416427850723267,0.8027401566505432,1.8288830518722534,4.535454750061035,3.8582167625427246,5.667405605316162,11.488533020019531,12.166475296020508,6.761595726013184,2.4848742485046387,3.874971389770508,5.8055009841918945,6.246764659881592,7.1151556968688965,5.932730197906494,8.981206893920898,15.576745986938477,14.666230201721191,15.320255279541016,13.929176330566406,16.694320678710938,16.457746505737305,18.158252716064453,21.31285285949707,24.236392974853516,23.8181095123291,22.128522872924805,14.789637565612793,5.956170558929443,-5.385992527008057
3.4686083793640137,3.77282452583313,4.9444580078125,6.405351638793945,6.1700310707092285,5.216182231903076,2.742760419845581,4.457883358001709,3.9581668376922607,0.5013530254364014,1.4476370811462402,3.322359323501587,2.770998001098633,-0.91850745677948,2.6382315158843994,3.4443836212158203,1.5138283967971802,4.553927898406982,7.440903186798096,3.926004409790039,10.26131534576416,17.951671600341797,16.909488677978516,11.5426025390625,9.240097045898438,8.635333061218262,6.446792125701904,7.981714725494385,10.568632125854492,10.468061447143555,13.46911907196045,16.761537551879883,16.317813873291016,16.88068389892578,16.09267234802246,11.99677562713623,12.726099967956543,14.943253517150879,15.361160278320312,13.094863891601562,5.707530498504639,-3.278106689453125,-7.543166637420654,-10.15732479095459
1.5345336198806763,2.259237766265869,3.313668966293335,4.754322528839111,4.156715393066406,2.6260318756103516,0.8640053272247314,3.8278725147247314,1.9973663091659546,-0.28416764736175537,2.6357038021087646,4.5203046798706055,1.8663920164108276,-1.6558541059494019,2.4482944011688232,4.95951509475708,3.7538444995880127,5.335948467254639,9.471904754638672,6.747802734375,6.087385654449463,18.775915145874023,23.95651626586914,20.147245407104492,15.603996276855469,12.61435317993164,10.24107551574707,11.701249122619629,12.88913345336914,11.957721710205078,18.88968276977539,20.583391189575195,16.552600860595703,18.747644424438477,17.26520347595215,5.256938934326172,1.5031077861785889,0.895663857460022,-1.4380651712417603,-4.466922283172607,-9.660284996032715,-11.807649612426758,-10.958749771118164,-10.399701118469238
1.5429787635803223,1.6746509075164795,2.060267210006714,2.1426990032196045,1.7874178886413574,0.9806440472602844,0.42283618450164795,2.303171157836914,0.3324269652366638,1.2652798891067505,4.098616600036621,3.854828119277954,0.059579938650131226,-1.8658620119094849,0.9756434559822083,4.775129318237305,5.369451999664307,6.24845027923584,8.108349800109863,5.614360332489014,4.247232913970947,11.881268501281738,21.717161178588867,26.205656051635742,25.14443016052246,21.942138671875,18.30118751525879,18.643918991088867,19.12097930908203,20.249258041381836,23.937528610229492,25.841642379760742,22.203720092773438,17.408592224121094,6.519994735717773,-4.846564769744873,-7.896050930023193,-10.477432250976562,-12.354896545410156,-13.551326751708984,-14.193445205688477,-13.082396507263184,-11.541688919067383,-10.357688903808594
1.7793022394180298,2.22932767868042,2.15262770652771,0.98906409740448,-0.6258901357650757,-0.9857109189033508,-1.4245320558547974,-1.5945334434509277,-0.6734021902084351,1.8130158185958862,4.065134525299072,3.0528950691223145,0.6564489006996155,-1.4163364171981812,0.07119978219270706,3.5705838203430176,5.797519683837891,6.830881118774414,6.860233306884766,4.1082539558410645,4.644129753112793,7.28362512588501,12.25240707397461,17.795743942260742,22.08101463317871,22.84025764465332,20.79232406616211,20.280561447143555,20.985675811767578,19.647470474243164,19.38812828063965,21.810529708862305,15.049677848815918,1.535727620124817,-6.661166667938232,-9.441951751708984,-11.057727813720703,-12.253303527832031,-13.455613136291504,-14.13965892791748,-13.526065826416016,-12.069561958312988,-10.701180458068848,-9.385944366455078
0.504180908203125,0.6717495918273926,1.4266695976257324,-0.26052382588386536,-2.3536980152130127,-2.4756057262420654,-1.3807728290557861,-0.8610009551048279,-0.7276660799980164,2.160062313079834,4.162542343139648,3.380471706390381,1.8760409355163574,-1.1973614692687988,-0.617779552936554,3.034095287322998,4.999985694885254,6.130731582641602,6.291321754455566,4.137590408325195,5.573721885681152,6.052391052246094,9.9128999710083,13.471240997314453,16.697158813476562,19.24703025817871,20.110002517700195,21.41301155090332,20.072834014892578,17.958715438842773,16.97913932800293,14.843838691711426,0.43445509672164917,-8.934723854064941,-8.817506790161133,-8.055020332336426,-8.041775703430176,-9.05465030670166,-10.388571739196777,-10.921079635620117,-10.533915519714355,-9.703817367553711,-8.871004104614258,-8.154265403747559
0.19010896980762482,-1.8297357559204102,-0.09142758697271347,-1.0399738550186157,-2.484609603881836,-2.0107421875,0.7081707715988159,0.8714262843132019,0.7257598042488098,2.682098388671875,3.7724485397338867,3.9209351539611816,2.4817662239074707,-0.16566374897956848,-0.2244713008403778,3.110401153564453,4.534176826477051,6.694179534912109,7.520442962646484,6.789941787719727,5.101831436157227,6.324990749359131,9.433218002319336,10.640743255615234,11.70724868774414,14.061769485473633,17.26416778564453,21.204185485839844,21.467803955078125,21.405643463134766,18.409914016723633,10.786211967468262,-0.7576448321342468,-6.152692794799805,-9.479937553405762,-7.223592758178711,-5.554724216461182,-5.149355411529541,-6.239673137664795,-7.078958034515381,-7.5280256271362305,-7.608487606048584,-7.614558696746826,-7.420449733734131
