data/wind_data/wind_2025-02-21_18.json
{"header": {"parameterUnit": "KT", "parameterCategory": 2, "nx": 255, "ny": 198, "lo1": 44.73521041870117, "la1": -3.236724853515625, "lo2": 111.26478576660156, "la2": 43.468475341796875, "dx": 0.26192745566368103, "dy": -0.23708222806453705, "refTime": "2025-02-21 18:00:00", "forecastTime": 0, "parameterNumber": 3, "parameterNumberName": "northward_wind"}, "data":
[rows 76 to 94 of 198, columns 43 to 85 of 255]
2.2808263301849365,3.178879737854004,1.3660333156585693,-0.776190996170044,-1.3108218908309937,-0.8777723908424377,-1.457075834274292,-3.145017623901367,-2.729839324951172,-2.8204410076141357,-4.2468414306640625,-5.10532283782959,-6.024884223937988,-6.243955135345459,-5.467390537261963,-5.259937286376953,-6.08110237121582,-6.332719326019287,-6.264547824859619,-6.652358055114746,-6.709195137023926,-6.911650657653809,-7.817354202270508,-8.408546447753906,-8.492713928222656,-8.768363952636719,-8.879438400268555,-9.140373229980469,-9.404984474182129,-9.808311462402344,-10.199077606201172,-10.20330810546875,-10.658276557922363,-10.966036796569824,-11.571179389953613,-11.8701810836792,-11.925395965576172,-12.211202621459961,-11.810338973999023,-11.666111946105957,-11.7562837600708,-11.683390617370605,-11.61821174621582
2.3746836185455322,4.042291641235352,2.4208366870880127,0.5045772790908813,0.21804653108119965,1.0611364841461182,-0.05841302499175072,-1.8133517503738403,-1.846441388130188,-2.0429129600524902,-3.1408045291900635,-4.210299968719482,-5.255265235900879,-5.1507415771484375,-4.2764692306518555,-4.516695022583008,-5.497570037841797,-5.494229793548584,-5.605166435241699,-6.408195972442627,-6.836818218231201,-6.9189958572387695,-7.535915851593018,-8.126975059509277,-8.344192504882812,-8.599851608276367,-8.789748191833496,-8.89197063446045,-9.173724174499512,-9.519607543945312,-9.859375,-9.901344299316406,-10.50033187866211,-10.593069076538086,-11.187901496887207,-11.461604118347168,-11.65575122833252,-12.219058990478516,-11.838484764099121,-11.732481002807617,-11.881444931030273,-11.765043258666992,-11.881807327270508
3.4963643550872803,4.531208515167236,3.9460368156433105,2.3712902069091797,2.120800495147705,2.753824234008789,1.2496094703674316,-0.13584047555923462,-0.5374860167503357,-1.1596981287002563,-2.1616158485412598,-3.481977939605713,-4.446742534637451,-4.1183180809021,-2.9920852184295654,-3.252187490463257,-4.552646636962891,-4.484903335571289,-5.186070919036865,-6.145833969116211,-6.144288063049316,-6.869131565093994,-7.144784927368164,-7.6296563148498535,-8.015798568725586,-8.222519874572754,-8.586380004882812,-8.694818496704102,-8.875080108642578,-9.290127754211426,-9.677743911743164,-10.180137634277344,-10.59742546081543,-10.765698432922363,-11.278287887573242,-11.415671348571777,-11.838643074035645,-12.136420249938965,-12.155132293701172,-11.762413024902344,-11.942511558532715,-11.991704940795898,-12.374235153198242
4.574603080749512,4.58209228515625,4.420318126678467,3.216897964477539,3.056546211242676,3.2123806476593018,2.4082844257354736,1.5036805868148804,0.632074773311615,-0.39821863174438477,-1.4612536430358887,-2.7560226917266846,-3.603489875793457,-3.326587200164795,-2.538243293762207,-2.9317944049835205,-3.5687127113342285,-3.7927346229553223,-4.914791107177734,-5.34240198135376,-5.8880181312561035,-6.522686004638672,-6.988407611846924,-7.301122188568115,-7.729832172393799,-7.788877964019775,-8.141159057617188,-8.343827247619629,-8.5945463180542,-9.036968231201172,-9.565387725830078,-10.364060401916504,-10.722363471984863,-11.193432807922363,-11.723114013671875,-12.05093765258789,-12.42805290222168,-12.535625457763672,-12.478413581848145,-12.063060760498047,-12.083441734313965,-12.229592323303223,-12.594087600708008
6.078509330749512,4.842510223388672,4.5900750160217285,3.9905385971069336,3.8329825401306152,3.7965450286865234,3.3968985080718994,2.644289016723633,1.7843952178955078,0.8972978591918945,-0.37097662687301636,-1.8793797492980957,-2.520157814025879,-2.1507463455200195,-2.1858527660369873,-2.670663833618164,-2.366933584213257,-2.6286840438842773,-3.762707471847534,-4.013420581817627,-5.685755729675293,-6.265138149261475,-6.81272029876709,-7.221652984619141,-7.47078275680542,-7.429289817810059,-7.5915327072143555,-7.8863983154296875,-8.155487060546875,-8.661688804626465,-9.237900733947754,-10.183982849121094,-10.651386260986328,-11.437138557434082,-12.050098419189453,-12.620404243469238,-13.082104682922363,-13.28040885925293,-13.154488563537598,-12.959563255310059,-12.684410095214844,-12.479891777038574,-12.600191116333008
6.234044551849365,5.028384685516357,4.796140193939209,4.2373948097229,4.247225284576416,4.331407070159912,4.111081123352051,3.5388665199279785,2.7656028270721436,1.6597431898117065,0.135713592171669,-0.9739899039268494,-1.4713997840881348,-1.6238336563110352,-1.9258719682693481,-1.7886830568313599,-1.3080252408981323,-1.6016381978988647,-2.6401309967041016,-3.701672077178955,-4.794765949249268,-5.672646522521973,-6.395967483520508,-6.948719024658203,-7.186927318572998,-7.0979390144348145,-7.350526809692383,-7.5355224609375,-7.710691452026367,-8.223979949951172,-8.771855354309082,-9.740915298461914,-10.463300704956055,-11.173770904541016,-11.914107322692871,-12.622913360595703,-13.228629112243652,-13.468159675598145,-13.425731658935547,-13.31807804107666,-12.872477531433105,-12.482061386108398,-12.421748161315918
5.103163719177246,4.895825386047363,5.338136196136475,5.05495548248291,4.757522106170654,4.695541858673096,4.496238708496094,4.032339096069336,3.0212221145629883,1.712756872177124,0.5856508016586304,-0.024370376020669937,-0.8158936500549316,-0.820996880531311,-0.7084294557571411,-0.5703578591346741,-0.98539137840271,-1.1298904418945312,-1.678147792816162,-3.3676834106445312,-3.8136627674102783,-4.937216281890869,-5.660921096801758,-6.303886413574219,-6.72086238861084,-6.862590789794922,-7.11003303527832,-7.250207901000977,-7.425708293914795,-7.939909934997559,-8.505122184753418,-9.236313819885254,-10.024115562438965,-10.712963104248047,-11.498239517211914,-12.159016609191895,-12.74077033996582,-12.764272689819336,-12.886703491210938,-12.978050231933594,-12.591327667236328,-12.517168045043945,-12.521073341369629
7.340970516204834,6.786344051361084,5.29774808883667,6.426906108856201,5.392727375030518,4.859525680541992,4.639895915985107,4.309070110321045,3.795823335647583,2.912419080734253,2.406679630279541,1.5194909572601318,0.5187714695930481,0.18495386838912964,-0.3748141825199127,-0.8234615325927734,-1.4513423442840576,-1.3044270277023315,-1.2976627349853516,-2.247082233428955,-3.1579318046569824,-3.9988491535186768,-4.818304538726807,-5.483737945556641,-6.0994486808776855,-6.536862373352051,-6.780544757843018,-7.002039909362793,-7.345388412475586,-7.952641010284424,-8.572080612182617,-9.017210960388184,-9.78458023071289,-10.598419189453125,-11.142083168029785,-11.432326316833496,-11.844866752624512,-11.717050552368164,-11.8803129196167,-12.285396575927734,-12.09296703338623,-12.30704116821289,-12.38892650604248
10.1344633102417,8.690682411193848,6.727619647979736,8.147269248962402,6.54917049407959,5.823710918426514,5.422191619873047,5.03126859664917,4.635833740234375,4.208247184753418,3.5484180450439453,2.7440359592437744,1.8210816383361816,0.7247414588928223,-0.2647777795791626,-0.22495108842849731,-0.241403266787529,-0.5966688394546509,-1.4491528272628784,-1.5050740242004395,-2.339076042175293,-3.1016509532928467,-3.949108600616455,-4.732941627502441,-5.401797771453857,-5.931151390075684,-6.396028518676758,-6.817899227142334,-7.311607360839844,-7.960903167724609,-8.666936874389648,-9.125354766845703,-10.05112361907959,-10.662705421447754,-10.888374328613281,-10.79757022857666,-10.981355667114258,-10.918343544006348,-10.980982780456543,-11.47885513305664,-11.636031150817871,-12.054032325744629,-11.968234062194824
10.202810287475586,9.456022262573242,8.370951652526855,9.440136909484863,7.821208953857422,7.2143168449401855,6.844909191131592,6.322543621063232,5.816685199737549,5.161229133605957,4.537195205688477,3.8605315685272217,2.638563871383667,2.406778335571289,1.6626930236816406,1.2394986152648926,0.8059877753257751,-0.18830092251300812,-0.7946245670318604,-1.0560133457183838,-1.5479532480239868,-2.264406681060791,-3.0778305530548096,-3.917954206466675,-4.618767738342285,-5.128801345825195,-5.713007926940918,-6.382584571838379,-7.0655436515808105,-7.789644718170166,-8.648941040039062,-9.39654541015625,-10.219276428222656,-10.540650367736816,-10.65178108215332,-10.44155216217041,-10.184660911560059,-10.290764808654785,-10.37650203704834,-10.916507720947266,-11.238102912902832,-11.708662033081055,-11.639592170715332
9.773528099060059,10.148058891296387,9.620285034179688,9.09980297088623,7.447871685028076,5.337117671966553,7.973063945770264,7.685000419616699,7.371521949768066,6.330378532409668,5.371053695678711,4.63568639755249,4.1068115234375,3.7512094974517822,2.787712335586548,1.6571205854415894,0.6724956035614014,-0.39989009499549866,-0.47297874093055725,-0.6895744204521179,-1.0832841396331787,-1.665535569190979,-2.379242181777954,-3.0697662830352783,-3.703491687774658,-4.176311492919922,-4.756453514099121,-5.460002899169922,-6.421863555908203,-7.461040019989014,-8.546429634094238,-9.476634979248047,-10.012641906738281,-10.169122695922852,-10.3566255569458,-10.14416790008545,-9.479806900024414,-9.751900672912598,-10.007234573364258,-10.485815048217773,-10.64079475402832,-11.035826683044434,-11.25419807434082
9.98302173614502,10.612166404724121,10.33983325958252,9.573151588439941,6.998292922973633,4.856826305389404,5.997250080108643,9.052301406860352,8.531800270080566,7.410276889801025,6.4209885597229,5.603093147277832,5.139072895050049,4.326828956604004,3.5759294033050537,2.729012966156006,1.249692440032959,0.6422818303108215,-0.10001029074192047,-0.39311695098876953,-0.875045657157898,-1.3524138927459717,-1.839167833328247,-2.2906744480133057,-2.7283520698547363,-3.105923891067505,-3.6508545875549316,-4.368771553039551,-5.4614033699035645,-6.786310195922852,-8.000825881958008,-9.018082618713379,-9.49832820892334,-9.62619400024414,-9.718395233154297,-9.659985542297363,-8.971136093139648,-9.273581504821777,-9.383261680603027,-9.760066986083984,-9.821295738220215,-10.202049255371094,-10.642568588256836
9.856884002685547,10.281426429748535,10.22680377960205,9.159854888916016,7.450492858886719,7.031466007232666,6.145427703857422,10.545612335205078,9.4918851852417,8.489373207092285,7.558283805847168,6.86372709274292,5.5581183433532715,4.952910900115967,4.145736217498779,3.2184131145477295,2.1328084468841553,1.447979211807251,0.5825028419494629,-0.005500246305018663,-0.63617342710495,-1.099754810333252,-1.3684234619140625,-1.5812499523162842,-1.8350356817245483,-2.152268171310425,-2.6722443103790283,-3.469555139541626,-4.521908760070801,-5.831272602081299,-7.005852222442627,-8.028787612915039,-8.590215682983398,-8.880766868591309,-8.938002586364746,-9.079232215881348,-8.53255558013916,-8.596809387207031,-8.435745239257812,-8.886858940124512,-9.036687850952148,-9.40213394165039,-9.985578536987305
9.649614334106445,9.395902633666992,8.940549850463867,8.12632942199707,7.868138790130615,7.779896259307861,6.711162567138672,11.132394790649414,10.276631355285645,8.872803688049316,7.931001663208008,7.3708815574646,5.965713977813721,5.008450031280518,4.54843282699585,3.611412525177002,2.955331325531006,2.20979380607605,1.3585224151611328,0.5884963870048523,-0.13994096219539642,-0.615075409412384,-0.8424012660980225,-1.011633038520813,-1.2275141477584839,-1.5537737607955933,-2.0601654052734375,-2.8032729625701904,-3.7489280700683594,-4.830059051513672,-5.9327497482299805,-6.84854793548584,-7.51979398727417,-7.984959125518799,-8.40966796875,-8.53507137298584,-8.225313186645508,-7.901124954223633,-7.686861038208008,-7.934577465057373,-8.384315490722656,-8.847989082336426,-9.43235969543457
10.534307479858398,9.664705276489258,8.92171573638916,8.17625904083252,7.911928653717041,7.953329563140869,7.29448127746582,11.927145004272461,10.638553619384766,9.722533226013184,8.529925346374512,7.6595635414123535,6.828549385070801,5.469629287719727,5.06787109375,4.242424011230469,3.5977210998535156,2.878640651702881,2.0876758098602295,1.3488868474960327,0.5880720019340515,0.11880779266357422,-0.24128401279449463,-0.5733566284179688,-0.9258559942245483,-1.3091256618499756,-1.7576552629470825,-2.345564365386963,-3.1131784915924072,-3.9638755321502686,-5.0226826667785645,-5.881276607513428,-6.6509809494018555,-7.227318286895752,-7.87015438079834,-7.871323585510254,-7.714853286743164,-7.278639793395996,-7.127498626708984,-7.115978717803955,-7.748479843139648,-8.531469345092773,-9.284132957458496
11.023540496826172,10.14889144897461,8.99898624420166,8.381844520568848,8.374787330627441,8.188260078430176,7.879242897033691,12.88094711303711,11.477431297302246,10.557538032531738,9.347027778625488,8.4744873046875,8.176003456115723,7.356904983520508,5.952282428741455,4.984462261199951,4.138342380523682,3.354098081588745,2.6826534271240234,2.0317959785461426,1.334802508354187,0.9398106336593628,0.4146052598953247,-0.1641685664653778,-0.6745442748069763,-1.0775090456008911,-1.4783878326416016,-1.9650627374649048,-2.5966734886169434,-3.3915555477142334,-4.380399227142334,-5.2597126960754395,-6.106985092163086,-6.767784118652344,-7.23526668548584,-7.110541343688965,-6.921159267425537,-6.5798869132995605,-6.668045997619629,-6.798105716705322,-7.430264949798584,-8.403512001037598,-9.43056869506836
11.384495735168457,10.269577026367188,8.364829063415527,8.596392631530762,9.027522087097168,8.242521286010742,7.6095452308654785,8.775455474853516,11.884580612182617,6.882286548614502,10.325125694274902,9.489327430725098,9.303776741027832,8.83434772491455,7.246535301208496,6.013393402099609,4.84083366394043,3.8457815647125244,3.2001593112945557,2.6090664863586426,1.9514206647872925,1.5579217672348022,0.8925186991691589,0.17227017879486084,-0.32318100333213806,-0.662837028503418,-1.0640077590942383,-1.6053513288497925,-2.263017416000366,-3.100191593170166,-4.015983581542969,-4.869494915008545,-5.673666954040527,-6.344752311706543,-6.573891639709473,-6.504216194152832,-6.2582597732543945,-6.261415958404541,-6.576068878173828,-6.86763858795166,-7.558238506317139,-8.461899757385254,-9.394974708557129
10.723505020141602,9.342613220214844,8.623848915100098,9.471424102783203,9.695974349975586,8.574334144592285,6.922043323516846,6.055087089538574,7.455517768859863,5.490367889404297,10.586761474609375,10.256028175354004,9.730873107910156,9.284382820129395,8.343910217285156,7.195693492889404,5.854208469390869,4.754347324371338,3.956169366836548,3.2969274520874023,2.5071544647216797,1.6796391010284424,0.8571731448173523,0.30528712272644043,0.11791456490755081,-0.09254355728626251,-0.5281908512115479,-1.2482075691223145,-2.0749905109405518,-2.9777071475982666,-3.8434393405914307,-4.578225135803223,-5.198443412780762,-5.791996479034424,-5.89596700668335,-6.119421005249023,-5.976526260375977,-6.375957012176514,-6.7900824546813965,-7.099388599395752,-7.8174920082092285,-8.513659477233887,-9.163188934326172
8.82397174835205,9.018543243408203,9.99173641204834,10.64536190032959,10.332649230957031,9.171557426452637,7.176464080810547,6.520266056060791,5.630276203155518,5.616822242736816,6.643989562988281,9.9727201461792,9.69737720489502,9.120387077331543,8.835789680480957,8.160136222839355,7.087791442871094,6.190932273864746,5.192880630493164,4.214107513427734,3.0542187690734863,1.7108042240142822,0.8127034902572632,0.4799266755580902,0.46325644850730896,0.37632766366004944,-0.0470612496137619,-0.8482738733291626,-1.8053828477859497,-2.7584829330444336,-3.629971981048584,-4.345115661621094,-4.823457717895508,-5.3233442306518555,-5.462309837341309,-5.822967052459717,-5.821176052093506,-6.361831188201904,-6.846251010894775,-7.31299352645874,-7.881518363952637,-8.349725723266602,-8.750835418701172
