data/wind_data/wind_59_6.json
{"header": {"parameterUnit": "KT", "parameterCategory": 2, "nx": 256, "ny": 198, "lo1": 44.73521041870117, "la1": -3.236724853515625, "lo2": 111.26478576660156, "la2": 43.468475341796875, "dx": 0.2609002888202667, "dy": -0.23708222806453705, "refTime": "2025-02-21 11:00:00", "forecastTime": 0, "parameterNumber": 2, "parameterNumberName": "eastward_wind"}, "data":
[rows 160 to 179 of 198, columns 180 to 224 of 256]
24.296161651611328,25.115230560302734,27.136381149291992,20.598609924316406,18.865556716918945,18.169660568237305,14.733080863952637,19.780717849731445,21.33030128479004,24.067808151245117,24.853294372558594,24.22191047668457,26.181543350219727,25.095705032348633,21.05387306213379,22.525779724121094,28.23389434814453,33.331573486328125,36.89336013793945,40.54584503173828,44.49660873413086,46.10069274902344,44.305171966552734,42.91776657104492,43.17205810546875,42.99956512451172,42.07161331176758,41.3140869140625,42.50910568237305,45.17889404296875,45.18035888671875,45.30657958984375,46.48625946044922,48.712188720703125,51.34584426879883,53.28071212768555,54.260135650634766,54.20246505737305,54.820472717285156,56.04963302612305,56.9826774597168,56.82054138183594,55.516536712646484,54.00004959106445,53.173805236816406
24.83759117126465,23.99494743347168,20.124771118164062,15.775023460388184,14.958805084228516,16.275814056396484,19.912612915039062,25.503704071044922,28.367794036865234,25.050281524658203,21.93450355529785,25.123363494873047,26.373619079589844,26.69658088684082,26.63214111328125,29.157711029052734,34.04951858520508,38.11455535888672,40.89432144165039,44.45474624633789,48.148353576660156,47.281105041503906,42.537601470947266,39.662845611572266,39.647159576416016,40.28640365600586,40.31853485107422,41.84941101074219,43.54275131225586,44.39189147949219,45.97390365600586,47.15595626831055,48.158756256103516,49.81659698486328,51.912540435791016,53.9379997253418,55.00384521484375,54.952415466308594,55.44185256958008,56.19566345214844,56.04874801635742,54.79313278198242,53.689388275146484,53.4565315246582,53.88172912597656
28.396419525146484,25.290363311767578,15.707376480102539,17.11678123474121,20.236705780029297,17.608278274536133,19.86665153503418,26.318674087524414,30.808246612548828,24.637853622436523,18.09113121032715,21.136964797973633,26.919355392456055,28.73491096496582,30.471803665161133,34.08177185058594,38.23539352416992,41.45360565185547,44.527862548828125,47.88546371459961,48.24332809448242,44.31391143798828,40.23313903808594,39.03847885131836,39.670677185058594,40.682926177978516,42.23140335083008,43.297210693359375,43.93135070800781,45.89286422729492,47.56499099731445,48.14067459106445,48.937408447265625,50.617652893066406,52.503421783447266,54.02961349487305,55.25454330444336,55.87039566040039,56.020294189453125,55.600276947021484,54.488563537597656,53.51789093017578,53.655941009521484,54.83061599731445,55.700443267822266
29.987154006958008,26.397607803344727,21.047758102416992,20.572223663330078,22.586002349853516,20.678403854370117,19.316144943237305,22.770626068115234,25.936588287353516,23.552026748657227,20.454437255859375,22.4981689453125,27.564931869506836,30.702768325805664,32.015018463134766,34.726226806640625,38.58873748779297,42.26344299316406,45.18246078491211,45.86586380004883,43.76300048828125,41.01608657836914,39.499759674072266,39.400123596191406,40.26833724975586,42.31004333496094,44.19104766845703,44.76579284667969,46.093082427978516,48.01472091674805,48.826904296875,48.99853515625,50.19078063964844,52.14166259765625,53.81809997558594,55.103939056396484,56.25539779663086,56.64690017700195,56.423500061035156,55.513301849365234,54.03172302246094,53.68131637573242,55.19300842285156,57.020729064941406,57.5920295715332
32.6524658203125,27.858726501464844,24.521486282348633,25.121631622314453,27.220672607421875,26.616884231567383,24.162015914916992,23.42119026184082,24.460851669311523,25.038557052612305,25.528470993041992,27.547100067138672,30.463380813598633,32.08254623413086,32.0992431640625,32.97471237182617,35.56254959106445,38.56108856201172,40.36619567871094,40.36012649536133,39.43373489379883,38.49979019165039,38.15012741088867,38.73782730102539,40.20793533325195,42.567909240722656,44.67915725708008,45.77931213378906,47.74177932739258,49.47133255004883,49.71441650390625,50.21213912963867,52.213924407958984,54.593162536621094,56.077659606933594,56.727294921875,56.855247497558594,56.979347229003906,56.686405181884766,55.57047653198242,54.850379943847656,55.80225372314453,57.91326904296875,59.29646682739258,59.044803619384766
31.927907943725586,29.701370239257812,27.055099487304688,27.156841278076172,29.747982025146484,31.8416805267334,30.946718215942383,28.80275535583496,25.980388641357422,25.145112991333008,27.031631469726562,29.770021438598633,31.7764835357666,32.11472702026367,32.32527542114258,33.602012634277344,35.21550750732422,36.5847053527832,37.48614501953125,37.743080139160156,37.45024490356445,37.16598892211914,37.533145904541016,38.72860336303711,40.537235260009766,42.95448303222656,45.47059631347656,47.30978012084961,49.32137680053711,50.37653350830078,50.782379150390625,52.206016540527344,54.671390533447266,57.52012634277344,58.78656005859375,57.92441940307617,56.64326095581055,56.24800109863281,56.247318267822266,56.248416900634766,57.18130874633789,58.77729415893555,60.183990478515625,61.07929992675781,61.227046966552734
30.941709518432617,30.835630416870117,29.75953483581543,28.5358943939209,29.238962173461914,31.44291877746582,32.887718200683594,31.891630172729492,29.074565887451172,27.187652587890625,26.35456657409668,28.028942108154297,30.77153968811035,32.69990921020508,34.45619583129883,36.53517532348633,37.968116760253906,38.60531997680664,39.47983169555664,40.226688385009766,40.21942901611328,40.27956008911133,41.01893997192383,42.620662689208984,44.766700744628906,46.97819137573242,48.62738037109375,49.91023254394531,51.174922943115234,52.206634521484375,53.51545333862305,55.14670944213867,57.03667449951172,59.713497161865234,59.400146484375,56.701725006103516,55.24082946777344,55.827491760253906,57.263832092285156,58.882137298583984,60.388084411621094,61.27254104614258,62.27375411987305,63.58119583129883,64.18291473388672
31.275522232055664,31.3160343170166,31.3913516998291,31.08702850341797,30.441255569458008,30.22934341430664,30.494712829589844,30.343387603759766,29.51421546936035,28.74131202697754,28.79180908203125,29.49055290222168,30.965412139892578,33.94385528564453,37.26717758178711,39.98980712890625,41.826412200927734,43.20368194580078,44.54000473022461,45.47434616088867,45.63078689575195,45.45872497558594,46.12452697753906,47.59471893310547,48.93383026123047,50.053810119628906,50.35627746582031,50.979496002197266,51.418846130371094,54.5675163269043,57.70125198364258,58.44300842285156,58.6317253112793,58.54220962524414,58.015865325927734,57.2577018737793,57.14626693725586,58.41038131713867,60.432655334472656,62.17995071411133,62.909515380859375,63.595619201660156,65.02953338623047,66.21770477294922,66.14598083496094
31.966655731201172,31.41156768798828,31.298913955688477,31.770166397094727,31.880891799926758,31.266193389892578,30.67608642578125,28.420364379882812,26.2552547454834,27.62990951538086,30.186983108520508,32.19565963745117,33.4315071105957,35.33235168457031,38.309810638427734,41.350589752197266,44.02407455444336,46.18825149536133,48.286293029785156,49.03913879394531,48.066524505615234,47.414527893066406,48.375244140625,49.7420768737793,50.34341812133789,50.823760986328125,50.88276290893555,52.00153732299805,52.06898498535156,56.7938117980957,60.051605224609375,59.817474365234375,58.74047088623047,58.49967575073242,59.12352752685547,60.06058883666992,60.70283126831055,61.514339447021484,63.00061798095703,64.2131118774414,64.75765228271484,65.76347351074219,66.908935546875,67.07074737548828,66.21757507324219
31.86971092224121,30.691896438598633,30.527610778808594,31.335233688354492,32.088932037353516,32.0725212097168,31.444747924804688,29.550567626953125,27.644895553588867,27.317790985107422,28.897695541381836,31.512451171875,34.180049896240234,36.83891296386719,39.716705322265625,42.67097091674805,45.74154281616211,48.305545806884766,49.839508056640625,50.09223937988281,49.53846740722656,48.92061233520508,48.910335540771484,49.40003967285156,49.80494689941406,50.31182861328125,51.50962448120117,52.93500900268555,55.791542053222656,58.16210174560547,59.205345153808594,59.47005844116211,59.28263854980469,59.55323028564453,60.47861099243164,61.50242614746094,62.1598014831543,63.13621139526367,64.5523452758789,65.62203979492188,66.25091552734375,66.75102233886719,67.03634643554688,66.71089935302734,65.94367218017578
30.71953773498535,29.32709503173828,28.965330123901367,29.71262550354004,30.814804077148438,31.193714141845703,30.76416015625,30.20547866821289,30.192777633666992,30.37645149230957,31.00928497314453,32.366111755371094,34.501129150390625,37.42237854003906,40.298851013183594,43.3948860168457,46.74577331542969,49.3946418762207,50.91733932495117,51.34511947631836,50.7778434753418,50.21484375,49.931663513183594,49.799686431884766,49.87982177734375,51.17267608642578,53.2608642578125,56.382389068603516,60.360260009765625,61.25419616699219,60.24655532836914,58.99280548095703,58.36102294921875,58.674339294433594,59.85555648803711,61.411739349365234,62.82571792602539,64.4768295288086,66.04727935791016,66.67737579345703,66.74461364746094,66.75688934326172,66.78321838378906,66.54673767089844,66.03516387939453
29.64175033569336,28.43649673461914,27.500194549560547,27.602005004882812,27.778644561767578,28.041366577148438,28.977842330932617,29.915830612182617,31.28988265991211,32.54716873168945,33.520877838134766,34.66740417480469,36.297569274902344,38.75638961791992,41.57987594604492,44.320152282714844,47.10960388183594,49.761173248291016,51.402469635009766,52.09000778198242,52.23566436767578,52.31157302856445,52.34682846069336,52.29817581176758,53.24641799926758,55.168888092041016,57.7591438293457,60.924251556396484,61.97157669067383,60.895870208740234,59.30799865722656,58.455772399902344,58.54902648925781,59.33320236206055,61.13549041748047,63.32671356201172,65.29447174072266,66.96220397949219,67.81991577148438,67.43582153320312,66.83130645751953,66.81198120117188,67.01345825195312,66.92359161376953,66.57364654541016
27.676605224609375,27.45647430419922,26.988292694091797,26.341398239135742,26.293977737426758,26.8593807220459,28.306028366088867,29.951807022094727,32.05016326904297,34.39286804199219,36.2413444519043,37.812198638916016,39.83347702026367,42.42948913574219,44.981380462646484,46.89780044555664,48.45326614379883,49.83330535888672,51.14845657348633,52.54824447631836,53.57911682128906,54.0738410949707,54.6090087890625,55.35851287841797,56.86111068725586,58.66267395019531,60.8201904296875,62.18604278564453,60.944602966308594,58.90408706665039,58.21337890625,58.90729904174805,60.288978576660156,62.06184005737305,64.22686004638672,66.42314147949219,68.18597412109375,68.9643783569336,68.43909454345703,67.48689270019531,67.31981658935547,67.7276382446289,67.84880065917969,67.57749938964844,67.2230453491211
27.853321075439453,27.745155334472656,27.578441619873047,27.865610122680664,28.821063995361328,29.9035701751709,31.007665634155273,32.36289978027344,34.14517593383789,35.89883041381836,37.164405822753906,38.30118942260742,39.9471435546875,42.29220199584961,44.714012145996094,46.675968170166016,48.1842155456543,49.517452239990234,51.00678634643555,52.57880401611328,53.77751922607422,54.99209976196289,56.449214935302734,57.866355895996094,59.01353454589844,60.38274002075195,61.92012023925781,62.16184616088867,60.849857330322266,59.803428649902344,60.1114616394043,60.98294448852539,62.24254608154297,64.26527404785156,66.88026428222656,69.25508880615234,70.37898254394531,69.89114379882812,68.69366455078125,68.11308288574219,68.31474304199219,68.45355224609375,68.1828384399414,67.84404754638672,67.66165924072266
28.32119369506836,28.1291446685791,27.648679733276367,27.731287002563477,28.96720314025879,30.683719635009766,31.87666130065918,33.0717658996582,34.95072555541992,36.86423873901367,38.34211730957031,39.4210090637207,40.491886138916016,41.9317741394043,43.42442321777344,44.9200553894043,46.55625915527344,48.06202697753906,49.463592529296875,51.18318176269531,53.1324577331543,55.11281204223633,57.13655471801758,58.85964584350586,59.89448928833008,60.2864990234375,60.29511642456055,60.16511535644531,60.41172409057617,61.06111526489258,62.035484313964844,63.13228988647461,64.6156997680664,67.25133514404297,70.0780258178711,71.40654754638672,71.10831451416016,70.17078399658203,69.60143280029297,69.42034149169922,69.07402038574219,68.52594757080078,68.03423309326172,67.74439239501953,67.77366638183594
28.14316749572754,30.233963012695312,31.614505767822266,31.766761779785156,31.646562576293945,32.43638610839844,33.571746826171875,34.5101318359375,36.42277908325195,38.84266662597656,40.913387298583984,42.28289031982422,43.2445068359375,43.96101760864258,44.60808181762695,45.92173767089844,47.61983108520508,48.97049331665039,50.16754913330078,52.01057052612305,54.07829666137695,55.50965118408203,56.40338897705078,57.32902145385742,57.864952087402344,58.14711380004883,59.129005432128906,59.98130798339844,60.618492126464844,61.71101760864258,63.01811218261719,64.6939697265625,67.18062591552734,70.03167724609375,71.87273406982422,71.91082000732422,71.297119140625,71.06423950195312,70.79473876953125,70.03091430664062,69.0169677734375,68.34195709228516,68.0547103881836,67.95425415039062,68.21476745605469
27.475759506225586,29.24094009399414,31.686389923095703,33.96321487426758,35.293609619140625,36.028297424316406,36.80046844482422,37.31641387939453,38.16853713989258,39.418800354003906,40.45173263549805,41.178897857666016,42.157691955566406,43.49129867553711,44.88352966308594,46.451847076416016,47.977779388427734,48.87202835083008,49.430198669433594,51.17874526977539,53.318382263183594,54.454002380371094,54.768978118896484,55.71723556518555,57.0083122253418,57.82169723510742,58.79084777832031,59.90486526489258,61.18278121948242,62.960716247558594,64.93064880371094,67.01961517333984,69.26555633544922,71.08584594726562,71.86369323730469,71.9091567993164,71.94622039794922,71.7611312866211,70.81997680664062,69.55440521240234,68.5667953491211,68.10942077636719,68.16123962402344,68.62055206298828,69.45476531982422
29.358945846557617,30.692033767700195,32.610801696777344,34.45161056518555,35.72626876831055,36.2731819152832,36.24800491333008,35.805660247802734,35.550899505615234,36.01371765136719,37.029544830322266,38.436241149902344,40.308555603027344,42.324893951416016,44.189754486083984,45.96352767944336,47.58525085449219,48.638771057128906,49.10118103027344,50.59115219116211,52.87017059326172,54.60002517700195,55.66187286376953,56.48615646362305,57.31562805175781,58.367897033691406,59.71458435058594,61.4074592590332,63.28435134887695,65.28675842285156,67.10404205322266,68.55690002441406,69.64874267578125,70.53239440917969,71.2689437866211,71.83901977539062,71.88921356201172,70.99571990966797,69.54878234863281,68.41107940673828,67.97377014160156,68.22547912597656,68.90200805664062,69.8117446899414,70.9804916381836
31.68684959411621,32.71964645385742,34.00724792480469,35.045623779296875,35.389678955078125,35.19679260253906,35.00701904296875,35.28288269042969,36.06581497192383,37.21349334716797,38.59031295776367,40.184085845947266,42.045345306396484,43.95127487182617,45.73751449584961,47.4913330078125,49.19084930419922,50.46543884277344,51.016117095947266,52.1699333190918,54.114601135253906,55.69926452636719,56.946388244628906,58.047916412353516,58.99852752685547,60.32120132446289,62.11467361450195,64.00242614746094,65.52172088623047,66.75897216796875,67.84313201904297,68.7316665649414,69.54893493652344,70.39497375488281,71.0248794555664,71.1053695678711,70.42232513427734,69.23190307617188,68.17283630371094,67.72225189208984,68.0833511352539,69.12622833251953,70.34559631347656,71.4112777709961,72.43621063232422
34.17283248901367,34.86265182495117,35.552242279052734,36.25647735595703,36.7249870300293,36.984764099121094,37.447574615478516,38.29457473754883,39.40782928466797,40.75937271118164,42.314571380615234,43.94924545288086,45.52664566040039,46.99936294555664,48.54454803466797,50.288631439208984,52.02922439575195,53.41245651245117,54.046714782714844,54.55925750732422,55.659244537353516,57.05870056152344,58.65235900878906,60.317874908447266,61.94710159301758,63.568843841552734,64.99076843261719,66.14972686767578,67.08004760742188,67.87776947021484,68.67257690429688,69.41490173339844,69.97586059570312,70.18667602539062,69.84793090820312,69.0746841430664,68.2928695678711,67.8397445678711,67.87274169921875,68.40641784667969,69.34065246582031,70.4831771850586,71.59387969970703,72.63445281982422,73.62639617919922
