data/wind_data/wind_4_0.json
{"header": {"parameterUnit": "KT", "parameterCategory": 2, "nx": 255, "ny": 198, "lo1": 44.73521041870117, "la1": -3.236724853515625, "lo2": 111.26478576660156, "la2": 43.468475341796875, "dx": 0.26192745566368103, "dy": -0.23708222806453705, "refTime": "2025-02-19 04:00:00", "forecastTime": 0, "parameterNumber": 3, "parameterNumberName": "northward_wind"}, "data":
[rows 38 to 56 of 198, columns 129 to 171 of 255]
-8.512761116027832,-6.243982791900635,-3.366024971008301,-1.8878679275512695,-2.456397533416748,-2.4606740474700928,-0.04005659744143486,0.7731485962867737,2.2167446613311768,-0.5022938847541809,-6.960341453552246,-8.241703033447266,-6.464390277862549,-11.35860824584961,-10.638408660888672,-8.723820686340332,-8.171573638916016,-7.910318851470947,-7.037439823150635,-5.897322177886963,-5.290846824645996,-5.060601234436035,-5.337084770202637,-6.035546779632568,-6.3328728675842285,-6.311820030212402,-6.1227593421936035,-6.024210453033447,-6.120370388031006,-6.474365234375,-7.0918731689453125,-7.709630966186523,-7.993193626403809,-8.196539878845215,-8.654486656188965,-9.024262428283691,-9.301904678344727,-9.36225414276123,-9.117876052856445,-9.019230842590332,-9.072907447814941,-9.100729942321777,-8.8682222366333
-9.402654647827148,-8.449942588806152,-5.902122497558594,-4.2528533935546875,-3.8422014713287354,-2.21730375289917,0.3788793981075287,1.0467066764831543,1.1500012874603271,-0.7763045430183411,-4.528357028961182,-5.496621608734131,-5.440162658691406,-9.655223846435547,-9.858104705810547,-8.989446640014648,-8.172187805175781,-8.200754165649414,-7.801543235778809,-6.8089070320129395,-5.97243070602417,-5.487219333648682,-5.810112476348877,-6.505258560180664,-6.619204044342041,-6.402169704437256,-6.086659908294678,-6.0298309326171875,-6.078524112701416,-6.161931991577148,-6.478346824645996,-6.97031831741333,-7.2207932472229,-7.38001823425293,-7.7613844871521,-8.188348770141602,-8.576963424682617,-8.961458206176758,-9.123541831970215,-9.121929168701172,-9.202932357788086,-9.236379623413086,-9.110841751098633
-9.619682312011719,-9.584818840026855,-8.085854530334473,-6.229224681854248,-3.6362106800079346,-0.9293639659881592,-0.048815589398145676,0.4578824043273926,0.42293113470077515,0.015206982381641865,-1.4453914165496826,-2.6972413063049316,-4.202759265899658,-6.496205806732178,-7.795666694641113,-8.220677375793457,-7.515137672424316,-7.265691757202148,-7.469448566436768,-6.972767353057861,-6.544785022735596,-6.3686723709106445,-6.496044158935547,-6.7429704666137695,-6.7343363761901855,-6.614120960235596,-6.5176825523376465,-6.515870094299316,-6.377840042114258,-6.3511528968811035,-6.517277717590332,-6.690969467163086,-6.7180914878845215,-6.797235012054443,-7.110476970672607,-7.587202072143555,-8.016535758972168,-8.455869674682617,-8.78853988647461,-8.93835735321045,-9.059202194213867,-9.099442481994629,-9.059008598327637
-9.295469284057617,-9.375029563903809,-8.509505271911621,-6.6193647384643555,-3.55938458442688,-0.45239919424057007,-0.29625701904296875,0.2554756999015808,1.3145602941513062,1.6643702983856201,0.5162168145179749,-1.0235130786895752,-2.567890167236328,-3.5731377601623535,-5.486838340759277,-6.7867021560668945,-6.939330101013184,-6.647685527801514,-6.79970645904541,-6.7423200607299805,-6.877208709716797,-7.295032501220703,-7.352182388305664,-7.2055439949035645,-7.068451881408691,-6.988193035125732,-7.032824993133545,-7.100358963012695,-6.953822612762451,-6.874791145324707,-6.861388206481934,-6.822524547576904,-6.753517150878906,-6.651974678039551,-6.750435829162598,-7.107296943664551,-7.521332740783691,-7.8925065994262695,-8.199936866760254,-8.34002685546875,-8.429581642150879,-8.679509162902832,-8.865456581115723
-8.23145580291748,-7.990959644317627,-7.681334495544434,-6.803780555725098,-4.663951396942139,-1.254562258720398,-0.33284178376197815,0.3755040764808655,1.1596224308013916,1.3661657571792603,0.5320285558700562,-0.39813539385795593,-0.35869744420051575,-2.4538848400115967,-3.6653859615325928,-5.016631126403809,-6.191844940185547,-6.786440849304199,-6.9198126792907715,-7.038155555725098,-7.0544586181640625,-7.254573822021484,-7.477869987487793,-7.449634552001953,-7.383078575134277,-7.330543518066406,-7.311814785003662,-7.335515975952148,-7.46082067489624,-7.333273410797119,-7.041581630706787,-7.017328262329102,-7.149281024932861,-6.979489803314209,-6.807377338409424,-6.762310981750488,-6.986632347106934,-7.443881511688232,-7.856276035308838,-7.902880668640137,-7.836273670196533,-8.16586685180664,-8.720519065856934
-6.562664985656738,-6.148312568664551,-5.821192741394043,-5.643750190734863,-4.31015682220459,-1.1329078674316406,-0.6382928490638733,-0.004868605174124241,0.5062785148620605,0.5813887715339661,0.16518311202526093,-0.6694356799125671,0.1770559847354889,-2.2248408794403076,-2.6682045459747314,-3.753755807876587,-4.755636692047119,-5.46786642074585,-6.133869647979736,-6.646909713745117,-6.90912389755249,-6.976222515106201,-7.113070011138916,-7.154829025268555,-7.0684356689453125,-7.145571231842041,-7.248775482177734,-7.477829933166504,-7.678865909576416,-7.559016704559326,-7.376755237579346,-7.498284339904785,-7.748655319213867,-7.6237897872924805,-7.3197855949401855,-6.8158745765686035,-6.522132873535156,-6.799961566925049,-7.240028381347656,-7.539151191711426,-7.596658229827881,-7.735836982727051,-8.296148300170898
-4.845980167388916,-4.564565181732178,-4.071461200714111,-3.8292043209075928,-3.02002215385437,-0.870735764503479,-0.07022084295749664,0.26116514205932617,0.3699512779712677,0.3233921229839325,0.23671855032444,-0.07134966552257538,-1.3694449663162231,-1.7397241592407227,-2.4187824726104736,-2.903939962387085,-3.4384753704071045,-3.9849627017974854,-4.871009826660156,-5.462109565734863,-5.826979160308838,-6.201572895050049,-6.360105991363525,-6.427219867706299,-6.459348678588867,-6.729651927947998,-7.161126136779785,-7.467666149139404,-7.553517818450928,-7.672309875488281,-7.812735080718994,-7.985047817230225,-8.141500473022461,-8.044191360473633,-7.810688018798828,-7.194874286651611,-6.470849514007568,-6.1940789222717285,-6.326172828674316,-6.728435039520264,-7.2566399574279785,-7.5019731521606445,-7.849061965942383
-3.7477731704711914,-3.4955997467041016,-3.0001704692840576,-2.541952133178711,-1.9076638221740723,-0.9164941906929016,0.058600928634405136,0.19072888791561127,0.34343767166137695,0.17273689806461334,-0.07244616746902466,0.019735394045710564,-1.245936393737793,-1.6286972761154175,-1.9685744047164917,-2.083284854888916,-2.3626441955566406,-2.6992828845977783,-3.2097740173339844,-3.7999794483184814,-4.319647312164307,-4.952620506286621,-5.408953666687012,-5.803747653961182,-6.159122467041016,-6.5054450035095215,-6.931217193603516,-7.1056318283081055,-7.221046447753906,-7.490070819854736,-7.601273536682129,-7.576522350311279,-7.596435070037842,-7.6764936447143555,-7.691647052764893,-7.385253429412842,-6.852853775024414,-6.304600715637207,-6.107570648193359,-6.201733112335205,-6.585018157958984,-6.969985008239746,-7.384335994720459
-3.507189989089966,-2.4447317123413086,-2.1149778366088867,-1.5566322803497314,-0.9797933101654053,-0.6469830274581909,-0.2298615723848343,-0.0557069405913353,-0.001488397247157991,0.12219838052988052,0.043950971215963364,-0.29748979210853577,0.03616468980908394,-0.6931136846542358,-0.8985065817832947,-1.284110426902771,-1.5191121101379395,-1.6206272840499878,-1.7903186082839966,-2.5292632579803467,-3.38332462310791,-4.002882957458496,-4.419579982757568,-4.772163391113281,-5.291303634643555,-5.7911696434021,-6.265462875366211,-6.568391799926758,-6.769047260284424,-7.043713569641113,-7.153090000152588,-6.956422805786133,-6.718262195587158,-6.768660068511963,-6.849676132202148,-6.913424968719482,-6.91836404800415,-6.734453201293945,-6.540708065032959,-6.344003200531006,-6.192297458648682,-6.346822738647461,-6.819385528564453
-3.085674285888672,-1.9729751348495483,-1.1462458372116089,-0.46185383200645447,0.17360234260559082,0.06021041423082352,-0.3997650146484375,-0.08810893446207047,-0.19965426623821259,-0.23284946382045746,0.10429953783750534,0.015427523292601109,-0.22115835547447205,-0.13240987062454224,-0.4339568018913269,-0.7373908758163452,-1.0073164701461792,-1.212436318397522,-1.4434031248092651,-2.0086796283721924,-2.4986860752105713,-2.9072072505950928,-3.1140048503875732,-3.3437042236328125,-4.173794746398926,-5.059481143951416,-5.793675899505615,-6.078613758087158,-6.4440717697143555,-6.765472888946533,-6.969876766204834,-6.7920098304748535,-6.363946437835693,-6.056210517883301,-5.920167446136475,-5.9782562255859375,-6.220854759216309,-6.518243789672852,-6.627509593963623,-6.5810546875,-6.436844825744629,-6.330199718475342,-6.390165328979492
-2.5592894554138184,-1.8850935697555542,-1.3785632848739624,-0.33022958040237427,0.5462649464607239,1.0374016761779785,0.582109808921814,0.030135247856378555,0.09323491156101227,-0.19284771382808685,-0.23749884963035583,-0.5304373502731323,-0.7935511469841003,-0.8587211966514587,-0.968566358089447,-1.0558494329452515,-1.0741997957229614,-1.0379523038864136,-1.1259771585464478,-1.3246288299560547,-1.6265679597854614,-1.8979809284210205,-1.869558334350586,-2.1322176456451416,-3.239156723022461,-4.417099475860596,-5.2769317626953125,-5.586807727813721,-5.974701404571533,-6.22783088684082,-6.420376777648926,-6.446538925170898,-6.216319561004639,-5.777543067932129,-5.468156337738037,-5.411465167999268,-5.492065906524658,-5.624195098876953,-5.859468460083008,-6.2415876388549805,-6.5517144203186035,-6.526925086975098,-6.268574237823486
-2.9399027824401855,-2.648385524749756,-3.0844039916992188,-0.8838040828704834,-0.6022704243659973,0.7962862253189087,1.2892130613327026,0.402193546295166,0.7296262383460999,0.7343581318855286,0.22241488099098206,-0.45596638321876526,-0.9930411577224731,-1.4140297174453735,-1.559740424156189,-1.5290923118591309,-1.4799695014953613,-1.5325759649276733,-1.5851466655731201,-1.4654135704040527,-1.3560725450515747,-1.380669116973877,-1.3391361236572266,-1.5417356491088867,-2.6086111068725586,-3.7368156909942627,-4.691524982452393,-5.279884338378906,-5.551264762878418,-5.661808013916016,-5.6742730140686035,-5.739180088043213,-5.784672260284424,-5.604485511779785,-5.356968402862549,-5.308773517608643,-5.331567764282227,-5.190967559814453,-5.201023578643799,-5.5076470375061035,-5.962224006652832,-6.407899856567383,-6.552915096282959
-2.7467472553253174,-2.7985987663269043,-2.5329253673553467,-1.5135748386383057,-0.060181550681591034,0.2734411954879761,0.8581029176712036,0.7305697798728943,0.92741858959198,0.6730775833129883,0.1497291475534439,-0.31050944328308105,-0.9670079946517944,-1.4635474681854248,-1.6933999061584473,-1.7338029146194458,-1.7883338928222656,-1.9771274328231812,-1.9221869707107544,-1.61167573928833,-1.3002793788909912,-1.5711162090301514,-2.057356357574463,-2.5859293937683105,-3.1259799003601074,-3.6424968242645264,-4.488508224487305,-5.165769577026367,-5.405280590057373,-5.504479885101318,-5.49854040145874,-5.530657768249512,-5.5843048095703125,-5.504177570343018,-5.233219623565674,-5.012075424194336,-5.059192180633545,-5.1790385246276855,-5.208662986755371,-5.159969329833984,-5.215875625610352,-5.736350059509277,-6.478616237640381
-2.2142226696014404,-2.136608600616455,-1.9266605377197266,-2.8596553802490234,-0.992271363735199,-0.31564101576805115,-0.03945590555667877,0.2489968240261078,0.4036079943180084,0.28386595845222473,-0.16640207171440125,-0.7404842376708984,-1.130486249923706,-1.4728238582611084,-1.6796836853027344,-1.7524572610855103,-1.8606361150741577,-2.0441184043884277,-1.8183958530426025,-1.6279261112213135,-1.8492228984832764,-2.459819793701172,-2.9656596183776855,-3.584658622741699,-3.6723313331604004,-3.751162528991699,-4.185923099517822,-4.798249244689941,-5.141331195831299,-5.361144542694092,-5.538995742797852,-5.756233215332031,-5.92543363571167,-5.910011291503906,-5.530142784118652,-4.924384593963623,-4.556760311126709,-4.7809600830078125,-5.120850563049316,-5.180882453918457,-5.0730719566345215,-5.187653064727783,-5.753328800201416
-1.3518311977386475,-1.7753629684448242,-2.0122249126434326,-2.744915246963501,-2.586972236633301,-1.495730996131897,-0.5619620084762573,-0.13586978614330292,0.21070577204227448,0.0900893285870552,-0.40271905064582825,-0.9652202725410461,-1.389363408088684,-1.6724716424942017,-1.8528774976730347,-1.9342167377471924,-2.053266763687134,-2.3171513080596924,-2.0319631099700928,-1.8963063955307007,-2.411287546157837,-2.917473793029785,-2.9852404594421387,-3.083482027053833,-3.1688051223754883,-3.2266592979431152,-3.343168020248413,-3.877342462539673,-4.347370147705078,-4.742057800292969,-5.086054801940918,-5.5141167640686035,-5.955543518066406,-6.302667140960693,-6.307908058166504,-5.805644512176514,-5.070629119873047,-4.704761981964111,-4.819474697113037,-5.181695938110352,-5.455324649810791,-5.517509937286377,-5.685953617095947
-0.7522963285446167,-1.46204674243927,-1.7351783514022827,-1.9172617197036743,-2.4774169921875,-1.8290776014328003,-0.9447836875915527,-0.41430580615997314,0.16266533732414246,0.058810144662857056,-0.2414264678955078,-0.7234329581260681,-1.0747829675674438,-1.4055523872375488,-1.760230541229248,-2.061396598815918,-2.3472321033477783,-2.697113275527954,-2.7530324459075928,-2.732083797454834,-2.8183345794677734,-2.665633201599121,-2.485839605331421,-2.1989572048187256,-2.1444900035858154,-2.2143959999084473,-2.3864588737487793,-2.7261769771575928,-3.138174057006836,-3.6101436614990234,-4.0825653076171875,-4.64702033996582,-5.24807596206665,-5.819113254547119,-6.363826274871826,-6.646928310394287,-6.397279262542725,-5.760319709777832,-5.306060314178467,-5.402146816253662,-5.805639743804932,-6.061866283416748,-6.238942623138428
-0.258965402841568,-1.2730300426483154,-1.6719439029693604,-1.6047025918960571,-1.5121158361434937,-1.2487009763717651,-0.8416700959205627,-0.5118181705474854,-0.3620995879173279,-0.27077943086624146,-0.3159249424934387,-0.4144980311393738,-0.589168131351471,-0.8285112380981445,-1.1499112844467163,-1.4891504049301147,-1.8713793754577637,-2.282766103744507,-2.7036945819854736,-3.0142054557800293,-3.0852437019348145,-2.8582088947296143,-2.6565022468566895,-2.1592774391174316,-1.80869460105896,-1.798854112625122,-1.943302035331726,-2.1304895877838135,-2.4718055725097656,-2.844735860824585,-3.2532107830047607,-3.7544615268707275,-4.326410293579102,-4.921128749847412,-5.590936660766602,-6.345260143280029,-6.871816635131836,-6.8147759437561035,-6.326209545135498,-5.935465335845947,-6.0094733238220215,-6.3648457527160645,-6.663845062255859
-0.05519244819879532,-1.3748700618743896,-1.5627192258834839,-1.4254783391952515,-1.0354622602462769,-1.0638535022735596,-0.5174753069877625,-0.5875296592712402,-0.7880886793136597,-0.6442579627037048,-0.47637999057769775,-0.40187373757362366,-0.49349531531333923,-0.552362322807312,-0.6619605422019958,-0.8711836934089661,-1.2166759967803955,-1.6760708093643188,-2.0110342502593994,-2.124934434890747,-2.229557752609253,-2.3785905838012695,-2.5102651119232178,-2.515740394592285,-2.4856090545654297,-2.375201940536499,-2.2219960689544678,-2.188464403152466,-2.3622655868530273,-2.622439384460449,-2.909615993499756,-3.2719249725341797,-3.7521605491638184,-4.342796802520752,-4.937971591949463,-5.516084671020508,-6.128189563751221,-6.595678329467773,-6.661900520324707,-6.366013050079346,-6.214529514312744,-6.483823299407959,-6.874447345733643
-0.6280332207679749,-1.4387980699539185,-1.3279625177383423,-1.1380032300949097,-1.2236922979354858,-1.8606839179992676,-0.2957935929298401,-0.3758982717990875,-0.5662122368812561,-0.6345813870429993,-0.7089114189147949,-0.5951066017150879,-0.5237562656402588,-0.4786337614059448,-0.5074683427810669,-0.6070076823234558,-0.791775643825531,-1.1319575309753418,-1.4027749300003052,-1.457016110420227,-1.540921688079834,-1.8361554145812988,-2.151542901992798,-2.478306293487549,-2.7693028450012207,-2.8945016860961914,-2.810716390609741,-2.5851802825927734,-2.440629720687866,-2.5225417613983154,-2.7526204586029053,-3.065704345703125,-3.472369432449341,-3.947232246398926,-4.465552806854248,-4.931294918060303,-5.34316873550415,-5.780337810516357,-6.21651554107666,-6.440474510192871,-6.452244758605957,-6.4852399826049805,-6.631156921386719
