data/wind_data/wind_48_3.json
{"header": {"parameterUnit": "KT", "parameterCategory": 2, "nx": 256, "ny": 198, "lo1": 44.73521041870117, "la1": -3.236724853515625, "lo2": 111.26478576660156, "la2": 43.468475341796875, "dx": 0.2609002888202667, "dy": -0.23708222806453705, "refTime": "2025-02-21 00:00:00", "forecastTime": 0, "parameterNumber": 2, "parameterNumberName": "eastward_wind"}, "data":
[rows 95 to 113 of 198, columns 132 to 175 of 256]
8.927361488342285,6.123516082763672,5.513213634490967,6.199044227600098,8.480429649353027,10.296280860900879,10.508140563964844,11.347806930541992,12.294082641601562,12.310937881469727,11.889168739318848,11.498775482177734,11.317484855651855,11.1737060546875,10.837679862976074,10.013169288635254,10.1227388381958,10.868593215942383,10.74992847442627,9.874506950378418,7.913590908050537,6.7816972732543945,5.928915977478027,4.546572208404541,3.837329864501953,1.5905933380126953,1.6943917274475098,2.1501872539520264,0.9236142039299011,0.9144377708435059,3.2226483821868896,5.531279563903809,6.232132911682129,3.92549467086792,3.284403085708618,3.027771234512329,0.966882050037384,-0.3148297965526581,-0.4811156988143921,-1.12070894241333,-2.0581960678100586,-2.9636120796203613,-3.134969472885132,-1.9966005086898804
7.099273681640625,6.19210958480835,6.591947078704834,7.035031795501709,10.334677696228027,13.229765892028809,14.06425666809082,13.822063446044922,13.598563194274902,13.35042953491211,12.375046730041504,11.292973518371582,10.837945938110352,10.416082382202148,10.240067481994629,10.316481590270996,9.815482139587402,10.668611526489258,12.062235832214355,11.335722923278809,8.099800109863281,5.093807220458984,3.2932398319244385,2.5173823833465576,2.5825250148773193,0.20712998509407043,-0.3149723410606384,0.4798652231693268,0.22767117619514465,-0.0006740840617567301,1.1364645957946777,3.009561538696289,5.19425106048584,5.89419412612915,4.937276840209961,3.8159570693969727,2.3331661224365234,1.4269553422927856,1.1905280351638794,0.6683937907218933,-0.045693058520555496,-0.8803092837333679,-1.4685802459716797,-0.7809068560600281
7.217794418334961,7.516362190246582,7.932591915130615,7.574848651885986,11.079001426696777,13.858845710754395,13.260366439819336,12.733281135559082,13.192246437072754,13.122262954711914,12.543079376220703,11.772378921508789,11.035979270935059,10.031621932983398,9.616853713989258,10.2279634475708,10.635064125061035,10.403094291687012,11.539432525634766,10.468504905700684,6.585072040557861,3.5018105506896973,2.2776999473571777,3.041966199874878,4.641119480133057,3.785348415374756,1.7149567604064941,1.5100091695785522,0.569011390209198,-2.806828022003174,-2.7659223079681396,-1.5317424535751343,1.2241233587265015,5.181690692901611,7.129086971282959,5.873466491699219,3.7789130210876465,2.684783458709717,2.690803050994873,2.692831516265869,2.2859599590301514,1.5405360460281372,0.6028804183006287,0.7326875925064087
7.271844387054443,8.578218460083008,8.4596529006958,8.401921272277832,10.97584342956543,13.132657051086426,12.885147094726562,12.850316047668457,13.17441177368164,13.257132530212402,13.077280044555664,12.941202163696289,12.452638626098633,10.759761810302734,9.610393524169922,10.376836776733398,11.722393989562988,10.546637535095215,9.598103523254395,8.843645095825195,6.220561981201172,3.2568395137786865,3.260622501373291,5.224669456481934,6.839693546295166,5.968515872955322,4.72828483581543,5.356390476226807,3.337113618850708,-1.720296025276184,-3.066854476928711,-2.8700454235076904,-0.7833049893379211,3.3280160427093506,6.902630805969238,7.096863746643066,5.143520832061768,3.9547269344329834,4.28550386428833,4.759742259979248,4.390338897705078,3.667869806289673,2.799467086791992,2.4577598571777344
6.736445426940918,8.858321189880371,9.418805122375488,10.062690734863281,11.747581481933594,13.605175971984863,15.763952255249023,15.938631057739258,14.946379661560059,14.514852523803711,14.883913040161133,14.627614974975586,13.443106651306152,10.510275840759277,8.97643756866455,10.051650047302246,11.089068412780762,9.598350524902344,7.398941993713379,7.813424110412598,8.256790161132812,8.784553527832031,8.90262508392334,8.494218826293945,8.000935554504395,5.808463096618652,3.1321096420288086,2.9051480293273926,0.01904655434191227,-0.16880011558532715,-0.2355482429265976,-2.9890928268432617,-2.8683478832244873,-0.31660938262939453,5.429457187652588,7.163442134857178,5.584615230560303,4.96614408493042,6.045397758483887,7.046384811401367,6.769433498382568,5.48773193359375,4.754176139831543,4.332602024078369
6.693985462188721,8.818829536437988,9.74991226196289,11.522891998291016,12.99274730682373,13.726871490478516,14.81004524230957,15.935589790344238,14.781389236450195,14.265299797058105,14.49296760559082,13.376489639282227,12.924748420715332,10.129427909851074,7.648767948150635,8.241665840148926,8.725349426269531,8.758882522583008,9.35943603515625,10.271870613098145,11.292678833007812,11.969799041748047,11.42021656036377,10.609806060791016,9.30066204071045,5.634185314178467,1.4583417177200317,-0.11990131437778473,0.7628539800643921,-1.965376853942871,-1.0920886993408203,-1.9318922758102417,-3.1775102615356445,-1.9247636795043945,1.9444916248321533,5.940422534942627,6.9438018798828125,7.165378570556641,8.093120574951172,8.994306564331055,9.036612510681152,7.434673309326172,5.868472576141357,5.495325565338135
6.8269171714782715,8.70357608795166,10.373456954956055,12.370725631713867,14.141108512878418,14.1494779586792,13.495539665222168,14.344185829162598,14.008341789245605,12.992412567138672,14.674899101257324,14.504851341247559,13.174086570739746,11.616424560546875,9.517068862915039,8.992199897766113,10.423359870910645,12.157697677612305,13.83984661102295,14.467823028564453,14.416726112365723,14.880890846252441,13.945448875427246,11.965542793273926,11.111173629760742,7.826366424560547,3.7237050533294678,0.6345915198326111,1.3737930059432983,-0.5328173637390137,-0.42279115319252014,-0.49274054169654846,0.7135271430015564,1.43126380443573,3.871187686920166,6.662397384643555,8.056028366088867,9.443978309631348,10.907870292663574,11.43789005279541,10.655115127563477,8.90953540802002,6.847078323364258,5.968717098236084
6.25013542175293,8.462008476257324,10.724024772644043,12.583945274353027,14.039332389831543,14.030701637268066,12.944376945495605,12.053488731384277,12.545370101928711,12.902653694152832,14.596108436584473,15.588051795959473,15.550808906555176,15.009306907653809,13.52269458770752,11.739701271057129,12.017535209655762,13.40858268737793,14.8347749710083,14.81686019897461,13.324118614196777,13.25566291809082,13.941434860229492,12.689077377319336,11.743566513061523,10.336625099182129,5.135531425476074,4.243775844573975,5.0109639167785645,3.6273961067199707,3.467860698699951,3.6613352298736572,3.6148898601531982,3.747605323791504,4.552403926849365,5.98704719543457,7.230167388916016,9.155312538146973,11.78390884399414,13.156535148620605,12.11274242401123,9.687728881835938,7.4838547706604,6.239050388336182
6.510488033294678,8.16306209564209,10.177172660827637,11.866018295288086,13.236403465270996,13.482205390930176,12.885852813720703,11.84640884399414,11.569548606872559,13.218269348144531,15.228843688964844,16.34069061279297,15.84247875213623,14.505326271057129,13.722790718078613,13.705039978027344,13.965012550354004,14.334901809692383,15.214821815490723,14.860747337341309,11.42558479309082,9.945964813232422,11.936308860778809,12.919119834899902,12.03156566619873,10.24628734588623,7.195813179016113,7.099661350250244,4.461308479309082,2.0599849224090576,2.7809665203094482,3.406778573989868,2.9046225547790527,2.25590181350708,3.132335901260376,5.123683452606201,7.187028408050537,9.67188835144043,12.330604553222656,14.001266479492188,13.573942184448242,11.302288055419922,8.79228687286377,7.264370918273926
7.703464508056641,7.513312339782715,8.718877792358398,10.72574234008789,12.583520889282227,13.62793254852295,13.073288917541504,12.499422073364258,13.21202564239502,14.337169647216797,16.54598045349121,18.597068786621094,18.596450805664062,15.28336238861084,12.679581642150879,13.575573921203613,14.498771667480469,13.989477157592773,13.901830673217773,13.58205795288086,11.748330116271973,10.177135467529297,10.101214408874512,9.786094665527344,9.466803550720215,9.534462928771973,8.524930000305176,7.05445671081543,6.358591079711914,5.809206962585449,4.896944046020508,3.38393497467041,1.3915342092514038,0.4026385545730591,2.254751205444336,5.45512580871582,8.335338592529297,10.973274230957031,13.443582534790039,15.006974220275879,14.73081111907959,12.619707107543945,10.044573783874512,8.665191650390625
8.117207527160645,6.961726188659668,7.22902774810791,9.575994491577148,12.258918762207031,14.055281639099121,14.297266006469727,14.948075294494629,15.629857063293457,16.316946029663086,17.234004974365234,18.1790714263916,16.96165657043457,13.565714836120605,11.671093940734863,12.439665794372559,13.258356094360352,12.967351913452148,12.220043182373047,11.521835327148438,11.33027172088623,11.836874961853027,11.855619430541992,11.664789199829102,11.534868240356445,10.688485145568848,9.825112342834473,9.754264831542969,9.410941123962402,8.838369369506836,7.918009281158447,6.144416332244873,4.221505165100098,2.973940372467041,3.532865285873413,5.336643695831299,7.715614318847656,10.31144905090332,12.721136093139648,14.274600982666016,14.252202987670898,12.656388282775879,10.67040729522705,9.67452335357666
8.122746467590332,7.932687759399414,7.364171981811523,8.474420547485352,10.955341339111328,12.616920471191406,13.550089836120605,14.38863754272461,14.783807754516602,14.480080604553223,14.147295951843262,15.257217407226562,15.923585891723633,14.941322326660156,13.844887733459473,12.762572288513184,12.91908073425293,14.107568740844727,13.76127815246582,12.438824653625488,11.898666381835938,11.85536003112793,12.408687591552734,12.998242378234863,12.921292304992676,12.241910934448242,11.296919822692871,10.901619911193848,10.92398738861084,10.38687515258789,9.498154640197754,8.840463638305664,8.687352180480957,8.504862785339355,8.424773216247559,8.729268074035645,9.804039001464844,11.309531211853027,12.406257629394531,13.100269317626953,13.108869552612305,12.02110481262207,10.932565689086914,10.481709480285645
8.027188301086426,8.565291404724121,8.303421974182129,8.778019905090332,10.768343925476074,12.680932998657227,13.1244478225708,13.041011810302734,14.276826858520508,15.561379432678223,15.71750545501709,15.974151611328125,17.296911239624023,17.97071647644043,16.565853118896484,14.695232391357422,12.986849784851074,12.248473167419434,13.5558443069458,15.387046813964844,15.309680938720703,14.145217895507812,13.47854995727539,12.799925804138184,11.900862693786621,11.79240608215332,12.076308250427246,12.192747116088867,11.376935005187988,9.437979698181152,7.883204460144043,7.596765041351318,7.732130527496338,8.186638832092285,9.42400074005127,10.704291343688965,11.217887878417969,11.919909477233887,12.77702808380127,12.898564338684082,12.516166687011719,11.879403114318848,12.077505111694336,12.175646781921387
9.684158325195312,10.108586311340332,9.797229766845703,9.756505966186523,10.448538780212402,12.202920913696289,12.911698341369629,13.157755851745605,14.18798542022705,15.455093383789062,16.145292282104492,16.630918502807617,17.441165924072266,18.749746322631836,19.21355628967285,18.185556411743164,16.31450843811035,14.602507591247559,14.225220680236816,15.821403503417969,17.24942398071289,16.61985969543457,15.038094520568848,13.81013298034668,13.05573844909668,13.068381309509277,13.25818157196045,12.988897323608398,12.389472961425781,10.829071044921875,8.16604232788086,6.334031581878662,6.455525875091553,7.35646915435791,8.666934967041016,10.196749687194824,10.680408477783203,10.512328147888184,10.917205810546875,12.206755638122559,12.896232604980469,12.29749870300293,13.506860733032227,13.488749504089355
11.696752548217773,11.232892990112305,10.554390907287598,11.018266677856445,11.219724655151367,11.945265769958496,12.642304420471191,13.561823844909668,14.30954647064209,15.513505935668945,16.558216094970703,17.212827682495117,17.721370697021484,18.513935089111328,19.503170013427734,19.942533493041992,19.16670036315918,16.876380920410156,14.74618148803711,15.106797218322754,16.946752548217773,16.766700744628906,14.243861198425293,12.637179374694824,12.92473316192627,13.594071388244629,13.775894165039062,13.499089241027832,12.95773696899414,12.141814231872559,10.908113479614258,8.967877388000488,8.54346752166748,8.926480293273926,9.677210807800293,10.906936645507812,11.481882095336914,11.061870574951172,10.163065910339355,10.212323188781738,11.726296424865723,12.806227684020996,14.216370582580566,15.413715362548828
12.317596435546875,11.750397682189941,11.234618186950684,12.538893699645996,13.166549682617188,12.460620880126953,11.927793502807617,13.18960189819336,14.464210510253906,15.277994155883789,16.32156753540039,17.421098709106445,18.202342987060547,18.793153762817383,19.252178192138672,19.732452392578125,19.495567321777344,17.4801025390625,15.336089134216309,15.148162841796875,16.364654541015625,16.2667293548584,14.165911674499512,12.312033653259277,11.945768356323242,12.39643669128418,12.881123542785645,13.049861907958984,13.031745910644531,12.718474388122559,12.500041007995605,12.388092041015625,11.256643295288086,10.396708488464355,11.210371017456055,12.18714427947998,12.82462215423584,12.866461753845215,12.05329418182373,10.989142417907715,10.849669456481934,12.452712059020996,14.119856834411621,15.523504257202148
11.738847732543945,11.9783935546875,11.920920372009277,13.573474884033203,14.813913345336914,12.822245597839355,12.064047813415527,13.325363159179688,14.382434844970703,14.779119491577148,15.562662124633789,16.644752502441406,17.650470733642578,18.434247970581055,18.5897216796875,18.365522384643555,17.1095027923584,15.279483795166016,14.625441551208496,15.307242393493652,15.935657501220703,15.275278091430664,13.448518753051758,11.835005760192871,11.204055786132812,11.228705406188965,11.722039222717285,12.491145133972168,13.021564483642578,13.300268173217773,13.502667427062988,13.847752571105957,14.245097160339355,12.791093826293945,11.578702926635742,12.544037818908691,13.665321350097656,13.65214729309082,13.103389739990234,12.184626579284668,11.584224700927734,12.498209953308105,13.403480529785156,14.8466215133667
11.49734115600586,11.924257278442383,12.546174049377441,14.251260757446289,15.389141082763672,13.326573371887207,11.736844062805176,13.466407775878906,14.425577163696289,14.341702461242676,14.61876106262207,15.860514640808105,17.075504302978516,18.23487663269043,18.970699310302734,18.415447235107422,16.634559631347656,14.65506649017334,14.443849563598633,15.49672794342041,15.832958221435547,14.485346794128418,12.440869331359863,11.277291297912598,11.314774513244629,11.697494506835938,12.370595932006836,13.320895195007324,14.13633918762207,14.760374069213867,15.466651916503906,15.827897071838379,15.484522819519043,14.77066707611084,13.40468978881836,12.625234603881836,13.29039478302002,13.448314666748047,13.136399269104004,13.246713638305664,12.923259735107422,12.6848726272583,13.519658088684082,14.920612335205078
11.82304859161377,11.837434768676758,12.515987396240234,14.196749687194824,15.251090049743652,13.518170356750488,11.745414733886719,13.196849822998047,14.739163398742676,14.6338529586792,14.908674240112305,15.923237800598145,17.23779296875,18.41419792175293,19.500499725341797,19.666358947753906,18.468088150024414,16.518596649169922,15.40062427520752,15.3783597946167,15.069687843322754,13.982062339782715,13.03656005859375,12.833938598632812,13.200737953186035,14.024287223815918,15.223203659057617,16.39136505126953,16.942420959472656,17.007431030273438,17.459524154663086,17.73163604736328,17.102907180786133,15.854549407958984,15.011919021606445,14.525107383728027,14.490517616271973,14.401055335998535,13.826700210571289,13.992956161499023,15.095601081848145,15.437651634216309,15.694713592529297,16.3067626953125
