data/wind_data/wind_22_5.json
{"header": {"parameterUnit": "KT", "parameterCategory": 2, "nx": 256, "ny": 198, "lo1": 44.73521041870117, "la1": -3.236724853515625, "lo2": 111.26478576660156, "la2": 43.468475341796875, "dx": 0.2609002888202667, "dy": -0.23708222806453705, "refTime": "2025-02-19 22:00:00", "forecastTime": 0, "parameterNumber": 2, "parameterNumberName": "eastward_wind"}, "data":
[rows 133 to 151 of 198, columns 44 to 87 of 256]
28.991790771484375,29.69369125366211,30.169639587402344,30.729305267333984,32.46990966796875,32.719322204589844,33.05935287475586,31.095415115356445,29.899120330810547,30.30443000793457,31.144210815429688,32.093589782714844,32.508670806884766,32.29094314575195,32.59382247924805,32.72960662841797,32.318790435791016,31.831066131591797,31.531648635864258,31.833980560302734,32.654136657714844,33.615440368652344,34.582576751708984,35.44278335571289,36.31951904296875,37.31035614013672,38.439300537109375,39.67813491821289,40.80188751220703,41.58576583862305,42.0179328918457,42.44180679321289,43.48310089111328,45.157047271728516,47.12721252441406,49.136817932128906,51.12033462524414,53.10288619995117,54.53392791748047,55.07120895385742,55.822933197021484,58.0634765625,59.44943618774414,55.16368865966797
29.40067481994629,29.403165817260742,29.724897384643555,31.63968849182129,32.52362060546875,32.890052795410156,31.59099006652832,30.08054542541504,30.058412551879883,30.52010154724121,30.801361083984375,30.969614028930664,30.767108917236328,30.511808395385742,31.026126861572266,31.46671485900879,31.289030075073242,31.088176727294922,31.268274307250977,31.950227737426758,32.92536163330078,33.90272903442383,34.75994873046875,35.4272575378418,36.106201171875,36.89251708984375,37.82182312011719,38.987239837646484,40.20016098022461,41.21666717529297,42.02565383911133,42.719032287597656,43.70217514038086,45.268863677978516,46.99088668823242,48.616233825683594,50.105308532714844,51.76030731201172,53.15293884277344,53.74760055541992,54.183616638183594,56.25631332397461,59.14155197143555,59.51063919067383
29.31086540222168,30.08429527282715,31.08420753479004,32.60186004638672,33.5465087890625,32.98747253417969,30.980344772338867,30.144411087036133,30.257219314575195,30.019773483276367,29.603866577148438,29.221025466918945,28.902591705322266,29.014745712280273,29.78772735595703,30.733993530273438,31.232370376586914,31.424890518188477,31.66080665588379,32.24519729614258,33.05825424194336,33.828792572021484,34.498905181884766,35.038761138916016,35.61586380004883,36.32638168334961,37.18807601928711,38.38628005981445,39.70672607421875,40.8807487487793,41.9294319152832,42.920040130615234,43.8703498840332,45.03839874267578,46.39487075805664,47.77004623413086,48.910484313964844,50.20882034301758,51.706390380859375,52.79586410522461,52.781803131103516,54.05423355102539,56.61654281616211,58.889835357666016
30.33241081237793,31.12617301940918,32.378028869628906,32.84531021118164,33.14567184448242,32.29705047607422,30.87830924987793,30.007165908813477,29.50813102722168,28.925199508666992,28.442628860473633,28.002002716064453,27.808670043945312,28.289579391479492,29.302034378051758,30.596757888793945,31.51228904724121,31.802921295166016,32.021240234375,32.47076416015625,32.999847412109375,33.50312042236328,34.065185546875,34.66416931152344,35.26036834716797,35.93947219848633,36.85633850097656,38.066444396972656,39.2891845703125,40.35422134399414,41.30773162841797,42.288604736328125,43.24477005004883,44.228607177734375,45.48353958129883,46.81051254272461,47.79334259033203,48.7069206237793,50.09932327270508,51.816375732421875,52.75655746459961,53.535091400146484,55.546112060546875,57.5030517578125
30.957763671875,32.00885009765625,32.88839340209961,32.79364013671875,31.815654754638672,30.39507484436035,29.322315216064453,28.73518180847168,28.457128524780273,28.050344467163086,27.67660140991211,27.40192985534668,27.45163345336914,28.34720802307129,29.690109252929688,30.902185440063477,31.70789337158203,32.061466217041016,32.238868713378906,32.40416717529297,32.71194839477539,33.16423034667969,33.754547119140625,34.409637451171875,35.00160598754883,35.61411666870117,36.52365493774414,37.70919418334961,38.87055587768555,39.83960723876953,40.45206069946289,40.99407958984375,41.816864013671875,42.86328125,44.06183624267578,45.17909622192383,46.104862213134766,47.016014099121094,48.53282165527344,50.43473434448242,52.55554962158203,53.803260803222656,54.889957427978516,56.545753479003906
31.660913467407227,32.75248336791992,32.959442138671875,31.66827392578125,29.513511657714844,28.073535919189453,27.723325729370117,27.6284236907959,27.56182098388672,27.36429786682129,27.11785125732422,27.164587020874023,27.63533592224121,28.84644889831543,30.34746551513672,31.357715606689453,31.928735733032227,32.17472839355469,32.107242584228516,32.13813781738281,32.53884506225586,33.053993225097656,33.57859802246094,34.10035705566406,34.53596496582031,35.025455474853516,35.865028381347656,37.064292907714844,38.37345504760742,39.328426361083984,39.43267059326172,39.32196807861328,39.901668548583984,40.95608901977539,41.93263244628906,42.82270050048828,43.983760833740234,45.562808990478516,47.49470520019531,49.47098159790039,51.32571792602539,52.69551086425781,53.73659896850586,55.414161682128906
32.047786712646484,32.81480026245117,32.06206512451172,30.169981002807617,28.038816452026367,26.672019958496094,26.117454528808594,26.07837677001953,26.52448844909668,26.972545623779297,27.187637329101562,27.678401947021484,28.562149047851562,29.741107940673828,30.924283981323242,31.587970733642578,31.793275833129883,31.795841217041016,31.761737823486328,32.024898529052734,32.53800582885742,32.99336242675781,33.35676956176758,33.638484954833984,33.81460189819336,34.15142059326172,34.91242980957031,36.093936920166016,37.46025848388672,38.31612777709961,38.03589630126953,37.48124313354492,37.78731918334961,38.69480514526367,39.60515213012695,40.633853912353516,42.33183670043945,44.55442810058594,46.79897689819336,48.53529739379883,49.8691291809082,51.186092376708984,52.47441482543945,54.31489944458008
32.478519439697266,32.047813415527344,30.189613342285156,28.64122772216797,27.115886688232422,25.771007537841797,25.14557456970215,25.331083297729492,25.974925994873047,26.677677154541016,27.501195907592773,28.616254806518555,29.799240112304688,30.822629928588867,31.480804443359375,31.603565216064453,31.399425506591797,31.43035888671875,31.70458221435547,32.004310607910156,32.41004180908203,32.7552604675293,32.8929557800293,32.907806396484375,32.9178581237793,33.16130447387695,33.787296295166016,34.78738784790039,36.026519775390625,36.85110092163086,36.61193084716797,35.92124938964844,36.06605529785156,37.11497116088867,38.39665603637695,39.58513641357422,41.35567092895508,43.69582748413086,45.91661071777344,47.33864974975586,48.29480743408203,49.5977897644043,50.96242141723633,52.86194610595703
31.511154174804688,30.16693878173828,28.383371353149414,27.162979125976562,26.102581024169922,25.3071346282959,25.127300262451172,25.371891021728516,25.891361236572266,26.682104110717773,27.827463150024414,29.178300857543945,30.40829849243164,31.15277862548828,31.345014572143555,31.23502540588379,31.08807945251465,31.297256469726562,31.555652618408203,31.698728561401367,32.01638412475586,32.2959098815918,32.204166412353516,31.951358795166016,31.891128540039062,32.10287094116211,32.590633392333984,33.34525680541992,34.411319732666016,35.345306396484375,35.39781188964844,34.836212158203125,35.09551239013672,36.29059982299805,37.84962463378906,39.16783142089844,40.524436950683594,42.49778747558594,44.50657272338867,45.836063385009766,46.42382049560547,47.2733268737793,48.67979049682617,50.66456604003906
28.78662872314453,27.628192901611328,27.190383911132812,27.00244140625,26.590852737426758,26.01714324951172,25.603729248046875,25.731557846069336,26.294240951538086,27.205751419067383,28.403732299804688,29.582273483276367,30.431543350219727,30.712139129638672,30.770645141601562,30.845130920410156,30.896865844726562,31.002662658691406,30.902599334716797,30.930505752563477,31.20392608642578,31.537492752075195,31.596439361572266,31.342548370361328,31.172521591186523,31.134885787963867,31.337909698486328,31.846641540527344,32.70052719116211,33.76982879638672,34.33243942260742,34.29350662231445,34.66790771484375,35.525245666503906,36.86662292480469,38.621944427490234,40.12761306762695,41.554931640625,42.839317321777344,43.74748611450195,43.957122802734375,43.92656707763672,44.668338775634766,46.25383758544922
26.438800811767578,26.387840270996094,26.900083541870117,27.24708366394043,27.33448600769043,27.00614356994629,26.567625045776367,26.471023559570312,26.80095863342285,27.695226669311523,28.82999610900879,29.671558380126953,30.095861434936523,30.24520492553711,30.490861892700195,30.647912979125977,30.762535095214844,30.54130744934082,29.934350967407227,29.67966651916504,29.861936569213867,30.357467651367188,30.907997131347656,31.068035125732422,30.9267635345459,30.59974479675293,30.399131774902344,30.624095916748047,31.22905921936035,32.433040618896484,33.52655792236328,34.17751693725586,34.4427490234375,34.718353271484375,35.542781829833984,37.37037658691406,39.37355422973633,40.979515075683594,41.87146759033203,41.86280822753906,40.8261604309082,39.68607711791992,38.829647064208984,39.01143264770508
26.316213607788086,26.596406936645508,26.69009017944336,26.715457916259766,26.928775787353516,27.05317497253418,27.123126983642578,27.08601951599121,27.198562622070312,27.822795867919922,28.630094528198242,29.22205924987793,29.66196632385254,30.235820770263672,30.72370719909668,30.686086654663086,30.387588500976562,29.61358642578125,28.691566467285156,28.285144805908203,28.4440975189209,28.901769638061523,29.56964111328125,30.003908157348633,29.849027633666992,29.54651641845703,29.34524154663086,29.450611114501953,30.169475555419922,31.550424575805664,32.71464538574219,33.43619918823242,33.48349380493164,33.65961837768555,34.387718200683594,35.922794342041016,38.082801818847656,39.75602722167969,40.80446243286133,40.84925842285156,39.299983978271484,37.68770980834961,34.45695495605469,32.40998840332031
26.883926391601562,27.15994644165039,26.620595932006836,25.995479583740234,25.97503662109375,26.610586166381836,27.189605712890625,27.27766227722168,27.52669334411621,28.092906951904297,28.577621459960938,28.986391067504883,29.602088928222656,30.505765914916992,30.934743881225586,30.50733757019043,29.441814422607422,28.379289627075195,27.561420440673828,27.214550018310547,27.281076431274414,27.47188377380371,27.721498489379883,28.090221405029297,27.990047454833984,27.76056671142578,27.73953628540039,28.241186141967773,29.75980567932129,31.495285034179688,32.05731201171875,31.18696403503418,31.294282913208008,32.17177963256836,33.3698616027832,34.71307373046875,36.54848861694336,37.86736297607422,38.347347259521484,38.53858947753906,38.403446197509766,36.76551055908203,33.68156051635742,30.339120864868164
27.555591583251953,27.650470733642578,26.494279861450195,25.589649200439453,25.969371795654297,27.097604751586914,27.598684310913086,27.58769416809082,27.918745040893555,28.337980270385742,28.51235580444336,28.822120666503906,29.6750545501709,30.64549446105957,30.95210838317871,30.209033966064453,28.651655197143555,27.38332748413086,26.5769100189209,26.252506256103516,26.2159366607666,26.3515625,26.301408767700195,26.221370697021484,26.427919387817383,26.71967315673828,27.122251510620117,27.915355682373047,29.20846939086914,30.310359954833984,30.666624069213867,29.189308166503906,28.65167999267578,30.181522369384766,31.88385581970215,33.03770065307617,34.41960525512695,35.64282989501953,35.63315200805664,35.30307388305664,35.67051315307617,35.05106735229492,31.54343605041504,26.388687133789062
27.60788345336914,27.4940185546875,26.156585693359375,25.852617263793945,26.980926513671875,27.98702049255371,27.936569213867188,27.788053512573242,27.95755386352539,28.002883911132812,27.91046142578125,28.351913452148438,29.57235336303711,30.615345001220703,30.79408836364746,29.681961059570312,27.865392684936523,26.35791778564453,25.497554779052734,25.065494537353516,24.85015869140625,24.909021377563477,25.016010284423828,24.91057014465332,24.94007682800293,25.44782257080078,26.21273422241211,26.459999084472656,26.25737953186035,26.21883773803711,26.67392349243164,27.79886817932129,27.832704544067383,28.103858947753906,29.434669494628906,30.422517776489258,31.49081039428711,32.90595626831055,32.981842041015625,32.399681091308594,32.333984375,31.20794105529785,28.359407424926758,22.019084930419922
28.133638381958008,27.701614379882812,26.352703094482422,26.417882919311523,27.831262588500977,28.224456787109375,27.75066566467285,27.598684310913086,27.59482192993164,27.524593353271484,27.520381927490234,28.107023239135742,28.97821807861328,29.50984001159668,29.35725212097168,28.11182403564453,26.509323120117188,25.105749130249023,24.249927520751953,23.670202255249023,23.352506637573242,23.340444564819336,23.39975357055664,23.448225021362305,23.623687744140625,23.983997344970703,24.310449600219727,23.64499282836914,23.37663459777832,24.098270416259766,25.462142944335938,27.08431053161621,28.198043823242188,28.230897903442383,27.588224411010742,27.624263763427734,28.226282119750977,29.403493881225586,29.752843856811523,28.708162307739258,28.383943557739258,27.49262046813965,23.385725021362305,16.190187454223633
27.58393096923828,27.467884063720703,26.936717987060547,27.212656021118164,27.73051643371582,27.279544830322266,26.933259963989258,27.04342269897461,27.226516723632812,27.497228622436523,27.89469337463379,28.155147552490234,27.84726905822754,27.389019012451172,27.023012161254883,26.275053024291992,25.196178436279297,23.968414306640625,23.090688705444336,22.525007247924805,22.154470443725586,21.93086051940918,22.071805953979492,22.5356502532959,23.119510650634766,23.66860008239746,23.969036102294922,23.74900245666504,24.07663917541504,24.97614288330078,25.91377067565918,26.66099739074707,27.310903549194336,27.567794799804688,26.79058265686035,25.66809844970703,25.71103858947754,25.963523864746094,25.943464279174805,25.20677375793457,24.176021575927734,23.854263305664062,18.801559448242188,12.029197692871094
27.117633819580078,27.319917678833008,27.42388916015625,27.55496597290039,26.931598663330078,26.214895248413086,26.336130142211914,26.82135772705078,27.382314682006836,28.041824340820312,28.33850860595703,27.792959213256836,26.5838623046875,25.54056167602539,25.133419036865234,24.76613426208496,23.891437530517578,22.6501407623291,21.676870346069336,21.160720825195312,20.777923583984375,20.544086456298828,20.982820510864258,21.795072555541992,22.63793182373047,23.24238395690918,23.521522521972656,24.063703536987305,24.70999526977539,25.24750518798828,25.66282844543457,25.7501163482666,25.75327491760254,25.76337432861328,25.378652572631836,24.186861038208008,23.502466201782227,23.198699951171875,22.91668128967285,22.505470275878906,20.554149627685547,20.684165954589844,17.828142166137695,12.597970962524414
27.298019409179688,27.337961196899414,27.3673038482666,26.85923194885254,25.88839340209961,25.506608963012695,26.021024703979492,26.743497848510742,27.535839080810547,28.058116912841797,27.693632125854492,26.58513069152832,25.233280181884766,24.18017578125,23.8214168548584,23.43904685974121,22.437774658203125,21.21919822692871,19.99594497680664,19.081087112426758,18.806381225585938,19.176441192626953,19.828535079956055,20.0898494720459,20.395252227783203,20.70709991455078,20.875883102416992,21.217174530029297,21.624544143676758,21.857099533081055,22.010705947875977,22.254560470581055,22.813613891601562,23.43617820739746,23.427270889282227,22.720195770263672,21.8503360748291,20.971513748168945,20.162939071655273,19.682632446289062,18.165271759033203,17.249252319335938,19.130069732666016,16.251373291015625
