data/wind_data/wind_14_6.json
{"header": {"parameterUnit": "KT", "parameterCategory": 2, "nx": 256, "ny": 198, "lo1": 44.73521041870117, "la1": -3.236724853515625, "lo2": 111.26478576660156, "la2": 43.468475341796875, "dx": 0.2609002888202667, "dy": -0.23708222806453705, "refTime": "2025-02-19 14:00:00", "forecastTime": 0, "parameterNumber": 2, "parameterNumberName": "eastward_wind"}, "data":
[rows 160 to 179 of 198, columns 132 to 175 of 256]
49.408878326416016,46.600826263427734,44.925323486328125,44.591304779052734,43.845306396484375,42.518917083740234,41.18401336669922,40.30316162109375,40.05038070678711,40.321712493896484,40.43145751953125,39.45512390136719,37.537296295166016,36.33226013183594,35.95028305053711,34.89640808105469,33.48280334472656,33.98249435424805,35.68253707885742,36.57707214355469,36.30848693847656,35.65762710571289,35.48757553100586,36.399810791015625,38.89316940307617,42.05537033081055,44.11214828491211,44.66819381713867,44.65605163574219,45.42147445678711,46.99598693847656,48.54005813598633,50.23545455932617,51.72257614135742,50.71102523803711,46.9808235168457,43.355384826660156,42.71148681640625,45.42157745361328,49.72201919555664,53.508270263671875,55.0457763671875,54.32265090942383,53.93008041381836
48.77471160888672,46.7276725769043,45.00015640258789,44.419029235839844,43.888790130615234,42.55134201049805,41.40883255004883,40.90399932861328,40.727577209472656,40.48540115356445,39.672828674316406,38.286964416503906,36.90470886230469,36.90446090698242,37.103416442871094,35.79689025878906,34.306331634521484,34.15837478637695,35.043785095214844,35.90242004394531,35.9476318359375,35.57490158081055,35.42036056518555,36.130062103271484,37.8136100769043,40.14685821533203,42.418941497802734,44.00196075439453,44.785274505615234,45.6950569152832,46.99216079711914,48.30550765991211,48.82505798339844,47.74184036254883,45.74068069458008,44.481971740722656,44.68925857543945,46.80634689331055,50.23563003540039,52.97110366821289,53.8779182434082,53.66389083862305,53.345516204833984,53.50599670410156
48.83858108520508,46.782012939453125,45.3022575378418,44.63646697998047,43.66010284423828,42.17172622680664,41.43022918701172,41.241455078125,40.78419494628906,39.72138595581055,38.59865188598633,37.72165298461914,36.853302001953125,36.69022750854492,37.02457046508789,36.51008224487305,35.44377517700195,34.639381408691406,34.318660736083984,34.330814361572266,34.71422576904297,35.2490234375,35.39106369018555,35.722373962402344,37.23265838623047,39.24951934814453,41.07521438598633,43.040184020996094,44.66469192504883,45.412086486816406,45.792606353759766,45.779659271240234,44.80572509765625,44.048095703125,45.010860443115234,47.0966911315918,49.4740104675293,51.29366683959961,52.15998458862305,52.26233673095703,51.954978942871094,51.884674072265625,52.45252227783203,53.086708068847656
48.64216995239258,46.956298828125,45.55923080444336,44.44086837768555,43.02356719970703,41.786983489990234,41.412940979003906,41.07110595703125,40.053409576416016,38.80751037597656,38.11591720581055,37.69814682006836,37.04521179199219,36.658935546875,36.64580154418945,36.1987190246582,35.27247619628906,34.62066650390625,34.26319885253906,33.902008056640625,33.939491271972656,34.39698791503906,34.928897857666016,35.263946533203125,36.245662689208984,38.287166595458984,40.294410705566406,42.0234375,43.55411148071289,44.76640319824219,45.787105560302734,46.867374420166016,47.684165954589844,48.736289978027344,50.56302261352539,51.941871643066406,51.430938720703125,49.86827087402344,49.19691467285156,49.47827911376953,49.671504974365234,49.899662017822266,50.79458999633789,52.017555236816406
48.27992248535156,47.122005462646484,46.1002197265625,44.689273834228516,42.83642578125,41.23815155029297,40.4239387512207,39.9489860534668,39.27980041503906,38.567100524902344,38.090694427490234,37.65325927734375,37.10942840576172,36.603492736816406,36.1395263671875,35.36081314086914,34.589012145996094,34.53547668457031,34.84256362915039,34.65150451660156,34.12872314453125,33.94366455078125,34.18083190917969,35.044776916503906,36.53188705444336,38.47172927856445,40.345401763916016,42.1419677734375,43.635719299316406,44.87525177001953,46.359928131103516,48.42509841918945,50.43478775024414,51.438880920410156,51.0125732421875,49.190670013427734,46.9979362487793,46.42682647705078,47.37620162963867,47.85383224487305,47.603694915771484,48.19658660888672,49.92631912231445,51.7779426574707
47.63142013549805,47.031089782714844,46.15227508544922,44.358116149902344,42.2034797668457,40.46971130371094,39.520084381103516,39.10425567626953,38.79175567626953,38.51177978515625,38.240196228027344,37.83198928833008,37.34486389160156,36.5984992980957,35.840885162353516,34.90622329711914,34.44935989379883,35.12834548950195,35.90716552734375,35.72384262084961,34.932106018066406,34.53493118286133,34.631317138671875,35.41638946533203,36.95970153808594,38.418861389160156,39.38105773925781,41.09880065917969,43.40437316894531,45.314266204833984,47.04424285888672,48.621559143066406,49.18942642211914,48.27482223510742,46.98065948486328,46.14335632324219,45.555870056152344,45.59321212768555,46.151214599609375,46.32084655761719,46.66277313232422,48.18083190917969,50.430213928222656,52.138824462890625
47.302181243896484,46.89326477050781,45.97665023803711,44.10042190551758,41.899349212646484,40.08707046508789,39.06612014770508,38.75193786621094,38.77703857421875,38.93556213378906,38.90347671508789,38.43982696533203,37.76380157470703,36.67452621459961,35.728599548339844,34.98244857788086,34.80048751831055,35.586143493652344,36.412391662597656,36.31236267089844,35.81269454956055,35.17110061645508,34.60723114013672,34.986366271972656,36.357276916503906,37.6627311706543,38.088462829589844,38.80812454223633,41.03145217895508,43.625667572021484,45.69027328491211,46.62862777709961,46.46837615966797,46.09791564941406,46.19849395751953,46.177669525146484,45.25859832763672,44.25989532470703,44.31270980834961,45.26165008544922,46.9532470703125,49.11081314086914,51.12299346923828,51.89482498168945
47.251365661621094,46.75019454956055,45.51570510864258,43.57194900512695,41.52054977416992,39.88722610473633,39.080081939697266,39.02371597290039,39.322731018066406,39.69971466064453,39.60538864135742,38.850440979003906,37.86574172973633,36.72817611694336,35.840885162353516,35.401527404785156,35.38411331176758,35.49800109863281,36.319793701171875,37.31858444213867,36.81916427612305,35.48033905029297,34.82029342651367,35.35539245605469,36.3599967956543,37.38214874267578,37.992488861083984,38.545982360839844,40.18733215332031,42.525447845458984,44.24431610107422,45.11079788208008,45.99763870239258,46.95460891723633,47.1016960144043,46.176353454589844,44.68131637573242,43.097782135009766,42.551490783691406,43.839332580566406,46.30552673339844,49.23744583129883,51.49180221557617,51.38172912597656
47.060447692871094,46.13747787475586,44.61739730834961,42.85151672363281,41.22732925415039,40.01133346557617,39.47303771972656,39.594993591308594,40.017112731933594,40.28596115112305,39.89386749267578,38.83528518676758,37.71732711791992,36.95683670043945,36.5299186706543,36.227294921875,35.789100646972656,35.34196090698242,36.2966423034668,37.78168869018555,38.000091552734375,36.70663070678711,35.65431594848633,36.36152267456055,38.16569900512695,39.68889617919922,40.546993255615234,40.97853088378906,41.7338981628418,43.455230712890625,44.90771484375,45.4639778137207,46.07022476196289,47.06911849975586,47.30427169799805,46.358028411865234,45.16958999633789,43.799564361572266,42.67237091064453,42.95004653930664,44.81245422363281,48.274417877197266,51.10047912597656,50.85418701171875
46.580867767333984,45.366878509521484,43.8664665222168,42.40791702270508,41.17707443237305,40.25696563720703,39.88753890991211,40.14894485473633,40.48250961303711,40.26057434082031,39.74113845825195,38.95161437988281,37.98337173461914,37.71115493774414,37.6762580871582,37.0341682434082,35.9760627746582,35.388065338134766,36.31090545654297,38.16511917114258,39.68788146972656,39.52398681640625,37.482269287109375,36.27848434448242,37.91694641113281,40.75380325317383,43.058895111083984,44.6950569152832,45.41743469238281,45.019893646240234,44.36528015136719,44.25840759277344,44.95680618286133,46.17982864379883,46.71949768066406,46.62965774536133,46.53385925292969,45.7315788269043,44.369625091552734,43.3071403503418,43.8703727722168,47.46973419189453,50.342918395996094,49.95636749267578
46.146766662597656,44.8618278503418,43.429847717285156,42.149559020996094,41.136566162109375,40.48539733886719,40.337398529052734,40.57502746582031,40.689395904541016,40.236480712890625,39.791236877441406,39.46845626831055,38.664459228515625,38.63572692871094,38.59891891479492,37.33455276489258,36.211273193359375,36.427364349365234,37.88003921508789,40.033382415771484,42.00943374633789,42.04619598388672,40.19814682006836,38.79079818725586,39.197200775146484,40.8306884765625,42.638519287109375,43.8508415222168,43.76393127441406,42.641578674316406,42.302886962890625,43.40386199951172,44.86778259277344,45.87907409667969,46.29357147216797,46.984893798828125,47.81162643432617,47.647647857666016,46.18864822387695,43.753780364990234,42.940155029296875,46.698081970214844,49.881813049316406,49.42824935913086
46.14107131958008,44.87340545654297,43.5611572265625,42.34309768676758,41.31684875488281,40.721336364746094,40.68301773071289,40.86137390136719,40.905120849609375,40.63821029663086,40.24254608154297,40.02474594116211,39.40530014038086,38.915348052978516,39.257083892822266,39.095401763916016,38.564876556396484,38.83995056152344,39.838253021240234,41.5672721862793,43.04790496826172,43.089298248291016,41.5814094543457,39.900672912597656,39.514564514160156,40.02593994140625,40.67878341674805,41.127906799316406,41.46356964111328,41.94449234008789,42.78097915649414,43.80110549926758,44.75490188598633,45.54900360107422,46.26897430419922,47.410987854003906,48.48810577392578,48.77518081665039,47.945491790771484,45.455101013183594,43.3829460144043,45.761497497558594,49.1611213684082,49.022430419921875
46.620296478271484,45.35199737548828,43.995365142822266,42.61725997924805,41.41060256958008,40.833560943603516,40.966434478759766,41.27048873901367,41.43258285522461,41.48075866699219,41.02825164794922,40.35130310058594,39.48298645019531,39.05280685424805,39.273414611816406,40.08961486816406,40.83835220336914,40.61707305908203,40.29110336303711,40.9700927734375,41.80213165283203,41.58498001098633,40.1943473815918,39.027671813964844,38.99226379394531,39.44093704223633,39.964988708496094,40.78373718261719,41.87525177001953,42.76972579956055,43.21405029296875,43.565059661865234,44.349178314208984,45.61193084716797,46.96497344970703,48.15114212036133,48.9742431640625,49.31021499633789,49.027103424072266,47.45071029663086,45.57757568359375,46.242130279541016,48.61162185668945,48.755157470703125
47.088165283203125,45.7492790222168,44.1842155456543,42.58024215698242,41.36198425292969,40.98820114135742,41.3079948425293,41.782630920410156,42.1445426940918,42.3167839050293,41.760921478271484,40.509395599365234,39.16004943847656,38.718528747558594,39.271331787109375,40.61185073852539,41.57174301147461,41.26853561401367,40.48005676269531,40.05138397216797,40.04305648803711,39.80296325683594,38.91021728515625,38.50599670410156,38.73026657104492,38.79010009765625,39.426177978515625,41.2026481628418,43.140132904052734,44.06276321411133,44.070796966552734,44.17125701904297,44.918209075927734,46.18924331665039,47.673370361328125,48.986454010009766,49.67164993286133,49.77452087402344,49.47255325317383,48.5639762878418,47.356903076171875,47.337650299072266,48.52354049682617,48.946685791015625
46.876747131347656,45.42842102050781,43.75200653076172,42.18539047241211,41.23920440673828,41.07539749145508,41.37255096435547,41.93037796020508,42.54039001464844,42.737060546875,42.00236511230469,40.38298034667969,38.79798889160156,38.333900451660156,38.93883514404297,40.045005798339844,41.31778335571289,42.09123611450195,41.7214469909668,40.96699142456055,40.881778717041016,39.78858947753906,38.16482162475586,38.20317459106445,38.75373458862305,39.203922271728516,40.85823059082031,43.238372802734375,44.79490661621094,45.103694915771484,45.05078125,45.43837356567383,46.23988342285156,47.164859771728516,48.26081085205078,49.52190399169922,50.31336975097656,50.250308990478516,49.73813247680664,49.21083068847656,48.73524856567383,48.581722259521484,48.91040802001953,49.06159210205078
45.8811149597168,44.411705017089844,42.80471420288086,41.54359436035156,40.9596061706543,40.90512466430664,41.21601486206055,41.951168060302734,42.74348831176758,42.86124038696289,41.84661865234375,40.04088592529297,38.47714614868164,37.99452209472656,38.502567291259766,39.49690628051758,40.5250129699707,41.21126174926758,41.11516571044922,41.328189849853516,41.108612060546875,38.5622673034668,37.53602981567383,38.83474349975586,39.63569641113281,40.63838577270508,42.69034194946289,44.51118469238281,45.24647903442383,45.5398063659668,46.14491271972656,46.99203109741211,47.65665054321289,48.11439514160156,48.81895446777344,49.84314727783203,50.466670989990234,50.307334899902344,49.87869644165039,49.6699333190918,49.73485565185547,49.90156555175781,49.821571350097656,49.24937057495117
44.49668884277344,43.095096588134766,41.711761474609375,40.873321533203125,40.688201904296875,40.87446975708008,41.47617721557617,42.465858459472656,43.13178634643555,42.7796630859375,41.29963684082031,39.44105529785156,38.164520263671875,37.72908020019531,38.21821975708008,39.33782958984375,40.10756301879883,39.748023986816406,39.648860931396484,40.09809112548828,38.7039909362793,37.46236801147461,38.98687744140625,40.265254974365234,40.77399826049805,42.26983642578125,44.07096862792969,45.03603744506836,45.488338470458984,46.20195007324219,47.17570114135742,47.94441223144531,48.36189270019531,48.72290802001953,49.38308334350586,50.11082458496094,50.31150817871094,50.055240631103516,49.9419059753418,50.187843322753906,50.4930534362793,50.60573196411133,50.235450744628906,49.23646926879883
43.226558685302734,41.977474212646484,40.97494125366211,40.57003402709961,40.773555755615234,41.347137451171875,42.10874938964844,42.94782638549805,43.16954040527344,42.22368240356445,40.429595947265625,38.81673812866211,37.916202545166016,37.76704025268555,38.64840316772461,39.906951904296875,39.68963623046875,38.07225799560547,37.51564025878906,37.30503463745117,36.68991470336914,38.196449279785156,40.20954132080078,41.1094856262207,42.331722259521484,43.963443756103516,45.00761413574219,45.42780685424805,45.89928436279297,46.672454833984375,47.51301574707031,48.21718215942383,48.800079345703125,49.34840393066406,49.89033508300781,50.17876434326172,50.05919647216797,49.91800308227539,50.191261291503906,50.77426528930664,51.15727615356445,50.93928909301758,50.042320251464844,48.578548431396484
42.19449996948242,41.253623962402344,40.77421188354492,40.74207305908203,41.144954681396484,41.82003402709961,42.661922454833984,43.15642166137695,42.79142379760742,41.33046340942383,39.5670166015625,38.40607833862305,38.0234489440918,38.644229888916016,39.73779296875,39.63018035888672,37.891231536865234,37.12649154663086,37.1933708190918,35.963111877441406,36.02031707763672,38.43418884277344,40.50528335571289,42.14616394042969,43.88228225708008,45.11846923828125,45.662841796875,45.969242095947266,46.370723724365234,46.86981201171875,47.52091598510742,48.441078186035156,49.43940353393555,50.04627990722656,50.13617706298828,49.997318267822266,49.93218231201172,50.140621185302734,50.67194366455078,51.259483337402344,51.397945404052734,50.706443786621094,49.22244644165039,47.282169342041016
41.5321044921875,41.016197204589844,41.04531478881836,41.229007720947266,41.477787017822266,42.14539337158203,42.82843017578125,42.96127700805664,42.132755279541016,40.52458953857422,38.959228515625,38.27265167236328,38.787208557128906,39.740169525146484,39.347312927246094,37.435279846191406,37.14298629760742,37.90339279174805,36.168853759765625,34.56270980834961,36.491905212402344,39.115196228027344,41.09143829345703,43.06053161621094,44.689735412597656,45.62479019165039,46.14019012451172,46.494651794433594,46.73259735107422,47.05674743652344,47.774871826171875,48.91530990600586,49.98945236206055,50.33448028564453,50.05772399902344,49.967689514160156,50.36157989501953,50.87739181518555,51.260032653808594,51.40073013305664,50.99055480957031,49.756874084472656,47.808311462402344,45.579132080078125
