data/wind_data/wind_Surface_69.json
{"header": {"parameterUnit": "KT", "parameterCategory": 2, "nx": 255, "ny": 198, "lo1": 44.73521041870117, "la1": -3.236724853515625, "lo2": 111.26478576660156, "la2": 43.468475341796875, "dx": 0.26192745566368103, "dy": -0.23708222806453705, "refTime": "2025-02-21 21:00:00", "forecastTime": 0, "parameterNumber": 3, "parameterNumberName": "northward_wind"}, "data":
[rows 114 to 132 of 198, columns 0 to 42 of 255]
3.3001108169555664,2.7381153106689453,2.7645962238311768,2.4405593872070312,2.612353801727295,2.249020576477051,1.926597237586975,2.284939765930176,2.349748373031616,1.7035890817642212,1.1164120435714722,0.8926278948783875,0.37420031428337097,-1.3350918292999268,-2.9737002849578857,-2.0016584396362305,0.3086724281311035,0.5979877710342407,0.18250036239624023,0.5325664281845093,1.1425199508666992,-1.255100131034851,-4.348830699920654,-5.472276210784912,-5.083527565002441,-5.012236595153809,-6.522789478302002,-8.066411972045898,-9.148392677307129,-8.981860160827637,-9.386614799499512,-10.840045928955078,-11.239570617675781,-11.592002868652344,-10.84282112121582,-9.449738502502441,-8.93395709991455,-9.29548168182373,-8.20047664642334,-6.6494975090026855,-4.6649651527404785,-2.1487209796905518,-0.19204479455947876
3.137096643447876,3.1292991638183594,3.7906718254089355,3.6022982597351074,2.7666540145874023,1.944031000137329,2.0501253604888916,2.632521152496338,2.1463844776153564,1.0012423992156982,0.32435354590415955,0.3306269347667694,-0.0628618523478508,-1.752853512763977,-3.1024091243743896,-2.4530866146087646,0.037808313965797424,1.3353471755981445,1.1899774074554443,0.9074355363845825,0.6184988617897034,-2.5314269065856934,-3.6216750144958496,-4.999377250671387,-4.964443683624268,-5.343474388122559,-7.264312267303467,-7.5944743156433105,-8.823135375976562,-9.016051292419434,-9.38306713104248,-10.267141342163086,-10.646660804748535,-10.821571350097656,-9.904760360717773,-7.812965393066406,-7.020901203155518,-7.6911940574646,-6.528928756713867,-5.312690734863281,-4.061222553253174,-3.0243704319000244,-1.7654720544815063
3.5974104404449463,3.671046018600464,3.9788296222686768,3.8285889625549316,3.192776918411255,2.8153445720672607,2.491422414779663,2.4828014373779297,1.9443308115005493,1.2168712615966797,0.17480070888996124,-0.5927643179893494,-0.8920466303825378,-1.1312198638916016,-1.0887612104415894,-0.7323245406150818,0.4937865436077118,1.6068155765533447,1.171167254447937,0.1723242849111557,-1.039267659187317,-2.6584720611572266,-3.1940784454345703,-4.430042743682861,-5.088544845581055,-6.541987895965576,-7.319648265838623,-7.657467842102051,-8.312310218811035,-8.546015739440918,-8.96424388885498,-9.443727493286133,-9.670504570007324,-9.277606964111328,-7.965662956237793,-5.825840950012207,-5.154505252838135,-5.526747226715088,-5.7096943855285645,-5.580097198486328,-4.603963851928711,-4.412224769592285,-4.947643280029297
4.176760673522949,3.8026957511901855,3.70595645904541,3.8917624950408936,3.2537615299224854,3.2121119499206543,2.908374071121216,2.586414337158203,2.3541250228881836,1.964992880821228,0.3802253007888794,-0.7975088357925415,-0.11176435649394989,0.7814823985099792,1.7871513366699219,2.2994182109832764,2.1406490802764893,2.245438575744629,1.3691407442092896,-0.34686121344566345,-1.6718276739120483,-2.0823006629943848,-2.7757952213287354,-3.773165464401245,-4.823483467102051,-5.791083812713623,-6.9361348152160645,-7.544538497924805,-8.168033599853516,-8.115423202514648,-8.198850631713867,-8.451581954956055,-7.943251609802246,-6.887899875640869,-5.967987060546875,-6.085485458374023,-6.36262845993042,-6.6726837158203125,-8.284164428710938,-9.147016525268555,-8.929763793945312,-6.426512241363525,-7.380094528198242
4.943076133728027,4.075349807739258,3.731842041015625,3.7392232418060303,3.699923276901245,3.5497992038726807,3.125464916229248,3.0021355152130127,3.071291446685791,2.45019268989563,0.8069736957550049,0.571494996547699,1.5702450275421143,2.611894369125366,4.140688419342041,4.395699501037598,3.710736036300659,3.0440120697021484,1.6498960256576538,0.11409304291009903,-0.5772334933280945,-1.3630259037017822,-2.139378786087036,-3.0595076084136963,-3.883115530014038,-4.940879821777344,-6.268797397613525,-7.283408164978027,-7.883784770965576,-7.582304000854492,-7.265791893005371,-6.393324375152588,-6.378330230712891,-7.676249980926514,-8.566670417785645,-10.39457893371582,-11.12083625793457,-9.719728469848633,-11.25900650024414,-11.005714416503906,-13.198637008666992,-9.686806678771973,-5.897409439086914
5.5636796951293945,4.491562843322754,3.985760450363159,3.9159762859344482,3.9172942638397217,3.66745662689209,3.140418529510498,2.8167805671691895,2.608591079711914,1.8564389944076538,1.8067563772201538,2.7323691844940186,3.1813597679138184,4.001152038574219,4.78996467590332,4.65608549118042,3.6434409618377686,2.3842592239379883,1.0511971712112427,0.6908272504806519,0.41802868247032166,-0.4495922327041626,-1.2572448253631592,-2.2524776458740234,-3.2224299907684326,-4.4575371742248535,-5.419517517089844,-6.930783748626709,-7.486010551452637,-6.535281181335449,-5.19579553604126,-5.358685493469238,-8.282624244689941,-11.663359642028809,-9.710573196411133,-10.305777549743652,-10.338863372802734,-10.207391738891602,-10.868715286254883,-10.322868347167969,-10.232325553894043,-9.74836540222168,-7.824400424957275
5.3753204345703125,4.739472389221191,4.3128790855407715,4.284055709838867,3.972277879714966,3.06581974029541,2.9516212940216064,2.7542967796325684,1.820595622062683,0.9762113094329834,2.8395421504974365,4.098894119262695,4.178061485290527,4.881407260894775,4.6186323165893555,3.892751455307007,2.8310489654541016,1.3923351764678955,0.33896148204803467,-0.20147649943828583,0.06882797181606293,-0.0042435964569449425,-0.48556777834892273,-1.3323781490325928,-2.6293816566467285,-3.9087817668914795,-5.100973606109619,-6.559323787689209,-6.760542392730713,-4.710768699645996,-5.067655563354492,-8.206207275390625,-8.340327262878418,-8.268539428710938,-7.436269283294678,-8.050925254821777,-8.560697555541992,-7.751904010772705,-6.619926452636719,-6.850448131561279,-6.702792167663574,-8.84518814086914,-8.841522216796875
4.759247779846191,4.743232727050781,4.677540302276611,4.483819007873535,4.271899223327637,3.293745279312134,3.1996655464172363,2.854254961013794,1.6762738227844238,1.2787102460861206,3.113740921020508,3.932361602783203,3.8258004188537598,4.433751583099365,4.382263660430908,3.8001763820648193,2.8991281986236572,1.7036657333374023,-0.05032481625676155,-1.2269196510314941,-0.9483725428581238,-0.15810653567314148,-0.24626295268535614,-0.9211517572402954,-2.333601474761963,-3.790365695953369,-4.944709300994873,-5.681472301483154,-5.724465370178223,-4.840406894683838,-8.271442413330078,-7.546932220458984,-6.508092403411865,-4.028723239898682,-3.7790839672088623,-5.227670669555664,-6.368028163909912,-6.5423736572265625,-5.511032581329346,-4.720890998840332,-4.9479146003723145,-7.261626720428467,-8.784721374511719
4.9231696128845215,4.7220635414123535,4.770985126495361,4.979538440704346,4.596247673034668,3.65213942527771,3.3032796382904053,2.634737730026245,1.9539809226989746,2.252467632293701,3.455704689025879,3.7627451419830322,3.567380428314209,3.7484028339385986,4.1721954345703125,4.301779747009277,3.8566818237304688,2.390261650085449,0.4356316924095154,-0.7596923112869263,-1.0954080820083618,-0.5868446230888367,-0.5490679740905762,-1.0963637828826904,-2.405735969543457,-3.7467381954193115,-4.57318115234375,-4.680080890655518,-6.595744609832764,-7.19249963760376,-5.865296840667725,-4.293190956115723,-3.9487874507904053,-2.74748158454895,-1.7863562107086182,-2.1937944889068604,-4.050754547119141,-5.458706855773926,-4.315408706665039,-1.4958598613739014,-2.674823760986328,-5.619039535522461,-7.2131147384643555
5.655693531036377,4.819005489349365,4.91083288192749,5.01405143737793,4.682114601135254,3.8973865509033203,3.3776092529296875,2.2690911293029785,1.9753936529159546,3.1730730533599854,4.43019962310791,4.796475887298584,4.904092311859131,4.3881707191467285,4.242209434509277,4.557061195373535,4.731024742126465,2.9493086338043213,1.782713532447815,0.39549705386161804,-0.42927059531211853,-0.8798219561576843,-1.2110857963562012,-1.5667212009429932,-2.8057339191436768,-3.4367587566375732,-3.981198310852051,-4.55922794342041,-4.7096147537231445,-3.5883777141571045,-1.699272632598877,-1.9290603399276733,-3.013312816619873,-3.564575672149658,-2.661587715148926,-0.931442141532898,-1.5078344345092773,-3.8660967350006104,-3.60302472114563,-0.7112058401107788,-1.1673181056976318,-3.8085827827453613,-3.907027244567871
5.980122089385986,5.293495178222656,5.068270206451416,5.155642986297607,4.9692606925964355,4.3389668464660645,3.8310723304748535,2.5088818073272705,2.3002123832702637,4.095145225524902,4.9547553062438965,5.589815139770508,5.698303699493408,5.014074802398682,4.517958164215088,5.0898823738098145,4.383410930633545,3.8270158767700195,2.9659311771392822,1.7849812507629395,0.3759751319885254,-1.051896572113037,-1.912933588027954,-2.3974814414978027,-2.9503486156463623,-2.5695438385009766,-2.119319438934326,-2.654179096221924,-1.7876067161560059,-1.0623277425765991,-2.374605655670166,-3.532595157623291,-3.702199697494507,-4.627649307250977,-5.279299736022949,-3.8273143768310547,-1.3897969722747803,-1.7191705703735352,-3.514451742172241,-2.755713701248169,-2.3890037536621094,-4.2834553718566895,-3.1900997161865234
6.001611232757568,5.488040447235107,5.2601637840271,5.3293538093566895,5.419806480407715,5.084136962890625,4.588090419769287,3.4480693340301514,2.7033472061157227,4.114362716674805,4.885886192321777,5.61945915222168,5.144784450531006,4.608634948730469,4.657199382781982,5.818475246429443,4.788985252380371,4.4711408615112305,3.94956374168396,2.7960896492004395,0.9772245287895203,-1.2125461101531982,-1.4281337261199951,-1.3489246368408203,-1.0837002992630005,-2.1794803142547607,-2.504126787185669,-3.4244918823242188,-2.685035467147827,-3.3041787147521973,-6.294722557067871,-7.8041672706604,-6.279813766479492,-5.111052513122559,-5.6946892738342285,-6.1218414306640625,-3.5332765579223633,-0.9228684902191162,-2.644968032836914,-2.5670855045318604,-1.5219899415969849,-2.0525875091552734,-3.43149471282959
5.736789226531982,5.3760271072387695,5.256443977355957,5.2952752113342285,5.3635077476501465,5.618263244628906,4.967679977416992,3.945024251937866,2.35750150680542,4.0652689933776855,5.057138442993164,6.190053939819336,5.394859790802002,4.320427417755127,4.414946556091309,5.153894424438477,4.591127872467041,4.775928020477295,4.526937484741211,3.376939058303833,0.7806477546691895,-1.3618072271347046,-0.5339168906211853,0.08794461190700531,0.38774845004081726,-2.249598503112793,-4.192881107330322,-4.906116008758545,-5.259883403778076,-5.982654094696045,-6.816215515136719,-8.163551330566406,-8.774129867553711,-6.540837287902832,-5.204524993896484,-6.079071044921875,-6.318522930145264,-4.610487461090088,-3.0431926250457764,-0.02835427038371563,3.048597812652588,3.203091621398926,-0.5489633083343506
5.46458625793457,5.1874518394470215,5.133418560028076,5.152898788452148,5.227750301361084,5.887342929840088,5.368393898010254,4.699411392211914,3.2989256381988525,2.713125467300415,5.567959308624268,7.196530342102051,6.263503551483154,4.908580780029297,5.852590084075928,5.191162109375,4.267302989959717,4.6214599609375,4.371703147888184,3.0213088989257812,0.030554136261343956,-0.9149301052093506,0.9227526187896729,1.6273349523544312,0.24293488264083862,-1.2894511222839355,-2.342923164367676,-2.589064836502075,-3.709256410598755,-4.671076774597168,-3.906872272491455,-5.190296173095703,-7.0823469161987305,-6.952352046966553,-6.43459939956665,-6.681510925292969,-7.502623081207275,-6.574695110321045,-2.0085511207580566,3.490973711013794,5.4530205726623535,5.386476039886475,4.137420654296875
5.273714065551758,4.982084274291992,4.951770305633545,5.087123394012451,5.4967217445373535,5.834042549133301,4.8765034675598145,3.668264150619507,2.096654176712036,0.6814806461334229,4.913776874542236,7.495518684387207,6.7281813621521,5.52129602432251,6.140559673309326,5.205707550048828,4.249615669250488,4.1364874839782715,3.5554285049438477,1.734523057937622,-0.4251501262187958,-0.6477658748626709,0.4848780333995819,2.1061010360717773,0.7903568148612976,0.6917330622673035,0.41334474086761475,-0.2727224826812744,-1.1692792177200317,-1.3667231798171997,-0.34820690751075745,0.03583784028887749,-3.7938356399536133,-5.141626358032227,-5.801672458648682,-5.753211498260498,-4.557664394378662,-2.1044366359710693,1.0203511714935303,3.5218844413757324,4.535398006439209,5.376415252685547,6.275353908538818
5.0872955322265625,4.278178691864014,4.67356014251709,4.346606731414795,4.576653003692627,3.736204147338867,2.139845609664917,0.5119129419326782,0.25153928995132446,0.6906545758247375,3.0505270957946777,5.403657913208008,5.083845615386963,5.9664788246154785,6.4538254737854,5.044959545135498,4.045071125030518,3.0387001037597656,2.3294506072998047,0.6875274777412415,0.037423767149448395,-0.7411223649978638,-1.7885239124298096,0.35391464829444885,1.457822561264038,1.8235695362091064,0.852741003036499,-1.6810494661331177,-2.0680534839630127,-0.8647289276123047,1.011033296585083,2.0823464393615723,0.5554617643356323,0.5633619427680969,1.2426823377609253,1.7389181852340698,1.6692352294921875,2.318856954574585,0.5516738891601562,-0.2461443692445755,4.242793083190918,6.360925197601318,4.625635623931885
4.711692810058594,4.3108625411987305,4.105526447296143,3.9450511932373047,3.4848053455352783,2.1147518157958984,1.0658771991729736,0.7542007565498352,2.2456767559051514,2.886857748031616,2.5099644660949707,2.5399575233459473,3.3983266353607178,5.254970550537109,5.701851844787598,4.1559953689575195,3.242171049118042,2.2119035720825195,0.9673177599906921,0.4207814037799835,1.308843731880188,1.355410099029541,-0.22493569552898407,-1.9670639038085938,-1.339677095413208,-0.7846921682357788,-1.282500982284546,-3.1159725189208984,-2.458986759185791,-1.7455109357833862,-1.2971997261047363,0.463461697101593,1.8974334001541138,2.71441912651062,2.812244415283203,2.820303440093994,4.931477069854736,5.530012607574463,3.29972243309021,1.797615885734558,4.999048233032227,5.067955017089844,1.8420913219451904
3.6312758922576904,3.157759189605713,2.7837679386138916,2.4489328861236572,2.2770166397094727,1.7543659210205078,2.0263588428497314,2.654125213623047,3.166520595550537,3.715569496154785,3.388453722000122,2.2081027030944824,2.579525947570801,3.3825132846832275,2.6052756309509277,2.8952229022979736,2.428799867630005,1.1480196714401245,-0.1531030684709549,0.2922130525112152,1.399381160736084,1.7006813287734985,-0.8533152937889099,-3.7872366905212402,-4.3850812911987305,-2.912417411804199,-1.0793812274932861,-0.2442050725221634,0.9963695406913757,0.15491849184036255,-2.0099711418151855,-1.6334017515182495,-2.1654863357543945,-3.2424004077911377,-4.287552833557129,-3.7401647567749023,3.2737388610839844,8.140398025512695,7.7057647705078125,5.621401309967041,4.654012680053711,3.0850064754486084,3.281090497970581
1.917637825012207,1.5358140468597412,0.8465005159378052,0.49985265731811523,1.04953932762146,1.744746208190918,2.8473169803619385,3.0716187953948975,2.080700397491455,1.2675062417984009,1.3690499067306519,1.8062856197357178,0.20233763754367828,0.19009065628051758,-0.131377711892128,0.6514654755592346,1.5246175527572632,0.9432482719421387,0.00492761330679059,0.2247050553560257,0.5885191559791565,-0.9427216053009033,-3.263420581817627,-4.328132152557373,-3.0218050479888916,-0.42514491081237793,1.8769731521606445,2.2952053546905518,2.2576370239257812,-0.21651555597782135,-3.80066180229187,-3.799003839492798,-3.195204019546509,-5.820838928222656,-5.637679576873779,-2.6609513759613037,3.130446434020996,7.319173812866211,7.379580020904541,4.7740888595581055,1.8655613660812378,5.059907913208008,7.913662910461426
