data/wind_data/wind_3_9.json
{"header": {"parameterUnit": "KT", "parameterCategory": 2, "nx": 256, "ny": 198, "lo1": 44.73521041870117, "la1": -3.236724853515625, "lo2": 111.26478576660156, "la2": 43.468475341796875, "dx": 0.2609002888202667, "dy": -0.23708222806453705, "refTime": "2025-02-19 03:00:00", "forecastTime": 0, "parameterNumber": 2, "parameterNumberName": "eastward_wind"}, "data":
[rows 76 to 94 of 198, columns 44 to 87 of 256]
8.58232307434082,8.421221733093262,8.366804122924805,8.518001556396484,9.240653038024902,10.593560218811035,12.283247947692871,13.86502742767334,14.8521728515625,15.607611656188965,16.627948760986328,17.289037704467773,16.89657211303711,16.158992767333984,16.21963882446289,16.70162582397461,16.671672821044922,16.081148147583008,15.188130378723145,14.448596954345703,14.220705032348633,14.351239204406738,15.025273323059082,16.030046463012695,16.46446990966797,15.810161590576172,14.485861778259277,13.309867858886719,12.307525634765625,11.079216957092285,9.908113479614258,8.925819396972656,8.12510871887207,7.315971374511719,6.427830219268799,6.061535835266113,6.2733540534973145,6.550570011138916,6.868135929107666,7.474664688110352,8.407784461975098,9.304495811462402,9.784667015075684,9.20515251159668
8.170431137084961,8.195547103881836,8.322408676147461,8.53773307800293,8.874016761779785,9.530579566955566,10.833697319030762,12.756325721740723,14.685547828674316,16.036596298217773,16.90910530090332,17.57039451599121,17.73548126220703,17.22950553894043,16.717609405517578,16.627490997314453,16.731918334960938,16.762229919433594,16.254873275756836,15.354557991027832,14.868101119995117,14.602543830871582,14.2062349319458,14.157520294189453,14.610540390014648,14.988455772399902,14.574633598327637,13.667086601257324,12.790696144104004,11.814349174499512,10.824835777282715,10.040756225585938,9.392622947692871,8.710768699645996,7.794810771942139,6.885500907897949,6.418273448944092,6.531352996826172,6.939024925231934,7.489501953125,8.406076431274414,9.540815353393555,10.460733413696289,10.566045761108398
8.117899894714355,8.356600761413574,8.720473289489746,9.051058769226074,9.437600135803223,9.886116981506348,10.495080947875977,11.53609848022461,13.152962684631348,14.855262756347656,15.918306350708008,16.432165145874023,16.735286712646484,16.776565551757812,16.528276443481445,16.23965835571289,16.12230682373047,16.2456111907959,16.297924041748047,15.977839469909668,15.647408485412598,15.2622652053833,14.342199325561523,13.47716236114502,13.305872917175293,13.572165489196777,13.431562423706055,12.84749984741211,12.533769607543945,12.387242317199707,11.984319686889648,11.406462669372559,10.656007766723633,9.763883590698242,8.720205307006836,7.685733318328857,7.173425197601318,7.234781265258789,7.305394649505615,7.362397193908691,7.987222194671631,9.108315467834473,10.18649959564209,11.00436019897461
9.080790519714355,8.973163604736328,9.569259643554688,10.184814453125,10.594490051269531,11.002102851867676,11.482242584228516,11.776326179504395,12.19265079498291,13.2847261428833,14.616315841674805,15.348155975341797,15.482694625854492,15.592089653015137,15.892215728759766,16.110946655273438,15.989883422851562,15.742504119873047,15.700074195861816,15.74189281463623,15.610428810119629,15.16889762878418,14.467090606689453,13.859957695007324,13.522821426391602,13.358787536621094,13.102551460266113,12.59897232055664,12.150731086730957,12.041644096374512,12.203214645385742,12.229818344116211,11.452005386352539,10.13746452331543,9.009449005126953,8.244807243347168,7.902707099914551,7.954784870147705,8.075203895568848,7.867460250854492,7.675368309020996,8.092620849609375,8.890580177307129,9.72492504119873
10.881077766418457,10.167963027954102,10.546318054199219,11.45583724975586,12.104819297790527,12.56723403930664,13.082526206970215,13.234000205993652,12.941299438476562,13.050188064575195,13.90773868560791,14.801798820495605,15.061644554138184,14.949663162231445,14.954381942749023,15.264174461364746,15.566254615783691,15.639781951904297,15.632206916809082,15.63940715789795,15.531533241271973,15.128338813781738,14.57127857208252,14.104752540588379,13.700522422790527,13.243029594421387,12.882469177246094,12.859060287475586,12.894735336303711,12.473493576049805,11.928055763244629,11.824963569641113,11.469497680664062,10.254894256591797,9.1156644821167,8.715025901794434,8.519330978393555,8.263251304626465,8.126914978027344,7.949353218078613,7.5229644775390625,7.3854451179504395,7.7200798988342285,8.119778633117676
12.448904991149902,11.789952278137207,11.998115539550781,12.912507057189941,13.706987380981445,14.04832935333252,14.16135025024414,14.175638198852539,13.981267929077148,13.864344596862793,14.222384452819824,14.857491493225098,15.137471199035645,14.888880729675293,14.529994010925293,14.428378105163574,14.58533763885498,15.01407527923584,15.544266700744629,15.89709186553955,15.977755546569824,15.567933082580566,14.76122760772705,14.078863143920898,13.882828712463379,13.918485641479492,13.690465927124023,13.356770515441895,13.14388656616211,12.642167091369629,11.894805908203125,11.38204574584961,11.017324447631836,10.402901649475098,9.726262092590332,9.011908531188965,8.266996383666992,7.983932018280029,8.201709747314453,8.318160057067871,7.839625358581543,7.270989418029785,7.326634883880615,7.692371368408203
13.054644584655762,12.844155311584473,13.388091087341309,14.362622261047363,15.00597095489502,14.93898868560791,14.43012809753418,13.952569961547852,13.739426612854004,13.873620986938477,14.534911155700684,15.33245849609375,15.487940788269043,15.086128234863281,14.823349952697754,14.808879852294922,14.781444549560547,14.848431587219238,15.18677806854248,15.495530128479004,15.668041229248047,15.691537857055664,15.341514587402344,14.820712089538574,14.563307762145996,14.72659969329834,15.020736694335938,14.960693359375,14.255733489990234,13.102725982666016,11.98560619354248,11.196436882019043,10.754667282104492,10.412508964538574,9.896127700805664,9.099603652954102,8.187200546264648,7.738346576690674,8.069893836975098,8.6858491897583,8.687084197998047,8.058389663696289,7.71018648147583,7.912765979766846
13.533575057983398,13.269876480102539,13.731125831604004,14.495105743408203,15.160521507263184,15.284453392028809,14.51037883758545,13.313054084777832,12.794888496398926,13.310675621032715,14.357590675354004,15.419615745544434,16.030195236206055,16.0143985748291,15.784770965576172,15.738383293151855,15.8184814453125,15.862494468688965,15.768277168273926,15.396668434143066,14.902244567871094,14.685911178588867,14.769646644592285,15.100436210632324,15.537796974182129,15.723360061645508,15.742898941040039,15.898113250732422,15.709175109863281,14.714244842529297,13.358025550842285,12.235285758972168,11.610733032226562,11.138648986816406,10.096624374389648,9.038246154785156,8.592778205871582,8.43262767791748,8.4937105178833,8.8725004196167,9.047550201416016,8.59771728515625,8.14772891998291,8.237539291381836
15.005293846130371,14.353822708129883,14.170477867126465,14.29896068572998,14.631826400756836,14.903239250183105,14.332200050354004,13.018115997314453,12.274028778076172,12.76766586303711,13.95842456817627,15.250166893005371,16.524641036987305,17.568273544311523,17.963581085205078,17.73158073425293,17.462112426757812,17.380361557006836,17.179838180541992,16.58596420288086,15.715716361999512,14.97279167175293,14.631204605102539,14.877418518066406,15.577038764953613,16.037837982177734,15.960673332214355,15.96287727355957,16.230966567993164,16.020435333251953,15.106711387634277,14.036352157592773,13.107926368713379,12.158315658569336,10.856425285339355,9.72909927368164,9.384849548339844,9.34461498260498,9.182952880859375,9.104589462280273,9.124139785766602,8.958844184875488,8.663375854492188,8.516427040100098
16.873640060424805,16.190935134887695,15.554994583129883,15.051834106445312,14.69019889831543,14.562807083129883,14.267671585083008,13.387365341186523,12.491157531738281,12.50083065032959,13.592663764953613,15.178568840026855,16.60235595703125,17.681913375854492,18.60409164428711,19.17755126953125,19.279571533203125,19.13222885131836,18.756229400634766,18.31557273864746,17.96422004699707,17.48006248474121,16.816659927368164,16.363201141357422,16.343830108642578,16.453960418701172,16.264476776123047,15.788833618164062,15.580185890197754,15.782540321350098,15.879803657531738,15.358882904052734,14.190450668334961,12.87938404083252,11.79970932006836,10.911651611328125,10.317898750305176,9.90223503112793,9.480682373046875,9.341419219970703,9.587729454040527,9.800430297851562,9.764764785766602,9.42380142211914
17.92070960998535,17.610633850097656,16.96739387512207,15.932616233825684,14.891079902648926,14.354825019836426,14.291816711425781,14.180167198181152,13.748501777648926,13.317142486572266,13.702935218811035,15.150447845458984,16.75421714782715,17.734750747680664,18.243257522583008,18.70039176940918,19.231395721435547,19.842504501342773,20.15645408630371,20.071739196777344,19.918670654296875,19.6184139251709,18.984844207763672,18.417449951171875,18.29121971130371,18.211593627929688,17.730674743652344,16.758638381958008,15.679403305053711,15.198502540588379,15.418381690979004,15.424872398376465,14.433097839355469,13.01465892791748,12.310633659362793,12.072874069213867,11.566137313842773,10.82524299621582,10.10249137878418,9.862191200256348,10.21998405456543,10.472772598266602,10.351198196411133,10.143836975097656
18.064695358276367,17.88703727722168,17.679494857788086,16.636272430419922,15.030630111694336,13.955869674682617,13.764482498168945,14.071575164794922,14.611982345581055,15.199699401855469,15.821123123168945,16.6615047454834,17.645889282226562,18.406574249267578,18.563669204711914,18.302257537841797,18.344730377197266,19.19464683532715,20.42451286315918,21.048404693603516,20.763338088989258,20.1369571685791,19.66138458251953,19.569408416748047,19.80109977722168,19.820932388305664,19.292295455932617,18.389646530151367,17.242002487182617,16.092554092407227,15.347688674926758,14.675514221191406,13.445805549621582,12.06954288482666,11.786116600036621,12.515782356262207,12.867432594299316,12.620650291442871,12.246664047241211,11.655233383178711,11.057494163513184,10.772451400756836,10.574834823608398,10.444889068603516
18.171110153198242,17.336671829223633,17.154468536376953,16.65764808654785,15.312896728515625,14.01209831237793,13.34812068939209,13.310054779052734,14.16258716583252,16.009403228759766,17.99976921081543,19.07048988342285,19.098655700683594,18.891502380371094,19.020259857177734,19.261743545532227,19.350345611572266,19.551342010498047,20.188705444335938,20.896133422851562,21.060504913330078,20.82063865661621,20.56353187561035,20.275508880615234,20.143959045410156,20.246089935302734,19.979082107543945,19.145801544189453,18.044139862060547,16.828977584838867,15.685976028442383,14.499497413635254,12.925397872924805,11.46174144744873,11.173257827758789,12.258688926696777,13.615927696228027,14.394699096679688,14.61828899383545,14.120022773742676,12.876516342163086,11.87879467010498,11.529552459716797,11.214273452758789
18.479450225830078,17.143508911132812,16.16740608215332,15.782544136047363,15.24046802520752,14.347366333007812,13.57243537902832,13.439926147460938,14.384855270385742,16.232833862304688,18.003747940063477,18.962825775146484,19.05428123474121,18.85251808166504,19.226566314697266,20.181203842163086,20.982444763183594,21.200759887695312,21.071481704711914,20.999048233032227,21.101022720336914,21.420555114746094,21.774215698242188,21.576875686645508,20.88561248779297,20.491308212280273,20.129501342773438,19.03594970703125,17.58592987060547,16.562681198120117,15.91383171081543,15.066222190856934,13.784287452697754,12.462202072143555,11.829610824584961,12.23479175567627,13.460946083068848,14.87930965423584,15.856851577758789,16.035255432128906,15.32830810546875,14.355498313903809,13.82638168334961,13.333937644958496
17.91305923461914,17.107257843017578,15.856226921081543,15.117269515991211,14.9633207321167,14.808191299438477,14.549385070800781,14.74538803100586,15.78329849243164,16.977121353149414,17.444618225097656,17.473203659057617,17.695993423461914,18.29038429260254,19.092294692993164,19.93378448486328,20.85038948059082,21.827245712280273,22.47854232788086,22.537668228149414,22.261823654174805,22.027809143066406,21.987096786499023,21.89031219482422,21.36443519592285,20.65764808654785,20.044557571411133,18.982473373413086,17.35664176940918,16.14376449584961,15.843259811401367,15.887969017028809,15.476716041564941,14.4089994430542,13.324572563171387,12.880200386047363,13.391382217407227,14.628363609313965,15.775129318237305,16.23386573791504,16.2296142578125,16.280853271484375,16.47881507873535,16.243547439575195
16.19739532470703,16.560691833496094,16.003618240356445,15.093968391418457,14.707181930541992,14.850004196166992,15.163799285888672,15.78974437713623,16.703216552734375,17.300588607788086,17.319129943847656,17.132410049438477,17.3403377532959,18.038639068603516,18.899099349975586,19.700496673583984,20.483325958251953,21.490121841430664,22.709766387939453,23.643444061279297,23.939922332763672,23.628910064697266,22.833709716796875,21.78617286682129,20.709901809692383,19.824495315551758,19.28335952758789,18.819629669189453,18.07695770263672,17.200008392333984,16.5989933013916,16.413105010986328,16.269733428955078,15.833428382873535,15.302562713623047,14.837306022644043,14.447625160217285,14.37254524230957,14.734997749328613,15.317517280578613,16.030019760131836,16.960308074951172,17.77853775024414,17.88650131225586
14.26658821105957,15.555891990661621,15.852931022644043,15.140547752380371,14.20556354522705,13.932291030883789,14.540482521057129,15.476899147033691,16.23586654663086,17.03433609008789,17.9018611907959,18.28170394897461,18.293657302856445,18.559175491333008,19.268234252929688,20.237289428710938,21.118751525878906,21.781538009643555,22.48451042175293,23.37386703491211,24.213138580322266,24.61530113220215,24.23232650756836,22.889951705932617,20.86363983154297,19.02743148803711,18.23115348815918,18.47693634033203,19.01703453063965,19.13606834411621,18.666135787963867,17.90974998474121,17.26742935180664,16.858509063720703,16.639562606811523,16.39813232421875,15.675226211547852,14.549471855163574,13.955760955810547,14.568464279174805,16.044445037841797,17.532928466796875,18.32782745361328,18.166749954223633
12.765751838684082,13.906916618347168,14.400428771972656,13.959236145019531,13.046022415161133,12.914255142211914,13.83380126953125,14.704204559326172,15.25291633605957,16.16584014892578,17.516481399536133,18.667526245117188,19.227947235107422,19.484485626220703,19.941131591796875,20.729616165161133,21.607833862304688,22.207975387573242,22.468475341796875,22.737411499023438,23.182531356811523,23.593074798583984,23.778520584106445,23.430932998657227,22.09375,20.00608253479004,18.366178512573242,18.096757888793945,18.95037078857422,19.897146224975586,20.0083065032959,19.293472290039062,18.432666778564453,17.780925750732422,17.26939582824707,16.7583065032959,16.08865737915039,15.179913520812988,14.480067253112793,14.64543628692627,15.750395774841309,17.320228576660156,18.581138610839844,18.77294921875
12.211267471313477,12.956457138061523,13.093881607055664,12.45963191986084,11.83858871459961,12.192140579223633,13.228835105895996,14.150716781616211,14.907393455505371,15.710744857788086,16.634849548339844,17.756025314331055,18.854867935180664,19.725095748901367,20.465045928955078,21.20041847229004,21.84334373474121,22.303409576416016,22.429025650024414,22.182498931884766,21.906757354736328,21.996129989624023,22.494956970214844,22.892345428466797,22.43290901184082,20.980253219604492,19.396438598632812,18.70087432861328,19.13801383972168,20.032224655151367,20.403493881225586,19.93284034729004,19.106143951416016,18.314165115356445,17.492584228515625,16.618412017822266,15.963444709777832,15.736888885498047,15.761524200439453,15.750160217285156,15.894357681274414,16.690479278564453,17.959766387939453,18.830978393554688
