data/wind_data/wind_64_2.json
{"header": {"parameterUnit": "KT", "parameterCategory": 2, "nx": 256, "ny": 198, "lo1": 44.73521041870117, "la1": -3.236724853515625, "lo2": 111.26478576660156, "la2": 43.468475341796875, "dx": 0.2609002888202667, "dy": -0.23708222806453705, "refTime": "2025-02-21 16:00:00", "forecastTime": 0, "parameterNumber": 2, "parameterNumberName": "eastward_wind"}, "data":
[rows 57 to 75 of 198, columns 43 to 85 of 256]
-10.915390014648438,-11.81325912475586,-13.096298217773438,-13.412775039672852,-13.761231422424316,-12.559102058410645,-13.04710865020752,-13.873093605041504,-13.516355514526367,-13.628368377685547,-14.448136329650879,-15.58201789855957,-15.371109008789062,-15.154545783996582,-16.11100959777832,-16.5911865234375,-17.490510940551758,-18.23771095275879,-18.557453155517578,-18.53655242919922,-17.99437713623047,-18.301252365112305,-18.58649253845215,-18.06782341003418,-17.66792869567871,-17.958585739135742,-18.977561950683594,-20.26907730102539,-20.665876388549805,-19.475448608398438,-18.419904708862305,-17.838136672973633,-18.055816650390625,-18.774253845214844,-19.370338439941406,-19.537755966186523,-19.303359985351562,-19.05652618408203,-18.450239181518555,-17.207969665527344,-15.861745834350586,-14.597420692443848,-13.956094741821289
-10.9060640335083,-11.033434867858887,-11.858762741088867,-12.733072280883789,-13.504810333251953,-12.724163055419922,-13.1582612991333,-14.30584716796875,-13.182472229003906,-14.270248413085938,-14.571046829223633,-15.123990058898926,-15.182493209838867,-15.332196235656738,-15.799498558044434,-16.265731811523438,-17.548322677612305,-18.792469024658203,-19.03309440612793,-18.433635711669922,-18.342985153198242,-18.85664176940918,-18.80600929260254,-18.331241607666016,-17.871702194213867,-18.137147903442383,-19.265581130981445,-20.855070114135742,-21.958545684814453,-21.388412475585938,-19.919086456298828,-19.538400650024414,-19.443099975585938,-19.782827377319336,-19.965240478515625,-19.62803840637207,-19.08216667175293,-18.94709587097168,-18.358720779418945,-17.57962417602539,-16.560190200805664,-15.630142211914062,-14.839433670043945
-11.696207046508789,-11.79758071899414,-12.555415153503418,-11.60634708404541,-12.92878532409668,-13.523331642150879,-13.712508201599121,-13.18968391418457,-12.923298835754395,-13.449572563171387,-14.027587890625,-14.433475494384766,-15.369054794311523,-15.944725036621094,-15.94356632232666,-16.1762752532959,-17.60987663269043,-18.590375900268555,-18.46702003479004,-18.176223754882812,-18.479469299316406,-18.87860870361328,-18.752105712890625,-18.485797882080078,-18.511083602905273,-18.945629119873047,-19.80545425415039,-21.16028594970703,-22.348451614379883,-22.56110191345215,-21.366371154785156,-20.198545455932617,-19.988040924072266,-20.1628360748291,-20.089200973510742,-19.39798927307129,-18.610700607299805,-18.301864624023438,-17.782690048217773,-17.028125762939453,-16.364261627197266,-16.121252059936523,-15.744576454162598
-12.072376251220703,-12.715500831604004,-12.51180362701416,-11.846657752990723,-12.851780891418457,-13.302123069763184,-13.376754760742188,-13.025374412536621,-12.91979694366455,-13.355680465698242,-14.117522239685059,-14.71712875366211,-15.201239585876465,-15.674275398254395,-15.681733131408691,-16.20992088317871,-17.261959075927734,-17.91477394104004,-18.037784576416016,-18.129318237304688,-18.412113189697266,-18.78420066833496,-18.921165466308594,-19.02911949157715,-19.321979522705078,-19.80127716064453,-20.493982315063477,-21.392173767089844,-22.21329689025879,-22.635839462280273,-22.186138153076172,-20.84842300415039,-20.358196258544922,-19.92658233642578,-19.5267391204834,-18.725723266601562,-17.95774269104004,-17.538978576660156,-17.158559799194336,-16.763212203979492,-16.455059051513672,-16.312631607055664,-16.285133361816406
-12.017985343933105,-12.773568153381348,-12.615468978881836,-12.10059642791748,-12.141865730285645,-12.363113403320312,-12.81540298461914,-13.072872161865234,-13.294585227966309,-13.559468269348145,-13.8289155960083,-14.472336769104004,-15.2059907913208,-15.37799072265625,-15.470017433166504,-16.19554901123047,-17.144989013671875,-17.724021911621094,-17.960052490234375,-18.059568405151367,-18.26911163330078,-18.7520751953125,-19.261533737182617,-19.51253890991211,-19.77137565612793,-20.297502517700195,-21.052404403686523,-21.835554122924805,-22.247983932495117,-22.257009506225586,-22.037504196166992,-21.60688018798828,-20.76644515991211,-19.755107879638672,-19.0313777923584,-18.331043243408203,-17.715391159057617,-17.149436950683594,-16.988178253173828,-16.859416961669922,-16.760183334350586,-16.636716842651367,-16.294071197509766
-12.00960922241211,-12.108991622924805,-12.298212051391602,-11.674715042114258,-11.46174144744873,-11.682785987854004,-12.03467845916748,-12.469269752502441,-12.873200416564941,-13.2220458984375,-13.782707214355469,-14.737561225891113,-15.31430435180664,-15.409814834594727,-15.839863777160645,-16.563119888305664,-17.144145965576172,-17.77396583557129,-18.14668083190918,-18.146739959716797,-18.394119262695312,-19.062936782836914,-19.53835678100586,-19.56249237060547,-19.777681350708008,-20.51426124572754,-21.545400619506836,-22.276840209960938,-22.317943572998047,-22.05571746826172,-21.79099464416504,-21.584712982177734,-21.021589279174805,-19.966703414916992,-19.3803768157959,-18.723106384277344,-18.037717819213867,-17.62886619567871,-17.398447036743164,-17.007585525512695,-16.50057029724121,-16.08131980895996,-15.546725273132324
-11.14684772491455,-11.07282829284668,-11.0081205368042,-11.117633819580078,-11.271017074584961,-11.59537124633789,-11.999874114990234,-12.521732330322266,-13.050963401794434,-13.653139114379883,-14.264890670776367,-14.714229583740234,-14.99102783203125,-15.370820999145508,-16.002519607543945,-16.55748748779297,-16.984628677368164,-17.460540771484375,-17.849634170532227,-18.14272689819336,-18.771717071533203,-19.377304077148438,-19.473073959350586,-19.24367904663086,-19.478443145751953,-20.379087448120117,-21.49884033203125,-22.251266479492188,-22.31365203857422,-22.040353775024414,-21.70488166809082,-21.38886833190918,-20.897592544555664,-20.391197204589844,-19.878807067871094,-19.205493927001953,-18.50986671447754,-17.956443786621094,-17.34789276123047,-16.650604248046875,-15.934354782104492,-15.42469596862793,-14.797821998596191
-10.455846786499023,-10.306909561157227,-10.174532890319824,-10.539469718933105,-11.032108306884766,-11.5012845993042,-12.234312057495117,-12.839118003845215,-13.387823104858398,-13.803175926208496,-14.09670639038086,-14.245414733886719,-14.588330268859863,-15.165388107299805,-15.678474426269531,-16.065959930419922,-16.423583984375,-16.722126007080078,-17.27741050720215,-18.047155380249023,-18.897464752197266,-19.17771339416504,-18.961952209472656,-18.855134963989258,-19.23321533203125,-20.08262825012207,-21.14156723022461,-22.005577087402344,-22.224851608276367,-21.907424926757812,-21.46503448486328,-21.15896987915039,-20.92698860168457,-20.588773727416992,-20.019527435302734,-19.311418533325195,-18.6156063079834,-17.899911880493164,-17.154123306274414,-16.417219161987305,-15.77289867401123,-15.206024169921875,-14.558686256408691
-9.951798439025879,-9.884422302246094,-9.761567115783691,-10.371535301208496,-10.941743850708008,-11.435810089111328,-12.076374053955078,-12.814563751220703,-13.34127426147461,-13.832793235778809,-14.15550422668457,-14.25827693939209,-14.536460876464844,-15.051429748535156,-15.40425968170166,-15.779411315917969,-16.06120491027832,-16.065523147583008,-16.63941192626953,-17.7850399017334,-18.626623153686523,-18.754446029663086,-18.50646209716797,-18.574691772460938,-19.03547477722168,-19.792936325073242,-20.71702003479004,-21.551528930664062,-21.843612670898438,-21.600893020629883,-21.22720718383789,-20.91175651550293,-20.60515022277832,-20.174030303955078,-19.656373977661133,-19.08654022216797,-18.476211547851562,-17.775869369506836,-16.972139358520508,-16.397539138793945,-15.942172050476074,-15.303495407104492,-14.63199520111084
-10.01534366607666,-9.837244033813477,-9.876930236816406,-10.082090377807617,-10.599737167358398,-11.450418472290039,-11.997303009033203,-12.62736988067627,-13.345687866210938,-13.958998680114746,-14.419846534729004,-14.479138374328613,-14.475601196289062,-14.871450424194336,-15.364765167236328,-15.657975196838379,-15.696192741394043,-15.66674518585205,-16.329748153686523,-17.307653427124023,-17.923662185668945,-18.067628860473633,-18.16655731201172,-18.463733673095703,-18.89797592163086,-19.45507049560547,-20.179244995117188,-20.847150802612305,-21.083654403686523,-21.031831741333008,-20.805015563964844,-20.438920974731445,-20.079883575439453,-19.717439651489258,-19.24864959716797,-18.706777572631836,-18.06416893005371,-17.317424774169922,-16.90358543395996,-16.639991760253906,-16.143016815185547,-15.493993759155273,-14.836966514587402
-10.06497573852539,-9.669987678527832,-9.698439598083496,-9.79654312133789,-10.565339088439941,-11.435830116271973,-12.154763221740723,-12.820191383361816,-13.504568099975586,-13.720634460449219,-13.906572341918945,-14.111038208007812,-14.365058898925781,-14.596219062805176,-14.887351036071777,-15.180106163024902,-15.478513717651367,-15.433515548706055,-15.98629379272461,-16.55489730834961,-16.940834045410156,-17.270732879638672,-17.833526611328125,-18.42033576965332,-18.873714447021484,-19.23192596435547,-19.683361053466797,-19.976613998413086,-19.987564086914062,-19.99530029296875,-19.938701629638672,-19.745899200439453,-19.551000595092773,-19.249996185302734,-18.720436096191406,-18.039875030517578,-17.264352798461914,-16.803241729736328,-16.59245491027832,-16.447702407836914,-16.155637741088867,-15.662883758544922,-15.00304889678955
-10.111591339111328,-10.277066230773926,-9.948073387145996,-9.995776176452637,-10.322547912597656,-11.077295303344727,-11.967886924743652,-12.77580738067627,-13.142447471618652,-13.196391105651855,-13.252016067504883,-13.59593677520752,-14.00667667388916,-14.05717658996582,-14.195514678955078,-14.852408409118652,-15.109684944152832,-14.979410171508789,-15.376358032226562,-15.741521835327148,-16.05396842956543,-16.627180099487305,-17.44382667541504,-18.18051528930664,-18.821979522705078,-19.246747970581055,-19.386873245239258,-19.15715789794922,-18.81073570251465,-18.702011108398438,-18.761215209960938,-18.827957153320312,-18.776308059692383,-18.506824493408203,-17.978845596313477,-17.32514190673828,-16.639482498168945,-16.12019920349121,-15.871829986572266,-15.914953231811523,-15.935959815979004,-15.658108711242676,-15.109691619873047
-10.194807052612305,-10.343271255493164,-10.304438591003418,-10.289971351623535,-10.246253967285156,-10.928248405456543,-11.69713306427002,-12.29092025756836,-12.391080856323242,-12.48231315612793,-12.796409606933594,-13.379496574401855,-13.591812133789062,-13.211455345153809,-13.376483917236328,-14.190935134887695,-14.471571922302246,-14.38937759399414,-14.764425277709961,-15.123239517211914,-15.393369674682617,-16.14079475402832,-17.064085006713867,-17.7587833404541,-18.505937576293945,-19.004276275634766,-18.935972213745117,-18.621814727783203,-18.150205612182617,-17.77543067932129,-17.697296142578125,-17.704784393310547,-17.624616622924805,-17.549711227416992,-17.457399368286133,-17.09087562561035,-16.403133392333984,-15.654265403747559,-15.232677459716797,-15.212087631225586,-15.362081527709961,-15.32600212097168,-14.877528190612793
-9.83553409576416,-10.033890724182129,-10.082120895385742,-10.438754081726074,-10.630270004272461,-11.079142570495605,-11.63104248046875,-11.651250839233398,-11.634750366210938,-11.857315063476562,-12.689384460449219,-13.288818359375,-12.871759414672852,-12.4913969039917,-12.901164054870605,-13.48167610168457,-13.7181396484375,-13.882124900817871,-14.104427337646484,-14.31460189819336,-14.750699996948242,-15.776453018188477,-16.818904876708984,-17.38178825378418,-17.877399444580078,-18.308059692382812,-18.350849151611328,-18.238975524902344,-17.693395614624023,-16.96472930908203,-16.5394287109375,-16.555997848510742,-16.783445358276367,-17.02655029296875,-17.079771041870117,-16.819135665893555,-16.347972869873047,-15.780941009521484,-15.226197242736816,-14.916428565979004,-14.975146293640137,-15.093769073486328,-14.774270057678223
-9.252314567565918,-9.61652660369873,-9.817647933959961,-10.673601150512695,-10.46631908416748,-10.961575508117676,-11.148209571838379,-11.327054023742676,-11.167439460754395,-11.570979118347168,-12.675703048706055,-12.74578857421875,-12.185169219970703,-12.226655960083008,-12.797289848327637,-13.160039901733398,-13.17150592803955,-13.07515811920166,-13.110950469970703,-13.49732494354248,-14.418196678161621,-15.430063247680664,-16.356306076049805,-16.90964698791504,-17.180927276611328,-17.53614616394043,-17.730527877807617,-17.38469696044922,-16.642309188842773,-15.98762321472168,-15.731416702270508,-15.950751304626465,-16.35598373413086,-16.668426513671875,-16.754735946655273,-16.58292579650879,-16.184473037719727,-15.632373809814453,-15.054032325744629,-14.59835147857666,-14.524797439575195,-14.869507789611816,-14.972186088562012
-8.437231063842773,-9.67909049987793,-10.15615177154541,-10.008552551269531,-10.680962562561035,-10.667052268981934,-10.613265991210938,-10.617915153503418,-10.697125434875488,-11.499316215515137,-12.298620223999023,-12.023242950439453,-11.878279685974121,-12.259990692138672,-12.60306167602539,-12.804560661315918,-12.673693656921387,-12.367101669311523,-12.482388496398926,-13.29957389831543,-14.288958549499512,-15.046320915222168,-15.758792877197266,-16.306991577148438,-16.640897750854492,-16.848350524902344,-16.681854248046875,-16.032665252685547,-15.544142723083496,-15.133585929870605,-15.08885669708252,-15.353663444519043,-15.830032348632812,-16.35988998413086,-16.658361434936523,-16.462032318115234,-15.884732246398926,-15.225892066955566,-14.629617691040039,-14.145644187927246,-14.008511543273926,-14.444981575012207,-14.925082206726074
-7.81548547744751,-9.474658966064453,-9.948128700256348,-9.56076717376709,-10.231687545776367,-10.573019027709961,-9.99342155456543,-9.846418380737305,-9.92427921295166,-11.248385429382324,-11.550336837768555,-11.42471694946289,-11.728326797485352,-12.126998901367188,-12.119194984436035,-11.928153991699219,-11.797298431396484,-12.254463195800781,-13.116715431213379,-13.48914909362793,-13.9993314743042,-14.970372200012207,-15.382122993469238,-15.67747688293457,-15.958311080932617,-15.894205093383789,-15.350507736206055,-14.97988224029541,-14.612137794494629,-14.29121208190918,-14.281461715698242,-14.594005584716797,-15.214923858642578,-15.941433906555176,-16.421661376953125,-16.366439819335938,-15.831526756286621,-15.0860013961792,-14.353947639465332,-13.772156715393066,-13.590887069702148,-14.01168441772461,-14.62873649597168
-7.042295932769775,-8.028388977050781,-9.051687240600586,-9.327860832214355,-9.45983600616455,-10.383149147033691,-9.4544095993042,-8.794178009033203,-9.421736717224121,-10.638821601867676,-10.928159713745117,-10.726737022399902,-11.09253215789795,-11.489503860473633,-11.738962173461914,-11.515571594238281,-11.235565185546875,-12.183557510375977,-13.546975135803223,-13.592339515686035,-13.862686157226562,-14.764256477355957,-15.154295921325684,-15.176926612854004,-14.95340633392334,-14.652262687683105,-14.447760581970215,-14.173336029052734,-13.901782989501953,-13.53032398223877,-13.562966346740723,-13.895200729370117,-14.536861419677734,-15.330282211303711,-15.992393493652344,-16.225008010864258,-15.963401794433594,-15.35721492767334,-14.59974479675293,-13.920193672180176,-13.643451690673828,-13.902961730957031,-14.43238353729248
-4.831270217895508,-6.316669464111328,-8.295428276062012,-8.722661972045898,-9.631284713745117,-9.627243995666504,-8.934182167053223,-7.856925964355469,-9.427643775939941,-9.755481719970703,-9.896784782409668,-10.023563385009766,-10.513686180114746,-10.772615432739258,-10.9945068359375,-11.322147369384766,-11.559934616088867,-12.194421768188477,-12.836210250854492,-13.600082397460938,-14.080373764038086,-14.305623054504395,-14.590785026550293,-14.563581466674805,-13.780277252197266,-13.659783363342285,-13.753090858459473,-13.542323112487793,-13.270302772521973,-13.07879638671875,-13.093940734863281,-13.395323753356934,-14.005024909973145,-14.828326225280762,-15.60375690460205,-16.016407012939453,-15.984833717346191,-15.612616539001465,-15.018204689025879,-14.38939094543457,-14.066947937011719,-14.14669418334961,-14.47342300415039
