data/wind_data/wind_69_1.json
{"header": {"parameterUnit": "KT", "parameterCategory": 2, "nx": 256, "ny": 198, "lo1": 44.73521041870117, "la1": -3.236724853515625, "lo2": 111.26478576660156, "la2": 43.468475341796875, "dx": 0.2609002888202667, "dy": -0.23708222806453705, "refTime": "2025-02-21 21:00:00", "forecastTime": 0, "parameterNumber": 2, "parameterNumberName": "eastward_wind"}, "data":
[rows 76 to 94 of 198, columns 43 to 85 of 256]
-8.079926490783691,-7.026461601257324,-6.344918727874756,-7.174774646759033,-8.700516700744629,-9.4138765335083,-8.362824440002441,-8.685847282409668,-8.938064575195312,-9.09846305847168,-9.087099075317383,-8.526176452636719,-8.738580703735352,-9.152338027954102,-8.385910987854004,-8.080784797668457,-8.217964172363281,-7.514585494995117,-7.910012722015381,-7.318439483642578,-6.997051239013672,-7.644489765167236,-8.2570161819458,-7.442909240722656,-7.614152908325195,-6.261101245880127,-6.106381893157959,-5.422155380249023,-5.447274208068848,-5.589069843292236,-5.738425254821777,-5.745109558105469,-5.8544840812683105,-6.433815002441406,-6.838100910186768,-6.342005729675293,-5.8337812423706055,-5.118171215057373,-4.136057376861572,-3.1469337940216064,-2.2897720336914062,-1.5428082942962646,-1.591748833656311
-6.611135482788086,-6.871522426605225,-6.308032989501953,-6.702548980712891,-8.539620399475098,-7.996547698974609,-8.601778030395508,-8.562952041625977,-9.221733093261719,-9.14895248413086,-9.243806838989258,-8.446524620056152,-8.686634063720703,-9.037616729736328,-7.691690921783447,-6.976420879364014,-6.976223468780518,-7.509311199188232,-7.460710525512695,-6.658499717712402,-7.159245014190674,-8.467965126037598,-8.02041244506836,-8.037007331848145,-7.270049095153809,-6.494001865386963,-6.097204685211182,-5.596138000488281,-5.482597351074219,-5.728552341461182,-5.838665008544922,-5.984311103820801,-6.139086723327637,-6.7217512130737305,-7.0399041175842285,-6.412036418914795,-6.035879611968994,-5.2803473472595215,-4.194875240325928,-3.232027292251587,-2.470043659210205,-1.7932426929473877,-1.5415040254592896
-5.654745578765869,-6.2437238693237305,-5.6450581550598145,-6.262887477874756,-7.704512596130371,-7.56219482421875,-8.200203895568848,-8.24759578704834,-8.903789520263672,-9.028765678405762,-9.603379249572754,-9.18543815612793,-8.783838272094727,-8.683815002441406,-7.823136806488037,-6.35314416885376,-6.399102687835693,-6.3255791664123535,-6.622285842895508,-5.297754764556885,-7.123044490814209,-8.122333526611328,-8.004359245300293,-8.425005912780762,-7.227574348449707,-6.60587215423584,-5.692692756652832,-5.409584999084473,-5.4109907150268555,-5.647923946380615,-5.9684224128723145,-6.525112152099609,-6.797378063201904,-6.911370277404785,-6.888886451721191,-6.2162275314331055,-5.723689079284668,-5.06032657623291,-4.053770065307617,-3.168095827102661,-2.6336581707000732,-2.073864221572876,-1.7989692687988281
-5.4647626876831055,-5.47376823425293,-5.2797956466674805,-6.033802509307861,-7.1239213943481445,-6.97028112411499,-7.643063068389893,-7.740792274475098,-8.250103950500488,-8.523128509521484,-9.23376750946045,-9.451595306396484,-9.299571990966797,-8.491140365600586,-7.480017185211182,-6.07302713394165,-5.856236457824707,-5.140451431274414,-5.202586650848389,-5.002133369445801,-7.268196105957031,-7.300018787384033,-8.253623962402344,-7.953066349029541,-7.6365532875061035,-6.526993751525879,-5.64385461807251,-5.157127380371094,-5.251922130584717,-5.566218376159668,-6.2199530601501465,-6.811690330505371,-7.401944637298584,-7.352041244506836,-6.755607604980469,-5.849981784820557,-5.2246174812316895,-4.691413402557373,-3.8957931995391846,-3.322596311569214,-2.73793625831604,-2.3464698791503906,-2.1117355823516846
-5.3576812744140625,-4.708386421203613,-5.177439212799072,-5.519007682800293,-6.32925271987915,-6.097334861755371,-6.7125396728515625,-7.165763854980469,-7.953670501708984,-8.378758430480957,-8.74968147277832,-8.926239013671875,-8.657172203063965,-7.317956924438477,-6.3335394859313965,-5.450067043304443,-5.094609260559082,-4.752584457397461,-4.343769073486328,-4.966823101043701,-6.6656951904296875,-6.5668253898620605,-7.8488969802856445,-7.926760196685791,-7.874117851257324,-6.695102691650391,-6.084399223327637,-5.365460395812988,-5.284579277038574,-5.534392356872559,-6.002183437347412,-6.865805149078369,-7.425294876098633,-7.209563732147217,-6.510549545288086,-5.573862552642822,-4.876499176025391,-4.236542224884033,-3.841113567352295,-3.326056480407715,-2.835742473602295,-2.508225679397583,-2.329721689224243
-5.3649115562438965,-4.963953495025635,-4.671593189239502,-4.96195125579834,-5.489469051361084,-5.295649528503418,-5.896130084991455,-6.788701057434082,-7.714252471923828,-8.218859672546387,-8.14775562286377,-8.571203231811523,-8.13044548034668,-6.043237209320068,-5.27427339553833,-4.763731956481934,-4.501622200012207,-4.527250289916992,-4.299787521362305,-4.628138542175293,-5.974005222320557,-6.586450099945068,-7.5418291091918945,-7.736232757568359,-7.795818328857422,-7.093689918518066,-6.25838565826416,-5.681252479553223,-5.387869834899902,-5.674617290496826,-6.3149518966674805,-6.816936016082764,-6.841248512268066,-6.60189962387085,-6.178991317749023,-5.3488969802856445,-4.6338372230529785,-4.072687149047852,-3.681102752685547,-3.096036672592163,-2.668804883956909,-2.2119126319885254,-2.0519237518310547
-3.5907061100006104,-3.0441129207611084,-2.9974303245544434,-4.418867111206055,-4.379345417022705,-4.930065631866455,-5.36367130279541,-6.3278303146362305,-6.949827194213867,-7.45947265625,-7.813862323760986,-8.80233097076416,-7.748739719390869,-5.3128509521484375,-4.190914154052734,-3.8246097564697266,-4.397348880767822,-4.5120625495910645,-4.108586311340332,-5.470170497894287,-5.499786853790283,-6.605757713317871,-7.149421691894531,-7.936228275299072,-7.9013142585754395,-7.400901794433594,-6.6011223793029785,-5.996425628662109,-5.732264518737793,-6.014354705810547,-6.3733696937561035,-6.695058345794678,-6.60098123550415,-6.070922374725342,-5.670648097991943,-5.19973611831665,-4.552206516265869,-4.062933444976807,-3.5397074222564697,-2.8015949726104736,-2.271435260772705,-1.761168360710144,-1.4924641847610474
-3.9421212673187256,-2.295720338821411,-2.0135371685028076,-2.6471333503723145,-4.401871204376221,-4.553415298461914,-5.505639553070068,-5.96542501449585,-6.398130416870117,-6.817551612854004,-8.034734725952148,-8.420421600341797,-7.854575157165527,-5.311415672302246,-4.251986503601074,-3.605409860610962,-4.603093147277832,-4.7232985496521,-4.218280792236328,-6.371109485626221,-5.553248882293701,-6.590585231781006,-6.861263275146484,-7.683506011962891,-7.76394510269165,-7.517660617828369,-7.038583755493164,-6.454865455627441,-6.170748710632324,-6.342825889587402,-6.594257354736328,-6.398076057434082,-6.0514960289001465,-5.608948230743408,-5.296703815460205,-5.03720760345459,-4.509122371673584,-3.979499101638794,-3.545779228210449,-2.9174208641052246,-2.376889944076538,-1.6865249872207642,-1.3084205389022827
-5.398299694061279,-3.4499008655548096,-2.636202335357666,-2.1514108180999756,-4.664487361907959,-4.601759433746338,-5.68783712387085,-5.518589019775391,-5.813502788543701,-6.057598114013672,-7.882085800170898,-7.680761337280273,-6.3648295402526855,-4.127749919891357,-3.342869997024536,-3.4752917289733887,-3.572579860687256,-4.265774250030518,-6.244107246398926,-6.102283477783203,-6.2517194747924805,-6.488743782043457,-6.59712553024292,-7.00778341293335,-7.394243240356445,-7.428988456726074,-6.93624210357666,-6.495365619659424,-6.520233631134033,-6.79094123840332,-6.6977338790893555,-6.387977123260498,-5.973995685577393,-5.357315540313721,-4.952721118927002,-4.626587390899658,-4.2268218994140625,-3.88065505027771,-3.4994828701019287,-2.8278114795684814,-2.191772937774658,-1.5610755681991577,-1.0416412353515625
-6.215394020080566,-4.716213703155518,-3.6079859733581543,-2.7359490394592285,-4.7970805168151855,-4.2090606689453125,-5.010051250457764,-4.723924160003662,-5.085546970367432,-5.687159061431885,-7.167966842651367,-6.701404094696045,-5.162601470947266,-3.5807292461395264,-2.6265106201171875,-2.994300127029419,-3.985283613204956,-3.7535083293914795,-5.908740997314453,-6.3414692878723145,-6.736178874969482,-6.30311393737793,-6.190944194793701,-6.360586643218994,-6.536862850189209,-6.888136386871338,-6.802905082702637,-6.591423034667969,-6.795529842376709,-6.9476399421691895,-6.890982151031494,-6.76563835144043,-6.172909736633301,-5.460092067718506,-4.793020725250244,-4.219419956207275,-3.756196975708008,-3.316148042678833,-2.986453056335449,-2.5599818229675293,-2.0873892307281494,-1.3284997940063477,-0.7960805892944336
-6.599819183349609,-5.5699944496154785,-4.664492607116699,-3.468104362487793,-3.3193747997283936,-1.4769923686981201,-2.983499526977539,-5.130696773529053,-4.038871765136719,-5.2398552894592285,-6.00535249710083,-5.843840599060059,-4.531335830688477,-3.3125662803649902,-2.563762903213501,-2.7097935676574707,-3.15423583984375,-4.880630016326904,-5.061548233032227,-6.971715927124023,-6.318200588226318,-6.4544267654418945,-5.843286991119385,-5.986466407775879,-6.147689342498779,-6.5094757080078125,-6.510903358459473,-6.569542407989502,-6.7757039070129395,-7.067368507385254,-7.039393901824951,-6.7907233238220215,-6.276805877685547,-5.671396732330322,-4.971268177032471,-4.1063995361328125,-3.4849178791046143,-2.800741195678711,-2.3072896003723145,-2.0080854892730713,-1.50285804271698,-0.7624582648277283,-0.3489779233932495
-7.644808769226074,-6.016236782073975,-4.940075874328613,-3.607872486114502,-3.2988312244415283,-1.5954785346984863,-1.0092570781707764,-3.7395639419555664,-3.562438488006592,-4.581936359405518,-4.9625749588012695,-4.884929656982422,-3.7656118869781494,-3.0970704555511475,-2.386589288711548,-3.129441261291504,-3.5999796390533447,-5.492825984954834,-4.503793716430664,-6.16910982131958,-5.9144206047058105,-6.26829719543457,-5.982207775115967,-6.140109062194824,-5.902475357055664,-5.8948655128479,-6.051239490509033,-6.312155246734619,-6.520239353179932,-7.045657634735107,-7.452097415924072,-7.28132438659668,-6.653570652008057,-5.82843017578125,-4.821951866149902,-3.8460609912872314,-3.1260757446289062,-2.4531843662261963,-1.9285329580307007,-1.4359577894210815,-0.9602341651916504,-0.36006373167037964,-0.00878115464001894
-7.718444347381592,-6.026850700378418,-4.842125415802002,-3.4318490028381348,-2.822734832763672,-2.2530910968780518,-1.261510968208313,-2.7941126823425293,-3.319112777709961,-4.0402092933654785,-4.083410263061523,-3.882584810256958,-2.956582546234131,-3.0476083755493164,-2.4399876594543457,-3.937150239944458,-4.6208624839782715,-5.215144634246826,-4.310603141784668,-5.081374645233154,-5.284741401672363,-5.945815086364746,-6.164239883422852,-6.221855163574219,-6.051814556121826,-5.801316738128662,-5.538169860839844,-5.789093494415283,-6.470857620239258,-6.888432502746582,-7.279812812805176,-7.275476932525635,-6.594034671783447,-5.755707263946533,-4.9617695808410645,-4.053388595581055,-3.2166950702667236,-2.6440517902374268,-2.2103891372680664,-1.5416122674942017,-0.8025802373886108,-0.020003385841846466,0.5558780431747437
-7.0600714683532715,-5.4757561683654785,-4.0988335609436035,-2.7681849002838135,-2.0976364612579346,-2.8575961589813232,-1.0868239402770996,-1.4025720357894897,-3.6005592346191406,-3.240788221359253,-3.8045201301574707,-3.0660595893859863,-2.7291653156280518,-2.6843957901000977,-2.5560309886932373,-4.432812690734863,-5.358322620391846,-4.861497402191162,-4.506908893585205,-4.188940048217773,-4.618274211883545,-5.492900848388672,-6.340858459472656,-6.442337989807129,-6.110890865325928,-5.74124813079834,-5.414341449737549,-5.449406623840332,-5.984398365020752,-6.5632548332214355,-7.098139762878418,-7.1470112800598145,-6.509284496307373,-5.748826503753662,-5.125054836273193,-4.435461044311523,-3.637244462966919,-2.9260101318359375,-2.4292068481445312,-1.6834867000579834,-0.9356685280799866,0.1549309641122818,1.0356124639511108
-6.312784671783447,-5.023531436920166,-3.434968948364258,-2.68850040435791,-1.7731232643127441,-2.061260938644409,-2.1768715381622314,-1.769800066947937,-2.4209353923797607,-3.4105687141418457,-3.166532278060913,-3.196861982345581,-2.965644598007202,-2.5194268226623535,-2.532290458679199,-4.118963241577148,-4.890282154083252,-4.4158759117126465,-4.179030418395996,-3.7938153743743896,-4.603738307952881,-5.301774978637695,-5.969583511352539,-6.183475494384766,-5.981359958648682,-5.723303318023682,-5.4148945808410645,-5.40078592300415,-5.766727447509766,-6.324567794799805,-6.885541915893555,-6.878288745880127,-6.401031017303467,-5.879024505615234,-5.258220672607422,-4.594375133514404,-3.9160263538360596,-3.1567647457122803,-2.5144083499908447,-1.7787764072418213,-1.0251506567001343,0.46154385805130005,1.5722709894180298
-5.55219841003418,-4.163545608520508,-3.089648962020874,-2.765651226043701,-1.7910336256027222,-1.7125517129898071,-1.848297357559204,-1.7114542722702026,-2.6234350204467773,-2.4743764400482178,-3.663809061050415,-3.2762255668640137,-3.501805543899536,-2.745694875717163,-2.7864532470703125,-4.008452415466309,-3.6482717990875244,-3.9967126846313477,-4.032134056091309,-4.065408229827881,-4.776862621307373,-5.2666916847229,-5.590022563934326,-5.509859085083008,-5.476504802703857,-5.579259872436523,-5.4039082527160645,-5.264108180999756,-5.528494834899902,-6.100138187408447,-6.497131824493408,-6.57921838760376,-6.526169776916504,-6.091134071350098,-5.555178642272949,-4.903877258300781,-4.1517109870910645,-3.2944085597991943,-2.4567317962646484,-1.656669020652771,-0.9955222606658936,0.5813605785369873,1.9382381439208984
-4.968618392944336,-3.9668049812316895,-3.4259424209594727,-2.943673849105835,-2.14180064201355,-1.5388023853302002,-0.1867893636226654,0.16310694813728333,-2.2696785926818848,-2.7845005989074707,-2.8027327060699463,-3.2664122581481934,-3.743685483932495,-2.601541519165039,-2.2984349727630615,-3.3224987983703613,-2.6426491737365723,-3.669369697570801,-4.053722381591797,-4.549884796142578,-4.987494945526123,-5.089289665222168,-4.934278964996338,-4.6870222091674805,-4.963166236877441,-5.298877239227295,-5.326586723327637,-5.389723777770996,-5.452243328094482,-5.564619064331055,-5.974233627319336,-6.3114914894104,-6.459217071533203,-6.287120819091797,-5.80405330657959,-4.9556779861450195,-3.958005905151367,-3.031252145767212,-2.2794411182403564,-1.441952109336853,-0.8848865032196045,0.6695881485939026,2.143712043762207
-4.466453552246094,-3.921308755874634,-3.8741872310638428,-3.1512367725372314,-2.322669744491577,-1.45911705493927,0.23483920097351074,-0.15422847867012024,-2.140739917755127,-3.0717437267303467,-1.88821280002594,-3.473083019256592,-2.2141823768615723,-2.4359731674194336,-1.1432565450668335,-2.746077299118042,-2.5448429584503174,-3.846219539642334,-4.070835590362549,-4.437252998352051,-4.541046142578125,-4.511704921722412,-4.1590752601623535,-4.110705375671387,-4.387125492095947,-4.977144718170166,-5.312866687774658,-5.44486665725708,-5.286617279052734,-5.040497779846191,-5.0179762840271,-5.450377941131592,-5.96584415435791,-6.017080307006836,-5.565340995788574,-4.677753925323486,-3.615939140319824,-2.6840763092041016,-2.1376028060913086,-1.4664149284362793,-0.8033537268638611,0.7725759744644165,2.3278534412384033
-3.259131669998169,-3.4937257766723633,-4.267300128936768,-3.3839190006256104,-2.4478800296783447,-1.6885229349136353,-0.6581705212593079,-1.3015655279159546,-4.031200408935547,-3.7710649967193604,-0.9259657263755798,-1.5598024129867554,-0.995243489742279,-1.1375732421875,-0.7098218202590942,-2.891601800918579,-3.3053033351898193,-4.040219783782959,-3.7052695751190186,-3.600174903869629,-3.288893222808838,-3.4582464694976807,-3.609266996383667,-3.906751871109009,-4.429800987243652,-5.018648147583008,-5.238006114959717,-5.236219882965088,-4.739952564239502,-4.1676483154296875,-4.169012546539307,-4.793336391448975,-5.501739978790283,-5.529102802276611,-5.105935096740723,-4.500232696533203,-3.6181297302246094,-2.7200911045074463,-2.3299455642700195,-1.6926918029785156,-0.7745121717453003,0.8305637240409851,2.3330016136169434
