data/wind_data/wind_9_5.json
{"header": {"parameterUnit": "KT", "parameterCategory": 2, "nx": 256, "ny": 198, "lo1": 44.73521041870117, "la1": -3.236724853515625, "lo2": 111.26478576660156, "la2": 43.468475341796875, "dx": 0.2609002888202667, "dy": -0.23708222806453705, "refTime": "2025-02-19 09:00:00", "forecastTime": 0, "parameterNumber": 2, "parameterNumberName": "eastward_wind"}, "data":
[rows 160 to 179 of 198, columns 88 to 131 of 256]
15.458203315734863,14.369505882263184,13.154642105102539,7.919615745544434,3.334825277328491,3.223538398742676,7.91543436050415,11.920741081237793,14.286455154418945,18.509479522705078,22.50231170654297,26.463693618774414,31.546897888183594,37.175880432128906,40.1864013671875,35.672569274902344,31.53319549560547,32.9765510559082,35.4885368347168,33.08674240112305,30.222030639648438,29.30002784729004,29.634654998779297,28.947437286376953,26.95873260498047,24.250675201416016,24.552019119262695,27.626386642456055,30.228647232055664,31.231714248657227,32.1785774230957,33.112396240234375,33.60857391357422,33.142433166503906,31.26761817932129,28.763566970825195,27.270017623901367,24.122821807861328,20.344614028930664,15.762473106384277,13.549707412719727,14.163714408874512,15.497770309448242,13.378271102905273
8.910611152648926,7.852057933807373,8.269508361816406,5.291530132293701,2.70133900642395,1.9092655181884766,6.071782112121582,10.989574432373047,13.746843338012695,16.685041427612305,20.44198226928711,24.264028549194336,28.25579071044922,33.20900344848633,37.084014892578125,37.07000732421875,33.368568420410156,28.313373565673828,26.180004119873047,28.169818878173828,29.429861068725586,29.3779354095459,28.07462501525879,26.606096267700195,25.601078033447266,24.518096923828125,25.0767879486084,27.89463996887207,31.13890838623047,33.01374816894531,33.64813232421875,33.83442306518555,33.70172119140625,31.801023483276367,27.88268280029297,25.361696243286133,23.059179306030273,19.564802169799805,16.749649047851562,13.758955955505371,11.085343360900879,12.070075988769531,13.340822219848633,11.218423843383789
4.819135665893555,4.277058124542236,5.055420875549316,4.00966215133667,2.761892557144165,1.5607937574386597,3.703859329223633,6.4601731300354,10.126832962036133,13.946032524108887,18.282140731811523,21.02694320678711,22.628103256225586,24.995756149291992,28.119873046875,31.874814987182617,33.17086410522461,28.81525993347168,25.09454345703125,27.16270637512207,30.24614715576172,30.927066802978516,30.664207458496094,30.27680015563965,30.43669891357422,31.3707218170166,31.4738826751709,29.771699905395508,29.92337989807129,31.893268585205078,33.823394775390625,34.313629150390625,32.37638473510742,28.63547706604004,24.94945526123047,21.95755958557129,18.90146827697754,17.701854705810547,16.32221031188965,14.916156768798828,11.312681198120117,12.228033065795898,11.912968635559082,14.275062561035156
3.853646993637085,3.5656661987304688,3.0937490463256836,2.7148375511169434,2.5733330249786377,2.141439199447632,2.8618991374969482,4.70165491104126,7.555229663848877,10.21118450164795,14.428034782409668,17.811887741088867,17.73305320739746,19.066808700561523,22.270593643188477,25.979839324951172,30.05307960510254,31.1065673828125,30.549362182617188,31.508670806884766,33.31029510498047,34.15523147583008,34.55714797973633,34.693973541259766,34.78186798095703,36.01268005371094,35.03480529785156,32.09148406982422,31.621828079223633,33.66475296020508,36.299110412597656,34.870506286621094,30.343717575073242,26.35850715637207,23.1852970123291,16.248332977294922,13.622748374938965,13.89190673828125,14.617369651794434,14.321434020996094,14.729557037353516,16.674592971801758,16.41168785095215,12.961323738098145
4.4529194831848145,4.531446933746338,3.372171640396118,2.7313268184661865,3.195568323135376,3.0222854614257812,3.041466474533081,4.668398380279541,6.740895748138428,8.100868225097656,9.842137336730957,13.398935317993164,16.394760131835938,18.930994033813477,23.1892147064209,27.113719940185547,30.379465103149414,32.48052215576172,34.44989776611328,35.68818664550781,35.82176208496094,35.59140396118164,35.302513122558594,35.41411590576172,35.7033576965332,36.04043960571289,34.33280563354492,33.12771987915039,33.760704040527344,36.592567443847656,37.24544143676758,33.65265655517578,27.48569679260254,22.065282821655273,15.165215492248535,8.653802871704102,9.912749290466309,13.074734687805176,18.156404495239258,20.710132598876953,15.872323036193848,12.208211898803711,13.246171951293945,13.060638427734375
5.138563632965088,5.181916236877441,5.073850154876709,4.987720012664795,4.933535575866699,4.026181697845459,3.6175966262817383,4.670190811157227,7.230495452880859,8.782096862792969,9.014049530029297,10.654326438903809,14.936968803405762,20.47132110595703,25.20818519592285,29.088573455810547,31.891307830810547,33.612796783447266,34.69497299194336,35.266456604003906,36.252349853515625,36.73202896118164,36.24701690673828,35.67182922363281,35.396217346191406,35.14376449584961,34.94539260864258,35.55076599121094,36.68325424194336,37.275943756103516,35.31053924560547,28.820247650146484,21.05143928527832,12.782830238342285,10.44025993347168,13.444783210754395,12.707428932189941,14.411263465881348,17.62633514404297,18.197555541992188,15.170549392700195,12.759101867675781,12.586248397827148,12.595455169677734
6.46945333480835,5.883153438568115,6.7497878074646,7.688836574554443,7.357118129730225,5.837752819061279,4.945478439331055,5.097631931304932,6.851705551147461,9.179924964904785,10.695314407348633,13.113587379455566,17.832902908325195,23.03152084350586,25.824071884155273,27.023143768310547,29.903076171875,32.745113372802734,34.1750602722168,35.209171295166016,36.19622039794922,36.96256637573242,37.3517951965332,37.087974548339844,36.127601623535156,35.67033386230469,36.588802337646484,38.338768005371094,38.457916259765625,36.37692642211914,32.97999572753906,21.940412521362305,12.925704956054688,4.519999980926514,13.833538055419922,14.68049144744873,15.06454086303711,16.419696807861328,17.868114471435547,17.475162506103516,14.4957857131958,12.725025177001953,12.723097801208496,12.07925796508789
8.993521690368652,7.905956745147705,8.34933853149414,9.163508415222168,8.89632797241211,7.68133544921875,6.895051956176758,6.710660457611084,7.396207809448242,9.334980010986328,11.813675880432129,15.410354614257812,19.591758728027344,23.455476760864258,25.332420349121094,26.593719482421875,30.1922550201416,33.547054290771484,35.24610900878906,36.78116226196289,36.146881103515625,34.27260971069336,33.25163650512695,32.68439865112305,31.61438751220703,30.93244171142578,30.55898094177246,30.87635040283203,31.911911010742188,26.607038497924805,19.643936157226562,9.928471565246582,9.830037117004395,14.869828224182129,10.866395950317383,12.298994064331055,16.123062133789062,19.102773666381836,19.117137908935547,16.230484008789062,13.099593162536621,12.545295715332031,13.283462524414062,13.570099830627441
12.080211639404297,10.838508605957031,10.147346496582031,10.079886436462402,9.805370330810547,9.27978515625,8.837857246398926,8.47551155090332,8.813135147094727,9.649362564086914,12.019465446472168,15.643144607543945,19.02791976928711,21.624956130981445,23.41068458557129,25.988628387451172,29.70258140563965,33.144874572753906,35.38022232055664,36.46424865722656,34.68630599975586,32.40412139892578,31.63885498046875,30.687744140625,28.983768463134766,26.258424758911133,24.369239807128906,25.32550048828125,23.677202224731445,14.952942848205566,14.388971328735352,10.689055442810059,12.223220825195312,14.132305145263672,12.847460746765137,15.469155311584473,18.889373779296875,20.240095138549805,16.971529006958008,12.270539283752441,11.124282836914062,12.411640167236328,13.31627082824707,13.723010063171387
14.29835319519043,13.550671577453613,12.387944221496582,11.575224876403809,11.185135841369629,11.02376937866211,10.851088523864746,10.274528503417969,10.138345718383789,10.150972366333008,12.169589042663574,15.43287181854248,18.42087173461914,19.8177433013916,20.73345375061035,22.796627044677734,25.418136596679688,29.00323486328125,32.564334869384766,33.73876190185547,33.52666473388672,33.288082122802734,32.374351501464844,30.992395401000977,29.439842224121094,27.0183162689209,24.605329513549805,24.383968353271484,19.061237335205078,14.047252655029297,16.260650634765625,14.850447654724121,13.609676361083984,11.680243492126465,12.970995903015137,17.660419464111328,20.65468406677246,19.1657772064209,13.74012565612793,10.240117073059082,10.464571952819824,11.790035247802734,12.71855354309082,13.782981872558594
15.56019115447998,15.542827606201172,14.961559295654297,13.935806274414062,13.053698539733887,12.644536972045898,12.411287307739258,12.031397819519043,11.530988693237305,11.450773239135742,13.160375595092773,15.40453052520752,17.380300521850586,18.65927505493164,19.596172332763672,21.273191452026367,22.95979118347168,24.522891998291016,26.55580711364746,28.247928619384766,30.042604446411133,30.92791748046875,30.48908233642578,29.558837890625,27.954015731811523,26.28521156311035,24.705615997314453,23.24327278137207,19.96552276611328,21.51961326599121,22.511335372924805,11.819258689880371,14.21701431274414,12.33015251159668,12.95909309387207,17.839094161987305,19.844141006469727,16.917959213256836,12.707121849060059,10.982208251953125,11.387777328491211,12.523341178894043,13.86196231842041,15.54023551940918
17.03290367126465,16.6027889251709,16.451330184936523,16.19186019897461,15.447046279907227,14.732769966125488,14.197016716003418,14.160158157348633,13.915223121643066,14.171271324157715,15.386395454406738,16.18814468383789,16.301467895507812,18.172508239746094,20.116275787353516,21.230066299438477,22.498577117919922,23.513212203979492,24.065874099731445,24.416412353515625,24.726417541503906,25.360443115234375,26.53476905822754,26.33872413635254,24.745779037475586,23.629701614379883,22.712783813476562,22.677122116088867,23.100383758544922,26.461124420166016,24.369712829589844,8.249128341674805,14.228236198425293,12.678387641906738,14.344365119934082,16.961891174316406,16.76754379272461,14.284622192382812,12.4599609375,12.379462242126465,13.256477355957031,14.604415893554688,16.22314453125,17.873613357543945
19.801401138305664,17.442243576049805,16.63886070251465,16.590099334716797,16.60260009765625,16.362842559814453,16.026586532592773,16.165132522583008,16.624439239501953,17.375673294067383,18.288063049316406,18.57001495361328,19.07614517211914,20.962778091430664,22.558807373046875,22.396604537963867,22.931259155273438,24.747880935668945,26.1881103515625,25.396343231201172,23.867481231689453,24.329519271850586,25.856698989868164,24.74778938293457,22.835905075073242,21.931507110595703,22.633752822875977,22.863731384277344,24.591222763061523,26.265058517456055,15.760871887207031,9.4304780960083,12.840485572814941,15.063234329223633,16.361854553222656,16.69915771484375,15.33701229095459,13.643121719360352,13.375382423400879,14.414194107055664,16.001325607299805,18.02585792541504,19.83724594116211,20.72265625
23.690004348754883,21.388214111328125,20.699289321899414,20.33920669555664,19.832599639892578,19.500930786132812,19.102365493774414,18.344974517822266,18.33383560180664,19.013507843017578,19.81658363342285,20.45311737060547,21.783906936645508,23.59165382385254,25.002490997314453,25.244935989379883,25.727243423461914,27.452539443969727,28.52657699584961,28.054035186767578,27.84809684753418,28.039417266845703,27.36480712890625,24.046804428100586,22.096355438232422,22.602294921875,23.109180450439453,23.21786880493164,25.327558517456055,20.109071731567383,15.215119361877441,14.58355712890625,13.946825981140137,15.016220092773438,16.53614044189453,17.40315818786621,17.1259765625,16.71221351623535,17.513004302978516,19.1971435546875,21.092618942260742,23.235652923583984,24.559234619140625,24.114965438842773
27.139204025268555,26.924301147460938,27.502986907958984,27.96579933166504,27.204647064208984,26.205162048339844,25.065336227416992,23.527122497558594,21.98174476623535,21.315309524536133,21.814579010009766,22.72391700744629,23.553987503051758,24.658708572387695,25.61393165588379,27.371232986450195,29.30136489868164,29.87947654724121,29.61217498779297,30.38771629333496,31.8199405670166,30.466066360473633,28.06146240234375,27.123380661010742,26.90874671936035,24.91567039489746,23.375083923339844,25.54766845703125,23.16221046447754,14.227045059204102,15.82791519165039,17.77409553527832,16.291866302490234,15.424939155578613,16.781795501708984,18.79584312438965,20.355134963989258,21.79119110107422,23.740747451782227,25.380910873413086,26.182147979736328,27.27159881591797,26.666728973388672,24.753768920898438
25.639402389526367,27.322681427001953,28.073698043823242,28.640193939208984,29.79385757446289,30.513835906982422,30.28359603881836,30.136962890625,29.072734832763672,27.083606719970703,25.762405395507812,25.13340950012207,24.2751407623291,23.616701126098633,23.147672653198242,23.717683792114258,25.953449249267578,27.454479217529297,29.36956214904785,32.43144607543945,33.40416717529297,31.15800666809082,29.656951904296875,29.1514949798584,26.890649795532227,24.24030113220215,25.030256271362305,23.140033721923828,13.559427261352539,16.696292877197266,18.84733772277832,18.394262313842773,16.72768211364746,16.121784210205078,17.463403701782227,19.810224533081055,22.044960021972656,23.7353458404541,24.848623275756836,25.227251052856445,25.669029235839844,25.840055465698242,24.434110641479492,23.95071029663086
21.11897850036621,23.270036697387695,25.968284606933594,27.202096939086914,29.887371063232422,32.31444549560547,33.12556457519531,33.82376480102539,34.30573654174805,34.660282135009766,34.56227493286133,33.588253021240234,32.77342987060547,32.662010192871094,32.46478271484375,31.61687660217285,30.810152053833008,27.618698120117188,27.84656524658203,31.418048858642578,31.34383773803711,30.880409240722656,30.777416229248047,28.5093936920166,24.95709991455078,20.689083099365234,19.533620834350586,16.500619888305664,17.51890754699707,18.886520385742188,19.322463989257812,18.5559139251709,17.014827728271484,16.012828826904297,16.539306640625,18.261146545410156,19.64902687072754,20.357038497924805,20.820091247558594,21.50543975830078,22.364822387695312,22.428979873657227,22.487390518188477,24.42739486694336
18.50837516784668,19.706806182861328,21.608203887939453,23.754322052001953,26.317642211914062,29.164794921875,32.34608840942383,35.45861053466797,37.427215576171875,39.05839157104492,40.50926208496094,40.65582275390625,37.87539291381836,35.85603713989258,36.556636810302734,36.3891716003418,35.322959899902344,31.920833587646484,28.989925384521484,28.532075881958008,26.824167251586914,26.16946029663086,26.247722625732422,24.696733474731445,20.1470947265625,16.517765045166016,18.1262149810791,17.862977981567383,19.330764770507812,19.884815216064453,19.44710350036621,18.705888748168945,17.384878158569336,16.07295799255371,16.04950714111328,17.215078353881836,18.45029640197754,19.415374755859375,19.58096694946289,19.637649536132812,19.905336380004883,20.44300651550293,22.396507263183594,21.99728775024414
17.334959030151367,17.8199520111084,17.46147918701172,17.895734786987305,18.699092864990234,19.862226486206055,22.54515838623047,26.64499855041504,29.88869857788086,31.495426177978516,30.21076011657715,27.31189727783203,26.559682846069336,28.084026336669922,30.957273483276367,32.40143966674805,32.67523193359375,31.97896957397461,30.64389419555664,28.675308227539062,26.225629806518555,24.64162826538086,24.601205825805664,23.3028507232666,20.07805061340332,20.32530975341797,21.05542755126953,20.026575088500977,20.922849655151367,21.324338912963867,20.603092193603516,19.603572845458984,18.290998458862305,17.858203887939453,18.77766990661621,20.10216522216797,20.992382049560547,20.841999053955078,19.74110984802246,18.850570678710938,18.549699783325195,19.827117919921875,19.178810119628906,13.675386428833008
16.551570892333984,16.649168014526367,16.116235733032227,16.721120834350586,17.433855056762695,17.106801986694336,17.5439453125,19.544410705566406,22.05630874633789,23.810489654541016,23.186878204345703,20.61294937133789,19.94158172607422,21.991165161132812,24.56727409362793,25.933895111083984,27.519350051879883,29.225635528564453,30.238449096679688,29.23576545715332,27.575674057006836,26.67192268371582,26.428936004638672,25.527917861938477,23.518550872802734,23.626628875732422,23.453493118286133,22.35459327697754,22.107418060302734,22.096818923950195,21.614261627197266,20.85015106201172,20.24896240234375,20.680068969726562,21.951148986816406,22.609298706054688,21.887798309326172,19.63962173461914,18.904685974121094,19.572099685668945,19.34838104248047,16.812620162963867,10.860471725463867,6.559126377105713
