data/wind_data/wind_Surface_25.json
{"header": {"parameterUnit": "KT", "parameterCategory": 2, "nx": 255, "ny": 198, "lo1": 44.73521041870117, "la1": -3.236724853515625, "lo2": 111.26478576660156, "la2": 43.468475341796875, "dx": 0.26192745566368103, "dy": -0.23708222806453705, "refTime": "2025-02-20 01:00:00", "forecastTime": 0, "parameterNumber": 2, "parameterNumberName": "eastward_wind"}, "data":
[rows 19 to 37 of 198, columns 86 to 128 of 255]
-3.303194284439087,-1.9809125661849976,-1.3182138204574585,-0.6512101888656616,-1.9996423721313477,-2.6837399005889893,-1.233718991279602,-1.9431450366973877,-4.70953893661499,-6.262415885925293,-5.336418151855469,-3.330627202987671,-1.5763849020004272,-1.8380430936813354,-2.816741704940796,-4.945202827453613,-5.7422099113464355,-3.256197929382324,-2.2934279441833496,-2.5066072940826416,-2.0581002235412598,-1.8833699226379395,-2.743260622024536,-3.296592950820923,-3.519498109817505,-3.12042236328125,-3.089628219604492,-5.648138523101807,-7.0881571769714355,-7.0134406089782715,-5.772048473358154,-3.5441033840179443,-3.2099533081054688,-3.4708354473114014,-3.4116644859313965,-3.4350430965423584,-3.9798574447631836,-4.391137599945068,-3.9254913330078125,-3.8574705123901367,-3.1847610473632812,-2.3126413822174072,-2.0127017498016357
-3.0979013442993164,-2.255187511444092,-1.5471243858337402,-1.5869660377502441,-2.360419511795044,-1.465476393699646,0.3987204134464264,-0.029421208426356316,-4.255403518676758,-7.348742485046387,-6.751046180725098,-5.067567348480225,-3.9857678413391113,-3.9016687870025635,-2.569535493850708,-2.142911672592163,-5.1909613609313965,-6.897336483001709,-6.017012119293213,-4.146022319793701,-2.19124698638916,-1.7922824621200562,-3.1064834594726562,-5.767048358917236,-6.349325656890869,-4.1888885498046875,-3.3751707077026367,-5.505245685577393,-5.836777210235596,-4.348881721496582,-3.1667356491088867,-3.834510564804077,-4.273155212402344,-2.8124256134033203,-6.201348781585693,-8.270198822021484,-4.757003307342529,-3.777690887451172,-3.305152416229248,-3.2060701847076416,-3.7695608139038086,-2.9424638748168945,-2.932326555252075
-5.369399547576904,-4.915938377380371,-2.781785249710083,-1.2162656784057617,0.7535495162010193,0.7019898295402527,-0.9841939806938171,-2.7137231826782227,-6.715904712677002,-8.838254928588867,-7.213043212890625,-5.694808006286621,-5.589851379394531,-5.600776672363281,-4.416502475738525,-2.299776077270508,-3.9947986602783203,-7.9390435218811035,-6.958107948303223,-3.3256711959838867,-2.6106088161468506,-3.234394073486328,-5.367318153381348,-8.08837604522705,-7.074160099029541,-4.39301872253418,-3.6689136028289795,-4.335637092590332,-3.022199869155884,-2.1646463871002197,-2.5537946224212646,-3.6126956939697266,-4.556469917297363,-4.530162811279297,-5.491092205047607,-6.900851726531982,-5.749617576599121,-3.2560482025146484,-3.272071361541748,-5.03989839553833,-5.904199123382568,-4.741908073425293,-3.8115410804748535
-7.2471747398376465,-5.660994052886963,-2.154574394226074,0.5526250600814819,1.3842039108276367,-1.4959967136383057,-7.005753517150879,-8.890935897827148,-9.128606796264648,-9.093270301818848,-7.033834934234619,-6.814190864562988,-6.968081474304199,-6.353261470794678,-5.206681728363037,-4.547782897949219,-5.056897163391113,-6.338479995727539,-5.54843807220459,-3.221040964126587,-6.1483049392700195,-7.151922702789307,-6.19709587097168,-7.687498092651367,-6.555661201477051,-5.011866569519043,-4.863316059112549,-4.52965784072876,-2.54771089553833,-0.8267999291419983,0.00475130183622241,-3.565762996673584,-4.479250907897949,-3.207772731781006,-4.410086154937744,-4.513024806976318,-5.170241355895996,-5.1275506019592285,-5.506017684936523,-6.269720077514648,-6.190235137939453,-5.05729341506958,-5.026096820831299
-5.308258056640625,-3.766082525253296,-3.0918142795562744,-2.940171241760254,-2.7877509593963623,-3.7188620567321777,-6.205666542053223,-8.483451843261719,-8.155522346496582,-7.078460216522217,-7.1221394538879395,-7.602547645568848,-7.64202880859375,-6.9185662269592285,-6.061532974243164,-5.610439777374268,-6.019322395324707,-6.21006965637207,-4.6200385093688965,-5.026139259338379,-7.540402889251709,-7.073745250701904,-6.415449142456055,-7.151910781860352,-6.992541790008545,-6.199286937713623,-4.8264265060424805,-3.443754196166992,-2.508746385574341,-2.1265695095062256,-1.020922303199768,-1.863867998123169,-3.3115828037261963,-3.411090612411499,-2.883758544921875,-3.306062936782837,-3.9670639038085938,-4.101866245269775,-5.406469821929932,-6.145191669464111,-5.155824661254883,-3.0198867321014404,-4.298162460327148
-4.207696437835693,-4.064682483673096,-5.227496147155762,-4.531858921051025,-3.0839014053344727,-4.044980525970459,-5.978048324584961,-7.277759075164795,-7.575566291809082,-7.1641621589660645,-7.131331443786621,-7.531094551086426,-7.364002227783203,-6.786230564117432,-6.627628803253174,-6.712795734405518,-6.300380706787109,-6.41710090637207,-6.071206092834473,-4.836923599243164,-5.471676826477051,-6.44366455078125,-6.067978858947754,-6.1732378005981445,-6.314969539642334,-5.5829901695251465,-4.488218307495117,-3.357734203338623,-3.0260684490203857,-2.9151222705841064,-1.779197335243225,-0.7894339561462402,-2.263733386993408,-3.5954318046569824,-3.984666109085083,-4.465406894683838,-1.9171843528747559,-1.3306546211242676,-3.6787784099578857,-5.261569499969482,-6.006602764129639,-3.8547637462615967,-3.026315689086914
-5.589140892028809,-6.263311386108398,-5.471277713775635,-3.9945576190948486,-3.9361863136291504,-5.896274566650391,-6.915132999420166,-6.564173221588135,-7.582208633422852,-7.5961456298828125,-7.337556838989258,-7.826381206512451,-7.169507026672363,-6.361478805541992,-6.490446090698242,-6.884981155395508,-6.823400020599365,-6.694619655609131,-6.801548480987549,-6.2448859214782715,-5.541660308837891,-5.5087175369262695,-5.584049224853516,-5.280611515045166,-4.431331634521484,-3.7766919136047363,-4.053688049316406,-4.365520000457764,-4.046733379364014,-3.3127963542938232,-2.2349319458007812,-2.0118408203125,-2.7839131355285645,-3.5844054222106934,-4.854599475860596,-5.049520969390869,-3.7412450313568115,-0.9588409662246704,-4.490586280822754,-8.587054252624512,-4.823461532592773,-4.849456787109375,-5.956947326660156
-5.20803689956665,-6.988635063171387,-6.544180393218994,-6.288822174072266,-6.071855545043945,-6.507693767547607,-7.731269836425781,-7.811252117156982,-7.871523857116699,-7.855734825134277,-7.957314491271973,-8.063956260681152,-7.355122089385986,-6.754879951477051,-6.355255126953125,-6.319889545440674,-6.4486613273620605,-5.995601177215576,-5.645318031311035,-5.679440498352051,-5.5021586418151855,-5.599085807800293,-5.432460784912109,-4.6398539543151855,-2.676719903945923,-2.203256607055664,-4.8922247886657715,-6.399236679077148,-5.1920270919799805,-3.251331329345703,-3.0151259899139404,-3.4973104000091553,-3.6188247203826904,-3.8125996589660645,-3.6917152404785156,-3.637105703353882,-3.6638731956481934,-3.004385471343994,-4.906740665435791,-6.586857795715332,-2.736748218536377,-1.6580219268798828,-6.139928817749023
-5.278200149536133,-8.06950855255127,-8.087106704711914,-7.3522748947143555,-6.869351387023926,-6.5943779945373535,-7.741365432739258,-8.3391695022583,-8.338597297668457,-8.073702812194824,-8.150368690490723,-8.051827430725098,-7.510455131530762,-6.948192596435547,-6.500141143798828,-6.210171699523926,-5.857954978942871,-5.33956241607666,-4.942755699157715,-4.789134502410889,-4.800296306610107,-5.146697044372559,-5.155082702636719,-4.300121784210205,-3.6582252979278564,-5.322977066040039,-7.238968849182129,-7.243130683898926,-5.491586208343506,-2.614253520965576,-2.916914939880371,-4.617551803588867,-3.974914312362671,-3.0102806091308594,-2.7767062187194824,-3.1741015911102295,-3.474961042404175,-2.664898157119751,-2.344895124435425,-3.298387050628662,-3.1744918823242188,-1.7781574726104736,-3.863783597946167
-6.823087692260742,-7.593517780303955,-7.777902603149414,-7.055825233459473,-7.022019863128662,-7.0322265625,-7.077782154083252,-8.328840255737305,-8.902372360229492,-7.815802574157715,-6.976871490478516,-7.189145565032959,-7.276082992553711,-6.9566569328308105,-6.631432056427002,-6.074304103851318,-5.474228858947754,-4.932476043701172,-4.495430946350098,-4.284272193908691,-4.568964004516602,-5.029415130615234,-5.028720855712891,-4.668254852294922,-5.21356201171875,-6.503021240234375,-7.452446937561035,-6.775416374206543,-5.043886184692383,-3.8778693675994873,-4.14277982711792,-4.830638408660889,-3.9292471408843994,-2.8676156997680664,-2.410473108291626,-2.174948215484619,-2.8127074241638184,-3.382615327835083,-3.462113857269287,-1.8122237920761108,0.08205527812242508,-0.4419332444667816,-4.420729160308838
-7.093490123748779,-7.875599384307861,-7.960164546966553,-6.376306056976318,-6.086481094360352,-7.054300785064697,-7.583253383636475,-7.7616095542907715,-7.6587443351745605,-7.23186731338501,-6.344308853149414,-6.679373264312744,-6.651782035827637,-6.351481914520264,-6.627445697784424,-6.102358818054199,-5.594801425933838,-4.577632904052734,-3.9811782836914062,-3.9195661544799805,-3.9108564853668213,-4.155426502227783,-4.546301364898682,-5.220961093902588,-5.660067558288574,-5.553391456604004,-5.711920261383057,-5.861086845397949,-5.284774303436279,-4.392873287200928,-4.123605251312256,-4.325865745544434,-3.7447264194488525,-3.211362361907959,-2.617983341217041,-1.611352562904358,-1.3313912153244019,-1.4557440280914307,-1.7168620824813843,-0.5466482639312744,-0.03624415770173073,-1.0829957723617554,-2.5798866748809814
-7.08826208114624,-8.269871711730957,-8.02547550201416,-6.097532272338867,-5.474818706512451,-6.884231090545654,-8.381688117980957,-7.964407920837402,-6.833526134490967,-7.239082336425781,-7.102242469787598,-6.725902080535889,-5.967929363250732,-5.775997161865234,-6.185169696807861,-5.634909629821777,-5.366206645965576,-4.276925563812256,-3.96684193611145,-3.872795820236206,-3.18858003616333,-3.3111674785614014,-4.356014728546143,-5.382701873779297,-4.968260765075684,-4.307869911193848,-4.440749168395996,-4.610764026641846,-4.7677130699157715,-4.377474308013916,-3.742323398590088,-4.160022735595703,-3.738089084625244,-2.907400369644165,-2.5852949619293213,-1.8356046676635742,-0.47337305545806885,-0.006366771180182695,-0.1946740597486496,1.002640962600708,1.0317567586898804,-0.12766432762145996,-1.414670705795288
-7.40884256362915,-7.473823547363281,-8.116199493408203,-7.108641147613525,-6.061645984649658,-6.620816707611084,-8.014013290405273,-8.375816345214844,-7.454100608825684,-7.314904689788818,-7.402355670928955,-6.902234077453613,-5.9001312255859375,-5.645235538482666,-5.337445259094238,-4.732698917388916,-4.932497501373291,-4.12994384765625,-3.5585734844207764,-3.6910417079925537,-3.1944005489349365,-3.07745623588562,-3.8568854331970215,-4.439569473266602,-3.9369356632232666,-3.4319138526916504,-3.374228000640869,-3.418316602706909,-3.4021193981170654,-3.3097188472747803,-3.258359909057617,-3.4104931354522705,-3.4125592708587646,-2.8926706314086914,-2.359714984893799,-1.6784685850143433,0.5994963049888611,1.3463773727416992,0.9578771591186523,1.6488933563232422,1.385270595550537,0.4760214686393738,-0.10168671607971191
-8.047224998474121,-7.485846996307373,-7.4785051345825195,-7.7064528465271,-7.6946702003479,-7.358193397521973,-7.369861602783203,-7.441397666931152,-6.734766483306885,-6.269696235656738,-6.380725383758545,-6.373700141906738,-5.812497615814209,-5.327088832855225,-4.867251396179199,-3.993896722793579,-4.283735752105713,-4.250970840454102,-2.8789873123168945,-2.857333183288574,-3.225961446762085,-3.0059518814086914,-2.906522035598755,-3.380091905593872,-3.197040319442749,-2.5541152954101562,-2.1568329334259033,-2.1335716247558594,-2.4745218753814697,-2.34897780418396,-2.221463441848755,-1.4968552589416504,-1.0964405536651611,-1.579923152923584,-1.7400997877120972,-1.4141789674758911,0.13206352293491364,0.19964301586151123,0.6395844221115112,1.4829894304275513,1.3108471632003784,0.33513951301574707,-0.30170685052871704
-8.313657760620117,-7.782031059265137,-6.941589832305908,-6.725494861602783,-7.496936798095703,-7.502830505371094,-6.641968727111816,-6.598388671875,-6.058609485626221,-5.372774600982666,-5.09357213973999,-5.041934013366699,-4.881331920623779,-4.4854583740234375,-4.59808874130249,-4.178916931152344,-3.9489755630493164,-3.7617557048797607,-2.95096755027771,-2.3506863117218018,-2.2765116691589355,-2.626526117324829,-1.8358619213104248,-1.850821852684021,-2.4192209243774414,-2.0238707065582275,-0.9275819659233093,-0.296820729970932,-0.673835813999176,-0.8527030944824219,-0.6606770753860474,0.5483222007751465,0.9317395687103271,0.13263243436813354,0.054198551923036575,0.2306806445121765,-0.20531058311462402,-0.015797849744558334,0.9962957501411438,0.9448058009147644,0.7963365912437439,0.5236989259719849,-0.3517019748687744
-8.502952575683594,-8.146773338317871,-7.014083385467529,-5.775090217590332,-6.640252590179443,-7.348822593688965,-5.669950008392334,-5.16158390045166,-5.082301139831543,-4.442096710205078,-4.1514153480529785,-3.9619123935699463,-4.220003128051758,-3.6119182109832764,-3.450618028640747,-3.596897840499878,-3.471914291381836,-3.0033538341522217,-2.9391682147979736,-1.982189655303955,-1.0422289371490479,-1.7584161758422852,-0.8342568278312683,-0.5560535192489624,-1.021409034729004,-1.510801076889038,-0.646764874458313,0.4219348132610321,0.03935810178518295,0.5303508043289185,1.3823082447052002,1.7960668802261353,1.898890733718872,1.4549309015274048,1.331809401512146,0.9950430393218994,-0.03603753820061684,0.19552597403526306,0.52683025598526,0.5542632937431335,0.3006686866283417,-0.10108674317598343,-0.6591915488243103
-8.640969276428223,-8.311945915222168,-7.375238418579102,-5.909470081329346,-6.291224956512451,-6.551697254180908,-5.40911865234375,-5.117975234985352,-4.272245407104492,-3.4031474590301514,-3.8594889640808105,-3.316941022872925,-3.3855156898498535,-3.208113670349121,-2.5421628952026367,-1.8451968431472778,-1.8561067581176758,-1.9790856838226318,-2.232642412185669,-1.3982179164886475,-0.8655567765235901,-0.7730519771575928,0.681309163570404,-0.010853864252567291,0.1684865951538086,0.2432982474565506,-0.07842522859573364,0.16227975487709045,-0.10677370429039001,1.2459310293197632,2.663038969039917,2.090616226196289,1.6583251953125,1.7054800987243652,1.7530701160430908,1.0027695894241333,0.4533687233924866,-0.10574673116207123,-0.24165135622024536,0.34577468037605286,-0.21150313317775726,-0.3272196650505066,-0.09726212173700333
-8.332996368408203,-8.852764129638672,-7.445751667022705,-5.919372081756592,-5.901852130889893,-5.7380194664001465,-4.974339962005615,-5.1727614402771,-4.913099765777588,-3.2836155891418457,-3.48718523979187,-3.2226486206054688,-2.830594539642334,-2.6180648803710938,-2.347240447998047,-1.7440667152404785,-2.161832809448242,-2.7727441787719727,-2.186002016067505,-0.9874934554100037,-0.5646344423294067,-0.8383728861808777,-0.08839540928602219,-0.18865276873111725,0.7591449022293091,0.6234633922576904,0.145266592502594,0.8214784860610962,0.712725818157196,1.3647223711013794,1.880172610282898,1.605568766593933,1.6439704895019531,1.1456669569015503,1.065881609916687,0.5820024609565735,-0.5192703008651733,-1.0216071605682373,-0.8663688898086548,-0.720917820930481,-0.6141335964202881,-0.11955926567316055,0.25835397839546204
-8.055288314819336,-8.064120292663574,-6.75202751159668,-5.307065486907959,-5.776660919189453,-5.444545745849609,-3.5683209896087646,-3.732029676437378,-4.748239040374756,-3.579451322555542,-2.7208197116851807,-2.7289929389953613,-2.863358974456787,-1.4128365516662598,-1.8393199443817139,-2.237163782119751,-1.5180743932724,-1.9418021440505981,-1.0867085456848145,-0.35398438572883606,-0.3155611753463745,-0.3201952576637268,-0.10261908918619156,-0.18017169833183289,0.24890100955963135,0.08566870540380478,0.9469777345657349,1.2310819625854492,0.8028746247291565,1.0264430046081543,1.3147704601287842,1.4866424798965454,1.3630815744400024,1.0789618492126465,0.9558510184288025,0.0879930704832077,-0.4798518121242523,-0.935397207736969,-1.613145112991333,-1.2778788805007935,-0.5386690497398376,0.8607680201530457,-0.007054091896861792
