data/wind_data/wind_55_2.json
{"header": {"parameterUnit": "KT", "parameterCategory": 2, "nx": 256, "ny": 198, "lo1": 44.73521041870117, "la1": -3.236724853515625, "lo2": 111.26478576660156, "la2": 43.468475341796875, "dx": 0.2609002888202667, "dy": -0.23708222806453705, "refTime": "2025-02-21 07:00:00", "forecastTime": 0, "parameterNumber": 2, "parameterNumberName": "eastward_wind"}, "data":
[rows 76 to 94 of 198, columns 0 to 42 of 256]
-4.320152759552002,-3.3212573528289795,-3.5667481422424316,-5.620386600494385,-9.25760555267334,-8.881523132324219,-8.239008903503418,-5.129570484161377,-1.7810380458831787,-0.42766979336738586,0.6599143147468567,2.4526467323303223,4.170402526855469,5.7604570388793945,4.35744571685791,0.33896803855895996,1.7062052488327026,5.283488750457764,5.934254169464111,4.6278486251831055,2.4978866577148438,1.9086822271347046,3.663857936859131,2.325547695159912,0.8216632604598999,0.2260829508304596,-0.3269714117050171,0.48588788509368896,1.7344626188278198,0.7943846583366394,1.1857844591140747,1.363885760307312,3.30949068069458,4.60348653793335,3.619185209274292,2.35158634185791,2.3383662700653076,3.3562495708465576,1.927192211151123,2.030332565307617,1.0508042573928833,0.39404186606407166,-0.24253252148628235
-4.1371660232543945,-3.652869462966919,-4.071311950683594,-4.985525608062744,-7.219171524047852,-9.164271354675293,-9.89002513885498,-7.102643013000488,-3.0704174041748047,-0.9870408177375793,0.5616164207458496,2.8878936767578125,3.6354849338531494,3.6950950622558594,2.814919948577881,3.1938674449920654,5.310851097106934,6.559841156005859,8.156168937683105,9.336503028869629,7.00915002822876,3.9066905975341797,3.4944653511047363,2.890953540802002,1.98497474193573,1.0679125785827637,0.5987062454223633,1.1764999628067017,1.9256434440612793,1.7723976373672485,1.9203766584396362,1.9419314861297607,1.9803712368011475,2.836448907852173,3.83383846282959,4.663593769073486,3.059011459350586,3.518709421157837,3.8991341590881348,3.2598824501037598,2.6370999813079834,2.043931245803833,1.1125978231430054
-4.684914588928223,-3.861553907394409,-3.225895881652832,-3.632566452026367,-5.665952205657959,-9.103626251220703,-10.677191734313965,-8.82951545715332,-4.099507808685303,-0.8877185583114624,0.8095901608467102,3.964052438735962,3.7045977115631104,1.9779001474380493,1.2926303148269653,2.276639938354492,5.970700740814209,9.946542739868164,12.274721145629883,12.576613426208496,10.994711875915527,7.81052303314209,5.412468910217285,3.6552939414978027,3.0713882446289062,2.9498610496520996,2.934410810470581,3.2616806030273438,3.4176363945007324,3.652111291885376,3.539593458175659,2.6004514694213867,0.8891890048980713,0.8111741542816162,1.3249940872192383,2.928135395050049,4.881698131561279,3.5834567546844482,2.953529119491577,3.3655898571014404,3.801516532897949,3.485912799835205,2.0863547325134277
-5.187042236328125,-4.0399370193481445,-3.257136583328247,-3.3586363792419434,-4.2876973152160645,-7.222954273223877,-10.403266906738281,-9.939839363098145,-5.332760810852051,-1.0074337720870972,1.2485206127166748,3.072812080383301,2.8165225982666016,2.1701912879943848,3.781181812286377,6.2678422927856445,8.286210060119629,10.198816299438477,12.74606990814209,15.618131637573242,15.092357635498047,11.773305892944336,8.733803749084473,6.483032703399658,4.7654852867126465,4.8035359382629395,6.127986431121826,6.483846664428711,6.346555233001709,6.512697696685791,5.874902725219727,4.205605983734131,1.5301649570465088,0.7235761880874634,0.3663882315158844,0.6587448716163635,2.2773478031158447,1.826190710067749,1.068670630455017,1.9412342309951782,3.3998358249664307,3.306612014770508,2.327637195587158
-5.641088008880615,-4.97477912902832,-4.503947734832764,-5.131015777587891,-6.185847759246826,-7.190309047698975,-10.052248001098633,-10.636877059936523,-6.404917240142822,-1.0171029567718506,1.6381587982177734,3.272050380706787,4.085455417633057,4.916727066040039,6.1010541915893555,7.6268086433410645,10.52802562713623,13.53341293334961,13.846981048583984,15.741498947143555,18.35698127746582,16.459156036376953,12.83088493347168,10.551671981811523,8.134673118591309,6.283303260803223,7.476297855377197,9.294658660888672,9.39880657196045,8.62438678741455,7.568995475769043,6.016209602355957,4.218994140625,2.7363440990448,1.1636598110198975,0.37706372141838074,0.9011026620864868,2.0569815635681152,2.50927472114563,1.5539822578430176,0.4068104028701782,1.9277032613754272,2.298283338546753
-5.663602828979492,-5.813387393951416,-6.176388263702393,-8.015013694763184,-9.805853843688965,-8.910453796386719,-9.827310562133789,-10.219834327697754,-8.485058784484863,-4.548599720001221,-0.6905785202980042,1.837247610092163,1.5065417289733887,-0.6910737156867981,-0.9837358593940735,1.014377474784851,5.396608829498291,10.922199249267578,14.22923755645752,16.088708877563477,19.537294387817383,20.39181137084961,17.343595504760742,14.860031127929688,12.575230598449707,9.509808540344238,7.647537708282471,9.329628944396973,11.372847557067871,11.074785232543945,9.40356159210205,8.099761009216309,7.048166275024414,5.210281848907471,3.431380271911621,1.789435863494873,1.9725580215454102,4.003671646118164,4.869030475616455,0.4969286024570465,-1.4431324005126953,0.4513646066188812,0.9485320448875427
-5.419253349304199,-6.203729152679443,-7.157618522644043,-9.35422420501709,-12.086052894592285,-11.405263900756836,-11.184266090393066,-11.396125793457031,-10.944525718688965,-9.597334861755371,-7.760555267333984,-6.692505359649658,-6.166179656982422,-5.733453273773193,-4.772279262542725,-2.9395430088043213,0.7108136415481567,6.343542098999023,11.848918914794922,15.43217658996582,19.099191665649414,22.247426986694336,21.43514060974121,18.895004272460938,16.908100128173828,13.632925033569336,11.144944190979004,9.886443138122559,10.580474853515625,11.556475639343262,10.716288566589355,9.364729881286621,8.409465789794922,6.2671709060668945,4.796172142028809,4.912458419799805,5.157964706420898,4.775888919830322,1.8129609823226929,-1.2322169542312622,-0.7762311697006226,-0.9833185076713562,-0.8768466711044312
-5.115606307983398,-6.211066722869873,-7.561436176300049,-9.536879539489746,-12.28515338897705,-13.043085098266602,-12.666341781616211,-11.871322631835938,-10.726387977600098,-9.305896759033203,-7.65579891204834,-6.498176574707031,-5.94026517868042,-5.996929168701172,-6.056549549102783,-5.726362228393555,-4.074530124664307,0.8518660068511963,8.035916328430176,13.326454162597656,17.069374084472656,20.812164306640625,22.823795318603516,22.12249755859375,20.548641204833984,17.43370819091797,13.87437915802002,12.234731674194336,12.76992130279541,13.726609230041504,13.56068229675293,11.113438606262207,9.15074348449707,7.764944553375244,6.302779674530029,5.642818927764893,5.143495082855225,3.2126011848449707,0.9440964460372925,-1.4885863065719604,1.8504981994628906,-0.577009379863739,-1.1477450132369995
-4.6646833419799805,-5.972655773162842,-7.595582962036133,-9.37922477722168,-12.120862007141113,-13.327098846435547,-13.55499267578125,-13.752315521240234,-13.083796501159668,-11.727283477783203,-10.287280082702637,-9.022547721862793,-8.051631927490234,-7.453838348388672,-7.205137252807617,-7.489871025085449,-7.3572306632995605,-4.599963188171387,1.9142147302627563,9.922455787658691,15.017784118652344,18.707721710205078,21.726167678833008,23.39715576171875,22.71909523010254,20.417043685913086,17.357215881347656,14.630695343017578,13.33993911743164,12.945270538330078,11.117548942565918,10.722887992858887,11.367921829223633,10.448050498962402,8.404374122619629,6.81607723236084,5.964194297790527,5.265390396118164,3.6618101596832275,0.8823311924934387,2.5654456615448,0.7285606861114502,-0.3567119240760803
-4.25731086730957,-5.709803581237793,-7.665167331695557,-9.624530792236328,-11.9741849899292,-12.736323356628418,-12.012497901916504,-12.694209098815918,-13.121663093566895,-12.77452278137207,-11.747286796569824,-10.388776779174805,-9.292799949645996,-8.67702865600586,-8.379045486450195,-8.51315975189209,-9.058137893676758,-8.708253860473633,-4.602059841156006,3.3486433029174805,10.943841934204102,16.130590438842773,20.118772506713867,22.280826568603516,22.837318420410156,23.173484802246094,21.827592849731445,19.010501861572266,15.936758995056152,14.254844665527344,13.506465911865234,13.889028549194336,13.721363067626953,12.471366882324219,10.50273323059082,9.021374702453613,7.8868608474731445,7.226945400238037,4.767221450805664,2.420013427734375,3.1893258094787598,2.18489408493042,0.5460909605026245
-4.269228458404541,-5.728379249572754,-8.027711868286133,-10.032876968383789,-11.974440574645996,-13.189867973327637,-12.242213249206543,-13.083844184875488,-13.319859504699707,-13.145966529846191,-12.610301971435547,-11.656144142150879,-10.639863014221191,-10.020221710205078,-9.791316032409668,-9.829632759094238,-10.251925468444824,-10.864048957824707,-9.706541061401367,-4.135122776031494,4.168806076049805,11.971667289733887,17.816919326782227,21.037206649780273,19.74907684326172,19.042911529541016,22.259716033935547,23.085189819335938,20.262020111083984,16.9528865814209,15.493256568908691,15.567839622497559,15.035483360290527,13.568410873413086,12.340383529663086,11.734148979187012,10.40196418762207,8.28973388671875,4.873311996459961,3.554593086242676,4.729728698730469,3.601893901824951,1.784321665763855
-5.159721374511719,-7.070768356323242,-9.210299491882324,-10.734185218811035,-12.562341690063477,-14.161218643188477,-13.230850219726562,-13.914387702941895,-13.63463306427002,-12.939608573913574,-12.379332542419434,-11.878168106079102,-11.215997695922852,-10.710589408874512,-10.779858589172363,-11.23671817779541,-11.51123332977295,-11.673344612121582,-11.858173370361328,-9.828778266906738,-3.400200843811035,5.664129257202148,14.016837120056152,19.6409854888916,20.847509384155273,20.959407806396484,22.78384017944336,23.823444366455078,22.68125343322754,19.972740173339844,17.532949447631836,16.68659019470215,16.125843048095703,14.789803504943848,13.438716888427734,13.351282119750977,12.660623550415039,9.459637641906738,5.664761066436768,4.963949203491211,6.360846042633057,4.731396675109863,3.0855438709259033
-6.686886787414551,-8.967621803283691,-10.536237716674805,-11.27598762512207,-13.280351638793945,-14.688501358032227,-13.859293937683105,-14.656839370727539,-14.375740051269531,-13.600299835205078,-12.895058631896973,-12.391022682189941,-11.784704208374023,-11.255663871765137,-11.410989761352539,-12.321511268615723,-12.84252643585205,-12.557316780090332,-12.130857467651367,-11.928250312805176,-9.058647155761719,-2.0899369716644287,7.097715854644775,15.192829132080078,20.561067581176758,23.318553924560547,24.27632713317871,24.83382225036621,24.37320327758789,22.453285217285156,19.784250259399414,17.641273498535156,16.777935028076172,16.016681671142578,14.878043174743652,14.676204681396484,13.870320320129395,10.942728042602539,7.363933086395264,6.688572406768799,7.609461784362793,5.743602752685547,4.135746479034424
-7.744727611541748,-9.364916801452637,-10.436128616333008,-11.43426513671875,-13.947127342224121,-14.805522918701172,-13.902144432067871,-14.882597923278809,-15.008408546447754,-14.882826805114746,-14.451837539672852,-13.787555694580078,-12.708629608154297,-11.735445976257324,-11.828295707702637,-12.810516357421875,-13.536798477172852,-13.539297103881836,-12.825031280517578,-12.166803359985352,-10.857491493225098,-6.932585716247559,-0.0180859062820673,8.181148529052734,15.64678955078125,20.951045989990234,23.615604400634766,24.955642700195312,25.692241668701172,24.891191482543945,22.47614860534668,19.164783477783203,16.910314559936523,16.591777801513672,16.333457946777344,16.050878524780273,15.093282699584961,12.675026893615723,9.671960830688477,8.566797256469727,8.559235572814941,6.925500869750977,5.189060688018799
-8.228075981140137,-9.128265380859375,-10.065507888793945,-11.386204719543457,-13.79585075378418,-14.634465217590332,-13.864581108093262,-14.710066795349121,-15.338655471801758,-16.253276824951172,-16.507333755493164,-15.770294189453125,-14.06289291381836,-12.375237464904785,-12.213211059570312,-12.976869583129883,-13.641822814941406,-13.962862014770508,-13.475661277770996,-12.717242240905762,-11.824142456054688,-8.767555236816406,-3.8280720710754395,3.0754172801971436,10.327529907226562,16.26702308654785,20.247488021850586,22.76822853088379,24.70804786682129,25.932340621948242,25.429737091064453,22.776094436645508,18.84064483642578,16.659757614135742,16.944787979125977,17.177162170410156,15.920048713684082,14.430122375488281,12.065213203430176,10.60195255279541,9.62691593170166,8.20982551574707,6.662416934967041
-8.383481979370117,-9.257173538208008,-10.299636840820312,-11.59631061553955,-14.000527381896973,-14.700597763061523,-14.015752792358398,-14.612529754638672,-15.514845848083496,-17.18221664428711,-18.20431137084961,-17.742847442626953,-15.66242790222168,-13.363420486450195,-12.737720489501953,-13.095402717590332,-13.670340538024902,-14.153197288513184,-13.631556510925293,-12.66932487487793,-12.67208194732666,-11.328901290893555,-7.078066825866699,-1.3759667873382568,5.5326972007751465,12.279350280761719,17.161977767944336,20.303903579711914,22.585926055908203,24.76923942565918,26.114219665527344,25.884750366210938,23.069429397583008,18.53295135498047,16.809633255004883,17.441814422607422,17.268756866455078,15.903353691101074,14.36734676361084,12.698521614074707,10.947885513305664,9.429319381713867,8.373821258544922
-8.464277267456055,-9.847063064575195,-10.771130561828613,-11.768352508544922,-13.380541801452637,-13.877110481262207,-13.69295883178711,-13.971175193786621,-14.254343032836914,-15.826147079467773,-17.800724029541016,-18.584300994873047,-17.339462280273438,-15.162887573242188,-13.899873733520508,-13.756485939025879,-14.028289794921875,-14.314031600952148,-14.040736198425293,-12.668922424316406,-12.08853530883789,-12.571880340576172,-10.756758689880371,-6.3054704666137695,-0.16204455494880676,6.683880805969238,12.469560623168945,16.522789001464844,19.41769027709961,22.116472244262695,24.73100471496582,26.032751083374023,25.99689483642578,22.605825424194336,18.17453956604004,17.37818717956543,17.995798110961914,16.818809509277344,16.113094329833984,14.767491340637207,12.33145809173584,10.660487174987793,9.902986526489258
-8.219429016113281,-9.825393676757812,-10.587353706359863,-11.009069442749023,-11.305855751037598,-12.770376205444336,-12.640475273132324,-12.835966110229492,-12.789351463317871,-13.943801879882812,-16.261449813842773,-17.95998191833496,-18.125701904296875,-16.978389739990234,-15.661978721618652,-15.05481243133545,-14.788151741027832,-14.579936981201172,-14.351202011108398,-13.215240478515625,-11.652263641357422,-11.790523529052734,-12.24210262298584,-10.727376937866211,-6.618691444396973,-0.6040533185005188,5.663947582244873,10.894129753112793,14.95304012298584,18.50165367126465,22.212556838989258,24.834909439086914,25.93037223815918,25.112966537475586,21.142749786376953,17.774898529052734,18.065448760986328,17.33937644958496,17.126079559326172,16.13199806213379,13.632365226745605,11.88233757019043,10.966797828674316
-7.350491523742676,-9.104353904724121,-9.852412223815918,-10.039093971252441,-10.034704208374023,-12.191874504089355,-11.748903274536133,-11.570682525634766,-11.754385948181152,-13.04299259185791,-15.031885147094727,-16.50591468811035,-17.29060173034668,-17.476783752441406,-17.128541946411133,-16.39984703063965,-15.631649017333984,-15.065816879272461,-14.486769676208496,-13.44663143157959,-11.855168342590332,-10.989391326904297,-11.646649360656738,-12.221691131591797,-11.139593124389648,-7.560104846954346,-2.5910532474517822,2.6923000812530518,7.725520133972168,12.371071815490723,17.05059051513672,21.599990844726562,24.38438606262207,25.619123458862305,24.10145378112793,19.6014347076416,17.13878631591797,18.02484703063965,18.80047035217285,17.584623336791992,15.010725975036621,12.713728904724121,11.86929702758789
