data/wind_data/wind_47_7.json
{"header": {"parameterUnit": "KT", "parameterCategory": 2, "nx": 256, "ny": 198, "lo1": 44.73521041870117, "la1": -3.236724853515625, "lo2": 111.26478576660156, "la2": 43.468475341796875, "dx": 0.2609002888202667, "dy": -0.23708222806453705, "refTime": "2025-02-20 23:00:00", "forecastTime": 0, "parameterNumber": 2, "parameterNumberName": "eastward_wind"}, "data":
[rows 160 to 179 of 198, columns 0 to 43 of 256]
72.49480438232422,69.54072570800781,68.00820922851562,65.55326843261719,63.14399719238281,63.24226379394531,65.24500274658203,67.54781341552734,69.05635833740234,70.00894927978516,70.85277557373047,71.95858764648438,73.22126770019531,74.01964569091797,74.34912872314453,74.57151794433594,74.43819427490234,74.11763000488281,73.88471221923828,73.36225128173828,72.20085144042969,70.84540557861328,69.99088287353516,69.07884979248047,67.88394165039062,67.490966796875,67.31334686279297,66.5027847290039,65.81260681152344,65.1762466430664,64.48682403564453,64.1948013305664,63.87540054321289,63.57192611694336,64.00035095214844,65.04411315917969,65.39595031738281,64.53227233886719,63.3028450012207,62.72871398925781,62.7002067565918,62.865760803222656,63.3023796081543,64.00652313232422
70.7570571899414,71.14744567871094,68.6162338256836,65.41028594970703,63.29039001464844,64.38697052001953,66.47184753417969,67.27400970458984,67.10694885253906,67.13326263427734,67.94000244140625,69.7612075805664,71.7321548461914,72.78115844726562,73.13641357421875,73.01021575927734,72.4843521118164,72.19480895996094,72.08235168457031,71.39308166503906,69.93858337402344,68.59684753417969,67.89179992675781,67.1937026977539,67.57145690917969,68.52190399169922,67.70783996582031,65.9167251586914,64.11516571044922,62.51420593261719,61.83921432495117,61.96200180053711,62.33658981323242,62.74846649169922,63.35185241699219,64.0438232421875,64.17750549316406,63.57510757446289,63.07135772705078,63.25430679321289,63.437644958496094,63.09244918823242,62.90705490112305,63.24547576904297
68.88555145263672,68.59917449951172,66.28302764892578,64.3489761352539,64.44107055664062,66.75628662109375,67.93370819091797,67.19153594970703,65.8742446899414,65.17207336425781,66.17703247070312,68.55420684814453,70.46968841552734,71.25921630859375,71.43317413330078,71.1396484375,70.81941223144531,70.74183654785156,70.42800903320312,69.25932312011719,67.66152954101562,66.59446716308594,66.10871124267578,66.70599365234375,68.18231964111328,67.6556396484375,65.4048843383789,63.27130889892578,61.254661560058594,60.290470123291016,60.63101577758789,61.27125549316406,61.850955963134766,62.340641021728516,62.65186309814453,62.75215148925781,62.782108306884766,62.876792907714844,63.06372833251953,63.159828186035156,62.79804992675781,62.29884719848633,62.345943450927734,62.80894470214844
65.98957061767578,65.14228057861328,63.49810028076172,63.10422897338867,65.10453033447266,67.30712890625,67.48174285888672,66.30115509033203,64.965576171875,64.97977447509766,66.62349700927734,68.21489715576172,69.01113891601562,69.39482116699219,69.3985366821289,69.3375473022461,69.4989013671875,69.41887664794922,68.58113098144531,67.10818481445312,65.78983306884766,65.35791778564453,65.69275665283203,66.36264038085938,66.08621215820312,64.27618408203125,62.611114501953125,61.25202941894531,59.840354919433594,59.306278228759766,59.91685485839844,60.70888137817383,61.25162887573242,61.58772659301758,61.577335357666016,61.40041732788086,61.66423034667969,62.21611785888672,62.626686096191406,62.42538070678711,61.75760269165039,61.48097229003906,61.84653854370117,62.3358268737793
62.56568908691406,62.990413665771484,62.28560256958008,62.73911666870117,65.01213836669922,66.2392578125,65.4581298828125,64.02474975585938,63.834171295166016,65.52581787109375,67.08800506591797,67.55107116699219,68.00788879394531,68.36739349365234,68.25833892822266,68.25437927246094,68.2769546508789,67.65682220458984,66.33714294433594,65.03205108642578,64.40046691894531,64.65756225585938,64.82467651367188,64.27220916748047,63.18040084838867,61.79030227661133,60.637168884277344,59.71267318725586,58.79533004760742,58.343048095703125,58.802589416503906,59.66413497924805,60.418922424316406,60.83241653442383,60.75682067871094,60.910865783691406,61.45790481567383,61.702884674072266,61.52898406982422,61.12748336791992,60.93064498901367,61.163490295410156,61.482967376708984,61.747093200683594
60.2333869934082,61.663211822509766,61.70952606201172,62.43449401855469,64.09693908691406,64.49250030517578,63.14561462402344,61.93950653076172,62.78217697143555,64.70207214355469,65.88935852050781,66.58560943603516,67.48625183105469,68.04724884033203,68.11515808105469,67.84709167480469,67.11557006835938,65.71605682373047,64.09281158447266,63.00259780883789,62.83542251586914,63.22112274169922,63.052955627441406,62.42027282714844,61.68038558959961,60.38348388671875,58.797447204589844,57.70205307006836,57.0426139831543,56.859745025634766,57.34915542602539,58.40584182739258,59.574180603027344,60.30033493041992,60.61771774291992,61.21693801879883,61.70356750488281,61.32162094116211,60.442901611328125,59.852630615234375,60.080284118652344,60.80096435546875,61.318355560302734,61.57568359375
59.06929397583008,60.685157775878906,61.31524658203125,61.71274185180664,62.455265045166016,62.39063262939453,61.15810775756836,60.60707092285156,61.59756088256836,63.022789001464844,64.3615493774414,65.49681091308594,66.5147933959961,67.38277435302734,67.84889221191406,67.38294982910156,66.04997253417969,64.14644622802734,62.34089279174805,61.252437591552734,61.18169021606445,61.675235748291016,61.833641052246094,61.41869354248047,60.552406311035156,58.96772384643555,56.92560577392578,55.47538375854492,55.01305389404297,55.294036865234375,56.1160888671875,57.455204010009766,58.833518981933594,59.773250579833984,60.49568557739258,61.37702178955078,61.75262451171875,61.07451629638672,59.77528762817383,58.86851501464844,59.21563720703125,60.40623474121094,61.29269790649414,61.64837646484375
58.425167083740234,59.353736877441406,60.44826889038086,60.346702575683594,60.32248306274414,60.04121017456055,59.176544189453125,59.259647369384766,60.521934509277344,62.114501953125,63.420650482177734,64.19495391845703,64.9901351928711,66.02253723144531,66.64717864990234,66.1796875,64.76897430419922,63.01380920410156,61.40648651123047,60.52250289916992,60.64189529418945,61.180686950683594,61.13087844848633,60.1392707824707,58.67841339111328,56.8878288269043,55.03098678588867,53.896141052246094,53.73713684082031,54.265220642089844,55.394168853759766,56.90528106689453,58.24496078491211,59.04120635986328,59.79401779174805,60.83038330078125,61.30592727661133,60.66450500488281,59.1513671875,58.088653564453125,58.70677185058594,60.26582336425781,61.20821762084961,61.59789276123047
58.31679153442383,58.857879638671875,59.740352630615234,59.20356369018555,58.47260665893555,57.88376998901367,57.2702522277832,57.918113708496094,59.57319259643555,60.99746322631836,61.874446868896484,62.558773040771484,63.45909118652344,64.4436264038086,64.86183166503906,64.3246078491211,63.26788330078125,62.16248321533203,61.208553314208984,60.849647521972656,61.19197463989258,61.29636764526367,60.195281982421875,58.2844123840332,56.30792236328125,54.49964904785156,53.33951187133789,53.120574951171875,53.2683219909668,53.69693374633789,54.74506759643555,56.37641525268555,57.6906852722168,58.3109130859375,58.941802978515625,59.907222747802734,60.46308517456055,59.70061492919922,58.16532516479492,57.57316589355469,58.72452163696289,60.30283737182617,61.125877380371094,61.67352294921875
58.3935546875,58.17033386230469,58.79331970214844,58.548709869384766,57.261924743652344,56.176719665527344,55.67387771606445,56.231319427490234,57.1242561340332,58.031585693359375,59.20033645629883,60.4498405456543,61.84856033325195,63.087554931640625,63.38885498046875,62.78611373901367,62.03634262084961,61.49553680419922,61.18935775756836,61.2627067565918,61.516754150390625,61.0133056640625,59.21763610839844,56.83738327026367,54.44226837158203,52.59251022338867,52.039669036865234,52.59088897705078,53.0715446472168,53.32338333129883,54.094085693359375,55.65943145751953,57.07223892211914,57.84518814086914,58.485198974609375,59.233909606933594,59.28719711303711,58.23006057739258,57.22499465942383,57.521690368652344,58.96839904785156,60.3802490234375,61.29450988769531,62.069026947021484
57.6747932434082,57.78184127807617,58.12670135498047,58.20024490356445,56.64714813232422,54.9381103515625,54.101253509521484,54.11383819580078,54.434349060058594,55.25474166870117,56.442359924316406,57.92417526245117,60.125022888183594,61.8775634765625,62.205726623535156,61.7613525390625,61.16619110107422,60.706756591796875,60.69672775268555,60.924766540527344,60.87876510620117,60.149085998535156,58.59770965576172,56.262996673583984,53.58797836303711,51.63286209106445,51.188720703125,51.94105911254883,52.77324676513672,53.181514739990234,53.70199966430664,54.881744384765625,56.34286880493164,57.505882263183594,58.36527633666992,58.66181945800781,58.04336929321289,57.08229064941406,56.840065002441406,57.58047866821289,58.94249725341797,60.35859680175781,61.539306640625,62.3215446472168
56.32341384887695,57.65830993652344,57.725921630859375,57.773963928222656,56.282997131347656,54.22196578979492,53.104251861572266,52.97161102294922,53.187034606933594,53.61603546142578,54.27248001098633,55.92707443237305,58.43449401855469,59.86259460449219,60.31318283081055,60.63838195800781,60.286041259765625,59.53341293334961,59.42340850830078,59.73419189453125,59.7065315246582,59.277889251708984,58.218807220458984,56.045352935791016,53.42051696777344,51.50703430175781,50.86763381958008,51.40370178222656,52.429561614990234,53.136253356933594,53.5511589050293,54.20072555541992,55.43572998046875,56.89680480957031,57.85927963256836,57.87244415283203,57.14788818359375,56.58414840698242,56.73936080932617,57.504337310791016,58.66096878051758,60.0341911315918,61.29380416870117,61.99375534057617
54.814796447753906,58.281455993652344,58.11289596557617,57.73337173461914,56.50095748901367,54.78184127807617,53.49570083618164,52.822296142578125,52.64059066772461,52.673614501953125,52.974517822265625,54.485504150390625,56.27811050415039,57.14047622680664,58.24662399291992,59.33381271362305,58.95184326171875,57.85169982910156,57.623130798339844,58.08262252807617,58.45268630981445,58.629180908203125,57.81193161010742,55.67580795288086,53.37742233276367,51.759910583496094,51.03533935546875,51.32337188720703,52.30256271362305,53.18897247314453,53.4560432434082,53.521629333496094,54.34946823120117,55.90327835083008,57.05171585083008,57.064910888671875,56.40422821044922,56.05493927001953,56.47370910644531,57.35896301269531,58.29963684082031,59.34733581542969,60.44485092163086,61.200408935546875
53.22180938720703,56.36821365356445,56.99688720703125,56.99876022338867,56.6497688293457,55.774688720703125,54.295963287353516,52.84278869628906,52.182823181152344,52.01519775390625,52.19888687133789,53.356300354003906,54.40760040283203,55.27370834350586,56.755271911621094,57.64882278442383,57.090667724609375,56.101287841796875,55.89522171020508,56.41216278076172,57.197200775146484,57.8583984375,57.126522064208984,55.02647018432617,53.08429718017578,51.9793586730957,51.49822998046875,51.73413848876953,52.549896240234375,53.296817779541016,53.359432220458984,52.99530792236328,53.36859893798828,54.81049728393555,56.11536407470703,56.192440032958984,55.51337432861328,55.317256927490234,56.09859085083008,57.139930725097656,57.899967193603516,58.66145706176758,59.594825744628906,60.35828399658203
51.54398727416992,54.354774475097656,55.350135803222656,55.575721740722656,55.796878814697266,55.357933044433594,54.13402557373047,52.728065490722656,51.93923568725586,51.60298156738281,51.76531982421875,52.598445892333984,53.19467544555664,54.181461334228516,55.60588073730469,56.06757354736328,55.50836181640625,54.90000915527344,54.7159538269043,55.12993621826172,55.96884536743164,56.5187873840332,55.849151611328125,54.12343215942383,52.54158401489258,51.77073669433594,51.796607971191406,52.3372688293457,53.04875946044922,53.4838752746582,53.28800964355469,52.714900970458984,52.80144500732422,53.95170211791992,55.07721710205078,55.15898132324219,54.727542877197266,54.87602615356445,55.860904693603516,56.97075271606445,57.75613021850586,58.43061828613281,59.17289352416992,59.70772171020508
49.87737274169922,53.161834716796875,53.92500305175781,53.66859436035156,53.488853454589844,53.35028076171875,53.08028793334961,52.30905532836914,51.608585357666016,51.27287673950195,51.41164779663086,51.86704635620117,52.337486267089844,53.59965133666992,54.8699836730957,55.05667495727539,54.613338470458984,54.2424430847168,54.02372360229492,54.23163986206055,54.68906784057617,54.689151763916016,54.01663589477539,52.95414733886719,51.931644439697266,51.26974868774414,51.406776428222656,52.38239669799805,53.4105110168457,53.76172637939453,53.309844970703125,52.63195037841797,52.60539627075195,53.40901565551758,54.223514556884766,54.449806213378906,54.44877624511719,54.87506866455078,55.81938171386719,56.97136306762695,57.957275390625,58.71791458129883,59.11842727661133,59.06693649291992
48.1939582824707,51.61023712158203,52.09540557861328,51.07209396362305,50.730411529541016,51.20613479614258,51.426849365234375,50.955684661865234,50.63083267211914,50.73871612548828,51.10865020751953,51.509849548339844,52.27419662475586,53.636924743652344,54.47538375854492,54.3520393371582,53.9170036315918,53.55216979980469,53.343868255615234,53.466529846191406,53.52168273925781,52.98345947265625,52.198944091796875,51.63027572631836,51.24980163574219,50.73030471801758,50.514041900634766,51.48355484008789,53.02788162231445,53.76482009887695,53.3071403503418,52.56619644165039,52.51661682128906,53.199729919433594,53.94002914428711,54.38189697265625,54.643733978271484,55.053829193115234,55.84769058227539,57.044490814208984,58.23652648925781,59.022926330566406,58.999855041503906,58.295536041259766
46.537315368652344,48.69617462158203,49.000762939453125,47.849586486816406,47.92251205444336,48.71653366088867,49.19325637817383,49.221988677978516,49.5269775390625,50.1450309753418,50.84908676147461,51.51298904418945,52.58057403564453,53.7781867980957,54.253108978271484,53.932342529296875,53.24728775024414,52.59759521484375,52.47665786743164,52.75388717651367,52.68009567260742,51.924339294433594,51.04401397705078,50.4721565246582,50.31610107421875,49.865943908691406,49.29280090332031,49.95891571044922,51.7977180480957,53.1217155456543,53.01417922973633,52.366729736328125,52.35817337036133,53.14787673950195,54.083011627197266,54.71121597290039,55.026634216308594,55.27397155761719,55.921756744384766,57.094268798828125,58.304691314697266,58.94348907470703,58.57158660888672,57.51276779174805
44.94068145751953,48.127254486083984,47.20262908935547,45.38571548461914,45.34392547607422,46.66324996948242,47.780738830566406,48.05487060546875,48.53525924682617,49.154579162597656,49.93610763549805,50.974212646484375,52.35350036621094,53.578731536865234,54.186458587646484,54.015872955322266,52.93403625488281,51.7522087097168,51.63242721557617,52.105831146240234,52.1972541809082,51.58860397338867,50.51982498168945,49.43318557739258,48.76991271972656,48.2657470703125,47.845333099365234,48.50809860229492,50.35073471069336,51.98451614379883,52.35900115966797,51.9807014465332,52.010318756103516,52.901939392089844,54.14846420288086,55.08416748046875,55.48329162597656,55.647315979003906,56.141021728515625,57.1096076965332,58.139793395996094,58.49208450317383,57.84405517578125,56.82184600830078
43.323486328125,47.758216857910156,46.00867462158203,43.781761169433594,44.288387298583984,46.34663391113281,47.11808395385742,46.96673583984375,47.162330627441406,47.393611907958984,48.20958709716797,49.78292465209961,51.60881423950195,53.19498825073242,54.32676696777344,54.48979949951172,52.923458099365234,51.18424606323242,50.98617172241211,51.575069427490234,51.85874557495117,51.30316162109375,49.87339401245117,48.1727294921875,46.9804801940918,46.46836471557617,46.579063415527344,47.593231201171875,49.31684875488281,50.85503005981445,51.522666931152344,51.47089767456055,51.52063751220703,52.38248062133789,53.89561080932617,55.2832145690918,55.99472427368164,56.2213020324707,56.55730438232422,57.24169158935547,57.8792724609375,57.84567642211914,57.125858306884766,56.34427261352539
