data/wind_data/wind_Surface_44.json
{"header": {"parameterUnit": "KT", "parameterCategory": 2, "nx": 255, "ny": 198, "lo1": 44.73521041870117, "la1": -3.236724853515625, "lo2": 111.26478576660156, "la2": 43.468475341796875, "dx": 0.26192745566368103, "dy": -0.23708222806453705, "refTime": "2025-02-20 20:00:00", "forecastTime": 0, "parameterNumber": 3, "parameterNumberName": "northward_wind"}, "data":
[rows 38 to 56 of 198, columns 172 to 214 of 255]
-10.62417221069336,-11.366743087768555,-11.274341583251953,-7.640359401702881,-4.132673740386963,-5.518274307250977,-6.949747085571289,-5.489268779754639,-4.687930107116699,-5.835699081420898,-5.193181037902832,-4.237358093261719,-4.12338924407959,-4.474212646484375,-5.471524238586426,-6.30949068069458,-6.347546577453613,-5.742161750793457,-4.210000038146973,-2.8804948329925537,-1.8368873596191406,-0.7608152627944946,0.04944168031215668,-0.23038822412490845,-1.2789149284362793,-2.454155445098877,-2.8790273666381836,-3.1110007762908936,-3.9497408866882324,-3.522446870803833,-3.397719144821167,-3.9448277950286865,-3.626136541366577,-2.4726297855377197,-2.001925230026245,-1.7801873683929443,-2.226956367492676,-2.8486931324005127,-2.0921947956085205,-0.18018963932991028,-0.36968305706977844,0.2823115885257721,0.6483052372932434
-10.02246379852295,-10.349196434020996,-10.993682861328125,-10.44556713104248,-5.849400520324707,-5.331385612487793,-6.06968879699707,-4.258866786956787,-3.597151756286621,-4.653226852416992,-3.896435499191284,-3.666919231414795,-4.157639503479004,-4.880007743835449,-5.577421188354492,-5.888923168182373,-5.747239589691162,-4.918567657470703,-2.9949235916137695,-0.745333194732666,0.26355916261672974,0.043566495180130005,-0.8576270937919617,-2.2405316829681396,-3.439088821411133,-4.944504737854004,-5.471683025360107,-4.202065944671631,-3.4071152210235596,-3.0477802753448486,-2.6766631603240967,-2.35672926902771,-2.016007661819458,-1.2120364904403687,-1.0183258056640625,-1.0074529647827148,-1.4851983785629272,-2.269059658050537,-1.4391120672225952,-0.8501216769218445,0.027785059064626694,1.515871286392212,1.701612114906311
-7.025373935699463,-8.008209228515625,-8.985189437866211,-9.742033004760742,-7.075228214263916,-3.3826940059661865,-2.448429822921753,-3.4571001529693604,-4.06190299987793,-2.651883602142334,-1.843817114830017,-3.063023328781128,-3.8827033042907715,-3.5746891498565674,-2.330209732055664,-0.8944182991981506,-0.704211413860321,-1.9538227319717407,-3.566743850708008,-3.4830355644226074,-1.9687201976776123,-1.9031158685684204,-5.2120161056518555,-6.480280876159668,-7.832553386688232,-8.52331256866455,-6.698168754577637,-3.0665862560272217,-3.1196134090423584,-3.3362393379211426,-3.016784429550171,-1.176721215248108,-0.9147768020629883,-1.5202150344848633,-1.8110942840576172,-1.6521341800689697,-1.5256894826889038,-1.8198162317276,-0.6905989050865173,-0.3937011957168579,0.409469872713089,1.5720248222351074,1.9240949153900146
-5.579209804534912,-6.438794136047363,-7.399857997894287,-7.868444442749023,-5.460631370544434,-2.2013490200042725,-1.686608910560608,-3.0889947414398193,-3.134916305541992,-2.031454086303711,-1.9260914325714111,-2.7899904251098633,-3.2282567024230957,-2.7765729427337646,-2.1014726161956787,-2.3519439697265625,-4.239190578460693,-5.707302093505859,-7.537463665008545,-9.265619277954102,-9.693293571472168,-8.932790756225586,-9.605781555175781,-11.133482933044434,-12.307757377624512,-10.703924179077148,-6.170896530151367,-2.942779302597046,-3.658806324005127,-4.311127662658691,-3.5196657180786133,-2.3982677459716797,-2.3767001628875732,-2.968869924545288,-2.6055476665496826,-1.8124840259552002,-0.9909530878067017,-0.1755383014678955,0.2273528277873993,0.075892373919487,-0.1615414172410965,0.7947756052017212,1.6648741960525513
-8.128280639648438,-6.410863876342773,-5.221011638641357,-4.472700595855713,-2.5989809036254883,-2.4360926151275635,-3.570974826812744,-2.8123345375061035,-0.5345492959022522,-0.31739503145217896,-1.5517377853393555,-3.506476402282715,-4.548436641693115,-5.401828289031982,-7.248412132263184,-8.085700035095215,-8.815889358520508,-8.922317504882812,-7.928827285766602,-8.543280601501465,-11.070112228393555,-11.779194831848145,-10.430213928222656,-10.796219825744629,-9.98675537109375,-8.619668960571289,-6.944662094116211,-4.428843975067139,-2.9965314865112305,-3.885549783706665,-4.06985330581665,-3.7958664894104004,-3.500159502029419,-2.9793097972869873,-2.722259521484375,-1.9089044332504272,-1.0542203187942505,-1.0618964433670044,-1.171553611755371,-0.6976655721664429,0.4124945104122162,0.1920122653245926,0.3396867513656616
-11.957662582397461,-9.316267013549805,-5.810664176940918,-1.2667200565338135,-1.16118323802948,-3.031000852584839,-3.9709718227386475,-3.2945868968963623,-2.013606071472168,-3.044295310974121,-4.614888668060303,-5.57848596572876,-5.300065040588379,-6.842987537384033,-9.295309066772461,-8.376534461975098,-6.436028003692627,-6.6435346603393555,-6.718511581420898,-7.734628677368164,-9.188858985900879,-9.449028015136719,-8.97957706451416,-7.609851837158203,-6.222171306610107,-5.014033794403076,-5.152750015258789,-3.862962484359741,-2.38568115234375,-2.755995035171509,-4.013207912445068,-4.4661173820495605,-4.44244909286499,-3.3007397651672363,-3.8585212230682373,-1.3944547176361084,-1.6069320440292358,-1.2740994691848755,-1.150607943534851,0.012360863387584686,1.632577657699585,1.9570622444152832,1.6651979684829712
-11.698524475097656,-10.532837867736816,-7.258808135986328,-2.544154167175293,-1.8100725412368774,-1.7466416358947754,-1.4532560110092163,-2.3853979110717773,-2.7872774600982666,-4.993721961975098,-6.9845380783081055,-6.487227916717529,-5.118046283721924,-5.809330940246582,-6.484461307525635,-7.013293266296387,-7.338206768035889,-7.320108890533447,-7.43778657913208,-8.093164443969727,-8.407720565795898,-7.309835910797119,-5.600006580352783,-5.669095993041992,-6.359333038330078,-4.360918045043945,-2.640489339828491,-2.974954128265381,-3.0543758869171143,-2.616978883743286,-3.0445096492767334,-3.928886651992798,-3.680297613143921,-1.88942289352417,-4.599764347076416,-1.9302011728286743,-1.8008334636688232,-0.8964390158653259,-1.5822738409042358,-1.8855918645858765,-0.46181368827819824,0.04856884106993675,1.0712977647781372
-9.505537986755371,-9.175504684448242,-7.372594356536865,-5.155106067657471,-3.8090994358062744,-3.5232784748077393,-2.4312753677368164,-1.3163716793060303,-1.8100800514221191,-3.1331698894500732,-5.0809431076049805,-5.680417537689209,-5.4758195877075195,-5.889610290527344,-6.513304233551025,-7.354152202606201,-7.456613540649414,-7.38967752456665,-7.010534286499023,-7.430945873260498,-7.877135753631592,-7.794109344482422,-6.68117618560791,-6.803006172180176,-7.455948352813721,-6.117348670959473,-3.2207891941070557,-3.0164237022399902,-3.3697080612182617,-3.076634407043457,-3.0817456245422363,-3.364896059036255,-2.7250611782073975,-1.257636547088623,-2.1402134895324707,-1.7783262729644775,-1.3875536918640137,-1.1150811910629272,-2.140568971633911,-1.657867193222046,-1.6686245203018188,-1.7859803438186646,-0.6299387812614441
-6.966529846191406,-7.672004222869873,-7.166141033172607,-3.623162031173706,-3.154623508453369,-3.864419937133789,-3.775742530822754,-3.6899430751800537,-3.6412923336029053,-3.5653934478759766,-4.308436870574951,-4.400181770324707,-4.338334560394287,-4.870292663574219,-5.9336371421813965,-6.053012847900391,-6.297389507293701,-7.426395416259766,-7.869189739227295,-8.186782836914062,-8.162049293518066,-8.419482231140137,-9.284196853637695,-8.391119003295898,-4.871922016143799,-3.445589780807495,-2.921393871307373,-3.5126640796661377,-3.716614007949829,-3.7656636238098145,-3.847850799560547,-3.192432403564453,-2.3658406734466553,-1.4442368745803833,-1.2053543329238892,-0.861346423625946,-0.5500637888908386,-0.07469449937343597,0.10402048379182816,0.8542958498001099,0.8512532114982605,0.9589364528656006,1.4217296838760376
-7.496524333953857,-6.61702823638916,-4.839105606079102,-2.730562686920166,-2.6209206581115723,-1.8999000787734985,-2.207961320877075,-3.656571388244629,-2.2543447017669678,-1.3339169025421143,-1.3791210651397705,-2.4467339515686035,-3.819105625152588,-4.254210948944092,-4.4410858154296875,-5.676187992095947,-7.292813301086426,-8.887482643127441,-9.374767303466797,-9.271906852722168,-9.831135749816895,-10.546453475952148,-11.4186372756958,-10.636150360107422,-5.428544044494629,-1.0684767961502075,-1.198475956916809,-3.260148763656616,-3.445242166519165,-3.5320494174957275,-3.878228187561035,-3.4324517250061035,-2.0899507999420166,-0.5178909301757812,-0.7189927697181702,-0.6888390183448792,-0.7914156317710876,0.25356966257095337,1.147047519683838,2.145103693008423,1.6557490825653076,1.0219557285308838,1.2601999044418335
-10.392719268798828,-7.417098522186279,-3.28934383392334,-3.1368353366851807,-3.0841848850250244,-2.634273052215576,-1.5346579551696777,-0.4799574911594391,0.1463143527507782,-0.5485069155693054,-2.5350382328033447,-3.1757476329803467,-2.786212205886841,-3.1039655208587646,-4.438163757324219,-6.388944625854492,-7.639936923980713,-8.587620735168457,-8.950716972351074,-10.084898948669434,-11.317647933959961,-11.764803886413574,-12.513745307922363,-13.69491958618164,-12.14415454864502,-5.909885406494141,-2.7222137451171875,-3.4506380558013916,-3.367811441421509,-3.0198004245758057,-3.0864973068237305,-3.1148853302001953,-2.224205493927002,0.11182713508605957,0.6853880286216736,1.1104044914245605,1.1778050661087036,1.9090392589569092,2.9403975009918213,2.9556024074554443,1.9656239748001099,1.3457430601119995,0.9690938591957092
-7.518002510070801,-6.981250286102295,-4.785001754760742,-5.127574443817139,-4.021173477172852,-3.9847941398620605,-3.0538697242736816,-0.7400408387184143,0.3917967975139618,0.269322007894516,-2.7651195526123047,-1.9752038717269897,-0.918556809425354,-2.136225700378418,-4.283560752868652,-6.685332298278809,-7.934511661529541,-8.188549995422363,-8.867701530456543,-10.651363372802734,-11.475804328918457,-12.108733177185059,-12.638148307800293,-13.539896011352539,-12.927417755126953,-9.629642486572266,-6.9618449211120605,-5.464070796966553,-4.326982498168945,-3.4504528045654297,-3.2521064281463623,-2.9148335456848145,-2.845966339111328,-2.1247944831848145,-0.026782266795635223,0.5106366872787476,0.5723334550857544,0.49467259645462036,2.3053839206695557,2.9660725593566895,3.0632388591766357,3.4611361026763916,2.940110683441162
-7.632253170013428,-6.326280117034912,-6.793421745300293,-7.551147937774658,-5.13381814956665,-3.1791157722473145,-3.6859145164489746,-2.885983943939209,-1.8032035827636719,-1.1931381225585938,-2.776853322982788,-3.78366756439209,-4.169623374938965,-4.294402122497559,-5.730184555053711,-7.146874904632568,-8.098989486694336,-9.130617141723633,-10.069470405578613,-10.455907821655273,-11.165698051452637,-12.440763473510742,-12.920934677124023,-12.701223373413086,-11.092611312866211,-9.48403549194336,-8.359292984008789,-6.664306640625,-5.551109313964844,-4.882027626037598,-4.40332555770874,-3.830040454864502,-3.73659348487854,-4.054238796234131,-1.566522479057312,-1.5984141826629639,-2.2913169860839844,-1.193771243095398,0.20044547319412231,0.8428977131843567,1.6662110090255737,2.1401071548461914,2.097377061843872
-11.111320495605469,-8.415969848632812,-8.25748062133789,-8.435761451721191,-5.537214279174805,-0.22902382910251617,-1.7237626314163208,-2.421373128890991,-5.46578311920166,-6.649160861968994,-5.075183391571045,-4.873492240905762,-6.350096702575684,-6.923038005828857,-7.41804838180542,-7.004449844360352,-8.237627029418945,-9.888558387756348,-10.228816986083984,-10.629524230957031,-11.64447021484375,-12.506497383117676,-12.309247970581055,-12.319365501403809,-12.108866691589355,-10.571346282958984,-8.155305862426758,-6.433232307434082,-6.313814163208008,-5.974804401397705,-5.001526832580566,-4.334354400634766,-4.166849136352539,-3.9710886478424072,-1.7106162309646606,-1.333956003189087,-1.4994075298309326,-0.7752583026885986,-0.3075772523880005,0.05246346816420555,0.266548216342926,0.8641558289527893,0.4195634722709656
-11.126065254211426,-9.882162094116211,-9.373462677001953,-8.560525894165039,-6.684229850769043,-4.454758167266846,-4.46956729888916,-4.976786136627197,-6.783738136291504,-8.020755767822266,-5.703592300415039,-3.732874631881714,-6.30190372467041,-7.968509197235107,-7.390089511871338,-7.716238975524902,-8.905916213989258,-9.304171562194824,-9.549988746643066,-10.337808609008789,-11.229266166687012,-11.780797958374023,-11.991949081420898,-11.170171737670898,-11.108887672424316,-10.857758522033691,-8.918758392333984,-6.134453296661377,-5.255799293518066,-5.153966426849365,-4.407590866088867,-3.9653780460357666,-3.988802433013916,-3.0459775924682617,-1.9393513202667236,-1.4162771701812744,-1.3170565366744995,-0.3340808153152466,-0.09994229674339294,0.13095232844352722,-0.36218133568763733,-0.4718157947063446,-0.9187306761741638
-10.044159889221191,-10.116310119628906,-9.29981517791748,-6.122610569000244,-5.057652473449707,-8.9894437789917,-7.356400489807129,-6.020801067352295,-4.71075963973999,-5.606077671051025,-7.5711565017700195,-9.450643539428711,-9.750606536865234,-7.672505855560303,-7.597208023071289,-8.688887596130371,-8.689000129699707,-8.981959342956543,-9.424360275268555,-9.097238540649414,-9.410601615905762,-10.511215209960938,-11.277647972106934,-10.762014389038086,-10.258727073669434,-10.10529899597168,-9.331490516662598,-7.518271446228027,-5.803003787994385,-5.047483921051025,-4.92523193359375,-3.990959882736206,-2.7613284587860107,-1.0313762426376343,-1.6925420761108398,-2.224224805831909,-2.6465115547180176,-1.5098251104354858,-1.203886866569519,-2.1680727005004883,-2.735755681991577,-3.535947322845459,-3.281136989593506
-9.138622283935547,-9.249908447265625,-8.34131145477295,-5.7140703201293945,-5.130086898803711,-7.403468608856201,-7.047969341278076,-5.422365188598633,-3.9181456565856934,-4.612949848175049,-7.70846700668335,-9.80381965637207,-8.298505783081055,-6.461034297943115,-8.181844711303711,-8.972140312194824,-8.924983024597168,-9.581119537353516,-9.561996459960938,-8.264260292053223,-8.385284423828125,-8.902525901794434,-9.29524040222168,-9.429627418518066,-10.074349403381348,-10.360550880432129,-9.830268859863281,-9.062972068786621,-7.8860979080200195,-6.8959808349609375,-6.690310478210449,-5.690704822540283,-3.4072511196136475,-1.1532257795333862,-1.4957939386367798,-2.5304694175720215,-3.680011749267578,-4.519800186157227,-3.0250391960144043,-2.3388512134552,-2.7195613384246826,-3.030907392501831,-3.0051815509796143
-8.271849632263184,-8.267248153686523,-8.09182071685791,-7.907990455627441,-7.148623943328857,-6.281098365783691,-7.470870018005371,-7.61490535736084,-6.60323429107666,-6.221644878387451,-6.48834753036499,-6.305813312530518,-6.57433557510376,-7.328855514526367,-7.679718971252441,-8.080692291259766,-9.082290649414062,-9.993621826171875,-10.488149642944336,-9.615653991699219,-8.696849822998047,-7.753186225891113,-7.661105632781982,-8.067693710327148,-9.12480640411377,-9.937507629394531,-10.153153419494629,-9.97460651397705,-9.433449745178223,-8.71099853515625,-8.249577522277832,-7.640018939971924,-6.034354209899902,-5.006002426147461,-4.33233642578125,-1.4101289510726929,-2.0440666675567627,-3.023369789123535,-2.434941291809082,-1.2615138292312622,-1.2532875537872314,-1.1464641094207764,-1.1084280014038086
-8.024036407470703,-8.450422286987305,-8.980271339416504,-8.38021183013916,-7.281369209289551,-6.995212078094482,-7.73335599899292,-7.810912132263184,-8.060175895690918,-7.928585052490234,-7.286964416503906,-6.965019226074219,-6.721330165863037,-6.966028690338135,-7.162697792053223,-7.869044303894043,-8.271352767944336,-9.185779571533203,-10.045076370239258,-9.897644996643066,-8.754711151123047,-7.688133239746094,-7.515114784240723,-7.55468225479126,-7.966002941131592,-8.47738265991211,-9.202089309692383,-9.815216064453125,-10.06041431427002,-9.680665016174316,-9.350968360900879,-8.855130195617676,-7.877815246582031,-7.595627307891846,-6.240230083465576,-0.5227323770523071,-2.1491901874542236,-2.0816550254821777,-1.962719202041626,-0.5594711303710938,-0.12360503524541855,0.21569721400737762,0.24543818831443787
