data/wind_data/wind_20_2.json
{"header": {"parameterUnit": "KT", "parameterCategory": 2, "nx": 256, "ny": 198, "lo1": 44.73521041870117, "la1": -3.236724853515625, "lo2": 111.26478576660156, "la2": 43.468475341796875, "dx": 0.2609002888202667, "dy": -0.23708222806453705, "refTime": "2025-02-19 20:00:00", "forecastTime": 0, "parameterNumber": 2, "parameterNumberName": "eastward_wind"}, "data":
[rows 0 to 18 of 198, columns 172 to 214 of 256]
10.411168098449707,10.372522354125977,10.540033340454102,10.868302345275879,11.351791381835938,11.836244583129883,11.892788887023926,11.736130714416504,11.512225151062012,11.303120613098145,11.21784496307373,11.302726745605469,11.771161079406738,11.884866714477539,11.213375091552734,10.671941757202148,10.45727252960205,10.496026039123535,10.823675155639648,10.679743766784668,10.053794860839844,9.17951774597168,8.110177993774414,7.296256065368652,6.717468738555908,6.529323101043701,6.676085948944092,7.139013290405273,7.806685447692871,8.528762817382812,9.236178398132324,9.965391159057617,10.18075180053711,9.315996170043945,8.408894538879395,7.86348295211792,7.305804252624512,6.632274627685547,6.357226371765137,6.558304309844971,6.773762226104736,6.960528373718262,6.457537651062012
9.93530559539795,9.778644561767578,9.904194831848145,10.31461238861084,10.832952499389648,11.387580871582031,11.510781288146973,11.255630493164062,11.04601764678955,11.042450904846191,11.207071304321289,11.316466331481934,11.288370132446289,11.042533874511719,10.497845649719238,10.038633346557617,9.854386329650879,9.9039945602417,10.07723617553711,10.0782470703125,9.837668418884277,9.135354042053223,8.141505241394043,7.421955108642578,6.891089916229248,6.247129440307617,5.838061332702637,6.2438435554504395,6.858444690704346,7.2542195320129395,7.932486534118652,9.093207359313965,9.419326782226562,8.527688026428223,7.791272163391113,7.520402908325195,7.141232013702393,6.600382328033447,6.295614242553711,6.266650676727295,6.0830159187316895,5.749515056610107,5.299515724182129
9.474522590637207,9.43274974822998,9.600144386291504,9.946537017822266,10.373013496398926,10.840723037719727,10.801519393920898,10.335004806518555,10.1217622756958,10.188633918762207,10.369253158569336,10.514859199523926,10.396270751953125,10.018914222717285,9.653194427490234,9.391282081604004,9.084810256958008,8.977723121643066,9.235042572021484,9.266935348510742,8.938011169433594,8.526494026184082,7.928941249847412,7.189511299133301,6.557869911193848,6.0534563064575195,5.82647705078125,5.95793342590332,6.269460201263428,6.853865623474121,7.637092590332031,8.107398986816406,7.878325939178467,7.444626808166504,7.237485408782959,7.000758647918701,6.732944965362549,6.528075695037842,6.29340934753418,6.093274116516113,5.623928070068359,4.888497352600098,4.917764663696289
8.744648933410645,8.767205238342285,8.983207702636719,9.297440528869629,9.542439460754395,9.803953170776367,9.487988471984863,8.843413352966309,8.815978050231934,8.808456420898438,8.87887954711914,8.828531265258789,8.651350021362305,8.239570617675781,7.9418463706970215,7.733867168426514,7.469222068786621,7.0488176345825195,7.242039680480957,7.701385498046875,7.462480068206787,7.298275947570801,7.002241134643555,6.3138203620910645,5.8055033683776855,5.209851264953613,5.424697399139404,5.760490417480469,6.108935356140137,6.688592910766602,7.296390533447266,7.141254901885986,6.428595542907715,6.100091457366943,5.93934440612793,5.656811714172363,5.211958885192871,4.803818225860596,4.363887310028076,4.3184895515441895,4.173220634460449,4.162007808685303,4.236876964569092
7.912699222564697,7.2400970458984375,7.646756649017334,8.041780471801758,7.77142333984375,8.411060333251953,7.738526344299316,6.2938127517700195,7.1671528816223145,6.331968307495117,6.2895965576171875,6.107715129852295,6.220357894897461,4.837287902832031,4.3279523849487305,4.492274284362793,5.179527759552002,3.1570520401000977,2.952845573425293,4.638040542602539,4.085413455963135,5.016210556030273,4.911757469177246,4.3942179679870605,3.9280121326446533,2.165123224258423,4.230201721191406,5.0945024490356445,6.298645973205566,7.027336120605469,6.452711582183838,5.857659816741943,5.262079238891602,4.7486982345581055,3.455166816711426,2.71087384223938,1.4045944213867188,0.39136654138565063,-0.38053134083747864,-0.08835754543542862,-0.16774579882621765,1.300547480583191,0.9259924292564392
7.690760612487793,6.49954080581665,7.719973087310791,8.109991073608398,6.98991060256958,8.06162166595459,7.918368816375732,7.869770050048828,8.300037384033203,5.1523756980896,4.378208160400391,6.333889961242676,8.381659507751465,3.5155045986175537,2.759669065475464,3.512263298034668,4.387846946716309,2.151031494140625,3.959113121032715,4.607924938201904,3.45143461227417,5.400583744049072,3.8187453746795654,4.614303112030029,4.918094635009766,3.349125862121582,5.261535167694092,4.14694356918335,2.8587899208068848,5.205620765686035,5.4948811531066895,4.912914752960205,4.579415321350098,3.8027536869049072,1.8213053941726685,1.7866575717926025,1.9348431825637817,1.9901293516159058,1.8566854000091553,2.0507194995880127,2.2091896533966064,1.4947718381881714,1.9020565748214722
4.930280685424805,6.787829399108887,6.87502908706665,7.395593166351318,6.454438209533691,6.697844505310059,5.495950698852539,9.145122528076172,6.320835113525391,-0.38276469707489014,1.8815386295318604,5.922438144683838,7.870231628417969,0.007645479403436184,1.9490244388580322,2.8613319396972656,3.5203731060028076,1.835101842880249,4.040659427642822,3.08341121673584,3.2466776371002197,3.956162691116333,4.756993293762207,4.2506208419799805,3.792893171310425,3.1420414447784424,2.2944552898406982,4.199157238006592,4.798914432525635,4.587480068206787,4.5398850440979,4.179823875427246,4.335598468780518,2.90364146232605,1.0706679821014404,0.2676251530647278,0.2178347408771515,0.18301093578338623,0.0012504785554483533,-0.3864447772502899,-1.086595058441162,-1.0164908170700073,-0.07642412930727005
4.212977886199951,6.80776309967041,8.189987182617188,7.369184494018555,6.452602386474609,6.504575252532959,2.0751264095306396,5.668437480926514,4.860038757324219,2.601661205291748,3.536503314971924,5.019265174865723,5.159939765930176,3.6412041187286377,2.96537446975708,3.259770393371582,3.9741389751434326,4.532154083251953,2.539585590362549,5.296138286590576,1.1080281734466553,4.502508163452148,2.579376220703125,4.4652509689331055,3.213514566421509,2.5584659576416016,3.5346460342407227,5.486170768737793,5.1778059005737305,3.5371322631835938,3.4372169971466064,3.0271012783050537,3.2877771854400635,1.5879491567611694,0.04552260786294937,-0.9437124133110046,-1.1074292659759521,-1.2131022214889526,-2.417607307434082,-3.082777261734009,-2.9342424869537354,-2.705744743347168,-1.302172064781189
5.419936180114746,6.4207024574279785,8.874226570129395,7.46451997756958,1.7622981071472168,3.351240634918213,4.115391254425049,3.6046793460845947,4.846970081329346,3.328908681869507,4.451798439025879,3.775928020477295,4.041873455047607,3.726719617843628,2.694676637649536,3.3665921688079834,2.8351659774780273,4.61647891998291,1.5434964895248413,4.0777907371521,2.674715280532837,4.396524429321289,1.229920744895935,4.170093059539795,1.1650362014770508,2.201012372970581,3.9646573066711426,4.186811923980713,2.4457104206085205,1.7502559423446655,2.1974856853485107,1.8432313203811646,1.7524223327636719,0.8328205943107605,-0.4937863051891327,-1.3907614946365356,-2.2127952575683594,-3.7848360538482666,-5.13328742980957,-5.544917583465576,-4.366488933563232,-4.114612102508545,-5.166983127593994
4.564042091369629,6.646512985229492,4.005329132080078,3.7574257850646973,1.7753785848617554,3.547574996948242,2.3026275634765625,2.792950391769409,3.8511264324188232,3.5651962757110596,3.57122540473938,2.8776638507843018,4.156391143798828,3.3654494285583496,3.9344589710235596,1.8991835117340088,2.071171522140503,5.220099925994873,1.288512110710144,3.416476011276245,5.329703330993652,2.3158998489379883,3.6436259746551514,3.9590659141540527,1.9863609075546265,1.2814496755599976,2.4012768268585205,2.2797718048095703,0.8394238948822021,0.8238257765769958,1.3138879537582397,1.4525859355926514,0.46411240100860596,0.13521720468997955,-1.191650152206421,-1.575175166130066,-2.8952207565307617,-4.901910781860352,-5.3500566482543945,-5.441177845001221,-3.857640266418457,-3.7003512382507324,-7.690530300140381
4.8384623527526855,4.854544162750244,1.02263343334198,3.1002190113067627,3.1222896575927734,1.5308141708374023,1.613309621810913,2.7429699897766113,2.264509677886963,6.218471050262451,0.14736703038215637,1.1850144863128662,2.9393837451934814,2.618042469024658,5.144449710845947,-0.5756270289421082,2.8492519855499268,5.058732032775879,2.372248649597168,3.359369993209839,3.1396589279174805,3.4194610118865967,2.0287647247314453,3.897613048553467,1.7109174728393555,0.8238282203674316,0.605979323387146,0.706145167350769,-0.09775127470493317,1.066170334815979,0.9868178963661194,0.18527436256408691,-0.5627793669700623,-1.331845998764038,-2.296175956726074,-3.057384490966797,-4.9898905754089355,-5.889652729034424,-5.3862385749816895,-4.5842695236206055,-2.8054256439208984,-4.352623462677002,-7.22058629989624
1.7471752166748047,1.2040879726409912,3.1662158966064453,1.5637383460998535,1.427236795425415,-0.20438739657402039,2.680086374282837,1.816112756729126,1.927609920501709,2.7245309352874756,1.250065565109253,2.2602736949920654,1.870404839515686,3.9348859786987305,2.7155137062072754,2.960749626159668,3.1232123374938965,3.3814857006073,4.388695240020752,3.189011335372925,3.7444896697998047,4.615478515625,3.5568270683288574,2.2861545085906982,1.5433597564697266,2.4800729751586914,-0.5686400532722473,-0.40424644947052,0.13753648102283478,0.663532555103302,-0.15143801271915436,-1.2574751377105713,-1.814214825630188,-2.6293437480926514,-3.724600315093994,-5.432316303253174,-7.012309551239014,-7.158387184143066,-6.018054962158203,-4.3786821365356445,-1.15819251537323,-4.841380596160889,-10.37287712097168
-2.1513264179229736,1.1827272176742554,3.186633348464966,-1.962206244468689,3.1857714653015137,-0.5071059465408325,2.3394885063171387,1.410723328590393,0.5455231666564941,1.494138479232788,-0.281350314617157,2.5210683345794678,1.9806618690490723,1.7762389183044434,2.51414155960083,2.3605728149414062,1.6510531902313232,2.6666319370269775,3.3640787601470947,4.357682704925537,2.018974781036377,2.659869909286499,4.757457733154297,0.6305215358734131,1.0357987880706787,2.7254064083099365,-1.6960910558700562,-0.4683384299278259,-0.7537131905555725,-1.0318111181259155,-1.8575655221939087,-2.5153446197509766,-3.045104503631592,-4.050619602203369,-5.749919891357422,-6.830719947814941,-7.8775634765625,-8.445318222045898,-7.7771992683410645,-4.841828346252441,-2.3613107204437256,-4.735871315002441,-3.4158129692077637
0.8260968327522278,-2.372851610183716,0.28698980808258057,-1.510366439819336,1.2769242525100708,0.6098734736442566,0.07431358098983765,0.1675412356853485,-0.44620728492736816,-2.0354979038238525,-0.8330050110816956,-0.017885815352201462,1.429104208946228,2.177816390991211,2.4456582069396973,0.2740304172039032,-0.727099597454071,1.3259849548339844,0.5192267894744873,2.5047385692596436,2.6833159923553467,2.4792726039886475,2.573230743408203,1.9415247440338135,2.392216920852661,-0.7752740383148193,1.1725406646728516,-1.473250389099121,-2.3665292263031006,-2.9432129859924316,-3.6741931438446045,-4.1397786140441895,-4.7286057472229,-6.075010776519775,-7.420990943908691,-7.323078632354736,-7.396491527557373,-9.624216079711914,-8.984877586364746,-4.88423490524292,-4.687581539154053,-4.439438343048096,-4.368184566497803
-0.64630526304245,-2.485860586166382,-0.7137937545776367,-0.2496059089899063,0.6510124802589417,2.3685367107391357,1.5693680047988892,0.9768751859664917,-2.619056463241577,-4.596263885498047,-1.2568405866622925,0.4045559763908386,0.1490800976753235,4.357430934906006,0.8950494527816772,-4.454640865325928,1.1334668397903442,0.08641810715198517,-2.88037109375,1.9108110666275024,1.8032819032669067,2.3462607860565186,2.9721109867095947,2.049255132675171,1.6801176071166992,1.4025211334228516,-0.8482911586761475,-1.6605125665664673,-2.692134380340576,-3.9987971782684326,-5.015361785888672,-5.625377655029297,-6.0485405921936035,-7.1797685623168945,-8.04298210144043,-6.611525058746338,-5.99779748916626,-9.468940734863281,-7.814640998840332,-4.0541791915893555,-5.9883131980896,-1.5687392950057983,-4.28201150894165
-2.4976813793182373,-2.5556349754333496,-1.8645999431610107,-0.9670665860176086,1.806268334388733,4.861518383026123,-2.297290563583374,-5.945595741271973,-4.782445907592773,-2.03149676322937,-2.7932207584381104,-2.9165735244750977,-0.7651773691177368,1.9414621591567993,-2.8942954540252686,-2.765986919403076,0.7333741188049316,3.524675130844116,3.4892735481262207,2.2015488147735596,0.0996873751282692,4.0276384353637695,2.390256404876709,0.7112653255462646,0.7850816249847412,0.6562426686286926,-1.1876463890075684,-2.1898903846740723,-3.6147050857543945,-5.046567916870117,-5.759746551513672,-5.527276515960693,-5.504179954528809,-6.587319850921631,-7.310240745544434,-7.193627834320068,-7.589539051055908,-9.774088859558105,-9.53604507446289,-7.207457542419434,-6.394426345825195,-4.24370813369751,-4.368066310882568
-2.310549736022949,-2.3779683113098145,-1.4513441324234009,-1.035247802734375,-0.6879742741584778,-0.6939698457717896,-5.17962646484375,-4.134914875030518,-3.189128875732422,-4.2456512451171875,-3.3697357177734375,-2.987380266189575,-2.476949453353882,-2.8945116996765137,-0.470386266708374,0.18227218091487885,0.1927083432674408,1.2278316020965576,2.353985071182251,2.430724859237671,0.30571743845939636,2.702484369277954,2.4914581775665283,-0.5150690078735352,-0.7240803241729736,-0.5810768008232117,-1.760210633277893,-3.3595900535583496,-4.529875755310059,-5.772060871124268,-6.6916399002075195,-6.292143821716309,-4.46763801574707,-6.491883754730225,-8.422259330749512,-10.775959014892578,-8.203433990478516,-8.324361801147461,-10.808980941772461,-7.789446830749512,-5.753939628601074,-4.573807716369629,-4.051113605499268
-2.989081382751465,-2.547154664993286,-0.5724528431892395,1.3669129610061646,-5.619161128997803,-2.245027780532837,-4.0486884117126465,-3.10129714012146,-2.9051921367645264,-3.839669942855835,-3.581498861312866,-3.5350728034973145,-3.7238008975982666,-3.454746961593628,-2.100198268890381,-0.9210667014122009,0.4589036703109741,-1.2392414808273315,-0.19479675590991974,0.8437076807022095,-1.1772922277450562,2.5792734622955322,0.7678638100624084,-1.647348165512085,-1.9353892803192139,-2.16686749458313,-3.1734981536865234,-4.315066814422607,-4.900850296020508,-5.883273124694824,-6.528611183166504,-6.021086692810059,-3.953428030014038,-8.628799438476562,-10.996337890625,-10.098339080810547,-8.798175811767578,-11.807680130004883,-13.17038345336914,-9.056577682495117,-5.900947093963623,-4.3948822021484375,-4.288273334503174
-4.566886901855469,-3.293975591659546,-3.0617947578430176,-2.592454671859741,-7.234244346618652,-4.174445152282715,-3.999774694442749,-4.850475788116455,-0.6026381254196167,-0.983903169631958,-5.657964706420898,-3.0885541439056396,-4.839547634124756,-2.5188655853271484,-0.7904351353645325,-1.3547505140304565,2.035532236099243,-0.9516825675964355,-0.9011799693107605,-0.008459152653813362,-1.9393079280853271,-1.4331015348434448,1.8107690811157227,-0.7151678800582886,-3.007662057876587,-3.6409730911254883,-4.639672756195068,-4.988315105438232,-5.569302082061768,-6.299308776855469,-5.34244966506958,-2.838150978088379,-5.741748809814453,-6.936148166656494,-8.375819206237793,-7.545238971710205,-8.70760726928711,-10.911269187927246,-9.479940414428711,-7.157289028167725,-5.1069536209106445,-4.112466812133789,-4.97266960144043
