data/wind_data/wind_0_1.json
{"header": {"parameterUnit": "KT", "parameterCategory": 2, "nx": 256, "ny": 198, "lo1": 44.73521041870117, "la1": -3.236724853515625, "lo2": 111.26478576660156, "la2": 43.468475341796875, "dx": 0.2609002888202667, "dy": -0.23708222806453705, "refTime": "2025-02-19 00:00:00", "forecastTime": 0, "parameterNumber": 2, "parameterNumberName": "eastward_wind"}, "data":
[rows 133 to 151 of 198, columns 129 to 171 of 256]
-4.313854694366455,-3.622300863265991,-3.779690742492676,-1.7063044309616089,-2.7718026638031006,-2.4982352256774902,0.979641854763031,-1.9999769926071167,-2.8785977363586426,-5.328487396240234,-3.405975341796875,-0.1696872115135193,2.8455543518066406,-0.9582962393760681,-3.045595407485962,1.3678196668624878,2.8944358825683594,3.959669589996338,1.9565560817718506,1.783217191696167,3.645643711090088,2.6854028701782227,3.293436288833618,4.459458827972412,3.5616419315338135,4.633796215057373,8.58785629272461,10.407506942749023,10.647615432739258,9.377403259277344,10.138440132141113,8.040780067443848,11.772604942321777,11.93592357635498,11.184855461120605,4.499580383300781,5.299142837524414,6.755214691162109,6.984570026397705,5.408390045166016,3.5877861976623535,3.1257731914520264,4.049771785736084
-2.0570340156555176,-2.3842108249664307,-3.693587064743042,-3.0102601051330566,-5.606082916259766,-5.377785682678223,1.7251365184783936,-0.19646035134792328,-0.6428806781768799,0.6792437434196472,0.7705368399620056,-1.889492154121399,-0.8526326417922974,-4.062856674194336,1.6249618530273438,4.695208549499512,4.566697597503662,3.784254312515259,4.37462043762207,4.917486190795898,4.638103485107422,3.4348230361938477,5.249875068664551,4.633816719055176,4.628986835479736,6.271731853485107,6.718276500701904,7.736752033233643,9.963111877441406,6.162594318389893,8.638714790344238,8.046296119689941,7.576047897338867,8.267342567443848,9.484236717224121,7.0734429359436035,8.06991958618164,5.977840900421143,5.9856977462768555,6.318377494812012,6.938812255859375,5.383203506469727,2.7243716716766357
-1.0938746929168701,-2.375678300857544,-2.0039353370666504,-1.8201090097427368,-2.251899003982544,-4.9793806076049805,-1.1530264616012573,0.417733371257782,1.7665592432022095,4.487147808074951,4.646258354187012,0.7747363448143005,0.854300320148468,-1.346065878868103,1.3584728240966797,2.1268930435180664,1.4264720678329468,2.2654261589050293,2.8942861557006836,3.1208930015563965,3.0663037300109863,3.8930857181549072,5.433215141296387,3.5720055103302,6.057745933532715,6.859465599060059,5.464383125305176,5.807530403137207,5.852757453918457,4.80161190032959,8.54578685760498,7.383009433746338,2.458690643310547,5.790877819061279,7.543740272521973,10.87868881225586,7.372511863708496,3.57118821144104,6.372339248657227,8.791315078735352,7.678153038024902,4.586601257324219,1.4264473915100098
-2.038923978805542,-4.640760898590088,-5.877375602722168,-2.2674365043640137,1.5207204818725586,1.0103676319122314,-2.648963689804077,0.9850310683250427,2.1408379077911377,-0.05088895186781883,1.6303263902664185,4.868031978607178,0.822218656539917,1.0250214338302612,0.6996013522148132,0.6626410484313965,0.6708555221557617,3.023512840270996,3.9561169147491455,4.406492233276367,6.0512776374816895,6.6934638023376465,6.191429615020752,5.740335464477539,5.619655132293701,4.3426361083984375,3.835803508758545,4.845362663269043,3.175604820251465,1.9539902210235596,1.9744727611541748,8.540609359741211,9.381731986999512,8.164937019348145,12.857685089111328,9.734479904174805,0.4759148359298706,10.485435485839844,13.03408145904541,7.373187065124512,2.0774898529052734,-0.46663224697113037,0.34226495027542114
-2.787773847579956,-4.435959815979004,-4.611962795257568,-3.5428154468536377,-0.623351514339447,7.283115863800049,6.7715253829956055,2.1124086380004883,2.013965129852295,0.997178852558136,1.3098101615905762,1.7992244958877563,1.0627765655517578,1.3820219039916992,1.6393104791641235,1.7432466745376587,1.8890100717544556,2.7394979000091553,1.9067460298538208,1.699297308921814,3.7869386672973633,6.110240936279297,4.455376148223877,4.4222517013549805,3.1682088375091553,3.2726285457611084,4.32232141494751,5.44131326675415,5.525784492492676,5.157779216766357,5.5626983642578125,15.846051216125488,19.00726890563965,18.812040328979492,11.435073852539062,4.891336441040039,8.658205032348633,11.815963745117188,12.672280311584473,7.929696559906006,2.9837968349456787,4.668641567230225,6.847309112548828
-6.79403018951416,0.7496506571769714,-0.7413077354431152,-1.5351476669311523,2.4901788234710693,0.4711824953556061,-0.006255340296775103,0.8500314354896545,0.7066646218299866,-3.686875820159912,-3.459545373916626,1.8423625230789185,2.585482358932495,2.2311627864837646,1.6102710962295532,2.861189126968384,5.347348213195801,3.3814775943756104,-0.20556199550628662,0.5964177250862122,4.552260875701904,8.361715316772461,10.468657493591309,5.859586238861084,3.7165446281433105,4.94028902053833,5.433197021484375,5.151942729949951,5.682591438293457,7.9815850257873535,11.90478229522705,15.967123985290527,18.448299407958984,11.655080795288086,7.386479377746582,9.845459938049316,9.078746795654297,12.7207612991333,12.159627914428711,8.321975708007812,10.82265567779541,12.757426261901855,11.392447471618652
-6.157761096954346,-1.372591495513916,2.7409982681274414,2.5195744037628174,2.1506404876708984,2.983349561691284,0.4009421467781067,2.795102834701538,-2.0926244258880615,-0.953597366809845,5.135758876800537,2.562652349472046,2.226015567779541,2.2972252368927,3.0751075744628906,4.801185131072998,4.290542125701904,4.907309532165527,1.10243558883667,1.5200878381729126,5.415965557098389,6.5582804679870605,6.3459625244140625,2.9057977199554443,0.7180193662643433,1.400911808013916,4.07283353805542,4.884352207183838,3.9466426372528076,5.233846187591553,7.599998474121094,7.221891403198242,5.411133289337158,8.908370018005371,9.217613220214844,11.964484214782715,12.963726997375488,10.292550086975098,12.882576942443848,12.947025299072266,7.475043296813965,7.078160762786865,8.042400360107422
-1.6458194255828857,-2.0587875843048096,1.19956636428833,3.1254472732543945,2.6269047260284424,-1.2149405479431152,0.11603739857673645,1.8013628721237183,-2.003750801086426,5.582215309143066,3.5475707054138184,1.091216802597046,3.575976848602295,3.716622829437256,2.420323610305786,1.9727455377578735,2.96097993850708,4.569167137145996,1.4217499494552612,1.7455214262008667,5.428152561187744,4.4873433113098145,3.1357998847961426,1.1631951332092285,1.041183590888977,2.8478176593780518,3.5444915294647217,4.097009181976318,4.695308685302734,6.302541255950928,5.267379283905029,4.353971004486084,5.167509078979492,6.6761579513549805,9.71411418914795,12.817737579345703,14.782550811767578,11.091471672058105,12.98417854309082,13.846284866333008,12.052650451660156,6.499924659729004,3.331108570098877
4.101698398590088,-1.1594135761260986,1.2802443504333496,2.2203550338745117,-0.5398252606391907,-4.3796610832214355,2.9608066082000732,-0.2866942286491394,1.9322675466537476,5.823450565338135,0.47061440348625183,1.4096240997314453,4.136284828186035,4.138216972351074,1.4890174865722656,1.8537065982818604,3.423896551132202,4.11741304397583,1.9276158809661865,3.591202974319458,4.738284587860107,3.8407323360443115,2.436685085296631,0.5224704146385193,1.1589150428771973,2.8782403469085693,2.184011697769165,2.24135684967041,5.556852340698242,6.346236228942871,2.8208343982696533,5.024871349334717,9.09999942779541,10.03051471710205,10.152704238891602,9.376493453979492,9.850691795349121,8.511268615722656,8.744051933288574,9.897972106933594,6.8076395988464355,2.015073299407959,1.2648831605911255
3.90765380859375,-0.8054578304290771,1.0807267427444458,2.192150831222534,-3.233569860458374,0.09397737681865692,2.4116477966308594,-0.37995070219039917,3.9089722633361816,3.6620845794677734,0.38993698358535767,1.9650382995605469,4.4125261306762695,3.910306453704834,0.28878524899482727,2.0485305786132812,3.2478976249694824,3.320916175842285,2.125962972640991,3.10799241065979,2.5241141319274902,2.216491937637329,1.7699694633483887,1.9877864122390747,3.32991099357605,3.590794801712036,2.654629945755005,2.5643999576568604,5.170877933502197,6.514511585235596,7.244447708129883,8.490671157836914,6.3636908531188965,8.5779390335083,7.798565864562988,6.751224040985107,6.416379928588867,5.035283088684082,3.8273873329162598,5.637020587921143,2.13012433052063,0.2781224548816681,0.6564702987670898
3.857154369354248,-0.4186089038848877,-0.6408755779266357,1.677655816078186,1.2252604961395264,4.973848342895508,0.774928629398346,1.281339406967163,3.068356513977051,2.98401141166687,1.7447961568832397,2.500518560409546,4.520463943481445,3.9577972888946533,0.5999711155891418,1.738402009010315,1.6863288879394531,1.1172372102737427,1.0919500589370728,1.5031124353408813,2.170245409011841,2.520124912261963,1.4468915462493896,3.1519012451171875,5.850481986999512,8.433866500854492,8.56338882446289,8.516646385192871,8.230514526367188,9.644707679748535,13.326278686523438,10.294450759887695,2.596773147583008,4.912842750549316,8.43589973449707,9.466885566711426,7.233575820922852,4.26946496963501,2.9142298698425293,3.489370584487915,1.2019017934799194,0.24450303614139557,-0.2670508623123169
5.245181083679199,1.7902683019638062,-0.3118898272514343,0.7463763952255249,5.644330024719238,4.630834579467773,1.9377549886703491,2.8973751068115234,3.857027053833008,2.7476179599761963,3.655165433883667,3.552284002304077,3.2042720317840576,3.3757946491241455,1.472813367843628,2.6094648838043213,1.5319503545761108,1.154050588607788,1.7046574354171753,2.0615737438201904,4.795572280883789,5.897222518920898,2.778754711151123,3.841930866241455,5.777353286743164,9.861969947814941,13.94848346710205,14.852200508117676,12.921523094177246,12.160507202148438,12.311665534973145,8.481510162353516,4.727685928344727,4.004276275634766,5.7867255210876465,8.018378257751465,6.764954090118408,4.1789937019348145,3.0089988708496094,1.9630051851272583,-0.18067720532417297,-1.9415843486785889,-1.697782039642334
2.464590311050415,4.4067840576171875,4.082362174987793,3.327901601791382,2.2485737800598145,2.307318687438965,1.6717060804367065,3.9338412284851074,5.040806293487549,0.8270806670188904,4.044154644012451,3.525118350982666,2.1193740367889404,2.285125255584717,2.008181571960449,2.5649778842926025,1.0701496601104736,1.4259275197982788,2.8303074836730957,2.976362705230713,6.212074279785156,8.777146339416504,6.8565354347229,5.930184841156006,6.3268280029296875,7.72433614730835,11.452073097229004,12.076732635498047,9.491106986999512,7.7368316650390625,6.365406036376953,4.768434047698975,4.0787529945373535,3.9553799629211426,1.0213083028793335,2.6108646392822266,1.8027461767196655,0.7715230584144592,1.2100515365600586,1.2698755264282227,-0.5388333797454834,-1.3973171710968018,-2.7377078533172607
4.350348472595215,5.52831506729126,3.0422451496124268,2.861567497253418,3.5620834827423096,3.5524141788482666,5.087481498718262,7.041523456573486,3.1231706142425537,1.599765658378601,2.622253894805908,2.3543126583099365,2.2670183181762695,2.8719799518585205,2.9548513889312744,4.027734279632568,4.991848468780518,4.728888034820557,5.412527561187744,4.047286033630371,4.698061943054199,2.821340799331665,1.5844088792800903,3.425351142883301,5.653321266174316,7.270792007446289,7.985202789306641,6.393401145935059,5.365971565246582,5.350584983825684,3.6185388565063477,2.7980380058288574,-0.07198438793420792,0.8591142296791077,-2.305006742477417,-1.9437836408615112,-1.4804562330245972,-0.5212567448616028,1.1883553266525269,1.4173297882080078,0.079524464905262,0.15194633603096008,-1.4993400573730469
4.859205722808838,3.5470480918884277,2.089155673980713,1.8699668645858765,5.514688014984131,5.872495174407959,4.247445106506348,4.338108539581299,2.566624879837036,1.8378477096557617,3.195141315460205,4.609502792358398,4.013748645782471,3.730186700820923,2.550153970718384,5.483906269073486,5.602931499481201,3.130213975906372,2.0416438579559326,3.384377956390381,4.60690450668335,2.8001484870910645,1.4204059839248657,1.953029751777649,3.7657318115234375,3.900383710861206,4.812568187713623,2.7242953777313232,0.8514412641525269,1.3358224630355835,2.245208501815796,3.0584347248077393,0.34994056820869446,-0.463517427444458,-0.16258282959461212,-0.017375417053699493,-0.8978387117385864,-1.4771099090576172,-1.7947771549224854,0.33606329560279846,2.467500686645508,0.9167455434799194,-0.46906840801239014
2.184692144393921,4.900949478149414,3.5729291439056396,4.4271087646484375,4.914115905761719,3.842540979385376,4.486899375915527,4.633157730102539,3.2592005729675293,1.3280245065689087,3.2535784244537354,4.183265209197998,2.575019359588623,2.284599542617798,1.7890557050704956,3.652738571166992,4.507493019104004,2.1078641414642334,1.009537935256958,3.8256797790527344,4.4392924308776855,1.4972195625305176,-0.10210162401199341,1.5360167026519775,2.9038684368133545,3.077454090118408,3.728248119354248,3.2735912799835205,1.2610236406326294,1.2831271886825562,2.2035105228424072,2.719637393951416,1.8226369619369507,-0.43679648637771606,-0.5840544700622559,-1.4310466051101685,-0.09498688578605652,-0.38792967796325684,-0.43027177453041077,1.3039487600326538,2.537550210952759,1.0734535455703735,0.5765025019645691
2.817861795425415,4.4958086013793945,3.561782121658325,3.705122709274292,2.456838607788086,2.4788339138031006,3.683673620223999,3.75647234916687,2.9200668334960938,2.0317232608795166,2.3438377380371094,2.7022361755371094,1.8815563917160034,2.328768730163574,1.2404401302337646,0.9967617392539978,4.1243109703063965,2.2596328258514404,1.4105417728424072,2.7859604358673096,3.2978672981262207,2.176736831665039,2.8153114318847656,3.4198129177093506,3.4911978244781494,3.3254384994506836,3.4025113582611084,4.252472400665283,2.0771572589874268,0.46821630001068115,0.8409138321876526,1.0758198499679565,0.5615361332893372,-0.5713414549827576,-1.008661150932312,-0.7660869359970093,0.1779445856809616,1.2920434474945068,1.3376249074935913,0.846552848815918,-0.25196215510368347,0.6237870454788208,2.1766164302825928
2.9276208877563477,2.143848180770874,3.9134013652801514,1.574187159538269,1.0332472324371338,0.15888644754886627,4.43466329574585,4.146576404571533,3.210564613342285,2.9714667797088623,2.0422656536102295,2.839046001434326,1.5212138891220093,0.919001579284668,0.8812342882156372,1.9003963470458984,3.2554550170898438,2.319230318069458,1.9028714895248413,2.427976608276367,2.8953301906585693,2.462862491607666,4.027252197265625,6.142683982849121,6.398897171020508,6.095569610595703,5.6977972984313965,4.814056873321533,3.464999198913574,1.658966064453125,0.12199006229639053,-0.09434033185243607,0.5208054184913635,0.3686703145503998,-0.6491664052009583,0.9446768164634705,0.3795502185821533,1.411089539527893,1.384121298789978,-0.6790064573287964,-1.4459736347198486,1.5149868726730347,3.879518747329712
0.6314768195152283,1.4290878772735596,3.564992904663086,0.14320240914821625,-0.2589498460292816,-1.4994124174118042,4.351231575012207,5.098593711853027,2.408291816711426,1.5046778917312622,2.8278069496154785,3.5711095333099365,0.9607542157173157,0.5096461176872253,2.3215839862823486,2.620830774307251,1.5495575666427612,1.923141598701477,2.4472029209136963,3.3557639122009277,3.0780093669891357,1.5295296907424927,4.034193992614746,8.984572410583496,8.917675018310547,5.754094123840332,4.211827278137207,1.84508216381073,2.6973354816436768,3.3907673358917236,0.8939570188522339,0.9923110008239746,2.2910280227661133,1.9263761043548584,0.7301256060600281,1.1199767589569092,0.4489482641220093,1.4698643684387207,1.4274572134017944,-0.15409374237060547,0.11978674679994583,1.8335593938827515,3.1562771797180176
