data/wind_data/wind_4_4.json
{"header": {"parameterUnit": "KT", "parameterCategory": 2, "nx": 256, "ny": 198, "lo1": 44.73521041870117, "la1": -3.236724853515625, "lo2": 111.26478576660156, "la2": 43.468475341796875, "dx": 0.2609002888202667, "dy": -0.23708222806453705, "refTime": "2025-02-19 04:00:00", "forecastTime": 0, "parameterNumber": 2, "parameterNumberName": "eastward_wind"}, "data":
[rows 114 to 132 of 198, columns 44 to 87 of 256]
37.078060150146484,35.09280014038086,35.503082275390625,36.810489654541016,37.11515426635742,37.38027572631836,38.26515579223633,39.690284729003906,41.317481994628906,42.43042755126953,42.64333724975586,42.390235900878906,42.400814056396484,42.803401947021484,43.15005874633789,43.377174377441406,43.56584167480469,43.235023498535156,42.3035888671875,41.51765060424805,40.928367614746094,40.07263946533203,39.45419692993164,39.52316665649414,39.88182067871094,40.06043243408203,40.66722869873047,41.48579788208008,41.881858825683594,41.82273864746094,41.42930221557617,41.32548522949219,42.169036865234375,43.378028869628906,44.58544921875,45.88532638549805,47.11460494995117,47.39836502075195,46.96112823486328,46.54429244995117,46.77391052246094,46.90396499633789,46.52462387084961,45.964324951171875
37.6619758605957,35.89947509765625,36.432437896728516,37.744239807128906,38.05162048339844,38.37461471557617,39.11228942871094,40.111351013183594,41.338539123535156,42.280799865722656,42.603336334228516,42.65156555175781,43.10040283203125,43.887901306152344,44.53218460083008,44.901161193847656,45.10633087158203,44.85728073120117,43.93756866455078,42.737789154052734,41.883480072021484,41.36379623413086,41.096343994140625,40.95479965209961,40.87870788574219,41.00200653076172,41.7580680847168,43.01845169067383,44.39994812011719,45.67825698852539,46.42009353637695,46.59332275390625,47.03013610839844,47.706390380859375,47.9981575012207,48.34733963012695,48.76237487792969,48.800106048583984,48.14920425415039,47.918609619140625,48.064292907714844,48.04442596435547,48.034385681152344,47.87672805786133
38.05289840698242,37.33491516113281,37.66923904418945,38.29771041870117,38.69721984863281,39.71649932861328,40.646568298339844,40.98308563232422,41.37239074707031,41.58009719848633,41.85517120361328,42.4068603515625,43.36128616333008,44.48863220214844,45.46878433227539,46.16118240356445,46.530723571777344,46.5077018737793,45.99576950073242,45.02450942993164,43.84907913208008,42.92887878417969,42.35507583618164,42.05860900878906,42.295501708984375,43.05636978149414,44.15102767944336,45.531856536865234,46.807090759277344,47.60830307006836,48.005775451660156,48.026878356933594,47.96376037597656,48.229854583740234,48.37685012817383,48.67284393310547,49.184627532958984,49.531455993652344,49.365116119384766,49.44674301147461,48.91297912597656,48.2908935546875,49.3984489440918,50.978397369384766
38.15219497680664,38.57356262207031,38.87181854248047,39.18374252319336,39.840816497802734,41.72703552246094,43.194976806640625,42.610904693603516,41.283470153808594,40.2905387878418,40.624385833740234,42.421783447265625,44.1132698059082,45.373050689697266,46.71167755126953,48.02633285522461,48.6644401550293,48.69842529296875,48.44139099121094,47.68195724487305,46.70209503173828,46.035579681396484,44.94361877441406,43.9343376159668,44.464664459228516,45.77899169921875,47.03270721435547,48.22114181518555,48.63067626953125,48.3817024230957,48.32616424560547,48.218955993652344,47.17182922363281,46.788997650146484,47.101707458496094,48.329933166503906,49.986026763916016,50.250831604003906,49.75862121582031,49.53505325317383,48.528656005859375,47.37617874145508,48.69538497924805,50.850257873535156
38.66075897216797,39.36882019042969,39.938446044921875,40.37150573730469,41.145660400390625,43.25084686279297,45.20642852783203,44.4527702331543,42.319889068603516,41.06622314453125,41.23219680786133,43.493412017822266,46.08591842651367,47.48609161376953,48.43357849121094,49.6653938293457,50.68954849243164,51.2392692565918,51.245548248291016,50.585914611816406,49.79774475097656,49.36564254760742,48.46043395996094,47.68785858154297,47.98450469970703,48.67742919921875,49.420162200927734,49.22550582885742,47.88787078857422,47.34637451171875,48.06668472290039,48.03550720214844,46.773414611816406,45.96274185180664,46.64128875732422,47.97748947143555,49.45458221435547,49.343162536621094,47.85466766357422,47.369075775146484,46.88737106323242,46.2927360534668,46.54229736328125,46.70296096801758
39.0125732421875,39.55653762817383,39.97201919555664,40.3030891418457,41.173255920410156,43.269195556640625,45.557064056396484,45.40122985839844,44.855106353759766,45.11008071899414,45.661258697509766,46.59265899658203,47.60187530517578,48.15748977661133,48.599552154541016,49.48704147338867,50.607391357421875,51.71534729003906,52.64621353149414,53.1398811340332,53.06856918334961,52.27724838256836,50.960758209228516,50.49052429199219,50.7761344909668,50.833778381347656,50.22161102294922,47.789066314697266,46.02317428588867,46.69911575317383,48.23567581176758,48.46468734741211,47.235774993896484,45.663475036621094,44.62523651123047,44.45200729370117,44.43967819213867,44.32637023925781,44.4099006652832,44.6634407043457,45.132972717285156,44.749324798583984,44.0859489440918,43.7950439453125
38.41831970214844,38.61641311645508,38.73108673095703,39.18123245239258,40.31326675415039,42.410865783691406,44.71062088012695,45.454524993896484,45.570953369140625,46.032257080078125,46.69676971435547,47.54188919067383,48.3958740234375,48.95900344848633,49.34191131591797,49.86759567260742,50.499549865722656,51.22308349609375,52.757450103759766,54.923397064208984,55.505245208740234,53.953800201416016,52.12492752075195,51.55107498168945,51.450927734375,51.53428268432617,49.94518280029297,46.19143295288086,45.5566291809082,47.26323318481445,48.097843170166016,47.32015609741211,45.78982162475586,44.376399993896484,43.41459274291992,43.438838958740234,42.68388366699219,41.67481994628906,43.19001388549805,44.104862213134766,43.977699279785156,43.13846206665039,42.08659362792969,41.82762145996094
38.15464401245117,38.18696594238281,38.178958892822266,39.05028533935547,40.46050262451172,41.754234313964844,43.019474029541016,43.71617889404297,44.38938522338867,45.39418029785156,47.005977630615234,48.74685287475586,49.90688705444336,50.40031814575195,50.659698486328125,51.11246871948242,51.742095947265625,52.20338439941406,53.76118850708008,56.7155876159668,57.29433059692383,55.17156982421875,53.741722106933594,53.357688903808594,52.56098937988281,50.8096923828125,47.16521072387695,44.521202087402344,45.4483642578125,46.833744049072266,46.579490661621094,45.67917251586914,44.776920318603516,43.7162971496582,42.59649658203125,42.16789627075195,41.496238708496094,40.074588775634766,41.71056365966797,43.48027038574219,43.331722259521484,42.512184143066406,41.63745880126953,40.533958435058594
39.998600006103516,40.80535125732422,41.460838317871094,41.785335540771484,41.829872131347656,41.93083953857422,42.59769058227539,43.53812789916992,44.302520751953125,45.1923942565918,46.684654235839844,48.36482620239258,49.88495635986328,51.04441833496094,51.688968658447266,52.21999740600586,53.322601318359375,54.57786178588867,56.44240188598633,58.715065002441406,58.617713928222656,56.819557189941406,56.77167892456055,55.46168518066406,51.83015441894531,46.241329193115234,44.310123443603516,44.37150955200195,44.44654846191406,44.675872802734375,44.951820373535156,45.035736083984375,44.210697174072266,42.368064880371094,41.243412017822266,42.080078125,42.31239700317383,40.62967300415039,41.14913558959961,42.47201156616211,42.62889862060547,42.52507400512695,41.828819274902344,40.38017654418945
42.738704681396484,43.18178176879883,43.592864990234375,43.618858337402344,43.14396667480469,43.257789611816406,44.293277740478516,45.03221130371094,45.12876510620117,45.71913528442383,47.41785430908203,49.62876510620117,51.71223831176758,53.41756820678711,54.173683166503906,54.25592041015625,55.09264373779297,56.174068450927734,57.08918762207031,58.23542022705078,58.396236419677734,58.28560256958008,57.288387298583984,53.92067337036133,46.99870300292969,42.26329040527344,42.30976486206055,43.25033950805664,43.82560348510742,44.12937927246094,44.19145965576172,43.86149597167969,42.80487823486328,40.725948333740234,39.16255569458008,40.142677307128906,41.8021240234375,41.520530700683594,40.997127532958984,41.33681106567383,41.72402572631836,42.206539154052734,40.178226470947266,36.91408920288086
43.59901809692383,43.81532669067383,43.364253997802734,43.99173355102539,44.56063461303711,45.03141784667969,45.51292419433594,45.45018005371094,45.6082763671875,47.20014572143555,50.163169860839844,53.114013671875,54.92624282836914,55.874794006347656,56.1335334777832,55.69522476196289,55.86145782470703,56.309749603271484,56.180633544921875,56.44905471801758,57.364933013916016,57.31541442871094,55.20755386352539,49.935218811035156,44.11556625366211,42.026432037353516,42.34245300292969,43.03373336791992,43.29983901977539,43.06329345703125,42.714725494384766,42.42218017578125,41.71724319458008,40.15812683105469,38.28234100341797,38.16682052612305,40.19266891479492,41.85293197631836,41.39107131958008,41.08960723876953,41.45627975463867,41.78673553466797,36.15114212036133,30.81792449951172
43.025726318359375,43.10450744628906,45.109214782714844,44.679683685302734,45.82905578613281,46.07204818725586,44.687496185302734,45.05986022949219,48.16371536254883,50.88642120361328,52.57623291015625,53.19512939453125,53.389305114746094,53.51542282104492,53.87690734863281,54.07966613769531,54.57160186767578,55.092918395996094,54.97303009033203,54.6983642578125,54.471397399902344,54.109619140625,50.692138671875,46.424766540527344,44.37324905395508,43.56332778930664,43.23489761352539,42.94416809082031,42.232208251953125,41.3264045715332,40.922645568847656,40.980873107910156,40.8403434753418,40.53492736816406,39.16293716430664,37.653343200683594,38.6052360534668,41.03546142578125,42.2879638671875,42.32710266113281,41.90629196166992,39.98334503173828,32.583274841308594,28.44712257385254
43.68431091308594,44.96474075317383,46.4302978515625,45.89524841308594,45.32087707519531,45.32486343383789,43.78213119506836,47.78781509399414,51.713897705078125,53.29568099975586,50.90956497192383,47.15412902832031,46.62664031982422,48.032466888427734,49.94952392578125,51.71513366699219,53.21009826660156,54.6285285949707,55.578575134277344,53.67193603515625,51.99750900268555,47.129730224609375,44.4338264465332,44.44115447998047,44.04125213623047,43.07599639892578,42.23505401611328,41.51251983642578,40.60073471069336,39.836151123046875,39.68318557739258,39.63400650024414,38.74217224121094,38.74072265625,38.72874069213867,37.245479583740234,37.8819694519043,39.694488525390625,41.843162536621094,41.513160705566406,42.023338317871094,37.67374038696289,30.559017181396484,28.289480209350586
45.360992431640625,46.49964904785156,46.31269836425781,46.47416305541992,44.68574142456055,45.2891731262207,47.99546432495117,51.99113082885742,52.62305450439453,50.89112854003906,45.58818054199219,42.16836929321289,41.83074188232422,43.46112060546875,46.79669189453125,50.595272064208984,53.09845733642578,55.56781768798828,55.986427307128906,54.23567199707031,48.93796157836914,41.427825927734375,38.93312072753906,39.57047653198242,39.688323974609375,38.818973541259766,38.13033676147461,38.13905715942383,37.90522766113281,37.32581329345703,36.93289566040039,36.675804138183594,36.116634368896484,36.27507781982422,37.115211486816406,36.3415412902832,37.004425048828125,39.17052459716797,41.08498001098633,40.494384765625,40.744083404541016,37.01776123046875,30.906681060791016,28.613418579101562
46.34077453613281,46.623905181884766,46.260345458984375,44.99031448364258,44.70393371582031,46.092041015625,50.84854507446289,52.43564224243164,49.29098129272461,44.19807815551758,40.642677307128906,38.78725051879883,38.078678131103516,39.45393753051758,43.37396240234375,48.14501190185547,51.467201232910156,54.15625,54.75528335571289,51.91016387939453,45.67047882080078,40.49361801147461,37.507591247558594,36.44756317138672,36.879676818847656,36.71438980102539,35.65748977661133,35.999263763427734,36.6785888671875,36.41124725341797,35.224388122558594,33.952003479003906,33.031070709228516,32.3374137878418,33.255470275878906,34.130096435546875,35.921607971191406,37.80072784423828,39.467323303222656,39.793087005615234,39.571800231933594,36.242393493652344,31.05488395690918,31.361848831176758
45.981285095214844,46.65372085571289,47.11824417114258,46.46672058105469,47.604427337646484,47.84979248046875,50.89281463623047,47.75860595703125,42.71843338012695,39.29712677001953,36.142982482910156,34.131309509277344,33.011837005615234,33.69309616088867,37.898380279541016,43.93536376953125,48.440330505371094,51.15379333496094,51.71278762817383,48.95259475708008,44.43041229248047,40.075130462646484,36.07466506958008,34.13246154785156,35.022789001464844,35.24485397338867,33.793758392333984,34.4390869140625,36.464962005615234,37.44989776611328,36.698028564453125,34.53188705444336,32.08503341674805,29.690349578857422,29.483644485473633,30.770814895629883,33.49549865722656,35.99210739135742,37.713035583496094,38.9571418762207,37.84832000732422,35.04090118408203,30.92145538330078,33.393035888671875
46.45371627807617,48.24720001220703,49.315486907958984,49.67068862915039,48.136783599853516,49.15217590332031,47.5306282043457,43.55361557006836,38.88691329956055,34.940582275390625,31.61396598815918,29.57451057434082,28.736900329589844,31.259057998657227,36.95466995239258,43.29859924316406,46.680870056152344,47.54533767700195,47.186676025390625,46.46550750732422,43.06485366821289,37.8309326171875,34.28269958496094,32.719642639160156,32.540122985839844,31.966938018798828,31.53665542602539,33.17189407348633,35.6680793762207,37.290489196777344,37.666873931884766,36.40414810180664,32.670867919921875,28.6849422454834,27.317495346069336,28.317018508911133,30.43399429321289,33.366397857666016,35.629425048828125,36.42185974121094,35.16002655029297,31.769357681274414,31.59365463256836,34.16015625
47.66175079345703,48.9537467956543,49.688873291015625,49.19434356689453,48.430660247802734,48.801151275634766,45.51544952392578,40.14738464355469,34.404823303222656,31.249658584594727,30.24778175354004,29.369165420532227,29.1929874420166,32.604740142822266,38.48269271850586,43.78817367553711,45.55464172363281,45.11481475830078,44.18132781982422,42.80623245239258,40.10124969482422,37.42924499511719,35.551971435546875,34.00319290161133,32.27312088012695,30.726823806762695,30.680925369262695,32.57857894897461,34.77007293701172,36.008426666259766,36.89619064331055,36.309425354003906,32.664947509765625,28.52139663696289,26.2712345123291,26.37473487854004,27.983814239501953,30.73542022705078,33.25288009643555,33.710575103759766,32.66361999511719,29.919513702392578,32.2916259765625,35.87908172607422
47.62996292114258,47.229827880859375,46.35261154174805,45.9075813293457,46.990745544433594,47.45718765258789,45.65803527832031,37.18592071533203,30.436662673950195,28.507797241210938,28.81952667236328,29.605491638183594,29.669118881225586,31.57927703857422,36.558719635009766,41.051509857177734,41.871524810791016,41.463191986083984,41.34650421142578,39.658687591552734,37.791629791259766,36.99261474609375,36.78804016113281,36.47520446777344,35.24544143676758,33.24164962768555,31.72637176513672,32.33877182006836,33.94727325439453,35.01029968261719,35.338993072509766,34.49244689941406,31.918657302856445,28.218467712402344,26.22111701965332,26.241910934448242,26.483427047729492,29.565879821777344,30.912002563476562,31.039817810058594,30.80605697631836,31.107206344604492,33.12179183959961,36.43061065673828
