data/wind_data/wind_37_6.json
{"header": {"parameterUnit": "KT", "parameterCategory": 2, "nx": 256, "ny": 198, "lo1": 44.73521041870117, "la1": -3.236724853515625, "lo2": 111.26478576660156, "la2": 43.468475341796875, "dx": 0.2609002888202667, "dy": -0.23708222806453705, "refTime": "2025-02-20 13:00:00", "forecastTime": 0, "parameterNumber": 2, "parameterNumberName": "eastward_wind"}, "data":
[rows 40 to 59 of 198, columns 135 to 179 of 256]
-15.605712890625,-16.08367919921875,-17.46241569519043,-18.507244110107422,-18.630062103271484,-18.157865524291992,-17.715272903442383,-17.478586196899414,-17.88995361328125,-18.801420211791992,-19.535844802856445,-19.801162719726562,-19.941068649291992,-20.29646110534668,-20.70737648010254,-20.77385902404785,-20.45783233642578,-19.956077575683594,-19.50130271911621,-19.1269588470459,-18.980817794799805,-18.983070373535156,-18.621549606323242,-17.775806427001953,-16.92027473449707,-15.850439071655273,-14.549266815185547,-13.482504844665527,-12.823722839355469,-13.25483226776123,-14.515433311462402,-15.219942092895508,-15.151263236999512,-14.518390655517578,-13.754364967346191,-12.550704002380371,-11.334720611572266,-10.030515670776367,-9.301766395568848,-8.975829124450684,-9.414360046386719,-10.301780700683594,-10.965984344482422,-11.083796501159668,-10.557217597961426
-16.037124633789062,-16.12850570678711,-16.889659881591797,-17.346975326538086,-17.658235549926758,-18.00237464904785,-17.557600021362305,-17.11743927001953,-17.11400032043457,-17.55585289001465,-18.757125854492188,-19.9560604095459,-20.40906524658203,-20.540782928466797,-20.64518165588379,-20.887483596801758,-20.86947250366211,-20.54481315612793,-20.144655227661133,-19.900243759155273,-19.924222946166992,-19.81818962097168,-19.23704719543457,-18.25601577758789,-17.236562728881836,-16.695621490478516,-16.586170196533203,-16.04464340209961,-15.092381477355957,-14.596208572387695,-15.472975730895996,-16.45457649230957,-16.349477767944336,-15.181760787963867,-14.17172622680664,-12.978917121887207,-11.683676719665527,-10.64460563659668,-9.95031452178955,-9.68655776977539,-9.776016235351562,-10.33285903930664,-10.845454216003418,-10.759800910949707,-10.019193649291992
-17.3024959564209,-17.414440155029297,-16.369108200073242,-15.384702682495117,-16.24860191345215,-18.266284942626953,-18.406627655029297,-17.292682647705078,-15.920327186584473,-15.723155975341797,-17.381710052490234,-19.021530151367188,-20.14788246154785,-20.57696533203125,-20.580841064453125,-20.56145668029785,-20.574119567871094,-20.415199279785156,-20.283288955688477,-20.200063705444336,-20.16687774658203,-20.164735794067383,-19.920127868652344,-19.10711669921875,-17.914798736572266,-17.3701229095459,-17.317651748657227,-16.947418212890625,-16.494768142700195,-16.08915901184082,-16.535537719726562,-17.255582809448242,-17.319326400756836,-16.390111923217773,-14.861352920532227,-13.622918128967285,-12.310349464416504,-11.317313194274902,-10.47201919555664,-10.103277206420898,-9.83738899230957,-9.930471420288086,-10.221627235412598,-10.11859130859375,-9.541096687316895
-17.22472381591797,-17.91051483154297,-16.774978637695312,-15.325898170471191,-16.143463134765625,-18.75560760498047,-19.576173782348633,-18.35666847229004,-16.248374938964844,-14.651321411132812,-15.787532806396484,-17.558107376098633,-18.846853256225586,-19.69391441345215,-20.17333221435547,-20.005779266357422,-19.67516326904297,-19.696290969848633,-19.86402702331543,-19.851438522338867,-19.8015079498291,-19.903522491455078,-20.03005599975586,-19.780492782592773,-19.301982879638672,-18.90464210510254,-17.9370059967041,-16.782672882080078,-16.71934700012207,-17.75349235534668,-17.993162155151367,-17.704633712768555,-17.731374740600586,-17.001161575317383,-15.77122688293457,-14.087329864501953,-12.924467086791992,-11.706464767456055,-10.998907089233398,-10.26763916015625,-9.798389434814453,-9.466347694396973,-9.27573013305664,-9.190963745117188,-9.24795913696289
-15.465645790100098,-16.19498062133789,-16.20473289489746,-16.137678146362305,-16.871801376342773,-18.53463363647461,-19.44291877746582,-19.036128997802734,-17.76870346069336,-15.873124122619629,-15.478165626525879,-16.22456169128418,-17.170574188232422,-18.002792358398438,-18.916292190551758,-19.45591926574707,-19.297319412231445,-19.08869171142578,-19.345022201538086,-19.683916091918945,-19.7977294921875,-19.673749923706055,-19.745521545410156,-19.999982833862305,-20.1296329498291,-20.11521339416504,-19.24174690246582,-17.647695541381836,-17.521886825561523,-19.435890197753906,-19.6229190826416,-18.712772369384766,-18.37518310546875,-17.53286361694336,-16.196331024169922,-14.584786415100098,-13.193216323852539,-12.031477928161621,-11.42074203491211,-10.358527183532715,-9.567850112915039,-8.981917381286621,-8.148287773132324,-8.011554718017578,-8.433085441589355
-13.350398063659668,-13.728072166442871,-14.068926811218262,-15.043621063232422,-16.17367935180664,-17.074771881103516,-17.63419532775879,-17.64434242248535,-17.360939025878906,-16.851261138916016,-16.550888061523438,-16.28898048400879,-16.35037612915039,-16.774864196777344,-17.45136070251465,-18.305164337158203,-18.756614685058594,-18.55248260498047,-18.466279983520508,-18.838150024414062,-19.3850154876709,-19.49456787109375,-19.34833526611328,-19.59156036376953,-19.934755325317383,-20.250213623046875,-20.24497413635254,-19.55293846130371,-19.032386779785156,-19.098369598388672,-19.571971893310547,-19.33683967590332,-18.957477569580078,-17.92658805847168,-16.70083236694336,-15.302786827087402,-13.789262771606445,-12.614089965820312,-11.996491432189941,-11.199048042297363,-9.824313163757324,-8.668508529663086,-7.2865142822265625,-7.218689918518066,-7.131829261779785
-11.400015830993652,-11.859963417053223,-12.417994499206543,-13.382122993469238,-14.337180137634277,-14.909757614135742,-15.241137504577637,-15.199130058288574,-15.100085258483887,-15.418917655944824,-16.117069244384766,-16.466690063476562,-16.488161087036133,-16.586833953857422,-16.657150268554688,-16.854900360107422,-17.31456756591797,-17.662532806396484,-17.59271240234375,-17.299774169921875,-17.501502990722656,-17.958330154418945,-18.397216796875,-18.848190307617188,-19.339902877807617,-19.76179313659668,-19.757570266723633,-19.80876350402832,-19.805980682373047,-19.31203269958496,-18.666017532348633,-18.748506546020508,-18.757789611816406,-18.063617706298828,-17.025541305541992,-15.711697578430176,-14.31546401977539,-13.639217376708984,-12.7112398147583,-12.174166679382324,-10.802301406860352,-9.747547149658203,-8.837218284606934,-8.200565338134766,-7.549676418304443
-9.813227653503418,-10.33825969696045,-11.271549224853516,-12.248992919921875,-12.74888801574707,-13.136760711669922,-13.4482421875,-13.384437561035156,-13.142332077026367,-13.245004653930664,-14.095620155334473,-15.15607738494873,-15.840818405151367,-16.3989200592041,-16.6961727142334,-16.487825393676758,-16.02882957458496,-15.768442153930664,-16.022062301635742,-16.108470916748047,-15.665794372558594,-15.605127334594727,-16.35101318359375,-17.712491989135742,-18.488834381103516,-18.81521224975586,-18.77550506591797,-18.76773452758789,-19.283153533935547,-19.545549392700195,-18.80159568786621,-18.182344436645508,-18.11261558532715,-17.8190860748291,-17.8028621673584,-16.458251953125,-15.20029354095459,-14.624202728271484,-14.238163948059082,-13.807374954223633,-12.70704460144043,-11.901083946228027,-11.565677642822266,-11.033537864685059,-9.829675674438477
-9.10422420501709,-9.7537841796875,-10.717714309692383,-11.416486740112305,-11.654531478881836,-11.923894882202148,-12.240918159484863,-12.334074974060059,-12.273770332336426,-12.184846878051758,-12.819928169250488,-13.720162391662598,-14.297017097473145,-14.914734840393066,-15.721231460571289,-16.4243106842041,-16.20926856994629,-15.120790481567383,-14.390579223632812,-14.562972068786621,-14.542243003845215,-14.109294891357422,-14.65275764465332,-16.41172218322754,-17.446630477905273,-17.585500717163086,-17.701955795288086,-17.574501037597656,-18.068578720092773,-18.853506088256836,-18.691043853759766,-17.988006591796875,-17.640827178955078,-17.648860931396484,-17.843107223510742,-17.359886169433594,-16.320865631103516,-15.619559288024902,-15.373922348022461,-15.268132209777832,-14.732848167419434,-13.9871187210083,-13.70661735534668,-12.901677131652832,-11.992238998413086
-9.14476203918457,-9.709051132202148,-10.343147277832031,-10.797733306884766,-11.030570030212402,-11.20486831665039,-11.546031951904297,-11.886237144470215,-11.931862831115723,-11.783426284790039,-12.250029563903809,-12.824359893798828,-13.165427207946777,-13.444831848144531,-13.812128067016602,-14.855804443359375,-15.793455123901367,-15.353052139282227,-14.119754791259766,-13.360002517700195,-13.194025993347168,-13.252408981323242,-13.805374145507812,-15.181565284729004,-16.259685516357422,-16.349185943603516,-16.546985626220703,-16.516061782836914,-16.58424186706543,-17.428852081298828,-18.01232147216797,-17.683305740356445,-17.189319610595703,-17.20193099975586,-17.161470413208008,-16.978397369384766,-16.465707778930664,-15.96320915222168,-15.64660930633545,-15.542224884033203,-15.34351634979248,-15.253320693969727,-15.165226936340332,-14.218859672546387,-12.917407035827637
-8.268010139465332,-8.854917526245117,-9.427063941955566,-9.897026062011719,-10.135388374328613,-10.466752052307129,-11.023707389831543,-11.485729217529297,-11.611451148986816,-11.63156795501709,-11.781900405883789,-11.989372253417969,-12.354668617248535,-12.573759078979492,-12.526254653930664,-12.9426851272583,-13.897112846374512,-14.385740280151367,-13.920443534851074,-12.966529846191406,-12.312189102172852,-12.505963325500488,-12.980053901672363,-13.700061798095703,-14.555166244506836,-14.992549896240234,-15.376814842224121,-15.572016716003418,-15.387968063354492,-15.644472122192383,-16.245697021484375,-16.647342681884766,-16.550832748413086,-16.455089569091797,-16.443653106689453,-16.129932403564453,-15.75611686706543,-15.551941871643066,-15.130364418029785,-14.735934257507324,-14.788686752319336,-14.791890144348145,-14.96747875213623,-14.546514511108398,-13.072627067565918
-6.867164134979248,-7.313704967498779,-7.9752726554870605,-8.531025886535645,-8.87762451171875,-9.168217658996582,-9.664785385131836,-10.204893112182617,-10.707669258117676,-10.932815551757812,-10.96834945678711,-11.246835708618164,-11.706045150756836,-11.731195449829102,-11.598808288574219,-11.777592658996582,-12.090775489807129,-12.585260391235352,-12.936929702758789,-12.534282684326172,-11.957682609558105,-11.792882919311523,-11.961341857910156,-12.246692657470703,-12.663524627685547,-13.189817428588867,-13.689162254333496,-14.160300254821777,-14.400663375854492,-14.350627899169922,-14.402227401733398,-14.818235397338867,-15.2164888381958,-15.322871208190918,-15.16656494140625,-14.971010208129883,-14.659704208374023,-14.683191299438477,-14.338512420654297,-13.801992416381836,-13.64765453338623,-13.30202865600586,-13.46982192993164,-13.739361763000488,-13.43842601776123
-5.7233476638793945,-6.068339824676514,-6.672341346740723,-7.253443241119385,-7.662728786468506,-7.700234413146973,-7.84942626953125,-8.284772872924805,-8.920658111572266,-9.237031936645508,-9.438604354858398,-10.006241798400879,-10.570121765136719,-10.715505599975586,-10.647671699523926,-10.673113822937012,-10.751016616821289,-11.211559295654297,-11.606172561645508,-11.598142623901367,-11.420341491699219,-11.032362937927246,-10.783778190612793,-10.768047332763672,-10.89818286895752,-11.129876136779785,-11.455102920532227,-11.953279495239258,-12.487519264221191,-12.76241397857666,-12.761515617370605,-13.107226371765137,-13.55848503112793,-13.681805610656738,-13.486608505249023,-13.255014419555664,-13.310572624206543,-13.574747085571289,-13.121926307678223,-12.9834623336792,-12.357080459594727,-12.086639404296875,-11.923027038574219,-12.377601623535156,-12.446715354919434
-4.638497829437256,-5.015888690948486,-5.492420196533203,-6.167846202850342,-6.622923374176025,-6.439708709716797,-6.220649242401123,-6.538467884063721,-7.051979064941406,-7.441112041473389,-7.73206901550293,-8.097752571105957,-8.642842292785645,-9.112922668457031,-9.382242202758789,-9.3350830078125,-9.547969818115234,-9.87092399597168,-10.158312797546387,-10.41176700592041,-10.424906730651855,-10.070413589477539,-9.646771430969238,-9.42147445678711,-9.4695405960083,-9.5546293258667,-9.577308654785156,-9.777434349060059,-10.191872596740723,-10.594145774841309,-10.638602256774902,-10.986661911010742,-11.637779235839844,-12.239835739135742,-12.149861335754395,-11.654850959777832,-11.566481590270996,-11.881789207458496,-11.700642585754395,-11.621167182922363,-11.264861106872559,-11.436140060424805,-10.95465087890625,-11.371079444885254,-10.99196720123291
-3.4165847301483154,-3.8255932331085205,-4.212434768676758,-4.878240585327148,-5.335770606994629,-5.094627857208252,-4.952507972717285,-5.284719944000244,-5.521128177642822,-5.871051788330078,-6.123729228973389,-6.4215850830078125,-6.710402965545654,-7.152247428894043,-7.655935764312744,-7.744775295257568,-8.040807723999023,-8.29175853729248,-8.611163139343262,-8.933716773986816,-8.992915153503418,-8.817059516906738,-8.536053657531738,-8.227800369262695,-8.12441349029541,-8.23139762878418,-8.27896785736084,-8.22613525390625,-8.448359489440918,-8.801010131835938,-8.891193389892578,-8.790650367736816,-9.154473304748535,-9.924739837646484,-10.47952651977539,-10.405743598937988,-10.097617149353027,-10.079699516296387,-10.062063217163086,-9.73608684539795,-9.608823776245117,-10.368962287902832,-10.020103454589844,-10.501302719116211,-10.015275955200195
-2.220529794692993,-2.3637945652008057,-2.591242551803589,-3.24565052986145,-3.744642972946167,-3.7117550373077393,-3.853222370147705,-4.017000198364258,-4.092398166656494,-4.209598064422607,-4.448249340057373,-4.915239334106445,-5.107887268066406,-5.370514869689941,-5.740414142608643,-5.897464275360107,-6.373077869415283,-6.597692966461182,-6.927677154541016,-7.1862311363220215,-7.313582420349121,-7.248826503753662,-7.20650577545166,-7.044120788574219,-6.797402858734131,-6.722501277923584,-6.79881477355957,-6.898988246917725,-7.173020362854004,-7.5003275871276855,-7.612364768981934,-7.355312824249268,-7.044187068939209,-7.226797580718994,-7.9430317878723145,-8.409562110900879,-8.462797164916992,-8.457254409790039,-8.412554740905762,-7.993278503417969,-7.960257053375244,-8.361577033996582,-8.450543403625488,-9.12087345123291,-8.816192626953125
-1.3132352828979492,-1.3946350812911987,-1.4349677562713623,-1.6373308897018433,-1.9134067296981812,-2.145857810974121,-2.2435312271118164,-2.3785884380340576,-2.4449775218963623,-2.3681843280792236,-2.5357325077056885,-3.025517702102661,-3.3083980083465576,-3.734553098678589,-4.01313591003418,-4.282986164093018,-4.677151679992676,-4.801389694213867,-5.048174858093262,-5.3168416023254395,-5.545499324798584,-5.516870021820068,-5.602765083312988,-5.63422155380249,-5.505656719207764,-5.326426982879639,-5.256016731262207,-5.291000843048096,-5.550055980682373,-6.072966575622559,-6.388500213623047,-6.181197643280029,-5.652608871459961,-5.321653366088867,-5.597107887268066,-6.134627342224121,-6.419715404510498,-6.4944257736206055,-6.574978828430176,-6.597769737243652,-6.653605937957764,-6.4219865798950195,-6.707389831542969,-6.604220867156982,-6.843793869018555
0.5735648274421692,0.351454496383667,0.17551946640014648,0.013319632038474083,-0.1641913503408432,-0.3545110523700714,-0.4309372007846832,-0.5128651261329651,-0.6294577717781067,-0.6724109649658203,-0.8205363750457764,-1.071071982383728,-1.3835952281951904,-1.824486255645752,-2.334199905395508,-2.966181516647339,-3.168616771697998,-3.1693015098571777,-3.1809754371643066,-3.4152004718780518,-3.7039706707000732,-3.806840419769287,-3.838649272918701,-3.8736019134521484,-3.9356727600097656,-3.9189701080322266,-3.8963117599487305,-3.8756606578826904,-3.915933132171631,-4.254427433013916,-4.66394567489624,-4.770252227783203,-4.44407844543457,-3.9339020252227783,-3.8844635486602783,-4.239964485168457,-4.510191440582275,-4.626381874084473,-4.752586364746094,-5.03348970413208,-5.06050443649292,-4.636702060699463,-4.497191429138184,-4.387344837188721,-4.271362781524658
3.000490665435791,2.899416446685791,2.8510589599609375,2.62075138092041,2.230156898498535,1.8803917169570923,1.7091541290283203,1.6506582498550415,1.4776508808135986,1.0902557373046875,0.6137783527374268,0.3332463800907135,0.21500326693058014,0.0025899442844092846,-0.5598604679107666,-1.2782657146453857,-1.8717843294143677,-2.0222485065460205,-1.7922124862670898,-1.662766933441162,-1.8800795078277588,-2.1301889419555664,-2.2207157611846924,-2.1338279247283936,-2.1281983852386475,-2.246263027191162,-2.4030845165252686,-2.565732479095459,-2.6094820499420166,-2.6664767265319824,-2.8315558433532715,-2.956041097640991,-2.8782942295074463,-2.526240348815918,-2.224675178527832,-2.3192577362060547,-2.630979537963867,-2.8763182163238525,-3.1954710483551025,-3.619389295578003,-3.6654114723205566,-2.8805134296417236,-2.0035781860351562,-2.249399423599243,-2.4115045070648193
5.08334493637085,5.049853801727295,5.0851006507873535,4.988629341125488,4.773236274719238,4.503048896789551,4.188020706176758,3.8850879669189453,3.609602212905884,3.2000656127929688,2.61374568939209,1.9888648986816406,1.5860066413879395,1.3496170043945312,1.040664792060852,0.5971596240997314,-0.10697334259748459,-0.7148759961128235,-0.7462775111198425,-0.39776521921157837,-0.27218785881996155,-0.34513381123542786,-0.4798588752746582,-0.45726409554481506,-0.37830066680908203,-0.469729483127594,-0.6518682837486267,-0.8974226117134094,-1.1272172927856445,-1.2521259784698486,-1.2919824123382568,-1.3198734521865845,-1.3078478574752808,-1.1650540828704834,-0.7784323692321777,-0.4277861714363098,-0.38092243671417236,-0.5874677300453186,-1.1887025833129883,-2.0187506675720215,-2.3034353256225586,-1.4058204889297485,0.2138952910900116,-0.27709680795669556,-0.644282341003418
