data/wind_data/wind_54_0.json
{"header": {"parameterUnit": "KT", "parameterCategory": 2, "nx": 255, "ny": 198, "lo1": 44.73521041870117, "la1": -3.236724853515625, "lo2": 111.26478576660156, "la2": 43.468475341796875, "dx": 0.26192745566368103, "dy": -0.23708222806453705, "refTime": "2025-02-21 06:00:00", "forecastTime": 0, "parameterNumber": 2, "parameterNumberName": "eastward_wind"}, "data":
[rows 0 to 18 of 198, columns 43 to 85 of 255]
-7.75412654876709,-8.039067268371582,-7.939505100250244,-7.585268020629883,-7.0874857902526855,-6.579475402832031,-6.31484317779541,-6.379755020141602,-6.355652809143066,-6.066431522369385,-5.66768741607666,-5.26838493347168,-5.050310134887695,-5.014142036437988,-4.992944240570068,-4.923595905303955,-4.752723693847656,-4.593876361846924,-4.656078815460205,-4.854911804199219,-5.0404839515686035,-5.247621536254883,-5.523271083831787,-5.70419454574585,-5.6493024826049805,-5.560944557189941,-5.576925277709961,-5.53093147277832,-5.357298374176025,-5.1857008934021,-5.0636162757873535,-4.915079116821289,-4.734470367431641,-4.579464435577393,-4.460412979125977,-4.362016677856445,-4.254250526428223,-4.098370552062988,-3.8732409477233887,-3.556988000869751,-3.1577389240264893,-2.6685070991516113,-2.229910373687744
-8.386361122131348,-8.987946510314941,-8.992350578308105,-8.5217866897583,-8.009825706481934,-7.769000053405762,-7.548117160797119,-7.220282554626465,-6.816108703613281,-6.357938289642334,-5.981917381286621,-5.722136497497559,-5.449636459350586,-5.206444263458252,-5.078845977783203,-4.982790946960449,-4.825181484222412,-4.708180904388428,-4.801138401031494,-5.054739952087402,-5.325496673583984,-5.586001873016357,-5.8403706550598145,-5.950844764709473,-5.881326675415039,-5.8465681076049805,-5.891592979431152,-5.893054962158203,-5.7793989181518555,-5.5405755043029785,-5.298247814178467,-5.173171043395996,-5.091156959533691,-4.9558868408203125,-4.813017845153809,-4.685997009277344,-4.552881717681885,-4.418671607971191,-4.242407321929932,-3.9858508110046387,-3.6298229694366455,-3.1358869075775146,-2.6317431926727295
-8.167351722717285,-9.517509460449219,-10.184834480285645,-9.673394203186035,-8.822065353393555,-8.359530448913574,-8.01305866241455,-7.624729633331299,-7.157767295837402,-6.669112682342529,-6.30676794052124,-6.006299018859863,-5.649685859680176,-5.263145446777344,-4.908649444580078,-4.818161487579346,-5.006366729736328,-5.138026237487793,-5.131389617919922,-5.2533040046691895,-5.655237197875977,-6.12758731842041,-6.3876051902771,-6.380527496337891,-6.237008094787598,-6.153042316436768,-6.208306789398193,-6.23052453994751,-6.044201850891113,-5.735452651977539,-5.5474324226379395,-5.5360870361328125,-5.526615142822266,-5.411341667175293,-5.207530498504639,-4.976683616638184,-4.75337028503418,-4.532228469848633,-4.269377708435059,-3.9432122707366943,-3.6081509590148926,-3.235224485397339,-2.79830002784729
-8.719658851623535,-9.904404640197754,-10.72304630279541,-10.619982719421387,-9.87067699432373,-9.057522773742676,-8.323522567749023,-7.607815265655518,-7.100042819976807,-7.067996501922607,-7.085845470428467,-6.707863807678223,-6.145131587982178,-5.221350193023682,-4.1333136558532715,-4.259526252746582,-5.650254726409912,-6.498223304748535,-6.270461559295654,-6.029886245727539,-6.059690952301025,-6.383530139923096,-6.868689060211182,-7.01776647567749,-6.830470561981201,-6.676900386810303,-6.743645191192627,-6.682056427001953,-6.354708671569824,-5.912659168243408,-5.6178483963012695,-5.822379112243652,-6.099616050720215,-5.990356922149658,-5.5390753746032715,-5.066572666168213,-4.6085991859436035,-4.030094623565674,-3.4744675159454346,-3.0489919185638428,-2.8959059715270996,-2.78743314743042,-2.587982177734375
-9.402521133422852,-8.05844783782959,-8.499615669250488,-10.806923866271973,-11.424785614013672,-10.094206809997559,-8.738492012023926,-7.510204315185547,-7.404379367828369,-8.894638061523438,-9.222354888916016,-7.944826126098633,-7.039299964904785,-5.304304599761963,-3.3389978408813477,-4.161905765533447,-7.7819318771362305,-9.646271705627441,-8.365297317504883,-7.233307838439941,-6.051821708679199,-6.007420539855957,-7.657123565673828,-8.227625846862793,-7.663091659545898,-7.574862480163574,-7.894737720489502,-7.33415412902832,-6.413457870483398,-5.6491570472717285,-4.944920539855957,-6.1214470863342285,-7.663391590118408,-7.139502048492432,-5.486677646636963,-4.462282657623291,-3.616213798522949,-2.329697847366333,-0.9160425662994385,0.08105996251106262,-0.39804160594940186,-0.8137768507003784,-1.1162593364715576
-8.174028396606445,-5.5512824058532715,-5.135313510894775,-8.966752052307129,-10.831307411193848,-9.769691467285156,-9.334505081176758,-9.299243927001953,-9.493041038513184,-9.567473411560059,-8.954241752624512,-8.210212707519531,-7.799627304077148,-7.925678253173828,-9.556443214416504,-11.620766639709473,-11.171653747558594,-8.945978164672852,-7.125082015991211,-5.710220813751221,-5.573350429534912,-7.91514778137207,-9.79375171661377,-9.048847198486328,-7.98968505859375,-8.037530899047852,-8.349164962768555,-7.772823810577393,-6.430139064788818,-5.507989883422852,-6.337136268615723,-7.401689052581787,-7.6725239753723145,-7.09758186340332,-5.958503723144531,-4.914308547973633,-4.0198187828063965,-3.6827378273010254,-2.7135212421417236,-1.9719616174697876,-2.160688638687134,-1.6008291244506836,-1.161792278289795
-9.07790470123291,-8.740904808044434,-8.949141502380371,-10.221927642822266,-10.646707534790039,-10.062662124633789,-9.23846435546875,-8.984867095947266,-8.921723365783691,-8.64410400390625,-9.000842094421387,-9.471881866455078,-9.262081146240234,-9.261932373046875,-10.362841606140137,-11.300399780273438,-10.200637817382812,-7.536552906036377,-5.6942315101623535,-6.382545471191406,-9.52486515045166,-11.267573356628418,-10.166404724121094,-8.81473445892334,-8.607112884521484,-9.16640567779541,-9.254912376403809,-8.62710952758789,-7.65166711807251,-6.495113849639893,-6.592050552368164,-7.581235408782959,-7.57207727432251,-7.032510757446289,-6.415205955505371,-5.7896223068237305,-5.414580821990967,-4.821945667266846,-3.723296880722046,-2.9610509872436523,-2.4862258434295654,-1.8517420291900635,-1.1109319925308228
-7.681924819946289,-9.949301719665527,-10.726000785827637,-11.235950469970703,-10.134421348571777,-8.046162605285645,-6.85068416595459,-7.679446220397949,-9.211294174194336,-9.699708938598633,-9.764505386352539,-9.675040245056152,-8.912210464477539,-8.320493698120117,-8.959442138671875,-9.511690139770508,-8.23724365234375,-5.295536518096924,-3.439868211746216,-6.677414894104004,-10.419137001037598,-10.432385444641113,-8.633359909057617,-7.05498743057251,-8.374960899353027,-9.678840637207031,-9.113289833068848,-8.484848976135254,-8.066790580749512,-7.829657554626465,-7.535735130310059,-7.0862345695495605,-6.996087551116943,-7.427616119384766,-6.712852954864502,-5.947161674499512,-6.143444061279297,-5.136383533477783,-3.72900652885437,-3.219266414642334,-3.9787790775299072,-4.606773853302002,-3.7439932823181152
-9.251319885253906,-10.01108169555664,-9.455662727355957,-8.952608108520508,-8.818930625915527,-8.002952575683594,-7.011107444763184,-7.377631664276123,-8.758673667907715,-9.799362182617188,-9.525959968566895,-8.81139850616455,-8.703038215637207,-9.143598556518555,-9.601075172424316,-9.066642761230469,-7.797711372375488,-6.839069366455078,-6.872392177581787,-9.692176818847656,-11.899222373962402,-10.344661712646484,-8.196690559387207,-7.968271255493164,-9.779147148132324,-10.288311958312988,-9.158683776855469,-8.603852272033691,-8.269619941711426,-7.313223838806152,-6.253215789794922,-6.323467254638672,-7.334135055541992,-8.256959915161133,-7.633276462554932,-5.947777271270752,-5.437366962432861,-4.9711408615112305,-3.00008487701416,-2.8668622970581055,-5.979368686676025,-7.902359485626221,-6.548612117767334
-11.147102355957031,-9.89851188659668,-8.261926651000977,-7.1823883056640625,-7.343327045440674,-8.799314498901367,-10.009001731872559,-9.76382064819336,-9.515748977661133,-9.965923309326172,-9.3160982131958,-8.943531036376953,-10.352764129638672,-11.002310752868652,-9.681452751159668,-7.919492244720459,-7.404892444610596,-9.040099143981934,-10.945734977722168,-11.421685218811035,-11.057336807250977,-9.776881217956543,-9.378764152526855,-10.199069023132324,-10.676547050476074,-9.697911262512207,-8.446791648864746,-7.968489646911621,-7.724121570587158,-7.065426349639893,-6.436750888824463,-7.161072254180908,-8.931912422180176,-9.421611785888672,-8.27430248260498,-6.571037769317627,-5.57297945022583,-4.9309492111206055,-3.1081154346466064,-3.7503459453582764,-6.382171630859375,-7.9845685958862305,-7.74075174331665
-10.668980598449707,-10.005407333374023,-9.001619338989258,-7.914438724517822,-7.541039943695068,-9.077217102050781,-10.87891674041748,-10.975435256958008,-10.5790376663208,-9.824872970581055,-8.23029899597168,-8.154228210449219,-10.33100700378418,-11.176542282104492,-10.199044227600098,-9.315570831298828,-9.414548873901367,-10.721952438354492,-11.158732414245605,-10.710712432861328,-10.303608894348145,-9.307473182678223,-8.60275650024414,-9.30583667755127,-9.186761856079102,-8.10806941986084,-7.370175361633301,-7.128187656402588,-7.899795055389404,-7.625442981719971,-5.236179351806641,-4.231362819671631,-6.532003402709961,-8.728278160095215,-9.403197288513184,-9.079414367675781,-6.955801963806152,-5.1388654708862305,-4.841567516326904,-5.518380641937256,-6.244607448577881,-7.676773548126221,-8.45217227935791
-10.530010223388672,-10.311426162719727,-10.414121627807617,-10.92770004272461,-11.090367317199707,-10.087837219238281,-9.230463027954102,-9.400007247924805,-9.73885726928711,-9.171113014221191,-6.692713737487793,-4.299208641052246,-6.97169828414917,-10.732417106628418,-11.534299850463867,-11.593647956848145,-11.182792663574219,-10.996550559997559,-11.044195175170898,-11.262022018432617,-10.84418773651123,-9.924483299255371,-9.424466133117676,-9.143250465393066,-8.723226547241211,-8.064619064331055,-7.56109619140625,-7.495051383972168,-7.643307685852051,-7.293494701385498,-6.034165859222412,-4.260693550109863,-2.7599575519561768,-4.731579780578613,-10.113138198852539,-11.35660457611084,-8.099002838134766,-5.546769618988037,-4.618149280548096,-5.312038421630859,-6.929147243499756,-8.319497108459473,-9.121370315551758
-11.004161834716797,-10.726964950561523,-9.936426162719727,-10.509278297424316,-11.339449882507324,-9.015811920166016,-5.528939723968506,-5.261746406555176,-7.938352584838867,-9.981976509094238,-9.637770652770996,-7.871015548706055,-6.464883327484131,-8.869098663330078,-13.113579750061035,-13.388952255249023,-11.301032066345215,-9.954472541809082,-9.829411506652832,-11.036066055297852,-11.248283386230469,-9.858527183532715,-9.037300109863281,-8.940208435058594,-8.91797924041748,-8.645896911621094,-8.328204154968262,-8.622481346130371,-8.907025337219238,-7.909224033355713,-6.49500846862793,-5.604950904846191,-4.57733154296875,-6.537203311920166,-10.255640983581543,-10.3460111618042,-7.814550399780273,-5.7207770347595215,-5.01380729675293,-5.2810258865356445,-6.567312717437744,-8.765409469604492,-9.47431468963623
-11.172530174255371,-11.105000495910645,-9.090537071228027,-8.115859031677246,-9.123658180236816,-7.977766036987305,-4.051006317138672,-2.5692732334136963,-7.83737850189209,-12.2996244430542,-11.07284927368164,-9.941669464111328,-10.90971851348877,-12.73790454864502,-13.368362426757812,-12.676689147949219,-11.1751127243042,-9.347319602966309,-7.8513312339782715,-9.214322090148926,-11.375664710998535,-10.298945426940918,-8.571675300598145,-7.816461563110352,-7.093903064727783,-7.060060977935791,-7.9059224128723145,-8.707820892333984,-8.85117244720459,-7.747546672821045,-5.79139518737793,-4.643812656402588,-6.051523685455322,-9.907100677490234,-11.007139205932617,-8.745715141296387,-7.747349262237549,-7.1729736328125,-5.128477573394775,-4.329287052154541,-6.940474987030029,-9.801957130432129,-9.664701461791992
-9.582165718078613,-11.9628324508667,-11.973051071166992,-11.313507080078125,-10.532299995422363,-8.13949966430664,-5.114284992218018,-7.499917507171631,-12.660133361816406,-13.314864158630371,-10.925498008728027,-10.531303405761719,-11.083784103393555,-11.388922691345215,-11.794129371643066,-11.549213409423828,-11.173861503601074,-10.967738151550293,-10.58051872253418,-10.404974937438965,-10.77602767944336,-10.14720344543457,-7.857441425323486,-5.768914222717285,-5.936488151550293,-6.910768032073975,-6.735888957977295,-7.054388523101807,-8.693169593811035,-9.691313743591309,-8.499034881591797,-7.1308159828186035,-8.322282791137695,-10.417824745178223,-9.293625831604004,-7.248445510864258,-7.723814487457275,-7.930462837219238,-5.350472450256348,-3.1636626720428467,-5.911713123321533,-9.350733757019043,-8.255938529968262
-8.42340087890625,-10.531968116760254,-12.569551467895508,-12.530383110046387,-10.437684059143066,-7.335827350616455,-4.792403697967529,-7.418854713439941,-12.299907684326172,-12.190813064575195,-9.960734367370605,-10.188920974731445,-11.72359848022461,-12.577956199645996,-11.471260070800781,-9.339471817016602,-9.205087661743164,-10.36947250366211,-10.715150833129883,-10.553323745727539,-10.360357284545898,-9.813751220703125,-9.241593360900879,-8.736228942871094,-8.120392799377441,-7.943111419677734,-7.092206954956055,-6.779527187347412,-9.308507919311523,-11.092365264892578,-9.225878715515137,-7.4681525230407715,-8.421923637390137,-9.778533935546875,-9.526334762573242,-8.309163093566895,-7.546347141265869,-7.0486555099487305,-5.460235595703125,-3.208833694458008,-4.942368507385254,-9.254098892211914,-9.615829467773438
-12.950746536254883,-13.704380989074707,-13.044581413269043,-11.47819709777832,-8.907501220703125,-6.577844142913818,-6.752721309661865,-10.219526290893555,-12.79588794708252,-11.53066635131836,-8.723703384399414,-7.108885288238525,-8.816235542297363,-11.801824569702148,-11.6409330368042,-8.488740921020508,-7.224542617797852,-8.852972030639648,-9.564872741699219,-9.034539222717285,-8.511759757995605,-8.892181396484375,-9.835594177246094,-10.082307815551758,-9.927780151367188,-10.2127685546875,-10.49570369720459,-10.116297721862793,-9.506494522094727,-8.991649627685547,-8.96343994140625,-9.290277481079102,-10.033024787902832,-9.812989234924316,-8.47458553314209,-7.487805366516113,-7.389481544494629,-7.412939548492432,-6.2652587890625,-4.127603054046631,-5.439401626586914,-9.761691093444824,-11.175085067749023
-13.054452896118164,-13.319732666015625,-12.245031356811523,-10.246532440185547,-8.286275863647461,-8.515257835388184,-11.240242958068848,-13.207809448242188,-12.578190803527832,-10.219537734985352,-7.680232048034668,-6.349337577819824,-8.925935745239258,-11.767406463623047,-11.544391632080078,-10.309834480285645,-10.926923751831055,-12.063232421875,-9.980640411376953,-7.355847358703613,-6.868365287780762,-8.427750587463379,-10.480298042297363,-11.025726318359375,-10.549229621887207,-9.412388801574707,-8.013550758361816,-7.688559055328369,-8.162307739257812,-7.833068370819092,-8.931192398071289,-11.52308464050293,-11.861030578613281,-9.46587085723877,-6.273073673248291,-6.665207386016846,-9.3925142288208,-9.272284507751465,-6.940316200256348,-5.9937238693237305,-7.551401138305664,-10.015225410461426,-11.348443031311035
-13.368597984313965,-12.82105827331543,-11.285223007202148,-8.201887130737305,-5.444357872009277,-6.966007709503174,-10.508655548095703,-11.600541114807129,-11.587931632995605,-10.498529434204102,-9.224693298339844,-10.433100700378418,-13.107872009277344,-13.267016410827637,-10.731718063354492,-9.284651756286621,-11.31958293914795,-12.482386589050293,-9.85616397857666,-6.680665016174316,-5.018951416015625,-6.9710469245910645,-10.921082496643066,-13.04607105255127,-12.450136184692383,-9.415531158447266,-6.615634441375732,-6.771422863006592,-9.313311576843262,-9.988142013549805,-9.087997436523438,-10.273039817810059,-11.829742431640625,-10.532880783081055,-8.0912504196167,-8.977543830871582,-10.123023986816406,-7.766536235809326,-6.471660614013672,-8.870157241821289,-9.568123817443848,-8.777463912963867,-10.105060577392578
