data/wind_data/wind_27_8.json
{"header": {"parameterUnit": "KT", "parameterCategory": 2, "nx": 256, "ny": 198, "lo1": 44.73521041870117, "la1": -3.236724853515625, "lo2": 111.26478576660156, "la2": 43.468475341796875, "dx": 0.2609002888202667, "dy": -0.23708222806453705, "refTime": "2025-02-20 03:00:00", "forecastTime": 0, "parameterNumber": 2, "parameterNumberName": "eastward_wind"}, "data":
[rows 95 to 113 of 198, columns 132 to 175 of 256]
37.76285171508789,37.325294494628906,37.62250518798828,39.26188659667969,41.52974319458008,42.75079345703125,42.03794479370117,39.855045318603516,36.876930236816406,33.89414978027344,32.02664566040039,31.02324867248535,30.463958740234375,31.119129180908203,33.282073974609375,35.23116683959961,35.04106521606445,34.07361602783203,34.32319641113281,35.52261734008789,36.53472137451172,36.81425857543945,36.1622428894043,34.72993087768555,33.434879302978516,32.6745491027832,32.12434768676758,31.72340965270996,31.758575439453125,32.353050231933594,32.90715026855469,32.95296096801758,32.8148193359375,32.673057556152344,32.49388885498047,32.345516204833984,32.18848419189453,31.639833450317383,30.509607315063477,29.156776428222656,28.159812927246094,28.332416534423828,29.267345428466797,28.889127731323242
39.16380310058594,38.94512176513672,38.62702178955078,39.37678146362305,41.17932891845703,42.84218215942383,43.47393798828125,42.76764678955078,40.779232025146484,38.246307373046875,35.97926330566406,34.35835266113281,33.067501068115234,32.2736930847168,32.987796783447266,34.823055267333984,35.690223693847656,34.90485763549805,34.60431671142578,35.75124740600586,37.48313522338867,38.74287414550781,38.4830322265625,36.86973190307617,35.18354415893555,33.92546081542969,33.265052795410156,33.55074691772461,33.7096061706543,32.97005844116211,32.69503402709961,33.33721160888672,33.733890533447266,33.2621955871582,32.49897003173828,32.11146545410156,32.061580657958984,31.781511306762695,30.899940490722656,29.732799530029297,29.00775718688965,29.606201171875,30.758419036865234,30.480066299438477
40.026519775390625,40.355411529541016,40.053375244140625,40.05596160888672,41.11427688598633,42.77222442626953,44.15705108642578,44.435916900634766,43.312294006347656,41.50616455078125,39.72104263305664,38.073890686035156,36.607086181640625,35.23736572265625,34.409019470214844,34.65501403808594,35.38022994995117,35.40595626831055,34.963836669921875,35.601566314697266,37.56649398803711,39.77714538574219,40.57732009887695,39.22866439819336,37.06647872924805,35.137969970703125,34.10057067871094,34.574249267578125,35.169281005859375,33.90631866455078,32.306610107421875,32.42098617553711,33.24362564086914,33.353519439697266,32.91135025024414,32.51259994506836,32.24318313598633,31.832738876342773,31.11115837097168,30.155851364135742,29.630451202392578,30.49477767944336,31.94104766845703,32.09785842895508
40.45000076293945,40.92830276489258,41.40491485595703,41.55173110961914,41.97710418701172,43.09800720214844,44.3881721496582,44.93175506591797,44.37213134765625,43.3098030090332,42.464149475097656,41.600128173828125,40.301815032958984,38.61577606201172,36.893985748291016,35.767616271972656,35.52556228637695,35.61700439453125,35.08324432373047,34.973365783691406,36.335147857666016,38.7481575012207,40.8569450378418,41.00986099243164,39.24885177612305,37.040245056152344,35.71497344970703,35.72605895996094,35.88224792480469,34.60906982421875,32.53223419189453,31.414997100830078,31.53940200805664,32.06169891357422,32.460052490234375,32.642757415771484,32.55427169799805,32.13302993774414,31.42768096923828,30.5492000579834,29.971681594848633,30.641435623168945,32.04229736328125,32.62254333496094
41.656517028808594,41.3573112487793,41.91603469848633,42.612186431884766,43.24806213378906,44.04633331298828,44.88230895996094,45.234981536865234,44.77273941040039,44.00209045410156,43.780582427978516,43.90171432495117,43.3932991027832,41.88166427612305,39.85194396972656,38.00273132324219,36.9361457824707,36.46622085571289,35.77677536010742,34.73202896118164,35.039405822753906,37.072227478027344,39.50043869018555,40.86860656738281,40.50771713256836,38.789485931396484,37.54696273803711,37.708457946777344,37.64186096191406,35.90083694458008,33.27244186401367,31.245986938476562,30.485565185546875,30.816509246826172,31.591930389404297,32.24119186401367,32.575584411621094,32.638145446777344,32.3824348449707,31.622882843017578,30.72432518005371,30.670669555664062,31.61870002746582,32.45755386352539
43.51621627807617,42.56446075439453,42.38930130004883,42.976810455322266,43.916343688964844,44.955406188964844,45.77299499511719,45.979698181152344,45.500038146972656,44.9125862121582,44.878421783447266,45.17577362060547,44.95832443237305,43.976802825927734,42.60737991333008,41.125877380371094,39.57808303833008,38.06471252441406,36.68405532836914,35.48379898071289,34.86470031738281,35.745445251464844,37.427364349365234,38.96579360961914,39.54073715209961,39.19287872314453,39.14779281616211,39.63615798950195,39.451698303222656,38.02102279663086,35.63987731933594,32.87553024291992,30.830007553100586,30.446386337280273,31.327688217163086,32.36106872558594,33.037384033203125,33.51206970214844,33.828521728515625,33.572208404541016,32.538692474365234,31.558252334594727,31.585067749023438,32.33158493041992
44.12157440185547,43.92884826660156,43.50923538208008,43.62812423706055,44.32619094848633,45.381473541259766,46.41891860961914,46.98810958862305,46.81501007080078,46.3156852722168,46.107086181640625,46.166603088378906,45.931671142578125,45.19913101196289,44.51328659057617,43.965152740478516,42.67728042602539,40.39021301269531,38.20642852783203,36.86156463623047,35.8256721496582,34.92267990112305,35.074344635009766,36.145263671875,36.95212936401367,37.17843246459961,37.92467498779297,39.694671630859375,40.97625732421875,40.215721130371094,37.90266418457031,35.16001510620117,32.83987045288086,31.863210678100586,32.32650375366211,33.34086227416992,34.20671844482422,34.83879089355469,35.41288757324219,35.758575439453125,35.23793411254883,33.979156494140625,33.01040267944336,33.02623748779297
43.33913803100586,44.23309326171875,44.869850158691406,45.22720718383789,45.781612396240234,46.413368225097656,46.90127944946289,47.398990631103516,47.844261169433594,47.84028244018555,47.397361755371094,46.920654296875,46.6215934753418,46.344879150390625,46.17543029785156,46.065582275390625,45.168212890625,42.984840393066406,40.502193450927734,38.64537048339844,36.80480194091797,34.88249969482422,33.70673370361328,33.741539001464844,34.05619430541992,34.16843795776367,35.15803527832031,37.393863677978516,39.838417053222656,41.064369201660156,40.25118637084961,37.91979217529297,35.443763732910156,34.10123062133789,34.219520568847656,35.05609130859375,35.83506774902344,36.34526824951172,36.88554000854492,37.54157257080078,37.65900421142578,37.065914154052734,36.10334014892578,35.1982307434082
43.65765380859375,44.35293197631836,45.809207916259766,47.028072357177734,47.90093994140625,48.342159271240234,48.184505462646484,47.82229232788086,47.800254821777344,48.08561325073242,48.126033782958984,47.67311096191406,47.361671447753906,47.508087158203125,47.69573211669922,47.47712707519531,46.49361038208008,44.743858337402344,42.837303161621094,40.878292083740234,38.409690856933594,35.85105514526367,34.02117919921875,33.08430480957031,32.60776138305664,32.308658599853516,32.53095626831055,34.185062408447266,36.986202239990234,39.75811767578125,41.12714767456055,40.33774948120117,38.24772644042969,36.60907745361328,36.36057662963867,37.053565979003906,37.770347595214844,38.079795837402344,38.337772369384766,38.86665344238281,39.2425537109375,39.349609375,39.130496978759766,38.120361328125
44.82006072998047,45.46965789794922,47.03132247924805,48.50448226928711,49.588748931884766,50.09775924682617,49.816070556640625,48.88361358642578,47.97163009643555,47.74677276611328,47.86188888549805,47.89580535888672,48.221153259277344,48.71807098388672,48.78982162475586,48.26687240600586,47.266239166259766,45.910457611083984,44.312461853027344,42.60005187988281,40.69963073730469,38.263668060302734,35.88474655151367,34.2448844909668,33.346195220947266,32.71369171142578,31.900413513183594,31.85486602783203,33.738121032714844,36.82894515991211,39.4854736328125,40.51826477050781,39.8549690246582,38.681556701660156,38.26764678955078,38.770565032958984,39.48948287963867,39.77561950683594,39.80195617675781,40.01087951660156,40.23699188232422,40.42817687988281,40.63554000854492,40.29535675048828
44.87421417236328,45.81243896484375,47.73711395263672,49.39573287963867,50.48829650878906,50.99637985229492,50.885868072509766,50.156803131103516,49.05887222290039,48.18684005737305,47.76106643676758,47.88962173461914,48.867958068847656,49.91423416137695,50.00440216064453,49.23711395263672,48.141300201416016,46.54344177246094,44.786224365234375,43.574275970458984,42.47370147705078,40.706783294677734,38.35255432128906,36.309486389160156,35.214942932128906,34.59625244140625,33.161827087402344,31.852262496948242,32.394691467285156,34.4378776550293,36.745792388916016,38.49897384643555,39.27367401123047,39.25395202636719,39.17015838623047,39.548362731933594,40.19840621948242,40.586124420166016,40.67707061767578,40.68764877319336,40.61788558959961,40.6035041809082,40.99693298339844,41.3665657043457
45.151493072509766,45.56119155883789,47.443389892578125,49.285606384277344,50.29237365722656,50.66498565673828,50.80595016479492,50.69490432739258,50.14048385620117,49.306243896484375,48.539756774902344,48.680931091308594,50.02582931518555,51.3022575378418,51.41163635253906,50.709354400634766,49.46954345703125,47.35670471191406,45.31782913208008,44.02064514160156,43.43522644042969,42.64928436279297,40.991146087646484,38.96967315673828,37.42753219604492,36.27946853637695,34.91332244873047,33.791969299316406,33.622379302978516,34.31060791015625,35.3992919921875,36.604652404785156,37.62729263305664,38.26610565185547,38.7005615234375,39.24965286254883,39.90950393676758,40.333900451660156,40.48978042602539,40.577415466308594,40.5321159362793,40.481544494628906,40.93684768676758,41.6151237487793
47.09999465942383,46.778289794921875,47.81378173828125,48.90321350097656,49.14502716064453,49.05019760131836,49.347381591796875,49.881736755371094,50.15754699707031,50.04033660888672,49.65416717529297,49.848384857177734,51.37481689453125,53.042362213134766,53.29215621948242,52.2950439453125,50.350276947021484,48.320369720458984,46.05298614501953,43.98602294921875,43.39066696166992,43.46137237548828,43.198604583740234,42.43688201904297,40.97715759277344,38.898189544677734,36.8548469543457,35.48617172241211,35.608497619628906,36.232696533203125,36.03561782836914,35.68608474731445,36.04281234741211,36.89011001586914,37.71343231201172,38.35622787475586,38.92180633544922,39.310298919677734,39.47913360595703,39.65656661987305,39.90421676635742,40.10323715209961,40.62717819213867,41.511287689208984
49.05247497558594,48.899227142333984,49.44071960449219,49.52415084838867,48.543819427490234,47.3034782409668,47.13764572143555,48.12632751464844,49.33314895629883,50.1103401184082,50.367618560791016,50.7203254699707,52.03737258911133,53.910667419433594,54.55392837524414,53.41571044921875,51.41954803466797,49.08159637451172,46.313480377197266,44.42692184448242,43.76101303100586,43.625797271728516,44.14742660522461,45.21881866455078,45.202335357666016,43.30356216430664,40.456825256347656,37.94741439819336,36.82305908203125,37.170188903808594,37.54300308227539,36.90941619873047,35.87289810180664,35.50985336303711,36.06369400024414,37.01311111450195,37.8592414855957,38.32331848144531,38.4243278503418,38.41526794433594,38.677452087402344,39.23053741455078,40.053489685058594,41.218448638916016
49.27040481567383,49.71328353881836,50.6280517578125,50.71950149536133,49.425048828125,47.38930130004883,46.26466369628906,46.84477996826172,48.43494415283203,49.9185905456543,50.77471160888672,51.2604866027832,52.16490936279297,53.60232162475586,54.32680130004883,53.61023712158203,51.87326431274414,49.55474853515625,46.85161209106445,45.084930419921875,44.6622428894043,44.765506744384766,45.200477600097656,46.4921875,47.89555358886719,47.547332763671875,45.118927001953125,42.10033416748047,39.81580352783203,38.78013229370117,38.498313903808594,37.96453094482422,36.70008850097656,35.257171630859375,34.62531280517578,35.02147674560547,35.94676208496094,36.81305694580078,37.25214385986328,37.38728332519531,37.72709274291992,38.593299865722656,39.72174835205078,40.88328552246094
47.246402740478516,48.54757308959961,50.596153259277344,51.75281524658203,51.18510437011719,49.32667541503906,47.59458923339844,47.137908935546875,47.90975570678711,49.339691162109375,50.820369720458984,51.832855224609375,52.480262756347656,53.06401062011719,53.11322021484375,52.42180633544922,51.33600997924805,49.81950759887695,47.70338821411133,45.85664367675781,45.57661437988281,46.54598617553711,47.498291015625,48.510169982910156,49.6971321105957,50.06177520751953,49.174808502197266,47.54302215576172,45.29636001586914,42.59217834472656,40.297462463378906,38.90762710571289,37.554012298583984,35.6746711730957,33.92058563232422,33.31983947753906,33.90271759033203,35.049259185791016,36.007423400878906,36.53715896606445,37.1905403137207,38.394046783447266,39.79082107543945,40.808467864990234
44.27646255493164,46.55666732788086,50.0070915222168,52.42503356933594,52.68557357788086,51.37193298339844,49.766387939453125,48.76735305786133,48.59725570678711,49.25845718383789,50.617897033691406,52.1383056640625,52.97455978393555,52.803070068359375,51.88146209716797,50.76344299316406,49.98406982421875,49.31532287597656,48.183570861816406,47.07233428955078,47.02473068237305,48.099937438964844,49.3519401550293,50.19938278198242,50.89282989501953,51.619991302490234,51.99026107788086,51.498756408691406,49.85831069946289,46.950618743896484,43.416812896728516,40.44488525390625,38.45411682128906,36.86658477783203,35.14823913574219,33.485572814941406,32.70936584472656,33.173648834228516,34.495784759521484,35.84358215332031,37.13683319091797,38.56053924560547,39.97426223754883,40.837032318115234
42.6223030090332,45.16929244995117,49.15300750732422,52.2523307800293,53.20936965942383,52.523345947265625,51.37944793701172,50.441673278808594,49.93952941894531,50.00038528442383,50.62302780151367,51.71833801269531,52.576908111572266,52.3639030456543,51.16685485839844,49.84889221191406,49.1204948425293,48.91545867919922,48.576751708984375,48.031124114990234,47.972084045410156,48.76655197143555,50.15629959106445,51.52835464477539,52.49464416503906,53.31207275390625,53.980831146240234,53.5792350769043,51.614418029785156,48.81330108642578,45.99334716796875,43.26824188232422,40.81218338012695,38.867191314697266,37.18326187133789,35.135841369628906,33.078369140625,31.95044708251953,32.405601501464844,34.261024475097656,36.55622482299805,38.691627502441406,40.353759765625,41.20450210571289
43.40850067138672,45.3101921081543,48.47670364379883,51.29767608642578,52.8115234375,52.9247932434082,52.20211410522461,51.20603561401367,50.407657623291016,50.14046096801758,50.31600570678711,50.765689849853516,51.30259323120117,51.47530746459961,50.980777740478516,50.10758972167969,49.457130432128906,49.358154296875,49.48495864868164,49.26113510131836,48.81669998168945,48.8674201965332,49.88283157348633,51.520328521728516,53.10820007324219,54.44169235229492,55.456058502197266,55.27836608886719,53.25794982910156,50.18934631347656,47.45289993286133,45.567832946777344,44.10527801513672,42.34041213989258,39.9747200012207,37.14024353027344,34.27153778076172,32.21503448486328,31.367326736450195,32.31865692138672,34.84038543701172,37.86508560180664,40.30378341674805,41.5000114440918
