data/wind_data/wind_33_6.json
{"header": {"parameterUnit": "KT", "parameterCategory": 2, "nx": 256, "ny": 198, "lo1": 44.73521041870117, "la1": -3.236724853515625, "lo2": 111.26478576660156, "la2": 43.468475341796875, "dx": 0.2609002888202667, "dy": -0.23708222806453705, "refTime": "2025-02-20 09:00:00", "forecastTime": 0, "parameterNumber": 2, "parameterNumberName": "eastward_wind"}, "data":
[rows 20 to 39 of 198, columns 45 to 89 of 256]
-15.744417190551758,-15.852624893188477,-15.190711975097656,-15.000141143798828,-14.96650505065918,-14.75460147857666,-14.389731407165527,-14.381253242492676,-15.049793243408203,-16.037153244018555,-16.81987953186035,-17.139724731445312,-17.437355041503906,-17.839908599853516,-18.097436904907227,-18.189903259277344,-18.177921295166016,-18.076183319091797,-17.96994972229004,-17.869373321533203,-17.389493942260742,-16.696929931640625,-16.146869659423828,-16.064029693603516,-16.262510299682617,-16.39988899230957,-16.394447326660156,-16.37860679626465,-16.354463577270508,-16.020734786987305,-15.42898941040039,-14.48338508605957,-13.583573341369629,-13.193643569946289,-13.298674583435059,-13.22542953491211,-13.043529510498047,-12.449614524841309,-12.041929244995117,-12.13216495513916,-12.706470489501953,-12.660386085510254,-12.176648139953613,-12.07874584197998,-12.273812294006348
-15.947368621826172,-16.473966598510742,-15.582481384277344,-14.637422561645508,-14.607810974121094,-14.497815132141113,-14.30030632019043,-14.079450607299805,-14.38989543914795,-15.161432266235352,-16.128074645996094,-16.65814208984375,-16.860076904296875,-16.980558395385742,-17.083951950073242,-17.156997680664062,-17.070497512817383,-16.9088191986084,-16.874221801757812,-16.81958770751953,-16.57331085205078,-16.346214294433594,-16.09381866455078,-15.874290466308594,-15.730570793151855,-15.765338897705078,-15.832518577575684,-15.865401268005371,-15.976449012756348,-15.747092247009277,-15.23825740814209,-14.39161205291748,-13.917427062988281,-13.734052658081055,-13.602851867675781,-13.25556755065918,-12.913514137268066,-12.321779251098633,-11.785832405090332,-11.761391639709473,-12.108419418334961,-12.32736587524414,-12.365158081054688,-12.400428771972656,-12.316971778869629
-16.98810386657715,-16.81909942626953,-16.089210510253906,-14.823673248291016,-14.346687316894531,-14.082128524780273,-13.968059539794922,-14.028916358947754,-14.412129402160645,-14.962657928466797,-15.693434715270996,-16.062602996826172,-16.032493591308594,-15.896842956542969,-15.909809112548828,-15.96902847290039,-15.887426376342773,-15.828838348388672,-15.828354835510254,-15.690088272094727,-15.6055326461792,-15.711777687072754,-15.790450096130371,-15.65217113494873,-15.319194793701172,-15.116074562072754,-15.073001861572266,-15.18018627166748,-15.364465713500977,-15.231050491333008,-14.831467628479004,-14.482998847961426,-14.190524101257324,-13.976588249206543,-13.701828956604004,-13.46014404296875,-13.081123352050781,-12.037939071655273,-11.642263412475586,-11.566473960876465,-11.610325813293457,-11.716401100158691,-11.807268142700195,-12.151664733886719,-12.580731391906738
-16.43808937072754,-18.052818298339844,-15.47812557220459,-15.066725730895996,-14.157657623291016,-13.858628273010254,-13.937065124511719,-14.097122192382812,-14.652559280395508,-15.123045921325684,-15.505573272705078,-15.590126037597656,-15.229372024536133,-14.851622581481934,-14.86609172821045,-15.119832038879395,-15.32614517211914,-15.364002227783203,-15.180553436279297,-14.850317001342773,-14.760010719299316,-14.889552116394043,-15.0902099609375,-15.083571434020996,-14.744983673095703,-14.295812606811523,-14.054866790771484,-14.333868980407715,-14.761388778686523,-14.713115692138672,-14.348251342773438,-14.212188720703125,-14.004729270935059,-13.654845237731934,-13.298187255859375,-13.191925048828125,-12.918689727783203,-12.181300163269043,-11.745601654052734,-11.391698837280273,-11.066719055175781,-11.254834175109863,-11.508366584777832,-11.74147891998291,-12.201859474182129
-15.208374977111816,-17.032257080078125,-14.976365089416504,-14.619656562805176,-13.756302833557129,-13.472064018249512,-13.841203689575195,-14.112793922424316,-14.566112518310547,-15.124661445617676,-15.344823837280273,-15.018354415893555,-14.253762245178223,-13.737997055053711,-13.976948738098145,-14.611725807189941,-15.160222053527832,-15.275872230529785,-14.878291130065918,-14.264100074768066,-13.889448165893555,-13.958980560302734,-14.24798583984375,-14.43276309967041,-14.247307777404785,-13.724799156188965,-13.334659576416016,-13.44767951965332,-13.73883056640625,-13.719757080078125,-13.458922386169434,-13.398334503173828,-13.432133674621582,-13.219866752624512,-12.753331184387207,-12.42614459991455,-12.197284698486328,-11.759952545166016,-11.403902053833008,-11.073439598083496,-10.68981647491455,-10.9880952835083,-11.091899871826172,-10.75723934173584,-10.935403823852539
-15.16684627532959,-15.141440391540527,-14.063629150390625,-13.444419860839844,-13.059490203857422,-12.85651683807373,-13.101119041442871,-13.651037216186523,-13.828792572021484,-14.391491889953613,-14.656004905700684,-14.063082695007324,-12.967557907104492,-12.363698959350586,-12.695462226867676,-13.65652084350586,-14.400501251220703,-14.651865005493164,-14.273353576660156,-13.586792945861816,-12.966944694519043,-12.816426277160645,-13.046452522277832,-13.33213996887207,-13.278204917907715,-12.832581520080566,-12.402351379394531,-12.291289329528809,-12.279338836669922,-12.244034767150879,-11.96561050415039,-11.595974922180176,-11.572696685791016,-11.76729679107666,-11.720878601074219,-11.321209907531738,-10.931098937988281,-10.779256820678711,-10.588398933410645,-10.185688972473145,-9.672608375549316,-9.83398723602295,-9.777250289916992,-9.540382385253906,-9.74660873413086
-12.83041000366211,-12.394621849060059,-11.902402877807617,-11.92200756072998,-11.536006927490234,-11.677414894104004,-12.119900703430176,-12.318857192993164,-12.707297325134277,-13.109039306640625,-13.203652381896973,-12.888924598693848,-11.743827819824219,-10.97011947631836,-11.052802085876465,-12.040214538574219,-12.818174362182617,-13.191853523254395,-12.991487503051758,-12.4348783493042,-11.86119556427002,-11.574649810791016,-11.609661102294922,-11.847911834716797,-11.956087112426758,-11.7412748336792,-11.275129318237305,-10.977977752685547,-10.856504440307617,-10.59461784362793,-10.100790977478027,-9.456857681274414,-9.224202156066895,-9.515352249145508,-9.89985179901123,-9.849266052246094,-9.40825080871582,-9.335164070129395,-9.397841453552246,-9.005020141601562,-8.435445785522461,-8.04965591430664,-7.770063400268555,-7.72367000579834,-8.371359825134277
-9.840813636779785,-10.224089622497559,-10.490172386169434,-10.313528060913086,-9.776333808898926,-10.052592277526855,-10.618000030517578,-10.94282054901123,-11.389307975769043,-11.818954467773438,-11.91674518585205,-11.418054580688477,-10.983898162841797,-10.43362808227539,-9.869281768798828,-10.52020263671875,-11.300163269042969,-11.723457336425781,-11.749225616455078,-11.253982543945312,-10.71872329711914,-10.400629997253418,-10.309660911560059,-10.516373634338379,-10.710380554199219,-10.600214958190918,-10.276411056518555,-9.992908477783203,-9.688405990600586,-9.349349975585938,-8.716065406799316,-7.986700534820557,-7.773702621459961,-7.880585670471191,-8.147583961486816,-8.279295921325684,-8.492972373962402,-8.463676452636719,-8.040383338928223,-7.339814186096191,-6.915841102600098,-6.4398956298828125,-6.2359418869018555,-6.2679667472839355,-6.550722599029541
-8.467203140258789,-9.113471031188965,-9.535652160644531,-9.156350135803223,-8.904980659484863,-9.147499084472656,-9.347593307495117,-9.670879364013672,-10.303467750549316,-10.687247276306152,-10.760041236877441,-10.197630882263184,-9.8379487991333,-10.230022430419922,-9.635255813598633,-9.497016906738281,-10.39982795715332,-10.652107238769531,-10.856181144714355,-10.498488426208496,-9.795411109924316,-9.255009651184082,-9.220267295837402,-9.331679344177246,-9.401631355285645,-9.323314666748047,-9.22278881072998,-9.051152229309082,-8.821394920349121,-8.54995346069336,-8.103592872619629,-7.614010334014893,-7.240904331207275,-7.087907791137695,-7.268467426300049,-7.424853324890137,-7.390895366668701,-7.294459819793701,-6.72167444229126,-5.778775691986084,-5.503692626953125,-5.3451385498046875,-5.078871250152588,-4.768039703369141,-4.615199089050293
-7.884437084197998,-8.498540878295898,-8.781671524047852,-8.72900390625,-8.895267486572266,-8.887200355529785,-8.724225997924805,-8.924453735351562,-9.45630168914795,-9.663793563842773,-9.687605857849121,-9.340874671936035,-7.872298717498779,-8.94880485534668,-9.523700714111328,-8.521279335021973,-9.229057312011719,-9.610358238220215,-9.784760475158691,-9.601750373840332,-8.906708717346191,-8.382184982299805,-8.374593734741211,-8.541626930236816,-8.580879211425781,-8.512557029724121,-8.399139404296875,-8.23973274230957,-8.137824058532715,-8.050431251525879,-7.744819641113281,-7.182109355926514,-6.639680862426758,-6.674294948577881,-6.9576096534729,-6.891061782836914,-6.5358710289001465,-6.400749683380127,-6.004800319671631,-5.296973705291748,-4.821699142456055,-4.384414196014404,-4.029937267303467,-3.7134592533111572,-3.831151247024536
-7.855011940002441,-8.120773315429688,-8.216272354125977,-8.255733489990234,-8.471449851989746,-8.630308151245117,-8.742894172668457,-8.918580055236816,-9.263007164001465,-9.15952205657959,-8.573531150817871,-7.589791774749756,-7.073514461517334,-8.048141479492188,-8.280750274658203,-7.724383354187012,-7.849583148956299,-8.04991340637207,-8.145207405090332,-8.343155860900879,-7.91892147064209,-7.766871929168701,-7.912230014801025,-8.240737915039062,-8.354642868041992,-8.274754524230957,-8.232660293579102,-8.160299301147461,-7.9765167236328125,-7.646726131439209,-7.353086471557617,-7.093507766723633,-6.789370536804199,-6.673417091369629,-6.754491806030273,-6.81057596206665,-6.583916187286377,-6.208656311035156,-5.742282390594482,-5.0923004150390625,-4.236761093139648,-3.4543538093566895,-2.968773603439331,-2.8902628421783447,-3.4632227420806885
-7.7748188972473145,-7.79387092590332,-7.715266704559326,-7.6007914543151855,-7.815428733825684,-8.246349334716797,-8.817455291748047,-9.174861907958984,-9.337814331054688,-8.823895454406738,-7.646333694458008,-6.509172439575195,-6.460132122039795,-7.316772937774658,-7.314011096954346,-7.076082706451416,-7.410585403442383,-7.000486850738525,-7.129977226257324,-7.201746940612793,-7.013976097106934,-7.280714988708496,-7.780318260192871,-8.0805025100708,-8.286190032958984,-8.2156400680542,-8.189748764038086,-8.211836814880371,-8.093093872070312,-7.638495922088623,-7.102569103240967,-6.8614068031311035,-6.786781311035156,-6.5875349044799805,-6.563318729400635,-6.801529407501221,-6.750682830810547,-6.207186698913574,-5.464937686920166,-4.751091957092285,-4.097344398498535,-3.395824432373047,-2.8898684978485107,-2.771341323852539,-3.101733684539795
-7.3992156982421875,-7.295613765716553,-7.187872886657715,-7.238698482513428,-7.514157772064209,-8.11859130859375,-8.615596771240234,-8.79572582244873,-8.684414863586426,-8.096768379211426,-7.320010662078857,-6.98779821395874,-6.7262163162231445,-6.064737796783447,-6.169277667999268,-6.824427604675293,-7.124670028686523,-7.0588531494140625,-7.0844879150390625,-6.838133811950684,-6.705072402954102,-6.901326656341553,-7.551223278045654,-7.962915420532227,-8.119776725769043,-8.158513069152832,-8.088922500610352,-8.092683792114258,-7.880566596984863,-7.58903169631958,-7.0536627769470215,-6.588667869567871,-6.177271842956543,-5.846796035766602,-5.841358184814453,-6.193835258483887,-6.372750282287598,-6.008768558502197,-5.5582170486450195,-5.413058280944824,-5.14573335647583,-4.506455898284912,-3.9065093994140625,-3.5620856285095215,-3.615431785583496
-6.7105278968811035,-6.599154949188232,-6.748683452606201,-7.026509761810303,-7.4194231033325195,-7.8600382804870605,-7.999792098999023,-8.048224449157715,-7.9388227462768555,-7.584526538848877,-7.096586227416992,-6.871776103973389,-6.6570000648498535,-5.705756187438965,-5.584231853485107,-6.182450771331787,-6.797513961791992,-7.198963642120361,-7.181220531463623,-6.924040794372559,-6.786210536956787,-6.788317680358887,-7.184995651245117,-7.9431891441345215,-8.015936851501465,-7.976725101470947,-7.91163969039917,-8.046634674072266,-7.640840530395508,-7.3647637367248535,-7.034560203552246,-6.7157816886901855,-6.226158618927002,-5.803386688232422,-5.713557243347168,-5.934593677520752,-6.081961154937744,-5.897823333740234,-5.66527795791626,-5.550711154937744,-5.277917861938477,-4.779346466064453,-4.24397087097168,-3.816373825073242,-3.6880440711975098
-6.596629619598389,-6.307046413421631,-6.350690841674805,-6.596611976623535,-6.979589939117432,-7.270118713378906,-7.276985168457031,-7.066187381744385,-6.841841220855713,-6.729598045349121,-6.512779235839844,-6.534554481506348,-6.49285364151001,-6.076151371002197,-5.615484237670898,-5.490036487579346,-6.094144344329834,-6.632922649383545,-6.8354363441467285,-6.890954971313477,-6.691553592681885,-6.582701206207275,-7.268501281738281,-7.750140190124512,-7.831993579864502,-7.579549789428711,-7.479921340942383,-7.9007439613342285,-7.883816242218018,-7.690271377563477,-7.449039936065674,-7.223599910736084,-6.91042423248291,-6.537755966186523,-6.357136249542236,-6.40863561630249,-6.397461414337158,-6.035325050354004,-5.398171901702881,-4.794106483459473,-4.4651360511779785,-4.551084518432617,-4.760678768157959,-4.587969779968262,-4.090909957885742
-6.875262260437012,-6.51593017578125,-6.199591636657715,-5.954109191894531,-5.997046947479248,-6.367763996124268,-6.670685768127441,-6.6340203285217285,-6.343883037567139,-6.033423900604248,-5.797616958618164,-5.699617862701416,-5.8357014656066895,-6.157562732696533,-6.102571487426758,-5.631555557250977,-5.425729274749756,-5.60672664642334,-6.022881507873535,-6.349936008453369,-6.548405647277832,-6.521759033203125,-7.121203422546387,-7.683471202850342,-7.850111484527588,-7.240596294403076,-7.103695869445801,-7.69690465927124,-8.105742454528809,-8.080092430114746,-7.798232078552246,-7.638908863067627,-7.480533123016357,-7.191319465637207,-6.858604907989502,-6.731332778930664,-6.6352410316467285,-6.285411357879639,-5.576375961303711,-4.9672346115112305,-4.739150047302246,-5.033233642578125,-5.6318488121032715,-5.892008304595947,-5.641731262207031
-6.749814033508301,-6.522727012634277,-6.179193019866943,-5.687335968017578,-5.34997034072876,-5.467380046844482,-5.7952351570129395,-5.986076831817627,-5.917023181915283,-5.713667869567871,-5.3226094245910645,-4.945186614990234,-5.132528781890869,-5.812485694885254,-6.140345096588135,-5.798034191131592,-5.316489219665527,-5.321653366088867,-5.668815612792969,-5.771542549133301,-5.994882583618164,-6.112699508666992,-6.647597789764404,-7.243929386138916,-7.382992744445801,-7.33262300491333,-7.524012088775635,-7.715059280395508,-8.031484603881836,-8.317695617675781,-7.807420253753662,-7.601477146148682,-7.377446174621582,-7.460016250610352,-7.341984272003174,-7.07197904586792,-6.7300519943237305,-6.409337043762207,-6.148937702178955,-5.959196090698242,-5.948252201080322,-6.127031326293945,-6.7215752601623535,-7.4415059089660645,-7.711476802825928
-6.16136360168457,-6.188795566558838,-6.026507377624512,-5.710246562957764,-5.248610496520996,-4.9230637550354,-4.979640007019043,-5.272731781005859,-5.424740791320801,-5.417653560638428,-5.040915012359619,-4.591765403747559,-4.468973636627197,-4.960219860076904,-5.51344633102417,-5.576730251312256,-5.37044620513916,-5.422759056091309,-5.452312469482422,-5.450384140014648,-5.479516983032227,-5.826907157897949,-6.366826057434082,-6.395425319671631,-6.203080654144287,-6.545786380767822,-7.097225666046143,-7.5482707023620605,-8.10505199432373,-8.290167808532715,-8.030035972595215,-7.248171329498291,-6.685698986053467,-7.259219646453857,-7.782792091369629,-7.5640363693237305,-7.146345615386963,-6.495433807373047,-6.381104946136475,-6.4857025146484375,-6.644667625427246,-6.790424823760986,-7.301002025604248,-8.187095642089844,-8.73917293548584
-5.3900675773620605,-5.488672733306885,-5.609631538391113,-5.52422571182251,-5.206675052642822,-4.742969036102295,-4.484253406524658,-4.636478900909424,-4.643849849700928,-4.623765468597412,-4.525097370147705,-4.296535968780518,-4.267014503479004,-4.29763126373291,-4.532863616943359,-4.7274580001831055,-4.964251518249512,-5.272816181182861,-5.428398609161377,-5.347156524658203,-5.306603908538818,-5.614418029785156,-5.874599456787109,-5.723064422607422,-5.471327781677246,-5.549914360046387,-5.884817600250244,-6.351337909698486,-7.060695171356201,-7.806247234344482,-7.911337375640869,-7.055024147033691,-6.106387138366699,-6.268177509307861,-7.135854244232178,-7.551996231079102,-7.362331390380859,-6.741624355316162,-6.311075210571289,-6.266720294952393,-6.469870090484619,-6.745277404785156,-7.172380447387695,-7.910645008087158,-8.566051483154297
-4.536990165710449,-4.719782829284668,-4.874759197235107,-5.000674724578857,-4.887389659881592,-4.624493598937988,-4.185709476470947,-3.9831173419952393,-3.777949094772339,-3.452320098876953,-3.467245578765869,-3.627058982849121,-3.9264369010925293,-3.997403144836426,-4.0000386238098145,-4.1352128982543945,-4.452934265136719,-4.770071983337402,-4.9309868812561035,-4.9319539070129395,-4.974670886993408,-5.182785987854004,-5.209647178649902,-5.0486297607421875,-5.051236629486084,-5.2036967277526855,-5.3219475746154785,-5.289193630218506,-5.444043159484863,-6.288357734680176,-7.198034763336182,-6.906301021575928,-5.86067008972168,-5.384892463684082,-5.954648017883301,-6.948141574859619,-7.224649906158447,-6.857065200805664,-6.579662799835205,-6.349231719970703,-6.455721378326416,-6.552535533905029,-6.572665214538574,-6.949189186096191,-7.68408203125
