data/wind_data/wind_22_1.json
{"header": {"parameterUnit": "KT", "parameterCategory": 2, "nx": 256, "ny": 198, "lo1": 44.73521041870117, "la1": -3.236724853515625, "lo2": 111.26478576660156, "la2": 43.468475341796875, "dx": 0.2609002888202667, "dy": -0.23708222806453705, "refTime": "2025-02-19 22:00:00", "forecastTime": 0, "parameterNumber": 2, "parameterNumberName": "eastward_wind"}, "data":
[rows 171 to 189 of 198, columns 43 to 85 of 256]
-11.537349700927734,-12.914712905883789,-10.99653148651123,-8.016437530517578,-1.6069788932800293,9.172760009765625,13.076409339904785,7.161419868469238,-0.6481662392616272,-4.993549346923828,-9.492585182189941,-10.484046936035156,-12.194687843322754,-12.954431533813477,-12.161346435546875,-11.327072143554688,-10.327359199523926,-9.794136047363281,-10.13418960571289,-9.677231788635254,-8.362544059753418,-7.649360656738281,-7.823456764221191,-7.023488998413086,-6.1095356941223145,-5.380733966827393,-4.975422382354736,-4.597419261932373,-4.214379787445068,-3.9580180644989014,-3.2531912326812744,-2.3165926933288574,-1.9169193506240845,-2.17158579826355,-2.764509677886963,-2.5113754272460938,-2.8234498500823975,-3.7555580139160156,-4.747069835662842,-4.560754299163818,-3.188361644744873,0.21566498279571533,3.5338733196258545
-7.860374927520752,-11.144845962524414,-7.731398105621338,-1.6773172616958618,5.007328033447266,9.877798080444336,5.199531078338623,-5.131301403045654,-10.009138107299805,-11.209856986999512,-12.295416831970215,-12.526965141296387,-13.129487991333008,-12.867791175842285,-11.077319145202637,-9.589028358459473,-9.884916305541992,-10.103017807006836,-9.827154159545898,-9.54493522644043,-8.394441604614258,-7.427661418914795,-7.450180530548096,-6.74353551864624,-5.693053722381592,-4.90958833694458,-4.556178569793701,-4.240529537200928,-3.775692939758301,-3.5405232906341553,-3.0624215602874756,-2.2398481369018555,-2.0634207725524902,-3.209653854370117,-2.9745073318481445,-1.7816745042800903,-1.7882063388824463,-2.339150905609131,-1.9265834093093872,-2.0969161987304688,-3.472475051879883,-3.7466516494750977,-4.049297332763672
-3.347064971923828,-6.802773475646973,-3.4473280906677246,2.4445419311523438,2.3212366104125977,-1.737507700920105,-8.89608383178711,-13.672633171081543,-12.214198112487793,-13.283791542053223,-13.175395965576172,-13.258294105529785,-12.90386962890625,-12.007384300231934,-11.254340171813965,-10.300934791564941,-9.863832473754883,-9.816031455993652,-9.614048957824707,-9.289504051208496,-8.697826385498047,-7.9865264892578125,-7.227824687957764,-6.513698577880859,-5.502555847167969,-5.020708084106445,-4.718191146850586,-4.309712886810303,-3.84261155128479,-3.4005517959594727,-2.843395709991455,-2.2005369663238525,-2.4629993438720703,-2.81423282623291,-2.0085906982421875,-0.863300621509552,-0.6800996661186218,-1.6820056438446045,-0.9745198488235474,1.6630815267562866,-2.5573008060455322,-4.897003173828125,-4.960494518280029
-0.8626455068588257,-2.6842100620269775,-4.18547248840332,-3.9621713161468506,-8.352524757385254,-13.401175498962402,-12.97538948059082,-13.144381523132324,-12.963042259216309,-13.597023010253906,-13.430005073547363,-13.479942321777344,-12.78590202331543,-11.17470932006836,-10.427642822265625,-10.205801010131836,-9.545181274414062,-9.717214584350586,-9.237173080444336,-8.244993209838867,-7.851019859313965,-7.8674516677856445,-7.305616855621338,-6.894607067108154,-6.453549861907959,-6.149596691131592,-5.34553861618042,-4.480270862579346,-3.9680187702178955,-3.3492231369018555,-2.4575002193450928,-1.9904850721359253,-2.120907783508301,-1.5504916906356812,-0.9083301424980164,-0.6596288681030273,-0.4506268799304962,-1.3627855777740479,-2.1216888427734375,1.152621865272522,0.17509688436985016,-3.753507614135742,-4.66591739654541
-3.6782491207122803,-5.889499187469482,-10.615373611450195,-13.785018920898438,-14.776223182678223,-14.180240631103516,-12.806159973144531,-12.270243644714355,-12.79153060913086,-13.42010498046875,-12.548879623413086,-11.566658020019531,-11.244621276855469,-10.480870246887207,-10.156631469726562,-9.719141960144043,-8.888334274291992,-8.944388389587402,-8.5890531539917,-8.220998764038086,-7.949748992919922,-7.579093933105469,-7.665602207183838,-8.061135292053223,-7.696428298950195,-6.616019248962402,-5.407390594482422,-4.561110019683838,-3.89279842376709,-3.010178565979004,-1.8872846364974976,-1.826513648033142,-1.4873285293579102,-0.590192437171936,-0.40955179929733276,-0.5461785197257996,0.10450459271669388,-0.6440670490264893,-2.0688302516937256,-4.053160667419434,-3.942260265350342,-3.882133722305298,-5.20789098739624
-9.76833438873291,-12.818721771240234,-15.647384643554688,-14.981966018676758,-14.571608543395996,-14.454943656921387,-13.260815620422363,-13.153749465942383,-12.97002124786377,-12.442193031311035,-11.874651908874512,-11.257770538330078,-10.489535331726074,-10.623530387878418,-10.272102355957031,-8.647974014282227,-8.374283790588379,-8.858894348144531,-8.742101669311523,-8.544291496276855,-8.740646362304688,-8.63794231414795,-8.47989273071289,-8.458779335021973,-7.72558069229126,-6.168317794799805,-5.097108840942383,-4.564927101135254,-3.5845999717712402,-2.6362242698669434,-2.212404727935791,-2.0318925380706787,-1.2311044931411743,-0.6214155554771423,-0.6803849935531616,-0.10913141071796417,0.8200955390930176,-2.1679368019104004,-3.316624164581299,-4.262596130371094,-5.634576320648193,-2.542386531829834,-1.6486155986785889
-12.949291229248047,-13.181983947753906,-13.49500846862793,-13.494255065917969,-13.009893417358398,-12.132909774780273,-11.291061401367188,-12.204268455505371,-12.630559921264648,-10.724451065063477,-9.646671295166016,-10.188693046569824,-10.700881958007812,-10.72302532196045,-9.887934684753418,-8.35295581817627,-8.162593841552734,-9.148212432861328,-8.896233558654785,-8.4171142578125,-9.062525749206543,-9.4104642868042,-9.156083106994629,-8.380767822265625,-6.757625102996826,-5.402895450592041,-4.937779903411865,-4.484438419342041,-3.4870107173919678,-3.267340898513794,-3.3037986755371094,-2.7283661365509033,-1.5780903100967407,-1.0557445287704468,-0.7988038659095764,0.11126692593097687,-2.1727278232574463,-5.48837947845459,-5.193638324737549,-4.188431262969971,-5.68653678894043,-1.754554271697998,1.4485236406326294
-14.528629302978516,-13.493465423583984,-11.815328598022461,-11.380623817443848,-11.408307075500488,-10.98068904876709,-10.407567977905273,-10.30191707611084,-10.283760070800781,-10.365025520324707,-10.389674186706543,-10.026659965515137,-10.513300895690918,-10.57958984375,-9.606731414794922,-7.982026100158691,-7.236236095428467,-7.910238265991211,-7.986329555511475,-7.7431840896606445,-8.327845573425293,-8.765365600585938,-8.535383224487305,-7.44769811630249,-5.786016941070557,-5.079831123352051,-5.198568344116211,-4.600356578826904,-4.0258893966674805,-4.3721489906311035,-4.375347137451172,-3.398956537246704,-2.1868364810943604,-1.124934196472168,-0.988063633441925,-3.2801568508148193,-5.876155376434326,-5.664881706237793,-3.8654234409332275,-1.254983901977539,-1.7259489297866821,-0.08475202322006226,1.2297933101654053
-15.456351280212402,-14.289095878601074,-11.13778305053711,-9.876240730285645,-10.543899536132812,-10.716124534606934,-10.040884971618652,-10.549997329711914,-11.15030574798584,-10.704219818115234,-10.16348648071289,-9.795439720153809,-10.319496154785156,-10.132140159606934,-8.52668285369873,-6.740232467651367,-5.94633150100708,-6.625764846801758,-7.051612377166748,-7.127211570739746,-7.625311851501465,-8.115421295166016,-7.679047584533691,-6.366539478302002,-5.302430152893066,-5.317632675170898,-5.441865921020508,-4.902719497680664,-4.721765995025635,-4.8294267654418945,-4.534826278686523,-3.962944984436035,-2.9300003051757812,-1.6207330226898193,-2.4668846130371094,-5.922679424285889,-6.585054874420166,-5.33376932144165,-4.845118522644043,-5.078416347503662,-5.067374229431152,-4.500770092010498,-6.2851057052612305
-13.642069816589355,-13.893314361572266,-11.358677864074707,-9.941276550292969,-10.129460334777832,-11.027335166931152,-11.871001243591309,-11.30483341217041,-10.847668647766113,-10.483909606933594,-10.104350090026855,-9.867400169372559,-9.890628814697266,-8.975544929504395,-7.273922443389893,-5.851409435272217,-5.741375923156738,-6.5403313636779785,-6.4961018562316895,-6.644197940826416,-7.196695804595947,-7.444169998168945,-6.899313926696777,-5.800410747528076,-5.4546027183532715,-5.8762288093566895,-5.657523155212402,-4.817851543426514,-4.840163707733154,-4.8230061531066895,-4.66551399230957,-4.469302654266357,-3.7060513496398926,-2.566159725189209,-2.584517240524292,-4.996050834655762,-7.060445308685303,-6.746855735778809,-5.962865829467773,-6.291204929351807,-6.456737518310547,-5.528305530548096,-5.261165618896484
-11.395166397094727,-11.362625122070312,-9.614978790283203,-9.104050636291504,-9.642394065856934,-10.160989761352539,-11.551820755004883,-11.315794944763184,-10.433141708374023,-9.675893783569336,-9.183975219726562,-9.040038108825684,-8.462814331054688,-7.434938907623291,-6.360689163208008,-5.704647541046143,-6.0537333488464355,-6.77347993850708,-6.40321159362793,-6.217257499694824,-6.810460090637207,-6.8155837059021,-6.458920001983643,-6.134559154510498,-6.1441779136657715,-6.217397689819336,-5.5471978187561035,-4.532154083251953,-4.403640270233154,-4.627313613891602,-5.5324931144714355,-4.9957499504089355,-3.78458309173584,-2.431555986404419,-2.1699140071868896,-5.71367883682251,-8.340384483337402,-7.784934043884277,-5.466699123382568,-4.4301557540893555,-4.3237433433532715,-3.1951677799224854,-2.163722515106201
-10.240262985229492,-9.263508796691895,-8.116021156311035,-8.850139617919922,-10.032659530639648,-9.395727157592773,-10.506972312927246,-10.464709281921387,-9.061805725097656,-8.318031311035156,-8.131399154663086,-8.050942420959473,-7.3439836502075195,-6.354558944702148,-5.8732194900512695,-5.970433712005615,-6.0206828117370605,-6.478835105895996,-6.482080936431885,-6.003940105438232,-6.541276931762695,-6.562067031860352,-6.494328498840332,-6.890359878540039,-6.858331203460693,-6.164215564727783,-4.821747779846191,-2.9661478996276855,-3.367326498031616,-7.2305402755737305,-7.657099723815918,-4.774031162261963,-2.3089098930358887,-1.468738317489624,-1.2592103481292725,-5.7989583015441895,-7.817565441131592,-6.932397365570068,-5.537442207336426,-6.013023376464844,-5.551216125488281,-1.2440541982650757,3.2939512729644775
-7.726761817932129,-7.12213134765625,-7.742240905761719,-10.866004943847656,-10.193862915039062,-7.488773345947266,-8.868315696716309,-9.710732460021973,-8.221943855285645,-7.5349836349487305,-7.385860443115234,-6.9737019538879395,-6.221292495727539,-5.737274169921875,-5.99842643737793,-6.217419624328613,-5.621992111206055,-5.924328327178955,-6.367564678192139,-5.838442325592041,-6.164572238922119,-6.477383136749268,-6.638176441192627,-7.139310359954834,-6.922475337982178,-6.080658912658691,-4.016655445098877,-1.656003475189209,-4.8530378341674805,-8.913582801818848,-7.271066188812256,-3.3875672817230225,0.014679664745926857,0.10725069791078568,0.7886245846748352,-1.4176430702209473,-4.909785270690918,-4.079949855804443,-3.2658419609069824,-3.5810322761535645,-2.670771598815918,0.5338778495788574,4.901226043701172
-4.75797176361084,-7.358463287353516,-10.918208122253418,-11.613255500793457,-8.569053649902344,-6.221654891967773,-7.618851661682129,-8.182008743286133,-7.169516086578369,-7.047811508178711,-6.976927280426025,-6.104600429534912,-5.309845447540283,-5.179189205169678,-5.823456764221191,-6.13582181930542,-5.331976890563965,-5.189260959625244,-5.867616653442383,-5.533145904541016,-5.85316276550293,-6.431228160858154,-6.699033737182617,-6.674489498138428,-6.374958515167236,-5.56727409362793,-3.3703665733337402,-2.433898448944092,-7.413097381591797,-9.637848854064941,-6.235921382904053,-1.6395187377929688,0.7168252468109131,-0.17649030685424805,-1.5558563470840454,-2.3051700592041016,-3.404024362564087,-2.0363221168518066,0.06902666389942169,1.176936388015747,1.9281314611434937,3.749903678894043,5.516778469085693
-4.650989532470703,-11.405186653137207,-12.45619010925293,-9.494209289550781,-5.910068511962891,-5.624216079711914,-7.233345985412598,-6.61151123046875,-5.776161193847656,-6.1436381340026855,-6.204529762268066,-5.766944885253906,-5.034375190734863,-5.064599990844727,-5.596035003662109,-5.808022975921631,-4.970044136047363,-4.743797779083252,-5.484439373016357,-5.441371440887451,-5.934217929840088,-6.66629695892334,-6.738867282867432,-5.861982345581055,-5.326313495635986,-4.603322505950928,-2.8641366958618164,-3.497673988342285,-7.7792510986328125,-8.426335334777832,-5.246533393859863,-2.4582507610321045,-1.4447205066680908,-2.1923770904541016,-3.5044233798980713,-4.256704330444336,-3.1518101692199707,-0.5930708646774292,1.8328137397766113,3.1825265884399414,3.3887367248535156,4.828103065490723,4.657878398895264
-6.878613471984863,-12.029048919677734,-10.408193588256836,-6.2444939613342285,-3.828214645385742,-4.350673198699951,-6.79133939743042,-7.273183822631836,-6.812311172485352,-6.670848846435547,-6.158052444458008,-5.488171100616455,-5.1095757484436035,-5.183942794799805,-5.716854095458984,-5.721200466156006,-5.180596828460693,-4.929204940795898,-5.306347846984863,-5.206924915313721,-5.773455619812012,-6.878618240356445,-6.656932830810547,-5.408928871154785,-4.652975082397461,-3.7489094734191895,-2.4183568954467773,-3.1382622718811035,-5.927424430847168,-6.081152439117432,-4.5560126304626465,-4.414860725402832,-3.7002813816070557,-1.822252631187439,-0.9006176590919495,-0.5478051900863647,0.5019933581352234,1.4375211000442505,2.0769689083099365,2.2247209548950195,1.3211045265197754,1.9049397706985474,0.5697230100631714
-6.609862327575684,-9.330580711364746,-7.414581775665283,-4.288748741149902,-2.523613452911377,-3.098123073577881,-6.0839762687683105,-7.234529495239258,-7.011908054351807,-6.884380340576172,-6.350114345550537,-6.112017631530762,-5.815672874450684,-5.773055553436279,-6.248580455780029,-6.377340316772461,-5.9015793800354,-5.44965934753418,-5.07783842086792,-4.738243579864502,-5.80005407333374,-6.69721794128418,-6.316795349121094,-5.152393341064453,-4.169231414794922,-3.152745246887207,-1.8784890174865723,-1.8217250108718872,-3.770850419998169,-3.868377447128296,-3.6517844200134277,-5.009493827819824,-3.3768675327301025,0.30036261677742004,2.9873571395874023,3.273015022277832,3.2374789714813232,3.2127466201782227,2.718322992324829,1.5794976949691772,1.0867379903793335,1.2127491235733032,1.4509060382843018
-5.800780296325684,-6.969858169555664,-5.712316036224365,-4.263890743255615,-2.2045252323150635,-2.8679800033569336,-6.112971305847168,-7.358642578125,-7.227307319641113,-7.190070629119873,-6.933776378631592,-6.946018218994141,-6.6496453285217285,-6.452259540557861,-7.2312541007995605,-7.811751842498779,-7.344384670257568,-6.990640640258789,-6.507998943328857,-5.506565570831299,-5.949466228485107,-6.778446197509766,-6.4573588371276855,-5.289157390594482,-3.837707757949829,-2.755178451538086,-1.805927038192749,-0.8945140838623047,-1.6575576066970825,-2.1029410362243652,-2.1195805072784424,-2.885352611541748,-1.6009865999221802,0.6249070167541504,3.734271287918091,3.2915005683898926,2.209679126739502,1.9112846851348877,1.2503786087036133,0.11012252420186996,0.558249831199646,1.2202856540679932,2.365710973739624
-5.016562461853027,-5.4370012283325195,-5.11807107925415,-4.707277297973633,-3.183525323867798,-3.963038444519043,-6.865118503570557,-8.633794784545898,-7.095760822296143,-6.892990589141846,-6.883910655975342,-6.551761627197266,-6.492827892303467,-6.908246994018555,-7.906630516052246,-8.3326997756958,-8.537193298339844,-9.254958152770996,-7.490144729614258,-5.173169136047363,-5.133425235748291,-6.274470806121826,-6.177035331726074,-5.257541656494141,-4.233466148376465,-2.9210867881774902,-1.4737145900726318,-1.2579293251037598,-3.2054851055145264,-3.7009928226470947,-3.5500547885894775,-3.159087657928467,-2.0656237602233887,0.19322900474071503,1.475669503211975,0.7555491924285889,0.0986754521727562,0.11701477319002151,-0.21013006567955017,-0.4403952658176422,0.5732776522636414,0.9779317378997803,2.9844822883605957
