data/wind_data/wind_43_9.json
{"header": {"parameterUnit": "KT", "parameterCategory": 2, "nx": 256, "ny": 198, "lo1": 44.73521041870117, "la1": -3.236724853515625, "lo2": 111.26478576660156, "la2": 43.468475341796875, "dx": 0.2609002888202667, "dy": -0.23708222806453705, "refTime": "2025-02-20 19:00:00", "forecastTime": 0, "parameterNumber": 2, "parameterNumberName": "eastward_wind"}, "data":
[rows 0 to 18 of 198, columns 129 to 171 of 256]
25.925146102905273,25.845434188842773,25.778369903564453,25.417190551757812,24.91098976135254,24.761394500732422,24.82137107849121,24.963964462280273,25.145849227905273,25.233922958374023,25.31169891357422,25.44937515258789,25.557729721069336,25.539749145507812,25.637208938598633,26.01963996887207,26.198137283325195,26.00577163696289,25.971895217895508,26.161117553710938,26.470134735107422,26.880935668945312,26.8751277923584,26.535675048828125,26.33057975769043,26.177719116210938,25.91795539855957,25.648717880249023,25.59745979309082,25.596040725708008,25.419668197631836,25.22650146484375,25.08721351623535,25.09270477294922,25.40337371826172,25.634401321411133,25.628948211669922,25.499719619750977,25.25384521484375,24.930482864379883,24.533401489257812,24.059743881225586,23.530441284179688
25.670421600341797,25.458127975463867,25.388906478881836,25.29337501525879,25.253192901611328,25.179296493530273,25.112829208374023,25.187477111816406,25.040386199951172,24.76737403869629,24.511356353759766,24.634117126464844,25.346223831176758,25.911548614501953,26.04561996459961,26.218578338623047,26.602827072143555,26.992719650268555,27.2867431640625,27.31772232055664,27.014272689819336,26.797405242919922,26.743488311767578,26.5659122467041,26.306529998779297,26.0806884765625,25.494060516357422,25.078479766845703,25.42180824279785,25.935110092163086,26.052532196044922,25.318958282470703,24.409595489501953,24.210229873657227,24.442590713500977,24.645503997802734,24.882051467895508,25.252124786376953,25.54507827758789,25.69889259338379,25.640439987182617,25.36899185180664,24.794225692749023
26.082691192626953,25.678556442260742,25.607120513916016,25.484886169433594,25.51139259338379,25.61439323425293,25.707061767578125,25.827713012695312,25.50304412841797,25.075498580932617,24.75749969482422,24.977645874023438,25.53902816772461,25.861370086669922,26.03762435913086,26.45308494567871,26.93396759033203,27.598834991455078,28.12672233581543,28.26775360107422,27.87190055847168,27.160110473632812,26.62248992919922,26.468971252441406,26.42946434020996,26.193384170532227,25.628623962402344,25.20030975341797,25.210994720458984,25.471885681152344,25.708877563476562,25.18285369873047,24.249971389770508,23.813899993896484,23.860769271850586,24.302457809448242,25.03829574584961,25.685434341430664,25.948423385620117,25.878955841064453,25.869003295898438,26.100378036499023,25.973445892333984
26.974937438964844,26.321216583251953,25.95953369140625,25.4934139251709,25.364782333374023,25.580917358398438,26.071475982666016,26.33837890625,25.877792358398438,25.377317428588867,25.027057647705078,25.340087890625,25.728515625,25.84019660949707,26.072633743286133,26.783878326416016,27.283235549926758,28.360729217529297,28.936155319213867,28.838436126708984,28.213781356811523,27.200151443481445,26.336997985839844,26.045896530151367,26.02656364440918,25.7210693359375,25.220867156982422,25.00838279724121,24.986053466796875,24.942909240722656,24.951053619384766,24.58013343811035,23.841524124145508,23.380584716796875,23.33579444885254,23.77082061767578,24.767391204833984,25.79613494873047,26.229936599731445,26.09075927734375,26.07955551147461,26.284683227539062,26.28421401977539
28.92198944091797,27.484437942504883,26.001720428466797,24.67295265197754,23.810508728027344,23.617095947265625,24.42694091796875,25.237668991088867,25.246252059936523,24.186620712280273,24.384469985961914,24.614910125732422,24.011615753173828,23.91425323486328,25.445171356201172,26.920085906982422,27.285648345947266,28.46806526184082,29.38676643371582,29.077266693115234,28.229429244995117,26.911914825439453,25.081411361694336,23.380104064941406,22.634519577026367,22.311477661132812,21.975011825561523,22.128620147705078,22.984729766845703,23.86684226989746,24.102048873901367,23.610849380493164,22.620162963867188,21.735164642333984,21.394588470458984,21.83456039428711,23.199201583862305,24.70873260498047,25.770689010620117,26.112010955810547,26.43750762939453,26.55634880065918,26.483272552490234
29.4617919921875,27.869197845458984,25.995811462402344,24.401121139526367,23.056926727294922,22.05023956298828,22.341806411743164,22.94586753845215,22.533248901367188,22.847537994384766,23.741085052490234,24.298667907714844,22.999935150146484,22.947967529296875,24.462984085083008,25.094675064086914,26.602313995361328,27.33901023864746,28.285430908203125,28.470909118652344,27.78854751586914,25.853328704833984,23.212467193603516,21.206581115722656,20.05582046508789,19.585693359375,19.60485076904297,19.9107723236084,20.993755340576172,22.52208709716797,23.508712768554688,23.467529296875,22.522216796875,21.259679794311523,20.287208557128906,20.13819694519043,21.497087478637695,23.339237213134766,24.484180450439453,25.07042121887207,26.19394302368164,26.811254501342773,26.63199234008789
28.846834182739258,27.96182632446289,26.6989803314209,25.45097541809082,23.86505126953125,22.377302169799805,21.971384048461914,22.301342010498047,21.866718292236328,21.85346031188965,23.451705932617188,23.91832733154297,23.332481384277344,23.438899993896484,23.78932762145996,23.666934967041016,24.38968276977539,25.828006744384766,27.115514755249023,27.534515380859375,26.542110443115234,23.96616554260254,21.784822463989258,20.804994583129883,19.82367515563965,19.232690811157227,19.538070678710938,19.984363555908203,20.390104293823242,21.469566345214844,22.952342987060547,23.89191436767578,23.934579849243164,22.88306427001953,21.283180236816406,20.4526309967041,20.976593017578125,22.694265365600586,24.082014083862305,24.90715217590332,25.496910095214844,26.407625198364258,26.571128845214844
27.383434295654297,26.922189712524414,26.41746711730957,25.942569732666016,25.107486724853516,24.31154441833496,23.915666580200195,23.632600784301758,23.387104034423828,23.57642364501953,24.601224899291992,24.79197120666504,24.944631576538086,24.92456817626953,23.586835861206055,22.60495948791504,22.891324996948242,24.16800308227539,25.089296340942383,25.706933975219727,24.68297576904297,22.72397232055664,21.731809616088867,21.417112350463867,20.534372329711914,19.7246150970459,20.01133155822754,20.877958297729492,20.771230697631836,21.3603572845459,23.118772506713867,24.730016708374023,25.923059463500977,26.082029342651367,24.722187042236328,23.32887077331543,22.364498138427734,22.7858943939209,24.317596435546875,26.116395950317383,26.17966079711914,26.699920654296875,27.34303855895996
26.036325454711914,25.518619537353516,25.405134201049805,25.19634437561035,24.735536575317383,24.92889404296875,25.376720428466797,25.34907341003418,25.852331161499023,26.646564483642578,26.89659881591797,26.537281036376953,26.244131088256836,25.66412353515625,24.41072654724121,23.435405731201172,22.724945068359375,23.1179256439209,23.383960723876953,23.341693878173828,22.718305587768555,22.74498176574707,22.736595153808594,21.762121200561523,20.69158935546875,20.23732566833496,20.80814552307129,21.50579261779785,21.351865768432617,21.70111656188965,23.7431583404541,25.192073822021484,25.940805435180664,26.920541763305664,26.89398193359375,25.154184341430664,22.758399963378906,21.935821533203125,23.16121482849121,25.568592071533203,26.913646697998047,27.89749526977539,28.324403762817383
26.26142692565918,25.592376708984375,25.33329963684082,24.981916427612305,24.130165100097656,24.569231033325195,25.752012252807617,26.707693099975586,28.2438907623291,29.554542541503906,29.716012954711914,29.06646728515625,27.720849990844727,26.632219314575195,26.222389221191406,25.100038528442383,23.762802124023438,22.859155654907227,22.552579879760742,21.765100479125977,21.327184677124023,22.89101219177246,23.67055892944336,21.93566131591797,20.494121551513672,20.86924171447754,22.206209182739258,21.670581817626953,21.53768539428711,21.072505950927734,22.828798294067383,25.032848358154297,24.99634552001953,24.90578269958496,25.247119903564453,23.869260787963867,21.454988479614258,19.91083526611328,20.672039031982422,22.821496963500977,25.570430755615234,27.818891525268555,29.109102249145508
26.519746780395508,26.07179832458496,26.273481369018555,26.291149139404297,25.19502830505371,25.192901611328125,26.217208862304688,27.598129272460938,29.335973739624023,30.916080474853516,31.69649314880371,31.491214752197266,29.955631256103516,29.004531860351562,28.128475189208984,26.46731185913086,25.592479705810547,23.402385711669922,22.635974884033203,21.63762855529785,21.02674674987793,22.394338607788086,23.289310455322266,22.176210403442383,21.393823623657227,21.846954345703125,22.574872970581055,22.167036056518555,21.05153465270996,19.98207664489746,19.838109970092773,22.535680770874023,23.905710220336914,23.289880752563477,22.83888053894043,21.326337814331055,19.494670867919922,17.585126876831055,17.42957878112793,18.99142074584961,22.125049591064453,25.15845489501953,28.040565490722656
24.9434814453125,25.01069450378418,25.671659469604492,26.370176315307617,26.056730270385742,25.631744384765625,25.697465896606445,26.501102447509766,27.818872451782227,29.223073959350586,29.902862548828125,30.63447380065918,30.477575302124023,30.253955841064453,29.686281204223633,28.57575225830078,27.556074142456055,25.30009651184082,24.08270263671875,22.63214111328125,22.080623626708984,21.896080017089844,22.40696144104004,23.128124237060547,22.990278244018555,21.437824249267578,20.90117645263672,23.01594352722168,21.225337982177734,19.063709259033203,17.791105270385742,18.750146865844727,21.609756469726562,21.900768280029297,21.63206672668457,20.971464157104492,19.231884002685547,16.813610076904297,15.841670989990234,16.870786666870117,19.28489875793457,21.78934669494629,25.17572593688965
22.621740341186523,23.333545684814453,23.980350494384766,24.20730209350586,24.423465728759766,24.755023956298828,25.180252075195312,25.010284423828125,25.488563537597656,26.231555938720703,26.547130584716797,27.299589157104492,27.73851776123047,27.890098571777344,28.85482406616211,29.705387115478516,29.13412094116211,28.33314323425293,26.65852165222168,24.513444900512695,23.78004264831543,22.84309196472168,23.1033935546875,24.334585189819336,23.239704132080078,20.654184341430664,21.36981201171875,22.657630920410156,20.358781814575195,19.68207550048828,18.050668716430664,16.778928756713867,18.690635681152344,20.715166091918945,22.49903678894043,23.539894104003906,22.37500762939453,19.314048767089844,17.4446964263916,17.823871612548828,19.926504135131836,22.684473037719727,24.932170867919922
21.80611228942871,22.731199264526367,23.17611312866211,22.73505973815918,23.172622680664062,25.121885299682617,26.593122482299805,25.64234733581543,25.27212142944336,25.317935943603516,25.390649795532227,24.86998748779297,23.68309783935547,23.74897575378418,25.592248916625977,27.484338760375977,29.00101089477539,29.882261276245117,28.281782150268555,26.382347106933594,25.743688583374023,25.67086410522461,25.675392150878906,26.39655876159668,25.4660587310791,22.63985824584961,22.227815628051758,23.37274169921875,20.132587432861328,19.910236358642578,19.248987197875977,17.745635986328125,18.931739807128906,22.224164962768555,25.871198654174805,28.383468627929688,27.51356315612793,23.62158966064453,20.861621856689453,21.02118682861328,22.990360260009766,26.586082458496094,28.377941131591797
22.875452041625977,23.713478088378906,24.139636993408203,23.59303855895996,24.172489166259766,27.013917922973633,28.153757095336914,27.969594955444336,26.521358489990234,26.515644073486328,26.169864654541016,24.351028442382812,21.929113388061523,21.19196128845215,23.30392074584961,24.81056785583496,26.40090560913086,28.72752571105957,26.579912185668945,26.149646759033203,25.15606117248535,27.501644134521484,28.851003646850586,29.03885841369629,27.883132934570312,24.32816505432129,23.40337371826172,25.337926864624023,22.880409240722656,24.073741912841797,23.224586486816406,20.790544509887695,22.200849533081055,26.523527145385742,30.748092651367188,33.34811782836914,32.47127914428711,28.29110336303711,25.195850372314453,24.039098739624023,24.820293426513672,28.31292152404785,30.939987182617188
24.701528549194336,25.387916564941406,25.459768295288086,25.20212173461914,25.78482437133789,27.800434112548828,28.61075210571289,30.67243194580078,29.009965896606445,28.453609466552734,27.362882614135742,25.080276489257812,22.449155807495117,21.744434356689453,22.74069595336914,23.387229919433594,25.60004425048828,26.620807647705078,25.45214080810547,22.903491973876953,22.21124839782715,25.03567123413086,26.54449462890625,27.576194763183594,28.511518478393555,26.503705978393555,24.18227195739746,26.08159828186035,27.70537567138672,28.225915908813477,25.256689071655273,24.792959213256836,28.062458038330078,31.48680305480957,34.01095199584961,35.308624267578125,33.675418853759766,30.552440643310547,27.327611923217773,26.592708587646484,25.9338321685791,28.19739532470703,30.688343048095703
26.111169815063477,27.140405654907227,26.589550018310547,25.957590103149414,26.31932830810547,28.471750259399414,29.717084884643555,30.96146583557129,29.502199172973633,29.68023681640625,29.160324096679688,26.534873962402344,23.554140090942383,22.630054473876953,24.02549934387207,24.748207092285156,25.093767166137695,25.66046714782715,24.21718978881836,20.74677085876465,18.20587158203125,21.294118881225586,23.780908584594727,24.183359146118164,24.54387092590332,24.883548736572266,24.069381713867188,25.048891067504883,27.36691665649414,26.862438201904297,27.309432983398438,29.751094818115234,32.10691452026367,34.34376525878906,35.5659294128418,34.402198791503906,31.120197296142578,27.764629364013672,26.651838302612305,26.70363998413086,25.60103416442871,27.01532554626465,29.874788284301758
26.278573989868164,27.468935012817383,27.997241973876953,27.29233741760254,26.97313690185547,28.10817527770996,29.820127487182617,30.54985809326172,30.42794418334961,30.66471290588379,30.208789825439453,28.442537307739258,25.213584899902344,23.418302536010742,24.532304763793945,26.056419372558594,25.798059463500977,25.356454849243164,24.27147674560547,20.96196746826172,17.389598846435547,19.448637008666992,21.931856155395508,21.424097061157227,20.626911163330078,21.199310302734375,21.79022979736328,21.918251037597656,24.18657875061035,26.406448364257812,29.1606502532959,30.8987979888916,32.19598388671875,34.01664352416992,33.97017288208008,30.609703063964844,26.859224319458008,24.616100311279297,25.439836502075195,25.996644973754883,25.774066925048828,26.469087600708008,28.444467544555664
25.21022605895996,26.883819580078125,29.043500900268555,28.519670486450195,27.565935134887695,28.23426628112793,29.74842071533203,30.1221923828125,31.16928482055664,31.196125030517578,30.029712677001953,28.85531234741211,27.04020118713379,25.337417602539062,24.58866310119629,25.364912033081055,25.95615577697754,25.958139419555664,25.948575973510742,23.060871124267578,19.787078857421875,18.94733238220215,19.893733978271484,20.210384368896484,20.063182830810547,19.60483741760254,19.32443618774414,19.913293838500977,22.84493064880371,26.666261672973633,28.461339950561523,28.77346420288086,29.570377349853516,30.689668655395508,29.684642791748047,25.666698455810547,22.531824111938477,21.91930389404297,24.49910545349121,26.817686080932617,26.58242416381836,26.400592803955078,27.47740364074707
