data/wind_data/wind_59_5.json
{"header": {"parameterUnit": "KT", "parameterCategory": 2, "nx": 256, "ny": 198, "lo1": 44.73521041870117, "la1": -3.236724853515625, "lo2": 111.26478576660156, "la2": 43.468475341796875, "dx": 0.2609002888202667, "dy": -0.23708222806453705, "refTime": "2025-02-21 11:00:00", "forecastTime": 0, "parameterNumber": 2, "parameterNumberName": "eastward_wind"}, "data":
[rows 171 to 189 of 198, columns 176 to 219 of 256]
5.646943092346191,4.226102828979492,5.007996559143066,6.971011161804199,9.095407485961914,11.409021377563477,12.909919738769531,14.183735847473145,15.560112953186035,16.72652816772461,17.246929168701172,17.722558975219727,18.313535690307617,19.364177703857422,19.61788558959961,19.29907989501953,20.089706420898438,21.12440299987793,21.47744369506836,21.667224884033203,21.302265167236328,21.521987915039062,22.580028533935547,23.60272216796875,24.385683059692383,25.19327735900879,26.62813377380371,27.964252471923828,29.045040130615234,30.701335906982422,32.5090217590332,35.102027893066406,36.2033805847168,36.271366119384766,36.048789978027344,35.78280258178711,36.763492584228516,36.43653869628906,34.15840148925781,33.426551818847656,35.100276947021484,37.58542251586914,39.51380920410156,40.2086067199707
6.107913970947266,4.462984561920166,4.674782752990723,5.885332107543945,7.82664155960083,10.041400909423828,11.694426536560059,13.526630401611328,15.225020408630371,16.145130157470703,16.733572006225586,17.410785675048828,17.86693572998047,18.05929183959961,18.01516342163086,18.28605842590332,18.734521865844727,18.8897705078125,18.831356048583984,19.10591697692871,19.744953155517578,20.675395965576172,21.89424705505371,23.20815086364746,24.253414154052734,25.626270294189453,27.02208137512207,28.49830436706543,30.362396240234375,32.605804443359375,35.00472640991211,36.87338638305664,37.09318161010742,37.32533645629883,37.19113540649414,36.65284729003906,35.55535125732422,34.58049392700195,34.8670654296875,36.62154006958008,38.77772521972656,40.28944396972656,40.92858123779297,40.797271728515625
6.780217170715332,5.612742900848389,5.291388988494873,5.552014350891113,6.856542110443115,9.159154891967773,11.038808822631836,12.04857063293457,12.59722900390625,13.410425186157227,14.532279968261719,15.069564819335938,15.904430389404297,16.746809005737305,16.710247039794922,16.486845016479492,16.739673614501953,17.406673431396484,18.567411422729492,19.998836517333984,21.219341278076172,22.304744720458984,23.69872283935547,25.573423385620117,27.397018432617188,28.38372802734375,29.326208114624023,30.79108238220215,32.01593017578125,33.094120025634766,34.74830627441406,36.36644744873047,37.43302917480469,37.34317398071289,36.82538604736328,36.02901077270508,34.88732147216797,34.4922981262207,35.37291717529297,37.10346984863281,38.80912399291992,40.32627487182617,41.46283721923828,41.48015213012695
7.338552474975586,7.405391216278076,7.640279293060303,7.367697715759277,7.630314350128174,9.265366554260254,10.895009994506836,11.84546947479248,12.459739685058594,13.522700309753418,14.972309112548828,15.883103370666504,16.090473175048828,16.543794631958008,16.997203826904297,17.57875633239746,18.78201675415039,20.378440856933594,21.64327621459961,22.15958595275879,23.077960968017578,24.499719619750977,26.219480514526367,28.365205764770508,30.192890167236328,31.01630210876465,31.505748748779297,32.22130584716797,32.83666229248047,34.0418701171875,35.986473083496094,37.822235107421875,38.30642318725586,37.47454071044922,36.12500762939453,34.9757194519043,34.120174407958984,34.374267578125,36.68048095703125,38.920738220214844,40.26826095581055,41.06331253051758,41.42546463012695,41.20702362060547
8.58561897277832,7.825014591217041,7.990717887878418,9.03134822845459,10.259783744812012,11.05858039855957,11.632308959960938,12.425488471984863,13.496169090270996,14.870095252990723,16.03093719482422,17.530778884887695,18.033653259277344,18.188396453857422,18.917299270629883,19.70180892944336,20.57777214050293,21.926145553588867,22.952104568481445,23.95402717590332,25.59290885925293,27.23615074157715,28.630844116210938,30.27766227722168,31.7476749420166,33.01580810546875,33.38874053955078,33.78950119018555,34.92598342895508,36.125343322753906,37.381629943847656,37.797271728515625,36.465965270996094,34.99080276489258,34.48387908935547,34.37369155883789,34.58041000366211,36.241764068603516,38.9265022277832,40.675376892089844,40.91251754760742,40.80406188964844,41.14223098754883,41.91157150268555
9.318948745727539,9.31131649017334,9.659436225891113,10.18071174621582,10.893603324890137,11.550909042358398,12.144014358520508,12.902122497558594,14.057805061340332,15.616340637207031,17.32245445251465,18.637197494506836,19.134859085083008,19.455171585083008,20.389827728271484,21.316509246826172,22.24370765686035,23.31972885131836,24.344053268432617,25.90880584716797,27.922870635986328,29.738313674926758,30.385278701782227,31.028554916381836,32.34103012084961,34.283756256103516,35.22325897216797,35.99174499511719,36.99684524536133,37.32195281982422,36.64204406738281,35.03091812133789,33.16984176635742,32.58099365234375,33.33715057373047,34.508934020996094,35.81620788574219,37.536014556884766,39.10955810546875,39.97806930541992,40.16493225097656,40.383384704589844,41.15483093261719,42.33066177368164
8.628107070922852,9.3904447555542,10.324461936950684,11.110695838928223,11.793745040893555,12.557467460632324,13.343352317810059,14.067057609558105,14.889748573303223,15.909200668334961,17.14659881591797,18.366689682006836,19.333650588989258,20.035865783691406,20.680463790893555,21.436803817749023,22.779460906982422,24.693574905395508,26.389644622802734,27.91033935546875,29.453134536743164,31.150184631347656,31.70546531677246,31.944259643554688,33.232765197753906,34.84695816040039,35.793582916259766,36.37642288208008,36.19182586669922,35.3697624206543,34.00273895263672,33.00300979614258,32.6649169921875,32.91225814819336,33.804656982421875,35.246788024902344,36.717628479003906,37.9769172668457,38.965614318847656,39.5884895324707,40.01022720336914,40.51579666137695,41.234561920166016,41.98167419433594
9.340907096862793,9.803935050964355,10.443964958190918,11.185734748840332,12.119536399841309,13.036428451538086,13.788688659667969,14.405430793762207,15.125009536743164,15.957380294799805,16.805118560791016,17.79152488708496,18.870281219482422,19.83761978149414,20.771883010864258,21.918617248535156,23.60153579711914,25.73069190979004,27.531450271606445,28.732593536376953,29.84325408935547,31.226839065551758,31.881412506103516,32.276493072509766,33.74704360961914,35.06379699707031,35.54799270629883,35.560699462890625,35.133670806884766,34.52009582519531,33.91246795654297,33.84148406982422,34.22221755981445,34.70229721069336,35.56142044067383,36.516700744628906,37.26615905761719,38.078948974609375,38.966102600097656,39.64112091064453,40.13677978515625,40.58823776245117,40.94254684448242,41.05445098876953
11.210948944091797,11.414878845214844,11.544295310974121,11.968994140625,12.793506622314453,13.782151222229004,14.652715682983398,15.3617582321167,16.115859985351562,16.947500228881836,17.813138961791992,18.76744842529297,19.884754180908203,21.158842086791992,22.5031795501709,23.82052230834961,25.057851791381836,26.221668243408203,27.319318771362305,28.541391372680664,29.97989273071289,31.355947494506836,32.39336013793945,33.07771301269531,33.895652770996094,34.63689041137695,35.18992233276367,35.653411865234375,35.745826721191406,35.59714889526367,35.426998138427734,35.29902648925781,35.34536361694336,35.79268264770508,36.63849639892578,37.4166259765625,38.0101203918457,38.61954879760742,39.20206832885742,39.56739807128906,39.79121780395508,39.93448257446289,39.92070388793945,39.87693786621094
12.581125259399414,12.852775573730469,12.854596138000488,13.171351432800293,14.028850555419922,15.050331115722656,15.950328826904297,16.832889556884766,17.706951141357422,18.54292869567871,19.398693084716797,20.33118438720703,21.478008270263672,22.839689254760742,24.122682571411133,25.195720672607422,26.24925422668457,27.289766311645508,28.33018684387207,29.544408798217773,30.866422653198242,32.044010162353516,33.09153747558594,33.88264846801758,34.513118743896484,35.161380767822266,35.716552734375,36.061058044433594,36.1443977355957,36.1856803894043,36.341304779052734,36.46483612060547,36.49507141113281,36.71586608886719,37.251041412353516,37.917747497558594,38.47897720336914,38.766822814941406,38.76831817626953,38.61619567871094,38.46083450317383,38.42765426635742,38.65529251098633,39.32863235473633
13.433533668518066,13.914566993713379,14.320847511291504,15.058951377868652,16.189428329467773,17.35287094116211,18.27437973022461,19.137218475341797,19.959333419799805,20.6957950592041,21.57956886291504,22.652854919433594,23.81397247314453,25.011932373046875,26.11174201965332,27.034025192260742,27.995891571044922,29.088876724243164,30.175844192504883,31.1937255859375,32.11852264404297,32.95531463623047,33.840572357177734,34.67539978027344,35.422264099121094,36.182334899902344,36.601627349853516,36.737274169921875,36.90239334106445,37.30121994018555,37.83612823486328,38.23860168457031,38.42026901245117,38.52389907836914,38.44633865356445,38.156497955322266,37.73297119140625,37.2417106628418,36.82132339477539,36.5898323059082,36.623565673828125,37.078731536865234,38.10145568847656,39.5861930847168
14.304033279418945,15.052648544311523,16.0677490234375,17.547679901123047,18.912841796875,19.962919235229492,20.775909423828125,21.495201110839844,22.256559371948242,23.216211318969727,24.168548583984375,25.223873138427734,26.388629913330078,27.428495407104492,28.410192489624023,29.263019561767578,30.11627960205078,31.086227416992188,32.08980941772461,33.0783576965332,34.04481506347656,34.90204620361328,35.7037353515625,36.38821029663086,36.84940719604492,37.61786651611328,38.2640380859375,38.697906494140625,39.27101135253906,39.84169387817383,40.445438385009766,40.89385223388672,40.78923416137695,40.08679962158203,38.793643951416016,37.2095947265625,35.81514358520508,34.868255615234375,34.4931640625,34.668941497802734,35.424617767333984,36.751102447509766,38.407291412353516,40.0534553527832
15.3296537399292,16.37565803527832,17.630884170532227,19.287939071655273,20.74431037902832,21.68743896484375,22.497451782226562,23.482627868652344,24.4342041015625,25.53278923034668,26.695350646972656,27.59740447998047,28.452295303344727,29.679378509521484,30.97008514404297,31.959196090698242,32.84215545654297,33.89049530029297,34.945289611816406,36.0068359375,37.07118606567383,38.035926818847656,38.88219451904297,39.67872619628906,39.91453170776367,40.230125427246094,41.08181381225586,41.64839172363281,42.013397216796875,42.276241302490234,42.41495132446289,42.322059631347656,41.60688018798828,40.0507698059082,37.943939208984375,35.79381561279297,34.18701934814453,33.46092224121094,33.59547424316406,34.43421936035156,35.772640228271484,37.31224060058594,38.73244094848633,39.86304473876953
16.844181060791016,17.966848373413086,19.09751319885254,20.419466018676758,21.744993209838867,22.958229064941406,24.09303855895996,25.154878616333008,26.244890213012695,27.486572265625,28.857587814331055,30.20207977294922,31.273727416992188,32.58137512207031,34.14053726196289,35.577457427978516,36.91185760498047,38.19804000854492,39.35913848876953,40.380855560302734,41.275875091552734,42.15945053100586,43.03184509277344,43.869354248046875,44.301513671875,44.07182312011719,43.814640045166016,43.70886993408203,43.69629669189453,43.410091400146484,42.44475555419922,41.140411376953125,39.644309997558594,37.76683807373047,35.79994583129883,34.131385803222656,33.170928955078125,33.28441619873047,34.272979736328125,35.53857421875,36.616539001464844,37.43397521972656,38.13017272949219,38.83444595336914
18.730655670166016,19.662870407104492,20.591333389282227,21.551563262939453,22.804759979248047,24.294832229614258,25.78355598449707,27.1370849609375,28.446176528930664,30.133869171142578,31.890703201293945,33.6063346862793,35.267005920410156,36.80565643310547,38.381996154785156,39.971038818359375,41.58213806152344,43.15383529663086,44.523162841796875,45.556549072265625,46.36426544189453,47.102867126464844,47.84433364868164,48.45710754394531,48.461856842041016,47.65494155883789,46.19215393066406,44.48101806640625,42.83210754394531,41.014713287353516,38.82075500488281,36.934139251708984,35.652774810791016,34.36703109741211,33.190338134765625,32.612361907958984,32.8934326171875,33.96722412109375,35.26405334472656,36.11756896972656,36.364707946777344,36.44428253173828,36.77231216430664,37.31611251831055
20.394683837890625,21.01476287841797,21.814428329467773,22.888282775878906,24.387496948242188,26.186386108398438,27.918575286865234,29.64730453491211,31.599287033081055,33.759788513183594,35.8105354309082,37.74949264526367,39.711769104003906,41.62209701538086,43.21757507324219,44.8101921081543,46.44814682006836,47.951019287109375,49.34764099121094,50.61016082763672,51.587623596191406,52.182762145996094,52.41487121582031,52.258052825927734,51.34242248535156,49.33584213256836,46.152549743652344,42.44334411621094,39.01866149902344,35.855037689208984,33.10293960571289,31.678688049316406,31.54184913635254,31.330631256103516,31.075056076049805,31.6392765045166,33.035709381103516,34.49650955200195,35.37784194946289,35.47813034057617,35.1295051574707,34.86256408691406,34.82456970214844,34.66069793701172
20.957834243774414,21.636465072631836,22.868392944335938,24.552200317382812,26.48969841003418,28.611408233642578,30.661056518554688,32.70934295654297,34.86284637451172,37.0921516418457,39.224369049072266,41.1141357421875,42.94407272338867,44.81727981567383,46.583839416503906,48.166568756103516,49.62379837036133,50.86421203613281,52.001914978027344,53.21011734008789,54.227455139160156,54.58501052856445,53.67627716064453,51.783687591552734,49.39900588989258,46.05382537841797,41.55588912963867,37.11784362792969,33.802486419677734,31.365924835205078,29.702913284301758,29.09573745727539,29.126930236816406,29.468297958374023,30.3334903717041,31.739154815673828,33.144775390625,34.040069580078125,34.24470901489258,33.85810089111328,33.15760803222656,32.35953140258789,31.470285415649414,30.232309341430664
21.128461837768555,22.539051055908203,24.607820510864258,26.92337989807129,29.168970108032227,31.177989959716797,32.96599197387695,34.80084991455078,36.672218322753906,38.42975997924805,40.00851058959961,41.4530029296875,42.917945861816406,44.552520751953125,46.33775329589844,48.03980255126953,49.445655822753906,50.58373260498047,51.497467041015625,52.17015075683594,52.36083221435547,51.44659423828125,48.62892532348633,44.47370910644531,40.448787689208984,37.07046127319336,34.02875900268555,31.707155227661133,30.508472442626953,30.025630950927734,29.703752517700195,29.307775497436523,29.169517517089844,29.751482009887695,30.809959411621094,31.725645065307617,32.269378662109375,32.441619873046875,32.13874435424805,31.314897537231445,30.06328010559082,28.47897720336914,26.762540817260742,25.04671287536621
22.257186889648438,24.486900329589844,26.776744842529297,28.831375122070312,30.391460418701172,31.47715187072754,32.557735443115234,33.79219436645508,35.01367950439453,36.22298049926758,37.585853576660156,39.170860290527344,40.843135833740234,42.380088806152344,43.74479675292969,44.82682418823242,45.673152923583984,46.66850662231445,47.63010025024414,47.73231887817383,46.38682174682617,43.710594177246094,39.85042953491211,35.814876556396484,32.77687454223633,30.6552677154541,29.02691650390625,28.432741165161133,28.854164123535156,29.415435791015625,29.675519943237305,29.78359603881836,30.02724266052246,30.34128761291504,30.443851470947266,30.451343536376953,30.41837501525879,30.074071884155273,29.11894989013672,27.646360397338867,25.888275146484375,24.00093650817871,22.22789192199707,20.843952178955078
