data/wind_data/wind_53_9.json
{"header": {"parameterUnit": "KT", "parameterCategory": 2, "nx": 256, "ny": 198, "lo1": 44.73521041870117, "la1": -3.236724853515625, "lo2": 111.26478576660156, "la2": 43.468475341796875, "dx": 0.2609002888202667, "dy": -0.23708222806453705, "refTime": "2025-02-21 05:00:00", "forecastTime": 0, "parameterNumber": 2, "parameterNumberName": "eastward_wind"}, "data":
[rows 171 to 189 of 198, columns 44 to 87 of 256]
27.25255012512207,27.02923583984375,26.530004501342773,26.132577896118164,25.927507400512695,26.15683937072754,26.910823822021484,27.641407012939453,27.589256286621094,26.435165405273438,24.16391372680664,21.72141456604004,20.920902252197266,21.454212188720703,21.561532974243164,20.88065528869629,20.241662979125977,19.574031829833984,18.17397689819336,16.490245819091797,15.877076148986816,16.352319717407227,16.554630279541016,15.732854843139648,14.415624618530273,13.217554092407227,12.074095726013184,11.236949920654297,10.908851623535156,11.1669921875,11.645870208740234,11.558269500732422,10.64614486694336,9.126091957092285,7.662808895111084,6.832662582397461,6.7527947425842285,7.43913459777832,8.637356758117676,9.722907066345215,10.318414688110352,10.725260734558105,11.36291217803955,12.36982250213623
28.214265823364258,28.50897979736328,27.996871948242188,26.910783767700195,26.229877471923828,26.702007293701172,28.051666259765625,29.2049503326416,29.345266342163086,28.3909854888916,26.362300872802734,24.15569496154785,23.328105926513672,23.884647369384766,24.25995445251465,23.522825241088867,22.176258087158203,21.093168258666992,20.183298110961914,18.963598251342773,17.736705780029297,17.04079246520996,16.87354850769043,16.605764389038086,15.520158767700195,13.588180541992188,11.927545547485352,11.329373359680176,11.453722953796387,12.043807029724121,12.404977798461914,11.685214042663574,9.896985054016113,7.924215793609619,6.84501838684082,6.80696964263916,7.583251476287842,8.785285949707031,9.550860404968262,9.51172161102295,9.60486125946045,10.715261459350586,12.53279972076416,13.968361854553223
29.279909133911133,29.369359970092773,28.12143898010254,26.486848831176758,25.96131134033203,26.887754440307617,28.66822052001953,30.387636184692383,31.295406341552734,30.782243728637695,28.626483917236328,26.32787322998047,25.569133758544922,26.143924713134766,26.666852951049805,26.093568801879883,24.65156364440918,23.496776580810547,22.816471099853516,21.81020736694336,19.980010986328125,17.838497161865234,16.652923583984375,16.493165969848633,15.979012489318848,14.450146675109863,12.903667449951172,12.34190559387207,12.80074691772461,13.581634521484375,13.436216354370117,11.641647338867188,9.078147888183594,7.324014186859131,7.014089584350586,7.767380714416504,9.09379768371582,9.953600883483887,9.594099044799805,9.029053688049316,9.40798282623291,10.758849143981934,12.52734661102295,13.903912544250488
29.537940979003906,28.72045135498047,26.949398040771484,25.35161781311035,25.068069458007812,26.270904541015625,28.53322410583496,31.10516357421875,32.95172882080078,32.87216567993164,30.679269790649414,28.29734230041504,27.623132705688477,28.427597045898438,29.13973045349121,28.537569046020508,27.064682006835938,26.098047256469727,25.607135772705078,24.47495460510254,22.187707901000977,19.21196746826172,16.96466636657715,16.199644088745117,16.09181022644043,15.622884750366211,14.619065284729004,13.845707893371582,14.086182594299316,14.587297439575195,13.81167984008789,11.51039981842041,9.219841957092285,8.200185775756836,8.406991004943848,9.405365943908691,10.27812671661377,10.003722190856934,9.11235237121582,8.899419784545898,9.528210639953613,10.469549179077148,11.401695251464844,12.176971435546875
28.378080368041992,26.670522689819336,24.783946990966797,23.380638122558594,23.247573852539062,24.832006454467773,27.73050308227539,31.13642120361328,33.740726470947266,34.22245788574219,32.57411193847656,30.353662490844727,29.513952255249023,30.600048065185547,31.768367767333984,31.094911575317383,29.236770629882812,28.09393882751465,27.701560974121094,26.740478515625,24.40772247314453,21.23896026611328,18.49855613708496,16.990772247314453,16.51369857788086,16.565519332885742,16.524587631225586,15.997353553771973,15.438633918762207,14.992239952087402,13.978001594543457,12.26921272277832,10.777094841003418,10.158808708190918,10.400161743164062,10.86223316192627,10.65796947479248,9.846457481384277,9.3917875289917,9.641627311706543,10.1268310546875,10.438894271850586,10.630545616149902,10.948158264160156
26.341392517089844,24.327678680419922,22.628904342651367,21.542221069335938,21.768049240112305,23.605920791625977,26.821331024169922,30.706117630004883,33.76334762573242,34.751625061035156,33.86656188964844,32.0284538269043,30.927623748779297,32.04825210571289,33.950984954833984,33.804161071777344,31.52340316772461,29.380916595458984,28.667316436767578,28.24824333190918,26.46941375732422,23.434389114379883,20.597347259521484,18.893136978149414,18.164838790893555,18.0086612701416,18.045486450195312,17.7536678314209,17.095745086669922,16.355451583862305,15.447258949279785,14.287775993347168,13.22788143157959,12.754738807678223,12.732344627380371,12.348788261413574,11.437880516052246,10.819449424743652,10.930167198181152,11.327459335327148,11.506903648376465,11.350992202758789,11.049530982971191,11.058809280395508
24.82393455505371,22.917646408081055,21.65671157836914,21.22625160217285,21.795848846435547,23.611268997192383,26.737876892089844,30.75340461730957,33.966793060302734,35.096290588378906,34.666316986083984,33.361419677734375,32.127296447753906,32.807273864746094,35.31195831298828,36.286556243896484,33.96216583251953,30.492752075195312,28.821462631225586,28.792686462402344,28.08221435546875,25.696720123291016,22.81475257873535,20.90867042541504,20.101760864257812,19.53287124633789,18.825603485107422,18.339284896850586,18.234027862548828,18.195329666137695,17.833242416381836,17.11945915222168,16.482751846313477,16.263452529907227,15.932406425476074,14.825716972351074,13.5143404006958,13.053849220275879,13.35045051574707,13.610215187072754,13.435969352722168,12.85744571685791,12.193183898925781,12.034656524658203
24.12912368774414,22.670095443725586,21.83269691467285,21.75174331665039,22.50926971435547,24.313884735107422,27.49819564819336,31.711868286132812,34.91582489013672,35.90782165527344,35.68874740600586,34.96954345703125,33.81683349609375,33.84801483154297,36.163108825683594,37.9883918762207,36.22398376464844,32.08284378051758,29.304641723632812,29.073177337646484,29.077817916870117,27.493148803710938,24.96164321899414,22.83455467224121,21.463302612304688,20.262996673583984,19.039844512939453,18.363828659057617,18.510547637939453,19.02265739440918,19.372947692871094,19.514728546142578,19.741363525390625,20.053382873535156,19.807449340820312,18.626174926757812,17.20374298095703,16.44285774230957,16.31352424621582,16.1762638092041,15.575933456420898,14.578561782836914,13.754674911499023,13.62778091430664
23.78313636779785,22.821998596191406,22.400482177734375,22.449724197387695,23.175430297851562,25.08211326599121,28.533935546875,32.83113479614258,35.67308044433594,36.23562240600586,36.233097076416016,36.35866165161133,35.85963439941406,35.55086898803711,36.71367645263672,38.3057975769043,37.63193130493164,34.367881774902344,31.254070281982422,29.927833557128906,29.31063461303711,28.181991577148438,26.53970718383789,24.623506546020508,22.580934524536133,20.669591903686523,19.21141242980957,18.433429718017578,18.338960647583008,18.754314422607422,19.49406623840332,20.455047607421875,21.52804183959961,22.360496520996094,22.49994659423828,21.97653579711914,21.24030876159668,20.561260223388672,19.914127349853516,19.10259246826172,17.94752311706543,16.66765022277832,15.831430435180664,15.703149795532227
23.663156509399414,23.1235408782959,23.07443618774414,23.30348014831543,24.058692932128906,26.013839721679688,29.443105697631836,33.245365142822266,35.25067901611328,35.55499267578125,36.10786437988281,37.27926254272461,37.68545913696289,36.92979049682617,36.339229583740234,37.0618896484375,37.814910888671875,36.7093505859375,34.159664154052734,31.489212036132812,29.289318084716797,27.906831741333008,27.089006423950195,25.822250366210938,23.75800323486328,21.55834197998047,19.830841064453125,18.737586975097656,18.300006866455078,18.49123191833496,19.22608184814453,20.37799644470215,21.643463134765625,22.552560806274414,22.879976272583008,22.948726654052734,23.16294288635254,23.415761947631836,23.206205368041992,22.24935531616211,20.768022537231445,19.286474227905273,18.32499885559082,18.035673141479492
24.251953125,23.90738868713379,23.946552276611328,24.248960494995117,25.06404685974121,27.04408073425293,30.082292556762695,32.83254623413086,34.04812240600586,34.53092956542969,35.801395416259766,37.632225036621094,38.251930236816406,36.72677230834961,34.90339279174805,35.37306213378906,37.48755645751953,38.23126220703125,36.43385696411133,33.129486083984375,29.71121597290039,27.49568748474121,26.661026000976562,25.952524185180664,24.51363182067871,22.672992706298828,21.02928924560547,19.858346939086914,19.220678329467773,19.09856414794922,19.47550392150879,20.28388786315918,21.21682357788086,21.870624542236328,22.13593864440918,22.36947250366211,23.03885269165039,24.10667610168457,24.880386352539062,24.726911544799805,23.650970458984375,22.145545959472656,20.924205780029297,20.37122917175293
25.645421981811523,25.15822982788086,25.0071964263916,25.154865264892578,25.88799476623535,27.698129653930664,30.141448974609375,31.92007827758789,32.71824264526367,33.77627182006836,35.64025115966797,37.33035659790039,37.23855972290039,35.18035888671875,33.48774337768555,34.29703903198242,36.70701217651367,37.884498596191406,36.66790771484375,33.86632537841797,30.50782585144043,27.673526763916016,26.069414138793945,25.20706558227539,24.15603256225586,22.961889266967773,22.018978118896484,21.25864028930664,20.659982681274414,20.41837501525879,20.633892059326172,21.167089462280273,21.696186065673828,21.921480178833008,21.83369255065918,21.847930908203125,22.46341896057129,23.721925735473633,25.121835708618164,25.960437774658203,25.695968627929688,24.46575164794922,23.161237716674805,22.435834884643555
27.14069366455078,26.397615432739258,26.07559585571289,26.006729125976562,26.359092712402344,27.59272575378418,29.278507232666016,30.38789939880371,31.25226402282715,33.178096771240234,35.45035934448242,36.33785629272461,35.148887634277344,32.95344161987305,31.58741569519043,32.215667724609375,34.15776824951172,35.38762664794922,35.07762908935547,33.63581466674805,31.249591827392578,28.460744857788086,26.164566040039062,24.416902542114258,22.87868309020996,21.93326187133789,21.598308563232422,21.35346794128418,21.182918548583984,21.386138916015625,21.92355728149414,22.501089096069336,22.81792449951172,22.63739013671875,22.046939849853516,21.623905181884766,21.9573974609375,23.101186752319336,24.660289764404297,25.991458892822266,26.348596572875977,25.611791610717773,24.56472396850586,23.88902473449707
28.070629119873047,27.28628158569336,26.938575744628906,26.690885543823242,26.485824584960938,26.898576736450195,27.746904373168945,28.410951614379883,29.57510757446289,32.142662048339844,34.467063903808594,34.431339263916016,32.25687789916992,29.656057357788086,28.302392959594727,29.062891006469727,31.010000228881836,32.4588623046875,32.939273834228516,32.685184478759766,31.452404022216797,29.300840377807617,26.777179718017578,24.11002540588379,21.6721248626709,20.0907039642334,19.48380470275879,19.665428161621094,20.491975784301758,21.64485740661621,22.705097198486328,23.4324951171875,23.666664123535156,23.200332641601562,22.18439292907715,21.338308334350586,21.366304397583008,22.31691551208496,23.735431671142578,25.054719924926758,25.689760208129883,25.458730697631836,24.88498878479004,24.548242568969727
28.32680320739746,27.5126953125,26.995786666870117,26.62877655029297,26.221782684326172,26.172985076904297,26.440418243408203,26.859453201293945,28.195608139038086,30.753196716308594,32.666770935058594,32.1435661315918,29.67580795288086,27.121883392333984,26.243091583251953,27.32149314880371,29.092853546142578,30.304662704467773,30.89273452758789,31.163026809692383,30.783592224121094,29.35150718688965,27.058055877685547,24.353296279907227,21.578737258911133,19.083656311035156,17.712646484375,18.054473876953125,19.615478515625,21.35868263244629,22.672348022460938,23.49030876159668,23.71165657043457,23.122360229492188,21.952730178833008,20.942180633544922,20.69994354248047,21.26068878173828,22.294349670410156,23.369871139526367,24.060462951660156,24.196258544921875,24.160608291625977,24.422304153442383
27.63149070739746,26.42671775817871,25.528858184814453,25.451244354248047,25.675640106201172,25.900888442993164,26.075122833251953,26.472366333007812,27.718242645263672,29.672687530517578,30.932764053344727,30.428966522216797,28.623254776000977,26.93084144592285,26.563175201416016,27.43169403076172,28.426246643066406,28.79463005065918,28.87956428527832,29.13667106628418,29.114530563354492,28.201446533203125,26.73533058166504,25.175891876220703,23.139558792114258,20.468189239501953,18.404870986938477,18.149606704711914,19.281591415405273,20.674455642700195,21.740896224975586,22.350975036621094,22.387632369995117,21.875629425048828,21.11631202697754,20.447900772094727,20.099918365478516,20.17656707763672,20.67523193359375,21.432941436767578,22.157724380493164,22.673370361328125,23.21754264831543,24.075014114379883
26.086429595947266,24.314680099487305,23.15658187866211,23.791860580444336,25.20856285095215,26.221220016479492,26.70612335205078,27.250890731811523,28.27940559387207,29.4967041015625,30.167573928833008,29.94320297241211,29.119670867919922,28.38678550720215,28.22630500793457,28.405231475830078,28.21345329284668,27.552263259887695,27.086801528930664,27.194185256958008,27.296504974365234,26.893808364868164,26.505434036254883,26.34170913696289,25.442800521850586,23.308429718017578,20.994949340820312,19.791202545166016,19.86148452758789,20.541152954101562,21.14521598815918,21.23383140563965,20.762372970581055,20.149330139160156,19.752723693847656,19.606185913085938,19.569591522216797,19.525074005126953,19.617664337158203,20.13045883178711,21.019657135009766,21.96860122680664,22.92167854309082,23.95948600769043
24.950050354003906,23.252986907958984,22.199735641479492,23.13534927368164,25.172800064086914,26.805391311645508,27.719449996948242,28.514638900756836,29.43296241760254,30.05691909790039,30.176488876342773,30.114736557006836,30.083627700805664,30.037914276123047,29.858816146850586,29.192228317260742,27.807159423828125,26.262903213500977,25.492868423461914,25.675182342529297,26.08268928527832,26.318023681640625,26.722389221191406,27.256755828857422,27.121416091918945,25.845375061035156,23.910911560058594,22.2345027923584,21.46788215637207,21.602828979492188,21.946836471557617,21.684463500976562,20.68938636779785,19.557100296020508,18.870567321777344,18.814111709594727,19.12986946105957,19.357881546020508,19.52197265625,20.11761474609375,21.219663619995117,22.37240982055664,23.301607131958008,24.006298065185547
24.58376121520996,23.641876220703125,23.39275360107422,24.303091049194336,25.887678146362305,27.306562423706055,28.39731788635254,29.546125411987305,30.645084381103516,31.037416458129883,30.831026077270508,30.893203735351562,31.393264770507812,31.73154067993164,31.333120346069336,29.86915397644043,27.572168350219727,25.511043548583984,24.76632308959961,25.286741256713867,26.238143920898438,27.078752517700195,27.688634872436523,28.00511360168457,27.842214584350586,27.066394805908203,25.743074417114258,24.30699348449707,23.416336059570312,23.25497055053711,23.252939224243164,22.66705322265625,21.353158950805664,19.783720016479492,18.557292938232422,18.0470027923584,18.13876724243164,18.501876831054688,19.185134887695312,20.406526565551758,21.90180778503418,23.06640625,23.62458038330078,23.727598190307617
