data/wind_data/wind_46_9.json
{"header": {"parameterUnit": "KT", "parameterCategory": 2, "nx": 256, "ny": 198, "lo1": 44.73521041870117, "la1": -3.236724853515625, "lo2": 111.26478576660156, "la2": 43.468475341796875, "dx": 0.2609002888202667, "dy": -0.23708222806453705, "refTime": "2025-02-20 22:00:00", "forecastTime": 0, "parameterNumber": 2, "parameterNumberName": "eastward_wind"}, "data":
[rows 114 to 132 of 198, columns 86 to 128 of 256]
2.5253489017486572,3.1239237785339355,2.3312394618988037,0.2931392788887024,-0.851352870464325,-0.2713337242603302,1.2189160585403442,2.348205089569092,1.928440809249878,0.907017171382904,0.3106467127799988,0.485185444355011,1.4564571380615234,2.5697009563446045,3.1650514602661133,3.2608795166015625,3.3299779891967773,4.071569919586182,6.09738826751709,8.94715690612793,11.485921859741211,13.36353588104248,14.811750411987305,16.002307891845703,16.626379013061523,16.5484619140625,16.234649658203125,16.284189224243164,16.979307174682617,17.786287307739258,18.1806640625,18.470951080322266,19.144227981567383,20.164152145385742,21.23404312133789,22.22340202331543,22.937265396118164,23.778148651123047,24.74334716796875,24.60606575012207,22.83967399597168,21.509429931640625,22.28931999206543
-0.6601476669311523,-1.516065001487732,-3.2511026859283447,-4.113961696624756,-3.258298873901367,-1.2089260816574097,0.753640353679657,1.2589690685272217,0.5380679368972778,-0.3859268128871918,-1.468293309211731,-2.1741111278533936,-1.548328161239624,0.31745147705078125,2.4788124561309814,4.352968692779541,5.82829475402832,7.239833354949951,8.801995277404785,10.140251159667969,11.081382751464844,11.989757537841797,13.104790687561035,14.336827278137207,15.394163131713867,16.084197998046875,16.532155990600586,16.683788299560547,16.581594467163086,16.6178035736084,16.846349716186523,17.25833511352539,18.04840087890625,19.33488655090332,21.00902557373047,22.383445739746094,22.677017211914062,22.857202529907227,23.41771697998047,23.58128547668457,22.462732315063477,20.9646053314209,21.10251808166504
-5.332944869995117,-6.0794525146484375,-5.943277835845947,-4.965634822845459,-3.5362179279327393,-1.459791898727417,0.055916111916303635,0.41011324524879456,0.4243325889110565,-0.07811000198125839,-1.1767587661743164,-2.4891488552093506,-2.7287464141845703,-1.200026035308838,1.3267238140106201,4.091125965118408,6.674341678619385,8.852799415588379,10.686202049255371,11.755431175231934,11.866019248962402,11.679116249084473,12.059497833251953,13.05690860748291,14.021421432495117,14.656322479248047,15.186349868774414,15.414549827575684,15.09985065460205,14.78358268737793,14.998465538024902,15.789690017700195,17.17427635192871,19.046598434448242,21.148345947265625,22.518604278564453,22.089279174804688,21.267545700073242,21.09678840637207,20.998456954956055,20.37026023864746,19.587739944458008,19.80903434753418
-5.2668609619140625,-5.528156757354736,-5.498725891113281,-5.09846305847168,-3.655470132827759,-1.3691074848175049,-0.01736854948103428,0.5490499138832092,0.9149287343025208,0.8669908046722412,0.49371179938316345,-0.3509947657585144,-0.8657299876213074,0.06586559861898422,2.068937063217163,4.3212103843688965,6.637691974639893,8.793346405029297,10.792035102844238,12.385663986206055,12.978902816772461,12.595222473144531,12.3084716796875,12.687538146972656,13.021143913269043,13.182254791259766,13.19704818725586,12.889358520507812,12.287259101867676,12.136285781860352,13.079085350036621,14.811518669128418,16.817882537841797,18.80365562438965,20.550142288208008,21.202810287475586,20.114545822143555,18.677337646484375,18.01935577392578,17.68254280090332,17.37776756286621,17.372446060180664,17.816606521606445
-1.5739665031433105,-1.937596082687378,-2.850444793701172,-3.3960001468658447,-2.1773009300231934,-0.3401433825492859,0.3917447626590729,0.5170435905456543,0.42624086141586304,0.4934285879135132,0.9717290997505188,1.6820718050003052,2.274702548980713,2.6980230808258057,3.2237532138824463,4.296544551849365,5.791759490966797,7.551505088806152,9.481467247009277,11.409595489501953,12.765419960021973,13.161396980285645,12.905898094177246,12.398122787475586,11.610151290893555,10.858556747436523,10.160684585571289,9.448342323303223,9.177425384521484,10.071171760559082,12.129454612731934,14.419638633728027,16.170137405395508,17.332263946533203,18.1319637298584,18.123044967651367,17.14126968383789,15.770476341247559,14.849387168884277,14.230273246765137,13.934542655944824,13.83790397644043,13.99284839630127
1.5525661706924438,1.4685126543045044,0.48034361004829407,-0.8879162669181824,-0.8663309812545776,-0.15452206134796143,0.0042722770012915134,-0.4652595520019531,-0.9785915613174438,-0.8088520169258118,0.3926727771759033,2.329256296157837,3.793680191040039,3.9970884323120117,2.9890458583831787,2.967963695526123,4.094837665557861,5.87415885925293,7.734851837158203,9.472874641418457,11.100074768066406,12.123562812805176,12.12535285949707,11.028039932250977,9.302532196044922,7.813868999481201,6.965690612792969,6.851734161376953,7.705381870269775,9.526429176330566,11.740772247314453,13.328412055969238,13.884425163269043,14.097838401794434,14.489668846130371,14.853086471557617,14.73978328704834,13.811710357666016,12.39669132232666,10.926630020141602,9.721017837524414,9.01513385772705,9.623432159423828
2.8858909606933594,2.6816577911376953,1.4325928688049316,-0.20006686449050903,-0.7201582789421082,-0.5928195714950562,-0.7999575734138489,-1.5873078107833862,-2.4270007610321045,-2.180039644241333,-0.25679999589920044,2.174567937850952,3.5413718223571777,3.4904093742370605,2.158114194869995,1.7247638702392578,2.8567850589752197,4.832031726837158,6.412167549133301,7.728394031524658,9.170576095581055,10.072347640991211,9.829351425170898,8.524632453918457,6.885706901550293,5.628547191619873,5.4179768562316895,6.374705791473389,7.931423187255859,9.626895904541016,10.984536170959473,11.40501594543457,11.015995979309082,10.900084495544434,11.591524124145508,12.605646133422852,13.146524429321289,12.520843505859375,10.641157150268555,8.043283462524414,6.344806671142578,7.13642692565918,10.023110389709473
3.4076695442199707,2.7741353511810303,1.101285696029663,-0.38799846172332764,-0.7459022402763367,-0.5245237350463867,-0.943132758140564,-2.156343460083008,-3.2347025871276855,-2.5616180896759033,-0.5333968997001648,1.2683556079864502,2.5071709156036377,2.693234443664551,1.9135879278182983,1.51270592212677,2.485638380050659,4.3128252029418945,5.522832870483398,6.267653942108154,7.299770832061768,7.678815841674805,7.194340705871582,6.323411464691162,5.469360828399658,5.0873942375183105,5.7360124588012695,7.275975704193115,8.937105178833008,10.1278076171875,10.635321617126465,10.35871696472168,9.60315990447998,9.30417251586914,10.06594181060791,11.376108169555664,11.916308403015137,10.8212890625,8.431629180908203,6.492288589477539,6.881083965301514,9.419074058532715,12.802732467651367
3.2308881282806396,2.011625051498413,0.1045110747218132,-0.7964313626289368,-0.42834049463272095,0.03926324099302292,-0.6575640439987183,-2.3269147872924805,-2.972662925720215,-1.385990023612976,-0.38440966606140137,-0.08489140123128891,1.283905267715454,2.4990198612213135,2.481943130493164,2.4318630695343018,3.455256700515747,5.336113929748535,5.931770324707031,5.258366584777832,5.230828285217285,5.350676536560059,5.279576778411865,5.144259452819824,5.048042297363281,5.458667278289795,6.599868297576904,8.152366638183594,9.68964672088623,10.829964637756348,11.199349403381348,10.576678276062012,9.324349403381348,8.349472999572754,8.365336418151855,8.936923027038574,8.729222297668457,7.32636022567749,6.457587242126465,7.745518207550049,10.115242958068848,12.776047706604004,15.502422332763672
2.0511810779571533,0.5091995000839233,-0.8651810884475708,-0.7754493951797485,0.2684266269207001,0.9308896660804749,0.06515185534954071,-1.9654202461242676,-1.9400930404663086,-0.10544680058956146,0.08722706139087677,-0.35336175560951233,0.49135082960128784,2.380082130432129,3.06138014793396,3.461560010910034,4.858535289764404,6.810887336730957,6.901966571807861,5.41648006439209,4.2690749168396,3.9789505004882812,4.233592987060547,4.824536323547363,5.534710884094238,6.400668144226074,7.438857555389404,8.442811965942383,9.477367401123047,10.652050971984863,11.380112648010254,10.937958717346191,9.381170272827148,7.740238666534424,6.9343061447143555,6.777767658233643,6.4637603759765625,6.313866138458252,7.500682353973389,9.949941635131836,12.896937370300293,15.724679946899414,17.948015213012695
0.3627994656562805,-1.238808274269104,-1.8330739736557007,-0.8881614208221436,0.6949570775032043,1.6885201930999756,0.8836096525192261,-0.934215784072876,-0.3783210813999176,0.43716859817504883,0.013536732643842697,0.07061012834310532,0.7402342557907104,1.877096176147461,3.091771125793457,3.942420244216919,5.897228240966797,7.737337589263916,7.6658196449279785,6.4326300621032715,4.91703987121582,3.7936882972717285,3.5715320110321045,4.3391523361206055,5.771826267242432,7.271337032318115,8.110771179199219,8.32571792602539,8.693340301513672,9.486492156982422,10.127507209777832,10.217499732971191,9.36864185333252,8.00713062286377,7.311258316040039,7.541905403137207,7.8966546058654785,8.166062355041504,8.932709693908691,11.006704330444336,14.810297966003418,18.45798110961914,19.250049591064453
-0.9696694016456604,-2.713970422744751,-3.1103641986846924,-1.9501749277114868,-0.041595615446567535,1.5682519674301147,1.1306984424591064,0.07992323487997055,0.9483153223991394,1.4230005741119385,0.7355841398239136,0.40308231115341187,0.47412407398223877,1.1926908493041992,3.025146245956421,4.307361602783203,6.208095073699951,8.004070281982422,8.346672058105469,7.412083625793457,5.6599955558776855,3.946199655532837,3.132091522216797,3.58963680267334,5.034111499786377,6.746410369873047,7.6943039894104,7.685159206390381,7.914378643035889,8.383744239807129,8.51735782623291,8.507989883422852,8.59709644317627,8.331711769104004,8.284096717834473,8.944931030273438,9.266121864318848,9.024900436401367,9.532234191894531,11.809928894042969,16.52008628845215,20.09543228149414,19.669389724731445
-1.5134607553482056,-3.2949845790863037,-3.4690535068511963,-2.2356669902801514,-0.25704678893089294,1.5346466302871704,1.3434933423995972,0.7382147312164307,1.8165867328643799,2.0862655639648438,1.416640281677246,1.090192198753357,0.6862607002258301,1.0901490449905396,2.900040626525879,4.896716594696045,6.630176067352295,8.185870170593262,8.884542465209961,8.29271125793457,6.397759914398193,4.25998592376709,2.9025909900665283,2.7596523761749268,3.514963388442993,4.606278896331787,5.762082099914551,6.675550937652588,7.588140487670898,7.729854583740234,7.189382553100586,6.939062118530273,7.544796466827393,8.17808723449707,8.798096656799316,9.546796798706055,9.884427070617676,10.195472717285156,10.87723159790039,13.066672325134277,17.60413932800293,21.030534744262695,19.738420486450195
0.1516692340373993,-1.3658127784729004,-1.4568582773208618,-0.0686843991279602,1.4649755954742432,2.6391396522521973,2.324751377105713,1.3851834535598755,1.8081637620925903,2.0684876441955566,1.6838314533233643,1.320011854171753,0.9934068322181702,1.5031567811965942,3.0733916759490967,5.8011794090271,7.659996509552002,8.650525093078613,9.349631309509277,9.292651176452637,7.730754375457764,5.208707809448242,2.7688546180725098,1.2618438005447388,1.0192887783050537,1.7597122192382812,3.5120151042938232,5.9752197265625,7.757006645202637,7.7340850830078125,6.890773773193359,6.578610420227051,7.214651584625244,8.350813865661621,9.408655166625977,10.509124755859375,11.018842697143555,11.047237396240234,11.335514068603516,13.322294235229492,17.4268741607666,19.893028259277344,17.73448371887207
2.619544506072998,1.9669026136398315,2.0709519386291504,2.679072141647339,2.8846466541290283,3.4903340339660645,3.040408134460449,1.2295454740524292,0.5623927116394043,1.7282875776290894,1.874436616897583,1.2282871007919312,0.8934031128883362,1.4438444375991821,3.129613161087036,6.421987533569336,8.44952392578125,9.026406288146973,9.539470672607422,9.594292640686035,8.17755126953125,5.154346466064453,1.7195740938186646,-0.4910542666912079,-1.001700758934021,0.03200538828969002,2.591433525085449,5.985040664672852,8.283245086669922,8.72382640838623,8.1990385055542,7.931224822998047,8.242257118225098,9.053023338317871,10.080552101135254,10.729386329650879,10.71550178527832,10.698219299316406,11.234201431274414,13.22564697265625,16.377235412597656,16.95598030090332,14.585075378417969
2.3699758052825928,2.702411651611328,3.1980369091033936,2.979979991912842,2.57230544090271,3.3102149963378906,2.552053451538086,0.02551139146089554,-1.457855224609375,0.5842409133911133,2.3324410915374756,1.6284290552139282,1.245388150215149,1.5965782403945923,2.636099338531494,5.172350883483887,6.961331367492676,7.999179363250732,8.791373252868652,8.630413055419922,6.9036865234375,3.5390284061431885,-0.05915771797299385,-1.6863245964050293,-1.6557848453521729,-0.37983015179634094,2.5014095306396484,6.1447272300720215,8.671314239501953,9.690152168273926,9.560201644897461,9.378963470458984,9.275686264038086,9.337034225463867,10.01517105102539,10.657157897949219,10.700847625732422,10.343923568725586,10.52347469329834,12.412249565124512,14.691461563110352,14.180848121643066,12.000075340270996
-0.029889512807130814,0.5503528118133545,1.1604127883911133,1.206700325012207,1.7080923318862915,2.6448147296905518,1.4365761280059814,-1.1375113725662231,-2.482938528060913,-0.4673888385295868,2.2728958129882812,1.7181495428085327,1.4858510494232178,2.0069804191589355,1.7978547811508179,2.1917147636413574,3.8698995113372803,6.119632244110107,7.481533527374268,7.031496047973633,4.748709678649902,1.131676435470581,-1.7729897499084473,-2.453780174255371,-1.6115994453430176,0.1347191333770752,2.9648828506469727,6.143784046173096,8.47299575805664,9.447103500366211,9.232110977172852,9.263581275939941,10.168645858764648,10.340736389160156,10.641069412231445,10.90265941619873,10.486568450927734,9.478693962097168,9.144858360290527,10.978334426879883,12.902338981628418,12.154870986938477,9.825387001037598
-2.2176175117492676,-2.090373992919922,-1.3928141593933105,-0.5598965287208557,0.6304134726524353,1.3430469036102295,0.3213499188423157,-1.4743070602416992,-2.10162353515625,-0.5445559024810791,1.5600086450576782,1.345959186553955,1.2768020629882812,2.08585786819458,1.5012011528015137,0.381918728351593,1.6239780187606812,4.56605339050293,6.316752910614014,5.448286533355713,2.54984450340271,-1.0668615102767944,-2.9494409561157227,-2.6760549545288086,-1.3462129831314087,0.5389583706855774,3.0299525260925293,4.983077049255371,6.52377462387085,7.512970447540283,7.999890327453613,8.848250389099121,10.018674850463867,11.049850463867188,11.954333305358887,11.825913429260254,10.68442153930664,9.003260612487793,8.32678508758545,10.08645248413086,11.771195411682129,10.832786560058594,8.420628547668457
-3.287203311920166,-3.9097299575805664,-3.0494775772094727,-2.1593804359436035,-1.4294958114624023,-0.775536060333252,-0.7004382014274597,-1.1127560138702393,-0.9108993411064148,0.22237485647201538,1.0972992181777954,0.9651249647140503,1.075268268585205,1.8404080867767334,1.1993739604949951,-0.4994851350784302,-0.01820649765431881,2.800525188446045,5.139541149139404,3.9915895462036133,0.44030246138572693,-2.7320499420166016,-3.4661474227905273,-3.0229721069335938,-2.489546298980713,-1.6216832399368286,0.015240834094583988,1.6788338422775269,3.26509952545166,5.026087284088135,6.694201469421387,8.438835144042969,9.899778366088867,11.107332229614258,12.730894088745117,13.201882362365723,11.28767204284668,8.545985221862793,7.7009477615356445,9.575267791748047,11.237771034240723,10.202300071716309,7.818280220031738
