data/wind_data/wind_2025-02-21_08.json
{"header": {"parameterUnit": "KT", "parameterCategory": 2, "nx": 255, "ny": 198, "lo1": 44.73521041870117, "la1": -3.236724853515625, "lo2": 111.26478576660156, "la2": 43.468475341796875, "dx": 0.26192745566368103, "dy": -0.23708222806453705, "refTime": "2025-02-21 08:00:00", "forecastTime": 0, "parameterNumber": 3, "parameterNumberName": "northward_wind"}, "data":
[rows 171 to 189 of 198, columns 172 to 214 of 255]
-11.660319328308105,-11.360403060913086,-6.19452428817749,-1.0722472667694092,-4.356764316558838,-6.187821388244629,-5.597822189331055,-4.113080024719238,-4.80385160446167,-8.886749267578125,-11.589066505432129,-11.829358100891113,-11.277751922607422,-10.1602144241333,-10.67121696472168,-9.50991153717041,-9.969717979431152,-13.141862869262695,-13.952075958251953,-11.907641410827637,-9.813543319702148,-6.307266712188721,-4.879083633422852,-4.33720064163208,-3.8907651901245117,-4.161721229553223,-5.521967887878418,-5.177623748779297,-6.168081283569336,-4.319243907928467,-2.1001391410827637,-0.6282480359077454,0.5061949491500854,-0.9378858804702759,-2.8250982761383057,-4.064072132110596,-5.679305553436279,-7.604976177215576,-6.48748779296875,-8.628259658813477,-7.747622966766357,-6.140275955200195,-5.7045087814331055
-13.119647979736328,-14.033358573913574,-11.214825630187988,-4.942683219909668,-4.70786190032959,-6.333230018615723,-6.428468227386475,-3.7379634380340576,-6.374447822570801,-13.426036834716797,-16.41984748840332,-16.108474731445312,-14.665432929992676,-10.227965354919434,-8.179237365722656,-8.854246139526367,-10.730328559875488,-12.751006126403809,-12.11428165435791,-9.682840347290039,-7.7046122550964355,-5.1657328605651855,-4.143941879272461,-4.177115440368652,-4.267827033996582,-4.057367324829102,-5.56255578994751,-6.067398548126221,-6.283044338226318,-5.616585731506348,-4.1420488357543945,-2.7843589782714844,-3.4523401260375977,-4.874291896820068,-5.998509883880615,-5.158938884735107,-7.113397598266602,-5.4684576988220215,-6.255191326141357,-7.694826126098633,-5.961493492126465,-5.721839427947998,-3.7979023456573486
-11.949708938598633,-13.915257453918457,-13.5293550491333,-9.448952674865723,-7.745550632476807,-11.241676330566406,-12.807771682739258,-10.338683128356934,-12.564709663391113,-17.909957885742188,-19.750944137573242,-19.817224502563477,-18.722721099853516,-13.190786361694336,-3.606389045715332,-4.844589710235596,-9.908035278320312,-11.741354942321777,-10.00232982635498,-7.728132247924805,-5.939435005187988,-3.604100465774536,-3.164083480834961,-4.158956050872803,-3.9491164684295654,-3.4525375366210938,-2.956597089767456,-3.0548095703125,-2.976900577545166,-3.818870782852173,-4.952320098876953,-5.534188270568848,-7.3762898445129395,-7.642396450042725,-5.774252891540527,-6.167522430419922,-6.449709892272949,-4.943944931030273,-5.549346446990967,-6.768653392791748,-5.415968894958496,-2.732340097427368,-3.081508159637451
-7.417292594909668,-9.0438232421875,-9.881295204162598,-9.344498634338379,-9.221733093261719,-11.129549980163574,-12.924311637878418,-12.975560188293457,-13.012885093688965,-14.81709098815918,-16.528663635253906,-18.3919734954834,-19.6920223236084,-17.770648956298828,-7.061114311218262,-2.428065061569214,-12.831947326660156,-15.11291790008545,-13.172953605651855,-10.678224563598633,-9.44218635559082,-6.446801662445068,-5.276581764221191,-4.872459888458252,-3.4707722663879395,-2.383641242980957,0.10204464942216873,2.29412579536438,-0.49117061495780945,-3.9127135276794434,-5.004367828369141,-6.432165622711182,-7.307901859283447,-7.297373294830322,-6.780057907104492,-7.11043643951416,-4.108847141265869,-5.449285507202148,-5.7554097175598145,-6.555150032043457,-4.501262187957764,-1.2109436988830566,-3.2383334636688232
-6.338371753692627,-7.065768718719482,-6.858137130737305,-5.912440299987793,-5.7339863777160645,-5.898879528045654,-6.507275104522705,-6.6505208015441895,-7.056605815887451,-8.716160774230957,-10.10606861114502,-11.669188499450684,-13.024247169494629,-13.424412727355957,-11.9871826171875,-8.185205459594727,-15.652702331542969,-18.03269386291504,-16.026933670043945,-12.880234718322754,-11.364872932434082,-8.447396278381348,-7.715140342712402,-5.280080795288086,-3.9676241874694824,-3.1534292697906494,-0.3430196940898895,-0.4031811058521271,-3.2092504501342773,-4.550074577331543,-4.630687713623047,-7.4899582862854,-7.500673294067383,-6.737398147583008,-6.333044528961182,-5.153448581695557,-3.051927328109741,-4.711008548736572,-5.1565842628479,-6.459419250488281,-5.989797592163086,-4.601198673248291,-2.1880571842193604
-7.969872951507568,-8.374982833862305,-6.899054527282715,-5.4664483070373535,-4.94127082824707,-4.79702615737915,-4.9053263664245605,-4.794684886932373,-5.692380428314209,-6.88948392868042,-7.102635383605957,-6.989861011505127,-6.809596061706543,-6.354312896728516,-6.9108428955078125,-8.850007057189941,-11.487384796142578,-12.47898006439209,-12.078180313110352,-9.709650993347168,-8.228087425231934,-6.518490791320801,-6.5601654052734375,-7.004915714263916,-5.338068962097168,-3.8253185749053955,-2.9103405475616455,-6.1369709968566895,-5.436126232147217,-2.881798028945923,-5.525164604187012,-7.333380699157715,-4.780832767486572,-3.946049928665161,-2.6433565616607666,-0.14782389998435974,-1.6532766819000244,-3.6428768634796143,-4.487311363220215,-5.762770175933838,-6.994189262390137,-4.850732326507568,-2.4718306064605713
-7.163473129272461,-7.5660014152526855,-7.171576023101807,-6.91459846496582,-6.762465476989746,-6.408398628234863,-6.172509670257568,-6.048995018005371,-6.375083923339844,-6.9271392822265625,-7.278918743133545,-6.679272651672363,-6.19088888168335,-5.99965238571167,-5.09326696395874,-5.586736679077148,-6.746698379516602,-6.489081859588623,-7.058838367462158,-6.856184005737305,-7.323221683502197,-5.887458801269531,-5.264056205749512,-8.064162254333496,-6.779189109802246,-5.068863391876221,-5.974811553955078,-6.63649320602417,-4.255283355712891,-2.5647032260894775,-4.552114009857178,-2.980860948562622,-0.5922826528549194,-0.3839103877544403,-1.83842933177948,-0.8345464468002319,-1.6444894075393677,-4.425121784210205,-5.965072154998779,-6.315120697021484,-6.227472305297852,-4.24454927444458,-2.1869006156921387
-7.294051170349121,-6.61521053314209,-6.586243152618408,-6.968949317932129,-7.1257734298706055,-7.12943696975708,-6.860532283782959,-6.448355197906494,-6.234820365905762,-6.438271522521973,-6.618582248687744,-6.302724838256836,-6.160221099853516,-6.250694751739502,-5.7597856521606445,-4.468801498413086,-4.05223274230957,-4.2194695472717285,-4.882173538208008,-5.064955711364746,-5.8011298179626465,-5.747821807861328,-6.252554416656494,-8.450610160827637,-7.235495567321777,-5.914303302764893,-4.9610700607299805,-5.2002482414245605,-2.992938280105591,-1.6040620803833008,-0.46336349844932556,0.36971062421798706,0.0022264441940933466,-0.22657346725463867,-2.648348093032837,-5.801032543182373,-6.007087707519531,-6.039780139923096,-6.223953723907471,-6.166989803314209,-5.456117153167725,-4.15572452545166,-2.7543156147003174
-8.774285316467285,-8.052704811096191,-7.116768836975098,-7.193070888519287,-6.595425128936768,-5.977440357208252,-5.585443019866943,-5.592642307281494,-5.041234016418457,-4.924688339233398,-4.7509379386901855,-4.769593715667725,-4.944937705993652,-4.563394546508789,-3.7181646823883057,-2.7126286029815674,-3.1650803089141846,-4.132015705108643,-5.196558475494385,-4.7902069091796875,-5.107741832733154,-5.605135917663574,-5.907465934753418,-6.2202630043029785,-3.4719741344451904,-1.5640718936920166,-0.7535988688468933,-2.779176712036133,-2.421029567718506,-0.3257768452167511,1.133461833000183,1.444989562034607,0.5097948908805847,-1.809446930885315,-4.812551498413086,-7.31505823135376,-8.993012428283691,-8.760565757751465,-7.5321364402771,-6.030589580535889,-4.895156383514404,-3.7540695667266846,-2.8401176929473877
-8.842391967773438,-9.63878345489502,-9.128610610961914,-9.018693923950195,-8.144628524780273,-6.489105224609375,-3.8779492378234863,-2.5686073303222656,-2.5525431632995605,-3.1698501110076904,-3.565636157989502,-3.7238636016845703,-3.58835506439209,-2.8417694568634033,-2.4662132263183594,-2.872025728225708,-3.847109794616699,-4.622013092041016,-5.535698413848877,-4.5977277755737305,-4.485818386077881,-4.414957523345947,-4.283762454986572,-3.5749025344848633,-0.8989484906196594,1.3000236749649048,1.4420559406280518,0.2592790722846985,-0.4186702072620392,-0.22491857409477234,0.5443936586380005,1.0397676229476929,0.2876182198524475,-1.8480087518692017,-4.804379940032959,-7.065479755401611,-10.090670585632324,-10.551200866699219,-9.849202156066895,-8.323877334594727,-7.115362167358398,-6.225160598754883,-5.265839099884033
-8.215174674987793,-9.408089637756348,-10.315863609313965,-10.421570777893066,-10.026962280273438,-8.89647102355957,-6.02018404006958,-2.0456008911132812,-1.087705373764038,-2.0862998962402344,-2.974280834197998,-3.692612648010254,-3.6267201900482178,-2.5096583366394043,-1.3872442245483398,-1.9427999258041382,-3.005499839782715,-4.001300811767578,-4.102425575256348,-3.7444043159484863,-2.901419162750244,-2.2716217041015625,-2.008817434310913,-1.5867516994476318,0.052167858928442,1.698577880859375,2.342306613922119,1.9355515241622925,1.1557422876358032,1.126450777053833,1.3379451036453247,1.1942764520645142,0.18792562186717987,-1.746658205986023,-4.336939811706543,-6.756868362426758,-9.245718955993652,-10.067394256591797,-9.90926456451416,-8.996880531311035,-8.23492431640625,-7.438404083251953,-6.458747386932373
-8.762657165527344,-9.464593887329102,-10.750795364379883,-10.912694931030273,-10.82178020477295,-10.460253715515137,-9.40029239654541,-6.3051066398620605,-3.56168270111084,-2.4948456287384033,-2.6624996662139893,-3.3259341716766357,-3.331322431564331,-2.4277336597442627,-0.9770898818969727,-0.8185163736343384,-1.1212921142578125,-1.3698723316192627,-1.8558802604675293,-2.182687997817993,-1.9912068843841553,-1.037684679031372,0.03225891292095184,0.6993359327316284,0.973281741142273,1.0011488199234009,1.1373292207717896,0.8808852434158325,0.08517612516880035,-0.17081870138645172,0.15604743361473083,0.12015273422002792,-0.8096375465393066,-1.8233108520507812,-3.385009288787842,-5.114692687988281,-7.387085914611816,-8.518274307250977,-8.647706985473633,-8.205617904663086,-7.687702655792236,-6.584498882293701,-5.805523872375488
-9.28112506866455,-10.150078773498535,-11.025723457336426,-11.488478660583496,-11.493138313293457,-11.013422012329102,-10.220908164978027,-9.17799186706543,-7.221324443817139,-5.460002899169922,-5.059842109680176,-5.153730869293213,-4.928934574127197,-4.337329387664795,-2.8572466373443604,-0.8189321160316467,1.0446375608444214,1.911699891090393,1.0894032716751099,0.32626816630363464,0.1037641242146492,0.08608533442020416,0.42440786957740784,0.633277952671051,0.21926963329315186,-0.817467212677002,-1.906833291053772,-3.109346866607666,-4.548142433166504,-5.487428665161133,-5.1573004722595215,-4.4070940017700195,-4.317060470581055,-3.7121663093566895,-3.10233736038208,-3.7111494541168213,-5.29396390914917,-6.765408039093018,-7.234615802764893,-7.017665386199951,-6.984435081481934,-6.622287750244141,-6.061077117919922
-9.878291130065918,-10.617610931396484,-10.937797546386719,-11.418889045715332,-11.797800064086914,-11.73509693145752,-11.07024097442627,-10.179913520812988,-9.33114242553711,-8.940988540649414,-8.575091361999512,-8.254189491271973,-8.213135719299316,-8.33946418762207,-7.290703296661377,-3.473781108856201,1.0182744264602661,3.610447406768799,3.502743721008301,2.8438336849212646,2.1222405433654785,1.5628058910369873,1.0503722429275513,0.4248755872249603,-0.4075931906700134,-1.6903752088546753,-3.17325758934021,-4.537506580352783,-5.59795618057251,-6.567119121551514,-6.869332790374756,-5.961906433105469,-4.813200950622559,-3.3269479274749756,-1.962400197982788,-2.219594955444336,-3.5318379402160645,-5.306798934936523,-6.031652450561523,-5.4708099365234375,-5.825053691864014,-6.347594738006592,-5.668437480926514
-10.697154998779297,-10.628989219665527,-10.70115852355957,-10.956236839294434,-11.493767738342285,-11.868303298950195,-11.94286060333252,-11.748312950134277,-11.385212898254395,-11.09992504119873,-10.376469612121582,-9.51595687866211,-8.80758285522461,-8.521306991577148,-8.347365379333496,-5.195511341094971,-0.18183906376361847,2.589193820953369,4.0270609855651855,4.555856704711914,4.273137092590332,3.6916568279266357,2.710641384124756,1.3524434566497803,0.0007630945765413344,-1.1288245916366577,-1.9738271236419678,-2.689500093460083,-3.7559025287628174,-4.82501745223999,-5.753353595733643,-6.075123310089111,-5.821136474609375,-4.930967807769775,-3.1483001708984375,-2.631464958190918,-3.383338451385498,-4.722415447235107,-5.362189292907715,-4.511061668395996,-4.469662666320801,-5.520511150360107,-5.451658248901367
-10.353179931640625,-9.84756851196289,-9.739550590515137,-10.407244682312012,-11.448372840881348,-12.116674423217773,-12.538219451904297,-12.96403980255127,-13.147165298461914,-12.865013122558594,-12.196044921875,-11.229106903076172,-9.94390869140625,-8.93918228149414,-9.016508102416992,-7.753643989562988,-3.4827542304992676,0.05408056825399399,2.590585947036743,4.252323150634766,4.862489700317383,4.697349548339844,3.920219659805298,2.628948926925659,1.424739122390747,0.7825746536254883,0.5777936577796936,0.1183730736374855,-1.3363687992095947,-2.843564987182617,-3.898094654083252,-4.624279499053955,-5.391210079193115,-5.866876602172852,-4.856504440307617,-4.002319812774658,-4.0074687004089355,-4.277245044708252,-4.070188999176025,-3.4948630332946777,-3.7572131156921387,-4.496407508850098,-4.576480865478516
-8.696836471557617,-8.629069328308105,-8.504687309265137,-9.437381744384766,-10.979735374450684,-12.041328430175781,-12.74336051940918,-13.433693885803223,-13.952260971069336,-13.885376930236816,-13.54470157623291,-13.282269477844238,-12.743003845214844,-11.755989074707031,-11.508703231811523,-11.713279724121094,-9.292322158813477,-5.650079727172852,-0.5883256793022156,1.5994864702224731,2.799077033996582,3.325173854827881,3.167332172393799,2.748911142349243,2.2656757831573486,2.0299670696258545,1.9299585819244385,1.4440162181854248,1.1847972869873047,0.6605807542800903,0.5799933671951294,0.270805686712265,-0.9819608330726624,-2.7256531715393066,-3.0865395069122314,-3.059572458267212,-2.4593029022216797,-2.17513108253479,-2.1482391357421875,-2.2084267139434814,-2.715824842453003,-3.1196722984313965,-3.2554004192352295
-7.198199272155762,-7.624843120574951,-7.598808288574219,-7.904689788818359,-9.152426719665527,-10.362896919250488,-11.16048526763916,-11.847662925720215,-12.5535249710083,-12.861947059631348,-12.96682071685791,-13.17176628112793,-13.287522315979004,-12.534100532531738,-11.007254600524902,-11.361312866210938,-11.413440704345703,-11.34447956085205,-6.140082836151123,-1.1570110321044922,1.6837319135665894,3.396460771560669,2.8075830936431885,2.8495607376098633,2.8227274417877197,2.3840839862823486,1.9097826480865479,1.5745359659194946,2.185279607772827,2.7780215740203857,2.8151144981384277,1.7111568450927734,0.050476524978876114,-1.332045555114746,-1.7749346494674683,-2.1050970554351807,-2.1076371669769287,-2.0636491775512695,-1.9969332218170166,-1.6493101119995117,-1.5769414901733398,-1.262208342552185,-1.197109341621399
-5.767613887786865,-6.279258728027344,-6.395773410797119,-6.310922145843506,-6.9381103515625,-7.950165271759033,-8.908524513244629,-9.529439926147461,-9.832075119018555,-10.093450546264648,-10.432199478149414,-10.704286575317383,-10.944811820983887,-11.242327690124512,-9.453990936279297,-8.13167667388916,-9.429448127746582,-11.268009185791016,-10.253043174743652,-5.892449378967285,-0.9905990362167358,2.8139419555664062,3.561554431915283,4.189684867858887,4.280883312225342,4.184997081756592,3.403808116912842,3.067718982696533,2.777005434036255,2.6657214164733887,2.1689579486846924,1.3447902202606201,0.7639989852905273,0.6344122886657715,0.05492473766207695,-0.19617323577404022,-0.8929728865623474,-1.2724233865737915,-1.1991089582443237,-0.35181039571762085,0.25529301166534424,0.7320978045463562,1.1798573732376099
