data/wind_data/wind_5_3.json
{"header": {"parameterUnit": "KT", "parameterCategory": 2, "nx": 256, "ny": 198, "lo1": 44.73521041870117, "la1": -3.236724853515625, "lo2": 111.26478576660156, "la2": 43.468475341796875, "dx": 0.2609002888202667, "dy": -0.23708222806453705, "refTime": "2025-02-19 05:00:00", "forecastTime": 0, "parameterNumber": 2, "parameterNumberName": "eastward_wind"}, "data":
[rows 57 to 75 of 198, columns 44 to 87 of 256]
-18.3290958404541,-18.46921157836914,-18.323486328125,-18.007240295410156,-17.740713119506836,-17.539653778076172,-17.473844528198242,-17.456214904785156,-17.253416061401367,-16.82906150817871,-16.483631134033203,-16.51062774658203,-16.746746063232422,-16.87824821472168,-16.9494686126709,-17.159507751464844,-17.457090377807617,-17.560577392578125,-17.2914981842041,-16.883127212524414,-16.646699905395508,-16.632034301757812,-16.86885643005371,-17.16185760498047,-17.284549713134766,-17.26311683654785,-17.27290916442871,-17.47307586669922,-17.68621253967285,-17.72150993347168,-17.551677703857422,-17.235074996948242,-17.037782669067383,-17.293500900268555,-17.79125213623047,-18.123741149902344,-18.332319259643555,-18.50545310974121,-18.461023330688477,-18.051258087158203,-17.478334426879883,-16.986391067504883,-16.52798843383789,-16.226001739501953
-17.68331527709961,-17.68790054321289,-17.583513259887695,-17.354694366455078,-17.094045639038086,-16.80019187927246,-16.54848289489746,-16.39748764038086,-16.27059555053711,-16.067407608032227,-15.864225387573242,-15.925968170166016,-16.253915786743164,-16.540363311767578,-16.602867126464844,-16.55150032043457,-16.557897567749023,-16.51003074645996,-16.331283569335938,-16.082988739013672,-15.961164474487305,-16.028053283691406,-16.26049041748047,-16.557371139526367,-16.725811004638672,-16.685693740844727,-16.57271385192871,-16.609643936157227,-16.805810928344727,-16.929441452026367,-16.941843032836914,-16.793472290039062,-16.652362823486328,-16.921245574951172,-17.506393432617188,-18.006235122680664,-18.332496643066406,-18.45749855041504,-18.262409210205078,-17.66919708251953,-16.86452865600586,-16.28277015686035,-16.070331573486328,-16.182559967041016
-16.677244186401367,-16.723663330078125,-16.66661834716797,-16.375852584838867,-16.075254440307617,-15.930691719055176,-15.89567756652832,-15.801543235778809,-15.599254608154297,-15.408169746398926,-15.331852912902832,-15.433107376098633,-15.67530632019043,-15.913808822631836,-16.021072387695312,-15.976665496826172,-15.791349411010742,-15.438729286193848,-15.074858665466309,-14.872481346130371,-14.923022270202637,-15.140349388122559,-15.412220001220703,-15.741759300231934,-16.01177215576172,-16.048307418823242,-15.879762649536133,-15.795303344726562,-15.924911499023438,-16.036781311035156,-16.06388282775879,-16.076492309570312,-16.119203567504883,-16.37786102294922,-16.906339645385742,-17.520923614501953,-18.02240753173828,-18.206146240234375,-17.96742820739746,-17.350175857543945,-16.560182571411133,-15.995261192321777,-15.891066551208496,-16.131702423095703
-15.665987014770508,-15.478569030761719,-15.368075370788574,-15.203645706176758,-14.980814933776855,-14.872004508972168,-14.991787910461426,-15.113324165344238,-15.046093940734863,-14.974006652832031,-15.054722785949707,-15.163324356079102,-15.17794418334961,-15.153743743896484,-15.120401382446289,-15.114163398742676,-15.058782577514648,-14.739442825317383,-14.268146514892578,-13.940733909606934,-13.890257835388184,-14.053825378417969,-14.330995559692383,-14.711878776550293,-15.068131446838379,-15.213957786560059,-15.074443817138672,-14.878422737121582,-14.905492782592773,-15.01691722869873,-15.091925621032715,-15.173306465148926,-15.285957336425781,-15.56615161895752,-16.09966278076172,-16.779052734375,-17.35926628112793,-17.617944717407227,-17.421802520751953,-16.829214096069336,-16.155588150024414,-15.762742042541504,-15.733769416809082,-15.893209457397461
-14.7600679397583,-14.417561531066895,-14.09416675567627,-13.949371337890625,-13.927399635314941,-13.910683631896973,-14.017425537109375,-14.228075981140137,-14.394184112548828,-14.52955150604248,-14.7024564743042,-14.8899507522583,-14.885242462158203,-14.646079063415527,-14.384954452514648,-14.28512191772461,-14.272713661193848,-14.072848320007324,-13.676019668579102,-13.352490425109863,-13.205944061279297,-13.242266654968262,-13.48581314086914,-13.781927108764648,-13.910172462463379,-13.981962203979492,-13.998597145080566,-13.888636589050293,-13.903463363647461,-14.028654098510742,-14.079590797424316,-14.13443660736084,-14.340730667114258,-14.78420352935791,-15.391752243041992,-15.970351219177246,-16.40677833557129,-16.707883834838867,-16.770002365112305,-16.417156219482422,-15.768885612487793,-15.26921558380127,-15.188700675964355,-15.304960250854492
-13.87060260772705,-13.646544456481934,-13.21473503112793,-12.970224380493164,-12.962087631225586,-13.040423393249512,-13.21115779876709,-13.44924545288086,-13.681912422180176,-13.901802062988281,-14.136638641357422,-14.380005836486816,-14.445291519165039,-14.175074577331543,-13.86658763885498,-13.733885765075684,-13.615797996520996,-13.366281509399414,-13.06428050994873,-12.87075138092041,-12.757328033447266,-12.682700157165527,-12.802167892456055,-13.00648307800293,-12.969707489013672,-12.978166580200195,-13.154068946838379,-13.23031997680664,-13.256200790405273,-13.29697322845459,-13.258122444152832,-13.277307510375977,-13.56006908416748,-14.130647659301758,-14.756919860839844,-15.157674789428711,-15.34061336517334,-15.538410186767578,-15.755742073059082,-15.73778247833252,-15.351214408874512,-14.817023277282715,-14.492069244384766,-14.4268217086792
-12.9663667678833,-12.891547203063965,-12.539872169494629,-12.320135116577148,-12.302578926086426,-12.346902847290039,-12.48029613494873,-12.730262756347656,-12.989038467407227,-13.191287994384766,-13.361163139343262,-13.47836685180664,-13.50899600982666,-13.384988784790039,-13.288515090942383,-13.271748542785645,-13.09662914276123,-12.75818157196045,-12.499725341796875,-12.34763240814209,-12.188209533691406,-12.07786750793457,-12.198478698730469,-12.410139083862305,-12.445892333984375,-12.452127456665039,-12.545018196105957,-12.643921852111816,-12.703338623046875,-12.706011772155762,-12.678095817565918,-12.733932495117188,-12.993833541870117,-13.42428970336914,-13.904007911682129,-14.290143966674805,-14.478985786437988,-14.562602043151855,-14.643136024475098,-14.698575019836426,-14.618029594421387,-14.289628982543945,-13.823486328125,-13.500144004821777
-11.997321128845215,-11.990998268127441,-11.773632049560547,-11.658561706542969,-11.75439739227295,-11.840692520141602,-11.881282806396484,-12.085862159729004,-12.34751033782959,-12.49758243560791,-12.566852569580078,-12.541595458984375,-12.46931266784668,-12.38701343536377,-12.405142784118652,-12.50401496887207,-12.458868026733398,-12.189641952514648,-11.931595802307129,-11.753044128417969,-11.495254516601562,-11.364384651184082,-11.599596977233887,-11.939237594604492,-12.11010456085205,-12.127615928649902,-12.069059371948242,-12.073756217956543,-12.135039329528809,-12.128996849060059,-12.13525676727295,-12.234755516052246,-12.412999153137207,-12.660994529724121,-12.983271598815918,-13.366081237792969,-13.671590805053711,-13.824930191040039,-13.838576316833496,-13.760725021362305,-13.662010192871094,-13.48476791381836,-13.153627395629883,-12.773330688476562
-10.977669715881348,-10.99156665802002,-10.912873268127441,-10.896981239318848,-11.133928298950195,-11.378863334655762,-11.450895309448242,-11.533468246459961,-11.676536560058594,-11.746113777160645,-11.7787446975708,-11.775286674499512,-11.675817489624023,-11.481677055358887,-11.431938171386719,-11.522894859313965,-11.527576446533203,-11.318802833557129,-11.080193519592285,-10.921442031860352,-10.717455863952637,-10.679099082946777,-10.982942581176758,-11.351273536682129,-11.617252349853516,-11.739404678344727,-11.708551406860352,-11.618904113769531,-11.550921440124512,-11.512979507446289,-11.545337677001953,-11.642467498779297,-11.772903442382812,-11.978689193725586,-12.233906745910645,-12.498806953430176,-12.790871620178223,-13.03785228729248,-13.114514350891113,-12.998162269592285,-12.735393524169922,-12.473186492919922,-12.325540542602539,-12.179450988769531
-10.210497856140137,-10.23670768737793,-10.174821853637695,-10.210289001464844,-10.560480117797852,-10.965385437011719,-11.157699584960938,-11.125870704650879,-11.02401065826416,-10.990103721618652,-10.99042797088623,-10.949987411499023,-10.794291496276855,-10.532305717468262,-10.438470840454102,-10.540412902832031,-10.54697036743164,-10.319852828979492,-10.091655731201172,-9.975422859191895,-9.881251335144043,-9.960525512695312,-10.30459213256836,-10.660036087036133,-10.94349193572998,-11.127134323120117,-11.150534629821777,-11.064899444580078,-10.944070816040039,-10.856754302978516,-10.882015228271484,-10.972341537475586,-11.094195365905762,-11.365116119384766,-11.67446231842041,-11.832183837890625,-11.957987785339355,-12.176131248474121,-12.334919929504395,-12.251180648803711,-11.918313026428223,-11.563148498535156,-11.425066947937012,-11.396255493164062
-9.489485740661621,-9.675277709960938,-9.782662391662598,-9.858586311340332,-10.139398574829102,-10.467019081115723,-10.664618492126465,-10.662784576416016,-10.471343994140625,-10.303744316101074,-10.190008163452148,-10.000518798828125,-9.745604515075684,-9.569229125976562,-9.555383682250977,-9.589219093322754,-9.549943923950195,-9.406434059143066,-9.26634693145752,-9.239273071289062,-9.280378341674805,-9.357894897460938,-9.57901668548584,-9.932092666625977,-10.261320114135742,-10.41689682006836,-10.405123710632324,-10.333455085754395,-10.242472648620605,-10.127374649047852,-10.04444694519043,-10.064336776733398,-10.216299057006836,-10.546525001525879,-10.929375648498535,-11.184772491455078,-11.299038887023926,-11.367494583129883,-11.440373420715332,-11.412666320800781,-11.21467399597168,-10.968931198120117,-10.789361000061035,-10.620962142944336
-8.677642822265625,-8.940614700317383,-9.276000022888184,-9.534022331237793,-9.776123046875,-9.959131240844727,-9.987960815429688,-9.961319923400879,-9.873189926147461,-9.664109230041504,-9.37536334991455,-9.0349760055542,-8.748299598693848,-8.691506385803223,-8.760339736938477,-8.71485710144043,-8.523778915405273,-8.401318550109863,-8.391108512878418,-8.449612617492676,-8.59972095489502,-8.805182456970215,-9.05520248413086,-9.351319313049316,-9.616744995117188,-9.79542350769043,-9.87318229675293,-9.791533470153809,-9.588146209716797,-9.391942024230957,-9.24587631225586,-9.165265083312988,-9.2031831741333,-9.427629470825195,-9.760431289672852,-10.108613967895508,-10.413151741027832,-10.631843566894531,-10.667433738708496,-10.50003719329834,-10.253561019897461,-10.090414047241211,-10.006792068481445,-9.855108261108398
-8.005602836608887,-8.237861633300781,-8.522286415100098,-8.75571346282959,-8.977801322937012,-9.227865219116211,-9.363706588745117,-9.32665729522705,-9.190703392028809,-8.968814849853516,-8.603631973266602,-8.182905197143555,-7.8927764892578125,-7.829711437225342,-7.880374431610107,-7.864460468292236,-7.679412841796875,-7.455425262451172,-7.3774285316467285,-7.483296871185303,-7.719870090484619,-8.043320655822754,-8.454230308532715,-8.808124542236328,-8.999287605285645,-9.158164978027344,-9.346748352050781,-9.366347312927246,-9.090603828430176,-8.692839622497559,-8.374340057373047,-8.217860221862793,-8.263710975646973,-8.44025707244873,-8.614439010620117,-8.797769546508789,-9.075939178466797,-9.415544509887695,-9.64560604095459,-9.62911319732666,-9.346569061279297,-9.012857437133789,-8.823265075683594,-8.726099967956543
-7.108096122741699,-7.401272773742676,-7.744241714477539,-8.017556190490723,-8.180192947387695,-8.355012893676758,-8.608565330505371,-8.755796432495117,-8.572898864746094,-8.174278259277344,-7.766183376312256,-7.359156131744385,-7.028807163238525,-6.919458866119385,-6.965309143066406,-7.0173797607421875,-6.95097017288208,-6.6951823234558105,-6.430621147155762,-6.458309173583984,-6.749859809875488,-7.126029968261719,-7.564065933227539,-7.965520858764648,-8.210999488830566,-8.42829704284668,-8.656899452209473,-8.66440200805664,-8.360787391662598,-7.964542388916016,-7.671655654907227,-7.493309497833252,-7.472494602203369,-7.564218044281006,-7.6016387939453125,-7.581720352172852,-7.71533727645874,-8.02945613861084,-8.2937593460083,-8.413069725036621,-8.33516788482666,-8.000570297241211,-7.568554878234863,-7.309792995452881
-6.038229942321777,-6.3920183181762695,-6.866916656494141,-7.276095867156982,-7.474130630493164,-7.551638603210449,-7.763516426086426,-8.017428398132324,-7.943367958068848,-7.400594234466553,-6.862523078918457,-6.6039018630981445,-6.399304389953613,-6.161387920379639,-6.00540828704834,-5.984955787658691,-6.012277126312256,-5.89564847946167,-5.691248416900635,-5.678842544555664,-5.8698835372924805,-6.185920238494873,-6.558873176574707,-6.845738410949707,-7.07381010055542,-7.35929536819458,-7.614397048950195,-7.631848335266113,-7.357590198516846,-7.0447258949279785,-6.942767143249512,-6.949769020080566,-6.915987491607666,-6.875123977661133,-6.808444976806641,-6.662435054779053,-6.603512287139893,-6.784053325653076,-7.0583977699279785,-7.185986042022705,-7.137709617614746,-6.868577480316162,-6.410867214202881,-6.054731845855713
-5.186186790466309,-5.564756870269775,-5.959179878234863,-6.231225967407227,-6.398360729217529,-6.554602146148682,-6.798589706420898,-7.027801513671875,-7.028226852416992,-6.67556619644165,-6.183696746826172,-5.9159698486328125,-5.834465026855469,-5.66871976852417,-5.353712558746338,-5.031927585601807,-4.870604515075684,-4.8629302978515625,-4.930979251861572,-5.066954135894775,-5.215960502624512,-5.387189865112305,-5.576464653015137,-5.673550128936768,-5.764253616333008,-6.021805763244629,-6.34190559387207,-6.457702159881592,-6.291694641113281,-6.036140441894531,-5.952266216278076,-6.080726146697998,-6.175103664398193,-6.085992336273193,-5.912245273590088,-5.772116184234619,-5.718692779541016,-5.740262508392334,-5.844391345977783,-5.966410160064697,-5.9880876541137695,-5.808448314666748,-5.467015743255615,-5.18275260925293
-4.54513692855835,-4.853890895843506,-5.104565143585205,-5.190645217895508,-5.2615437507629395,-5.486997127532959,-5.7832865715026855,-5.969991683959961,-5.942200183868408,-5.7890214920043945,-5.62581729888916,-5.446298599243164,-5.256583213806152,-5.078269958496094,-4.8479790687561035,-4.525791168212891,-4.220732688903809,-4.1076788902282715,-4.21464729309082,-4.383301734924316,-4.502316474914551,-4.588780879974365,-4.595491886138916,-4.524462699890137,-4.529082298278809,-4.720590114593506,-5.019439697265625,-5.208353042602539,-5.188483238220215,-5.030425071716309,-4.8966288566589355,-4.941566467285156,-5.075254917144775,-5.050866603851318,-4.859808444976807,-4.6882429122924805,-4.708208084106445,-4.802290916442871,-4.826747417449951,-4.832229137420654,-4.8950018882751465,-4.962743759155273,-4.943842887878418,-4.7741923332214355
-3.898009777069092,-4.058600425720215,-4.174182415008545,-4.222896099090576,-4.340133190155029,-4.599217891693115,-4.946845054626465,-5.184392929077148,-5.144583702087402,-4.993330001831055,-4.914963245391846,-4.805761337280273,-4.592282295227051,-4.3684163093566895,-4.185533046722412,-3.9870877265930176,-3.7976207733154297,-3.7387077808380127,-3.786261558532715,-3.8159427642822266,-3.761751174926758,-3.742326498031616,-3.752915620803833,-3.6910037994384766,-3.599452257156372,-3.5924885272979736,-3.7083659172058105,-3.850433826446533,-3.9526448249816895,-3.9805591106414795,-3.9411091804504395,-3.9258015155792236,-3.96998929977417,-3.9748363494873047,-3.861203670501709,-3.7193472385406494,-3.7136998176574707,-3.8288633823394775,-3.9511501789093018,-4.014669895172119,-4.065917491912842,-4.2156853675842285,-4.437169075012207,-4.4412970542907715
-3.0925168991088867,-3.2069647312164307,-3.2886712551116943,-3.4010205268859863,-3.568952798843384,-3.846464157104492,-4.177777290344238,-4.419806957244873,-4.49304723739624,-4.433117866516113,-4.306408882141113,-4.113501071929932,-3.9394772052764893,-3.762469530105591,-3.5185933113098145,-3.2941694259643555,-3.1851632595062256,-3.1977450847625732,-3.2449352741241455,-3.2117185592651367,-3.0730464458465576,-2.9268882274627686,-2.88974666595459,-2.8990120887756348,-2.869951009750366,-2.8177452087402344,-2.7674720287323,-2.7762997150421143,-2.859929084777832,-2.977264881134033,-3.04193377494812,-2.974299669265747,-2.9390721321105957,-3.053107738494873,-3.1459362506866455,-3.116816282272339,-3.0540292263031006,-3.07383394241333,-3.1955246925354004,-3.3828654289245605,-3.505850315093994,-3.5836570262908936,-3.712435722351074,-3.738848924636841
