data/wind_data/wind_Surface_55.json
{"header": {"parameterUnit": "KT", "parameterCategory": 2, "nx": 255, "ny": 198, "lo1": 44.73521041870117, "la1": -3.236724853515625, "lo2": 111.26478576660156, "la2": 43.468475341796875, "dx": 0.26192745566368103, "dy": -0.23708222806453705, "refTime": "2025-02-21 07:00:00", "forecastTime": 0, "parameterNumber": 3, "parameterNumberName": "northward_wind"}, "data":
[rows 171 to 189 of 198, columns 0 to 42 of 255]
0.4357598125934601,-5.7697367668151855,-7.113630771636963,-3.9985501766204834,3.9214041233062744,4.234971523284912,5.243560314178467,12.575215339660645,16.112197875976562,17.024288177490234,19.44287872314453,21.157920837402344,15.698400497436523,7.161930561065674,0.3271997272968292,-2.9823343753814697,-10.579944610595703,-14.725850105285645,-14.266385078430176,-14.720784187316895,-16.896556854248047,-18.54376220703125,-19.12367820739746,-19.438785552978516,-19.719987869262695,-19.7028865814209,-18.55832862854004,-17.226715087890625,-16.713058471679688,-15.95599365234375,-14.791580200195312,-13.991894721984863,-14.5211820602417,-13.879731178283691,-13.689032554626465,-9.894474983215332,-7.683302879333496,-5.706114292144775,-0.08420161157846451,3.124345302581787,4.095064640045166,4.2070183753967285,4.555953025817871
0.18130749464035034,-5.420459270477295,-7.312321662902832,-6.348532199859619,-2.8112924098968506,-4.4096856117248535,-4.295762062072754,4.491413116455078,9.731173515319824,5.812943458557129,6.381535530090332,14.530328750610352,17.366483688354492,10.89482307434082,2.1485278606414795,-2.571769952774048,-8.267090797424316,-12.326277732849121,-15.73888874053955,-17.634872436523438,-18.654743194580078,-19.298601150512695,-19.489208221435547,-19.84341049194336,-20.12743377685547,-20.48457908630371,-20.214147567749023,-18.996402740478516,-18.274858474731445,-18.17037582397461,-16.982131958007812,-16.02838897705078,-15.753497123718262,-14.36490249633789,-13.854690551757812,-10.851905822753906,-7.948519706726074,-7.2015886306762695,-2.9300050735473633,1.8847614526748657,4.186290264129639,4.939988613128662,5.650972843170166
-2.01491117477417,-4.142671585083008,-4.94633674621582,-3.989534616470337,-2.3502025604248047,-6.939661026000977,-12.658439636230469,-8.932613372802734,-3.5592079162597656,-4.016063213348389,-2.316838502883911,7.78262996673584,12.56516170501709,8.252670288085938,2.7743921279907227,-0.3124859929084778,-5.225212097167969,-10.977602005004883,-17.37015151977539,-20.557191848754883,-21.43391990661621,-21.502235412597656,-20.964284896850586,-20.96753692626953,-21.15040397644043,-21.424823760986328,-21.642711639404297,-20.632286071777344,-19.247772216796875,-19.415874481201172,-18.414955139160156,-17.998401641845703,-17.25067138671875,-15.691410064697266,-15.306159973144531,-12.349740982055664,-7.419119834899902,-6.073541164398193,-4.856301784515381,-1.2529460191726685,2.516704559326172,4.453807353973389,4.760861873626709
-3.433530569076538,-3.657050371170044,-3.221839189529419,-0.7915728688240051,-1.9438508749008179,-9.919200897216797,-16.068830490112305,-12.75485610961914,-9.20001220703125,-6.910247325897217,-3.051565647125244,3.2183146476745605,6.390007019042969,5.126714706420898,3.998056173324585,1.5210795402526855,-4.500833988189697,-14.479854583740234,-19.8905029296875,-22.988750457763672,-23.672460556030273,-23.741580963134766,-22.893400192260742,-22.265380859375,-22.101165771484375,-21.95920753479004,-22.175073623657227,-21.536361694335938,-19.594297409057617,-19.585607528686523,-18.628210067749023,-18.378690719604492,-17.817564010620117,-16.749256134033203,-16.347383499145508,-12.358882904052734,-6.891764163970947,-3.1653289794921875,-3.117133617401123,-3.3540148735046387,-1.0469236373901367,1.298639178276062,2.042238235473633
-4.983260631561279,-5.958014011383057,-3.7753264904022217,0.7707963585853577,-1.789035439491272,-4.7254958152771,-8.924870491027832,-8.87570858001709,-7.826212406158447,-7.21528959274292,-4.393756866455078,-0.4508802592754364,3.8706791400909424,5.536675453186035,4.801535606384277,0.8092844486236572,-7.394683837890625,-19.726226806640625,-23.24985122680664,-24.943023681640625,-25.702577590942383,-25.76117515563965,-24.897071838378906,-23.776073455810547,-23.144887924194336,-22.432512283325195,-22.157367706298828,-21.787290573120117,-19.79132080078125,-19.43982696533203,-18.33647918701172,-17.544851303100586,-17.1517276763916,-16.551294326782227,-15.013744354248047,-11.389570236206055,-7.198134422302246,-1.2491915225982666,0.20867027342319489,-2.781186103820801,-2.5736095905303955,-0.9208223819732666,-0.26408541202545166
-7.253395080566406,-8.31541633605957,-3.801589012145996,2.661867380142212,3.2699947357177734,4.110317230224609,1.7999967336654663,-0.817891538143158,-4.292202949523926,-3.357583999633789,-1.4727472066879272,2.535285234451294,5.815849304199219,6.440803050994873,4.0342817306518555,-2.273463487625122,-10.863043785095215,-20.7629337310791,-26.438743591308594,-26.997312545776367,-27.224994659423828,-27.26453399658203,-26.62395668029785,-25.385828018188477,-23.970821380615234,-22.82162094116211,-21.916501998901367,-21.51915168762207,-19.73876190185547,-19.252960205078125,-18.344898223876953,-16.87709617614746,-16.220808029174805,-15.031586647033691,-12.216382026672363,-11.075864791870117,-6.4395928382873535,1.1270558834075928,2.379511833190918,-0.6320074796676636,-2.815433979034424,-2.174616575241089,-1.5867116451263428
-7.559930801391602,-8.529298782348633,-3.3582611083984375,2.576019048690796,2.5387070178985596,1.9881595373153687,4.753650665283203,4.316133499145508,3.4605400562286377,3.248687505722046,2.542867660522461,5.270662307739258,6.648154258728027,5.463303089141846,3.2710072994232178,-3.5459680557250977,-11.36683464050293,-21.752525329589844,-28.883285522460938,-29.110448837280273,-28.34776496887207,-27.806720733642578,-27.203514099121094,-26.468881607055664,-24.7388916015625,-23.154542922973633,-21.743000030517578,-20.954904556274414,-19.46548080444336,-18.93217658996582,-18.381832122802734,-16.53876495361328,-15.408308982849121,-12.79539680480957,-10.54924201965332,-10.182007789611816,-4.4162917137146,1.7537167072296143,-0.8815910220146179,-2.91666579246521,-4.994200706481934,-3.98549485206604,-2.287855625152588
-5.137055397033691,-6.390526294708252,-2.0581328868865967,3.4751007556915283,6.552149295806885,6.161773204803467,7.154507160186768,5.668365955352783,7.034088134765625,8.00534439086914,5.297626972198486,6.07383394241333,6.3672332763671875,5.124571323394775,4.172919750213623,-2.839965343475342,-9.963569641113281,-22.65915870666504,-31.192955017089844,-31.454662322998047,-30.079214096069336,-28.29262351989746,-26.671512603759766,-25.802757263183594,-24.941627502441406,-23.285253524780273,-21.688316345214844,-20.343185424804688,-19.135759353637695,-18.50064468383789,-18.081520080566406,-16.39542579650879,-15.151982307434082,-13.196484565734863,-9.812942504882812,-9.073196411132812,-4.66154670715332,-0.797749936580658,-2.797710418701172,-5.039360046386719,-6.778872966766357,-5.408872604370117,-2.5572125911712646
-2.345829725265503,-2.958315849304199,-0.9584482908248901,2.9379758834838867,11.310111045837402,9.976846694946289,6.191428184509277,4.3241190910339355,6.52769660949707,9.736714363098145,8.745062828063965,6.066338539123535,6.204745769500732,4.462588310241699,4.1209940910339355,-0.9030113816261292,-11.173273086547852,-23.501428604125977,-31.127649307250977,-33.414283752441406,-31.63027572631836,-28.998443603515625,-26.58275032043457,-24.26116943359375,-24.102298736572266,-23.031774520874023,-21.73373031616211,-20.033872604370117,-18.85649871826172,-18.093425750732422,-17.497709274291992,-15.018689155578613,-14.259218215942383,-12.868757247924805,-9.814966201782227,-8.646918296813965,-5.586569309234619,-2.8801796436309814,-2.012892246246338,-4.591889381408691,-6.423886299133301,-4.800271034240723,-1.6489853858947754
-2.123363494873047,-2.361396074295044,-2.6383635997772217,-2.494382858276367,4.38562536239624,6.146387100219727,4.810313701629639,3.770930051803589,5.950011253356934,9.65127182006836,10.284135818481445,6.63594388961792,4.88822603225708,1.698398470878601,1.1546573638916016,-0.22350583970546722,-12.09465503692627,-24.719812393188477,-28.314748764038086,-31.387054443359375,-30.95547103881836,-28.58184814453125,-27.01264762878418,-23.621362686157227,-23.02945327758789,-22.320491790771484,-21.509855270385742,-20.011072158813477,-18.613431930541992,-17.741336822509766,-16.883087158203125,-11.574493408203125,-11.322845458984375,-10.533320426940918,-9.454671859741211,-8.28848934173584,-5.539100646972656,-4.316290378570557,-4.332511901855469,-5.59221887588501,-5.503072738647461,-4.0104265213012695,-2.0491397380828857
-3.576113700866699,-4.157261371612549,-4.9974045753479,-6.1413187980651855,-4.097537994384766,-0.8683765530586243,-0.04641810432076454,-0.3099747896194458,3.0526421070098877,8.707904815673828,9.584166526794434,5.102076530456543,2.956287384033203,-0.01867479644715786,-0.06747982650995255,-1.755170464515686,-13.604879379272461,-26.392240524291992,-27.35164451599121,-24.748916625976562,-26.133750915527344,-27.072233200073242,-26.783918380737305,-23.995193481445312,-22.667707443237305,-21.855552673339844,-20.97919273376465,-19.80497169494629,-18.475332260131836,-17.583492279052734,-16.380748748779297,-10.48730182647705,-10.653282165527344,-9.317304611206055,-8.293152809143066,-7.010537147521973,-5.502696990966797,-5.601826190948486,-6.353723526000977,-6.471323490142822,-5.405007839202881,-4.347947597503662,-3.8611152172088623
-4.357117652893066,-4.651118278503418,-5.57301664352417,-5.725628852844238,-7.538322925567627,-7.27076530456543,-6.022156238555908,-5.123463153839111,0.9221765398979187,7.3869757652282715,8.642605781555176,3.9999845027923584,0.8756944537162781,0.20955830812454224,2.1075215339660645,-8.803699493408203,-18.26243782043457,-26.933082580566406,-25.120351791381836,-22.776742935180664,-21.937854766845703,-26.566579818725586,-25.786090850830078,-23.87306785583496,-22.546627044677734,-21.80522346496582,-20.40310287475586,-19.24560546875,-18.409086227416992,-17.549152374267578,-16.03784942626953,-11.227807998657227,-10.231682777404785,-7.999860763549805,-6.536346912384033,-5.659449577331543,-4.843879699707031,-5.402731418609619,-5.587421417236328,-5.178854465484619,-4.233450412750244,-3.8428454399108887,-3.9835269451141357
-3.6508355140686035,-4.482836723327637,-4.65687894821167,-5.400348663330078,-6.307518482208252,-6.0861711502075195,-3.530034065246582,-1.6343656778335571,2.4994120597839355,5.731640815734863,5.506668567657471,3.4165196418762207,0.9435689449310303,0.4987589120864868,-4.367128849029541,-17.722497940063477,-20.640907287597656,-23.2933406829834,-23.59728240966797,-26.15068817138672,-26.239519119262695,-26.756511688232422,-24.994556427001953,-23.08639907836914,-21.918527603149414,-21.61762237548828,-19.862394332885742,-18.822837829589844,-18.33246421813965,-17.436227798461914,-15.876583099365234,-13.657228469848633,-10.020913124084473,-7.899657726287842,-6.552005767822266,-5.651860237121582,-4.871070861816406,-4.296391010284424,-2.8491904735565186,-2.2006800174713135,-1.4520771503448486,-2.1452836990356445,-3.11663556098938
-2.937239408493042,-4.459634304046631,-4.650681495666504,-3.7858872413635254,-4.468843936920166,-4.325995922088623,-2.4853522777557373,1.6576074361801147,3.655141830444336,4.445239543914795,4.753002166748047,2.9333183765411377,1.5349583625793457,-2.4715981483459473,-12.513434410095215,-15.580875396728516,-16.850990295410156,-18.830232620239258,-23.835590362548828,-25.065250396728516,-25.779579162597656,-25.79785919189453,-24.473339080810547,-22.257688522338867,-21.05814552307129,-21.08401870727539,-19.416908264160156,-18.65094757080078,-18.24698257446289,-17.26554298400879,-15.908872604370117,-13.204233169555664,-9.726318359375,-8.389984130859375,-7.990715980529785,-7.387095928192139,-5.841673851013184,-3.5038044452667236,-0.25373899936676025,1.1146641969680786,-0.0020217103883624077,-1.5638954639434814,-2.991304874420166
-2.7093944549560547,-5.41514778137207,-4.693652629852295,-2.7550978660583496,-3.2518482208251953,-2.5427067279815674,-0.7319527268409729,1.9464871883392334,3.92911696434021,6.071884632110596,4.340956211090088,1.3384770154953003,1.5096372365951538,-4.3754191398620605,-10.021392822265625,-10.558266639709473,-12.601544380187988,-19.686189651489258,-22.67807388305664,-23.66349220275879,-24.042116165161133,-24.24238395690918,-23.409915924072266,-21.380483627319336,-20.69710350036621,-20.213848114013672,-19.15860939025879,-18.548139572143555,-18.10491943359375,-17.11594009399414,-15.75225830078125,-11.510387420654297,-9.382332801818848,-8.598634719848633,-9.988227844238281,-9.184931755065918,-6.068352222442627,-2.2121694087982178,1.8877979516983032,0.6296607851982117,-2.257978677749634,-3.18290114402771,-3.3386902809143066
-3.452946901321411,-5.566368103027344,-4.444607734680176,-2.9184489250183105,-2.422001361846924,-1.8674665689468384,0.6276476979255676,1.9233105182647705,3.943361520767212,6.06011438369751,3.0824954509735107,-1.5720306634902954,-0.46309447288513184,-3.9695396423339844,-7.943707466125488,-11.729687690734863,-13.67497444152832,-20.2825984954834,-22.39529800415039,-22.80318832397461,-22.71678352355957,-22.576616287231445,-22.04966163635254,-20.571828842163086,-20.29399871826172,-19.05701446533203,-18.773996353149414,-18.43792152404785,-17.83514976501465,-16.953670501708984,-15.343470573425293,-11.255156517028809,-9.163476943969727,-8.426607131958008,-9.645729064941406,-7.842992782592773,-5.309342861175537,-1.847443699836731,-0.8199304938316345,-4.082380771636963,-5.045464992523193,-4.738335132598877,-3.372159719467163
-3.402888536453247,-4.935165882110596,-5.618903636932373,-4.017175674438477,-3.0940089225769043,-2.0851216316223145,0.2758200466632843,2.970546007156372,2.6272759437561035,4.30328893661499,3.8676540851593018,-0.8395059108734131,-2.256411552429199,-5.397153377532959,-10.06694221496582,-12.094503402709961,-18.478992462158203,-21.8054141998291,-22.37272834777832,-22.005821228027344,-21.83548927307129,-21.76250457763672,-20.9389591217041,-19.77526092529297,-19.453264236450195,-18.23369026184082,-18.34895133972168,-18.26689338684082,-17.53355598449707,-16.9848575592041,-13.965852737426758,-10.512718200683594,-8.655035972595215,-7.865602493286133,-7.476056098937988,-6.329446315765381,-4.407209873199463,-3.170966625213623,-3.946655511856079,-4.647790908813477,-4.074159145355225,-4.043424606323242,-3.244628429412842
-2.8206264972686768,-4.439213275909424,-5.206283092498779,-3.3098325729370117,-1.3718262910842896,0.993803083896637,2.8236441612243652,3.7045352458953857,4.950618267059326,6.159177780151367,2.5349464416503906,-0.7541539072990417,-2.1366517543792725,-7.998445987701416,-11.781394004821777,-15.285930633544922,-21.32191276550293,-22.26314926147461,-21.681943893432617,-21.738632202148438,-21.76955795288086,-21.360692977905273,-19.942283630371094,-19.0513916015625,-18.828693389892578,-18.126296997070312,-18.18790626525879,-18.08787727355957,-17.270612716674805,-16.977415084838867,-11.058975219726562,-10.067731857299805,-8.689213752746582,-7.408694744110107,-6.146570682525635,-4.589734077453613,-3.013869285583496,-3.021273374557495,-3.013352155685425,-2.865147590637207,-2.7877273559570312,-2.963606834411621,-2.221320390701294
-2.4794206619262695,-2.2452704906463623,-1.976086974143982,-1.038595199584961,0.5421129465103149,0.3059817850589752,2.4787206649780273,6.101027011871338,5.912312030792236,2.0297205448150635,-1.622421383857727,-2.332019329071045,-4.806075572967529,-11.498233795166016,-15.332064628601074,-20.545747756958008,-21.81891441345215,-21.690570831298828,-21.21190071105957,-21.435441970825195,-21.212430953979492,-20.50873374938965,-19.420665740966797,-18.863813400268555,-18.435440063476562,-18.165403366088867,-18.062191009521484,-17.777175903320312,-16.95933723449707,-16.54588508605957,-10.583373069763184,-10.393802642822266,-9.31142520904541,-7.492340564727783,-5.307541847229004,-3.17862606048584,-2.091587543487549,-2.070032835006714,-2.31848406791687,-2.221707582473755,-2.2807528972625732,-2.2911245822906494,-1.2537015676498413
