data/wind_data/wind_37_3.json
{"header": {"parameterUnit": "KT", "parameterCategory": 2, "nx": 256, "ny": 198, "lo1": 44.73521041870117, "la1": -3.236724853515625, "lo2": 111.26478576660156, "la2": 43.468475341796875, "dx": 0.2609002888202667, "dy": -0.23708222806453705, "refTime": "2025-02-20 13:00:00", "forecastTime": 0, "parameterNumber": 2, "parameterNumberName": "eastward_wind"}, "data":
[rows 76 to 94 of 198, columns 88 to 131 of 256]
-4.456403732299805,-4.358907222747803,-4.323117256164551,-4.468134880065918,-4.812429428100586,-5.263772487640381,-5.638885974884033,-5.764225006103516,-5.669607639312744,-5.498043537139893,-5.306039810180664,-5.023552417755127,-4.474245548248291,-3.55051326751709,-2.4455246925354004,-1.4922701120376587,-0.7895883917808533,-0.4837944209575653,-1.8779512643814087,-5.4219207763671875,-9.289530754089355,-11.12999153137207,-12.186189651489258,-13.471619606018066,-13.228657722473145,-12.158940315246582,-5.105155944824219,-4.347784042358398,-5.861758232116699,-4.558863639831543,-6.014481067657471,-3.973478078842163,-3.729707956314087,-1.9439183473587036,-3.4286012649536133,-2.061405658721924,-3.1824450492858887,-2.6469762325286865,-3.1355364322662354,-3.219525098800659,-5.176692008972168,-2.5235908031463623,6.117887496948242,11.125344276428223
-4.734631538391113,-4.546995639801025,-4.422329902648926,-4.449174880981445,-4.6621413230896,-5.008672714233398,-5.3300371170043945,-5.441102981567383,-5.396121025085449,-5.386141300201416,-5.444763660430908,-5.455894470214844,-5.214439868927002,-4.492282867431641,-3.2963669300079346,-2.017091989517212,-1.036879301071167,-0.5478507280349731,-1.5694243907928467,-5.090915203094482,-8.647985458374023,-9.756390571594238,-10.615838050842285,-11.704819679260254,-10.53541088104248,-5.525234222412109,-3.8632688522338867,-3.0246407985687256,-4.9020161628723145,-4.466429710388184,-4.8301520347595215,-3.9443342685699463,-4.264385223388672,-3.4827780723571777,-2.8701558113098145,-2.2691636085510254,-2.765512704849243,-1.2872540950775146,-1.6415116786956787,-3.34328293800354,-1.6159998178482056,-2.0168838500976562,4.236295223236084,9.82033920288086
-4.89371919631958,-4.672922134399414,-4.474148750305176,-4.37737512588501,-4.434895038604736,-4.645589351654053,-4.845674991607666,-4.808628082275391,-4.620322227478027,-4.569247245788574,-4.75882625579834,-5.055285453796387,-5.267733573913574,-5.090632438659668,-4.21172571182251,-2.8562331199645996,-1.6281288862228394,-1.089242935180664,-2.1657800674438477,-5.82401704788208,-10.21058464050293,-12.402724266052246,-12.034818649291992,-11.096765518188477,-7.5093889236450195,1.5869340896606445,-0.18090446293354034,-3.8286242485046387,-1.5794605016708374,-3.9066221714019775,-3.424781084060669,-4.058352470397949,-3.7585344314575195,-3.9628710746765137,-4.023190975189209,-2.535946846008301,-3.5989441871643066,-2.273305654525757,-2.126432418823242,-1.7909421920776367,0.07068973779678345,1.807353138923645,6.660506248474121,9.126212120056152
-4.771545886993408,-4.5440778732299805,-4.294030666351318,-4.077436923980713,-3.9865245819091797,-4.088129043579102,-4.254458427429199,-4.193327903747559,-3.8436477184295654,-3.514692783355713,-3.538006544113159,-3.9435505867004395,-4.476085186004639,-4.835279941558838,-4.656735897064209,-3.6834053993225098,-2.4189562797546387,-1.8815335035324097,-3.2983102798461914,-6.7135539054870605,-9.2672700881958,-9.326940536499023,-9.175498962402344,-9.920570373535156,-6.527338981628418,0.4462404251098633,-3.0061147212982178,-4.7919087409973145,-1.1438355445861816,-2.287801504135132,-2.891603469848633,-3.6093294620513916,-3.1578969955444336,-3.4351649284362793,-3.6657919883728027,-3.4675841331481934,-3.4933578968048096,-3.4052298069000244,-3.1481738090515137,-2.2310922145843506,-1.3024336099624634,-0.09212378412485123,5.152210712432861,8.270910263061523
-4.326969146728516,-4.054017543792725,-3.7833337783813477,-3.4968512058258057,-3.2973203659057617,-3.335170269012451,-3.5142886638641357,-3.542210340499878,-3.239166498184204,-2.746366024017334,-2.477987766265869,-2.708209991455078,-3.2471280097961426,-3.783881425857544,-4.219039440155029,-4.120035171508789,-3.1664907932281494,-2.515442371368408,-4.147663593292236,-8.048539161682129,-11.355741500854492,-12.418635368347168,-11.41281509399414,-9.454933166503906,-3.705662727355957,-1.499243974685669,-0.7721013426780701,-1.761866807937622,-2.821143627166748,-3.146235942840576,-2.5054211616516113,-3.5055103302001953,-1.1622047424316406,-3.7161498069763184,-2.6373047828674316,-4.076201438903809,-3.8170299530029297,-3.5825088024139404,-3.61372971534729,-2.587198495864868,-1.636094093322754,-0.4359172582626343,1.4669294357299805,9.071505546569824
-3.795923948287964,-3.472896099090576,-3.179835319519043,-2.8156673908233643,-2.490321159362793,-2.449751138687134,-2.6480872631073,-2.8268513679504395,-2.7950873374938965,-2.518280506134033,-2.1999897956848145,-2.093923807144165,-2.277524948120117,-2.648218870162964,-3.194190740585327,-3.7955615520477295,-3.6790659427642822,-3.0530409812927246,-4.427013397216797,-8.489725112915039,-11.883686065673828,-12.453801155090332,-10.488320350646973,-6.443528175354004,-2.7333343029022217,-3.2468907833099365,-1.2280391454696655,-2.373253583908081,-1.7100001573562622,-3.839045286178589,-2.0052154064178467,-4.501073360443115,-3.155130624771118,-3.8276174068450928,-1.9680123329162598,-3.1461386680603027,-1.382847785949707,-1.779402256011963,-1.4449361562728882,-1.366949200630188,-0.5376899838447571,-2.880345582962036,-0.017374560236930847,4.01751708984375
-3.221489429473877,-2.8955087661743164,-2.580639600753784,-2.1421406269073486,-1.6974904537200928,-1.5332882404327393,-1.7089192867279053,-2.0876567363739014,-2.4987194538116455,-2.6890993118286133,-2.518364906311035,-2.157176971435547,-1.9619109630584717,-2.098951578140259,-2.4665675163269043,-3.1365444660186768,-3.7255160808563232,-3.6366708278656006,-4.495001316070557,-7.862666130065918,-10.069731712341309,-10.273406028747559,-11.783370971679688,-5.033424377441406,4.383503437042236,-0.3237599730491638,-0.8257843255996704,-2.0022451877593994,-1.1441936492919922,-2.547616720199585,-2.7030630111694336,-3.010326385498047,-3.2283477783203125,-1.98316490650177,-0.28228187561035156,0.6317598223686218,2.7486391067504883,2.345715045928955,3.63053560256958,5.192200183868408,4.01782751083374,1.4287365674972534,1.2075977325439453,0.13866689801216125
-2.5342724323272705,-2.2191250324249268,-1.9223326444625854,-1.5081002712249756,-1.0533539056777954,-0.82990562915802,-0.9953891038894653,-1.5509811639785767,-2.3039803504943848,-2.802278757095337,-2.759500503540039,-2.390920877456665,-2.115649461746216,-2.2061939239501953,-2.49672794342041,-2.8937137126922607,-3.4871764183044434,-3.8827438354492188,-4.543205738067627,-6.454344749450684,-7.5897088050842285,-8.800436019897461,-11.318432807922363,-4.241766452789307,0.3223099112510681,-0.1813824474811554,-2.3300583362579346,-0.1243053451180458,-2.5853846073150635,-0.7985582947731018,-2.501708745956421,-1.401419758796692,-1.8413060903549194,-1.127636194229126,-2.1761815547943115,0.18732647597789764,3.0405850410461426,4.473941802978516,4.253751754760742,5.5271806716918945,2.0506057739257812,1.9684590101242065,4.516879081726074,3.207406759262085
-1.8477332592010498,-1.463929533958435,-1.165663242340088,-0.8391861915588379,-0.532325029373169,-0.4580669403076172,-0.7329269051551819,-1.3012381792068481,-1.9970173835754395,-2.5067787170410156,-2.6486873626708984,-2.5598716735839844,-2.5106711387634277,-2.687816619873047,-3.043945074081421,-3.2890243530273438,-3.534980297088623,-3.935404062271118,-4.713696479797363,-6.537242412567139,-9.07735538482666,-11.14474105834961,-10.45366096496582,-2.8033175468444824,-0.43692830204963684,-1.1697990894317627,-1.8924143314361572,-0.8543738722801208,-2.520179033279419,-0.38620275259017944,-1.292522668838501,0.2573452591896057,0.23517583310604095,0.598673403263092,0.20472083985805511,0.8786750435829163,1.5971028804779053,3.7022616863250732,2.344114065170288,3.566141128540039,4.6476287841796875,5.138396263122559,3.4932453632354736,5.050052165985107
-1.3359605073928833,-0.8273525834083557,-0.46795082092285156,-0.1973695456981659,-0.06124550849199295,-0.1819622963666916,-0.5465940833091736,-0.997277557849884,-1.4322233200073242,-1.7983230352401733,-2.13212251663208,-2.486480951309204,-2.7661993503570557,-2.99783992767334,-3.4252820014953613,-3.903597116470337,-4.043278694152832,-4.1660661697387695,-4.93750524520874,-6.657209396362305,-8.242125511169434,-9.741080284118652,-11.286348342895508,-2.90572452545166,-1.0094380378723145,2.0628111362457275,-2.6549627780914307,1.834564208984375,-2.4189138412475586,0.8119842410087585,-0.13016389310359955,0.7991449236869812,0.6004340648651123,0.935355544090271,0.48392269015312195,0.46632418036460876,1.522237777709961,0.9478153586387634,1.631217360496521,1.0016283988952637,0.8598895072937012,3.386319637298584,2.4145028591156006,4.822720527648926
-0.9093056917190552,-0.3284541666507721,0.11082620173692703,0.4059703052043915,0.49123260378837585,0.32103320956230164,0.03786409646272659,-0.22555899620056152,-0.5012733936309814,-0.8452790379524231,-1.335468053817749,-2.014089584350586,-2.583423137664795,-2.8810832500457764,-3.232752561569214,-3.8502609729766846,-4.364229679107666,-4.452573776245117,-4.955667495727539,-6.2187299728393555,-8.01474666595459,-10.47358226776123,-11.816195487976074,-4.0138654708862305,0.05251125991344452,-3.1476027965545654,-0.4383698105812073,-0.6674237847328186,-0.3374329209327698,0.8909642696380615,0.9559080004692078,1.1987615823745728,1.6931207180023193,1.4242031574249268,1.4272737503051758,1.788299322128296,1.9858264923095703,2.4236226081848145,2.558579206466675,1.8362431526184082,2.380859851837158,1.3753817081451416,3.5439960956573486,3.1761975288391113
-0.4558817446231842,0.09446341544389725,0.5939126014709473,1.0050299167633057,1.221199631690979,1.1902660131454468,1.0879329442977905,1.0232353210449219,0.8632059693336487,0.3963751792907715,-0.3574858009815216,-1.2282065153121948,-2.0407562255859375,-2.5348291397094727,-2.855548620223999,-3.2907869815826416,-4.177175998687744,-5.141117095947266,-5.906484127044678,-5.856679439544678,-6.210005283355713,-8.48130989074707,-10.83784008026123,-3.8762972354888916,0.5648674368858337,-2.615446090698242,-1.9270002841949463,-0.662202000617981,-0.1392044574022293,-0.34250253438949585,1.7145493030548096,0.18354231119155884,1.639522671699524,1.2287876605987549,3.740018844604492,2.0871758460998535,2.174548625946045,2.8842246532440186,4.272840976715088,2.360991954803467,3.474679946899414,2.7623090744018555,4.623237609863281,3.088717222213745
0.044716931879520416,0.38050052523612976,0.8582138419151306,1.397635817527771,1.8227078914642334,2.020439863204956,2.123236894607544,2.2567551136016846,2.2549402713775635,1.7879412174224854,0.7686260342597961,-0.37713658809661865,-1.270379662513733,-1.9126297235488892,-2.3615429401397705,-2.729012966156006,-3.4698517322540283,-4.893526554107666,-5.745258331298828,-4.548041343688965,-5.448941230773926,-8.229839324951172,-9.731817245483398,-2.227398157119751,-0.9894477128982544,0.7981895804405212,-0.4129001200199127,-0.6835496425628662,-1.3073066473007202,-1.1213648319244385,2.015760898590088,-0.09191224724054337,2.4526851177215576,1.7507919073104858,4.605142593383789,4.4756574630737305,3.926457643508911,4.2954583168029785,4.119579315185547,5.250728607177734,4.699476718902588,5.284214973449707,6.08328104019165,5.524053573608398
1.065273404121399,1.1181262731552124,1.4167122840881348,1.8946985006332397,2.3273279666900635,2.576430559158325,2.7519025802612305,2.9619667530059814,3.063382387161255,2.8017754554748535,1.8402869701385498,0.4313637614250183,-0.5504744648933411,-1.1353329420089722,-1.5801090002059937,-2.083796501159668,-2.664522647857666,-3.3146002292633057,-3.7147350311279297,-3.952012062072754,-6.033027172088623,-9.684404373168945,-9.122207641601562,-1.399222493171692,-0.4845270812511444,2.2663795948028564,4.093456745147705,6.0309858322143555,2.4677019119262695,-1.4373149871826172,1.9929307699203491,-0.5310652852058411,2.6351895332336426,1.825115442276001,4.560756683349609,6.075248718261719,5.504946708679199,4.82427453994751,4.991246700286865,5.501481056213379,3.735886573791504,3.879706382751465,5.322183609008789,4.186941146850586
2.463418483734131,2.4047164916992188,2.6223955154418945,3.014230728149414,3.349003314971924,3.4471993446350098,3.4195821285247803,3.361187219619751,3.292614698410034,3.118337631225586,2.4449799060821533,0.9645306468009949,0.0402274951338768,-0.38088929653167725,-0.673160970211029,-1.1220895051956177,-1.61216139793396,-1.8703980445861816,-1.674842119216919,-2.0561795234680176,-4.975037097930908,-8.483573913574219,-6.896466255187988,-3.5825796127319336,-1.88251531124115,3.0857303142547607,4.320220470428467,7.3356404304504395,7.381713390350342,2.815225601196289,3.014772415161133,0.7836475372314453,2.1982431411743164,1.8671691417694092,3.9712719917297363,3.5918354988098145,4.647403717041016,6.825613021850586,7.618218421936035,7.748047828674316,7.0581374168396,5.327356815338135,5.84327507019043,4.799421310424805
4.020044803619385,3.917762041091919,4.086904525756836,4.410081386566162,4.628538131713867,4.563539505004883,4.199476718902588,3.5810790061950684,3.0945446491241455,2.8232579231262207,2.4174578189849854,0.9905274510383606,0.3498213589191437,0.4373457729816437,0.5140588283538818,0.1459425836801529,-0.10284004360437393,-0.21086497604846954,-0.14098866283893585,0.12229877710342407,-0.23926503956317902,-3.5517687797546387,-3.6662869453430176,-3.577333450317383,-2.4976470470428467,3.1846766471862793,5.656466007232666,8.582921028137207,10.341107368469238,10.134943962097168,10.715862274169922,6.6709136962890625,4.1714768409729,3.3771817684173584,3.7715044021606445,5.027326583862305,7.420506000518799,7.140787601470947,7.183279037475586,8.202571868896484,8.850299835205078,5.2046685218811035,6.104766368865967,5.328319549560547
5.782940864562988,5.655087471008301,5.675671100616455,5.7665557861328125,5.7698073387146,5.509142875671387,4.846430778503418,3.6561825275421143,2.481342077255249,2.033961534500122,1.4570820331573486,0.3238218426704407,0.9938125610351562,1.126532793045044,1.8975852727890015,1.7874428033828735,1.709568977355957,1.6957921981811523,1.628021478652954,1.4474378824234009,2.8116607666015625,1.741032600402832,-0.3054555356502533,2.2051875591278076,-3.1592257022857666,2.75142502784729,5.080834865570068,8.222973823547363,9.932433128356934,11.58331298828125,13.185924530029297,13.31382942199707,11.750005722045898,7.210493087768555,5.491124153137207,4.678588390350342,5.858201026916504,6.553049564361572,6.648894309997559,7.173458576202393,7.1376142501831055,6.609576225280762,6.716396808624268,4.536473751068115
7.771599292755127,7.564208984375,7.348536014556885,7.079283714294434,6.708910942077637,6.103451728820801,5.172328472137451,3.7666494846343994,2.16835618019104,0.9060877561569214,0.16044944524765015,-0.16726824641227722,1.6522223949432373,1.952693223953247,3.386798620223999,3.6962473392486572,4.028939723968506,3.988114595413208,3.4434280395507812,2.861074447631836,2.964876651763916,4.213654041290283,2.846801519393921,5.580674171447754,4.471088886260986,3.130648136138916,3.390407085418701,7.122213840484619,9.309711456298828,11.02446174621582,12.257140159606934,12.198948860168457,11.788251876831055,10.653349876403809,9.80522346496582,7.0096306800842285,5.976412773132324,4.881392955780029,4.392422199249268,6.311575412750244,5.251643657684326,5.439400672912598,5.29892635345459,6.6092071533203125
9.821353912353516,9.54066276550293,9.048933029174805,8.408027648925781,7.638997554779053,6.610023021697998,5.362860679626465,3.9983253479003906,1.8471415042877197,-0.5802090764045715,-2.415817975997925,-2.4554669857025146,1.3965110778808594,1.409741759300232,3.5810859203338623,5.268610000610352,6.08289909362793,6.121165752410889,5.994033336639404,5.375921726226807,4.231016159057617,4.627113342285156,3.772514581680298,5.9710307121276855,10.574617385864258,10.791937828063965,7.496631622314453,7.941171646118164,10.381068229675293,12.5305814743042,12.169412612915039,8.336236953735352,7.686605453491211,6.5849609375,7.369358062744141,6.658651828765869,7.971857070922852,4.69162130355835,5.107811450958252,6.664876937866211,6.789847373962402,5.735233306884766,4.8302435874938965,6.613009452819824
