data/wind_data/wind_53_6.json
{"header": {"parameterUnit": "KT", "parameterCategory": 2, "nx": 256, "ny": 198, "lo1": 44.73521041870117, "la1": -3.236724853515625, "lo2": 111.26478576660156, "la2": 43.468475341796875, "dx": 0.2609002888202667, "dy": -0.23708222806453705, "refTime": "2025-02-21 05:00:00", "forecastTime": 0, "parameterNumber": 2, "parameterNumberName": "eastward_wind"}, "data":
[rows 160 to 179 of 198, columns 88 to 131 of 256]
39.938209533691406,39.8564453125,39.03261184692383,38.179115295410156,37.3486213684082,36.29330825805664,35.8060302734375,36.10778045654297,36.705421447753906,37.07997512817383,37.05019760131836,37.68866729736328,38.00559616088867,36.957706451416016,36.698177337646484,36.58612060546875,36.380401611328125,37.67898941040039,39.373619079589844,40.846073150634766,41.7307014465332,42.39301300048828,43.281715393066406,43.97522735595703,43.99857711791992,44.1974983215332,45.658809661865234,47.5037727355957,48.32717514038086,48.00518035888672,46.2147331237793,44.17165756225586,43.575904846191406,44.8057861328125,45.66382598876953,43.79086685180664,41.07549285888672,40.74573516845703,42.1976432800293,42.47217559814453,41.000614166259766,38.54511260986328,36.34560012817383,35.35667419433594
37.0762939453125,36.31167984008789,35.187522888183594,33.75801086425781,32.5926513671875,32.29006576538086,32.17173385620117,32.065528869628906,32.668399810791016,34.07644271850586,35.40035629272461,36.670230865478516,37.54385757446289,35.78752517700195,33.95164108276367,34.606529235839844,34.84117126464844,36.3569221496582,38.946861267089844,40.65793228149414,41.6326789855957,42.55733871459961,43.439735412597656,43.868309020996094,43.57168960571289,43.06706237792969,44.0929069519043,46.47299575805664,47.18232345581055,45.41552734375,43.1002082824707,42.8758430480957,44.40966796875,45.36650085449219,43.864524841308594,40.52696990966797,38.47019958496094,38.62495040893555,39.630985260009766,39.43383026123047,38.00389862060547,36.13515090942383,34.81949996948242,33.83567428588867
33.75590133666992,32.08998107910156,30.132190704345703,29.28696060180664,29.311487197875977,29.71800994873047,29.877487182617188,29.878311157226562,30.936269760131836,33.215641021728516,35.0619010925293,35.262325286865234,34.51552200317383,33.34709930419922,32.85816955566406,33.629337310791016,33.94437026977539,35.70454406738281,38.2027702331543,39.97663116455078,41.442447662353516,42.52225875854492,43.23323059082031,43.40087890625,42.794559478759766,41.879398345947266,42.68646240234375,45.017208099365234,45.03843688964844,42.60037612915039,40.646949768066406,42.55027770996094,45.40011215209961,44.574344635009766,40.77071762084961,38.026100158691406,37.42070007324219,36.6385498046875,35.83523941040039,35.679168701171875,34.91138458251953,33.49993133544922,32.148101806640625,31.35288429260254
28.30550193786621,26.901247024536133,26.642841339111328,27.01797866821289,27.54085350036621,27.93050193786621,28.444089889526367,29.652435302734375,31.620742797851562,33.24774169921875,33.17546463012695,31.691701889038086,31.210491180419922,32.07957077026367,32.91785430908203,34.09269714355469,34.67742156982422,34.99654006958008,36.90241241455078,39.1124267578125,41.01368713378906,42.36458206176758,42.73554992675781,42.5890998840332,41.89634704589844,40.74785614013672,41.273223876953125,42.73488998413086,41.94409942626953,39.882076263427734,39.20111846923828,42.516414642333984,44.69107437133789,41.77128219604492,38.12019348144531,37.14024353027344,36.4784049987793,33.86195373535156,31.76067352294922,32.052833557128906,32.494075775146484,31.342681884765625,27.44089126586914,24.757883071899414
24.582046508789062,25.05646324157715,25.68033790588379,26.088443756103516,26.22553825378418,26.788013458251953,28.521814346313477,30.71489143371582,31.61249351501465,30.633451461791992,29.331605911254883,29.06483268737793,30.132312774658203,31.820880889892578,32.88216781616211,33.423370361328125,34.288795471191406,35.648433685302734,37.0556755065918,38.33024215698242,39.855438232421875,41.26877975463867,42.29465866088867,42.49604797363281,41.124847412109375,39.26886749267578,39.27412414550781,39.95351028442383,39.22092056274414,38.07201385498047,38.69586181640625,41.563636779785156,41.63014221191406,38.42266845703125,36.57347106933594,36.22263717651367,34.79000473022461,32.06245422363281,29.447460174560547,29.251251220703125,29.355022430419922,27.088088989257812,22.737064361572266,19.2424259185791
23.331798553466797,24.417442321777344,25.22420310974121,25.39777183532715,25.86425018310547,27.488176345825195,29.567447662353516,30.166820526123047,28.651275634765625,27.11754608154297,27.228012084960938,28.377931594848633,29.691335678100586,30.892499923706055,32.04964065551758,33.000579833984375,33.6744499206543,35.242218017578125,37.051116943359375,38.11562728881836,39.205596923828125,40.21946716308594,41.15129470825195,41.9222526550293,40.76813888549805,38.41179656982422,37.499202728271484,37.73628616333008,37.6741828918457,37.43568801879883,38.21099853515625,39.260643005371094,37.91627502441406,36.002017974853516,35.13896179199219,34.69218826293945,33.610931396484375,30.849761962890625,27.753095626831055,26.655975341796875,24.911155700683594,21.16900634765625,17.748172760009766,15.597126007080078
23.045602798461914,24.12286376953125,24.602312088012695,25.27988052368164,26.8775691986084,28.36071014404297,28.22096824645996,26.853309631347656,25.862390518188477,26.03474235534668,26.902883529663086,27.789648056030273,28.674213409423828,29.516407012939453,30.627395629882812,32.12821578979492,33.351585388183594,34.7915153503418,36.56050491333008,37.55439376831055,38.224388122558594,38.97618865966797,39.68339157104492,40.46952438354492,39.992515563964844,38.14760208129883,36.595726013183594,36.32278823852539,37.1622200012207,37.36328125,36.712745666503906,36.17348861694336,35.21244812011719,34.09219741821289,33.39639663696289,32.6666145324707,31.05261993408203,28.33359718322754,26.315956115722656,23.745370864868164,19.073169708251953,15.458842277526855,13.819448471069336,12.59871768951416
23.24222755432129,23.848112106323242,24.759145736694336,26.30046844482422,27.171356201171875,26.22917938232422,24.669771194458008,24.424362182617188,25.118610382080078,25.95661163330078,26.691274642944336,27.126209259033203,27.602195739746094,28.31234359741211,29.40903091430664,31.217599868774414,32.917152404785156,34.357215881347656,35.97594451904297,36.750205993652344,36.82013702392578,36.99189758300781,37.3392333984375,38.230533599853516,38.70663070678711,37.84637451171875,36.310916900634766,35.58073806762695,36.741600036621094,36.44620132446289,34.445823669433594,33.74403381347656,33.14975357055664,31.6671142578125,30.90300941467285,29.642934799194336,27.922657012939453,25.687753677368164,22.405004501342773,17.78261375427246,14.227025032043457,12.653081893920898,11.50527572631836,10.201495170593262
23.588504791259766,24.350881576538086,25.27198028564453,25.355693817138672,24.277786254882812,23.061492919921875,22.831192016601562,23.63309097290039,24.632078170776367,25.506277084350586,26.177974700927734,26.25273323059082,26.468429565429688,27.54092788696289,29.006593704223633,30.876300811767578,32.77193832397461,34.09149932861328,35.16281509399414,35.54518127441406,34.99684524536133,34.67177963256836,34.93378448486328,35.77294921875,36.7789421081543,36.948307037353516,36.177249908447266,35.35491943359375,35.5272331237793,34.655941009521484,32.54312515258789,31.404767990112305,30.483701705932617,28.882244110107422,28.15260887145996,27.13263511657715,24.917104721069336,21.927583694458008,18.168827056884766,13.599175453186035,11.723713874816895,10.116186141967773,8.925132751464844,7.7590532302856445
23.693620681762695,23.80211067199707,23.382570266723633,22.452383041381836,21.691146850585938,21.57378578186035,22.02666664123535,22.954513549804688,24.08201026916504,24.925628662109375,25.29073143005371,25.34931755065918,25.84371566772461,27.22623634338379,29.07818031311035,30.8602237701416,32.555362701416016,33.70933151245117,34.03466796875,33.79415512084961,33.02772903442383,32.722434997558594,33.26457214355469,34.07659149169922,35.04888916015625,35.64643096923828,35.410091400146484,34.47781753540039,33.56398391723633,32.416114807128906,30.766145706176758,29.271705627441406,27.929515838623047,26.135055541992188,25.536766052246094,24.390897750854492,21.838987350463867,19.459623336791992,16.979496002197266,11.5378999710083,8.468446731567383,5.769970893859863,5.080508232116699,5.219152450561523
22.303049087524414,21.56470489501953,20.652053833007812,20.077314376831055,20.33994483947754,20.91744613647461,21.442495346069336,22.375173568725586,23.54029655456543,24.178878784179688,24.243066787719727,24.6604061126709,25.751440048217773,27.221263885498047,29.244901657104492,30.844013214111328,31.66077995300293,32.28215408325195,32.543609619140625,32.30704879760742,31.746849060058594,31.692726135253906,32.33846664428711,32.971954345703125,33.666343688964844,34.28217315673828,34.0333251953125,32.67290115356445,31.097803115844727,30.077415466308594,29.359909057617188,27.988245010375977,26.049680709838867,23.93868064880371,23.14789390563965,21.74196434020996,19.703285217285156,18.148576736450195,16.480924606323242,12.040128707885742,5.516595363616943,1.7140917778015137,1.6010218858718872,2.972318410873413
20.283479690551758,19.07684326171875,18.41041374206543,18.70673179626465,19.509321212768555,20.188236236572266,20.92703628540039,22.103443145751953,22.995878219604492,23.209320068359375,23.23267364501953,24.027217864990234,25.667226791381836,27.486602783203125,29.177356719970703,30.24492645263672,30.323930740356445,30.417116165161133,30.9899845123291,31.295068740844727,30.89808464050293,30.84769058227539,31.621944427490234,32.036685943603516,32.28004455566406,32.67897033691406,32.35084533691406,30.566404342651367,28.63775062561035,28.07615852355957,28.071792602539062,26.686559677124023,24.388805389404297,22.08824348449707,20.844905853271484,19.381732940673828,19.72785758972168,17.44932746887207,15.127522468566895,10.234037399291992,5.045598030090332,0.9695029854774475,0.08146528154611588,0.4736640751361847
18.186208724975586,17.293367385864258,17.40411376953125,17.99061393737793,18.663305282592773,19.584579467773438,20.905366897583008,21.92725944519043,22.121557235717773,22.13142967224121,22.5842342376709,23.86063575744629,25.80596351623535,27.747068405151367,28.648723602294922,28.815887451171875,28.965639114379883,29.50859260559082,30.233306884765625,30.509353637695312,29.937976837158203,29.50171661376953,30.40165901184082,31.0413818359375,30.86008071899414,30.940689086914062,30.5626163482666,28.563430786132812,26.486623764038086,26.115478515625,26.284944534301758,25.01491355895996,22.6509952545166,20.359342575073242,18.6355037689209,17.94230079650879,18.599193572998047,17.098295211791992,13.684500694274902,9.66852855682373,4.904057502746582,0.15027998387813568,0.23253747820854187,-1.1483774185180664
16.64436912536621,16.48422622680664,16.897586822509766,17.414438247680664,18.32219696044922,19.677215576171875,20.91039276123047,21.135215759277344,20.978416442871094,21.41187286376953,22.523006439208984,24.333372116088867,26.361215591430664,27.7326602935791,27.849685668945312,27.39159393310547,27.785856246948242,29.053926467895508,30.043943405151367,29.688512802124023,28.570510864257812,27.824169158935547,28.583127975463867,29.78375816345215,29.53022003173828,29.03224754333496,28.448787689208984,26.705913543701172,24.78401756286621,23.995744705200195,23.75990867614746,23.063974380493164,21.27336883544922,18.915224075317383,16.827234268188477,17.050703048706055,17.704923629760742,17.078920364379883,14.51926326751709,10.488709449768066,5.897812366485596,2.960658073425293,-2.3331284523010254,1.05389404296875
15.714698791503906,15.79944896697998,16.09187126159668,17.015230178833008,18.603534698486328,20.01696014404297,20.342323303222656,19.885332107543945,19.930147171020508,21.13515853881836,22.936891555786133,25.055097579956055,26.774198532104492,27.289615631103516,26.955604553222656,26.60915756225586,27.086502075195312,28.36256980895996,29.473892211914062,28.6511173248291,26.807605743408203,26.08955955505371,26.842849731445312,28.180599212646484,28.00786018371582,26.913726806640625,26.052465438842773,24.842578887939453,23.336326599121094,21.573375701904297,20.79716682434082,20.82574462890625,20.082935333251953,18.153589248657227,15.8345947265625,16.343671798706055,17.018169403076172,16.92410659790039,16.464176177978516,10.94952392578125,7.370666027069092,3.7652087211608887,1.3001972436904907,0.8918158411979675
14.486801147460938,14.608128547668457,15.366937637329102,17.23196792602539,19.11838150024414,19.782194137573242,19.21030044555664,18.686344146728516,19.108400344848633,21.001264572143555,23.46184730529785,25.57875633239746,26.607406616210938,26.3854923248291,25.920812606811523,25.851099014282227,26.52128791809082,27.5426082611084,28.223621368408203,27.387746810913086,25.31324005126953,24.51749610900879,25.274099349975586,26.30238151550293,26.074443817138672,24.75001335144043,23.66157341003418,22.84019660949707,21.564556121826172,19.5950870513916,18.112293243408203,18.728696823120117,19.333250045776367,18.02446746826172,15.631047248840332,15.540300369262695,15.820229530334473,15.880817413330078,16.234813690185547,13.449342727661133,6.138190269470215,3.1280593872070312,1.4542622566223145,2.296687602996826
13.239803314208984,13.836288452148438,15.536484718322754,17.755817413330078,18.991975784301758,18.644540786743164,17.805160522460938,17.823711395263672,18.93625831604004,21.281606674194336,24.04434585571289,25.816320419311523,26.03840446472168,25.217988967895508,24.6992130279541,24.86089324951172,25.57140350341797,26.296531677246094,26.421140670776367,25.749618530273438,24.14592742919922,23.17914390563965,23.6319637298584,24.276512145996094,23.87111473083496,22.384140014648438,21.035249710083008,20.35301399230957,19.52896499633789,18.067258834838867,16.785097122192383,17.095497131347656,17.950721740722656,17.075040817260742,15.559511184692383,15.3582181930542,15.038017272949219,14.424156188964844,15.218767166137695,14.270464897155762,6.297540664672852,0.2671630084514618,2.404231309890747,1.8376563787460327
12.49813175201416,13.861656188964844,16.05753517150879,17.775480270385742,18.004613876342773,17.111413955688477,16.71064567565918,17.55068588256836,19.5069522857666,22.185680389404297,24.61650848388672,25.701353073120117,25.17182159423828,24.045516967773438,23.621122360229492,23.964679718017578,24.33708953857422,24.57447052001953,24.366304397583008,23.915618896484375,22.800168991088867,21.721179962158203,21.74400520324707,21.842220306396484,21.06641387939453,19.57122039794922,18.203184127807617,17.856155395507812,17.98571014404297,17.44741439819336,16.57278823852539,16.217782974243164,16.498348236083984,16.290515899658203,15.48689079284668,15.297661781311035,14.780340194702148,13.445411682128906,14.292980194091797,13.646012306213379,8.174452781677246,0.08884984254837036,0.04030211269855499,1.7939684391021729
12.336421966552734,14.265475273132324,16.352386474609375,17.204519271850586,16.491661071777344,15.592143058776855,16.04615020751953,17.815980911254883,20.318504333496094,22.806509017944336,24.40630340576172,24.578041076660156,23.68170166015625,22.8917179107666,22.865802764892578,23.15599250793457,23.068723678588867,22.981998443603516,22.840450286865234,22.44352149963379,21.463165283203125,20.191509246826172,19.601884841918945,19.04660987854004,17.814546585083008,16.54002571105957,15.778258323669434,15.940681457519531,17.07460594177246,17.525684356689453,16.74400520324707,15.81885814666748,15.814642906188965,16.16556167602539,16.130386352539062,15.339120864868164,14.529078483581543,12.467516899108887,12.348822593688965,13.375086784362793,9.173008918762207,2.5395054817199707,-0.9997799396514893,0.2669546604156494
12.641131401062012,14.707289695739746,16.189769744873047,16.084522247314453,14.952012062072754,14.586392402648926,15.945959091186523,18.39209747314453,20.9150447845459,22.699251174926758,23.319381713867188,22.91587257385254,22.08061408996582,21.56134796142578,21.607990264892578,21.587738037109375,21.287206649780273,21.325992584228516,21.499582290649414,20.964231491088867,19.884611129760742,18.568185806274414,17.354707717895508,16.499860763549805,15.252533912658691,14.107522964477539,14.045547485351562,14.65445327758789,16.023656845092773,17.194652557373047,16.64159393310547,15.491146087646484,15.531763076782227,16.315807342529297,16.571908950805664,16.346031188964844,15.397882461547852,12.233413696289062,9.152216911315918,10.646482467651367,11.967891693115234,5.985292434692383,1.4026169776916504,1.422762393951416
