data/wind_data/wind_40_3.json
{"header": {"parameterUnit": "KT", "parameterCategory": 2, "nx": 256, "ny": 198, "lo1": 44.73521041870117, "la1": -3.236724853515625, "lo2": 111.26478576660156, "la2": 43.468475341796875, "dx": 0.2609002888202667, "dy": -0.23708222806453705, "refTime": "2025-02-20 16:00:00", "forecastTime": 0, "parameterNumber": 2, "parameterNumberName": "eastward_wind"}, "data":
[rows 133 to 151 of 198, columns 88 to 131 of 256]
9.75003433227539,8.042610168457031,11.654440879821777,8.97465991973877,6.091693878173828,6.618923187255859,8.451078414916992,12.558966636657715,13.735026359558105,17.58172607421875,21.733671188354492,22.01609230041504,22.790706634521484,24.54816436767578,26.06694221496582,26.977283477783203,27.243083953857422,27.538516998291016,28.32186508178711,29.263216018676758,29.850614547729492,30.098377227783203,30.08814239501953,29.866470336914062,29.75298500061035,29.60472869873047,28.059898376464844,24.181262969970703,20.36594581604004,17.454341888427734,14.28919506072998,13.669600486755371,9.792634963989258,3.824899435043335,3.3295719623565674,3.885396718978882,11.044478416442871,14.045884132385254,12.462508201599121,14.251696586608887,15.094642639160156,18.581087112426758,21.370513916015625,23.505130767822266
14.66257381439209,14.90931224822998,14.484906196594238,11.457742691040039,9.596858024597168,10.133511543273926,12.050871849060059,15.132203102111816,16.803197860717773,19.22313690185547,21.646039962768555,21.35077667236328,22.138004302978516,24.05016326904297,25.565563201904297,25.83277130126953,25.551509857177734,26.072769165039062,27.21235466003418,28.32019805908203,29.007368087768555,29.39891815185547,29.48369026184082,29.316017150878906,29.271883010864258,29.533403396606445,28.795923233032227,24.282798767089844,19.216014862060547,16.084930419921875,13.113626480102539,9.923728942871094,3.38153076171875,2.230278253555298,6.089615821838379,9.425907135009766,13.060893058776855,7.063388347625732,-1.2104434967041016,11.182043075561523,21.422090530395508,21.916839599609375,20.366106033325195,21.835298538208008
15.58752155303955,14.301005363464355,11.85887336730957,9.652069091796875,10.315532684326172,12.08276653289795,14.411479949951172,16.836727142333984,18.70125389099121,18.95355224609375,18.7174129486084,19.475717544555664,21.728425979614258,23.808164596557617,24.350509643554688,23.56694793701172,23.529706954956055,24.811887741088867,26.143444061279297,27.38517951965332,28.229921340942383,28.526111602783203,28.350406646728516,27.890602111816406,27.917354583740234,28.038118362426758,27.814821243286133,23.622079849243164,17.767595291137695,13.802083015441895,11.188331604003906,6.592730522155762,0.32947856187820435,6.607048034667969,11.676072120666504,12.360373497009277,13.410204887390137,8.939136505126953,4.586673259735107,11.38436508178711,17.456018447875977,14.755611419677734,14.044445037841797,16.627294540405273
14.869827270507812,12.687481880187988,10.74695873260498,10.406436920166016,11.385951042175293,12.708430290222168,15.46574592590332,17.722013473510742,18.210681915283203,15.089786529541016,15.699056625366211,19.260705947875977,21.757186889648438,22.375734329223633,21.656505584716797,21.234066009521484,22.464275360107422,24.232431411743164,25.329885482788086,26.561635971069336,27.380290985107422,27.092451095581055,26.41811180114746,25.60723876953125,25.812397003173828,26.397722244262695,26.295717239379883,22.488967895507812,16.20801544189453,11.48696231842041,9.696208000183105,5.812314510345459,2.4146811962127686,10.064916610717773,15.526248931884766,13.497660636901855,12.765154838562012,9.8356294631958,8.055644035339355,4.447340965270996,5.393348693847656,10.84880542755127,17.230485916137695,19.26910400390625
16.21541404724121,15.161697387695312,13.745111465454102,13.131458282470703,13.461067199707031,13.673628807067871,16.6429386138916,20.153057098388672,19.771677017211914,13.473823547363281,15.16973876953125,19.060495376586914,19.99245834350586,19.3038387298584,18.97112464904785,20.00434112548828,22.06365966796875,23.92122459411621,24.688730239868164,25.430667877197266,25.707273483276367,24.611061096191406,23.484424591064453,22.764392852783203,23.393619537353516,24.635986328125,24.019033432006836,20.465789794921875,14.719788551330566,10.97077465057373,9.293818473815918,5.613137722015381,7.1782073974609375,11.76276969909668,14.525358200073242,16.01983642578125,12.115962982177734,9.751008033752441,10.825498580932617,6.732433319091797,11.619437217712402,22.0854549407959,28.986778259277344,25.67093276977539
17.091588973999023,17.277240753173828,16.628032684326172,15.86698055267334,15.354010581970215,14.374945640563965,16.19782829284668,19.476198196411133,19.556745529174805,13.347651481628418,14.61177921295166,17.284303665161133,17.04356575012207,16.72390365600586,17.584739685058594,19.19841957092285,21.17407989501953,22.986337661743164,23.599613189697266,23.59684944152832,22.830324172973633,21.49476432800293,20.46573829650879,20.29393196105957,21.129915237426758,22.517059326171875,21.706087112426758,18.573495864868164,14.192971229553223,11.270624160766602,9.026812553405762,5.819551944732666,9.399696350097656,13.044888496398926,12.934115409851074,16.267616271972656,13.666645050048828,12.313693046569824,14.982769966125488,17.241365432739258,23.787513732910156,28.96225357055664,30.887495040893555,33.03242874145508
15.179130554199219,15.851914405822754,16.1147403717041,15.614211082458496,15.063419342041016,15.10423469543457,15.855420112609863,17.35560417175293,18.553083419799805,15.564048767089844,13.832629203796387,14.322324752807617,14.297736167907715,15.245699882507324,16.813499450683594,18.128543853759766,19.442384719848633,21.037893295288086,21.66485595703125,21.194530487060547,19.91224479675293,18.648540496826172,17.91656494140625,18.113454818725586,18.94784927368164,20.068435668945312,19.39560890197754,17.31302261352539,13.773387908935547,10.825594902038574,8.782959938049316,7.916712760925293,9.162323951721191,12.33366870880127,13.357369422912598,16.30856704711914,16.22974967956543,13.44053840637207,17.254501342773438,23.33119773864746,27.148021697998047,30.037874221801758,30.860918045043945,29.509517669677734
13.470277786254883,14.406450271606445,15.428252220153809,15.807551383972168,14.856680870056152,14.77280330657959,13.874654769897461,13.640111923217773,15.750531196594238,16.119647979736328,12.703601837158203,11.599506378173828,12.5359525680542,14.320967674255371,15.56063461303711,16.328121185302734,17.17951202392578,18.333044052124023,18.960927963256836,18.929773330688477,17.53099250793457,15.891020774841309,15.532930374145508,16.170991897583008,16.861085891723633,17.406986236572266,16.840373992919922,15.336377143859863,12.395737648010254,9.812026023864746,8.759222030639648,9.991547584533691,11.366198539733887,10.472675323486328,10.895122528076172,14.186826705932617,16.03891372680664,15.9028902053833,20.585044860839844,24.887052536010742,26.415359497070312,31.715839385986328,29.739974975585938,20.33041763305664
12.820979118347168,14.689656257629395,16.79294776916504,17.968767166137695,17.007150650024414,15.00648021697998,11.707610130310059,9.648012161254883,10.475180625915527,13.21345329284668,11.128173828125,9.964123725891113,11.509772300720215,13.006973266601562,13.554582595825195,14.260340690612793,15.280740737915039,16.035253524780273,16.210384368896484,15.938347816467285,14.14457893371582,12.834036827087402,13.110404968261719,14.217144012451172,14.815622329711914,15.002195358276367,14.518458366394043,13.58834457397461,11.00688648223877,9.329514503479004,9.157328605651855,11.14702033996582,12.455339431762695,10.808128356933594,14.696900367736816,18.412830352783203,17.93307876586914,14.440181732177734,27.60513687133789,27.8437442779541,25.36972427368164,28.614652633666992,29.044132232666016,26.291357040405273
12.23553466796875,14.707693099975586,17.36115837097168,19.42365264892578,19.22742462158203,16.998069763183594,14.006728172302246,8.91350269317627,4.561929702758789,9.960790634155273,9.421257019042969,8.487598419189453,10.477027893066406,11.733260154724121,12.071961402893066,12.680373191833496,13.883761405944824,14.82680892944336,13.634591102600098,12.046969413757324,10.724885940551758,10.478653907775879,11.150886535644531,11.772527694702148,12.070481300354004,12.827987670898438,13.294262886047363,12.36657428741455,10.14919376373291,8.506972312927246,10.450336456298828,12.116670608520508,7.619431972503662,7.806888580322266,13.335543632507324,20.64537239074707,20.604820251464844,16.542240142822266,31.473451614379883,32.91155242919922,22.6325626373291,22.63174057006836,27.00688934326172,32.3586540222168
11.41895866394043,12.965596199035645,15.112909317016602,17.857738494873047,18.28679847717285,18.139301300048828,18.312437057495117,13.686044692993164,6.323366165161133,8.256949424743652,9.018261909484863,7.311634540557861,9.371691703796387,11.144618034362793,11.600154876708984,11.9736909866333,13.012064933776855,14.237529754638672,12.82119369506836,10.314029693603516,9.133208274841309,9.238239288330078,9.925363540649414,9.77222728729248,9.996129989624023,11.677288055419922,12.460965156555176,12.00634479522705,10.781275749206543,9.313189506530762,12.249067306518555,12.120382308959961,12.429366111755371,15.291509628295898,16.365434646606445,28.696575164794922,27.41388511657715,21.6509952545166,30.59153938293457,32.511940002441406,21.182220458984375,21.979557037353516,26.86309051513672,30.646900177001953
10.101727485656738,11.315537452697754,12.37558650970459,15.130711555480957,17.24832534790039,17.998149871826172,18.332426071166992,18.54637336730957,18.959583282470703,14.326207160949707,11.176101684570312,7.978280544281006,9.478828430175781,11.34805679321289,11.646639823913574,12.398637771606445,13.30257797241211,14.449691772460938,14.655013084411621,12.02977180480957,9.288086891174316,8.722199440002441,9.648990631103516,9.728679656982422,9.865776062011719,11.313634872436523,12.577589988708496,12.301178932189941,11.503267288208008,10.495046615600586,9.804339408874512,12.287989616394043,18.111886978149414,25.461559295654297,28.977439880371094,34.80006790161133,30.295019149780273,25.39400863647461,27.234895706176758,26.714506149291992,19.24625015258789,21.951313018798828,25.553043365478516,29.16694450378418
6.954822063446045,9.249080657958984,10.063655853271484,13.171967506408691,16.76720428466797,18.107505798339844,17.507904052734375,12.28188419342041,11.6347017288208,14.430794715881348,11.375505447387695,9.781557083129883,10.526188850402832,11.629420280456543,11.855572700500488,13.726387977600098,14.945150375366211,15.524459838867188,15.936538696289062,14.601658821105957,11.778197288513184,10.441394805908203,9.455581665039062,9.246434211730957,10.254877090454102,11.670919418334961,12.790907859802246,12.778581619262695,11.38138198852539,9.581075668334961,10.708422660827637,11.329964637756348,17.70524024963379,23.064233779907227,37.88203811645508,35.84085464477539,19.249685287475586,19.006610870361328,20.602075576782227,18.264732360839844,15.238813400268555,19.605297088623047,24.229650497436523,29.86886215209961
5.1068596839904785,4.98715353012085,6.615290641784668,10.223457336425781,14.42242431640625,16.915327072143555,18.508758544921875,9.595186233520508,3.4913201332092285,9.481084823608398,10.715999603271484,11.590420722961426,11.880101203918457,11.406570434570312,12.726174354553223,15.301790237426758,16.203147888183594,15.585775375366211,15.223957061767578,14.66761302947998,13.192127227783203,12.618849754333496,10.627680778503418,8.195297241210938,9.266087532043457,11.0853271484375,12.848092079162598,12.79914379119873,10.759052276611328,9.337564468383789,9.554739952087402,16.18741798400879,17.53957748413086,21.72512435913086,32.51259994506836,40.62383270263672,13.338833808898926,8.745942115783691,10.80151653289795,9.512223243713379,10.994169235229492,17.78264045715332,24.829248428344727,27.76551055908203
14.348043441772461,3.979438066482544,3.325101852416992,5.3174567222595215,10.500452041625977,14.817672729492188,18.08832359313965,11.549910545349121,2.6947104930877686,4.395545959472656,9.950849533081055,13.352198600769043,13.160801887512207,11.138672828674316,13.595962524414062,15.714111328125,14.786572456359863,12.849984169006348,12.274441719055176,12.613385200500488,12.205784797668457,11.150321006774902,9.076600074768066,5.743117332458496,6.749669551849365,8.864505767822266,10.845046043395996,11.43696117401123,11.059717178344727,13.241304397583008,15.896899223327637,11.588356971740723,16.164573669433594,22.16731071472168,30.090595245361328,35.203758239746094,25.392826080322266,10.611124992370605,5.651218414306641,4.4827189445495605,9.70009994506836,18.435951232910156,25.403627395629883,26.30095863342285
20.539810180664062,14.274052619934082,6.488064289093018,3.395197629928589,8.478374481201172,13.134013175964355,16.289520263671875,15.091703414916992,6.487325668334961,2.501024007797241,8.779364585876465,13.904820442199707,13.28148078918457,11.641654968261719,12.329853057861328,12.748254776000977,11.175497055053711,9.328286170959473,9.624692916870117,10.564605712890625,10.04598331451416,8.409002304077148,6.025839805603027,3.777193784713745,5.011379718780518,6.362740993499756,9.468862533569336,12.030158042907715,12.87436580657959,15.91501235961914,22.226058959960938,15.412954330444336,13.25162410736084,26.840911865234375,35.90571594238281,36.14005661010742,43.28166580200195,25.715829849243164,13.038687705993652,9.875268936157227,11.588781356811523,18.390348434448242,24.771879196166992,26.719568252563477
16.492061614990234,17.687030792236328,15.010476112365723,7.991239547729492,8.304147720336914,11.492515563964844,14.936046600341797,17.541967391967773,10.535993576049805,6.078306198120117,8.819550514221191,13.08634090423584,13.250984191894531,10.418262481689453,8.660553932189941,9.196430206298828,8.488340377807617,7.112066745758057,7.522339344024658,8.94006061553955,8.190895080566406,5.915584564208984,4.197485446929932,3.194230079650879,4.916365146636963,5.549134254455566,8.31385612487793,13.119343757629395,15.469405174255371,16.193735122680664,25.18326759338379,24.804954528808594,17.723705291748047,26.528427124023438,38.40719985961914,48.32652282714844,47.288455963134766,30.460254669189453,20.076147079467773,13.91572093963623,13.350998878479004,18.74818992614746,21.80168914794922,25.38612937927246
14.74229621887207,15.529288291931152,17.327722549438477,10.947121620178223,5.857724666595459,9.019305229187012,14.668806076049805,18.176511764526367,16.166522979736328,12.5996675491333,13.334755897521973,13.822444915771484,11.09460735321045,5.172206878662109,5.835983753204346,7.267490386962891,6.872443675994873,5.977482318878174,5.620126247406006,7.16960334777832,6.738865375518799,4.916957855224609,3.3320281505584717,3.60398530960083,5.086313247680664,6.381056308746338,9.776081085205078,8.486788749694824,11.753779411315918,14.345009803771973,23.8144474029541,29.683156967163086,24.025896072387695,22.43264389038086,34.71338653564453,46.68080139160156,33.496402740478516,17.89895248413086,12.535307884216309,10.805055618286133,14.712140083312988,16.549875259399414,17.419490814208984,23.436992645263672
13.932755470275879,16.388986587524414,18.13494300842285,12.885974884033203,3.5045790672302246,5.003087997436523,12.15469741821289,16.922407150268555,16.461711883544922,13.375303268432617,10.954747200012207,9.97529125213623,7.232756614685059,2.9921350479125977,4.442066192626953,5.605997562408447,4.899735927581787,4.957406044006348,5.197362422943115,6.527865409851074,6.5767669677734375,5.201149940490723,2.742727756500244,2.817974805831909,5.94758939743042,6.278104305267334,6.122354984283447,6.591604232788086,9.90900707244873,13.63010311126709,22.02661895751953,30.224788665771484,26.613548278808594,22.606184005737305,31.515750885009766,43.530513763427734,20.425479888916016,5.589518070220947,7.185659408569336,9.08732795715332,12.493243217468262,13.843622207641602,16.93146514892578,21.829309463500977
