data/wind_data/wind_48_6.json
{"header": {"parameterUnit": "KT", "parameterCategory": 2, "nx": 256, "ny": 198, "lo1": 44.73521041870117, "la1": -3.236724853515625, "lo2": 111.26478576660156, "la2": 43.468475341796875, "dx": 0.2609002888202667, "dy": -0.23708222806453705, "refTime": "2025-02-21 00:00:00", "forecastTime": 0, "parameterNumber": 2, "parameterNumberName": "eastward_wind"}, "data":
[rows 60 to 79 of 198, columns 0 to 43 of 256]
16.37289047241211,16.38878059387207,16.1579532623291,15.429457664489746,15.331318855285645,15.248787879943848,14.891427993774414,14.289329528808594,13.943615913391113,14.1654052734375,14.77560043334961,15.314123153686523,15.561281204223633,15.650238990783691,15.6725435256958,15.784865379333496,16.077951431274414,16.29155921936035,16.15614891052246,15.687216758728027,15.004922866821289,14.153974533081055,13.178659439086914,12.218585014343262,11.354604721069336,10.809603691101074,11.17831039428711,12.37717342376709,13.663668632507324,14.311030387878418,14.207192420959473,13.62492847442627,12.896650314331055,12.370589256286621,12.072596549987793,11.860888481140137,11.785173416137695,12.00770092010498,12.065445899963379,11.71106243133545,11.394560813903809,11.575246810913086,11.897879600524902,12.129941940307617
17.960920333862305,17.795215606689453,17.66164779663086,17.09552574157715,16.979263305664062,17.042850494384766,17.087430953979492,16.77660369873047,16.282737731933594,16.154895782470703,16.472959518432617,16.895383834838867,17.165821075439453,17.333703994750977,17.467823028564453,17.589752197265625,17.844837188720703,18.19812774658203,18.302509307861328,18.02911949157715,17.538354873657227,16.892168045043945,16.019882202148438,14.869399070739746,13.520242691040039,12.413488388061523,12.075750350952148,12.874279975891113,14.273138999938965,15.390092849731445,15.67236042022705,15.284514427185059,14.69810962677002,14.14007568359375,13.858628273010254,13.685708999633789,13.298492431640625,12.951294898986816,12.936254501342773,12.810577392578125,12.470474243164062,12.386451721191406,12.557225227355957,12.799812316894531
19.4482421875,18.760726928710938,18.505908966064453,18.038320541381836,18.188148498535156,18.581697463989258,18.77117347717285,18.691356658935547,18.39891242980957,18.199186325073242,18.2749080657959,18.55767822265625,18.863452911376953,19.108259201049805,19.31969451904297,19.455835342407227,19.61224937438965,19.944793701171875,20.164791107177734,19.922033309936523,19.38341522216797,18.85487937927246,18.304445266723633,17.51270294189453,16.46065330505371,15.28902816772461,14.328752517700195,14.016888618469238,14.639037132263184,15.735539436340332,16.54755973815918,16.632905960083008,16.220067977905273,15.667923927307129,15.435303688049316,15.613282203674316,15.635058403015137,15.130162239074707,14.690220832824707,14.548959732055664,14.314576148986816,13.881831169128418,13.60000991821289,13.67513370513916
21.33406639099121,22.000608444213867,21.27557373046875,20.484514236450195,20.454029083251953,20.88140106201172,20.8803768157959,20.6499080657959,20.45026969909668,20.332141876220703,20.27182960510254,20.32253646850586,20.476539611816406,20.67267608642578,20.826885223388672,20.903858184814453,21.017724990844727,21.34671401977539,21.653419494628906,21.572908401489258,21.080907821655273,20.52885627746582,20.085350036621094,19.5296688079834,18.832740783691406,18.17919921875,17.633947372436523,17.17369270324707,16.833606719970703,16.839588165283203,17.156780242919922,17.404653549194336,17.43278694152832,17.293493270874023,17.14850425720215,17.288637161254883,17.493694305419922,17.248416900634766,16.671062469482422,16.39348602294922,16.360294342041016,16.07237434387207,15.520167350769043,15.073925971984863
23.577726364135742,24.147756576538086,24.228975296020508,23.735057830810547,23.186189651489258,23.210844039916992,22.986316680908203,22.588911056518555,22.30731201171875,22.220212936401367,22.205955505371094,22.151939392089844,22.0789737701416,22.033952713012695,21.96106719970703,21.845947265625,21.842090606689453,22.084091186523438,22.45391273498535,22.72682762145996,22.60845947265625,22.14674186706543,21.566011428833008,21.006956100463867,20.578916549682617,20.34840965270996,20.287822723388672,20.224294662475586,19.869792938232422,19.219715118408203,18.623043060302734,18.365909576416016,18.48143768310547,18.761775970458984,19.022903442382812,19.277345657348633,19.447053909301758,19.206649780273438,18.551210403442383,18.062795639038086,17.98598289489746,17.86134147644043,17.49026870727539,17.052335739135742
25.372167587280273,27.56639862060547,27.374422073364258,26.393098831176758,25.089147567749023,24.369726181030273,23.826566696166992,23.464696884155273,23.29570960998535,23.349008560180664,23.613346099853516,23.838821411132812,23.78141212463379,23.48015022277832,23.079492568969727,22.68404197692871,22.452848434448242,22.497783660888672,22.801355361938477,23.265230178833008,23.585071563720703,23.488252639770508,22.948566436767578,22.311336517333984,22.035329818725586,22.185579299926758,22.469913482666016,22.662872314453125,22.61140251159668,22.107994079589844,21.15786361694336,20.20280647277832,19.708711624145508,19.860612869262695,20.339635848999023,20.77386474609375,21.084638595581055,21.099763870239258,20.638225555419922,19.977214813232422,19.59294891357422,19.449146270751953,19.141162872314453,18.67911148071289
26.75958824157715,28.91812515258789,28.79413414001465,27.626188278198242,26.08595848083496,25.003023147583008,24.073104858398438,23.710784912109375,24.054304122924805,24.789188385009766,25.55704116821289,26.01918601989746,25.923259735107422,25.329435348510742,24.520231246948242,23.733327865600586,23.147228240966797,22.878616333007812,22.982805252075195,23.378061294555664,23.819673538208008,24.049488067626953,23.855697631835938,23.393720626831055,23.166610717773438,23.51156997680664,24.14412498474121,24.67579460144043,24.886810302734375,24.633874893188477,23.856264114379883,22.806840896606445,21.96123695373535,21.674650192260742,21.86284065246582,22.140830993652344,22.291799545288086,22.304420471191406,22.077566146850586,21.61274528503418,21.179548263549805,20.96320152282715,20.79176139831543,20.429636001586914
28.850181579589844,28.898563385009766,29.01622200012207,28.288808822631836,27.215110778808594,26.710872650146484,26.18877410888672,26.147693634033203,26.914926528930664,27.97814178466797,28.645105361938477,28.683536529541016,28.2451114654541,27.520505905151367,26.634578704833984,25.654991149902344,24.761499404907227,24.1774845123291,23.87383460998535,23.835063934326172,24.00167465209961,24.20787239074707,24.27113914489746,24.20486068725586,24.196697235107422,24.57710075378418,25.30584144592285,26.033355712890625,26.43047523498535,26.36953353881836,25.865589141845703,25.064247131347656,24.23645782470703,23.714475631713867,23.611642837524414,23.718219757080078,23.772239685058594,23.717111587524414,23.53129768371582,23.148508071899414,22.650135040283203,22.20703887939453,21.928712844848633,21.761249542236328
31.358869552612305,30.780073165893555,30.272396087646484,29.676074981689453,29.266443252563477,29.463016510009766,29.433509826660156,29.304086685180664,29.334182739257812,29.613262176513672,29.87491226196289,29.803926467895508,29.440736770629883,29.013080596923828,28.58576011657715,28.005878448486328,27.24924087524414,26.67009925842285,26.25971221923828,25.77955436706543,25.322818756103516,24.98924446105957,24.830432891845703,24.85732650756836,25.063732147216797,25.53996467590332,26.288393020629883,27.09981346130371,27.637779235839844,27.703113555908203,27.40001678466797,26.902639389038086,26.3416805267334,25.86485481262207,25.53989601135254,25.35967445373535,25.278867721557617,25.21171760559082,25.075927734375,24.80245590209961,24.379098892211914,23.82904052734375,23.280681610107422,22.89858627319336
32.896907806396484,32.41149139404297,32.00104522705078,31.543346405029297,31.402544021606445,31.753633499145508,31.70319938659668,31.119007110595703,30.375320434570312,29.997190475463867,30.073591232299805,30.253978729248047,30.32710075378418,30.313901901245117,30.28241539001465,30.222810745239258,30.02496910095215,29.670825958251953,29.208650588989258,28.60346794128418,27.877721786499023,27.144285202026367,26.478971481323242,26.07695770263672,26.10895538330078,26.539081573486328,27.22477912902832,27.986547470092773,28.60909080505371,28.84774398803711,28.724210739135742,28.463850021362305,28.284503936767578,28.080310821533203,27.780805587768555,27.436912536621094,27.166275024414062,27.00570297241211,26.838497161865234,26.57271385192871,26.161508560180664,25.64598846435547,25.110925674438477,24.64984893798828
33.98029708862305,33.85899353027344,33.891632080078125,33.50117874145508,33.173946380615234,33.32280349731445,33.231441497802734,32.71574020385742,32.034515380859375,31.552997589111328,31.42905616760254,31.569904327392578,31.858123779296875,32.11628341674805,32.313846588134766,32.63159942626953,33.01307678222656,33.04353713989258,32.5687141418457,31.78928565979004,30.9530086517334,30.12845230102539,29.234956741333008,28.41367530822754,28.067750930786133,28.23323631286621,28.66146469116211,29.21546173095703,29.83111000061035,30.27362823486328,30.405698776245117,30.37251091003418,30.378660202026367,30.350711822509766,30.07551383972168,29.604448318481445,29.1871337890625,28.969114303588867,28.808990478515625,28.549068450927734,28.146299362182617,27.664947509765625,27.166988372802734,26.68787384033203
35.797245025634766,35.72740173339844,35.68018341064453,35.2247200012207,34.62186050415039,34.494720458984375,34.313812255859375,33.952606201171875,33.57335662841797,33.293251037597656,33.145957946777344,33.192134857177734,33.47794723510742,33.84743118286133,34.189308166503906,34.68862533569336,35.267879486083984,35.44334411621094,35.04286193847656,34.2170295715332,33.17452621459961,32.13932418823242,31.320484161376953,30.815532684326172,30.612329483032227,30.576173782348633,30.635841369628906,30.931642532348633,31.46089744567871,32.042633056640625,32.4502067565918,32.62057113647461,32.71083068847656,32.788917541503906,32.59434127807617,32.041690826416016,31.379030227661133,30.898773193359375,30.64371681213379,30.45109748840332,30.204219818115234,29.867389678955078,29.46329689025879,28.9920597076416
37.94777297973633,38.172298431396484,37.60319137573242,36.95684814453125,36.22744369506836,35.8840217590332,35.60630416870117,35.38182830810547,35.27676010131836,35.19430923461914,35.088687896728516,35.04096221923828,35.09423828125,35.13922882080078,35.182098388671875,35.48228454589844,35.917991638183594,35.98600387573242,35.59675216674805,34.922359466552734,33.91335678100586,32.74342346191406,31.997495651245117,31.88385772705078,32.091407775878906,32.21326446533203,32.209346771240234,32.386146545410156,32.793548583984375,33.358097076416016,33.93463134765625,34.297367095947266,34.46573257446289,34.61123275756836,34.66602325439453,34.442344665527344,33.90740203857422,33.231605529785156,32.640846252441406,32.23905944824219,32.01032638549805,31.86486053466797,31.715648651123047,31.440427780151367
39.527503967285156,41.29063034057617,40.474056243896484,39.605438232421875,38.64110565185547,37.86467361450195,37.34246826171875,37.152618408203125,37.16630554199219,37.08778762817383,36.84688949584961,36.601715087890625,36.311767578125,35.88566589355469,35.539573669433594,35.61917495727539,35.95719909667969,36.012325286865234,35.67755126953125,35.116092681884766,34.328277587890625,33.54294204711914,33.05881118774414,32.80435562133789,32.692138671875,32.708824157714844,32.87284851074219,33.24809646606445,33.65104293823242,34.039085388183594,34.53299331665039,35.033302307128906,35.374114990234375,35.5152587890625,35.56388854980469,35.56574630737305,35.43339157104492,35.07402420043945,34.54082107543945,34.05763244628906,33.774322509765625,33.67121505737305,33.666778564453125,33.59491729736328
40.840721130371094,42.391326904296875,42.22541809082031,41.670448303222656,40.598670959472656,39.45751953125,38.621665954589844,38.284706115722656,38.26736831665039,38.180484771728516,37.839420318603516,37.448341369628906,37.0201530456543,36.48410415649414,36.148719787597656,36.286746978759766,36.63063430786133,36.74943542480469,36.537147521972656,36.07297134399414,35.49158477783203,34.99820327758789,34.65777587890625,34.340965270996094,34.034698486328125,33.900943756103516,34.09518051147461,34.54490661621094,34.97644805908203,35.2460823059082,35.43691635131836,35.64292907714844,35.85684585571289,35.97261428833008,35.95286560058594,35.86269760131836,35.763526916503906,35.631935119628906,35.41992950439453,35.18602752685547,35.03599548339844,35.04379653930664,35.19255447387695,35.314918518066406
42.51133728027344,43.004520416259766,42.97785568237305,42.66401290893555,41.63129425048828,40.5778694152832,39.689002990722656,39.24972915649414,39.20189666748047,39.11594009399414,38.72221755981445,38.145729064941406,37.55344772338867,37.08769989013672,36.92830276489258,37.10912322998047,37.44691467285156,37.667335510253906,37.595333099365234,37.23019027709961,36.766517639160156,36.34469223022461,35.993804931640625,35.75444412231445,35.59531021118164,35.581939697265625,35.87590408325195,36.377872467041016,36.83073425292969,37.115535736083984,37.230289459228516,37.174217224121094,37.03899002075195,36.934471130371094,36.828269958496094,36.612483978271484,36.3127555847168,36.08271026611328,35.98429870605469,36.01047897338867,36.07353591918945,36.21364974975586,36.463401794433594,36.71760177612305
44.34003829956055,43.48980712890625,43.414794921875,43.47270965576172,42.82732009887695,42.1140251159668,41.38359832763672,40.86036682128906,40.54347229003906,40.28096008300781,39.81004333496094,39.02073287963867,38.20083999633789,37.73689651489258,37.65733337402344,37.83383560180664,38.20000457763672,38.594425201416016,38.78985595703125,38.68579864501953,38.39506530761719,38.028907775878906,37.67295455932617,37.38750076293945,37.17204666137695,37.275787353515625,37.76590347290039,38.27885055541992,38.602169036865234,38.80593490600586,38.96472930908203,39.03575897216797,38.9495964050293,38.70094299316406,38.30988693237305,37.80548095703125,37.34170913696289,37.02379608154297,36.975128173828125,37.16070556640625,37.38854217529297,37.608638763427734,37.86192321777344,38.09218978881836
45.72942352294922,44.81111526489258,44.81898880004883,44.98801803588867,44.72832489013672,44.313533782958984,43.78861999511719,43.17951202392578,42.47150421142578,41.85166931152344,41.29932403564453,40.71403884887695,40.20237350463867,39.82192611694336,39.522132873535156,39.432281494140625,39.75836181640625,40.3009147644043,40.63574981689453,40.59638977050781,40.42560577392578,40.28923034667969,40.108394622802734,39.79481506347656,39.51161575317383,39.66197204589844,40.203094482421875,40.62480545043945,40.63902282714844,40.45361328125,40.393714904785156,40.52116012573242,40.627540588378906,40.49992370605469,40.00346374511719,39.29458236694336,38.74652099609375,38.493896484375,38.531471252441406,38.720420837402344,38.89646530151367,39.07085418701172,39.28769302368164,39.44731140136719
46.946388244628906,46.84039306640625,46.76586151123047,46.62322235107422,46.2943229675293,46.1019172668457,45.829986572265625,45.207862854003906,44.31185531616211,43.478721618652344,42.907108306884766,42.69689178466797,42.7114372253418,42.608463287353516,42.31037902832031,42.19720458984375,42.52058792114258,43.14885711669922,43.52925491333008,43.37221145629883,43.150028228759766,43.21961212158203,43.162776947021484,42.62146759033203,42.02018356323242,42.069026947021484,42.62495422363281,42.9166374206543,42.57217025756836,41.94678497314453,41.606502532958984,41.681339263916016,41.876678466796875,41.83818435668945,41.3853645324707,40.71424865722656,40.20012664794922,40.020084381103516,40.08847427368164,40.24697494506836,40.38755798339844,40.53535461425781,40.731109619140625,40.877689361572266
48.539424896240234,48.682106018066406,48.10393524169922,47.641754150390625,46.987770080566406,46.9193115234375,46.88310623168945,46.43521499633789,45.76639938354492,45.219425201416016,44.85560989379883,44.71684646606445,44.746280670166016,44.62095260620117,44.391937255859375,44.457332611083984,45.00431442260742,45.767433166503906,46.17753219604492,46.04728317260742,45.99811935424805,46.33608627319336,46.438568115234375,45.809410095214844,44.95134353637695,44.67301940917969,44.93672180175781,44.95347595214844,44.34815216064453,43.56052780151367,43.04219436645508,42.84774398803711,42.883541107177734,42.89033508300781,42.63143539428711,42.1421012878418,41.68398666381836,41.4674186706543,41.4642333984375,41.526893615722656,41.61248779296875,41.767791748046875,42.021385192871094,42.29667282104492
