data/wind_data/wind_24_3.json
{"header": {"parameterUnit": "KT", "parameterCategory": 2, "nx": 256, "ny": 198, "lo1": 44.73521041870117, "la1": -3.236724853515625, "lo2": 111.26478576660156, "la2": 43.468475341796875, "dx": 0.2609002888202667, "dy": -0.23708222806453705, "refTime": "2025-02-20 00:00:00", "forecastTime": 0, "parameterNumber": 2, "parameterNumberName": "eastward_wind"}, "data":
[rows 171 to 189 of 198, columns 0 to 43 of 256]
15.556042671203613,15.927671432495117,12.10592269897461,12.814894676208496,14.25568962097168,14.443255424499512,13.142072677612305,10.201417922973633,7.004178524017334,9.394256591796875,13.67988395690918,17.597431182861328,16.5469970703125,15.159900665283203,18.219215393066406,21.20471954345703,17.23118782043457,10.988424301147461,9.847465515136719,11.973201751708984,13.482568740844727,13.224536895751953,12.79673957824707,12.68865966796875,13.195639610290527,14.226609230041504,15.195262908935547,15.856234550476074,16.33007049560547,16.343570709228516,15.43064022064209,14.17465877532959,13.384614944458008,12.555724143981934,10.99372386932373,9.05210018157959,7.659085273742676,6.995028972625732,6.812732219696045,7.096650123596191,7.372602939605713,7.553628921508789,7.443678379058838,7.391593933105469
18.73281478881836,18.60916519165039,12.528966903686523,13.210800170898438,18.211505889892578,20.659982681274414,19.234874725341797,16.168411254882812,14.316953659057617,12.283260345458984,8.376142501831055,9.98436450958252,12.736912727355957,14.181048393249512,16.36806869506836,19.9486083984375,15.301331520080566,10.449073791503906,10.6982421875,14.653586387634277,16.78134536743164,15.742622375488281,14.366191864013672,13.869062423706055,13.69476318359375,13.655773162841797,13.573975563049316,13.324633598327637,12.78940200805664,12.02175235748291,11.679640769958496,11.823810577392578,11.44729232788086,9.65295124053955,7.4471025466918945,5.982870578765869,5.522938251495361,5.521039962768555,5.435268878936768,5.40765905380249,5.918607234954834,6.181115627288818,6.363955974578857,5.952187538146973
20.65070915222168,17.066696166992188,10.523457527160645,12.39743423461914,17.10785675048828,17.15969467163086,16.72652244567871,17.3896541595459,18.914182662963867,13.730172157287598,10.88383674621582,11.475685119628906,12.269856452941895,14.362015724182129,10.830892562866211,12.991485595703125,9.797163963317871,7.278730392456055,10.19832992553711,15.201507568359375,17.821455001831055,17.3117618560791,16.232606887817383,16.03986930847168,15.77275562286377,14.793228149414062,13.224099159240723,11.296721458435059,9.657208442687988,9.184362411499023,9.603591918945312,9.686156272888184,8.380865097045898,6.305281639099121,4.819314002990723,4.129278659820557,4.343172550201416,4.639228820800781,4.437718868255615,3.977525472640991,4.566930770874023,5.203390121459961,5.480707168579102,4.37653112411499
19.199024200439453,12.550737380981445,7.06697416305542,10.792530059814453,14.264811515808105,16.726417541503906,19.54912567138672,18.722795486450195,18.447731018066406,16.33708381652832,14.991897583007812,14.886601448059082,15.619630813598633,14.009932518005371,14.665651321411133,12.346162796020508,8.990103721618652,7.888664722442627,10.13978385925293,13.867091178894043,16.392749786376953,16.849536895751953,16.793933868408203,17.169246673583984,17.084638595581055,15.688733100891113,12.868509292602539,9.610107421875,7.815222263336182,7.483409881591797,7.3936991691589355,6.685166835784912,5.491178035736084,4.341901779174805,3.5664308071136475,3.240522861480713,3.6389598846435547,4.000393390655518,3.709533929824829,3.356828212738037,3.4917514324188232,4.521529674530029,4.784243583679199,3.2504465579986572
16.257766723632812,9.973172187805176,6.224618911743164,10.618512153625488,16.18062400817871,21.55847930908203,22.38298988342285,19.027070999145508,15.233491897583008,15.356924057006836,15.004769325256348,14.166133880615234,15.907505989074707,15.232645988464355,15.315409660339355,13.178958892822266,11.51750659942627,11.070452690124512,11.162142753601074,11.980264663696289,13.4188814163208,14.673233985900879,15.879130363464355,16.822925567626953,16.683673858642578,14.828911781311035,11.688573837280273,8.63283920288086,6.681385517120361,5.606051921844482,4.790778160095215,4.289931774139404,4.0139875411987305,3.641103982925415,3.194188117980957,3.0277576446533203,3.257697105407715,3.4204726219177246,2.95564603805542,2.8345518112182617,3.2892673015594482,3.937060832977295,4.4011359214782715,3.5901477336883545
16.522422790527344,11.823075294494629,9.743599891662598,14.835389137268066,21.738162994384766,24.675046920776367,24.69056510925293,21.703420639038086,16.393417358398438,14.61036205291748,13.5327787399292,11.785033226013184,12.486642837524414,13.466057777404785,13.292366027832031,11.643050193786621,10.215813636779785,10.895709037780762,11.264653205871582,10.647285461425781,10.807097434997559,12.19135570526123,14.059286117553711,15.401021003723145,15.230567932128906,13.281803131103516,10.52673053741455,7.944160461425781,5.70526647567749,3.9803500175476074,3.2408416271209717,3.375088930130005,3.6815991401672363,3.691824436187744,3.3221142292022705,3.1144936084747314,3.216024875640869,3.484513282775879,3.0647077560424805,2.4933855533599854,2.870256185531616,3.3360755443573,3.689321756362915,3.8610081672668457
15.636527061462402,13.261119842529297,15.893332481384277,22.24690818786621,26.622163772583008,27.255054473876953,28.191730499267578,26.130395889282227,21.688568115234375,18.038311004638672,13.754880905151367,10.959675788879395,10.334155082702637,11.171753883361816,11.177031517028809,9.736891746520996,8.361342430114746,9.60189437866211,11.061127662658691,10.371042251586914,9.33127212524414,10.280750274658203,12.207499504089355,13.601231575012207,13.59233570098877,11.925874710083008,9.625843048095703,7.604233741760254,5.555352210998535,3.7557826042175293,3.2985846996307373,3.6774837970733643,4.147353172302246,4.318605422973633,3.948796272277832,3.371626853942871,3.35551118850708,4.325888156890869,5.3448166847229,3.9232125282287598,2.5351572036743164,2.918816089630127,3.399247169494629,3.657048225402832
9.810652732849121,15.42437744140625,20.60004234313965,25.641307830810547,28.978435516357422,28.97303009033203,28.627826690673828,28.073965072631836,24.179794311523438,17.0412654876709,10.268120765686035,8.805612564086914,9.768038749694824,9.876538276672363,9.605844497680664,7.975708484649658,7.44082498550415,9.331389427185059,11.305198669433594,11.143985748291016,9.608409881591797,9.440698623657227,10.868818283081055,12.339554786682129,12.178184509277344,10.848163604736328,9.234505653381348,7.792398452758789,6.370880603790283,5.076782703399658,4.674164295196533,4.976505279541016,5.233095169067383,5.194943904876709,4.74815034866333,3.8142123222351074,3.7387616634368896,4.96477746963501,6.2707600593566895,5.167022705078125,3.4001805782318115,3.173292875289917,3.411468029022217,3.5304627418518066
8.472081184387207,18.752286911010742,21.440536499023438,25.56022071838379,29.072654724121094,26.38105010986328,29.14661407470703,28.8913516998291,21.184335708618164,11.283422470092773,6.876913070678711,7.644644737243652,9.786077499389648,10.308598518371582,9.071648597717285,7.4960856437683105,7.613701343536377,9.57196044921875,11.640941619873047,12.219941139221191,11.017757415771484,10.151116371154785,10.483092308044434,11.099851608276367,11.164884567260742,10.350846290588379,9.45249080657959,8.38052749633789,7.3097991943359375,6.721800804138184,6.563938140869141,6.807491779327393,6.888542175292969,6.563345909118652,5.791075706481934,4.837895393371582,4.675746440887451,4.833295822143555,5.1489105224609375,5.537253379821777,5.143584251403809,4.587444305419922,4.333705425262451,4.670902729034424
14.116026878356934,21.059566497802734,21.913467407226562,25.04792022705078,28.048791885375977,25.75530433654785,27.50118064880371,30.788972854614258,22.609121322631836,9.771069526672363,4.723361492156982,5.793306827545166,8.325291633605957,9.59465217590332,9.868916511535645,9.091547966003418,9.161519050598145,10.110222816467285,11.423286437988281,12.889248847961426,12.792909622192383,11.898693084716797,11.478217124938965,11.13637924194336,11.22522258758545,11.197250366210938,10.420382499694824,9.072264671325684,7.955950736999512,7.72239875793457,8.03305435180664,8.50406265258789,8.800731658935547,8.541401863098145,7.6326799392700195,6.523097038269043,5.506338119506836,4.732916831970215,4.652125358581543,5.499805927276611,6.414390563964844,6.644043445587158,6.522390842437744,6.781666278839111
15.406781196594238,21.297157287597656,22.36641502380371,22.172504425048828,27.294687271118164,26.79094123840332,32.8886833190918,30.520401000976562,13.98159408569336,3.8431293964385986,3.693675994873047,6.227823734283447,8.225488662719727,9.078794479370117,10.135282516479492,11.861435890197754,14.16012954711914,12.89306354522705,11.658624649047852,13.074642181396484,14.311975479125977,13.752191543579102,12.455185890197754,12.23006534576416,12.654925346374512,13.319038391113281,12.851300239562988,10.898164749145508,9.021368980407715,8.5166015625,8.999985694885254,9.639453887939453,10.037796020507812,9.953734397888184,9.221932411193848,7.837038516998291,6.13431978225708,5.049884796142578,4.817261695861816,5.375425338745117,6.563053131103516,7.641786575317383,8.157489776611328,8.466483116149902
15.204611778259277,18.64512062072754,20.110414505004883,19.595993041992188,23.02055549621582,22.169492721557617,20.841201782226562,15.237374305725098,6.6604437828063965,2.477978229522705,4.553213596343994,6.9365081787109375,9.170080184936523,11.933361053466797,13.943460464477539,17.219669342041016,20.240970611572266,17.83547019958496,13.65011978149414,13.898310661315918,15.377691268920898,15.87618637084961,14.803380966186523,13.836201667785645,14.353164672851562,15.27402400970459,15.233907699584961,13.542182922363281,10.916574478149414,9.475553512573242,9.724973678588867,10.529200553894043,10.879363059997559,10.625664710998535,9.892721176147461,8.765939712524414,7.160544395446777,5.871416091918945,5.627205848693848,6.024597644805908,6.857394218444824,7.8255615234375,8.393261909484863,8.804886817932129
14.734657287597656,15.938029289245605,14.865030288696289,13.058274269104004,11.874604225158691,10.802699089050293,9.42878532409668,7.058990478515625,4.638255596160889,3.6081533432006836,5.56923770904541,8.43774700164795,12.834061622619629,18.02325439453125,22.64864158630371,24.838497161865234,24.532615661621094,20.421995162963867,15.348038673400879,14.136381149291992,15.870378494262695,17.294645309448242,17.215076446533203,16.827571868896484,16.66690444946289,16.9639892578125,16.928272247314453,15.691184043884277,13.250067710876465,11.064911842346191,10.582427978515625,11.379951477050781,11.847332954406738,11.550588607788086,10.72436237335205,9.481005668640137,8.010602951049805,6.727123260498047,6.325347900390625,6.791284561157227,7.419775009155273,7.80824613571167,8.013233184814453,8.311031341552734
7.794533729553223,6.627757549285889,6.01362419128418,7.3053789138793945,5.74371337890625,4.263193130493164,3.887314796447754,3.996602773666382,4.324689865112305,5.275242328643799,8.773935317993164,14.218579292297363,20.32554817199707,25.440677642822266,27.43107032775879,25.915061950683594,25.397287368774414,19.570167541503906,15.05112075805664,14.253072738647461,16.546560287475586,18.677669525146484,19.152244567871094,19.107616424560547,18.78234100341797,18.291982650756836,18.030746459960938,17.096113204956055,15.195699691772461,12.962912559509277,11.890671730041504,12.415791511535645,12.977660179138184,12.897612571716309,12.139023780822754,10.667759895324707,9.006706237792969,7.743234157562256,7.11387300491333,7.636474609375,8.425943374633789,8.508509635925293,8.159815788269043,7.881650924682617
-3.0716710090637207,-1.6768654584884644,2.0419061183929443,4.0866827964782715,3.196171998977661,2.1849234104156494,3.5805742740631104,4.0008649826049805,3.601496458053589,6.708998203277588,13.366597175598145,21.498661041259766,26.638748168945312,26.267467498779297,27.83014488220215,27.493759155273438,22.3251953125,17.354694366455078,15.397043228149414,15.11745834350586,17.16121482849121,19.502275466918945,20.46022605895996,20.50123405456543,20.005992889404297,18.97242546081543,18.800806045532227,18.658388137817383,17.02344512939453,14.789836883544922,13.609916687011719,13.850221633911133,14.552607536315918,14.601909637451172,13.889008522033691,12.4175386428833,10.577333450317383,9.28121280670166,8.865172386169434,9.397002220153809,9.907394409179688,9.453271865844727,8.557645797729492,7.983273983001709
-0.053073786199092865,3.2676680088043213,4.2062249183654785,2.342144727706909,4.830632209777832,4.391308784484863,2.998793601989746,3.5020864009857178,4.331588268280029,9.571840286254883,21.671281814575195,29.231725692749023,27.30453872680664,28.990873336791992,26.76432991027832,22.64493179321289,18.282451629638672,16.011850357055664,16.117210388183594,16.88732147216797,18.310054779052734,19.973751068115234,21.241273880004883,21.787790298461914,21.792268753051758,20.259366989135742,18.970020294189453,19.215221405029297,18.56354522705078,16.528947830200195,15.439356803894043,15.762742042541504,16.343143463134766,16.3055477142334,15.380705833435059,14.109090805053711,12.532458305358887,11.496097564697266,11.172952651977539,11.15666389465332,10.784189224243164,9.832329750061035,9.010100364685059,8.710010528564453
6.871768474578857,5.5392584800720215,1.8906137943267822,-1.6213995218276978,1.4029273986816406,2.6559219360351562,4.030993461608887,3.1419053077697754,4.586045265197754,17.256013870239258,29.58979034423828,31.775667190551758,28.334766387939453,25.672996520996094,21.552921295166016,17.48831558227539,15.560076713562012,15.919576644897461,17.469154357910156,18.96705436706543,20.141000747680664,21.211315155029297,22.1478271484375,22.988561630249023,23.855316162109375,23.17037582397461,20.309988021850586,18.895103454589844,18.947921752929688,18.343908309936523,17.56004524230957,17.958703994750977,18.433696746826172,18.07017707824707,16.692331314086914,15.540684700012207,14.599211692810059,13.868824005126953,13.116385459899902,12.271903038024902,11.23752498626709,10.152752876281738,9.546282768249512,9.480228424072266
13.86086368560791,10.45406436920166,4.489762306213379,-0.1767708957195282,0.2511025369167328,1.8653877973556519,1.4746443033218384,4.073238372802734,17.73949432373047,30.934268951416016,35.02175521850586,32.17074966430664,31.05571174621582,24.132587432861328,16.70281410217285,13.655573844909668,14.593901634216309,16.612913131713867,18.555694580078125,20.29242515563965,21.81230926513672,23.012521743774414,23.755725860595703,24.220352172851562,24.861263275146484,25.09401512145996,22.828786849975586,19.285886764526367,18.107213973999023,18.6083984375,18.896909713745117,19.736116409301758,20.067060470581055,19.336872100830078,17.563322067260742,16.455875396728516,15.860624313354492,15.134882926940918,13.73025131225586,12.360766410827637,11.367225646972656,10.484212875366211,9.993359565734863,9.936767578125
20.976667404174805,17.07073974609375,11.339500427246094,3.6789207458496094,2.218233346939087,1.452273964881897,10.375259399414062,23.806713104248047,35.52053451538086,38.807350158691406,37.088558197021484,34.57858657836914,28.40700340270996,18.905906677246094,12.736445426940918,12.02270221710205,14.512625694274902,17.13939094543457,19.168100357055664,21.108739852905273,23.064205169677734,24.860389709472656,26.094762802124023,26.630306243896484,26.647136688232422,26.781871795654297,25.859371185302734,22.376277923583984,18.94477653503418,18.4145565032959,19.578052520751953,21.142297744750977,21.7250919342041,20.70273208618164,18.573396682739258,17.241580963134766,16.507801055908203,15.484674453735352,14.05443286895752,12.899310111999512,12.166848182678223,11.557896614074707,11.063359260559082,10.813884735107422
