data/wind_data/wind_52_7.json
{"header": {"parameterUnit": "KT", "parameterCategory": 2, "nx": 256, "ny": 198, "lo1": 44.73521041870117, "la1": -3.236724853515625, "lo2": 111.26478576660156, "la2": 43.468475341796875, "dx": 0.2609002888202667, "dy": -0.23708222806453705, "refTime": "2025-02-21 04:00:00", "forecastTime": 0, "parameterNumber": 2, "parameterNumberName": "eastward_wind"}, "data":
[rows 0 to 19 of 198, columns 0 to 43 of 256]
-37.815093994140625,-36.624019622802734,-35.754249572753906,-35.22404098510742,-34.79359436035156,-34.45167922973633,-34.00857162475586,-33.53340530395508,-33.26858139038086,-33.104217529296875,-32.836875915527344,-32.547603607177734,-32.337493896484375,-32.07252883911133,-31.625614166259766,-31.049850463867188,-30.34731674194336,-29.532167434692383,-28.4490966796875,-28.056577682495117,-28.8328914642334,-28.781734466552734,-27.565256118774414,-26.75918960571289,-26.41071891784668,-26.110675811767578,-25.86855697631836,-25.64214324951172,-25.479808807373047,-25.78168487548828,-26.012069702148438,-24.582555770874023,-22.706546783447266,-22.150300979614258,-21.63703155517578,-19.92658042907715,-18.495222091674805,-18.474702835083008,-18.191404342651367,-16.948209762573242,-15.475507736206055,-13.85225772857666,-12.468019485473633,-11.427128791809082
-37.67564392089844,-36.71161651611328,-36.00099563598633,-35.70930099487305,-35.349998474121094,-34.743629455566406,-33.903160095214844,-33.271568298339844,-33.179534912109375,-33.24934768676758,-32.90827178955078,-32.44895553588867,-31.973678588867188,-31.406288146972656,-31.158700942993164,-30.880756378173828,-30.285388946533203,-29.552461624145508,-28.7153377532959,-28.553327560424805,-29.00823211669922,-28.250274658203125,-26.525121688842773,-25.694440841674805,-25.68654441833496,-25.53129768371582,-24.934995651245117,-24.44611167907715,-24.3896484375,-24.382015228271484,-24.152368545532227,-23.67572593688965,-23.12520980834961,-22.198204040527344,-20.64361000061035,-18.926311492919922,-17.943296432495117,-18.020618438720703,-17.218791961669922,-14.788639068603516,-11.928502082824707,-8.940272331237793,-6.614504337310791,-5.128227710723877
-37.07017517089844,-36.60886764526367,-36.060211181640625,-35.44242858886719,-34.781097412109375,-34.080135345458984,-33.62572479248047,-33.452030181884766,-33.390132904052734,-33.400123596191406,-33.153926849365234,-32.71012878417969,-32.003746032714844,-31.153350830078125,-30.682477951049805,-30.30101776123047,-29.73529815673828,-29.213953018188477,-28.966379165649414,-28.828977584838867,-28.557575225830078,-27.782115936279297,-26.605100631713867,-25.539464950561523,-24.852262496948242,-24.71118927001953,-24.51584815979004,-23.979997634887695,-23.52815818786621,-23.084274291992188,-22.57036018371582,-22.10346221923828,-21.41120147705078,-20.02870750427246,-18.424348831176758,-17.340906143188477,-16.711755752563477,-16.28826332092285,-14.631797790527344,-11.259444236755371,-7.634982585906982,-4.086452484130859,-1.8415216207504272,-1.410681962966919
-36.66733169555664,-36.772865295410156,-36.17242431640625,-35.0328369140625,-33.99890899658203,-33.38534164428711,-33.50998306274414,-33.7662353515625,-33.62885665893555,-33.307743072509766,-32.949188232421875,-32.412269592285156,-31.67228889465332,-30.85224151611328,-30.194475173950195,-29.643909454345703,-29.025903701782227,-28.606876373291016,-28.674819946289062,-28.450773239135742,-27.82554817199707,-27.212373733520508,-26.349843978881836,-25.011777877807617,-23.8797550201416,-23.717876434326172,-23.774629592895508,-23.33769416809082,-22.761215209960938,-22.076417922973633,-21.121870040893555,-19.943119049072266,-18.487581253051758,-16.818115234375,-15.613871574401855,-15.288860321044922,-14.707035064697266,-13.24310302734375,-10.655077934265137,-7.027194499969482,-3.5827322006225586,-0.4688356816768646,1.2873003482818604,1.0067819356918335
-36.942230224609375,-37.31368637084961,-36.589054107666016,-35.295135498046875,-34.394161224365234,-34.23508071899414,-34.471160888671875,-34.256649017333984,-33.82576370239258,-33.33981704711914,-32.70087432861328,-32.1605224609375,-31.698501586914062,-31.083463668823242,-30.355619430541992,-29.57916259765625,-28.937541961669922,-28.815156936645508,-28.80170440673828,-28.259380340576172,-27.428987503051758,-26.605859756469727,-25.8238582611084,-24.91899871826172,-23.99956703186035,-23.276458740234375,-22.87908363342285,-22.58584976196289,-21.89240074157715,-20.5582218170166,-18.82166862487793,-16.920759201049805,-15.042450904846191,-13.587936401367188,-12.828875541687012,-12.070694923400879,-10.352287292480469,-7.9036054611206055,-5.313896656036377,-3.0524189472198486,-1.3007543087005615,-0.001679308246821165,0.6110692620277405,0.6406459212303162
-37.19704055786133,-37.587303161621094,-36.93822479248047,-35.99168395996094,-35.57384490966797,-35.17864990234375,-35.08260726928711,-34.541080474853516,-33.7393684387207,-33.050018310546875,-32.227237701416016,-31.43600845336914,-30.54846954345703,-29.51993751525879,-28.443613052368164,-27.382734298706055,-26.568904876708984,-26.101093292236328,-25.58905601501465,-24.87484359741211,-24.031593322753906,-23.240116119384766,-22.702816009521484,-22.1435546875,-21.495412826538086,-20.997373580932617,-20.74669647216797,-20.276384353637695,-19.157686233520508,-17.53093910217285,-15.763461112976074,-14.098732948303223,-12.698882102966309,-11.584115982055664,-10.485773086547852,-8.84327220916748,-6.627384185791016,-4.499660491943359,-2.8786709308624268,-1.9601781368255615,-1.3437831401824951,-0.8716868162155151,-0.4368894100189209,-0.09151098132133484
-37.30290985107422,-37.26245880126953,-36.72666549682617,-36.14752960205078,-35.95286178588867,-35.340755462646484,-34.819725036621094,-33.91309356689453,-32.79197692871094,-31.75758171081543,-30.49403190612793,-29.207836151123047,-27.781557083129883,-26.25231170654297,-24.845455169677734,-23.514101028442383,-22.426496505737305,-21.479284286499023,-20.50679588317871,-19.689393997192383,-19.190269470214844,-18.773406982421875,-18.215354919433594,-17.507429122924805,-16.787778854370117,-16.25623321533203,-15.809528350830078,-15.025973320007324,-13.759135246276855,-12.32009506225586,-10.98400592803955,-9.806058883666992,-8.822369575500488,-7.982161521911621,-7.025256633758545,-5.73117208480835,-4.24132776260376,-3.0348706245422363,-2.4425318241119385,-1.8852455615997314,-0.9382834434509277,0.15531966090202332,1.2293522357940674,1.965051531791687
-36.9693717956543,-36.42831039428711,-35.88357162475586,-35.41462707519531,-35.28004455566406,-34.699310302734375,-33.75087356567383,-32.5056037902832,-31.1251277923584,-29.76955223083496,-28.1249942779541,-26.523271560668945,-24.9243106842041,-23.404346466064453,-22.084592819213867,-21.017667770385742,-20.29387664794922,-19.567462921142578,-18.80240249633789,-17.857303619384766,-17.125808715820312,-16.578397750854492,-15.858609199523926,-14.905438423156738,-13.82371711730957,-12.728310585021973,-11.613757133483887,-10.348726272583008,-9.027108192443848,-7.890279293060303,-7.0395894050598145,-6.309140682220459,-5.494076251983643,-4.683536529541016,-4.01353120803833,-3.3327255249023438,-2.6384060382843018,-1.8278522491455078,-1.2695212364196777,-0.7042778730392456,0.3390984535217285,1.6788355112075806,2.973423957824707,3.9123072624206543
-36.138084411621094,-35.415496826171875,-34.77239227294922,-34.06546401977539,-33.767906188964844,-33.311798095703125,-32.02906036376953,-30.587553024291992,-29.070938110351562,-27.53118896484375,-25.735027313232422,-24.07793426513672,-22.526742935180664,-21.15968132019043,-20.05939292907715,-19.358816146850586,-18.865493774414062,-18.283971786499023,-17.885704040527344,-17.1429443359375,-16.357624053955078,-15.704251289367676,-15.095105171203613,-14.247743606567383,-12.980509757995605,-11.432150840759277,-9.891886711120605,-8.473180770874023,-7.2241973876953125,-6.265120029449463,-5.617864608764648,-5.241970539093018,-4.7608208656311035,-3.973609685897827,-3.057590961456299,-2.128211736679077,-1.177008032798767,-0.1770031899213791,0.9043390154838562,1.8353095054626465,2.7404468059539795,3.8676321506500244,5.008420467376709,5.7887468338012695
-34.66011428833008,-34.10500717163086,-33.199039459228516,-32.20285415649414,-31.811962127685547,-31.42522621154785,-29.805755615234375,-28.301889419555664,-26.674968719482422,-25.16024398803711,-23.493947982788086,-22.01683235168457,-20.690929412841797,-19.500577926635742,-18.506786346435547,-17.83185386657715,-17.205034255981445,-16.493993759155273,-15.959136009216309,-15.333977699279785,-14.653206825256348,-13.985427856445312,-13.411728858947754,-12.885616302490234,-11.853559494018555,-10.445454597473145,-8.998806953430176,-7.68818473815918,-6.499558925628662,-5.612563610076904,-4.951508045196533,-4.45072603225708,-3.914494752883911,-3.139232635498047,-2.2471883296966553,-1.3004478216171265,-0.1340823620557785,1.165971279144287,2.6571755409240723,4.140941143035889,5.405398845672607,6.421967029571533,7.194498062133789,7.43727445602417
-32.51639938354492,-32.13502502441406,-31.073299407958984,-30.08730697631836,-29.686946868896484,-29.137094497680664,-27.45374870300293,-25.943782806396484,-24.27360725402832,-22.98348045349121,-21.631650924682617,-20.45738983154297,-19.465423583984375,-18.57921028137207,-17.728778839111328,-16.935163497924805,-16.132396697998047,-15.288993835449219,-14.740548133850098,-13.846905708312988,-12.981541633605957,-12.304022789001465,-11.60677433013916,-11.09665584564209,-10.305423736572266,-9.202733993530273,-7.996008396148682,-6.922567367553711,-5.944648742675781,-5.145120620727539,-4.373812198638916,-3.5351998805999756,-2.6677565574645996,-1.7524763345718384,-0.8775168061256409,-0.16235411167144775,0.5929593443870544,1.6253776550292969,2.9278035163879395,4.570296287536621,6.0409159660339355,7.097721576690674,7.7821197509765625,8.022119522094727
-30.045133590698242,-29.749486923217773,-28.70736312866211,-27.83673095703125,-27.21413230895996,-26.52032470703125,-25.153650283813477,-23.823854446411133,-22.471248626708984,-21.426464080810547,-20.345151901245117,-19.416358947753906,-18.604887008666992,-17.795677185058594,-16.862010955810547,-15.776294708251953,-14.688977241516113,-13.85425853729248,-13.115983963012695,-12.12297248840332,-11.442753791809082,-10.762591361999512,-10.063642501831055,-9.302164077758789,-8.560644149780273,-7.679183483123779,-6.80090856552124,-6.086409568786621,-5.441251277923584,-4.739508152008057,-3.717078924179077,-2.513545274734497,-1.4732633829116821,-0.6724363565444946,0.035953689366579056,0.6989255547523499,1.4025040864944458,2.209155559539795,3.1240761280059814,4.276525020599365,5.610514163970947,6.949150085449219,7.910281658172607,8.441822052001953
-27.31208038330078,-27.238492965698242,-26.442981719970703,-25.551315307617188,-24.66850471496582,-24.218860626220703,-23.1868953704834,-22.169723510742188,-21.022428512573242,-20.199369430541992,-19.283002853393555,-18.416934967041016,-17.50865364074707,-16.51188087463379,-15.37779426574707,-14.094295501708984,-12.81715202331543,-11.774608612060547,-10.967364311218262,-10.464699745178223,-10.045578956604004,-9.43354606628418,-8.721209526062012,-7.763072490692139,-6.821440696716309,-5.8343119621276855,-4.924829959869385,-4.403765678405762,-3.9364352226257324,-3.4055404663085938,-2.442514657974243,-1.317378044128418,-0.42339053750038147,0.24070100486278534,0.907053530216217,1.5231465101242065,2.217989206314087,3.061866044998169,3.9203693866729736,4.8050537109375,5.850202560424805,7.098277568817139,8.16975212097168,8.900919914245605
-25.274150848388672,-24.882394790649414,-24.336713790893555,-23.383220672607422,-22.367778778076172,-22.318883895874023,-21.282405853271484,-20.485828399658203,-19.457990646362305,-18.603038787841797,-17.745065689086914,-16.828285217285156,-15.870537757873535,-14.917393684387207,-13.933598518371582,-12.947572708129883,-11.896987915039062,-10.801474571228027,-9.850358963012695,-9.232779502868652,-8.603736877441406,-7.752919673919678,-6.878170013427734,-5.78938102722168,-4.816915035247803,-4.073136806488037,-3.1446309089660645,-2.505983591079712,-1.804364562034607,-1.360556960105896,-0.7278148531913757,0.2610934376716614,1.1089777946472168,1.6416170597076416,2.1063528060913086,2.505253791809082,2.877699375152588,3.5924718379974365,4.469142436981201,5.195461750030518,5.942633628845215,6.922691822052002,7.928019046783447,8.776010513305664
-23.745376586914062,-22.445404052734375,-21.849300384521484,-20.969465255737305,-19.94658088684082,-19.96266746520996,-18.682371139526367,-17.909320831298828,-17.094852447509766,-16.43763542175293,-15.700979232788086,-14.773375511169434,-13.89240550994873,-13.137153625488281,-12.4168119430542,-11.622193336486816,-10.880471229553223,-10.124903678894043,-9.197099685668945,-8.20730972290039,-7.2705817222595215,-6.31710147857666,-5.247539043426514,-4.1285624504089355,-3.348921060562134,-2.809847593307495,-2.2321436405181885,-1.8057782649993896,-0.8657323122024536,-0.245624840259552,0.2702364921569824,1.1978569030761719,2.5542922019958496,3.513631820678711,3.7909328937530518,3.7200915813446045,3.558049201965332,3.712502956390381,4.623196125030518,5.486168384552002,6.0473833084106445,6.614719390869141,7.442431926727295,8.329146385192871
-22.202558517456055,-20.67953872680664,-19.904075622558594,-18.80132484436035,-17.804737091064453,-17.570417404174805,-15.96336841583252,-15.143211364746094,-14.146970748901367,-13.487882614135742,-12.895831108093262,-12.246326446533203,-11.719060897827148,-11.194244384765625,-10.535696983337402,-9.806063652038574,-9.268900871276855,-8.876482963562012,-8.335179328918457,-7.544521808624268,-6.656214714050293,-5.634506702423096,-4.475406646728516,-3.50947904586792,-2.8987677097320557,-2.3956642150878906,-1.941970705986023,-1.4571517705917358,-0.6102216243743896,0.18367643654346466,1.0010809898376465,1.3448891639709473,2.394505500793457,3.931421995162964,4.790201663970947,4.781219005584717,4.5089192390441895,4.182294845581055,4.565800189971924,5.4829421043396,6.1794891357421875,6.538957118988037,6.98369026184082,7.7078142166137695
-20.58644676208496,-19.505653381347656,-18.413259506225586,-17.01768684387207,-16.48170280456543,-15.934971809387207,-14.17687702178955,-13.300649642944336,-11.948392868041992,-10.981685638427734,-10.199326515197754,-9.657265663146973,-9.466939926147461,-9.269519805908203,-8.763677597045898,-8.20703125,-7.902284622192383,-7.687542915344238,-7.398625373840332,-6.802774906158447,-5.918304920196533,-4.971506595611572,-4.213193416595459,-3.7095093727111816,-3.3736629486083984,-2.952287435531616,-2.239650011062622,-1.3644331693649292,-0.8081443309783936,-0.2845087945461273,1.0373138189315796,1.735255241394043,1.9535740613937378,3.290219306945801,4.7977752685546875,5.49222469329834,5.4229936599731445,5.091269016265869,4.978691101074219,5.51568078994751,6.251158714294434,6.76004695892334,7.011390686035156,7.3468732833862305
-18.42081642150879,-17.453189849853516,-16.154754638671875,-15.442731857299805,-15.91225528717041,-14.583728790283203,-12.92758846282959,-12.105469703674316,-10.84575080871582,-9.91670036315918,-9.037019729614258,-8.38907241821289,-8.069445610046387,-7.9003520011901855,-7.540673732757568,-7.2456278800964355,-7.117782115936279,-6.826046466827393,-6.494504451751709,-6.079779148101807,-5.362842559814453,-4.476975440979004,-3.81396746635437,-3.3859691619873047,-3.2133259773254395,-3.0846712589263916,-2.5324935913085938,-1.497213363647461,-0.9055589437484741,-0.9430441856384277,0.15278789401054382,1.3223328590393066,1.7482669353485107,3.1897451877593994,4.5593180656433105,5.996917247772217,6.2366251945495605,5.963281154632568,5.925601005554199,6.204541206359863,6.703723907470703,7.2722554206848145,7.7566375732421875,7.955031394958496
-15.948427200317383,-14.730703353881836,-13.640620231628418,-13.837890625,-15.037555694580078,-13.177873611450195,-11.454816818237305,-10.76125717163086,-9.591078758239746,-8.8969087600708,-8.28161907196045,-7.644495487213135,-7.0728230476379395,-6.641397476196289,-6.374215126037598,-6.62234354019165,-6.715842247009277,-6.416416168212891,-5.936853408813477,-5.42037296295166,-4.788140296936035,-4.005863666534424,-3.229921817779541,-2.687194347381592,-2.4314520359039307,-2.5215721130371094,-2.7105929851531982,-2.5874135494232178,-1.7151004076004028,-0.6465413570404053,0.1446807086467743,0.388755202293396,0.9880573749542236,2.922123908996582,4.113824844360352,5.912909507751465,6.556922435760498,6.7013678550720215,6.976437091827393,7.475671291351318,7.709659576416016,8.08462142944336,8.716490745544434,8.974352836608887
-13.39309024810791,-12.307123184204102,-11.325752258300781,-11.104043006896973,-12.496565818786621,-11.811002731323242,-9.913761138916016,-9.477853775024414,-8.26894760131836,-7.527121543884277,-7.221139430999756,-6.995410919189453,-6.70893669128418,-6.245297431945801,-6.0488128662109375,-6.481960296630859,-6.52720308303833,-6.117935657501221,-5.428065776824951,-4.534522533416748,-3.733588695526123,-3.1038694381713867,-2.439042806625366,-1.8199877738952637,-1.4558840990066528,-1.3452550172805786,-1.3037186861038208,-1.4628938436508179,-1.2424923181533813,-0.7256225347518921,-0.6034350991249084,-0.1707123965024948,0.8520081639289856,1.8956639766693115,3.0377094745635986,4.770467281341553,5.9091386795043945,7.032784938812256,7.462469100952148,8.282306671142578,8.376571655273438,8.413671493530273,8.688794136047363,8.81149959564209
