data/wind_data/wind_65_6.json
{"header": {"parameterUnit": "KT", "parameterCategory": 2, "nx": 256, "ny": 198, "lo1": 44.73521041870117, "la1": -3.236724853515625, "lo2": 111.26478576660156, "la2": 43.468475341796875, "dx": 0.2609002888202667, "dy": -0.23708222806453705, "refTime": "2025-02-21 17:00:00", "forecastTime": 0, "parameterNumber": 2, "parameterNumberName": "eastward_wind"}, "data":
[rows 120 to 139 of 198, columns 0 to 44 of 256]
83.88951873779297,82.45634460449219,81.95832824707031,81.71685028076172,81.34739685058594,81.33776092529297,81.72908782958984,82.1063003540039,82.18360900878906,82.1034164428711,81.82210540771484,81.41514587402344,80.61737823486328,79.62269592285156,79.39753723144531,80.03883361816406,80.89408874511719,81.31687927246094,81.15628051757812,80.81046295166016,80.6506118774414,80.7661361694336,80.96048736572266,80.97705841064453,80.73582458496094,80.39137268066406,80.23182678222656,80.39776611328125,80.72517395019531,80.88653564453125,80.77447509765625,80.46076202392578,80.11334991455078,80.06245422363281,80.52367401123047,81.18486785888672,81.57868194580078,81.47592163085938,80.89352416992188,80.14639282226562,79.59532928466797,79.32230377197266,79.15245056152344,78.93863677978516,78.66574096679688
85.27953338623047,84.1310043334961,83.79684448242188,83.60687255859375,83.32363891601562,83.32849884033203,83.54904174804688,83.7196044921875,83.65830993652344,83.5186996459961,83.29708862304688,82.93003845214844,81.9976577758789,80.98666381835938,80.96630859375,81.69087219238281,82.34748840332031,82.53860473632812,82.4361572265625,82.35786437988281,82.32459259033203,82.22716522216797,82.10762786865234,81.96134948730469,81.7718734741211,81.54700469970703,81.44055938720703,81.60005950927734,81.89761352539062,82.00708770751953,81.843017578125,81.50686645507812,81.07473754882812,81.00736236572266,81.56782531738281,82.1757583618164,82.19573211669922,81.64978790283203,80.82681274414062,80.19965362548828,79.7929916381836,79.43267822265625,79.28805541992188,79.19369506835938,78.8518295288086
86.94432067871094,85.82145690917969,85.54631042480469,85.38727569580078,85.09402465820312,85.15767669677734,85.32614135742188,85.22891235351562,84.96287536621094,84.8270492553711,84.751953125,84.4124984741211,83.40404510498047,82.52783203125,82.72349548339844,83.27531433105469,83.61463928222656,83.86730194091797,84.07337951660156,84.15220642089844,83.98502349853516,83.59526062011719,83.23478698730469,83.06262969970703,82.98607635498047,82.87263488769531,82.7802505493164,82.87846374511719,83.07938385009766,83.11503601074219,82.87743377685547,82.43975067138672,81.93760681152344,81.80706024169922,82.16797637939453,82.36349487304688,81.95829772949219,81.28457641601562,80.45660400390625,79.85523223876953,79.47461700439453,78.87599182128906,78.37387084960938,78.26908874511719,78.22035217285156
89.04694366455078,87.45157623291016,86.91266632080078,86.63545227050781,86.30308532714844,86.41740417480469,86.65013122558594,86.4786605834961,86.07443237304688,85.840087890625,85.69330596923828,85.3221206665039,84.52269744873047,84.0428466796875,84.34654235839844,84.60871124267578,84.77172088623047,85.16995239257812,85.55278778076172,85.61626434326172,85.32306671142578,84.82579040527344,84.40914154052734,84.23603820800781,84.20323181152344,84.13157653808594,83.9991455078125,83.97283935546875,84.05511474609375,83.91024017333984,83.4701919555664,82.94548797607422,82.45865631103516,82.20850372314453,82.10928344726562,81.63269805908203,80.82760620117188,80.14663696289062,79.24593353271484,78.67350769042969,78.49051666259766,78.01023864746094,77.54390716552734,77.5654525756836,77.5427474975586
90.63317108154297,88.77291107177734,88.05368041992188,87.7404556274414,87.4037857055664,87.46153259277344,87.76605224609375,87.71524047851562,87.1685791015625,86.5654296875,86.14137268066406,85.78673553466797,85.39861297607422,85.43103790283203,85.84588623046875,86.03006744384766,86.08287048339844,86.31878662109375,86.64273834228516,86.76627349853516,86.53398132324219,86.03018951416016,85.56170654296875,85.35517883300781,85.32478332519531,85.25804138183594,85.046630859375,84.78253173828125,84.44185638427734,83.87452697753906,83.18327331542969,82.50350952148438,82.04203796386719,81.83747863769531,81.38005065917969,80.38785552978516,79.29169464111328,78.57710266113281,78.04918670654297,77.07946014404297,75.85689544677734,74.84410858154297,74.47315216064453,75.42288970947266,76.3696060180664
91.27301025390625,89.54340362548828,88.9638671875,88.88794708251953,88.65791320800781,88.61770629882812,88.86502838134766,88.89427947998047,88.35802459716797,87.44786834716797,86.59854125976562,86.19677734375,86.29679870605469,86.94375610351562,87.58488464355469,87.65573120117188,87.43244934082031,87.40813446044922,87.64939880371094,87.82595825195312,87.64405059814453,87.14787292480469,86.65910339355469,86.38831329345703,86.2616958618164,86.0715560913086,85.6611328125,85.02178955078125,84.10111999511719,83.11648559570312,82.1843490600586,81.25868225097656,80.76148223876953,80.57545471191406,79.88612365722656,78.63996124267578,77.52088928222656,76.63853454589844,75.8433609008789,74.9485855102539,73.8571548461914,72.78173065185547,72.0933837890625,72.26908111572266,72.24725341796875
91.78443908691406,90.28805541992188,89.86004638671875,89.94183349609375,89.78384399414062,89.65192413330078,89.73816680908203,89.80977630615234,89.41849517822266,88.40935516357422,87.24880981445312,86.64729309082031,87.23314666748047,88.6597671508789,89.42719268798828,89.13832092285156,88.64482879638672,88.5032958984375,88.60821533203125,88.65634155273438,88.4584732055664,88.02713775634766,87.56941223144531,87.20466613769531,86.8757095336914,86.45539093017578,85.75093841552734,84.63191223144531,83.21171569824219,81.90708923339844,80.72972106933594,79.58794403076172,79.03431701660156,78.7772216796875,77.89089965820312,76.6667709350586,75.5688705444336,74.57280731201172,73.525146484375,72.61058807373047,72.00040435791016,71.189208984375,70.60187530517578,70.24110412597656,69.55016326904297
92.62346649169922,91.55400848388672,91.21883392333984,91.17522430419922,90.99494171142578,90.83684539794922,90.75260162353516,90.6591567993164,90.24011993408203,89.38233947753906,88.21841430664062,87.26097106933594,88.0656967163086,90.08808898925781,90.9301986694336,90.4410629272461,89.77804565429688,89.46583557128906,89.36952209472656,89.26544189453125,89.02558135986328,88.61946868896484,88.17017364501953,87.72061157226562,87.17780303955078,86.57015228271484,85.5158920288086,83.80110931396484,82.0853271484375,80.52213287353516,78.90730285644531,77.6715316772461,77.2782974243164,76.9317626953125,75.89961242675781,74.82962799072266,74.01848602294922,73.09736633300781,71.89830017089844,70.78260040283203,70.34158325195312,69.79524230957031,68.7516098022461,68.23787689208984,68.45867156982422
93.45860290527344,92.83419799804688,92.66374969482422,92.48355865478516,92.28376007080078,92.12374114990234,91.82897186279297,91.41948699951172,90.9526596069336,90.3197021484375,89.2406234741211,88.18156433105469,88.84048461914062,90.77145385742188,91.77342224121094,91.52786254882812,90.90409851074219,90.45620727539062,90.18488311767578,89.90306854248047,89.5328369140625,89.08824920654297,88.61603546142578,88.03755950927734,87.25776672363281,86.44420623779297,84.98152160644531,82.79896545410156,81.03721618652344,79.22039794921875,77.1186752319336,76.01610565185547,75.68038177490234,75.15904235839844,74.37468719482422,73.78366088867188,73.29021453857422,72.23162841796875,70.70564270019531,69.56889343261719,68.87478637695312,68.31334686279297,68.4464340209961,69.47531127929688,70.40633392333984
94.04724884033203,93.75578308105469,93.75286102294922,93.61042785644531,93.4657211303711,93.28642272949219,92.87480163574219,92.28814697265625,91.6867446899414,91.01531982421875,90.22468566894531,89.58378601074219,89.83698272705078,91.0207290649414,92.0403823852539,92.27549743652344,91.97708129882812,91.57201385498047,91.15227508544922,90.62596893310547,90.05235290527344,89.5379638671875,89.01563262939453,88.26289367675781,87.2078857421875,86.08695220947266,84.30039978027344,82.09390258789062,80.28128051757812,78.0998306274414,76.01055908203125,75.26984405517578,74.71269989013672,73.90328979492188,73.39026641845703,73.21106719970703,72.74506378173828,71.43232727050781,69.71337890625,68.64275360107422,68.5250473022461,69.634765625,71.64715576171875,73.02249145507812,72.50587463378906
94.55300903320312,94.42638397216797,94.56014251708984,94.53895568847656,94.52152252197266,94.45015716552734,94.16783905029297,93.45325469970703,92.46589660644531,91.73265838623047,91.56099700927734,91.46047973632812,91.22987365722656,91.3913345336914,92.07312774658203,92.68182373046875,92.79511260986328,92.51260375976562,92.00652313232422,91.35336303710938,90.65953826904297,90.03651428222656,89.4017562866211,88.49739074707031,87.25480651855469,85.79240417480469,83.87550354003906,81.88126373291016,79.81233215332031,77.44635772705078,76.0243911743164,75.35585021972656,74.23100280761719,73.18418884277344,72.60869598388672,72.03215789794922,71.200927734375,70.29521179199219,69.80490112304688,70.1880111694336,71.49821472167969,73.60063171386719,74.8953857421875,73.92738342285156,71.25016784667969
95.20256042480469,95.04994201660156,95.21227264404297,95.26142883300781,95.4227066040039,95.59888458251953,95.3827133178711,94.52906799316406,93.51568603515625,93.10298919677734,93.28527069091797,93.1416015625,92.427734375,92.08724975585938,92.5979995727539,93.21723175048828,93.3407211303711,93.05708312988281,92.5824966430664,92.01908111572266,91.3568344116211,90.65180206298828,89.93094635009766,88.96766662597656,87.60987091064453,85.8187255859375,83.90835571289062,82.07108306884766,79.59414672851562,77.27447509765625,76.3512954711914,75.21656036376953,73.51836395263672,72.26087188720703,71.54278564453125,70.6006088256836,69.60494995117188,69.88218688964844,71.56543731689453,73.72748565673828,75.25187683105469,75.43606567382812,74.12456512451172,71.66663360595703,69.40978240966797
95.962158203125,95.58973693847656,95.68667602539062,95.80880737304688,96.09441375732422,96.4466781616211,96.26853942871094,95.46781921386719,94.7783203125,94.64432525634766,94.75881958007812,94.4776382446289,93.6422119140625,93.07427215576172,93.32426452636719,93.77729797363281,93.88280487060547,93.63127136230469,93.21173858642578,92.75311279296875,92.1281967163086,91.3345947265625,90.52685546875,89.45809173583984,87.92554473876953,85.88602447509766,84.02910614013672,82.21167755126953,79.37382507324219,76.94790649414062,75.88526153564453,74.42282104492188,72.53611755371094,71.23954772949219,70.4511947631836,69.32737731933594,69.32067108154297,72.11256408691406,75.22885131835938,75.89933013916016,74.74047088623047,73.05449676513672,71.43113708496094,70.65143585205078,71.36815643310547
97.01112365722656,96.40176391601562,96.3846435546875,96.54307556152344,96.88865661621094,97.24911499023438,97.0949478149414,96.57169342041016,96.28129577636719,96.25167083740234,96.17213439941406,95.7303466796875,94.99036407470703,94.46318054199219,94.3456039428711,94.39794921875,94.49091339111328,94.41804504394531,94.08515930175781,93.60757446289062,92.89433288574219,91.92295837402344,90.86416625976562,89.59065246582031,87.80879211425781,85.67591094970703,84.00594329833984,82.02832794189453,78.7692642211914,76.28450775146484,75.10726165771484,73.39529418945312,71.47000885009766,70.5143051147461,69.80509185791016,69.32040405273438,72.27928161621094,76.06214141845703,76.13380432128906,73.99467468261719,71.92790985107422,70.53125,70.91471099853516,73.60376739501953,75.587158203125
98.35392761230469,97.47892761230469,97.32681274414062,97.4701919555664,97.8423080444336,98.04833984375,97.8969497680664,97.78052520751953,97.8927230834961,97.83671569824219,97.48565673828125,96.93260955810547,96.34646606445312,95.9005126953125,95.47984313964844,95.07974243164062,95.01803588867188,95.13825225830078,94.94525909423828,94.32328033447266,93.34394836425781,92.10018920898438,90.85611724853516,89.58287048339844,87.66412353515625,85.42028045654297,83.84769439697266,81.55147552490234,77.92316436767578,75.73696899414062,74.43415832519531,72.24369049072266,70.43379211425781,70.2252426147461,70.55829620361328,72.35279083251953,75.50938415527344,76.16590881347656,74.34637451171875,71.99150085449219,70.31477355957031,70.6830062866211,74.3144302368164,76.76448059082031,75.83048248291016
99.86866760253906,98.90936279296875,98.6483383178711,98.70616149902344,98.94892120361328,98.95531463623047,98.87779235839844,99.00662994384766,99.13829040527344,98.90245056152344,98.4248275756836,97.84237670898438,97.2564697265625,96.85802459716797,96.50811004638672,95.91793060302734,95.37013244628906,95.28384399414062,95.3161849975586,94.80400848388672,93.61431121826172,92.10474395751953,90.67045593261719,89.47268676757812,87.68064880371094,85.43816375732422,83.70919799804688,80.93150329589844,77.3323974609375,75.10731506347656,73.09519958496094,70.43767547607422,69.39630889892578,70.9793930053711,73.56049346923828,75.154296875,75.3642578125,74.7431640625,73.10060119628906,70.8346939086914,70.73078918457031,73.71208953857422,75.91194915771484,75.6103515625,74.25418090820312
101.68377685546875,100.66522216796875,100.26404571533203,100.11902618408203,100.14061737060547,100.01100158691406,99.91620635986328,99.94064331054688,99.79119110107422,99.40353393554688,98.97767639160156,98.44910430908203,97.81402587890625,97.44882202148438,97.32732391357422,96.79700469970703,95.90800476074219,95.35414123535156,95.17648315429688,94.76144409179688,93.83576965332031,92.37835693359375,90.70813751220703,89.51213073730469,87.76289367675781,85.41707611083984,83.4238510131836,80.28838348388672,76.3961181640625,73.28888702392578,70.61434936523438,68.6369857788086,70.07250213623047,74.08960723876953,75.8483657836914,75.20487976074219,74.34699249267578,73.33446502685547,71.66138458251953,70.75129699707031,72.24791717529297,74.31975555419922,75.24312591552734,74.76307678222656,73.49830627441406
103.20223236083984,102.02700805664062,101.51236724853516,101.24884796142578,101.18180847167969,101.05294799804688,100.92466735839844,100.74640655517578,100.37699127197266,99.95443725585938,99.61988830566406,99.18423461914062,98.5486068725586,98.1672592163086,98.142578125,97.75016784667969,96.80530548095703,95.9205322265625,95.2940673828125,94.76746368408203,94.30309295654297,93.19204711914062,91.20723724365234,89.52090454101562,87.6078872680664,85.41413879394531,83.14481353759766,79.25155639648438,74.39012908935547,70.51375579833984,68.26471710205078,69.15322875976562,73.3091812133789,76.47936248779297,76.32258605957031,75.04853057861328,73.6485366821289,71.53472137451172,70.34051513671875,71.32796478271484,73.3313217163086,74.78328704833984,74.84855651855469,73.68547821044922,71.8036117553711
103.84211730957031,102.68699645996094,102.18464660644531,101.99485778808594,102.08866882324219,102.17456817626953,102.16455841064453,101.941162109375,101.4662857055664,100.98982238769531,100.63514709472656,100.17091369628906,99.5522232055664,99.17822265625,99.1126708984375,98.76902770996094,97.86721801757812,96.7984390258789,95.89746856689453,95.24644470214844,94.97966003417969,93.9023666381836,91.34362030029297,89.36410522460938,87.6754379272461,85.16724395751953,81.89574432373047,77.09362030029297,71.62421417236328,68.10084533691406,69.01950073242188,72.96698760986328,76.35929870605469,77.09615325927734,75.99547576904297,74.50050354003906,71.93396759033203,69.44215393066406,70.60945129394531,73.02682495117188,74.02118682861328,73.92788696289062,73.05268859863281,71.6642837524414,69.4429931640625
104.375244140625,103.32486724853516,102.92269897460938,102.89385986328125,103.22557067871094,103.51817321777344,103.57917785644531,103.3376693725586,102.801025390625,102.15702819824219,101.59369659423828,101.07241821289062,100.55157470703125,100.26454162597656,100.17491912841797,99.7010269165039,98.6681137084961,97.55208587646484,96.60536193847656,95.78921508789062,95.21171569824219,93.78695678710938,91.21907806396484,89.43486022949219,87.3813247680664,83.81332397460938,79.46016693115234,74.26409149169922,69.34500122070312,68.70979309082031,72.88674926757812,76.62659454345703,77.38019561767578,76.56407928466797,75.38471221923828,73.35454559326172,69.93083953857422,69.50350952148438,72.02552795410156,72.64453125,72.2840347290039,72.10428619384766,71.48212432861328,69.7388687133789,67.18541717529297
