data/wind_data/wind_24_4.json
{"header": {"parameterUnit": "KT", "parameterCategory": 2, "nx": 256, "ny": 198, "lo1": 44.73521041870117, "la1": -3.236724853515625, "lo2": 111.26478576660156, "la2": 43.468475341796875, "dx": 0.2609002888202667, "dy": -0.23708222806453705, "refTime": "2025-02-20 00:00:00", "forecastTime": 0, "parameterNumber": 2, "parameterNumberName": "eastward_wind"}, "data":
[rows 95 to 113 of 198, columns 0 to 43 of 256]
41.5899772644043,40.38365173339844,39.01376724243164,38.156639099121094,37.00596237182617,35.649105072021484,34.85622787475586,34.25092697143555,33.501094818115234,32.4864616394043,31.3436279296875,30.266389846801758,29.27118492126465,28.457416534423828,28.106290817260742,28.274555206298828,28.683156967163086,28.989540100097656,28.965713500976562,28.580163955688477,27.997621536254883,27.463760375976562,27.21481704711914,27.432506561279297,28.018232345581055,28.570384979248047,28.925792694091797,29.176576614379883,29.42144203186035,29.650753021240234,29.37242317199707,28.595125198364258,27.86189842224121,27.352737426757812,26.87322235107422,26.13837432861328,25.117036819458008,24.161640167236328,23.689424514770508,23.61337661743164,23.416736602783203,22.85593032836914,22.22711753845215,21.934907913208008
43.6788215637207,42.64061737060547,41.182247161865234,40.223140716552734,39.129207611083984,37.32927703857422,36.11312484741211,35.42375564575195,34.79573059082031,33.943294525146484,32.73848342895508,31.2764835357666,29.83473777770996,28.635560989379883,27.824411392211914,27.484338760375977,27.58005714416504,27.995702743530273,28.511343002319336,28.813047409057617,28.743520736694336,28.420848846435547,28.15974235534668,28.28568458557129,28.688570022583008,29.00675392150879,29.187435150146484,29.31322479248047,29.513320922851562,29.745380401611328,29.5620059967041,29.063560485839844,28.581096649169922,28.112585067749023,27.692035675048828,27.27568817138672,26.677852630615234,25.92900848388672,25.38091278076172,25.213747024536133,25.118318557739258,24.676713943481445,23.875953674316406,23.296728134155273
45.33148956298828,44.41078186035156,43.10905838012695,42.30342102050781,41.505088806152344,39.27755355834961,37.542625427246094,36.559776306152344,35.82167434692383,35.235355377197266,34.351959228515625,32.89432144165039,31.176464080810547,29.627553939819336,28.425992965698242,27.623441696166992,27.191505432128906,27.24294090270996,27.89850425720215,28.739643096923828,29.222728729248047,29.230440139770508,29.058298110961914,29.089221954345703,29.243070602416992,29.31265640258789,29.353872299194336,29.3835506439209,29.530912399291992,29.775259017944336,29.746442794799805,29.541183471679688,29.37336540222168,29.11107635498047,28.736997604370117,28.395408630371094,28.012775421142578,27.472684860229492,27.009235382080078,26.89212417602539,26.88567543029785,26.56310272216797,25.88874053955078,25.362045288085938
46.42888641357422,45.697837829589844,44.6749153137207,44.25645446777344,43.58045959472656,41.3263053894043,39.24674606323242,37.84221267700195,36.74608612060547,36.22943878173828,35.8903923034668,34.962162017822266,33.379669189453125,31.623882293701172,30.160919189453125,29.16521644592285,28.54151153564453,28.264217376708984,28.484525680541992,29.095905303955078,29.68987274169922,30.005273818969727,30.10576057434082,30.16889762878418,30.142858505249023,30.04583168029785,29.971874237060547,29.894472122192383,29.971885681152344,30.21692657470703,30.267616271972656,30.12986946105957,30.078258514404297,30.046497344970703,29.877819061279297,29.64496612548828,29.397485733032227,29.078630447387695,28.80913734436035,28.744245529174805,28.758514404296875,28.49881935119629,27.90089225769043,27.476072311401367
47.185062408447266,46.71512985229492,45.96063995361328,45.64726638793945,44.8875732421875,43.14547348022461,41.25082015991211,39.59856414794922,38.099788665771484,37.19002151489258,37.00651931762695,36.73066329956055,35.702144622802734,34.09475326538086,32.54582214355469,31.48797035217285,30.921972274780273,30.6408634185791,30.51460075378418,30.610240936279297,30.905467987060547,31.247121810913086,31.53238296508789,31.69161605834961,31.664785385131836,31.583351135253906,31.488853454589844,31.31923484802246,31.297990798950195,31.481029510498047,31.462142944335938,31.129884719848633,30.89398956298828,30.882658004760742,30.85150146484375,30.73464584350586,30.652151107788086,30.616018295288086,30.590248107910156,30.56853485107422,30.565208435058594,30.406681060791016,29.806549072265625,29.1411075592041
47.71113204956055,47.56087875366211,47.008548736572266,46.51728439331055,45.653053283691406,44.282264709472656,42.84444046020508,41.34507751464844,39.81011962890625,38.48720169067383,37.9107551574707,37.87163543701172,37.4495735168457,36.28887176513672,34.80540466308594,33.5920295715332,32.96166229248047,32.7326774597168,32.58060073852539,32.48337173461914,32.53428268432617,32.71492385864258,32.973880767822266,33.22597885131836,33.3694953918457,33.421756744384766,33.386356353759766,33.23180389404297,33.16126251220703,33.26510238647461,33.147056579589844,32.62022399902344,32.10040283203125,31.84144401550293,31.673969268798828,31.512136459350586,31.49859619140625,31.66741371154785,31.86693000793457,31.964176177978516,31.960786819458008,31.887310028076172,31.485750198364258,30.634544372558594
47.90411376953125,48.173606872558594,47.77787399291992,47.26355743408203,46.4078254699707,45.131099700927734,44.0570068359375,42.7969970703125,41.33102035522461,39.95365524291992,39.034881591796875,38.78168487548828,38.60408020019531,37.918434143066406,36.7122917175293,35.36542510986328,34.37338638305664,33.864627838134766,33.6221923828125,33.5216178894043,33.540157318115234,33.66612243652344,33.92732238769531,34.28840637207031,34.60271072387695,34.81486511230469,34.919795989990234,34.86848449707031,34.7633056640625,34.66450881958008,34.39460372924805,33.819610595703125,33.110111236572266,32.590415954589844,32.32490158081055,32.141117095947266,32.06121826171875,32.17772674560547,32.32678985595703,32.39482116699219,32.35068130493164,32.285526275634766,32.25482940673828,31.901344299316406
47.12651824951172,47.93096160888672,47.95185852050781,47.91408157348633,47.214359283447266,45.93092727661133,45.115230560302734,44.11819839477539,42.644500732421875,41.244041442871094,40.171016693115234,39.663360595703125,39.495304107666016,39.14898681640625,38.323368072509766,37.06709671020508,35.66885757446289,34.545108795166016,33.94327163696289,33.79637145996094,33.83935546875,33.960052490234375,34.22602081298828,34.6375846862793,35.087825775146484,35.49428176879883,35.740814208984375,35.72991180419922,35.48041915893555,35.146705627441406,34.843807220458984,34.51863098144531,34.03676223754883,33.44548416137695,32.816986083984375,32.350379943847656,32.10255813598633,32.01576232910156,32.003265380859375,32.02358627319336,31.94609832763672,31.860279083251953,31.958065032958984,32.17018508911133
46.67591857910156,47.925655364990234,48.50155258178711,48.97967529296875,48.26875686645508,46.72425079345703,45.957740783691406,45.362918853759766,44.09925842285156,42.48817825317383,41.08005905151367,40.1943244934082,39.941837310791016,39.871788024902344,39.427345275878906,38.32245635986328,36.68745040893555,35.14178466796875,34.2677001953125,34.079803466796875,34.162376403808594,34.2314453125,34.37498474121094,34.66180419921875,35.093318939208984,35.50340270996094,35.70637512207031,35.65480422973633,35.41170120239258,35.12413024902344,34.924644470214844,34.8554573059082,34.634727478027344,34.08015823364258,33.321651458740234,32.5839729309082,32.102684020996094,31.872257232666016,31.753210067749023,31.562633514404297,31.391807556152344,31.430967330932617,31.477191925048828,31.60688018798828
47.538116455078125,49.099464416503906,49.88456726074219,50.305763244628906,49.42022705078125,47.84017562866211,47.188777923583984,46.75398254394531,45.61981201171875,43.808692932128906,42.04314422607422,40.623985290527344,39.97187423706055,39.908203125,39.86253356933594,39.12476348876953,37.55958938598633,35.938114166259766,34.98799514770508,34.766544342041016,34.82241439819336,34.80183410644531,34.710235595703125,34.73497009277344,34.84273910522461,34.943058013916016,35.02829360961914,35.10139465332031,35.14305114746094,35.110687255859375,35.07181930541992,35.086307525634766,34.92817306518555,34.40244674682617,33.582923889160156,32.74382781982422,32.1236457824707,31.805265426635742,31.581649780273438,31.35356330871582,31.151655197143555,31.136959075927734,30.965261459350586,30.693714141845703
48.675445556640625,50.23970413208008,50.86443328857422,50.888179779052734,50.04003143310547,49.05964660644531,48.884422302246094,48.444950103759766,46.88265609741211,44.66129684448242,42.68698501586914,40.95509338378906,39.812007904052734,39.43794250488281,39.53047561645508,39.278194427490234,38.08390808105469,36.851253509521484,35.95219421386719,35.387550354003906,35.13864517211914,35.122074127197266,35.01194763183594,34.71928024291992,34.42156219482422,34.29323196411133,34.40070343017578,34.68785858154297,34.99961853027344,35.16231155395508,35.159400939941406,35.082767486572266,34.839698791503906,34.31065368652344,33.467472076416016,32.51982498168945,31.834537506103516,31.419343948364258,31.067848205566406,30.927885055541992,30.88522720336914,30.609325408935547,30.22222328186035,30.171749114990234
49.69029998779297,50.82306671142578,50.94396209716797,50.14696502685547,49.649723052978516,49.48881530761719,49.82587432861328,49.474830627441406,47.372215270996094,44.48727035522461,42.28691864013672,40.555484771728516,39.224422454833984,38.61050033569336,38.46746063232422,38.387115478515625,37.88426971435547,36.71407699584961,35.92786407470703,35.37267303466797,34.93410110473633,34.829444885253906,34.95745086669922,34.929443359375,34.73025131225586,34.60072326660156,34.68031692504883,34.8741569519043,35.0101203918457,35.0079345703125,34.82178497314453,34.49262237548828,34.09186935424805,33.57119369506836,32.71247482299805,31.691741943359375,31.008283615112305,30.579378128051758,30.193010330200195,30.068363189697266,29.96651268005371,29.644407272338867,29.364158630371094,29.83664321899414
50.09941864013672,50.989810943603516,50.798336029052734,49.63103485107422,49.480255126953125,49.49448776245117,49.53218460083008,48.80360412597656,46.56181335449219,43.53078842163086,41.03020477294922,39.11497497558594,37.806884765625,37.22782516479492,37.04011535644531,36.780029296875,36.69900131225586,35.68265914916992,35.17356491088867,34.996368408203125,34.73313903808594,34.62824249267578,34.897335052490234,35.2225227355957,35.32121658325195,35.35894012451172,35.49320602416992,35.49686050415039,35.27480697631836,34.8758430480957,34.37443161010742,33.76797103881836,33.056060791015625,32.312923431396484,31.489612579345703,30.648353576660156,30.055130004882812,29.578413009643555,29.15900230407715,29.079483032226562,29.170291900634766,29.08224105834961,29.0945987701416,30.06678009033203
49.67912292480469,50.62705993652344,50.95237350463867,50.92151641845703,51.046531677246094,50.5018424987793,49.629425048828125,48.26579284667969,46.283138275146484,43.511749267578125,40.515357971191406,37.958290100097656,36.34355926513672,35.74911117553711,35.71552658081055,35.596092224121094,35.41401672363281,34.97096633911133,34.75849914550781,34.771549224853516,34.75014114379883,34.82381057739258,35.12043762207031,35.426109313964844,35.53315353393555,35.63555908203125,35.81745910644531,35.80290603637695,35.460777282714844,34.822933197021484,33.971439361572266,33.07060623168945,32.18534851074219,31.23427963256836,30.318601608276367,29.591686248779297,29.187522888183594,28.858991622924805,28.659616470336914,28.74237632751465,28.989320755004883,29.133874893188477,29.418472290039062,30.790788650512695
48.813018798828125,49.99409866333008,51.1234245300293,52.40350341796875,53.019325256347656,52.48217010498047,51.55137634277344,50.13356018066406,47.96747589111328,44.9744758605957,41.65082550048828,38.64967346191406,36.488136291503906,35.381290435791016,35.189537048339844,35.40742492675781,35.56305694580078,35.51535415649414,35.54042434692383,35.65089797973633,35.76355743408203,35.92277145385742,35.923095703125,35.67115783691406,35.436153411865234,35.43172836303711,35.58596420288086,35.62913131713867,35.342018127441406,34.69717788696289,33.699851989746094,32.47420883178711,31.18230628967285,30.061779022216797,29.15373992919922,28.6330623626709,28.625152587890625,28.92828941345215,29.17768096923828,29.32278060913086,29.575403213500977,29.936996459960938,30.56015968322754,32.073402404785156
47.546630859375,49.275814056396484,50.93095397949219,52.39358139038086,53.50695037841797,53.76597595214844,53.48037338256836,52.17856216430664,49.68988037109375,46.70946502685547,43.471378326416016,40.21310806274414,37.63497543334961,36.09785842895508,35.4627685546875,35.4306755065918,35.68621063232422,35.8906364440918,36.14772415161133,36.60795211791992,37.05278015136719,37.18706130981445,36.832550048828125,36.24138259887695,35.786773681640625,35.59540557861328,35.51996612548828,35.407501220703125,35.04990768432617,34.30886459350586,33.225013732910156,31.817737579345703,30.404767990112305,29.23004722595215,28.42816734313965,28.155508041381836,28.489547729492188,29.187175750732422,29.753395080566406,29.99131965637207,30.444190979003906,31.131093978881836,32.168556213378906,33.48848342895508
46.4859504699707,48.82210922241211,50.59018325805664,51.6781120300293,52.95078659057617,53.5553092956543,53.3332633972168,52.008056640625,49.84986114501953,47.457427978515625,44.48148727416992,41.10313415527344,38.39191818237305,36.7254753112793,35.67265319824219,34.98614501953125,34.88376998901367,35.183536529541016,35.768924713134766,36.71090316772461,37.6279182434082,37.91758346557617,37.482173919677734,36.79057693481445,36.274452209472656,35.926822662353516,35.58140563964844,35.035560607910156,34.35953140258789,33.454994201660156,32.18959045410156,30.896244049072266,29.817819595336914,29.072572708129883,28.75975799560547,28.89197540283203,29.403797149658203,30.145275115966797,30.734027862548828,31.059728622436523,31.65143394470215,32.52244567871094,33.65155029296875,34.88905715942383
46.37837600708008,48.648468017578125,50.35321044921875,51.68484115600586,52.71552658081055,52.83679962158203,52.20814514160156,51.052738189697266,49.46440505981445,47.4596061706543,44.78483200073242,41.870201110839844,39.42827606201172,37.706268310546875,36.44832229614258,35.34452819824219,34.762107849121094,34.86853790283203,35.479862213134766,36.48666000366211,37.481544494628906,37.92538070678711,37.67405700683594,37.06565856933594,36.496307373046875,35.95478057861328,35.316917419433594,34.5330924987793,33.6063117980957,32.65898513793945,31.54947853088379,30.31088638305664,29.607423782348633,29.53129005432129,29.907230377197266,30.518592834472656,31.13839340209961,31.786104202270508,32.39228057861328,32.57727813720703,32.9055061340332,33.776283264160156,34.85311508178711,36.2039794921875
46.266597747802734,48.25633239746094,49.99651336669922,51.89608383178711,52.62608337402344,52.220821380615234,51.51272964477539,50.41742706298828,48.811500549316406,46.78779983520508,44.614906311035156,42.497554779052734,40.557395935058594,38.99519348144531,37.84064865112305,36.7703857421875,35.957298278808594,35.720603942871094,36.09361267089844,36.939083099365234,37.75782775878906,38.07905578613281,37.824153900146484,37.30612564086914,36.716651916503906,35.95809555053711,35.03750228881836,34.16673278808594,33.36560821533203,32.615196228027344,31.898300170898438,31.053878784179688,30.490825653076172,30.529298782348633,31.111295700073242,31.91996955871582,32.583404541015625,33.03560256958008,33.482784271240234,33.864013671875,34.198219299316406,35.122657775878906,36.429386138916016,38.09983444213867
