data/wind_data/wind_69_7.json
{"header": {"parameterUnit": "KT", "parameterCategory": 2, "nx": 256, "ny": 198, "lo1": 44.73521041870117, "la1": -3.236724853515625, "lo2": 111.26478576660156, "la2": 43.468475341796875, "dx": 0.2609002888202667, "dy": -0.23708222806453705, "refTime": "2025-02-21 21:00:00", "forecastTime": 0, "parameterNumber": 2, "parameterNumberName": "eastward_wind"}, "data":
[rows 120 to 139 of 198, columns 132 to 175 of 256]
88.65797424316406,89.52779388427734,90.14346313476562,89.96988677978516,89.4113540649414,89.02056884765625,88.77972412109375,88.47918701171875,88.21918487548828,88.27045440673828,88.56198120117188,88.51480865478516,87.75484466552734,86.77484130859375,86.41413116455078,86.80197143554688,87.41193389892578,87.90597534179688,88.28761291503906,88.38719177246094,87.81137084960938,86.55807495117188,85.16461944580078,84.17076110839844,83.77896118164062,83.8377685546875,83.81378173828125,83.27832794189453,82.64518737792969,82.7274169921875,83.4732437133789,83.89788818359375,83.36512756347656,82.74113464355469,83.8624038696289,86.02714538574219,86.83783721923828,86.15422058105469,85.10037994384766,85.52161407470703,89.0937271118164,92.41102600097656,91.31402587890625,88.27208709716797
90.0295639038086,91.07693481445312,91.6191635131836,91.2088623046875,90.47877502441406,89.9942855834961,89.60525512695312,89.13420104980469,88.78874206542969,88.6436996459961,88.43333435058594,87.85934448242188,86.92196655273438,86.0482177734375,85.68516540527344,85.85869598388672,86.2775650024414,86.76921844482422,87.26344299316406,87.45764923095703,87.00898742675781,85.92832946777344,84.6873779296875,83.86937713623047,83.68111419677734,83.8665542602539,83.8779525756836,83.31721496582031,82.42288208007812,82.07122802734375,83.09210968017578,84.76415252685547,84.69265747070312,82.69681549072266,82.62112426757812,85.82630920410156,87.28665161132812,85.2552719116211,83.51961517333984,85.3472671508789,89.19219207763672,91.24394989013672,89.97512817382812,87.15038299560547
91.39033508300781,92.5224838256836,92.98390197753906,92.29813385009766,91.17597198486328,90.39430236816406,89.87169647216797,89.36227416992188,89.0497055053711,88.83456420898438,88.20336151123047,87.12687683105469,86.07212829589844,85.38835144042969,85.17747497558594,85.41690826416016,85.840087890625,86.1992416381836,86.46636199951172,86.4971694946289,85.91077423095703,84.6312484741211,83.27751159667969,82.70161437988281,82.92477416992188,83.11200714111328,83.04537200927734,82.62456512451172,81.30604553222656,80.0891342163086,81.56082916259766,85.1749038696289,86.06617736816406,82.6673355102539,79.96917724609375,83.66040802001953,87.76810455322266,85.85086059570312,82.84466552734375,84.71868133544922,88.32518768310547,89.2677993774414,87.54058074951172,84.78251647949219
92.58333587646484,93.56734466552734,93.58512878417969,92.43496704101562,90.983642578125,90.02167510986328,89.49005889892578,89.22097778320312,89.2612533569336,89.22665405273438,88.50566101074219,87.13142395019531,85.77754974365234,85.01558685302734,84.83722686767578,85.02210235595703,85.3763198852539,85.67279052734375,85.77183532714844,85.39354705810547,84.21612548828125,82.59270477294922,81.39373016357422,81.28385925292969,81.91300201416016,82.0422134399414,81.68498229980469,81.707275390625,80.1005630493164,77.09651184082031,79.19538116455078,85.87496948242188,87.38629150390625,82.77159118652344,78.06349182128906,80.37796783447266,86.60089111328125,86.93492889404297,83.41949462890625,83.12946319580078,85.86094665527344,87.34272003173828,85.22223663330078,81.41097259521484
93.63677978515625,93.68792724609375,92.85172271728516,91.51533508300781,90.3990478515625,89.81637573242188,89.47544860839844,89.33012390136719,89.38646697998047,89.19924926757812,88.31743621826172,86.84297943115234,85.46163940429688,84.69281768798828,84.44261932373047,84.49070739746094,84.65301513671875,84.59808349609375,84.20159912109375,83.46723937988281,82.25909423828125,80.86720275878906,80.12816619873047,80.44009399414062,81.0352554321289,81.2590560913086,81.20012664794922,81.01080322265625,79.52174377441406,76.25235748291016,76.54625701904297,82.81378936767578,86.61509704589844,84.66178131103516,80.88236236572266,80.24178314208984,83.23619079589844,84.43864440917969,82.8283920288086,82.2109375,84.37728118896484,86.23323822021484,83.20893096923828,77.48328399658203
94.27442932128906,93.06810760498047,91.57791900634766,90.51649475097656,90.00920867919922,89.68982696533203,89.19246673583984,88.66519927978516,88.2686996459961,87.75908660888672,86.76698303222656,85.45553588867188,84.51207733154297,84.15859985351562,83.97640228271484,83.81304931640625,83.48567962646484,82.73941802978516,81.79753875732422,80.8446044921875,79.92039489746094,79.341064453125,79.7159423828125,80.9909896850586,81.19804382324219,80.08592224121094,80.0252685546875,80.333984375,79.30479431152344,77.31932830810547,76.35690307617188,79.06949615478516,82.8485107421875,84.53317260742188,83.96251678466797,82.20026397705078,80.76789855957031,80.24359130859375,80.78148651123047,81.7538070678711,82.83528137207031,83.37969970703125,80.76185607910156,75.49842834472656
93.71869659423828,91.95966339111328,90.4728012084961,89.80358123779297,89.47290802001953,88.7046127319336,87.56968688964844,86.75119018554688,86.32657623291016,85.64799499511719,84.4833984375,83.5208740234375,83.28974151611328,83.32232666015625,83.06034088134766,82.50471496582031,81.49173736572266,79.9282455444336,78.76156616210938,78.37837982177734,78.04942321777344,78.13246154785156,79.26160430908203,80.72362518310547,80.99653625488281,79.47508239746094,78.0621337890625,77.97850036621094,78.53562927246094,78.94451904296875,78.40125274658203,78.21701049804688,80.10905456542969,82.77053833007812,83.74324798583984,82.34368896484375,79.81287384033203,78.05661010742188,78.40577697753906,80.12479400634766,81.53565216064453,81.11865997314453,77.85581970214844,73.51671600341797
91.7314682006836,90.0579605102539,89.01473999023438,88.84300231933594,88.43275451660156,87.11872863769531,85.81808471679688,85.32351684570312,84.9969253540039,83.89405059814453,82.37454223632812,81.75248718261719,82.0981216430664,82.39540100097656,81.98050689697266,80.33887481689453,78.0909652709961,76.74166107177734,76.6698989868164,77.07035827636719,77.57181549072266,78.27063751220703,78.58419799804688,78.67377471923828,78.99722290039062,78.419921875,77.07312774658203,76.81414794921875,77.70941925048828,78.99394226074219,79.37820434570312,78.07359313964844,77.88675689697266,80.3591079711914,81.90057373046875,80.85831451416016,79.0709228515625,77.51214599609375,76.75379943847656,77.54248809814453,79.24354553222656,79.16431427001953,75.99333190917969,72.69026947021484
89.03009796142578,87.65045928955078,87.1457290649414,87.3537826538086,87.02816772460938,85.8136978149414,84.74606323242188,84.17230224609375,83.26428985595703,81.74429321289062,80.33084106445312,80.12183380126953,80.75056457519531,80.86397552490234,80.44458770751953,78.431640625,74.17797088623047,72.42475891113281,75.98240661621094,78.78434753417969,77.95084381103516,76.76376342773438,76.40106964111328,76.58039093017578,77.59378814697266,78.05821228027344,77.202392578125,76.42803955078125,76.68223571777344,77.6413345336914,77.90813446044922,76.7051010131836,76.24771118164062,77.87291717529297,79.32925415039062,79.38304138183594,78.58988189697266,77.19864654541016,76.05449676513672,76.10050201416016,77.049072265625,76.73307037353516,74.07109069824219,71.7050552368164
87.33659362792969,85.9563217163086,85.38971710205078,85.46342468261719,85.24211883544922,84.33295440673828,83.24835205078125,82.06663513183594,80.46224975585938,79.13969421386719,78.82372283935547,79.27384948730469,79.52766418457031,78.49089050292969,77.07960510253906,76.09325408935547,73.38434600830078,70.65373229980469,73.9920425415039,78.78667449951172,77.96649932861328,75.1087417602539,74.25450134277344,74.76226043701172,75.9612808227539,77.26936340332031,76.9586410522461,75.19746398925781,74.69642639160156,75.93822479248047,76.21768951416016,74.85203552246094,74.12361907958984,75.16539001464844,76.92388916015625,77.7078857421875,76.9350357055664,75.84468078613281,75.76953887939453,76.21392059326172,76.25835418701172,75.59497833251953,73.48056030273438,70.69834899902344
85.86358642578125,84.07069396972656,83.12511444091797,83.12952423095703,83.29429626464844,82.61495971679688,81.03771209716797,79.10298919677734,77.37605285644531,76.93596649169922,77.86861419677734,78.58065032958984,77.75345611572266,75.25237274169922,72.69246673583984,72.74571990966797,73.88970947265625,72.8388671875,73.09272003173828,75.42080688476562,75.67797088623047,74.41248321533203,74.11157989501953,74.3486557006836,74.48406982421875,75.10211181640625,75.36394500732422,74.14388275146484,73.23192596435547,74.0701904296875,74.56171417236328,73.67926025390625,73.27436065673828,74.15132904052734,75.29017639160156,75.37704467773438,74.38584899902344,74.14830780029297,75.56193542480469,76.6823959350586,76.04313659667969,75.03033447265625,73.51591491699219,70.34618377685547
83.83386993408203,81.937255859375,80.96116638183594,81.09201049804688,81.32537841796875,80.54804229736328,78.73724365234375,76.591552734375,75.14147186279297,75.3536605834961,76.5023422241211,76.47274780273438,74.43133544921875,71.45137023925781,69.73622131347656,71.29611206054688,73.93963623046875,73.70045471191406,72.5927734375,73.18225860595703,73.46208953857422,72.75206756591797,72.43628692626953,72.662841796875,72.98153686523438,73.40076446533203,73.67871856689453,73.02996063232422,72.06481170654297,72.19806671142578,72.69816589355469,72.69031524658203,73.04854583740234,73.52320098876953,73.49249267578125,73.00328063964844,72.14373016357422,72.21271514892578,74.22750091552734,76.30463409423828,76.05719757080078,74.6155014038086,73.3807601928711,70.73699188232422
81.67464447021484,80.09919738769531,79.31305694580078,79.37386322021484,79.36119079589844,78.53742218017578,76.90483093261719,74.84171295166016,73.31732177734375,73.2481460571289,73.7529067993164,72.85140991210938,70.6391372680664,69.1764907836914,69.57965850830078,71.26758575439453,72.60336303710938,72.740478515625,72.37777709960938,72.05555725097656,71.28054809570312,70.42790985107422,70.35077667236328,71.04916381835938,72.09259796142578,72.5537338256836,72.16354370117188,71.57633972167969,71.14073944091797,71.15541076660156,71.42987823486328,71.66631317138672,72.29254913330078,72.54664611816406,71.69747924804688,70.81188201904297,70.71148681640625,71.50543975830078,73.12806701660156,74.85600280761719,75.27982330322266,74.10719299316406,72.93294525146484,71.41046905517578
79.58628845214844,78.32783508300781,77.51132202148438,77.64549255371094,77.8822250366211,76.9250717163086,74.81721496582031,72.4794692993164,70.88860321044922,70.53500366210938,70.51886749267578,69.51880645751953,68.37492370605469,68.67745208740234,69.57060241699219,70.40088653564453,71.59934997558594,72.15518951416016,71.14352416992188,70.13538360595703,70.09403991699219,70.06758117675781,69.57782745361328,69.43134307861328,70.26126098632812,71.02622985839844,70.66300201416016,70.00847625732422,69.96748352050781,70.24805450439453,70.3816146850586,70.44428253173828,70.92841339111328,71.40348815917969,70.9464340209961,69.9370346069336,69.4615249633789,70.14862060546875,71.63186645507812,72.95802307128906,73.78202056884766,73.73934173583984,72.66690063476562,71.4390640258789
77.14017486572266,76.13732147216797,75.65338134765625,76.25027465820312,76.6807861328125,74.79403686523438,71.49775695800781,69.16294860839844,68.43904113769531,68.78653717041016,68.623291015625,67.39710235595703,66.87482452392578,67.63160705566406,68.7041015625,70.09175109863281,71.2998275756836,70.68065643310547,68.95649719238281,68.87128448486328,70.18467712402344,70.4256820678711,69.07281494140625,67.70329284667969,67.859130859375,69.0320053100586,69.25142669677734,68.51266479492188,68.58981323242188,69.3536605834961,69.61878204345703,69.63362121582031,69.99363708496094,70.42190551757812,70.30992889404297,69.43832397460938,68.44385528564453,68.49371337890625,69.7159652709961,70.99819946289062,72.13516998291016,73.22123718261719,72.71566772460938,70.8080825805664
74.2784652709961,73.690185546875,74.2025375366211,75.2367935180664,74.62704467773438,71.24966430664062,67.43695068359375,66.33363342285156,67.26453399658203,67.97079467773438,67.38674926757812,66.04918670654297,65.67955017089844,66.76739501953125,68.43661499023438,70.10222625732422,70.51126098632812,68.91841888427734,67.61711883544922,68.76353454589844,70.27902221679688,69.63731384277344,67.50690460205078,65.79351806640625,65.89098358154297,67.43479919433594,68.00033569335938,67.02635192871094,66.78004455566406,67.7182388305664,68.61751556396484,69.1534652709961,69.2894058227539,69.19046020507812,69.02973175048828,68.4116439819336,67.60023498535156,67.45008850097656,68.06640625,69.04319763183594,70.32500457763672,71.80714416503906,72.12525939941406,70.5262451171875
71.94058227539062,71.33016204833984,72.41692352294922,73.22264862060547,71.11740112304688,68.10617065429688,66.47197723388672,65.79004669189453,65.45789337158203,65.75499725341797,66.35470581054688,66.32200622558594,65.95684814453125,66.52595520019531,68.32051849365234,69.77750396728516,69.19329071044922,67.47105407714844,67.31837463378906,69.09767150878906,70.02926635742188,68.5237045288086,66.09491729736328,64.57585144042969,64.79227447509766,66.2761001586914,66.91470336914062,65.92887115478516,65.19044494628906,65.79731750488281,67.29450988769531,68.67932891845703,68.81932830810547,68.24646759033203,67.89835357666016,67.04883575439453,65.83902740478516,65.70018768310547,66.62676239013672,67.84233856201172,68.98255920410156,69.79513549804688,70.24171447753906,70.05555725097656
69.85775756835938,69.3683090209961,70.4593505859375,70.279052734375,68.12612915039062,67.45257568359375,67.77640533447266,66.63772583007812,65.0452880859375,64.97518157958984,65.94869232177734,66.20133972167969,65.8558349609375,66.5444564819336,68.4896240234375,69.54610443115234,68.05265045166016,66.09490966796875,66.82598876953125,69.14250183105469,69.83126068115234,68.22500610351562,65.88565826416016,64.38819122314453,64.37244415283203,65.14126586914062,65.23457336425781,64.5384750366211,64.22254943847656,64.75833892822266,66.23320770263672,67.91852569580078,68.21276092529297,67.36219024658203,66.56245422363281,65.35729217529297,63.8513069152832,63.68772888183594,65.03182983398438,66.53753662109375,67.58003234863281,68.13500213623047,68.37792205810547,68.75456237792969
69.1431655883789,70.238525390625,69.42716217041016,67.46051025390625,67.10135650634766,68.0828857421875,67.95307159423828,66.82333374023438,66.30674743652344,66.31840515136719,66.05027770996094,65.60723114013672,65.73979187011719,66.99862670898438,68.96207427978516,69.42581176757812,66.89488983154297,64.46022033691406,65.7537841796875,68.68016052246094,69.63851165771484,68.24980926513672,65.73313903808594,63.818458557128906,63.73012161254883,64.28417205810547,63.805965423583984,63.302223205566406,63.98738479614258,64.847412109375,65.45682525634766,66.19593811035156,66.53903198242188,66.09601593017578,64.9443359375,63.629981994628906,62.96928787231445,63.13642883300781,63.85506057739258,64.97103118896484,66.19081115722656,66.92890167236328,67.02550506591797,67.01661682128906
69.4832763671875,70.305419921875,68.60530853271484,66.63613891601562,66.48052215576172,67.12448120117188,67.23233795166016,67.41896057128906,67.512451171875,66.78105926513672,66.08029174804688,66.09239959716797,66.37509155273438,67.1304931640625,68.70626068115234,68.85002136230469,65.78565979003906,63.190860748291016,64.75577545166016,68.02581787109375,69.30964660644531,68.1265869140625,65.59674072265625,63.266029357910156,62.56974411010742,63.093204498291016,63.304500579833984,63.22461700439453,63.78776931762695,64.53755950927734,64.57357025146484,63.983551025390625,63.6742057800293,64.08533477783203,63.83713912963867,62.765987396240234,62.46827697753906,62.86644744873047,63.227752685546875,63.883460998535156,64.81123352050781,65.39527893066406,65.58924865722656,65.90762329101562
