data/wind_data/wind_8_0.json
{"header": {"parameterUnit": "KT", "parameterCategory": 2, "nx": 255, "ny": 198, "lo1": 44.73521041870117, "la1": -3.236724853515625, "lo2": 111.26478576660156, "la2": 43.468475341796875, "dx": 0.26192745566368103, "dy": -0.23708222806453705, "refTime": "2025-02-19 08:00:00", "forecastTime": 0, "parameterNumber": 2, "parameterNumberName": "eastward_wind"}, "data":
[rows 171 to 189 of 198, columns 0 to 42 of 255]
4.833978652954102,5.007085800170898,3.6785805225372314,2.526743173599243,2.386603355407715,4.982919692993164,7.804445266723633,8.594155311584473,6.635086536407471,5.936490535736084,5.6700286865234375,5.891878128051758,8.483297348022461,6.338894844055176,0.41395264863967896,-3.4513771533966064,-2.0240869522094727,0.3218209445476532,-1.9009106159210205,-3.421513080596924,-3.8381779193878174,-3.956345319747925,-5.75236177444458,-6.642508506774902,-7.142979621887207,-7.418515682220459,-7.766148090362549,-8.161921501159668,-8.147860527038574,-7.4074387550354,-6.706280708312988,-6.207223892211914,-5.186704158782959,-4.126118183135986,-4.0839691162109375,-5.450057029724121,-5.319994926452637,-3.776723623275757,-2.4365768432617188,-1.9940823316574097,-2.249389171600342,-1.5795071125030518,-0.03972487524151802
5.55355167388916,6.7632975578308105,5.8187665939331055,4.821560859680176,4.18381404876709,5.390459060668945,6.299886703491211,7.0380377769470215,8.811906814575195,11.0423002243042,11.798954963684082,9.875988006591797,9.600179672241211,8.869032859802246,0.5529125332832336,-4.2876176834106445,-1.5735352039337158,-1.1332494020462036,-2.0081605911254883,-2.78314471244812,-3.4644031524658203,-3.315150737762451,-4.6845479011535645,-5.590811729431152,-6.206247806549072,-6.573441028594971,-7.303423881530762,-7.7617597579956055,-7.601144790649414,-6.8741631507873535,-6.253148078918457,-5.805631160736084,-4.929152011871338,-3.8169777393341064,-3.460803985595703,-4.8408026695251465,-4.785103797912598,-3.265029191970825,-2.5834524631500244,-1.8422765731811523,-1.9286586046218872,-2.2013025283813477,-1.148009181022644
4.699118614196777,5.9893083572387695,5.722507953643799,6.522839069366455,7.732278347015381,9.231809616088867,8.436626434326172,6.617710113525391,7.503468036651611,10.442923545837402,11.512184143066406,9.605142593383789,10.549440383911133,10.610245704650879,0.1324802041053772,-6.12846040725708,-7.088932037353516,-7.768748760223389,-4.699466705322266,-1.8549410104751587,-1.4365383386611938,-2.792114734649658,-3.7928552627563477,-4.17141580581665,-5.107370376586914,-5.801660060882568,-6.667308807373047,-7.189552307128906,-7.040598392486572,-6.3948798179626465,-5.964798927307129,-5.658116340637207,-4.958805561065674,-4.537251949310303,-4.349696159362793,-5.085677146911621,-4.686462879180908,-3.6816349029541016,-2.8271679878234863,-2.0683987140655518,-2.429586887359619,-3.7420692443847656,-3.7430903911590576
3.369689464569092,3.720834493637085,3.8281409740448,4.628757953643799,7.0068135261535645,12.33298397064209,15.318181991577148,12.88906192779541,11.348674774169922,9.806967735290527,7.355043411254883,5.962275505065918,9.56019401550293,7.13715934753418,-4.64332389831543,-6.971368789672852,-10.157281875610352,-12.896896362304688,-10.281888008117676,-6.198808670043945,-1.9146634340286255,-0.7366057634353638,-2.2086665630340576,-3.2773470878601074,-3.7646443843841553,-4.738369464874268,-5.869645118713379,-6.561057090759277,-6.6780619621276855,-6.263072490692139,-6.040400981903076,-6.216703414916992,-6.242562770843506,-5.882904529571533,-5.101053237915039,-5.086230278015137,-5.183950424194336,-4.440267562866211,-2.7814157009124756,-2.237671375274658,-3.597081422805786,-5.971839427947998,-7.145604133605957
2.4436309337615967,1.5234612226486206,0.5993345379829407,0.9819104075431824,4.465634346008301,13.087340354919434,13.638704299926758,6.290654182434082,0.7141488790512085,-1.6900991201400757,-0.8363522291183472,3.353447437286377,3.00305438041687,-5.342179775238037,-8.243505477905273,-8.69129753112793,-9.75178050994873,-12.667459487915039,-13.148832321166992,-11.769248962402344,-7.914426803588867,-3.172161340713501,-0.9470561742782593,-1.7740886211395264,-3.1529345512390137,-3.8221514225006104,-5.0280680656433105,-6.004484176635742,-6.129478931427002,-6.010416507720947,-6.240718841552734,-6.931806564331055,-7.128695011138916,-6.252020359039307,-5.329368591308594,-6.717192649841309,-6.934635639190674,-6.594632148742676,-5.536868095397949,-5.788379192352295,-7.828065395355225,-9.253512382507324,-9.457479476928711
1.5879241228103638,-0.6339287757873535,-0.407150536775589,0.813389003276825,6.562532901763916,17.834686279296875,8.407118797302246,-5.73859167098999,-7.7807936668396,-6.257619380950928,-3.6264822483062744,-5.175257682800293,-10.2451753616333,-11.356520652770996,-9.09325885772705,-9.25169849395752,-9.044268608093262,-10.051480293273926,-11.69024658203125,-12.100886344909668,-12.085331916809082,-9.00869369506836,-4.504164218902588,-1.3211400508880615,-1.514972448348999,-3.2333595752716064,-4.213479995727539,-5.067524433135986,-5.71336030960083,-5.911271095275879,-6.247111797332764,-6.56226110458374,-6.042238235473633,-5.590264797210693,-7.610735893249512,-8.433918952941895,-9.222716331481934,-10.03255844116211,-9.143795013427734,-8.559136390686035,-9.048598289489746,-9.350347518920898,-8.565712928771973
-0.6384086012840271,-1.8334113359451294,0.2857896089553833,2.8173646926879883,9.306648254394531,19.994680404663086,13.129857063293457,-0.006322719622403383,-3.3967480659484863,-5.597309112548828,-6.246057033538818,-10.12002944946289,-13.06710147857666,-10.321595191955566,-8.81197452545166,-9.193748474121094,-9.302048683166504,-10.614791870117188,-11.163965225219727,-11.342199325561523,-11.630230903625488,-11.036700248718262,-9.205560684204102,-5.087453842163086,-1.197767972946167,-1.3167057037353516,-3.3543953895568848,-4.425586223602295,-5.042102813720703,-5.602376937866211,-6.267086982727051,-6.391067981719971,-5.714528560638428,-6.212396621704102,-6.743965148925781,-6.684120178222656,-7.498308181762695,-8.593713760375977,-8.341082572937012,-6.857105731964111,-6.323908805847168,-6.225888252258301,-5.770022869110107
-2.190800189971924,-0.1357729136943817,2.0906310081481934,4.322476863861084,9.651166915893555,19.592910766601562,15.34522533416748,1.2480615377426147,-4.422891139984131,-6.183493137359619,-6.583918571472168,-10.731842994689941,-11.156045913696289,-9.238944053649902,-11.004892349243164,-10.457303047180176,-9.227607727050781,-10.765419006347656,-10.963955879211426,-10.357778549194336,-10.331818580627441,-9.896245002746582,-9.585627555847168,-8.343318939208984,-4.6427531242370605,-0.9992799758911133,-0.7689250111579895,-2.782630443572998,-4.620490550994873,-5.7921142578125,-6.342837810516357,-6.520853042602539,-5.829321384429932,-4.286872863769531,-4.425626277923584,-3.314652919769287,-3.3575170040130615,-6.242198944091797,-6.838084697723389,-5.1564836502075195,-4.563479423522949,-4.680264949798584,-4.498395919799805
-2.381760358810425,2.4005022048950195,4.283754825592041,5.664744853973389,11.879563331604004,17.992931365966797,5.937723636627197,-4.9260735511779785,-5.898573875427246,-7.081946849822998,-7.168537616729736,-8.91817569732666,-9.379125595092773,-8.976327896118164,-9.865206718444824,-9.881446838378906,-10.316969871520996,-10.033910751342773,-9.347867012023926,-8.887269020080566,-8.678977966308594,-8.120920181274414,-8.110235214233398,-8.203337669372559,-7.175708293914795,-4.392661094665527,-0.5542715787887573,-0.6574548482894897,-4.226940155029297,-6.094968795776367,-6.75405216217041,-7.45274543762207,-6.604650020599365,-3.941143751144409,-2.431722402572632,-0.10333903878927231,0.4262242019176483,-3.2454776763916016,-5.320631504058838,-5.016424655914307,-3.702040910720825,-3.4995882511138916,-3.2298924922943115
0.1771925985813141,5.557069778442383,6.092150688171387,5.930206298828125,11.814493179321289,15.488300323486328,4.173036575317383,-3.5881853103637695,-5.325313568115234,-6.088003158569336,-6.494892597198486,-7.642559051513672,-7.563508987426758,-7.428555488586426,-6.923880100250244,-7.513619422912598,-8.883384704589844,-7.566005229949951,-6.065476417541504,-6.47973108291626,-6.8589091300964355,-6.493387222290039,-6.6095871925354,-7.024838447570801,-7.287530899047852,-6.907074451446533,-4.5446457862854,-3.1205761432647705,-5.010021209716797,-6.140878677368164,-5.4759111404418945,-4.32370138168335,-3.602365255355835,-2.265584707260132,-1.135404109954834,1.6529645919799805,1.837054967880249,-2.091862678527832,-4.460978984832764,-4.4656267166137695,-2.8378403186798096,-2.337775468826294,-2.5340681076049805
5.263925552368164,9.053168296813965,10.30521011352539,10.779151916503906,12.662008285522461,15.31965446472168,8.413041114807129,-2.39890718460083,-6.612043380737305,-6.251381874084473,-6.811695575714111,-6.690347194671631,-5.573991298675537,-5.469091415405273,-5.037200450897217,-4.771195888519287,-4.749902725219727,-4.477704048156738,-3.599388360977173,-3.6090502738952637,-4.863460063934326,-5.45598030090332,-5.430944919586182,-5.789558410644531,-6.205041408538818,-6.360140323638916,-6.292688846588135,-6.225144863128662,-6.171481609344482,-5.685708522796631,-4.316417217254639,-2.3943049907684326,-1.7414522171020508,-0.6177908182144165,0.5117181539535522,2.071427583694458,1.1035517454147339,-2.5568082332611084,-3.740295648574829,-3.1900832653045654,-1.9194005727767944,-0.8625718355178833,-1.6523298025131226
5.84155797958374,7.93008279800415,7.908329486846924,7.185683727264404,5.700940132141113,2.6098575592041016,-3.5101683139801025,-10.992379188537598,-9.033291816711426,-5.121049880981445,-4.561807155609131,-4.54527473449707,-4.202271938323975,-2.9431426525115967,-1.6781193017959595,-0.6488754749298096,0.4660211205482483,0.6915283799171448,-0.848035991191864,-2.1822075843811035,-2.8845062255859375,-4.151954174041748,-4.425736904144287,-4.731706619262695,-5.099369525909424,-4.811967849731445,-4.582803249359131,-5.331153392791748,-5.983281135559082,-5.240782737731934,-3.345982789993286,-1.6853669881820679,-1.6080515384674072,-1.363966464996338,-0.3763147294521332,1.6329764127731323,1.08944833278656,-1.6322141885757446,-2.1921117305755615,-1.610832929611206,-0.9731219410896301,-0.8169547915458679,-0.906447172164917
4.3628435134887695,5.23079776763916,3.415377616882324,-1.101683259010315,-3.0996294021606445,-3.9932682514190674,-8.64410400390625,-12.307633399963379,-10.594125747680664,-4.936408042907715,-3.5986835956573486,-2.790536642074585,-1.3359218835830688,0.3553638160228729,2.2847883701324463,6.870133399963379,7.481421947479248,0.07546410709619522,-3.464517593383789,-1.3950834274291992,-1.8628547191619873,-3.593529462814331,-4.2799153327941895,-4.392435550689697,-3.998842239379883,-3.4690821170806885,-2.966362476348877,-3.4570696353912354,-4.481368064880371,-4.597059726715088,-3.566918134689331,-2.550980567932129,-2.693329095840454,-3.2561588287353516,-2.245006799697876,0.12136607617139816,0.9206414222717285,-0.378632128238678,-1.0337752103805542,-0.9047685861587524,-0.9397227764129639,-0.7231535315513611,-0.25832879543304443
-0.9394245147705078,-0.7761907577514648,-2.411820650100708,-2.9576961994171143,-4.151505947113037,-9.427507400512695,-13.409253120422363,-12.646443367004395,-8.520791053771973,-4.793042182922363,-2.696704626083374,-0.647189736366272,1.301180124282837,5.085387229919434,10.49826431274414,7.0820841789245605,-3.1517391204833984,-6.470201015472412,-3.464336395263672,-1.262724757194519,-2.6905384063720703,-3.2850863933563232,-3.586960554122925,-3.209933280944824,-2.190537452697754,-1.82400381565094,-1.4724533557891846,-1.5383511781692505,-2.305899143218994,-3.0610568523406982,-2.998342275619507,-2.31964111328125,-2.5393378734588623,-3.6255156993865967,-3.4506540298461914,-1.7493466138839722,-0.286817729473114,-0.2203797996044159,-0.6552963256835938,-0.854037344455719,-1.0356082916259766,-0.30185139179229736,-0.01878238655626774
-1.7987728118896484,-2.1851093769073486,-4.130079746246338,-4.603044509887695,-5.994012832641602,-9.078195571899414,-9.32348346710205,-6.445866107940674,-4.828304290771484,-4.240965366363525,-0.6947174072265625,1.1680845022201538,6.8509368896484375,12.90533447265625,5.306692123413086,-3.8780369758605957,-3.168065071105957,-1.649025559425354,-1.4887622594833374,-2.2141528129577637,-4.049537658691406,-4.509253978729248,-3.561978816986084,-2.013049840927124,-0.4123387336730957,0.6865841746330261,0.9862028956413269,0.3153279423713684,-0.6919742226600647,-1.5470044612884521,-1.724824070930481,-1.277238130569458,-1.6840840578079224,-3.251268148422241,-4.154819011688232,-3.2244434356689453,-2.4316794872283936,-1.68674635887146,-0.9919437170028687,-0.5335600972175598,-0.2689935266971588,-0.5671807527542114,0.7946730256080627
-1.7045081853866577,-1.527482509613037,-3.578758478164673,-4.627291202545166,-3.9468159675598145,-4.73709774017334,-5.608835697174072,-3.1623053550720215,-0.5518611669540405,-0.7413511276245117,3.8456101417541504,13.148237228393555,14.378971099853516,3.8047754764556885,-3.372103452682495,-0.051619745790958405,3.3241021633148193,3.8554179668426514,0.9898649454116821,-4.0719685554504395,-6.699507236480713,-5.259147644042969,-2.779179573059082,-0.3911653459072113,1.630068063735962,3.305009126663208,3.964866876602173,3.0328612327575684,1.0355790853500366,-0.21197804808616638,-0.35660332441329956,-0.24614781141281128,-0.5146820545196533,-2.1148297786712646,-4.093408584594727,-4.359169960021973,-3.5707955360412598,-1.947948932647705,-0.3495540916919708,0.3579038381576538,0.2239600270986557,-0.28934550285339355,0.5599316358566284
-2.179006576538086,-2.358518123626709,-3.4468252658843994,-2.626453399658203,-1.131756067276001,-1.012015461921692,-0.7854030728340149,1.8332442045211792,1.1374696493148804,2.4862802028656006,13.72486686706543,15.82647705078125,0.16495971381664276,-4.710732936859131,1.7680487632751465,4.19508171081543,5.956226348876953,-0.22379694879055023,-7.49495267868042,-8.75802993774414,-6.082015037536621,-3.4123752117156982,-1.0721778869628906,1.238787055015564,3.4574708938598633,5.509233474731445,6.515145778656006,6.029300212860107,3.7020485401153564,1.3846244812011719,0.937569260597229,1.0587079524993896,0.5821402668952942,-0.9695193767547607,-2.931979179382324,-3.8311588764190674,-3.2320845127105713,-1.1836107969284058,0.521195113658905,0.34128862619400024,1.0662927627563477,0.5086734294891357,0.23746967315673828
-1.3678025007247925,-2.134216070175171,-2.532909870147705,-1.5288300514221191,0.5352824926376343,2.202228307723999,2.820213556289673,1.0411709547042847,1.3452467918395996,7.881650924682617,16.027074813842773,8.618672370910645,-3.776808977127075,-1.3974252939224243,3.259857654571533,4.2115068435668945,-2.75527286529541,-10.824833869934082,-11.209754943847656,-7.805408000946045,-4.850724220275879,-2.3160505294799805,0.34466075897216797,2.6697654724121094,4.535569667816162,6.423828601837158,7.965924263000488,8.215641975402832,6.563140869140625,3.733095169067383,1.9113023281097412,1.9781917333602905,1.738745093345642,0.3970836400985718,-1.452052354812622,-2.132106304168701,-1.205567479133606,0.48156294226646423,1.1027113199234009,0.6421714425086975,0.7273575663566589,1.0970994234085083,0.5994202494621277
0.4014210104942322,-0.22324830293655396,-1.2052792310714722,-0.2959625720977783,1.9251713752746582,1.622032642364502,-0.4097221791744232,0.7354478240013123,6.893280982971191,15.62905216217041,13.1571626663208,-1.4249978065490723,-4.073095321655273,2.8430302143096924,4.0296831130981445,-0.2930665910243988,-9.58597469329834,-12.60433292388916,-9.6526517868042,-6.717834949493408,-4.1324462890625,-1.757561206817627,0.5688677430152893,2.0272741317749023,3.9053540229797363,5.98258638381958,7.699556350708008,9.020089149475098,8.554896354675293,6.316449165344238,3.4007322788238525,3.0020782947540283,2.862269401550293,1.3841831684112549,0.1561945080757141,0.08754806965589523,0.6239557266235352,1.1418514251708984,0.7190385460853577,0.3347571790218353,0.9932920336723328,0.7297847270965576,-0.04554823786020279
