data/wind_data/wind_3_7.json
{"header": {"parameterUnit": "KT", "parameterCategory": 2, "nx": 256, "ny": 198, "lo1": 44.73521041870117, "la1": -3.236724853515625, "lo2": 111.26478576660156, "la2": 43.468475341796875, "dx": 0.2609002888202667, "dy": -0.23708222806453705, "refTime": "2025-02-19 03:00:00", "forecastTime": 0, "parameterNumber": 2, "parameterNumberName": "eastward_wind"}, "data":
[rows 0 to 19 of 198, columns 88 to 131 of 256]
-12.174114227294922,-10.738807678222656,-10.486307144165039,-10.857423782348633,-10.099919319152832,-8.809542655944824,-7.685409069061279,-6.786513328552246,-6.44470739364624,-6.64314603805542,-7.677585601806641,-8.757697105407715,-9.231193542480469,-9.925761222839355,-11.149980545043945,-12.639408111572266,-14.459067344665527,-15.708717346191406,-16.242650985717773,-16.635225296020508,-16.90086555480957,-16.880542755126953,-16.686107635498047,-17.355199813842773,-18.44888687133789,-18.551467895507812,-18.06427764892578,-17.39102554321289,-16.465736389160156,-15.248602867126465,-13.964674949645996,-12.736319541931152,-11.904097557067871,-11.836222648620605,-12.017045974731445,-12.302742004394531,-12.584383010864258,-12.832172393798828,-12.89627742767334,-12.735191345214844,-12.730106353759766,-12.90832233428955,-13.84140682220459,-15.373737335205078
-11.645870208740234,-10.607025146484375,-11.075915336608887,-11.680428504943848,-10.325496673583984,-8.06389045715332,-6.34379243850708,-5.642124176025391,-5.649321556091309,-6.259696960449219,-7.850828647613525,-8.906310081481934,-9.06983757019043,-9.709582328796387,-10.861358642578125,-12.15855598449707,-13.636029243469238,-14.54195499420166,-15.072797775268555,-15.149161338806152,-14.697188377380371,-14.860787391662598,-15.25288200378418,-16.602025985717773,-18.446897506713867,-18.430566787719727,-17.567434310913086,-17.12783432006836,-16.49052619934082,-15.220941543579102,-13.872933387756348,-12.866168975830078,-11.89847183227539,-10.910538673400879,-10.766246795654297,-12.040587425231934,-13.274962425231934,-13.836849212646484,-14.074384689331055,-14.113483428955078,-14.220182418823242,-14.344271659851074,-14.898710250854492,-15.973916053771973
-11.599350929260254,-11.438007354736328,-11.69356632232666,-11.605293273925781,-10.708348274230957,-9.369536399841309,-8.018584251403809,-7.418572425842285,-7.921921730041504,-8.76718807220459,-9.298393249511719,-9.254190444946289,-9.008492469787598,-9.180383682250977,-9.962638854980469,-11.064845085144043,-12.188924789428711,-13.136734008789062,-14.00540828704834,-14.050491333007812,-13.401932716369629,-13.350371360778809,-13.781270027160645,-15.239500999450684,-16.785165786743164,-16.329204559326172,-15.213531494140625,-14.983842849731445,-14.987232208251953,-14.637981414794922,-13.730085372924805,-12.253512382507324,-11.051939010620117,-10.605328559875488,-11.40446949005127,-13.587267875671387,-15.277437210083008,-15.77738094329834,-15.746126174926758,-15.694998741149902,-15.909506797790527,-15.83854866027832,-15.323037147521973,-14.860323905944824
-12.144668579101562,-12.475255966186523,-12.440445899963379,-12.035003662109375,-11.500913619995117,-10.691789627075195,-9.652122497558594,-9.03445816040039,-9.577634811401367,-10.455731391906738,-10.148787498474121,-9.14707088470459,-8.364690780639648,-8.11334228515625,-8.570414543151855,-9.434693336486816,-10.442558288574219,-11.342427253723145,-11.98062515258789,-11.935873985290527,-11.226785659790039,-10.919576644897461,-11.51931381225586,-12.944465637207031,-14.076303482055664,-13.868949890136719,-13.288444519042969,-13.259929656982422,-13.427702903747559,-13.514986991882324,-13.063522338867188,-11.908964157104492,-11.0795259475708,-11.190238952636719,-12.441837310791016,-14.727614402770996,-16.346885681152344,-16.65983009338379,-16.5864315032959,-16.67350959777832,-16.760807037353516,-16.328516006469727,-15.199540138244629,-13.653377532958984
-13.21622085571289,-14.170121192932129,-14.13471794128418,-13.573830604553223,-12.314196586608887,-10.69709587097168,-9.972993850708008,-10.114917755126953,-9.814665794372559,-9.258464813232422,-8.499037742614746,-7.325240135192871,-6.33742094039917,-6.2835493087768555,-7.168199062347412,-8.313576698303223,-8.939131736755371,-8.613157272338867,-7.7848968505859375,-7.337828636169434,-7.165014743804932,-7.269003391265869,-8.151232719421387,-9.243951797485352,-10.833219528198242,-12.122318267822266,-12.634928703308105,-12.995881080627441,-13.035673141479492,-12.651025772094727,-12.358040809631348,-11.949287414550781,-11.729989051818848,-12.492718696594238,-14.089469909667969,-15.854534149169922,-16.66872787475586,-16.516109466552734,-16.49972152709961,-16.85381507873535,-16.4534912109375,-15.013687133789062,-13.373678207397461,-12.598804473876953
-12.948945045471191,-13.679481506347656,-14.470436096191406,-14.933070182800293,-14.481415748596191,-13.539570808410645,-12.453486442565918,-11.513714790344238,-10.740022659301758,-10.185917854309082,-9.429848670959473,-8.103734970092773,-7.15883207321167,-7.523384094238281,-8.6272611618042,-9.33695125579834,-9.52664566040039,-9.572909355163574,-9.347330093383789,-8.738348960876465,-7.340523719787598,-5.845273971557617,-6.352655410766602,-8.400012969970703,-10.308309555053711,-11.492037773132324,-12.47628116607666,-13.670865058898926,-13.844529151916504,-13.179944038391113,-12.866673469543457,-13.218475341796875,-14.133757591247559,-15.403423309326172,-16.2889347076416,-16.621572494506836,-16.386402130126953,-15.918235778808594,-15.665745735168457,-15.226814270019531,-14.437222480773926,-13.13581657409668,-11.937766075134277,-11.85539722442627
-13.115492820739746,-14.265816688537598,-15.26793384552002,-15.949337005615234,-15.887124061584473,-15.090270042419434,-13.90941333770752,-12.534911155700684,-11.01519775390625,-9.590402603149414,-8.345000267028809,-7.440852165222168,-7.338440418243408,-7.997738838195801,-8.934524536132812,-9.5430269241333,-9.462368965148926,-9.1903076171875,-9.26076889038086,-9.006499290466309,-7.764357089996338,-6.105091571807861,-5.5352396965026855,-7.139942169189453,-8.872406005859375,-10.212096214294434,-11.356284141540527,-12.184404373168945,-12.470995903015137,-12.377452850341797,-12.4222412109375,-12.919524192810059,-13.641937255859375,-14.507155418395996,-15.034038543701172,-15.294450759887695,-15.269075393676758,-14.635268211364746,-14.050607681274414,-13.857694625854492,-13.651382446289062,-13.073824882507324,-12.43269157409668,-12.133782386779785
-13.314855575561523,-14.176797866821289,-15.08409309387207,-15.915453910827637,-16.26465606689453,-15.778637886047363,-14.800284385681152,-13.3997802734375,-11.591413497924805,-9.878170013427734,-8.81148624420166,-8.778160095214844,-9.368037223815918,-9.620168685913086,-9.516364097595215,-9.50727367401123,-9.480050086975098,-9.235580444335938,-8.857002258300781,-8.228819847106934,-7.8143510818481445,-7.649562835693359,-7.013162612915039,-7.409071445465088,-8.381339073181152,-9.040688514709473,-9.745821952819824,-10.19775390625,-10.741003036499023,-11.421672821044922,-11.917356491088867,-12.277839660644531,-12.193872451782227,-11.987138748168945,-11.968450546264648,-11.61455249786377,-10.816192626953125,-10.179109573364258,-10.707659721374512,-12.18429946899414,-13.361259460449219,-13.652762413024902,-13.377793312072754,-12.808307647705078
-13.24727725982666,-13.467617988586426,-13.953423500061035,-14.453658103942871,-14.795764923095703,-14.833491325378418,-14.60010051727295,-13.815964698791504,-12.569978713989258,-11.6951265335083,-11.477898597717285,-11.777064323425293,-11.865684509277344,-11.168547630310059,-10.171395301818848,-9.794330596923828,-9.812644004821777,-9.2550048828125,-7.990482330322266,-7.072836875915527,-7.532111644744873,-8.848138809204102,-8.786520957946777,-8.111885070800781,-8.318930625915527,-8.592190742492676,-9.115116119384766,-9.465996742248535,-9.868912696838379,-10.986784934997559,-11.90266227722168,-12.103837966918945,-11.297579765319824,-10.02400016784668,-9.056357383728027,-8.033210754394531,-6.424938678741455,-5.517992973327637,-6.624183654785156,-9.035335540771484,-10.893913269042969,-11.599203109741211,-12.14443588256836,-12.65981674194336
-12.80568790435791,-12.776991844177246,-12.727009773254395,-12.671154975891113,-12.630400657653809,-12.785361289978027,-13.3077974319458,-13.691593170166016,-13.672679901123047,-13.812803268432617,-13.75592041015625,-13.234198570251465,-12.378512382507324,-11.384881973266602,-10.796385765075684,-10.772903442382812,-10.59632396697998,-9.611902236938477,-8.308968544006348,-7.554787635803223,-7.903171539306641,-8.8380126953125,-8.920372009277344,-8.366569519042969,-8.058012008666992,-8.196885108947754,-8.673383712768555,-8.921669960021973,-9.505434036254883,-11.110774993896484,-11.99759292602539,-11.6456298828125,-10.513906478881836,-9.108772277832031,-7.439050197601318,-5.641373634338379,-3.7339699268341064,-2.305478811264038,-2.4285004138946533,-4.543264389038086,-6.7135233879089355,-8.217409133911133,-9.78076171875,-11.555459976196289
-12.910327911376953,-12.585941314697266,-11.933655738830566,-11.533550262451172,-11.713095664978027,-12.1907377243042,-12.76558780670166,-13.251379013061523,-13.772235870361328,-14.429783821105957,-14.272995948791504,-13.227190017700195,-12.19477367401123,-11.380753517150879,-10.779914855957031,-10.612771987915039,-10.609539031982422,-10.130464553833008,-9.22092056274414,-8.477705001831055,-8.47245979309082,-8.982888221740723,-9.109145164489746,-8.870705604553223,-8.202507019042969,-7.665371894836426,-7.2711358070373535,-7.408214092254639,-8.93503475189209,-11.370709419250488,-12.190008163452148,-10.589237213134766,-8.245646476745605,-6.312373638153076,-4.659872055053711,-3.1976478099823,-1.737372875213623,-0.37985607981681824,0.20201045274734497,-1.7266004085540771,-4.115718364715576,-5.733762264251709,-7.233521938323975,-9.654479026794434
-12.68576717376709,-11.266998291015625,-10.241437911987305,-10.522616386413574,-11.923470497131348,-13.026302337646484,-13.254268646240234,-13.092995643615723,-13.298356056213379,-13.665081977844238,-13.534720420837402,-13.152195930480957,-12.797943115234375,-11.525545120239258,-9.471027374267578,-8.508691787719727,-9.4622163772583,-10.504778861999512,-10.37354850769043,-9.654497146606445,-9.13127326965332,-9.343259811401367,-9.438464164733887,-8.9353609085083,-7.936765193939209,-6.849788188934326,-6.149124622344971,-6.678502559661865,-8.483529090881348,-9.994400978088379,-9.874049186706543,-8.142704010009766,-5.559561729431152,-2.7065670490264893,-0.9491172432899475,-0.5262684226036072,-0.204170361161232,0.42896705865859985,0.640848696231842,-1.1459497213363647,-3.5240724086761475,-4.839559078216553,-5.63702392578125,-7.46127986907959
-11.16400146484375,-9.785651206970215,-9.773943901062012,-11.216684341430664,-12.920769691467285,-13.940917015075684,-14.167400360107422,-13.949501991271973,-13.785774230957031,-13.69400691986084,-13.745865821838379,-14.03278636932373,-13.895072937011719,-12.40024185180664,-10.192926406860352,-8.814414978027344,-9.2441987991333,-10.264254570007324,-10.631047248840332,-10.349053382873535,-9.690288543701172,-9.589906692504883,-9.124028205871582,-7.471710681915283,-6.014847278594971,-5.171117305755615,-5.204183578491211,-6.443124294281006,-7.5951337814331055,-7.0821614265441895,-5.887317180633545,-4.801698207855225,-3.562070608139038,-1.5675992965698242,-0.06011105701327324,0.5391605496406555,-0.064000204205513,-0.5320043563842773,-0.5802508592605591,-0.987051784992218,-2.43996262550354,-4.258384704589844,-5.9124956130981445,-6.962340354919434
-10.405194282531738,-10.130013465881348,-10.800293922424316,-12.47990894317627,-13.745831489562988,-14.157600402832031,-14.537313461303711,-15.333602905273438,-15.798598289489746,-15.38175106048584,-15.117311477661133,-15.95638656616211,-16.430883407592773,-14.66413402557373,-11.697470664978027,-9.555265426635742,-8.964001655578613,-9.484806060791016,-9.982449531555176,-10.742578506469727,-11.021738052368164,-10.396265983581543,-8.545788764953613,-5.475473403930664,-3.684873342514038,-3.165184497833252,-3.74879789352417,-5.125164985656738,-5.462609767913818,-4.145820140838623,-2.999804973602295,-2.619706153869629,-2.140043020248413,-1.939928650856018,-1.8809247016906738,-0.33082979917526245,-0.6217787265777588,-2.062943935394287,-2.2758593559265137,-1.187493920326233,-1.139297366142273,-3.190791606903076,-6.250960826873779,-8.124722480773926
-9.833112716674805,-10.098217964172363,-10.941330909729004,-12.832752227783203,-13.907904624938965,-13.950002670288086,-14.678895950317383,-16.439361572265625,-17.392995834350586,-16.78891372680664,-16.157791137695312,-17.074975967407227,-18.472360610961914,-17.20323371887207,-13.488205909729004,-9.871933937072754,-8.180760383605957,-9.60370922088623,-10.84572696685791,-11.85787296295166,-12.154911994934082,-9.80762004852295,-6.809370994567871,-4.3569817543029785,-3.1334922313690186,-2.54477858543396,-2.7794852256774902,-3.0785744190216064,-2.228334903717041,-1.1391751766204834,-0.7570062279701233,-1.2650660276412964,-1.0969123840332031,-1.8054674863815308,-2.153301239013672,-1.2063798904418945,-1.5634284019470215,-3.1049327850341797,-3.7438652515411377,-3.0902833938598633,-2.306631326675415,-3.054288864135742,-5.911508083343506,-8.602980613708496
-8.244385719299316,-9.21316146850586,-10.40816879272461,-12.25806999206543,-13.144185066223145,-13.34283447265625,-14.238283157348633,-15.666960716247559,-16.73482894897461,-17.00943374633789,-16.793245315551758,-16.550874710083008,-16.881689071655273,-17.17043113708496,-15.445392608642578,-11.811527252197266,-9.212038040161133,-9.479791641235352,-12.277959823608398,-13.447460174560547,-12.191507339477539,-8.39044189453125,-5.448280334472656,-4.583309173583984,-3.3436238765716553,-2.613375425338745,-1.9788812398910522,-0.5298726558685303,0.5379639863967896,0.9063320755958557,1.6853587627410889,0.9620760083198547,0.5239319801330566,-0.41273534297943115,-0.21417762339115143,-0.7897547483444214,-1.9684808254241943,-2.9473204612731934,-3.8399722576141357,-4.325046539306641,-4.306257724761963,-4.5030012130737305,-5.9533891677856445,-7.62600040435791
-7.30690860748291,-8.615961074829102,-9.29384994506836,-9.965445518493652,-10.597733497619629,-11.701714515686035,-12.796310424804688,-13.51364803314209,-14.568613052368164,-15.86987590789795,-16.395523071289062,-16.146963119506836,-15.972142219543457,-16.24612808227539,-15.932306289672852,-13.448053359985352,-10.383444786071777,-10.185542106628418,-11.716675758361816,-12.44107437133789,-10.992834091186523,-8.660928726196289,-6.518256187438965,-4.977413654327393,-2.722424268722534,-1.3687286376953125,-0.3380032181739807,1.1526386737823486,1.6581101417541504,1.5506309270858765,2.5854344367980957,3.017259359359741,2.100543260574341,0.9565656185150146,0.8662011027336121,-0.08513344079256058,-0.7309955358505249,-1.147843599319458,-2.229499578475952,-3.383934259414673,-4.393662929534912,-5.552199363708496,-6.361815929412842,-6.465146064758301
-7.6620049476623535,-7.1138386726379395,-6.5808329582214355,-6.744601726531982,-8.196081161499023,-9.70539665222168,-10.635869026184082,-11.481745719909668,-12.551312446594238,-14.061861038208008,-15.070866584777832,-15.37981128692627,-15.814946174621582,-16.20836639404297,-15.839557647705078,-14.596151351928711,-12.622424125671387,-11.372467994689941,-11.682181358337402,-11.643989562988281,-10.202827453613281,-8.112722396850586,-5.903894424438477,-3.797314405441284,-2.024237871170044,0.22943781316280365,1.3558874130249023,2.1182193756103516,2.798079013824463,2.9796547889709473,3.358600616455078,3.9276273250579834,2.80654239654541,1.2531330585479736,0.5877560973167419,0.39317208528518677,1.3865844011306763,1.5214098691940308,0.4096904695034027,-1.554616093635559,-3.394148349761963,-5.097796440124512,-5.775744915008545,-5.30198860168457
-8.310647010803223,-6.222603797912598,-4.87132453918457,-5.548115253448486,-7.414340972900391,-8.222620964050293,-8.408720970153809,-9.618624687194824,-11.472439765930176,-13.120495796203613,-14.422374725341797,-14.877177238464355,-14.81678581237793,-15.062102317810059,-15.702030181884766,-16.425621032714844,-15.865358352661133,-14.047358512878418,-12.75045394897461,-11.997828483581543,-10.472467422485352,-8.032063484191895,-4.762660503387451,-2.082568883895874,-0.36767178773880005,0.9525049924850464,2.423912286758423,3.07838773727417,3.87265682220459,4.3373541831970215,4.659491539001465,4.783431053161621,3.635129690170288,2.2332284450531006,1.2261016368865967,1.0390172004699707,1.6623897552490234,2.60125470161438,2.3337883949279785,0.32412388920783997,-2.37194561958313,-3.770495891571045,-4.375892162322998,-4.415493488311768
-7.55219841003418,-6.027937412261963,-4.742372035980225,-5.214279651641846,-6.358910083770752,-6.37725830078125,-6.049716472625732,-7.207364082336426,-9.822222709655762,-11.688041687011719,-12.688719749450684,-13.606781959533691,-14.108041763305664,-14.252458572387695,-14.722831726074219,-15.722038269042969,-16.122814178466797,-14.829883575439453,-12.71717357635498,-10.346171379089355,-7.455906391143799,-5.2234883308410645,-3.9791228771209717,-2.0517797470092773,0.25278040766716003,0.8079955577850342,2.0641157627105713,2.6953070163726807,3.298999786376953,3.6443824768066406,4.362446308135986,4.905491828918457,4.633786678314209,3.9436752796173096,2.570297956466675,1.2890199422836304,0.26929375529289246,0.9522075653076172,1.768325686454773,1.5160385370254517,-0.5422727465629578,-1.4131829738616943,-2.0237340927124023,-3.586637020111084
