data/wind_data/wind_39_3.json
{"header": {"parameterUnit": "KT", "parameterCategory": 2, "nx": 256, "ny": 198, "lo1": 44.73521041870117, "la1": -3.236724853515625, "lo2": 111.26478576660156, "la2": 43.468475341796875, "dx": 0.2609002888202667, "dy": -0.23708222806453705, "refTime": "2025-02-20 15:00:00", "forecastTime": 0, "parameterNumber": 2, "parameterNumberName": "eastward_wind"}, "data":
[rows 76 to 94 of 198, columns 44 to 87 of 256]
-1.868368148803711,-2.3325858116149902,-2.9389138221740723,-3.308525562286377,-3.401270627975464,-3.247941255569458,-3.0318589210510254,-2.8696494102478027,-2.7209832668304443,-2.6626689434051514,-2.8105204105377197,-3.1274197101593018,-3.522456645965576,-3.858555316925049,-4.070904731750488,-4.146083354949951,-4.073612213134766,-3.9237756729125977,-3.7717673778533936,-3.642728805541992,-3.553138256072998,-3.5406429767608643,-3.5783936977386475,-3.6522271633148193,-3.7617480754852295,-3.9035372734069824,-4.073201656341553,-4.280954360961914,-4.476667404174805,-4.5835137367248535,-4.583205699920654,-4.51132345199585,-4.412011623382568,-4.311191082000732,-4.272329330444336,-4.3601908683776855,-4.5286102294921875,-4.666086196899414,-4.743326663970947,-4.807368755340576,-4.846192836761475,-4.75999641418457,-4.527626037597656,-4.264831066131592
-0.8867581486701965,-1.304471492767334,-1.8270829916000366,-2.1221587657928467,-2.08821439743042,-1.8316097259521484,-1.5429325103759766,-1.3133736848831177,-1.1449228525161743,-1.100722312927246,-1.2709792852401733,-1.6606374979019165,-2.111936330795288,-2.4602792263031006,-2.672389030456543,-2.7445755004882812,-2.679946184158325,-2.541661500930786,-2.4170072078704834,-2.3613462448120117,-2.4132375717163086,-2.574777126312256,-2.825890302658081,-3.163821220397949,-3.5540218353271484,-3.910334825515747,-4.2114057540893555,-4.473037242889404,-4.677884101867676,-4.75771951675415,-4.720358371734619,-4.635766983032227,-4.575626850128174,-4.583544731140137,-4.695243835449219,-4.8948655128479,-5.064759731292725,-5.1023149490356445,-5.050790786743164,-5.020902156829834,-4.999515056610107,-4.887945175170898,-4.645721435546875,-4.378411769866943
0.018796579912304878,-0.4130006730556488,-0.8436353802680969,-1.0295673608779907,-0.8741041421890259,-0.5130746364593506,-0.14880745112895966,0.14070282876491547,0.29319697618484497,0.2541678845882416,-0.005552091635763645,-0.4283996820449829,-0.8164209127426147,-1.075297474861145,-1.2490395307540894,-1.3526721000671387,-1.3652454614639282,-1.3194557428359985,-1.2878713607788086,-1.3608617782592773,-1.5867782831192017,-1.9385950565338135,-2.378225326538086,-2.884121894836426,-3.4233076572418213,-3.9375998973846436,-4.378278732299805,-4.7139811515808105,-4.912182331085205,-4.935159206390381,-4.8433756828308105,-4.730433940887451,-4.677629470825195,-4.749693870544434,-4.982146739959717,-5.2857346534729,-5.466367244720459,-5.421543121337891,-5.243979454040527,-5.069897174835205,-4.928488731384277,-4.772190570831299,-4.57954216003418,-4.398857593536377
0.7526810765266418,0.40932583808898926,0.019774841144680977,-0.05883403494954109,0.18135966360569,0.5646523833274841,0.9408002495765686,1.239096999168396,1.3734769821166992,1.264894962310791,0.9107897877693176,0.45527902245521545,0.10467305779457092,-0.10850878059864044,-0.2802099883556366,-0.41124534606933594,-0.492464154958725,-0.5612262487411499,-0.6822658181190491,-0.9214912056922913,-1.2776764631271362,-1.7077947854995728,-2.1584842205047607,-2.6206207275390625,-3.123225450515747,-3.665487289428711,-4.20796012878418,-4.648370265960693,-4.895935535430908,-4.925637722015381,-4.815816879272461,-4.681293487548828,-4.63889741897583,-4.770157814025879,-5.0916361808776855,-5.455652713775635,-5.638312339782715,-5.563633918762207,-5.3223676681518555,-5.025108814239502,-4.737563133239746,-4.493919849395752,-4.3273820877075195,-4.235498905181885
1.3023369312286377,1.174337387084961,0.8909056782722473,0.8176780343055725,1.059175729751587,1.3818087577819824,1.6718270778656006,1.9156804084777832,1.998714566230774,1.8183599710464478,1.3967894315719604,0.920737624168396,0.5853610038757324,0.3896733224391937,0.2383664846420288,0.09849881380796432,-0.03722516819834709,-0.2128680795431137,-0.4734252095222473,-0.8321483731269836,-1.2385865449905396,-1.6312311887741089,-1.9764037132263184,-2.306325674057007,-2.6880249977111816,-3.1581058502197266,-3.6991007328033447,-4.2066779136657715,-4.549426078796387,-4.67956018447876,-4.650736331939697,-4.574669361114502,-4.584572792053223,-4.760013580322266,-5.084722995758057,-5.3969645500183105,-5.5247416496276855,-5.438202857971191,-5.204940319061279,-4.882841110229492,-4.499083995819092,-4.131223201751709,-3.879993200302124,-3.755035161972046
1.7166147232055664,1.6191787719726562,1.5632294416427612,1.6377153396606445,1.8702139854431152,2.1300435066223145,2.3400654792785645,2.4840996265411377,2.447063684463501,2.141714572906494,1.6505063772201538,1.1806446313858032,0.8752397298812866,0.7226361036300659,0.619305431842804,0.490655779838562,0.31056755781173706,0.060356348752975464,-0.2971416711807251,-0.7311999201774597,-1.1510894298553467,-1.4947848320007324,-1.7669239044189453,-2.014209270477295,-2.2878146171569824,-2.638355255126953,-3.072479009628296,-3.5273079872131348,-3.9071013927459717,-4.163261890411377,-4.309076309204102,-4.402284622192383,-4.532235622406006,-4.745398998260498,-5.001582145690918,-5.183459758758545,-5.198330402374268,-5.070009708404541,-4.846683025360107,-4.532137870788574,-4.115472316741943,-3.6634862422943115,-3.2782816886901855,-3.003953695297241
2.6173911094665527,2.2803964614868164,2.059953212738037,2.335779905319214,2.6637356281280518,2.9242546558380127,3.154881238937378,3.259211301803589,3.103828191757202,2.665943145751953,2.1102657318115234,1.6261544227600098,1.3035576343536377,1.1602497100830078,1.104119062423706,1.026132583618164,0.8510011434555054,0.5502641201019287,0.12742683291435242,-0.353461891412735,-0.7865597009658813,-1.1264837980270386,-1.3907744884490967,-1.6295286417007446,-1.8819392919540405,-2.1629552841186523,-2.4639999866485596,-2.767655611038208,-3.064859390258789,-3.3525097370147705,-3.632490634918213,-3.9091873168945312,-4.201542854309082,-4.503324508666992,-4.748466491699219,-4.8473663330078125,-4.759410858154297,-4.53749942779541,-4.238816261291504,-3.8781087398529053,-3.4548370838165283,-3.0126333236694336,-2.5966310501098633,-2.2365052700042725
3.7673885822296143,3.3948307037353516,2.909275770187378,2.918931007385254,3.3398008346557617,3.6518948078155518,3.9137372970581055,4.044013977050781,3.860212564468384,3.4054582118988037,2.898555278778076,2.4313881397247314,2.0712926387786865,1.8856905698776245,1.8351719379425049,1.7912153005599976,1.6264530420303345,1.2895554304122925,0.8370149731636047,0.37296462059020996,-0.03571343794465065,-0.37429279088974,-0.6641918420791626,-0.9429334998130798,-1.228026032447815,-1.499124526977539,-1.7228442430496216,-1.8925570249557495,-2.0589652061462402,-2.285174608230591,-2.594515085220337,-2.9856059551239014,-3.4338457584381104,-3.886718273162842,-4.231912136077881,-4.353758335113525,-4.209980010986328,-3.8674380779266357,-3.4216151237487793,-2.954355239868164,-2.5148653984069824,-2.1462819576263428,-1.8473894596099854,-1.5780738592147827
4.577223777770996,4.496384620666504,4.151954650878906,3.657130241394043,3.810232162475586,4.157649040222168,4.453952312469482,4.530216217041016,4.345193386077881,4.011913776397705,3.6648454666137695,3.328648090362549,3.0439212322235107,2.873361587524414,2.7940404415130615,2.6983587741851807,2.478262186050415,2.1078708171844482,1.6747610569000244,1.293464183807373,0.9649303555488586,0.6448704600334167,0.30897825956344604,-0.026056069880723953,-0.32183054089546204,-0.5471060872077942,-0.6901382803916931,-0.7680383920669556,-0.8464532494544983,-1.022053837776184,-1.3480795621871948,-1.837896466255188,-2.447369337081909,-3.072728157043457,-3.557156801223755,-3.733820915222168,-3.54160475730896,-3.068035364151001,-2.4745140075683594,-1.8954455852508545,-1.4291783571243286,-1.1324026584625244,-0.9998067021369934,-0.9209270477294922
5.024906635284424,5.145863056182861,5.204102993011475,4.655543327331543,4.29262638092041,4.419442653656006,4.7105889320373535,4.761775016784668,4.576221942901611,4.355593204498291,4.162171840667725,3.9848899841308594,3.8542020320892334,3.7687129974365234,3.673060417175293,3.494117498397827,3.2046680450439453,2.849270820617676,2.5068655014038086,2.222255229949951,1.949404001235962,1.6240837574005127,1.2640905380249023,0.9553220272064209,0.7563404440879822,0.6577921509742737,0.6162821054458618,0.5758222341537476,0.463142454624176,0.2297023981809616,-0.14676760137081146,-0.696995198726654,-1.392416000366211,-2.130671501159668,-2.7154128551483154,-2.9409122467041016,-2.7321014404296875,-2.198650598526001,-1.5374202728271484,-0.9056613445281982,-0.4168128967285156,-0.13850495219230652,-0.07859883457422256,-0.10831677913665771
5.766253471374512,5.7800068855285645,5.861483097076416,5.752391338348389,5.1473259925842285,4.888113975524902,4.865025520324707,4.845176696777344,4.771905899047852,4.714776515960693,4.62981653213501,4.538663864135742,4.480621814727783,4.422986030578613,4.296940803527832,4.064576625823975,3.763584852218628,3.4802298545837402,3.260993719100952,3.0669727325439453,2.8273911476135254,2.520127773284912,2.2200496196746826,2.034848213195801,1.995224952697754,2.053450584411621,2.0951592922210693,1.9878509044647217,1.7004693746566772,1.3072609901428223,0.8479611277580261,0.3220639228820801,-0.2765381932258606,-0.9057915210723877,-1.45628023147583,-1.7449918985366821,-1.6510448455810547,-1.2335630655288696,-0.6577214002609253,-0.07746376097202301,0.3979779779911041,0.6919394731521606,0.7839439511299133,0.7792474627494812
6.812874794006348,6.83958625793457,6.522332191467285,6.469578266143799,6.208086013793945,5.826593399047852,5.391059875488281,5.114204406738281,5.148093223571777,5.276839256286621,5.318262577056885,5.2845916748046875,5.2345967292785645,5.115329742431641,4.889036655426025,4.597369194030762,4.316549777984619,4.096662998199463,3.9303908348083496,3.7629644870758057,3.5691421031951904,3.390042781829834,3.3024282455444336,3.339536666870117,3.468740701675415,3.605743169784546,3.5891199111938477,3.3029041290283203,2.818819522857666,2.2777411937713623,1.7571868896484375,1.2880200147628784,0.8587170243263245,0.4526534676551819,0.07839459925889969,-0.1815318912267685,-0.23175166547298431,-0.044385526329278946,0.3067390024662018,0.7227802872657776,1.1037424802780151,1.374890685081482,1.5093880891799927,1.5797053575515747
7.454722881317139,7.438209533691406,7.096995830535889,6.868917942047119,7.068273544311523,6.988522529602051,6.390327453613281,5.790167331695557,5.7382097244262695,5.973751544952393,6.127397537231445,6.171647071838379,6.102138042449951,5.903080940246582,5.612040996551514,5.297094345092773,5.0066680908203125,4.750069618225098,4.515446662902832,4.304643154144287,4.175604820251465,4.211319923400879,4.423050880432129,4.731489181518555,5.0381269454956055,5.194436550140381,5.053061485290527,4.586206912994385,3.9428200721740723,3.307093858718872,2.787313222885132,2.391533136367798,2.070114850997925,1.782814383506775,1.5296082496643066,1.3520530462265015,1.2720657587051392,1.310396432876587,1.4548758268356323,1.6750407218933105,1.9086955785751343,2.0883147716522217,2.208402156829834,2.324265956878662
7.547121524810791,7.703024387359619,7.578110694885254,7.958519458770752,8.06331729888916,7.6183085441589355,7.2037200927734375,6.705873966217041,6.507833003997803,6.648810386657715,6.849720001220703,6.956347942352295,6.8753228187561035,6.6489386558532715,6.364427089691162,6.05755090713501,5.700493335723877,5.2880539894104,4.904040336608887,4.677877426147461,4.712972640991211,5.007399082183838,5.453831672668457,5.938045978546143,6.338311195373535,6.492678642272949,6.291316509246826,5.765951156616211,5.103115081787109,4.489073753356934,4.003438472747803,3.6355223655700684,3.3532767295837402,3.1137986183166504,2.911902904510498,2.7766144275665283,2.70211124420166,2.6819908618927,2.7094850540161133,2.77998685836792,2.8601527214050293,2.906020164489746,2.962224006652832,3.0889832973480225
7.612313747406006,7.952043056488037,8.555817604064941,8.608087539672852,8.604923248291016,8.278419494628906,7.811957836151123,7.362571716308594,7.229537487030029,7.212738990783691,7.378442287445068,7.537674427032471,7.522563934326172,7.354310989379883,7.06724739074707,6.64447021484375,6.085662841796875,5.480729103088379,5.032373905181885,4.934561729431152,5.228362083435059,5.757971286773682,6.342382907867432,6.869747161865234,7.234365940093994,7.312260627746582,7.07712459564209,6.631710529327393,6.116073131561279,5.616268634796143,5.166510581970215,4.781442642211914,4.491415023803711,4.2898736000061035,4.151106834411621,4.042060375213623,3.9650118350982666,3.937314748764038,3.9616174697875977,3.9782350063323975,3.9141600131988525,3.7718193531036377,3.7006173133850098,3.8130266666412354
8.446451187133789,8.381875038146973,9.216673851013184,9.566140174865723,8.412323951721191,8.049332618713379,7.808889389038086,7.630154609680176,7.752993583679199,7.80948543548584,7.880291938781738,8.02597427368164,8.112303733825684,8.017422676086426,7.634947299957275,6.975089073181152,6.166141510009766,5.458343505859375,5.119137287139893,5.245962142944336,5.743312358856201,6.402318000793457,7.039527416229248,7.535522937774658,7.782141208648682,7.750123500823975,7.552077770233154,7.2971625328063965,6.9970855712890625,6.647507667541504,6.261255741119385,5.880451202392578,5.569507598876953,5.3593525886535645,5.221042156219482,5.065682411193848,4.9024658203125,4.846260070800781,4.933140277862549,5.029113292694092,4.978313446044922,4.769473075866699,4.589356422424316,4.616115570068359
9.36782169342041,8.729178428649902,9.340741157531738,10.443442344665527,8.027634620666504,6.925495624542236,7.511348724365234,8.008294105529785,8.20065975189209,8.403487205505371,8.541403770446777,8.577438354492188,8.652850151062012,8.5040283203125,7.989792823791504,7.227931022644043,6.3984503746032715,5.783400058746338,5.570927143096924,5.753332138061523,6.228892803192139,6.8542070388793945,7.4562668800354,7.86236572265625,7.996540546417236,7.966568470001221,7.910031318664551,7.841970443725586,7.715025424957275,7.531506061553955,7.3190836906433105,7.077718257904053,6.805692195892334,6.5320143699646,6.276906967163086,5.973640441894531,5.693252086639404,5.601333141326904,5.688458442687988,5.816011905670166,5.849733352661133,5.784777641296387,5.7213897705078125,5.740435600280762
9.136273384094238,8.60266399383545,9.659337997436523,11.098160743713379,8.170454978942871,6.475344657897949,7.554498195648193,8.575162887573242,8.885918617248535,9.061196327209473,9.157455444335938,9.28111743927002,9.211511611938477,8.858030319213867,8.275788307189941,7.582722187042236,6.934931755065918,6.524637222290039,6.371159076690674,6.438149929046631,6.718863010406494,7.182857990264893,7.663857460021973,7.9554643630981445,8.068013191223145,8.139368057250977,8.194831848144531,8.19836139678955,8.180809020996094,8.193269729614258,8.218226432800293,8.183886528015137,8.00407886505127,7.647724628448486,7.163524627685547,6.674911022186279,6.370787620544434,6.3191022872924805,6.416995048522949,6.530188083648682,6.590378761291504,6.651569366455078,6.783653736114502,6.927994251251221
8.161186218261719,8.287216186523438,10.144133567810059,12.065325736999512,9.347745895385742,7.514281272888184,8.048440933227539,9.194347381591797,9.647414207458496,9.959506034851074,9.966054916381836,9.831711769104004,9.741020202636719,9.381016731262207,8.753873825073242,8.13519287109375,7.643187999725342,7.367574691772461,7.247743129730225,7.224159240722656,7.348205089569092,7.636758804321289,7.941941738128662,8.152383804321289,8.32930850982666,8.4497709274292,8.482154846191406,8.478076934814453,8.540536880493164,8.688863754272461,8.857783317565918,8.91451644897461,8.719626426696777,8.217572212219238,7.557135105133057,7.001221656799316,6.6855669021606445,6.640433311462402,6.793819904327393,7.006014347076416,7.174680709838867,7.351731777191162,7.6158270835876465,7.860015392303467
