data/wind_data/wind_31_2.json
{"header": {"parameterUnit": "KT", "parameterCategory": 2, "nx": 256, "ny": 198, "lo1": 44.73521041870117, "la1": -3.236724853515625, "lo2": 111.26478576660156, "la2": 43.468475341796875, "dx": 0.2609002888202667, "dy": -0.23708222806453705, "refTime": "2025-02-20 07:00:00", "forecastTime": 0, "parameterNumber": 2, "parameterNumberName": "eastward_wind"}, "data":
[rows 133 to 151 of 198, columns 86 to 128 of 256]
18.888595581054688,28.518836975097656,16.228178024291992,0.702256441116333,2.3745877742767334,9.212319374084473,10.142333984375,9.054389953613281,8.955918312072754,8.95564079284668,11.100643157958984,10.893411636352539,5.494261741638184,1.016163945198059,5.973176002502441,8.844478607177734,8.136455535888672,9.66272258758545,10.368635177612305,8.851011276245117,8.993270874023438,7.847763538360596,5.819351673126221,5.601187229156494,4.4593000411987305,3.2442421913146973,1.4452297687530518,-1.3704527616500854,-2.684842348098755,-4.139540672302246,-6.2018961906433105,-9.971511840820312,-12.711346626281738,-14.101252555847168,-15.846691131591797,-17.318593978881836,-18.363056182861328,-19.853487014770508,-20.906055450439453,-20.231313705444336,-19.207529067993164,-21.63424301147461,-21.150100708007812
10.252156257629395,19.66122055053711,29.048847198486328,24.21474266052246,14.061498641967773,11.657256126403809,11.636761665344238,10.882584571838379,9.172560691833496,8.77957820892334,10.65494155883789,13.043256759643555,9.392513275146484,1.5383447408676147,6.002837181091309,10.85327434539795,9.180240631103516,9.933178901672363,9.82382583618164,8.211756706237793,8.956323623657227,7.554967880249023,4.370084762573242,4.393252372741699,4.189160346984863,1.6373801231384277,-2.0396625995635986,-3.9461097717285156,-5.371589183807373,-7.514642238616943,-10.049927711486816,-12.322860717773438,-13.496244430541992,-15.100046157836914,-16.555681228637695,-17.435943603515625,-19.138505935668945,-21.798795700073242,-22.19495391845703,-19.498485565185547,-18.845420837402344,-18.54787826538086,-13.072247505187988
6.577489852905273,12.727222442626953,21.155960083007812,27.43593978881836,26.396974563598633,18.319629669189453,12.796916007995605,11.530035972595215,10.183453559875488,10.549005508422852,9.720173835754395,12.830488204956055,10.031648635864258,3.7209229469299316,6.380922317504883,9.74472427368164,9.672237396240234,9.516444206237793,9.499595642089844,7.9493937492370605,8.681876182556152,6.4423675537109375,3.292083501815796,2.976238250732422,1.0399178266525269,-2.063938617706299,-3.914684295654297,-5.311598777770996,-8.69766902923584,-10.803535461425781,-13.311376571655273,-14.773752212524414,-14.410792350769043,-14.544485092163086,-15.859328269958496,-17.524002075195312,-21.124853134155273,-24.455793380737305,-24.316387176513672,-20.01959228515625,-17.341814041137695,-14.283434867858887,-9.1126708984375
8.65382194519043,13.118826866149902,21.00799560546875,24.04830551147461,23.355806350708008,20.619766235351562,17.313934326171875,13.19260025024414,11.202567100524902,12.639640808105469,11.23425579071045,12.736634254455566,7.214798450469971,4.342650890350342,7.292193412780762,8.506024360656738,9.554010391235352,8.178518295288086,9.124556541442871,7.432919979095459,8.289072036743164,4.983046531677246,2.5451483726501465,1.275319218635559,-1.3641648292541504,-4.873111724853516,-7.215803623199463,-9.787834167480469,-12.535921096801758,-13.697176933288574,-15.119024276733398,-15.636945724487305,-15.274869918823242,-14.384726524353027,-14.445152282714844,-16.41737174987793,-20.39506721496582,-23.76679039001465,-22.091707229614258,-16.960010528564453,-12.435166358947754,-7.63883113861084,-5.121739864349365
8.6812162399292,13.740499496459961,19.822418212890625,21.804229736328125,20.30389404296875,19.373764038085938,21.009193420410156,17.531360626220703,12.276952743530273,13.448946952819824,15.55866527557373,13.82722282409668,4.856175899505615,3.4012396335601807,6.221888065338135,7.636680603027344,8.40019702911377,6.17093563079834,8.19324016571045,6.662816047668457,7.617089748382568,3.928272008895874,2.196070671081543,-1.6456892490386963,-4.026325225830078,-7.400516986846924,-9.330989837646484,-12.371441841125488,-14.749275207519531,-16.449676513671875,-17.197731018066406,-18.07649803161621,-18.45538902282715,-16.665283203125,-11.844810485839844,-10.032622337341309,-15.775260925292969,-19.949464797973633,-14.485604286193848,-8.498200416564941,-6.973793029785156,-3.9337453842163086,0.15516284108161926
10.023895263671875,13.288718223571777,16.69069480895996,18.673370361328125,18.598230361938477,18.273868560791016,20.22432518005371,19.87351417541504,14.358427047729492,13.1104097366333,18.099946975708008,15.186310768127441,4.76397180557251,2.9855148792266846,5.268649101257324,5.8365583419799805,4.663748741149902,4.2504563331604,7.008676528930664,5.741506576538086,6.2309112548828125,3.1629884243011475,1.1930477619171143,-4.3906731605529785,-7.492634296417236,-9.089879989624023,-10.940074920654297,-14.945075035095215,-17.428476333618164,-19.319534301757812,-20.2822208404541,-20.53169822692871,-19.543733596801758,-18.665990829467773,-15.723849296569824,-8.372705459594727,-7.214146614074707,-14.379959106445312,-8.100885391235352,-7.733833312988281,-5.062967777252197,0.8383868336677551,7.815488338470459
12.078394889831543,13.35732650756836,15.211626052856445,16.82069206237793,17.119314193725586,17.560670852661133,18.80592918395996,18.1506290435791,14.247745513916016,13.071043968200684,17.20321273803711,15.101093292236328,5.495455265045166,2.5046980381011963,5.071369171142578,2.407421588897705,4.127143383026123,3.5877277851104736,3.505706787109375,3.268801212310791,4.502104759216309,0.594553530216217,-1.393161654472351,-5.978143215179443,-8.445913314819336,-10.71627140045166,-14.077573776245117,-17.24001121520996,-20.6818904876709,-22.76255226135254,-23.0145206451416,-21.54645347595215,-19.79602813720703,-19.053016662597656,-17.101762771606445,-10.460597038269043,-3.0146806240081787,-8.946691513061523,-8.405187606811523,-7.922441482543945,1.675577998161316,12.253937721252441,20.038808822631836
10.172223091125488,12.42406940460205,14.461993217468262,15.08968734741211,14.567895889282227,15.871394157409668,16.27183723449707,15.432798385620117,14.073023796081543,12.717392921447754,13.534343719482422,10.887310981750488,3.8927969932556152,0.920319139957428,4.1215667724609375,3.9391775131225586,5.165864944458008,2.5901670455932617,3.687422275543213,2.4393932819366455,1.98182213306427,0.8335685133934021,-1.0843870639801025,-5.235104084014893,-7.430905818939209,-10.581482887268066,-12.434070587158203,-17.285320281982422,-21.120914459228516,-23.727933883666992,-24.362031936645508,-23.586692810058594,-21.90262222290039,-20.164569854736328,-18.133819580078125,-16.42891502380371,-14.833637237548828,-13.968015670776367,-6.761176109313965,2.7604122161865234,13.015114784240723,25.135520935058594,31.6440372467041
6.310283184051514,9.14727783203125,10.916145324707031,10.803671836853027,9.600892066955566,11.722902297973633,13.136056900024414,14.056750297546387,14.73486614227295,9.781329154968262,5.971899509429932,2.488065242767334,-1.053896427154541,-1.4259023666381836,2.740901231765747,6.412059307098389,1.6823211908340454,2.4142777919769287,2.4015285968780518,1.2796796560287476,3.251066207885742,0.19539976119995117,-2.903411865234375,-1.076532244682312,-2.9866116046905518,-5.146275997161865,-7.258328914642334,-11.414948463439941,-16.098649978637695,-18.45654296875,-20.465591430664062,-23.523832321166992,-25.262304306030273,-24.241422653198242,-21.80299949645996,-20.633193969726562,-16.943811416625977,-6.999645709991455,5.212865829467773,15.306815147399902,26.76210594177246,31.690889358520508,24.87644386291504
3.855350971221924,8.095036506652832,7.718393802642822,5.773744106292725,7.144103527069092,10.888447761535645,12.1286039352417,12.356311798095703,12.179856300354004,5.832881450653076,-0.2059563398361206,-2.513190984725952,-5.713186740875244,-2.4891180992126465,1.92794930934906,2.4587903022766113,0.004171070177108049,-0.38073843717575073,1.46819007396698,1.403383731842041,-0.726995050907135,-1.461563229560852,-4.187196254730225,-5.13349723815918,-4.496809005737305,-5.057384967803955,-6.720941066741943,-4.209902763366699,-11.25343132019043,-13.167607307434082,-14.40138053894043,-18.373777389526367,-22.914691925048828,-22.450286865234375,-20.948135375976562,-17.57558250427246,-5.237527847290039,7.653867244720459,14.957646369934082,24.179811477661133,31.571184158325195,24.44236183166504,5.313359260559082
-1.1307170391082764,2.4814164638519287,1.8429439067840576,0.914031445980072,2.459865093231201,5.431230545043945,7.143819332122803,9.151795387268066,6.842652320861816,5.93448543548584,5.414833068847656,-0.8541101813316345,-4.990814208984375,-3.1660361289978027,2.903949737548828,1.1236244440078735,-0.4213639199733734,-1.850746750831604,0.5594233274459839,4.92013692855835,4.234785556793213,-1.8782482147216797,-3.0986485481262207,-6.01714563369751,-7.360024452209473,-10.074644088745117,-12.034178733825684,-9.647488594055176,-11.143892288208008,-11.252324104309082,-11.508190155029297,-9.773550033569336,-9.879765510559082,-10.533612251281738,-9.278471946716309,-6.738193988800049,8.514745712280273,20.694135665893555,20.42134666442871,24.916358947753906,23.62860107421875,9.210454940795898,-3.4703941345214844
-4.08772087097168,-3.270894765853882,-1.4955601692199707,-1.6795499324798584,-1.1791757345199585,1.163585901260376,5.597691059112549,7.327654838562012,7.5928544998168945,8.201484680175781,10.310446739196777,3.518254518508911,-1.7129241228103638,-4.780768871307373,1.6139057874679565,3.832392692565918,-0.7600125670433044,-0.501065194606781,-2.8948638439178467,6.949458122253418,5.925810813903809,3.9978461265563965,1.0286169052124023,-3.9038288593292236,-4.958958148956299,-11.342079162597656,-13.925772666931152,-15.231342315673828,-12.750779151916504,-11.847088813781738,-12.879227638244629,-11.609186172485352,-9.304509162902832,-6.324221134185791,-5.561601638793945,-0.2805616557598114,13.970369338989258,24.5772647857666,22.184791564941406,21.502315521240234,16.588768005371094,-0.06309767812490463,-5.389611721038818
4.036608695983887,-2.0649659633636475,-1.881339192390442,-2.782604217529297,-2.8827295303344727,-0.1865369826555252,2.37762713432312,5.970773696899414,4.888576984405518,1.677384614944458,9.889364242553711,4.155237197875977,-0.8020954132080078,-5.691720962524414,-2.4716479778289795,4.822251319885254,3.4825661182403564,5.217918872833252,-0.7810155153274536,1.438387393951416,6.003818511962891,8.926586151123047,9.832165718078613,0.671066164970398,-4.262989521026611,-14.081920623779297,-18.882091522216797,-21.875558853149414,-19.40924072265625,-18.089845657348633,-15.801727294921875,-10.863219261169434,-3.524686813354492,-2.2669620513916016,-3.3337934017181396,4.938068866729736,12.991015434265137,15.071822166442871,14.923543930053711,18.083736419677734,13.724481582641602,-2.6653428077697754,-8.916751861572266
10.762125015258789,6.6445512771606445,1.2757468223571777,-2.7592146396636963,-3.8548436164855957,-2.0631520748138428,-1.4957629442214966,1.4333850145339966,7.649555683135986,2.5051615238189697,3.6938693523406982,3.7062528133392334,-2.5386524200439453,-6.5928425788879395,-3.694204330444336,4.443777561187744,4.908413887023926,2.898592710494995,2.8660318851470947,0.33587712049484253,0.5212239027023315,5.57246732711792,6.051980018615723,-4.193025588989258,-8.572540283203125,-17.68311882019043,-20.038455963134766,-17.774259567260742,-17.076242446899414,-15.878655433654785,-12.068570137023926,-5.071984767913818,6.404350280761719,7.555637359619141,4.51422119140625,10.948620796203613,17.296369552612305,15.743953704833984,8.406668663024902,7.118602275848389,5.118465423583984,-2.335840940475464,-6.398576736450195
10.251880645751953,12.666330337524414,8.777194023132324,3.5874297618865967,-3.4156899452209473,-3.6423027515411377,-1.2512304782867432,-1.8929877281188965,4.6003875732421875,2.619692087173462,-0.2844794690608978,0.6212571263313293,-3.3838999271392822,-2.9310410022735596,-3.7841451168060303,0.2358648180961609,2.2060930728912354,2.2268974781036377,3.4644851684570312,-1.8167978525161743,-1.507628083229065,1.6174719333648682,-4.5090718269348145,-11.69469928741455,-12.015974044799805,-15.65770435333252,-13.92456340789795,-14.633038520812988,-16.976491928100586,-15.220332145690918,-12.832549095153809,-7.5595383644104,2.291386365890503,6.878480911254883,13.221922874450684,16.20484161376953,22.069059371948242,19.062591552734375,4.48176383972168,-0.9810804128646851,2.414280891418457,0.5650191307067871,-7.215658187866211
8.583498001098633,11.428756713867188,13.300742149353027,9.700667381286621,2.85561466217041,-3.8767712116241455,-2.547574996948242,-1.9884318113327026,2.1149978637695312,5.3083109855651855,-0.2998577356338501,-0.3003607392311096,1.6076747179031372,0.3581855595111847,-1.5341686010360718,1.7018944025039673,2.6600399017333984,5.306492805480957,5.771607398986816,-0.24310457706451416,0.5693432688713074,1.506103277206421,-4.729288101196289,-8.400177955627441,-12.56486701965332,-14.585553169250488,-11.214604377746582,-13.99380111694336,-12.988719940185547,-7.977987766265869,-13.608343124389648,-8.651787757873535,-3.2749557495117188,3.9170191287994385,19.548856735229492,20.74117088317871,24.746938705444336,21.406587600708008,4.599555015563965,-2.431253671646118,4.300117015838623,1.3804409503936768,-7.7487382888793945
4.422179222106934,9.616978645324707,12.371112823486328,11.406882286071777,5.149150371551514,-1.9392502307891846,-3.741823434829712,-1.3865951299667358,2.3979716300964355,6.514171123504639,2.4409143924713135,2.6921887397766113,4.05544900894165,3.0257256031036377,2.828402519226074,3.362370014190674,1.4913051128387451,4.548712730407715,6.801629543304443,3.9349400997161865,1.486513614654541,-2.811948537826538,-3.549334764480591,-5.70302152633667,-10.886251449584961,-14.916050910949707,-9.442840576171875,-11.558300971984863,-3.6829895973205566,-3.2602946758270264,-12.756585121154785,-10.30554485321045,-3.2876410484313965,8.285672187805176,20.53731918334961,18.93243408203125,21.44971466064453,18.52559471130371,3.950624465942383,-1.163988471031189,5.090160369873047,2.2299692630767822,-4.1306586265563965
-0.15635773539543152,6.159427642822266,10.634196281433105,9.882484436035156,6.020063877105713,-1.0917948484420776,-5.194333553314209,-0.8267974257469177,2.973320722579956,7.909711837768555,5.659128665924072,1.0906251668930054,2.7356679439544678,4.614116668701172,7.368907928466797,7.038667678833008,2.9073808193206787,2.1298892498016357,2.205932140350342,0.6237236857414246,3.2011234760284424,4.679526329040527,-6.251359939575195,-2.186692237854004,-8.560674667358398,-11.784653663635254,-11.1642484664917,-7.954174995422363,-0.8409457206726074,-7.381140232086182,-13.646902084350586,-7.240645885467529,2.0626766681671143,16.53452491760254,21.23087501525879,13.995451927185059,14.978691101074219,13.398210525512695,0.23453839123249054,-0.15586517751216888,4.415486812591553,3.6793389320373535,1.289725422859192
0.7452926635742188,4.143902778625488,8.05642032623291,8.035072326660156,6.400622367858887,1.3972009420394897,-5.6336140632629395,-1.5246444940567017,2.1530981063842773,7.938886642456055,7.017287731170654,5.41489315032959,8.23496150970459,11.664297103881836,13.322246551513672,10.425507545471191,4.258564472198486,1.7181556224822998,-0.7457191348075867,-1.021335244178772,4.412415027618408,-1.6460380554199219,-2.063587188720703,10.1783447265625,-3.5770211219787598,-8.76362419128418,-14.830365180969238,-2.586385726928711,-3.881277322769165,-14.03650188446045,-11.807174682617188,-0.14081421494483948,8.647500038146973,21.409523010253906,23.490095138549805,15.7191162109375,14.699889183044434,8.094415664672852,-1.5992202758789062,1.1085847616195679,2.1031229496002197,2.7953546047210693,3.493894338607788
