data/wind_data/wind_10_8.json
{"header": {"parameterUnit": "KT", "parameterCategory": 2, "nx": 256, "ny": 198, "lo1": 44.73521041870117, "la1": -3.236724853515625, "lo2": 111.26478576660156, "la2": 43.468475341796875, "dx": 0.2609002888202667, "dy": -0.23708222806453705, "refTime": "2025-02-19 10:00:00", "forecastTime": 0, "parameterNumber": 2, "parameterNumberName": "eastward_wind"}, "data":
[rows 171 to 189 of 198, columns 132 to 175 of 256]
28.351715087890625,27.317567825317383,27.794191360473633,29.489412307739258,31.38857078552246,32.54841613769531,32.748321533203125,32.7409553527832,33.02483367919922,33.31730270385742,33.3932991027832,33.36378860473633,33.51738357543945,34.15617752075195,35.64888381958008,37.58941650390625,38.6182975769043,38.108489990234375,37.03278350830078,36.670509338378906,37.02315902709961,37.14443588256836,36.5967903137207,35.7841682434082,35.07459259033203,34.5303840637207,34.34566879272461,34.681243896484375,34.73624801635742,33.424034118652344,31.355432510375977,30.228776931762695,30.765411376953125,32.58084487915039,35.092323303222656,37.3679084777832,37.620426177978516,34.23130798339844,29.42790412902832,28.515357971191406,32.36593246459961,37.9563102722168,40.04092788696289,38.11514663696289
28.31561851501465,27.731225967407227,28.841049194335938,30.910093307495117,32.48417282104492,33.073326110839844,33.184242248535156,33.23604202270508,33.17890548706055,32.975128173828125,32.88663864135742,33.07856369018555,33.40193176269531,34.107627868652344,35.37558364868164,36.41053009033203,36.348819732666016,35.57876968383789,35.20454025268555,35.377689361572266,35.377174377441406,34.860389709472656,34.23392105102539,33.7852897644043,33.23786544799805,32.620506286621094,32.56205368041992,33.30617904663086,34.24637985229492,34.346317291259766,33.38931655883789,32.214786529541016,31.635543823242188,31.789785385131836,32.80502700805664,34.64060592651367,36.43268966674805,35.60198974609375,31.005149841308594,27.660886764526367,29.6961669921875,35.40714645385742,39.36382293701172,39.09830093383789
28.059921264648438,28.356813430786133,30.134689331054688,32.18046951293945,33.19245529174805,33.088802337646484,32.595184326171875,32.14073181152344,31.840694427490234,31.944555282592773,32.509239196777344,33.00990676879883,33.21226501464844,33.554847717285156,34.17454147338867,34.37534713745117,33.93059158325195,33.46827697753906,33.28230285644531,33.03845977783203,32.55155563354492,32.105125427246094,31.941415786743164,31.90155029296875,31.750003814697266,31.709991455078125,32.185455322265625,33.19871520996094,34.317161560058594,34.940467834472656,34.69348907470703,33.78299331665039,32.719539642333984,31.76648712158203,31.199016571044922,31.718860626220703,33.40979766845703,34.59304428100586,32.38739776611328,28.37405776977539,28.065275192260742,32.47151565551758,37.526611328125,39.32449722290039
28.448627471923828,29.137996673583984,31.21283531188965,32.894874572753906,32.92902374267578,31.851770401000977,30.826519012451172,30.40488052368164,30.6634521484375,31.512969970703125,32.23874282836914,32.18701171875,31.83418083190918,31.938419342041016,32.227638244628906,32.0471305847168,31.532379150390625,31.017881393432617,30.5239200592041,30.141279220581055,30.023771286010742,30.13817596435547,30.344385147094727,30.576446533203125,30.924175262451172,31.51963996887207,32.34795379638672,33.25321578979492,34.045475006103516,34.56406021118164,34.617149353027344,33.98577880859375,32.83258056640625,31.72785758972168,31.033382415771484,30.911741256713867,31.626317977905273,32.690834045410156,32.15983581542969,29.318511962890625,27.784700393676758,30.419727325439453,35.416526794433594,38.83773422241211
29.113508224487305,29.73129653930664,31.64986228942871,32.8090934753418,32.147796630859375,30.64393424987793,29.606426239013672,29.38142967224121,30.02138900756836,30.848936080932617,30.8984317779541,30.17839241027832,29.776264190673828,30.0142879486084,30.159812927246094,29.845474243164062,29.24374008178711,28.54884910583496,28.142187118530273,28.31829261779785,28.84686279296875,29.279939651489258,29.488405227661133,29.748262405395508,30.400747299194336,31.441177368164062,32.526336669921875,33.3270263671875,33.74467468261719,33.87990951538086,33.78510284423828,33.31074523925781,32.4830322265625,31.757047653198242,31.48466682434082,31.397079467773438,31.274383544921875,31.241500854492188,30.94334602355957,29.662979125976562,28.51943016052246,29.945039749145508,33.97208023071289,38.01101303100586
29.086524963378906,29.976491928100586,31.369182586669922,31.912710189819336,31.22365379333496,30.0699405670166,29.187259674072266,29.138927459716797,29.50364112854004,29.366531372070312,28.53895378112793,27.918664932250977,27.98542594909668,28.27825355529785,28.224674224853516,27.782699584960938,27.190555572509766,26.853282928466797,27.170103073120117,27.99737548828125,28.766326904296875,29.134401321411133,29.280147552490234,29.665143966674805,30.571290969848633,31.81357765197754,32.95150375366211,33.64965057373047,33.76484298706055,33.390628814697266,32.814964294433594,32.29549789428711,31.93797492980957,31.770944595336914,31.73361587524414,31.57893943786621,31.10066032409668,30.47095489501953,30.002660751342773,29.662839889526367,29.46542739868164,30.38260269165039,33.13886642456055,36.72135925292969
28.927581787109375,29.856433868408203,30.538759231567383,30.546222686767578,30.182783126831055,29.746204376220703,29.407140731811523,29.02915382385254,28.302871704101562,27.359493255615234,26.634798049926758,26.40642738342285,26.596113204956055,26.900907516479492,26.93829345703125,26.576982498168945,26.19797706604004,26.407007217407227,27.329734802246094,28.41960334777832,29.116680145263672,29.392032623291016,29.6387996673584,30.238941192626953,31.243680953979492,32.38697052001953,33.350215911865234,33.91605758666992,33.847877502441406,33.09268569946289,32.10407257080078,31.528179168701172,31.58711814880371,31.881425857543945,31.85891342163086,31.355409622192383,30.592247009277344,29.8385066986084,29.352895736694336,29.323118209838867,29.692956924438477,30.54781723022461,32.358131408691406,35.0645866394043
28.94786834716797,29.307836532592773,29.255598068237305,29.20122718811035,29.50758171081543,29.795562744140625,29.405336380004883,28.163663864135742,26.758146286010742,25.730701446533203,25.235801696777344,25.35048484802246,26.010889053344727,26.743459701538086,26.93219757080078,26.558631896972656,26.332481384277344,26.89802360534668,28.084383010864258,29.14966583251953,29.662460327148438,29.869007110595703,30.24773597717285,30.997966766357422,31.96285629272461,32.84852600097656,33.5398063659668,33.985321044921875,33.8717155456543,32.98789978027344,31.846538543701172,31.324447631835938,31.610858917236328,32.06825637817383,31.957855224609375,31.21916389465332,30.33460807800293,29.593753814697266,29.04082489013672,28.847810745239258,29.200037002563477,30.05917739868164,31.433595657348633,33.39021301269531
28.98666000366211,28.60728645324707,28.325668334960938,28.785398483276367,29.61037254333496,29.73723793029785,28.589757919311523,26.820432662963867,25.364025115966797,24.566547393798828,24.57052230834961,25.34701156616211,26.443147659301758,27.234312057495117,27.371301651000977,27.16587257385254,27.305105209350586,28.074914932250977,29.104616165161133,29.846813201904297,30.154951095581055,30.38856315612793,30.91869354248047,31.73837661743164,32.5547981262207,33.1740837097168,33.66020202636719,33.94614028930664,33.68293380737305,32.783504486083984,31.887310028076172,31.69964027404785,32.06276321411133,32.24323654174805,31.836957931518555,31.110628128051758,30.45399284362793,29.864017486572266,29.139314651489258,28.434791564941406,28.259521484375,28.84214973449707,30.004751205444336,31.556175231933594
28.488645553588867,27.930355072021484,28.104907989501953,29.029638290405273,29.588289260864258,28.952699661254883,27.364524841308594,25.806663513183594,24.896896362304688,24.7851619720459,25.40915298461914,26.4287109375,27.280927658081055,27.64263343811035,27.707124710083008,27.919322967529297,28.480192184448242,29.2095947265625,29.828716278076172,30.188419342041016,30.422470092773438,30.84092140197754,31.560224533081055,32.40065002441406,33.11207962036133,33.6495475769043,34.02973937988281,33.965965270996094,33.173282623291016,32.11146926879883,31.691635131835938,32.094947814941406,32.59963607788086,32.47808074951172,31.775455474853516,31.023345947265625,30.455379486083984,29.897634506225586,29.14044952392578,28.26428985595703,27.659076690673828,27.693265914916992,28.44135284423828,29.75663185119629
27.63296127319336,27.540618896484375,28.321571350097656,29.135204315185547,28.969383239746094,27.766738891601562,26.407848358154297,25.647048950195312,25.596027374267578,26.07390022277832,26.828577041625977,27.507732391357422,27.832515716552734,27.921245574951172,28.16483497619629,28.751407623291016,29.463993072509766,29.98807144165039,30.21696662902832,30.306217193603516,30.55568504333496,31.17007827758789,32.071022033691406,32.96505355834961,33.69062042236328,34.34945297241211,34.728858947753906,34.12192916870117,32.51835632324219,31.18577003479004,31.13760757446289,31.944154739379883,32.61997604370117,32.58063888549805,31.971057891845703,31.1331729888916,30.244186401367188,29.43277359008789,28.811128616333008,28.314958572387695,27.824058532714844,27.510589599609375,27.742515563964844,28.718448638916016
27.37568473815918,27.564016342163086,28.227853775024414,28.491790771484375,27.878856658935547,26.884891510009766,26.241649627685547,26.341073989868164,26.89046287536621,27.383460998535156,27.657073974609375,27.85735511779785,28.133649826049805,28.571983337402344,29.187419891357422,29.86588478088379,30.371503829956055,30.555330276489258,30.506681442260742,30.491056442260742,30.781341552734375,31.513938903808594,32.56697082519531,33.605472564697266,34.4707145690918,35.25423812866211,35.431495666503906,34.05337142944336,31.722042083740234,30.336925506591797,30.53778076171875,31.382946014404297,32.0322380065918,32.250335693359375,31.98751449584961,31.21895980834961,30.09830093383789,29.080291748046875,28.52167320251465,28.287446975708008,28.012733459472656,27.698637008666992,27.76767921447754,28.450754165649414
27.656227111816406,27.32849884033203,27.2208309173584,27.207548141479492,27.169038772583008,27.114501953125,27.236478805541992,27.677873611450195,28.026031494140625,27.975801467895508,27.806055068969727,27.984758377075195,28.66305923461914,29.576765060424805,30.400230407714844,30.9172306060791,31.073991775512695,31.020795822143555,30.954906463623047,30.99759292602539,31.26598358154297,31.922866821289062,32.97987747192383,34.21885299682617,35.375423431396484,36.171260833740234,35.62593078613281,33.16674041748047,30.405691146850586,29.358823776245117,29.861839294433594,30.685239791870117,31.284069061279297,31.634042739868164,31.592649459838867,30.970361709594727,29.922882080078125,28.935392379760742,28.369159698486328,28.149831771850586,28.000226974487305,27.89896583557129,28.06239128112793,28.486364364624023
27.28896141052246,26.378643035888672,26.021421432495117,26.596704483032227,27.621091842651367,28.400068283081055,28.818086624145508,28.955286026000977,28.743120193481445,28.346641540527344,28.154869079589844,28.544309616088867,29.46776008605957,30.50602912902832,31.287185668945312,31.64012908935547,31.68084716796875,31.69563865661621,31.812347412109375,31.896085739135742,31.917325973510742,32.175228118896484,32.96647644042969,34.32255172729492,35.80387496948242,36.447513580322266,34.896644592285156,31.471038818359375,28.75621223449707,28.268882751464844,29.09958839416504,30.089447021484375,30.842079162597656,31.236007690429688,31.111373901367188,30.4202938079834,29.400856018066406,28.49248504638672,28.004104614257812,27.92818832397461,28.087139129638672,28.33443832397461,28.56875991821289,28.661537170410156
26.652904510498047,25.872480392456055,26.02408790588379,27.205801010131836,28.67677879333496,29.68084144592285,30.060855865478516,29.904502868652344,29.455984115600586,29.033531188964844,28.951398849487305,29.355148315429688,30.076536178588867,30.915170669555664,31.693571090698242,32.172489166259766,32.35430145263672,32.55426025390625,32.86509704589844,32.94565963745117,32.6269645690918,32.309120178222656,32.63076400756836,33.85405349731445,35.37830352783203,35.740299224853516,33.58879089355469,30.014362335205078,27.734207153320312,27.621530532836914,28.685848236083984,29.975072860717773,30.935548782348633,31.182584762573242,30.673831939697266,29.707012176513672,28.573711395263672,27.60344123840332,27.21272850036621,27.530582427978516,28.231128692626953,28.85484504699707,29.088598251342773,28.840051651000977
26.416200637817383,26.338016510009766,27.052391052246094,28.364959716796875,29.675493240356445,30.51879119873047,30.84186553955078,30.673391342163086,30.28915023803711,30.024734497070312,29.95353126525879,29.98106575012207,30.209362030029297,30.93828582763672,31.977067947387695,32.73905944824219,33.10591506958008,33.421695709228516,33.75032424926758,33.7373161315918,33.20183181762695,32.562110900878906,32.594200134277344,33.52710723876953,34.6189079284668,34.55896759033203,32.55595016479492,29.614501953125,27.750099182128906,27.780048370361328,29.025096893310547,30.486133575439453,31.35181427001953,31.19176483154297,30.234830856323242,28.983444213867188,27.676239013671875,26.578718185424805,26.27671241760254,26.996734619140625,28.168426513671875,29.048559188842773,29.28645896911621,28.827869415283203
27.106220245361328,27.299819946289062,28.22258758544922,29.465801239013672,30.558210372924805,31.290752410888672,31.553123474121094,31.399559020996094,31.12218475341797,30.90951156616211,30.622392654418945,30.33101463317871,30.517911911010742,31.41310691833496,32.514991760253906,33.325103759765625,33.866493225097656,34.24953842163086,34.32741928100586,34.06794738769531,33.61782455444336,33.206787109375,33.28011703491211,33.768436431884766,33.94601058959961,33.27842330932617,31.653736114501953,29.50833511352539,28.17094612121582,28.512542724609375,29.898103713989258,31.159975051879883,31.596725463867188,31.07725715637207,29.83315658569336,28.271787643432617,26.82718849182129,25.830429077148438,25.62367820739746,26.38827896118164,27.6664981842041,28.65967559814453,28.865427017211914,28.17771339416504
28.568349838256836,29.064550399780273,29.684253692626953,30.662612915039062,31.83211898803711,32.36410903930664,32.155513763427734,31.76523780822754,31.549026489257812,31.46107292175293,31.286144256591797,31.108970642089844,31.291202545166016,31.93158721923828,32.77896499633789,33.6483268737793,34.459468841552734,34.93781661987305,34.79939270019531,34.438453674316406,34.29154586791992,34.25453186035156,34.26003646850586,34.04368591308594,33.205902099609375,31.96295166015625,30.58197593688965,29.06052017211914,28.32636260986328,29.10886001586914,30.498746871948242,31.29339599609375,31.340211868286133,30.817541122436523,29.550655364990234,27.704483032226562,26.151391983032227,25.406938552856445,25.382518768310547,25.974706649780273,26.934656143188477,27.62017059326172,27.39891815185547,26.162639617919922
30.435604095458984,30.76247215270996,31.143287658691406,32.056854248046875,32.97565841674805,33.10559844970703,32.70672607421875,32.28957748413086,32.071475982666016,32.040992736816406,31.978750228881836,31.809295654296875,31.865406036376953,32.41535949707031,33.21705627441406,33.984127044677734,34.710140228271484,35.224403381347656,35.19764709472656,34.94879913330078,34.97174835205078,35.089698791503906,34.86003494262695,33.9057502746582,32.25947570800781,30.711429595947266,29.6451416015625,28.673782348632812,28.24660873413086,29.006649017333984,30.15020751953125,30.657119750976562,30.683765411376953,30.42183494567871,29.388893127441406,27.55548858642578,25.82684326171875,25.04867935180664,25.271848678588867,25.836307525634766,26.035762786865234,25.503480911254883,24.21476936340332,22.553958892822266
