data/wind_data/wind_14_3.json
{"header": {"parameterUnit": "KT", "parameterCategory": 2, "nx": 256, "ny": 198, "lo1": 44.73521041870117, "la1": -3.236724853515625, "lo2": 111.26478576660156, "la2": 43.468475341796875, "dx": 0.2609002888202667, "dy": -0.23708222806453705, "refTime": "2025-02-19 14:00:00", "forecastTime": 0, "parameterNumber": 2, "parameterNumberName": "eastward_wind"}, "data":
[rows 38 to 56 of 198, columns 88 to 131 of 256]
-9.829526901245117,-9.546090126037598,-9.324713706970215,-9.276843070983887,-9.524421691894531,-10.140657424926758,-11.092144012451172,-12.177305221557617,-13.083137512207031,-13.690725326538086,-13.973424911499023,-13.858522415161133,-13.582334518432617,-13.519664764404297,-13.677717208862305,-13.72708797454834,-13.60818099975586,-13.496614456176758,-13.765449523925781,-14.462525367736816,-15.228104591369629,-15.79079532623291,-16.030092239379883,-15.950570106506348,-15.587607383728027,-15.10305404663086,-14.71904182434082,-14.548752784729004,-14.649515151977539,-14.978759765625,-15.314706802368164,-15.472770690917969,-15.415897369384766,-15.268610954284668,-15.191093444824219,-15.270329475402832,-15.250003814697266,-14.63278865814209,-13.428675651550293,-12.222175598144531,-11.514869689941406,-11.393045425415039,-11.754844665527344,-12.489421844482422
-9.94973087310791,-9.766401290893555,-9.777560234069824,-10.001141548156738,-10.484431266784668,-11.353840827941895,-12.534448623657227,-13.601774215698242,-14.300272941589355,-14.655755996704102,-14.604158401489258,-14.224547386169434,-14.120155334472656,-14.66386890411377,-15.164297103881836,-15.373838424682617,-15.364532470703125,-15.283751487731934,-15.444911003112793,-15.867090225219727,-16.36979103088379,-16.764074325561523,-16.942689895629883,-16.94488525390625,-16.776390075683594,-16.50444793701172,-16.231510162353516,-16.088720321655273,-16.240047454833984,-16.66797637939453,-17.10704231262207,-17.294504165649414,-17.189041137695312,-16.962406158447266,-16.862224578857422,-17.04768180847168,-17.034135818481445,-16.08126449584961,-14.361830711364746,-12.801098823547363,-11.774836540222168,-11.294139862060547,-11.437085151672363,-12.160787582397461
-10.809927940368652,-10.800664901733398,-10.926271438598633,-11.278620719909668,-11.96159839630127,-12.91244125366211,-13.85307788848877,-14.41712760925293,-14.555465698242188,-14.448711395263672,-14.356375694274902,-14.546756744384766,-15.137264251708984,-15.948863983154297,-16.45747184753418,-16.808332443237305,-17.044692993164062,-17.202373504638672,-17.355670928955078,-17.606521606445312,-17.969654083251953,-18.23592185974121,-18.263708114624023,-18.077335357666016,-17.848098754882812,-17.644384384155273,-17.416183471679688,-17.27581024169922,-17.46224594116211,-17.986495971679688,-18.573461532592773,-18.89582061767578,-18.854084014892578,-18.589862823486328,-18.51163101196289,-18.82716941833496,-18.822019577026367,-17.54847526550293,-15.34492301940918,-13.534482955932617,-12.297515869140625,-11.330930709838867,-10.603852272033691,-10.404949188232422
-12.090736389160156,-12.082139015197754,-12.306373596191406,-12.78403091430664,-13.52631664276123,-14.277632713317871,-14.718705177307129,-14.71337604522705,-14.370367050170898,-14.03169059753418,-14.249960899353027,-15.107549667358398,-16.118881225585938,-16.94576072692871,-17.386077880859375,-17.676549911499023,-18.02755355834961,-18.347299575805664,-18.613304138183594,-18.86757469177246,-19.173114776611328,-19.321857452392578,-19.150543212890625,-18.850492477416992,-18.559707641601562,-18.347806930541992,-18.18228530883789,-18.169448852539062,-18.508134841918945,-19.116661071777344,-19.77359962463379,-20.333946228027344,-20.659687042236328,-20.616092681884766,-20.500869750976562,-20.558700561523438,-20.29433250427246,-18.737579345703125,-16.165908813476562,-14.351984024047852,-13.150323867797852,-12.126471519470215,-10.473316192626953,-9.311306953430176
-13.311213493347168,-13.254759788513184,-13.372706413269043,-13.700398445129395,-14.252776145935059,-14.908658027648926,-15.158400535583496,-14.839263916015625,-14.193610191345215,-13.751001358032227,-13.914608001708984,-14.691558837890625,-15.505748748779297,-16.179893493652344,-16.775537490844727,-17.3079891204834,-17.98988151550293,-18.57736587524414,-18.998355865478516,-19.335729598999023,-19.573694229125977,-19.619653701782227,-19.38685417175293,-19.047012329101562,-18.762767791748047,-18.472490310668945,-18.432348251342773,-18.754674911499023,-19.280471801757812,-19.766447067260742,-20.34343719482422,-21.275060653686523,-22.28017807006836,-22.834745407104492,-22.86509895324707,-22.50720977783203,-21.668363571166992,-19.606624603271484,-16.659805297851562,-15.125296592712402,-14.351679801940918,-13.636605262756348,-12.081480979919434,-10.75273609161377
-14.343761444091797,-14.354223251342773,-14.075360298156738,-14.127921104431152,-14.474225997924805,-15.067312240600586,-15.148674964904785,-14.657238006591797,-13.779935836791992,-13.121918678283691,-12.973319053649902,-13.499491691589355,-13.941123008728027,-14.489020347595215,-15.022883415222168,-15.830809593200684,-16.761301040649414,-17.685606002807617,-18.465192794799805,-18.98624610900879,-19.235727310180664,-19.340530395507812,-19.33976173400879,-19.195531845092773,-18.849393844604492,-18.455398559570312,-18.37613296508789,-18.837581634521484,-19.385433197021484,-19.618803024291992,-20.08148956298828,-21.350688934326172,-23.032360076904297,-24.211463928222656,-24.556364059448242,-24.29904556274414,-23.328170776367188,-20.555755615234375,-16.869674682617188,-15.672855377197266,-15.702610969543457,-14.87263011932373,-13.970233917236328,-12.941448211669922
-13.908617973327637,-14.73850154876709,-14.552033424377441,-14.508411407470703,-14.45426082611084,-14.749751091003418,-14.397828102111816,-13.695051193237305,-13.013961791992188,-12.599199295043945,-12.375129699707031,-12.887012481689453,-13.540482521057129,-14.290034294128418,-14.970710754394531,-15.293892860412598,-15.5860013961792,-15.887744903564453,-16.52488136291504,-17.14227867126465,-17.655254364013672,-18.138999938964844,-18.726736068725586,-19.12259292602539,-19.1061954498291,-18.792236328125,-18.524314880371094,-18.751352310180664,-19.19120216369629,-19.276508331298828,-19.524320602416992,-20.625768661499023,-22.378835678100586,-23.82367515563965,-24.50506591796875,-24.965147018432617,-24.783458709716797,-21.885404586791992,-16.744239807128906,-15.849482536315918,-16.4904727935791,-15.505830764770508,-15.059507369995117,-14.019845008850098
-13.501583099365234,-14.31323528289795,-14.484620094299316,-14.477798461914062,-14.227330207824707,-13.914851188659668,-13.155173301696777,-13.167520523071289,-12.954716682434082,-13.136734008789062,-13.497981071472168,-13.739344596862793,-15.154017448425293,-16.49627685546875,-17.414165496826172,-17.683544158935547,-17.227285385131836,-16.170639038085938,-15.4031982421875,-15.039205551147461,-15.303814888000488,-16.181827545166016,-17.578237533569336,-18.794025421142578,-19.315399169921875,-19.321687698364258,-19.277978897094727,-19.557104110717773,-20.027448654174805,-20.056941986083984,-19.988096237182617,-20.531288146972656,-21.68729019165039,-22.844161987304688,-23.54646110534668,-24.292680740356445,-25.037919998168945,-22.745384216308594,-15.857358932495117,-15.495646476745605,-16.245529174804688,-15.690427780151367,-15.636817932128906,-15.071406364440918
-12.314554214477539,-12.165037155151367,-12.751468658447266,-13.334223747253418,-13.623193740844727,-13.622983932495117,-13.353801727294922,-13.846284866333008,-14.596307754516602,-14.879942893981934,-14.99950885772705,-16.026187896728516,-17.639892578125,-19.339195251464844,-20.595657348632812,-21.13504409790039,-20.812435150146484,-19.664064407348633,-18.314693450927734,-16.819257736206055,-15.769938468933105,-16.03721046447754,-17.493284225463867,-18.87152862548828,-19.50382423400879,-19.921981811523438,-20.76521110534668,-21.716264724731445,-22.27309799194336,-22.0755615234375,-21.549699783325195,-21.445030212402344,-21.90848731994629,-22.747846603393555,-23.412073135375977,-23.417619705200195,-23.113679885864258,-20.754343032836914,-15.30564022064209,-15.374841690063477,-15.389294624328613,-15.42064094543457,-15.531943321228027,-15.033127784729004
-13.502385139465332,-12.652045249938965,-12.2103853225708,-12.252041816711426,-12.627969741821289,-13.00233268737793,-13.737853050231934,-15.388837814331055,-15.695886611938477,-16.19382095336914,-17.2703800201416,-18.240007400512695,-18.8758602142334,-20.457788467407227,-21.63846206665039,-22.1818904876709,-22.514726638793945,-22.370990753173828,-21.767274856567383,-20.727195739746094,-19.44493293762207,-18.926349639892578,-19.315093994140625,-19.807832717895508,-19.973628997802734,-20.634523391723633,-22.336454391479492,-23.794645309448242,-24.37976837158203,-24.213533401489258,-23.392641067504883,-22.478580474853516,-22.19563865661621,-22.71731948852539,-23.402549743652344,-23.148107528686523,-20.708267211914062,-14.348453521728516,-13.89443588256836,-15.866300582885742,-14.91522216796875,-14.88613510131836,-15.336050033569336,-14.963480949401855
-14.714571952819824,-13.87968921661377,-12.801066398620605,-12.381377220153809,-12.170422554016113,-13.099231719970703,-14.665796279907227,-16.893930435180664,-16.74085807800293,-16.920820236206055,-17.848955154418945,-18.0286865234375,-17.64329719543457,-17.47748565673828,-18.60580825805664,-19.465036392211914,-20.136402130126953,-20.818328857421875,-21.641626358032227,-21.533159255981445,-21.41884422302246,-21.10679817199707,-20.93293571472168,-20.913118362426758,-21.110673904418945,-21.704153060913086,-23.0495548248291,-24.167139053344727,-25.048141479492188,-25.492525100708008,-24.851757049560547,-23.312435150146484,-22.12009620666504,-21.819021224975586,-22.086952209472656,-22.328378677368164,-20.524938583374023,-12.304567337036133,-11.880508422851562,-15.44166088104248,-15.133785247802734,-14.1351318359375,-14.413237571716309,-14.62539005279541
-14.678730964660645,-14.75041675567627,-14.318320274353027,-13.831387519836426,-13.722920417785645,-13.48934555053711,-14.268336296081543,-15.50703239440918,-15.76826286315918,-15.556571006774902,-15.930872917175293,-14.715828895568848,-14.947587013244629,-13.956554412841797,-13.592167854309082,-14.290568351745605,-15.325425148010254,-16.504919052124023,-17.401538848876953,-18.681720733642578,-20.168725967407227,-20.96525764465332,-21.093332290649414,-21.44877052307129,-22.398746490478516,-23.06218147277832,-23.040590286254883,-23.234256744384766,-24.468854904174805,-25.69384765625,-25.633682250976562,-24.210304260253906,-22.265878677368164,-20.51140022277832,-20.095109939575195,-20.716327667236328,-19.141958236694336,-10.953267097473145,-9.857608795166016,-13.146167755126953,-15.093204498291016,-13.888083457946777,-13.607331275939941,-14.240010261535645
-13.743443489074707,-14.499056816101074,-15.064231872558594,-14.36990737915039,-14.195828437805176,-14.292235374450684,-14.746201515197754,-14.21265697479248,-13.358238220214844,-13.823385238647461,-13.488495826721191,-12.41746997833252,-12.361784934997559,-12.793595314025879,-12.770535469055176,-12.106982231140137,-12.73717975616455,-13.720447540283203,-14.480979919433594,-15.697746276855469,-17.75558853149414,-19.642885208129883,-20.820377349853516,-21.594181060791016,-22.77559471130371,-23.42775535583496,-23.160003662109375,-22.811447143554688,-23.52556610107422,-24.998228073120117,-25.799354553222656,-25.358505249023438,-23.65504264831543,-20.695371627807617,-18.459747314453125,-18.353069305419922,-16.764907836914062,-10.104839324951172,-9.285713195800781,-11.229828834533691,-13.837963104248047,-14.263887405395508,-13.423007011413574,-13.709938049316406
-13.013984680175781,-13.547479629516602,-14.288087844848633,-13.98951244354248,-13.50739860534668,-13.213319778442383,-12.794198036193848,-12.580379486083984,-12.660222053527832,-12.774478912353516,-12.19998550415039,-11.973958015441895,-12.710256576538086,-13.116471290588379,-13.443446159362793,-13.87540054321289,-14.401803970336914,-14.749852180480957,-14.851948738098145,-15.731703758239746,-17.42953872680664,-19.479633331298828,-21.003915786743164,-21.67424201965332,-22.37687873840332,-23.05695915222168,-23.111101150512695,-22.7637939453125,-22.74814224243164,-23.469852447509766,-24.763208389282227,-25.617412567138672,-25.20728302001953,-23.1727294921875,-20.40094757080078,-17.5888671875,-13.660019874572754,-10.313767433166504,-9.445955276489258,-11.065031051635742,-12.739548683166504,-13.966109275817871,-13.739152908325195,-13.390462875366211
-13.134721755981445,-13.604377746582031,-13.666313171386719,-13.441948890686035,-13.27414608001709,-12.837503433227539,-12.452225685119629,-12.28369426727295,-12.405467987060547,-12.743579864501953,-13.189499855041504,-13.76668930053711,-14.521749496459961,-15.272027015686035,-15.900230407714844,-16.592281341552734,-17.350765228271484,-17.510358810424805,-17.155183792114258,-17.421167373657227,-18.472185134887695,-20.099071502685547,-21.458948135375977,-21.998003005981445,-22.052976608276367,-22.2596435546875,-22.484067916870117,-22.375804901123047,-21.847509384155273,-21.475980758666992,-22.31621742248535,-23.839811325073242,-24.676414489746094,-24.250097274780273,-21.95705223083496,-17.450231552124023,-9.665600776672363,-7.174948692321777,-9.247587203979492,-10.917551040649414,-11.886435508728027,-12.819300651550293,-13.401043891906738,-13.423700332641602
-14.117560386657715,-14.208938598632812,-14.27503776550293,-14.127474784851074,-13.837000846862793,-13.588736534118652,-13.342726707458496,-13.225836753845215,-13.448124885559082,-13.744173049926758,-13.974989891052246,-14.376444816589355,-15.281012535095215,-16.47652816772461,-17.85470962524414,-19.246530532836914,-20.11886215209961,-20.13701629638672,-19.666393280029297,-19.286170959472656,-19.6033935546875,-20.565658569335938,-21.665346145629883,-22.20532989501953,-22.110319137573242,-22.118059158325195,-22.468111038208008,-22.5474910736084,-21.844499588012695,-20.532360076904297,-19.81243133544922,-20.64916229248047,-21.66518211364746,-21.32579803466797,-19.45511817932129,-16.151445388793945,-5.738601207733154,-5.198617935180664,-8.138642311096191,-10.197258949279785,-11.088796615600586,-10.957917213439941,-11.403069496154785,-12.831979751586914
-15.177413940429688,-14.973840713500977,-14.802666664123535,-14.6783447265625,-14.440845489501953,-14.182636260986328,-13.900935173034668,-13.73612117767334,-13.640390396118164,-13.649800300598145,-13.76947021484375,-14.097105026245117,-15.0709228515625,-16.54071044921875,-18.160497665405273,-19.680824279785156,-20.8529052734375,-21.224021911621094,-20.86845588684082,-20.34412384033203,-20.129980087280273,-20.504743576049805,-21.1522216796875,-21.776206970214844,-22.025976181030273,-22.211776733398438,-22.99725341796875,-23.274879455566406,-22.647476196289062,-21.084415435791016,-19.308807373046875,-18.77813148498535,-18.812213897705078,-17.32354736328125,-14.758902549743652,-11.930307388305664,-4.986716270446777,-5.46382999420166,-6.999499797821045,-9.105425834655762,-10.376028060913086,-9.47396469116211,-8.9105806350708,-10.971867561340332
-15.253345489501953,-15.082383155822754,-14.816844940185547,-14.549901008605957,-14.256736755371094,-14.024045944213867,-13.835112571716309,-13.674046516418457,-13.545682907104492,-13.549793243408203,-13.610228538513184,-13.793712615966797,-14.719663619995117,-16.015352249145508,-17.351924896240234,-18.620277404785156,-19.60965347290039,-20.172700881958008,-20.200712203979492,-19.95213508605957,-19.634441375732422,-19.485227584838867,-19.771692276000977,-20.533954620361328,-21.08440589904785,-21.79961395263672,-22.965835571289062,-23.14656639099121,-22.90998077392578,-22.047760009765625,-20.341196060180664,-18.8662052154541,-17.73369026184082,-15.520259857177734,-11.506421089172363,-6.5426435470581055,-1.841734766960144,-5.663003444671631,-6.641312599182129,-7.760594844818115,-8.151166915893555,-7.931601047515869,-7.35535192489624,-9.240056037902832
-14.443881034851074,-14.502914428710938,-14.343647956848145,-13.958443641662598,-13.485194206237793,-13.081544876098633,-12.836888313293457,-12.760491371154785,-12.718818664550781,-12.75766372680664,-12.978414535522461,-13.466866493225098,-14.182302474975586,-14.895148277282715,-15.981072425842285,-17.203784942626953,-18.128881454467773,-18.5179443359375,-18.570337295532227,-18.495359420776367,-18.281465530395508,-18.00697898864746,-18.0307559967041,-18.59220314025879,-19.545804977416992,-20.691774368286133,-21.4870548248291,-21.831096649169922,-22.778032302856445,-22.87615203857422,-21.28879165649414,-19.48700714111328,-18.04254913330078,-15.88875675201416,-11.337881088256836,-3.718287944793701,-0.8275527358055115,-4.745456218719482,-5.929193496704102,-6.2940778732299805,-5.990506649017334,-7.308156490325928,-6.555836200714111,-7.863342761993408
