data/wind_data/wind_41_2.json
{"header": {"parameterUnit": "KT", "parameterCategory": 2, "nx": 256, "ny": 198, "lo1": 44.73521041870117, "la1": -3.236724853515625, "lo2": 111.26478576660156, "la2": 43.468475341796875, "dx": 0.2609002888202667, "dy": -0.23708222806453705, "refTime": "2025-02-20 17:00:00", "forecastTime": 0, "parameterNumber": 2, "parameterNumberName": "eastward_wind"}, "data":
[rows 0 to 18 of 198, columns 0 to 42 of 256]
-13.192605018615723,-13.598467826843262,-13.923166275024414,-14.16132926940918,-14.22346305847168,-14.120156288146973,-13.871598243713379,-13.545380592346191,-13.463228225708008,-13.536171913146973,-13.737829208374023,-13.904562950134277,-13.704008102416992,-13.336138725280762,-12.874153137207031,-12.46423053741455,-12.258977890014648,-12.09862995147705,-11.915634155273438,-11.835951805114746,-11.930866241455078,-11.825154304504395,-11.477429389953613,-10.710606575012207,-9.53874683380127,-8.855093002319336,-8.576520919799805,-8.302719116210938,-8.069050788879395,-7.8528218269348145,-7.690806865692139,-7.71108865737915,-7.778653144836426,-7.681687831878662,-7.551424026489258,-7.470426559448242,-7.417198181152344,-7.409409046173096,-7.384030342102051,-7.3280205726623535,-7.161001205444336,-6.811702728271484,-6.700036525726318
-14.409666061401367,-15.363344192504883,-15.560632705688477,-15.351956367492676,-15.10242748260498,-14.851953506469727,-14.621297836303711,-14.439520835876465,-14.43057918548584,-14.551474571228027,-14.690251350402832,-14.702483177185059,-14.446186065673828,-14.074719429016113,-13.668744087219238,-13.295633316040039,-13.031005859375,-12.831811904907227,-12.672769546508789,-12.426970481872559,-11.988957405090332,-11.624250411987305,-11.584360122680664,-11.105738639831543,-10.060282707214355,-9.321701049804688,-8.884323120117188,-8.69153881072998,-8.647319793701172,-8.460428237915039,-8.296884536743164,-8.313704490661621,-8.326399803161621,-8.199006080627441,-8.108171463012695,-8.076642036437988,-8.073070526123047,-8.13454818725586,-8.156742095947266,-8.093631744384766,-7.885961055755615,-7.569154739379883,-7.491214275360107
-15.962865829467773,-16.71164894104004,-16.735233306884766,-16.396928787231445,-16.081626892089844,-15.77946662902832,-15.542762756347656,-15.441429138183594,-15.457544326782227,-15.517111778259277,-15.521467208862305,-15.46382999420166,-15.34322738647461,-15.038370132446289,-14.624835014343262,-14.266146659851074,-13.976534843444824,-13.821195602416992,-13.730382919311523,-13.277922630310059,-12.411385536193848,-11.718452453613281,-11.502670288085938,-11.122065544128418,-10.363409996032715,-9.762118339538574,-9.51483154296875,-9.443470001220703,-9.446638107299805,-9.367267608642578,-9.228086471557617,-9.13308334350586,-9.014642715454102,-8.820155143737793,-8.653203010559082,-8.52718734741211,-8.567192077636719,-8.78863525390625,-9.027233123779297,-9.126198768615723,-8.977964401245117,-8.632335662841797,-8.379843711853027
-17.372203826904297,-17.902896881103516,-17.903518676757812,-17.97675895690918,-18.052783966064453,-17.83525276184082,-17.66434097290039,-17.710561752319336,-17.75741958618164,-17.79888343811035,-17.919984817504883,-17.963796615600586,-17.687110900878906,-16.784305572509766,-16.331783294677734,-16.32371711730957,-16.180408477783203,-16.12834930419922,-15.958234786987305,-15.188508033752441,-13.57015323638916,-11.959189414978027,-11.371872901916504,-11.233473777770996,-11.029237747192383,-10.5487060546875,-10.642163276672363,-11.056288719177246,-11.786933898925781,-12.051228523254395,-11.644207000732422,-11.202543258666992,-10.794309616088867,-10.422126770019531,-9.895484924316406,-9.689167022705078,-10.156554222106934,-10.373675346374512,-10.870220184326172,-11.029372215270996,-10.61513614654541,-10.14413833618164,-9.853452682495117
-18.33671760559082,-18.96216583251953,-19.110937118530273,-20.002389907836914,-21.882780075073242,-21.830276489257812,-21.741260528564453,-21.51711654663086,-21.174896240234375,-21.576168060302734,-23.261924743652344,-23.664913177490234,-22.364580154418945,-19.483036041259766,-18.42413330078125,-18.9193172454834,-19.62244987487793,-20.439746856689453,-20.733659744262695,-19.594680786132812,-16.156129837036133,-12.874051094055176,-11.024513244628906,-10.835029602050781,-11.998550415039062,-11.843301773071289,-12.01385498046875,-13.314600944519043,-16.051654815673828,-17.214509963989258,-16.675424575805664,-15.867630958557129,-14.966697692871094,-14.302130699157715,-13.045260429382324,-12.847676277160645,-14.589591026306152,-14.33283519744873,-15.058276176452637,-14.301494598388672,-12.233197212219238,-11.675115585327148,-12.328834533691406
-19.17071533203125,-19.739635467529297,-19.9495792388916,-20.977771759033203,-22.59901237487793,-22.387922286987305,-22.647178649902344,-21.853960037231445,-19.71808433532715,-18.067882537841797,-19.70412826538086,-20.495342254638672,-19.626663208007812,-18.009071350097656,-15.504694938659668,-13.236623764038086,-13.36085319519043,-14.917112350463867,-17.35589027404785,-17.3284912109375,-16.63595962524414,-15.119462013244629,-11.883658409118652,-10.002229690551758,-10.904723167419434,-12.00102710723877,-11.13839340209961,-11.858094215393066,-14.217119216918945,-15.7178316116333,-16.849319458007812,-16.673439025878906,-15.539619445800781,-14.382905960083008,-14.040898323059082,-13.18035888671875,-12.67297077178955,-13.00224781036377,-12.845748901367188,-11.802576065063477,-9.928027153015137,-8.599895477294922,-9.854839324951172
-19.952451705932617,-20.250398635864258,-20.634483337402344,-22.395885467529297,-25.27744483947754,-25.40206527709961,-24.97545051574707,-24.827680587768555,-24.100379943847656,-22.91939353942871,-21.031719207763672,-20.111520767211914,-19.517223358154297,-19.647672653198242,-19.302270889282227,-16.144742965698242,-11.98737621307373,-11.280961990356445,-14.04572582244873,-15.864625930786133,-15.889915466308594,-16.312206268310547,-14.290668487548828,-10.815083503723145,-9.016390800476074,-10.24563980102539,-12.966553688049316,-13.64035701751709,-14.324315071105957,-15.752138137817383,-17.074865341186523,-17.591049194335938,-17.607759475708008,-16.873064041137695,-15.68475341796875,-14.965095520019531,-14.701192855834961,-14.781288146972656,-15.531842231750488,-15.504387855529785,-12.62937068939209,-9.145170211791992,-9.678326606750488
-20.63652229309082,-20.73257064819336,-21.021738052368164,-22.583202362060547,-24.795860290527344,-24.060426712036133,-22.658771514892578,-22.011484146118164,-21.873085021972656,-21.901763916015625,-20.83422088623047,-19.381649017333984,-18.711013793945312,-18.4832820892334,-17.93595314025879,-17.2630672454834,-15.650875091552734,-12.420486450195312,-9.710383415222168,-10.84665584564209,-12.037771224975586,-16.002565383911133,-15.930521011352539,-11.608081817626953,-8.138729095458984,-9.08630084991455,-12.19914722442627,-11.909985542297363,-12.59381103515625,-14.389698028564453,-15.03874397277832,-15.896722793579102,-17.05145263671875,-17.388185501098633,-16.823659896850586,-15.91370677947998,-15.23499870300293,-14.990476608276367,-14.84751033782959,-14.435487747192383,-13.19703483581543,-11.638801574707031,-10.970759391784668
-21.236736297607422,-21.235069274902344,-21.258935928344727,-22.283300399780273,-23.991432189941406,-23.409284591674805,-22.180830001831055,-20.99738121032715,-20.803857803344727,-20.631200790405273,-19.80243682861328,-18.715394973754883,-18.60987091064453,-19.382736206054688,-19.04764175415039,-18.423070907592773,-18.228727340698242,-16.19170379638672,-11.374235153198242,-9.08333683013916,-8.783210754394531,-9.61491870880127,-13.77690315246582,-13.092622756958008,-8.576018333435059,-8.621159553527832,-11.696242332458496,-11.199312210083008,-12.230157852172852,-14.1014986038208,-14.204130172729492,-14.600661277770996,-16.141401290893555,-17.54283332824707,-18.002113342285156,-17.676565170288086,-16.932138442993164,-16.42913818359375,-15.895414352416992,-14.893880844116211,-13.804109573364258,-13.545649528503418,-14.341986656188965
-21.556901931762695,-21.71171760559082,-21.69704818725586,-22.386505126953125,-23.492130279541016,-22.538137435913086,-21.243148803710938,-19.583423614501953,-19.238182067871094,-19.155479431152344,-18.120248794555664,-16.115863800048828,-15.436860084533691,-17.62537956237793,-19.850139617919922,-19.7254695892334,-17.56716537475586,-16.04399871826172,-14.06478500366211,-10.904867172241211,-9.664959907531738,-6.041008472442627,-8.503227233886719,-10.560030937194824,-10.26664924621582,-10.380953788757324,-10.210066795349121,-10.04397964477539,-10.318224906921387,-12.683594703674316,-13.438207626342773,-12.727692604064941,-13.929780960083008,-15.718475341796875,-17.035015106201172,-17.562509536743164,-17.352521896362305,-17.123886108398438,-16.87541961669922,-16.281837463378906,-15.594621658325195,-15.670537948608398,-16.081809997558594
-21.58041000366211,-22.101181030273438,-22.323223114013672,-22.889963150024414,-23.63526725769043,-23.191253662109375,-21.932878494262695,-20.58042335510254,-19.68878173828125,-19.494266510009766,-17.62618064880371,-15.425103187561035,-15.086403846740723,-16.458311080932617,-17.797739028930664,-18.24876594543457,-16.965240478515625,-16.494956970214844,-16.320114135742188,-13.894466400146484,-10.7642240524292,-8.953756332397461,-6.627875328063965,-10.173646926879883,-10.843720436096191,-9.377907752990723,-9.366371154785156,-10.195926666259766,-10.395866394042969,-11.731050491333008,-12.727253913879395,-11.882529258728027,-12.184494018554688,-13.449847221374512,-15.696009635925293,-17.180850982666016,-17.654850006103516,-17.590042114257812,-17.557937622070312,-17.254262924194336,-16.84099006652832,-16.65276527404785,-16.618900299072266
-21.33154296875,-22.278034210205078,-22.651538848876953,-22.91603660583496,-23.15421485900879,-22.550771713256836,-21.567047119140625,-21.042203903198242,-20.565540313720703,-19.641809463500977,-17.728919982910156,-16.222393035888672,-16.548954010009766,-16.46586799621582,-16.22221565246582,-18.066164016723633,-18.576419830322266,-17.777280807495117,-16.445627212524414,-15.279830932617188,-12.528721809387207,-8.676648139953613,-9.269628524780273,-11.253326416015625,-11.792037963867188,-9.103135108947754,-8.621068954467773,-10.490156173706055,-11.275543212890625,-11.955413818359375,-12.165428161621094,-11.731486320495605,-11.657125473022461,-11.9020357131958,-14.067038536071777,-16.664304733276367,-17.86456298828125,-17.9056453704834,-18.030561447143555,-17.98212242126465,-17.349191665649414,-16.703895568847656,-16.475872039794922
-20.83478355407715,-22.27234649658203,-22.831453323364258,-22.96207618713379,-23.10965347290039,-22.3035945892334,-21.796524047851562,-22.165590286254883,-21.808488845825195,-20.666231155395508,-19.555620193481445,-19.095918655395508,-19.155742645263672,-19.315872192382812,-19.285171508789062,-20.338333129882812,-21.708065032958984,-21.690040588378906,-19.982027053833008,-17.030582427978516,-14.14133358001709,-11.023211479187012,-8.615726470947266,-11.099466323852539,-12.687798500061035,-10.327035903930664,-9.255086898803711,-11.672558784484863,-13.052183151245117,-11.973901748657227,-12.079894065856934,-12.471331596374512,-12.783890724182129,-12.584709167480469,-14.083683013916016,-16.559297561645508,-18.485332489013672,-18.939800262451172,-18.803089141845703,-18.666301727294922,-18.335834503173828,-18.015033721923828,-17.636009216308594
-20.426931381225586,-21.981403350830078,-22.832735061645508,-23.257293701171875,-23.432497024536133,-22.781003952026367,-22.800931930541992,-24.620328903198242,-24.203760147094727,-23.030851364135742,-21.9691162109375,-21.717012405395508,-21.896081924438477,-21.47107696533203,-20.585975646972656,-20.469099044799805,-21.579315185546875,-22.327836990356445,-20.98940086364746,-17.66621208190918,-15.990806579589844,-14.56956672668457,-10.52114200592041,-8.754833221435547,-11.953717231750488,-10.803055763244629,-10.763739585876465,-13.584341049194336,-14.04845905303955,-11.191898345947266,-11.773603439331055,-12.910113334655762,-13.411206245422363,-13.700326919555664,-15.270023345947266,-17.016420364379883,-18.779268264770508,-20.24811553955078,-20.577526092529297,-20.102731704711914,-19.647802352905273,-19.527746200561523,-18.86223030090332
-20.09160804748535,-21.418964385986328,-22.607086181640625,-23.531883239746094,-23.950180053710938,-24.54901123046875,-25.137136459350586,-26.122007369995117,-25.255529403686523,-24.015247344970703,-23.090335845947266,-23.44728660583496,-23.14414405822754,-21.297565460205078,-19.25178337097168,-18.32655143737793,-18.549257278442383,-19.28017234802246,-19.12854766845703,-17.733810424804688,-18.129199981689453,-17.421091079711914,-14.072615623474121,-12.264176368713379,-11.79715633392334,-10.370492935180664,-10.996771812438965,-13.956513404846191,-15.03155517578125,-11.534276008605957,-11.388723373413086,-12.846379280090332,-13.661459922790527,-14.37118911743164,-15.837688446044922,-16.778257369995117,-18.287073135375977,-19.950111389160156,-21.527772903442383,-21.83138084411621,-21.19261932373047,-20.57248306274414,-19.61747169494629
-19.778486251831055,-20.839582443237305,-22.128952026367188,-23.782201766967773,-25.687339782714844,-27.016294479370117,-27.11534881591797,-26.041370391845703,-24.41796875,-23.249244689941406,-23.108898162841797,-23.19194221496582,-21.69866180419922,-20.363998413085938,-19.760576248168945,-18.505617141723633,-17.00539779663086,-17.335832595825195,-19.073522567749023,-19.88095474243164,-19.56842803955078,-19.102745056152344,-17.581138610839844,-16.579944610595703,-15.233685493469238,-13.255900382995605,-11.807159423828125,-10.775984764099121,-10.628257751464844,-11.672061920166016,-12.004592895507812,-13.215005874633789,-14.08448314666748,-14.104083061218262,-15.016440391540527,-16.11213493347168,-16.877172470092773,-17.76251792907715,-19.748748779296875,-21.4247989654541,-21.800168991088867,-21.339679718017578,-20.689496994018555
-19.71626853942871,-20.527063369750977,-21.671058654785156,-24.17306137084961,-27.911693572998047,-29.078466415405273,-28.743431091308594,-27.297136306762695,-26.0062313079834,-25.70452117919922,-25.358964920043945,-24.50873565673828,-23.130413055419922,-21.942991256713867,-21.12411880493164,-19.69355583190918,-17.23712158203125,-15.673635482788086,-17.354434967041016,-20.60402488708496,-21.239437103271484,-21.290836334228516,-21.491439819335938,-22.233165740966797,-21.47066879272461,-19.74778938293457,-18.914247512817383,-14.050854682922363,-9.471245765686035,-12.970846176147461,-13.96607780456543,-14.419334411621094,-14.727707862854004,-13.723540306091309,-13.822823524475098,-15.696430206298828,-15.597118377685547,-15.604025840759277,-16.933717727661133,-18.834300994873047,-20.451623916625977,-21.366178512573242,-21.067516326904297
-20.809621810913086,-21.274118423461914,-21.948421478271484,-24.56733512878418,-28.72335433959961,-29.348920822143555,-28.600252151489258,-27.307594299316406,-25.963499069213867,-25.053499221801758,-23.750864028930664,-23.024309158325195,-23.115617752075195,-22.510927200317383,-21.604387283325195,-20.49917984008789,-17.753934860229492,-14.898228645324707,-15.374391555786133,-19.48845672607422,-20.68732452392578,-20.651647567749023,-20.807851791381836,-21.399112701416016,-22.496074676513672,-20.490772247314453,-16.19778060913086,-11.795965194702148,-10.463044166564941,-14.593827247619629,-13.607172966003418,-15.209229469299316,-16.86647605895996,-14.947117805480957,-12.433294296264648,-14.398818016052246,-14.719588279724121,-13.99954605102539,-14.64355182647705,-15.809703826904297,-16.985946655273438,-18.601961135864258,-19.361745834350586
-21.980907440185547,-22.233606338500977,-22.915508270263672,-24.994722366333008,-27.904144287109375,-27.189416885375977,-26.36701011657715,-25.057092666625977,-23.725627899169922,-22.674856185913086,-21.925386428833008,-22.105329513549805,-22.800010681152344,-22.76494598388672,-21.877429962158203,-20.35568618774414,-17.850303649902344,-15.366744041442871,-16.35099983215332,-18.43430519104004,-18.673818588256836,-18.952091217041016,-19.436986923217773,-18.764141082763672,-19.215986251831055,-18.300092697143555,-16.342233657836914,-14.398416519165039,-12.383182525634766,-13.423138618469238,-13.678229331970215,-14.98537540435791,-17.89662742614746,-17.641271591186523,-12.865721702575684,-13.085609436035156,-15.15677261352539,-13.066276550292969,-13.45780086517334,-14.256826400756836,-15.316309928894043,-16.27016830444336,-16.69081687927246
