data/wind_data/wind_Surface_15.json
{"header": {"parameterUnit": "KT", "parameterCategory": 2, "nx": 255, "ny": 198, "lo1": 44.73521041870117, "la1": -3.236724853515625, "lo2": 111.26478576660156, "la2": 43.468475341796875, "dx": 0.26192745566368103, "dy": -0.23708222806453705, "refTime": "2025-02-19 15:00:00", "forecastTime": 0, "parameterNumber": 2, "parameterNumberName": "eastward_wind"}, "data":
[rows 95 to 113 of 198, columns 86 to 128 of 255]
3.6345224380493164,4.6686930656433105,5.879870414733887,7.10698127746582,8.12881851196289,8.846259117126465,9.622969627380371,10.43806266784668,10.828859329223633,11.671191215515137,11.407482147216797,7.7844557762146,6.141756057739258,5.466166019439697,5.098720550537109,5.284903526306152,4.853024005889893,5.09598445892334,8.68639850616455,7.628323078155518,5.55380916595459,4.690248966217041,5.512162208557129,5.671435356140137,4.985430717468262,4.415041446685791,4.818118572235107,6.045150279998779,5.829018592834473,4.868948936462402,3.6697347164154053,2.698072671890259,2.557662010192871,3.0428738594055176,2.574629783630371,1.814670205116272,2.251094102859497,3.0295848846435547,3.603065252304077,3.858332872390747,4.4618730545043945,5.3233642578125,5.387341022491455
4.580942153930664,5.875175952911377,7.218385219573975,8.421122550964355,9.270821571350098,9.71760368347168,9.954997062683105,10.103824615478516,10.807502746582031,10.857502937316895,7.9595417976379395,6.453439712524414,5.783782005310059,4.736029148101807,2.963932514190674,2.4616496562957764,3.9601261615753174,4.468233108520508,5.387902736663818,5.680685997009277,3.6290595531463623,3.8626961708068848,4.93220853805542,5.2789306640625,4.627399444580078,4.168643951416016,4.208890914916992,4.987894535064697,4.513668537139893,3.4994635581970215,2.7640206813812256,2.718930959701538,3.8315985202789307,4.919018745422363,4.852818489074707,3.887652635574341,3.5842623710632324,3.850015640258789,4.411194324493408,4.8166399002075195,5.095489501953125,5.820477485656738,6.220024108886719
5.930001258850098,7.088350772857666,8.150301933288574,9.108023643493652,9.88154411315918,10.453204154968262,10.354246139526367,10.071759223937988,10.09125804901123,8.273372650146484,6.896876335144043,5.909778118133545,5.040166854858398,4.846157073974609,4.333269119262695,4.120735168457031,1.5846195220947266,1.5587632656097412,3.699103355407715,3.4451444149017334,2.570147752761841,3.1022660732269287,4.773105621337891,5.585631847381592,5.58721923828125,4.6133713722229,5.133546352386475,4.776456356048584,3.6755471229553223,3.5087525844573975,4.136345863342285,4.974331378936768,5.990417003631592,6.424656391143799,5.971585273742676,4.265539169311523,2.8265652656555176,3.490187883377075,4.402135372161865,4.829413414001465,6.054698944091797,6.63251256942749,6.96238374710083
7.1920623779296875,8.039144515991211,8.900208473205566,9.784533500671387,10.44688606262207,10.641140937805176,10.385144233703613,9.922985076904297,7.36581563949585,6.385157108306885,6.5131049156188965,6.831751823425293,7.026252746582031,6.511074066162109,6.113978385925293,6.2888875007629395,5.074387550354004,2.7795231342315674,1.9555777311325073,2.4840757846832275,1.4300363063812256,2.2310397624969482,4.284659385681152,5.063802719116211,4.789309978485107,4.908705711364746,5.190788269042969,5.047177314758301,4.9222235679626465,5.4246826171875,5.6926093101501465,5.861106872558594,6.04922342300415,6.257164478302002,5.8050150871276855,4.228646755218506,2.825042963027954,3.4922704696655273,4.304181098937988,4.575656890869141,6.15627384185791,6.514301776885986,6.319766998291016
8.484413146972656,8.889522552490234,9.260672569274902,9.975120544433594,10.268826484680176,10.425361633300781,10.202301025390625,7.670113563537598,7.046512126922607,7.518056392669678,8.33354377746582,8.635218620300293,8.165517807006836,7.515483379364014,7.154731273651123,7.371749401092529,7.4949049949646,5.535768985748291,1.706491231918335,0.29750633239746094,2.77622389793396,3.3347086906433105,4.097897052764893,4.585055351257324,5.269039154052734,4.879039764404297,3.002963066101074,2.7723236083984375,4.5938401222229,5.107813835144043,4.5602569580078125,4.1851725578308105,4.871941089630127,5.455346584320068,4.887932777404785,2.5386579036712646,2.3687784671783447,4.051642894744873,5.053085803985596,4.836741924285889,5.033442974090576,4.085094928741455,2.558626413345337
9.83328914642334,10.001216888427734,10.062746047973633,10.216506958007812,9.987102508544922,9.873112678527832,9.511833190917969,8.553399085998535,11.049108505249023,9.968104362487793,9.945890426635742,9.720888137817383,9.378612518310547,8.769721984863281,8.247786521911621,8.303288459777832,8.468409538269043,6.2977776527404785,3.9576022624969482,0.7413650155067444,1.1603200435638428,2.8187713623046875,3.077889919281006,4.2129950523376465,5.66007137298584,5.070003032684326,1.9768898487091064,2.180094003677368,3.900604724884033,3.5929057598114014,2.9117088317871094,3.2646842002868652,4.265474796295166,5.185247421264648,4.261240482330322,2.505016565322876,2.834721326828003,3.607842445373535,3.6550538539886475,3.814035654067993,3.5521962642669678,2.318207263946533,1.0467050075531006
10.82490062713623,10.787130355834961,10.322354316711426,10.065929412841797,9.176321029663086,8.603693008422852,9.414204597473145,10.962420463562012,12.817394256591797,13.410835266113281,13.3357515335083,13.41856575012207,11.819371223449707,9.55370807647705,8.839232444763184,9.02413272857666,8.767705917358398,6.4216837882995605,4.661323547363281,2.0544381141662598,1.9664769172668457,3.413313627243042,4.190372467041016,4.494568824768066,4.876722812652588,4.237094402313232,3.3070807456970215,3.5280044078826904,2.9656822681427,2.705185890197754,3.650824546813965,4.692091941833496,5.081602096557617,5.058444499969482,4.636911392211914,4.427697658538818,4.513893127441406,3.2574167251586914,1.1655158996582031,0.586272656917572,0.7951736450195312,0.6027007102966309,0.146742582321167
11.313814163208008,10.962031364440918,10.022381782531738,9.8225679397583,9.230951309204102,8.424772262573242,9.162466049194336,9.711478233337402,7.905887126922607,8.922911643981934,11.443894386291504,12.353584289550781,11.134008407592773,8.44962215423584,7.602298259735107,7.895255088806152,7.006983757019043,5.312019348144531,3.351651906967163,3.076307773590088,3.832864999771118,4.132064342498779,4.883419513702393,4.558311462402344,4.4160614013671875,4.064815998077393,2.3628041744232178,0.7108436822891235,0.27972665429115295,2.008281707763672,4.795531272888184,5.776651382446289,5.357292652130127,4.702469825744629,4.837294578552246,4.272878646850586,3.029223918914795,2.028562068939209,1.3358737230300903,1.536781907081604,1.4991178512573242,2.010390281677246,2.389216661453247
11.447463989257812,10.851140975952148,9.49563217163086,9.120842933654785,9.170352935791016,8.639641761779785,6.91438627243042,6.949575901031494,8.058146476745605,10.110291481018066,10.600360870361328,7.883902072906494,6.792387008666992,7.67142915725708,7.582976818084717,7.754807472229004,6.846330642700195,5.9516825675964355,4.003411293029785,4.1849517822265625,4.439436435699463,4.972723484039307,5.70314359664917,6.057163715362549,5.616298198699951,3.35815167427063,0.9353607892990112,-0.7086981534957886,-0.004449597559869289,3.0753371715545654,5.37678337097168,5.447107315063477,4.577237129211426,3.82661771774292,3.8064417839050293,3.344601631164551,2.502876043319702,1.0488946437835693,0.09709841758012772,0.22976958751678467,-0.06796957552433014,1.0947567224502563,2.235374927520752
11.575582504272461,11.413629531860352,10.248147964477539,9.765789985656738,9.22413444519043,7.047933101654053,7.10404109954834,7.93587064743042,8.915782928466797,9.565485000610352,11.313305854797363,10.912904739379883,5.8652143478393555,5.108415126800537,6.387971878051758,7.42855167388916,6.964991092681885,5.149065017700195,4.66826868057251,5.09154748916626,5.4891510009765625,5.4256591796875,5.002236366271973,4.899471759796143,5.065885543823242,3.7713260650634766,0.6660154461860657,-0.9259703159332275,-0.2134825885295868,2.772427797317505,5.348743438720703,4.943587303161621,2.7960190773010254,2.034705877304077,2.282909393310547,1.8764581680297852,1.647170066833496,1.7375177145004272,1.5043044090270996,0.07069842517375946,-1.6871525049209595,0.16964855790138245,2.4553303718566895
12.061676979064941,12.187447547912598,11.358299255371094,10.875696182250977,9.823674201965332,7.108016014099121,8.148622512817383,9.595414161682129,9.603815078735352,10.099077224731445,11.870524406433105,11.95335578918457,9.828414916992188,7.196508407592773,6.830787181854248,7.039578914642334,5.832924842834473,3.834249496459961,2.8695178031921387,3.148707628250122,3.9964492321014404,4.758622646331787,5.367481708526611,5.961526393890381,6.97604513168335,5.656493186950684,0.7951832413673401,-1.698553204536438,-0.9916051626205444,3.069917917251587,5.555953502655029,3.7128982543945312,-0.010730410926043987,0.3445701599121094,1.7301037311553955,1.7379471063613892,1.48984956741333,0.5087231397628784,-0.8001149892807007,-1.166139006614685,-0.9039673805236816,-0.4697318375110626,0.7630285620689392
12.362918853759766,12.643033027648926,11.730799674987793,9.44504451751709,8.551690101623535,8.482388496398926,9.038006782531738,9.775859832763672,10.271220207214355,10.64161205291748,11.162357330322266,11.906185150146484,11.680970191955566,10.181905746459961,8.935832023620605,6.999752044677734,6.104075908660889,4.506330490112305,3.600961446762085,3.6834027767181396,4.8577423095703125,5.340908527374268,5.031501293182373,4.479130268096924,5.311968803405762,5.148624420166016,1.9903569221496582,-1.0532675981521606,0.037368759512901306,3.5163235664367676,4.869879722595215,1.581371545791626,-1.869755744934082,-0.6852418184280396,1.2794479131698608,1.0937557220458984,0.9007893204689026,0.946213960647583,0.42728620767593384,-0.3933371305465698,-0.19894371926784515,-0.01689841039478779,-0.39180511236190796
12.695055961608887,10.144525527954102,9.150557518005371,9.062294006347656,9.23083209991455,8.991302490234375,9.189079284667969,9.76198673248291,9.79346752166748,10.310945510864258,10.679611206054688,10.804508209228516,10.362621307373047,9.616777420043945,8.91182804107666,7.748091220855713,6.167196750640869,4.1363205909729,3.1560111045837402,3.3006696701049805,4.177112102508545,4.38480281829834,3.2949953079223633,2.906559467315674,4.23996114730835,5.434508323669434,4.119764804840088,0.38006770610809326,0.4898228943347931,2.6982266902923584,3.2428507804870605,0.0027022911235690117,-2.636698007583618,-1.8588052988052368,0.1630447804927826,0.7690264582633972,0.8021308779716492,0.058687061071395874,0.1315290629863739,0.9583505392074585,0.2740093171596527,-0.7947489023208618,-1.999338984489441
13.071172714233398,10.43584156036377,8.328103065490723,8.413285255432129,9.78396224975586,10.456587791442871,10.755749702453613,11.287383079528809,11.59541130065918,12.038555145263672,11.937180519104004,12.127974510192871,11.173904418945312,9.97136116027832,9.871337890625,8.751401901245117,4.956235885620117,2.70755672454834,1.989629864692688,2.007351875305176,2.9315898418426514,4.447763442993164,3.854275703430176,2.792790174484253,4.3638529777526855,5.580010890960693,4.3437275886535645,2.2412290573120117,2.059199333190918,2.8426215648651123,1.2484261989593506,-1.531773328781128,-3.4478185176849365,-3.391289710998535,-1.6766080856323242,-0.034976888447999954,0.8275142312049866,0.49969467520713806,1.617961049079895,2.9049758911132812,0.44792380928993225,-2.2920546531677246,-3.1859169006347656
12.94479751586914,9.781755447387695,7.975417613983154,8.050837516784668,9.621350288391113,10.380804061889648,9.926025390625,9.605582237243652,9.870038986206055,10.559796333312988,11.317895889282227,11.53078556060791,10.813238143920898,8.882281303405762,6.827060222625732,6.578535556793213,4.20189905166626,1.5700106620788574,1.43356192111969,1.973555564880371,2.7929534912109375,4.258589744567871,4.450162887573242,3.7579572200775146,5.253388404846191,6.41669225692749,6.049213886260986,5.171878814697266,2.8648948669433594,0.8027642965316772,-0.5776078104972839,-2.235741138458252,-3.6588096618652344,-3.874993085861206,-2.6089446544647217,-0.24620267748832703,0.8581178188323975,0.47629332542419434,0.4035421907901764,-0.44408273696899414,-1.8890389204025269,-1.9391310214996338,-1.7777431011199951
9.416388511657715,9.41717529296875,9.35472583770752,9.17628288269043,9.689607620239258,10.97020149230957,11.396122932434082,12.114689826965332,12.390420913696289,12.560742378234863,13.377991676330566,13.116347312927246,11.597992897033691,10.440274238586426,9.769708633422852,7.9496870040893555,5.596384525299072,1.58405601978302,0.5404301881790161,1.364317774772644,2.186068534851074,2.7405636310577393,2.945957899093628,3.4821224212646484,5.949115753173828,6.894563674926758,6.458359718322754,5.235184192657471,3.3708720207214355,1.706731915473938,0.3975583016872406,-1.8193825483322144,-3.5678484439849854,-4.021892070770264,-3.035413980484009,-0.36816880106925964,1.227216362953186,1.4365724325180054,1.1193506717681885,-0.6211011409759521,-3.154874324798584,-3.1386306285858154,-1.6331673860549927
7.892068386077881,8.495490074157715,9.528173446655273,9.514613151550293,9.439129829406738,10.311982154846191,10.128482818603516,9.249549865722656,8.459035873413086,8.785381317138672,9.663860321044922,10.29871654510498,9.655519485473633,8.122878074645996,7.2876458168029785,6.330990791320801,5.018942832946777,3.0139429569244385,1.02415931224823,0.729507327079773,1.598380208015442,2.109936475753784,1.8851423263549805,2.640878677368164,5.4547224044799805,6.799350738525391,6.3526787757873535,5.538351535797119,4.39284610748291,2.1277389526367188,0.2110014110803604,-2.0308384895324707,-3.3150746822357178,-4.186910629272461,-3.5098345279693604,-0.20363767445087433,1.684293270111084,2.7370073795318604,3.0524113178253174,-0.08283112943172455,-3.6682794094085693,-3.0898287296295166,-1.4592546224594116
9.21528148651123,10.425347328186035,11.226499557495117,10.922476768493652,9.544208526611328,9.378899574279785,9.930455207824707,9.616969108581543,9.29214859008789,9.73765754699707,10.586333274841309,10.256937980651855,8.360865592956543,7.562790870666504,7.441971302032471,6.894699573516846,5.555053234100342,4.095162391662598,3.1301708221435547,2.7100980281829834,2.673574209213257,2.318183660507202,1.8096427917480469,1.295754075050354,2.2954494953155518,5.195554733276367,6.400659561157227,6.138465881347656,5.321284770965576,3.111982583999634,-0.8418210744857788,-2.545841932296753,-3.2074968814849854,-4.29525899887085,-3.3424227237701416,-1.4624240398406982,-0.3913859724998474,1.6897778511047363,1.791459560394287,-2.606598138809204,-4.934528827667236,-2.82910418510437,-1.5492011308670044
10.254435539245605,11.462200164794922,12.01557731628418,10.589780807495117,9.40243911743164,9.237319946289062,9.016738891601562,8.633123397827148,8.145309448242188,8.007095336914062,8.650245666503906,8.618194580078125,7.6566314697265625,7.078526973724365,6.421179294586182,5.939599514007568,5.865900039672852,5.050552845001221,4.291321277618408,5.152372360229492,5.191611289978027,4.594255447387695,3.276350736618042,1.5428212881088257,0.8102947473526001,2.910762071609497,5.542103290557861,5.946101188659668,5.238919734954834,3.0742123126983643,-0.19995175302028656,-2.293207883834839,-3.7063183784484863,-4.202170372009277,-3.964508533477783,-3.2635061740875244,-2.1495745182037354,-0.63590008020401,0.03779982775449753,-2.8699800968170166,-4.614012241363525,-3.5963730812072754,-2.8065736293792725
