data/wind_data/wind_58_0.json
{"header": {"parameterUnit": "KT", "parameterCategory": 2, "nx": 255, "ny": 198, "lo1": 44.73521041870117, "la1": -3.236724853515625, "lo2": 111.26478576660156, "la2": 43.468475341796875, "dx": 0.26192745566368103, "dy": -0.23708222806453705, "refTime": "2025-02-21 10:00:00", "forecastTime": 0, "parameterNumber": 3, "parameterNumberName": "northward_wind"}, "data":
[rows 38 to 56 of 198, columns 172 to 214 of 255]
-10.141077995300293,-10.980599403381348,-11.565735816955566,-9.557625770568848,-7.86973762512207,-9.06226921081543,-10.255582809448242,-10.365166664123535,-9.258698463439941,-6.795527458190918,-7.729721546173096,-7.021555423736572,-6.781042575836182,-6.401681423187256,-5.83510160446167,-5.095956325531006,-5.9715118408203125,-6.566389560699463,-6.627547264099121,-5.156772613525391,-4.4129533767700195,-4.731714248657227,-4.801783561706543,-5.49839448928833,-5.395783424377441,-4.649251937866211,-3.6089999675750732,-2.7587106227874756,-2.2543790340423584,-1.6295288801193237,-0.7791938185691833,-0.22122497856616974,-0.16075748205184937,-0.40698692202568054,-1.1443732976913452,-3.1297764778137207,-6.390121936798096,-8.466334342956543,-8.313706398010254,-7.484604835510254,-7.600342750549316,-5.264807224273682,-5.746100425720215
-9.780157089233398,-9.88453197479248,-10.204200744628906,-9.929123878479004,-8.706646919250488,-9.738967895507812,-11.142012596130371,-12.632648468017578,-13.176348686218262,-10.007528305053711,-9.416409492492676,-8.385613441467285,-7.484546661376953,-6.24907112121582,-5.940887451171875,-5.8327107429504395,-7.623527526855469,-7.33152961730957,-5.445242404937744,-4.401849269866943,-4.668776988983154,-5.966969966888428,-5.932363033294678,-4.501101970672607,-3.853671073913574,-3.7303762435913086,-3.1705005168914795,-2.0856034755706787,-0.9578418135643005,-0.025267386808991432,0.6374084949493408,0.9474486708641052,0.9418338537216187,0.8969768285751343,0.638922393321991,-2.1918256282806396,-7.5549702644348145,-9.405402183532715,-5.414804458618164,-5.551533222198486,-6.68300724029541,-3.4396297931671143,-3.87770676612854
-9.394026756286621,-9.31710147857666,-8.728760719299316,-8.91735553741455,-9.63355541229248,-10.619943618774414,-11.270051002502441,-10.984844207763672,-11.50137996673584,-11.194742202758789,-10.316929817199707,-9.474900245666504,-7.437546253204346,-6.207869052886963,-5.885176181793213,-6.781320571899414,-7.681285381317139,-7.720122814178467,-6.327900409698486,-5.846859455108643,-5.473366737365723,-5.624851703643799,-5.478357791900635,-4.025805473327637,-3.4306278228759766,-2.687081813812256,-1.8760756254196167,-1.4272702932357788,-0.7238534688949585,-0.3892969489097595,-0.2899191975593567,0.1662183403968811,0.9173988699913025,1.674283504486084,1.8525385856628418,-1.2304919958114624,-4.87076997756958,-4.6592278480529785,-3.2491719722747803,-3.7117810249328613,-4.554701805114746,-3.3397276401519775,-3.6914217472076416
-9.157588958740234,-9.361968994140625,-8.687355041503906,-8.859326362609863,-9.859007835388184,-11.315841674804688,-12.256999015808105,-11.433320045471191,-10.169482231140137,-9.70920467376709,-9.922032356262207,-9.451186180114746,-7.88212251663208,-5.997992038726807,-5.255941390991211,-5.700663089752197,-6.278871536254883,-6.93865442276001,-7.38075065612793,-6.333527088165283,-5.529720783233643,-5.461710453033447,-5.161488056182861,-4.645697116851807,-4.4432220458984375,-3.5378007888793945,-2.347139835357666,-1.5494606494903564,-0.7991616725921631,-0.7092835903167725,-0.7732477784156799,-0.8965663313865662,-0.8296700119972229,-1.1605017185211182,-1.4681131839752197,-1.2976073026657104,-2.1062426567077637,-2.478365898132324,-3.006697416305542,-4.100571155548096,-3.8900187015533447,-3.0328311920166016,-2.9956564903259277
-9.029745101928711,-9.369503021240234,-9.360981941223145,-9.572134017944336,-10.414006233215332,-11.367690086364746,-12.326004028320312,-12.61099624633789,-10.718097686767578,-9.617630004882812,-9.318961143493652,-9.55266284942627,-8.59699821472168,-5.3660478591918945,-4.634410858154297,-5.199249267578125,-5.2182512283325195,-4.747471332550049,-5.999623775482178,-5.602577209472656,-5.468140125274658,-5.744113445281982,-5.7305402755737305,-5.1928911209106445,-4.988873481750488,-4.69745397567749,-3.8169894218444824,-2.2741894721984863,-1.2174488306045532,-0.8515987396240234,-0.6016096472740173,-0.8933022618293762,-2.0677690505981445,-4.508286952972412,-6.7278151512146,-4.1384429931640625,-3.7757599353790283,-4.281494617462158,-1.7449746131896973,-1.4744112491607666,-2.526735544204712,-2.3508188724517822,-0.8726255297660828
-8.846090316772461,-9.178434371948242,-9.316909790039062,-9.079118728637695,-9.882654190063477,-10.623664855957031,-10.853964805603027,-10.714770317077637,-9.952622413635254,-9.308855056762695,-9.147115707397461,-9.336429595947266,-8.800575256347656,-6.648980140686035,-5.360394477844238,-6.401069641113281,-7.209777355194092,-6.426004409790039,-5.312345027923584,-4.992888450622559,-5.224255561828613,-5.347590923309326,-5.629944801330566,-5.892117977142334,-5.939960479736328,-5.37594747543335,-4.366082191467285,-3.061840534210205,-2.461367130279541,-2.328930616378784,-2.231238603591919,-2.7938363552093506,-3.279431104660034,-5.6483154296875,-9.968578338623047,-2.472813129425049,-0.3289356827735901,-0.9992139339447021,-2.324209213256836,-1.8829679489135742,-2.6502392292022705,-4.412073612213135,-2.557875156402588
-8.086629867553711,-7.986003398895264,-8.63286018371582,-8.990700721740723,-9.397656440734863,-10.263448715209961,-10.613863945007324,-10.336301803588867,-9.314478874206543,-8.772149085998535,-9.124204635620117,-9.6591157913208,-9.687507629394531,-7.702338695526123,-5.220940113067627,-6.110482215881348,-8.058270454406738,-7.7491631507873535,-4.976186752319336,-5.035161972045898,-6.450095176696777,-6.782372951507568,-5.899348258972168,-5.287547588348389,-5.130460739135742,-4.9990434646606445,-4.560441493988037,-4.220132350921631,-4.575921058654785,-4.850329875946045,-5.147186756134033,-6.518898010253906,-5.751089572906494,-3.6353564262390137,-7.931272029876709,-4.278683185577393,-1.5344085693359375,-0.6367771029472351,-2.6531193256378174,-3.3998477458953857,-2.8269362449645996,-3.715158462524414,-2.71956729888916
-7.381834506988525,-7.1874213218688965,-8.461790084838867,-9.198363304138184,-8.960282325744629,-9.432210922241211,-10.300811767578125,-10.105382919311523,-9.00289535522461,-7.942059516906738,-7.382500648498535,-7.849596977233887,-7.8931565284729,-6.658421039581299,-5.3073410987854,-5.46622896194458,-6.840966701507568,-6.855986595153809,-5.864414691925049,-5.581843376159668,-5.988146781921387,-5.945464611053467,-5.379528999328613,-5.210443019866943,-5.140589714050293,-5.091844081878662,-5.425652980804443,-5.993701934814453,-6.939843654632568,-8.029474258422852,-8.817904472351074,-8.729593276977539,-2.951946496963501,0.21475613117218018,-2.6847002506256104,-4.022624492645264,-4.49834680557251,-2.851754903793335,-3.3557844161987305,-2.324772596359253,-3.8215560913085938,-3.739248514175415,-4.069148540496826
-5.899511814117432,-6.599648952484131,-8.405707359313965,-8.9747896194458,-8.451167106628418,-8.034128189086914,-8.790193557739258,-9.315146446228027,-9.00687313079834,-8.345458030700684,-7.161858081817627,-5.710210800170898,-5.61496114730835,-5.5107879638671875,-5.615718841552734,-5.8126540184021,-6.293872356414795,-6.3479838371276855,-6.3282647132873535,-6.214447498321533,-5.831204414367676,-5.248692989349365,-4.9570112228393555,-5.253089427947998,-5.704665660858154,-6.052853584289551,-6.848179340362549,-7.92759895324707,-9.161474227905273,-11.04542350769043,-12.806720733642578,-12.281516075134277,-3.653806447982788,0.4988550841808319,-3.1955158710479736,-2.3309102058410645,-3.0458736419677734,-2.512148857116699,-3.8854098320007324,-2.003119945526123,-1.8370542526245117,-3.545499563217163,-4.880083084106445
-6.635922431945801,-6.966063499450684,-8.44630241394043,-8.673898696899414,-8.313026428222656,-7.8141913414001465,-8.069655418395996,-8.853864669799805,-9.187697410583496,-9.401167869567871,-9.197685241699219,-7.771939277648926,-6.5088419914245605,-6.1999287605285645,-5.929466247558594,-6.258646488189697,-6.0243401527404785,-5.89394998550415,-6.045437335968018,-6.263382434844971,-6.272222995758057,-5.99167013168335,-5.335729122161865,-4.9607977867126465,-5.175104141235352,-6.250357627868652,-7.677082061767578,-9.163068771362305,-10.744307518005371,-12.477812767028809,-13.876401901245117,-14.433823585510254,-10.01020336151123,-0.36250099539756775,-3.357349157333374,-4.984775066375732,-7.844776153564453,-5.090322017669678,-4.201555252075195,-2.607896566390991,-1.8715218305587769,-0.814500093460083,-1.323391079902649
-8.760615348815918,-8.621744155883789,-8.845309257507324,-8.700197219848633,-8.599691390991211,-8.775920867919922,-8.924417495727539,-9.002167701721191,-9.217708587646484,-9.697134017944336,-10.563435554504395,-11.132559776306152,-9.59183120727539,-8.324875831604004,-7.463249683380127,-7.508304595947266,-7.294405937194824,-7.003599166870117,-6.4312944412231445,-6.197155952453613,-6.279289245605469,-6.451382637023926,-6.794545650482178,-6.640529632568359,-6.44594144821167,-6.817537307739258,-7.925379753112793,-9.28033447265625,-10.65422248840332,-11.744634628295898,-12.457249641418457,-12.411882400512695,-10.504179000854492,-0.8044729232788086,0.27400484681129456,-2.071606159210205,-4.424112796783447,-6.892757415771484,-5.668731212615967,-4.898205280303955,-5.344244003295898,-3.9936954975128174,-2.99727463722229
-8.3883056640625,-8.70020580291748,-8.881351470947266,-8.794261932373047,-8.881987571716309,-9.108565330505371,-9.168522834777832,-9.051592826843262,-9.233223915100098,-9.58972454071045,-10.143555641174316,-10.532313346862793,-10.117560386657715,-9.353062629699707,-8.853780746459961,-8.490517616271973,-8.281641006469727,-8.121902465820312,-7.560609817504883,-7.210291862487793,-7.072250843048096,-7.087243556976318,-7.295226573944092,-7.729931354522705,-7.96924352645874,-7.957122325897217,-8.138566017150879,-8.459409713745117,-8.967306137084961,-9.456823348999023,-10.007440567016602,-10.165960311889648,-9.513995170593262,-5.133034706115723,1.5108911991119385,-0.7652434706687927,-2.3193562030792236,-4.964258670806885,-5.035363674163818,-4.699673652648926,-4.7073469161987305,-5.534782886505127,-4.314906597137451
-8.41715145111084,-8.631203651428223,-8.78195571899414,-8.784515380859375,-8.847105026245117,-8.7395601272583,-8.704635620117188,-9.041634559631348,-9.504262924194336,-9.713911056518555,-9.780267715454102,-9.855907440185547,-9.92397403717041,-9.768850326538086,-9.350605010986328,-8.859428405761719,-8.31422233581543,-8.110116958618164,-8.173402786254883,-8.224421501159668,-8.060937881469727,-7.768014430999756,-7.459035873413086,-7.779048919677734,-8.075599670410156,-8.173831939697266,-8.106207847595215,-7.86318826675415,-7.637977123260498,-7.540623664855957,-7.629586219787598,-7.946954250335693,-8.254570007324219,-6.222654342651367,-0.22554080188274384,-1.5273767709732056,-3.903291702270508,-3.8893039226531982,-3.566270351409912,-4.246923923492432,-3.620877742767334,-3.4610188007354736,-2.9508206844329834
-8.830649375915527,-9.245671272277832,-9.255817413330078,-9.14017105102539,-9.133017539978027,-9.04736042022705,-9.224181175231934,-9.562095642089844,-9.968900680541992,-10.307918548583984,-10.348302841186523,-10.223060607910156,-10.054293632507324,-9.825324058532715,-9.731673240661621,-9.67641830444336,-9.491765975952148,-8.834637641906738,-8.80470085144043,-8.694925308227539,-8.447131156921387,-7.971960067749023,-7.419183731079102,-6.928903102874756,-6.641742706298828,-6.775329113006592,-7.169095516204834,-7.571181297302246,-7.549783229827881,-7.023923873901367,-6.370265483856201,-6.097698211669922,-6.4479475021362305,-5.210749626159668,-1.6881459951400757,-2.2373743057250977,-5.836398124694824,-5.802779674530029,-4.608475208282471,-4.377174377441406,-4.409086227416992,-4.3722686767578125,-4.504378318786621
-9.014934539794922,-9.467886924743652,-9.910832405090332,-10.075129508972168,-10.23224925994873,-10.12739372253418,-10.248682022094727,-10.464329719543457,-10.490852355957031,-10.66822338104248,-10.699853897094727,-10.560834884643555,-10.204078674316406,-9.996602058410645,-9.97367000579834,-10.211874961853027,-10.167764663696289,-9.920343399047852,-9.580114364624023,-8.999542236328125,-8.190389633178711,-7.691662788391113,-7.042032241821289,-6.32986307144165,-5.808361530303955,-5.790110111236572,-6.2067461013793945,-6.775060653686523,-6.920134544372559,-6.7925825119018555,-6.359305381774902,-6.166999816894531,-6.019201755523682,-4.271503925323486,-1.2824783325195312,-1.3601099252700806,-4.900657653808594,-8.004817008972168,-8.051435470581055,-6.426293849945068,-6.509970188140869,-6.216831207275391,-6.0729241371154785
-9.365721702575684,-9.692028999328613,-10.0902681350708,-10.626035690307617,-11.12626838684082,-11.439117431640625,-11.306607246398926,-11.42604923248291,-11.041748046875,-11.042511940002441,-11.346945762634277,-11.60370922088623,-11.235922813415527,-11.10454273223877,-11.07844352722168,-10.963202476501465,-10.944426536560059,-10.565696716308594,-10.02820110321045,-9.319988250732422,-8.778121948242188,-8.295125961303711,-7.6728315353393555,-6.926755428314209,-6.322739601135254,-6.0208330154418945,-6.133908271789551,-6.253419876098633,-6.213234901428223,-6.659726619720459,-6.516323089599609,-6.249965667724609,-5.649407386779785,-2.79471492767334,-1.1523182392120361,-1.2477389574050903,-4.181218147277832,-8.021096229553223,-10.281307220458984,-9.016261100769043,-8.446515083312988,-7.661734580993652,-6.548141956329346
-9.961180686950684,-10.187753677368164,-10.479681968688965,-10.927095413208008,-11.442822456359863,-11.91450309753418,-12.249754905700684,-11.984177589416504,-11.049426078796387,-10.35326099395752,-10.956403732299805,-11.93483829498291,-12.131104469299316,-11.848934173583984,-12.016098976135254,-11.888689994812012,-12.090051651000977,-11.475765228271484,-10.742593765258789,-10.114033699035645,-9.84465503692627,-9.142900466918945,-8.650449752807617,-8.246111869812012,-7.584909439086914,-6.882192134857178,-6.522389888763428,-6.514023780822754,-6.384477138519287,-6.549907684326172,-6.477198600769043,-5.91481351852417,-5.01023530960083,-2.518148183822632,-2.902492046356201,-2.728696823120117,-4.402520179748535,-7.378726005554199,-11.101675033569336,-10.202162742614746,-9.538200378417969,-8.353275299072266,-6.9727935791015625
-10.110790252685547,-10.36017894744873,-10.605188369750977,-10.978785514831543,-11.349954605102539,-11.84426498413086,-12.494261741638184,-12.628083229064941,-11.773565292358398,-9.751418113708496,-9.09480094909668,-11.708904266357422,-12.798136711120605,-12.338338851928711,-12.687926292419434,-12.633968353271484,-12.4910249710083,-12.221883773803711,-11.667644500732422,-11.381800651550293,-11.080490112304688,-10.294058799743652,-9.703246116638184,-9.476405143737793,-8.659139633178711,-7.9640045166015625,-7.111713886260986,-7.015219688415527,-6.817805290222168,-6.353006362915039,-6.0560455322265625,-5.693688869476318,-5.3512492179870605,-4.54463005065918,-4.962388038635254,-3.363503932952881,-3.496142625808716,-5.435359477996826,-11.055492401123047,-10.887359619140625,-9.987656593322754,-8.813477516174316,-7.255100250244141
-9.927437782287598,-10.01050090789795,-10.31325626373291,-10.820989608764648,-11.22111701965332,-11.823704719543457,-12.369473457336426,-13.074600219726562,-13.196877479553223,-11.313396453857422,-8.334454536437988,-11.028608322143555,-13.44288444519043,-12.597050666809082,-12.84389591217041,-12.766093254089355,-12.7222900390625,-12.460497856140137,-12.206568717956543,-12.17159366607666,-11.962725639343262,-11.57922077178955,-11.14831256866455,-10.626214027404785,-9.704039573669434,-9.230215072631836,-8.154563903808594,-7.529220104217529,-6.9253740310668945,-5.990362644195557,-5.163369655609131,-4.714131832122803,-4.760664939880371,-5.550046443939209,-3.9708893299102783,-3.4355945587158203,-3.5180373191833496,-4.177198886871338,-10.190779685974121,-10.348987579345703,-9.131248474121094,-8.240124702453613,-7.152405738830566
