data/wind_data/wind_12_0.json
{"header": {"parameterUnit": "KT", "parameterCategory": 2, "nx": 255, "ny": 198, "lo1": 44.73521041870117, "la1": -3.236724853515625, "lo2": 111.26478576660156, "la2": 43.468475341796875, "dx": 0.26192745566368103, "dy": -0.23708222806453705, "refTime": "2025-02-19 12:00:00", "forecastTime": 0, "parameterNumber": 2, "parameterNumberName": "eastward_wind"}, "data":
[rows 133 to 151 of 198, columns 86 to 128 of 255]
18.821975708007812,8.162357330322266,-1.4826996326446533,2.7310550212860107,10.400911331176758,12.700989723205566,9.34848403930664,5.479602813720703,6.558248043060303,8.501175880432129,4.916474342346191,-1.4225003719329834,-4.100161552429199,-4.613228797912598,-6.509807109832764,-7.941055774688721,-8.760555267333984,-9.248499870300293,-9.60997486114502,-8.288442611694336,1.2560036182403564,15.104151725769043,22.21632957458496,20.335132598876953,12.119260787963867,5.822976112365723,4.079157829284668,2.985297918319702,2.8302001953125,3.036299228668213,3.3413703441619873,3.460988759994507,4.159839153289795,4.456820964813232,4.118156909942627,3.843830108642578,4.899806022644043,4.58970832824707,3.3974781036376953,0.9067397713661194,0.1308157593011856,2.7421507835388184,3.7543752193450928
17.835529327392578,18.009822845458984,12.282371520996094,11.114596366882324,12.952903747558594,11.488578796386719,10.929030418395996,9.923933029174805,9.259916305541992,10.00485610961914,7.959534168243408,1.0277982950210571,-3.60489559173584,-3.8338775634765625,-5.88797664642334,-7.243570327758789,-8.08199405670166,-9.423486709594727,-10.114389419555664,-7.548778057098389,3.5424740314483643,18.185461044311523,22.73859405517578,17.547428131103516,8.991520881652832,4.296496391296387,3.393216133117676,2.9592888355255127,3.067253589630127,3.1530306339263916,3.6570255756378174,4.105596542358398,4.110779762268066,4.212227821350098,4.327895164489746,4.612233638763428,4.244987964630127,2.984464406967163,0.2810596525669098,-1.3721227645874023,0.9381610751152039,3.7660281658172607,5.398413181304932
12.997687339782715,17.74134063720703,17.608802795410156,15.253706932067871,12.815692901611328,10.494399070739746,10.336556434631348,12.263782501220703,12.487375259399414,12.211812019348145,10.517269134521484,1.5333445072174072,-4.009085655212402,-3.7518677711486816,-5.12891960144043,-5.979043960571289,-7.31043004989624,-7.433062553405762,-5.980440616607666,-2.7235209941864014,5.08387565612793,16.600830078125,19.945356369018555,13.833181381225586,5.831638336181641,3.5461738109588623,4.117865085601807,4.412749767303467,3.579434871673584,3.4331719875335693,3.5867321491241455,4.290351390838623,4.132848739624023,3.86061692237854,3.740720748901367,4.010026931762695,2.831576108932495,1.0244799852371216,0.822364091873169,2.2298409938812256,4.1398444175720215,4.769758224487305,6.040484428405762
13.36384391784668,15.358712196350098,19.292278289794922,21.0049991607666,17.1684627532959,10.92738151550293,8.219483375549316,10.117179870605469,12.494736671447754,12.108375549316406,8.389853477478027,-0.6192242503166199,-4.212836265563965,-2.675490140914917,-3.5944550037384033,-4.422468185424805,-4.700699806213379,-3.9338955879211426,-1.302042007446289,2.7276017665863037,7.442035675048828,14.012349128723145,16.520282745361328,12.15878963470459,5.399157524108887,2.9737629890441895,4.212493896484375,4.8966803550720215,4.078795433044434,2.778656482696533,3.05915904045105,3.9559032917022705,3.9188737869262695,3.645916223526001,4.33896017074585,4.311573505401611,2.5098507404327393,1.707601547241211,4.190695285797119,3.9020984172821045,4.183828353881836,4.266356945037842,4.866274833679199
13.81299114227295,14.241313934326172,14.383721351623535,16.031538009643555,15.582365989685059,11.593587875366211,8.454007148742676,7.592199325561523,9.553482055664062,9.865296363830566,0.88304603099823,-6.600161552429199,-4.907968997955322,-2.3256256580352783,-0.9810764789581299,-1.058104395866394,-0.6140655875205994,1.1783446073532104,4.060219764709473,7.570737838745117,10.811384201049805,13.971715927124023,14.049413681030273,9.385513305664062,4.025463104248047,2.8524932861328125,3.8466386795043945,2.9424679279327393,0.9602178931236267,2.067685127258301,4.055501461029053,2.902479887008667,1.1307244300842285,1.9516490697860718,4.091888904571533,4.457028865814209,2.3329861164093018,2.3924596309661865,5.131913185119629,7.278418064117432,4.482874870300293,2.642571449279785,3.879119396209717
14.758747100830078,15.01928997039795,16.219942092895508,14.847624778747559,14.060145378112793,12.713394165039062,10.111810684204102,7.3632707595825195,6.897618770599365,6.640548229217529,-1.8602415323257446,-6.548989295959473,-3.7590856552124023,-2.2309300899505615,1.3650131225585938,4.842160701751709,6.022611618041992,7.453306198120117,10.026847839355469,11.450244903564453,13.0531644821167,13.587916374206543,9.031983375549316,3.5195584297180176,2.259737014770508,2.5710575580596924,1.455953598022461,-0.6319485306739807,-0.12245409190654755,2.931101083755493,4.006406784057617,0.3670032322406769,0.21520914137363434,3.6055359840393066,5.688549518585205,5.801635265350342,3.9308247566223145,4.459858417510986,5.7782769203186035,6.727330684661865,6.837003231048584,6.875250339508057,6.712423801422119
15.890673637390137,15.545734405517578,17.02744483947754,18.635461807250977,17.856372833251953,16.116125106811523,13.105313301086426,8.491841316223145,6.782371997833252,5.647518157958984,-1.7236294746398926,-4.761531352996826,-3.0996522903442383,-3.308011293411255,0.6306548118591309,6.080465793609619,10.899118423461914,12.652534484863281,12.711038589477539,12.319317817687988,13.042010307312012,8.439510345458984,2.950934648513794,-0.24757543206214905,0.9690878987312317,2.5447330474853516,-1.5401073694229126,-1.8278838396072388,1.4342814683914185,4.263865947723389,4.7948455810546875,1.9856816530227661,1.6939729452133179,3.8313848972320557,5.390834331512451,5.689367771148682,4.413588047027588,4.5417890548706055,5.143731117248535,5.242194652557373,6.709466934204102,7.017152786254883,7.348814010620117
17.191165924072266,17.932247161865234,16.862192153930664,16.296789169311523,14.69366455078125,12.068867683410645,10.091029167175293,7.951333999633789,6.244704246520996,2.0782418251037598,-3.4249155521392822,-4.018101692199707,-5.013275146484375,-6.1536455154418945,-1.2969284057617188,5.397618293762207,10.709898948669434,14.76841926574707,14.24856185913086,12.211906433105469,10.630913734436035,5.187471866607666,1.2339938879013062,0.006196350324898958,0.4550764262676239,0.568871021270752,-0.7803351283073425,-0.7736049294471741,2.6074116230010986,5.323467254638672,5.011500835418701,3.665109872817993,2.5510425567626953,3.387322425842285,4.497496604919434,5.039314270019531,3.239198684692383,1.7995097637176514,3.6415884494781494,4.8015217781066895,6.629013538360596,6.815872669219971,5.840321063995361
15.631880760192871,16.376876831054688,15.27928352355957,15.07025146484375,15.286516189575195,12.861699104309082,9.144255638122559,3.404804229736328,-1.5832167863845825,-4.669327259063721,-7.038205146789551,-6.139705657958984,-7.671783447265625,-9.568330764770508,-3.4202566146850586,6.750138759613037,13.03310775756836,15.68016529083252,13.966643333435059,10.592803001403809,6.574116230010986,3.9014732837677,2.3159313201904297,0.29593250155448914,-0.7771326899528503,0.43253764510154724,1.458866000175476,2.6190764904022217,3.1114096641540527,3.034768581390381,4.021788597106934,4.2492523193359375,1.9556834697723389,1.284781575202942,1.4568005800247192,1.3923648595809937,0.7943448424339294,0.7605401873588562,2.1822052001953125,4.558042049407959,7.54282808303833,8.883008003234863,5.8184380531311035
5.51485013961792,6.9122443199157715,10.537073135375977,13.720565795898438,14.493072509765625,15.634015083312988,10.170638084411621,0.708834171295166,-2.5212562084198,-5.2937188148498535,-8.168131828308105,-7.928349494934082,-7.997997760772705,-10.815732955932617,-5.83688497543335,7.354456424713135,14.733380317687988,14.309076309204102,11.849851608276367,8.564697265625,5.315250873565674,3.7489473819732666,2.4641337394714355,0.12063156068325043,-0.8246484994888306,1.0184687376022339,1.0321025848388672,3.1913201808929443,4.324670314788818,3.4099552631378174,3.3191075325012207,1.428215503692627,0.21458129584789276,0.6299694180488586,0.6919121146202087,-0.12977716326713562,-0.16178230941295624,0.9996321797370911,2.0242602825164795,2.6667046546936035,7.977550983428955,9.934039115905762,1.7585194110870361
-0.4085746109485626,1.7399882078170776,5.161971569061279,7.866003036499023,10.607525825500488,12.07544231414795,7.737502098083496,4.424810409545898,1.83599054813385,-4.44697380065918,-7.089874744415283,-7.3460845947265625,-7.735888481140137,-9.171549797058105,-4.692924499511719,7.556591033935547,13.841015815734863,13.541426658630371,11.67463493347168,6.568938255310059,4.49077033996582,3.984867811203003,2.417271137237549,0.8971994519233704,-1.170566201210022,1.2427488565444946,1.141836404800415,2.4621639251708984,4.434449672698975,4.484129428863525,3.9300127029418945,0.18914639949798584,-1.5005412101745605,1.176796317100525,3.3545870780944824,1.5344161987304688,0.3393835425376892,0.04585883393883705,0.818806529045105,1.4917279481887817,8.538717269897461,8.32729434967041,-0.7773277759552002
-2.357809543609619,-0.23147015273571014,1.8197438716888428,3.634263038635254,8.592291831970215,10.39857006072998,6.2903971672058105,4.998213768005371,4.5155816078186035,-0.7317867279052734,-5.632410526275635,-6.748239994049072,-5.3845977783203125,-4.23242712020874,-1.7770733833312988,5.660393238067627,11.93883228302002,13.804557800292969,12.031489372253418,4.944886207580566,2.2673094272613525,2.597748041152954,-0.46465134620666504,-1.3173900842666626,-0.3764897882938385,1.7276947498321533,3.2313876152038574,2.800278902053833,4.045465469360352,4.7695631980896,2.368162155151367,0.7480806112289429,0.615289568901062,2.0630548000335693,3.8344738483428955,2.896929979324341,0.7398627996444702,-0.5830582976341248,-0.5592970848083496,1.0821462869644165,7.108433246612549,7.236536979675293,0.7613168954849243
-0.5281774401664734,-1.5372024774551392,-2.064666986465454,-1.165083646774292,2.172363758087158,5.08331823348999,5.7980570793151855,6.782288551330566,6.638863563537598,1.0015101432800293,-5.843754291534424,-6.534628391265869,-2.5687947273254395,0.669663667678833,1.455499529838562,4.932306289672852,11.668935775756836,14.868315696716309,11.787630081176758,4.595150947570801,1.7383357286453247,0.4419079124927521,-2.775146245956421,-1.6511555910110474,1.0737216472625732,1.040745496749878,2.4145641326904297,2.7639849185943604,3.7395758628845215,2.6794235706329346,1.4324636459350586,3.8557608127593994,2.3315722942352295,1.0328526496887207,1.7521417140960693,4.556686878204346,4.90880823135376,2.449065923690796,2.6705827713012695,3.835477828979492,5.856242656707764,5.361281394958496,2.642336845397949
4.539924144744873,-0.8496041893959045,-2.933427333831787,-2.726675510406494,-0.20742172002792358,3.027468204498291,4.9668169021606445,4.646402359008789,0.5079225897789001,-5.4008073806762695,-7.434543132781982,-3.8653528690338135,0.9026934504508972,2.4671952724456787,1.7304264307022095,5.6923747062683105,12.91771125793457,14.714147567749023,9.268292427062988,4.138898849487305,2.755247116088867,1.1991550922393799,-1.9710177183151245,-1.852577567100525,-1.680066466331482,-0.22162993252277374,3.0136098861694336,3.3978567123413086,3.0081000328063965,2.2803597450256348,3.0869932174682617,4.801342010498047,4.116858959197998,0.6360157132148743,0.5935123562812805,4.9014573097229,10.222708702087402,9.444764137268066,7.8846588134765625,4.88230562210083,0.356009840965271,0.5185374021530151,4.926156520843506
5.544399738311768,1.1450726985931396,-1.454902172088623,-2.937479257583618,-2.0348281860351562,-0.8983351588249207,0.6672428846359253,-0.40165507793426514,-4.023808002471924,-5.85355806350708,-4.12374210357666,-0.6316037774085999,0.9600751399993896,1.6264382600784302,3.2270195484161377,8.158655166625977,13.269515037536621,12.12962818145752,6.25646448135376,3.8350231647491455,2.9476163387298584,1.9570881128311157,0.5816482901573181,-0.42973965406417847,-2.27278208732605,0.12372762709856033,4.088451385498047,3.1244747638702393,3.221252918243408,4.990615367889404,5.394111156463623,5.599425315856934,4.433298587799072,0.8028789758682251,0.5749993920326233,5.408250331878662,11.556400299072266,11.635174751281738,7.8408379554748535,2.650423049926758,-0.928237795829773,1.0402098894119263,5.726396560668945
4.573037624359131,3.2166566848754883,0.6169052720069885,-2.71927547454834,-2.621346950531006,-2.5849130153656006,-3.121250629425049,-7.370915412902832,-10.13560962677002,-7.13837194442749,-1.6383675336837769,1.4648114442825317,0.31640392541885376,1.4998010396957397,5.979117393493652,10.416871070861816,11.280397415161133,8.176726341247559,4.288034915924072,2.6300582885742188,2.4331228733062744,0.6137466430664062,-0.5067629814147949,1.0461454391479492,0.033138345927000046,1.8625335693359375,3.956709623336792,3.8404808044433594,4.763256549835205,4.7924885749816895,3.897282600402832,2.187408924102783,1.4750385284423828,-0.03970160335302353,3.1844468116760254,10.362302780151367,13.104635238647461,10.129415512084961,4.427025318145752,2.8818376064300537,2.444108486175537,2.1031877994537354,6.039987087249756
10.310431480407715,5.65301513671875,0.9051543474197388,-3.2497692108154297,-2.9622905254364014,-3.223329544067383,-2.259808301925659,-5.433545112609863,-8.31375789642334,-5.4256415367126465,-1.5308396816253662,1.3226238489151,0.7038235068321228,3.1045048236846924,8.12026596069336,8.790792465209961,5.964362621307373,2.634126901626587,0.8937329053878784,0.16609519720077515,0.5926560163497925,-1.05650794506073,-1.645560622215271,1.2869503498077393,2.3940675258636475,2.8595292568206787,3.9511094093322754,5.8520283699035645,5.280364513397217,3.216418743133545,1.30380380153656,-0.08298071473836899,0.39103963971138,2.145315170288086,6.043659687042236,11.17021656036377,12.383660316467285,8.255247116088867,3.3164889812469482,2.396761655807495,-1.3006975650787354,-1.673855185508728,5.433192729949951
11.973933219909668,6.470406532287598,-0.9645561575889587,-6.908102989196777,-4.754752159118652,-2.504901885986328,-1.565786600112915,-6.091705799102783,-10.45098876953125,-5.586977958679199,0.10615293681621552,2.2812154293060303,1.3936614990234375,1.5381584167480469,1.3440114259719849,-0.00992637500166893,1.0818384885787964,1.3934096097946167,-0.5794798135757446,-1.2527369260787964,-0.8734049797058105,-1.1264212131500244,0.11638793349266052,2.3005824089050293,3.0062286853790283,3.118961811065674,4.252992630004883,5.5871381759643555,3.789760112762451,-0.4329994022846222,-2.579434394836426,-0.602625846862793,2.7696895599365234,5.258357048034668,6.751284122467041,10.758283615112305,9.9475736618042,1.5106217861175537,-2.6221466064453125,-4.879853248596191,-8.192853927612305,-3.1185357570648193,4.019392490386963
10.061485290527344,3.878671646118164,-4.290145397186279,-8.186663627624512,-6.283540725708008,-5.159203052520752,-4.914304733276367,-4.790015697479248,-7.483674049377441,-7.409739017486572,-3.1794588565826416,0.4396345317363739,1.526055097579956,0.03190094232559204,-0.6098527908325195,-1.9709389209747314,-0.6450927257537842,1.0903384685516357,-0.8887813687324524,-1.7321193218231201,-2.1120996475219727,-1.298933744430542,2.8777105808258057,3.4205665588378906,2.388615131378174,2.242980480194092,4.204928874969482,4.348082542419434,2.401047945022583,-0.293855220079422,-1.3677068948745728,3.4448585510253906,5.9377055168151855,7.29201602935791,7.491899490356445,6.371115684509277,0.11836815625429153,-5.718437671661377,-4.496498107910156,-8.18563461303711,-11.677949905395508,-6.792203426361084,-1.8002557754516602
