data/wind_data/wind_20_6.json
{"header": {"parameterUnit": "KT", "parameterCategory": 2, "nx": 256, "ny": 198, "lo1": 44.73521041870117, "la1": -3.236724853515625, "lo2": 111.26478576660156, "la2": 43.468475341796875, "dx": 0.2609002888202667, "dy": -0.23708222806453705, "refTime": "2025-02-19 20:00:00", "forecastTime": 0, "parameterNumber": 2, "parameterNumberName": "eastward_wind"}, "data":
[rows 160 to 179 of 198, columns 90 to 134 of 256]
0.5209749341011047,-3.369985580444336,-1.0435255765914917,-0.9995747208595276,-6.2771830558776855,-10.116817474365234,-11.515397071838379,-14.987639427185059,-17.870929718017578,-15.406063079833984,-11.964653968811035,-7.081184387207031,-5.738187789916992,-3.9602861404418945,-0.5169273018836975,2.738628625869751,6.020513534545898,9.688312530517578,12.670337677001953,18.809350967407227,25.27622413635254,26.635610580444336,25.143701553344727,24.39259910583496,26.32012176513672,28.29193687438965,29.225019454956055,30.78534698486328,30.569307327270508,27.96637535095215,26.68996238708496,28.706653594970703,31.565677642822266,34.22867202758789,35.23539352416992,33.902584075927734,32.796146392822266,33.64223861694336,34.64801788330078,35.75493621826172,36.854251861572266,39.641414642333984,43.206600189208984,44.62319564819336,45.083248138427734
-0.6541727781295776,-4.465154647827148,-2.18404221534729,-1.2497732639312744,-6.055691242218018,-11.338793754577637,-13.096915245056152,-15.260149002075195,-15.54288387298584,-13.598248481750488,-10.134732246398926,-1.861051321029663,-0.3394399583339691,-1.9762694835662842,-0.3485924303531647,0.7059639692306519,4.748668193817139,11.686019897460938,15.585693359375,20.294710159301758,22.641448974609375,20.57965660095215,19.95574378967285,22.73558807373047,26.635114669799805,29.359018325805664,31.113927841186523,33.718021392822266,36.11503601074219,34.6905632019043,30.228477478027344,26.976871490478516,27.107810974121094,28.132457733154297,27.92721939086914,27.35388946533203,29.64680290222168,33.4163818359375,36.52847671508789,38.855201721191406,40.485164642333984,43.15650177001953,45.6350212097168,46.64634704589844,46.6435661315918
-2.5254180431365967,-3.404787302017212,-3.6872029304504395,-1.9070547819137573,-5.258357524871826,-10.847599029541016,-12.96614933013916,-14.195669174194336,-13.004372596740723,-10.420967102050781,-7.198501110076904,-1.418608546257019,1.2646136283874512,-0.11700183153152466,0.5010792016983032,0.6090027093887329,5.306859970092773,13.823604583740234,20.74915313720703,23.187910079956055,23.3520450592041,20.78045082092285,18.594003677368164,20.895700454711914,24.082910537719727,27.08842658996582,30.540374755859375,32.955162048339844,35.43202209472656,36.13104248046875,33.0253791809082,28.602529525756836,26.22743034362793,25.63633918762207,24.065004348754883,24.365663528442383,28.632827758789062,33.47551727294922,38.11495590209961,41.777347564697266,43.783878326416016,45.603355407714844,46.12035369873047,45.546573638916016,45.04059600830078
-4.696012496948242,-2.729475498199463,-4.850887775421143,-3.1924469470977783,-4.527606010437012,-9.487940788269043,-11.198867797851562,-11.565413475036621,-10.130319595336914,-7.478427410125732,-4.368496417999268,-0.5911226868629456,-0.568127453327179,-0.6960740089416504,3.1600911617279053,4.543123245239258,8.347210884094238,14.283507347106934,22.737051010131836,24.896806716918945,23.866601943969727,23.41844940185547,22.762184143066406,22.52646827697754,21.996389389038086,24.329185485839844,28.501237869262695,30.894319534301758,32.63444137573242,32.52429962158203,32.562721252441406,31.68718719482422,28.870567321777344,24.781795501708984,24.496753692626953,26.44610595703125,26.71637725830078,30.985942840576172,39.83687210083008,43.08452224731445,43.30950927734375,43.24626159667969,42.72341537475586,42.599910736083984,42.952606201171875
-5.2910685539245605,-3.325274705886841,-4.375787734985352,-4.27933931350708,-4.037482261657715,-7.712807655334473,-9.040777206420898,-8.361063957214355,-6.183714866638184,-3.3756656646728516,-1.6246294975280762,0.49225911498069763,0.17819179594516754,-0.9865989089012146,3.610144853591919,8.575959205627441,13.29584789276123,15.520308494567871,20.993152618408203,22.818811416625977,21.429475784301758,21.516822814941406,23.22119903564453,23.55786895751953,23.293458938598633,24.748411178588867,27.573537826538086,30.019268035888672,29.790725708007812,27.31251335144043,28.320343017578125,29.2476749420166,24.418048858642578,20.639514923095703,22.562721252441406,27.09583854675293,32.60418701171875,38.25016784667969,41.069000244140625,40.45895004272461,39.79356384277344,39.40183639526367,39.40359878540039,39.81856918334961,39.873016357421875
-4.667749404907227,-3.458425283432007,-3.251904249191284,-4.219188213348389,-3.5696749687194824,-5.302022457122803,-6.285051345825195,-5.180960655212402,-2.59390926361084,0.27995797991752625,2.419046401977539,3.083317995071411,3.355619430541992,1.9054008722305298,3.718809127807617,9.823084831237793,16.42632293701172,18.797243118286133,20.03850746154785,21.007978439331055,21.871076583862305,22.13777732849121,23.05989646911621,24.172555923461914,26.03829574584961,27.668529510498047,27.95018768310547,26.55130386352539,21.750850677490234,20.114730834960938,21.32769203186035,21.3210506439209,22.534770965576172,25.235002517700195,29.575746536254883,32.881961822509766,36.01053237915039,38.74799728393555,39.322994232177734,38.875816345214844,38.591064453125,38.48011016845703,38.23318099975586,38.086151123046875,38.24639892578125
-3.6311068534851074,-2.5872697830200195,-2.4151906967163086,-3.1002800464630127,-2.585578441619873,-2.612821102142334,-2.2684237957000732,-1.4536339044570923,0.6479337811470032,1.9391528367996216,5.654279708862305,6.675618648529053,7.818897247314453,7.028659343719482,6.307596206665039,9.672795295715332,16.641643524169922,21.32548713684082,21.498306274414062,22.98250961303711,26.291486740112305,28.060422897338867,27.168367385864258,25.628406524658203,25.715618133544922,26.595172882080078,25.47061538696289,21.491771697998047,19.484214782714844,19.922513961791992,19.72503089904785,18.704904556274414,23.94507598876953,29.620948791503906,33.32390213012695,34.638916015625,35.68912124633789,37.082725524902344,38.34532928466797,39.05756378173828,39.090972900390625,38.611000061035156,38.03477478027344,37.86771011352539,38.44053649902344
-2.0888068675994873,-1.052375078201294,-1.2608063220977783,-1.1918286085128784,-0.5522838234901428,-0.20037177205085754,1.6120340824127197,2.964810371398926,4.266955375671387,4.120673656463623,6.754638671875,8.698697090148926,11.02456283569336,11.68743896484375,9.484334945678711,9.690167427062988,15.678681373596191,22.174053192138672,24.68016242980957,27.637300491333008,31.16121482849121,32.84921646118164,31.332937240600586,27.671977996826172,24.93781852722168,23.556737899780273,21.053281784057617,21.579509735107422,22.53854751586914,22.50480079650879,23.236284255981445,22.846908569335938,25.82840919494629,30.42298698425293,33.0523681640625,34.225318908691406,35.451637268066406,37.03239059448242,38.5438232421875,39.17156219482422,38.843746185302734,38.18531799316406,37.78632736206055,37.970218658447266,38.91742706298828
0.962436318397522,1.2515820264816284,0.894196629524231,1.3559600114822388,1.984010100364685,2.065310478210449,4.1927876472473145,6.701417446136475,7.640524864196777,7.8161091804504395,8.03858470916748,9.578643798828125,11.855413436889648,14.118146896362305,12.43953800201416,10.30571174621582,14.483051300048828,21.730175018310547,27.637950897216797,31.737382888793945,33.17586898803711,32.70713806152344,31.118900299072266,28.263853073120117,24.693927764892578,21.131275177001953,19.103931427001953,22.058574676513672,23.848276138305664,25.251981735229492,26.636016845703125,27.09102439880371,28.90220069885254,32.7467155456543,34.318206787109375,35.09185028076172,36.24964141845703,37.6695442199707,38.63115692138672,38.55825424194336,37.85368347167969,37.38701629638672,37.67668533325195,38.72650146484375,40.159523010253906
3.1205427646636963,4.566395282745361,4.214264869689941,4.1665568351745605,4.255247116088867,4.245126724243164,5.851807594299316,8.608604431152344,10.198060035705566,10.879968643188477,10.59324836730957,11.559883117675781,12.93007755279541,15.99679946899414,15.623318672180176,13.45016860961914,15.551859855651855,21.101104736328125,27.585058212280273,31.636762619018555,32.310638427734375,31.466440200805664,29.619277954101562,26.603961944580078,23.961692810058594,21.987667083740234,20.96076202392578,22.444650650024414,24.642793655395508,27.679521560668945,28.855228424072266,29.309202194213867,32.17589569091797,35.20754623413086,35.82672119140625,36.151912689208984,36.85244369506836,37.3848876953125,37.390228271484375,37.00031661987305,36.775634765625,37.29561233520508,38.7098274230957,40.565528869628906,42.3675422668457
10.391714096069336,6.610491752624512,7.8861212730407715,6.5913777351379395,5.782999038696289,6.030130386352539,7.117457866668701,9.248022079467773,11.876866340637207,12.37032413482666,12.308393478393555,12.77473258972168,13.571884155273438,16.88148307800293,18.14821434020996,16.17794418334961,17.20313262939453,21.784961700439453,27.13621711730957,30.626007080078125,31.659446716308594,30.290395736694336,26.937236785888672,23.586833953857422,22.42931365966797,21.9543514251709,21.579139709472656,23.897886276245117,26.944669723510742,29.856319427490234,30.88351058959961,31.517057418823242,34.366451263427734,35.73986053466797,35.74583435058594,35.93245315551758,36.225807189941406,36.23604202270508,36.16632843017578,36.29029083251953,36.903316497802734,38.3229866027832,40.4807243347168,42.97864532470703,45.33985900878906
21.582090377807617,12.370427131652832,10.218591690063477,9.371726036071777,6.730062007904053,7.48420524597168,8.56108283996582,9.834651947021484,12.624730110168457,12.8819580078125,12.745660781860352,12.100733757019043,11.95731258392334,14.297616004943848,17.03545379638672,16.167821884155273,15.430013656616211,19.230165481567383,24.70115089416504,28.813453674316406,30.043357849121094,28.171836853027344,24.372835159301758,20.584716796875,19.03152847290039,19.855796813964844,20.745105743408203,25.517642974853516,28.69814682006836,30.547761917114258,31.472410202026367,32.74055480957031,34.73080825805664,35.3126220703125,35.48369598388672,35.82667541503906,36.11907196044922,36.332157135009766,36.686737060546875,37.420616149902344,38.78754806518555,40.99990463256836,43.82056427001953,46.64695358276367,48.96550369262695
27.58755111694336,22.15989112854004,14.78254222869873,11.870190620422363,9.061012268066406,8.450810432434082,9.91793441772461,10.975943565368652,12.963715553283691,12.971306800842285,13.007270812988281,11.90134334564209,10.559595108032227,11.23667049407959,13.726218223571777,14.096467018127441,13.802556991577148,16.888771057128906,21.466053009033203,24.61553955078125,26.144617080688477,25.234546661376953,22.814058303833008,20.200820922851562,18.478830337524414,19.883668899536133,22.035320281982422,24.68655014038086,28.86970329284668,31.130414962768555,31.365468978881836,32.85578155517578,34.6580924987793,35.426212310791016,35.897499084472656,36.451454162597656,37.09954071044922,37.99296951293945,39.22807312011719,40.78421401977539,42.73550033569336,45.11742401123047,47.64947509765625,49.99092102050781,51.871253967285156
27.94222068786621,28.7030086517334,22.98589324951172,16.226947784423828,12.785073280334473,10.76685619354248,11.389914512634277,12.216124534606934,14.00555419921875,13.745870590209961,13.871082305908203,13.417471885681152,11.521809577941895,10.852898597717285,12.61184024810791,13.385193824768066,13.973698616027832,17.15477180480957,20.649917602539062,21.225000381469727,20.85638427734375,21.52959632873535,22.626901626586914,21.66273307800293,20.40056800842285,21.99781036376953,23.66486930847168,25.35550308227539,30.21558952331543,32.75947570800781,33.61551284790039,35.28402328491211,36.43049621582031,36.80311584472656,37.19270324707031,38.01779556274414,39.36992645263672,41.18781661987305,43.09855270385742,44.952842712402344,46.80328369140625,48.677181243896484,50.464542388916016,52.09846878051758,53.380271911621094
26.4499454498291,29.437055587768555,29.4597225189209,23.4979248046875,18.210289001464844,14.844901084899902,13.530936241149902,13.751443862915039,15.853073120117188,15.821466445922852,15.68072509765625,15.924310684204102,14.405563354492188,13.209505081176758,14.088702201843262,14.074273109436035,15.050413131713867,17.81073570251465,20.902875900268555,21.358379364013672,20.673582077026367,22.091876983642578,23.701045989990234,23.754486083984375,24.91229248046875,25.00811004638672,26.469684600830078,30.036617279052734,33.006561279296875,34.94198226928711,36.99662399291992,38.69781494140625,39.36286163330078,39.72243881225586,40.38831329345703,41.544071197509766,43.16225814819336,44.9976692199707,46.80931854248047,48.424522399902344,49.86402130126953,51.03504180908203,51.989646911621094,52.911563873291016,53.82650375366211
25.12232208251953,27.720170974731445,30.863000869750977,29.897916793823242,25.23769187927246,20.260944366455078,17.104488372802734,16.13260841369629,18.331769943237305,18.994125366210938,18.764177322387695,18.907203674316406,18.102224349975586,16.937124252319336,16.735591888427734,16.479694366455078,18.045461654663086,20.65190887451172,21.81435203552246,21.790119171142578,22.652198791503906,23.95977210998535,24.600914001464844,26.684803009033203,28.672346115112305,28.98118782043457,31.055543899536133,34.56974792480469,36.32611846923828,37.622833251953125,39.17084503173828,40.245662689208984,41.0612678527832,42.10306930541992,43.41827392578125,44.84543991088867,46.347023010253906,47.91918182373047,49.474395751953125,50.784358978271484,51.555389404296875,51.95100021362305,52.49799346923828,53.37211608886719,54.4153938293457
24.364538192749023,26.523794174194336,29.441328048706055,32.367591857910156,31.187511444091797,26.463159561157227,22.297897338867188,19.614503860473633,21.16480255126953,22.150270462036133,22.642995834350586,22.242355346679688,21.6119441986084,21.284284591674805,20.87356948852539,20.70705795288086,21.71912384033203,22.89826011657715,22.746232986450195,23.908557891845703,25.52036476135254,25.538103103637695,26.8297061920166,30.235740661621094,32.576171875,33.80931091308594,35.96021270751953,38.209800720214844,39.21247100830078,40.044090270996094,40.7989501953125,41.33958435058594,42.040260314941406,43.1958122253418,44.76838684082031,46.44309616088867,47.95454406738281,49.250179290771484,50.23659896850586,50.80593490600586,51.18524169921875,51.89799499511719,53.11123275756836,54.496978759765625,55.76560592651367
23.898283004760742,25.899524688720703,28.129858016967773,32.00142288208008,34.20292663574219,31.631128311157227,27.765995025634766,24.108787536621094,24.43462562561035,24.91708755493164,25.467723846435547,26.213132858276367,25.20622444152832,24.57602310180664,24.59050178527832,25.032581329345703,26.458049774169922,26.646804809570312,26.433780670166016,27.285053253173828,28.0361385345459,27.85694694519043,30.56886863708496,34.28667068481445,35.92647171020508,37.394535064697266,39.76070022583008,40.99068069458008,41.322174072265625,41.66232681274414,42.17327880859375,42.76601791381836,43.492130279541016,44.54743576049805,45.997135162353516,47.48323059082031,48.616661071777344,49.34014892578125,49.7563591003418,50.203182220458984,51.113494873046875,52.583438873291016,54.32046127319336,55.8592414855957,56.86801528930664
23.563844680786133,25.426931381225586,27.548851013183594,30.872671127319336,34.578529357910156,34.934608459472656,32.39979934692383,28.68179702758789,28.07976722717285,28.691755294799805,27.701114654541016,29.09763526916504,29.1477108001709,27.914278030395508,27.422639846801758,28.34430694580078,30.875211715698242,31.89360237121582,31.865543365478516,32.234073638916016,32.31291198730469,32.434165954589844,34.89714813232422,37.51335906982422,38.530731201171875,40.148372650146484,42.255584716796875,43.46648406982422,43.6625862121582,43.54059600830078,43.778465270996094,44.49374008178711,45.506038665771484,46.716331481933594,47.93622589111328,48.8809700012207,49.453128814697266,49.91917419433594,50.59404754638672,51.599178314208984,52.897239685058594,54.240394592285156,55.24966812133789,55.77960968017578,56.06002426147461
23.010305404663086,25.519819259643555,27.690231323242188,30.344633102416992,33.647029876708984,36.1176872253418,35.97135925292969,32.9098014831543,31.211528778076172,32.591453552246094,31.890790939331055,31.726604461669922,32.5262565612793,32.048187255859375,30.80304718017578,30.990942001342773,33.39430236816406,35.57620620727539,36.566017150878906,37.702354431152344,38.374305725097656,38.89216613769531,40.209468841552734,41.447540283203125,42.04463195800781,42.94080352783203,44.266868591308594,45.55043029785156,46.09010314941406,46.13735580444336,46.305023193359375,46.78795623779297,47.62015914916992,48.816383361816406,50.124534606933594,51.25632858276367,52.084373474121094,52.849815368652344,53.8089485168457,54.89671325683594,55.803466796875,56.19672393798828,56.18217086791992,56.360897064208984,57.12382888793945
