data/wind_data/wind_7_6.json
{"header": {"parameterUnit": "KT", "parameterCategory": 2, "nx": 256, "ny": 198, "lo1": 44.73521041870117, "la1": -3.236724853515625, "lo2": 111.26478576660156, "la2": 43.468475341796875, "dx": 0.2609002888202667, "dy": -0.23708222806453705, "refTime": "2025-02-19 07:00:00", "forecastTime": 0, "parameterNumber": 2, "parameterNumberName": "eastward_wind"}, "data":
[rows 40 to 59 of 198, columns 44 to 87 of 256]
-9.372345924377441,-9.018776893615723,-8.938176155090332,-8.781947135925293,-8.180700302124023,-7.407619476318359,-6.885916709899902,-6.69733190536499,-6.853488922119141,-7.271591663360596,-7.663811683654785,-7.812901020050049,-7.616888999938965,-7.227260589599609,-7.019688129425049,-7.052582740783691,-6.880072116851807,-6.560080051422119,-6.535545825958252,-6.754044532775879,-6.798385143280029,-6.789689064025879,-6.981444358825684,-7.187638759613037,-6.894521713256836,-6.23123025894165,-5.918654918670654,-5.943545341491699,-5.609323024749756,-4.8479905128479,-4.351668834686279,-4.494626998901367,-4.956573486328125,-5.103024005889893,-4.89615535736084,-4.975116729736328,-5.2277092933654785,-5.489682674407959,-5.585233211517334,-6.005048751831055,-6.821199893951416,-7.297572612762451,-7.738091945648193,-8.081025123596191
-8.990396499633789,-8.771000862121582,-8.428385734558105,-7.828769683837891,-7.092299938201904,-6.61307954788208,-6.464460372924805,-6.431609630584717,-6.474130630493164,-6.488853931427002,-6.168722152709961,-5.616903305053711,-5.154037952423096,-5.128462791442871,-5.61115026473999,-6.216045379638672,-6.200554370880127,-5.855562210083008,-5.897913932800293,-6.062255859375,-5.856985569000244,-5.411230087280273,-5.388549327850342,-6.085062503814697,-6.73482608795166,-6.7435102462768555,-6.338958263397217,-5.96115779876709,-5.422327041625977,-4.710135459899902,-4.5284223556518555,-4.780016899108887,-5.335905075073242,-5.616551876068115,-4.718026161193848,-3.8877737522125244,-3.7846808433532715,-4.224737167358398,-5.173456192016602,-6.517828941345215,-7.320618629455566,-7.5380167961120605,-7.758979320526123,-8.047955513000488
-8.579095840454102,-8.640946388244629,-8.280433654785156,-7.3942179679870605,-6.463537693023682,-6.030455589294434,-6.001376628875732,-5.941621780395508,-5.593371391296387,-4.835751056671143,-3.9497017860412598,-3.669612169265747,-4.219456672668457,-4.787308216094971,-5.2689032554626465,-5.522209644317627,-5.272368431091309,-4.957090854644775,-4.92181396484375,-4.865255355834961,-4.587875843048096,-4.433746814727783,-4.769920349121094,-5.885435581207275,-6.8151350021362305,-6.963685512542725,-6.430941104888916,-5.75469970703125,-5.479788303375244,-5.398074150085449,-5.430908203125,-5.719074249267578,-6.028217315673828,-6.079873561859131,-5.323821544647217,-4.427756309509277,-4.12952184677124,-4.396236419677734,-5.194667339324951,-6.100120544433594,-6.937101364135742,-7.295936584472656,-7.335785388946533,-7.3434343338012695
-7.658446311950684,-7.748564720153809,-7.571248531341553,-6.973264217376709,-6.274570465087891,-5.8447957038879395,-5.472343921661377,-4.863037586212158,-4.148165702819824,-4.012063026428223,-4.675891399383545,-5.331319808959961,-5.757649898529053,-6.277520656585693,-6.408541202545166,-6.0938944816589355,-5.572939872741699,-4.981570720672607,-4.508482933044434,-4.329078197479248,-4.534427642822266,-5.152167320251465,-5.912750720977783,-6.7802581787109375,-7.413565158843994,-7.1336212158203125,-6.316136837005615,-5.772951602935791,-5.881367206573486,-6.0375657081604,-5.975727558135986,-5.805547714233398,-5.3864593505859375,-4.921962738037109,-4.632564544677734,-4.511724948883057,-4.294267654418945,-4.1318440437316895,-4.739378452301025,-5.187306880950928,-5.479343414306641,-6.281689167022705,-6.676162242889404,-6.189337730407715
-6.935676097869873,-6.397348880767822,-5.988894939422607,-5.860162258148193,-5.9790358543396,-6.1486639976501465,-6.233139514923096,-6.6295599937438965,-7.142033576965332,-7.1274824142456055,-6.924578666687012,-7.059786796569824,-7.186091423034668,-6.95166015625,-6.664585113525391,-6.499163627624512,-6.41921854019165,-6.114689826965332,-5.75044584274292,-5.952455043792725,-6.726800441741943,-7.543201446533203,-7.888456344604492,-7.848631381988525,-7.6329779624938965,-6.98044490814209,-6.390283107757568,-6.454041957855225,-6.812027931213379,-6.728322505950928,-6.303987503051758,-5.675942420959473,-4.709589958190918,-3.75732159614563,-3.3667051792144775,-3.5855705738067627,-3.7116708755493164,-3.7796852588653564,-4.194325923919678,-4.628785610198975,-5.157973766326904,-6.057836055755615,-6.19538688659668,-5.591633319854736
-6.901803493499756,-6.3011040687561035,-5.648687362670898,-5.570603370666504,-5.926008701324463,-6.340750217437744,-6.869426727294922,-7.316272258758545,-7.3004937171936035,-7.386751651763916,-7.8097662925720215,-8.025389671325684,-7.668182373046875,-6.8369855880737305,-6.069142818450928,-5.685507774353027,-5.586350917816162,-5.637303352355957,-5.879401683807373,-6.483737945556641,-7.446323871612549,-8.260553359985352,-8.347823143005371,-7.911952018737793,-7.36104154586792,-6.785334587097168,-6.468050479888916,-6.667379856109619,-7.042465686798096,-6.995137691497803,-6.535248279571533,-5.671595573425293,-4.359509468078613,-3.195472478866577,-2.8782026767730713,-3.158083915710449,-3.355302095413208,-3.3166141510009766,-3.412127733230591,-4.040561676025391,-4.726210594177246,-5.565387725830078,-5.8269524574279785,-5.2849440574646
-5.667881488800049,-5.889857769012451,-5.9238715171813965,-6.036924839019775,-6.331793785095215,-6.559668064117432,-6.578306674957275,-6.474809646606445,-6.736555576324463,-7.331562519073486,-7.532625675201416,-7.385203838348389,-6.964169025421143,-6.149421215057373,-5.380925178527832,-4.9471893310546875,-4.776362419128418,-4.923760414123535,-5.384903430938721,-6.091338634490967,-6.998876094818115,-7.755125045776367,-7.9841814041137695,-7.5814056396484375,-6.847972869873047,-6.238324165344238,-6.012444972991943,-6.026069164276123,-6.171004772186279,-6.229612350463867,-5.721619129180908,-4.649440288543701,-3.6096949577331543,-3.0793378353118896,-2.995954990386963,-3.136539936065674,-3.2180731296539307,-2.9168002605438232,-2.7062301635742188,-3.2800636291503906,-3.906963586807251,-4.495067596435547,-5.0813727378845215,-5.146791934967041
-4.460716724395752,-4.770025253295898,-5.00101900100708,-5.221072673797607,-5.632753372192383,-6.012740612030029,-6.089122772216797,-6.03289794921875,-6.375916004180908,-6.897729873657227,-7.048908233642578,-6.892447471618652,-6.622004985809326,-6.1717400550842285,-5.570133686065674,-4.980551719665527,-4.643404006958008,-4.652347087860107,-4.895633697509766,-5.368603706359863,-6.0295090675354,-6.637969493865967,-7.034913539886475,-7.018050670623779,-6.3902997970581055,-5.610140323638916,-5.250985622406006,-5.276397705078125,-5.319770336151123,-5.407559394836426,-5.4343485832214355,-5.190392971038818,-4.585178375244141,-3.7602224349975586,-3.2325360774993896,-3.0172953605651855,-2.6470401287078857,-2.042415142059326,-1.4315974712371826,-1.53291654586792,-2.2086973190307617,-2.3730268478393555,-3.462127447128296,-4.8760247230529785
-3.008354663848877,-3.581212043762207,-4.076736927032471,-4.119457244873047,-4.053900718688965,-4.350236892700195,-5.054213047027588,-5.683018684387207,-5.914861679077148,-5.959784984588623,-5.8462347984313965,-5.53341817855835,-5.335945129394531,-5.461470127105713,-5.603724002838135,-5.41555643081665,-5.034697532653809,-4.971066951751709,-5.064483165740967,-4.992873668670654,-5.102027893066406,-5.670541763305664,-6.398498058319092,-6.752758979797363,-6.380660533905029,-5.545457363128662,-4.786049842834473,-4.682997226715088,-5.183280944824219,-5.8163604736328125,-6.262467861175537,-6.294217109680176,-5.8389363288879395,-4.985156536102295,-4.147453308105469,-3.5058064460754395,-2.7148172855377197,-1.8215084075927734,-0.9648434519767761,-0.18977180123329163,0.08138660341501236,0.11570502817630768,-1.2543375492095947,-3.2536492347717285
-1.839211106300354,-2.387887954711914,-2.902627468109131,-3.0693295001983643,-2.857363700866699,-2.828885316848755,-3.287522315979004,-3.9739224910736084,-4.421014785766602,-4.722958087921143,-4.772921562194824,-4.473846912384033,-4.25645637512207,-4.547825813293457,-4.957705020904541,-4.966577053070068,-4.734911918640137,-4.849850177764893,-5.143930435180664,-5.167172431945801,-5.398902416229248,-6.378228664398193,-7.509984970092773,-7.816476345062256,-7.311174392700195,-6.503679275512695,-5.602738857269287,-5.095908164978027,-5.194327354431152,-5.399408340454102,-5.392653465270996,-5.247435092926025,-5.365371227264404,-5.624756813049316,-5.344372272491455,-4.649141788482666,-3.9002866744995117,-3.051722764968872,-2.1007533073425293,-0.9221839904785156,0.3463820517063141,0.5181940197944641,-0.21841245889663696,-1.0906342267990112
-1.2199230194091797,-1.5095590353012085,-1.7988115549087524,-2.00119948387146,-1.9687429666519165,-1.9687515497207642,-2.2501707077026367,-2.810481548309326,-3.228895664215088,-3.5334560871124268,-3.9152727127075195,-4.058218955993652,-3.969663381576538,-4.18762731552124,-4.525733470916748,-4.595017910003662,-4.649796962738037,-4.89259147644043,-5.223567485809326,-5.53646183013916,-6.084228515625,-7.13358211517334,-8.137069702148438,-8.472490310668945,-8.176633834838867,-7.437727928161621,-6.241077423095703,-5.044093132019043,-4.433835029602051,-4.380821704864502,-4.478748321533203,-4.640061378479004,-4.837087154388428,-5.175747871398926,-5.377462387084961,-5.130363941192627,-4.657892227172852,-3.976207733154297,-3.2145495414733887,-2.479588508605957,-1.7275117635726929,-1.5393918752670288,-1.3564934730529785,-1.0888687372207642
-0.9460477232933044,-1.0385478734970093,-1.1822205781936646,-1.3495019674301147,-1.4142465591430664,-1.5404285192489624,-1.7855738401412964,-2.2051451206207275,-2.580874443054199,-2.711482286453247,-3.093571186065674,-3.6971359252929688,-4.011129379272461,-4.064854621887207,-4.182387828826904,-4.497490882873535,-4.980247974395752,-5.407355785369873,-5.720730304718018,-6.06693172454834,-6.405799388885498,-6.726310729980469,-6.7811598777771,-6.49109411239624,-6.136116027832031,-5.793219566345215,-5.328798294067383,-4.630094051361084,-4.057204723358154,-3.9027864933013916,-4.048882961273193,-4.184969425201416,-4.167287349700928,-4.397950649261475,-4.66651725769043,-4.716583728790283,-4.564755439758301,-4.089033126831055,-3.5815553665161133,-3.3852767944335938,-3.312551975250244,-3.2347888946533203,-2.886953115463257,-2.451120376586914
-0.2711043357849121,-0.5512472987174988,-0.6257947087287903,-0.7812715172767639,-1.0675580501556396,-1.3240004777908325,-1.4969196319580078,-1.7180383205413818,-1.9695725440979004,-2.242804765701294,-2.7489712238311768,-3.3369011878967285,-3.582766056060791,-3.4948081970214844,-3.5396969318389893,-4.019906044006348,-4.762453556060791,-5.412440299987793,-5.795192241668701,-5.975660800933838,-5.955519676208496,-5.703438758850098,-5.055553436279297,-4.2089409828186035,-3.618807315826416,-3.7152793407440186,-4.288712501525879,-4.495787143707275,-4.297966957092285,-3.9331841468811035,-3.76273250579834,-3.723653554916382,-3.696747064590454,-3.938770055770874,-4.169932842254639,-4.324201583862305,-4.415877819061279,-4.2794694900512695,-3.951129198074341,-3.585690975189209,-3.3635313510894775,-3.1793010234832764,-3.02040696144104,-2.943310499191284
0.9281388521194458,0.49092021584510803,0.2938586473464966,0.06461809575557709,-0.515413761138916,-1.028184175491333,-1.2265982627868652,-1.343553900718689,-1.5401194095611572,-1.948910117149353,-2.5333621501922607,-3.0006024837493896,-3.14314603805542,-3.07269287109375,-3.1493172645568848,-3.5556585788726807,-4.0666117668151855,-4.429193019866943,-4.620741367340088,-4.72062349319458,-4.742340564727783,-4.473304271697998,-3.7756221294403076,-3.123769760131836,-2.837862730026245,-3.2403197288513184,-4.017077445983887,-4.303391933441162,-4.134819507598877,-3.750366449356079,-3.510101556777954,-3.398104667663574,-3.282154083251953,-3.232783079147339,-3.4227969646453857,-3.7699694633483887,-4.036184787750244,-4.093886852264404,-3.8581953048706055,-3.4296939373016357,-3.0322234630584717,-2.79919171333313,-2.85325288772583,-2.886538505554199
2.338787794113159,2.0248918533325195,1.6559468507766724,1.2011035680770874,0.44666075706481934,-0.260589063167572,-0.6404531002044678,-0.8629721999168396,-1.1705695390701294,-1.6495215892791748,-2.0880656242370605,-2.3426930904388428,-2.4694504737854004,-2.639796733856201,-2.974942445755005,-3.337996244430542,-3.458484411239624,-3.3068761825561523,-3.0837478637695312,-3.007915735244751,-3.124185562133789,-3.0735549926757812,-2.8281564712524414,-2.809159755706787,-2.977128028869629,-3.2958221435546875,-3.593064546585083,-3.62908935546875,-3.460414409637451,-3.0822582244873047,-2.8372538089752197,-2.847696304321289,-2.804485559463501,-2.5449750423431396,-2.4722447395324707,-2.7441883087158203,-3.1127543449401855,-3.233955144882202,-3.1520957946777344,-2.934427499771118,-2.757422685623169,-2.6429052352905273,-2.4273393154144287,-2.128983974456787
3.5497238636016846,3.506423234939575,3.144779920578003,2.3732261657714844,1.4490870237350464,0.6254708170890808,0.11863275617361069,-0.18988385796546936,-0.6402523517608643,-1.188183069229126,-1.4346007108688354,-1.4175423383712769,-1.5672487020492554,-2.0073013305664062,-2.5479495525360107,-2.884261131286621,-2.7914233207702637,-2.4004433155059814,-2.017338991165161,-1.8195953369140625,-1.849639892578125,-1.7947053909301758,-1.8407131433486938,-2.3439176082611084,-2.861896276473999,-2.98893141746521,-2.8003501892089844,-2.5245115756988525,-2.3079452514648438,-2.1091110706329346,-1.8043407201766968,-1.6262491941452026,-1.5534776449203491,-1.3825370073318481,-1.4292914867401123,-1.8456844091415405,-2.38437819480896,-2.4423604011535645,-2.179680585861206,-2.027240514755249,-2.0595595836639404,-1.8486123085021973,-1.2732164859771729,-1.2134478092193604
4.255433559417725,4.479827404022217,4.392016410827637,3.747194766998291,2.7713518142700195,1.7034846544265747,0.8705494999885559,0.40090200304985046,0.051021840423345566,-0.28829407691955566,-0.4728145897388458,-0.5136144757270813,-0.6672146320343018,-1.082626223564148,-1.6075788736343384,-1.9723942279815674,-1.9369450807571411,-1.525386929512024,-1.0987223386764526,-0.844882607460022,-0.8120265603065491,-0.8313162922859192,-0.8774311542510986,-1.2463788986206055,-1.7105588912963867,-1.889840841293335,-1.711662769317627,-1.4171971082687378,-1.1636168956756592,-1.0323374271392822,-0.7309187054634094,-0.28622689843177795,0.12824647128582,0.3244653642177582,0.10145103186368942,-0.46017351746559143,-1.2966173887252808,-1.7348531484603882,-1.6286356449127197,-1.2832356691360474,-0.931409478187561,-0.7635462880134583,-0.4053785800933838,-0.18682284653186798
4.841521263122559,5.35722541809082,5.45820951461792,5.100246429443359,4.2831549644470215,3.121546745300293,1.9204083681106567,1.1215898990631104,0.8122581243515015,0.8409780859947205,0.965326189994812,0.8964962959289551,0.6003101468086243,0.2675212323665619,0.005115050356835127,-0.2956634759902954,-0.6591489315032959,-0.6923762559890747,-0.2422366887331009,0.17538371682167053,0.249841570854187,0.1254132091999054,0.1151016429066658,0.1336367428302765,-0.00485200947150588,-0.14620189368724823,-0.17908169329166412,-0.11616138368844986,-0.02296062372624874,0.017140457406640053,0.2748596668243408,0.9278898239135742,1.5947543382644653,1.9387634992599487,1.8373886346817017,1.3139939308166504,0.511665940284729,-0.32756587862968445,-0.5739853382110596,-0.47266748547554016,-0.0964173823595047,0.390781044960022,0.7583685517311096,1.1191961765289307
5.288811206817627,5.984104633331299,6.168573379516602,5.896481990814209,5.349371433258057,4.49665641784668,3.366178274154663,2.478469133377075,1.9820494651794434,2.011277437210083,2.2536065578460693,2.244459390640259,2.0587985515594482,1.9447499513626099,1.785900354385376,1.5018757581710815,1.0275254249572754,0.67793208360672,0.7820945382118225,1.0119168758392334,1.0894495248794556,1.053293228149414,1.2106682062149048,1.3594249486923218,1.2976343631744385,1.2855874300003052,1.3436919450759888,1.344822883605957,1.3982821702957153,1.5311672687530518,1.6442631483078003,2.0139806270599365,2.476897954940796,2.6905722618103027,2.741765022277832,2.628152847290039,2.3614301681518555,1.7725719213485718,1.0979670286178589,0.8904832601547241,1.26118004322052,1.9159438610076904,2.385406494140625,2.8102405071258545
5.171369552612305,5.65878963470459,5.960699558258057,5.952722072601318,5.823153495788574,5.583874225616455,4.888522624969482,4.079785346984863,3.6127843856811523,3.637448787689209,3.888883113861084,3.801819324493408,3.512791633605957,3.6028997898101807,3.714827299118042,3.273491621017456,2.6363449096679688,2.238029718399048,2.2007627487182617,2.2397615909576416,2.120394229888916,2.0262255668640137,2.2303707599639893,2.2383909225463867,2.04005765914917,2.1164984703063965,2.407578468322754,2.5292115211486816,2.737896203994751,3.19442081451416,3.354825258255005,3.2462973594665527,3.1189043521881104,3.1600050926208496,3.305630922317505,3.341745376586914,3.3168702125549316,3.249830722808838,2.7964019775390625,2.429450750350952,2.70509934425354,3.4508440494537354,3.9200100898742676,4.161072254180908
