data/wind_data/wind_Surface_50.json
{"header": {"parameterUnit": "KT", "parameterCategory": 2, "nx": 255, "ny": 198, "lo1": 44.73521041870117, "la1": -3.236724853515625, "lo2": 111.26478576660156, "la2": 43.468475341796875, "dx": 0.26192745566368103, "dy": -0.23708222806453705, "refTime": "2025-02-21 02:00:00", "forecastTime": 0, "parameterNumber": 3, "parameterNumberName": "northward_wind"}, "data":
[rows 76 to 94 of 198, columns 172 to 214 of 255]
-2.5462260246276855,-3.2453629970550537,-4.243021011352539,-5.71848726272583,-7.304559707641602,-8.49239730834961,-9.747414588928223,-10.985160827636719,-11.906952857971191,-12.504053115844727,-12.866754531860352,-13.141944885253906,-13.138251304626465,-13.113978385925293,-13.487773895263672,-13.41869831085205,-13.06491470336914,-11.914838790893555,-6.3694539070129395,-6.301116466522217,-4.733500957489014,-4.378989219665527,-4.702763557434082,-5.536268711090088,-6.063313961029053,-6.845090866088867,-4.313628673553467,0.03599410131573677,0.5426250100135803,-1.2080104351043701,-1.3849055767059326,-1.4606515169143677,-0.07981541007757187,1.1592439413070679,3.0867576599121094,3.191730499267578,4.312117099761963,5.009700775146484,3.501386880874634,1.8675521612167358,1.525813341140747,-0.33687108755111694,-6.3145270347595215
-3.2261855602264404,-3.2828309535980225,-3.8768818378448486,-5.240800380706787,-6.787188529968262,-7.686043739318848,-8.536755561828613,-9.274868965148926,-9.738029479980469,-10.338093757629395,-10.965226173400879,-11.883759498596191,-12.529836654663086,-12.609140396118164,-12.847189903259277,-12.87778377532959,-12.453036308288574,-11.925820350646973,-5.305287837982178,-4.81453800201416,-3.5651564598083496,-3.4238240718841553,-4.290566444396973,-5.120533466339111,-5.4359307289123535,-4.638909339904785,-2.455264091491699,0.48264142870903015,0.7825924158096313,0.3653237223625183,0.2632656991481781,-0.594742476940155,-1.0808970928192139,0.46622413396835327,2.3219590187072754,3.915966033935547,5.681884288787842,4.597273826599121,2.0099055767059326,0.4699936807155609,1.0164448022842407,-0.8352457284927368,-3.8465166091918945
-4.0047383308410645,-3.726672887802124,-4.034689426422119,-5.213227272033691,-6.368232250213623,-6.99234676361084,-7.465970993041992,-7.856513500213623,-8.219268798828125,-8.95500659942627,-9.695072174072266,-10.581729888916016,-11.2596435546875,-11.697491645812988,-11.72715950012207,-11.996928215026855,-11.941655158996582,-11.838104248046875,-4.843066215515137,-3.301940441131592,-3.1917903423309326,-3.710906982421875,-5.078499794006348,-5.26092529296875,-4.770628929138184,-3.5145556926727295,-1.3368088006973267,1.119710087776184,1.6870784759521484,1.3336702585220337,0.6965199112892151,0.11726199835538864,-0.662893533706665,-1.184338092803955,0.5188220739364624,2.838223934173584,2.9338302612304688,2.2114601135253906,0.3508663773536682,-0.4342903792858124,0.4393497109413147,-0.479088693857193,-0.7839644551277161
-4.954320907592773,-4.871862888336182,-5.177513599395752,-6.009527206420898,-6.665467262268066,-7.030543804168701,-7.044205188751221,-7.290752410888672,-7.687250137329102,-8.518811225891113,-9.253474235534668,-9.800898551940918,-9.943835258483887,-9.911952018737793,-10.006382942199707,-10.466445922851562,-11.100790977478027,-11.906023025512695,-5.355007171630859,-1.1629010438919067,-3.359557628631592,-4.021313667297363,-5.482676982879639,-5.353946685791016,-4.06982946395874,-2.6789917945861816,-0.3148413300514221,1.5759401321411133,1.385878562927246,0.6651778817176819,-0.8390586376190186,0.1778823584318161,0.43270814418792725,-0.9370711445808411,-0.07015082985162735,1.4007859230041504,1.566901445388794,2.185601234436035,1.8713922500610352,0.8002041578292847,-0.7558777332305908,-0.6838589906692505,-1.2862848043441772
-6.19751501083374,-6.521825790405273,-6.883133411407471,-7.325713634490967,-7.645595550537109,-7.730451583862305,-7.628105640411377,-7.777579307556152,-8.01697063446045,-8.523855209350586,-8.942851066589355,-9.100555419921875,-8.916918754577637,-8.413994789123535,-8.543841361999512,-8.91600513458252,-9.73922061920166,-10.574316024780273,-4.237346649169922,-0.15221911668777466,-3.6042611598968506,-4.129806041717529,-5.203044891357422,-4.265569686889648,-2.3190629482269287,-1.6742161512374878,0.2201603502035141,2.456242084503174,1.5787079334259033,0.43568214774131775,-1.744719386100769,-1.0120776891708374,0.43651407957077026,0.8678701519966125,1.7167162895202637,2.843158006668091,3.4153478145599365,3.188683032989502,1.6427240371704102,-0.7870355248451233,-1.3277661800384521,0.8920872211456299,0.4923270344734192
-7.502976417541504,-8.004573822021484,-8.335099220275879,-8.30234432220459,-8.201637268066406,-8.156196594238281,-8.589590072631836,-8.697216987609863,-8.662803649902344,-8.703213691711426,-8.655170440673828,-8.683448791503906,-8.39077377319336,-7.745696544647217,-8.003811836242676,-8.193256378173828,-8.454157829284668,-9.089046478271484,-4.642812252044678,-2.601702928543091,-4.94943904876709,-4.067017555236816,-4.167270660400391,-2.6182968616485596,-1.163783311843872,-1.2632169723510742,0.10860896110534668,2.4031097888946533,1.3061174154281616,-0.5793727040290833,-2.3439760208129883,-0.08834917098283768,0.6513103246688843,2.191398859024048,4.5007829666137695,4.6822991371154785,3.612051248550415,1.0503535270690918,-1.0639179944992065,-1.567856788635254,-0.3114072382450104,1.4934918880462646,4.119032382965088
-8.657825469970703,-9.09259033203125,-9.239264488220215,-8.748390197753906,-8.128955841064453,-7.957474708557129,-8.728362083435059,-9.016167640686035,-8.770017623901367,-8.756636619567871,-8.49770736694336,-8.522953987121582,-8.120806694030762,-7.598805904388428,-7.817569255828857,-7.986117362976074,-7.561226844787598,-6.789732456207275,-3.2921736240386963,-4.646329402923584,-6.797773361206055,-4.802266597747803,-2.886125326156616,-1.314709186553955,-0.5885735750198364,-0.5908891558647156,0.12836769223213196,1.4949958324432373,0.3297111392021179,-2.0571532249450684,-3.1111183166503906,0.9485341310501099,1.8180136680603027,3.0216569900512695,3.976882219314575,3.653057813644409,2.0315306186676025,-0.9264563322067261,-1.7020539045333862,-0.32319724559783936,1.140647530555725,1.6424001455307007,4.011084079742432
-9.445964813232422,-9.892748832702637,-9.982355117797852,-9.42850399017334,-8.5418062210083,-7.964699745178223,-8.221999168395996,-8.492093086242676,-8.439109802246094,-8.688058853149414,-8.508859634399414,-8.41862678527832,-7.774393081665039,-7.654561519622803,-7.660060882568359,-7.733685493469238,-6.895366191864014,-4.1995673179626465,-1.874794363975525,-3.6552093029022217,-6.716832637786865,-5.6799397468566895,-1.5534981489181519,-0.5761309266090393,0.009934686124324799,0.40950652956962585,1.3121129274368286,1.553507924079895,0.9510505795478821,-0.9735010862350464,-2.426725387573242,1.4218374490737915,3.228999137878418,3.256770610809326,1.8349577188491821,1.9149515628814697,1.2248557806015015,-0.9036275744438171,-0.8964415788650513,-0.028304390609264374,2.6946091651916504,3.77111554145813,3.8438334465026855
-9.713232040405273,-10.34109115600586,-10.611067771911621,-10.412110328674316,-9.71328067779541,-8.817890167236328,-8.2825927734375,-8.126677513122559,-8.301244735717773,-8.804710388183594,-8.89923095703125,-8.863691329956055,-8.259323120117188,-8.09143352508545,-7.059325695037842,-6.979931831359863,-6.386871814727783,-2.6050145626068115,-1.8306199312210083,-3.5828449726104736,-6.55357551574707,-5.667441368103027,-0.598014771938324,0.0542534738779068,0.49818170070648193,0.650921106338501,2.6205661296844482,3.0000710487365723,2.5416581630706787,0.21726590394973755,-0.41018298268318176,3.3764898777008057,3.5601038932800293,2.937657356262207,0.4726291000843048,0.7943491339683533,2.5823802947998047,1.1454709768295288,-0.026536406949162483,0.6786529421806335,2.346856117248535,4.267526626586914,5.903261184692383
-9.922910690307617,-10.597184181213379,-10.929282188415527,-10.974199295043945,-10.71774673461914,-10.002035140991211,-9.302221298217773,-8.729866981506348,-8.729022026062012,-9.229243278503418,-9.810482025146484,-9.981029510498047,-9.165238380432129,-8.578822135925293,-5.462680816650391,-5.522723197937012,-5.487590312957764,-2.052720308303833,-3.082174062728882,-5.156362056732178,-6.723999977111816,-4.6472554206848145,0.21949684619903564,0.4257100224494934,0.0053367773070931435,0.17445501685142517,3.2459628582000732,4.344305992126465,3.4477665424346924,-1.0011061429977417,-0.07814187556505203,3.9112119674682617,3.301694631576538,3.6723573207855225,1.4870598316192627,1.052375316619873,3.313173294067383,3.237211227416992,2.219114065170288,2.1778619289398193,3.2145988941192627,4.1188812255859375,6.181365013122559
-10.084534645080566,-10.68966007232666,-10.939637184143066,-10.933388710021973,-11.088181495666504,-10.955684661865234,-10.389951705932617,-9.922688484191895,-9.801361083984375,-9.93776798248291,-10.65353775024414,-11.014671325683594,-10.005145072937012,-8.543277740478516,-5.3984785079956055,-3.6925554275512695,-3.299156665802002,-1.7500168085098267,-4.136592388153076,-5.620030879974365,-6.860839366912842,-4.040502071380615,0.5832182168960571,0.41922062635421753,-0.1111799031496048,-0.7755632400512695,1.293224573135376,2.459963083267212,2.3751144409179688,-2.4635353088378906,-1.2508902549743652,3.8561861515045166,3.868872880935669,4.4408464431762695,2.375575065612793,2.1263859272003174,3.0309126377105713,3.7128422260284424,3.4896938800811768,2.7235426902770996,4.167191982269287,3.8447113037109375,3.8011860847473145
-9.883495330810547,-10.441786766052246,-10.657096862792969,-10.784773826599121,-11.243185997009277,-11.361518859863281,-11.089241027832031,-11.221700668334961,-10.951822280883789,-10.785865783691406,-11.451211929321289,-11.910869598388672,-10.961692810058594,-8.350464820861816,-3.8004837036132812,-1.5507512092590332,-0.5981897115707397,-1.603471040725708,-4.64880895614624,-6.398425579071045,-6.700777053833008,-4.773410797119141,-0.38106030225753784,0.7991315126419067,1.0529403686523438,-0.5590012073516846,0.6153896450996399,0.4226847290992737,0.3110200762748718,-3.079895496368408,-2.808685064315796,2.8328328132629395,4.7592387199401855,4.904109954833984,3.174654006958008,3.268765687942505,3.530428171157837,3.447700023651123,3.7331159114837646,1.1947892904281616,3.4504964351654053,4.501689910888672,3.831164598464966
-9.614228248596191,-10.049623489379883,-10.434647560119629,-10.969590187072754,-11.593658447265625,-11.673674583435059,-11.712606430053711,-12.264471054077148,-11.604740142822266,-11.721842765808105,-12.618265151977539,-12.073528289794922,-10.576674461364746,-7.363125801086426,-1.5887006521224976,1.3081666231155396,-0.07378583401441574,-3.4298813343048096,-6.235207557678223,-8.598919868469238,-7.461453437805176,-5.771110534667969,-1.8662301301956177,0.6067032814025879,1.4469488859176636,1.027543306350708,1.8762233257293701,1.9668471813201904,1.1340492963790894,-2.557164192199707,-3.602642297744751,1.2884325981140137,4.878469944000244,6.197729110717773,6.032766819000244,4.817260265350342,4.362563610076904,3.606905698776245,2.525430679321289,-2.6132614612579346,1.452162504196167,2.3120055198669434,0.9780916571617126
-9.557568550109863,-10.096434593200684,-10.668044090270996,-11.367124557495117,-11.97072982788086,-12.287362098693848,-12.287667274475098,-12.600823402404785,-11.973681449890137,-12.756950378417969,-13.318168640136719,-11.16057300567627,-9.466700553894043,-5.143815040588379,-0.3169640004634857,2.1145288944244385,-1.7733957767486572,-5.698537349700928,-7.373809337615967,-9.285212516784668,-8.043052673339844,-5.99249267578125,-2.561777114868164,-0.26311904191970825,0.5917409062385559,0.9156505465507507,1.0783261060714722,2.3370749950408936,1.595325231552124,-1.8709697723388672,-2.8362371921539307,1.3049018383026123,4.951489448547363,8.131064414978027,7.798221111297607,5.923144817352295,4.346905708312988,2.205387592315674,-1.7164582014083862,-4.95631217956543,-1.488395094871521,-2.34274959564209,-3.4385995864868164
-9.301860809326172,-10.311762809753418,-11.029855728149414,-11.76499080657959,-12.20481014251709,-12.319204330444336,-12.565677642822266,-12.63306999206543,-12.634053230285645,-13.31644344329834,-12.5946626663208,-10.517020225524902,-7.114616394042969,-2.304039239883423,0.4806157052516937,-0.6988309621810913,-3.919612407684326,-5.982851505279541,-7.314657211303711,-7.6222100257873535,-7.068506717681885,-4.627233505249023,-2.7721190452575684,-1.3774555921554565,-0.7539824843406677,-0.3840280771255493,-0.541641116142273,-0.0967821329832077,-0.4150001108646393,-1.512029767036438,-2.516634702682495,-0.371465265750885,3.768435001373291,7.139067649841309,7.598828315734863,6.719388961791992,5.185906410217285,1.8434302806854248,-2.3905980587005615,-3.5743191242218018,-2.4202187061309814,-2.413802146911621,-2.4531428813934326
-8.39033317565918,-9.68151569366455,-10.92251205444336,-11.851274490356445,-12.23130989074707,-12.37381649017334,-12.91967487335205,-12.85366153717041,-13.538736343383789,-12.954094886779785,-11.28123664855957,-9.370915412902832,-3.596081256866455,0.538830041885376,0.7141644954681396,-3.093230724334717,-5.406356334686279,-5.494692325592041,-5.899295806884766,-6.0839691162109375,-5.293424129486084,-3.8723838329315186,-3.9861862659454346,-3.074573040008545,-1.9784373044967651,-1.5252249240875244,-2.01761794090271,-2.1835334300994873,-0.9614819288253784,-0.37536850571632385,-2.8311948776245117,-2.9118499755859375,0.2980327308177948,3.0891876220703125,4.003102779388428,7.561095237731934,6.542884826660156,2.5735647678375244,-0.583703875541687,-1.4131057262420654,-1.0979653596878052,-0.4655943214893341,-1.0150316953659058
-6.902481555938721,-8.297980308532715,-10.190316200256348,-11.472220420837402,-12.068336486816406,-12.532215118408203,-13.074463844299316,-13.152473449707031,-14.021026611328125,-13.064980506896973,-9.808809280395508,-6.787614822387695,-3.0032761096954346,0.3134506940841675,-0.8737115859985352,-2.828991413116455,-4.753277778625488,-4.754024982452393,-4.678365707397461,-5.821892738342285,-6.957777500152588,-6.549339771270752,-6.239470958709717,-5.064676284790039,-2.45159912109375,-0.8395511507987976,-2.021677255630493,-2.605269432067871,-2.005091428756714,-0.903058648109436,-2.2179861068725586,-3.640458106994629,-2.791553258895874,1.0232893228530884,2.740471363067627,7.053836822509766,6.829986095428467,2.528278350830078,0.23700031638145447,-1.3520301580429077,-0.9776244759559631,0.1110692098736763,-0.5291934013366699
-5.6330485343933105,-7.276999473571777,-9.414572715759277,-10.828730583190918,-11.61536979675293,-11.899898529052734,-12.402776718139648,-13.220842361450195,-13.813864707946777,-12.91075325012207,-7.494392395019531,-4.405399322509766,-3.6627979278564453,-1.723388671875,-1.698837399482727,-1.597810983657837,-3.678990125656128,-5.295594215393066,-5.666883945465088,-7.499375820159912,-10.766424179077148,-10.469182968139648,-8.501321792602539,-6.258846282958984,-2.1059305667877197,-0.7669855952262878,-2.351611614227295,-3.018678903579712,-2.9450595378875732,-2.011366128921509,-1.462201476097107,-3.2542724609375,-3.6790475845336914,0.11486214399337769,4.299321174621582,6.660806655883789,6.521141052246094,3.2617695331573486,1.3806777000427246,-1.5518001317977905,-1.6818324327468872,-0.11203598976135254,0.8897093534469604
-5.407790184020996,-7.063497066497803,-8.990828514099121,-9.979701042175293,-10.628667831420898,-10.910592079162598,-11.29216194152832,-12.344386100769043,-12.604966163635254,-9.691394805908203,-4.889832973480225,-4.909122467041016,-3.5877273082733154,-1.829142689704895,-1.561753273010254,-1.6428444385528564,-3.836193084716797,-6.985636234283447,-8.195167541503906,-8.174922943115234,-10.208378791809082,-9.71357536315918,-8.603023529052734,-5.4806318283081055,-0.5638145208358765,-1.4961273670196533,-2.3806874752044678,-1.6354697942733765,-0.9037052989006042,-1.0296813249588013,-1.6146775484085083,-2.516749143600464,-3.190871238708496,-0.5432889461517334,4.088832378387451,7.755114555358887,7.8690690994262695,4.972270488739014,1.849749207496643,-2.0216763019561768,-2.5733494758605957,-2.1159887313842773,-0.06627222150564194
