data/wind_data/wind_9_6.json
{"header": {"parameterUnit": "KT", "parameterCategory": 2, "nx": 256, "ny": 198, "lo1": 44.73521041870117, "la1": -3.236724853515625, "lo2": 111.26478576660156, "la2": 43.468475341796875, "dx": 0.2609002888202667, "dy": -0.23708222806453705, "refTime": "2025-02-19 09:00:00", "forecastTime": 0, "parameterNumber": 2, "parameterNumberName": "eastward_wind"}, "data":
[rows 160 to 179 of 198, columns 44 to 87 of 256]
57.01381301879883,54.02863311767578,51.23309326171875,49.17740249633789,47.78078842163086,46.77763366699219,45.841819763183594,44.71591567993164,43.50670623779297,42.701656341552734,41.90312957763672,41.108211517333984,40.20878982543945,38.81815719604492,36.998435974121094,35.06279754638672,32.81978988647461,30.59246063232422,29.170427322387695,28.611713409423828,28.368728637695312,27.633684158325195,26.005159378051758,24.2459659576416,23.385372161865234,23.887399673461914,25.185518264770508,26.011463165283203,25.57339859008789,25.007606506347656,25.34966468811035,24.046157836914062,23.091787338256836,25.205780029296875,28.0009708404541,30.021024703979492,28.699522018432617,24.289775848388672,20.65123176574707,19.280847549438477,19.251493453979492,21.290283203125,24.766008377075195,27.124805450439453
52.813316345214844,49.770164489746094,47.7027587890625,46.51731872558594,45.72220230102539,44.992210388183594,44.02956771850586,42.79179382324219,41.681419372558594,41.100772857666016,40.309566497802734,39.1525993347168,38.07952117919922,36.706398010253906,34.85361099243164,32.736534118652344,30.516599655151367,28.634719848632812,27.616308212280273,27.04415512084961,26.39127540588379,25.487621307373047,24.1442813873291,22.699186325073242,21.77877426147461,21.899585723876953,23.2217960357666,24.611623764038086,24.888671875,24.544063568115234,25.251169204711914,25.333425521850586,24.337390899658203,25.175121307373047,27.599185943603516,30.763601303100586,31.89229393005371,30.029958724975586,26.131017684936523,22.578495025634766,21.347610473632812,22.355545043945312,24.93624496459961,27.180740356445312
48.341617584228516,46.372230529785156,45.336910247802734,44.70008087158203,44.08622741699219,43.350955963134766,42.26818084716797,40.995445251464844,39.98236846923828,39.4073600769043,38.6125602722168,37.033111572265625,35.71607208251953,34.669708251953125,33.06046676635742,30.853191375732422,28.588329315185547,26.899477005004883,26.043479919433594,25.429349899291992,24.57576560974121,23.591228485107422,22.395238876342773,21.157238006591797,20.347808837890625,20.322099685668945,21.29718017578125,22.91006851196289,23.957157135009766,24.375503540039062,25.149642944335938,26.34283447265625,26.032278060913086,26.19386100769043,27.377256393432617,30.00855827331543,32.182369232177734,32.272972106933594,31.068466186523438,27.886669158935547,25.202152252197266,24.759578704833984,26.103553771972656,27.92954444885254
44.96114730834961,44.060916900634766,43.65241622924805,43.21790313720703,42.58118438720703,41.669551849365234,40.5051155090332,39.37871551513672,38.39192581176758,37.541141510009766,36.51401901245117,35.030311584472656,33.696632385253906,32.67107009887695,31.275829315185547,29.206247329711914,27.0413818359375,25.381227493286133,24.419231414794922,23.748586654663086,22.928564071655273,21.97458839416504,20.819726943969727,19.670085906982422,19.0086727142334,19.0438289642334,19.78736114501953,21.338375091552734,22.638591766357422,23.871187210083008,25.0760498046875,26.74221420288086,27.728185653686523,27.755109786987305,28.022920608520508,29.088951110839844,30.80961036682129,31.77692413330078,32.7703857421875,32.753196716308594,30.572050094604492,28.628704071044922,28.422256469726562,29.315311431884766
43.053401947021484,42.48545455932617,42.180747985839844,41.85057067871094,41.154361724853516,40.08488464355469,38.95338439941406,37.94300842285156,36.831146240234375,35.596458435058594,34.55845642089844,33.49787902832031,32.073307037353516,30.48561668395996,29.043100357055664,27.458303451538086,25.649765014648438,24.0705509185791,23.03834342956543,22.279163360595703,21.419069290161133,20.479740142822266,19.338876724243164,18.15235710144043,17.62309455871582,17.874065399169922,18.59522247314453,19.9755916595459,21.309465408325195,22.63294219970703,24.699676513671875,26.687610626220703,28.516263961791992,29.283166885375977,29.308073043823242,29.519485473632812,29.774459838867188,30.23590660095215,32.01206588745117,34.711578369140625,35.53665542602539,34.12028503417969,32.78678894042969,32.52470397949219
41.936283111572266,41.308555603027344,40.90819549560547,40.565956115722656,39.77262496948242,38.682621002197266,37.68359375,36.630943298339844,35.32545852661133,33.94022750854492,32.96835708618164,31.983232498168945,30.206151962280273,28.101369857788086,26.590818405151367,25.55327606201172,24.30962371826172,22.9987735748291,22.025463104248047,21.165491104125977,20.135915756225586,19.01487159729004,17.849252700805664,16.60706901550293,16.073740005493164,16.637357711791992,17.645465850830078,18.796340942382812,20.086666107177734,21.119953155517578,23.57477378845215,26.360536575317383,28.511337280273438,30.06383514404297,30.46654510498047,30.330459594726562,30.431615829467773,30.15789031982422,31.142101287841797,34.400238037109375,37.635711669921875,38.714622497558594,38.38129806518555,37.99034118652344
40.78730392456055,40.26737976074219,39.782161712646484,39.28816604614258,38.43712615966797,37.37087631225586,36.37588119506836,35.382232666015625,34.12778091430664,32.76127243041992,31.480274200439453,29.9560489654541,27.981874465942383,25.978527069091797,24.58828353881836,23.86587905883789,23.107807159423828,22.058034896850586,21.11042022705078,20.21115493774414,19.093042373657227,17.819408416748047,16.561986923217773,15.218605995178223,14.411918640136719,15.084833145141602,16.7087345123291,18.06245994567871,19.03845977783203,19.703481674194336,21.696317672729492,25.376850128173828,28.134719848632812,29.97170066833496,31.208404541015625,31.1569766998291,31.048505783081055,31.607057571411133,32.18388366699219,34.00558853149414,37.180686950683594,40.17845916748047,42.05551528930664,43.045387268066406
39.687862396240234,39.194976806640625,38.57090377807617,37.91520309448242,37.11178207397461,36.06010818481445,35.137229919433594,34.41117477416992,33.27826690673828,31.794784545898438,30.038095474243164,28.02937126159668,26.034486770629883,24.326316833496094,23.145883560180664,22.561195373535156,22.080904006958008,21.167926788330078,20.09510612487793,19.152894973754883,18.103130340576172,16.942625045776367,15.792024612426758,14.424836158752441,13.154304504394531,13.343574523925781,15.24813461303711,17.337970733642578,18.446693420410156,18.77760124206543,19.578542709350586,23.141952514648438,27.189451217651367,29.582496643066406,31.31927490234375,32.15129089355469,32.03401184082031,32.76115036010742,34.002418518066406,34.55080795288086,36.19997024536133,39.20835494995117,42.112266540527344,44.5523681640625
38.83551788330078,38.099571228027344,37.329490661621094,36.6204719543457,35.822288513183594,34.832584381103516,34.0830192565918,33.597652435302734,32.49447250366211,30.745380401611328,28.7939395904541,26.740365982055664,24.74760627746582,23.107362747192383,22.04572105407715,21.54913902282715,21.20647621154785,20.366437911987305,19.12596893310547,18.05759048461914,17.096792221069336,16.18718719482422,15.333635330200195,14.144021034240723,12.61998462677002,12.07127857208252,13.474231719970703,15.964385986328125,17.78528594970703,18.38213348388672,18.400712966918945,20.229894638061523,24.896419525146484,28.982004165649414,31.077791213989258,32.58697509765625,33.55707550048828,34.27751541137695,35.51647186279297,35.85086441040039,35.64826965332031,37.07110595703125,40.13156509399414,43.287960052490234
38.01695251464844,37.03549575805664,36.241973876953125,35.564208984375,34.61225891113281,33.71956253051758,33.10830307006836,32.51490020751953,31.40219497680664,29.636634826660156,27.769269943237305,25.9276065826416,24.004148483276367,22.280384063720703,21.173065185546875,20.71912956237793,20.467391967773438,19.71487808227539,18.380334854125977,17.150712966918945,16.284324645996094,15.637101173400879,14.990026473999023,13.897069931030273,12.396986961364746,11.550868034362793,12.324163436889648,14.441950798034668,16.60079574584961,17.741924285888672,17.97184181213379,18.375324249267578,21.53091812133789,26.78669548034668,30.562856674194336,32.63888168334961,34.36270523071289,35.77053451538086,36.902103424072266,37.42329406738281,36.79047775268555,36.17655563354492,37.59346008300781,40.85599136352539
36.964332580566406,35.991294860839844,35.3584098815918,34.75926208496094,33.6976432800293,32.67940139770508,32.101219177246094,31.412357330322266,30.23355484008789,28.635866165161133,27.01641082763672,25.399967193603516,23.548450469970703,21.71183967590332,20.44513702392578,19.93947410583496,19.783668518066406,19.19259262084961,17.872201919555664,16.508869171142578,15.713573455810547,15.343368530273438,14.83769702911377,13.668840408325195,12.063878059387207,11.171661376953125,11.793061256408691,13.540711402893066,15.474913597106934,16.67359733581543,17.163637161254883,17.476856231689453,18.850740432739258,23.095985412597656,28.535160064697266,32.234519958496094,34.50284957885742,36.24421691894531,37.778804779052734,38.903194427490234,38.85963439941406,38.14791488647461,37.729881286621094,39.07225799560547
35.95067596435547,35.13743209838867,34.68046188354492,34.07196044921875,33.103580474853516,32.00962829589844,31.223875045776367,30.489294052124023,29.373369216918945,27.944780349731445,26.501676559448242,25.032432556152344,23.24168586730957,21.2977294921875,19.814664840698242,19.156005859375,19.0709171295166,18.715036392211914,17.54745101928711,16.134479522705078,15.285554885864258,15.053638458251953,14.734540939331055,13.59896469116211,11.885915756225586,10.814427375793457,11.211382865905762,12.864551544189453,14.815960884094238,16.039609909057617,16.29669952392578,16.47328758239746,17.269920349121094,19.810100555419922,24.76577377319336,30.094764709472656,33.824737548828125,36.05656814575195,38.033180236816406,39.87831115722656,40.55799102783203,40.44350051879883,40.19846725463867,39.490447998046875
35.24057388305664,34.50732421875,34.04119110107422,33.4566764831543,32.631385803222656,31.69959831237793,30.767759323120117,29.838605880737305,28.742889404296875,27.439605712890625,26.107351303100586,24.772125244140625,23.118045806884766,21.107454299926758,19.41451072692871,18.52029037475586,18.360858917236328,18.25156021118164,17.381715774536133,16.016021728515625,15.015288352966309,14.694646835327148,14.52191162109375,13.617788314819336,11.957178115844727,10.767684936523438,10.886100769042969,12.115548133850098,13.928478240966797,15.454584121704102,15.93932819366455,15.760619163513184,16.14692497253418,17.718673706054688,21.088085174560547,26.0787353515625,31.161880493164062,34.987125396728516,37.80214309692383,40.02706527709961,41.482093811035156,41.823917388916016,41.70844650268555,40.94435501098633
34.71697998046875,33.938846588134766,33.35829162597656,32.92961883544922,32.394527435302734,31.536209106445312,30.477338790893555,29.397117614746094,28.2620849609375,27.012104034423828,25.767148971557617,24.614501953125,23.22746467590332,21.261554718017578,19.356651306152344,18.242708206176758,17.874374389648438,17.83688735961914,17.30361557006836,16.09617805480957,14.958747863769531,14.401848793029785,14.23285961151123,13.644050598144531,12.20654582977295,10.918473243713379,10.87791633605957,11.78527545928955,13.080473899841309,14.430440902709961,15.316819190979004,15.490593910217285,15.559965133666992,16.494674682617188,18.520734786987305,21.926631927490234,26.59531593322754,31.735721588134766,35.98036575317383,38.977691650390625,41.15513229370117,42.168922424316406,42.48734664916992,42.155677795410156
34.237091064453125,33.44634246826172,32.89891815185547,32.630653381347656,32.253883361816406,31.38475227355957,30.199369430541992,29.02617835998535,27.87516212463379,26.684267044067383,25.541776657104492,24.567773818969727,23.4954776763916,21.736543655395508,19.651561737060547,18.307723999023438,17.775846481323242,17.616117477416992,17.275379180908203,16.320634841918945,15.169633865356445,14.374165534973145,14.060243606567383,13.672298431396484,12.569887161254883,11.214818954467773,10.901924133300781,11.670112609863281,12.710578918457031,13.637823104858398,14.401161193847656,14.953252792358398,15.302098274230957,15.92440128326416,17.058076858520508,18.9615478515625,22.03890609741211,26.528060913085938,31.617023468017578,36.25832748413086,39.54115295410156,41.51918411254883,42.72374725341797,42.865638732910156
33.902652740478516,33.16710662841797,32.6763916015625,32.4838752746582,32.113399505615234,31.186925888061523,29.944786071777344,28.74871826171875,27.624252319335938,26.515254974365234,25.482994079589844,24.62411880493164,23.78316879272461,22.350723266601562,20.261104583740234,18.611177444458008,17.91353988647461,17.645919799804688,17.34626007080078,16.654052734375,15.667516708374023,14.802059173583984,14.258549690246582,13.786819458007812,12.947319030761719,11.68845272064209,10.937084197998047,11.380203247070312,12.416034698486328,13.338687896728516,13.910401344299316,14.359087944030762,14.87863540649414,15.627726554870605,16.545679092407227,17.539655685424805,18.934986114501953,21.62162208557129,25.923784255981445,31.22064208984375,35.843955993652344,39.24393081665039,41.39125061035156,42.382022857666016
33.826942443847656,33.09601593017578,32.59889602661133,32.379676818847656,31.908918380737305,30.93198013305664,29.762367248535156,28.64664077758789,27.574214935302734,26.52591323852539,25.545331954956055,24.71466636657715,23.993711471557617,22.92868423461914,21.08514404296875,19.16011619567871,18.135848999023438,17.776689529418945,17.509592056274414,17.05266761779785,16.36800193786621,15.668830871582031,14.984617233276367,14.153801918029785,13.234474182128906,12.203947067260742,11.226304054260254,11.05120849609375,11.908763885498047,13.151582717895508,14.023249626159668,14.311054229736328,14.535431861877441,15.231901168823242,16.34272575378418,17.311508178710938,17.794132232666016,18.62898826599121,21.085803985595703,25.490833282470703,30.59893035888672,35.31968688964844,38.92921447753906,40.98666000366211
33.988250732421875,33.211124420166016,32.642364501953125,32.295875549316406,31.686481475830078,30.71468162536621,29.668670654296875,28.682064056396484,27.688627243041992,26.636924743652344,25.605392456054688,24.763633728027344,24.13530158996582,23.41484260559082,21.971763610839844,19.92675018310547,18.474210739135742,17.93245506286621,17.695314407348633,17.423309326171875,17.05771255493164,16.689563751220703,16.089462280273438,14.88905143737793,13.51722526550293,12.57005500793457,11.844963073730469,11.326730728149414,11.584038734436035,12.809807777404785,14.299872398376465,15.078034400939941,15.010481834411621,15.103419303894043,16.011171340942383,17.33823013305664,18.096420288085938,18.04755401611328,18.5238094329834,20.963899612426758,25.12763023376465,30.02445411682129,34.69696044921875,37.98583984375
34.14134979248047,33.375694274902344,32.806697845458984,32.36943435668945,31.63540267944336,30.63419532775879,29.673660278320312,28.787782669067383,27.821889877319336,26.68941307067871,25.570295333862305,24.761308670043945,24.311681747436523,23.91305923461914,22.830289840698242,20.75734519958496,18.880718231201172,18.09986686706543,17.869836807250977,17.715110778808594,17.5780086517334,17.498432159423828,17.131994247436523,15.879888534545898,14.075242042541504,12.86915111541748,12.491278648376465,12.317689895629883,12.231242179870605,12.749613761901855,14.125913619995117,15.662129402160645,16.274538040161133,15.983716011047363,16.000944137573242,17.00050926208496,18.343616485595703,18.88649559020996,18.661821365356445,19.049833297729492,21.021568298339844,24.579078674316406,29.006553649902344,33.29785919189453
34.06967544555664,33.52720642089844,33.21104431152344,32.75003433227539,31.807960510253906,30.688194274902344,29.76451301574707,28.925765991210938,27.896072387695312,26.653825759887695,25.492584228515625,24.763124465942383,24.566253662109375,24.50678253173828,23.66823387145996,21.544898986816406,19.250444412231445,18.187217712402344,17.961145401000977,17.868812561035156,17.859779357910156,17.94728660583496,17.815828323364258,16.84413719177246,15.01752758026123,13.449776649475098,12.964058876037598,13.175494194030762,13.40934944152832,13.591174125671387,14.167652130126953,15.316041946411133,16.57529067993164,17.231443405151367,17.25098991394043,17.420433044433594,18.308664321899414,19.507972717285156,20.026742935180664,19.68187713623047,19.68185806274414,21.198457717895508,24.391263961791992,28.434059143066406
