data/wind_data/wind_57_9.json
{"header": {"parameterUnit": "KT", "parameterCategory": 2, "nx": 256, "ny": 198, "lo1": 44.73521041870117, "la1": -3.236724853515625, "lo2": 111.26478576660156, "la2": 43.468475341796875, "dx": 0.2609002888202667, "dy": -0.23708222806453705, "refTime": "2025-02-21 09:00:00", "forecastTime": 0, "parameterNumber": 2, "parameterNumberName": "eastward_wind"}, "data":
[rows 76 to 94 of 198, columns 129 to 171 of 256]
-2.1779985427856445,-1.35428786277771,0.17429481446743011,2.04931640625,3.5166752338409424,3.8522937297821045,3.1961565017700195,2.200310707092285,1.1980969905853271,0.32449617981910706,-0.4689200222492218,-1.491964340209961,-2.677156448364258,-3.42641544342041,-3.463956832885742,-3.0821940898895264,-2.9382359981536865,-3.4582929611206055,-4.366950988769531,-5.211670875549316,-5.739316940307617,-5.784528732299805,-5.529494285583496,-5.375113487243652,-5.3765339851379395,-5.436726093292236,-5.515778541564941,-5.583066940307617,-5.692250728607178,-5.848062515258789,-5.921960353851318,-5.88595724105835,-5.746837139129639,-5.687585353851318,-5.7346367835998535,-5.553955554962158,-4.9857940673828125,-4.3441925048828125,-3.998354196548462,-4.227921962738037,-4.863020420074463,-5.349155902862549,-5.487079620361328
-2.4033946990966797,-1.459851861000061,0.08414529263973236,1.9578887224197388,3.5677802562713623,4.126989364624023,3.494174003601074,2.286501407623291,1.1319857835769653,0.1367214024066925,-0.7086886763572693,-1.6295952796936035,-2.7952585220336914,-3.7900407314300537,-3.9896621704101562,-3.422311305999756,-3.0146069526672363,-3.3775899410247803,-4.18418550491333,-4.8639655113220215,-5.373467445373535,-5.636274814605713,-5.559142112731934,-5.244422435760498,-4.853721618652344,-4.79431676864624,-5.313060760498047,-5.886274814605713,-6.048854351043701,-5.892576217651367,-5.713435649871826,-5.7016777992248535,-5.790111064910889,-5.858331680297852,-5.796176433563232,-5.464933395385742,-4.92145299911499,-4.439942359924316,-4.147972583770752,-4.13469123840332,-4.392644882202148,-4.839997291564941,-5.355571746826172
-2.826063871383667,-1.7684252262115479,-0.1680341213941574,1.6473501920700073,3.148846387863159,3.681580066680908,3.2002906799316406,2.028452157974243,0.6456989049911499,-0.5154199004173279,-1.4019100666046143,-2.2244999408721924,-3.1161575317382812,-3.9302356243133545,-4.196612358093262,-3.736335277557373,-3.207829475402832,-3.178535223007202,-3.4946775436401367,-3.9340248107910156,-4.474099159240723,-5.033038139343262,-5.349668025970459,-5.105190753936768,-4.482263088226318,-4.173677444458008,-4.818811893463135,-5.8910980224609375,-6.542690277099609,-6.644674777984619,-6.526248455047607,-6.4532246589660645,-6.339353561401367,-6.022066116333008,-5.539281368255615,-4.985572338104248,-4.584155082702637,-4.4964423179626465,-4.666655540466309,-4.867877960205078,-4.98773717880249,-5.267578601837158,-5.816849708557129
-3.381040334701538,-2.454082489013672,-0.68035489320755,1.2913687229156494,2.6997387409210205,2.969033718109131,2.3140158653259277,1.2642134428024292,-0.029314717277884483,-1.2600215673446655,-2.212920904159546,-3.017848491668701,-3.6922476291656494,-4.0886616706848145,-3.8983170986175537,-3.321470022201538,-3.032870054244995,-3.1230032444000244,-3.168445587158203,-3.1976914405822754,-3.4436044692993164,-3.895334243774414,-4.336389541625977,-4.382979869842529,-4.094712734222412,-3.876605987548828,-4.369418144226074,-5.59005880355835,-6.875972747802734,-7.713427543640137,-8.057329177856445,-7.997969627380371,-7.492645263671875,-6.578084468841553,-5.559691429138184,-4.779120445251465,-4.468397617340088,-4.690651893615723,-5.350021839141846,-6.032642841339111,-6.392754554748535,-6.522348403930664,-6.701460838317871
-3.306412935256958,-2.814093828201294,-1.1796257495880127,0.8802701830863953,2.28648042678833,2.3966143131256104,1.4516990184783936,0.21918275952339172,-1.0382291078567505,-2.146610736846924,-2.980799436569214,-3.5756077766418457,-3.9961888790130615,-4.083720684051514,-3.464174270629883,-2.6498935222625732,-2.3205652236938477,-2.600881576538086,-2.865445852279663,-2.927393674850464,-2.9272613525390625,-2.9164044857025146,-2.9806888103485107,-3.062147855758667,-3.216707229614258,-3.4464292526245117,-3.989853620529175,-5.116842269897461,-6.760133266448975,-8.281702995300293,-9.118429183959961,-9.167304039001465,-8.532587051391602,-7.464911460876465,-6.369644641876221,-5.546221733093262,-5.179436206817627,-5.317991256713867,-5.927919864654541,-6.736374855041504,-7.241388320922852,-7.3310980796813965,-7.197624683380127
-2.3293192386627197,-2.4362056255340576,-1.506418228149414,0.21749751269817352,1.6560646295547485,1.790460228919983,0.7928064465522766,-0.5723433494567871,-1.9606939554214478,-3.0911481380462646,-3.7558882236480713,-3.8873987197875977,-3.721613883972168,-3.4484376907348633,-3.1339941024780273,-2.653632164001465,-1.8594019412994385,-1.6701616048812866,-1.9729526042938232,-2.4477880001068115,-2.74495267868042,-2.6687324047088623,-2.2598700523376465,-1.8825093507766724,-1.8044155836105347,-2.2705740928649902,-3.1780974864959717,-4.33890438079834,-5.9432783126831055,-7.745032787322998,-9.022493362426758,-9.403844833374023,-8.983819961547852,-8.165030479431152,-7.396421909332275,-6.831324100494385,-6.480654239654541,-6.319680690765381,-6.377094745635986,-6.613533973693848,-6.815194606781006,-6.855525970458984,-6.712036609649658
-0.8585559129714966,-1.519925594329834,-1.4694768190383911,-0.595187783241272,0.6724096536636353,1.006995439529419,0.26586297154426575,-0.9005409479141235,-2.2372920513153076,-3.5391952991485596,-4.302648067474365,-3.953007221221924,-2.856555938720703,-2.2328953742980957,-3.0275771617889404,-3.2731258869171143,-2.247494697570801,-1.137574553489685,-1.1550577878952026,-1.7000489234924316,-2.2236757278442383,-2.4777333736419678,-2.207742929458618,-1.4115630388259888,-0.4609951674938202,-0.5345382690429688,-1.6125332117080688,-2.890624523162842,-4.408221244812012,-6.211701393127441,-7.79991340637207,-8.67619514465332,-8.761853218078613,-8.36176586151123,-7.8591413497924805,-7.485992431640625,-7.287813186645508,-7.083543300628662,-6.719791412353516,-6.268547058105469,-5.8518171310424805,-5.635989665985107,-5.582211971282959
0.7371264696121216,-0.18135200440883636,-0.8096047639846802,-0.9136201739311218,-0.2039676308631897,0.2170398086309433,-0.1955360323190689,-0.8950666189193726,-1.7397475242614746,-2.951348304748535,-4.045783996582031,-3.627812147140503,-1.9056755304336548,-1.4281648397445679,-2.833329200744629,-3.8882858753204346,-3.242211103439331,-1.5482922792434692,-1.3946385383605957,-1.6990361213684082,-2.008917808532715,-2.3101296424865723,-2.243886709213257,-1.2892824411392212,0.4477967321872711,1.032221794128418,0.21693798899650574,-0.9764413833618164,-2.4735822677612305,-4.1483354568481445,-5.6569342613220215,-6.886053562164307,-7.736697673797607,-8.045247077941895,-7.783607482910156,-7.2739996910095215,-6.944277286529541,-6.8032917976379395,-6.468101501464844,-5.774496555328369,-5.042809009552002,-4.69207239151001,-4.635367393493652
1.8744558095932007,1.4317609071731567,0.5569902658462524,-0.3251926600933075,-0.489704430103302,-0.21087990701198578,-0.4365846812725067,-0.7852715253829956,-1.0401158332824707,-1.6844807863235474,-2.7144811153411865,-2.84865403175354,-1.657110571861267,-1.441666841506958,-3.2960963249206543,-4.767686367034912,-5.0028462409973145,-3.722851514816284,-2.279557704925537,-1.9751383066177368,-2.2557413578033447,-2.537642002105713,-2.5101306438446045,-1.3727527856826782,0.773007869720459,1.8522396087646484,1.538524866104126,0.6952759027481079,-0.5857667326927185,-1.9234497547149658,-3.163431167602539,-4.540530681610107,-5.9695634841918945,-7.0433220863342285,-7.389937400817871,-6.977416515350342,-6.243337631225586,-5.689950942993164,-5.237751483917236,-4.5418596267700195,-3.9699618816375732,-4.000835418701172,-4.217696666717529
1.6956602334976196,2.140127182006836,1.827711820602417,0.8842833042144775,-0.02141973376274109,-0.16029813885688782,-0.24082732200622559,-0.4315573275089264,-0.4741450846195221,-0.671897292137146,-1.3327131271362305,-2.1418237686157227,-2.4417426586151123,-2.7734735012054443,-4.2406134605407715,-5.86543607711792,-6.5097527503967285,-5.513611316680908,-3.9359982013702393,-2.9504964351654053,-2.5647590160369873,-2.6655330657958984,-2.725334644317627,-1.5479168891906738,0.6477015018463135,1.8437644243240356,1.8950259685516357,1.6225968599319458,0.8698980808258057,-0.1874319463968277,-1.3264000415802002,-2.7002015113830566,-4.138321876525879,-5.385843276977539,-6.29171895980835,-6.585551738739014,-6.066417217254639,-5.07521390914917,-4.007155895233154,-3.012171745300293,-2.614835739135742,-3.1596736907958984,-3.888995409011841
0.39838162064552307,1.3866242170333862,1.7741502523422241,1.467934250831604,0.7758201360702515,0.31880655884742737,0.41634562611579895,0.49885961413383484,0.27148908376693726,-0.11071855574846268,-0.8249196410179138,-2.175893783569336,-3.5824649333953857,-4.293139457702637,-5.192282199859619,-6.084717273712158,-5.932436466217041,-5.687518119812012,-4.976695537567139,-3.766627311706543,-2.932492971420288,-2.6106510162353516,-2.535498857498169,-1.6979820728302002,0.1661662757396698,1.301733136177063,1.638444423675537,1.8511300086975098,1.5809804201126099,0.6699861884117126,-0.4390968084335327,-1.6817152500152588,-2.953589916229248,-3.986987590789795,-4.87130069732666,-5.770740032196045,-6.20541524887085,-5.457305908203125,-3.7258388996124268,-2.165813684463501,-1.8192532062530518,-2.561573028564453,-3.479806661605835
-2.043826103210449,-0.5909285545349121,0.3442841172218323,0.6637452244758606,0.646203875541687,0.8692294359207153,1.4023057222366333,1.7595300674438477,1.3873100280761719,0.4026222229003906,-0.9304484724998474,-2.396740198135376,-3.7248971462249756,-4.358941078186035,-4.838091850280762,-5.005937576293945,-4.248918056488037,-4.02394962310791,-4.0560808181762695,-4.027231216430664,-4.061968803405762,-3.6834840774536133,-2.9437623023986816,-1.5471194982528687,0.17284885048866272,0.9608521461486816,1.1926974058151245,1.5709210634231567,1.6583918333053589,1.0578618049621582,0.19428105652332306,-0.9007101655006409,-2.2202200889587402,-3.3187830448150635,-4.214513778686523,-5.280503749847412,-6.284919738769531,-5.985606670379639,-4.119238376617432,-2.300755500793457,-1.8314687013626099,-2.3795313835144043,-3.1318767070770264
-6.030360221862793,-4.127542018890381,-2.483617067337036,-1.3046339750289917,-0.3999161422252655,0.593565821647644,1.8705140352249146,2.793372392654419,2.62404465675354,1.167363166809082,-0.8401761651039124,-2.2181735038757324,-2.7170917987823486,-2.7371327877044678,-3.0841848850250244,-3.4135491847991943,-3.4147627353668213,-3.462491035461426,-3.929671287536621,-4.736526012420654,-5.741796493530273,-5.470978260040283,-3.9401493072509766,-1.571443796157837,0.5787966847419739,1.3285939693450928,1.2407619953155518,1.266454815864563,1.4521167278289795,1.3474209308624268,0.890404462814331,0.15313436090946198,-1.007038950920105,-2.524561882019043,-4.166378021240234,-5.5596394538879395,-6.329219341278076,-5.8941521644592285,-4.464232444763184,-3.2235257625579834,-2.663090705871582,-2.5722546577453613,-2.711198091506958
-10.109594345092773,-8.927806854248047,-6.718144416809082,-4.16704797744751,-1.9214054346084595,0.015546091832220554,1.629421591758728,2.7267909049987793,3.1533076763153076,2.0135092735290527,-0.20071765780448914,-1.6340080499649048,-1.6832879781723022,-1.2999215126037598,-1.526496410369873,-2.3338754177093506,-3.5558626651763916,-5.061805725097656,-5.587764263153076,-5.983813762664795,-6.59412956237793,-6.083666801452637,-4.618431568145752,-2.3780629634857178,0.07182057946920395,1.6320339441299438,1.8125020265579224,1.5088763236999512,1.456921935081482,1.6044150590896606,1.6461526155471802,1.390032410621643,0.6444233655929565,-0.9165305495262146,-3.434580087661743,-5.690985679626465,-6.175792217254639,-5.225184917449951,-4.378671169281006,-4.299075126647949,-3.9676475524902344,-3.142284870147705,-2.37484073638916
-9.921170234680176,-11.36064624786377,-11.124198913574219,-8.246232986450195,-4.3630900382995605,-0.9804109334945679,1.2548917531967163,2.267416000366211,2.4792470932006836,1.917146921157837,0.45301055908203125,-0.7878669500350952,-1.1807584762573242,-0.7070015668869019,-0.7678831815719604,-2.2019641399383545,-3.9397544860839844,-5.722737789154053,-6.992668628692627,-7.408517360687256,-7.01495361328125,-5.887147426605225,-4.574764728546143,-3.398921489715576,-1.4520739316940308,0.8188343644142151,2.0685133934020996,2.126455068588257,2.0475621223449707,2.2621665000915527,2.5180881023406982,2.5181593894958496,2.1813344955444336,1.0444051027297974,-1.7286096811294556,-4.897052764892578,-5.627608776092529,-4.265492916107178,-3.6682381629943848,-4.556334972381592,-4.833591938018799,-3.7671918869018555,-2.346297025680542
-5.285369873046875,-7.779074192047119,-11.424062728881836,-11.930826187133789,-8.441818237304688,-3.7007980346679688,-0.026619689539074898,1.4472392797470093,1.4565285444259644,1.0734779834747314,0.5082276463508606,-0.08282025903463364,-0.5469089150428772,-0.5383402705192566,-0.905037522315979,-2.0880889892578125,-3.355289936065674,-4.629153251647949,-6.344560623168945,-7.679759502410889,-7.973498821258545,-6.397607326507568,-5.36472225189209,-4.448807239532471,-2.522965908050537,-0.251254677772522,1.6573266983032227,2.560750961303711,2.8588712215423584,3.2017018795013428,3.520089626312256,3.6009490489959717,3.476975202560425,2.742032289505005,0.27681878209114075,-3.296367883682251,-4.710844993591309,-3.4276301860809326,-2.5977020263671875,-3.590985059738159,-4.492726802825928,-3.794490337371826,-2.2103960514068604
-1.3501724004745483,-2.441364049911499,-5.887477397918701,-10.398560523986816,-11.367359161376953,-8.0615234375,-3.534512758255005,-0.5132887959480286,0.0786997452378273,-0.057317085564136505,-0.06952111423015594,-0.0030601294711232185,-0.10607700794935226,-0.4603044390678406,-1.086464762687683,-1.8184798955917358,-2.2481770515441895,-2.918034076690674,-4.522108554840088,-6.478895664215088,-7.780465602874756,-7.359407424926758,-6.5336103439331055,-5.5865983963012695,-3.9033074378967285,-1.4218331575393677,1.050951600074768,2.5778703689575195,3.217827796936035,3.542783737182617,3.94553542137146,4.412527561187744,4.695891857147217,4.187156677246094,1.9174062013626099,-1.6482027769088745,-3.6201484203338623,-2.8097152709960938,-1.7173916101455688,-2.237058401107788,-3.282752513885498,-3.1701743602752686,-1.870139718055725
0.3500584065914154,1.0568472146987915,-1.5916900634765625,-5.69761848449707,-9.554070472717285,-10.625213623046875,-8.208145141601562,-4.504195690155029,-2.1600115299224854,-1.4854477643966675,-1.050403118133545,-0.6623846292495728,-0.6627488732337952,-0.9966015815734863,-1.3078418970108032,-1.6937581300735474,-1.461664080619812,-1.4168742895126343,-2.5162265300750732,-4.388693332672119,-6.341670036315918,-7.178136825561523,-7.088234901428223,-6.511690616607666,-5.300647735595703,-3.270150661468506,-0.8245885372161865,1.2868908643722534,2.475855827331543,2.918673515319824,3.545851469039917,4.765436172485352,5.937991142272949,5.836423397064209,3.4305636882781982,-0.46738865971565247,-2.990081310272217,-2.710010528564453,-1.500090479850769,-1.4881435632705688,-2.3980939388275146,-2.670171022415161,-1.8379278182983398
0.14451009035110474,1.84739089012146,1.039402723312378,-2.332362651824951,-6.942197322845459,-10.023443222045898,-10.77856731414795,-8.977945327758789,-5.733710765838623,-3.475560426712036,-2.5864064693450928,-2.3067216873168945,-2.205101251602173,-2.0932886600494385,-2.0233511924743652,-1.9104019403457642,-1.6263905763626099,-1.1148946285247803,-1.125791311264038,-2.291224241256714,-3.8688623905181885,-5.106503009796143,-5.69329309463501,-6.007981777191162,-6.140044689178467,-5.365200042724609,-3.611495018005371,-1.4615936279296875,0.15009497106075287,1.2595291137695312,2.5929062366485596,4.61467170715332,6.921654224395752,7.889754772186279,5.680230617523193,1.0984418392181396,-2.5500848293304443,-3.213463068008423,-2.1953465938568115,-1.6527096033096313,-2.156831741333008,-2.581294536590576,-2.1495816707611084
