data/wind_data/wind_19_9.json
{"header": {"parameterUnit": "KT", "parameterCategory": 2, "nx": 256, "ny": 198, "lo1": 44.73521041870117, "la1": -3.236724853515625, "lo2": 111.26478576660156, "la2": 43.468475341796875, "dx": 0.2609002888202667, "dy": -0.23708222806453705, "refTime": "2025-02-19 19:00:00", "forecastTime": 0, "parameterNumber": 2, "parameterNumberName": "eastward_wind"}, "data":
[rows 57 to 75 of 198, columns 129 to 171 of 256]
10.033304214477539,9.105203628540039,8.060831069946289,6.922821521759033,6.083792686462402,6.011435031890869,6.711132526397705,7.749456405639648,8.72753620147705,9.473562240600586,10.03052043914795,10.480230331420898,11.013925552368164,11.833456993103027,12.970803260803223,14.077977180480957,14.741510391235352,15.012648582458496,15.5138578414917,16.813581466674805,18.536041259765625,19.657119750976562,19.820613861083984,19.635805130004883,19.706409454345703,20.15754508972168,20.647926330566406,21.04907989501953,21.536972045898438,22.12228775024414,22.532318115234375,22.56951141357422,22.365556716918945,21.980751037597656,21.29591941833496,20.311485290527344,19.29927635192871,18.776090621948242,18.75479507446289,18.65192413330078,17.79425811767578,16.725547790527344,16.74199867248535
8.191814422607422,7.496473789215088,6.878742218017578,6.065898418426514,5.186389446258545,4.812263488769531,5.247750759124756,6.243269443511963,7.347925186157227,8.205726623535156,8.743180274963379,9.1285400390625,9.629175186157227,10.450239181518555,11.651604652404785,12.920003890991211,13.743311882019043,13.924266815185547,14.024924278259277,15.047779083251953,17.109355926513672,19.140560150146484,19.98799705505371,19.842838287353516,19.47599220275879,19.53715705871582,20.073286056518555,20.786300659179688,21.486095428466797,22.039072036743164,22.19826316833496,21.820491790771484,21.240760803222656,20.74225425720215,20.25468635559082,19.598209381103516,18.820199966430664,18.28847312927246,18.226743698120117,18.075998306274414,17.18546485900879,16.157981872558594,16.174612045288086
6.405650615692139,6.0199055671691895,5.781896591186523,5.360875606536865,4.7571187019348145,4.406835556030273,4.523902893066406,5.076274394989014,5.917698383331299,6.776671409606934,7.465734481811523,8.0660982131958,8.722816467285156,9.563186645507812,10.619728088378906,11.829853057861328,12.849507331848145,13.273033142089844,13.219472885131836,13.698104858398438,15.42292594909668,17.73822784423828,19.251306533813477,19.49575424194336,19.038240432739258,18.60559844970703,18.727407455444336,19.40289878845215,20.249542236328125,20.812557220458984,20.78371238708496,20.140731811523438,19.329397201538086,18.735576629638672,18.29117774963379,17.838443756103516,17.42919921875,17.19241714477539,17.255468368530273,17.190702438354492,16.44426155090332,15.550228118896484,15.682515144348145
5.708621978759766,5.426481246948242,5.102035045623779,4.845315456390381,4.751094818115234,4.837713241577148,4.908743381500244,4.969379901885986,5.226025581359863,5.706326961517334,6.307547569274902,7.0626397132873535,7.987104892730713,8.979975700378418,9.910082817077637,10.856178283691406,11.884427070617676,12.669768333435059,12.81624984741211,12.878215789794922,13.89169692993164,15.870957374572754,17.673662185668945,18.39035415649414,18.156707763671875,17.59054946899414,17.201610565185547,17.315338134765625,17.836570739746094,18.335731506347656,18.4714298248291,18.11740493774414,17.4840030670166,16.902496337890625,16.471477508544922,16.051897048950195,15.668208122253418,15.46382999420166,15.605801582336426,15.78734016418457,15.45688533782959,14.836519241333008,14.896568298339844
5.606314182281494,5.423735618591309,4.992089748382568,4.838184356689453,5.268584251403809,5.8217315673828125,5.973214149475098,5.761560440063477,5.512579441070557,5.420199871063232,5.587108612060547,6.118346214294434,7.027981758117676,8.116798400878906,9.09909725189209,9.921345710754395,10.819073677062988,11.801568984985352,12.336747169494629,12.378835678100586,12.829997062683105,14.171158790588379,15.739834785461426,16.662803649902344,16.761131286621094,16.435462951660156,15.921295166015625,15.399439811706543,15.202268600463867,15.41889476776123,15.819147109985352,16.054283142089844,15.90469741821289,15.455081939697266,14.981301307678223,14.584763526916504,14.163474082946777,13.82192325592041,13.86517333984375,14.203920364379883,14.28000259399414,13.989072799682617,13.924919128417969
5.728891849517822,5.702121734619141,5.556675910949707,5.489908218383789,5.997401714324951,6.664414882659912,6.8134260177612305,6.445180892944336,5.944070339202881,5.467230796813965,5.193329811096191,5.40331506729126,6.1021881103515625,7.054692268371582,8.016022682189941,8.857447624206543,9.731969833374023,10.830595970153809,11.785429000854492,12.087540626525879,12.1673583984375,12.753149032592773,13.790212631225586,14.590282440185547,14.766918182373047,14.613777160644531,14.434290885925293,14.104920387268066,13.654010772705078,13.471811294555664,13.745866775512695,14.23196029663086,14.472304344177246,14.214550018310547,13.708734512329102,13.32123851776123,12.984391212463379,12.64210033416748,12.570140838623047,12.931265830993652,13.29830265045166,13.402438163757324,13.45907211303711
6.078052997589111,6.471871852874756,6.674898624420166,6.746165752410889,6.92675256729126,7.301505088806152,7.33561372756958,6.823131084442139,6.083524227142334,5.36740779876709,4.862668991088867,4.8485822677612305,5.3968915939331055,6.238887786865234,7.111934661865234,7.919692516326904,8.773904800415039,9.90209674835205,11.117183685302734,11.72093677520752,11.558337211608887,11.366819381713867,11.723002433776855,12.349984169006348,12.659319877624512,12.647597312927246,12.780348777770996,13.037683486938477,13.051752090454102,12.906366348266602,12.978581428527832,13.325332641601562,13.573325157165527,13.384631156921387,12.902332305908203,12.479378700256348,12.160585403442383,11.851092338562012,11.687115669250488,11.960451126098633,12.517930030822754,13.053190231323242,13.458413124084473
6.314096450805664,7.4697184562683105,7.981175422668457,8.171687126159668,8.119878768920898,8.135251998901367,8.111101150512695,7.6693878173828125,6.7858757972717285,5.779578685760498,4.948516368865967,4.52839994430542,4.709217548370361,5.40816593170166,6.315296173095703,7.170068740844727,7.966131687164307,8.904512405395508,9.974218368530273,10.67476749420166,10.522851943969727,9.943461418151855,9.817596435546875,10.372885704040527,11.066606521606445,11.480461120605469,11.786526679992676,12.173613548278809,12.481508255004883,12.670096397399902,12.937973022460938,13.342592239379883,13.594571113586426,13.405406951904297,12.902822494506836,12.388019561767578,11.961220741271973,11.55055046081543,11.235735893249512,11.335256576538086,11.925104141235352,12.70069694519043,13.403082847595215
6.659882545471191,8.169587135314941,9.050073623657227,9.451274871826172,9.401476860046387,9.208412170410156,9.094395637512207,8.901247024536133,8.2938814163208,7.1762590408325195,5.848114967346191,4.712018013000488,4.09757661819458,4.2481160163879395,5.0396504402160645,6.001689910888672,6.8486785888671875,7.6479811668396,8.447815895080566,9.014151573181152,9.02135181427002,8.640416145324707,8.602897644042969,9.326099395751953,10.362630844116211,11.10976505279541,11.402582168579102,11.509136199951172,11.70864486694336,12.072141647338867,12.652301788330078,13.37717342376709,13.89397144317627,13.877314567565918,13.404338836669922,12.822118759155273,12.28746223449707,11.766379356384277,11.340508460998535,11.299670219421387,11.783385276794434,12.52436351776123,13.234118461608887
7.229474067687988,8.454582214355469,9.405261993408203,10.16146469116211,10.368284225463867,10.136306762695312,9.887540817260742,9.81910228729248,9.645540237426758,8.744126319885254,7.115187168121338,5.358144760131836,3.982997417449951,3.3800108432769775,3.6685187816619873,4.4279561042785645,5.255232810974121,6.137084007263184,7.041459560394287,7.629130840301514,7.680677890777588,7.508531093597412,7.764147758483887,8.736872673034668,9.951159477233887,10.76243782043457,10.985862731933594,10.90027141571045,10.940862655639648,11.346388816833496,12.055060386657715,12.892059326171875,13.55176067352295,13.752931594848633,13.466176986694336,12.952190399169922,12.4548978805542,12.033997535705566,11.740480422973633,11.703716278076172,12.032564163208008,12.651183128356934,13.308369636535645
7.023745536804199,7.972063064575195,8.740354537963867,9.792773246765137,10.422842979431152,10.363448143005371,10.053803443908691,9.95600414276123,10.0363130569458,9.581811904907227,8.213228225708008,6.428832530975342,4.797610282897949,3.6431846618652344,3.2458457946777344,3.506462335586548,4.068149089813232,4.898675918579102,5.990359783172607,6.833240032196045,6.92637825012207,6.6031999588012695,6.725284576416016,7.613821506500244,8.771936416625977,9.629196166992188,10.091936111450195,10.362828254699707,10.58254337310791,10.86640453338623,11.306562423706055,11.876178741455078,12.3597993850708,12.598299026489258,12.555521011352539,12.298465728759766,12.017093658447266,11.885673522949219,11.924294471740723,12.021477699279785,12.22397232055664,12.726936340332031,13.473108291625977
5.710897445678711,6.916042327880859,8.009333610534668,9.261099815368652,9.945634841918945,9.834773063659668,9.461506843566895,9.2416410446167,9.258347511291504,9.17713737487793,8.578190803527832,7.547717571258545,6.414285182952881,5.259502410888672,4.363989353179932,4.031996250152588,4.156666278839111,4.580029010772705,5.341708660125732,6.120397567749023,6.316169738769531,5.923157691955566,5.715304374694824,6.247535705566406,7.233418941497803,8.156038284301758,8.932299613952637,9.665785789489746,10.250689506530762,10.561665534973145,10.67264461517334,10.785861015319824,10.917076110839844,11.019858360290527,11.133020401000977,11.19420337677002,11.191537857055664,11.303109169006348,11.602890014648438,11.922613143920898,12.182307243347168,12.645495414733887,13.43870735168457
4.837331771850586,7.039770603179932,8.397075653076172,9.29861831665039,9.55301284790039,9.022706985473633,8.340206146240234,7.823935031890869,7.560342788696289,7.680227756500244,7.969827175140381,8.076640129089355,7.875205993652344,7.274838447570801,6.387359142303467,5.65217924118042,5.263026714324951,5.092467308044434,5.146510601043701,5.406396389007568,5.539670467376709,5.3368024826049805,5.1808695793151855,5.567015647888184,6.399657726287842,7.292416572570801,8.121081352233887,8.890857696533203,9.459171295166016,9.746875762939453,9.87315845489502,9.971176147460938,9.988736152648926,9.895809173583984,9.898981094360352,10.104351043701172,10.360687255859375,10.59424114227295,10.952463150024414,11.486160278320312,12.092421531677246,12.773326873779297,13.5620756149292
4.188133239746094,7.437392711639404,8.941046714782715,8.914712905883789,8.54517650604248,7.748213768005371,6.720472812652588,5.844004154205322,5.433295726776123,5.907414436340332,7.051223278045654,8.09472370147705,8.60350227355957,8.546332359313965,7.960945129394531,7.139496803283691,6.4277567863464355,5.85732364654541,5.382513046264648,5.1012372970581055,4.987727165222168,4.933709621429443,5.0488739013671875,5.5360260009765625,6.303002834320068,7.0789361000061035,7.8057427406311035,8.383963584899902,8.613199234008789,8.56044864654541,8.598544120788574,8.901652336120605,9.209501266479492,9.253412246704102,9.164422988891602,9.295661926269531,9.666396141052246,10.046623229980469,10.45725154876709,11.090523719787598,11.995665550231934,12.9859037399292,13.840733528137207
2.605349063873291,5.864654064178467,7.621883869171143,7.239668369293213,6.499614238739014,5.8645195960998535,4.920600414276123,4.002656936645508,3.7488434314727783,4.552148818969727,6.1517510414123535,7.695645332336426,8.564125061035156,8.721175193786621,8.343926429748535,7.6473517417907715,6.914673805236816,6.304351329803467,5.760244846343994,5.294182777404785,4.964265823364258,4.824918270111084,4.944418907165527,5.377363681793213,6.06231689453125,6.818589210510254,7.563931465148926,8.154115676879883,8.231219291687012,7.762800693511963,7.329833984375,7.421989440917969,7.906965255737305,8.355791091918945,8.589987754821777,8.75744915008545,9.066964149475098,9.521315574645996,10.05872917175293,10.745662689208984,11.637014389038086,12.603071212768555,13.424788475036621
0.8533633351325989,2.4833006858825684,4.510489463806152,4.539061546325684,3.9860551357269287,3.807342529296875,3.3887810707092285,2.6855225563049316,2.4345030784606934,3.168947696685791,4.793503761291504,6.518209934234619,7.634291648864746,8.012680053710938,7.823790550231934,7.253829479217529,6.538822174072266,6.009594440460205,5.743858337402344,5.578888893127441,5.312675952911377,4.92958927154541,4.701491355895996,4.874720096588135,5.4143171310424805,6.110825538635254,6.8278937339782715,7.5060272216796875,7.810400485992432,7.429487705230713,6.7236647605896,6.393571853637695,6.657192230224609,7.213809013366699,7.747658729553223,8.101156234741211,8.292080879211426,8.527573585510254,8.985633850097656,9.692329406738281,10.542134284973145,11.370182991027832,12.103957176208496
-0.3156043291091919,-0.638075053691864,0.7293062210083008,1.6118842363357544,1.4784239530563354,1.6998364925384521,2.0198473930358887,1.8207013607025146,1.4252458810806274,1.7209694385528564,3.0026445388793945,4.6560750007629395,5.992074966430664,6.721328258514404,6.7786149978637695,6.258176326751709,5.5119524002075195,5.1152825355529785,5.239015579223633,5.561947822570801,5.616149425506592,5.221660614013672,4.741106033325195,4.616540431976318,4.88895320892334,5.342957973480225,5.809131622314453,6.287272930145264,6.703040599822998,6.809574604034424,6.619558334350586,6.491788864135742,6.6128106117248535,6.8272385597229,7.021129131317139,7.148283004760742,7.113569259643555,7.009674072265625,7.173635005950928,7.827258110046387,8.853256225585938,9.919116973876953,10.814831733703613
-1.2623158693313599,-2.3236658573150635,-2.0431432723999023,-1.1328648328781128,-0.8138778209686279,-0.38551804423332214,0.5018684267997742,1.2621721029281616,1.391075849533081,1.3068673610687256,1.7896417379379272,2.941929340362549,4.182670593261719,5.007795333862305,5.1987152099609375,4.916695594787598,4.525786876678467,4.429104328155518,4.747009754180908,5.27949333190918,5.615118980407715,5.511198997497559,5.1505022048950195,4.832260608673096,4.6953277587890625,4.778854846954346,5.002436637878418,5.267305850982666,5.588973522186279,5.965644359588623,6.396703720092773,6.925809383392334,7.417384147644043,7.517600059509277,7.148168563842773,6.608796119689941,6.135416507720947,5.806835174560547,5.7958550453186035,6.371082782745361,7.491640567779541,8.733165740966797,9.799490928649902
-2.5762999057769775,-3.440019130706787,-3.623495578765869,-3.0525126457214355,-2.5097298622131348,-1.9196500778198242,-0.7664839625358582,0.6124273538589478,1.5450198650360107,1.684233546257019,1.682096242904663,2.2456817626953125,3.0189549922943115,3.5258126258850098,3.7509658336639404,3.8794007301330566,4.0461273193359375,4.275025367736816,4.599001407623291,5.062254428863525,5.491067886352539,5.638194561004639,5.4198784828186035,4.906120777130127,4.341751575469971,4.145171642303467,4.416089057922363,4.845789432525635,5.192771911621094,5.524651050567627,6.040963649749756,6.798935413360596,7.592505931854248,7.995243549346924,7.743980407714844,7.021847248077393,6.231019496917725,5.668035984039307,5.505215167999268,5.883642673492432,6.778293609619141,7.799160957336426,8.677310943603516
