data/wind_data/wind_34_9.json
{"header": {"parameterUnit": "KT", "parameterCategory": 2, "nx": 256, "ny": 198, "lo1": 44.73521041870117, "la1": -3.236724853515625, "lo2": 111.26478576660156, "la2": 43.468475341796875, "dx": 0.2609002888202667, "dy": -0.23708222806453705, "refTime": "2025-02-20 10:00:00", "forecastTime": 0, "parameterNumber": 2, "parameterNumberName": "eastward_wind"}, "data":
[rows 152 to 170 of 198, columns 172 to 214 of 256]
-1.5615408420562744,-2.9408068656921387,-4.484359264373779,-5.502070903778076,-5.398287773132324,-4.842120170593262,-4.7757391929626465,-4.943952560424805,-4.999571323394775,-4.4056620597839355,-2.7576775550842285,-0.9181457161903381,0.2667730450630188,0.6578948497772217,0.320326030254364,-1.6569279432296753,-3.947286367416382,-4.805134296417236,-3.652590274810791,-1.3322304487228394,0.5840781927108765,1.708531379699707,2.507154941558838,3.323012113571167,3.866839647293091,3.922376871109009,3.242149829864502,1.728655219078064,0.045586440712213516,-1.2359906435012817,-1.7399990558624268,-1.2208936214447021,0.3375072181224823,2.102790594100952,2.761033296585083,2.6912662982940674,3.6405177116394043,4.566182613372803,4.091441631317139,3.4077157974243164,3.3721816539764404,2.282118797302246,0.8001372218132019
-2.368053436279297,-3.1197142601013184,-4.727768421173096,-6.009331703186035,-5.989527225494385,-5.118136882781982,-4.890610218048096,-5.248881816864014,-5.231781959533691,-4.110434532165527,-2.106921434402466,-0.20757527649402618,0.6378065943717957,0.16581270098686218,-1.6900997161865234,-3.8172075748443604,-4.352461814880371,-3.6094186305999756,-1.4246703386306763,1.1707693338394165,3.026193141937256,3.9411683082580566,4.171692848205566,4.154950141906738,4.045730113983154,3.4549264907836914,2.093409776687622,0.4409163296222687,-0.9653844833374023,-1.8172669410705566,-1.811932921409607,-0.4896552562713623,1.618546485900879,3.0306296348571777,3.593196153640747,3.474527359008789,4.885653495788574,6.266209602355957,6.049683570861816,4.019718170166016,2.7287955284118652,1.0363057851791382,-0.604715883731842
-3.3288984298706055,-3.382045269012451,-4.696059703826904,-6.242465496063232,-6.926356792449951,-5.961426258087158,-5.118773460388184,-4.884732246398926,-4.402536392211914,-3.2005484104156494,-1.8382658958435059,-1.1371456384658813,-1.6257050037384033,-3.2877724170684814,-4.786369800567627,-4.587376117706299,-3.3192522525787354,-1.2762067317962646,1.28605055809021,3.0830790996551514,4.29607629776001,4.704614162445068,4.512702465057373,4.03453254699707,3.6360645294189453,3.0984814167022705,2.157862901687622,1.037826657295227,0.19055519998073578,-0.12821455299854279,0.2519758343696594,1.3139394521713257,2.6839308738708496,3.5511975288391113,4.296875953674316,4.828755855560303,5.916232109069824,7.398775577545166,7.080010414123535,4.517557144165039,2.990098476409912,0.9035511612892151,-0.7209137082099915
-4.428748607635498,-4.065706253051758,-4.802766799926758,-6.501452922821045,-7.805181980133057,-6.9449286460876465,-5.274566650390625,-4.116628646850586,-3.2783820629119873,-2.598689079284668,-2.3000478744506836,-2.903367519378662,-4.119394302368164,-5.156844615936279,-4.691349506378174,-2.8526549339294434,-0.9101896286010742,1.0511375665664673,2.12386417388916,2.8644471168518066,3.3680973052978516,3.6853458881378174,3.5695619583129883,3.1025309562683105,3.103090286254883,3.7330572605133057,4.048425674438477,3.3728151321411133,2.3546876907348633,1.674945592880249,1.8606840372085571,2.665771722793579,3.6712214946746826,4.281271934509277,4.427912712097168,4.7734198570251465,5.987959861755371,8.257369995117188,7.449750900268555,4.951935291290283,2.965592622756958,0.5656931400299072,-0.5726963877677917
-5.549932479858398,-4.85562801361084,-5.000204086303711,-6.631418704986572,-8.103074073791504,-7.404534339904785,-5.0920610427856445,-3.244312047958374,-2.296888589859009,-2.035663366317749,-2.124180793762207,-2.5649056434631348,-3.3106038570404053,-3.557093858718872,-2.3285412788391113,-0.47733017802238464,0.31387215852737427,0.4288731515407562,0.748256266117096,1.0153402090072632,1.608641505241394,2.2203524112701416,2.6055428981781006,2.7720260620117188,3.5478146076202393,4.88897180557251,5.720560073852539,5.311546325683594,3.8001887798309326,2.3759398460388184,2.166390895843506,3.10212779045105,4.042174816131592,4.278815746307373,3.738518714904785,4.100503921508789,6.013056755065918,8.561452865600586,7.303939342498779,4.527202606201172,2.0554466247558594,0.17714069783687592,-0.1194988265633583
-6.163748264312744,-4.97384786605835,-4.4570231437683105,-5.944200038909912,-7.38511848449707,-6.68709135055542,-4.354716777801514,-2.4356002807617188,-1.4429426193237305,-1.3055063486099243,-1.5424413681030273,-1.4925568103790283,-1.042769193649292,-0.35453107953071594,0.5267334580421448,0.23511171340942383,-0.678059995174408,-1.2435827255249023,-1.6308497190475464,-0.9693042039871216,0.7846858501434326,2.3824968338012695,2.9649155139923096,3.513400077819824,4.789117813110352,5.910834312438965,6.42579984664917,6.1042327880859375,4.712676525115967,3.2378108501434326,2.6666059494018555,2.8840057849884033,3.2342689037323,3.170605421066284,2.48801326751709,3.1035187244415283,5.657966613769531,8.504895210266113,6.562039375305176,2.8008182048797607,0.47525110840797424,0.07121304422616959,-0.06479893624782562
-5.84412145614624,-4.242685317993164,-3.526775360107422,-4.974628448486328,-5.935035228729248,-4.987399578094482,-3.196220636367798,-1.7766313552856445,-1.0165411233901978,-0.8747687339782715,-1.141103982925415,-0.6991320848464966,1.3951524496078491,2.982008457183838,1.906149983406067,-0.4042741060256958,-1.806379795074463,-2.1434834003448486,-1.049607276916504,1.0210983753204346,2.9221198558807373,3.8755674362182617,3.907402992248535,4.51920747756958,5.91780424118042,6.860793113708496,7.088874816894531,6.655041694641113,5.4256696701049805,3.9491546154022217,2.976571559906006,2.394577741622925,2.1555800437927246,2.0659990310668945,1.3351126909255981,1.187413215637207,4.100292682647705,7.834247589111328,5.839148044586182,1.8586608171463013,-0.01855509914457798,0.32328397035598755,0.17685286700725555
-5.303311824798584,-3.7983078956604004,-3.0335190296173096,-3.990474224090576,-4.283910274505615,-3.2265944480895996,-1.995225191116333,-1.1593515872955322,-0.9125150442123413,-1.1729415655136108,-1.3944309949874878,-0.14381802082061768,3.4524338245391846,5.184191703796387,3.1174705028533936,0.4859358072280884,-0.788226842880249,0.06164167821407318,1.7672319412231445,3.352231025695801,4.543989658355713,5.088040828704834,5.129824161529541,5.630126476287842,6.755190372467041,7.655353546142578,8.032735824584961,7.605602264404297,5.988506317138672,4.249117374420166,3.4733757972717285,3.1870906352996826,2.6454904079437256,2.3154118061065674,1.8320775032043457,1.447911262512207,3.371818780899048,6.358466625213623,5.501455783843994,2.288029909133911,0.39888012409210205,-0.21378298103809357,-0.09525229781866074
-4.866796016693115,-3.498790740966797,-2.6566660404205322,-2.884605884552002,-2.4406588077545166,-1.3253997564315796,-0.6489067077636719,-0.5172505974769592,-0.9724516868591309,-1.4642537832260132,-1.0022025108337402,1.5690653324127197,4.688875675201416,5.155481338500977,3.991827964782715,2.871499538421631,2.5126168727874756,2.7767136096954346,3.2354419231414795,4.044497489929199,5.154239654541016,6.059370994567871,6.4802069664001465,6.92590856552124,7.680874824523926,8.260246276855469,8.443509101867676,8.04268741607666,6.689028263092041,5.20184850692749,4.685763359069824,4.8075361251831055,4.421130657196045,3.9390082359313965,3.835749864578247,3.8569176197052,4.379228591918945,5.818760871887207,5.672805309295654,3.2840137481689453,1.0586163997650146,-0.7156559824943542,-2.0264699459075928
-4.015613555908203,-2.431499719619751,-1.7563772201538086,-1.8835922479629517,-0.9841894507408142,0.3174905478954315,0.4901852011680603,-0.0137716606259346,-0.6590524315834045,-0.555618941783905,0.830317497253418,2.9801816940307617,4.065762519836426,4.549076557159424,5.207475185394287,5.179480075836182,4.421070098876953,3.8761415481567383,3.928936243057251,4.335862636566162,5.361412048339844,6.716505527496338,7.592087268829346,8.015934944152832,8.183832168579102,8.119036674499512,7.9757771492004395,7.673180103302002,6.767135143280029,5.464964866638184,4.738192558288574,5.039567947387695,5.498025417327881,5.729164123535156,6.113088607788086,6.259209632873535,5.700408935546875,6.179728031158447,6.246500015258789,4.486270427703857,1.8631916046142578,-0.5412725806236267,-2.5942399501800537
-2.900033473968506,-1.6541863679885864,-1.2530635595321655,-1.2160255908966064,-0.3124401569366455,0.6426737904548645,0.6649349927902222,0.09352019429206848,0.14692170917987823,1.1503435373306274,2.376675844192505,2.9839441776275635,3.859886884689331,5.226393699645996,6.016235828399658,5.79593563079834,4.820723056793213,4.26335334777832,4.820512294769287,5.6545090675354,6.289718151092529,6.93619966506958,7.6963348388671875,8.160808563232422,8.074721336364746,7.572767734527588,7.025753498077393,6.608484268188477,6.175895690917969,5.472529888153076,4.50302791595459,4.202191352844238,5.1579270362854,6.736301422119141,7.785090446472168,7.278414249420166,6.194154262542725,6.277308464050293,6.814215660095215,5.786066055297852,3.0731427669525146,0.2361522614955902,-1.1259821653366089
-1.8265440464019775,-2.147704601287842,-2.192996025085449,-1.4404994249343872,-0.2963545024394989,0.1354862004518509,0.3158927261829376,0.34479641914367676,1.0476843118667603,1.9736406803131104,2.472895860671997,3.1403846740722656,4.2557477951049805,4.886966228485107,5.1964616775512695,5.355887413024902,5.22129487991333,5.078211307525635,5.579833507537842,6.711836338043213,7.538611888885498,7.545099258422852,7.311980724334717,7.432906150817871,7.6049604415893555,7.467565059661865,7.118170738220215,6.796449661254883,6.602556228637695,6.013916492462158,4.773016452789307,3.964587688446045,4.873547077178955,6.630972862243652,7.535044193267822,6.831366062164307,5.795568943023682,5.818226337432861,6.898211479187012,7.0237956047058105,4.6465911865234375,1.3511730432510376,0.7776017189025879
-1.605539321899414,-3.05098295211792,-3.197795867919922,-1.8454210758209229,-0.7344833016395569,-0.3433009386062622,0.30560359358787537,0.9163992404937744,1.3274132013320923,1.6347821950912476,2.4999330043792725,3.4658632278442383,3.494683265686035,3.7107999324798584,4.32358980178833,4.992387771606445,5.617021083831787,5.920951843261719,6.286837100982666,7.104623317718506,7.912463665008545,7.865934371948242,7.395956516265869,7.240846157073975,7.194693565368652,7.296631336212158,7.458445072174072,7.417853355407715,7.463011741638184,7.292947769165039,6.459922790527344,5.570930004119873,5.699349880218506,6.435608386993408,6.491788387298584,5.849330425262451,5.039227485656738,4.991971969604492,6.398403167724609,7.022638320922852,5.135439395904541,2.8500497341156006,3.1591670513153076
-1.0022311210632324,-3.0717668533325195,-3.403580904006958,-1.8937463760375977,-0.9303954839706421,-0.3518299460411072,0.4576015770435333,0.9011843204498291,0.9184097051620483,1.3549867868423462,2.4878673553466797,2.9894323348999023,2.884657382965088,3.3681564331054688,4.131414413452148,4.915156364440918,5.781609535217285,6.429598808288574,6.900675296783447,7.371108531951904,7.785141468048096,8.086736679077148,8.090441703796387,7.533011436462402,6.839359760284424,6.827764987945557,7.239744663238525,7.794703483581543,8.492535591125488,8.7162504196167,8.126396179199219,7.180536270141602,6.2586989402771,5.818889617919922,5.456626892089844,4.925087928771973,4.013611316680908,3.6309664249420166,4.976273536682129,5.636852741241455,4.34250020980835,4.010844707489014,4.99660587310791
0.7138608694076538,-1.9839544296264648,-3.2041430473327637,-1.9518370628356934,-0.9174823760986328,-0.39634186029434204,0.015941930934786797,0.2205185890197754,0.6706218719482422,1.640621542930603,2.2623133659362793,2.58042573928833,3.1444921493530273,3.695361375808716,4.273256301879883,4.984835147857666,5.888580322265625,6.756965160369873,7.245456695556641,7.345189094543457,7.434786319732666,8.09078311920166,8.735182762145996,8.129124641418457,7.057980537414551,6.739141464233398,6.977127552032471,7.768514633178711,8.971514701843262,9.354995727539062,8.758883476257324,7.844842910766602,6.468992710113525,4.944243431091309,4.217931747436523,4.086652755737305,3.2871603965759277,2.3844845294952393,3.277174472808838,3.9068241119384766,4.162791728973389,5.513938903808594,6.121662139892578
2.29390287399292,-0.5512321591377258,-2.4320807456970215,-1.783381700515747,-1.0529059171676636,-0.8156609535217285,-0.4959236681461334,0.06749142706394196,1.0019440650939941,1.8751174211502075,2.41174054145813,2.887563943862915,3.2727630138397217,3.808911085128784,4.546205520629883,5.284639358520508,6.019232749938965,6.716494083404541,7.110568046569824,7.183105945587158,7.474961280822754,8.468167304992676,9.140323638916016,8.338688850402832,7.074263095855713,6.33223295211792,6.242547035217285,7.271022319793701,8.733015060424805,8.93215560913086,8.251315116882324,7.494724273681641,6.064830303192139,4.113082408905029,3.3306288719177246,3.830162286758423,3.433163642883301,2.1858668327331543,2.388988733291626,3.205730438232422,5.37041711807251,7.366575717926025,6.790409564971924
2.6364481449127197,-0.023331522941589355,-1.7824819087982178,-1.75925874710083,-1.5403834581375122,-1.292380690574646,-0.8245134949684143,0.3472996950149536,1.8420370817184448,2.7431137561798096,2.809694766998291,2.640317678451538,2.880844831466675,3.900210380554199,4.948947429656982,5.565298080444336,5.989670276641846,6.458798885345459,6.91215181350708,7.301985740661621,7.945999622344971,8.876235961914062,8.972238540649414,7.8233418464660645,6.566554069519043,5.739059925079346,6.011072158813477,7.80192232131958,9.281820297241211,8.193169593811035,7.01193380355835,6.585971355438232,5.672493934631348,3.938253402709961,3.2587695121765137,3.913337469100952,3.7342495918273926,2.3567910194396973,2.368880033493042,4.082163333892822,7.1016669273376465,8.25671100616455,7.008501052856445
2.523069381713867,-0.21475458145141602,-1.828688144683838,-2.0598835945129395,-1.9332497119903564,-1.800586462020874,-1.2688297033309937,0.5138083696365356,2.50154185295105,3.3533756732940674,3.0405092239379883,2.629833936691284,2.6616950035095215,3.5343515872955322,4.97355318069458,5.843609809875488,6.074952125549316,6.342674255371094,6.981377601623535,7.777036666870117,8.423003196716309,8.698680877685547,8.23248291015625,7.032247543334961,5.945321083068848,6.021348476409912,7.783055305480957,9.964863777160645,10.11081314086914,8.525552749633789,7.203099250793457,6.453762054443359,5.166701793670654,3.955406427383423,3.8107569217681885,4.343167304992676,3.75915789604187,2.511913537979126,2.8720924854278564,5.344841957092285,7.791706085205078,7.957093715667725,7.215900421142578
2.514110803604126,-0.3799404203891754,-1.6691699028015137,-1.992796778678894,-2.0908710956573486,-2.1361045837402344,-1.317440390586853,0.36067166924476624,2.0537023544311523,2.9193873405456543,2.694713830947876,2.116995334625244,2.126511812210083,3.342755079269409,5.042740345001221,5.849276542663574,5.975039482116699,6.458040237426758,7.6929612159729,8.606036186218262,8.548077583312988,8.034758567810059,7.295053005218506,6.280198574066162,5.610635757446289,6.924877643585205,10.087966918945312,11.916789054870605,10.72514820098877,9.29476261138916,8.584883689880371,7.242775917053223,5.001307964324951,3.706385612487793,4.1254096031188965,5.090988636016846,4.7383623123168945,3.6433684825897217,3.41413950920105,4.979940891265869,6.4242706298828125,6.658322334289551,7.053553581237793
