data/wind_data/wind_47_3.json
{"header": {"parameterUnit": "KT", "parameterCategory": 2, "nx": 256, "ny": 198, "lo1": 44.73521041870117, "la1": -3.236724853515625, "lo2": 111.26478576660156, "la2": 43.468475341796875, "dx": 0.2609002888202667, "dy": -0.23708222806453705, "refTime": "2025-02-20 23:00:00", "forecastTime": 0, "parameterNumber": 2, "parameterNumberName": "eastward_wind"}, "data":
[rows 133 to 151 of 198, columns 88 to 131 of 256]
18.675573348999023,18.192691802978516,18.470556259155273,18.84966468811035,18.793283462524414,19.040191650390625,18.764934539794922,19.520252227783203,18.73217010498047,17.510414123535156,20.369792938232422,18.010353088378906,16.769535064697266,18.065574645996094,19.702335357666016,21.322065353393555,22.93125343322754,24.081851959228516,24.669391632080078,25.202411651611328,26.095849990844727,27.266347885131836,28.13894271850586,28.01658058166504,26.58448600769043,24.15131187438965,21.467409133911133,19.190568923950195,17.481937408447266,15.827914237976074,13.679094314575195,11.729482650756836,10.918469429016113,9.453274726867676,5.519741058349609,5.14801025390625,6.400987148284912,6.9520087242126465,6.295986652374268,5.346672534942627,4.932377338409424,8.428378105163574,14.540112495422363,16.82929801940918
21.3018856048584,20.973424911499023,19.30294418334961,19.172868728637695,19.504467010498047,19.168445587158203,18.815412521362305,18.74144172668457,17.39374542236328,15.208195686340332,21.187217712402344,22.212520599365234,20.538969039916992,21.125408172607422,22.4892635345459,23.649248123168945,24.528165817260742,24.935571670532227,24.871000289916992,24.879779815673828,25.44565200805664,26.238550186157227,26.423982620239258,25.532577514648438,23.566225051879883,20.88858985900879,18.198951721191406,16.088476181030273,14.589113235473633,12.937847137451172,10.78456974029541,8.889023780822754,7.922360897064209,6.732353210449219,3.9489824771881104,3.822479486465454,4.824932098388672,5.22356653213501,3.9533348083496094,3.695949077606201,6.681171894073486,11.903511047363281,15.830069541931152,17.464481353759766
19.57817268371582,20.080394744873047,20.699234008789062,20.480403900146484,20.07109260559082,19.471710205078125,19.254146575927734,19.245162963867188,17.9290771484375,15.363835334777832,21.765975952148438,25.28058433532715,22.909168243408203,21.57712745666504,21.90728759765625,22.336790084838867,22.40326499938965,22.32870864868164,22.38602638244629,22.75904655456543,23.34529685974121,23.56525993347168,22.835285186767578,21.13335609436035,18.773406982421875,16.33941078186035,14.436362266540527,13.0238676071167,11.754014015197754,10.017538070678711,7.728078842163086,5.716668605804443,4.951266765594482,4.163135051727295,2.8690226078033447,3.051670789718628,4.109265327453613,5.906458854675293,5.892327308654785,6.0787553787231445,9.67903995513916,15.15356159210205,18.134672164916992,19.46695899963379
17.859317779541016,17.87175750732422,19.432483673095703,20.526214599609375,20.51875114440918,20.291223526000977,20.524744033813477,20.535154342651367,18.132659912109375,14.727665901184082,20.638320922851562,23.739559173583984,20.523212432861328,18.58253288269043,18.97079849243164,19.559511184692383,19.58945083618164,19.605754852294922,19.927982330322266,20.53033447265625,20.571393966674805,19.59128189086914,17.794044494628906,15.483994483947754,13.431620597839355,12.213386535644531,11.43253231048584,10.237515449523926,8.596699714660645,6.430039882659912,4.002706527709961,2.308866500854492,1.4629887342453003,1.879797101020813,2.520670175552368,3.1503407955169678,6.40068244934082,11.547142028808594,12.59450912475586,11.603876113891602,11.904409408569336,14.803183555603027,19.231019973754883,25.129301071166992
16.787351608276367,16.23488998413086,18.004417419433594,19.752511978149414,20.396818161010742,20.285869598388672,21.064842224121094,21.656457901000977,19.325056076049805,12.48903751373291,17.872068405151367,19.83360481262207,17.286867141723633,16.615930557250977,17.55192756652832,18.055789947509766,17.70543098449707,17.321796417236328,17.454713821411133,17.613208770751953,16.560840606689453,14.801719665527344,12.687220573425293,10.916145324707031,10.272750854492188,10.054984092712402,8.804895401000977,6.594737529754639,4.5313591957092285,2.541684627532959,0.6557244658470154,-0.2665785253047943,-0.16576114296913147,-0.14993029832839966,0.3413352966308594,2.171246290206909,7.509702205657959,14.914670944213867,17.60934829711914,16.026565551757812,15.624970436096191,20.427906036376953,27.39650535583496,34.447364807128906
16.139240264892578,15.646312713623047,16.780454635620117,18.575626373291016,19.77250099182129,18.994388580322266,20.376794815063477,22.527631759643555,21.25889015197754,13.305734634399414,15.446063041687012,16.304227828979492,15.130803108215332,14.94310474395752,15.536247253417969,15.649201393127441,15.070649147033691,14.494668006896973,14.394001960754395,14.055150985717773,12.93078327178955,11.487470626831055,9.905308723449707,8.961703300476074,8.712058067321777,7.7782158851623535,5.121610641479492,2.698821544647217,1.604163646697998,0.17447111010551453,-1.4454587697982788,-1.997316837310791,-2.344383955001831,-2.504913568496704,-2.1677932739257812,0.5205320119857788,5.260579586029053,11.662687301635742,16.39356803894043,18.40428352355957,23.23552894592285,32.219947814941406,40.48554229736328,46.387210845947266
15.609051704406738,15.295551300048828,15.803811073303223,17.45086669921875,18.770404815673828,17.29653549194336,17.513750076293945,21.67218017578125,23.29491424560547,16.239486694335938,12.946187973022461,12.922843933105469,12.956873893737793,12.839126586914062,12.95523452758789,12.843287467956543,12.417174339294434,11.915334701538086,11.782350540161133,11.70515251159668,11.309854507446289,10.214635848999023,8.703839302062988,7.511209964752197,6.753281116485596,5.086148738861084,2.2545416355133057,0.6971055865287781,-0.16334779560565948,-1.9689823389053345,-3.9590532779693604,-5.481367588043213,-6.834046840667725,-7.1398725509643555,-7.263576507568359,-3.1501266956329346,2.815068006515503,7.639768123626709,11.805486679077148,18.026029586791992,27.41571807861328,37.873687744140625,47.74994659423828,55.83769226074219
15.234108924865723,15.172231674194336,15.540533065795898,16.93058967590332,18.388103485107422,16.61758804321289,15.784337043762207,19.648738861083984,22.785245895385742,16.765640258789062,10.156575202941895,9.741531372070312,11.244351387023926,11.584985733032227,11.238375663757324,10.969199180603027,10.638283729553223,10.504576683044434,11.040959358215332,11.369699478149414,10.769176483154297,9.239858627319336,7.503529071807861,6.042372703552246,5.064380645751953,2.8998825550079346,0.18781200051307678,-1.1178642511367798,-2.6818203926086426,-5.124993801116943,-7.822688102722168,-10.312745094299316,-11.99850845336914,-11.984551429748535,-10.749829292297363,-4.662692546844482,4.159352779388428,8.111489295959473,12.664945602416992,21.818912506103516,30.63932228088379,36.751407623291016,43.326622009277344,50.75840377807617
15.166507720947266,15.416730880737305,15.765008926391602,16.56444549560547,17.873567581176758,16.544212341308594,13.243997573852539,14.55708122253418,18.91809844970703,14.284682273864746,8.297788619995117,8.02593994140625,10.183771133422852,10.812254905700684,10.425155639648438,10.575423240661621,10.93454360961914,11.370124816894531,11.874161720275879,11.545051574707031,10.129591941833496,8.084319114685059,6.358893394470215,4.894728660583496,3.7074639797210693,0.7342579364776611,-1.9948573112487793,-2.737126111984253,-4.582235813140869,-7.73195219039917,-11.174318313598633,-13.286114692687988,-15.303750038146973,-17.068105697631836,-17.111309051513672,-10.302485466003418,-0.5975180268287659,6.6997857093811035,21.885557174682617,36.534690856933594,39.200347900390625,36.46154022216797,38.531436920166016,44.86870193481445
15.301126480102539,15.87308120727539,16.252792358398438,17.090177536010742,18.92827033996582,18.471088409423828,13.548318862915039,11.797011375427246,15.284980773925781,10.828888893127441,6.362881183624268,6.522609710693359,9.269196510314941,10.984903335571289,10.867731094360352,10.87878131866455,11.447179794311523,12.289769172668457,12.85185718536377,12.148618698120117,10.02976131439209,7.334702968597412,5.408480644226074,3.9028496742248535,2.529308557510376,-1.2407020330429077,-3.749138593673706,-4.25974702835083,-6.5975799560546875,-10.890612602233887,-13.45365047454834,-14.009217262268066,-14.937227249145508,-11.918802261352539,-3.9749138355255127,1.845691442489624,6.679145336151123,14.107959747314453,34.12879180908203,48.17987060546875,43.24049758911133,36.0101203918457,37.1922721862793,42.37905502319336
15.145917892456055,15.833751678466797,17.868797302246094,20.202665328979492,21.16196060180664,20.141660690307617,16.403554916381836,11.360904693603516,11.037552833557129,12.055732727050781,8.69529914855957,6.861565589904785,9.195443153381348,11.60808277130127,11.492103576660156,10.874605178833008,11.487091064453125,12.86877727508545,13.709924697875977,12.800125122070312,9.8562650680542,6.556788444519043,4.6217169761657715,3.2299556732177734,1.579390048980713,-2.494359016418457,-4.434375286102295,-5.029092788696289,-7.22681188583374,-11.393847465515137,-14.436811447143555,-13.676290512084961,-8.352088928222656,2.4156787395477295,11.48598861694336,13.777779579162598,16.672372817993164,25.979219436645508,42.70378494262695,50.36525344848633,44.74242401123047,39.13240432739258,38.058509826660156,38.91218185424805
15.342574119567871,15.811285018920898,17.194049835205078,19.661319732666016,21.121429443359375,20.411954879760742,17.98259735107422,13.026028633117676,14.324389457702637,17.650972366333008,12.630254745483398,8.033975601196289,9.003559112548828,11.348346710205078,11.289291381835938,10.826170921325684,11.873737335205078,14.009098052978516,14.221254348754883,13.021706581115723,9.84347152709961,6.065828323364258,3.7692179679870605,2.4053642749786377,0.6956168413162231,-3.3364272117614746,-5.217477798461914,-6.484842777252197,-7.639126300811768,-8.17836856842041,-8.143668174743652,-8.32800006866455,-3.773780107498169,7.809802532196045,16.5981388092041,17.43330192565918,21.753881454467773,36.853904724121094,50.0521125793457,52.2357063293457,49.408443450927734,45.85237121582031,42.0682373046875,41.24220275878906
15.079071998596191,14.703109741210938,15.77431869506836,18.834383010864258,21.68803596496582,21.048702239990234,15.974202156066895,11.154837608337402,14.781966209411621,16.11098289489746,11.546855926513672,8.834282875061035,9.34284782409668,11.285399436950684,10.929598808288574,9.985685348510742,10.759916305541992,12.09123420715332,12.602363586425781,12.03752613067627,9.686031341552734,5.400747299194336,2.1835076808929443,0.9918592572212219,0.090422123670578,-2.8964834213256836,-5.127971172332764,-7.263467311859131,-7.6088032722473145,-2.7666518688201904,4.824563980102539,6.463002681732178,3.3889737129211426,8.16057300567627,16.300268173217773,19.26627540588379,28.28722381591797,40.50638961791992,48.8047981262207,48.62404251098633,48.976558685302734,48.911865234375,46.74782180786133,43.24188232421875
17.813989639282227,16.178009033203125,15.465538024902344,17.664730072021484,20.994400024414062,21.769641876220703,15.352856636047363,8.864437103271484,7.270768642425537,10.777520179748535,11.327016830444336,10.421814918518066,10.50435733795166,11.50515365600586,10.53625774383545,8.351325988769531,6.980832576751709,7.4640793800354,8.055768966674805,8.203706741333008,7.366246700286865,4.06456184387207,1.1175791025161743,0.04360000416636467,0.13871285319328308,-1.065405249595642,-4.086400985717773,-6.6062469482421875,-6.4277496337890625,-0.5444408655166626,8.22707462310791,12.692085266113281,12.476106643676758,14.410324096679688,20.958091735839844,25.737560272216797,30.838233947753906,38.96218490600586,41.02090835571289,40.62415313720703,42.630775451660156,46.145198822021484,45.59528350830078,38.631500244140625
19.266305923461914,18.90883445739746,15.961373329162598,15.050434112548828,17.51079750061035,20.796438217163086,17.83997344970703,8.765551567077637,2.4907968044281006,5.059293270111084,10.173006057739258,12.609010696411133,12.682624816894531,10.424774169921875,7.744616508483887,5.704320907592773,4.028227806091309,4.3993306159973145,5.012588024139404,4.963123321533203,4.510807037353516,2.7272708415985107,0.9417218565940857,-0.013874071650207043,0.5305001735687256,1.5263845920562744,3.0235743522644043,4.797124862670898,4.650763988494873,3.665332794189453,4.403722286224365,8.749536514282227,13.452805519104004,19.519817352294922,28.329822540283203,35.8228874206543,33.77439498901367,33.465965270996094,36.383514404296875,38.71339797973633,39.325157165527344,41.20011520385742,40.12809371948242,35.600704193115234
18.527122497558594,18.8034610748291,15.150870323181152,12.863938331604004,15.432154655456543,19.522445678710938,20.25191307067871,12.906061172485352,3.204440116882324,0.7092022895812988,6.3290910720825195,13.27920913696289,16.032629013061523,11.015937805175781,5.115092754364014,3.698106527328491,2.949009418487549,3.3939695358276367,4.231281280517578,4.271411895751953,3.849053144454956,2.6399829387664795,1.5117948055267334,0.988924503326416,1.252158761024475,4.620890140533447,11.10168170928955,15.704889297485352,13.818772315979004,8.935627937316895,4.318449974060059,6.724775314331055,13.999802589416504,24.067880630493164,30.692493438720703,33.25968933105469,31.394184112548828,28.83005142211914,33.49457550048828,38.889183044433594,40.72483825683594,41.222511291503906,39.05449676513672,36.95824432373047
19.218652725219727,19.17166519165039,16.291675567626953,14.682965278625488,18.042396545410156,20.126523971557617,22.524276733398438,17.675533294677734,8.664398193359375,5.231874942779541,9.015244483947754,13.751212120056152,17.09101676940918,14.030102729797363,5.997528076171875,3.0819456577301025,2.3714487552642822,2.752207040786743,3.1565005779266357,3.608793020248413,3.820650577545166,3.1910696029663086,2.5594284534454346,2.6878833770751953,3.693110942840576,8.651031494140625,15.100797653198242,12.611045837402344,4.192047119140625,6.362911224365234,9.927484512329102,13.890863418579102,21.165441513061523,30.52316665649414,32.70020294189453,29.995248794555664,29.035533905029297,30.062097549438477,28.52033805847168,34.85157012939453,40.00001907348633,42.335636138916016,37.454891204833984,34.71489715576172
20.924367904663086,20.104541778564453,17.93651580810547,16.490747451782227,17.649375915527344,18.18677520751953,21.481571197509766,22.25582504272461,17.985393524169922,15.497476577758789,14.478253364562988,14.089871406555176,12.516670227050781,10.482336044311523,5.240313529968262,1.0132949352264404,0.15458501875400543,0.8840190172195435,0.8773592710494995,1.458233118057251,2.3272829055786133,3.7244138717651367,3.729825973510742,3.8484206199645996,6.90972900390625,12.464643478393555,11.58531379699707,2.482196569442749,-1.85658860206604,2.916182279586792,13.171573638916016,21.013412475585938,28.557268142700195,34.20687484741211,34.831356048583984,31.542808532714844,31.61909294128418,28.261140823364258,30.376317977905273,35.26816177368164,35.72206115722656,36.74039840698242,35.7435302734375,33.72877502441406
21.069608688354492,20.116870880126953,17.761274337768555,14.39978313446045,12.542540550231934,13.716099739074707,16.916231155395508,20.33451271057129,21.430646896362305,18.217411041259766,11.84325122833252,5.497215747833252,3.443739175796509,3.77357816696167,3.354963779449463,-0.09053076058626175,-2.884324789047241,-2.358832597732544,-1.3889790773391724,-0.6312942504882812,-0.6367895603179932,0.8302425742149353,2.10630464553833,3.914912223815918,8.154073715209961,11.133148193359375,3.5659823417663574,-2.973555564880371,2.5719335079193115,10.87181568145752,20.664094924926758,28.963882446289062,34.60451126098633,35.98838424682617,34.84574890136719,33.09036636352539,29.68581199645996,28.043472290039062,32.37928009033203,37.733036041259766,34.21910095214844,26.6873836517334,30.330385208129883,34.461700439453125
