data/wind_data/wind_50_1.json
{"header": {"parameterUnit": "KT", "parameterCategory": 2, "nx": 256, "ny": 198, "lo1": 44.73521041870117, "la1": -3.236724853515625, "lo2": 111.26478576660156, "la2": 43.468475341796875, "dx": 0.2609002888202667, "dy": -0.23708222806453705, "refTime": "2025-02-21 02:00:00", "forecastTime": 0, "parameterNumber": 2, "parameterNumberName": "eastward_wind"}, "data":
[rows 152 to 170 of 198, columns 0 to 42 of 256]
1.458052396774292,-0.10852628201246262,-0.6368041038513184,0.11390602588653564,-3.6571123600006104,2.3101003170013428,9.550762176513672,6.403178691864014,0.6925862431526184,-0.15846991539001465,1.199450969696045,4.909107208251953,8.011133193969727,6.985699653625488,8.07374095916748,13.068056106567383,16.0546875,16.15795135498047,13.403454780578613,8.037641525268555,1.6275837421417236,5.207417964935303,8.048362731933594,5.595505714416504,7.15082311630249,0.62135249376297,1.5946893692016602,-0.2695035934448242,3.0132365226745605,7.306658744812012,3.94899320602417,4.700934886932373,6.532204627990723,6.240243434906006,5.057943344116211,3.4858481884002686,4.523134708404541,6.500552654266357,8.095109939575195,9.32767391204834,10.432852745056152,4.376832485198975,1.5584064722061157
0.6984245777130127,-0.12809699773788452,-0.14138220250606537,1.0854796171188354,-0.13102662563323975,4.339773178100586,10.032027244567871,6.503299713134766,-1.236969232559204,0.1681136041879654,2.793090581893921,4.861016273498535,6.178887844085693,5.930316925048828,5.874548435211182,9.093268394470215,13.916379928588867,12.237939834594727,9.83773136138916,7.9795002937316895,5.534244060516357,12.201388359069824,9.99267864227295,1.155295968055725,-4.123015880584717,0.682373583316803,0.6449539661407471,-0.5832175612449646,0.612801730632782,0.6966931819915771,0.683737576007843,4.43866491317749,4.062722682952881,2.1594083309173584,-0.19264450669288635,-2.069302558898926,-1.4543977975845337,0.9136084318161011,2.787257194519043,3.0818943977355957,1.0610896348953247,-3.6407265663146973,-4.38742208480835
-0.4710502624511719,-0.22497592866420746,0.12258094549179077,1.3536897897720337,2.3014087677001953,4.949438571929932,10.833871841430664,6.952043533325195,-0.2945863902568817,1.8873372077941895,5.080803394317627,5.043715953826904,4.958690166473389,5.650971412658691,10.114580154418945,9.697843551635742,1.696797251701355,-0.2103005200624466,6.385428428649902,9.921304702758789,14.136001586914062,13.09813117980957,-0.0755515918135643,-0.3791675865650177,-1.9584555625915527,1.6751797199249268,0.8068743348121643,-2.3043506145477295,-1.5978448390960693,2.176443099975586,4.375974178314209,5.2254438400268555,2.850999116897583,-1.098357915878296,-4.24960994720459,-4.64044713973999,-4.697485446929932,-4.9645609855651855,-5.007390022277832,-3.4862022399902344,-3.393281936645508,-4.600316047668457,-6.36232328414917
-0.8903622031211853,-0.23135614395141602,0.2179936170578003,1.9711352586746216,4.642623424530029,3.4305131435394287,9.712727546691895,11.421392440795898,2.090512990951538,2.814070463180542,5.6768083572387695,5.603872299194336,5.713897228240967,6.205956935882568,12.297561645507812,8.561478614807129,-1.2257713079452515,-2.3645763397216797,2.7518327236175537,8.662771224975586,12.39892292022705,1.769853115081787,-1.745160460472107,-0.7088921666145325,1.061468243598938,1.8600071668624878,1.2681231498718262,0.714888870716095,1.2623571157455444,4.298032760620117,6.456715106964111,3.6640350818634033,-0.828139066696167,-3.3560428619384766,-4.000566005706787,-4.088459491729736,-6.043264865875244,-8.07168197631836,-8.361753463745117,-7.8617634773254395,-7.739939212799072,-7.39939546585083,-7.023611545562744
-0.07238151878118515,0.6698041558265686,0.37415432929992676,2.5610339641571045,3.7364659309387207,2.740417003631592,7.328736782073975,12.23041820526123,6.876826763153076,2.4921298027038574,4.8242411613464355,6.1719231605529785,7.119656085968018,7.513704776763916,12.317437171936035,1.782636046409607,-4.837029933929443,-3.2475223541259766,1.7848336696624756,6.951889514923096,6.7781195640563965,-2.0085268020629883,-1.4791611433029175,-0.5734148621559143,2.237672805786133,2.396080493927002,-0.46571171283721924,0.12523874640464783,1.0623092651367188,0.9206633567810059,-0.8245100975036621,-2.529057741165161,-1.1508551836013794,0.06016216799616814,-2.77610182762146,-6.507837295532227,-7.0716657638549805,-8.383371353149414,-8.960247993469238,-8.816666603088379,-9.121391296386719,-8.726691246032715,-6.341568946838379
1.2250810861587524,1.3271089792251587,1.0098923444747925,1.1337814331054688,0.9209393858909607,4.1237382888793945,6.046943187713623,10.244365692138672,10.692850112915039,4.845637321472168,2.4849750995635986,5.225727558135986,5.395492076873779,7.017520904541016,11.502972602844238,2.2541627883911133,-2.3940088748931885,1.288634181022644,6.844847679138184,11.179145812988281,4.995670318603516,-2.5763397216796875,2.532330274581909,1.2941418886184692,1.0738117694854736,-3.4366631507873535,-6.069105625152588,-4.020627021789551,-3.0262861251831055,-2.2366228103637695,-2.5106422901153564,-2.9133431911468506,-0.2706635296344757,3.719827890396118,-4.436343193054199,-9.589238166809082,-4.809834957122803,-4.537144660949707,-5.305704593658447,-6.736181259155273,-10.686311721801758,-10.608543395996094,-6.777298450469971
1.2453722953796387,1.1188828945159912,0.4166952967643738,0.9222939014434814,0.9219812154769897,4.522904872894287,5.443741321563721,8.017855644226074,12.330085754394531,8.85804557800293,0.3086945712566376,2.520305633544922,3.8621826171875,7.343226909637451,6.022105693817139,0.22688156366348267,2.0905728340148926,6.407524108886719,6.876296043395996,2.14701247215271,0.7014742493629456,0.6563488245010376,3.427380323410034,4.008457660675049,-3.7113771438598633,-6.315786838531494,-5.637943744659424,-5.953396320343018,-4.644988059997559,-2.086808919906616,1.0295342206954956,2.292330265045166,2.766495943069458,2.0348143577575684,-5.174558162689209,-8.155271530151367,-1.0333019495010376,2.794623613357544,3.0383124351501465,-1.5721796751022339,-12.029626846313477,-11.047554016113281,-7.3538594245910645
2.45515775680542,0.5828376412391663,1.1398738622665405,1.8076421022415161,2.657958507537842,4.281212329864502,6.446876049041748,6.9155802726745605,9.172627449035645,5.501858711242676,-0.3349934220314026,0.47610169649124146,2.9681930541992188,0.2007983922958374,-3.6978073120117188,-2.7610552310943604,1.9174152612686157,-0.2695513963699341,-3.390871047973633,-0.019075799733400345,4.463699817657471,3.0829594135284424,3.1111507415771484,-1.3061434030532837,-6.85257625579834,-8.61837387084961,-8.727752685546875,-8.000927925109863,-4.952653884887695,3.5046770572662354,9.452286720275879,4.630635738372803,0.8581706881523132,-1.3814295530319214,-4.714624881744385,-4.954441547393799,-0.4050781726837158,1.6790813207626343,-0.21151717007160187,-0.7571520209312439,-9.921364784240723,-12.894638061523438,-7.3066182136535645
2.1680099964141846,0.15421216189861298,1.2991853952407837,3.18046498298645,3.9041926860809326,5.995025634765625,8.263959884643555,7.640843868255615,4.6784467697143555,1.0027055740356445,-0.5366121530532837,-3.0708136558532715,-3.7213618755340576,-7.363091468811035,-7.078394889831543,-3.626816511154175,-4.372287750244141,-3.0674426555633545,-1.0815045833587646,1.8687576055526733,3.4915904998779297,1.2979985475540161,-3.1284313201904297,-6.484882354736328,-7.429779529571533,-7.8975138664245605,-6.648009777069092,-2.442899703979492,7.672347068786621,10.150999069213867,4.471065998077393,2.0675058364868164,-0.03099384903907776,-1.210599660873413,-4.982206344604492,-6.681428909301758,-4.651814937591553,-3.69767427444458,-4.384640216827393,-4.423217296600342,-8.548819541931152,-12.932541847229004,-6.056657791137695
1.2149581909179688,5.109221935272217,4.311728477478027,4.809521675109863,5.711467742919922,7.9896464347839355,8.871535301208496,4.685633182525635,-1.8794658184051514,-2.2325727939605713,-2.3531782627105713,-2.9453256130218506,-5.615042209625244,-8.522693634033203,-5.995001792907715,-6.074166774749756,-6.589790344238281,-4.086823463439941,-2.616312265396118,3.943924903869629,3.3097193241119385,-1.5017971992492676,-4.929050922393799,-6.0229082107543945,-0.05156076326966286,1.6594911813735962,-0.8788164854049683,1.3414448499679565,4.665521144866943,2.081498861312866,-0.6529726386070251,0.4449397623538971,-0.8634793758392334,1.5743708610534668,-0.10647964477539062,-5.1014485359191895,-7.289449691772461,-9.319960594177246,-7.220823764801025,-4.3012824058532715,-6.60679817199707,-8.09759521484375,-1.5689315795898438
-1.8001201152801514,5.173488140106201,6.7022833824157715,6.592453956604004,7.770299911499023,10.018357276916504,5.735961437225342,-2.931668758392334,-5.6133222579956055,-2.479137659072876,-0.5412206649780273,3.2925217151641846,-5.554437160491943,-7.757328987121582,-7.407334804534912,-9.255038261413574,-7.760376930236816,-4.784548282623291,-0.8489035367965698,3.765469789505005,3.8505184650421143,1.6084284782409668,-0.6752955913543701,1.8650264739990234,2.0072662830352783,-0.0021325231064110994,-2.082951068878174,-2.423879623413086,-2.159837484359741,-0.008159829303622246,-2.1804332733154297,0.8752965927124023,2.16066837310791,3.371075391769409,1.2383660078048706,-2.9283342361450195,-5.224335670471191,-8.013997077941895,-4.904849529266357,-1.2841819524765015,-1.0130771398544312,-3.4085617065429688,-0.6365132927894592
-1.3329530954360962,4.962649822235107,8.133489608764648,8.050042152404785,8.49746036529541,8.441707611083984,-2.0070667266845703,-8.185568809509277,-3.8699305057525635,-3.5557098388671875,12.308167457580566,5.326971054077148,-7.200064182281494,-8.792766571044922,-12.479866981506348,-10.187503814697266,-6.735978126525879,-3.3493764400482178,0.5550611019134521,1.798384666442871,4.29518461227417,2.3157455921173096,0.6306770443916321,-1.8363468647003174,-3.3004539012908936,-2.110990047454834,-5.864748954772949,-8.266067504882812,-4.539276123046875,0.12199346721172333,-2.922244071960449,0.035413727164268494,3.071078300476074,4.976696014404297,3.610069990158081,2.1908600330352783,1.016062617301941,-1.8154174089431763,-0.9908774495124817,0.2744339406490326,-2.094472646713257,-4.2720746994018555,-4.605502605438232
1.6827051639556885,6.997461318969727,9.251044273376465,7.07628870010376,6.723665714263916,0.8905633091926575,-6.848076820373535,-7.073782920837402,-2.4668166637420654,8.51766300201416,10.324732780456543,-2.8998868465423584,-8.049525260925293,-13.562986373901367,-15.571243286132812,-11.377963066101074,-6.336249828338623,-2.5689613819122314,1.3914493322372437,2.8104088306427,5.7109150886535645,6.133932113647461,1.3097907304763794,-3.224130630493164,-8.108453750610352,-7.240805625915527,-8.486709594726562,-7.019196510314941,-5.230732440948486,-5.0221333503723145,-3.302168607711792,-1.6475286483764648,0.10776298493146896,3.6939008235931396,5.272412300109863,9.918411254882812,10.227092742919922,8.716416358947754,7.994809150695801,3.661571979522705,-0.48998358845710754,-4.55076789855957,-7.709350109100342
4.240922927856445,9.110833168029785,8.296306610107422,5.539740562438965,-0.7886991500854492,-7.223576068878174,-7.29669189453125,-4.459001541137695,3.7550737857818604,3.5211143493652344,-9.01680850982666,-9.677104949951172,-16.651874542236328,-19.342697143554688,-16.39252471923828,-13.011445999145508,-8.88853931427002,-2.01400089263916,5.70205020904541,7.747693061828613,7.547420501708984,8.114168167114258,8.932633399963379,0.26865193247795105,-11.111794471740723,-10.761104583740234,-8.472527503967285,-7.854032039642334,-6.6129255294799805,-5.944850921630859,-3.974931478500366,-2.4455127716064453,-3.1755411624908447,-0.6990503072738647,2.3398520946502686,5.535639762878418,6.431004047393799,7.3625407218933105,8.84301471710205,7.514878749847412,5.649139881134033,-0.7323446869850159,-4.965810775756836
3.5163464546203613,8.450115203857422,4.755691051483154,0.18725693225860596,-10.00969123840332,-11.244186401367188,-7.520900726318359,-1.4743058681488037,-1.258019208908081,-12.028302192687988,-12.084880828857422,-12.50680160522461,-14.316469192504883,-17.79010009765625,-17.505224227905273,-15.637051582336426,-7.108217716217041,2.72426176071167,11.492035865783691,12.077473640441895,1.1334114074707031,4.257867336273193,-1.6385157108306885,-10.55771255493164,-12.036471366882324,-11.096223831176758,-8.96118450164795,-7.874590873718262,-7.43386697769165,-6.878125190734863,-5.826011657714844,-5.746459484100342,-3.910292148590088,-3.062426805496216,1.5729361772537231,2.273009777069092,5.608528137207031,6.5971174240112305,7.330920696258545,7.409612655639648,6.559671401977539,3.686316967010498,-1.8272610902786255
1.9539005756378174,5.487008094787598,1.0811604261398315,-3.5291762351989746,-14.913956642150879,-13.275318145751953,-7.642554759979248,-1.5697184801101685,-6.730721473693848,-14.217621803283691,-16.030675888061523,-11.930603981018066,-9.505755424499512,-12.174822807312012,-19.77608871459961,-14.647238731384277,-0.3495933711528778,3.5314526557922363,13.302851676940918,4.061070919036865,-8.385433197021484,-11.1195707321167,-12.125726699829102,-13.573606491088867,-13.061846733093262,-11.061344146728516,-9.308584213256836,-8.219522476196289,-7.5846099853515625,-7.183369159698486,-6.285102844238281,-6.392529487609863,-3.959709644317627,-2.71022367477417,1.4608556032180786,1.2769663333892822,4.138889312744141,6.397687911987305,6.600555419921875,4.594837665557861,3.2677416801452637,5.656207084655762,1.0322009325027466
1.928765058517456,3.2890141010284424,-0.22955699265003204,-3.346953868865967,-11.744869232177734,-10.297772407531738,-5.794826507568359,1.4579987525939941,-8.155571937561035,-12.803089141845703,-18.109272003173828,-13.546748161315918,-10.507545471191406,-10.257969856262207,-16.631977081298828,-13.404123306274414,-0.05316551774740219,6.179905414581299,10.744405746459961,-5.935838222503662,-6.614715576171875,-12.311622619628906,-12.458063125610352,-13.956452369689941,-12.497197151184082,-10.790431022644043,-9.507741928100586,-8.267929077148438,-7.643045902252197,-7.363950252532959,-6.166664123535156,-6.416247367858887,-4.062551498413086,-2.184072971343994,0.537992537021637,0.6292601227760315,3.2201755046844482,4.833676815032959,6.452539443969727,3.494213342666626,0.8692173361778259,4.794729709625244,3.1648144721984863
2.1731855869293213,1.774132490158081,-0.16215023398399353,-1.0001827478408813,-5.429788589477539,-2.475161552429199,-0.3069649636745453,-5.064148426055908,-11.350127220153809,-14.50397777557373,-19.193885803222656,-16.790616989135742,-10.895709991455078,-6.896373748779297,-11.719010353088379,-12.515609741210938,-1.3137818574905396,7.285186290740967,5.704372406005859,-8.174473762512207,-9.687521934509277,-13.134483337402344,-13.249214172363281,-13.049286842346191,-12.287081718444824,-10.950551986694336,-9.701773643493652,-8.470091819763184,-7.625561714172363,-7.3065595626831055,-6.067775249481201,-5.520557403564453,-3.171535015106201,-2.0541205406188965,0.5106858611106873,1.0650734901428223,2.479912042617798,3.001514434814453,4.996128559112549,3.099897861480713,1.5224624872207642,1.7177815437316895,0.45517268776893616
0.6886135339736938,1.8564338684082031,-0.15701261162757874,-1.5340906381607056,-3.9268741607666016,-2.203627586364746,-3.151494264602661,-12.395813941955566,-10.313597679138184,-11.63316822052002,-16.14216423034668,-13.681447982788086,-6.1245808601379395,-5.249500274658203,-7.827546119689941,-10.674674034118652,0.703424334526062,9.870442390441895,3.090162992477417,-10.324089050292969,-11.201905250549316,-12.994098663330078,-12.635440826416016,-12.449699401855469,-11.49507999420166,-10.840465545654297,-9.85576343536377,-8.989792823791504,-7.576124668121338,-6.633487224578857,-5.628022193908691,-4.74650239944458,-2.782522201538086,-2.1479086875915527,-0.1567717343568802,0.6216388940811157,2.2049026489257812,2.4361023902893066,2.4749789237976074,-0.3021879196166992,-2.667776584625244,-2.9465091228485107,-2.518033742904663
