data/wind_data/wind_57_5.json
{"header": {"parameterUnit": "KT", "parameterCategory": 2, "nx": 256, "ny": 198, "lo1": 44.73521041870117, "la1": -3.236724853515625, "lo2": 111.26478576660156, "la2": 43.468475341796875, "dx": 0.2609002888202667, "dy": -0.23708222806453705, "refTime": "2025-02-21 09:00:00", "forecastTime": 0, "parameterNumber": 2, "parameterNumberName": "eastward_wind"}, "data":
[rows 133 to 151 of 198, columns 88 to 131 of 256]
31.041397094726562,31.753978729248047,32.392242431640625,31.981679916381836,30.635234832763672,30.453441619873047,32.338470458984375,35.134864807128906,36.624813079833984,34.68339157104492,35.715335845947266,38.219356536865234,39.09623336791992,38.98684310913086,38.3279914855957,38.02244186401367,38.40685272216797,38.82815933227539,38.89085388183594,38.569461822509766,38.114784240722656,37.49864959716797,36.672637939453125,35.866302490234375,35.43815994262695,35.53851318359375,35.989776611328125,36.61488723754883,37.01490020751953,36.71132278442383,35.817012786865234,34.8274040222168,33.994876861572266,33.10691452026367,31.956390380859375,30.50757598876953,29.195791244506836,28.22754669189453,27.779836654663086,28.33692741394043,30.11189842224121,32.806610107421875,31.93901252746582,31.740467071533203
34.29012680053711,38.5123291015625,41.47199630737305,41.53898239135742,39.373374938964844,37.33285140991211,37.665077209472656,40.25775909423828,41.74369812011719,40.716705322265625,39.17578887939453,39.35565185546875,38.85515594482422,37.813514709472656,37.022483825683594,37.14085006713867,37.730064392089844,38.02685546875,37.9781379699707,37.65633010864258,37.073299407958984,36.2026481628418,35.14463806152344,34.29011917114258,33.9292106628418,34.05030059814453,34.42119598388672,34.85145950317383,34.846580505371094,34.2432861328125,33.379783630371094,32.86920928955078,32.781578063964844,31.99052619934082,29.796112060546875,27.850950241088867,27.039817810058594,26.984786987304688,27.22935676574707,28.844730377197266,31.889694213867188,32.910011291503906,31.63687515258789,32.01327896118164
41.26774215698242,44.07365798950195,46.533424377441406,48.0643424987793,47.80012130737305,45.728275299072266,44.243892669677734,45.3590202331543,46.38217544555664,44.730743408203125,41.518306732177734,39.767330169677734,37.596466064453125,35.676902770996094,35.33673095703125,36.169986724853516,36.888153076171875,37.020835876464844,36.88358688354492,36.64604949951172,36.105796813964844,35.01044845581055,33.70023727416992,32.73247528076172,32.36772537231445,32.449493408203125,32.80992126464844,33.28940200805664,33.332054138183594,32.66081237792969,32.13551330566406,32.55076599121094,30.425968170166016,25.49547576904297,23.511127471923828,24.552778244018555,26.32210922241211,28.24642562866211,29.636728286743164,30.24264907836914,30.686237335205078,31.534767150878906,33.25326919555664,35.7127685546875
50.7025146484375,51.80990982055664,51.90776062011719,53.22383117675781,53.97892761230469,52.36371612548828,50.787479400634766,50.42957305908203,50.75933837890625,47.763633728027344,42.87387466430664,39.50301742553711,36.285465240478516,34.80239486694336,35.249298095703125,36.089515686035156,36.28279495239258,36.06315231323242,35.893226623535156,35.69399642944336,35.05948257446289,33.987667083740234,32.78746795654297,31.87771224975586,31.481233596801758,31.388221740722656,31.541515350341797,31.820966720581055,31.54279899597168,30.577184677124023,29.599367141723633,28.194536209106445,25.860668182373047,24.079078674316406,23.879274368286133,25.729503631591797,28.692337036132812,31.031909942626953,30.91054916381836,30.62353515625,31.033655166625977,33.29973220825195,38.026039123535156,43.88728332519531
58.19625473022461,58.33070755004883,58.82604217529297,59.874813079833984,60.9034309387207,59.381683349609375,57.74568176269531,56.522945404052734,56.25113296508789,52.065704345703125,45.0687370300293,39.10710144042969,34.904720306396484,34.33713912963867,35.332332611083984,35.736778259277344,35.46981430053711,35.15131378173828,35.0736198425293,34.84794998168945,34.226715087890625,33.31788635253906,32.32697296142578,31.4656982421875,30.734344482421875,30.176565170288086,29.810962677001953,29.3985595703125,28.720584869384766,28.12590217590332,27.610410690307617,26.642383575439453,25.239702224731445,24.571575164794922,25.3157901763916,28.02555274963379,31.238922119140625,33.20622253417969,33.4162483215332,32.711326599121094,33.32075119018555,37.833404541015625,42.8955192565918,47.32301712036133
67.32608032226562,67.09195709228516,67.135986328125,66.79588317871094,65.85377502441406,62.99226760864258,60.4437255859375,59.175113677978516,58.977928161621094,54.07251739501953,45.820701599121094,37.89238357543945,33.334903717041016,33.14855194091797,34.133026123046875,34.43524932861328,34.21722412109375,34.03936767578125,34.0518798828125,33.89872741699219,33.36133575439453,32.4478645324707,31.319368362426758,30.127307891845703,29.025041580200195,28.180391311645508,27.82407569885254,27.803180694580078,27.782270431518555,27.612716674804688,27.407577514648438,27.092002868652344,26.573593139648438,26.476757049560547,26.76426124572754,28.97718048095703,31.535202026367188,32.92087936401367,33.461944580078125,34.93921661376953,39.242408752441406,45.165470123291016,48.972835540771484,50.03525924682617
72.93013763427734,72.28095245361328,70.54586791992188,67.53670501708984,64.74995422363281,62.064491271972656,59.36546325683594,58.82822799682617,58.680931091308594,52.757591247558594,43.6899528503418,35.99268341064453,32.56874084472656,32.47096252441406,33.015380859375,33.07189178466797,32.726837158203125,32.46430587768555,32.40485763549805,32.11459732055664,31.288484573364258,30.03014373779297,28.694496154785156,27.6336612701416,26.979372024536133,26.906986236572266,27.425209045410156,28.074722290039062,28.40911102294922,28.19517707824707,27.740978240966797,27.043724060058594,26.18865203857422,26.254562377929688,25.70026397705078,26.257417678833008,28.775896072387695,32.81892776489258,35.53095626831055,39.59383773803711,43.38517379760742,45.809226989746094,47.650779724121094,48.67116165161133
72.97384643554688,71.85123443603516,68.78288269042969,64.74497985839844,61.894405364990234,60.204376220703125,56.97132110595703,54.88602066040039,53.3961181640625,47.415122985839844,39.62649154663086,34.46550750732422,32.574398040771484,32.12935256958008,31.973648071289062,31.505207061767578,30.768230438232422,30.14137077331543,29.63469886779785,28.867475509643555,27.741683959960938,26.815698623657227,26.264978408813477,25.892122268676758,25.75176429748535,26.169404983520508,26.94899559020996,27.578725814819336,27.479816436767578,26.6689453125,25.603391647338867,24.71272850036621,24.061174392700195,25.08369255065918,24.479530334472656,25.893428802490234,31.680208206176758,36.46107482910156,39.78556442260742,42.666324615478516,43.09926986694336,42.70250701904297,44.779090881347656,47.17631530761719
70.72358703613281,70.29090118408203,67.77141571044922,64.52129364013672,62.37539291381836,58.84469223022461,52.46477508544922,47.77440643310547,45.22224044799805,40.419124603271484,35.291168212890625,32.53109359741211,31.620716094970703,31.350971221923828,30.790311813354492,29.645479202270508,28.387889862060547,27.384023666381836,26.471736907958984,25.44978904724121,24.75874900817871,24.56703758239746,24.465354919433594,24.35360336303711,24.562183380126953,24.950607299804688,25.162395477294922,25.049375534057617,24.876916885375977,24.726947784423828,24.42822265625,24.280977249145508,24.326370239257812,24.835346221923828,26.43376922607422,28.662776947021484,31.25373649597168,35.270870208740234,41.799381256103516,46.49802017211914,45.001895904541016,43.02248001098633,45.37437057495117,48.58694076538086
64.91468048095703,65.21392822265625,63.94630432128906,62.05669403076172,60.020225524902344,55.09098434448242,48.764408111572266,44.28416061401367,40.70766067504883,36.35319519042969,32.81059646606445,31.406084060668945,31.149309158325195,30.546201705932617,29.152128219604492,27.493364334106445,26.051496505737305,24.870868682861328,24.036319732666016,23.50516128540039,23.236953735351562,23.244129180908203,23.43784523010254,23.824628829956055,24.223173141479492,24.41752052307129,24.671871185302734,24.775833129882812,24.612211227416992,24.254783630371094,23.987049102783203,24.645809173583984,25.865867614746094,27.402421951293945,30.109477996826172,32.79515075683594,34.174808502197266,37.62993621826172,44.61919403076172,47.65932083129883,44.86646270751953,44.555686950683594,47.49980926513672,50.5948371887207
56.676475524902344,56.47086715698242,55.88700485229492,55.07720947265625,52.980796813964844,49.436241149902344,46.920982360839844,44.450653076171875,40.62806701660156,35.97063446044922,32.48018264770508,30.853010177612305,30.2121639251709,29.2803897857666,27.379802703857422,25.458398818969727,24.32300567626953,23.612354278564453,22.96492576599121,22.566083908081055,22.666088104248047,23.27655029296875,23.86406898498535,24.20827865600586,24.384462356567383,24.44164276123047,24.381641387939453,23.9852294921875,23.6120548248291,24.12822723388672,24.70144271850586,25.594749450683594,27.36510467529297,29.746057510375977,33.16373825073242,36.22356033325195,37.84336471557617,41.24501037597656,46.84697723388672,47.83705520629883,45.66918182373047,46.714820861816406,49.05460739135742,51.61884689331055
48.70371627807617,47.96683883666992,47.02088928222656,46.503414154052734,45.8926887512207,44.594512939453125,43.78871154785156,41.933937072753906,38.90475845336914,35.333438873291016,31.9945011138916,29.547624588012695,27.935884475708008,26.330583572387695,24.317890167236328,23.057022094726562,22.67247200012207,22.641965866088867,22.73381233215332,22.901437759399414,23.1406192779541,23.31663703918457,23.24446678161621,23.118209838867188,22.993709564208984,22.773530960083008,22.50834083557129,22.53348731994629,23.19211196899414,24.72346305847168,26.683128356933594,27.60121726989746,28.354326248168945,31.35997772216797,35.557411193847656,38.26350402832031,40.32206726074219,43.81769943237305,47.556861877441406,48.91942596435547,49.24285125732422,49.294193267822266,49.78239440917969,51.730735778808594
42.60009765625,41.42355728149414,40.981361389160156,41.360748291015625,41.41194152832031,40.4002571105957,38.619815826416016,36.088783264160156,34.14897918701172,32.25979995727539,29.415008544921875,26.835445404052734,25.29226303100586,24.025102615356445,22.67278480529785,21.8172664642334,21.586284637451172,22.15396499633789,23.068607330322266,23.53028678894043,23.235300064086914,22.296863555908203,21.69346046447754,21.564525604248047,21.228511810302734,20.952392578125,21.31740951538086,22.42638397216797,24.200063705444336,26.315872192382812,28.21986961364746,28.965673446655273,30.239057540893555,33.159423828125,37.33566665649414,41.73707580566406,44.47636795043945,46.43199157714844,48.177730560302734,50.006614685058594,51.56088638305664,52.29468536376953,52.6817512512207,53.20414352416992
38.32163619995117,37.154754638671875,36.90675735473633,37.192481994628906,36.8879280090332,36.059383392333984,33.74590301513672,31.75460433959961,30.295570373535156,28.291282653808594,25.97648048400879,24.4989070892334,23.906883239746094,23.410539627075195,22.74217414855957,22.301774978637695,22.08854866027832,22.128007888793945,21.902502059936523,21.481258392333984,21.127574920654297,20.786727905273438,20.61168670654297,20.37775230407715,20.379549026489258,20.857913970947266,22.030784606933594,23.96136474609375,25.500680923461914,26.87941551208496,28.61842155456543,30.34408950805664,32.937904357910156,36.32289505004883,40.46857452392578,45.03633117675781,47.29126739501953,46.94706344604492,47.59287643432617,50.444435119628906,53.72325134277344,55.68159866333008,55.10105514526367,54.540130615234375
34.2095947265625,33.230533599853516,33.273677825927734,33.97230529785156,33.537200927734375,32.07131576538086,29.613433837890625,28.418514251708984,27.16539764404297,25.30182456970215,23.713180541992188,23.009740829467773,22.782981872558594,22.974843978881836,23.360109329223633,23.06296157836914,22.073312759399414,20.50807762145996,19.167640686035156,18.90193748474121,19.491830825805664,20.163206100463867,20.264572143554688,20.597476959228516,22.12247657775879,23.861024856567383,24.982685089111328,25.347183227539062,26.088016510009766,27.862102508544922,29.94335174560547,32.26655960083008,35.833168029785156,39.90818786621094,43.893192291259766,46.59084701538086,46.937705993652344,46.66046142578125,48.1278076171875,51.20559310913086,54.914146423339844,57.28432083129883,56.193782806396484,55.49466323852539
29.926185607910156,29.574148178100586,30.522319793701172,30.942691802978516,29.209331512451172,26.99710464477539,25.311874389648438,24.76683807373047,23.636533737182617,22.785676956176758,22.648582458496094,22.441036224365234,21.917835235595703,22.620969772338867,23.140119552612305,22.046056747436523,20.099090576171875,18.217039108276367,17.615516662597656,18.36286163330078,19.65955924987793,20.77703857421875,21.311809539794922,21.857620239257812,22.66594696044922,24.067777633666992,25.798580169677734,26.466934204101562,28.224952697753906,30.484375,32.445396423339844,34.964691162109375,39.343040466308594,43.992286682128906,46.46574401855469,45.86143493652344,45.57154846191406,47.09575653076172,49.11906814575195,51.48466110229492,55.34881591796875,58.70565414428711,57.07021713256836,55.94270324707031
25.816524505615234,25.14145851135254,25.140277862548828,25.912702560424805,26.03727912902832,24.78542709350586,22.420513153076172,20.960193634033203,20.523462295532227,21.15593147277832,21.807891845703125,21.961103439331055,22.132503509521484,22.758323669433594,22.572416305541992,21.22783660888672,19.299415588378906,17.915884017944336,17.96718978881836,18.857681274414062,19.962419509887695,20.892822265625,21.479463577270508,22.031835556030273,22.837656021118164,26.707035064697266,30.016511917114258,30.592695236206055,30.324007034301758,32.24239730834961,35.49211883544922,38.97496795654297,43.36903762817383,46.90630340576172,46.29246139526367,44.547882080078125,45.688194274902344,48.35395431518555,50.147891998291016,52.684959411621094,56.7869758605957,58.7059211730957,57.12688064575195,56.629764556884766
20.459976196289062,19.784469604492188,21.22455406188965,24.379013061523438,23.713123321533203,21.641586303710938,19.655309677124023,18.543088912963867,19.30832862854004,21.310426712036133,22.72857093811035,23.527549743652344,23.72298812866211,22.82765007019043,21.103286743164062,19.381406784057617,18.454179763793945,18.004356384277344,17.872753143310547,18.555370330810547,20.029987335205078,21.480026245117188,22.2539119720459,23.18840217590332,23.759811401367188,29.341434478759766,32.63233947753906,30.8540096282959,30.43825912475586,33.76046371459961,37.89820098876953,40.90384292602539,43.77627182006836,45.546607971191406,45.221134185791016,45.459808349609375,46.71528625488281,48.59238052368164,50.75679016113281,53.78269958496094,56.293983459472656,56.92755126953125,57.52964401245117,57.69358444213867
18.201566696166992,19.912050247192383,21.55934715270996,22.794391632080078,21.702045440673828,20.133554458618164,18.581228256225586,17.659486770629883,19.729206085205078,22.159873962402344,22.84406852722168,22.2205810546875,21.423877716064453,20.907604217529297,20.05620002746582,18.916624069213867,18.121253967285156,17.741830825805664,17.889312744140625,18.7911319732666,20.217411041259766,22.06252098083496,23.04167366027832,24.775951385498047,25.422487258911133,23.266237258911133,30.439311981201172,30.41928482055664,32.986595153808594,36.772518157958984,39.7062873840332,41.404422760009766,42.78960418701172,44.451080322265625,46.1839599609375,47.28190994262695,47.69923400878906,48.978214263916016,50.804805755615234,52.76056671142578,54.43759536743164,55.868431091308594,57.386600494384766,56.79573059082031
