data/wind_data/wind_38_6.json
{"header": {"parameterUnit": "KT", "parameterCategory": 2, "nx": 256, "ny": 198, "lo1": 44.73521041870117, "la1": -3.236724853515625, "lo2": 111.26478576660156, "la2": 43.468475341796875, "dx": 0.2609002888202667, "dy": -0.23708222806453705, "refTime": "2025-02-20 14:00:00", "forecastTime": 0, "parameterNumber": 2, "parameterNumberName": "eastward_wind"}, "data":
[rows 80 to 99 of 198, columns 0 to 43 of 256]
55.52857208251953,55.664947509765625,54.590450286865234,52.88217544555664,52.01350784301758,51.671974182128906,50.98894500732422,50.07106399536133,49.48651123046875,49.27788543701172,49.13401412963867,48.94173812866211,48.778480529785156,48.63349533081055,48.46315383911133,48.10257339477539,47.41727828979492,46.73068618774414,46.451168060302734,46.48526382446289,46.624366760253906,46.8158073425293,46.91231155395508,46.9685173034668,47.08306884765625,47.08816146850586,46.9507942199707,46.828304290771484,46.8800048828125,47.04898452758789,47.06273651123047,46.829769134521484,46.45065689086914,45.93587875366211,45.39677429199219,45.116519927978516,45.25074005126953,45.517005920410156,45.45805740356445,44.98289108276367,44.435707092285156,44.06959533691406,43.8857421875,43.8858528137207
57.756248474121094,57.63689422607422,56.477970123291016,54.38149642944336,52.87999725341797,52.252193450927734,51.61716079711914,50.8598747253418,50.608985900878906,50.82301330566406,51.060577392578125,51.11222839355469,50.9941291809082,50.837764739990234,50.7363166809082,50.47953796386719,49.818153381347656,48.967803955078125,48.37533950805664,48.20642852783203,48.24785614013672,48.320281982421875,48.334869384765625,48.25554656982422,48.17947769165039,48.05916976928711,47.8400764465332,47.680274963378906,47.732261657714844,47.927433013916016,48.069366455078125,48.09659957885742,48.01600646972656,47.796321868896484,47.51572036743164,47.39803695678711,47.509185791015625,47.68286895751953,47.73549270629883,47.52616500854492,47.02437973022461,46.5775032043457,46.31261444091797,46.146549224853516
59.78211975097656,59.20720291137695,57.9658088684082,55.53947067260742,53.533790588378906,52.89170837402344,52.61244583129883,52.13318634033203,52.036582946777344,52.4412727355957,52.97850036621094,53.27301788330078,53.239898681640625,53.12042236328125,53.092525482177734,52.91550064086914,52.3943977355957,51.74582290649414,51.19801330566406,50.849693298339844,50.69292449951172,50.61946487426758,50.52687072753906,50.284393310546875,49.96738815307617,49.68909454345703,49.37139129638672,49.082611083984375,48.95721435546875,48.910709381103516,48.856868743896484,48.84554672241211,48.912349700927734,48.96871566772461,48.99778366088867,49.121341705322266,49.32701873779297,49.48602294921875,49.56073760986328,49.54668045043945,49.23146438598633,48.80609893798828,48.584510803222656,48.4979362487793
62.00901412963867,60.08745574951172,58.41871643066406,56.672542572021484,54.92998504638672,54.259910583496094,54.08726119995117,53.70942306518555,53.5036506652832,53.76234436035156,54.354736328125,54.80599594116211,54.874656677246094,54.751380920410156,54.65160369873047,54.4825439453125,54.18992233276367,53.928585052490234,53.61360549926758,53.229591369628906,52.942779541015625,52.76226806640625,52.63458251953125,52.399169921875,52.004268646240234,51.62548828125,51.29609298706055,50.96977615356445,50.67594528198242,50.40763854980469,50.14176559448242,49.930667877197266,49.84797286987305,49.936004638671875,50.13332748413086,50.34499740600586,50.527099609375,50.72697448730469,51.02389907836914,51.144081115722656,50.82724380493164,50.41881561279297,50.203330993652344,50.18702697753906
64.04164123535156,60.32947540283203,58.213890075683594,57.860496520996094,56.805416107177734,55.8233528137207,55.475303649902344,55.22692108154297,55.05656433105469,55.234371185302734,55.76597213745117,56.18301010131836,56.18537139892578,55.99077224731445,55.86748123168945,55.68439483642578,55.47648239135742,55.36859130859375,55.14582061767578,54.80001449584961,54.483665466308594,54.192996978759766,53.990543365478516,53.83384704589844,53.5472297668457,53.1634635925293,52.82927322387695,52.56514358520508,52.3449592590332,52.116390228271484,51.81671142578125,51.503910064697266,51.24648666381836,51.13557052612305,51.36891174316406,51.756752014160156,51.89091491699219,51.91414260864258,52.350704193115234,52.77265548706055,52.42060089111328,51.89957046508789,51.71833419799805,51.74530792236328
64.50455474853516,61.21540451049805,59.493003845214844,59.33358383178711,58.69060134887695,57.79095458984375,57.57160949707031,57.6806640625,57.791500091552734,57.91021728515625,58.1412353515625,58.230804443359375,58.020023345947266,57.76585006713867,57.63615036010742,57.50611114501953,57.40800476074219,57.300357818603516,57.00879669189453,56.63882064819336,56.360572814941406,56.07331466674805,55.74888610839844,55.46781921386719,55.12896728515625,54.67063522338867,54.24241256713867,53.96070098876953,53.81018829345703,53.70237731933594,53.540592193603516,53.33857727050781,53.07175827026367,52.77933883666992,52.8565788269043,53.3792724609375,53.669830322265625,53.53030014038086,53.84267807006836,54.427459716796875,54.1530876159668,53.50074768066406,53.30259323120117,53.43156814575195
64.13460540771484,62.5445556640625,61.514278411865234,60.80956268310547,60.37758255004883,60.25254821777344,60.65157699584961,61.14693832397461,61.39545440673828,61.32293701171875,61.18605422973633,60.98735046386719,60.66255187988281,60.37939453125,60.216552734375,60.107093811035156,60.033111572265625,59.84316635131836,59.432010650634766,59.01765060424805,58.78002166748047,58.57602310180664,58.218605041503906,57.74079513549805,57.190364837646484,56.57526397705078,56.00965881347656,55.61025619506836,55.41495132446289,55.361576080322266,55.34177017211914,55.327327728271484,55.1936149597168,54.914642333984375,54.86235427856445,55.301910400390625,55.721038818359375,55.57115173339844,55.68199920654297,56.23159408569336,55.96580505371094,55.18821716308594,54.94163513183594,55.122413635253906
64.84581756591797,63.61517333984375,62.85770034790039,62.265865325927734,62.02234649658203,62.2949333190918,62.83302307128906,63.3839225769043,63.76323699951172,63.697540283203125,63.3929557800293,63.051456451416016,62.66299819946289,62.33515930175781,62.188697814941406,62.15111541748047,62.09032440185547,61.87864303588867,61.5007209777832,61.168556213378906,61.030338287353516,60.89531707763672,60.608192443847656,60.126304626464844,59.42976379394531,58.69178009033203,58.05894088745117,57.57617950439453,57.305320739746094,57.22221374511719,57.253658294677734,57.348472595214844,57.349674224853516,57.21006393432617,57.21935272216797,57.600215911865234,58.02385330200195,57.911006927490234,57.813228607177734,58.239768981933594,57.99778366088867,57.09278869628906,56.77043914794922,56.98908615112305
65.99883270263672,64.47395324707031,63.84586715698242,63.989097595214844,63.99837875366211,63.61034393310547,63.360565185546875,64.1325454711914,65.23486328125,65.51747131347656,65.01278686523438,64.29154205322266,63.66782760620117,63.34091567993164,63.34819030761719,63.450809478759766,63.414852142333984,63.21786117553711,62.9550666809082,62.776954650878906,62.75847625732422,62.719886779785156,62.516929626464844,62.173095703125,61.63279342651367,60.853023529052734,60.084510803222656,59.606998443603516,59.38740539550781,59.28622817993164,59.29786682128906,59.40048599243164,59.43279266357422,59.391685485839844,59.546504974365234,59.964256286621094,60.31678771972656,60.2273063659668,60.02660369873047,60.24605178833008,60.06340026855469,59.154762268066406,58.731719970703125,58.98781204223633
66.08120727539062,65.03207397460938,64.94356536865234,65.62922668457031,66.0423355102539,65.111083984375,64.56700897216797,65.7194595336914,67.28730010986328,67.77639770507812,67.22039031982422,66.37185668945312,65.70374298095703,65.38778686523438,65.38445281982422,65.40061950683594,65.22793579101562,64.95462036132812,64.70982360839844,64.55619049072266,64.50652313232422,64.45235443115234,64.25579833984375,63.96958923339844,63.63915252685547,63.12603759765625,62.355892181396484,61.63151168823242,61.35688400268555,61.395782470703125,61.531673431396484,61.686336517333984,61.70015335083008,61.65371322631836,61.85164260864258,62.261592864990234,62.52983093261719,62.39125442504883,62.08147430419922,62.05653762817383,61.861541748046875,61.06903839111328,60.58854293823242,60.87051010131836
65.80740356445312,65.67768096923828,66.1445083618164,67.00611877441406,67.7562026977539,67.32894134521484,67.05651092529297,67.91324615478516,69.29492950439453,70.08564758300781,69.94122314453125,69.31291198730469,68.71769714355469,68.37785339355469,68.28382110595703,68.16625213623047,67.79783630371094,67.36653900146484,67.0781478881836,66.8798599243164,66.69510650634766,66.52007293701172,66.2786636352539,65.9315414428711,65.6349105834961,65.34980773925781,64.8297348022461,64.08678436279297,63.43950653076172,63.32955551147461,63.69575881958008,64.07959747314453,64.16947174072266,64.09366607666016,64.221435546875,64.5726547241211,64.80857849121094,64.64605712890625,64.17764282226562,63.804443359375,63.451595306396484,62.79839324951172,62.33742904663086,62.58015060424805
67.68063354492188,67.33983612060547,67.6099624633789,68.55069732666016,69.4894790649414,69.30119323730469,69.17504119873047,69.91205596923828,71.1464614868164,72.05277252197266,72.16129302978516,71.72835540771484,71.24984741210938,70.96944427490234,70.85770416259766,70.69585418701172,70.25807189941406,69.72119140625,69.37014770507812,69.1523208618164,68.90624237060547,68.63785552978516,68.37249755859375,68.00996398925781,67.60504150390625,67.29237365722656,66.94519805908203,66.39353942871094,65.76898956298828,65.41366577148438,65.56798553466797,66.0645980834961,66.43055725097656,66.47093963623047,66.52271270751953,66.85736846923828,67.17070770263672,67.0077896118164,66.40210723876953,65.73405456542969,65.13565826416016,64.50224304199219,64.04424285888672,64.10986328125
70.99501037597656,69.6968002319336,69.5003662109375,70.52741241455078,71.39808654785156,71.12443542480469,71.32331085205078,72.2203140258789,73.13079071044922,73.66045379638672,73.70733642578125,73.389892578125,73.0252456665039,72.80995178222656,72.68942260742188,72.51387786865234,72.1828842163086,71.77462768554688,71.42120361328125,71.13048553466797,70.8477554321289,70.56742858886719,70.33824920654297,70.0486068725586,69.5914077758789,69.07796478271484,68.62034606933594,68.20063781738281,67.82804870605469,67.61860656738281,67.61427307128906,67.82452392578125,68.15151977539062,68.33358001708984,68.44117736816406,68.8152847290039,69.23335266113281,69.14278411865234,68.5425033569336,67.7810287475586,67.03490447998047,66.33100128173828,65.78446960449219,65.55924987792969
73.69979858398438,72.02921295166016,71.7864761352539,72.829345703125,73.57975006103516,73.54979705810547,73.86073303222656,74.55795288085938,75.14739990234375,75.36904907226562,75.25607299804688,74.94119262695312,74.6185073852539,74.4108657836914,74.27462768554688,74.13381958007812,73.96788024902344,73.75294494628906,73.46717071533203,73.12570190429688,72.77904510498047,72.5038833618164,72.34613800048828,72.16220092773438,71.72738647460938,71.05062866210938,70.37039184570312,69.8881607055664,69.68734741210938,69.70974731445312,69.77725219726562,69.85098266601562,69.95587158203125,70.0055923461914,70.09130096435547,70.45992279052734,70.82500457763672,70.8285903930664,70.47943878173828,69.80078125,68.9358901977539,68.14667510986328,67.51261138916016,66.99398803710938
76.10771179199219,74.48794555664062,74.25796508789062,75.36270141601562,76.07646179199219,76.12718200683594,76.13687896728516,76.42253875732422,76.84454345703125,76.96754455566406,76.75039672851562,76.47172546386719,76.22824096679688,76.03144836425781,75.91869354248047,75.87525177001953,75.80554962158203,75.66717529296875,75.47754669189453,75.19949340820312,74.86102294921875,74.6174545288086,74.5452880859375,74.45399475097656,74.06991577148438,73.36312866210938,72.59683227539062,72.0578384399414,71.88179016113281,71.9503402709961,72.04902648925781,72.06969451904297,72.0744400024414,72.0326156616211,72.04975891113281,72.32733917236328,72.49563598632812,72.37406921386719,72.16302490234375,71.65353393554688,70.73936462402344,69.78363800048828,69.02014923095703,68.3807144165039
78.66731262207031,77.11781311035156,76.81703186035156,77.9098892211914,78.57077026367188,78.50581359863281,78.17906188964844,77.86601257324219,77.90631866455078,78.13666534423828,78.21043395996094,78.03701782226562,77.73297119140625,77.50276947021484,77.44957733154297,77.49828338623047,77.47246551513672,77.3363265991211,77.18538665771484,76.99514770507812,76.76295471191406,76.6689682006836,76.75489044189453,76.7557144165039,76.43083953857422,75.80203247070312,75.11682891845703,74.62736511230469,74.425048828125,74.39410400390625,74.40081024169922,74.37889099121094,74.35845184326172,74.34552001953125,74.3996810913086,74.6578598022461,74.71968841552734,74.36705017089844,74.01864624023438,73.55329132080078,72.65756225585938,71.57987213134766,70.67922973632812,70.03007507324219
81.38422393798828,79.85791015625,79.49201202392578,80.35618591308594,80.88272094726562,80.6080093383789,79.97137451171875,79.16203308105469,78.82322692871094,79.25437927246094,79.7601547241211,79.69718170166016,79.27438354492188,79.00242614746094,78.98526000976562,79.04789733886719,79.01158142089844,78.84341430664062,78.6239242553711,78.41149139404297,78.26725769042969,78.312744140625,78.55320739746094,78.72933959960938,78.59624481201172,78.1451416015625,77.58079528808594,77.14765167236328,76.91252136230469,76.75898742675781,76.63137817382812,76.55590057373047,76.52708435058594,76.53450775146484,76.64496612548828,76.93011474609375,77.03504180908203,76.6172103881836,76.09093475341797,75.58111572265625,74.7526626586914,73.67491149902344,72.713134765625,72.03538513183594
84.98194122314453,83.30035400390625,82.68235778808594,83.08555603027344,83.47759246826172,82.84130096435547,81.8331298828125,80.8814468383789,80.29202270507812,80.58755493164062,81.27958679199219,81.45381164550781,81.1152572631836,80.8331298828125,80.79014587402344,80.83993530273438,80.82584381103516,80.65095520019531,80.33500671386719,79.99466705322266,79.74373626708984,79.70891571044922,79.96330261230469,80.34486389160156,80.52449798583984,80.31021118164062,79.86943054199219,79.4787826538086,79.20362854003906,78.96597290039062,78.76465606689453,78.65621948242188,78.62736511230469,78.58702850341797,78.59866333007812,78.8224105834961,78.99635314941406,78.66246032714844,78.10014343261719,77.6273422241211,76.88924407958984,75.83220672607422,74.89112091064453,74.19336700439453
89.34001922607422,87.54425811767578,86.5421142578125,86.27806091308594,86.48566436767578,85.64073944091797,84.28877258300781,83.21916198730469,82.5571517944336,82.51947021484375,82.9765625,83.2651596069336,83.1453628540039,82.9112548828125,82.82208251953125,82.86360168457031,82.89676666259766,82.8160629272461,82.56324005126953,82.15301513671875,81.68727111816406,81.38328552246094,81.46603393554688,81.88475799560547,82.23003387451172,82.18990325927734,81.89453887939453,81.59465026855469,81.3375473022461,81.08855438232422,80.88220977783203,80.78059387207031,80.73783111572266,80.63159942626953,80.52684020996094,80.62012481689453,80.78524780273438,80.61167907714844,80.15879821777344,79.76390838623047,79.18909454345703,78.2502212524414,77.32431030273438,76.60833740234375
92.09282684326172,90.72853088378906,89.97157287597656,89.65425109863281,89.67305755615234,88.7715072631836,87.19219970703125,86.05401611328125,85.47651672363281,84.98226165771484,84.72909545898438,84.95321655273438,85.24911499023438,85.24188995361328,85.05679321289062,84.9309310913086,84.93517303466797,84.99800872802734,84.93414306640625,84.59208679199219,83.98114776611328,83.38959503173828,83.22900390625,83.50419616699219,83.78364562988281,83.7955551147461,83.6379623413086,83.46895599365234,83.30183410644531,83.11504364013672,82.9376220703125,82.84618377685547,82.82493591308594,82.72468566894531,82.59587860107422,82.59127044677734,82.72400665283203,82.68954467773438,82.3464126586914,82.04651641845703,81.67366027832031,80.79972839355469,79.73284149169922,79.03993225097656
