data/wind_data/wind_39_9.json
{"header": {"parameterUnit": "KT", "parameterCategory": 2, "nx": 256, "ny": 198, "lo1": 44.73521041870117, "la1": -3.236724853515625, "lo2": 111.26478576660156, "la2": 43.468475341796875, "dx": 0.2609002888202667, "dy": -0.23708222806453705, "refTime": "2025-02-20 15:00:00", "forecastTime": 0, "parameterNumber": 2, "parameterNumberName": "eastward_wind"}, "data":
[rows 76 to 94 of 198, columns 0 to 42 of 256]
1.8278529644012451,-4.592116832733154,-3.8974106311798096,-2.6043014526367188,0.2789057195186615,-1.9796658754348755,-3.4167935848236084,-3.373108148574829,-3.3251469135284424,-3.416226863861084,-3.8844234943389893,-4.7199296951293945,-5.430619716644287,-5.562207221984863,-5.2064595222473145,-4.774736404418945,-4.617975234985352,-4.614376544952393,-4.848118305206299,-4.938037395477295,-4.529972553253174,-3.990004539489746,-3.4372763633728027,-2.76051926612854,-2.0548336505889893,-1.2581851482391357,-0.2678978145122528,0.7864014506340027,1.6994141340255737,2.3610973358154297,2.4828131198883057,1.8025147914886475,0.7263622283935547,0.09048091620206833,-0.04949087277054787,-0.2435435801744461,-0.7539740800857544,-1.4448407888412476,-1.9786336421966553,-1.9772043228149414,-1.3398828506469727,-0.2349972277879715,1.1607029438018799
1.4423943758010864,-5.338479042053223,-4.844854831695557,-3.730297088623047,-0.9887508153915405,-2.8493971824645996,-4.090446949005127,-3.910900115966797,-3.228081703186035,-3.2031068801879883,-3.9696598052978516,-5.371359348297119,-6.552749156951904,-6.85792350769043,-6.8463335037231445,-6.330832481384277,-5.668328285217285,-5.4245381355285645,-5.8986663818359375,-6.668595790863037,-6.571290016174316,-5.786858558654785,-4.892790794372559,-3.9161510467529297,-3.0428459644317627,-2.32177734375,-1.4731920957565308,-0.5223092436790466,0.20176811516284943,0.4083186686038971,-0.0033226991072297096,-0.8142233490943909,-1.3852641582489014,-1.5729509592056274,-1.8141356706619263,-2.200450897216797,-2.511345386505127,-2.728403091430664,-2.8367438316345215,-2.5241754055023193,-1.5832916498184204,-0.047869954258203506,1.8427428007125854
0.9283719658851624,-4.538524627685547,-5.199620723724365,-4.654595375061035,-2.284207344055176,-3.497100830078125,-4.1893768310546875,-3.535552978515625,-2.5481324195861816,-2.640383005142212,-2.997685670852661,-4.481797695159912,-6.272340774536133,-7.150593280792236,-7.735380172729492,-7.88436222076416,-7.318851947784424,-6.8785929679870605,-7.373854637145996,-8.68104362487793,-9.27572250366211,-8.498865127563477,-7.087420463562012,-5.669267177581787,-4.528232097625732,-3.737915515899658,-3.0648624897003174,-2.486435890197754,-2.3188822269439697,-2.71773362159729,-3.353837251663208,-3.7057976722717285,-3.7339928150177,-3.9286303520202637,-4.4293646812438965,-4.81049108505249,-4.6696858406066895,-4.1978864669799805,-3.6995105743408203,-2.969214677810669,-1.6653692722320557,0.2968449592590332,2.6115877628326416
0.5803562998771667,-4.279957294464111,-5.533718109130859,-5.4073357582092285,-3.5737829208374023,-3.98356556892395,-3.6352882385253906,-2.431147813796997,-1.4266941547393799,-1.1176397800445557,-1.4165090322494507,-2.904313325881958,-5.121235370635986,-6.836464881896973,-7.961574077606201,-8.579108238220215,-8.601180076599121,-8.583601951599121,-9.17864990234375,-10.270936012268066,-10.877809524536133,-10.173979759216309,-8.706957817077637,-7.363736152648926,-6.487175941467285,-6.0412163734436035,-5.839835166931152,-5.79758882522583,-5.972847938537598,-6.300899982452393,-6.546454429626465,-6.6001176834106445,-6.640981197357178,-6.825223922729492,-7.070898532867432,-7.047797679901123,-6.46774435043335,-5.612166881561279,-4.72905158996582,-3.5666048526763916,-1.7509154081344604,0.709356427192688,3.300628423690796
0.4001910090446472,-4.9775848388671875,-6.5978312492370605,-6.631782054901123,-5.082820415496826,-4.079782009124756,-2.3652238845825195,-0.6203509569168091,0.7072046399116516,1.3547582626342773,0.46857497096061707,-1.5163843631744385,-3.875074625015259,-6.165358543395996,-7.944579601287842,-8.845342636108398,-9.157082557678223,-9.725881576538086,-10.696765899658203,-11.5588960647583,-11.774913787841797,-11.196714401245117,-10.267364501953125,-9.4761962890625,-9.062094688415527,-9.053430557250977,-9.227513313293457,-9.313159942626953,-9.287212371826172,-9.21003532409668,-9.134523391723633,-9.119739532470703,-9.053363800048828,-8.829324722290039,-8.491012573242188,-7.994054317474365,-7.244847774505615,-6.459645748138428,-5.650393009185791,-4.331655025482178,-2.054365396499634,0.9799655675888062,3.8135457038879395
0.6856186985969543,-5.226334571838379,-7.63095760345459,-8.253010749816895,-6.983519077301025,-3.8671185970306396,-0.6999668478965759,1.4939175844192505,2.7981691360473633,2.7578792572021484,1.1427483558654785,-1.3096951246261597,-3.467783212661743,-5.825918674468994,-8.014188766479492,-9.106471061706543,-9.399065971374512,-10.14644718170166,-11.51431941986084,-12.73351764678955,-13.02847957611084,-12.519943237304688,-11.889203071594238,-11.411865234375,-11.195623397827148,-11.357600212097168,-11.755101203918457,-11.910195350646973,-11.667523384094238,-11.243328094482422,-10.842228889465332,-10.51553726196289,-10.138480186462402,-9.552020072937012,-8.84171199798584,-8.079140663146973,-7.244368076324463,-6.49373722076416,-5.837468147277832,-4.648357391357422,-2.211992025375366,1.2491105794906616,4.2024312019348145
1.1853958368301392,-5.492029666900635,-7.970752239227295,-9.456300735473633,-8.889036178588867,-4.363836288452148,-0.6425980925559998,1.5757933855056763,2.5199060440063477,1.9482650756835938,0.03193008899688721,-2.1532061100006104,-4.044361114501953,-6.532813549041748,-8.562077522277832,-9.293357849121094,-9.373517990112305,-10.081708908081055,-11.439772605895996,-12.71456241607666,-13.21055793762207,-12.958139419555664,-12.668158531188965,-12.5447416305542,-12.4500150680542,-12.481616020202637,-12.86937141418457,-13.253548622131348,-13.055335998535156,-12.404869079589844,-11.642437934875488,-10.87525749206543,-10.097843170166016,-9.297151565551758,-8.530060768127441,-7.787916660308838,-7.026556968688965,-6.340563774108887,-5.648004055023193,-4.341855525970459,-1.8300158977508545,1.6497528553009033,4.431127548217773
1.2422761917114258,-4.533829212188721,-7.042106628417969,-8.957915306091309,-8.937152862548828,-4.621373653411865,-1.5132540464401245,0.36757421493530273,1.1376196146011353,0.3485977351665497,-1.254180908203125,-2.764838933944702,-5.017675876617432,-7.764379024505615,-9.248441696166992,-9.178990364074707,-8.873682022094727,-9.44842529296875,-10.663252830505371,-11.63747501373291,-11.995569229125977,-11.923322677612305,-11.953944206237793,-12.28754997253418,-12.568510055541992,-12.651994705200195,-12.811591148376465,-13.209175109863281,-13.360966682434082,-12.981243133544922,-12.180157661437988,-11.085430145263672,-9.835674285888672,-8.633254051208496,-7.707149505615234,-7.219839096069336,-6.902381896972656,-6.480963706970215,-5.807760238647461,-4.195379734039307,-1.3063429594039917,2.1515254974365234,4.542539596557617
1.0073868036270142,-2.8890411853790283,-5.441461086273193,-7.066629886627197,-6.845787048339844,-3.5305404663085938,-1.0349229574203491,-0.0034211461897939444,-0.07839906215667725,-0.827353835105896,-1.625880241394043,-2.8873355388641357,-5.451638221740723,-8.226339340209961,-9.282296180725098,-8.7551851272583,-8.159198760986328,-8.309088706970215,-9.391172409057617,-10.437155723571777,-11.003507614135742,-11.283227920532227,-11.293818473815918,-11.221698760986328,-11.325811386108398,-11.76811408996582,-12.296521186828613,-12.710620880126953,-13.02387523651123,-13.037261962890625,-12.451437950134277,-11.203845024108887,-9.606730461120605,-8.140604019165039,-7.10640287399292,-6.814668655395508,-7.06557559967041,-7.068662166595459,-6.406866550445557,-4.415160179138184,-1.0469433069229126,2.4987497329711914,4.57080602645874
0.4331982731819153,-2.9204585552215576,-4.893861293792725,-5.9026103019714355,-5.252835750579834,-3.351919412612915,-0.9084669947624207,-0.21291960775852203,-0.6917544007301331,-1.0761865377426147,-1.348770022392273,-2.4189698696136475,-4.769354343414307,-7.598996162414551,-8.94111442565918,-8.591922760009766,-8.011061668395996,-7.774726867675781,-8.430399894714355,-9.635713577270508,-10.810319900512695,-11.808349609375,-12.125383377075195,-11.514190673828125,-10.624397277832031,-10.314133644104004,-10.902734756469727,-11.957213401794434,-12.865116119384766,-13.233831405639648,-12.770472526550293,-11.378077507019043,-9.482778549194336,-7.899912357330322,-7.16072416305542,-7.34965705871582,-8.03636360168457,-8.22895622253418,-7.372107982635498,-4.9840087890625,-1.1366451978683472,2.5378177165985107,4.474124431610107
-0.25248557329177856,-3.9406933784484863,-5.1411662101745605,-5.6413044929504395,-4.476449966430664,-3.299992799758911,-1.4688307046890259,-0.7737501859664917,-0.9121951460838318,-1.0299063920974731,-1.0769648551940918,-1.7625635862350464,-3.5077004432678223,-6.151071548461914,-8.191451072692871,-8.640229225158691,-8.434150695800781,-8.223854064941406,-8.461946487426758,-9.37972640991211,-10.688949584960938,-12.020183563232422,-12.798340797424316,-12.587020874023438,-11.670449256896973,-10.72406005859375,-10.357250213623047,-10.957762718200684,-12.262100219726562,-13.353317260742188,-13.319843292236328,-11.96316146850586,-9.91709041595459,-8.261929512023926,-7.79276180267334,-8.538196563720703,-9.620552062988281,-9.834656715393066,-8.602678298950195,-5.679210662841797,-1.347939133644104,2.403970241546631,4.22219181060791
-0.13553138077259064,-3.23934268951416,-4.816328525543213,-5.218055248260498,-3.8372838497161865,-2.520376682281494,-1.6443548202514648,-1.2350499629974365,-0.8976634740829468,-0.7462993264198303,-0.9095015525817871,-1.4970132112503052,-2.5628678798675537,-4.458090782165527,-6.75124454498291,-8.306126594543457,-8.86730670928955,-9.065169334411621,-9.364066123962402,-9.848348617553711,-10.56699275970459,-11.403823852539062,-12.122867584228516,-12.433695793151855,-12.235365867614746,-11.727856636047363,-11.432764053344727,-11.811052322387695,-12.747783660888672,-13.73542308807373,-14.0380859375,-13.096903800964355,-11.22307300567627,-9.433910369873047,-8.669544219970703,-9.282103538513184,-10.530186653137207,-11.00959587097168,-9.75862979888916,-6.370847702026367,-1.5884766578674316,2.2005059719085693,3.8185129165649414
0.4457014203071594,-0.9982022643089294,-3.553136110305786,-4.160290241241455,-2.998347282409668,-1.6135756969451904,-1.377052664756775,-1.0692270994186401,-0.21735253930091858,0.0858519896864891,-0.43426185846328735,-1.2817128896713257,-2.014634847640991,-3.107769727706909,-5.195281982421875,-7.574433326721191,-9.145279884338379,-9.994060516357422,-10.613773345947266,-10.899669647216797,-10.937745094299316,-10.994871139526367,-11.074565887451172,-11.128376007080078,-11.2195463180542,-11.33537769317627,-11.659733772277832,-12.588874816894531,-13.980427742004395,-15.076653480529785,-15.4247465133667,-14.790037155151367,-13.127232551574707,-11.018834114074707,-9.416573524475098,-9.192244529724121,-10.177597045898438,-10.875555992126465,-9.862646102905273,-6.547590732574463,-1.7811599969863892,1.9547255039215088,3.3998842239379883
0.8400871157646179,1.0868173837661743,-1.2412090301513672,-1.946665644645691,-1.271257996559143,-0.5052400231361389,-0.6369335055351257,-0.46274712681770325,0.5357296466827393,1.0025463104248047,0.5828582644462585,-0.2486044019460678,-1.1391886472702026,-2.0476012229919434,-3.735029458999634,-6.270061016082764,-8.714805603027344,-10.441644668579102,-11.546269416809082,-11.993778228759766,-11.786677360534668,-11.14952278137207,-10.384431838989258,-9.864870071411133,-9.814262390136719,-10.227851867675781,-10.981958389282227,-12.069581985473633,-13.505783081054688,-14.942963600158691,-15.776626586914062,-15.674583435058594,-14.470301628112793,-12.35267162322998,-10.122478485107422,-8.910256385803223,-9.136777877807617,-9.62759017944336,-8.76882266998291,-5.806147575378418,-1.5167373418807983,1.8500282764434814,3.004791736602783
1.0694540739059448,3.3120713233947754,1.334831953048706,0.5779335498809814,0.5506103038787842,0.4271623492240906,0.23843957483768463,0.33175402879714966,1.0219475030899048,1.5972349643707275,1.6178007125854492,1.252537727355957,0.2831442356109619,-0.8661829233169556,-2.2618203163146973,-4.401373386383057,-6.90009880065918,-9.308069229125977,-11.315450668334961,-12.607333183288574,-12.799626350402832,-11.673157691955566,-9.950563430786133,-8.784482955932617,-8.579702377319336,-9.13068962097168,-10.129904747009277,-11.299165725708008,-12.434097290039062,-13.470993041992188,-14.42712688446045,-14.988734245300293,-14.619637489318848,-13.045450210571289,-10.741588592529297,-8.845624923706055,-8.135425567626953,-8.02359676361084,-7.110531330108643,-4.527730464935303,-0.7862774729728699,2.1050312519073486,2.7964794635772705
0.5809335708618164,3.259045362472534,1.9804317951202393,1.4020936489105225,1.123641848564148,0.5213568210601807,0.7124550342559814,1.4207277297973633,2.203821897506714,2.603024482727051,2.600621461868286,2.5293705463409424,1.9089207649230957,0.6060618162155151,-0.8721158504486084,-2.686788320541382,-4.510916709899902,-6.645222187042236,-9.195992469787598,-11.59157943725586,-12.762680053710938,-12.035572052001953,-10.206368446350098,-8.735945701599121,-8.323893547058105,-8.72956371307373,-9.5654935836792,-10.502126693725586,-11.361618995666504,-12.106817245483398,-12.840958595275879,-13.507328987121582,-13.61547565460205,-12.665952682495117,-10.81723403930664,-8.797239303588867,-7.401207447052002,-6.649144172668457,-5.548897743225098,-3.235001564025879,0.04865652322769165,2.599264621734619,2.9791066646575928
-0.3441109359264374,1.1311663389205933,1.4964855909347534,1.416788101196289,1.3419955968856812,0.33373546600341797,0.6420426368713379,1.9481037855148315,3.4737889766693115,4.12827205657959,3.865365743637085,3.511594772338867,3.1308858394622803,2.0450661182403564,0.33014267683029175,-1.5709251165390015,-2.845069169998169,-4.016150951385498,-5.909616470336914,-8.475430488586426,-10.659140586853027,-11.694778442382812,-11.472217559814453,-10.724721908569336,-10.266714096069336,-10.189070701599121,-10.289653778076172,-10.377906799316406,-10.4650297164917,-10.763689994812012,-11.360308647155762,-12.002347946166992,-12.072550773620605,-11.215651512145996,-9.75053882598877,-8.140043258666992,-6.752401828765869,-5.7423224449157715,-4.507543087005615,-2.3744699954986572,0.5130196213722229,2.7938783168792725,3.094053030014038
-0.6149746775627136,-0.7124055027961731,1.3754825592041016,1.9351465702056885,1.9998422861099243,0.4855756163597107,0.5269430875778198,1.5868446826934814,3.2468950748443604,4.41574239730835,4.487701416015625,4.082268714904785,3.833291530609131,3.134162664413452,1.2876957654953003,-0.9757620096206665,-2.4087207317352295,-2.8611342906951904,-3.463226318359375,-4.963401794433594,-7.582232475280762,-10.812021255493164,-13.266151428222656,-14.114731788635254,-13.87752914428711,-13.151718139648438,-12.216490745544434,-11.222339630126953,-10.281842231750488,-9.824546813964844,-10.099600791931152,-10.645866394042969,-10.654935836791992,-9.811172485351562,-8.472764015197754,-7.051031589508057,-5.857685565948486,-5.035497665405273,-3.978973627090454,-2.1353611946105957,0.331478476524353,2.282212734222412,2.636406660079956
-0.32592326402664185,-1.978771686553955,1.4952471256256104,2.6613306999206543,3.253674268722534,1.1769675016403198,0.4731815755367279,0.7793221473693848,2.1138839721679688,3.6815173625946045,4.314639568328857,4.286177158355713,4.3086066246032715,3.813762664794922,1.9086408615112305,-0.7392762303352356,-2.665745496749878,-3.0614397525787354,-2.6759965419769287,-2.769871711730957,-4.8631978034973145,-9.396637916564941,-14.00368595123291,-16.581626892089844,-16.969619750976562,-15.990973472595215,-14.290778160095215,-12.326872825622559,-10.577549934387207,-9.520319938659668,-9.4839506149292,-10.041378021240234,-10.193130493164062,-9.466012001037598,-8.120966911315918,-6.488187789916992,-5.073521137237549,-4.384773254394531,-3.7199931144714355,-2.28849720954895,-0.25198718905448914,1.3020344972610474,1.6388980150222778
