data/wind_data/wind_19_1.json
{"header": {"parameterUnit": "KT", "parameterCategory": 2, "nx": 256, "ny": 198, "lo1": 44.73521041870117, "la1": -3.236724853515625, "lo2": 111.26478576660156, "la2": 43.468475341796875, "dx": 0.2609002888202667, "dy": -0.23708222806453705, "refTime": "2025-02-19 19:00:00", "forecastTime": 0, "parameterNumber": 2, "parameterNumberName": "eastward_wind"}, "data":
[rows 133 to 151 of 198, columns 129 to 171 of 256]
-11.994376182556152,-11.036983489990234,-8.89738941192627,-8.930944442749023,-12.710619926452637,-6.113982677459717,-2.588249921798706,-2.0837607383728027,-2.878746747970581,-1.503706455230713,3.0268852710723877,3.9682369232177734,-0.6236474514007568,-7.086745738983154,-7.124997138977051,0.39296308159828186,10.497457504272461,12.083405494689941,0.8663092255592346,-1.3899677991867065,2.874260663986206,4.852894306182861,6.916411876678467,8.246949195861816,9.404681205749512,9.720707893371582,11.220503807067871,14.152755737304688,12.630422592163086,12.535284042358398,11.091652870178223,12.048742294311523,10.859124183654785,3.898759603500366,3.379521131515503,4.747398376464844,5.751538276672363,8.49170970916748,10.866124153137207,11.401649475097656,-2.1072189807891846,-5.817527770996094,-2.1143946647644043
-9.630837440490723,-6.888617515563965,-7.726950645446777,-11.118651390075684,-13.023589134216309,-4.766854763031006,0.6951046586036682,1.8806008100509644,1.8178061246871948,4.104057788848877,4.676477432250977,-0.492183119058609,-1.3553115129470825,-4.752711772918701,0.21026040613651276,10.117363929748535,8.785604476928711,3.5162529945373535,4.95917272567749,3.4878318309783936,2.586261034011841,6.969963550567627,9.363131523132324,8.532072067260742,10.427253723144531,11.656554222106934,12.807171821594238,10.898773193359375,7.923793792724609,7.870734691619873,7.188685417175293,6.910902500152588,4.652347087860107,2.337883949279785,3.4648563861846924,5.706971168518066,4.91709566116333,4.290858745574951,8.659951210021973,8.551810264587402,0.8075387477874756,-2.237865924835205,0.03648234158754349
-12.043777465820312,-10.15932559967041,-9.738085746765137,-9.02841567993164,-7.137319087982178,-2.1891589164733887,2.629629135131836,5.360531330108643,6.1126298904418945,6.377089023590088,2.4753575325012207,-0.5699849128723145,0.7185568809509277,-2.333176612854004,1.9663482904434204,8.467498779296875,6.007655143737793,7.064959526062012,9.234235763549805,8.88755989074707,6.526980876922607,8.40538501739502,10.691115379333496,8.893485069274902,9.72159481048584,11.050410270690918,10.324591636657715,10.099448204040527,7.8046369552612305,4.822512149810791,5.353113174438477,2.6015355587005615,1.1997113227844238,2.2544031143188477,4.485508918762207,4.801905632019043,3.5035135746002197,4.6663336753845215,7.043234348297119,4.122287273406982,0.17126969993114471,-1.0403966903686523,0.35765042901039124
-11.595821380615234,-9.399138450622559,-7.6354451179504395,-4.854753017425537,-1.5998811721801758,2.1320853233337402,7.295866012573242,9.968935012817383,4.5504374504089355,-0.22554537653923035,0.1333768367767334,-2.3159682750701904,-0.17813049256801605,2.541846752166748,4.190948486328125,8.324431419372559,9.060394287109375,10.848833084106445,11.092032432556152,9.313097953796387,9.944202423095703,10.268141746520996,10.646793365478516,8.453763961791992,7.82396936416626,8.852996826171875,8.546111106872559,6.8403120040893555,3.017759323120117,3.369462013244629,0.9404358267784119,0.5458675026893616,-0.7511638402938843,3.685959577560425,5.460698127746582,5.707056522369385,4.800545692443848,5.600884914398193,1.8807672262191772,-1.7310477495193481,-0.3406977653503418,-0.3400178551673889,0.9210036396980286
-7.955282688140869,-3.9982197284698486,-0.3728024959564209,0.8046069741249084,1.9312299489974976,8.956039428710938,13.242176055908203,4.080901145935059,0.6583229303359985,-4.252065658569336,-3.086411952972412,-2.6540133953094482,0.585087776184082,3.986915349960327,4.806394577026367,7.973830699920654,11.650331497192383,12.766487121582031,11.172232627868652,8.067416191101074,10.68701457977295,12.064774513244629,9.095892906188965,7.41832971572876,7.0350542068481445,8.483925819396973,6.02983283996582,2.119020462036133,4.032681941986084,3.023080348968506,2.5763814449310303,0.8037320375442505,0.771824061870575,9.615645408630371,9.15575122833252,6.654796123504639,4.649044990539551,4.121457099914551,-1.0240622758865356,-3.003708600997925,-0.7519559264183044,1.1321197748184204,1.0556167364120483
-4.884734153747559,-2.930668354034424,3.162560224533081,8.0247163772583,2.92533278465271,3.7251477241516113,2.0873889923095703,-2.627357006072998,-2.533803939819336,-4.083012104034424,-2.86579966545105,1.4204967021942139,3.1347830295562744,4.386727333068848,6.705504417419434,10.311179161071777,13.718008995056152,12.542220115661621,6.644406795501709,5.352732181549072,9.65441608428955,11.983549118041992,8.251910209655762,5.805911064147949,10.377838134765625,10.97070026397705,7.466383457183838,6.281372547149658,5.0053391456604,5.277191162109375,-1.8129541873931885,8.953590393066406,7.492508411407471,5.379212856292725,8.38658332824707,9.278266906738281,9.326193809509277,3.4828479290008545,3.124638319015503,1.539171576499939,0.8828937411308289,1.0156972408294678,0.7315504550933838
0.24557653069496155,-0.01365608163177967,6.107052803039551,4.155840873718262,-5.190692901611328,0.35508063435554504,-4.389354705810547,-4.767496585845947,-2.707404851913452,-1.2048320770263672,4.657776355743408,6.442721843719482,5.500028133392334,5.910676956176758,8.373738288879395,11.91161060333252,13.332008361816406,9.996955871582031,3.85738468170166,5.5960822105407715,11.957369804382324,14.564956665039062,10.051138877868652,8.440256118774414,10.579181671142578,8.223565101623535,9.824271202087402,8.77157974243164,4.724049091339111,3.1750810146331787,3.239621162414551,5.500573635101318,6.909403324127197,8.616989135742188,9.692821502685547,9.000673294067383,7.256053924560547,6.2924275398254395,5.240939140319824,4.196860313415527,2.471994400024414,0.9577826261520386,1.7421528100967407
-5.70526647567749,-5.8459248542785645,4.919449806213379,3.097259283065796,1.5825551748275757,-3.63459849357605,-4.577589988708496,0.047976769506931305,0.26188838481903076,4.816666126251221,8.85363483428955,6.579206943511963,6.614693641662598,7.055996417999268,7.040712833404541,9.787525177001953,12.791491508483887,11.801896095275879,4.14281702041626,4.790895462036133,13.484614372253418,15.105324745178223,9.524279594421387,6.867631912231445,6.1399760246276855,7.231980800628662,7.212209701538086,4.248600482940674,3.835972547531128,5.619955062866211,6.281346797943115,7.247701168060303,8.689769744873047,9.636605262756348,8.187152862548828,8.114829063415527,8.61570930480957,7.644336700439453,8.876492500305176,7.906261920928955,6.805944442749023,2.9173450469970703,2.6529698371887207
-8.801151275634766,-10.213202476501465,1.71463143825531,7.567547798156738,-7.605702877044678,-4.74476957321167,3.4289615154266357,3.2620315551757812,5.686881065368652,11.5354642868042,9.308486938476562,5.147830963134766,7.1001176834106445,6.376991271972656,3.4285175800323486,4.9162702560424805,11.671904563903809,14.038331031799316,7.674288749694824,7.306460380554199,12.053752899169922,12.152974128723145,8.344924926757812,6.156655788421631,6.393489837646484,6.350607395172119,6.147908687591553,6.1248250007629395,7.654125690460205,9.711443901062012,9.3297119140625,8.381978988647461,8.818635940551758,6.207510471343994,3.4261727333068848,3.5069222450256348,5.772954940795898,6.5395917892456055,7.434761047363281,6.892419815063477,5.396111488342285,4.465627670288086,2.467742681503296
-6.3047990798950195,-5.099484920501709,1.4678877592086792,7.27067232131958,0.03509831055998802,-0.38609084486961365,9.0562744140625,7.261819362640381,9.88984203338623,12.616011619567871,2.702321767807007,0.6006593108177185,8.548598289489746,9.198213577270508,3.302619218826294,4.522830009460449,10.70963191986084,12.031635284423828,11.895012855529785,10.915908813476562,8.56311321258545,7.1265997886657715,6.978585243225098,9.201909065246582,7.212670803070068,2.8764209747314453,1.5138927698135376,3.85097599029541,7.766321659088135,8.999629020690918,8.808582305908203,6.767536640167236,2.6176230907440186,3.0849404335021973,5.637073040008545,6.22444486618042,5.853906631469727,5.011928081512451,5.820503234863281,8.325870513916016,3.5201826095581055,2.3088107109069824,0.41978347301483154
0.5172589421272278,0.7891594171524048,-0.9841712713241577,6.4497294425964355,10.140026092529297,10.953186988830566,10.749375343322754,7.876620769500732,10.372696876525879,7.83568811416626,2.866098642349243,3.0840256214141846,9.897153854370117,12.533346176147461,5.180968284606934,5.0521087646484375,9.925386428833008,12.160953521728516,12.984309196472168,11.639729499816895,9.010123252868652,8.107616424560547,6.883798122406006,4.740607261657715,4.2895426750183105,6.3828444480896,7.610595226287842,5.602736949920654,5.7796454429626465,6.111471176147461,6.791059494018555,5.910764694213867,2.6585092544555664,4.7762603759765625,8.405747413635254,9.43674373626709,9.051788330078125,7.345819473266602,8.036734580993652,9.404729843139648,3.648989677429199,1.4035232067108154,-0.7752664685249329
7.557297229766846,2.725069761276245,-0.9121015667915344,6.9322733879089355,15.253454208374023,11.1030912399292,2.0327184200286865,3.904869318008423,6.924061298370361,6.031562805175781,9.535468101501465,10.974781036376953,10.923426628112793,12.64395809173584,10.54250431060791,9.268186569213867,10.131852149963379,10.911410331726074,10.710854530334473,8.945602416992188,9.806764602661133,8.9852876663208,4.1952691078186035,3.6504178047180176,6.413176536560059,8.383041381835938,10.0377197265625,9.423517227172852,8.537582397460938,8.816184997558594,8.035370826721191,7.3827924728393555,5.236220359802246,6.471920967102051,8.707134246826172,7.951444149017334,7.9956135749816895,8.54150390625,7.547050476074219,5.765690326690674,1.1617475748062134,-1.5381718873977661,-3.068394422531128
7.416657447814941,5.308898448944092,4.597765922546387,7.08942174911499,9.058860778808594,1.3663073778152466,0.5852551460266113,6.617553234100342,8.373455047607422,5.001116752624512,10.831120491027832,15.476669311523438,11.32231616973877,9.173192977905273,10.553719520568848,10.302647590637207,8.880865097045898,8.175101280212402,9.092287063598633,8.1511869430542,8.977336883544922,9.80273151397705,5.894904136657715,5.465569019317627,7.188422203063965,7.94791841506958,7.89877986907959,6.77136754989624,6.397668361663818,6.274123191833496,6.372249603271484,8.746076583862305,5.799715042114258,4.119307994842529,5.237954139709473,5.70335054397583,6.976132392883301,8.25080680847168,5.684846878051758,2.7403767108917236,0.365820050239563,-2.432482957839966,-6.358942985534668
8.755608558654785,8.056828498840332,0.27484163641929626,0.5939017534255981,4.332939624786377,4.354197978973389,6.195462226867676,9.438302040100098,6.570201396942139,3.5332529544830322,7.740922927856445,12.862364768981934,10.782155990600586,8.745206832885742,9.10960578918457,8.834463119506836,6.3425116539001465,4.118650436401367,2.31697940826416,1.5009173154830933,6.218306064605713,8.363285064697266,4.199304580688477,3.8412516117095947,3.959892988204956,3.925050973892212,4.50306510925293,5.08155632019043,5.145236968994141,6.2728495597839355,7.201092720031738,7.432448863983154,5.787193775177002,1.4532403945922852,4.380019187927246,6.093095779418945,6.21845817565918,4.510136127471924,2.726318359375,1.0822314023971558,-4.542099952697754,-11.083755493164062,-11.924960136413574
9.7571439743042,4.348038196563721,-5.650224685668945,-1.5930026769638062,9.674850463867188,12.914910316467285,5.2596940994262695,2.4733355045318604,-0.8791202902793884,-0.6510751843452454,4.3721818923950195,8.889264106750488,9.062286376953125,6.72155237197876,5.540639877319336,7.537931442260742,7.476816177368164,1.980654239654541,0.10270761698484421,3.3918943405151367,8.626023292541504,6.565866947174072,-0.2840317189693451,0.6116457581520081,2.4356954097747803,1.9095299243927002,4.5511298179626465,7.493143558502197,7.6366190910339355,7.931824684143066,8.826519012451172,8.587674140930176,8.897424697875977,8.654431343078613,7.524822235107422,6.946313858032227,1.877920389175415,1.4727773666381836,2.5186100006103516,0.15165504813194275,-11.068336486816406,-13.922022819519043,-12.843151092529297
6.8684797286987305,8.751723289489746,-4.627121448516846,0.5063751339912415,6.670663833618164,4.69980525970459,0.8598446249961853,1.4769883155822754,-0.2948128581047058,0.6329513192176819,5.327126502990723,8.231586456298828,8.070174217224121,7.950120449066162,7.185651779174805,8.413426399230957,10.391162872314453,6.099401473999023,3.3638176918029785,6.719598770141602,10.047974586486816,7.581206798553467,-0.13089163601398468,0.6638387441635132,3.36068058013916,3.6289143562316895,5.823864936828613,10.368489265441895,10.966898918151855,9.343450546264648,8.547008514404297,10.343419075012207,12.804593086242676,9.613847732543945,6.616714000701904,7.246642589569092,3.790419340133667,0.8542208075523376,-3.8825643062591553,-5.1108903884887695,-10.45811653137207,-11.564620971679688,-9.00383186340332
11.21268367767334,6.24909782409668,-3.926581382751465,-0.39192578196525574,-0.6240050792694092,1.2306674718856812,5.418295383453369,1.3294254541397095,-1.1569045782089233,3.4658474922180176,7.459506034851074,9.07641315460205,8.282292366027832,9.20470905303955,9.002479553222656,8.079314231872559,10.614693641662598,9.540300369262695,6.225815296173096,8.104842185974121,9.806031227111816,8.995737075805664,6.538651466369629,0.7890186905860901,0.43879806995391846,2.8682608604431152,6.174088954925537,10.037342071533203,10.37271499633789,6.192166805267334,6.187783718109131,9.10571575164795,10.465550422668457,6.352231025695801,4.837503433227539,6.709504127502441,2.474195957183838,-3.571244478225708,-10.148774147033691,-8.931511878967285,-8.324301719665527,-7.507757663726807,-5.89842414855957
2.9261131286621094,-4.459988594055176,2.5900886058807373,2.188077449798584,0.15712586045265198,4.718114852905273,11.174492835998535,10.298604965209961,-1.1444348096847534,1.6218390464782715,4.533812046051025,8.057052612304688,8.448787689208984,7.853776454925537,8.503036499023438,8.643877983093262,9.565197944641113,9.572157859802246,8.143954277038574,7.757101535797119,6.451437473297119,5.705742359161377,5.4148850440979,2.927917957305908,-0.33359286189079285,1.2511953115463257,5.541278839111328,7.786811828613281,4.919050693511963,4.806244373321533,7.2965288162231445,8.512238502502441,3.6241636276245117,-3.4962806701660156,-2.8300621509552,0.005812628660351038,-3.5103983879089355,-9.84447193145752,-6.765149116516113,-7.809145450592041,-8.929089546203613,-6.229729652404785,-3.7226364612579346
-4.844648361206055,-0.3696419894695282,7.607106685638428,3.358187437057495,3.0128064155578613,9.379935264587402,12.823826789855957,11.678598403930664,-0.4404244124889374,-2.062710762023926,3.8989803791046143,9.500958442687988,8.586250305175781,6.540406703948975,9.418878555297852,11.188633918762207,8.499887466430664,8.297035217285156,8.780871391296387,6.417988300323486,4.184988975524902,2.3219716548919678,3.3004846572875977,3.41426682472229,0.11293300986289978,0.8561387062072754,3.165708541870117,0.44648197293281555,1.366591215133667,5.336803913116455,10.09280014038086,8.884430885314941,-4.491575717926025,-10.760281562805176,-11.88798999786377,-11.116543769836426,-10.010567665100098,-5.902489185333252,-2.9093661308288574,-5.396053791046143,-7.241118431091309,-7.215121746063232,-4.914055347442627
