data/wind_data/wind_22_5.json
{"header": {"parameterUnit": "KT", "parameterCategory": 2, "nx": 256, "ny": 198, "lo1": 44.73521041870117, "la1": -3.236724853515625, "lo2": 111.26478576660156, "la2": 43.468475341796875, "dx": 0.2609002888202667, "dy": -0.23708222806453705, "refTime": "2025-02-19 22:00:00", "forecastTime": 0, "parameterNumber": 2, "parameterNumberName": "eastward_wind"}, "data":
[rows 57 to 75 of 198, columns 176 to 219 of 256]
6.9801177978515625,7.2190656661987305,7.59493350982666,8.178458213806152,8.990335464477539,9.563895225524902,9.716370582580566,9.553505897521973,8.928744316101074,8.419265747070312,8.428726196289062,8.470327377319336,8.593424797058105,8.829582214355469,8.839128494262695,8.174820899963379,7.0310282707214355,6.1498565673828125,6.049461364746094,6.283860206604004,6.136963844299316,5.5295491218566895,4.684871196746826,4.010684490203857,3.788400888442993,3.8222644329071045,3.9850990772247314,4.231144905090332,4.365997314453125,4.098667144775391,3.9852993488311768,4.7368483543396,5.797483444213867,5.703420162200928,4.488502025604248,3.2982850074768066,2.6686811447143555,2.107455253601074,2.0181961059570312,1.0033669471740723,-0.07933617383241653,-1.3145321607589722,-1.3039898872375488,-1.2494468688964844
7.305490493774414,7.2635626792907715,7.2630462646484375,7.602365016937256,8.402311325073242,9.301413536071777,9.694706916809082,9.765807151794434,9.674145698547363,9.208122253417969,8.739346504211426,8.60207462310791,8.97831916809082,9.75727653503418,10.253703117370605,9.83953857421875,8.82166576385498,7.903090000152588,7.479333400726318,7.409451484680176,7.126570224761963,6.6410675048828125,5.893828392028809,5.0840020179748535,4.592975616455078,4.341297626495361,4.123639106750488,4.174983501434326,4.481161594390869,4.489814758300781,4.0721755027771,4.334133625030518,5.526787757873535,6.155993938446045,4.924994468688965,3.0414557456970215,2.196504592895508,2.570307493209839,3.357271671295166,2.7328968048095703,1.4032343626022339,-0.472066730260849,-1.2714006900787354,-1.7457242012023926
7.532840251922607,7.914306163787842,8.019100189208984,7.921937465667725,8.057012557983398,8.636844635009766,9.197540283203125,9.463358879089355,9.890937805175781,10.090665817260742,9.593541145324707,9.135908126831055,9.311720848083496,10.106531143188477,10.897192001342773,10.938523292541504,10.201440811157227,9.376195907592773,8.894433975219727,8.75094223022461,8.409737586975098,7.800749778747559,7.076010227203369,6.262138366699219,5.49125862121582,4.861289024353027,4.340658664703369,4.1848602294921875,4.462988376617432,4.867587566375732,4.869431495666504,4.820339679718018,5.427706241607666,6.082116603851318,5.340014457702637,3.3551876544952393,1.9833883047103882,2.373786211013794,3.9318480491638184,4.356635093688965,3.025710105895996,0.987216591835022,-0.743811309337616,-1.2884705066680908
7.400649070739746,7.873669624328613,8.469035148620605,8.806455612182617,8.733988761901855,8.731258392333984,8.965238571166992,9.061688423156738,9.340344429016113,10.065585136413574,10.328821182250977,10.135407447814941,10.067190170288086,10.336152076721191,10.88759708404541,11.391965866088867,11.192179679870605,10.574763298034668,10.084332466125488,9.950777053833008,9.774903297424316,9.147071838378906,8.415464401245117,7.642901420593262,6.5904340744018555,5.577923774719238,4.926538467407227,4.608544826507568,4.676071643829346,5.135926723480225,5.615352630615234,5.806436061859131,6.059988975524902,6.2049760818481445,5.802481651306152,4.2860188484191895,2.4780962467193604,2.0475411415100098,3.448873996734619,4.788465976715088,4.53278112411499,2.161874532699585,0.33039799332618713,-0.8579176068305969
7.814745903015137,7.8877081871032715,8.256423950195312,8.870750427246094,9.316598892211914,9.441946983337402,9.53186321258545,9.389053344726562,9.065225601196289,9.384257316589355,10.163369178771973,10.672148704528809,10.921298027038574,10.972443580627441,11.065509796142578,11.521172523498535,11.912452697753906,11.773164749145508,11.375044822692871,11.153969764709473,11.061569213867188,10.617618560791016,9.958374977111816,9.273428916931152,8.112048149108887,6.689183235168457,5.792078018188477,5.352733135223389,5.248715877532959,5.469376087188721,6.0668721199035645,6.704898834228516,7.276425838470459,7.253692626953125,6.512129306793213,4.926449775695801,2.920217275619507,1.8625270128250122,2.753079652786255,4.248807907104492,5.169428825378418,4.044156551361084,1.1105316877365112,-1.2392003536224365
8.67126750946045,8.514017105102539,8.54106330871582,8.8381929397583,9.354174613952637,9.705547332763672,10.04836654663086,10.220934867858887,9.778111457824707,9.368000030517578,9.774738311767578,10.527135848999023,11.216625213623047,11.618956565856934,11.671449661254883,11.833642959594727,12.390035629272461,12.794431686401367,12.751327514648438,12.465886116027832,12.266866683959961,12.016336441040039,11.49314022064209,10.796996116638184,9.821635246276855,8.421672821044922,7.033553600311279,6.336533546447754,6.236595630645752,6.160659313201904,6.371167182922363,7.023685455322266,8.16169548034668,8.725438117980957,7.630476951599121,5.7077789306640625,3.7107162475585938,2.4257497787475586,2.5320377349853516,3.7801663875579834,4.899275779724121,4.961556911468506,3.2389039993286133,0.5630781650543213
9.739225387573242,9.374321937561035,9.270755767822266,9.327394485473633,9.566139221191406,9.79118824005127,10.06112003326416,10.577529907226562,10.652081489562988,10.107217788696289,9.985856056213379,10.440240859985352,11.116469383239746,11.824875831604004,12.24931812286377,12.422133445739746,12.824640274047852,13.426645278930664,13.760210990905762,13.600168228149414,13.266192436218262,13.125274658203125,12.856772422790527,12.15675163269043,11.251758575439453,10.365789413452148,9.196921348571777,8.138952255249023,7.808470726013184,7.532190799713135,7.003519058227539,7.035310745239258,8.34254264831543,9.763847351074219,8.877636909484863,7.032098293304443,5.3294596672058105,3.8792738914489746,3.045729160308838,3.242889881134033,3.8568966388702393,4.703527927398682,4.351635456085205,1.4643213748931885
10.874687194824219,10.38131332397461,10.10002613067627,10.018775939941406,10.039985656738281,10.111857414245605,10.104388236999512,10.404637336730957,10.899802207946777,10.703522682189941,10.374344825744629,10.668133735656738,11.155089378356934,11.774590492248535,12.489638328552246,12.981395721435547,13.342599868774414,13.888089179992676,14.376238822937012,14.389222145080566,13.982444763183594,13.745882034301758,13.775784492492676,13.493377685546875,12.69226360321045,12.051105499267578,11.624322891235352,10.808521270751953,9.856823921203613,9.1470308303833,8.303544998168945,7.932451248168945,8.501886367797852,9.476036071777344,9.274195671081543,8.398773193359375,7.320839881896973,5.777927398681641,4.274874687194824,3.273778200149536,3.2110211849212646,4.087337970733643,4.109156608581543,2.0966708660125732
11.29476547241211,11.035975456237793,10.852811813354492,10.741759300231934,10.59923267364502,10.535130500793457,10.439262390136719,10.289011001586914,10.58974838256836,10.898516654968262,10.589336395263672,10.69864273071289,11.242192268371582,11.783347129821777,12.518220901489258,13.267497062683105,13.789656639099121,14.305435180664062,14.884102821350098,15.095044136047363,14.71111011505127,14.208191871643066,14.154608726501465,14.346776962280273,14.19483470916748,13.795305252075195,13.627534866333008,13.212790489196777,12.23697280883789,11.167549133300781,10.231056213378906,9.775639533996582,9.247087478637695,8.515292167663574,8.422627449035645,8.834136962890625,8.907320022583008,7.657333850860596,5.550190448760986,3.8060896396636963,3.4983880519866943,4.430075168609619,5.261290073394775,5.0566182136535645
11.247833251953125,11.202237129211426,11.247295379638672,11.306110382080078,11.169113159179688,10.897860527038574,10.804491996765137,10.59478759765625,10.402791023254395,10.728655815124512,10.848376274108887,10.731459617614746,11.099621772766113,11.701812744140625,12.388270378112793,13.174402236938477,13.879159927368164,14.535043716430664,15.256610870361328,15.783109664916992,15.685431480407715,15.081974983215332,14.647500991821289,14.771239280700684,15.209966659545898,15.416914939880371,15.345541954040527,15.004114151000977,14.243796348571777,13.348068237304688,12.603172302246094,12.154001235961914,11.097066879272461,9.34710693359375,8.398404121398926,8.89694881439209,9.439730644226074,8.697734832763672,6.5785813331604,4.623950481414795,4.208500385284424,5.495444297790527,7.133885383605957,8.18543815612793
11.193906784057617,11.176481246948242,11.410965919494629,11.63102912902832,11.621993064880371,11.278273582458496,11.024221420288086,10.96451473236084,10.66321086883545,10.580029487609863,10.896369934082031,10.979937553405762,11.092002868652344,11.56860065460205,12.217430114746094,12.833122253417969,13.428953170776367,14.193093299865723,15.139884948730469,15.991238594055176,16.355276107788086,16.09808921813965,15.643472671508789,15.566427230834961,16.01405906677246,16.505462646484375,16.648834228515625,16.486419677734375,15.97404956817627,15.41974925994873,14.26427173614502,13.882918357849121,13.96983814239502,12.749476432800293,10.92935848236084,10.016963958740234,9.47818660736084,8.881574630737305,7.5926618576049805,6.074346542358398,5.953417778015137,7.5766167640686035,8.903505325317383,9.59883975982666
11.60653018951416,11.2488374710083,11.384955406188965,11.733154296875,11.878341674804688,11.60224723815918,11.230483055114746,11.224400520324707,11.112030982971191,10.801321029663086,10.901825904846191,11.234565734863281,11.419620513916016,11.673880577087402,12.177206993103027,12.713107109069824,13.072652816772461,13.535964012145996,14.417579650878906,15.411735534667969,16.09949493408203,16.315168380737305,16.38837432861328,16.710832595825195,17.113901138305664,17.378801345825195,17.543052673339844,17.708086013793945,17.701032638549805,17.352815628051758,15.70934009552002,15.406417846679688,16.478120803833008,16.469297409057617,15.059693336486816,12.681620597839355,10.43443775177002,9.21300220489502,8.721860885620117,8.285937309265137,8.538775444030762,9.969874382019043,10.585144996643066,10.213260650634766
12.619063377380371,11.84505844116211,11.535473823547363,11.749896049499512,12.053207397460938,11.98410415649414,11.519444465637207,11.337895393371582,11.426812171936035,11.289654731750488,11.212139129638672,11.469870567321777,11.769868850708008,12.018803596496582,12.441451072692871,12.963168144226074,13.324251174926758,13.549598693847656,13.98100471496582,14.675962448120117,15.315323829650879,15.737939834594727,16.239643096923828,17.173795700073242,18.014997482299805,18.43548011779785,18.415813446044922,18.57657814025879,19.033790588378906,18.5072078704834,17.05007553100586,17.013139724731445,18.53581428527832,18.594099044799805,17.32326316833496,16.241371154785156,13.008410453796387,9.982309341430664,9.369071960449219,10.155131340026855,11.206632614135742,12.409700393676758,12.907729148864746,12.278018951416016
13.894689559936523,12.974153518676758,12.120232582092285,11.832797050476074,12.05295181274414,12.280515670776367,12.001177787780762,11.506057739257812,11.37699031829834,11.389636039733887,11.522664070129395,11.849685668945312,12.138121604919434,12.290803909301758,12.670724868774414,13.346574783325195,13.89445686340332,14.125411987304688,14.272520065307617,14.551806449890137,14.888955116271973,15.258116722106934,15.898211479187012,16.955520629882812,18.000940322875977,18.953174591064453,19.391569137573242,19.6390438079834,20.047399520874023,19.567514419555664,18.462890625,19.302385330200195,20.311813354492188,19.563140869140625,19.096986770629883,18.64788818359375,14.846940994262695,11.556733131408691,11.173845291137695,12.165410995483398,13.489456176757812,14.0733642578125,14.140571594238281,14.353379249572754
14.651732444763184,14.013550758361816,13.007526397705078,12.183902740478516,11.896153450012207,12.029339790344238,12.082965850830078,11.727177619934082,11.289502143859863,11.103102684020996,11.246561050415039,11.763172149658203,12.356969833374023,12.64452075958252,12.758572578430176,13.274589538574219,14.126017570495605,14.731767654418945,14.921573638916016,14.936010360717773,14.99505615234375,15.245701789855957,15.918591499328613,16.983455657958984,17.828975677490234,18.592613220214844,19.445476531982422,20.38882064819336,21.122150421142578,21.020509719848633,20.340206146240234,21.54397964477539,21.89777946472168,20.38083267211914,20.982463836669922,19.914480209350586,16.189516067504883,13.458558082580566,12.77695083618164,13.108977317810059,14.00682258605957,14.760080337524414,15.233575820922852,16.130674362182617
14.39030647277832,14.074148178100586,13.334704399108887,12.479164123535156,11.900346755981445,11.707640647888184,11.702214241027832,11.588528633117676,11.296514511108398,11.026853561401367,10.935649871826172,11.169559478759766,11.851197242736816,12.597994804382324,12.902268409729004,13.062043190002441,13.711690902709961,14.680099487304688,15.389817237854004,15.638586044311523,15.612728118896484,15.668111801147461,16.149372100830078,17.135009765625,18.11183738708496,18.554777145385742,18.904863357543945,19.899866104125977,21.392986297607422,22.24295425415039,22.222579956054688,23.076963424682617,23.02423858642578,21.89081573486328,21.752941131591797,20.422426223754883,16.55194854736328,13.301199913024902,12.60713005065918,13.268595695495605,14.117755889892578,14.851343154907227,15.58544921875,15.852949142456055
13.853424072265625,13.565648078918457,13.060941696166992,12.388412475585938,11.847611427307129,11.59036636352539,11.515703201293945,11.474139213562012,11.437901496887207,11.413613319396973,11.34105110168457,11.229753494262695,11.435550689697266,12.091975212097168,12.745516777038574,13.129761695861816,13.560386657714844,14.311561584472656,15.164407730102539,15.835503578186035,16.183332443237305,16.370458602905273,16.77423095703125,17.5728816986084,18.456424713134766,19.012989044189453,18.967174530029297,19.285369873046875,20.500703811645508,21.880952835083008,23.230249404907227,24.413999557495117,24.154874801635742,23.11365509033203,21.163415908813477,20.096527099609375,16.385265350341797,12.25443172454834,11.867775917053223,13.276576042175293,14.487773895263672,14.981846809387207,15.852012634277344,14.964376449584961
14.055447578430176,13.6343994140625,13.1969633102417,12.635401725769043,12.054789543151855,11.646600723266602,11.483728408813477,11.468832015991211,11.534762382507324,11.689592361450195,11.846851348876953,11.85867691040039,11.83882999420166,12.097464561462402,12.597050666809082,13.085551261901855,13.667104721069336,14.420058250427246,15.090270042419434,15.55721378326416,16.01809310913086,16.543678283691406,17.21156120300293,18.188684463500977,18.95612907409668,19.452983856201172,19.64769172668457,19.45138931274414,20.001527786254883,21.369070053100586,23.644845962524414,25.877212524414062,25.889299392700195,23.85831642150879,20.67497444152832,18.819929122924805,15.715394020080566,12.198322296142578,11.55488109588623,12.678332328796387,14.263130187988281,15.178325653076172,16.066192626953125,16.264802932739258
14.57442569732666,14.115047454833984,13.73823356628418,13.315279960632324,12.769279479980469,12.175447463989258,11.683979034423828,11.427404403686523,11.41099739074707,11.510265350341797,11.589369773864746,11.625863075256348,11.718914985656738,12.040900230407715,12.560690879821777,13.001734733581543,13.453703880310059,14.22996711730957,15.09273910522461,15.55046558380127,15.676716804504395,16.019746780395508,16.74201011657715,17.882122039794922,18.947629928588867,19.917407989501953,20.514074325561523,20.28889274597168,20.371692657470703,21.450284957885742,23.613826751708984,26.235483169555664,27.163022994995117,25.031949996948242,20.932964324951172,18.569416046142578,17.094436645507812,14.944342613220215,13.380935668945312,13.015541076660156,14.346601486206055,15.92326545715332,16.934328079223633,17.75914192199707
