data/wind_data/wind_13_8.json
{"header": {"parameterUnit": "KT", "parameterCategory": 2, "nx": 256, "ny": 198, "lo1": 44.73521041870117, "la1": -3.236724853515625, "lo2": 111.26478576660156, "la2": 43.468475341796875, "dx": 0.2609002888202667, "dy": -0.23708222806453705, "refTime": "2025-02-19 13:00:00", "forecastTime": 0, "parameterNumber": 2, "parameterNumberName": "eastward_wind"}, "data":
[rows 171 to 189 of 198, columns 44 to 87 of 256]
49.937904357910156,48.40670394897461,46.5721549987793,45.221275329589844,44.612300872802734,44.69673538208008,45.240081787109375,45.78629684448242,46.17742156982422,46.47073745727539,46.4350700378418,45.90034866333008,45.051612854003906,44.026859283447266,42.91310119628906,41.99940490722656,41.421714782714844,40.91215896606445,40.38845443725586,40.15986251831055,40.31632614135742,40.54792404174805,40.76162338256836,41.137550354003906,41.64220428466797,41.83088302612305,41.461669921875,41.25511169433594,42.03441619873047,43.64081954956055,44.96441650390625,44.9293098449707,43.9145393371582,43.324737548828125,43.49052429199219,43.55614471435547,42.761741638183594,41.15639114379883,39.298561096191406,37.540809631347656,36.12037658691406,35.09049987792969,34.038597106933594,32.805782318115234
49.852298736572266,48.59996032714844,47.34797286987305,46.454917907714844,45.95155334472656,45.784751892089844,45.87482452392578,46.11953353881836,46.41264724731445,46.53108596801758,46.278018951416016,45.73092269897461,45.07246398925781,44.27743148803711,43.29526138305664,42.372127532958984,41.75456237792969,41.24154281616211,40.5838737487793,40.036983489990234,39.90311813354492,40.029930114746094,40.19626235961914,40.47575378417969,40.91862487792969,41.28818130493164,41.306644439697266,41.22527313232422,41.79389572143555,43.268280029296875,45.067161560058594,45.93510055541992,45.355525970458984,44.344730377197266,43.87925720214844,43.7475471496582,43.313270568847656,42.21037673950195,40.337257385253906,38.118595123291016,36.36050796508789,35.382041931152344,34.850486755371094,34.23025894165039
49.845802307128906,48.90581512451172,48.11082458496094,47.52908706665039,46.950538635253906,46.39399337768555,46.102516174316406,46.16167449951172,46.39149475097656,46.470542907714844,46.26502990722656,45.856170654296875,45.23354721069336,44.33377456665039,43.30445098876953,42.4584846496582,41.979434967041016,41.659786224365234,41.14274215698242,40.428218841552734,39.83864974975586,39.562320709228516,39.56411361694336,39.824623107910156,40.30955123901367,40.830810546875,41.20157241821289,41.49063491821289,42.021297454833984,43.0922966003418,44.64080047607422,45.941558837890625,46.07112121582031,45.22760009765625,44.36885452270508,43.913246154785156,43.6197624206543,43.017616271972656,41.53065490722656,39.18227005004883,36.8801155090332,35.64418411254883,35.61557388305664,35.59584426879883
50.52785110473633,49.912052154541016,49.397552490234375,48.9129524230957,48.191375732421875,47.31008529663086,46.71173095703125,46.57299041748047,46.64911651611328,46.707061767578125,46.72631072998047,46.55342102050781,45.82121276855469,44.487579345703125,43.056175231933594,42.10453414916992,41.79368591308594,41.81321334838867,41.661964416503906,41.03254318237305,40.02809143066406,39.155029296875,38.86349868774414,39.17364501953125,39.81136703491211,40.47366714477539,41.0445556640625,41.666751861572266,42.437644958496094,43.3217887878418,44.344051361083984,45.4178466796875,45.93879699707031,45.52804946899414,44.68128204345703,44.03278350830078,43.70379638671875,43.352962493896484,42.39289855957031,40.4643440246582,37.95610046386719,36.18288803100586,36.02277374267578,36.215599060058594
51.71200180053711,51.36905288696289,51.125545501708984,50.635047912597656,49.78350830078125,48.87451934814453,48.18647766113281,47.761558532714844,47.580963134765625,47.62515640258789,47.72898864746094,47.49151611328125,46.4780387878418,44.72352981567383,42.862342834472656,41.65547180175781,41.383399963378906,41.681209564208984,41.88563537597656,41.46314239501953,40.25545120239258,38.84711837768555,38.19551086425781,38.57478713989258,39.461151123046875,40.29096984863281,40.93498611450195,41.67506790161133,42.66848373413086,43.618343353271484,44.28968048095703,44.88727951049805,45.411598205566406,45.357887268066406,44.67134475708008,43.93757629394531,43.5609130859375,43.31627655029297,42.73829650878906,41.450767517089844,39.337242126464844,37.16658401489258,36.18498229980469,36.07476043701172
52.96812057495117,52.63622283935547,52.46981430053711,52.0268440246582,51.26312255859375,50.51897430419922,49.85725402832031,49.21760940551758,48.826332092285156,48.79427719116211,48.73020553588867,48.11910629272461,46.744590759277344,44.77188491821289,42.73551940917969,41.35646438598633,41.03514862060547,41.45170974731445,41.84201431274414,41.55304718017578,40.32207489013672,38.671905517578125,37.75870895385742,38.135074615478516,39.23249816894531,40.26840591430664,41.00054931640625,41.70090103149414,42.650814056396484,43.63355255126953,44.16508865356445,44.37440872192383,44.71376419067383,44.928260803222656,44.52582931518555,43.719398498535156,43.169490814208984,42.98273849487305,42.709388732910156,41.989105224609375,40.52264404296875,38.39775466918945,36.57183074951172,35.744266510009766
53.75410079956055,53.269771575927734,52.89999008178711,52.37887954711914,51.678504943847656,50.981353759765625,50.2976188659668,49.640750885009766,49.21590042114258,49.03450393676758,48.71234893798828,47.875675201416016,46.45268249511719,44.565879821777344,42.60834503173828,41.24998474121094,40.86151885986328,41.18650817871094,41.56449508666992,41.34883499145508,40.232791900634766,38.65299987792969,37.71358108520508,38.06096267700195,39.22214126586914,40.37881851196289,41.23282241821289,41.91278076171875,42.62322235107422,43.35801315307617,43.7834587097168,43.79296875,43.91466522216797,44.302791595458984,44.34603500366211,43.67063903808594,42.76507568359375,42.31868362426758,42.30096435546875,42.12603759765625,41.204708099365234,39.366085052490234,37.2896728515625,35.8874397277832
54.22779846191406,53.663734436035156,52.87936019897461,51.87301254272461,50.82948684692383,49.88846206665039,49.03645324707031,48.31247329711914,47.87910461425781,47.75075912475586,47.65123748779297,47.20378494262695,46.149391174316406,44.467384338378906,42.60748291015625,41.312931060791016,40.839439392089844,40.881813049316406,41.074546813964844,40.98956298828125,40.22200012207031,38.94594192504883,38.089744567871094,38.348899841308594,39.43452453613281,40.60150909423828,41.527374267578125,42.25600051879883,42.764469146728516,43.109649658203125,43.294281005859375,43.253883361816406,43.25659942626953,43.67314910888672,44.10252380371094,43.76655197143555,42.62311935424805,41.60560607910156,41.40468978881836,41.55079650878906,41.1519660949707,39.87397003173828,38.14778137207031,36.568626403808594
54.066261291503906,53.47237014770508,52.24265670776367,50.62751388549805,49.17328643798828,48.07600021362305,47.13557815551758,46.26495361328125,45.71245193481445,45.6922721862793,45.998538970947266,46.0825080871582,45.477230072021484,44.126216888427734,42.52813720703125,41.39162063598633,40.83317565917969,40.510135650634766,40.391544342041016,40.44244384765625,40.236270904541016,39.5439567565918,38.88833999633789,38.97554016113281,39.828216552734375,40.88532257080078,41.77217483520508,42.51116943359375,43.01535415649414,43.16077423095703,43.09061050415039,42.942752838134766,42.88320541381836,43.19414138793945,43.76591873168945,43.80112075805664,42.720951080322266,41.137630462646484,40.19581985473633,40.13180923461914,40.24570846557617,39.89170837402344,38.88195037841797,37.58452606201172
52.77360534667969,52.15395736694336,50.788665771484375,49.001953125,47.41752624511719,46.26595687866211,45.28776168823242,44.285945892333984,43.53746032714844,43.467201232910156,44.00676345825195,44.51746368408203,44.36984634399414,43.436100006103516,42.182098388671875,41.25045394897461,40.69548416137695,40.1031608581543,39.58237838745117,39.53875732421875,39.774234771728516,39.7940559387207,39.583980560302734,39.6602668762207,40.31390380859375,41.218910217285156,41.9622917175293,42.55565643310547,43.10494613647461,43.41588592529297,43.35254669189453,43.09750747680664,42.894439697265625,42.945220947265625,43.32386016845703,43.524837493896484,42.73346710205078,40.93587112426758,39.183250427246094,38.46358871459961,38.80028533935547,39.437381744384766,39.424861907958984,38.69904327392578
50.62335205078125,50.00270080566406,48.686004638671875,47.01471710205078,45.57694625854492,44.550628662109375,43.696563720703125,42.82497787475586,42.14994430541992,42.07624435424805,42.605838775634766,43.193626403808594,43.24277877807617,42.61528396606445,41.725345611572266,41.0767707824707,40.63059616088867,39.882781982421875,38.89878845214844,38.46316146850586,38.830326080322266,39.4839973449707,39.965118408203125,40.381351470947266,41.02824020385742,41.77179718017578,42.24723815917969,42.49931335449219,42.93421173095703,43.584144592285156,43.950889587402344,43.781314849853516,43.3426399230957,42.9568977355957,42.81074142456055,42.81050109863281,42.301021575927734,40.76856231689453,38.75975799560547,37.459720611572266,37.66884231567383,38.878116607666016,39.683204650878906,39.41459655761719
48.125831604003906,47.52751159667969,46.26582336425781,44.869075775146484,43.91748809814453,43.3993034362793,42.96952819824219,42.45997619628906,42.0076789855957,41.89015197753906,42.181800842285156,42.57631301879883,42.63655471801758,42.247154235839844,41.69276809692383,41.26578140258789,40.860939025878906,40.019569396972656,38.721317291259766,37.811397552490234,38.01695251464844,39.03759765625,40.15935516357422,41.077945709228516,41.90570068359375,42.58128356933594,42.801998138427734,42.64677047729492,42.76190948486328,43.56990051269531,44.53316879272461,44.78008270263672,44.1505126953125,43.16136169433594,42.36021041870117,41.92947769165039,41.45286178588867,40.35177993774414,38.71492385864258,37.47576141357422,37.57036590576172,38.68184280395508,39.46927261352539,39.201385498046875
46.019168853759766,45.5610466003418,44.576847076416016,43.69236373901367,43.354312896728516,43.32872772216797,43.2372932434082,42.96686935424805,42.62392807006836,42.407676696777344,42.41054916381836,42.48562240600586,42.41141128540039,42.16954803466797,41.963218688964844,41.88396453857422,41.62738037109375,40.65919876098633,39.085384368896484,37.887081146240234,37.985191345214844,39.240787506103516,40.75222396850586,41.89372253417969,42.71516418457031,43.32163619995117,43.45255661010742,43.07267761230469,42.896507263183594,43.67025375366211,45.0789794921875,45.92839813232422,45.395591735839844,43.88126754760742,42.36866760253906,41.34003829956055,40.56522750854492,39.64775466918945,38.6059684753418,37.99166488647461,38.228050231933594,38.85224914550781,38.929779052734375,38.286781311035156
45.20524978637695,45.12369918823242,44.62446975708008,44.19635009765625,44.228580474853516,44.50482177734375,44.6333122253418,44.42109298706055,43.92448806762695,43.38487243652344,42.992305755615234,42.69391632080078,42.384803771972656,42.13493347167969,42.16353225708008,42.6022834777832,43.01585006713867,42.332088470458984,40.413944244384766,38.76731491088867,38.782413482666016,40.33208084106445,42.20734405517578,43.3792839050293,43.86412048339844,44.124515533447266,44.10968017578125,43.64944076538086,43.34701919555664,44.04637908935547,45.62604522705078,46.9596061706543,46.87471389770508,45.241920471191406,43.09404373168945,41.318965911865234,39.98370361328125,38.89063262939453,38.17156219482422,38.18873977661133,38.78470230102539,39.05241775512695,38.410736083984375,37.36690902709961
45.87506103515625,46.09038162231445,45.96515655517578,45.841552734375,46.029083251953125,46.356502532958984,46.453460693359375,46.12976837158203,45.441070556640625,44.605403900146484,43.84747314453125,43.22938537597656,42.71710205078125,42.315120697021484,42.25880432128906,42.93244934082031,44.057884216308594,44.205223083496094,42.55923080444336,40.630149841308594,40.35374450683594,41.88169479370117,43.97554016113281,45.31109619140625,45.61747360229492,45.442935943603516,45.04046630859375,44.38324737548828,43.97294998168945,44.55298614501953,46.09467315673828,47.67020034790039,48.08332824707031,46.73861312866211,44.30813980102539,41.9044075012207,39.93659210205078,38.40003204345703,37.54078674316406,37.76396560668945,38.679141998291016,38.950462341308594,38.01779556274414,36.80134582519531
47.45988845825195,47.629859924316406,47.647769927978516,47.76173400878906,48.04483413696289,48.22749328613281,48.00840759277344,47.36458206176758,46.50259780883789,45.60201644897461,44.75385284423828,44.02799987792969,43.41899108886719,42.821502685546875,42.44152069091797,42.897438049316406,44.20906448364258,45.05280303955078,44.21772384643555,42.57392120361328,41.90614700317383,42.81010818481445,44.652992248535156,46.304344177246094,47.00101852416992,46.82985305786133,46.15087127685547,45.2562370300293,44.69154357910156,45.079200744628906,46.40825271606445,47.94204330444336,48.66211700439453,47.82423782348633,45.566375732421875,42.8663330078125,40.40186309814453,38.34752655029297,37.06557083129883,37.0724983215332,38.0175895690918,38.49699020385742,37.76350784301758,36.66866683959961
48.89828872680664,48.90467834472656,49.03879165649414,49.37036895751953,49.73017883300781,49.76199722290039,49.214324951171875,48.18098068237305,47.050846099853516,46.10801696777344,45.354156494140625,44.7576789855957,44.29035568237305,43.750545501708984,43.16259002685547,43.12571334838867,44.0224494934082,45.000728607177734,44.86272430419922,43.70980453491211,42.60976791381836,42.49574279785156,43.72691345214844,45.72295379638672,47.207313537597656,47.45337677001953,46.75502395629883,45.79753112792969,45.2269401550293,45.47515869140625,46.49287033081055,47.760711669921875,48.56944274902344,48.26903533935547,46.54696273803711,43.93246078491211,41.212890625,38.809444427490234,37.1188850402832,36.709693908691406,37.38985061645508,37.98201370239258,37.644657135009766,36.84065246582031
49.664756774902344,49.57694625854492,49.76762390136719,50.241451263427734,50.767784118652344,50.865509033203125,50.14954376220703,48.76084899902344,47.28528594970703,46.16872787475586,45.40702438354492,44.89204025268555,44.570289611816406,44.23992919921875,43.826393127441406,43.72065353393555,44.34025955200195,45.2957649230957,45.67802810668945,45.03652572631836,43.575172424316406,42.268272399902344,42.49069595336914,44.41838073730469,46.533714294433594,47.249267578125,46.600563049316406,45.671669006347656,45.27497863769531,45.5803108215332,46.36231994628906,47.2843132019043,48.02553939819336,48.15058898925781,46.98844528198242,44.58363723754883,41.82415771484375,39.40818405151367,37.58578872680664,36.76338577270508,37.02055358886719,37.626014709472656,37.75260925292969,37.374244689941406
49.92013931274414,49.83766555786133,49.99009323120117,50.48815155029297,51.152305603027344,51.39589309692383,50.67211151123047,49.11162567138672,47.4212646484375,46.142478942871094,45.30454635620117,44.77008819580078,44.44960403442383,44.19748306274414,44.00630187988281,44.1480712890625,44.866600036621094,45.93825149536133,46.71794509887695,46.534244537353516,44.98494338989258,42.792335510253906,41.932369232177734,43.36680603027344,45.71005630493164,46.79454803466797,46.12674331665039,45.02579116821289,44.68742752075195,45.188907623291016,45.995216369628906,46.752994537353516,47.41927719116211,47.79497528076172,47.12653732299805,45.1418342590332,42.67552947998047,40.524375915527344,38.77119827270508,37.5859375,37.29187774658203,37.6346435546875,37.93074035644531,37.82747268676758
