data/wind_data/wind_53_1.json
{"header": {"parameterUnit": "KT", "parameterCategory": 2, "nx": 256, "ny": 198, "lo1": 44.73521041870117, "la1": -3.236724853515625, "lo2": 111.26478576660156, "la2": 43.468475341796875, "dx": 0.2609002888202667, "dy": -0.23708222806453705, "refTime": "2025-02-21 05:00:00", "forecastTime": 0, "parameterNumber": 2, "parameterNumberName": "eastward_wind"}, "data":
[rows 133 to 151 of 198, columns 86 to 128 of 256]
4.025094985961914,2.620897054672241,-3.536977767944336,-0.16688744723796844,0.6872810125350952,1.1380444765090942,-0.5027281045913696,-3.0791897773742676,-1.4069995880126953,-3.839015483856201,-4.938543796539307,-2.745298385620117,-3.605994462966919,-3.4781277179718018,0.07829082012176514,0.5741276741027832,0.32112106680870056,0.5604217052459717,0.6057587265968323,0.8202264308929443,1.302362084388733,-0.03100517950952053,1.7831957340240479,0.6513289213180542,-0.11785929650068283,-0.6180257797241211,-0.5939859747886658,-0.5605160593986511,-0.33749741315841675,0.1682043969631195,0.1468718945980072,0.37650060653686523,1.3520631790161133,1.8962103128433228,1.9788308143615723,1.1146196126937866,-0.6760963201522827,-0.9751842021942139,-3.455249309539795,-1.95155668258667,-0.11321888864040375,-2.03607439994812,-8.444474220275879
0.08412544429302216,6.911547660827637,7.135172367095947,6.564529895782471,2.275285005569458,1.5268216133117676,4.120476245880127,1.608972430229187,0.0861862450838089,-1.8148952722549438,-6.532107830047607,-3.1913745403289795,-0.3492094874382019,-1.7712420225143433,0.6544676423072815,0.5981025695800781,1.0858241319656372,0.841315746307373,1.344887614250183,1.1933499574661255,0.9023531675338745,1.316095232963562,1.3131165504455566,0.32326632738113403,-0.22866113483905792,-0.6136847734451294,-0.5554094910621643,-0.20699547231197357,-0.24691994488239288,-0.44241857528686523,-0.3848707377910614,0.6292725801467896,1.3237377405166626,1.6851786375045776,1.4211195707321167,-0.9151926040649414,-0.44601666927337646,-2.316190004348755,-4.652887344360352,-3.587571859359741,-1.7793889045715332,-2.9789199829101562,-6.000133037567139
-4.363402843475342,3.802854299545288,8.583605766296387,11.164814949035645,5.278995037078857,1.7575348615646362,4.2301926612854,3.6301417350769043,2.076427936553955,2.7495174407958984,-6.443019866943359,-4.7099504470825195,-0.13803118467330933,-0.014737446792423725,0.8642151355743408,0.9272856116294861,1.2692621946334839,1.5721601247787476,1.4075456857681274,1.9633917808532715,-0.1373148411512375,1.8384730815887451,1.3141852617263794,0.24454458057880402,-0.10800222307443619,-0.15895454585552216,-0.44182515144348145,0.4106760323047638,-0.3996037244796753,0.2125253677368164,-0.9328542947769165,1.0479129552841187,0.5886560082435608,1.7902284860610962,-0.6630658507347107,-0.1706867814064026,0.005741155706346035,-2.360781192779541,-7.16697883605957,-5.801433563232422,-4.224996566772461,-3.8084189891815186,-6.478588581085205
-3.086057186126709,2.4576914310455322,9.839387893676758,10.389336585998535,4.946681022644043,4.854729652404785,4.860742092132568,2.0214242935180664,1.2627776861190796,5.87211799621582,-1.1300244331359863,-5.674228191375732,-0.6972417831420898,1.302363395690918,1.0801148414611816,0.9708350300788879,1.636812686920166,1.6476472616195679,1.88985013961792,1.6732863187789917,0.23342038691043854,1.5927455425262451,1.2872662544250488,0.372292160987854,-0.002854750957340002,-0.4276483356952667,-0.05095935985445976,0.7675939202308655,0.8491928577423096,0.12685053050518036,1.627686619758606,1.3396787643432617,0.1520543396472931,1.34266197681427,-2.432708740234375,0.5597891807556152,-1.059757947921753,-2.709104299545288,-8.356100082397461,-7.539439678192139,-8.418466567993164,-8.025381088256836,-9.20337963104248
5.405148029327393,5.0174736976623535,8.731066703796387,10.148694038391113,6.0933942794799805,3.1787495613098145,4.0918989181518555,3.591724395751953,1.7848637104034424,5.153113842010498,4.973729133605957,-3.7742419242858887,-2.1951441764831543,1.3411296606063843,1.1276764869689941,1.465848684310913,1.9033174514770508,2.008061408996582,1.2837718725204468,1.8417587280273438,0.2453552633523941,1.1560862064361572,1.2236816883087158,0.31509095430374146,0.15143975615501404,0.18098536133766174,0.3657340407371521,1.415137529373169,1.4577696323394775,1.6398884057998657,2.696535587310791,1.3182779550552368,0.16966082155704498,-1.509926438331604,-3.0822787284851074,-0.5654830932617188,-1.1910324096679688,0.4071107506752014,-6.991907596588135,-11.769489288330078,-14.176153182983398,-8.565284729003906,-8.193946838378906
6.9053635597229,6.466782569885254,8.290660858154297,9.350234985351562,6.175224304199219,3.4068784713745117,5.655013561248779,7.703402996063232,5.183436870574951,5.027726173400879,7.328373908996582,-1.0519111156463623,-3.5575616359710693,1.0701069831848145,1.0793282985687256,1.8539888858795166,2.4055933952331543,1.9747607707977295,1.561927318572998,2.0892508029937744,0.4618680477142334,1.0827819108963013,1.08463454246521,0.23218722641468048,0.2571088969707489,0.7741091251373291,0.8178175091743469,1.701919436454773,1.5841543674468994,2.420444965362549,1.9100596904754639,0.6189957857131958,-0.5124961733818054,-3.286545515060425,-4.731070041656494,-3.917203426361084,-1.7713072299957275,-0.6127563714981079,-7.967287540435791,-11.565443992614746,-11.140298843383789,-6.972527027130127,-6.219602584838867
5.09141731262207,5.430421352386475,6.470968246459961,6.075791358947754,4.179483413696289,3.6665596961975098,6.630121231079102,8.17513656616211,7.42285680770874,6.464141368865967,7.145496368408203,0.40306180715560913,-3.619631767272949,1.0694706439971924,0.9794726967811584,1.4114465713500977,1.902488350868225,2.3923749923706055,2.9994728565216064,2.419881820678711,0.9799289703369141,0.9263165593147278,0.7453069090843201,0.6917121410369873,0.760759711265564,1.3471345901489258,1.1358956098556519,1.3353949785232544,2.0018434524536133,1.5313122272491455,0.8829222917556763,-0.4483899176120758,-0.07052163779735565,-3.8841357231140137,-5.825833797454834,-4.431049823760986,-2.5750155448913574,-4.372681617736816,-11.862824440002441,-12.709592819213867,-7.668159484863281,-3.0263376235961914,0.702276349067688
2.4655327796936035,2.195193290710449,1.6631433963775635,3.017133951187134,2.902789831161499,3.9831383228302,5.333469390869141,6.360778331756592,6.173161506652832,5.7585248947143555,5.068491458892822,-0.8937219977378845,-2.0034279823303223,0.5582206845283508,0.5483492612838745,-0.026891736313700676,0.493592232465744,2.4508681297302246,4.318432331085205,3.3312790393829346,0.5677140355110168,1.7701114416122437,-1.2674508094787598,0.7389035224914551,0.7367943525314331,1.547777771949768,1.201323390007019,0.6329028010368347,0.6777656674385071,-0.14476121962070465,-0.302816241979599,-2.0131072998046875,-3.457082748413086,-9.157583236694336,-10.590198516845703,-10.645547866821289,-9.280749320983887,-10.224507331848145,-13.39891242980957,-13.205401420593262,-9.928509712219238,-2.2854700088500977,7.8369975090026855
1.7206040620803833,1.538600206375122,1.013255000114441,3.0329036712646484,3.583050012588501,2.946340322494507,4.801121711730957,4.249273300170898,1.516922116279602,-2.1888790130615234,0.42103704810142517,-1.47895085811615,-0.4357944130897522,-0.06652040779590607,-0.21580122411251068,-2.9063193798065186,-0.4879082143306732,2.0608441829681396,4.819890022277832,3.4526803493499756,0.4211512804031372,0.39247921109199524,-0.9312353134155273,0.030827894806861877,0.6406866312026978,1.4318583011627197,0.5287579894065857,0.022936692461371422,-0.4611417055130005,-1.2279555797576904,-2.133744478225708,-4.060834884643555,-2.6489522457122803,-8.005966186523438,-10.818929672241211,-13.656693458557129,-15.050384521484375,-11.637445449829102,-7.135321617126465,-8.083001136779785,-5.942596912384033,6.151155471801758,13.197916984558105
-4.805908203125,-3.196981906890869,-2.252345323562622,-0.7281219363212585,0.806833028793335,1.1722155809402466,6.486397743225098,5.45220422744751,-3.661937713623047,-8.877345085144043,-4.6258544921875,-2.6889946460723877,-0.6986205577850342,-0.696679413318634,-3.082045316696167,-4.876614570617676,-0.8284178376197815,1.8181648254394531,3.5760579109191895,0.9289134740829468,-0.8385094404220581,-0.3114081621170044,-0.32447195053100586,-1.8630677461624146,-0.5379790663719177,0.8789876699447632,-0.07173875719308853,-0.19775204360485077,-1.659724235534668,-4.351933479309082,-4.64980411529541,-3.964648485183716,-0.672031044960022,-7.6894121170043945,-11.219773292541504,-12.482719421386719,-14.304702758789062,-13.27569580078125,-8.166213035583496,-3.9503493309020996,5.99370813369751,19.93235969543457,14.475607872009277
-11.025999069213867,-9.641167640686035,-6.960335731506348,-4.865391731262207,-2.975571870803833,0.11741163581609726,6.933933258056641,5.195910930633545,-1.7521668672561646,-3.7722249031066895,-4.398299217224121,-4.294193267822266,-2.439016342163086,-1.2784148454666138,-3.8443455696105957,-2.768995523452759,0.22964389622211456,0.601585328578949,0.455059289932251,-3.02959942817688,-1.7562313079833984,-1.094491720199585,-1.5489524602890015,-2.2954609394073486,-1.3484002351760864,-0.6948062777519226,-0.9894081950187683,-1.3415824174880981,-4.73795747756958,-5.720752716064453,-6.424245357513428,-6.661147594451904,-6.509524345397949,-3.8771791458129883,-6.0891218185424805,-10.34891414642334,-12.508103370666504,-11.795814514160156,-5.298404693603516,-3.5060527324676514,12.04806137084961,27.163026809692383,18.077980041503906
-4.289653778076172,-10.211775779724121,-8.509597778320312,-5.115868091583252,-3.3470823764801025,-1.0763009786605835,3.1662275791168213,2.7590866088867188,-1.9788340330123901,0.15242621302604675,-0.986795961856842,-3.0840532779693604,-2.0905919075012207,1.4902396202087402,-0.30759280920028687,1.8534696102142334,-0.2418041229248047,-2.9682068824768066,-4.381460189819336,-1.9542018175125122,1.622011661529541,1.2523232698440552,-1.3536018133163452,-3.0388236045837402,-2.2372639179229736,-1.665761947631836,-3.778134346008301,-3.8558459281921387,-3.7674434185028076,-6.313382148742676,-8.132692337036133,-11.439741134643555,-12.802699089050293,-4.3606109619140625,2.579798698425293,-1.0124067068099976,-8.418451309204102,-6.801998138427734,-4.470074653625488,-0.22298671305179596,16.744050979614258,28.06000518798828,25.893083572387695
2.2136948108673096,-2.5002281665802,-5.0592498779296875,-5.662621021270752,-4.301204681396484,-3.462272882461548,-3.022738218307495,2.8233723640441895,0.888396680355072,-5.115946292877197,-4.504160404205322,-0.7719782590866089,-1.909643530845642,3.824786901473999,3.4393792152404785,4.9494829177856445,-2.3551137447357178,-4.217529296875,-3.6247310638427734,-1.4539858102798462,2.339653491973877,2.743312358856201,1.0884568691253662,-1.493584156036377,-2.084050416946411,-1.417190432548523,-5.626437664031982,-7.757526397705078,-4.980923652648926,-5.339818477630615,-7.6690993309021,-11.780393600463867,-13.136265754699707,-6.764364242553711,2.5007872581481934,4.8883233070373535,-3.078494071960449,-3.306786060333252,1.6607369184494019,10.40793514251709,22.114728927612305,27.807823181152344,27.609333038330078
5.702699184417725,1.4272838830947876,0.00913990382105112,-2.3325507640838623,-5.830097675323486,-6.303239345550537,-4.727172374725342,0.517589807510376,1.1448628902435303,-6.702067852020264,-4.804930210113525,0.6322062611579895,0.8973619937896729,5.13577938079834,6.6604743003845215,2.2719216346740723,-5.310539722442627,-1.4941719770431519,-1.7548412084579468,0.12493184953927994,2.6980373859405518,3.9422740936279297,2.4943313598632812,0.36170488595962524,-1.4350413084030151,-1.6983195543289185,-8.331648826599121,-11.479016304016113,-9.804033279418945,-8.175000190734863,-6.055316925048828,-7.653921604156494,-10.132755279541016,-8.313162803649902,-3.042687177658081,1.0084506273269653,2.846550226211548,4.989182472229004,12.127766609191895,18.509672164916992,20.118610382080078,20.11175537109375,24.52216148376465
3.8826212882995605,3.765080690383911,3.691182851791382,3.623018980026245,-0.14431479573249817,-2.354748249053955,-1.381494402885437,-3.5435104370117188,-1.3128650188446045,-5.808096885681152,-7.07912015914917,0.6532993912696838,2.964766263961792,3.9634532928466797,7.112412452697754,-1.7884161472320557,-2.6908349990844727,0.7001011967658997,0.5582823157310486,0.3148930072784424,2.2710800170898438,3.0806727409362793,3.1479454040527344,0.1522490531206131,-3.133082389831543,-2.9481632709503174,-10.784178733825684,-16.50719451904297,-15.179869651794434,-12.618680000305176,-8.647712707519531,-9.170907974243164,-8.768607139587402,-8.222352027893066,-6.84270715713501,-0.9721582531929016,6.8493332862854,14.8572998046875,16.846298217773438,16.68622398376465,13.971776008605957,15.829118728637695,19.64370346069336
0.6944547891616821,1.8579964637756348,5.032278060913086,6.221442699432373,5.092064380645752,3.1745433807373047,-0.014826244674623013,-3.732389211654663,-4.6768975257873535,-1.499788761138916,-9.260233879089355,-4.291646957397461,1.0102020502090454,3.7198660373687744,2.7187581062316895,-2.8439671993255615,-0.4180046319961548,2.5153274536132812,3.9531850814819336,2.1443614959716797,2.80305814743042,3.296154737472534,1.5213696956634521,-2.9819064140319824,-5.915971279144287,-5.450058937072754,-9.762319564819336,-15.698812484741211,-14.244175910949707,-8.743245124816895,-9.90121078491211,-12.974777221679688,-12.191089630126953,-9.825079917907715,-6.827871799468994,2.210538625717163,13.380712509155273,17.42957878112793,15.261109352111816,12.705183982849121,12.434523582458496,14.660268783569336,18.836782455444336
-2.617856502532959,-0.374350905418396,5.605490684509277,7.5514140129089355,7.103569507598877,5.802128314971924,2.9081737995147705,-0.8343361616134644,-4.126487731933594,0.7406657934188843,-1.4400520324707031,-6.387648582458496,-3.723726987838745,1.1339530944824219,-0.14532651007175446,2.5684409141540527,3.4968864917755127,4.342382431030273,6.4987664222717285,6.079093933105469,4.050237655639648,5.39457368850708,-0.17238667607307434,-7.291487693786621,-7.627116680145264,-6.806248188018799,-4.914210796356201,-5.256872177124023,-8.489492416381836,-9.714644432067871,-7.8686113357543945,-16.582191467285156,-14.381202697753906,-8.813749313354492,-3.4398133754730225,9.468502044677734,16.589052200317383,15.66675090789795,13.258670806884766,14.095297813415527,18.447607040405273,17.172685623168945,20.840898513793945
-4.111255645751953,-1.1711671352386475,5.937251091003418,8.61206340789795,8.66049575805664,7.5237579345703125,6.976696491241455,-0.46378225088119507,-6.446839332580566,1.4675495624542236,4.893718242645264,-2.057048797607422,-5.548303604125977,0.24424190819263458,5.479620933532715,8.252079010009766,7.948731422424316,5.843047142028809,6.079309463500977,8.854917526245117,5.6580376625061035,5.296980381011963,-3.6930906772613525,-10.229281425476074,-10.702401161193848,-9.3499116897583,-6.200454235076904,-4.283097743988037,-7.27540397644043,-10.545063972473145,-10.33190631866455,-11.138172149658203,-9.761457443237305,-6.007535934448242,2.1925930976867676,12.661211013793945,16.87168312072754,15.187101364135742,15.977272033691406,14.79883861541748,12.303356170654297,11.48017692565918,20.847637176513672
-3.5936532020568848,-3.710280179977417,1.7074462175369263,5.511556148529053,5.857542991638184,4.625585556030273,5.661971092224121,1.5125385522842407,-4.816983699798584,-0.6898314952850342,4.6318359375,3.3590893745422363,2.552518129348755,4.43309211730957,5.255014896392822,9.159598350524902,10.533347129821777,4.706112861633301,3.54304838180542,7.008001327514648,2.22351336479187,-6.042431831359863,-10.164740562438965,-14.459061622619629,-15.84090518951416,-17.112451553344727,-17.13566780090332,-8.31417465209961,-1.5780388116836548,-8.77784538269043,-9.790511131286621,-6.647950649261475,-3.0661461353302,1.1080350875854492,5.67860221862793,12.599698066711426,15.82433795928955,18.32285499572754,11.827692031860352,-1.7068617343902588,-4.283465385437012,6.510799407958984,15.825218200683594
