data/wind_data/wind_43_5.json
{"header": {"parameterUnit": "KT", "parameterCategory": 2, "nx": 256, "ny": 198, "lo1": 44.73521041870117, "la1": -3.236724853515625, "lo2": 111.26478576660156, "la2": 43.468475341796875, "dx": 0.2609002888202667, "dy": -0.23708222806453705, "refTime": "2025-02-20 19:00:00", "forecastTime": 0, "parameterNumber": 2, "parameterNumberName": "eastward_wind"}, "data":
[rows 95 to 113 of 198, columns 0 to 43 of 256]
52.56329345703125,53.66119384765625,54.02887725830078,54.04880905151367,53.89928436279297,53.126712799072266,52.01474380493164,50.79080581665039,49.56334686279297,48.8272819519043,48.40195846557617,47.07774353027344,44.74061965942383,43.02112579345703,42.86412811279297,43.287811279296875,43.20435333251953,42.641929626464844,42.112945556640625,41.861942291259766,41.76318359375,41.84710693359375,41.886749267578125,41.8472900390625,41.591209411621094,41.081417083740234,40.932010650634766,41.08162307739258,40.8887825012207,40.68647003173828,40.79862976074219,41.02851104736328,41.026947021484375,41.00631332397461,40.52138900756836,39.107566833496094,37.615234375,36.75953674316406,36.142696380615234,35.172279357910156,34.09800338745117,33.48978042602539,33.57296371459961,33.99537658691406
50.538997650146484,51.17367172241211,51.68867111206055,52.37996292114258,52.52766036987305,52.108070373535156,51.78659439086914,51.545188903808594,50.679012298583984,49.63665771484375,49.137020111083984,48.87445831298828,47.78226852416992,46.09223937988281,45.141658782958984,45.10370635986328,45.09660339355469,44.842952728271484,44.48020553588867,44.17496109008789,43.96427536010742,43.976200103759766,43.703819274902344,43.10491943359375,42.409698486328125,41.73527145385742,41.42751693725586,41.820125579833984,42.1628303527832,41.868194580078125,41.51020431518555,41.63629150390625,41.787654876708984,41.71294403076172,41.441593170166016,40.68667221069336,39.751502990722656,39.01919937133789,38.33341979980469,37.240238189697266,36.005157470703125,35.276458740234375,35.168724060058594,35.38902282714844
49.683387756347656,49.87339401245117,50.232872009277344,51.02275848388672,51.375648498535156,51.163841247558594,51.115509033203125,51.2590217590332,50.827632904052734,49.964229583740234,49.29068374633789,48.9815559387207,48.70756912231445,48.052101135253906,47.42741775512695,47.244850158691406,47.217342376708984,47.19166946411133,47.02695846557617,46.69558334350586,46.361358642578125,46.23995590209961,45.86676788330078,44.83651351928711,43.56856918334961,42.6943359375,42.25802230834961,42.44865798950195,43.04560852050781,43.218528747558594,42.79130935668945,42.460914611816406,42.69333267211914,42.827537536621094,42.446346282958984,41.80683135986328,41.26752471923828,40.93007278442383,40.511016845703125,39.66963195800781,38.40324020385742,37.597843170166016,37.35871124267578,37.033233642578125
49.84610366821289,49.778682708740234,49.8779411315918,50.29813766479492,50.57707977294922,50.53337860107422,50.61677551269531,50.667510986328125,50.51848602294922,50.190616607666016,49.83381271362305,49.23234176635742,48.64975357055664,48.315147399902344,48.38225555419922,48.724708557128906,49.17091751098633,49.56283950805664,49.865604400634766,49.74921798706055,49.1884765625,48.750152587890625,48.17994689941406,46.8287467956543,45.110294342041016,43.960533142089844,43.44502639770508,43.340354919433594,43.66164016723633,44.14175796508789,44.300262451171875,43.960792541503906,43.835330963134766,43.966278076171875,43.75325012207031,43.03168869018555,42.41089630126953,42.2681884765625,42.14863586425781,41.81196975708008,41.07470703125,40.34906768798828,39.886192321777344,38.90178680419922
49.84977722167969,49.825897216796875,49.76303482055664,49.810237884521484,49.71424102783203,49.8377799987793,50.11620330810547,50.3054084777832,50.290348052978516,50.404640197753906,50.565025329589844,50.21141052246094,49.27638244628906,48.2453498840332,48.022682189941406,48.76824951171875,49.92645263671875,50.9360237121582,51.95484161376953,52.4078483581543,52.01008987426758,51.28837203979492,50.312408447265625,48.764747619628906,46.8156852722168,45.33516311645508,44.63378143310547,44.40299606323242,44.56391906738281,45.10383605957031,45.6900520324707,45.769065856933594,45.36698532104492,45.1851921081543,45.16569137573242,44.577064514160156,43.804931640625,43.490177154541016,43.35321044921875,43.23356628417969,43.20807647705078,43.065032958984375,42.52745819091797,41.123294830322266
49.7199592590332,49.938629150390625,49.772300720214844,49.471412658691406,49.182861328125,49.416587829589844,49.84354019165039,50.44803237915039,50.70014572143555,50.92753219604492,51.359432220458984,51.32420349121094,50.33047103881836,48.85918426513672,47.747676849365234,48.024959564208984,49.44483184814453,50.99014663696289,52.51490783691406,53.622493743896484,53.82400131225586,53.24744415283203,52.12785720825195,50.4495849609375,48.26450729370117,46.3376350402832,45.39964294433594,45.40080642700195,45.848541259765625,46.42959213256836,46.959129333496094,47.20988082885742,46.95807647705078,46.73236846923828,46.69636917114258,46.383705139160156,45.5748405456543,44.8298454284668,44.49546813964844,44.464786529541016,44.76718521118164,45.2093505859375,45.00889587402344,43.532772064208984
49.11493682861328,49.38034439086914,49.215152740478516,48.91413497924805,48.809566497802734,49.28160858154297,49.73777770996094,50.38252258300781,51.13374328613281,51.5560188293457,51.94015121459961,52.14664840698242,51.28496551513672,49.792686462402344,48.4757194519043,47.90196228027344,48.71350860595703,50.258296966552734,51.863582611083984,53.29447937011719,54.18075180053711,54.278018951416016,53.38264083862305,51.504425048828125,49.0466423034668,46.77639389038086,45.70539474487305,45.96881103515625,46.733428955078125,47.41343307495117,47.9017333984375,48.278221130371094,48.427852630615234,48.53419876098633,48.692955017089844,48.55300521850586,47.703094482421875,46.59554672241211,45.903568267822266,45.8433952331543,46.20170211791992,46.79587173461914,47.04068374633789,45.7629280090332
47.79949188232422,47.91823196411133,47.93864822387695,47.95586013793945,48.10269546508789,48.827056884765625,49.319496154785156,49.48435974121094,50.541927337646484,51.596473693847656,52.125003814697266,52.443050384521484,51.99871063232422,50.6915168762207,49.461997985839844,48.63373565673828,48.57479476928711,49.63591384887695,51.022300720214844,52.373233795166016,53.62211990356445,54.198490142822266,53.61492156982422,51.9423942565918,49.6170539855957,47.343505859375,46.078460693359375,46.14040756225586,46.87001419067383,47.655513763427734,48.278934478759766,48.82330322265625,49.40767288208008,50.07084655761719,50.59834671020508,50.53398132324219,49.95296096801758,48.8916130065918,47.84587097167969,47.48950958251953,47.772586822509766,48.333282470703125,48.793724060058594,47.84020233154297
46.98895263671875,47.08633041381836,47.28921127319336,47.48152542114258,47.49382019042969,48.0858268737793,48.54564666748047,48.379817962646484,48.982261657714844,50.57136535644531,51.72318649291992,52.325584411621094,52.420021057128906,51.72815704345703,50.45362091064453,49.37300109863281,48.677001953125,49.171348571777344,50.602054595947266,52.016510009765625,52.97007751464844,53.32823181152344,53.05305099487305,51.985870361328125,50.37318420410156,48.4361457824707,46.80411911010742,46.31841278076172,46.81581497192383,47.673606872558594,48.37810134887695,48.86445617675781,49.538597106933594,50.41554641723633,51.24235916137695,51.698524475097656,51.7576789855957,51.11030578613281,50.010955810546875,49.226985931396484,49.230167388916016,49.73915100097656,50.27543640136719,49.71690368652344
47.041866302490234,47.346736907958984,47.68386459350586,47.95732116699219,47.796024322509766,48.108184814453125,48.3533935546875,48.114662170410156,48.1153450012207,49.24980163574219,50.623748779296875,51.80763626098633,52.73877716064453,52.84134292602539,51.82243347167969,50.37345886230469,49.163230895996094,48.9390983581543,50.39690399169922,52.12236785888672,52.7331657409668,52.615230560302734,52.27180099487305,51.67169952392578,50.8692741394043,49.40489959716797,47.59489822387695,46.66665267944336,46.88607406616211,47.64764404296875,48.300846099853516,48.684871673583984,49.26264572143555,50.24629592895508,51.237060546875,51.90553665161133,52.28654098510742,52.298038482666016,51.63089370727539,50.77810287475586,50.53951644897461,50.878047943115234,51.22764205932617,50.88542175292969
46.80953598022461,47.387107849121094,47.7996826171875,48.13007354736328,48.15092086791992,48.52804946899414,48.75018310546875,48.37521743774414,48.21746063232422,48.848854064941406,49.76344680786133,50.909515380859375,52.54102325439453,53.58285140991211,53.19900131225586,51.97135925292969,50.53383255004883,49.59814453125,50.12709426879883,51.65511703491211,52.495513916015625,52.27295684814453,51.6577262878418,51.23970031738281,50.943111419677734,49.993202209472656,48.43558120727539,47.381797790527344,47.2850456237793,47.730987548828125,48.16004180908203,48.52891540527344,49.037689208984375,49.911624908447266,50.94568634033203,51.65644836425781,52.16025924682617,52.5035285949707,52.41747283935547,51.896240234375,51.573307037353516,51.71274948120117,51.68008804321289,51.35567855834961
46.05283737182617,46.837249755859375,47.2447509765625,47.39902114868164,47.59569549560547,48.27090835571289,48.86166763305664,48.50624465942383,48.26246643066406,49.02206802368164,49.669898986816406,50.194190979003906,51.64563751220703,53.3781852722168,53.8941764831543,53.4472770690918,52.40470886230469,51.19461441040039,50.42136764526367,50.8350715637207,51.78103256225586,52.025577545166016,51.54407501220703,51.06339645385742,50.791709899902344,50.331504821777344,49.516273498535156,48.77181625366211,48.43333435058594,48.40337371826172,48.43103790283203,48.579166412353516,49.06291580200195,49.71042251586914,50.42070388793945,51.21026611328125,51.881290435791016,52.37710189819336,52.671424865722656,52.68402862548828,52.70946502685547,52.82263946533203,52.488548278808594,52.09690856933594
44.93048858642578,45.77973175048828,45.99394226074219,45.89370346069336,46.16257095336914,47.24174499511719,48.325767517089844,48.29939270019531,47.98298645019531,48.82331466674805,49.636993408203125,49.784156799316406,50.568397521972656,52.22663497924805,53.565040588378906,54.19975662231445,54.04302215576172,52.92457580566406,51.52664566040039,50.64362335205078,50.86687469482422,51.53083419799805,51.83603286743164,51.55714416503906,51.06013870239258,50.80750274658203,50.721595764160156,50.42463684082031,49.884586334228516,49.34528732299805,48.95582580566406,48.924774169921875,49.13006591796875,49.6895637512207,50.1939582824707,50.81694412231445,51.56495666503906,52.5153694152832,53.1671257019043,53.321128845214844,53.37196350097656,53.37849044799805,53.18537139892578,52.802913665771484
43.185123443603516,43.68180847167969,43.67379379272461,43.64506530761719,43.90715026855469,45.029640197753906,46.219974517822266,46.55031967163086,46.59731674194336,47.54068374633789,48.79901885986328,49.28202819824219,49.65272521972656,50.69216537475586,52.33052444458008,53.98592758178711,54.7943115234375,54.10491943359375,52.561065673828125,51.096561431884766,50.393619537353516,50.79302978515625,51.75311279296875,52.21226501464844,51.91697692871094,51.657196044921875,51.73560333251953,51.6485710144043,51.06607437133789,50.269248962402344,49.66194152832031,49.50712585449219,49.601749420166016,49.72209930419922,50.29678726196289,50.888999938964844,51.472694396972656,52.49619674682617,53.67679214477539,54.028533935546875,53.946189880371094,53.690677642822266,53.7016487121582,53.81256103515625
41.34368133544922,41.530799865722656,41.419071197509766,41.494544982910156,41.56801986694336,42.22148132324219,43.05685043334961,43.41585922241211,43.87311935424805,45.178466796875,46.97403335571289,48.3410530090332,48.96116638183594,49.550540924072266,50.99471664428711,53.212284088134766,54.818809509277344,54.602447509765625,53.162208557128906,51.543724060058594,50.40758514404297,50.28375244140625,51.13264846801758,52.13469696044922,52.6461181640625,52.71254348754883,52.59791946411133,52.32676696777344,51.802940368652344,51.09732437133789,50.51015090942383,50.2036247253418,50.30414962768555,50.174156188964844,50.31772994995117,51.08656692504883,51.57575988769531,52.34279251098633,53.56980514526367,54.001834869384766,53.758907318115234,53.527347564697266,53.81440734863281,54.34512710571289
39.91435241699219,40.04161071777344,39.740779876708984,39.4720344543457,39.34149932861328,40.03400802612305,40.87978744506836,41.064632415771484,41.38761901855469,42.6806526184082,44.639564514160156,46.54765319824219,47.752464294433594,48.471012115478516,49.87153244018555,52.491432189941406,54.85358810424805,55.135013580322266,53.94851303100586,52.348793029785156,50.97101974487305,50.31856918334961,50.46612548828125,51.337791442871094,52.65300750732422,53.54146194458008,53.5143928527832,52.946533203125,52.3288688659668,51.82444381713867,51.36756134033203,50.99641418457031,50.78342819213867,50.758934020996094,50.43491744995117,50.90260696411133,51.93306350708008,53.030311584472656,54.10192108154297,54.43117904663086,54.008174896240234,53.65512466430664,53.67539978027344,53.936580657958984
38.82998275756836,38.787879943847656,38.29549026489258,37.57319259643555,37.112274169921875,37.927459716796875,38.95529556274414,39.295806884765625,39.60441970825195,40.6855354309082,42.333919525146484,43.97780227661133,45.328128814697266,46.334938049316406,47.87500762939453,50.790374755859375,54.05036926269531,55.29031753540039,54.65815353393555,53.46171951293945,52.217742919921875,51.116451263427734,50.2950553894043,50.44038772583008,51.9063606262207,53.5529670715332,54.11568832397461,53.63948059082031,52.969478607177734,52.436866760253906,52.00992965698242,51.81637954711914,51.8499870300293,51.911048889160156,51.503360748291016,50.81025695800781,51.244850158691406,52.61629104614258,54.32640075683594,54.3310546875,52.83543014526367,52.253089904785156,52.90446853637695,53.705482482910156
37.856666564941406,37.966033935546875,37.616580963134766,36.8887825012207,36.059295654296875,36.36246871948242,37.1088752746582,37.726829528808594,38.38313674926758,39.3807258605957,40.66069793701172,41.844627380371094,42.84831619262695,43.849430084228516,45.19152069091797,47.802093505859375,51.45075225830078,53.730464935302734,53.9732780456543,53.68556594848633,53.325645446777344,52.4219970703125,50.998268127441406,50.1397819519043,50.93389129638672,52.6429328918457,53.88665008544922,54.105323791503906,53.663360595703125,53.251670837402344,52.9401969909668,52.37697982788086,51.94023513793945,52.365211486816406,52.549957275390625,52.24214553833008,51.599788665771484,52.969547271728516,54.666656494140625,54.30235290527344,53.40321350097656,53.28538131713867,53.32589340209961,53.350799560546875
37.25654983520508,37.5814094543457,37.5558967590332,37.11764144897461,36.19125747680664,36.13521957397461,36.61351013183594,37.172401428222656,37.70248794555664,38.4091911315918,39.373355865478516,40.34912872314453,41.129310607910156,42.00313949584961,42.91104507446289,44.71303939819336,47.80048751831055,50.35780715942383,51.12027359008789,51.655418395996094,52.663414001464844,52.98301696777344,52.076698303222656,50.8625602722168,50.67569351196289,51.662864685058594,52.95827865600586,53.82167434692383,54.27957534790039,53.90109634399414,53.60283660888672,53.46728515625,52.970211029052734,53.089073181152344,52.958492279052734,52.948978424072266,52.416954040527344,52.749725341796875,54.26132583618164,55.5205078125,55.98457717895508,55.7169189453125,54.78281784057617,54.18035125732422
