data/wind_data/wind_11_4.json
{"header": {"parameterUnit": "KT", "parameterCategory": 2, "nx": 256, "ny": 198, "lo1": 44.73521041870117, "la1": -3.236724853515625, "lo2": 111.26478576660156, "la2": 43.468475341796875, "dx": 0.2609002888202667, "dy": -0.23708222806453705, "refTime": "2025-02-19 11:00:00", "forecastTime": 0, "parameterNumber": 2, "parameterNumberName": "eastward_wind"}, "data":
[rows 57 to 75 of 198, columns 176 to 219 of 256]
3.0496087074279785,2.8793623447418213,2.8057098388671875,2.8050267696380615,3.0198986530303955,3.574267864227295,4.320453643798828,4.58472204208374,4.288271903991699,4.219907760620117,4.157851219177246,3.8031129837036133,3.435727596282959,3.0195634365081787,2.686707019805908,2.3980517387390137,2.4319849014282227,2.510767698287964,1.6725200414657593,-0.3073986768722534,-2.5658488273620605,-3.98594069480896,-4.4222187995910645,-4.663775444030762,-4.929447650909424,-5.064458847045898,-5.4182658195495605,-6.561280250549316,-8.062703132629395,-8.388513565063477,-6.935375690460205,-5.122981071472168,-4.498881816864014,-5.918341159820557,-7.646123886108398,-8.338208198547363,-8.30770492553711,-7.6983537673950195,-7.074463844299316,-6.7405853271484375,-6.772073268890381,-6.861474514007568,-7.1712260246276855,-7.5165910720825195
3.6423866748809814,3.2653753757476807,3.1610324382781982,3.2827441692352295,3.483506917953491,3.8458621501922607,4.30930757522583,4.685590744018555,4.651129245758057,4.412021160125732,4.358255863189697,4.002056121826172,3.805999279022217,3.5952847003936768,3.1359829902648926,2.4612905979156494,2.157960891723633,2.5354273319244385,2.814065933227539,1.8680801391601562,-0.26709476113319397,-2.3304054737091064,-3.3858115673065186,-3.7593460083007812,-3.961639881134033,-3.988842725753784,-4.211761951446533,-5.316839694976807,-7.159817695617676,-7.851595401763916,-5.945725440979004,-4.095244884490967,-3.1784019470214844,-4.101097106933594,-5.642428874969482,-7.164093971252441,-7.493976593017578,-7.551113128662109,-7.377784729003906,-6.620792865753174,-6.173696517944336,-6.136348724365234,-6.5525641441345215,-7.1036834716796875
4.6742987632751465,4.144315242767334,3.698690176010132,3.631275177001953,3.8866779804229736,4.286719799041748,4.553808689117432,4.906299591064453,4.979387283325195,4.753971576690674,4.7019829750061035,4.400719165802002,4.208094120025635,4.230437755584717,3.926461696624756,3.1578428745269775,2.4321603775024414,2.499342441558838,3.1141037940979004,3.1616568565368652,1.8099167346954346,-0.2183559536933899,-1.8397632837295532,-2.5402231216430664,-2.750394582748413,-2.8989431858062744,-3.2571499347686768,-4.800015926361084,-8.32928466796875,-9.579687118530273,-6.377626419067383,-4.407557964324951,-3.5239834785461426,-2.8696813583374023,-3.49249005317688,-5.988308429718018,-6.163964748382568,-6.641515731811523,-6.753294944763184,-6.222236156463623,-5.634735107421875,-5.390986919403076,-5.718469619750977,-6.216609001159668
5.515763759613037,5.154500961303711,4.585656642913818,4.236479759216309,4.1666035652160645,4.339578628540039,4.682986259460449,5.292562961578369,5.589488506317139,5.358959197998047,5.198042869567871,4.974416255950928,4.743045806884766,4.811482906341553,4.77444314956665,4.247702121734619,3.42301869392395,2.972606658935547,3.173328399658203,3.512284755706787,2.939358949661255,1.4176714420318604,-0.15351660549640656,-1.2048671245574951,-1.581993818283081,-2.006471633911133,-2.700767993927002,-3.636688470840454,-5.880305767059326,-8.312249183654785,-8.036155700683594,-4.562889575958252,-1.0388240814208984,-1.083327293395996,-2.6109039783477783,-4.738736629486084,-5.8467230796813965,-6.03580379486084,-5.832709312438965,-5.257609844207764,-4.570150852203369,-4.346269130706787,-4.8120222091674805,-4.877340316772461
6.209331512451172,5.965809345245361,5.590753555297852,5.129291534423828,4.748281955718994,4.4581828117370605,4.516045570373535,5.097008228302002,5.890802383422852,6.08350944519043,5.9571533203125,5.720343112945557,5.357336521148682,5.306861400604248,5.399277210235596,5.237728118896484,4.715614318847656,4.099606513977051,3.6894094944000244,3.593337059020996,3.2874581813812256,2.2137131690979004,0.9719226956367493,-0.0329970084130764,-0.7000665664672852,-1.366208553314209,-2.221754550933838,-2.7371668815612793,-3.1576929092407227,-3.7706167697906494,-4.185495853424072,-4.97450590133667,-2.5632376670837402,-2.88936710357666,-4.619500160217285,-3.9756247997283936,-5.31387996673584,-5.093535423278809,-5.125033378601074,-4.781527519226074,-3.685070514678955,-2.8535215854644775,-3.0404117107391357,-4.443734169006348
7.132277488708496,6.777026653289795,6.505231857299805,6.135461330413818,5.564413070678711,4.982637405395508,4.745007514953613,4.9509477615356445,5.6438307762146,6.2571797370910645,6.555111408233643,6.570036888122559,6.104013919830322,5.740099906921387,5.814091682434082,5.93570613861084,5.84775972366333,5.527041912078857,4.974975109100342,4.296919345855713,3.6528778076171875,2.7317662239074707,1.6044878959655762,0.7105712890625,-0.14186866581439972,-0.9005550146102905,-1.4875050783157349,-1.737309455871582,-1.906049132347107,-1.1278263330459595,-0.5909953713417053,-3.6010937690734863,-5.504776477813721,-4.311853408813477,-5.878982067108154,-3.9551098346710205,-4.489288330078125,-3.3701741695404053,-3.234689235687256,-2.935990571975708,-2.343075752258301,-0.7584254145622253,-0.516953706741333,-4.289117813110352
7.808629035949707,7.634234428405762,7.336304664611816,6.988243103027344,6.433399677276611,5.796044826507568,5.505187511444092,5.633129119873047,5.956613063812256,6.234635353088379,6.537074089050293,7.006017208099365,6.9098711013793945,6.336649417877197,6.115073204040527,6.368956089019775,6.635344505310059,6.679495334625244,6.41204833984375,5.745301723480225,4.7549052238464355,3.5615384578704834,2.2959628105163574,1.3123940229415894,0.47893112897872925,-0.23899760842323303,-0.7560510635375977,-1.1254156827926636,-1.3371456861495972,-0.20140564441680908,1.2492011785507202,0.6920701861381531,-2.63621187210083,-1.3957271575927734,-2.936955213546753,-3.632793664932251,-2.8373348712921143,-2.311838388442993,-2.147355794906616,-2.4496383666992188,-1.1520614624023438,-0.16595585644245148,-0.9367393851280212,-2.4760031700134277
8.107491493225098,8.2310152053833,8.130803108215332,7.753857135772705,7.226384162902832,6.672745704650879,6.506471633911133,6.495965480804443,6.742000102996826,6.626776695251465,6.476560592651367,6.958861827850342,7.330911159515381,7.060122013092041,6.610102653503418,6.571188449859619,6.903558731079102,7.188201427459717,7.232911586761475,7.0201568603515625,6.300642013549805,4.989663600921631,3.42089581489563,2.0639665126800537,1.2520300149917603,0.6732855439186096,0.004889580886811018,-0.649476945400238,-0.5200594067573547,0.661867618560791,1.950125813484192,1.8883028030395508,1.8278086185455322,2.5062806606292725,-0.038900166749954224,-0.919590175151825,-0.9505996704101562,-1.0456591844558716,-1.1218135356903076,-1.9249417781829834,0.13097843527793884,0.8065759539604187,0.5742444396018982,-0.4639582633972168
8.297745704650879,8.450179100036621,8.651477813720703,8.598800659179688,8.130581855773926,7.588630676269531,7.381585597991943,7.1872944831848145,7.130361557006836,7.210954666137695,7.098661422729492,7.163498878479004,7.486718654632568,7.578011989593506,7.279876232147217,6.9550886154174805,6.942904472351074,7.219053745269775,7.437248229980469,7.567313194274902,7.408538341522217,6.5000691413879395,5.044301986694336,3.3735549449920654,2.170029878616333,1.6336796283721924,1.081702470779419,0.019161192700266838,-0.3436299264431,1.2705259323120117,3.7277791500091553,5.024697303771973,2.390796661376953,-0.8055218458175659,0.623619794845581,0.5684095025062561,0.4200214445590973,1.3328595161437988,1.4428882598876953,-0.23686231672763824,2.9084882736206055,5.06941556930542,4.488564491271973,-0.30975478887557983
8.642251014709473,8.632068634033203,8.75909423828125,8.976343154907227,8.975330352783203,8.659010887145996,8.256280899047852,7.886037826538086,7.496860980987549,7.596521854400635,7.86781120300293,7.889246940612793,7.968697547912598,8.068232536315918,7.919119834899902,7.563789367675781,7.278618812561035,7.271425247192383,7.480506420135498,7.628012180328369,7.642685890197754,7.283668518066406,6.488351821899414,5.171475887298584,3.6948418617248535,2.7510342597961426,2.030682325363159,0.8000385165214539,-0.3252224922180176,0.5617479085922241,2.7763583660125732,2.80863094329834,1.412292718887329,0.15616421401500702,1.1999380588531494,0.8714604377746582,2.0172364711761475,3.4474143981933594,4.221292018890381,3.7430052757263184,4.172754764556885,4.1252360343933105,-0.22711621224880219,0.1851564198732376
8.900361061096191,9.049505233764648,9.041711807250977,9.126174926757812,9.344012260437012,9.468499183654785,9.265670776367188,8.764175415039062,8.251005172729492,8.067821502685547,8.285082817077637,8.555696487426758,8.666825294494629,8.721506118774414,8.628303527832031,8.27530574798584,7.9269537925720215,7.726874351501465,7.677769660949707,7.665916442871094,7.5195393562316895,7.257129669189453,7.035951137542725,6.561779975891113,5.563266754150391,4.386101245880127,3.0986850261688232,1.7575976848602295,0.6414627432823181,1.179402232170105,1.5736815929412842,1.2509523630142212,-2.6138689517974854,2.8976712226867676,2.1943349838256836,4.20459508895874,3.9109928607940674,4.622381210327148,5.724595546722412,5.875148296356201,5.768306732177734,3.9123947620391846,2.5613555908203125,0.5520317554473877
8.516729354858398,9.24023151397705,9.580787658691406,9.618043899536133,9.678070068359375,9.866706848144531,9.979461669921875,9.73137092590332,9.20388412475586,8.715582847595215,8.62158489227295,8.920669555664062,9.227533340454102,9.350132942199707,9.273259162902832,8.986421585083008,8.667407989501953,8.512847900390625,8.345747947692871,8.039416313171387,7.567807197570801,7.096400260925293,6.897408962249756,7.015606880187988,6.904852390289307,6.194204330444336,4.923184394836426,3.4037811756134033,2.4679460525512695,2.4169182777404785,1.9877442121505737,1.8339991569519043,-0.31303808093070984,-0.0252822432667017,0.9579798579216003,3.9207279682159424,5.0705366134643555,5.785791397094727,5.917637348175049,6.013525009155273,6.292905807495117,6.2964372634887695,5.878647804260254,2.9429092407226562
7.834764003753662,8.747943878173828,9.637229919433594,10.190391540527344,10.302486419677734,10.355293273925781,10.465015411376953,10.440385818481445,10.116336822509766,9.588336944580078,9.184082984924316,9.225175857543945,9.596231460571289,9.926657676696777,9.945427894592285,9.617109298706055,9.25783634185791,9.194160461425781,9.19367504119873,8.83838939666748,8.146417617797852,7.350671768188477,6.799370288848877,6.919325828552246,7.422070026397705,7.567074298858643,6.789010524749756,5.307040214538574,3.911438226699829,3.1865527629852295,3.3447799682617188,3.834198236465454,-7.483259677886963,-0.227868914604187,-0.22669187188148499,3.6263279914855957,5.708533763885498,6.423051357269287,6.263733386993408,6.599270820617676,7.546626091003418,8.26888656616211,6.702620983123779,3.9725494384765625
7.526481628417969,8.157855987548828,9.024909019470215,10.051902770996094,10.751289367675781,10.932194709777832,10.99927043914795,11.057062149047852,10.935127258300781,10.597219467163086,10.165328025817871,9.882101058959961,9.986699104309082,10.418819427490234,10.739192008972168,10.404023170471191,9.709346771240234,9.46121597290039,9.707053184509277,9.711508750915527,9.127532005310059,8.20713996887207,7.319389343261719,6.969625949859619,7.416141510009766,8.233719825744629,8.272014617919922,7.412703990936279,4.903111934661865,4.901960372924805,4.174640655517578,6.5197272300720215,2.2584686279296875,5.405179977416992,2.8506250381469727,3.219304323196411,4.827972412109375,6.523136615753174,6.783324241638184,7.315942287445068,7.606207847595215,7.774898529052734,6.482177734375,5.947497367858887
7.94789981842041,8.19580364227295,8.598953247070312,9.40908432006836,10.526220321655273,11.310696601867676,11.50139331817627,11.50721549987793,11.560930252075195,11.530062675476074,11.317028999328613,11.015963554382324,10.840413093566895,10.994856834411621,11.316166877746582,11.252963066101074,10.534761428833008,9.844181060791016,9.84901237487793,10.145322799682617,10.019043922424316,9.305558204650879,8.3265380859375,7.6248884201049805,7.579409599304199,8.303450584411621,9.098706245422363,9.503579139709473,6.750670909881592,5.044194221496582,5.897148609161377,8.99455451965332,8.735107421875,6.1470046043396,5.429956436157227,-0.7263177633285522,4.184376239776611,7.0986528396606445,7.906183242797852,8.419649124145508,7.816969394683838,7.357089996337891,7.340590000152588,7.361255645751953
8.41403865814209,8.80672836303711,9.015084266662598,9.310602188110352,10.072836875915527,11.172524452209473,11.901759147644043,11.963497161865234,11.854005813598633,11.965296745300293,12.167261123657227,12.196442604064941,12.04419231414795,11.898431777954102,11.984699249267578,11.914525032043457,11.376182556152344,10.677921295166016,10.17603874206543,10.22424030303955,10.503315925598145,10.296838760375977,9.459118843078613,8.593914985656738,8.2982177734375,8.677461624145508,9.226203918457031,10.275016784667969,8.325456619262695,5.640933036804199,7.384162425994873,8.013566017150879,6.746199607849121,5.400803565979004,5.256188869476318,-1.5503265857696533,5.876192092895508,8.265503883361816,8.596028327941895,9.23345947265625,8.98752498626709,8.761838912963867,8.822722434997559,8.977821350097656
8.558016777038574,9.057151794433594,9.541679382324219,9.921957015991211,10.3163423538208,11.056905746459961,12.020404815673828,12.547235488891602,12.401045799255371,12.167973518371582,12.313599586486816,12.700413703918457,12.934288024902344,12.940840721130371,12.56672477722168,12.38755989074707,12.35488224029541,11.627947807312012,10.91540241241455,10.679009437561035,10.75143051147461,10.853076934814453,10.383082389831543,9.558440208435059,9.224008560180664,9.589098930358887,9.664361953735352,10.216078758239746,9.529741287231445,6.740408420562744,8.185917854309082,7.229846477508545,8.015976905822754,6.746016025543213,4.059269905090332,-2.4015395641326904,7.54871940612793,9.50234603881836,9.286235809326172,10.090195655822754,10.624016761779785,10.730368614196777,10.456262588500977,10.298542022705078
8.826233863830566,9.19747543334961,9.593708038330078,10.159467697143555,10.78829288482666,11.374702453613281,12.10438346862793,12.890180587768555,13.229260444641113,12.955280303955078,12.601479530334473,12.691361427307129,13.164710998535156,13.396279335021973,13.306431770324707,13.732044219970703,13.69503116607666,13.390155792236328,12.4091796875,11.353132247924805,11.05020523071289,11.092700004577637,10.920015335083008,10.2953519821167,10.085963249206543,10.338732719421387,10.529781341552734,10.375694274902344,10.373589515686035,9.322405815124512,8.244973182678223,8.563584327697754,9.00158977508545,6.879532337188721,7.231226921081543,0.5836242437362671,5.525976657867432,9.265411376953125,9.658942222595215,10.731106758117676,12.160648345947266,12.840956687927246,12.43679428100586,11.821467399597168
8.991436004638672,9.506728172302246,9.76558780670166,10.137886047363281,10.798623085021973,11.551704406738281,12.268448829650879,13.01919174194336,13.740129470825195,14.002084732055664,13.661182403564453,13.237611770629883,13.25009536743164,13.581731796264648,14.787934303283691,14.537680625915527,14.008895874023438,13.867363929748535,13.482766151428223,12.8827486038208,12.050840377807617,11.639851570129395,11.386781692504883,10.844409942626953,10.83163833618164,10.897298812866211,11.348003387451172,11.155447959899902,10.96363639831543,10.553218841552734,8.84032154083252,10.325934410095215,8.422818183898926,6.800618648529053,5.313601493835449,3.5073399543762207,4.21448278427124,8.287109375,7.335729598999023,12.914026260375977,13.714381217956543,13.958148002624512,13.65513801574707,12.715529441833496
