data/wind_data/wind_52_0.json
{"header": {"parameterUnit": "KT", "parameterCategory": 2, "nx": 255, "ny": 198, "lo1": 44.73521041870117, "la1": -3.236724853515625, "lo2": 111.26478576660156, "la2": 43.468475341796875, "dx": 0.26192745566368103, "dy": -0.23708222806453705, "refTime": "2025-02-21 04:00:00", "forecastTime": 0, "parameterNumber": 2, "parameterNumberName": "eastward_wind"}, "data":
[rows 0 to 18 of 198, columns 0 to 42 of 255]
-14.710899353027344,-13.834790229797363,-12.842371940612793,-11.965191841125488,-11.408784866333008,-10.904729843139648,-10.466687202453613,-10.206207275390625,-10.353263854980469,-10.413257598876953,-10.125068664550781,-9.451390266418457,-8.614900588989258,-8.417964935302734,-8.701128959655762,-8.510285377502441,-7.891005039215088,-7.394096851348877,-7.176896095275879,-7.506861686706543,-8.014793395996094,-8.14692211151123,-8.147841453552246,-8.296186447143555,-8.299874305725098,-7.954751491546631,-7.642135143280029,-7.630031585693359,-7.637795925140381,-7.537898063659668,-7.508037567138672,-7.596160888671875,-7.658938884735107,-7.657824993133545,-7.689155101776123,-7.685253143310547,-7.380430221557617,-6.958770275115967,-6.941934108734131,-7.1560540199279785,-7.154282569885254,-7.068037986755371,-7.184232711791992
-15.550180435180664,-14.640314102172852,-12.956154823303223,-11.936436653137207,-11.698752403259277,-11.176898002624512,-10.16281795501709,-9.53553581237793,-9.785828590393066,-10.13613224029541,-9.996781349182129,-9.513612747192383,-8.867056846618652,-8.385809898376465,-8.22671890258789,-8.002525329589844,-7.692144393920898,-7.298813819885254,-7.103232383728027,-7.020925045013428,-7.090328693389893,-7.4650678634643555,-8.024746894836426,-8.600427627563477,-8.975724220275879,-8.882421493530273,-8.597561836242676,-8.422236442565918,-8.219886779785156,-8.044873237609863,-8.074911117553711,-8.189403533935547,-8.189255714416504,-8.081772804260254,-7.959537982940674,-7.776090621948242,-7.3918023109436035,-7.016753673553467,-7.109230995178223,-7.46638298034668,-7.513195991516113,-7.288696765899658,-7.228839874267578
-15.780688285827637,-14.875882148742676,-13.344036102294922,-12.525798797607422,-12.100898742675781,-11.52041244506836,-10.504637718200684,-9.597256660461426,-9.391112327575684,-9.615311622619629,-9.951210975646973,-9.705705642700195,-9.165960311889648,-8.934391975402832,-8.83676815032959,-8.578166007995605,-8.27152156829834,-7.963372230529785,-7.8222479820251465,-7.706557750701904,-7.518491744995117,-7.3404035568237305,-7.543015003204346,-8.481826782226562,-9.598986625671387,-10.079176902770996,-9.904353141784668,-9.30079460144043,-8.712474822998047,-8.491284370422363,-8.583245277404785,-8.716805458068848,-8.61784839630127,-8.400959014892578,-8.33407211303711,-8.248148918151855,-7.760860919952393,-7.168025016784668,-7.142186164855957,-7.468637943267822,-7.48606538772583,-7.214450836181641,-7.106575965881348
-16.01077651977539,-15.41138744354248,-14.15342903137207,-13.503142356872559,-12.984662055969238,-12.471342086791992,-11.254154205322266,-9.594097137451172,-8.463093757629395,-8.41919231414795,-9.596698760986328,-10.486519813537598,-10.752359390258789,-10.616071701049805,-10.216590881347656,-9.876456260681152,-9.505046844482422,-9.068620681762695,-9.228578567504883,-9.161301612854004,-8.552124977111816,-7.94014835357666,-8.043575286865234,-8.829123497009277,-10.013026237487793,-10.85663890838623,-10.681476593017578,-10.317256927490234,-9.76499080657959,-9.270633697509766,-9.211576461791992,-9.552865028381348,-9.573660850524902,-9.362651824951172,-9.36499309539795,-9.287826538085938,-8.971587181091309,-8.533926963806152,-8.321171760559082,-8.4746732711792,-8.360740661621094,-7.866827011108398,-7.607662677764893
-16.372907638549805,-16.078956604003906,-15.406634330749512,-14.352350234985352,-12.971028327941895,-13.2190523147583,-11.758543968200684,-8.774846076965332,-6.673742294311523,-6.340188026428223,-9.439826965332031,-12.366707801818848,-13.110297203063965,-13.348238945007324,-13.198212623596191,-12.929777145385742,-12.848164558410645,-12.071263313293457,-11.095142364501953,-10.713868141174316,-10.624255180358887,-10.50960922241211,-10.291057586669922,-9.87743854522705,-10.201605796813965,-11.008913040161133,-11.396523475646973,-11.523019790649414,-11.468339920043945,-10.304139137268066,-9.438864707946777,-10.569907188415527,-11.674463272094727,-11.492168426513672,-11.172870635986328,-10.586246490478516,-11.266162872314453,-11.441883087158203,-10.508315086364746,-10.344429969787598,-10.428044319152832,-10.079721450805664,-9.665746688842773
-16.55173683166504,-16.41563606262207,-15.803585052490234,-14.275897026062012,-11.651562690734863,-10.507156372070312,-9.711831092834473,-8.940206527709961,-9.423725128173828,-9.003917694091797,-8.944396018981934,-9.981739044189453,-11.391985893249512,-13.047646522521973,-13.853436470031738,-13.549023628234863,-13.4091215133667,-12.835286140441895,-11.762519836425781,-10.861766815185547,-10.612138748168945,-10.904253959655762,-10.696992874145508,-10.818703651428223,-11.400202751159668,-11.8394136428833,-12.215209007263184,-12.092316627502441,-12.189993858337402,-11.216900825500488,-9.390570640563965,-9.569042205810547,-11.846598625183105,-12.753683090209961,-10.758129119873047,-8.53869915008545,-10.322927474975586,-11.568439483642578,-10.840217590332031,-10.791143417358398,-10.721820831298828,-10.490171432495117,-10.248016357421875
-16.476449966430664,-16.508281707763672,-16.21561622619629,-15.193368911743164,-13.390663146972656,-11.804807662963867,-10.917871475219727,-11.548303604125977,-12.181724548339844,-11.816283226013184,-10.763859748840332,-9.7925386428833,-10.202186584472656,-12.921795845031738,-14.59386920928955,-14.440629959106445,-14.44858455657959,-14.388521194458008,-13.566774368286133,-12.453883171081543,-11.720808029174805,-10.938189506530762,-10.622248649597168,-11.49206256866455,-11.837955474853516,-11.655463218688965,-11.515165328979492,-12.013703346252441,-12.725549697875977,-12.180916786193848,-9.944884300231934,-8.297842025756836,-10.101683616638184,-12.594931602478027,-11.763514518737793,-9.868365287780762,-10.368324279785156,-11.80616569519043,-12.153400421142578,-11.511922836303711,-10.984642028808594,-10.53671646118164,-9.766216278076172
-16.49834632873535,-16.675077438354492,-16.460628509521484,-16.144241333007812,-15.75515079498291,-15.379377365112305,-14.729723930358887,-13.70543098449707,-11.377243995666504,-9.173172950744629,-7.362316131591797,-6.268969535827637,-7.6544413566589355,-11.433856010437012,-14.860130310058594,-15.414880752563477,-14.665191650390625,-13.77566146850586,-12.989136695861816,-12.619373321533203,-12.040486335754395,-10.980514526367188,-10.77718448638916,-11.8843412399292,-12.751935958862305,-12.42464542388916,-11.767744064331055,-11.693490982055664,-12.861181259155273,-12.8201904296875,-12.217855453491211,-11.6768217086792,-11.671191215515137,-11.55259895324707,-10.773571014404297,-10.47977352142334,-10.951542854309082,-10.854850769042969,-10.252481460571289,-10.058321952819824,-10.4472074508667,-10.296062469482422,-8.37907600402832
-16.43865394592285,-16.74030303955078,-17.056522369384766,-17.34224510192871,-16.19881820678711,-15.53220272064209,-14.488380432128906,-12.49929428100586,-10.390278816223145,-7.919544219970703,-5.440295696258545,-3.738213300704956,-4.378064155578613,-7.9781928062438965,-13.497274398803711,-16.108726501464844,-15.637055397033691,-14.290030479431152,-14.184247970581055,-14.115776062011719,-13.011321067810059,-11.685144424438477,-11.297547340393066,-12.01502513885498,-12.503870964050293,-13.05868148803711,-13.069295883178711,-13.277176856994629,-13.244410514831543,-13.157000541687012,-13.061766624450684,-12.919452667236328,-12.48114013671875,-10.926986694335938,-9.267297744750977,-10.049758911132812,-12.472652435302734,-12.587969779968262,-10.125139236450195,-8.23087215423584,-9.450627326965332,-10.554947853088379,-7.387869834899902
-16.488826751708984,-16.615734100341797,-16.168315887451172,-15.168617248535156,-14.422195434570312,-14.440408706665039,-13.622441291809082,-12.201610565185547,-10.42859935760498,-8.11782169342041,-6.359503746032715,-5.5677947998046875,-5.619560241699219,-5.032456874847412,-7.24635124206543,-12.746391296386719,-14.796985626220703,-13.598981857299805,-13.389406204223633,-14.360861778259277,-14.129759788513184,-12.357295989990234,-10.998254776000977,-11.20656967163086,-11.888001441955566,-12.279234886169434,-12.783468246459961,-13.493111610412598,-13.56356430053711,-13.411287307739258,-13.347762107849121,-13.05278205871582,-12.745237350463867,-12.255070686340332,-11.012630462646484,-10.647520065307617,-11.349170684814453,-11.877798080444336,-11.7130126953125,-10.978638648986816,-10.687029838562012,-10.379347801208496,-8.964652061462402
-16.70223045349121,-16.610424041748047,-15.299731254577637,-11.867055892944336,-9.698988914489746,-11.975729942321777,-15.375835418701172,-16.163888931274414,-13.3314790725708,-10.606941223144531,-10.027623176574707,-10.508906364440918,-11.266557693481445,-11.26628589630127,-11.353139877319336,-12.452223777770996,-13.997627258300781,-14.404732704162598,-14.814751625061035,-15.92632007598877,-15.85586929321289,-13.717026710510254,-11.52814769744873,-11.256567001342773,-12.332254409790039,-12.976052284240723,-13.447501182556152,-13.954134941101074,-13.986553192138672,-14.003172874450684,-14.262864112854004,-13.889615058898926,-12.894755363464355,-12.468257904052734,-12.153838157653809,-11.940186500549316,-12.111272811889648,-11.790305137634277,-11.090134620666504,-10.87781810760498,-11.087929725646973,-11.257341384887695,-10.63980770111084
-17.058080673217773,-16.960529327392578,-16.1462345123291,-13.679065704345703,-12.16735553741455,-14.469047546386719,-16.98357391357422,-16.346853256225586,-13.549065589904785,-12.515497207641602,-13.203019142150879,-13.775758743286133,-14.442532539367676,-14.450263023376465,-13.324480056762695,-11.469229698181152,-10.69511890411377,-10.697381973266602,-10.925212860107422,-13.211564064025879,-15.301340103149414,-14.283432960510254,-11.88440227508545,-11.471732139587402,-12.573699951171875,-13.032669067382812,-13.414321899414062,-13.536104202270508,-13.52338981628418,-13.928966522216797,-13.957240104675293,-13.845057487487793,-13.559517860412598,-12.552016258239746,-11.78232192993164,-11.718753814697266,-11.899018287658691,-11.619457244873047,-10.832751274108887,-10.155482292175293,-10.697259902954102,-11.154626846313477,-10.52982234954834
-17.47713851928711,-17.373126983642578,-17.423755645751953,-17.319717407226562,-17.23928451538086,-17.62912368774414,-16.499162673950195,-14.510479927062988,-13.61884593963623,-13.914046287536621,-13.844635963439941,-13.032440185546875,-13.269632339477539,-13.836281776428223,-13.248931884765625,-11.958351135253906,-10.96075439453125,-8.809964179992676,-5.912207126617432,-6.583269119262695,-12.204498291015625,-14.967804908752441,-12.679258346557617,-11.48742961883545,-12.723422050476074,-13.624927520751953,-13.39316463470459,-13.17745590209961,-13.799856185913086,-14.110329627990723,-14.129341125488281,-13.74621868133545,-13.503189086914062,-13.316987037658691,-13.090158462524414,-13.249821662902832,-13.158858299255371,-13.222291946411133,-13.533623695373535,-13.017309188842773,-11.443714141845703,-10.475030899047852,-10.859971046447754
-17.71108627319336,-17.506025314331055,-17.45957374572754,-17.41951560974121,-16.914138793945312,-15.367369651794434,-13.716971397399902,-12.991474151611328,-12.761488914489746,-12.245003700256348,-10.398778915405273,-8.622447967529297,-9.713502883911133,-12.814603805541992,-14.367158889770508,-12.64574146270752,-10.22625732421875,-8.33752155303955,-6.689396381378174,-7.127458572387695,-11.626482963562012,-14.930631637573242,-12.815661430358887,-10.169607162475586,-11.657134056091309,-14.319892883300781,-14.729905128479004,-14.312975883483887,-14.327585220336914,-14.114103317260742,-14.270220756530762,-13.601569175720215,-12.752583503723145,-12.325019836425781,-12.470181465148926,-13.317964553833008,-13.544931411743164,-12.758612632751465,-11.681290626525879,-10.607110977172852,-9.997027397155762,-10.007040023803711,-10.123797416687012
-17.88186264038086,-17.55608367919922,-16.912511825561523,-15.878546714782715,-16.144676208496094,-15.562504768371582,-13.631946563720703,-12.88054084777832,-11.563294410705566,-9.833019256591797,-9.23623275756836,-10.986757278442383,-13.821657180786133,-15.336562156677246,-14.373286247253418,-12.209616661071777,-10.447907447814941,-9.231143951416016,-9.113874435424805,-10.743803024291992,-13.660573959350586,-15.134010314941406,-13.919894218444824,-11.464513778686523,-10.395602226257324,-12.358710289001465,-14.723506927490234,-15.157584190368652,-14.829080581665039,-14.027779579162598,-13.675056457519531,-13.721033096313477,-13.349884986877441,-13.389424324035645,-13.637103080749512,-13.558043479919434,-13.249347686767578,-12.710004806518555,-12.245162010192871,-11.998111724853516,-12.158486366271973,-12.009088516235352,-10.178346633911133
-18.34565544128418,-17.96112632751465,-16.99052619934082,-14.761178016662598,-13.883570671081543,-15.097783088684082,-14.800935745239258,-13.920472145080566,-13.602201461791992,-13.798542022705078,-14.996549606323242,-16.694162368774414,-17.256563186645508,-15.586255073547363,-13.496074676513672,-12.845067024230957,-13.152636528015137,-13.343875885009766,-13.438602447509766,-13.420625686645508,-12.808095932006836,-12.12583065032959,-11.638611793518066,-10.854754447937012,-9.937384605407715,-9.837642669677734,-10.917319297790527,-13.434144973754883,-14.80058765411377,-13.822315216064453,-12.919502258300781,-12.479904174804688,-11.99475383758545,-11.82770824432373,-11.942167282104492,-13.012202262878418,-14.080276489257812,-13.811721801757812,-13.44769287109375,-13.124920845031738,-11.40676212310791,-10.53199577331543,-9.637778282165527
-18.786792755126953,-18.62118911743164,-18.41533088684082,-17.274324417114258,-14.103353500366211,-13.020196914672852,-13.539999008178711,-13.757976531982422,-14.947940826416016,-16.154279708862305,-16.628774642944336,-16.00296401977539,-14.52781867980957,-12.53443717956543,-12.06114673614502,-13.866349220275879,-15.014385223388672,-14.130406379699707,-13.503302574157715,-13.501723289489746,-12.990875244140625,-12.496870994567871,-12.17283821105957,-10.993758201599121,-8.907585144042969,-6.677103519439697,-5.017472267150879,-7.2086710929870605,-12.5067777633667,-14.345778465270996,-12.94549560546875,-11.699376106262207,-12.498332977294922,-13.829045295715332,-13.260862350463867,-12.745283126831055,-13.594754219055176,-13.765371322631836,-13.082893371582031,-13.26577377319336,-13.334183692932129,-12.813551902770996,-11.656250953674316
-18.740766525268555,-19.004186630249023,-18.595979690551758,-17.14984130859375,-13.636967658996582,-11.547229766845703,-12.006986618041992,-13.704081535339355,-15.217129707336426,-14.832744598388672,-13.92383098602295,-12.82039737701416,-11.361255645751953,-10.578132629394531,-12.250833511352539,-14.474104881286621,-13.506331443786621,-10.604057312011719,-9.37474536895752,-10.637019157409668,-13.153772354125977,-14.152933120727539,-12.418341636657715,-9.769566535949707,-8.068206787109375,-7.18311071395874,-6.4416937828063965,-8.733149528503418,-12.989023208618164,-14.140654563903809,-11.652093887329102,-9.033028602600098,-10.611612319946289,-13.548316955566406,-14.262657165527344,-13.330242156982422,-13.138639450073242,-14.156455039978027,-13.831530570983887,-13.706488609313965,-13.875665664672852,-12.993017196655273,-10.862677574157715
-18.008556365966797,-18.717084884643555,-18.23609733581543,-16.6634578704834,-14.06383991241455,-12.651032447814941,-13.469351768493652,-15.135024070739746,-15.547514915466309,-14.469847679138184,-13.566725730895996,-12.855700492858887,-12.076264381408691,-12.56808853149414,-14.763076782226562,-15.284268379211426,-12.589303016662598,-9.273384094238281,-7.818769454956055,-9.125678062438965,-12.104948997497559,-13.262203216552734,-11.10705852508545,-8.707600593566895,-8.401179313659668,-8.218537330627441,-8.907821655273438,-13.423755645751953,-16.394033432006836,-13.494150161743164,-8.706526756286621,-6.144758701324463,-9.423830032348633,-13.614771842956543,-13.925332069396973,-13.737198829650879,-13.835287094116211,-14.17443561553955,-14.359299659729004,-14.047401428222656,-13.920002937316895,-13.717164993286133,-12.742605209350586
