data/wind_data/wind_40_6.json
{"header": {"parameterUnit": "KT", "parameterCategory": 2, "nx": 256, "ny": 198, "lo1": 44.73521041870117, "la1": -3.236724853515625, "lo2": 111.26478576660156, "la2": 43.468475341796875, "dx": 0.2609002888202667, "dy": -0.23708222806453705, "refTime": "2025-02-20 16:00:00", "forecastTime": 0, "parameterNumber": 2, "parameterNumberName": "eastward_wind"}, "data":
[rows 20 to 39 of 198, columns 180 to 224 of 256]
-14.755560874938965,-15.24359130859375,-15.765189170837402,-18.081947326660156,-18.78821563720703,-18.2747802734375,-18.579875946044922,-19.23006248474121,-19.57996368408203,-19.92255210876465,-20.16543960571289,-19.809741973876953,-18.84551429748535,-17.956268310546875,-17.597505569458008,-17.664709091186523,-17.97334861755371,-18.257015228271484,-18.3454647064209,-18.05919647216797,-18.112430572509766,-18.838279724121094,-18.47998046875,-16.50041961669922,-16.199817657470703,-17.7740478515625,-16.534215927124023,-18.074186325073242,-17.617778778076172,-17.278501510620117,-19.234331130981445,-21.3698673248291,-22.75346565246582,-23.12432098388672,-22.901695251464844,-21.829540252685547,-20.689064025878906,-19.95636749267578,-19.115596771240234,-17.855377197265625,-16.077749252319336,-14.30699348449707,-13.208059310913086,-13.171978950500488,-13.605091094970703
-14.711179733276367,-15.39977741241455,-16.360431671142578,-18.283432006835938,-18.98203468322754,-18.87704849243164,-19.009233474731445,-19.537628173828125,-20.174318313598633,-20.758169174194336,-20.688791275024414,-19.709672927856445,-18.598541259765625,-18.032732009887695,-17.93126678466797,-18.119159698486328,-18.224323272705078,-18.2774658203125,-19.05196189880371,-20.54781723022461,-21.360015869140625,-19.476688385009766,-15.821087837219238,-13.548269271850586,-13.491653442382812,-16.458948135375977,-17.70315933227539,-18.486907958984375,-18.907033920288086,-18.894241333007812,-20.596975326538086,-22.18375587463379,-23.078855514526367,-23.114248275756836,-22.688940048217773,-21.154863357543945,-19.842288970947266,-18.713973999023438,-17.574512481689453,-16.43486976623535,-14.907750129699707,-13.449100494384766,-12.768348693847656,-13.029301643371582,-12.857189178466797
-14.616453170776367,-15.34927749633789,-16.719684600830078,-18.13555145263672,-18.680761337280273,-18.689931869506836,-18.782655715942383,-19.438383102416992,-20.539613723754883,-21.411340713500977,-21.13974380493164,-20.03139305114746,-19.209110260009766,-18.80438995361328,-18.45901107788086,-18.295747756958008,-18.28598403930664,-18.636320114135742,-19.635311126708984,-19.823148727416992,-16.98251724243164,-11.817397117614746,-7.649538516998291,-5.581942558288574,-6.908196926116943,-12.353364944458008,-18.42975425720215,-18.604549407958984,-19.80834197998047,-20.237306594848633,-21.80975341796875,-22.80867576599121,-23.092384338378906,-22.5024356842041,-21.411327362060547,-20.009363174438477,-18.151718139648438,-16.737810134887695,-15.412102699279785,-14.979414939880371,-14.42911434173584,-13.749612808227539,-13.474685668945312,-13.275644302368164,-11.967061996459961
-14.863546371459961,-15.671205520629883,-16.311553955078125,-17.24374008178711,-18.040603637695312,-18.255598068237305,-18.440649032592773,-19.16597557067871,-20.197738647460938,-21.052824020385742,-20.925323486328125,-20.230911254882812,-19.79430389404297,-19.371870040893555,-18.63802719116211,-18.16626739501953,-18.521743774414062,-18.93346405029297,-17.86039161682129,-14.985196113586426,-11.93509578704834,-10.813054084777832,-11.157319068908691,-10.913448333740234,-10.584917068481445,-14.172931671142578,-18.48626708984375,-19.09525489807129,-19.990251541137695,-20.69816780090332,-22.19232749938965,-22.809663772583008,-22.554468154907227,-21.297792434692383,-20.042089462280273,-18.883075714111328,-17.66620635986328,-16.454402923583984,-15.143389701843262,-15.212508201599121,-15.155957221984863,-14.807235717773438,-14.434043884277344,-13.591273307800293,-12.02926254272461
-14.424454689025879,-15.008002281188965,-15.381589889526367,-16.307764053344727,-17.393335342407227,-17.860763549804688,-18.21072769165039,-18.736356735229492,-19.49208641052246,-20.116086959838867,-20.15764045715332,-20.368854522705078,-21.01934242248535,-21.222158432006836,-20.26555633544922,-19.11903953552246,-18.861148834228516,-18.240686416625977,-15.797137260437012,-13.56999397277832,-14.586165428161621,-17.863462448120117,-18.53609275817871,-17.154478073120117,-15.393912315368652,-16.125396728515625,-18.831504821777344,-19.54340171813965,-20.195068359375,-20.787141799926758,-21.64296531677246,-21.785993576049805,-21.199623107910156,-19.949697494506836,-18.767637252807617,-17.596296310424805,-16.874914169311523,-16.279315948486328,-16.658205032348633,-16.314584732055664,-15.679462432861328,-15.000345230102539,-14.554524421691895,-13.748497009277344,-12.756850242614746
-14.34609603881836,-13.936234474182129,-14.311386108398438,-15.40894603729248,-16.478515625,-17.077390670776367,-17.965730667114258,-18.304662704467773,-18.87041473388672,-19.08760643005371,-18.964197158813477,-19.430076599121094,-20.572059631347656,-21.081823348999023,-19.958662033081055,-19.125436782836914,-19.77869987487793,-19.294618606567383,-16.37200355529785,-14.312265396118164,-15.528671264648438,-20.734027862548828,-22.474592208862305,-19.502641677856445,-17.31343650817871,-17.256425857543945,-19.043163299560547,-19.90254783630371,-20.320934295654297,-20.462371826171875,-20.793174743652344,-20.742143630981445,-19.949800491333008,-19.164466857910156,-18.259153366088867,-16.764049530029297,-15.157855987548828,-15.54645824432373,-16.416170120239258,-16.163450241088867,-15.124285697937012,-14.47620677947998,-14.268505096435547,-13.931867599487305,-13.074647903442383
-13.708291053771973,-13.329835891723633,-13.652700424194336,-14.682137489318848,-15.393665313720703,-16.103343963623047,-17.26460838317871,-17.447107315063477,-17.57223892211914,-17.218212127685547,-16.874109268188477,-17.265718460083008,-18.660587310791016,-19.833629608154297,-20.51205825805664,-22.078033447265625,-22.540267944335938,-19.6134033203125,-14.988114356994629,-11.873696327209473,-12.856000900268555,-20.73308563232422,-22.30192756652832,-18.289133071899414,-17.951475143432617,-17.898881912231445,-19.357358932495117,-20.162649154663086,-20.444595336914062,-20.44188690185547,-20.399215698242188,-20.114545822143555,-19.308937072753906,-18.32556915283203,-17.066226959228516,-15.247659683227539,-14.322358131408691,-15.014612197875977,-15.717852592468262,-15.326089859008789,-14.611536979675293,-14.087554931640625,-13.891311645507812,-13.971673011779785,-13.7838716506958
-13.095148086547852,-12.660290718078613,-13.017922401428223,-14.25899887084961,-14.760933876037598,-14.81263256072998,-15.323738098144531,-15.558917999267578,-15.230226516723633,-14.730576515197754,-14.48144817352295,-14.815570831298828,-16.579235076904297,-19.675472259521484,-22.095199584960938,-22.064517974853516,-18.680883407592773,-14.313432693481445,-11.41127872467041,-9.933998107910156,-11.727483749389648,-18.14047622680664,-18.144540786743164,-17.36027717590332,-17.760440826416016,-18.1301212310791,-19.161542892456055,-20.0626163482666,-20.549428939819336,-20.465824127197266,-20.12584686279297,-19.85221290588379,-19.05854034423828,-17.555692672729492,-15.765061378479004,-14.425435066223145,-14.39257526397705,-15.044740676879883,-15.498038291931152,-15.13774585723877,-14.25857925415039,-13.432764053344727,-13.253472328186035,-13.475800514221191,-13.672245979309082
-12.419414520263672,-11.913026809692383,-12.45453929901123,-13.701403617858887,-14.211675643920898,-13.973074913024902,-13.808548927307129,-13.777632713317871,-13.177257537841797,-12.555781364440918,-12.170059204101562,-12.802053451538086,-14.57233715057373,-17.155736923217773,-18.910669326782227,-17.644088745117188,-13.874751091003418,-11.453423500061035,-10.989448547363281,-10.47295093536377,-14.642565727233887,-15.97497844696045,-15.775642395019531,-16.712045669555664,-16.995176315307617,-17.408790588378906,-17.99071502685547,-19.10235023498535,-19.886659622192383,-19.962987899780273,-20.04355239868164,-20.090986251831055,-18.728071212768555,-16.715490341186523,-15.350885391235352,-14.730627059936523,-14.787845611572266,-15.011756896972656,-15.003684043884277,-14.606362342834473,-13.775739669799805,-13.088088989257812,-12.789871215820312,-12.647692680358887,-12.986448287963867
-11.477145195007324,-11.285223960876465,-12.325778007507324,-13.212882995605469,-13.590588569641113,-13.409932136535645,-13.07512092590332,-12.730903625488281,-12.096733093261719,-10.94318962097168,-10.118520736694336,-11.101262092590332,-12.388614654541016,-12.105782508850098,-12.129316329956055,-11.739165306091309,-8.110095024108887,-6.407512187957764,-10.184748649597168,-13.573443412780762,-16.599803924560547,-15.529535293579102,-15.5083589553833,-16.738296508789062,-16.503721237182617,-16.355436325073242,-16.597745895385742,-17.625553131103516,-18.557716369628906,-18.68517303466797,-18.978696823120117,-18.824331283569336,-17.517126083374023,-16.134815216064453,-15.317455291748047,-15.231271743774414,-15.251632690429688,-15.090361595153809,-14.315013885498047,-13.56472396850586,-13.123039245605469,-13.150347709655762,-12.761926651000977,-12.545693397521973,-12.57980728149414
-10.683595657348633,-10.629729270935059,-11.659347534179688,-12.361851692199707,-12.676928520202637,-12.593415260314941,-12.338985443115234,-12.058008193969727,-11.445297241210938,-9.990580558776855,-9.363324165344238,-10.235339164733887,-10.294027328491211,-8.457830429077148,-6.764680862426758,-5.388880729675293,-2.2485156059265137,-1.6941719055175781,-10.16561222076416,-16.198637008666992,-16.701435089111328,-15.698736190795898,-15.665961265563965,-16.344932556152344,-16.145401000976562,-15.829363822937012,-15.995255470275879,-16.68832015991211,-17.078575134277344,-16.7984619140625,-16.83452796936035,-16.004362106323242,-15.041955947875977,-14.773622512817383,-14.70093822479248,-14.838828086853027,-15.082463264465332,-15.335641860961914,-14.252177238464355,-13.089746475219727,-12.7996244430542,-12.966669082641602,-12.662393569946289,-12.970015525817871,-12.92370319366455
-9.977500915527344,-10.044941902160645,-10.425820350646973,-11.055347442626953,-11.517251968383789,-11.329336166381836,-11.114569664001465,-11.150594711303711,-10.566216468811035,-9.135137557983398,-9.304247856140137,-10.004469871520996,-8.601810455322266,-6.272946834564209,-4.311600208282471,-2.5694704055786133,-2.0927603244781494,-5.662883281707764,-14.048961639404297,-17.623300552368164,-16.22955322265625,-15.822124481201172,-15.34835147857666,-15.794075012207031,-16.192333221435547,-15.83806324005127,-15.931833267211914,-16.300939559936523,-16.323434829711914,-15.865265846252441,-15.228669166564941,-13.925413131713867,-13.03149127960205,-12.788987159729004,-13.009316444396973,-13.303415298461914,-13.640378952026367,-13.840460777282715,-13.010921478271484,-12.726213455200195,-12.667803764343262,-12.496855735778809,-12.772083282470703,-13.381128311157227,-13.452054977416992
-9.853658676147461,-9.41618537902832,-9.520256996154785,-9.863374710083008,-9.989692687988281,-9.697300910949707,-9.477754592895508,-9.916155815124512,-9.534457206726074,-8.475205421447754,-9.679619789123535,-9.943371772766113,-7.518907070159912,-5.764479637145996,-7.575514793395996,-10.433014869689941,-11.562358856201172,-14.180110931396484,-17.88766860961914,-17.773746490478516,-16.367334365844727,-15.745823860168457,-15.744136810302734,-16.47025489807129,-16.378559112548828,-15.629242897033691,-16.002960205078125,-16.113094329833984,-16.053020477294922,-15.24656867980957,-13.802332878112793,-12.770468711853027,-12.488038063049316,-12.402112007141113,-12.434443473815918,-12.66447925567627,-11.972840309143066,-11.290403366088867,-11.522494316101074,-12.403074264526367,-12.704363822937012,-12.393741607666016,-12.918501853942871,-13.547111511230469,-13.32642650604248
-9.75758171081543,-9.642363548278809,-9.324321746826172,-8.883312225341797,-8.370184898376465,-8.376596450805664,-8.231803894042969,-9.305240631103516,-9.396553993225098,-8.939385414123535,-10.233146667480469,-10.466838836669922,-9.184290885925293,-10.26197338104248,-14.051033973693848,-16.75726890563965,-17.25162696838379,-17.549753189086914,-17.744144439697266,-17.113176345825195,-16.357152938842773,-15.595593452453613,-16.732206344604492,-17.618671417236328,-16.405832290649414,-15.32443904876709,-15.621879577636719,-15.846453666687012,-15.670469284057617,-13.693183898925781,-12.098482131958008,-11.25776481628418,-12.011988639831543,-12.622283935546875,-12.183222770690918,-11.444470405578613,-11.35716438293457,-11.6605224609375,-11.330018043518066,-13.150309562683105,-13.504881858825684,-12.374980926513672,-12.329113960266113,-12.800263404846191,-12.810675621032715
-9.56995964050293,-9.235311508178711,-8.855478286743164,-8.222309112548828,-7.708787441253662,-7.4649457931518555,-8.332639694213867,-9.81663703918457,-10.679671287536621,-10.384805679321289,-10.551980972290039,-11.894025802612305,-12.484180450439453,-13.392511367797852,-15.340364456176758,-16.738874435424805,-16.86638641357422,-15.995001792907715,-15.108329772949219,-15.560037612915039,-15.693178176879883,-15.480180740356445,-17.172351837158203,-17.742177963256836,-16.104522705078125,-15.163398742675781,-15.758859634399414,-15.605412483215332,-14.165855407714844,-12.334192276000977,-11.095836639404297,-10.763824462890625,-10.717700004577637,-10.635120391845703,-9.336089134216309,-8.762903213500977,-12.078408241271973,-12.95329475402832,-11.015790939331055,-13.115007400512695,-14.160592079162598,-12.593658447265625,-11.31521224975586,-11.224624633789062,-11.904058456420898
-8.830314636230469,-8.158651351928711,-8.156766891479492,-8.043055534362793,-7.585912227630615,-7.342452526092529,-8.281875610351562,-10.326600074768066,-12.272586822509766,-12.112196922302246,-11.544617652893066,-13.112039566040039,-13.336520195007324,-13.052128791809082,-13.684772491455078,-14.132087707519531,-14.571063041687012,-14.663834571838379,-14.467972755432129,-15.162343978881836,-15.614351272583008,-15.806429862976074,-16.88836097717285,-16.90887451171875,-15.798080444335938,-15.437161445617676,-15.471978187561035,-14.66532039642334,-13.175142288208008,-11.552026748657227,-11.000504493713379,-10.594199180603027,-9.065302848815918,-7.0208868980407715,-6.575672626495361,-8.630675315856934,-11.797693252563477,-11.182806015014648,-11.003424644470215,-13.181084632873535,-14.297330856323242,-13.042335510253906,-11.035043716430664,-9.94538688659668,-10.910347938537598
-8.587569236755371,-7.810502529144287,-7.805428504943848,-7.813310146331787,-7.605576038360596,-7.457352161407471,-8.339631080627441,-10.362809181213379,-12.333820343017578,-12.808490753173828,-12.736448287963867,-13.058664321899414,-11.957621574401855,-10.82809829711914,-11.889379501342773,-14.086014747619629,-15.40916633605957,-15.621058464050293,-16.010547637939453,-16.563777923583984,-16.4903507232666,-16.320327758789062,-16.31983184814453,-15.705738067626953,-15.056373596191406,-14.851204872131348,-14.345744132995605,-13.795502662658691,-13.095732688903809,-12.746526718139648,-12.559503555297852,-11.458248138427734,-9.115612983703613,-6.964435577392578,-7.607983112335205,-9.186991691589355,-9.510915756225586,-9.625950813293457,-11.221648216247559,-13.049928665161133,-13.702142715454102,-12.4010648727417,-10.508149147033691,-9.940550804138184,-9.813892364501953
-8.428303718566895,-7.694314479827881,-7.861414909362793,-7.782104015350342,-7.441244125366211,-7.701266765594482,-8.652828216552734,-9.588383674621582,-10.974995613098145,-12.754403114318848,-13.77811336517334,-12.726224899291992,-11.121849060058594,-9.830077171325684,-11.88232135772705,-15.507702827453613,-16.967683792114258,-16.983509063720703,-17.224878311157227,-17.55472183227539,-16.986478805541992,-16.28443717956543,-15.497492790222168,-14.465558052062988,-13.889459609985352,-13.951436996459961,-13.888385772705078,-13.89470386505127,-13.404491424560547,-12.667021751403809,-11.886116981506348,-11.753554344177246,-11.113724708557129,-9.756425857543945,-8.912034034729004,-8.636055946350098,-8.447699546813965,-9.071890830993652,-10.432988166809082,-11.471052169799805,-11.804505348205566,-11.36764144897461,-11.451733589172363,-10.289977073669434,-9.882078170776367
-8.06428050994873,-7.3557305335998535,-7.480825901031494,-7.384728908538818,-7.135474681854248,-7.62299108505249,-8.55085563659668,-9.150487899780273,-10.443422317504883,-12.51396656036377,-13.626421928405762,-12.830038070678711,-11.434896469116211,-10.604561805725098,-11.583495140075684,-14.98644733428955,-17.051855087280273,-17.0014705657959,-17.013696670532227,-17.28688621520996,-16.74941635131836,-15.867640495300293,-14.9241943359375,-14.284149169921875,-13.595704078674316,-13.584906578063965,-13.599371910095215,-13.164958953857422,-12.617778778076172,-11.708573341369629,-10.456820487976074,-10.79743766784668,-12.127029418945312,-11.553752899169922,-9.866565704345703,-8.62118148803711,-8.097073554992676,-8.258574485778809,-8.221376419067383,-8.187568664550781,-9.236885070800781,-10.338604927062988,-10.819220542907715,-10.92374324798584,-11.49392032623291
-8.162565231323242,-7.281977653503418,-7.012481212615967,-7.018403053283691,-7.150522232055664,-7.541042804718018,-8.217921257019043,-9.064493179321289,-10.349990844726562,-11.591536521911621,-12.228208541870117,-12.593586921691895,-11.707649230957031,-10.597381591796875,-10.999788284301758,-13.836004257202148,-16.059215545654297,-16.110790252685547,-16.166950225830078,-16.568323135375977,-16.27073860168457,-15.440101623535156,-14.63185977935791,-14.250782012939453,-13.810044288635254,-13.092382431030273,-11.934732437133789,-11.163839340209961,-10.97413444519043,-10.891453742980957,-10.17923641204834,-10.327956199645996,-11.168500900268555,-11.487069129943848,-9.791754722595215,-8.630064010620117,-8.173202514648438,-7.588521957397461,-6.762137413024902,-6.556436061859131,-7.839563369750977,-9.11874771118164,-8.768641471862793,-8.742229461669922,-9.88964557647705
