data/wind_data/wind_1_6.json
{"header": {"parameterUnit": "KT", "parameterCategory": 2, "nx": 256, "ny": 198, "lo1": 44.73521041870117, "la1": -3.236724853515625, "lo2": 111.26478576660156, "la2": 43.468475341796875, "dx": 0.2609002888202667, "dy": -0.23708222806453705, "refTime": "2025-02-19 01:00:00", "forecastTime": 0, "parameterNumber": 2, "parameterNumberName": "eastward_wind"}, "data":
[rows 0 to 19 of 198, columns 88 to 131 of 256]
-21.039627075195312,-21.295639038085938,-21.205516815185547,-21.89647674560547,-22.879228591918945,-22.49381446838379,-21.120281219482422,-20.01457977294922,-18.836902618408203,-16.507400512695312,-16.810001373291016,-18.013622283935547,-17.637248992919922,-17.858064651489258,-17.687179565429688,-17.7485408782959,-17.665924072265625,-16.81416893005371,-16.27023696899414,-16.624319076538086,-17.688819885253906,-18.099225997924805,-19.35332679748535,-18.888349533081055,-18.257915496826172,-17.1939640045166,-16.653701782226562,-15.299678802490234,-14.583394050598145,-15.670525550842285,-16.34137725830078,-17.44147491455078,-17.91347312927246,-17.55417823791504,-16.261825561523438,-15.696834564208984,-16.582477569580078,-16.43265151977539,-15.646227836608887,-16.062885284423828,-15.122696876525879,-13.777359008789062,-14.167891502380371,-14.297266960144043
-21.00516128540039,-21.2923526763916,-21.63434410095215,-22.280731201171875,-22.497007369995117,-21.68212890625,-20.613277435302734,-19.23635482788086,-17.781673431396484,-16.404541015625,-17.14761734008789,-17.814924240112305,-17.484214782714844,-18.066322326660156,-18.783361434936523,-18.4205379486084,-17.16633415222168,-17.01674461364746,-17.83341407775879,-18.521028518676758,-19.780956268310547,-20.08875274658203,-20.04669761657715,-19.0666446685791,-17.652799606323242,-16.6024169921875,-15.417920112609863,-14.703753471374512,-13.903613090515137,-14.031726837158203,-16.152963638305664,-16.778879165649414,-16.690885543823242,-16.15242576599121,-15.179238319396973,-14.573163986206055,-15.061519622802734,-15.084691047668457,-14.354789733886719,-14.1210298538208,-13.621739387512207,-13.040834426879883,-13.077144622802734,-11.849129676818848
-22.732147216796875,-22.411174774169922,-21.674083709716797,-21.583335876464844,-21.717090606689453,-21.26101303100586,-20.38642692565918,-18.247262954711914,-15.958415031433105,-15.340627670288086,-16.380300521850586,-17.18903160095215,-17.324277877807617,-18.305768966674805,-18.980728149414062,-18.04469871520996,-16.25263214111328,-16.88584327697754,-19.425594329833984,-20.469331741333008,-20.488981246948242,-20.24065589904785,-19.359264373779297,-18.72332000732422,-17.640588760375977,-16.55918312072754,-15.538597106933594,-14.385031700134277,-13.175827026367188,-13.777158737182617,-15.56075668334961,-16.019289016723633,-15.688456535339355,-15.056349754333496,-14.779513359069824,-14.592201232910156,-14.864213943481445,-15.382716178894043,-14.098861694335938,-13.326605796813965,-13.104211807250977,-12.762656211853027,-12.184016227722168,-10.218687057495117
-22.527151107788086,-22.492748260498047,-22.214401245117188,-21.60681915283203,-21.094829559326172,-20.25494956970215,-18.514528274536133,-16.098817825317383,-14.664867401123047,-14.876646995544434,-16.71990966796875,-16.978458404541016,-16.916139602661133,-17.543092727661133,-17.680755615234375,-17.806665420532227,-17.6613712310791,-18.214746475219727,-20.55174446105957,-21.357946395874023,-20.931882858276367,-20.40329360961914,-20.061767578125,-19.364959716796875,-18.1403751373291,-17.00600242614746,-16.05786895751953,-15.192831039428711,-14.840475082397461,-15.239462852478027,-15.352713584899902,-15.174474716186523,-15.474224090576172,-15.205682754516602,-14.826106071472168,-14.746910095214844,-14.925557136535645,-15.03608226776123,-14.1154146194458,-13.784541130065918,-13.17126750946045,-12.222585678100586,-10.599395751953125,-8.422402381896973
-22.64535140991211,-22.67874526977539,-22.160367965698242,-20.850080490112305,-19.883527755737305,-19.363494873046875,-17.740070343017578,-15.57213306427002,-14.464059829711914,-15.47763442993164,-16.393165588378906,-16.771516799926758,-17.308565139770508,-17.53801727294922,-17.78296661376953,-18.53704261779785,-18.892213821411133,-19.280807495117188,-20.368576049804688,-20.701208114624023,-21.07994842529297,-21.136247634887695,-21.03838348388672,-20.044130325317383,-18.29866600036621,-17.073381423950195,-16.934288024902344,-16.889892578125,-16.432992935180664,-15.741271018981934,-15.180099487304688,-14.980559349060059,-15.2050142288208,-15.58349895477295,-15.680285453796387,-15.727606773376465,-15.298117637634277,-14.69282054901123,-14.57638168334961,-14.386017799377441,-13.31128215789795,-11.762521743774414,-9.547136306762695,-7.262081146240234
-22.94670295715332,-22.471933364868164,-21.373815536499023,-20.281936645507812,-19.275447845458984,-18.22812843322754,-16.397659301757812,-14.79336166381836,-14.287189483642578,-15.001131057739258,-16.36846923828125,-18.246389389038086,-18.76987075805664,-17.736831665039062,-17.47114372253418,-18.747486114501953,-19.543888092041016,-19.438156127929688,-20.56388282775879,-21.435991287231445,-21.726320266723633,-21.335397720336914,-20.360591888427734,-19.23311996459961,-18.164222717285156,-17.639205932617188,-17.06020164489746,-16.38716697692871,-15.787178993225098,-15.240666389465332,-15.45936107635498,-15.612793922424316,-15.502420425415039,-15.866756439208984,-15.817710876464844,-15.758788108825684,-15.56335735321045,-15.43220043182373,-15.136998176574707,-14.583064079284668,-13.754876136779785,-11.327492713928223,-8.3677339553833,-6.241321086883545
-22.761327743530273,-21.86097526550293,-20.48040771484375,-19.472763061523438,-18.756908416748047,-17.86853790283203,-16.941247940063477,-16.95631217956543,-17.94808578491211,-18.640104293823242,-19.22087287902832,-20.439285278320312,-20.603790283203125,-18.92264175415039,-17.498998641967773,-18.687694549560547,-20.65909767150879,-20.703428268432617,-20.921472549438477,-21.6149845123291,-21.603580474853516,-20.76812744140625,-19.322816848754883,-18.032011032104492,-17.68085289001465,-17.845731735229492,-16.92696189880371,-16.002090454101562,-15.589509010314941,-15.583353996276855,-16.017541885375977,-15.890814781188965,-15.503678321838379,-15.642807006835938,-15.13370132446289,-14.816051483154297,-14.930689811706543,-15.166626930236816,-15.27248764038086,-15.16644287109375,-13.718770980834961,-10.08310604095459,-6.789299011230469,-5.041385650634766
-22.322961807250977,-21.858728408813477,-20.789161682128906,-19.699251174926758,-19.571834564208984,-19.732641220092773,-19.603431701660156,-20.149822235107422,-21.936792373657227,-22.599191665649414,-21.9058895111084,-21.595775604248047,-21.28163719177246,-20.281232833862305,-19.01660919189453,-19.291963577270508,-20.927040100097656,-21.446542739868164,-21.19148063659668,-20.846654891967773,-19.946462631225586,-19.030031204223633,-18.59981918334961,-18.10603904724121,-17.81403160095215,-18.2352237701416,-18.60574722290039,-18.12110137939453,-17.193199157714844,-16.686901092529297,-15.866104125976562,-14.981630325317383,-14.582050323486328,-14.833443641662598,-14.470287322998047,-14.439865112304688,-15.727184295654297,-16.173755645751953,-15.283591270446777,-14.480381965637207,-12.357337951660156,-8.937548637390137,-6.441413402557373,-4.348963260650635
-22.286788940429688,-22.243083953857422,-21.593624114990234,-20.601451873779297,-20.102994918823242,-20.171836853027344,-20.821067810058594,-21.979747772216797,-23.300392150878906,-23.439918518066406,-22.61249351501465,-21.605653762817383,-21.01041030883789,-20.791202545166016,-20.51122283935547,-20.316659927368164,-20.598581314086914,-21.252582550048828,-20.859880447387695,-19.5338134765625,-18.587987899780273,-18.274757385253906,-18.012271881103516,-18.04774284362793,-18.283483505249023,-18.991106033325195,-19.778711318969727,-19.773727416992188,-18.599132537841797,-16.682954788208008,-14.832432746887207,-14.078035354614258,-14.244812965393066,-14.877545356750488,-15.107234001159668,-15.520248413085938,-16.140222549438477,-14.67126750946045,-12.818133354187012,-12.348434448242188,-10.667049407958984,-8.076196670532227,-5.548210620880127,-3.132113218307495
-22.712879180908203,-22.81148910522461,-22.47107696533203,-21.739398956298828,-20.68156623840332,-20.473344802856445,-21.504602432250977,-22.885751724243164,-23.661333084106445,-23.370283126831055,-22.771398544311523,-21.974504470825195,-21.43710708618164,-21.53900909423828,-21.7027645111084,-20.660486221313477,-19.805126190185547,-20.717044830322266,-20.600065231323242,-19.078405380249023,-18.67121696472168,-18.607280731201172,-17.63280487060547,-16.288911819458008,-16.53643035888672,-18.86700439453125,-19.086626052856445,-18.35472297668457,-17.941085815429688,-16.85370445251465,-15.932135581970215,-15.500808715820312,-15.526673316955566,-15.283792495727539,-14.382512092590332,-13.481680870056152,-12.38481616973877,-10.804956436157227,-10.002498626708984,-10.201967239379883,-9.143340110778809,-6.234764575958252,-3.3587865829467773,-1.887444257736206
-22.97337532043457,-22.90635871887207,-22.704225540161133,-21.710046768188477,-20.536266326904297,-20.4642391204834,-21.93122673034668,-23.944169998168945,-24.34820556640625,-22.501096725463867,-20.5421142578125,-20.26751136779785,-21.21818733215332,-21.653316497802734,-21.840633392333984,-21.363630294799805,-20.05727195739746,-19.314451217651367,-19.020889282226562,-18.15663719177246,-17.040037155151367,-16.87999725341797,-16.236347198486328,-14.5205659866333,-14.297561645507812,-16.77707290649414,-17.548900604248047,-16.471500396728516,-16.62312126159668,-17.13127326965332,-17.112680435180664,-16.33051300048828,-14.936634063720703,-14.004804611206055,-12.980854988098145,-11.626215934753418,-10.117597579956055,-10.500962257385254,-10.661639213562012,-8.173547744750977,-5.587733745574951,-3.8781065940856934,-2.503157377243042,-1.955487608909607
-22.659873962402344,-22.6956787109375,-22.406381607055664,-21.48796272277832,-20.583919525146484,-20.582117080688477,-21.678556442260742,-23.428123474121094,-23.984363555908203,-22.64190101623535,-20.63944435119629,-19.31361961364746,-19.886470794677734,-20.95503044128418,-21.465482711791992,-21.76422691345215,-20.619524002075195,-18.05170440673828,-16.901260375976562,-16.658334732055664,-16.17084312438965,-16.926549911499023,-16.0711727142334,-12.480707168579102,-11.812956809997559,-14.166425704956055,-14.940561294555664,-14.8377103805542,-15.353678703308105,-14.932842254638672,-14.838860511779785,-14.9751558303833,-13.609915733337402,-13.184497833251953,-13.298060417175293,-11.95362377166748,-10.546810150146484,-10.824838638305664,-8.830626487731934,-4.200927734375,-2.4525744915008545,-2.2106316089630127,-1.8444793224334717,-1.936547040939331
-22.730562210083008,-23.029401779174805,-22.686063766479492,-21.4393310546875,-19.88767433166504,-19.432918548583984,-20.37926483154297,-21.9862117767334,-23.138240814208984,-23.451147079467773,-23.188430786132812,-21.817686080932617,-20.547271728515625,-20.214981079101562,-19.77862548828125,-18.137691497802734,-16.689001083374023,-16.799720764160156,-17.037818908691406,-17.279338836669922,-17.52828025817871,-16.035173416137695,-15.253029823303223,-14.622293472290039,-12.02962875366211,-11.430464744567871,-12.035694122314453,-12.638760566711426,-12.214934349060059,-10.591118812561035,-12.017318725585938,-12.208983421325684,-11.50625991821289,-11.694061279296875,-11.688678741455078,-10.440305709838867,-9.010974884033203,-7.317245006561279,-4.239873886108398,-1.411285400390625,-0.24779632687568665,-0.11932877451181412,-0.6955801248550415,-1.5882196426391602
-21.581905364990234,-22.60328483581543,-22.40932273864746,-20.945554733276367,-19.2246036529541,-18.715532302856445,-19.708005905151367,-20.710874557495117,-21.4781436920166,-22.118478775024414,-22.682098388671875,-22.509462356567383,-21.23529815673828,-19.626113891601562,-17.707656860351562,-15.465418815612793,-14.329312324523926,-14.569759368896484,-15.679443359375,-17.61928939819336,-17.4327449798584,-14.99035358428955,-14.223883628845215,-17.04106903076172,-16.797924041748047,-14.014693260192871,-12.245221138000488,-10.206851959228516,-8.329839706420898,-8.039976119995117,-10.005332946777344,-9.60588264465332,-8.78195571899414,-9.03441047668457,-9.42695426940918,-8.707448959350586,-6.466848850250244,-3.5402019023895264,-1.5741842985153198,-0.8419318795204163,0.19908185303211212,1.018164873123169,0.07279779016971588,-0.5780912041664124
-21.99983787536621,-22.636018753051758,-21.509065628051758,-20.509929656982422,-20.229883193969727,-20.209531784057617,-20.09262466430664,-19.931259155273438,-19.723804473876953,-19.47665786743164,-19.902769088745117,-20.606578826904297,-19.89537239074707,-17.91517448425293,-15.720932960510254,-14.618799209594727,-15.117198944091797,-15.30126953125,-16.3071346282959,-18.54041290283203,-17.77179718017578,-14.373512268066406,-14.638714790344238,-17.766815185546875,-18.65616226196289,-15.952978134155273,-13.04517650604248,-9.643512725830078,-7.5740790367126465,-8.358638763427734,-8.643698692321777,-7.9611053466796875,-7.561450481414795,-8.777259826660156,-9.750704765319824,-7.735410690307617,-4.6315693855285645,-1.4777328968048096,-0.6652721166610718,-0.9997392892837524,-0.637991189956665,-0.6884196996688843,-0.48778077960014343,-0.3038567900657654
-24.109148025512695,-23.992088317871094,-22.60103988647461,-21.445730209350586,-21.412769317626953,-21.930633544921875,-21.210050582885742,-19.670928955078125,-18.60489845275879,-17.686115264892578,-18.125959396362305,-19.137557983398438,-18.664953231811523,-16.87755584716797,-15.540802955627441,-15.513245582580566,-15.575349807739258,-15.952811241149902,-16.895977020263672,-16.400964736938477,-15.412456512451172,-14.818825721740723,-14.485815048217773,-14.89723014831543,-14.27908992767334,-11.681507110595703,-10.380516052246094,-10.585416793823242,-10.433964729309082,-9.213903427124023,-7.729197978973389,-7.159079551696777,-7.621958255767822,-9.355951309204102,-9.399374961853027,-6.919182777404785,-3.861501693725586,-1.1280510425567627,-0.023030748590826988,0.08136346936225891,-0.4684010446071625,-0.6982718110084534,-0.3233412504196167,-0.7893308401107788
-22.5496768951416,-22.967222213745117,-23.027828216552734,-23.72519302368164,-24.519500732421875,-24.32990264892578,-22.6597957611084,-19.979318618774414,-17.682294845581055,-16.96193504333496,-17.446781158447266,-17.572038650512695,-16.772815704345703,-15.4712495803833,-15.480874061584473,-15.450879096984863,-13.725931167602539,-13.89471435546875,-14.326876640319824,-13.673635482788086,-13.038154602050781,-13.142311096191406,-12.629366874694824,-11.967291831970215,-11.018296241760254,-9.189406394958496,-8.4653902053833,-10.204574584960938,-11.680710792541504,-11.037131309509277,-9.054841995239258,-8.439534187316895,-8.136192321777344,-7.4521894454956055,-7.007127285003662,-5.56946325302124,-1.7060760259628296,1.3627939224243164,2.008897304534912,1.5951999425888062,0.08150263875722885,0.9387977719306946,1.1390609741210938,-0.5359957218170166
-17.668954849243164,-18.628684997558594,-19.78189468383789,-21.21614646911621,-22.081012725830078,-21.11194610595703,-19.396970748901367,-18.16988754272461,-17.332042694091797,-16.8460693359375,-16.817604064941406,-15.988968849182129,-14.312564849853516,-13.849857330322266,-14.50796890258789,-14.070577621459961,-13.451313972473145,-12.786993980407715,-12.208980560302734,-11.294211387634277,-10.271503448486328,-10.3240385055542,-10.052778244018555,-9.611015319824219,-10.015242576599121,-9.557684898376465,-8.660481452941895,-8.936624526977539,-10.03929328918457,-10.183825492858887,-8.916863441467285,-7.361940383911133,-4.734079360961914,-1.7902134656906128,-1.095623254776001,-0.3985351622104645,1.6834384202957153,3.1200411319732666,1.1963554620742798,-0.19092407822608948,0.08137533813714981,0.9357374310493469,0.16706505417823792,-0.47720304131507874
-14.58616828918457,-16.219446182250977,-17.042131423950195,-17.23392677307129,-17.760631561279297,-18.03232765197754,-17.206830978393555,-16.722078323364258,-16.847679138183594,-16.395401000976562,-15.560771942138672,-15.0020751953125,-13.803650856018066,-12.853384971618652,-11.36829662322998,-11.408443450927734,-12.935903549194336,-12.733651161193848,-11.351146697998047,-10.880683898925781,-9.854097366333008,-9.777535438537598,-9.606708526611328,-8.252877235412598,-7.42663049697876,-7.979442119598389,-8.453413009643555,-8.413137435913086,-7.524667263031006,-7.6033759117126465,-5.770424842834473,-1.8291687965393066,0.7988499402999878,0.6811849474906921,0.836021363735199,1.411108136177063,1.2958734035491943,1.5055757761001587,-0.36398693919181824,-1.138748049736023,-0.13406823575496674,-0.9867463707923889,0.9085837602615356,3.3041863441467285
-17.54380226135254,-19.217206954956055,-18.827449798583984,-18.099266052246094,-17.41148567199707,-17.344409942626953,-16.323732376098633,-14.696380615234375,-13.785138130187988,-14.057143211364746,-13.991633415222168,-13.855978965759277,-12.349193572998047,-9.287576675415039,-6.460032939910889,-6.801785945892334,-9.356742858886719,-10.869741439819336,-10.247735023498535,-10.430245399475098,-10.18315601348877,-10.064637184143066,-9.72803020477295,-8.13788890838623,-6.86821985244751,-7.101608753204346,-6.475926399230957,-5.370281219482422,-5.4430365562438965,-6.7106218338012695,-6.885145664215088,-3.879451036453247,-1.4148516654968262,-0.743030309677124,1.0957802534103394,2.9506380558013916,1.3306083679199219,-0.5615984797477722,-1.6907117366790771,-1.5226329565048218,-1.229990839958191,1.518101453781128,6.316843032836914,7.0027923583984375
