data/wind_data/wind_28_5.json
{"header": {"parameterUnit": "KT", "parameterCategory": 2, "nx": 256, "ny": 198, "lo1": 44.73521041870117, "la1": -3.236724853515625, "lo2": 111.26478576660156, "la2": 43.468475341796875, "dx": 0.2609002888202667, "dy": -0.23708222806453705, "refTime": "2025-02-20 04:00:00", "forecastTime": 0, "parameterNumber": 2, "parameterNumberName": "eastward_wind"}, "data":
[rows 133 to 151 of 198, columns 44 to 87 of 256]
25.953535079956055,27.134349822998047,25.862043380737305,21.856788635253906,20.793981552124023,22.393342971801758,26.25470733642578,27.203243255615234,26.630537033081055,26.559669494628906,27.257299423217773,28.229284286499023,29.347740173339844,30.76763153076172,32.714324951171875,34.191646575927734,34.547027587890625,34.14872360229492,33.942996978759766,34.07108688354492,34.74399948120117,35.85402297973633,37.247493743896484,38.66386032104492,39.92564392089844,40.83408737182617,41.21223449707031,41.17410659790039,41.06404113769531,41.21889114379883,41.71500778198242,42.48381042480469,43.472511291503906,44.5565185546875,45.31650161743164,45.47943878173828,45.25407028198242,45.753562927246094,47.423980712890625,49.36117172241211,51.005558013916016,52.40184020996094,52.0969123840332,47.40108871459961
31.016019821166992,30.095863342285156,23.453479766845703,20.811498641967773,22.676401138305664,25.326318740844727,26.21519660949707,25.772676467895508,25.41539192199707,25.68699073791504,26.63930892944336,28.127107620239258,29.7427921295166,31.330183029174805,32.95642852783203,34.096885681152344,33.95246124267578,33.69371032714844,34.057735443115234,34.57195281982422,35.285030364990234,36.275962829589844,37.441707611083984,38.47955322265625,39.39753341674805,40.25032424926758,40.534358978271484,40.26373291015625,40.224369049072266,40.7309455871582,41.6763916015625,42.75784683227539,43.6068000793457,44.23250961303711,44.77699661254883,45.23323059082031,45.57549285888672,46.12321853637695,47.376869201660156,49.051387786865234,50.54671859741211,52.14291763305664,53.812076568603516,54.03559875488281
26.363292694091797,22.364534378051758,21.046476364135742,22.494218826293945,24.76210594177246,25.900951385498047,25.308605194091797,24.87731170654297,24.970993041992188,25.543922424316406,26.779129028320312,28.50444221496582,30.14706039428711,31.423547744750977,32.30694580078125,32.9031982421875,32.80946731567383,33.36249542236328,34.30717849731445,34.8873405456543,35.49427032470703,36.18208694458008,36.83156204223633,37.51132583618164,38.3798828125,39.32098388671875,39.62322235107422,39.36203384399414,39.572566986083984,40.235111236572266,41.07625198364258,42.00676345825195,42.69989776611328,43.32648849487305,44.26249313354492,45.32141876220703,46.0409049987793,46.253780364990234,46.93377685546875,48.304744720458984,49.556396484375,50.894222259521484,52.951759338378906,55.42290115356445
19.785642623901367,19.680255889892578,21.40152931213379,23.808061599731445,25.593782424926758,25.160829544067383,24.32223892211914,24.264915466308594,24.875741958618164,25.894481658935547,27.426904678344727,28.996013641357422,30.090312957763672,30.743289947509766,31.164413452148438,31.701719284057617,32.4243278503418,33.70311737060547,34.560035705566406,34.97163391113281,35.365726470947266,35.571266174316406,35.74079895019531,36.34815216064453,37.3414192199707,38.216426849365234,38.59403610229492,38.70292282104492,39.00360870361328,39.34772491455078,39.77269744873047,40.691795349121094,41.886600494384766,43.13202667236328,44.359615325927734,45.258209228515625,45.5970458984375,45.47113800048828,45.814937591552734,47.2537956237793,48.9227294921875,50.41761016845703,52.2674560546875,54.53982925415039
17.751184463500977,20.611135482788086,23.361982345581055,24.77833366394043,24.70206069946289,24.031904220581055,24.138463973999023,24.86025047302246,25.44501304626465,26.337615966796875,27.777793884277344,28.902713775634766,29.42375373840332,29.95395278930664,30.649078369140625,31.58179473876953,32.91975402832031,34.04340744018555,34.52356719970703,34.614871978759766,34.63460922241211,34.532169342041016,34.561012268066406,35.21467971801758,36.30196762084961,37.17518615722656,37.57835006713867,37.887577056884766,38.17707443237305,38.328399658203125,38.798221588134766,40.037513732910156,41.674583435058594,43.03046798706055,43.76616287231445,44.017662048339844,44.03492736816406,44.10268783569336,44.39902877807617,45.623756408691406,48.03046417236328,50.28453826904297,51.877159118652344,53.31072998046875
18.827669143676758,22.38255500793457,24.614456176757812,24.52446746826172,24.069869995117188,24.459308624267578,25.351709365844727,25.631385803222656,25.666006088256836,26.345958709716797,27.356002807617188,28.157766342163086,28.826637268066406,29.724899291992188,30.840702056884766,32.0707893371582,33.24821090698242,33.973876953125,34.03116226196289,33.67393493652344,33.408905029296875,33.360137939453125,33.60722732543945,34.45063400268555,35.65275192260742,36.686973571777344,37.180912017822266,37.45683670043945,37.8350715637207,38.19977569580078,38.83675003051758,39.90129852294922,41.03898620605469,41.746700286865234,41.91270446777344,41.96255874633789,42.10702133178711,42.393226623535156,42.807884216308594,43.657344818115234,45.65626907348633,48.047061920166016,49.63943099975586,50.514034271240234
19.1374454498291,22.15701675415039,23.87337875366211,24.284622192382812,24.48000144958496,25.09830093383789,25.402050018310547,24.972509384155273,25.051284790039062,25.982812881469727,27.06011199951172,27.93274688720703,28.726057052612305,29.731985092163086,31.10140037536621,32.395748138427734,33.20655059814453,33.44651794433594,33.082637786865234,32.46522903442383,32.19126510620117,32.44023132324219,33.13994216918945,34.252220153808594,35.46200942993164,36.5173225402832,36.99383544921875,37.30724334716797,37.95051193237305,38.540767669677734,39.00265121459961,39.37784957885742,39.604007720947266,39.70843505859375,39.809112548828125,40.04709243774414,40.398193359375,40.75727081298828,41.26160430908203,42.04869079589844,43.17955780029297,44.67225646972656,45.733970642089844,46.19476318359375
17.83590316772461,20.441627502441406,22.621368408203125,23.782405853271484,24.171607971191406,24.330976486206055,23.889875411987305,23.582780838012695,24.61270523071289,26.28156089782715,27.47833824157715,27.98456573486328,28.412765502929688,29.515165328979492,31.15726089477539,32.49361801147461,32.957794189453125,32.76346969604492,32.187957763671875,31.547239303588867,31.437246322631836,31.997848510742188,32.925880432128906,33.946022033691406,34.79024124145508,35.50347900390625,35.972930908203125,36.59867477416992,37.75292205810547,38.62576675415039,38.886375427246094,38.60566329956055,38.12693786621094,38.08643341064453,38.66728210449219,39.34001922607422,39.80683898925781,40.07239532470703,40.304534912109375,40.63481903076172,41.10496520996094,42.143150329589844,42.83506774902344,43.09849166870117
16.70758819580078,19.340957641601562,21.628995895385742,22.613000869750977,23.00581932067871,23.086328506469727,22.91132354736328,23.340923309326172,24.793302536010742,26.346282958984375,27.134294509887695,27.203277587890625,27.687936782836914,29.234724044799805,31.109418869018555,32.43848419189453,32.829586029052734,32.58022689819336,32.001136779785156,31.392162322998047,31.26715850830078,31.79132843017578,32.45778274536133,32.853736877441406,33.08335876464844,33.61262893676758,34.54539489746094,35.800437927246094,37.371646881103516,38.411041259765625,38.41071701049805,37.693702697753906,36.86355972290039,36.83805465698242,37.8763542175293,39.177249908447266,39.95848083496094,39.870323181152344,39.300968170166016,38.71668243408203,38.31671905517578,38.84518814086914,39.837337493896484,40.65066146850586
16.635013580322266,18.321325302124023,19.761388778686523,20.73917007446289,21.478384017944336,22.14069938659668,22.855913162231445,23.667858123779297,24.65516471862793,25.560569763183594,25.86699676513672,26.03786849975586,27.38159942626953,29.480377197265625,31.26612091064453,32.5422477722168,33.191558837890625,33.20362091064453,32.59577941894531,31.722267150878906,31.269079208374023,31.367908477783203,31.4414005279541,31.335969924926758,31.560020446777344,32.5107536315918,33.87769317626953,35.27211380004883,36.6410026550293,37.71179962158203,37.840179443359375,37.24800109863281,36.51724624633789,36.203617095947266,36.8426513671875,38.49904251098633,39.74929428100586,39.34523391723633,38.11946487426758,36.632049560546875,35.662052154541016,36.02268981933594,37.295143127441406,38.555179595947266
15.704292297363281,16.630611419677734,17.74860954284668,19.251155853271484,20.636550903320312,21.787986755371094,22.661029815673828,23.273155212402344,23.976917266845703,24.68132781982422,25.17707633972168,26.137773513793945,28.1888427734375,30.405546188354492,31.940155029296875,33.07600402832031,33.84678649902344,33.77762222290039,32.80862808227539,31.926877975463867,31.474794387817383,31.107662200927734,30.59016227722168,30.50762176513672,31.41139793395996,32.89101791381836,34.30369186401367,35.251949310302734,35.971092224121094,36.916893005371094,37.724952697753906,37.714447021484375,37.28772735595703,36.50483322143555,36.43765640258789,37.530494689941406,38.34037399291992,37.896331787109375,36.904090881347656,35.204498291015625,33.89006805419922,34.29041290283203,35.51963806152344,36.78955078125
15.490236282348633,16.33273696899414,17.599102020263672,19.045576095581055,20.241315841674805,21.392520904541016,22.309001922607422,23.041248321533203,23.672883987426758,24.32347297668457,25.271230697631836,26.964616775512695,29.324420928955078,31.42363739013672,32.691097259521484,33.57359313964844,34.044010162353516,33.323455810546875,32.07282638549805,31.724748611450195,31.766006469726562,31.572195053100586,31.104421615600586,31.036949157714844,31.990276336669922,33.415470123291016,34.59149932861328,35.251888275146484,35.72640609741211,36.60313415527344,37.66397476196289,38.040794372558594,37.37766647338867,36.38850784301758,36.14352035522461,35.42222213745117,34.56103515625,34.11817169189453,34.24306106567383,33.80845642089844,32.520565032958984,32.65118408203125,33.50748825073242,34.6580810546875
16.909841537475586,18.145305633544922,18.9747314453125,19.580684661865234,20.39263916015625,21.260042190551758,21.963886260986328,22.861059188842773,24.002788543701172,25.150590896606445,26.449878692626953,28.275875091552734,30.45203399658203,32.06721496582031,32.9448356628418,33.69392776489258,33.805419921875,32.49369812011719,31.11799430847168,30.91067886352539,31.34868812561035,31.68300437927246,31.845937728881836,32.27458190917969,32.80826187133789,33.369258880615234,33.66716766357422,34.02427291870117,34.96708297729492,36.25510787963867,37.16249084472656,37.4270133972168,36.24687957763672,34.914161682128906,34.38453674316406,32.59739303588867,31.478235244750977,31.69594383239746,32.214778900146484,32.925411224365234,33.23609161376953,32.05392074584961,31.539791107177734,31.951332092285156
19.509912490844727,20.117511749267578,19.769058227539062,19.878419876098633,20.361093521118164,21.393497467041016,22.45240592956543,23.62569808959961,24.91489028930664,26.19944953918457,27.623607635498047,29.35628318786621,31.300992965698242,32.43407440185547,33.094520568847656,34.15585708618164,33.783233642578125,31.709245681762695,30.210769653320312,30.116315841674805,30.702470779418945,31.354333877563477,32.06531524658203,32.86074447631836,33.368770599365234,32.996803283691406,32.37687301635742,32.4207649230957,33.468875885009766,35.027706146240234,36.413002014160156,36.89824676513672,35.39384460449219,33.15706253051758,31.649158477783203,30.560791015625,30.83217430114746,31.678974151611328,32.14464569091797,32.66420364379883,33.3157958984375,32.931461334228516,31.422597885131836,29.515451431274414
20.103694915771484,19.493471145629883,19.049152374267578,19.062036514282227,20.56915855407715,22.231111526489258,23.116477966308594,24.24715805053711,25.567218780517578,26.729198455810547,27.98002052307129,29.7366886138916,31.625577926635742,32.7535514831543,33.78831100463867,34.66410827636719,33.01259994506836,30.56869888305664,29.70469093322754,30.1198787689209,30.824508666992188,31.528535842895508,32.09252166748047,32.349830627441406,32.45903778076172,32.3415412902832,32.20143508911133,32.389320373535156,33.040802001953125,34.14313888549805,35.505367279052734,36.65245056152344,36.06119155883789,32.799842834472656,30.298566818237305,30.017379760742188,31.016315460205078,31.302709579467773,31.247730255126953,31.654441833496094,31.932828903198242,31.530866622924805,30.350114822387695,28.131362915039062
18.171911239624023,18.218420028686523,18.292621612548828,19.927631378173828,22.398557662963867,22.992595672607422,23.69467544555664,25.38997459411621,27.01144027709961,27.845413208007812,28.535511016845703,29.933006286621094,31.604326248168945,33.120513916015625,34.257389068603516,33.439300537109375,31.198816299438477,29.993305206298828,30.304447174072266,30.944664001464844,31.387035369873047,31.755983352661133,31.688838958740234,30.959556579589844,30.592512130737305,31.141845703125,32.0135612487793,32.87095642089844,33.71967697143555,34.12739944458008,34.00687789916992,34.18867874145508,34.06232833862305,31.937692642211914,29.509822845458984,29.081911087036133,29.516220092773438,29.96540641784668,29.94579315185547,29.54837989807129,29.588973999023438,29.42994499206543,28.927509307861328,27.75424575805664
16.907432556152344,18.715490341186523,19.841707229614258,22.03191375732422,23.35211181640625,23.4825382232666,24.91042137145996,26.826133728027344,27.85405921936035,28.074146270751953,28.72001075744629,30.127561569213867,31.88201904296875,33.08366775512695,32.77101135253906,31.31290626525879,30.27574348449707,30.338151931762695,30.84380340576172,31.287031173706055,31.448829650878906,31.205167770385742,30.627620697021484,30.053730010986328,30.028762817382812,30.71748924255371,31.72879981994629,32.69324493408203,33.502071380615234,33.47359848022461,32.62063980102539,31.65245819091797,31.110149383544922,30.692569732666016,29.13935661315918,27.834718704223633,27.75870704650879,28.745378494262695,28.8961124420166,27.781394958496094,26.997648239135742,26.830251693725586,26.683988571166992,25.754764556884766
18.673240661621094,21.206722259521484,22.818958282470703,23.418176651000977,23.138063430786133,24.206632614135742,26.120437622070312,27.678434371948242,28.104707717895508,28.2700138092041,28.90282440185547,30.415884017944336,31.652164459228516,31.52328109741211,30.628433227539062,30.081106185913086,30.130752563476562,30.273242950439453,30.463356018066406,30.91398811340332,31.123382568359375,30.431352615356445,29.28122329711914,28.763565063476562,29.254961013793945,30.23605728149414,31.177278518676758,32.125057220458984,33.01156234741211,33.38625717163086,32.93640899658203,31.782852172851562,30.519014358520508,29.71208953857422,29.183490753173828,28.080034255981445,27.623411178588867,28.130277633666992,28.000484466552734,27.140016555786133,26.04753875732422,24.746036529541016,23.72960662841797,22.50514030456543
20.632875442504883,22.20680809020996,22.80714225769043,22.82227897644043,23.84539794921875,25.639514923095703,27.3356876373291,28.015642166137695,27.931901931762695,27.867786407470703,28.52168083190918,29.842679977416992,30.489004135131836,29.984529495239258,29.0921630859375,28.617891311645508,28.703773498535156,29.17154884338379,29.74007797241211,29.958133697509766,29.692745208740234,28.816383361816406,27.439228057861328,26.585777282714844,27.05182647705078,28.238019943237305,29.40534210205078,30.524503707885742,31.516944885253906,31.938215255737305,31.64859390258789,30.682048797607422,29.460771560668945,28.737096786499023,28.369836807250977,27.850629806518555,27.27947998046875,27.23289680480957,27.280982971191406,26.57734489440918,25.00910758972168,22.82536506652832,20.833988189697266,19.3327693939209
