data/wind_data/wind_51_5.json
{"header": {"parameterUnit": "KT", "parameterCategory": 2, "nx": 256, "ny": 198, "lo1": 44.73521041870117, "la1": -3.236724853515625, "lo2": 111.26478576660156, "la2": 43.468475341796875, "dx": 0.2609002888202667, "dy": -0.23708222806453705, "refTime": "2025-02-21 03:00:00", "forecastTime": 0, "parameterNumber": 2, "parameterNumberName": "eastward_wind"}, "data":
[rows 19 to 37 of 198, columns 0 to 43 of 256]
-10.461190223693848,-10.314672470092773,-9.713722229003906,-8.799114227294922,-7.305852890014648,-7.054741859436035,-6.802351951599121,-7.411372661590576,-7.6456499099731445,-7.572461128234863,-7.519683361053467,-7.679068565368652,-7.870499610900879,-7.477085113525391,-6.598916053771973,-5.96474552154541,-5.673156261444092,-5.50226354598999,-5.306060791015625,-5.060845375061035,-4.979667663574219,-5.03840446472168,-5.380103588104248,-6.092047214508057,-6.870394229888916,-7.699217319488525,-8.53815746307373,-8.742714881896973,-8.920663833618164,-9.408920288085938,-10.007039070129395,-9.905261039733887,-9.361642837524414,-9.630025863647461,-8.343097686767578,-9.943772315979004,-11.017389297485352,-10.974692344665527,-9.777790069580078,-10.29766845703125,-11.446511268615723,-12.035233497619629,-12.513594627380371,-12.48827838897705
-10.71413516998291,-10.651839256286621,-10.167773246765137,-9.545425415039062,-8.325736045837402,-8.165780067443848,-8.167802810668945,-8.97332763671875,-9.292847633361816,-9.264470100402832,-9.065600395202637,-8.799888610839844,-8.542098999023438,-8.013423919677734,-7.16677713394165,-6.550870418548584,-6.48099422454834,-6.620635509490967,-6.662343502044678,-6.468986511230469,-6.2240471839904785,-6.271748065948486,-7.032315254211426,-8.059286117553711,-8.991442680358887,-9.878169059753418,-10.70945930480957,-10.802611351013184,-10.86988353729248,-11.970898628234863,-12.392441749572754,-11.499528884887695,-11.161316871643066,-10.506343841552734,-10.027746200561523,-12.649813652038574,-14.717219352722168,-12.989226341247559,-10.924761772155762,-11.432600975036621,-11.94885540008545,-12.035623550415039,-12.588603973388672,-12.56087875366211
-11.27142333984375,-11.178116798400879,-10.835599899291992,-10.457141876220703,-9.599392890930176,-9.721183776855469,-10.1199369430542,-10.823156356811523,-11.117040634155273,-11.118917465209961,-10.830716133117676,-10.201107025146484,-9.7213134765625,-9.381783485412598,-8.840235710144043,-8.316387176513672,-7.964416027069092,-7.84443998336792,-8.120672225952148,-8.465694427490234,-8.768274307250977,-8.877762794494629,-9.178230285644531,-10.055133819580078,-11.33265495300293,-12.519524574279785,-13.87956714630127,-14.242287635803223,-13.422708511352539,-12.44709587097168,-12.254132270812988,-12.5209321975708,-12.2972993850708,-11.572083473205566,-11.785974502563477,-13.263558387756348,-14.050359725952148,-15.519562721252441,-11.612732887268066,-13.704949378967285,-12.278382301330566,-12.301363945007324,-12.537240028381348,-12.910255432128906
-11.88109016418457,-11.93669605255127,-11.679779052734375,-11.408650398254395,-10.919938087463379,-11.551115989685059,-12.115155220031738,-12.950006484985352,-13.207074165344238,-13.125178337097168,-12.765318870544434,-12.218632698059082,-11.958781242370605,-11.848347663879395,-11.474814414978027,-10.891244888305664,-10.209056854248047,-9.87433910369873,-10.040862083435059,-10.452384948730469,-10.753978729248047,-10.970541954040527,-11.389455795288086,-12.083087921142578,-12.89242935180664,-13.665246963500977,-14.242401123046875,-14.189425468444824,-13.608057975769043,-13.52343463897705,-13.956192970275879,-13.740744590759277,-12.636605262756348,-11.914953231811523,-12.241064071655273,-12.893085479736328,-12.64814567565918,-12.424591064453125,-13.234382629394531,-15.283262252807617,-13.125443458557129,-12.76856517791748,-12.696739196777344,-13.015924453735352
-12.404891967773438,-12.99404525756836,-12.77757740020752,-12.3697509765625,-12.492877960205078,-13.370243072509766,-13.96179485321045,-15.21418285369873,-15.522666931152344,-15.471641540527344,-15.114082336425781,-14.728134155273438,-14.552896499633789,-14.331242561340332,-14.007278442382812,-13.428445816040039,-12.558324813842773,-11.954513549804688,-11.832807540893555,-12.154033660888672,-12.587841987609863,-12.858416557312012,-13.055316925048828,-13.394519805908203,-13.658319473266602,-13.65158462524414,-13.697708129882812,-13.949814796447754,-14.10368537902832,-14.317574501037598,-14.436028480529785,-13.978395462036133,-13.023064613342285,-12.436431884765625,-12.186738014221191,-12.19312858581543,-12.51099967956543,-13.08458137512207,-13.664043426513672,-14.546923637390137,-14.6821928024292,-13.882792472839355,-13.077978134155273,-13.032916069030762
-12.761626243591309,-13.798116683959961,-13.653509140014648,-13.514768600463867,-14.46015739440918,-15.391462326049805,-16.189224243164062,-17.391427993774414,-17.83841896057129,-17.86819076538086,-17.46879768371582,-16.971872329711914,-16.70225715637207,-16.525653839111328,-16.270126342773438,-15.595430374145508,-14.605905532836914,-13.846637725830078,-13.522457122802734,-13.756271362304688,-14.161959648132324,-14.429372787475586,-14.33946418762207,-14.137426376342773,-14.027525901794434,-13.809412956237793,-13.545649528503418,-13.607954025268555,-14.144536972045898,-14.60682487487793,-14.649770736694336,-14.219778060913086,-13.774353981018066,-13.460387229919434,-13.008440971374512,-12.815954208374023,-13.609943389892578,-14.782783508300781,-15.575397491455078,-15.38042163848877,-13.991231918334961,-13.199036598205566,-14.41528606414795,-13.788056373596191
-12.725800514221191,-13.569197654724121,-13.952723503112793,-14.973017692565918,-16.7835750579834,-17.7716121673584,-18.79088020324707,-19.534753799438477,-19.684118270874023,-19.611942291259766,-19.281415939331055,-18.905406951904297,-18.731487274169922,-18.531627655029297,-18.156723022460938,-17.383182525634766,-16.201740264892578,-15.38888931274414,-15.280759811401367,-15.63731861114502,-16.1439266204834,-16.45111083984375,-16.402904510498047,-15.884411811828613,-15.35466194152832,-14.881765365600586,-14.730179786682129,-15.05716323852539,-15.606221199035645,-15.657459259033203,-14.923491477966309,-14.16203784942627,-13.969255447387695,-14.013038635253906,-14.161985397338867,-14.577654838562012,-15.138484954833984,-15.485703468322754,-15.75564956665039,-15.765621185302734,-14.888694763183594,-14.431092262268066,-14.920226097106934,-14.241595268249512
-12.948748588562012,-13.719672203063965,-14.65242862701416,-16.759552001953125,-19.433244705200195,-20.410737991333008,-21.16039276123047,-21.091365814208984,-20.642745971679688,-20.549962997436523,-20.69495391845703,-20.6755428314209,-20.46881103515625,-20.018571853637695,-19.446176528930664,-18.626970291137695,-17.68520736694336,-16.88796043395996,-16.891399383544922,-17.394914627075195,-18.175127029418945,-18.41178321838379,-18.18527603149414,-17.339874267578125,-16.610271453857422,-16.087167739868164,-16.03590202331543,-16.370695114135742,-16.754056930541992,-16.58639907836914,-15.709243774414062,-14.887739181518555,-14.81280517578125,-15.056467056274414,-15.265548706054688,-15.734113693237305,-16.605249404907227,-17.139751434326172,-16.78645133972168,-16.455163955688477,-16.267990112304688,-15.438952445983887,-14.926680564880371,-15.743210792541504
-13.703275680541992,-14.576592445373535,-15.823036193847656,-18.429643630981445,-21.782503128051758,-22.550844192504883,-22.664676666259766,-22.144590377807617,-21.435853958129883,-21.339279174804688,-21.610912322998047,-21.833805084228516,-21.800273895263672,-21.463397979736328,-20.897136688232422,-20.135713577270508,-19.32147979736328,-18.657238006591797,-18.635143280029297,-19.017139434814453,-19.550317764282227,-19.573057174682617,-19.10517692565918,-18.266742706298828,-17.604127883911133,-17.30998992919922,-17.42208480834961,-17.807628631591797,-18.15870475769043,-18.122005462646484,-17.59381866455078,-17.057514190673828,-17.074556350708008,-17.53610610961914,-17.978778839111328,-18.19306755065918,-18.236774444580078,-17.97840690612793,-17.194210052490234,-16.233659744262695,-15.843378067016602,-15.844715118408203,-16.754528045654297,-17.180376052856445
-14.659076690673828,-15.697833061218262,-17.2597599029541,-19.934368133544922,-23.22327995300293,-23.472797393798828,-23.086790084838867,-22.533435821533203,-21.997468948364258,-22.055267333984375,-22.489734649658203,-22.874303817749023,-22.97642707824707,-22.75701332092285,-22.228055953979492,-21.39828872680664,-20.52957534790039,-19.987825393676758,-19.90916633605957,-20.180599212646484,-20.610183715820312,-20.73543930053711,-20.525880813598633,-19.963769912719727,-19.415081024169922,-19.19415283203125,-19.34396743774414,-19.871383666992188,-20.567018508911133,-20.989221572875977,-20.795841217041016,-20.248233795166016,-19.757246017456055,-19.537811279296875,-19.419158935546875,-19.280899047851562,-19.126188278198242,-18.928010940551758,-18.276992797851562,-17.324722290039062,-17.160417556762695,-17.7453670501709,-18.23366928100586,-18.681514739990234
-15.950678825378418,-17.175260543823242,-18.750986099243164,-20.993770599365234,-23.694486618041992,-23.592418670654297,-22.73411750793457,-22.460039138793945,-22.431114196777344,-22.796934127807617,-23.300443649291992,-23.626935958862305,-23.65410614013672,-23.385953903198242,-22.88022232055664,-22.159255981445312,-21.401077270507812,-20.945545196533203,-20.78199005126953,-21.058683395385742,-21.572912216186523,-21.95855712890625,-22.01689910888672,-21.814809799194336,-21.648115158081055,-21.640810012817383,-21.84859275817871,-22.18394660949707,-22.68377113342285,-23.12251091003418,-23.116262435913086,-22.416540145874023,-21.263792037963867,-20.354412078857422,-19.938905715942383,-19.774309158325195,-19.58860969543457,-19.879497528076172,-20.41230583190918,-20.339723587036133,-19.90909194946289,-19.976043701171875,-20.731487274169922,-21.420549392700195
-16.929330825805664,-17.903718948364258,-19.11220359802246,-20.983051300048828,-23.391145706176758,-23.134376525878906,-22.06340217590332,-22.133163452148438,-22.427644729614258,-23.19179344177246,-23.984649658203125,-24.232786178588867,-24.06754493713379,-23.682165145874023,-23.125587463378906,-22.55545997619629,-22.078590393066406,-21.601600646972656,-21.235475540161133,-21.581893920898438,-22.392724990844727,-23.05290985107422,-23.286283493041992,-23.283273696899414,-23.458271026611328,-23.68854331970215,-23.83562469482422,-23.77098846435547,-23.723390579223633,-23.86754608154297,-23.968338012695312,-23.53487205505371,-22.515649795532227,-21.63855743408203,-21.43567657470703,-21.649646759033203,-21.593029022216797,-21.73342514038086,-22.426870346069336,-22.866371154785156,-22.729644775390625,-22.990966796875,-24.112924575805664,-24.60765838623047
-17.497343063354492,-17.903018951416016,-18.659839630126953,-20.51497459411621,-22.67079734802246,-22.047121047973633,-21.388582229614258,-21.851049423217773,-22.342283248901367,-23.271821975708008,-24.285934448242188,-24.612030029296875,-24.19313621520996,-23.472402572631836,-22.98756980895996,-22.792985916137695,-22.559242248535156,-22.09337043762207,-21.633649826049805,-21.925357818603516,-22.864971160888672,-23.729156494140625,-24.103317260742188,-24.143550872802734,-24.286943435668945,-24.57155418395996,-24.843141555786133,-25.04282569885254,-25.031415939331055,-25.011606216430664,-25.071212768554688,-24.978973388671875,-24.500215530395508,-23.91818618774414,-23.574520111083984,-23.554296493530273,-23.322153091430664,-23.16196632385254,-23.818675994873047,-24.913219451904297,-25.46170997619629,-25.741172790527344,-26.242149353027344,-26.66779327392578
-17.57767105102539,-18.224489212036133,-18.861068725585938,-20.276166915893555,-21.77534294128418,-20.753093719482422,-20.67277717590332,-21.46006965637207,-22.176910400390625,-23.17555046081543,-24.171621322631836,-24.468828201293945,-23.98003578186035,-23.200469970703125,-22.817468643188477,-22.81512451171875,-22.733543395996094,-22.475561141967773,-22.169649124145508,-22.31153678894043,-23.168277740478516,-24.21481704711914,-24.886734008789062,-25.109703063964844,-25.181760787963867,-25.237384796142578,-25.50330924987793,-25.907079696655273,-26.08286476135254,-26.097183227539062,-26.220317840576172,-26.401412963867188,-26.241107940673828,-25.689167022705078,-25.098968505859375,-24.831012725830078,-24.621774673461914,-24.390579223632812,-24.77604103088379,-25.91041374206543,-26.890766143798828,-27.065244674682617,-27.15687370300293,-27.596214294433594
-17.00388526916504,-18.7633056640625,-19.698930740356445,-20.20824432373047,-20.983842849731445,-19.69063949584961,-20.05902862548828,-20.80622100830078,-21.64310073852539,-22.788047790527344,-23.723567962646484,-23.99643325805664,-23.62094497680664,-22.9837589263916,-22.589950561523438,-22.548152923583984,-22.67529296875,-22.677536010742188,-22.537334442138672,-22.59817886352539,-23.155057907104492,-24.166149139404297,-25.13811492919922,-25.718374252319336,-25.869604110717773,-25.682231903076172,-25.75194549560547,-26.077035903930664,-26.385028839111328,-26.61869239807129,-26.936555862426758,-27.34929084777832,-27.402490615844727,-26.751508712768555,-25.871395111083984,-25.552291870117188,-25.605133056640625,-25.376617431640625,-25.285171508789062,-26.013181686401367,-27.12303352355957,-27.819318771362305,-28.20331382751465,-28.77825927734375
-16.347732543945312,-18.311758041381836,-19.58326530456543,-19.987852096557617,-20.357431411743164,-19.157922744750977,-19.870859146118164,-20.272167205810547,-20.93537712097168,-22.071020126342773,-22.970003128051758,-23.211326599121094,-22.976917266845703,-22.63649559020996,-22.41740608215332,-22.331266403198242,-22.433393478393555,-22.550540924072266,-22.668376922607422,-22.77882194519043,-22.93320655822754,-23.481441497802734,-24.453102111816406,-25.379858016967773,-25.815799713134766,-25.77426528930664,-25.788349151611328,-26.022361755371094,-26.376602172851562,-26.661203384399414,-26.944412231445312,-27.4428768157959,-27.821481704711914,-27.479022979736328,-26.578754425048828,-25.982364654541016,-26.068666458129883,-26.324628829956055,-26.361724853515625,-26.724498748779297,-27.45802116394043,-28.200031280517578,-28.58493423461914,-28.82740020751953
-15.769606590270996,-17.480093002319336,-18.91751480102539,-19.726682662963867,-19.995336532592773,-19.12687110900879,-20.072553634643555,-20.227949142456055,-20.326190948486328,-21.102052688598633,-21.947114944458008,-22.286130905151367,-22.255386352539062,-22.140779495239258,-22.108226776123047,-22.137115478515625,-22.112525939941406,-22.21422004699707,-22.54119300842285,-22.793882369995117,-22.859224319458008,-22.952152252197266,-23.566526412963867,-24.587932586669922,-25.34730339050293,-25.612680435180664,-25.667274475097656,-26.00909423828125,-26.437984466552734,-26.70720100402832,-26.802682876586914,-27.14645767211914,-27.67134666442871,-27.639915466308594,-26.936275482177734,-26.348304748535156,-26.398479461669922,-26.744142532348633,-26.955976486206055,-27.173974990844727,-27.614402770996094,-27.98552894592285,-28.23360252380371,-28.287090301513672
-15.780098915100098,-17.995389938354492,-19.606067657470703,-20.00428009033203,-20.094614028930664,-19.454795837402344,-20.31206512451172,-20.52357292175293,-19.995929718017578,-20.117725372314453,-20.74534797668457,-21.254737854003906,-21.45126724243164,-21.556034088134766,-21.760299682617188,-21.849136352539062,-21.78215980529785,-21.833314895629883,-22.13998031616211,-22.559158325195312,-22.680383682250977,-22.583826065063477,-22.97249412536621,-23.80962562561035,-24.661869049072266,-25.119354248046875,-25.296977996826172,-25.55358123779297,-26.034576416015625,-26.456836700439453,-26.589141845703125,-26.78622055053711,-27.227018356323242,-27.398719787597656,-27.02776336669922,-26.692581176757812,-26.81332778930664,-27.07435417175293,-27.15048599243164,-27.19821548461914,-27.409372329711914,-27.714258193969727,-27.928369522094727,-28.233915328979492
-16.366731643676758,-19.542856216430664,-20.95854377746582,-20.58951759338379,-20.48189353942871,-19.7950496673584,-20.37105941772461,-20.67652702331543,-19.8926944732666,-19.343082427978516,-19.444244384765625,-19.934831619262695,-20.471168518066406,-20.926040649414062,-21.313173294067383,-21.44704818725586,-21.30523109436035,-21.200897216796875,-21.351993560791016,-21.845182418823242,-22.300474166870117,-22.403888702392578,-22.668954849243164,-23.209333419799805,-23.961759567260742,-24.466421127319336,-24.65733528137207,-24.882034301757812,-25.378461837768555,-25.963180541992188,-26.336341857910156,-26.650192260742188,-27.0789737701416,-27.325397491455078,-27.04538345336914,-26.705055236816406,-26.819324493408203,-27.165592193603516,-27.324172973632812,-27.339385986328125,-27.397735595703125,-27.505855560302734,-27.677623748779297,-28.207849502563477
