data/wind_data/wind_24_5.json
{"header": {"parameterUnit": "KT", "parameterCategory": 2, "nx": 256, "ny": 198, "lo1": 44.73521041870117, "la1": -3.236724853515625, "lo2": 111.26478576660156, "la2": 43.468475341796875, "dx": 0.2609002888202667, "dy": -0.23708222806453705, "refTime": "2025-02-20 00:00:00", "forecastTime": 0, "parameterNumber": 2, "parameterNumberName": "eastward_wind"}, "data":
[rows 38 to 56 of 198, columns 176 to 219 of 256]
2.851494312286377,3.1285526752471924,3.231365442276001,3.8632829189300537,4.729851722717285,3.519124746322632,0.9167289137840271,1.5745924711227417,1.296379804611206,1.355930209159851,1.0325329303741455,1.4080466032028198,1.607182264328003,1.6144174337387085,1.6726224422454834,1.4828237295150757,1.3165075778961182,1.6490907669067383,2.3491175174713135,2.933980941772461,2.7518210411071777,2.079441547393799,2.7649784088134766,3.2647106647491455,2.936519145965576,2.44661283493042,-3.033259153366089,-2.972839593887329,-1.2905094623565674,-0.9675204157829285,-1.5013012886047363,-0.6747894287109375,-0.9317002892494202,-1.1105244159698486,-1.7543885707855225,-2.645655632019043,-3.1021721363067627,-2.4468348026275635,-2.3511850833892822,-2.670646905899048,-2.93624210357666,-2.6713151931762695,-2.4504380226135254,-2.108462333679199
2.819708824157715,2.8344504833221436,2.990021228790283,3.218968391418457,3.6126198768615723,4.097214698791504,2.8560240268707275,1.6420843601226807,0.6880930662155151,1.1165412664413452,0.8136486411094666,0.8823747038841248,1.2007238864898682,1.2792435884475708,1.3242026567459106,0.9516843557357788,0.7339094877243042,0.8882812261581421,1.436000943183899,1.8919122219085693,1.685915470123291,1.6487138271331787,1.5297811031341553,0.028612809255719185,1.308327317237854,0.7360897660255432,-1.0816845893859863,-2.967388391494751,-1.377898097038269,-2.241290330886841,-2.073547840118408,-1.6552438735961914,-1.4786654710769653,-1.8245102167129517,-2.583678960800171,-3.453028678894043,-3.211644172668457,-2.3799619674682617,-2.704477071762085,-3.012709140777588,-2.6898484230041504,-2.1036460399627686,-2.860896348953247,-2.737835645675659
3.1875364780426025,3.065617799758911,2.9751601219177246,2.5773134231567383,2.7660892009735107,3.0374624729156494,2.317650318145752,1.731010913848877,0.5780178904533386,0.6096433401107788,0.5817066431045532,0.2881428003311157,0.5436828136444092,0.8998057842254639,0.962893545627594,0.6259516477584839,0.35966524481773376,0.09645948559045792,0.4763709008693695,0.8463780879974365,0.8093744516372681,0.5273089408874512,2.3594088554382324,0.8544266819953918,0.417426735162735,0.6765050292015076,-1.2290762662887573,-2.67110276222229,-1.9752856492996216,-2.6810543537139893,-2.8734841346740723,-2.93656325340271,-3.120143175125122,-3.5656440258026123,-3.5702247619628906,-3.478508234024048,-2.809267520904541,-2.4734063148498535,-2.832097053527832,-3.079211473464966,-2.888711929321289,-2.544400691986084,-3.159578561782837,-3.682184934616089
3.951214551925659,3.8619225025177,3.320141315460205,2.5375709533691406,2.034759521484375,2.186861991882324,1.7999231815338135,1.3735740184783936,0.05818193405866623,-0.11795622855424881,-0.6219754815101624,-0.4829913377761841,-0.40147480368614197,0.4308553636074066,0.6248449683189392,0.5085504651069641,0.24414922297000885,-0.40917912125587463,-0.3049967885017395,0.022578038275241852,0.028421953320503235,-0.03528963401913643,0.8124165534973145,-0.254024475812912,-0.7250495553016663,-1.524904727935791,-1.9690680503845215,-2.7265236377716064,-2.343315839767456,-2.848540782928467,-3.3613572120666504,-3.5333616733551025,-3.878699779510498,-4.091594219207764,-3.1993699073791504,-2.8604588508605957,-2.7542779445648193,-2.303312063217163,-2.4886369705200195,-2.597012758255005,-3.080801486968994,-3.813697099685669,-3.71608304977417,-4.243230819702148
4.948010444641113,4.83098840713501,4.145348072052002,2.8668107986450195,1.8882739543914795,1.6214678287506104,1.3965445756912231,0.9020964503288269,0.4182708263397217,-0.4786895513534546,-1.6635626554489136,-1.0941863059997559,-1.071961522102356,-0.08628707379102707,0.5645090341567993,0.725492000579834,0.37132859230041504,-0.6515546441078186,-0.8154390454292297,-0.5714944005012512,-0.5752477645874023,-0.692818820476532,-0.42529207468032837,-0.505496621131897,-1.1778502464294434,-2.280369281768799,-2.7322397232055664,-2.8522257804870605,-2.4901773929595947,-2.870041608810425,-3.248175621032715,-3.111652135848999,-2.526376724243164,-2.383866548538208,-2.4122350215911865,-2.0062944889068604,-2.714340925216675,-2.1536388397216797,-2.2479467391967773,-3.2265048027038574,-4.147809982299805,-4.409785270690918,-4.336015701293945,-4.197999477386475
5.494355201721191,5.426872730255127,4.8686017990112305,3.5802805423736572,2.2196760177612305,1.587019920349121,0.7668896913528442,1.7293537855148315,0.9620524644851685,0.119033083319664,-0.9539837837219238,-0.9362006783485413,-1.0843210220336914,-0.6706329584121704,-0.08924394845962524,1.0964412689208984,1.319892168045044,-0.011108754202723503,-1.044722318649292,-0.8288837671279907,-0.4863719046115875,-0.5386691689491272,-0.7685115933418274,-0.8072273135185242,-1.4409737586975098,-2.4701743125915527,-2.7939839363098145,-2.4847395420074463,-2.317425489425659,-2.4517505168914795,-2.567671537399292,-2.2811920642852783,-1.6217745542526245,-1.441933035850525,-1.3703258037567139,-0.906033456325531,-1.7649915218353271,-2.593284845352173,-3.235318899154663,-4.373549938201904,-4.88485050201416,-4.771186351776123,-4.375211238861084,-3.893434762954712
6.3790740966796875,6.103755474090576,5.3174591064453125,4.020021915435791,2.8591599464416504,2.534365653991699,2.340679407119751,2.150454044342041,1.9692413806915283,1.0299168825149536,0.4994673728942871,-0.3878924250602722,-0.6353523135185242,-0.6912344098091125,-0.19318245351314545,0.8149724006652832,1.6633260250091553,1.0209059715270996,-0.4797806739807129,-0.6208457350730896,0.18084940314292908,0.07493962347507477,-0.3538776934146881,-0.7187404632568359,-1.0679616928100586,-1.7988371849060059,-2.159256935119629,-2.0160727500915527,-1.7893214225769043,-1.5831232070922852,-1.4520037174224854,-1.335579752922058,-1.3044763803482056,-1.3138607740402222,-1.3393701314926147,-0.5984897613525391,-1.203048586845398,-3.119105100631714,-4.678495407104492,-5.236598968505859,-5.115316867828369,-4.45501184463501,-3.7645673751831055,-3.4273862838745117
7.371521472930908,7.001955986022949,5.975795745849609,4.818820953369141,3.566351890563965,2.7744193077087402,2.8817410469055176,2.996659994125366,2.3447611331939697,2.374757766723633,1.4251211881637573,0.7639310359954834,0.2942667007446289,-0.04886467009782791,0.17764975130558014,0.5216872096061707,0.6634969115257263,0.4788106679916382,-0.05002657696604729,0.5884720683097839,0.973101019859314,0.8991398811340332,0.4311627447605133,-0.018528375774621964,-0.2295573353767395,-0.8469618558883667,-1.4395090341567993,-1.4954047203063965,-1.2725452184677124,-0.6873009204864502,-0.10753805935382843,-0.27233925461769104,-1.0630475282669067,-1.6390048265457153,-1.4057990312576294,-1.4889957904815674,-2.1015701293945312,-3.727086067199707,-4.450833320617676,-5.124706745147705,-4.635984897613525,-3.7442266941070557,-3.4461867809295654,-3.2642526626586914
7.796553611755371,7.850628852844238,6.8822712898254395,5.799051761627197,4.415431022644043,3.3224000930786133,3.069072961807251,3.355985164642334,2.8839304447174072,2.4316539764404297,2.4883859157562256,2.043168783187866,1.4924194812774658,1.0297536849975586,0.6161075234413147,0.1901095062494278,-0.17347534000873566,-0.5054326057434082,0.3039202392101288,0.8446294665336609,1.525557041168213,1.7620762586593628,1.484299659729004,1.145835518836975,1.0272012948989868,0.39590132236480713,-0.5275972485542297,-0.944072961807251,-0.868458092212677,-0.09205305576324463,0.9662228226661682,0.5704892873764038,-0.7652139663696289,-2.072939157485962,-2.40525484085083,-1.2984745502471924,-2.565048933029175,-3.829291820526123,-4.1604323387146,-4.094358444213867,-3.9714176654815674,-3.4126884937286377,-3.3404922485351562,-3.2105019092559814
7.711742401123047,7.973835468292236,7.706520080566406,6.849149703979492,5.126051425933838,3.9445011615753174,3.179168224334717,3.267022132873535,3.255664348602295,2.611706495285034,2.8755924701690674,2.9900496006011963,2.403770923614502,1.9353100061416626,1.1910760402679443,0.35789528489112854,-0.740307629108429,0.6847461462020874,-1.4515573978424072,-0.6942271590232849,-0.18731090426445007,0.7631577253341675,1.5565259456634521,2.388181209564209,1.7854275703430176,1.3984601497650146,0.39035558700561523,-0.4900286793708801,-0.5102428197860718,0.24921664595603943,1.3622740507125854,0.7964160442352295,-0.5944851040840149,-1.8757085800170898,-2.2590248584747314,-1.5278468132019043,-2.4950454235076904,-3.4599366188049316,-3.7694272994995117,-3.5736823081970215,-3.4510698318481445,-3.1070680618286133,-3.3308141231536865,-3.3149971961975098
7.515050411224365,7.569851875305176,7.987951755523682,7.797852993011475,6.354299545288086,4.655660629272461,3.564718008041382,3.385859251022339,3.55191969871521,3.15450119972229,3.384104013442993,3.2482211589813232,3.068660259246826,2.281132221221924,1.686784267425537,1.1562236547470093,1.8462576866149902,1.132843017578125,2.274200201034546,1.8109873533248901,0.0846092477440834,0.5117864012718201,1.1128833293914795,2.376146078109741,2.0528793334960938,1.7923251390457153,1.3503975868225098,0.30972346663475037,0.0816086009144783,0.694786787033081,1.4692749977111816,0.7991738319396973,-0.7692840099334717,-1.9800841808319092,-2.1846611499786377,-1.7552659511566162,-2.1400372982025146,-2.713711738586426,-3.1504859924316406,-3.284872055053711,-3.751896381378174,-2.1045427322387695,-3.2317824363708496,-4.253645420074463
7.519026756286621,7.390384674072266,7.821757793426514,8.050859451293945,7.2492523193359375,5.67612886428833,4.6158952713012695,4.085565090179443,3.89520263671875,3.707867383956909,3.66386342048645,3.74957537651062,3.4974114894866943,2.5503406524658203,2.154695510864258,2.2068283557891846,2.5277299880981445,2.0823657512664795,3.014514207839966,1.5952869653701782,0.9108473658561707,0.19291439652442932,0.948506772518158,1.9155056476593018,2.015695571899414,1.8966519832611084,1.8554450273513794,1.4144729375839233,1.0552021265029907,1.2671210765838623,1.6361695528030396,0.8346366882324219,-1.0077941417694092,-2.1565423011779785,-2.520411729812622,-2.06905198097229,-1.982258915901184,-1.8612734079360962,-2.1403355598449707,-2.3792614936828613,-2.5948421955108643,-2.676821708679199,-3.5985159873962402,-4.533716678619385
7.7283935546875,7.544666290283203,7.443506717681885,7.590510368347168,7.350585460662842,6.673460006713867,5.8632307052612305,5.046281814575195,4.493247032165527,3.959904193878174,3.8070507049560547,3.9955098628997803,3.9475672245025635,3.2944743633270264,2.654217481613159,2.6203649044036865,2.6617391109466553,3.2080936431884766,2.4338228702545166,1.68805730342865,1.22127366065979,0.7633737921714783,1.3560765981674194,1.5255688428878784,1.6722270250320435,2.1896278858184814,2.278179883956909,2.084925651550293,1.8979002237319946,1.6902775764465332,1.887673258781433,1.3195708990097046,-0.6532251238822937,-2.160522222518921,-2.3850905895233154,-2.240171194076538,-2.0616025924682617,-1.6216627359390259,-1.5586591958999634,-1.7777653932571411,-2.2939631938934326,-2.836099863052368,-3.488332509994507,-4.263734817504883
7.896566390991211,7.816667079925537,7.412356853485107,7.122945785522461,7.08077335357666,7.092471599578857,6.730596542358398,5.938544273376465,5.161370754241943,4.713783264160156,4.416526794433594,4.272062301635742,4.2661566734313965,3.989696979522705,3.3565361499786377,2.7560436725616455,2.871756076812744,3.1801908016204834,2.622169256210327,1.7730551958084106,1.4188590049743652,1.3208242654800415,1.6918857097625732,1.6302626132965088,1.862581491470337,2.6564507484436035,2.82835054397583,2.5946428775787354,2.276543378829956,1.7905433177947998,1.755967617034912,1.877724289894104,0.2991984188556671,-1.5610507726669312,-2.1941049098968506,-2.028562307357788,-1.7156434059143066,-1.4543920755386353,-1.406874179840088,-1.5409095287322998,-2.2655484676361084,-2.822387933731079,-3.4905097484588623,-4.158492088317871
8.160009384155273,8.179974555969238,7.831300258636475,7.301015377044678,7.052270889282227,7.046982765197754,6.740030765533447,6.33908748626709,5.994444847106934,5.839181900024414,5.643689155578613,5.1788330078125,4.800219535827637,4.4904704093933105,4.008482456207275,3.316800594329834,3.180042266845703,3.4066128730773926,3.162065029144287,2.334657907485962,1.8568814992904663,1.7533533573150635,1.8093515634536743,1.8418080806732178,2.0796375274658203,2.681647539138794,3.1173887252807617,3.407367706298828,2.855832099914551,1.7272833585739136,1.2956825494766235,1.9753973484039307,1.206420660018921,-0.30624696612358093,-1.1421939134597778,-1.2105705738067627,-1.001931071281433,-1.0527825355529785,-1.166799545288086,-1.1866415739059448,-2.2187070846557617,-2.647817611694336,-3.4098782539367676,-4.283242702484131
8.669893264770508,8.634414672851562,8.404890060424805,8.13381290435791,7.761052131652832,7.333493709564209,6.728982448577881,6.392463684082031,6.5279951095581055,6.872307300567627,7.030674934387207,6.658612251281738,5.941161632537842,5.295785427093506,4.805914402008057,4.233465194702148,3.9183003902435303,3.9010982513427734,3.5502641201019287,3.0094668865203857,2.616758108139038,2.3631160259246826,2.1743242740631104,2.1514711380004883,2.178328514099121,2.3259849548339844,3.0221123695373535,3.8834283351898193,3.6732590198516846,2.2858667373657227,1.125327706336975,1.8292700052261353,2.1807913780212402,0.9840441346168518,0.09812252968549728,0.11382278054952621,-0.047128643840551376,-0.48066169023513794,-1.0368952751159668,-1.352289080619812,-1.8299977779388428,-2.3937668800354004,-3.269364595413208,-4.426715850830078
9.031730651855469,9.038350105285645,8.840474128723145,8.737643241882324,8.718308448791504,8.268858909606934,7.319921016693115,6.8251142501831055,6.9899582862854,7.4971513748168945,7.894509792327881,7.8616790771484375,7.293442726135254,6.563657283782959,5.978250503540039,5.364510536193848,4.880104064941406,4.758920669555664,4.429732322692871,3.9105279445648193,3.432286500930786,2.9908485412597656,2.644320487976074,2.5361075401306152,2.5339972972869873,2.506847620010376,2.899534225463867,3.6756985187530518,3.920009136199951,3.142601728439331,2.126593828201294,1.8956758975982666,2.4337210655212402,2.152745008468628,1.3750587701797485,0.9423707127571106,0.7869746685028076,0.20336367189884186,-0.6263046860694885,-1.157723307609558,-1.6353203058242798,-2.4293389320373535,-3.7277021408081055,-5.514341831207275
8.948149681091309,9.123313903808594,8.93581771850586,8.655801773071289,8.68272590637207,8.672548294067383,8.067950248718262,7.536106586456299,7.675353050231934,8.016951560974121,8.225249290466309,8.360125541687012,8.247145652770996,7.727816104888916,7.04716157913208,6.340950012207031,5.842990398406982,5.8259382247924805,5.883657932281494,5.447778224945068,4.680074691772461,3.851900100708008,3.1923022270202637,2.9697587490081787,3.0223228931427,3.139516592025757,3.201094150543213,3.3621904850006104,3.559157371520996,3.3532519340515137,3.0423197746276855,2.930799722671509,2.8771848678588867,2.5561459064483643,2.094896078109741,2.0826690196990967,1.4253103733062744,0.9432670474052429,0.3346712589263916,-0.7024901509284973,-1.4387749433517456,-2.4904351234436035,-4.186394691467285,-7.255843639373779
8.56580638885498,8.889196395874023,8.755728721618652,8.419827461242676,8.122264862060547,8.072062492370605,8.217522621154785,8.358811378479004,8.538836479187012,8.707085609436035,8.624187469482422,8.578847885131836,8.662213325500488,8.428722381591797,7.73087215423584,6.987856864929199,6.583616256713867,6.714037895202637,7.236517429351807,7.228857040405273,6.464959144592285,5.402579307556152,4.410623550415039,3.792923927307129,3.5829782485961914,3.5816709995269775,3.4718685150146484,3.35784912109375,3.310224771499634,3.1400930881500244,2.8575634956359863,2.9871199131011963,3.4066593647003174,3.2208683490753174,2.6879396438598633,2.779092311859131,2.1914334297180176,1.336905837059021,1.3610873222351074,0.799824059009552,-0.3555224537849426,-2.0798089504241943,-3.620732545852661,-5.226622104644775
