data/wind_data/wind_30_8.json
{"header": {"parameterUnit": "KT", "parameterCategory": 2, "nx": 256, "ny": 198, "lo1": 44.73521041870117, "la1": -3.236724853515625, "lo2": 111.26478576660156, "la2": 43.468475341796875, "dx": 0.2609002888202667, "dy": -0.23708222806453705, "refTime": "2025-02-20 06:00:00", "forecastTime": 0, "parameterNumber": 2, "parameterNumberName": "eastward_wind"}, "data":
[rows 171 to 189 of 198, columns 88 to 131 of 256]
35.379661560058594,34.07965087890625,32.887123107910156,31.66248321533203,30.967771530151367,31.871871948242188,34.04343032836914,35.22945785522461,34.33334732055664,33.40571975708008,34.022220611572266,35.22187423706055,35.6241569519043,34.98316955566406,33.714332580566406,33.06454086303711,33.575584411621094,33.824798583984375,32.821407318115234,31.772552490234375,31.917512893676758,32.49008560180664,32.6465950012207,33.232051849365234,34.277835845947266,34.02272415161133,32.400718688964844,31.336938858032227,31.512781143188477,32.33826446533203,33.178829193115234,33.27214431762695,32.64506912231445,31.859914779663086,31.12278938293457,30.195350646972656,28.959840774536133,27.473243713378906,25.987123489379883,25.015878677368164,25.069978713989258,25.31413459777832,24.559499740600586,23.514402389526367
35.12516403198242,33.958984375,32.9618034362793,32.005592346191406,31.391618728637695,32.07390594482422,34.22513198852539,35.7215690612793,34.81291961669922,33.40472412109375,33.87680435180664,35.520809173583984,36.36835861206055,35.7525520324707,34.21725845336914,33.2576789855957,33.42117691040039,33.48723220825195,32.617122650146484,31.527755737304688,31.187185287475586,31.669164657592773,32.6490478515625,33.73151397705078,34.03900909423828,33.19847869873047,32.34839630126953,32.076881408691406,32.02630615234375,32.28635787963867,32.65232849121094,32.74261474609375,32.45703887939453,31.777206420898438,30.84941291809082,29.79217529296875,28.567426681518555,26.988773345947266,25.110572814941406,23.478506088256836,22.75798988342285,22.56717872619629,22.827503204345703,23.93017578125
35.099613189697266,34.283203125,33.48859405517578,32.72370529174805,32.13881301879883,32.590091705322266,34.54539108276367,36.2449836730957,35.50636672973633,33.6471061706543,33.67402648925781,35.57161331176758,37.02694320678711,36.60559844970703,34.90841293334961,33.488895416259766,32.989131927490234,32.71889114379883,32.111793518066406,31.190507888793945,30.51759147644043,30.89527130126953,32.66075897216797,34.23011016845703,33.9285774230957,32.83049392700195,32.57996368408203,32.66074752807617,32.484493255615234,32.37710952758789,32.15945816040039,31.938430786132812,31.993091583251953,31.99089241027832,31.44693946838379,30.09288215637207,27.93555450439453,25.379283905029297,22.89564323425293,20.79952621459961,19.643835067749023,20.191150665283203,22.44404411315918,25.391164779663086
35.26382064819336,34.67021560668945,34.14767074584961,33.58773422241211,32.957393646240234,33.035072326660156,34.56523895263672,36.37066650390625,36.12379837036133,34.0866813659668,33.402042388916016,35.224647521972656,37.23938751220703,37.27842712402344,35.64453125,33.69672393798828,32.36066818237305,31.787717819213867,31.3380069732666,30.63372230529785,30.3577823638916,31.086238861083984,32.513607025146484,33.717166900634766,34.04673385620117,33.85009765625,33.18354415893555,32.47776794433594,32.49264144897461,32.6480712890625,32.014007568359375,31.40212059020996,31.5809383392334,31.88129997253418,31.437992095947266,29.842771530151367,26.983922958374023,23.565414428710938,20.963071823120117,19.763065338134766,19.889610290527344,21.444753646850586,24.247591018676758,27.372501373291016
35.770896911621094,35.091407775878906,34.55698013305664,34.174747467041016,33.7525749206543,33.554168701171875,34.468082427978516,36.08628463745117,36.298763275146484,34.39580154418945,33.1011962890625,34.47565841674805,36.75025177001953,37.398040771484375,36.099037170410156,33.85794448852539,31.85710906982422,30.956275939941406,30.84628677368164,30.719980239868164,30.824596405029297,31.608478546142578,32.31370544433594,32.84617614746094,33.61412048339844,34.37446975708008,34.07807159423828,33.26150894165039,32.92095184326172,32.48789978027344,31.586536407470703,31.04573631286621,31.23214340209961,31.465618133544922,31.0228271484375,29.552322387695312,26.857864379882812,23.421689987182617,21.028894424438477,20.79067039489746,22.073638916015625,24.18512725830078,26.681955337524414,28.97006607055664
36.32841873168945,35.44866943359375,34.88630294799805,34.57270431518555,34.30385208129883,34.07763671875,34.54757308959961,35.785152435302734,36.202945709228516,34.55397033691406,32.846466064453125,33.60232162475586,35.87565994262695,37.089393615722656,36.24181365966797,34.03745651245117,31.765186309814453,30.703874588012695,30.976675033569336,31.432802200317383,31.381853103637695,31.308298110961914,31.89128875732422,32.77597427368164,33.3670654296875,33.698631286621094,34.05816650390625,34.31291961669922,33.66498947143555,32.189090728759766,31.063966751098633,30.86493492126465,31.13510513305664,31.104480743408203,30.50357437133789,29.38027000427246,27.414226531982422,24.47293472290039,21.989826202392578,21.88102149963379,23.955699920654297,26.69625473022461,28.848905563354492,30.08785057067871
36.69556427001953,35.634212493896484,34.96361541748047,34.77736282348633,34.676090240478516,34.50806427001953,34.776390075683594,35.762306213378906,36.27264404296875,34.90436553955078,32.93088150024414,33.00395202636719,35.0798225402832,36.64540481567383,36.237953186035156,34.41081619262695,32.30060958862305,31.009387969970703,31.051990509033203,31.70760726928711,31.588916778564453,30.821557998657227,31.437421798706055,33.18635559082031,33.549285888671875,32.81078338623047,32.8554573059082,33.85331344604492,34.02876663208008,32.76869201660156,31.501943588256836,31.097209930419922,31.07257843017578,30.762680053710938,30.07398223876953,29.248703002929688,27.98763084411621,25.8441104888916,23.276458740234375,22.29033851623535,24.15686798095703,27.311676025390625,29.654890060424805,30.414827346801758
36.4776725769043,35.63053512573242,34.92959976196289,34.78245544433594,34.85839080810547,34.818687438964844,35.01763916015625,35.83403396606445,36.412357330322266,35.43024826049805,33.467918395996094,32.99003982543945,34.74400329589844,36.453304290771484,36.33710861206055,34.77146530151367,32.91303253173828,31.544925689697266,31.04524803161621,31.2506103515625,31.250221252441406,30.644559860229492,30.78074073791504,32.691856384277344,33.760005950927734,32.53093719482422,31.422067642211914,32.063011169433594,33.198299407958984,33.373321533203125,32.614776611328125,31.514175415039062,30.411489486694336,29.469125747680664,28.751750946044922,28.401391983032227,27.965959548950195,26.61658477783203,24.3700008392334,22.704002380371094,23.413921356201172,25.74264907836914,27.87289047241211,28.8559513092041
35.89059829711914,35.42398452758789,34.91413497924805,34.76544189453125,34.85451126098633,34.841182708740234,34.97251510620117,35.6324577331543,36.282379150390625,35.77225875854492,34.20234680175781,33.52001953125,34.92314147949219,36.64749526977539,36.627986907958984,34.973716735839844,33.13832473754883,31.859296798706055,30.93276023864746,30.450775146484375,30.43904685974121,30.29462432861328,30.263416290283203,31.386119842529297,33.00999450683594,33.014251708984375,31.541074752807617,30.91653060913086,31.845996856689453,32.920555114746094,32.72779083251953,31.450698852539062,29.939807891845703,28.762920379638672,28.10355567932129,28.111425399780273,28.408910751342773,27.653038024902344,25.65928840637207,23.81641960144043,23.612668991088867,24.837020874023438,26.483104705810547,27.621173858642578
35.37567901611328,35.197872161865234,34.8452262878418,34.60039138793945,34.53448486328125,34.49412155151367,34.64142608642578,35.229984283447266,35.918540954589844,35.83634567260742,34.87123107910156,34.29622268676758,35.33681869506836,36.91865539550781,36.94808578491211,35.02127456665039,32.82196807861328,31.60247230529785,30.734310150146484,29.869840621948242,29.49540138244629,29.58165168762207,29.67644691467285,30.138647079467773,31.615774154663086,33.17643356323242,32.8783073425293,31.458194732666016,30.80695152282715,31.123119354248047,31.287790298461914,30.661279678344727,29.628149032592773,28.84503173828125,28.59701156616211,28.9278621673584,29.352689743041992,28.717315673828125,26.797229766845703,24.7109432220459,23.85205841064453,24.688026428222656,26.498743057250977,27.900405883789062
34.67387771606445,34.71672058105469,34.593936920166016,34.2861213684082,34.07777404785156,34.06784439086914,34.346099853515625,34.951541900634766,35.586097717285156,35.76427459716797,35.322296142578125,34.9522590637207,35.62635803222656,36.855709075927734,36.78742218017578,34.72487258911133,32.218788146972656,30.886873245239258,30.266870498657227,29.4788875579834,28.800498962402344,28.65143394470215,28.711444854736328,28.997018814086914,30.28300666809082,32.30527114868164,33.32744216918945,32.323944091796875,30.68146514892578,29.81326675415039,29.759708404541016,29.712038040161133,29.18898582458496,28.724416732788086,28.782743453979492,29.280059814453125,29.69043731689453,29.264131546020508,27.674575805664062,25.556753158569336,24.2700252532959,24.823259353637695,26.784242630004883,28.384370803833008
33.47214126586914,33.61235809326172,33.84975051879883,33.77009582519531,33.621856689453125,33.703895568847656,34.0644416809082,34.65959167480469,35.28874206542969,35.61925506591797,35.39436340332031,35.06577682495117,35.3732795715332,36.11564254760742,35.93141174316406,34.051509857177734,31.500083923339844,29.97235107421875,29.474788665771484,28.98681640625,28.304866790771484,27.70070457458496,27.258460998535156,27.44112777709961,28.67296028137207,30.611005783081055,32.1973876953125,32.33976364135742,31.3560733795166,30.287572860717773,29.580183029174805,28.989551544189453,28.42831039428711,28.207239151000977,28.400367736816406,28.933021545410156,29.478065490722656,29.23280906677246,27.74239158630371,25.8502254486084,24.96763801574707,25.553747177124023,27.05476951599121,28.19025421142578
32.00678253173828,32.07530975341797,32.542240142822266,32.81928634643555,32.86781692504883,32.96892166137695,33.28559112548828,33.8737907409668,34.59001541137695,35.02878189086914,34.9013671875,34.506919860839844,34.421974182128906,34.699119567871094,34.565223693847656,33.204994201660156,30.800142288208008,28.868499755859375,28.25485610961914,28.163503646850586,27.78229522705078,26.8669376373291,25.801555633544922,25.440839767456055,26.604312896728516,28.919170379638672,31.07940101623535,31.918027877807617,31.52566146850586,30.873149871826172,30.178714752197266,29.231903076171875,28.403913497924805,28.104267120361328,28.168596267700195,28.680635452270508,29.37732696533203,29.07129669189453,27.478240966796875,26.04851722717285,25.81095314025879,26.322511672973633,26.9938907623291,27.3994197845459
30.491228103637695,30.37366485595703,30.821290969848633,31.30413055419922,31.562747955322266,31.70653533935547,31.96721649169922,32.52249526977539,33.293846130371094,33.84852600097656,33.83094024658203,33.31879425048828,32.86323928833008,32.84895706176758,32.9160270690918,32.182525634765625,30.140684127807617,27.783771514892578,26.58348274230957,26.609872817993164,26.769420623779297,26.199283599853516,24.920515060424805,24.1474552154541,25.38916015625,28.070011138916016,30.352195739746094,31.121549606323242,30.855928421020508,30.66683578491211,30.6920223236084,30.27628517150879,29.431486129760742,28.74760627746582,28.36435890197754,28.4947509765625,29.02660369873047,28.831035614013672,27.663602828979492,26.653696060180664,26.335895538330078,26.404338836669922,26.67823600769043,26.921611785888672
29.15900230407715,28.921396255493164,29.244596481323242,29.794048309326172,30.25152015686035,30.548721313476562,30.78357696533203,31.14255714416504,31.7586727142334,32.3608512878418,32.450775146484375,31.868871688842773,31.18610382080078,31.022159576416016,31.167469024658203,30.817049026489258,29.3660831451416,27.11907386779785,25.329572677612305,24.89942741394043,25.32965660095215,25.46292495727539,24.85553741455078,24.404523849487305,25.454912185668945,27.735597610473633,29.668132781982422,30.255857467651367,30.045429229736328,30.166555404663086,30.795026779174805,31.2191162109375,30.787433624267578,29.675050735473633,28.517478942871094,27.98092269897461,28.187210083007812,28.2783260345459,27.718393325805664,26.878097534179688,26.1866512298584,26.033836364746094,26.450143814086914,26.970687866210938
28.41188621520996,28.27635955810547,28.5673828125,29.047103881835938,29.509674072265625,29.85057830810547,30.028467178344727,30.11829376220703,30.34943199157715,30.76741600036621,30.973665237426758,30.582454681396484,29.853830337524414,29.4063720703125,29.347862243652344,29.21662712097168,28.560335159301758,27.059755325317383,25.147567749023438,24.044408798217773,24.159446716308594,24.6636905670166,24.842817306518555,25.054401397705078,26.023181915283203,27.73954963684082,29.239301681518555,29.71057891845703,29.540918350219727,29.79169273376465,30.683446884155273,31.50762367248535,31.275808334350586,29.893924713134766,28.257095336914062,27.316673278808594,27.1671142578125,27.122230529785156,26.826234817504883,26.432388305664062,26.060649871826172,25.980859756469727,26.554746627807617,27.53652572631836
28.549448013305664,28.652868270874023,28.993106842041016,29.361597061157227,29.669448852539062,29.88045310974121,29.934471130371094,29.781841278076172,29.555660247802734,29.540660858154297,29.710773468017578,29.63219451904297,29.105060577392578,28.469703674316406,28.14051055908203,28.150590896606445,28.146215438842773,27.416934967041016,25.896589279174805,24.610227584838867,24.143665313720703,24.207334518432617,24.567903518676758,25.243886947631836,26.359006881713867,27.815492630004883,29.093027114868164,29.6263370513916,29.493961334228516,29.50363540649414,30.107709884643555,30.736391067504883,30.482343673706055,29.229272842407227,27.696104049682617,26.589670181274414,26.036849975585938,25.732681274414062,25.635520935058594,25.8308162689209,25.99171257019043,26.16819953918457,26.901918411254883,28.001022338867188
29.349679946899414,29.86170768737793,30.30475616455078,30.569345474243164,30.671239852905273,30.695087432861328,30.608306884765625,30.250577926635742,29.594655990600586,28.981311798095703,28.787269592285156,28.824495315551758,28.692211151123047,28.331754684448242,27.99964141845703,27.936777114868164,27.995201110839844,27.69645881652832,26.9611759185791,26.120092391967773,25.2574462890625,24.540386199951172,24.3762264251709,25.003236770629883,26.265304565429688,27.81481170654297,29.101078033447266,29.471757888793945,28.958263397216797,28.497791290283203,28.84085464477539,29.541759490966797,29.566513061523438,28.6282958984375,27.27618980407715,26.06591033935547,25.28414535522461,24.943872451782227,25.059343338012695,25.509265899658203,26.062349319458008,26.638425827026367,27.30656623840332,28.0242862701416
30.063724517822266,31.00722885131836,31.818174362182617,32.32682418823242,32.468353271484375,32.33137512207031,32.0529670715332,31.57487678527832,30.717069625854492,29.658885955810547,28.988117218017578,28.858734130859375,28.990312576293945,29.1041316986084,29.007266998291016,28.663433074951172,28.25718879699707,28.03668785095215,28.02126693725586,27.838106155395508,27.12128448486328,25.948246002197266,24.94252586364746,24.98078727722168,26.24617576599121,27.81441307067871,28.681068420410156,28.487518310546875,27.76992416381836,27.485403060913086,28.079130172729492,28.843820571899414,28.771703720092773,27.857192993164062,26.84013557434082,26.118492126464844,25.698232650756836,25.56549072265625,25.71076774597168,26.103410720825195,26.699758529663086,27.141389846801758,27.40995979309082,27.916425704956055
