data/wind_data/wind_34_5.json
{"header": {"parameterUnit": "KT", "parameterCategory": 2, "nx": 256, "ny": 198, "lo1": 44.73521041870117, "la1": -3.236724853515625, "lo2": 111.26478576660156, "la2": 43.468475341796875, "dx": 0.2609002888202667, "dy": -0.23708222806453705, "refTime": "2025-02-20 10:00:00", "forecastTime": 0, "parameterNumber": 2, "parameterNumberName": "eastward_wind"}, "data":
[rows 95 to 113 of 198, columns 88 to 131 of 256]
33.40762710571289,33.382102966308594,33.10555648803711,32.62256622314453,32.21498107910156,32.15077209472656,32.56637954711914,33.45492172241211,34.716697692871094,36.22359085083008,37.82960891723633,39.468326568603516,40.855377197265625,41.71944808959961,42.17984390258789,41.265869140625,38.78581619262695,36.96735763549805,36.071311950683594,35.63467788696289,35.404781341552734,35.543087005615234,35.949031829833984,36.595375061035156,37.26323318481445,37.755428314208984,37.63515853881836,36.879364013671875,36.16483688354492,35.689422607421875,35.85801315307617,36.94788360595703,36.91366958618164,34.930538177490234,33.181739807128906,32.74713897705078,32.3808708190918,33.72945785522461,35.013671875,35.02472686767578,34.6129150390625,33.19751739501953,32.24112319946289,31.909944534301758
34.800201416015625,34.36522674560547,33.58137893676758,32.92095184326172,32.749534606933594,32.923667907714844,33.433311462402344,34.295928955078125,35.35752487182617,36.74907302856445,38.31700134277344,39.696441650390625,41.139095306396484,41.86357498168945,42.04839324951172,42.99289321899414,41.05519485473633,36.924354553222656,35.143768310546875,35.088626861572266,35.01429748535156,34.93404769897461,35.14630889892578,35.724952697753906,36.24775695800781,36.460994720458984,36.37412643432617,35.7416877746582,34.687557220458984,33.91801834106445,33.698482513427734,34.21187973022461,34.45453643798828,32.99995040893555,31.066919326782227,30.006343841552734,29.85439109802246,31.378145217895508,32.3628044128418,33.05303192138672,34.12561798095703,32.89811325073242,31.25852394104004,31.126089096069336
35.956748962402344,35.20023727416992,34.04228591918945,33.25115966796875,33.2115364074707,33.644813537597656,34.36711883544922,35.275169372558594,36.28913116455078,37.384281158447266,38.623836517333984,39.876197814941406,41.10365676879883,41.964637756347656,41.92851257324219,41.971534729003906,41.19700622558594,38.21200180053711,35.25391387939453,34.348453521728516,34.26227569580078,34.0543212890625,33.82313919067383,34.08651351928711,34.53377151489258,34.521236419677734,34.34071350097656,33.835479736328125,32.65483474731445,31.590940475463867,31.34141731262207,31.834884643554688,32.174861907958984,31.232566833496094,29.782718658447266,28.60849952697754,28.09635353088379,29.502042770385742,30.75567054748535,30.786958694458008,31.48667335510254,31.45714569091797,31.120622634887695,30.87786102294922
36.5456428527832,35.68879318237305,34.62360763549805,34.01774215698242,34.062068939208984,34.514312744140625,35.363128662109375,36.394405364990234,37.31890869140625,38.24470520019531,39.24109649658203,40.13105010986328,40.808170318603516,41.11839294433594,41.05535888671875,40.979339599609375,40.34859848022461,38.30876159667969,35.668052673339844,34.257598876953125,33.818363189697266,33.185585021972656,32.58213424682617,32.48903274536133,32.318267822265625,31.77597999572754,31.394792556762695,31.128026962280273,30.409996032714844,29.745868682861328,29.849939346313477,30.679086685180664,31.088579177856445,30.302824020385742,29.379507064819336,28.507381439208984,27.434326171875,27.730520248413086,28.911792755126953,29.123031616210938,28.19008445739746,28.299901962280273,29.74176025390625,29.826969146728516
36.60636901855469,35.90365219116211,35.25788116455078,35.02125930786133,35.189971923828125,35.6314697265625,36.43900680541992,37.48140335083008,38.42121887207031,39.200992584228516,39.878257751464844,40.25992965698242,40.1799430847168,39.86806106567383,39.61713790893555,39.66232681274414,39.5085334777832,38.37464141845703,36.12625503540039,34.22246551513672,33.47808074951172,32.398799896240234,31.516237258911133,31.457239151000977,30.645339965820312,29.341453552246094,28.824703216552734,29.16111183166504,29.558799743652344,29.85993194580078,30.28097152709961,31.033058166503906,31.217243194580078,29.93751335144043,28.624008178710938,27.844091415405273,26.60146713256836,25.833677291870117,26.329448699951172,26.569461822509766,25.86138153076172,25.790668487548828,27.035139083862305,27.617246627807617
36.67546463012695,36.1812858581543,35.93936538696289,36.00032043457031,36.42642593383789,36.943580627441406,37.60009002685547,38.571048736572266,39.41487503051758,39.9224967956543,40.20185089111328,40.05421829223633,39.46847915649414,38.791683197021484,38.42319107055664,38.53554916381836,38.48479461669922,37.728858947753906,36.39241027832031,34.9852180480957,33.295352935791016,31.70612907409668,30.905677795410156,30.494369506835938,29.540515899658203,28.33507537841797,28.221481323242188,28.80310821533203,29.288118362426758,29.6924991607666,30.1820068359375,30.742767333984375,30.651304244995117,29.12272071838379,27.277923583984375,26.290727615356445,25.178321838378906,23.841466903686523,23.71855354309082,24.536836624145508,25.097015380859375,25.468788146972656,25.83545684814453,26.025691986083984
36.98286819458008,36.629180908203125,36.64912033081055,36.981895446777344,37.54376220703125,38.019168853759766,38.75499725341797,39.85329818725586,40.279396057128906,40.145599365234375,39.9622917175293,39.56593322753906,38.914207458496094,38.21887969970703,37.73331832885742,37.51166534423828,37.244075775146484,37.013736724853516,36.40862274169922,34.93061828613281,33.2302131652832,31.71016502380371,30.674560546875,29.804000854492188,29.101612091064453,28.459775924682617,27.964933395385742,27.940799713134766,28.162879943847656,28.547842025756836,28.943204879760742,29.414873123168945,29.35056495666504,28.202672958374023,26.759498596191406,26.234102249145508,25.722787857055664,24.18357276916504,23.18738555908203,23.536420822143555,24.57302474975586,24.89350128173828,24.798723220825195,25.239105224609375
37.42129898071289,37.146080017089844,37.34873580932617,37.86545944213867,38.63080596923828,39.013877868652344,39.37954330444336,40.94026565551758,41.17878723144531,40.13288497924805,39.4229736328125,38.833824157714844,38.30924987792969,37.804569244384766,37.181766510009766,36.52642059326172,36.087921142578125,36.200523376464844,36.123138427734375,34.6541862487793,32.884456634521484,31.358057022094727,29.703453063964844,28.978979110717773,29.032068252563477,28.71885108947754,28.14973258972168,27.829177856445312,27.684844970703125,27.638145446777344,27.925447463989258,28.437381744384766,28.668115615844727,28.406736373901367,27.569522857666016,27.033870697021484,27.0312557220459,26.359521865844727,25.54636001586914,24.819759368896484,24.38438606262207,24.159652709960938,24.068092346191406,24.43387222290039
37.96282196044922,37.83422088623047,38.136474609375,38.734458923339844,39.38364028930664,40.0082893371582,40.36652374267578,40.57937240600586,41.27912139892578,41.11839294433594,39.455013275146484,37.796810150146484,37.004093170166016,36.713619232177734,36.04680633544922,35.307518005371094,35.07356262207031,35.24171447753906,35.15843963623047,34.080108642578125,32.37545394897461,30.7120418548584,28.999650955200195,28.047006607055664,28.295015335083008,28.661527633666992,28.79936981201172,28.81712532043457,28.57462501525879,28.170764923095703,28.08880043029785,28.689847946166992,29.403976440429688,29.561256408691406,29.004507064819336,28.52361297607422,28.2598934173584,27.764202117919922,28.013607025146484,27.668241500854492,25.974430084228516,24.62329864501953,24.47174644470215,25.3789005279541
38.649330139160156,38.65165710449219,39.034027099609375,39.620147705078125,40.19135665893555,40.57717514038086,40.79773712158203,40.89360809326172,40.683807373046875,40.21528625488281,39.27256774902344,37.68004608154297,36.236671447753906,35.21574783325195,34.149471282958984,33.6049919128418,33.78102111816406,33.78837966918945,33.52467346191406,32.950042724609375,31.934696197509766,30.666122436523438,29.203285217285156,27.918087005615234,27.721460342407227,28.465696334838867,29.47319793701172,30.111005783081055,30.192138671875,29.85080337524414,29.52225685119629,29.838815689086914,30.536685943603516,30.94091033935547,30.529558181762695,29.879838943481445,29.444629669189453,28.99864959716797,29.3398494720459,29.239891052246094,28.02318000793457,27.029216766357422,26.65034294128418,26.990785598754883
39.438045501708984,39.47050476074219,39.83639144897461,40.40007400512695,40.79684829711914,40.9615364074707,40.9098014831543,40.60091018676758,40.14555358886719,39.49043655395508,38.143314361572266,36.37377166748047,35.175228118896484,34.419639587402344,33.35860824584961,32.54020309448242,32.27299499511719,32.23318862915039,32.22177505493164,31.845678329467773,31.532873153686523,31.061033248901367,30.087621688842773,29.040971755981445,28.61600685119629,29.194795608520508,30.18739891052246,30.916501998901367,31.26226806640625,31.23659324645996,30.923664093017578,30.904502868652344,31.34526252746582,31.862228393554688,31.660799026489258,30.887081146240234,30.146238327026367,29.77021598815918,30.21156883239746,30.40610694885254,29.920143127441406,29.37168312072754,28.70750617980957,28.322956085205078
40.264320373535156,40.40778350830078,40.71549987792969,40.90958786010742,40.93504333496094,40.865848541259766,40.63369369506836,39.94291305541992,39.173606872558594,38.5970573425293,37.263065338134766,35.25200653076172,33.65509796142578,32.69147491455078,32.18138885498047,31.91473960876465,31.735904693603516,31.677677154541016,31.697959899902344,31.752761840820312,31.90410614013672,32.004364013671875,31.43476676940918,30.64366340637207,30.429285049438477,30.87694549560547,31.654170989990234,32.16968536376953,32.32704544067383,32.293636322021484,32.066280364990234,31.93754005432129,32.01357650756836,32.47539520263672,32.50725173950195,31.733497619628906,30.922000885009766,30.39803123474121,30.31700325012207,30.927701950073242,31.327491760253906,31.36693572998047,31.057321548461914,30.53177833557129
41.30963897705078,41.505706787109375,41.645694732666016,41.386932373046875,40.84248733520508,40.305965423583984,39.86417770385742,39.13016128540039,38.378787994384766,37.724525451660156,36.2968635559082,34.37614822387695,32.933162689208984,31.66883659362793,30.866863250732422,30.988134384155273,31.430009841918945,31.8607120513916,32.16006088256836,32.46073913574219,33.056427001953125,33.67821502685547,33.307003021240234,32.459896087646484,32.25872039794922,32.70036315917969,33.52177047729492,34.063045501708984,33.93851852416992,33.4417724609375,33.045501708984375,33.01789474487305,33.001060485839844,33.132694244384766,33.235389709472656,32.67620086669922,31.724740982055664,30.991687774658203,31.138912200927734,32.05196762084961,32.82067108154297,32.961692810058594,32.880950927734375,32.72602081298828
42.42108917236328,42.93687057495117,42.80009078979492,41.598751068115234,40.25071716308594,39.49341583251953,39.05513381958008,38.39129638671875,37.69794845581055,37.159664154052734,35.769554138183594,34.00928497314453,33.0242805480957,31.90641212463379,30.83758544921875,30.838176727294922,31.547168731689453,32.48225021362305,33.23031234741211,33.662105560302734,34.42418670654297,35.519168853759766,35.461097717285156,34.350807189941406,33.96477127075195,34.34499740600586,34.92559814453125,35.3493537902832,35.30601501464844,34.81342315673828,34.31649398803711,34.119056701660156,33.96885681152344,33.77591323852539,33.98154067993164,33.70939636230469,32.68714141845703,31.654226303100586,31.61497688293457,32.63629913330078,33.62944030761719,34.16196060180664,34.338375091552734,34.552669525146484
43.09040451049805,44.048377990722656,43.76322937011719,41.509151458740234,39.068092346191406,38.218379974365234,38.23842239379883,37.96037673950195,37.129493713378906,36.34340286254883,35.68832778930664,34.61672592163086,33.66545867919922,32.97396469116211,32.16622543334961,31.975709915161133,32.58538055419922,33.522220611572266,34.41041564941406,35.07144546508789,35.909706115722656,37.04942321777344,37.149166107177734,35.9919548034668,35.342342376708984,35.2756462097168,35.5572395324707,35.89799880981445,35.886802673339844,35.660682678222656,35.41936111450195,35.40122985839844,35.25278854370117,34.727455139160156,34.78321075439453,34.71670150756836,33.80091094970703,32.81172180175781,32.22161102294922,33.131351470947266,34.52215576171875,34.86122512817383,34.630191802978516,34.75436782836914
43.40883255004883,44.462032318115234,43.33401870727539,39.9779167175293,37.175880432128906,36.89241027832031,37.47218322753906,37.279659271240234,36.65568923950195,36.155704498291016,35.732994079589844,35.28646469116211,34.75168228149414,34.32636642456055,34.015445709228516,33.835289001464844,34.01433181762695,34.587928771972656,35.408931732177734,36.202415466308594,37.08907699584961,38.163536071777344,38.39537811279297,37.33754348754883,36.41499328613281,36.03675842285156,35.92926788330078,35.99768829345703,36.015769958496094,35.98566818237305,35.94181442260742,36.019081115722656,35.97079849243164,35.61127471923828,35.683719635009766,35.857051849365234,35.01079559326172,33.91641616821289,33.3195915222168,33.88939666748047,35.245487213134766,35.83372116088867,35.57793045043945,35.4039192199707
43.37350082397461,44.05161666870117,41.33699035644531,37.22975158691406,35.17701721191406,35.812931060791016,36.73936462402344,36.57715606689453,36.20718765258789,36.273284912109375,36.35731887817383,36.16474914550781,35.85350036621094,35.58208465576172,35.42116165161133,35.40785217285156,35.411338806152344,35.51634216308594,35.961002349853516,36.75041580200195,37.73353576660156,38.75217056274414,39.19330978393555,38.48344039916992,37.48767852783203,36.846168518066406,36.53176498413086,36.45008087158203,36.34666442871094,36.19352340698242,36.239227294921875,36.39567565917969,36.32079315185547,36.057899475097656,36.4594841003418,37.035194396972656,36.18770980834961,34.801513671875,34.473087310791016,35.18971252441406,35.90081024169922,36.45122528076172,36.0820426940918,35.80562210083008
42.922176361083984,42.63897705078125,39.01994705200195,35.38151168823242,34.66803741455078,35.56987762451172,36.19781494140625,36.33919143676758,36.569725036621094,36.96379470825195,37.265567779541016,37.25873947143555,36.973854064941406,36.52301025390625,36.2280387878418,36.370880126953125,36.5873908996582,36.62147521972656,36.73309326171875,37.27689743041992,38.180580139160156,39.12519454956055,39.734031677246094,39.42033386230469,38.4737663269043,37.7989501953125,37.552223205566406,37.45667266845703,37.291141510009766,36.928653717041016,36.8864860534668,36.85380935668945,36.71453094482422,36.474647521972656,37.612831115722656,37.833126068115234,36.63051223754883,35.60236358642578,35.30015182495117,36.26560592651367,36.879615783691406,37.172359466552734,36.59910583496094,35.806705474853516
41.848758697509766,40.164756774902344,37.24557113647461,35.427490234375,35.68873596191406,36.36115646362305,36.48226547241211,36.70766830444336,37.2572021484375,37.79991149902344,38.08057403564453,37.97734832763672,37.62165451049805,37.17975616455078,36.9332389831543,37.25231170654297,37.77701950073242,37.947669982910156,37.90693664550781,38.15167999267578,38.79307174682617,39.58660888671875,40.1798095703125,40.16769027709961,39.38499069213867,38.635135650634766,38.48912048339844,38.6200065612793,38.46376037597656,38.023033142089844,37.78642272949219,37.454139709472656,37.426025390625,37.355472564697266,38.272830963134766,38.411808013916016,37.2083854675293,36.274505615234375,36.00772476196289,36.64002990722656,37.488067626953125,37.985294342041016,37.56138610839844,36.45750045776367
