data/wind_data/wind_13_6.json
{"header": {"parameterUnit": "KT", "parameterCategory": 2, "nx": 256, "ny": 198, "lo1": 44.73521041870117, "la1": -3.236724853515625, "lo2": 111.26478576660156, "la2": 43.468475341796875, "dx": 0.2609002888202667, "dy": -0.23708222806453705, "refTime": "2025-02-19 13:00:00", "forecastTime": 0, "parameterNumber": 2, "parameterNumberName": "eastward_wind"}, "data":
[rows 100 to 119 of 198, columns 44 to 87 of 256]
89.58390045166016,89.94993591308594,90.48506927490234,91.04877471923828,91.5099105834961,91.77423858642578,91.84461212158203,91.878662109375,92.08682250976562,92.5431137084961,92.77230834960938,91.70538330078125,90.37914276123047,90.97612762451172,92.236083984375,92.4500961303711,91.67418670654297,90.71250915527344,90.3070068359375,90.57301330566406,91.19377899169922,91.92835998535156,92.62744140625,93.154541015625,93.4736328125,93.63818359375,93.6843490600586,93.63089752197266,93.52745056152344,93.40081024169922,93.2737045288086,93.2520523071289,93.47099304199219,93.92051696777344,94.38839721679688,94.6258316040039,94.56810760498047,94.2967300415039,93.90022277832031,93.39747619628906,92.78701782226562,92.1500244140625,91.71017456054688,91.65070343017578
91.6738052368164,92.1782455444336,92.9424057006836,93.65914916992188,94.11609649658203,94.2132568359375,94.10162353515625,94.239013671875,95.04952239990234,95.8490982055664,95.83451080322266,94.76744842529297,94.18106842041016,94.7318344116211,94.85784912109375,94.3270492553711,93.69873046875,93.26467895507812,93.26243591308594,93.69317626953125,94.36956787109375,95.07463836669922,95.64009857177734,96.03857421875,96.2936782836914,96.43429565429688,96.47836303710938,96.43132781982422,96.311767578125,96.16566467285156,96.07376861572266,96.14984130859375,96.47343444824219,96.98230743408203,97.45189666748047,97.63046264648438,97.42298889160156,96.96699523925781,96.43587493896484,95.8412094116211,95.18326568603516,94.66545104980469,94.52449035644531,94.73827362060547
94.03036499023438,94.70489501953125,95.6438217163086,96.34851837158203,96.4557113647461,96.22595977783203,96.14421081542969,96.95448303222656,98.22554779052734,98.46563720703125,97.98822021484375,97.71890258789062,97.4738998413086,97.31752014160156,97.06404876708984,96.6716537475586,96.25300598144531,96.0506362915039,96.25381469726562,96.800537109375,97.45452880859375,97.99637603759766,98.39404296875,98.69215393066406,98.9209976196289,99.08753204345703,99.18924713134766,99.20822143554688,99.11775970458984,98.93660736083984,98.76271057128906,98.75222778320312,99.01423645019531,99.46371459960938,99.89009857177734,100.04275512695312,99.85078430175781,99.4426498413086,98.94913482666016,98.3437728881836,97.708984375,97.36412811279297,97.4618148803711,97.76766204833984
96.39035034179688,97.18045806884766,98.19426727294922,98.49881744384766,97.88565826416016,97.70999908447266,98.55567169189453,99.97505187988281,100.83889770507812,100.57251739501953,100.02638244628906,99.55192565917969,99.42826080322266,99.5669174194336,99.29609680175781,98.70526885986328,98.2309341430664,98.28861999511719,98.8525390625,99.62247467041016,100.29573822021484,100.74540710449219,101.0037612915039,101.18682861328125,101.3553237915039,101.50493621826172,101.62525177001953,101.70338439941406,101.71885681152344,101.65058898925781,101.50642395019531,101.36847686767578,101.38370513916016,101.60371398925781,101.90763854980469,102.07088470458984,101.97623443603516,101.68930053710938,101.28568267822266,100.76195526123047,100.27169799804688,100.06010437011719,100.16758728027344,100.36236572265625
98.07356262207031,99.1550521850586,99.9065170288086,99.33744049072266,98.31182098388672,99.04226684570312,101.353271484375,102.678955078125,102.34477233886719,101.29487609863281,100.66474151611328,100.83380126953125,101.27699279785156,101.30757141113281,100.79267883300781,100.05135345458984,99.6285400390625,99.8642578125,100.6084213256836,101.4928207397461,102.22272491455078,102.7061767578125,103.03091430664062,103.30146026611328,103.53842163085938,103.71978759765625,103.83601379394531,103.89593505859375,103.92693328857422,103.93656921386719,103.8658447265625,103.7168197631836,103.56736755371094,103.55237579345703,103.64159393310547,103.7627944946289,103.81449890136719,103.74275970458984,103.50517272949219,103.09249877929688,102.65750885009766,102.43006896972656,102.40762329101562,102.42845916748047
98.90196228027344,100.30992126464844,99.78166198730469,98.46184539794922,98.98869323730469,100.60448455810547,101.85870361328125,102.55419158935547,102.52826690673828,102.10816192626953,101.92850494384766,101.98104095458984,101.8163833618164,101.39669799804688,100.9653091430664,100.64103698730469,100.50691223144531,100.709716796875,101.29511260986328,102.10430145263672,102.90975952148438,103.59896087646484,104.16629028320312,104.62479400634766,104.99744415283203,105.29562377929688,105.50455474853516,105.58251953125,105.54798126220703,105.4391860961914,105.34984588623047,105.29545593261719,105.24939727783203,105.15510559082031,105.10614776611328,105.1748046875,105.34266662597656,105.50193786621094,105.47516632080078,105.20410919189453,104.72677612304688,104.27430725097656,103.97367858886719,103.79481506347656
99.24480438232422,100.10897827148438,98.57598114013672,97.90938568115234,98.94485473632812,100.47502899169922,101.54863739013672,102.13123321533203,102.3636245727539,102.28557586669922,102.09445190429688,101.91205596923828,101.62960815429688,101.22259521484375,100.84741973876953,100.53656768798828,100.21788024902344,100.21139526367188,100.73265075683594,101.68965148925781,102.77283477783203,103.71339416503906,104.39527893066406,104.85870361328125,105.23463439941406,105.60485076904297,105.92633819580078,106.09488677978516,106.08145904541016,106.00955200195312,105.99857330322266,106.07037353515625,106.0419692993164,105.91109466552734,105.83625793457031,105.9443359375,106.2164535522461,106.50870513916016,106.64720153808594,106.57601928710938,106.24818420410156,105.71977996826172,105.06105041503906,104.38838195800781
99.24187469482422,100.04182434082031,98.19432067871094,97.46438598632812,98.51966857910156,99.96395874023438,100.99329376220703,101.57860565185547,101.99559783935547,102.25929260253906,102.23722076416016,101.90701293945312,101.42068481445312,100.90754699707031,100.35995483398438,99.76187896728516,99.33788299560547,99.52344512939453,100.29438018798828,101.38383483886719,102.4480209350586,103.2782211303711,103.84691619873047,104.21942901611328,104.5057144165039,104.80034637451172,105.10749816894531,105.3583755493164,105.49689483642578,105.57931518554688,105.70181274414062,105.740966796875,105.6230697631836,105.45260620117188,105.41665649414062,105.58834838867188,105.87541961669922,106.1617431640625,106.42423248291016,106.65553283691406,106.69845581054688,106.33626556396484,105.48576354980469,104.331298828125
98.8445053100586,99.6671371459961,98.10693359375,97.55159759521484,98.39620971679688,99.48026275634766,100.24842071533203,100.73876953125,101.14976501464844,101.50444030761719,101.6356430053711,101.39216613769531,100.93512725830078,100.41264343261719,99.79393768310547,99.1431884765625,98.86084747314453,99.27804565429688,100.26277160644531,101.37247467041016,102.25933837890625,102.83626556396484,103.14598083496094,103.2566146850586,103.30669403076172,103.45255279541016,103.7192611694336,104.0081558227539,104.1895751953125,104.2510986328125,104.20108795166016,104.09552764892578,104.01815795898438,104.05705261230469,104.2327651977539,104.50618743896484,104.78227233886719,105.02356719970703,105.3382339477539,105.6639404296875,105.81175231933594,105.5291748046875,104.80219268798828,103.69462585449219
97.65681457519531,98.45040130615234,97.29727172851562,96.85981750488281,97.78056335449219,98.94267272949219,99.64653015136719,99.92091369628906,100.0633544921875,100.24098205566406,100.28030395507812,99.93226623535156,99.23006439208984,98.50281524658203,98.0428466796875,97.97480773925781,98.28746032714844,98.86439514160156,99.63505554199219,100.38667297363281,101.00006103515625,101.45610046386719,101.6915283203125,101.70125579833984,101.64695739746094,101.69084167480469,101.81648254394531,101.94332885742188,102.03907012939453,102.03803253173828,101.9794921875,102.00123596191406,102.1991195678711,102.55538177490234,102.96411895751953,103.33963775634766,103.63239288330078,103.86458587646484,104.05990600585938,104.15841674804688,104.09806060791016,103.81877899169922,103.27055358886719,102.52436828613281
96.41082763671875,96.8895034790039,95.71013641357422,95.22221374511719,96.20647430419922,97.63192749023438,98.53878021240234,98.72430419921875,98.62442016601562,98.62544250488281,98.44605255126953,97.72525024414062,96.72622680664062,96.0101089477539,95.80874633789062,96.042236328125,96.50653076171875,97.07754516601562,97.63785552978516,98.18142700195312,98.77629852294922,99.29634857177734,99.49862670898438,99.4211654663086,99.31087493896484,99.33087921142578,99.47449493408203,99.71704864501953,99.9459457397461,100.06351470947266,100.11299896240234,100.2363052368164,100.50987243652344,100.86961364746094,101.18803405761719,101.37774658203125,101.52778625488281,101.72968292236328,101.94953155517578,102.13026428222656,102.15574645996094,101.96188354492188,101.56249237060547,101.00535583496094
95.5428237915039,95.36847686767578,94.07276916503906,93.78196716308594,94.84496307373047,96.17912292480469,96.98094177246094,97.13958740234375,97.10736846923828,96.99531555175781,96.42350769042969,95.44149780273438,94.65546417236328,94.36068725585938,94.3895263671875,94.58442687988281,94.85986328125,95.10907745361328,95.41728210449219,95.93396759033203,96.58621215820312,97.05945587158203,97.19406127929688,97.14813232421875,97.1625747680664,97.40788269042969,97.86986541748047,98.38495635986328,98.78243255615234,98.9351577758789,98.8638687133789,98.75863647460938,98.77485656738281,98.89933776855469,98.98883056640625,98.98729705810547,99.0152816772461,99.18901824951172,99.59930419921875,100.1961441040039,100.62296295166016,100.60149383544922,100.22999572753906,99.55079650878906
94.87997436523438,94.28330993652344,93.48674774169922,93.72344970703125,94.74744415283203,95.7080078125,96.15042877197266,96.24197387695312,96.30523681640625,95.90973663330078,94.8381576538086,93.7452392578125,93.3482894897461,93.50511932373047,93.81262969970703,94.0905532836914,94.21597290039062,94.2702865600586,94.44185638427734,94.77501678466797,95.18563079833984,95.53974914550781,95.85588836669922,96.1591567993164,96.42212677001953,96.74109649658203,97.16154479980469,97.61193084716797,98.0016098022461,98.19434356689453,98.14735412597656,97.9576187133789,97.73822021484375,97.57292938232422,97.53570556640625,97.56332397460938,97.66555786132812,97.88945007324219,98.39773559570312,99.25159454345703,99.89580535888672,99.76441192626953,99.06063079833984,98.13017272949219
94.92127990722656,94.28265380859375,94.27726745605469,95.08521270751953,96.073974609375,96.61238861083984,96.6767349243164,96.69450378417969,96.50349426269531,95.4905776977539,93.97489166259766,92.94558715820312,92.88868713378906,93.32451629638672,93.73734283447266,93.98155212402344,94.1023941040039,94.16154479980469,94.18553924560547,94.26119995117188,94.53680419921875,94.9986572265625,95.51766967773438,95.98235321044922,96.35415649414062,96.7094955444336,97.0338134765625,97.35028839111328,97.74439239501953,98.00228118896484,97.99993133544922,97.87548828125,97.64922332763672,97.40695190429688,97.33868408203125,97.38150024414062,97.50415802001953,97.75344848632812,98.35362243652344,99.39732360839844,100.049072265625,99.52452087402344,98.42882537841797,97.59239959716797
95.57565307617188,95.12993621826172,95.56857299804688,96.58531188964844,97.62237548828125,98.12653350830078,98.16624450683594,97.97994232177734,96.9631576538086,95.11051940917969,93.36385345458984,92.66856384277344,93.09466552734375,93.8768310546875,94.32144165039062,94.4006576538086,94.32173156738281,94.18008422851562,94.08545684814453,94.22470092773438,94.63549041748047,95.135986328125,95.5728988647461,95.91461181640625,96.22393035888672,96.70336151123047,97.3055419921875,97.77027893066406,98.05747985839844,98.11011505126953,97.87500762939453,97.68001556396484,97.58631134033203,97.4123306274414,97.3757553100586,97.60075378417969,97.90730285644531,98.16644287109375,98.76347351074219,99.98518371582031,100.6690444946289,99.78685760498047,98.47599792480469,97.86296844482422
96.27863311767578,96.0781478881836,96.42864990234375,97.22256469726562,98.18312072753906,98.90454864501953,99.28128051757812,98.89833068847656,96.99835968017578,94.4748764038086,92.96188354492188,92.91112518310547,93.76752471923828,94.6715316772461,95.12391662597656,95.13335418701172,94.91363525390625,94.6850357055664,94.71482849121094,95.11048126220703,95.62078094482422,95.92345428466797,96.0488510131836,96.22743225097656,96.54159545898438,97.0550308227539,97.7282943725586,98.30149841308594,98.59673309326172,98.52306365966797,98.041748046875,97.51097106933594,97.34434509277344,97.37645721435547,97.63229370117188,98.2032699584961,98.8060531616211,98.99457550048828,99.25714111328125,100.75629425048828,101.94334411621094,100.81620025634766,98.98505401611328,98.04801177978516
96.47022247314453,96.47945404052734,96.56118774414062,96.9200439453125,97.55524444580078,98.50721740722656,99.46183013916016,99.06497192382812,96.65555572509766,94.05762481689453,93.07559204101562,93.6396255493164,94.67697143554688,95.29652404785156,95.36669921875,95.22589874267578,95.23222351074219,95.49512481689453,95.9543685913086,96.52327728271484,97.02031707763672,97.24563598632812,97.30866241455078,97.44758605957031,97.65743255615234,97.93424224853516,98.32333374023438,98.64752960205078,98.78901672363281,98.79460906982422,98.64765167236328,98.38265991210938,98.1816177368164,98.04635620117188,98.24962615966797,99.01554107666016,99.9244155883789,100.22160339355469,100.19752502441406,101.44364166259766,102.5938720703125,101.56207275390625,100.08070373535156,99.3138427734375
96.01988220214844,96.1094970703125,96.03278350830078,96.01164245605469,96.46708679199219,97.80850982666016,99.13338470458984,98.49913024902344,95.99195861816406,93.93952941894531,93.60835266113281,94.26092529296875,94.81561279296875,94.9516830444336,94.96815490722656,95.12517547607422,95.47216033935547,95.99809265136719,96.57561492919922,97.16488647460938,97.80696868896484,98.38893127441406,98.88906860351562,99.34049224853516,99.5177993774414,99.3045654296875,98.95889282226562,98.75738525390625,98.77823638916016,99.02067565917969,99.4416275024414,99.88744354248047,100.01881408691406,99.72683715820312,99.5416030883789,99.93230438232422,100.66687774658203,100.93487548828125,100.79825592041016,101.70469665527344,102.56389617919922,101.41912078857422,100.04774475097656,99.97172546386719
95.19046020507812,95.27494812011719,95.26046752929688,95.18046569824219,95.4644546508789,96.90217590332031,98.2845458984375,97.35245513916016,95.29141235351562,94.29227447509766,94.18944549560547,94.13865661621094,93.9857406616211,94.02937316894531,94.50386810302734,95.08073425292969,95.46559143066406,95.88996124267578,96.50221252441406,97.27812957763672,98.2599105834961,99.23624420166016,100.08454895019531,100.8387451171875,101.08370971679688,100.35836791992188,99.14543151855469,98.37862396240234,98.45521545410156,99.127685546875,100.2076644897461,101.43267059326172,102.13898468017578,101.93342590332031,101.28202056884766,100.75320434570312,100.65855407714844,100.72648620605469,100.76299285888672,101.57411193847656,102.49761962890625,101.67819213867188,100.13573455810547,99.94660949707031
94.6755599975586,94.70030975341797,94.79312896728516,94.80524444580078,94.89105224609375,95.8105697631836,96.82904815673828,96.26701354980469,95.27357482910156,94.77704620361328,94.0396728515625,93.42037963867188,93.38738250732422,93.75057983398438,94.19446563720703,94.530517578125,94.8646469116211,95.47195434570312,96.28355407714844,97.0794448852539,98.11988067626953,99.29900360107422,100.34321594238281,101.40155792236328,101.56358337402344,100.16462707519531,98.38321685791016,97.62694549560547,98.26434326171875,99.80010223388672,101.55237579345703,102.87162780761719,103.3176498413086,102.8807601928711,101.98590087890625,101.11580657958984,100.5804672241211,100.6378173828125,101.1995620727539,101.9416275024414,102.41497802734375,101.63484954833984,99.82546997070312,99.2895736694336
