data/wind_data/wind_50_4.json
{"header": {"parameterUnit": "KT", "parameterCategory": 2, "nx": 256, "ny": 198, "lo1": 44.73521041870117, "la1": -3.236724853515625, "lo2": 111.26478576660156, "la2": 43.468475341796875, "dx": 0.2609002888202667, "dy": -0.23708222806453705, "refTime": "2025-02-21 02:00:00", "forecastTime": 0, "parameterNumber": 2, "parameterNumberName": "eastward_wind"}, "data":
[rows 114 to 132 of 198, columns 44 to 87 of 256]
41.876163482666016,39.80500793457031,37.04092788696289,36.6707649230957,37.79470443725586,39.03669738769531,40.1791877746582,41.048824310302734,41.632362365722656,42.104251861572266,42.473899841308594,42.522098541259766,42.26185607910156,42.06901168823242,41.962650299072266,41.50872039794922,41.173770904541016,40.92561340332031,40.357177734375,39.744964599609375,40.334754943847656,41.761077880859375,42.95909881591797,43.46338653564453,43.182960510253906,43.1754035949707,43.79505920410156,43.27657699584961,40.241207122802734,35.9109992980957,33.07655715942383,31.60079574584961,31.307937622070312,31.958044052124023,32.57132339477539,32.79170608520508,33.037193298339844,34.28171157836914,36.32208251953125,38.049583435058594,38.8033332824707,39.095279693603516,38.2457389831543,36.55928421020508
44.731712341308594,44.556671142578125,41.21232604980469,39.14390182495117,39.45558166503906,40.91114807128906,42.31291198730469,43.29094314575195,44.120601654052734,44.84195327758789,45.24619674682617,45.10419464111328,44.59787368774414,44.40693664550781,44.76535415649414,45.24643325805664,45.45722198486328,45.105567932128906,44.3441276550293,43.62261962890625,43.050113677978516,42.62214279174805,42.70064163208008,42.64142608642578,41.92366409301758,41.17047119140625,40.25541687011719,38.68034744262695,36.661643981933594,34.720062255859375,33.728912353515625,33.84309768676758,36.113643646240234,37.942474365234375,35.486488342285156,33.138309478759766,33.79319381713867,35.62535095214844,37.560028076171875,39.448612213134766,41.3573112487793,41.920562744140625,40.02739715576172,36.88185119628906
45.063926696777344,45.742088317871094,44.298316955566406,42.393619537353516,42.07474136352539,43.78279495239258,45.3359375,46.02251052856445,46.890625,47.62599182128906,47.83759307861328,47.968994140625,48.13098907470703,48.38077926635742,48.785255432128906,49.2360954284668,49.528160095214844,49.39460372924805,48.81827926635742,47.888362884521484,46.391845703125,44.75263595581055,43.50961685180664,42.52096939086914,41.86966323852539,41.35272216796875,39.69342041015625,38.064430236816406,36.51518249511719,35.723358154296875,37.359161376953125,39.570980072021484,37.024383544921875,33.254547119140625,34.06635284423828,36.41456604003906,37.866355895996094,37.7987060546875,38.261898040771484,40.25918197631836,43.316925048828125,43.856414794921875,40.0507926940918,36.22401809692383
44.695796966552734,46.03390121459961,46.400367736816406,45.52750778198242,45.07829666137695,46.83906173706055,48.704166412353516,48.99475860595703,48.98203659057617,48.97804260253906,49.26259231567383,50.092864990234375,50.84099197387695,51.16483688354492,51.24039077758789,51.37800216674805,51.62507247924805,51.861934661865234,51.869693756103516,51.56958770751953,50.96373748779297,49.83857345581055,47.706722259521484,45.68442916870117,44.27759552001953,42.15208435058594,39.31494903564453,37.62659454345703,37.11616516113281,38.27973556518555,39.8830680847168,38.96430969238281,38.368682861328125,39.56595993041992,41.066261291503906,42.23463821411133,42.76905822753906,40.896907806396484,39.035709381103516,40.94947052001953,44.65236282348633,44.52762985229492,38.69016647338867,33.27658462524414
44.528255462646484,46.556312561035156,47.83590316772461,48.26468276977539,48.30131149291992,50.31150817871094,53.280517578125,54.66746139526367,53.98554229736328,52.68675994873047,52.02294158935547,52.39007568359375,53.00926208496094,53.07061767578125,52.97401809692383,53.42668914794922,54.16615295410156,54.89724349975586,55.440364837646484,55.748722076416016,55.951454162597656,55.78905487060547,54.122314453125,51.028724670410156,46.9107780456543,43.24597930908203,40.038578033447266,38.211883544921875,37.47911834716797,37.9197998046875,38.944000244140625,41.75069046020508,44.816898345947266,45.7793083190918,45.62558364868164,45.69332504272461,45.01912307739258,42.783485412597656,38.10194396972656,37.85185241699219,42.66023635864258,41.12843322753906,33.50126266479492,30.296916961669922
43.407928466796875,45.40413284301758,47.03057861328125,48.538761138916016,49.860504150390625,53.02627944946289,56.58293533325195,58.30259704589844,58.21433639526367,57.18702697753906,55.51199722290039,54.112945556640625,53.6237678527832,53.73164749145508,54.085723876953125,54.75761413574219,55.739681243896484,56.73073959350586,57.518699645996094,57.773319244384766,58.368385314941406,59.106353759765625,57.7469367980957,53.56331253051758,49.348793029785156,47.29640197753906,42.90081024169922,36.927452087402344,34.80982971191406,36.56878662109375,41.0652961730957,44.65345001220703,45.98298645019531,45.5151481628418,45.075592041015625,46.11479187011719,45.063480377197266,41.32328796386719,34.86366653442383,31.195119857788086,32.84667205810547,31.299150466918945,29.962221145629883,31.419761657714844
40.82126235961914,43.69667434692383,44.16508865356445,45.785579681396484,48.75062561035156,52.510772705078125,55.148109436035156,56.55430603027344,56.78472137451172,55.21110153198242,52.81129837036133,51.011558532714844,50.39130783081055,51.03392791748047,52.46684646606445,54.115478515625,55.30221176147461,56.221622467041016,57.37592697143555,58.33633041381836,58.743099212646484,58.67655563354492,56.836219787597656,54.85588073730469,54.197845458984375,48.733612060546875,39.53887939453125,35.02866744995117,34.559200286865234,37.1872673034668,40.68740463256836,42.54276657104492,43.40754699707031,43.42141342163086,43.30995178222656,44.75609588623047,44.34318923950195,37.52505111694336,31.440431594848633,29.834129333496094,30.885637283325195,32.12214660644531,33.70676803588867,34.598876953125
40.36424255371094,41.67030715942383,41.340980529785156,43.61115264892578,50.13608932495117,54.747398376464844,53.895347595214844,52.451622009277344,52.93841552734375,52.76247024536133,51.066650390625,49.80034255981445,50.226078033447266,51.97805404663086,54.2479362487793,56.115234375,57.16731643676758,57.3234748840332,58.073097229003906,57.73835754394531,56.60966873168945,57.48304748535156,58.32514953613281,57.678558349609375,50.90330505371094,41.50978088378906,37.130958557128906,35.3889045715332,35.33583068847656,36.97785568237305,38.45577621459961,40.0272216796875,41.91408920288086,42.53656768798828,41.85291290283203,43.47779083251953,42.05262756347656,33.32060241699219,27.915849685668945,28.78082847595215,31.20665740966797,33.589202880859375,35.529869079589844,35.94291305541992
43.36188507080078,42.090660095214844,41.10768508911133,43.8861083984375,50.607826232910156,53.768775939941406,50.9571533203125,49.89516067504883,51.744590759277344,53.23176574707031,52.91813278198242,52.72428512573242,53.4074592590332,55.265933990478516,57.43901824951172,58.7314453125,59.377281188964844,59.3467903137207,59.336700439453125,58.13120651245117,56.99964904785156,55.35816192626953,51.62782287597656,46.45259094238281,43.297119140625,42.21609115600586,39.24636459350586,35.79011917114258,35.948265075683594,37.310672760009766,38.16207504272461,39.496280670166016,40.808372497558594,40.85728073120117,40.02373504638672,42.06019973754883,40.092689514160156,31.53828239440918,27.465675354003906,28.77103042602539,31.580427169799805,34.313228607177734,36.19436264038086,36.33906936645508
48.47200393676758,47.571598052978516,45.73979949951172,45.621368408203125,47.64638900756836,48.9745979309082,48.141395568847656,50.33152389526367,54.02456283569336,55.82423400878906,56.78020477294922,56.50299072265625,55.78739547729492,56.79433059692383,58.67776107788086,59.41267776489258,59.11737823486328,59.26106643676758,60.33546829223633,60.37858200073242,52.808990478515625,47.7503547668457,46.84392166137695,49.29475402832031,46.70233917236328,41.60660171508789,36.99415588378906,35.61516571044922,36.80691146850586,37.56647491455078,38.2217903137207,38.54130172729492,38.00344467163086,36.373191833496094,34.94308090209961,36.06964874267578,36.54192352294922,34.31553649902344,32.5015754699707,32.276023864746094,33.84597396850586,35.8072624206543,37.04324722290039,36.936485290527344
51.989810943603516,52.4857063293457,51.896793365478516,49.95038604736328,48.181209564208984,45.98702621459961,45.072330474853516,48.48295974731445,53.58833312988281,58.753326416015625,60.28603744506836,59.4843635559082,59.12128448486328,59.383907318115234,60.34720230102539,61.10111999511719,61.39958953857422,60.360008239746094,59.330413818359375,54.66389465332031,52.55826187133789,54.04026794433594,54.39015579223633,45.438331604003906,39.210941314697266,37.687217712402344,37.57575607299805,38.5461311340332,38.6702766418457,38.51980209350586,37.86761474609375,34.77750015258789,30.21006202697754,27.21505355834961,26.22455596923828,28.30657196044922,32.63387680053711,35.56685256958008,36.05964279174805,35.4133415222168,35.04488754272461,34.99812316894531,34.69791030883789,33.41348648071289
52.40336227416992,54.559654235839844,56.12834930419922,55.54122543334961,52.80775451660156,49.77500915527344,47.13962173461914,47.4643440246582,51.496246337890625,53.84866714477539,54.811012268066406,56.17253494262695,58.202850341796875,59.04128646850586,58.469520568847656,55.75046157836914,54.88685607910156,57.005279541015625,55.79311752319336,53.962196350097656,54.86470031738281,55.34233856201172,46.33350372314453,39.47371292114258,37.80134582519531,37.36255645751953,38.003082275390625,38.829994201660156,38.91532516479492,37.97365951538086,33.720947265625,27.470142364501953,23.317541122436523,22.62975311279297,24.37638282775879,27.875059127807617,32.119667053222656,35.3413200378418,36.797550201416016,36.67306900024414,35.315460205078125,34.02421188354492,31.86273956298828,29.04132652282715
51.45948028564453,54.27789306640625,57.231727600097656,58.4498405456543,55.7729606628418,54.873565673828125,54.49026870727539,53.76343536376953,55.56257629394531,53.520751953125,46.281982421875,45.65630340576172,49.01554489135742,52.714351654052734,55.04939651489258,57.405948638916016,59.769840240478516,59.42075729370117,55.349273681640625,52.376285552978516,50.5871696472168,43.055885314941406,38.31175231933594,37.71563720703125,38.77295684814453,39.40376663208008,39.26633071899414,39.870601654052734,39.68521499633789,34.77621078491211,27.737314224243164,23.202167510986328,22.461292266845703,24.1865291595459,26.67931365966797,28.946399688720703,31.46651840209961,34.42705535888672,36.67073440551758,36.63666534423828,35.01532745361328,32.280155181884766,29.968650817871094,27.118555068969727
50.68909454345703,53.61806106567383,56.17139434814453,57.63730239868164,56.624603271484375,57.87849807739258,61.283504486083984,62.5374755859375,61.53825759887695,51.90494155883789,40.43088150024414,38.24613952636719,39.42259979248047,40.400875091552734,43.522727966308594,49.8155403137207,57.1031494140625,58.32475662231445,51.555381774902344,43.3929328918457,35.21010971069336,34.98101043701172,35.913307189941406,37.98087692260742,40.066097259521484,39.8657341003418,39.347984313964844,40.598941802978516,37.451141357421875,27.987407684326172,21.390483856201172,20.902002334594727,23.50079917907715,26.93617057800293,29.359466552734375,29.415674209594727,30.837873458862305,33.567142486572266,34.720272064208984,35.47858810424805,34.57929992675781,31.489208221435547,29.631248474121094,27.032819747924805
48.64738464355469,51.25987243652344,52.62808609008789,54.55585861206055,56.793853759765625,58.78446578979492,62.1427116394043,62.83368682861328,62.11936569213867,53.61461639404297,42.530582427978516,36.63922882080078,33.5201301574707,32.980159759521484,35.812347412109375,38.88001251220703,43.39398956298828,46.561920166015625,44.476131439208984,32.11842346191406,30.28380584716797,34.40998077392578,37.57984161376953,40.786842346191406,43.02915954589844,43.82032012939453,42.50664520263672,36.40178680419922,26.691476821899414,19.451007843017578,18.68900489807129,21.766138076782227,24.97117805480957,27.302080154418945,28.549137115478516,29.11485481262207,30.539762496948242,32.21910095214844,32.75275802612305,34.6778678894043,33.02806091308594,32.831024169921875,30.476608276367188,27.70229148864746
44.24520492553711,46.56288528442383,48.026939392089844,50.777278900146484,55.509159088134766,58.46905517578125,57.52113342285156,58.16455078125,60.11219024658203,54.36228561401367,45.7110481262207,40.28383255004883,37.76613235473633,37.70355224609375,38.26143264770508,37.069766998291016,34.85477066040039,34.179725646972656,31.3823184967041,24.37249755859375,26.54456901550293,31.417226791381836,33.732845306396484,34.43288040161133,35.76030731201172,38.40903091430664,35.43101119995117,27.100160598754883,19.115768432617188,15.984800338745117,18.274202346801758,22.191457748413086,24.424108505249023,25.954336166381836,26.720359802246094,27.202701568603516,28.582889556884766,29.80776596069336,30.844249725341797,32.904197692871094,32.93648147583008,34.521026611328125,30.963205337524414,28.793533325195312
42.092403411865234,46.68120574951172,49.61529541015625,51.521305084228516,54.600032806396484,55.412132263183594,52.19889450073242,52.704200744628906,53.58059310913086,50.26643371582031,45.98025131225586,42.328765869140625,40.7496223449707,42.73320388793945,46.87229919433594,47.934574127197266,45.98143005371094,41.83900833129883,34.11393356323242,27.4205265045166,23.285888671875,21.490123748779297,22.78343963623047,23.155014038085938,23.7379093170166,25.769712448120117,26.3896484375,24.61681365966797,21.720558166503906,20.014333724975586,21.397003173828125,24.18869972229004,25.790115356445312,26.213130950927734,26.59444236755371,27.344459533691406,28.295822143554688,29.442102432250977,31.39664077758789,33.11669158935547,33.92921447753906,34.23340606689453,29.664764404296875,28.517290115356445
44.740943908691406,48.2786750793457,46.35220718383789,44.16413497924805,45.644874572753906,48.18629837036133,45.36922073364258,43.08263397216797,44.515586853027344,45.57048797607422,46.53010559082031,46.54053497314453,46.713600158691406,49.29470443725586,54.16562271118164,57.06367111206055,55.29878616333008,51.583282470703125,43.4808349609375,35.03658676147461,28.01245880126953,28.1278076171875,28.98367691040039,26.979013442993164,26.744367599487305,29.71881675720215,31.751543045043945,30.981563568115234,28.576473236083984,27.037940979003906,27.4571590423584,28.595184326171875,29.170074462890625,29.001859664916992,29.333595275878906,29.845691680908203,30.26800537109375,31.224632263183594,33.45100784301758,35.40802764892578,36.74110794067383,35.382503509521484,29.63593864440918,27.062301635742188
43.82500076293945,38.20003128051758,34.014278411865234,34.818424224853516,38.66954040527344,44.46160125732422,33.82639694213867,30.358356475830078,35.24940872192383,40.07612991333008,44.71638870239258,47.83357620239258,50.25701904296875,53.17690658569336,56.95634841918945,59.69236373901367,59.81501770019531,56.45981216430664,43.683780670166016,35.497825622558594,33.862884521484375,36.120208740234375,38.020103454589844,37.16511917114258,36.332847595214844,36.2262077331543,35.382118225097656,33.97747802734375,32.509273529052734,31.992094039916992,32.195831298828125,31.95194435119629,31.535968780517578,31.662883758544922,32.28597640991211,32.64129638671875,32.52082061767578,32.96432876586914,34.762210845947266,36.229820251464844,37.4510383605957,36.16505813598633,31.204429626464844,27.286420822143555
