data/wind_data/wind_21_8.json
{"header": {"parameterUnit": "KT", "parameterCategory": 2, "nx": 256, "ny": 198, "lo1": 44.73521041870117, "la1": -3.236724853515625, "lo2": 111.26478576660156, "la2": 43.468475341796875, "dx": 0.2609002888202667, "dy": -0.23708222806453705, "refTime": "2025-02-19 21:00:00", "forecastTime": 0, "parameterNumber": 2, "parameterNumberName": "eastward_wind"}, "data":
[rows 95 to 113 of 198, columns 176 to 219 of 256]
24.830501556396484,24.739904403686523,24.42149543762207,24.329126358032227,24.599098205566406,24.141183853149414,22.206939697265625,20.193748474121094,19.49772834777832,19.424602508544922,19.270360946655273,18.94646644592285,18.196277618408203,17.44731903076172,16.81241226196289,16.15163230895996,16.003164291381836,16.340085983276367,16.52476692199707,15.765118598937988,13.93104362487793,12.603933334350586,13.043049812316895,14.284248352050781,15.74741268157959,17.099206924438477,17.03556251525879,15.83608341217041,16.005430221557617,17.65053939819336,19.18504524230957,19.632549285888672,18.554523468017578,17.672645568847656,18.7084903717041,20.255651473999023,20.10883903503418,17.066368103027344,14.30953598022461,13.963238716125488,14.737210273742676,15.480924606323242,14.370709419250488,11.527029991149902
25.39353370666504,25.512662887573242,25.377017974853516,25.310012817382812,25.727067947387695,25.772525787353516,24.360671997070312,22.487520217895508,21.736228942871094,21.538803100585938,21.088716506958008,20.618602752685547,20.013362884521484,19.45241928100586,19.040327072143555,18.50664520263672,17.85105323791504,17.438499450683594,17.284292221069336,16.625171661376953,14.914295196533203,13.445728302001953,13.42044448852539,13.99713134765625,15.103836059570312,16.956884384155273,18.15134048461914,17.838764190673828,17.15186309814453,17.23842430114746,18.266794204711914,19.490325927734375,19.071712493896484,17.35254669189453,17.81343650817871,20.58323860168457,21.84270477294922,19.060997009277344,15.546006202697754,14.540031433105469,14.858601570129395,15.590383529663086,16.30595588684082,15.62534236907959
25.851593017578125,26.170726776123047,26.499109268188477,26.614791870117188,26.9498233795166,27.145570755004883,26.10267448425293,24.39253044128418,23.451576232910156,23.114973068237305,22.77301788330078,22.227005004882812,21.21219253540039,20.38542938232422,20.431354522705078,20.445507049560547,19.694564819335938,18.94720458984375,18.667835235595703,18.0545711517334,16.419574737548828,15.058548927307129,14.863947868347168,14.701034545898438,14.828222274780273,16.47286605834961,18.568603515625,19.25956916809082,18.09160804748535,16.790363311767578,17.384065628051758,19.335044860839844,20.05896759033203,18.413959503173828,17.671533584594727,20.308347702026367,22.675519943237305,20.507061004638672,16.1002254486084,14.527263641357422,15.599343299865723,17.056669235229492,18.124624252319336,18.728981018066406
27.11393165588379,27.230690002441406,27.583772659301758,27.79562759399414,28.05828094482422,28.246646881103516,27.348285675048828,25.556529998779297,24.14618682861328,23.63259506225586,23.781082153320312,23.564420700073242,22.35458755493164,21.112749099731445,20.860746383666992,20.887731552124023,20.48423957824707,20.377595901489258,20.6395263671875,20.15239906311035,18.203907012939453,16.582481384277344,16.508066177368164,16.23995018005371,15.36139965057373,15.992823600769043,18.159826278686523,19.609451293945312,18.9371280670166,17.34377098083496,17.42123794555664,19.38774299621582,20.882869720458984,19.968338012695312,18.607236862182617,20.151683807373047,21.809165954589844,19.95871925354004,16.305870056152344,15.157296180725098,16.248533248901367,17.869136810302734,19.838796615600586,21.805561065673828
28.764663696289062,28.539522171020508,28.514625549316406,28.544235229492188,28.706464767456055,28.878856658935547,28.088979721069336,26.176013946533203,24.320423126220703,23.597679138183594,24.20758628845215,24.72354507446289,23.809429168701172,22.1245174407959,20.92831802368164,20.409912109375,20.533401489257812,21.331850051879883,22.052597045898438,21.716236114501953,19.8195743560791,18.07889747619629,17.913284301757812,17.726900100708008,16.455678939819336,16.03049659729004,17.577861785888672,19.419931411743164,19.835773468017578,18.822359085083008,18.192914962768555,19.3102970123291,20.889570236206055,20.77850914001465,19.837276458740234,20.267518997192383,19.930864334106445,18.08266830444336,16.615869522094727,16.134355545043945,16.366424560546875,17.86043357849121,20.699731826782227,23.673519134521484
30.068803787231445,29.96601676940918,29.6915225982666,29.269193649291992,28.983495712280273,28.95315933227539,28.37034797668457,26.81819725036621,24.96195411682129,23.901809692382812,24.5858097076416,25.824560165405273,25.324365615844727,23.19287872314453,21.045135498046875,19.831159591674805,20.150327682495117,21.76131248474121,22.92792320251465,22.446287155151367,20.77006721496582,19.38046646118164,19.132850646972656,18.951656341552734,17.849275588989258,17.059879302978516,17.947101593017578,19.666364669799805,20.62738037109375,20.09130096435547,19.013242721557617,19.048330307006836,20.041757583618164,20.655763626098633,20.745677947998047,20.17525291442871,18.095149993896484,16.495922088623047,16.998170852661133,16.975318908691406,16.164234161376953,17.63870620727539,21.113313674926758,24.57712745666504
30.709861755371094,31.23080825805664,31.05223846435547,30.243309020996094,29.42864227294922,29.028120040893555,28.532310485839844,27.534244537353516,26.05141830444336,24.591707229614258,25.06302261352539,27.00402069091797,26.91814613342285,24.210695266723633,21.324440002441406,19.564804077148438,19.593082427978516,21.333662033081055,23.009279251098633,23.1129150390625,21.82839012145996,20.53672981262207,19.97933006286621,19.758344650268555,19.362640380859375,18.97533416748047,19.33531379699707,20.441204071044922,21.304502487182617,21.10445213317871,20.206315994262695,19.548521041870117,19.573240280151367,20.301828384399414,21.01844024658203,19.63393211364746,16.561159133911133,15.929464340209961,17.786174774169922,17.686004638671875,16.301729202270508,17.390411376953125,20.951934814453125,24.839900970458984
30.627933502197266,31.858869552612305,31.98281478881836,31.121139526367188,30.206884384155273,29.63935661315918,28.96615219116211,28.09752655029297,26.784931182861328,25.090810775756836,25.44387435913086,28.19636344909668,29.001230239868164,25.73238754272461,21.830699920654297,19.780094146728516,19.355113983154297,20.24953269958496,21.80569076538086,23.1464900970459,23.27332878112793,22.0222110748291,20.430465698242188,19.854881286621094,20.498796463012695,21.008960723876953,20.89404296875,21.26796531677246,22.17228889465332,22.486003875732422,22.099315643310547,21.131467819213867,20.136825561523438,20.1389102935791,20.434789657592773,18.978500366210938,16.566137313842773,16.410400390625,18.248119354248047,18.902753829956055,17.457630157470703,16.955217361450195,19.756637573242188,24.313735961914062
30.340402603149414,31.8622989654541,32.337493896484375,31.733531951904297,30.89053726196289,30.231006622314453,29.486907958984375,28.665119171142578,27.34195327758789,25.423709869384766,25.557897567749023,28.88365936279297,30.899547576904297,27.811969757080078,22.85260009765625,20.1157283782959,19.376684188842773,19.1855525970459,19.90169906616211,21.64959144592285,23.546415328979492,23.74745750427246,21.82256317138672,20.148324966430664,20.73052406311035,21.882688522338867,21.962383270263672,22.24109649658203,23.182180404663086,23.545799255371094,23.462865829467773,22.86888885498047,21.479999542236328,20.508527755737305,20.13343620300293,19.015811920166016,18.038711547851562,18.44597053527832,18.972129821777344,19.27457046508789,18.571887969970703,17.10552215576172,18.516328811645508,22.938390731811523
30.24272346496582,31.61830711364746,32.31482696533203,32.100990295410156,31.37868309020996,30.5156307220459,29.68338394165039,29.05297088623047,27.981037139892578,26.013639450073242,25.55735206604004,28.658100128173828,31.543994903564453,29.38703727722168,24.28211212158203,20.574365615844727,19.261974334716797,18.893400192260742,18.930957794189453,20.03036880493164,22.154897689819336,24.337862014770508,23.957107543945312,21.157129287719727,20.035795211791992,21.060522079467773,21.910907745361328,22.644084930419922,23.638113021850586,24.05716896057129,24.285995483398438,24.528467178344727,23.595890045166016,21.904239654541016,20.880495071411133,19.97025489807129,19.317094802856445,20.084232330322266,20.677968978881836,19.586538314819336,18.665729522705078,18.263134002685547,18.98265266418457,21.629425048828125
30.358131408691406,31.60814094543457,32.34370803833008,32.36976623535156,31.88070297241211,30.860820770263672,29.67513084411621,28.938335418701172,28.213014602661133,26.68846321105957,25.639789581298828,27.62358283996582,31.019672393798828,30.386842727661133,25.717510223388672,21.052017211914062,19.230016708374023,19.296947479248047,19.741348266601562,20.238004684448242,21.471311569213867,23.40064811706543,24.175630569458008,22.29569435119629,19.907947540283203,19.42381477355957,20.19431495666504,21.529685974121094,23.23653793334961,24.46879768371582,25.03557586669922,25.847942352294922,25.932538986206055,24.14487075805664,22.012083053588867,20.528688430786133,19.53235626220703,20.040254592895508,21.42007827758789,20.682815551757812,19.009845733642578,19.524673461914062,20.87164878845215,21.729732513427734
30.79114532470703,31.745573043823242,32.415061950683594,32.805118560791016,32.762184143066406,31.72897720336914,30.1124324798584,28.757686614990234,28.170446395874023,27.362462997436523,25.71926498413086,26.16363525390625,29.624340057373047,30.549097061157227,26.961641311645508,21.94622039794922,19.384437561035156,19.75384521484375,21.2563533782959,22.410545349121094,22.54144859313965,22.39263343811035,22.521724700927734,21.914566040039062,20.0491943359375,18.445758819580078,18.476566314697266,19.942716598510742,22.08102035522461,23.899036407470703,25.035823822021484,26.319108963012695,27.12730598449707,25.66181182861328,22.82802391052246,20.67095375061035,18.92656898498535,18.519126892089844,19.98202896118164,21.091854095458984,20.685583114624023,20.991621017456055,22.12194061279297,23.30901336669922
31.38397216796875,32.04229736328125,32.51133728027344,33.105926513671875,33.50641632080078,33.03682327270508,31.457761764526367,29.457809448242188,28.691692352294922,28.148818969726562,25.923593521118164,24.889070510864258,27.66204833984375,29.988422393798828,28.385717391967773,24.388154983520508,21.506702423095703,21.315412521362305,22.852554321289062,24.35865020751953,24.032459259033203,22.123889923095703,20.719711303710938,20.38075828552246,20.30023765563965,19.819562911987305,19.16758918762207,19.070709228515625,20.092302322387695,21.856107711791992,24.014657974243164,26.12862777709961,26.865768432617188,25.314905166625977,23.243322372436523,21.803205490112305,19.023439407348633,16.337377548217773,17.675872802734375,21.234262466430664,22.734661102294922,22.240081787109375,22.625463485717773,25.131711959838867
31.49820327758789,32.37899398803711,32.737361907958984,33.31189727783203,34.08625411987305,34.40452194213867,33.53559112548828,31.58216094970703,30.01486587524414,29.080291748046875,26.64215660095215,24.068191528320312,25.44730567932129,29.08968162536621,30.012680053710938,27.383644104003906,24.748750686645508,24.287931442260742,25.05082893371582,25.68935203552246,24.820236206054688,22.72230339050293,21.056209564208984,20.59442901611328,21.369163513183594,22.56218147277832,22.35621452331543,19.993305206298828,17.753223419189453,18.876251220703125,22.469791412353516,25.623992919921875,26.040830612182617,24.117618560791016,23.194000244140625,23.779813766479492,21.09490966796875,16.38652992248535,17.239973068237305,22.05499839782715,23.94175910949707,22.44808006286621,22.847713470458984,26.546384811401367
31.442041397094727,32.47848129272461,33.31425476074219,34.0378303527832,34.62990951538086,35.0648193359375,35.0978889465332,34.460140228271484,32.90788650512695,30.72574806213379,27.795202255249023,24.382993698120117,23.79856300354004,27.22250747680664,30.458614349365234,30.32128143310547,28.37190055847168,26.991552352905273,26.789051055908203,26.913463592529297,26.451814651489258,25.186010360717773,23.776586532592773,22.958335876464844,22.98672103881836,24.243209838867188,25.28817367553711,23.052614212036133,18.522663116455078,17.559669494628906,21.21050453186035,24.718399047851562,25.134071350097656,23.348846435546875,23.291227340698242,25.721567153930664,24.911632537841797,19.99502944946289,19.508968353271484,23.475465774536133,24.539045333862305,22.44821548461914,22.962677001953125,27.129135131835938
32.146854400634766,32.841148376464844,34.23017501831055,35.41080856323242,35.6080207824707,35.186092376708984,35.20124435424805,35.808719635009766,35.79179000854492,33.72356414794922,30.106151580810547,26.108919143676758,23.305252075195312,24.760868072509766,28.713546752929688,31.948486328125,32.86322021484375,31.0805606842041,28.897323608398438,28.342187881469727,28.627904891967773,28.46515655517578,27.39873504638672,25.625717163085938,23.96812629699707,24.036479949951172,26.070068359375,26.56443214416504,23.089956283569336,20.2116641998291,21.540021896362305,23.747968673706055,24.116069793701172,23.522890090942383,24.47068977355957,27.425607681274414,28.525474548339844,25.638124465942383,23.83838653564453,24.92449188232422,24.4449520111084,22.73659324645996,23.426576614379883,27.236988067626953
33.43775939941406,33.94961166381836,35.448516845703125,36.76250457763672,36.74044418334961,35.417606353759766,34.65259552001953,35.54804229736328,36.86895751953125,36.45003890991211,33.40428924560547,28.740524291992188,24.195350646972656,23.043115615844727,26.472232818603516,31.793331146240234,35.88045120239258,35.797264099121094,32.34479522705078,29.612550735473633,29.519683837890625,30.107242584228516,30.053966522216797,28.91820526123047,26.08868408203125,23.60794448852539,24.632980346679688,27.440622329711914,27.544208526611328,25.35641098022461,24.47705078125,24.42690086364746,23.99710464477539,24.530248641967773,26.680055618286133,29.61149787902832,31.33316421508789,30.401775360107422,28.448455810546875,26.59231948852539,24.457456588745117,22.967647552490234,23.921083450317383,27.282711029052734
34.95671463012695,35.61961364746094,36.986412048339844,37.74685287475586,37.1920166015625,35.70061111450195,34.780975341796875,35.42424392700195,36.71561050415039,37.36802673339844,35.98647689819336,31.905147552490234,26.92704963684082,24.080333709716797,25.731258392333984,30.70421600341797,36.46284484863281,39.27212142944336,36.54167556762695,32.06642532348633,30.087629318237305,30.803577423095703,31.709224700927734,31.21316146850586,28.38348388671875,24.09699821472168,23.019861221313477,26.181459426879883,29.118810653686523,29.579225540161133,28.721851348876953,27.24776840209961,25.908113479614258,26.39458465576172,28.781522750854492,31.99545669555664,34.414703369140625,33.55731964111328,30.689050674438477,27.41289710998535,25.1323299407959,24.22202491760254,24.78595542907715,26.847476959228516
36.2948112487793,37.031105041503906,38.3612060546875,38.46041488647461,37.28223419189453,36.032867431640625,35.60512924194336,36.0188102722168,36.68047332763672,37.304222106933594,37.0910758972168,34.679779052734375,30.79082489013672,27.53362464904785,27.05705451965332,30.2187442779541,35.67284393310547,40.39033508300781,40.261566162109375,35.9934196472168,31.917753219604492,30.787595748901367,31.633085250854492,31.809988021850586,29.710599899291992,25.92240333557129,23.372997283935547,25.41497230529785,29.411733627319336,32.04231262207031,32.06163024902344,30.353288650512695,28.97710418701172,29.199342727661133,30.730655670166016,33.805137634277344,37.28754425048828,36.112220764160156,31.362598419189453,27.92165756225586,27.43568229675293,27.038660049438477,24.88460350036621,23.69638442993164
