data/wind_data/wind_Surface_29.json
{"header": {"parameterUnit": "KT", "parameterCategory": 2, "nx": 255, "ny": 198, "lo1": 44.73521041870117, "la1": -3.236724853515625, "lo2": 111.26478576660156, "la2": 43.468475341796875, "dx": 0.26192745566368103, "dy": -0.23708222806453705, "refTime": "2025-02-20 05:00:00", "forecastTime": 0, "parameterNumber": 3, "parameterNumberName": "northward_wind"}, "data":
[rows 57 to 75 of 198, columns 0 to 42 of 255]
-0.8347270488739014,-1.2272236347198486,-1.7092972993850708,-2.664945602416992,-4.23909330368042,-5.022129058837891,-6.173868656158447,-7.042624473571777,-7.698359489440918,-7.778042316436768,-7.533515453338623,-7.70634126663208,-8.3969087600708,-8.160067558288574,-5.777824878692627,-1.9376533031463623,1.5414623022079468,-0.8782626390457153,-4.163664817810059,-1.7238819599151611,-0.012017430737614632,5.563425064086914,6.700474739074707,6.768551826477051,4.842817783355713,3.2982285022735596,1.3575383424758911,0.6195929050445557,2.15808367729187,0.5053841471672058,-1.2853983640670776,-1.4159770011901855,-1.4834144115447998,-1.5193322896957397,-2.1509056091308594,-1.8794828653335571,-2.3416712284088135,-2.7996041774749756,-3.4446632862091064,-4.2703776359558105,-4.374257564544678,-4.553244113922119,-5.104955673217773
-0.49461662769317627,-1.2025551795959473,-1.695820689201355,-2.5084855556488037,-4.0116987228393555,-4.994664192199707,-5.433517932891846,-6.492286205291748,-7.946133136749268,-8.521869659423828,-8.844197273254395,-8.552312850952148,-7.9760847091674805,-7.150119781494141,-5.365411758422852,-2.950742483139038,-2.4794793128967285,-3.3384571075439453,-4.419669151306152,-4.741049289703369,-2.7764694690704346,0.5017688870429993,2.2878711223602295,3.8010287284851074,4.814746379852295,1.8615562915802002,-1.3287737369537354,-0.5020928382873535,3.2815802097320557,2.0990405082702637,0.9356734156608582,0.45943859219551086,-0.870630145072937,-0.7309442758560181,-2.244734764099121,-3.417302370071411,-3.8012375831604004,-3.461360216140747,-3.0124480724334717,-2.3759849071502686,-2.664841651916504,-3.6598124504089355,-4.153787136077881
-0.48961660265922546,-1.0820788145065308,-1.6024733781814575,-2.67472243309021,-4.551959991455078,-4.641781330108643,-5.445333480834961,-6.342710494995117,-7.090012073516846,-7.053734302520752,-7.427315711975098,-7.4336466789245605,-6.858019828796387,-5.79407262802124,-5.250415325164795,-4.926641941070557,-4.949592113494873,-3.6875429153442383,-3.0259296894073486,-2.3385708332061768,-0.9515626430511475,0.34530454874038696,1.2837806940078735,2.152125358581543,2.5545032024383545,1.3845734596252441,0.508750855922699,-0.914258599281311,0.1075335144996643,1.9762269258499146,1.719323992729187,1.0653740167617798,1.1829783916473389,-0.4373725652694702,-1.7644644975662231,-2.442718744277954,-2.001566171646118,-1.730290412902832,-1.6850875616073608,-1.985067367553711,-2.6401028633117676,-2.936535358428955,-2.824591636657715
-0.8544999957084656,-1.1768591403961182,-1.638581395149231,-3.113398551940918,-6.340125560760498,-6.438483238220215,-6.810038089752197,-6.505671977996826,-5.917795181274414,-6.181764125823975,-6.717713832855225,-6.907421588897705,-6.550353050231934,-5.3772783279418945,-4.249963283538818,-3.5213663578033447,-3.822719097137451,-4.25065803527832,-3.2137131690979004,-1.4049232006072998,0.4461112320423126,1.3975327014923096,1.7910404205322266,1.9439247846603394,0.806729257106781,-0.3609895706176758,0.4375700056552887,1.1521906852722168,1.5693488121032715,1.0720893144607544,0.4886503219604492,0.39607852697372437,1.2429109811782837,-0.8039044737815857,-0.23470203578472137,0.09496822953224182,-1.447704553604126,-1.995894193649292,-2.283572196960449,-2.8336305618286133,-1.8265122175216675,-0.6961462497711182,-1.1977081298828125
-1.5176963806152344,-1.7436999082565308,-1.7793385982513428,-2.4038970470428467,-4.3965535163879395,-5.726065158843994,-6.313023090362549,-6.0981125831604,-5.1140570640563965,-4.776472568511963,-4.9614105224609375,-4.7516021728515625,-5.09714937210083,-5.1713175773620605,-4.4560112953186035,-4.003787517547607,-3.600504159927368,-2.415672779083252,-0.58509761095047,0.34007158875465393,1.228391170501709,1.6037393808364868,2.3378288745880127,2.554352045059204,2.325984001159668,1.4479267597198486,0.6968140602111816,1.6786470413208008,2.428922176361084,2.0354347229003906,2.0738234519958496,0.5258311629295349,0.12453360855579376,1.3351335525512695,1.7414366006851196,1.55536949634552,0.13378764688968658,-1.0081729888916016,-1.543212652206421,0.26275044679641724,0.8454520106315613,0.32781392335891724,-0.7782228589057922
-2.0091564655303955,-1.8206310272216797,-1.5315519571304321,-1.9153048992156982,-3.726658582687378,-4.331528186798096,-5.336705207824707,-6.2664361000061035,-7.3333635330200195,-6.861802101135254,-5.522289276123047,-3.9026901721954346,-2.8986809253692627,-3.162646532058716,-3.913701295852661,-3.390734910964966,-3.227803945541382,-2.4324657917022705,-1.5164917707443237,-0.8607211112976074,0.4712652862071991,1.2626286745071411,1.472001075744629,1.5766181945800781,1.99382746219635,2.3374228477478027,1.7385022640228271,0.6809913516044617,1.136073350906372,1.8039283752441406,1.3527196645736694,0.8727318644523621,1.106643557548523,1.4518641233444214,1.0895766019821167,1.7368067502975464,2.9660427570343018,2.460991859436035,1.5540815591812134,0.40017959475517273,-0.6551399230957031,-1.057727336883545,-0.47464942932128906
-0.8962051868438721,-0.37704867124557495,-0.25093403458595276,-1.034531593322754,-4.042313098907471,-5.390071868896484,-6.669948577880859,-6.77597713470459,-7.319211959838867,-7.456868648529053,-7.439727783203125,-7.632026672363281,-6.806472301483154,-4.510136604309082,-3.7719595432281494,-3.621729850769043,-3.122545003890991,-2.1783828735351562,-1.340544581413269,-0.23153287172317505,0.21182458102703094,0.6779996752738953,1.8518590927124023,2.0719759464263916,1.1656137704849243,1.1130430698394775,1.403587818145752,1.3635306358337402,1.7307466268539429,1.1309953927993774,1.551811933517456,2.1357083320617676,1.8748857975006104,2.309792995452881,3.0578596591949463,2.4839773178100586,2.5807361602783203,1.0440490245819092,0.6800909638404846,-0.4725135266780853,-0.10523473471403122,0.48171308636665344,0.619134783744812
1.3197804689407349,1.2247413396835327,0.7881944179534912,-0.2730391323566437,-4.355762004852295,-5.48517370223999,-6.417562484741211,-6.252861499786377,-6.0180253982543945,-5.824630260467529,-6.765057563781738,-7.3953857421875,-6.8557868003845215,-5.991239070892334,-4.072150707244873,-3.2993273735046387,-2.7195398807525635,-1.5457744598388672,-1.183557391166687,-1.2030538320541382,0.21022821962833405,1.135625958442688,1.0663930177688599,0.1964486986398697,-0.48285892605781555,-0.6843724846839905,-0.14375437796115875,1.5759928226470947,1.8151297569274902,1.1539250612258911,1.785810947418213,2.0823493003845215,2.020206928253174,2.124168872833252,1.7526423931121826,1.1288063526153564,0.6413792967796326,-0.17986053228378296,-0.5530110001564026,0.23907695710659027,0.7138327956199646,0.7938640117645264,0.6222882270812988
2.3899776935577393,1.1743378639221191,0.2240149825811386,-1.672389030456543,-5.304992198944092,-4.691137790679932,-4.864204406738281,-6.130490303039551,-7.529076099395752,-7.648472309112549,-7.802001953125,-7.308189392089844,-5.210858345031738,-3.574878692626953,-2.5532846450805664,-1.9752451181411743,-1.4074159860610962,-0.5989623665809631,-0.9681755900382996,-1.436202883720398,-0.08416503667831421,0.5536462068557739,-0.22995544970035553,-0.8396094441413879,-0.7517004609107971,0.7595031261444092,0.4268161356449127,1.9476020336151123,2.5749452114105225,2.116853713989258,2.524066686630249,2.8152878284454346,3.0445427894592285,1.678376317024231,0.8815401792526245,1.6274137496948242,1.6011550426483154,2.0733516216278076,1.498523473739624,1.6363797187805176,1.278635025024414,0.22041283547878265,1.060693383216858
2.335472345352173,1.785123586654663,1.2578715085983276,-0.3717641830444336,-2.6648945808410645,-3.0360922813415527,-3.941898822784424,-4.716860294342041,-7.048345565795898,-7.218735694885254,-8.185510635375977,-8.132214546203613,-8.425455093383789,-5.00068473815918,-2.731879711151123,-2.9362308979034424,-2.9931039810180664,-2.4613587856292725,-1.7847305536270142,-2.3055813312530518,-3.369657039642334,-3.735640048980713,-2.766179084777832,-0.4866158366203308,0.2504269778728485,0.24888858199119568,0.6053076982498169,0.8610157370567322,0.8863641619682312,1.6171122789382935,2.0297789573669434,2.299504280090332,2.5894851684570312,3.125087261199951,3.809464931488037,4.314295768737793,4.895002841949463,4.7158894538879395,4.083498477935791,3.3593764305114746,2.053725481033325,0.9504701495170593,0.8899273872375488
2.1669015884399414,3.065765857696533,3.9767050743103027,3.508401870727539,2.8003129959106445,2.7623023986816406,3.526445150375366,3.0876150131225586,-1.572938323020935,-3.685131311416626,-6.6756205558776855,-7.783212661743164,-8.317970275878906,-7.006505966186523,-5.076655387878418,-3.9328300952911377,-3.0412957668304443,-3.1834185123443604,-2.1727559566497803,-2.8269336223602295,-3.2062063217163086,-2.499018430709839,-0.9098649024963379,-0.3899252116680145,-0.40852707624435425,-0.9532549977302551,-1.1768054962158203,-0.912002682685852,0.6486077308654785,0.783771276473999,1.2166180610656738,1.7632150650024414,2.3089191913604736,2.7690320014953613,3.07985258102417,3.3612444400787354,3.7831919193267822,4.2130656242370605,4.621427059173584,4.261388301849365,3.453470468521118,2.9490654468536377,1.983262300491333
1.9778414964675903,3.4201385974884033,4.811683177947998,5.020107746124268,7.355321407318115,9.521575927734375,11.955530166625977,12.595096588134766,6.522900581359863,0.786822497844696,-4.808675289154053,-7.541075706481934,-7.118080139160156,-6.172980785369873,-5.1422576904296875,-4.29390287399292,-2.398672580718994,-1.5703675746917725,0.23273628950119019,1.0681058168411255,0.46756356954574585,-0.10006631165742874,-0.8154475688934326,-1.8301784992218018,-1.723304033279419,-1.3147917985916138,-0.7047761678695679,-0.43331941962242126,-0.6934590935707092,-0.47749680280685425,0.4098660945892334,0.9089919924736023,1.75397527217865,2.2730932235717773,2.5162065029144287,2.6526875495910645,2.5940656661987305,3.1139187812805176,3.7210350036621094,4.305865287780762,4.861006259918213,4.639578342437744,3.750917911529541
2.1630020141601562,3.393239974975586,4.216728210449219,4.623464107513428,8.39670467376709,10.209110260009766,10.499837875366211,12.758776664733887,11.604217529296875,6.6570563316345215,0.41180160641670227,-3.890475034713745,-3.755669116973877,-1.6631832122802734,1.366943359375,2.3570127487182617,0.8536556363105774,-2.5945534706115723,-3.237658739089966,-1.6228578090667725,-0.7089160084724426,-0.8209722638130188,-0.8812840580940247,-0.9718014001846313,-0.5638316869735718,-1.1394901275634766,-1.1977237462997437,-0.19993846118450165,0.021455863490700722,-0.12513700127601624,0.07449634373188019,0.6066872477531433,1.4923022985458374,1.8087795972824097,1.9489620923995972,2.0419583320617676,2.1223316192626953,2.431908369064331,2.7729620933532715,3.2274773120880127,3.8376588821411133,4.447372913360596,4.694014072418213
2.443068742752075,3.0496816635131836,3.186323642730713,3.0924794673919678,5.552034378051758,6.264219760894775,6.1072282791137695,9.534476280212402,12.604287147521973,11.14555549621582,7.182469367980957,3.4862658977508545,3.1184401512145996,5.582703113555908,9.382903099060059,11.338775634765625,7.982009410858154,0.6194703578948975,-1.8950835466384888,-2.7563302516937256,-2.147012948989868,-0.8564872741699219,1.643723726272583,0.39483654499053955,0.25364428758621216,1.503061294555664,0.6414785385131836,-1.1851688623428345,-0.04394477605819702,-0.9001438617706299,-0.3470016121864319,0.08022749423980713,0.8537685871124268,1.4969731569290161,1.7873750925064087,1.9021049737930298,1.9704790115356445,2.11704158782959,2.2851366996765137,2.5652127265930176,2.8852217197418213,3.3800106048583984,3.782003879547119
2.2312378883361816,2.631282329559326,2.095705509185791,0.9571998715400696,1.5329877138137817,3.16646409034729,5.522241115570068,9.569469451904297,12.860652923583984,15.635504722595215,14.767049789428711,12.734006881713867,13.12387466430664,15.193819999694824,16.714683532714844,16.247047424316406,13.530816078186035,8.368436813354492,6.128724575042725,4.091394901275635,3.6583571434020996,3.718883752822876,2.6994986534118652,-1.4532883167266846,-1.2100839614868164,1.2597814798355103,1.6461296081542969,-0.47940245270729065,-2.3973145484924316,-2.288456439971924,-0.9729965925216675,-0.5788898468017578,0.8247665762901306,1.3543986082077026,1.384189486503601,1.5878934860229492,1.8778352737426758,2.1709840297698975,2.4306962490081787,2.648240089416504,2.7561981678009033,2.880056142807007,3.1275553703308105
1.600224494934082,1.7528191804885864,0.5680723190307617,-0.4063093066215515,0.17644281685352325,2.4587578773498535,4.927621364593506,9.489975929260254,9.77523422241211,13.174906730651855,15.382210731506348,16.64636993408203,17.3397274017334,17.41852378845215,15.054430961608887,13.664860725402832,15.165125846862793,16.584941864013672,17.666717529296875,17.57037925720215,17.20383644104004,15.569145202636719,10.40168571472168,3.6997530460357666,1.6186684370040894,2.5224432945251465,1.3936707973480225,0.8286786675453186,-1.792754888534546,-3.2532427310943604,-2.0677483081817627,-1.893444538116455,-0.15400220453739166,0.9768222570419312,1.0861291885375977,1.3680551052093506,1.6017906665802002,1.8577027320861816,2.071539878845215,2.341654062271118,2.755186080932617,2.9984357357025146,3.1422371864318848
0.23125006258487701,0.06348162144422531,-0.3072548806667328,-0.10201095789670944,0.10344816744327545,2.838519334793091,4.6235737800598145,8.403578758239746,4.793724536895752,1.5688040256500244,1.7566651105880737,6.546685218811035,7.496739864349365,5.096670150756836,3.145531177520752,5.68978214263916,10.089578628540039,12.388060569763184,11.171769142150879,10.113245964050293,10.593677520751953,13.892084121704102,13.48317813873291,11.878196716308594,10.848821640014648,8.86793327331543,5.166994094848633,0.877301812171936,-3.328104257583618,-2.713756799697876,-2.0170416831970215,-2.4264543056488037,-1.0774370431900024,0.6626037359237671,0.7113713026046753,1.0222892761230469,1.278741717338562,1.7834957838058472,2.3174867630004883,2.802037239074707,2.991832971572876,3.0989441871643066,3.2464115619659424
-1.0266261100769043,-1.4627126455307007,-0.3551913797855377,1.020993709564209,0.45279964804649353,2.1251447200775146,4.124291896820068,7.121859550476074,3.7032902240753174,-2.1300737857818604,-4.9366254806518555,-1.4102729558944702,0.061874814331531525,-2.255340814590454,-2.149578332901001,1.4836161136627197,3.79982328414917,2.630825996398926,-2.2823598384857178,-3.5091705322265625,-3.163684844970703,2.7608084678649902,9.547601699829102,12.523444175720215,11.822011947631836,9.833205223083496,6.909740447998047,2.181061267852783,-2.471778392791748,-2.4252398014068604,-0.4407571256160736,-0.500584602355957,-0.3413994014263153,0.3791827857494354,0.8169386982917786,0.9375957250595093,0.9883361458778381,1.10952627658844,1.4489824771881104,1.981911063194275,2.5847861766815186,3.263559341430664,3.499246597290039
-1.214186429977417,-1.0459446907043457,0.36884236335754395,2.011814594268799,2.289165496826172,2.3695361614227295,4.938477039337158,8.602313995361328,7.047808647155762,3.6791341304779053,2.0772924423217773,4.172698974609375,5.349168300628662,3.4529476165771484,2.135796308517456,4.706445693969727,3.8486838340759277,0.7629712820053101,-2.1179778575897217,-2.1501665115356445,-1.0591654777526855,0.27490511536598206,2.8509702682495117,2.156799793243408,1.378125548362732,2.2001824378967285,1.6718076467514038,-0.7538421154022217,-2.8841564655303955,-2.595965623855591,0.6555014252662659,1.9988000392913818,1.1830769777297974,0.8421587347984314,0.8621480464935303,0.6674723029136658,0.9010301232337952,1.0759251117706299,1.540606141090393,2.345249652862549,2.9259886741638184,3.352536678314209,3.664470672607422
