data/wind_data/wind_16_8.json
{"header": {"parameterUnit": "KT", "parameterCategory": 2, "nx": 256, "ny": 198, "lo1": 44.73521041870117, "la1": -3.236724853515625, "lo2": 111.26478576660156, "la2": 43.468475341796875, "dx": 0.2609002888202667, "dy": -0.23708222806453705, "refTime": "2025-02-19 16:00:00", "forecastTime": 0, "parameterNumber": 2, "parameterNumberName": "eastward_wind"}, "data":
[rows 152 to 170 of 198, columns 44 to 87 of 256]
47.372596740722656,46.8237419128418,46.46320724487305,45.72173309326172,44.335941314697266,42.429508209228516,40.20901107788086,38.088130950927734,36.42792892456055,35.202693939208984,34.28099822998047,33.51118850708008,33.1805534362793,33.664833068847656,33.96624755859375,33.8153076171875,34.65153121948242,36.435245513916016,37.67068099975586,38.087913513183594,38.19028854370117,38.38326644897461,39.00667190551758,40.05349349975586,40.94202423095703,41.036354064941406,40.50435256958008,40.252376556396484,40.71898651123047,41.428932189941406,41.865455627441406,42.2819709777832,43.39752960205078,45.07955551147461,44.422454833984375,39.791473388671875,34.43793869018555,32.40060806274414,33.650733947753906,35.14704895019531,36.579811096191406,38.33636474609375,39.03566360473633,38.83591079711914
47.13652801513672,46.68050003051758,46.19017028808594,45.45156478881836,44.219085693359375,42.53717803955078,40.77336120605469,39.23515319824219,37.91972732543945,36.68644714355469,35.572914123535156,34.516822814941406,33.644264221191406,33.632137298583984,33.97096633911133,33.89594268798828,34.40169906616211,35.914100646972656,37.303016662597656,38.005794525146484,38.1195068359375,38.081520080566406,38.578208923339844,39.6121940612793,40.496421813964844,40.73341369628906,40.351505279541016,39.92999267578125,40.134159088134766,40.76636505126953,41.064720153808594,41.21100616455078,42.20042037963867,43.982295989990234,43.79353332519531,40.06745910644531,35.341453552246094,32.569366455078125,32.509361267089844,33.86906814575195,35.839874267578125,37.96524429321289,39.21720504760742,39.709983825683594
47.34423065185547,46.49477005004883,45.74347686767578,45.258583068847656,44.61388397216797,43.34589385986328,41.722389221191406,40.317989349365234,39.17657470703125,38.01768112182617,36.779502868652344,35.501461029052734,34.27460479736328,33.79899978637695,34.06534957885742,34.0710563659668,34.29691696166992,35.42122268676758,36.758399963378906,37.59556198120117,37.73137283325195,37.53535842895508,37.8693733215332,38.846160888671875,39.76183319091797,40.13527297973633,39.93951416015625,39.53057098388672,39.54325485229492,40.04158401489258,40.37059783935547,40.440216064453125,41.12565612792969,42.40474319458008,41.83688735961914,38.500789642333984,34.58036422729492,32.10535430908203,31.56399154663086,32.802127838134766,35.021419525146484,36.9341926574707,37.92165756225586,39.12683868408203
47.59587097167969,46.62187576293945,46.09376525878906,45.896400451660156,45.498756408691406,44.4000129699707,42.644691467285156,40.92233657836914,39.66654968261719,38.71485900878906,37.70855712890625,36.449913024902344,35.0400505065918,34.104225158691406,34.042667388916016,34.16059112548828,34.3609504699707,35.13434600830078,36.15620040893555,36.896812438964844,37.06686019897461,36.866031646728516,37.05691146850586,37.907047271728516,38.8456916809082,39.39017868041992,39.45243835449219,39.24824905395508,39.20328140258789,39.40615463256836,39.59223175048828,39.76051330566406,40.31812286376953,40.912349700927734,39.825679779052734,36.655879974365234,33.1763801574707,30.989294052124023,30.58144760131836,31.800540924072266,33.75409698486328,35.29232406616211,36.23027420043945,37.88151931762695
48.19160461425781,47.733394622802734,47.40906524658203,46.92961502075195,46.17402648925781,45.0738639831543,43.395668029785156,41.36421585083008,39.705631256103516,38.73307800292969,37.98230743408203,36.979652404785156,35.75543975830078,34.64446258544922,34.169952392578125,34.33835220336914,34.78035354614258,35.33871078491211,35.85653305053711,36.29283905029297,36.545066833496094,36.47586441040039,36.57408142089844,37.30996322631836,38.28694534301758,38.89842224121094,39.03048324584961,38.94659423828125,38.922245025634766,38.97536087036133,39.073097229003906,39.41160202026367,40.04608917236328,40.205204010009766,38.803794860839844,35.86602020263672,32.510223388671875,30.18212127685547,30.060976028442383,31.668529510498047,33.53158187866211,34.71631622314453,35.36594009399414,36.87004852294922
49.1994743347168,49.15757751464844,48.686588287353516,47.71388244628906,46.45989990234375,45.137107849121094,43.55047607421875,41.56662368774414,39.703147888183594,38.508880615234375,37.76310348510742,37.00153732299805,36.174808502197266,35.3175163269043,34.675018310546875,34.7542839050293,35.41118621826172,35.950225830078125,36.103790283203125,36.235469818115234,36.527008056640625,36.62472152709961,36.60639572143555,37.040679931640625,37.98372268676758,38.76799774169922,38.93478775024414,38.73291778564453,38.60199737548828,38.68402099609375,39.035545349121094,39.63969421386719,40.183448791503906,39.85825729370117,38.124595642089844,35.38794708251953,32.30251693725586,30.10936737060547,30.350540161132812,32.14543914794922,33.94356155395508,35.094886779785156,35.206573486328125,35.98076629638672
49.621337890625,49.670101165771484,49.15780258178711,47.93872833251953,46.27388381958008,44.55470275878906,42.93833541870117,41.32896041870117,39.74258041381836,38.52839660644531,37.82208251953125,37.27640151977539,36.68398666381836,36.11587905883789,35.54890823364258,35.3186149597168,35.70710754394531,36.24342727661133,36.439945220947266,36.544986724853516,36.85240936279297,37.135711669921875,37.19551467895508,37.2633171081543,37.749351501464844,38.571937561035156,39.10991287231445,39.078460693359375,38.79265594482422,38.692726135253906,39.13206481933594,39.91883087158203,40.3203010559082,39.6325798034668,37.59819793701172,34.86695861816406,31.953868865966797,29.879192352294922,30.325273513793945,32.123291015625,33.56328201293945,34.701805114746094,34.812294006347656,34.85179138183594
49.14689636230469,49.19386291503906,48.71023178100586,47.352725982666016,45.44716262817383,43.61832046508789,42.222251892089844,41.1428108215332,39.956722259521484,38.87049865722656,38.48662185668945,38.38691711425781,37.89390563964844,37.24455642700195,36.61483383178711,35.93830871582031,35.61703872680664,35.83732986450195,36.23421096801758,36.5987548828125,37.0521125793457,37.56594467163086,37.9511604309082,37.99209213256836,37.87216567993164,38.22932434082031,39.11494827270508,39.750755310058594,39.59122085571289,39.09798812866211,39.225284576416016,39.94631576538086,40.24801254272461,39.5086784362793,37.51973342895508,34.684303283691406,31.621999740600586,29.425416946411133,29.718782424926758,31.260583877563477,32.418304443359375,33.75596618652344,34.412200927734375,33.94496154785156
48.696083068847656,48.54225158691406,47.79661560058594,46.48815155029297,44.81806182861328,43.24391174316406,42.165016174316406,41.45569610595703,40.57502746582031,39.64795684814453,39.53580856323242,39.8425407409668,39.44633483886719,38.549522399902344,37.59001922607422,36.464813232421875,35.528499603271484,35.30809020996094,35.686256408691406,36.30851364135742,37.03915023803711,37.79983139038086,38.45588684082031,38.7608642578125,38.49799346923828,38.24469757080078,38.86188507080078,40.01451873779297,40.40145492553711,39.80852508544922,39.45603561401367,39.90159225463867,40.17314147949219,39.52496337890625,37.77827453613281,35.09855651855469,31.844940185546875,29.144519805908203,28.82219123840332,30.126821517944336,31.420547485351562,33.127685546875,34.19773483276367,33.45614242553711
48.45520782470703,48.08143997192383,47.41880798339844,46.62763214111328,45.35540008544922,43.76308822631836,42.54267883300781,41.81899642944336,41.18673324584961,40.650856018066406,40.75640869140625,41.12049102783203,40.638206481933594,39.48030471801758,38.26277542114258,36.95594024658203,35.78117370605469,35.21009063720703,35.33906936645508,35.974945068359375,36.908138275146484,37.88468933105469,38.64963912963867,39.15033721923828,39.234169006347656,38.88783645629883,38.85747146606445,39.725868225097656,40.691810607910156,40.665836334228516,40.09082794189453,39.983638763427734,40.08028793334961,39.53141784667969,38.12812042236328,35.989803314208984,32.81273651123047,29.45631217956543,28.258913040161133,29.26850700378418,30.81631851196289,32.697509765625,33.74618911743164,33.09402084350586
48.3148307800293,48.32734680175781,48.17496109008789,47.77408218383789,46.46446228027344,44.327754974365234,42.48444747924805,41.521480560302734,41.174076080322266,41.24617385864258,41.736915588378906,42.100799560546875,41.427398681640625,39.97434616088867,38.57365036010742,37.348934173583984,36.28451919555664,35.60723876953125,35.46183395385742,35.879337310791016,36.72312545776367,37.72016906738281,38.57063293457031,39.15080261230469,39.516845703125,39.54849624633789,39.34407424926758,39.5855712890625,40.54877471923828,41.272865295410156,41.090232849121094,40.513275146484375,40.1136474609375,39.58135223388672,38.566978454589844,36.975345611572266,34.072998046875,30.484817504882812,28.728519439697266,29.186687469482422,30.28610610961914,32.05873489379883,33.20915985107422,32.449398040771484
47.77370071411133,48.730369567871094,49.37322998046875,48.98332977294922,47.17466735839844,44.27961730957031,41.69908905029297,40.504127502441406,40.48584747314453,41.123287200927734,42.03693389892578,42.60694122314453,42.07978057861328,40.64835739135742,39.10606384277344,37.70634841918945,36.563385009765625,35.94268035888672,35.851192474365234,36.201744079589844,36.86797332763672,37.6461181640625,38.375545501708984,38.92697525024414,39.27799987792969,39.54401779174805,39.712467193603516,39.84709548950195,40.40940856933594,41.32771682739258,41.78635025024414,41.37166213989258,40.59859848022461,39.864044189453125,39.047245025634766,37.882896423339844,35.380428314208984,31.839563369750977,29.763357162475586,29.829174041748047,30.331621170043945,31.372411727905273,32.635128021240234,32.253395080566406
46.886329650878906,48.07029724121094,49.4310302734375,49.327919006347656,47.33086013793945,44.19108963012695,41.27142333984375,39.75617980957031,39.767391204833984,40.74477005004883,41.94781494140625,42.68238830566406,42.5387077331543,41.54602813720703,40.08306121826172,38.36703872680664,36.7337760925293,35.8459358215332,35.91598892211914,36.57692337036133,37.397796630859375,38.06679153442383,38.512088775634766,38.80266571044922,38.97065353393555,39.15385055541992,39.508705139160156,39.92241668701172,40.3759651184082,41.059303283691406,41.762760162353516,41.89986801147461,41.357872009277344,40.526336669921875,39.648040771484375,38.65266036987305,36.58292770385742,33.169532775878906,30.74566650390625,30.666954040527344,30.964832305908203,30.989744186401367,31.71480369567871,32.12856674194336
46.94021987915039,47.632389068603516,48.660377502441406,48.324363708496094,46.332618713378906,43.61116409301758,41.19401931762695,39.68915557861328,39.49372100830078,40.488346099853516,41.804359436035156,42.54220962524414,42.527557373046875,41.94831085205078,40.8167610168457,39.08811950683594,37.07892990112305,35.70339584350586,35.6505012512207,36.601776123046875,37.778053283691406,38.601051330566406,38.939605712890625,38.995140075683594,38.953575134277344,38.95499038696289,39.16674041748047,39.62275314331055,40.2076416015625,40.83732986450195,41.443634033203125,41.80424880981445,41.6765022277832,41.06839370727539,40.24066925048828,39.28466796875,37.46906280517578,34.20899200439453,31.312950134277344,30.949209213256836,31.535995483398438,31.01546859741211,30.62684440612793,31.481000900268555
47.50743865966797,47.957271575927734,48.300331115722656,47.08317947387695,44.51298522949219,42.01323699951172,40.37640380859375,39.489315032958984,39.51515197753906,40.4419059753418,41.53974914550781,42.13364791870117,42.09107208251953,41.628135681152344,40.75155258178711,39.2552604675293,37.31644058227539,35.787742614746094,35.53318786621094,36.465816497802734,37.81439208984375,38.868492126464844,39.35308074951172,39.432762145996094,39.32487869262695,39.171104431152344,39.178985595703125,39.46236038208008,40.016868591308594,40.689422607421875,41.22178649902344,41.463619232177734,41.396976470947266,40.9959716796875,40.352542877197266,39.51909255981445,37.89529037475586,34.82928466796875,31.547473907470703,30.614084243774414,31.514925003051758,31.424240112304688,30.186737060546875,30.4909725189209
47.61050033569336,47.843109130859375,47.795658111572266,46.2418212890625,43.50926208496094,41.019229888916016,39.58262634277344,39.100955963134766,39.41141128540039,40.23585510253906,40.918556213378906,41.2343635559082,41.28682327270508,41.00232696533203,40.228309631347656,38.883995056152344,37.20227813720703,35.881343841552734,35.62057876586914,36.41490936279297,37.75050735473633,39.03141403198242,39.78927993774414,40.0202522277832,39.967864990234375,39.76947784423828,39.61452865600586,39.69100570678711,40.0790901184082,40.677310943603516,41.118186950683594,41.10325241088867,40.76704406738281,40.3454704284668,39.88274002075195,39.26929473876953,37.927738189697266,35.18422317504883,31.769649505615234,30.1734561920166,31.057737350463867,31.850141525268555,30.65763282775879,29.901575088500977
47.544410705566406,47.13161087036133,46.55935287475586,45.128578186035156,42.91350555419922,40.86343002319336,39.70089340209961,39.429073333740234,39.72243118286133,40.21089553833008,40.4202766418457,40.40066146850586,40.51117706298828,40.52119064331055,39.93803405761719,38.736759185791016,37.228214263916016,35.96040344238281,35.63002395629883,36.32276153564453,37.59715270996094,39.034339904785156,40.145687103271484,40.64840316772461,40.726036071777344,40.59598159790039,40.36604690551758,40.20508575439453,40.308963775634766,40.7437744140625,41.11166763305664,40.85028839111328,40.05722427368164,39.34054946899414,38.970645904541016,38.659793853759766,37.700416564941406,35.43336486816406,32.255531311035156,30.146944046020508,30.576740264892578,32.01005172729492,31.594562530517578,30.083654403686523
47.05732345581055,45.82950210571289,44.937129974365234,44.1588249206543,42.84306716918945,41.35771179199219,40.50270080566406,40.41395950317383,40.73195266723633,40.979061126708984,40.80160903930664,40.44590759277344,40.44077682495117,40.548744201660156,40.093711853027344,39.067176818847656,37.813411712646484,36.52194595336914,35.78409957885742,36.1349983215332,37.27899169921875,38.723045349121094,40.0964241027832,41.022056579589844,41.416568756103516,41.4461784362793,41.21499252319336,40.85700988769531,40.62220001220703,40.76298904418945,41.046531677246094,40.73015213012695,39.589202880859375,38.40748977661133,37.902915954589844,37.806270599365234,37.234676361083984,35.53654861450195,32.872032165527344,30.578933715820312,30.33103370666504,31.795700073242188,32.36046600341797,30.786861419677734
46.288536071777344,44.525875091552734,43.9429817199707,43.96944046020508,43.439273834228516,42.467918395996094,41.818336486816406,41.80490493774414,42.193912506103516,42.34744644165039,41.89128875732422,41.30903244018555,41.19056701660156,41.14936065673828,40.485992431640625,39.384395599365234,38.37192916870117,37.316043853759766,36.29043960571289,36.10225296020508,36.97962951660156,38.358680725097656,39.80014419555664,41.04085922241211,41.84685134887695,42.12628936767578,41.9468994140625,41.50739669799805,41.07807159423828,40.880069732666016,40.9117431640625,40.596954345703125,39.41470718383789,37.913883209228516,37.081077575683594,36.90301513671875,36.55814743041992,35.435325622558594,33.46297073364258,31.330657958984375,30.453298568725586,31.37932777404785,32.39763641357422,31.46070098876953
