data/wind_data/wind_33_7.json
{"header": {"parameterUnit": "KT", "parameterCategory": 2, "nx": 256, "ny": 198, "lo1": 44.73521041870117, "la1": -3.236724853515625, "lo2": 111.26478576660156, "la2": 43.468475341796875, "dx": 0.2609002888202667, "dy": -0.23708222806453705, "refTime": "2025-02-20 09:00:00", "forecastTime": 0, "parameterNumber": 2, "parameterNumberName": "eastward_wind"}, "data":
[rows 80 to 99 of 198, columns 176 to 219 of 256]
39.77608871459961,39.851707458496094,40.02671813964844,40.27022933959961,40.56138610839844,40.887699127197266,41.22127914428711,41.520835876464844,41.781272888183594,41.969966888427734,41.94594192504883,41.4547233581543,40.5420036315918,39.64577102661133,38.913848876953125,38.389766693115234,38.54469299316406,39.536582946777344,40.889957427978516,41.98957824707031,42.588008880615234,42.774906158447266,42.822425842285156,42.75270080566406,42.34593963623047,41.797454833984375,41.21800994873047,40.938018798828125,40.555580139160156,40.222084045410156,40.96084213256836,41.968021392822266,42.046058654785156,41.5561637878418,40.972225189208984,40.29157257080078,39.673519134521484,39.11112594604492,38.166717529296875,36.98670959472656,35.984825134277344,35.157676696777344,34.84806823730469,35.0509033203125
41.21522903442383,41.08279800415039,41.20152282714844,41.552066802978516,42.04860305786133,42.57570266723633,43.00947570800781,43.26834487915039,43.40028762817383,43.53697204589844,43.66094207763672,43.480064392089844,42.87705993652344,42.09665298461914,41.1899299621582,40.26398468017578,39.97653579711914,40.638973236083984,41.7728385925293,42.771728515625,43.323368072509766,43.572235107421875,43.881134033203125,44.24011993408203,44.161773681640625,43.79826354980469,43.56110382080078,43.60083770751953,43.326881408691406,42.432186126708984,42.520729064941406,43.41679382324219,43.551658630371094,43.196571350097656,42.995548248291016,42.78989791870117,42.374977111816406,41.84651184082031,40.883331298828125,39.60051345825195,38.489830017089844,37.42770004272461,36.638763427734375,36.592220306396484
43.2913703918457,42.929542541503906,42.81883239746094,42.947784423828125,43.3112678527832,43.87035369873047,44.45552444458008,44.880775451660156,45.084999084472656,45.201942443847656,45.326168060302734,45.2840461730957,44.91957473754883,44.39131164550781,43.61980438232422,42.565067291259766,42.06191635131836,42.5089225769043,43.235023498535156,43.921913146972656,44.386932373046875,44.51784133911133,44.72394561767578,45.23954391479492,45.42451477050781,45.26851272583008,45.29145050048828,45.58665084838867,45.80416488647461,45.25322341918945,44.73912811279297,44.79899597167969,44.702449798583984,44.541526794433594,44.65768051147461,44.92265701293945,44.83042526245117,44.29203796386719,43.35675811767578,42.21859359741211,41.10560607910156,39.98463821411133,38.98652648925781,38.59529113769531
45.66629409790039,45.36111831665039,45.13360595703125,44.96686553955078,44.98967742919922,45.287620544433594,45.73114776611328,46.17253112792969,46.54216003417969,46.82817459106445,46.99197769165039,46.95155715942383,46.69832992553711,46.37398147583008,45.824806213378906,44.95204544067383,44.501522064208984,44.68657684326172,44.9921760559082,45.46815490722656,45.86476135253906,45.822837829589844,45.90718460083008,46.29080581665039,46.530357360839844,46.75612258911133,47.03291702270508,47.39727783203125,47.80078887939453,47.7569465637207,47.12051773071289,46.37900161743164,46.070518493652344,46.04140853881836,46.26178741455078,46.776885986328125,46.96956253051758,46.44757843017578,45.6538200378418,44.74300003051758,43.70337677001953,42.75794219970703,41.93132400512695,41.2315788269043
47.58283233642578,47.66524887084961,47.69556427001953,47.553253173828125,47.40345001220703,47.394657135009766,47.468727111816406,47.6126823425293,47.90635681152344,48.289703369140625,48.521636962890625,48.501834869384766,48.35515213012695,48.201148986816406,47.81184387207031,47.122100830078125,46.82006072998047,46.85496520996094,46.85805130004883,47.283390045166016,47.673011779785156,47.384891510009766,47.13521957397461,47.46725082397461,47.862510681152344,48.432193756103516,48.809574127197266,49.01236343383789,49.369117736816406,50.08140182495117,49.47815704345703,48.399742126464844,47.73561477661133,47.52106475830078,48.066314697265625,48.80217742919922,48.98303985595703,48.47466278076172,47.7926139831543,47.06878662109375,46.20897674560547,45.496253967285156,44.88857650756836,44.22232437133789
48.94770050048828,49.26169204711914,49.67852783203125,49.941062927246094,50.058502197265625,50.07605743408203,49.93122863769531,49.707489013671875,49.641868591308594,49.806270599365234,49.964359283447266,49.97135925292969,49.95340347290039,49.94554901123047,49.692317962646484,49.13044357299805,48.897796630859375,48.85490798950195,48.675071716308594,49.08598709106445,49.74383544921875,49.3212890625,48.527278900146484,48.46696090698242,48.984073638916016,49.874794006347656,50.589290618896484,50.67936706542969,50.76919937133789,51.82101058959961,51.74357223510742,50.68327331542969,49.53330993652344,49.31417465209961,50.22304916381836,50.974708557128906,50.89752197265625,50.442195892333984,49.9288330078125,49.22215270996094,48.4365348815918,47.91510009765625,47.46171951293945,46.968605041503906
50.682830810546875,50.71250534057617,51.10002899169922,51.637332916259766,52.163246154785156,52.5313720703125,52.58346176147461,52.319366455078125,51.97135925292969,51.7681770324707,51.6795539855957,51.581668853759766,51.52438735961914,51.52220153808594,51.35857009887695,51.05415725708008,50.94377517700195,50.74077606201172,50.40412139892578,50.74920654296875,51.777008056640625,51.64213180541992,50.42155456542969,49.6717643737793,49.8766975402832,50.974822998046875,51.99058532714844,52.16781234741211,52.29269790649414,53.03988265991211,53.30997085571289,52.57785415649414,51.838592529296875,51.771968841552734,52.18975067138672,52.728214263916016,52.83256912231445,52.518829345703125,51.99494552612305,51.269012451171875,50.54383850097656,50.07764434814453,49.64501953125,49.14359664916992
53.4246940612793,52.98674774169922,52.98204803466797,53.35068130493164,53.88484191894531,54.386314392089844,54.6934700012207,54.695804595947266,54.44974136352539,54.129844665527344,53.86300277709961,53.59128952026367,53.295894622802734,53.031925201416016,52.78379821777344,52.785343170166016,52.868247985839844,52.569915771484375,52.1949462890625,52.46098327636719,53.54813766479492,53.8776741027832,52.704185485839844,51.46186065673828,51.113426208496094,51.777828216552734,52.907814025878906,53.48832321166992,53.63521957397461,54.10528564453125,54.37759017944336,54.091487884521484,54.30375671386719,54.24818420410156,54.12709045410156,54.24980926513672,54.47626495361328,54.29772186279297,53.74922180175781,53.1902961730957,52.68368911743164,52.26490783691406,51.762672424316406,51.07530212402344
56.73995590209961,56.12650680541992,55.85688018798828,55.91054153442383,56.073604583740234,56.248680114746094,56.41378402709961,56.52825927734375,56.52509307861328,56.379417419433594,56.185611724853516,55.88029861450195,55.352569580078125,54.72044372558594,54.30038833618164,54.46002960205078,54.69829559326172,54.4113655090332,54.05825424194336,54.27626419067383,55.19582748413086,55.78511428833008,54.936248779296875,53.497886657714844,52.79619216918945,53.14462661743164,54.02460479736328,54.5333137512207,54.52724075317383,54.89432907104492,55.33005142211914,55.928646087646484,56.32656478881836,56.324546813964844,56.16648483276367,55.89223098754883,55.70390701293945,55.45302200317383,55.12574768066406,54.93437576293945,54.66653823852539,54.495849609375,54.186309814453125,53.446327209472656
59.85157775878906,59.39281463623047,59.193355560302734,59.099857330322266,58.883148193359375,58.592227935791016,58.39586639404297,58.363834381103516,58.39987564086914,58.360225677490234,58.244056701660156,57.99641036987305,57.42432403564453,56.64211654663086,56.25546646118164,56.50541687011719,56.691349029541016,56.364601135253906,55.99752426147461,56.19998550415039,57.02267074584961,57.59315872192383,56.96648406982422,55.50997543334961,54.559635162353516,54.905357360839844,55.63286590576172,55.76736831665039,55.39597702026367,55.50144958496094,56.49066925048828,57.21144485473633,57.85124588012695,58.1190185546875,57.88287353515625,57.44878387451172,57.053890228271484,56.67819595336914,56.47362518310547,56.49359130859375,56.54462432861328,56.522220611572266,56.42676544189453,55.93754196166992
62.58009719848633,62.287620544433594,62.24304962158203,62.171302795410156,61.77814865112305,61.177162170410156,60.74888229370117,60.63382339477539,60.5557746887207,60.33573532104492,60.112545013427734,59.83817672729492,59.27950668334961,58.66909408569336,58.637855529785156,58.99783706665039,58.95571517944336,58.563621520996094,58.23101806640625,58.37583923339844,59.09731674194336,59.620018005371094,59.03286361694336,57.39736557006836,56.25668716430664,56.60033416748047,57.285343170166016,57.04881286621094,56.38661193847656,56.588680267333984,57.99798583984375,58.84714889526367,59.00389099121094,59.17631530761719,59.25483322143555,58.9981689453125,58.45500946044922,58.007232666015625,57.978336334228516,58.06690216064453,58.144107818603516,58.26772689819336,58.348506927490234,57.98274230957031
65.2284927368164,64.94878387451172,64.84599304199219,64.71189880371094,64.28497314453125,63.60654067993164,63.188682556152344,63.24686813354492,63.11690902709961,62.52253341674805,61.98218536376953,61.58406448364258,61.06842041015625,60.77736282348633,61.11830520629883,61.52482223510742,61.36425018310547,61.00774383544922,60.76125717163086,60.8319206237793,61.40472412109375,61.84817886352539,61.17219161987305,59.362403869628906,58.08935546875,58.23456954956055,58.671630859375,58.199520111083984,57.42885208129883,58.05540466308594,59.94517135620117,60.75017166137695,60.296142578125,60.13461685180664,60.293968200683594,60.104190826416016,59.6021614074707,59.316192626953125,59.524444580078125,59.65397262573242,59.62439727783203,59.791378021240234,59.79869842529297,59.46710968017578
67.99566650390625,67.70989990234375,67.40585327148438,67.00372314453125,66.439697265625,65.7721176147461,65.50469970703125,65.82821655273438,65.87150573730469,65.10736083984375,64.0661392211914,63.2279167175293,62.827125549316406,63.095970153808594,63.68124008178711,63.93136978149414,63.70630645751953,63.38622283935547,63.20762634277344,63.30223846435547,63.8046760559082,64.09697723388672,63.22097396850586,61.47997283935547,60.370330810546875,60.19878387451172,60.12479019165039,59.629512786865234,59.11970901489258,59.811126708984375,61.50471115112305,62.24893569946289,61.71989822387695,61.34365463256836,61.49783706665039,61.37934494018555,60.85111999511719,60.5829963684082,60.86936569213867,61.03251647949219,60.95378494262695,61.09524154663086,61.08477783203125,60.862525939941406
70.80206298828125,70.58766174316406,70.22042083740234,69.59395599365234,68.78968811035156,68.01858520507812,67.75880432128906,68.1301040649414,68.36290740966797,67.85527038574219,66.62635040283203,65.19640350341797,64.59744262695312,65.37458038330078,66.30670928955078,66.35954284667969,65.88720703125,65.5191421508789,65.42796325683594,65.53250122070312,65.91663360595703,66.09597778320312,65.17832946777344,63.707698822021484,62.950374603271484,62.48469543457031,62.121768951416016,62.22604751586914,62.1446533203125,61.918434143066406,62.24298095703125,62.80410385131836,63.05369567871094,63.06770324707031,63.123600006103516,62.982093811035156,62.452022552490234,62.06880187988281,62.18724822998047,62.179988861083984,62.02737808227539,62.335662841796875,62.46354675292969,62.31661605834961
73.59812927246094,73.4267807006836,73.15098571777344,72.56005096435547,71.67205047607422,70.75140380859375,70.18474578857422,70.21263885498047,70.52427673339844,70.45993041992188,69.45298767089844,67.61343383789062,66.4428482055664,67.39112854003906,68.83631134033203,68.93428039550781,68.24697875976562,67.74644470214844,67.58158874511719,67.49910736083984,67.7474365234375,67.9258804321289,66.92034149169922,65.62747955322266,65.44352722167969,65.04402923583984,64.49069213867188,65.2491226196289,65.78912353515625,64.67023468017578,63.41127014160156,63.525516510009766,64.38711547851562,64.81140899658203,64.83122253417969,64.73529052734375,64.38367462158203,63.94336700439453,63.57772445678711,63.140193939208984,63.09823226928711,63.587432861328125,63.96438217163086,64.15251922607422
76.34724426269531,76.21607971191406,76.02220916748047,75.58103942871094,74.83747100830078,73.88365936279297,72.998291015625,72.51205444335938,72.62213897705078,72.91508483886719,72.25732421875,70.04466247558594,68.22456359863281,69.60116577148438,71.63648223876953,71.50624084472656,70.67854309082031,70.30168914794922,70.04971313476562,69.69190216064453,69.79115295410156,69.75646209716797,68.47197723388672,67.4239501953125,67.71173858642578,67.4180908203125,66.67121887207031,67.50398254394531,68.6401596069336,67.95043182373047,66.28954315185547,65.57032012939453,66.00151824951172,66.3666000366211,66.43850708007812,66.59797668457031,66.50244140625,65.92552185058594,65.06571960449219,64.28961181640625,64.36243438720703,65.17172241210938,65.68208312988281,65.74695587158203
78.86099243164062,78.8870849609375,78.80342102050781,78.45437622070312,77.83596801757812,77.03047180175781,76.1135482788086,75.30535125732422,75.10418701171875,75.53553009033203,74.8394546508789,71.99629211425781,70.28866577148438,72.55182647705078,74.527099609375,73.80765533447266,72.984619140625,73.05931091308594,72.97879791259766,72.4332504272461,72.27193450927734,71.92899322509766,70.49015808105469,69.51315307617188,69.78557586669922,69.49236297607422,68.52791595458984,68.78129577636719,70.27827453613281,70.82184600830078,69.7043228149414,68.47674560546875,68.0697250366211,68.02976989746094,68.33390808105469,68.8675537109375,68.78851318359375,67.81519317626953,66.46031951904297,65.63880157470703,66.07035827636719,67.114501953125,67.52100372314453,67.23690795898438
80.89755249023438,81.15864562988281,81.25180053710938,81.00218963623047,80.43537902832031,79.72144317626953,78.94076538085938,78.23614501953125,78.06513214111328,78.40834045410156,77.2937240600586,74.21720886230469,72.92407989501953,75.33773040771484,77.19817352294922,76.61578369140625,75.77867889404297,75.8043441772461,75.87364959716797,75.46405029296875,75.13567352294922,74.47722625732422,72.98428344726562,72.00581359863281,72.20826721191406,72.03877258300781,70.94548034667969,70.33025360107422,71.18744659423828,72.45761108398438,72.37637329101562,71.2172622680664,70.24962615966797,69.9210205078125,70.3465805053711,71.11344909667969,71.30497741699219,70.01920318603516,68.09986877441406,67.38349151611328,68.09847259521484,69.0616683959961,69.17373657226562,68.56293487548828
82.40361022949219,82.76038360595703,83.00930786132812,82.9378433227539,82.46861267089844,81.77625274658203,81.0843276977539,80.72320556640625,80.90349578857422,81.2286376953125,79.9316177368164,76.94841766357422,76.17210388183594,77.8846664428711,79.25349426269531,79.4941177368164,79.11442565917969,78.74287414550781,78.52416229248047,78.31533813476562,77.93287658691406,76.93953704833984,75.5611572265625,74.84256744384766,75.11949920654297,75.23187255859375,74.222900390625,72.864013671875,72.619873046875,73.43328857421875,73.82202911376953,73.4139175415039,72.66585540771484,71.89167022705078,71.70250701904297,72.6407470703125,73.61249542236328,72.4900894165039,70.43013763427734,69.80648803710938,70.45294952392578,70.97753143310547,70.67781829833984,70.0240249633789
83.90103912353516,84.08499145507812,84.26292419433594,84.29449462890625,83.95932006835938,83.27175903320312,82.58746337890625,82.46890258789062,83.03903198242188,83.4582748413086,82.14270782470703,79.5001449584961,79.0613021850586,80.65396881103516,81.8030014038086,82.19438934326172,82.05982971191406,81.55748748779297,81.14177703857422,80.96493530273438,80.43415832519531,79.27876281738281,78.11236572265625,77.61532592773438,78.00704193115234,78.36408996582031,77.51799011230469,75.9745864868164,74.97734069824219,74.85091400146484,75.30436706542969,75.68170166015625,75.18260192871094,73.89665985107422,72.95015716552734,73.6202392578125,74.86046600341797,74.3866195678711,73.12899780273438,73.02412414550781,73.20353698730469,72.92074584960938,72.2599868774414,71.72900390625
