data/wind_data/wind_4_8.json
{"header": {"parameterUnit": "KT", "parameterCategory": 2, "nx": 256, "ny": 198, "lo1": 44.73521041870117, "la1": -3.236724853515625, "lo2": 111.26478576660156, "la2": 43.468475341796875, "dx": 0.2609002888202667, "dy": -0.23708222806453705, "refTime": "2025-02-19 04:00:00", "forecastTime": 0, "parameterNumber": 2, "parameterNumberName": "eastward_wind"}, "data":
[rows 57 to 75 of 198, columns 176 to 219 of 256]
-9.191245079040527,-7.887353897094727,-7.22874116897583,-6.728133201599121,-6.211174964904785,-6.526565074920654,-7.141939640045166,-6.96314001083374,-6.294487953186035,-5.7200493812561035,-5.340396404266357,-5.18622350692749,-4.916434288024902,-4.310454845428467,-4.006989002227783,-3.8803319931030273,-3.2778894901275635,-2.810514211654663,-2.6595563888549805,-3.598848819732666,-5.608825206756592,-6.732343673706055,-7.298197269439697,-8.90809154510498,-10.311399459838867,-10.717669486999512,-10.998045921325684,-11.148988723754883,-11.338827133178711,-11.933820724487305,-12.088764190673828,-11.65779972076416,-10.334176063537598,-9.831557273864746,-10.946297645568848,-11.634073257446289,-11.812956809997559,-12.270591735839844,-11.91176986694336,-10.878532409667969,-9.892557144165039,-9.576671600341797,-10.890101432800293,-13.014251708984375
-9.178171157836914,-8.106696128845215,-7.276233673095703,-6.662219047546387,-5.691843509674072,-5.507312774658203,-5.984716415405273,-6.304746150970459,-5.875805377960205,-5.229948997497559,-4.937658309936523,-4.768081188201904,-4.935093879699707,-5.092267990112305,-5.189183235168457,-5.044341564178467,-4.087039947509766,-3.1973159313201904,-2.8228724002838135,-3.356654644012451,-4.947243690490723,-6.465731143951416,-6.881768703460693,-8.111268997192383,-9.573391914367676,-9.85653305053711,-10.742108345031738,-11.838753700256348,-11.59836483001709,-10.9422607421875,-10.841777801513672,-10.549714088439941,-9.6360445022583,-9.169795989990234,-10.12205696105957,-11.193345069885254,-12.292500495910645,-13.539031982421875,-12.71612548828125,-10.029723167419434,-7.452561855316162,-6.1868109703063965,-7.511375904083252,-10.240376472473145
-7.816165924072266,-7.778015613555908,-7.437016010284424,-6.652637004852295,-5.189371109008789,-4.084138870239258,-4.040365695953369,-4.788149356842041,-5.153079986572266,-4.888515949249268,-4.578933238983154,-4.693897247314453,-5.449888706207275,-6.025440216064453,-6.264740467071533,-6.044610500335693,-5.310855388641357,-4.738910675048828,-4.465459823608398,-4.156229019165039,-4.132608413696289,-5.283093452453613,-6.012242317199707,-6.807741165161133,-8.402677536010742,-9.615389823913574,-11.172574043273926,-12.771509170532227,-12.706305503845215,-11.197223663330078,-10.010514259338379,-9.175031661987305,-8.893698692321777,-9.190239906311035,-9.934549331665039,-10.70202350616455,-11.630444526672363,-12.234493255615234,-11.205859184265137,-8.818177223205566,-5.977792739868164,-3.9276199340820312,-4.490715503692627,-7.276838779449463
-6.314605712890625,-6.282427787780762,-6.667614459991455,-6.35105037689209,-5.08810567855835,-4.081798076629639,-3.7337119579315186,-3.956516742706299,-4.367293834686279,-4.613465309143066,-4.596449375152588,-5.0924859046936035,-6.000090599060059,-6.744222164154053,-6.800584316253662,-6.142088890075684,-5.6475605964660645,-5.828790187835693,-5.964798450469971,-5.265388488769531,-4.136714458465576,-4.22816801071167,-5.5233917236328125,-6.2386908531188965,-7.165701389312744,-9.210405349731445,-11.778194427490234,-14.171960830688477,-14.762313842773438,-12.942980766296387,-10.642956733703613,-8.90472412109375,-8.625033378601074,-9.43439769744873,-10.204232215881348,-10.62522029876709,-11.087963104248047,-10.866827011108398,-9.26577091217041,-7.695380210876465,-5.801477909088135,-3.6069869995117188,-3.247570753097534,-5.3492937088012695
-5.9896464347839355,-4.865807056427002,-4.766581058502197,-4.869386196136475,-4.301781177520752,-4.107008934020996,-4.4612226486206055,-4.581009387969971,-4.73998498916626,-4.914830684661865,-4.595548152923584,-4.792151927947998,-5.46514892578125,-6.207909107208252,-6.320706367492676,-5.626399517059326,-4.999794960021973,-5.48964786529541,-6.312190532684326,-6.31107759475708,-5.360711574554443,-4.362517356872559,-4.8981475830078125,-5.989440441131592,-6.785168170928955,-8.983868598937988,-12.176777839660645,-14.893733978271484,-15.57999324798584,-14.094427108764648,-12.340169906616211,-10.774643898010254,-9.882057189941406,-9.845582008361816,-9.846434593200684,-9.635697364807129,-9.971434593200684,-10.013635635375977,-8.610383987426758,-6.845503807067871,-5.465455055236816,-4.554348945617676,-4.341065406799316,-5.43958044052124
-6.069063663482666,-4.3876800537109375,-3.254770278930664,-3.0283758640289307,-2.9711368083953857,-3.6052472591400146,-4.790858268737793,-5.410914421081543,-5.633158206939697,-5.6943440437316895,-5.023815631866455,-4.527020454406738,-4.759860038757324,-5.288726806640625,-5.567385673522949,-5.570693016052246,-5.30493688583374,-5.6406636238098145,-6.320736885070801,-6.614230155944824,-6.256556510925293,-5.305484294891357,-4.858889579772949,-5.698469638824463,-7.182485103607178,-9.374768257141113,-12.057522773742676,-13.777981758117676,-13.913869857788086,-13.402134895324707,-13.50766372680664,-13.107189178466797,-11.897128105163574,-10.604887008666992,-9.110649108886719,-7.739224433898926,-7.828542709350586,-8.468670845031738,-8.11094856262207,-6.450400352478027,-4.858546733856201,-5.309267520904541,-5.911344528198242,-6.484643459320068
-6.466739177703857,-4.656042098999023,-3.0876479148864746,-2.4347920417785645,-2.45702862739563,-3.064549446105957,-4.547298431396484,-5.693750381469727,-5.7311224937438965,-5.561160564422607,-5.250868320465088,-4.81619930267334,-4.539196491241455,-4.768635272979736,-5.4428205490112305,-5.642470359802246,-5.507895469665527,-5.767210006713867,-6.303921699523926,-6.565826892852783,-6.483839988708496,-6.222487449645996,-5.8591179847717285,-6.418253421783447,-7.850795269012451,-9.348432540893555,-11.002065658569336,-11.720303535461426,-11.427577018737793,-11.566940307617188,-12.7735595703125,-13.180397987365723,-12.404400825500488,-10.998414993286133,-9.00663948059082,-6.812902450561523,-5.981640815734863,-6.426548957824707,-7.165334701538086,-6.894599437713623,-5.59328556060791,-5.8074631690979,-6.471468925476074,-6.518385887145996
-7.075076580047607,-5.588506698608398,-3.9294488430023193,-2.8582780361175537,-2.5921919345855713,-2.94867205619812,-4.151838302612305,-5.491617202758789,-5.2773284912109375,-4.230588912963867,-3.9155569076538086,-4.0692877769470215,-3.7618227005004883,-3.8323755264282227,-4.899870872497559,-4.786098957061768,-4.043850421905518,-4.431983947753906,-5.418034553527832,-6.19212007522583,-6.70076847076416,-6.965863227844238,-6.928024768829346,-7.6828932762146,-8.706932067871094,-8.672347068786621,-8.984541893005371,-9.725278854370117,-9.918569564819336,-10.385146141052246,-11.3931303024292,-11.633864402770996,-10.840133666992188,-9.95138931274414,-8.575878143310547,-6.698818683624268,-5.585980415344238,-5.5589399337768555,-6.694831371307373,-7.969585418701172,-7.040892124176025,-6.134707450866699,-6.016966342926025,-5.263974666595459
-7.103952407836914,-6.787655830383301,-5.62807035446167,-4.134335994720459,-3.030285596847534,-2.9460103511810303,-3.739351511001587,-4.807564735412598,-4.838503360748291,-3.5747644901275635,-2.6720516681671143,-2.4908907413482666,-2.36543869972229,-2.6413440704345703,-3.571805953979492,-3.2257111072540283,-2.327608346939087,-2.9849252700805664,-4.419658184051514,-5.40841817855835,-6.315991401672363,-7.18525505065918,-7.669965744018555,-8.591733932495117,-9.284457206726074,-8.3103666305542,-7.211101531982422,-7.671511650085449,-8.629888534545898,-9.921439170837402,-11.407898902893066,-11.326042175292969,-9.623723983764648,-8.285717010498047,-6.921571254730225,-5.744395732879639,-5.521001815795898,-5.439604759216309,-6.2825493812561035,-7.7099995613098145,-7.125522136688232,-5.966874122619629,-5.218767166137695,-3.9621458053588867
-6.438165187835693,-7.120850563049316,-6.911029815673828,-5.649199962615967,-4.1719560623168945,-3.4148459434509277,-3.49787974357605,-3.908423900604248,-4.277431011199951,-3.9699313640594482,-3.2021334171295166,-2.4656951427459717,-2.0530383586883545,-2.1623380184173584,-2.6363675594329834,-2.5234179496765137,-2.3758201599121094,-3.2460222244262695,-4.4383440017700195,-5.1152472496032715,-5.701142311096191,-6.717771053314209,-8.03314208984375,-8.94551944732666,-9.205284118652344,-8.510828018188477,-7.503920555114746,-7.112250328063965,-7.753334999084473,-8.929779052734375,-10.55791187286377,-10.823651313781738,-9.518893241882324,-7.824713706970215,-5.623615741729736,-4.225366115570068,-4.713226318359375,-4.688797473907471,-4.78917932510376,-5.740304470062256,-5.704641342163086,-4.95284366607666,-3.9995150566101074,-2.877955913543701
-5.859014511108398,-6.047708988189697,-6.489262580871582,-6.120842933654785,-5.239047050476074,-4.525243759155273,-3.968301296234131,-3.59924054145813,-3.914915084838867,-4.348021984100342,-4.101986885070801,-3.463488817214966,-2.9793097972869873,-2.857438087463379,-2.8638644218444824,-3.267306327819824,-4.383604526519775,-5.530972957611084,-5.580844402313232,-5.214093208312988,-5.377598285675049,-6.142184734344482,-7.592692852020264,-8.62118148803711,-8.546619415283203,-8.505719184875488,-9.230627059936523,-9.240103721618652,-9.126014709472656,-8.894451141357422,-8.595146179199219,-7.801313400268555,-7.208957195281982,-7.113280773162842,-5.803196430206299,-4.202977657318115,-4.179664611816406,-4.050269603729248,-3.5270211696624756,-3.381453037261963,-3.6335740089416504,-3.2354719638824463,-2.5194404125213623,-2.107174873352051
-5.699711799621582,-4.97625207901001,-4.706342697143555,-4.861947059631348,-5.198818206787109,-5.545544624328613,-5.230362415313721,-4.298579216003418,-3.8952786922454834,-4.179074764251709,-4.322909832000732,-3.8916194438934326,-3.49015736579895,-3.875316858291626,-4.062107086181641,-4.313772678375244,-5.9038238525390625,-7.653209686279297,-7.266746997833252,-5.647450923919678,-4.953603267669678,-5.447269916534424,-6.316826343536377,-7.151063442230225,-7.173827171325684,-7.251821517944336,-9.289538383483887,-10.905415534973145,-10.977855682373047,-9.978283882141113,-8.180269241333008,-5.9039201736450195,-4.345818519592285,-4.593735694885254,-4.945373058319092,-5.322478294372559,-5.0085248947143555,-3.8069355487823486,-2.736661672592163,-2.175180196762085,-2.322636604309082,-2.2658402919769287,-2.0247645378112793,-2.6120262145996094
-5.335180759429932,-4.674959182739258,-3.9551265239715576,-3.5378904342651367,-4.129857540130615,-5.571530818939209,-6.220013618469238,-5.554562091827393,-4.532508850097656,-3.953277826309204,-3.7884256839752197,-3.4310693740844727,-3.1515772342681885,-4.0995588302612305,-5.134255409240723,-5.2387003898620605,-6.051310062408447,-7.661072731018066,-7.885608673095703,-6.52866268157959,-5.367065906524658,-5.1669111251831055,-5.304160118103027,-5.835018157958984,-5.9001874923706055,-5.435303688049316,-6.5458855628967285,-8.473258018493652,-9.675185203552246,-9.585296630859375,-8.198589324951172,-5.565056800842285,-2.8031110763549805,-1.7178864479064941,-1.923506736755371,-3.514096975326538,-4.446397304534912,-3.3185853958129883,-1.7558891773223877,-1.6007258892059326,-2.581062078475952,-2.8490021228790283,-2.7310471534729004,-3.919642210006714
-5.713576793670654,-4.987311840057373,-4.491648197174072,-3.8643155097961426,-3.740943670272827,-4.841616630554199,-6.144599914550781,-6.218674182891846,-5.282068729400635,-4.256069183349609,-3.4183738231658936,-2.7197177410125732,-2.53440260887146,-3.5489563941955566,-5.032924652099609,-5.554660320281982,-5.737147331237793,-6.390981674194336,-6.798948287963867,-6.538570880889893,-6.09312629699707,-5.764219760894775,-5.460251808166504,-5.972097873687744,-6.115909099578857,-5.094875335693359,-4.203024387359619,-4.4116621017456055,-5.232996463775635,-5.923728942871094,-5.687160491943359,-4.0960822105407715,-1.7146872282028198,-0.2700885832309723,0.2586023211479187,-0.3412289321422577,-1.6873103380203247,-1.9108283519744873,-0.7367584109306335,-0.9932234287261963,-3.0915472507476807,-3.946174144744873,-3.5377755165100098,-4.242547512054443
-6.689516067504883,-5.885818958282471,-5.487951755523682,-5.057276248931885,-4.581858158111572,-4.876697540283203,-5.721280097961426,-5.846157550811768,-5.130066871643066,-4.361143112182617,-3.6953561305999756,-2.838188409805298,-2.2507455348968506,-2.5771708488464355,-3.7670185565948486,-4.762983798980713,-5.245848655700684,-5.555373668670654,-5.652709007263184,-5.812248229980469,-6.170289993286133,-6.24008846282959,-6.016784191131592,-6.649668216705322,-7.212768077850342,-6.120609760284424,-4.1502838134765625,-2.7004191875457764,-1.9939855337142944,-1.8511719703674316,-1.9673669338226318,-1.7337865829467773,-1.4319270849227905,-0.4019375145435333,0.4910968542098999,0.5521349906921387,-0.05661950632929802,-0.33523473143577576,0.12578192353248596,-0.4527210295200348,-2.490652084350586,-3.8347058296203613,-3.589539051055908,-3.7455060482025146
-6.875887393951416,-6.993087291717529,-6.938795566558838,-6.606390476226807,-6.036097049713135,-5.578631401062012,-5.47987699508667,-5.230136394500732,-4.612337112426758,-4.061163902282715,-3.838423252105713,-3.415600538253784,-2.590991735458374,-1.920485258102417,-2.093956470489502,-2.967012405395508,-4.1086649894714355,-5.000936985015869,-5.219763278961182,-5.113858699798584,-5.4016594886779785,-6.045917987823486,-6.514081001281738,-7.172612190246582,-7.55722188949585,-6.6480393409729,-5.055973529815674,-3.5765132904052734,-2.2957897186279297,-1.5208743810653687,-1.1063551902770996,-1.2923959493637085,-2.191743850708008,-1.0660873651504517,0.19515608251094818,0.08524830639362335,-0.1379997432231903,0.30477219820022583,0.654464840888977,0.07360178232192993,-1.2968623638153076,-2.5768823623657227,-2.6241257190704346,-2.8512892723083496
-6.206582546234131,-7.645296096801758,-8.372785568237305,-7.916172027587891,-7.098146915435791,-6.122448444366455,-5.285921573638916,-4.901418209075928,-4.693467140197754,-4.317013263702393,-3.9381213188171387,-3.5426948070526123,-2.8378262519836426,-1.9158382415771484,-1.1250441074371338,-1.1349680423736572,-2.2258992195129395,-3.746140241622925,-4.6385931968688965,-4.44099760055542,-4.1554789543151855,-5.11641263961792,-6.707045078277588,-7.597413063049316,-7.3946733474731445,-6.547492027282715,-5.75093412399292,-4.859740257263184,-3.9301087856292725,-3.4557881355285645,-3.2655858993530273,-3.146130084991455,-3.078972816467285,-1.7520642280578613,-0.43472227454185486,-0.4066440165042877,-1.085317611694336,-0.9083221554756165,0.04799269884824753,0.352343887090683,-0.5159462690353394,-1.425058126449585,-1.2724725008010864,-1.1417155265808105
-6.218969821929932,-7.348577499389648,-8.027347564697266,-7.783613204956055,-7.217892646789551,-6.547657012939453,-5.4769978523254395,-4.828498363494873,-4.8596014976501465,-4.779234409332275,-4.156968593597412,-3.0593042373657227,-2.0203773975372314,-1.4937748908996582,-0.8192330598831177,-0.1454484760761261,-0.27849650382995605,-1.4432750940322876,-2.8292298316955566,-3.2546932697296143,-3.0968360900878906,-3.725296974182129,-5.674989700317383,-7.237944602966309,-7.152228355407715,-6.185407638549805,-5.6104655265808105,-5.14870023727417,-4.760202407836914,-4.867977619171143,-5.128063678741455,-4.841189384460449,-4.1088666915893555,-2.7639269828796387,-1.5300333499908447,-1.7659039497375488,-3.1898157596588135,-3.630337715148926,-2.1094045639038086,-0.6972615122795105,-0.8912944197654724,-1.268574595451355,-0.7467101812362671,-0.0904376208782196
-6.432980537414551,-7.54562520980835,-7.317960262298584,-6.481403350830078,-6.008169651031494,-6.103793621063232,-5.786163806915283,-4.979143142700195,-4.6487908363342285,-4.608196258544922,-4.086465835571289,-2.6587071418762207,-0.9698161482810974,-0.31963402032852173,-0.06915063410997391,0.5145997405052185,0.9883655905723572,0.8216169476509094,-0.10958964377641678,-1.1021850109100342,-1.9046939611434937,-2.56164288520813,-3.7529351711273193,-5.2613139152526855,-5.820033550262451,-5.300389289855957,-4.609950542449951,-4.271137237548828,-4.414228916168213,-4.800252914428711,-5.149548530578613,-5.517211437225342,-5.566981792449951,-4.260219097137451,-2.994638204574585,-3.570528745651245,-5.287689208984375,-5.82139253616333,-4.560565948486328,-3.1405081748962402,-2.442321300506592,-2.1026058197021484,-1.3682302236557007,-0.5363687872886658
