data/wind_data/wind_3_7.json
{"header": {"parameterUnit": "KT", "parameterCategory": 2, "nx": 256, "ny": 198, "lo1": 44.73521041870117, "la1": -3.236724853515625, "lo2": 111.26478576660156, "la2": 43.468475341796875, "dx": 0.2609002888202667, "dy": -0.23708222806453705, "refTime": "2025-02-19 03:00:00", "forecastTime": 0, "parameterNumber": 2, "parameterNumberName": "eastward_wind"}, "data":
[rows 0 to 19 of 198, columns 0 to 43 of 256]
-12.165624618530273,-11.918644905090332,-11.780707359313965,-11.720125198364258,-10.772924423217773,-9.195472717285156,-9.042196273803711,-9.863729476928711,-10.769608497619629,-11.584945678710938,-11.056282043457031,-10.504735946655273,-12.275444984436035,-14.207863807678223,-14.123414039611816,-14.101568222045898,-15.601601600646973,-16.498666763305664,-15.855896949768066,-14.841205596923828,-13.549552917480469,-13.063262939453125,-13.637364387512207,-13.4827299118042,-12.563973426818848,-12.273820877075195,-12.54384994506836,-13.273794174194336,-14.352313995361328,-15.421476364135742,-16.237791061401367,-15.676555633544922,-14.778347969055176,-15.118271827697754,-15.66181755065918,-15.567797660827637,-15.598496437072754,-16.43490219116211,-16.585071563720703,-15.087085723876953,-14.234959602355957,-14.644110679626465,-15.549151420593262,-16.94083595275879
-12.265924453735352,-12.661714553833008,-12.734397888183594,-12.760313987731934,-12.272708892822266,-11.748565673828125,-11.9320650100708,-12.179558753967285,-11.956202507019043,-11.618138313293457,-11.14120101928711,-10.900880813598633,-11.536182403564453,-12.380772590637207,-12.901904106140137,-13.486767768859863,-14.624025344848633,-15.640584945678711,-15.855520248413086,-15.718151092529297,-15.174806594848633,-14.567793846130371,-14.364907264709473,-13.909274101257324,-12.96444320678711,-12.371037483215332,-12.191096305847168,-12.54312515258789,-13.328306198120117,-14.30974292755127,-15.091902732849121,-14.058635711669922,-12.717300415039062,-13.333560943603516,-14.443924903869629,-14.673028945922852,-14.917665481567383,-15.631104469299316,-15.421935081481934,-14.001171112060547,-13.688104629516602,-14.711282730102539,-15.789844512939453,-16.787006378173828
-12.494673728942871,-13.26546859741211,-13.42265796661377,-13.224067687988281,-12.994736671447754,-13.006463050842285,-13.264264106750488,-13.305088996887207,-12.384175300598145,-11.334421157836914,-11.247146606445312,-11.403610229492188,-11.43335247039795,-12.171676635742188,-13.923511505126953,-15.090218544006348,-15.18363094329834,-15.346529006958008,-15.663834571838379,-16.334657669067383,-16.973779678344727,-16.319229125976562,-15.096251487731934,-14.719841957092285,-14.667789459228516,-14.225212097167969,-13.557221412658691,-13.113129615783691,-13.26476001739502,-14.012380599975586,-14.542037963867188,-13.627988815307617,-12.776274681091309,-13.51708698272705,-14.859976768493652,-16.022357940673828,-16.29131507873535,-15.563492774963379,-14.523717880249023,-13.61607837677002,-13.76175594329834,-14.481678009033203,-14.842414855957031,-14.937050819396973
-12.194295883178711,-13.125619888305664,-13.200224876403809,-13.267916679382324,-13.57597541809082,-13.94488525390625,-13.827544212341309,-13.7265043258667,-12.769086837768555,-11.738482475280762,-11.790409088134766,-11.809730529785156,-11.749041557312012,-12.963780403137207,-15.213545799255371,-16.313852310180664,-15.787243843078613,-15.298430442810059,-15.642374992370605,-16.802608489990234,-17.89067268371582,-17.25201988220215,-15.99705696105957,-15.940451622009277,-16.367273330688477,-16.02285385131836,-15.154816627502441,-14.259977340698242,-13.908102989196777,-14.288169860839844,-14.472679138183594,-14.050010681152344,-13.935901641845703,-14.514078140258789,-15.649223327636719,-17.020357131958008,-16.83504295349121,-15.103876113891602,-13.926024436950684,-13.548613548278809,-13.857996940612793,-14.207425117492676,-13.926400184631348,-13.478126525878906
-10.746262550354004,-11.244479179382324,-11.508386611938477,-12.741539001464844,-14.8382568359375,-14.330596923828125,-14.113551139831543,-13.802845001220703,-13.185012817382812,-12.388660430908203,-11.610367774963379,-11.793722152709961,-13.248990058898926,-15.05469799041748,-16.019662857055664,-16.092002868652344,-15.626848220825195,-15.513038635253906,-16.12876319885254,-16.568876266479492,-16.299386978149414,-15.803783416748047,-15.877423286437988,-16.272335052490234,-16.561494827270508,-16.25747299194336,-15.526083946228027,-15.004809379577637,-15.004546165466309,-14.810699462890625,-14.23235034942627,-14.183303833007812,-14.838385581970215,-15.50922679901123,-15.815908432006836,-15.848889350891113,-15.664570808410645,-15.2158784866333,-14.329094886779785,-13.388618469238281,-13.029340744018555,-12.781315803527832,-12.228779792785645,-12.378889083862305
-10.062769889831543,-9.957348823547363,-10.509721755981445,-12.493728637695312,-15.130810737609863,-14.216056823730469,-13.69390869140625,-13.49843692779541,-13.663627624511719,-12.888202667236328,-11.875967025756836,-12.95637321472168,-15.12509536743164,-16.18416404724121,-16.44019317626953,-16.579452514648438,-16.420446395874023,-16.35843276977539,-16.337066650390625,-16.16782569885254,-16.0651912689209,-16.21599006652832,-16.61985969543457,-17.055734634399414,-17.363780975341797,-17.03829574584961,-16.326791763305664,-16.026517868041992,-16.15457534790039,-15.843196868896484,-15.151485443115234,-14.807469367980957,-14.901346206665039,-15.238612174987793,-15.458061218261719,-15.622897148132324,-15.66285228729248,-14.824861526489258,-13.196290016174316,-11.790101051330566,-11.04989242553711,-10.621392250061035,-10.455142974853516,-10.913599967956543
-11.07015323638916,-10.746253967285156,-11.729825019836426,-13.834197998046875,-15.529135704040527,-14.334186553955078,-13.274693489074707,-12.647835731506348,-12.402359962463379,-12.4403715133667,-12.764425277709961,-13.4981107711792,-14.576870918273926,-15.0931978225708,-15.675106048583984,-16.617647171020508,-17.18712043762207,-17.426021575927734,-17.39053726196289,-17.617389678955078,-18.329038619995117,-18.800827026367188,-18.85143280029297,-18.74588394165039,-18.49624252319336,-17.951696395874023,-17.474117279052734,-17.414039611816406,-17.492801666259766,-17.36361312866211,-16.990835189819336,-16.192180633544922,-15.027155876159668,-14.476806640625,-14.642973899841309,-14.958722114562988,-14.762779235839844,-13.496699333190918,-11.823057174682617,-10.751666069030762,-10.23987102508545,-9.843667030334473,-9.333885192871094,-9.005218505859375
-11.159613609313965,-10.673651695251465,-11.61690616607666,-13.38625717163086,-14.149310111999512,-13.319897651672363,-12.503768920898438,-11.958028793334961,-10.747575759887695,-10.153816223144531,-11.432433128356934,-12.60367488861084,-12.571581840515137,-12.583894729614258,-13.442010879516602,-14.959036827087402,-16.3018798828125,-17.288434982299805,-18.295230865478516,-19.57663917541504,-20.48883628845215,-20.557689666748047,-20.26717185974121,-19.79745864868164,-19.0994815826416,-18.568374633789062,-18.597183227539062,-18.77927589416504,-18.6081600189209,-18.291290283203125,-17.923912048339844,-17.13540267944336,-15.731060981750488,-14.453527450561523,-13.760689735412598,-13.531246185302734,-13.288994789123535,-12.387395858764648,-11.192936897277832,-10.427329063415527,-9.997602462768555,-9.562939643859863,-8.694300651550293,-7.432246208190918
-9.732977867126465,-8.546806335449219,-8.976716041564941,-10.538045883178711,-11.570622444152832,-11.420157432556152,-10.927252769470215,-10.858232498168945,-10.866935729980469,-10.641292572021484,-10.582555770874023,-11.713711738586426,-11.916975021362305,-11.318502426147461,-11.542226791381836,-12.873467445373535,-14.749655723571777,-16.44110870361328,-17.990398406982422,-19.54880142211914,-20.431413650512695,-20.40192985534668,-19.921142578125,-19.456104278564453,-19.130367279052734,-19.088417053222656,-19.6859130859375,-20.223678588867188,-19.85808563232422,-19.14909553527832,-18.626955032348633,-18.19513702392578,-17.396310806274414,-16.07900619506836,-14.811984062194824,-13.78016185760498,-12.781708717346191,-11.543728828430176,-10.206053733825684,-9.379756927490234,-9.054905891418457,-8.341903686523438,-6.959830284118652,-5.344082832336426
-9.100334167480469,-7.014383792877197,-7.0986809730529785,-8.46104907989502,-10.370862007141113,-10.244508743286133,-10.341124534606934,-10.113612174987793,-10.705733299255371,-11.774574279785156,-12.156245231628418,-12.276966094970703,-12.213630676269531,-11.283565521240234,-10.838802337646484,-11.642757415771484,-13.330391883850098,-14.953163146972656,-15.897015571594238,-17.00152587890625,-18.393115997314453,-19.05248260498047,-18.768535614013672,-18.54471778869629,-18.849018096923828,-19.419401168823242,-20.332386016845703,-20.91179847717285,-20.606143951416016,-20.061931610107422,-19.664121627807617,-19.195363998413086,-18.505399703979492,-17.6580753326416,-16.73654556274414,-15.21052074432373,-13.196733474731445,-11.267486572265625,-9.778913497924805,-8.973126411437988,-8.37706184387207,-7.209885597229004,-5.75306510925293,-4.223127841949463
-9.437582015991211,-6.727478504180908,-6.4635329246521,-7.122104167938232,-9.883917808532715,-10.43073844909668,-11.07991886138916,-10.658927917480469,-10.052987098693848,-10.470413208007812,-12.500097274780273,-13.349111557006836,-12.32398796081543,-11.0200777053833,-10.308576583862305,-10.471579551696777,-11.279817581176758,-11.925223350524902,-12.34294319152832,-13.624490737915039,-14.96498966217041,-14.992790222167969,-15.053585052490234,-16.499404907226562,-18.187646865844727,-19.11773681640625,-19.677288055419922,-19.800718307495117,-19.625333786010742,-19.42185401916504,-19.22975730895996,-18.774763107299805,-18.06291389465332,-17.58823585510254,-16.959836959838867,-15.540507316589355,-13.618416786193848,-11.821372032165527,-10.279193878173828,-9.174776077270508,-8.523215293884277,-7.404385089874268,-5.843099594116211,-4.372529029846191
-8.489633560180664,-7.022999286651611,-6.676741600036621,-6.469988822937012,-9.190347671508789,-10.25220012664795,-10.968355178833008,-10.402636528015137,-9.080099105834961,-8.304716110229492,-9.92055606842041,-11.943863868713379,-11.51897144317627,-10.622636795043945,-9.981022834777832,-9.414896011352539,-9.093213081359863,-9.054875373840332,-10.151958465576172,-12.470451354980469,-13.87612247467041,-13.81395435333252,-14.008845329284668,-14.956008911132812,-15.931204795837402,-16.55719566345215,-17.00674819946289,-17.228057861328125,-17.260562896728516,-17.40833854675293,-17.418441772460938,-17.162357330322266,-16.82767105102539,-16.773889541625977,-16.518369674682617,-15.491579055786133,-13.988676071166992,-12.611021041870117,-11.071877479553223,-9.435750961303711,-8.308454513549805,-7.397625923156738,-6.283964157104492,-4.889142990112305
-6.425481796264648,-8.199884414672852,-7.987668991088867,-6.684046268463135,-8.576335906982422,-9.491277694702148,-9.941424369812012,-9.52621078491211,-8.671178817749023,-8.458623886108398,-9.462092399597168,-10.943732261657715,-11.562149047851562,-11.206303596496582,-10.344100952148438,-9.223771095275879,-8.559030532836914,-8.937281608581543,-10.60686206817627,-12.409197807312012,-13.179970741271973,-13.341439247131348,-13.387184143066406,-13.231773376464844,-12.699917793273926,-12.006682395935059,-12.272884368896484,-13.884617805480957,-15.220968246459961,-15.721394538879395,-15.916805267333984,-15.963201522827148,-16.233034133911133,-16.409151077270508,-16.122821807861328,-15.294363021850586,-13.771991729736328,-12.490816116333008,-11.408665657043457,-9.782004356384277,-7.9261250495910645,-6.293025493621826,-5.333785057067871,-4.765587329864502
-5.155914783477783,-8.283445358276367,-8.083444595336914,-6.470221519470215,-7.530404567718506,-8.676957130432129,-9.025050163269043,-9.096731185913086,-9.439218521118164,-10.094456672668457,-10.972770690917969,-12.333516120910645,-13.523378372192383,-13.036480903625488,-11.402280807495117,-9.790322303771973,-9.170988082885742,-10.106735229492188,-11.792489051818848,-12.271810531616211,-11.570391654968262,-10.96289348602295,-10.524653434753418,-10.049439430236816,-9.799571990966797,-9.694856643676758,-9.770130157470703,-10.503827095031738,-12.616095542907715,-14.203267097473145,-14.240633964538574,-14.415446281433105,-15.04167652130127,-15.094986915588379,-14.560317039489746,-13.674875259399414,-11.97578239440918,-10.402252197265625,-9.713298797607422,-8.842915534973145,-7.405909061431885,-6.399065017700195,-6.063309669494629,-5.789445877075195
-4.644984722137451,-6.945427894592285,-6.935925483703613,-5.790464878082275,-5.838390827178955,-7.221192359924316,-7.739614486694336,-8.812773704528809,-10.297012329101562,-10.87680721282959,-11.054798126220703,-11.871225357055664,-13.11833667755127,-13.618833541870117,-12.64250659942627,-11.549051284790039,-11.06564998626709,-11.046969413757324,-11.209810256958008,-11.001216888427734,-10.028271675109863,-8.735798835754395,-7.577483654022217,-6.762266159057617,-6.5914483070373535,-6.858601093292236,-7.0317063331604,-7.385778427124023,-8.815535545349121,-11.076118469238281,-12.65364933013916,-12.688115119934082,-12.557310104370117,-12.648698806762695,-12.16855525970459,-11.207974433898926,-9.897920608520508,-8.58039665222168,-7.923534393310547,-7.2161054611206055,-6.164122581481934,-6.016129493713379,-6.383662223815918,-5.660549640655518
-5.827600955963135,-7.265820503234863,-7.2001633644104,-5.67078971862793,-4.810268878936768,-5.493542194366455,-6.406841278076172,-8.170587539672852,-9.96726131439209,-10.809288024902344,-10.567084312438965,-10.0548677444458,-10.496877670288086,-11.867425918579102,-12.7911376953125,-13.190648078918457,-12.581103324890137,-11.033733367919922,-9.655186653137207,-8.977014541625977,-8.259139060974121,-7.010448455810547,-5.52083683013916,-4.437393665313721,-4.420618057250977,-4.571925640106201,-3.964247703552246,-3.2067229747772217,-3.5090441703796387,-5.6249213218688965,-8.161294937133789,-9.525501251220703,-9.663681030273438,-10.328333854675293,-11.12480354309082,-10.411354064941406,-8.712360382080078,-7.217437744140625,-6.44043493270874,-5.549557685852051,-4.401316165924072,-3.6616146564483643,-3.453207492828369,-2.9755537509918213
-7.895837783813477,-8.647372245788574,-8.103313446044922,-5.9795122146606445,-5.263010501861572,-5.546131610870361,-6.412087440490723,-7.267602443695068,-8.217242240905762,-9.472982406616211,-9.797930717468262,-9.467066764831543,-9.412641525268555,-10.24759578704834,-11.937541007995605,-12.736983299255371,-11.858588218688965,-10.219374656677246,-8.720151901245117,-7.381623268127441,-6.1556782722473145,-5.017659664154053,-3.865525245666504,-3.063037872314453,-3.0859909057617188,-3.583925485610962,-3.3853867053985596,-2.690431594848633,-2.4700074195861816,-3.469740390777588,-4.909880638122559,-6.345216751098633,-7.4851179122924805,-8.104146957397461,-8.535171508789062,-8.459237098693848,-7.000677585601807,-5.369476795196533,-4.467692852020264,-3.5856449604034424,-2.4379403591156006,-1.1558797359466553,-0.1269235461950302,-0.10157249122858047
-8.60655689239502,-8.489001274108887,-7.872615337371826,-6.694222450256348,-6.951352119445801,-6.90314245223999,-6.4196014404296875,-6.631670951843262,-7.5058441162109375,-8.489216804504395,-8.51910400390625,-8.588770866394043,-8.918924331665039,-9.32886791229248,-10.335938453674316,-10.553316116333008,-9.935104370117188,-9.393966674804688,-8.399672508239746,-6.6849446296691895,-4.892551898956299,-3.659858465194702,-2.8679466247558594,-2.2857110500335693,-2.1069281101226807,-2.1296355724334717,-2.1122841835021973,-1.750571846961975,-1.106183648109436,-1.0623036623001099,-1.9720196723937988,-2.897845983505249,-3.841028928756714,-5.3901543617248535,-6.01301908493042,-5.565282821655273,-4.78558874130249,-3.48835825920105,-2.171957492828369,-1.425136923789978,-0.6247151494026184,1.5804295539855957,3.8264145851135254,4.4754252433776855
-8.69387435913086,-7.75003719329834,-7.557374477386475,-7.815608501434326,-8.927648544311523,-8.64319896697998,-7.584402561187744,-7.855837821960449,-8.614781379699707,-8.531597137451172,-7.843818664550781,-7.996735095977783,-8.627379417419434,-8.616033554077148,-8.3142671585083,-8.224992752075195,-8.346680641174316,-8.421042442321777,-8.143263816833496,-7.476138114929199,-6.250401496887207,-4.604192733764648,-2.7986819744110107,-1.4460475444793701,-0.6975568532943726,0.003423582762479782,0.6608045101165771,1.357193946838379,2.353853464126587,2.5604660511016846,0.8125733733177185,0.04094152897596359,0.33673566579818726,0.9728545546531677,0.42451465129852295,-0.8885581493377686,-1.1412690877914429,-0.35084468126296997,1.4744988679885864,2.6147680282592773,3.319890022277832,4.519661903381348,6.021231651306152,6.576538562774658
-8.653032302856445,-7.304660320281982,-7.379148960113525,-8.239572525024414,-9.201703071594238,-10.247906684875488,-10.572053909301758,-9.837514877319336,-8.788677215576172,-7.380063533782959,-6.638833522796631,-7.270027160644531,-7.915426731109619,-7.660520076751709,-6.884042263031006,-6.876117706298828,-7.460003852844238,-7.9645280838012695,-8.377120018005371,-8.382948875427246,-7.687233924865723,-5.710008144378662,-3.0973546504974365,-1.1890807151794434,0.22790952026844025,1.5413929224014282,2.491529703140259,3.4247093200683594,4.59329891204834,4.901335716247559,5.117846965789795,6.104837417602539,7.3207573890686035,8.319673538208008,7.8250203132629395,5.326264381408691,3.9886841773986816,5.147818565368652,7.35159158706665,8.789937019348145,8.89500904083252,8.220308303833008,7.688363552093506,7.718009948730469
