data/wind_data/wind_0_6.json
{"header": {"parameterUnit": "KT", "parameterCategory": 2, "nx": 256, "ny": 198, "lo1": 44.73521041870117, "la1": -3.236724853515625, "lo2": 111.26478576660156, "la2": 43.468475341796875, "dx": 0.2609002888202667, "dy": -0.23708222806453705, "refTime": "2025-02-19 00:00:00", "forecastTime": 0, "parameterNumber": 2, "parameterNumberName": "eastward_wind"}, "data":
[rows 20 to 39 of 198, columns 176 to 219 of 256]
1.0438458919525146,0.48460957407951355,-1.7597602605819702,-2.008512496948242,-0.6543874144554138,-1.690049648284912,-4.255671977996826,-6.357468128204346,-5.7690935134887695,-4.361323356628418,-2.6655938625335693,-1.2570880651474,-1.5664030313491821,-4.27311372756958,-8.590838432312012,-10.29682445526123,-7.644038200378418,-4.516136646270752,-5.324235916137695,-7.648006439208984,-9.054825782775879,-8.98236083984375,-7.538411617279053,-7.729898452758789,-10.248404502868652,-12.389360427856445,-13.010673522949219,-12.200482368469238,-11.380044937133789,-11.886759757995605,-9.019181251525879,-6.170327186584473,-6.5425124168396,-10.132182121276855,-9.359370231628418,-5.670525074005127,-2.88399338722229,-6.301214694976807,-13.120821952819824,-12.819883346557617,-8.189811706542969,-10.046605110168457,-12.944328308105469,-12.26838493347168
1.4795492887496948,1.1873539686203003,-0.17779846489429474,-0.03335819020867348,2.532536745071411,-1.6154381036758423,-5.88653039932251,-5.704168796539307,-5.339362144470215,-3.59918212890625,-2.583599328994751,-2.784801483154297,-3.045654296875,-3.2568016052246094,-5.254322528839111,-7.562497615814209,-8.307208061218262,-6.44693660736084,-5.970439434051514,-7.730727195739746,-6.991153240203857,-5.980959892272949,-3.329127073287964,-2.5013206005096436,-10.890947341918945,-13.577024459838867,-11.948412895202637,-10.488572120666504,-12.738736152648926,-11.793673515319824,-10.231135368347168,-8.230005264282227,-8.22739315032959,-8.618643760681152,-7.165233135223389,-6.005618095397949,-5.479970932006836,-9.115850448608398,-11.37722110748291,-9.371540069580078,-9.247194290161133,-12.554052352905273,-11.98779296875,-12.511309623718262
2.8232545852661133,0.7544548511505127,-2.284935474395752,0.18592528998851776,-0.9362661242485046,-5.363187313079834,-6.842643737792969,-3.072999954223633,1.597158432006836,0.7984876036643982,-0.853333592414856,-2.7447009086608887,-3.0618016719818115,-1.4932730197906494,-1.413774847984314,-2.776036024093628,-6.2161545753479,-7.548316955566406,-5.1059465408325195,-4.895869255065918,-4.364614963531494,-3.453810691833496,-4.32837438583374,-7.17570161819458,-11.767515182495117,-11.911967277526855,-9.984267234802246,-9.25813102722168,-10.362537384033203,-11.193990707397461,-10.551249504089355,-9.2056884765625,-8.864974021911621,-9.569479942321777,-8.407157897949219,-6.054963111877441,-5.495949745178223,-8.150814056396484,-9.951225280761719,-8.060962677001953,-9.266539573669434,-11.206290245056152,-10.839821815490723,-11.248724937438965
-3.0820205211639404,-2.2519969940185547,-0.9238411784172058,1.5907747745513916,-0.7691909670829773,-0.9138193726539612,-1.2662487030029297,0.23356333374977112,2.163212299346924,1.5423431396484375,0.1227734312415123,0.013357602059841156,-0.1312643587589264,-0.12755225598812103,-0.27242299914360046,-1.589414358139038,-3.5090434551239014,-4.419460296630859,-3.3451154232025146,-3.1835362911224365,-7.92306661605835,-10.504674911499023,-8.683454513549805,-9.472681045532227,-11.270743370056152,-11.437665939331055,-10.171833038330078,-8.821070671081543,-8.153482437133789,-7.873832702636719,-8.244244575500488,-11.086490631103516,-13.383874893188477,-12.743781089782715,-10.019911766052246,-6.4786834716796875,-5.992095470428467,-9.273591041564941,-9.791157722473145,-8.011062622070312,-8.114657402038574,-10.085412979125977,-10.799182891845703,-11.83696460723877
-0.8457528352737427,0.6271235346794128,2.8371713161468506,3.3201756477355957,4.923577785491943,3.7685129642486572,1.018149733543396,1.4456926584243774,1.0402463674545288,-0.680265486240387,0.16548678278923035,-1.3935375213623047,-2.502214193344116,-1.1905131340026855,-1.2367591857910156,-2.2355284690856934,-0.2801426351070404,0.05235693231225014,-2.4030117988586426,-8.147648811340332,-10.712972640991211,-10.050142288208008,-7.736201286315918,-8.447663307189941,-10.125184059143066,-12.207125663757324,-11.112791061401367,-9.055371284484863,-8.378116607666016,-6.48309850692749,-7.397109031677246,-11.420265197753906,-14.26050090789795,-12.886690139770508,-11.925130844116211,-11.681628227233887,-10.437308311462402,-9.78080940246582,-8.683784484863281,-8.373512268066406,-7.955338001251221,-8.550588607788086,-10.56832504272461,-12.063746452331543
1.4416959285736084,1.9795870780944824,1.0375497341156006,-0.37652504444122314,1.4901238679885864,4.648690700531006,4.693875312805176,1.0766044855117798,-1.2445507049560547,-1.848672866821289,-1.3380236625671387,-3.1216163635253906,-2.4763741493225098,-1.7536673545837402,-3.1179494857788086,-2.6156601905822754,0.02198685146868229,0.6697490811347961,-3.3315999507904053,-8.33854866027832,-8.500020980834961,-11.045366287231445,-11.614206314086914,-9.220606803894043,-9.108661651611328,-11.52310848236084,-12.449710845947266,-9.893376350402832,-9.99870491027832,-8.054693222045898,-8.258430480957031,-9.815248489379883,-12.012938499450684,-13.406106948852539,-13.225149154663086,-13.398350715637207,-12.783585548400879,-10.59080982208252,-8.53099250793457,-8.894439697265625,-9.822007179260254,-10.158946990966797,-10.293970108032227,-11.927233695983887
0.7098551392555237,-0.4013257622718811,-2.9814987182617188,-2.7298707962036133,0.5067252516746521,2.3850364685058594,2.8750531673431396,-0.35564887523651123,-1.0734333992004395,-4.444605350494385,-3.4808881282806396,-1.8942209482192993,-2.851271390914917,-3.433760166168213,-4.169033050537109,-3.2956933975219727,-3.1588613986968994,-4.474483489990234,-3.8998236656188965,-2.9070234298706055,-6.395425319671631,-8.964325904846191,-9.927668571472168,-8.588302612304688,-9.459097862243652,-11.716309547424316,-13.66525650024414,-11.560016632080078,-10.413496971130371,-8.894984245300293,-8.919434547424316,-8.573701858520508,-10.388288497924805,-13.240598678588867,-12.359911918640137,-10.949687004089355,-11.654221534729004,-11.166804313659668,-9.855276107788086,-9.165046691894531,-9.661660194396973,-9.837479591369629,-9.66202163696289,-9.757036209106445
0.19534195959568024,-0.7603306174278259,-2.8257062435150146,-2.1062333583831787,-0.1824379712343216,0.8584728837013245,1.4558147192001343,-1.8551987409591675,-4.641321659088135,-5.769773960113525,-5.195785999298096,-3.5262529850006104,-6.391764163970947,-7.572409629821777,-6.126275539398193,-5.428614616394043,-4.336087703704834,-4.471046447753906,-4.323963165283203,-2.447993516921997,-5.445155143737793,-8.099794387817383,-8.470786094665527,-7.76310396194458,-10.428728103637695,-11.29489803314209,-13.146766662597656,-12.325185775756836,-10.21412181854248,-9.56632137298584,-8.788865089416504,-8.669676780700684,-9.644427299499512,-10.511926651000977,-8.926565170288086,-6.778844833374023,-9.594291687011719,-12.188920021057129,-10.682466506958008,-9.062131881713867,-7.226625919342041,-7.265531539916992,-7.540312767028809,-6.63677978515625
-2.7236742973327637,-0.41820430755615234,-1.8861572742462158,-3.186415433883667,-3.8282601833343506,-4.601776599884033,-4.208240509033203,-5.351404190063477,-2.705766439437866,-2.831292152404785,-5.121403694152832,-6.160863399505615,-9.172059059143066,-10.128487586975098,-8.712271690368652,-6.4829206466674805,-3.422529697418213,-2.0552444458007812,-3.1150965690612793,-4.564129829406738,-6.319640159606934,-7.104363918304443,-7.117525100708008,-8.7650785446167,-9.963714599609375,-11.149847984313965,-11.84012222290039,-11.684297561645508,-11.365710258483887,-10.271257400512695,-8.086060523986816,-9.852450370788574,-8.95592212677002,-6.176141738891602,-6.132370948791504,-5.5564494132995605,-8.746957778930664,-10.737211227416992,-7.839753150939941,-7.848927974700928,-7.691672325134277,-7.283036708831787,-7.433784484863281,-5.7959699630737305
-6.147029399871826,-3.3347115516662598,-2.8409249782562256,-5.11944580078125,-5.738244533538818,-7.428078651428223,-4.67631196975708,-2.763775587081909,-2.793025255203247,-3.994619131088257,-6.577139854431152,-6.96599817276001,-8.86213493347168,-9.347344398498535,-8.041901588439941,-6.90057373046875,-6.845482349395752,-5.933442115783691,-6.2187323570251465,-8.10677719116211,-9.939188003540039,-7.779412269592285,-7.538559913635254,-8.752374649047852,-9.464372634887695,-11.839553833007812,-11.571686744689941,-10.898089408874512,-10.958512306213379,-8.929070472717285,-8.366660118103027,-9.627202033996582,-8.222757339477539,-5.874031066894531,-5.869765758514404,-6.115705966949463,-8.82072925567627,-8.39112377166748,-5.079891681671143,-5.220249176025391,-6.448244571685791,-8.575154304504395,-7.179929733276367,-4.9158616065979
-8.195761680603027,-6.46475076675415,-5.165948390960693,-7.305165767669678,-4.087767124176025,-5.593810558319092,-4.021860122680664,-1.3964263200759888,-2.181704044342041,-4.194844722747803,-5.942460536956787,-4.906431674957275,-5.4999895095825195,-6.388888359069824,-6.316534519195557,-7.3236517906188965,-9.34060287475586,-9.67036247253418,-9.53713607788086,-9.231734275817871,-9.24407958984375,-7.936960697174072,-8.366010665893555,-8.15164852142334,-7.739577770233154,-9.399849891662598,-9.91751480102539,-8.91343879699707,-7.675910949707031,-7.571900844573975,-9.254301071166992,-8.01402473449707,-7.596460819244385,-7.881982803344727,-8.506519317626953,-9.268587112426758,-9.732396125793457,-6.992823600769043,-2.6689934730529785,-3.5688374042510986,-4.257902145385742,-6.182520389556885,-7.147989749908447,-5.208700180053711
-5.633241653442383,-4.993908405303955,-6.307192325592041,-6.218507289886475,-3.755281448364258,-4.092165946960449,-4.068236351013184,-2.266157865524292,-3.1397602558135986,-3.9765405654907227,-3.594963312149048,-2.195974111557007,-2.808847665786743,-4.465811252593994,-6.12664794921875,-7.053217887878418,-7.376273155212402,-7.988449573516846,-8.223883628845215,-8.220592498779297,-8.019881248474121,-7.62420129776001,-9.121721267700195,-9.678257942199707,-8.088972091674805,-6.376899719238281,-5.712958335876465,-6.7366461753845215,-6.058815002441406,-11.32145881652832,-7.986879348754883,-7.655041694641113,-8.341408729553223,-7.862253665924072,-7.898715019226074,-8.179159164428711,-7.46976900100708,-5.853232383728027,-1.9822670221328735,-3.0839521884918213,-3.4782636165618896,-3.980008125305176,-6.280426979064941,-4.763120174407959
-3.7463390827178955,-2.5707919597625732,-4.422893524169922,-2.98258638381958,-2.3095016479492188,-2.6440231800079346,-2.798435926437378,-1.4338773488998413,-3.2878100872039795,-3.7396552562713623,-2.322418212890625,-1.5232162475585938,-2.7174735069274902,-5.401575088500977,-7.324830532073975,-7.398303031921387,-7.198643207550049,-7.545108318328857,-7.985696792602539,-8.785788536071777,-8.436714172363281,-7.9578399658203125,-8.204313278198242,-8.993650436401367,-9.222957611083984,-7.031222820281982,-5.1590046882629395,-4.724789142608643,-2.803391218185425,-10.144043922424316,-7.235013961791992,-6.321805953979492,-8.6123046875,-7.1530632972717285,-6.244620323181152,-5.627349376678467,-4.391258716583252,-2.986149787902832,-1.9191176891326904,-3.8261826038360596,-3.165379762649536,-3.9662702083587646,-3.6729848384857178,-2.731238603591919
-5.839282035827637,-3.4431369304656982,-3.4776487350463867,-1.8220288753509521,-1.3294061422348022,-0.06096050515770912,0.6786969304084778,1.5150885581970215,-0.8329998850822449,-1.3478693962097168,-0.7513580322265625,-0.5456363558769226,-2.6636900901794434,-5.426396369934082,-6.6478800773620605,-6.902720928192139,-7.285375595092773,-7.002929210662842,-7.310749530792236,-8.401389122009277,-8.137354850769043,-6.516544818878174,-5.794282913208008,-7.861509323120117,-9.564932823181152,-9.039098739624023,-7.121562480926514,-4.645297050476074,-1.6049528121948242,-3.5418851375579834,-7.43015193939209,-4.930738925933838,-5.4576311111450195,-5.4102678298950195,-5.525670528411865,-3.9296998977661133,-1.597643494606018,0.028907354921102524,-4.096663951873779,-5.4362311363220215,-3.74206805229187,-3.6748855113983154,-0.9491465091705322,-0.5364670157432556
-8.285679817199707,-6.894101619720459,-5.74014949798584,-2.8963406085968018,-1.3158754110336304,-0.03499547764658928,3.1318717002868652,3.2433507442474365,1.5766472816467285,1.2945079803466797,0.34432682394981384,-0.18185113370418549,-2.0217418670654297,-4.208835601806641,-4.755849838256836,-4.661517143249512,-4.6293158531188965,-4.67909049987793,-5.679991245269775,-6.953103542327881,-6.689208984375,-5.060977458953857,-4.274576187133789,-6.411377429962158,-7.734211444854736,-8.62238597869873,-7.167677402496338,-4.999866008758545,-3.8176064491271973,-2.238466262817383,-7.533493995666504,-7.533966541290283,-3.301689624786377,-2.0928752422332764,-2.3572640419006348,-1.5007888078689575,-0.4701298475265503,-0.342423677444458,-6.036656856536865,-7.440220832824707,-4.408090114593506,-1.8987650871276855,0.12650728225708008,-0.6737280488014221
-8.486926078796387,-9.042570114135742,-6.983293056488037,-5.351691722869873,-1.4467777013778687,0.7095935940742493,3.4464120864868164,3.7318997383117676,3.011510133743286,2.1984705924987793,1.1611039638519287,-0.6373693346977234,-1.561284065246582,-3.0811879634857178,-3.980463743209839,-3.146909475326538,-2.5262391567230225,-2.643264055252075,-3.6607673168182373,-5.16038703918457,-5.301448345184326,-3.8665945529937744,-2.7445318698883057,-5.329757213592529,-5.400084495544434,-4.860686302185059,-5.583400249481201,-5.736081600189209,-4.788022994995117,-3.569525718688965,-6.952454090118408,-9.11436939239502,-5.985454082489014,-3.626619338989258,-2.503589630126953,-1.666982889175415,-1.588376522064209,-2.3291921615600586,-6.1462273597717285,-7.646824359893799,-5.061944961547852,-2.787893772125244,-1.3817397356033325,-1.929440975189209
-6.604096412658691,-7.176473617553711,-5.041781425476074,-5.637174129486084,-3.9578089714050293,-1.0763729810714722,1.0147814750671387,1.4489737749099731,2.192673444747925,2.0197038650512695,1.064204454421997,-1.802682876586914,-1.098573923110962,-2.1288392543792725,-3.236741781234741,-2.9454689025878906,-2.669794797897339,-2.124906063079834,-1.8026766777038574,-2.337552309036255,-2.7629799842834473,-1.9718165397644043,-1.6390780210494995,-4.232422828674316,-4.3074951171875,-2.8432087898254395,-3.8281145095825195,-2.316380023956299,-2.5891945362091064,-2.8628339767456055,-6.745537757873535,-7.269092559814453,-7.231842994689941,-4.8517584800720215,-3.8412723541259766,-2.452996015548706,-0.9184796810150146,-3.400639295578003,-6.309577465057373,-5.774016380310059,-4.335619926452637,-3.353292226791382,-4.1313910484313965,-3.986488103866577
-2.830883264541626,-4.421316623687744,-3.758103370666504,-2.6426703929901123,-2.5436954498291016,-2.385585069656372,-1.715074896812439,-0.04344357177615166,0.6042487621307373,2.279046058654785,-0.6781001687049866,-3.951338291168213,-1.7970430850982666,-0.41114500164985657,-1.389756441116333,-2.429898500442505,-2.489988088607788,-1.422533631324768,-0.5704825520515442,0.703567385673523,0.9220763444900513,-0.10111396759748459,-2.7543139457702637,-2.722691774368286,-2.802184820175171,-3.698913097381592,-3.3101093769073486,-0.4667015075683594,1.1759264469146729,-2.0774872303009033,-6.21040678024292,-6.134095668792725,-5.656496524810791,-4.1511406898498535,-3.6114227771759033,-1.0179089307785034,-0.7211538553237915,-5.6512064933776855,-6.804553985595703,-4.954868316650391,-4.712941646575928,-4.118456840515137,-5.758079528808594,-6.391690254211426
-3.3682613372802734,-6.547099590301514,-4.4580912590026855,-2.9299042224884033,-1.594865322113037,-0.4403652846813202,0.21073710918426514,1.5589078664779663,3.043633460998535,1.5297328233718872,0.10317099094390869,-1.9291999340057373,-2.5286130905151367,-1.0181602239608765,-1.6665657758712769,-1.9224618673324585,-1.5875426530838013,-0.14665886759757996,0.6733266711235046,0.9860244393348694,-0.7633698582649231,-1.2326971292495728,0.9556227922439575,0.4909363389015198,-1.6131479740142822,-2.0452072620391846,-0.8139347434043884,1.0945559740066528,3.286381483078003,3.8454723358154297,0.6649565100669861,-2.0597848892211914,-3.047565460205078,-0.5889717936515808,0.9986395239830017,0.36165767908096313,-3.963883876800537,-6.035251140594482,-5.517284393310547,-5.367839813232422,-6.115803241729736,-6.4034857749938965,-8.606280326843262,-7.582840442657471
-2.70259165763855,-4.1896891593933105,-3.97456431388855,-3.619601249694824,-2.6483962535858154,-0.8339039087295532,1.073180079460144,2.374260187149048,3.3238139152526855,1.2532230615615845,0.8070598840713501,1.2390819787979126,-0.7489544749259949,-2.183382511138916,-1.5235474109649658,-1.7308495044708252,-1.9580674171447754,-1.0555341243743896,0.09232503920793533,0.7330065369606018,-1.0066771507263184,-2.0475521087646484,-0.8669170141220093,-0.22014495730400085,-1.639958143234253,-2.8203513622283936,-0.9106734395027161,0.8802695274353027,3.2927770614624023,2.250922679901123,1.0149019956588745,0.5304352045059204,-0.6116649508476257,-1.3523919582366943,-0.5560043454170227,-0.2942013740539551,-0.995210587978363,-3.000420331954956,-6.319247245788574,-6.548302173614502,-6.0965399742126465,-6.462833881378174,-8.957612991333008,-9.940824508666992
