data/wind_data/wind_68_1.json
{"header": {"parameterUnit": "KT", "parameterCategory": 2, "nx": 256, "ny": 198, "lo1": 44.73521041870117, "la1": -3.236724853515625, "lo2": 111.26478576660156, "la2": 43.468475341796875, "dx": 0.2609002888202667, "dy": -0.23708222806453705, "refTime": "2025-02-21 20:00:00", "forecastTime": 0, "parameterNumber": 2, "parameterNumberName": "eastward_wind"}, "data":
[rows 95 to 113 of 198, columns 86 to 128 of 256]
4.4557695388793945,5.8005571365356445,6.834234237670898,7.275699138641357,6.343393325805664,5.416064262390137,5.0995659828186035,5.467597961425781,6.478358268737793,4.221231460571289,1.466282606124878,2.9787206649780273,-0.2173915058374405,-1.4022842645645142,0.47774738073349,3.0090901851654053,5.7506632804870605,5.534054279327393,3.3399059772491455,0.6553615927696228,-1.9576419591903687,-2.2115190029144287,-2.545924663543701,-6.940598964691162,-7.986579895019531,-9.976750373840332,-9.053352355957031,-3.259463310241699,2.8253896236419678,4.524360179901123,1.1782125234603882,-4.130534648895264,-4.9870452880859375,-1.929044485092163,-0.4556928277015686,-1.3402962684631348,-2.142770290374756,-2.140346050262451,-1.2400938272476196,0.7295321822166443,1.7051794528961182,1.2070752382278442,-0.9415836334228516
4.300996780395508,5.741430759429932,6.807409286499023,6.779242515563965,6.0945281982421875,5.69880485534668,5.581221580505371,6.093560695648193,7.164191246032715,4.8723554611206055,1.224441409111023,1.4069783687591553,1.29157292842865,-0.17817272245883942,0.7402097582817078,3.1672630310058594,4.287823677062988,3.252720594406128,1.8749196529388428,1.5671825408935547,-0.2739330232143402,-2.77571177482605,-2.205911874771118,-5.574695110321045,-6.994919776916504,-6.278587341308594,-5.328496932983398,-1.089422345161438,2.169018507003784,-1.2352262735366821,-5.536831855773926,-6.440873622894287,-5.765902042388916,-2.3311634063720703,0.3868849575519562,1.2664765119552612,-1.5963327884674072,-4.723902225494385,-3.7055251598358154,-0.856579065322876,1.6588947772979736,2.1230971813201904,0.8371464014053345
3.478811264038086,5.156198501586914,6.373305320739746,6.045809745788574,5.494770050048828,5.752882480621338,6.510109901428223,7.3566155433654785,7.824448585510254,4.463595867156982,2.077216625213623,0.9666036367416382,0.8225443363189697,1.0138208866119385,1.7824311256408691,2.4190750122070312,1.7430765628814697,1.354095458984375,1.731138825416565,2.267951726913452,1.7679067850112915,-2.7016732692718506,-3.336303234100342,-6.102510452270508,-7.216524600982666,-7.695720672607422,-6.122959136962891,-2.9699957370758057,-3.405637741088867,-4.781630992889404,-4.168038368225098,-3.938100814819336,-2.884369373321533,-1.247880220413208,0.05973942205309868,1.102518916130066,0.3195720911026001,-3.5720982551574707,-5.030730724334717,-4.122690200805664,-1.3577653169631958,-0.025172071531414986,0.5557867288589478
2.418957233428955,4.435783386230469,5.838381290435791,5.2376227378845215,4.84520149230957,5.120820045471191,7.201517581939697,7.8566999435424805,6.832976341247559,4.328384876251221,2.649930953979492,2.404165029525757,1.88679838180542,1.3868941068649292,0.4929427206516266,-1.718463659286499,0.2346476912498474,3.0912551879882812,3.559067487716675,2.9275996685028076,2.2223384380340576,-2.139522075653076,-3.0600337982177734,-4.840243339538574,-5.232066631317139,-9.245267868041992,-9.021132469177246,-7.004738807678223,-4.633310794830322,-0.7382204532623291,0.10076069831848145,-0.5040045380592346,-0.8666780591011047,-2.1936984062194824,-3.418598175048828,-3.0374882221221924,-2.130476474761963,-3.383580446243286,-5.442891597747803,-4.910166263580322,-3.3723959922790527,-2.5510170459747314,-1.497198224067688
1.4978854656219482,3.605884075164795,4.995314598083496,4.886294841766357,4.574574947357178,5.001582622528076,7.2624688148498535,6.438296794891357,6.302124977111816,5.53922700881958,3.342200517654419,2.8751518726348877,3.9716122150421143,2.324777841567993,-1.5358713865280151,-1.1259212493896484,2.5424537658691406,4.814219951629639,4.28143835067749,2.2075798511505127,2.394294023513794,-0.9273027777671814,-1.506641149520874,-5.025010585784912,-4.224855422973633,-3.237704277038574,-8.168384552001953,-8.006757736206055,-2.963350296020508,1.5797979831695557,2.264899253845215,-0.27221253514289856,-1.4911810159683228,-0.7508409023284912,-2.1747896671295166,-4.303699970245361,-4.572879791259766,-4.558724403381348,-5.660826206207275,-5.095639705657959,-2.7477219104766846,-1.9414997100830078,-4.636972904205322
1.2879788875579834,2.819251537322998,4.10736608505249,4.851871490478516,4.728465557098389,5.331727027893066,6.143287181854248,5.3412861824035645,6.442652702331543,5.521620750427246,4.170111179351807,4.006195068359375,4.595101356506348,2.9983675479888916,-0.9077837467193604,-0.15303413569927216,3.3201818466186523,4.989546298980713,4.483142375946045,3.3958585262298584,2.382002353668213,-0.12551884353160858,-1.40596342086792,-3.415175437927246,-2.957036018371582,-0.10632151365280151,-6.26169490814209,-8.105310440063477,-4.241358757019043,-3.876556396484375,-5.448873996734619,-6.160826206207275,-3.983194351196289,-0.6783941984176636,0.6134878396987915,-1.349242091178894,-2.234156370162964,-2.7124574184417725,-3.715848445892334,-4.544600963592529,-3.1213881969451904,-3.329942226409912,-5.72092866897583
1.3553675413131714,2.1157283782958984,3.4452176094055176,4.63460111618042,4.983586311340332,5.719470500946045,4.763767719268799,3.6080405712127686,3.477534055709839,3.346296787261963,3.665879487991333,5.630552291870117,4.7882513999938965,1.3025859594345093,-0.0958763062953949,1.4211676120758057,3.183786153793335,4.337061882019043,4.605798721313477,3.8557186126708984,2.663222551345825,0.4677368402481079,-1.1322120428085327,-1.6653209924697876,-2.0844807624816895,-1.7044554948806763,-7.1885666847229,-7.315805435180664,-6.75947904586792,-8.429078102111816,-8.076117515563965,-6.382198333740234,-4.773741722106934,-2.7338271141052246,-2.0627524852752686,-1.7234374284744263,-0.08610060065984726,0.839059054851532,-0.13476154208183289,-1.8234128952026367,-2.1744205951690674,-2.425182342529297,-2.451397180557251
1.2248756885528564,1.4874465465545654,3.0078818798065186,4.587287902832031,4.892016887664795,5.141774654388428,2.9520950317382812,0.7329839468002319,0.04758158326148987,1.310936450958252,3.113964080810547,4.505356788635254,3.996399402618408,1.5218771696090698,1.159256935119629,2.935950756072998,3.7035281658172607,3.9350712299346924,3.6064553260803223,2.4250779151916504,2.2399895191192627,1.4363844394683838,-1.6818004846572876,-1.2675657272338867,-2.7563929557800293,-3.6034233570098877,-7.5993852615356445,-6.4917893409729,-7.026257038116455,-8.949856758117676,-7.967373847961426,-5.6289567947387695,-4.76278018951416,-4.809859275817871,-4.108778953552246,-2.824306011199951,-1.6298260688781738,-0.40262794494628906,-0.6380453109741211,-0.7157611846923828,0.05222165212035179,1.4241182804107666,2.087735652923584
1.1372156143188477,1.4992408752441406,2.7430129051208496,4.064206123352051,4.777267932891846,4.2956366539001465,1.4917607307434082,-0.8652562499046326,-0.36825695633888245,2.4855151176452637,4.342155456542969,5.671935558319092,5.388870716094971,3.608093500137329,2.5530595779418945,3.5594568252563477,3.6900103092193604,2.8407413959503174,1.8400170803070068,1.277641773223877,1.0501797199249268,1.016372561454773,-2.093817710876465,-6.081418991088867,-5.463657855987549,-4.7866926193237305,-6.36704683303833,-7.40340518951416,-7.046234607696533,-8.100235939025879,-7.334973335266113,-5.221166133880615,-3.9881155490875244,-4.211447715759277,-3.77207350730896,-3.435842990875244,-3.3647921085357666,-2.9695377349853516,-2.5042991638183594,-0.6312481760978699,0.8841592073440552,2.310394287109375,2.312317371368408
0.6153815388679504,1.6139143705368042,3.123906135559082,3.6340444087982178,4.224274635314941,3.251645803451538,1.401752233505249,0.552546501159668,1.7122124433517456,4.019044876098633,5.502553939819336,6.598509311676025,5.200773239135742,2.2620768547058105,2.87677264213562,3.7551345825195312,2.967674732208252,1.2850903272628784,0.583976149559021,-0.1893438696861267,-1.2096792459487915,-1.22862708568573,-5.027327537536621,-9.201468467712402,-6.532872200012207,-4.296489715576172,-5.221973419189453,-6.965176105499268,-8.9752779006958,-9.226099014282227,-6.859604835510254,-4.337920188903809,-3.8110804557800293,-4.2009196281433105,-3.077155113220215,-2.622102737426758,-3.0155794620513916,-4.129537582397461,-3.7114365100860596,-0.6603907942771912,1.2867097854614258,1.087325096130371,0.8275243043899536
0.8228862881660461,1.1631485223770142,2.719888210296631,3.69675612449646,3.429600715637207,2.1000993251800537,1.8998092412948608,3.1435887813568115,4.1148552894592285,3.9201130867004395,3.916489839553833,4.559255599975586,2.6658997535705566,0.21920187771320343,1.7276042699813843,3.0684783458709717,2.5450072288513184,1.4380507469177246,0.7844651937484741,-1.1901932954788208,-3.651693344116211,-3.0968523025512695,-5.6631293296813965,-10.059206008911133,-7.881874084472656,-2.4501914978027344,-1.1160928010940552,-4.159457683563232,-9.84456729888916,-10.688220024108887,-6.222509384155273,-3.1555726528167725,-3.8233184814453125,-4.517587661743164,-2.9084722995758057,-2.1798973083496094,-2.7395780086517334,-3.7765462398529053,-2.9635813236236572,-0.5426512360572815,1.2105770111083984,0.07876122742891312,-0.6123608946800232
1.2776069641113281,1.4959388971328735,1.9155362844467163,2.7425613403320312,2.5598578453063965,1.5844067335128784,2.1978912353515625,3.8762412071228027,3.481238603591919,0.9174643158912659,-0.5358477234840393,0.7068588733673096,-0.3581044375896454,-0.2193595916032791,1.2954217195510864,2.1751656532287598,2.179755687713623,1.76129150390625,0.5349617004394531,-2.2579541206359863,-4.958429336547852,-4.119882583618164,-5.312253952026367,-9.625255584716797,-8.000880241394043,-1.0559532642364502,1.4782127141952515,-1.2995461225509644,-9.798913955688477,-10.7022066116333,-5.2220683097839355,-2.25138258934021,-3.840928316116333,-4.467975616455078,-2.5695242881774902,-1.8682835102081299,-2.746711015701294,-3.3189470767974854,-2.608142137527466,-0.8753224611282349,1.4322359561920166,1.8524842262268066,0.24575045704841614
1.2704591751098633,-1.0938363075256348,0.5150166749954224,2.6536505222320557,2.739168882369995,2.4901227951049805,2.5851035118103027,2.429095983505249,0.723324716091156,-1.8847068548202515,-3.2432851791381836,-2.8258206844329834,-2.8216264247894287,-0.9314317107200623,0.22036516666412354,0.4152424931526184,0.43890801072120667,0.05913657695055008,-1.2424616813659668,-3.469684362411499,-6.130354404449463,-4.74067497253418,-4.977292060852051,-8.967814445495605,-6.755570411682129,0.2082444131374359,1.934638261795044,-2.6282835006713867,-9.06748104095459,-8.64354419708252,-3.5604100227355957,-1.0928280353546143,-3.2529520988464355,-2.685910701751709,-1.393123745918274,-1.8941707611083984,-2.7247495651245117,-3.474027156829834,-2.9605772495269775,-1.4585607051849365,1.5943864583969116,4.729674816131592,2.510531425476074
0.1677413284778595,-2.504279375076294,-1.195439338684082,0.5460673570632935,1.3836363554000854,0.8840582966804504,0.015250046737492085,-0.17284728586673737,-0.8983725905418396,-2.9550271034240723,-4.292566776275635,-4.295944690704346,-4.650815486907959,-2.90952205657959,-1.1293220520019531,-0.9364427328109741,-1.2719758749008179,-1.5577257871627808,-2.8363895416259766,-4.548527717590332,-7.208497524261475,-6.146388530731201,-5.086313247680664,-9.364662170410156,-7.498983860015869,0.14372943341732025,2.2482504844665527,-3.582606792449951,-5.974485874176025,-5.170801639556885,-1.7440294027328491,-0.7821451425552368,-1.4666271209716797,0.8310365080833435,0.8859447836875916,-1.6866180896759033,-2.9914488792419434,-3.942408561706543,-2.9949328899383545,-1.1549766063690186,2.0267629623413086,5.935819625854492,4.637415409088135
1.6206600666046143,-0.9996246695518494,-2.5249991416931152,-2.3633978366851807,-0.3477678596973419,-0.9921720027923584,-3.212357759475708,-3.1624300479888916,-2.646305799484253,-2.4261651039123535,-2.5060839653015137,-5.095934867858887,-7.751057147979736,-4.855933666229248,-1.004146695137024,0.3093414902687073,-1.2216891050338745,-2.3422188758850098,-4.105581760406494,-6.505025386810303,-8.182774543762207,-7.649074077606201,-6.978969573974609,-10.02391242980957,-7.5843634605407715,-0.3565129339694977,3.078019857406616,-0.22419022023677826,-0.3779604434967041,-1.7264647483825684,-2.4564836025238037,-1.1624789237976074,-0.13159839808940887,1.7088724374771118,1.8788913488388062,-0.8105997443199158,-3.1614766120910645,-4.321328163146973,-3.1981818675994873,-0.6515461206436157,2.086653470993042,5.516685485839844,6.313174247741699
1.1219720840454102,-1.3064911365509033,-4.280801773071289,-2.565615653991699,-1.4665288925170898,-1.4922348260879517,-3.1124656200408936,-3.6161916255950928,-4.023636341094971,-3.787243604660034,-3.768423318862915,-5.340169906616211,-7.357463359832764,-4.9998979568481445,-1.924645185470581,-0.3642622232437134,-1.0870906114578247,-2.5845649242401123,-4.788980007171631,-8.090290069580078,-8.09839916229248,-6.46486759185791,-8.173945426940918,-12.308500289916992,-8.886173248291016,-1.6853225231170654,2.6132218837738037,1.569844365119934,1.8718386888504028,0.4754254221916199,-1.9347937107086182,-0.24264788627624512,0.062011029571294785,1.846680760383606,3.3058831691741943,1.3184453248977661,-2.4001405239105225,-4.528373718261719,-3.055408000946045,-0.35054004192352295,1.6906484365463257,5.066325664520264,7.583393573760986
-2.4929397106170654,-6.955763816833496,-4.909084320068359,-1.550538420677185,-1.4453473091125488,-2.019589424133301,-2.3040952682495117,-2.199462652206421,-3.6230061054229736,-5.738117218017578,-6.489552021026611,-5.50962495803833,-5.303958415985107,-4.772820472717285,-2.9517033100128174,-0.9796720743179321,-0.7269335389137268,-2.0298686027526855,-3.867617607116699,-6.652935028076172,-6.843994140625,-4.751445293426514,-6.9105224609375,-11.999870300292969,-10.667459487915039,-4.899183750152588,0.22565577924251556,0.8435012102127075,0.5550845861434937,2.239046335220337,0.8346118330955505,-0.9442300200462341,0.24179179966449738,3.3887369632720947,4.845592498779297,3.1294219493865967,-0.8218433856964111,-3.5493857860565186,-1.7168262004852295,-0.12137914448976517,1.3766453266143799,4.797667980194092,7.955499172210693
-8.412290573120117,-7.170653820037842,-2.817326784133911,0.4089212119579315,0.599380373954773,-1.3373335599899292,-3.347522735595703,-4.243221282958984,-4.777027606964111,-5.259333610534668,-5.2780256271362305,-4.586802959442139,-4.679246425628662,-5.8722147941589355,-4.852458477020264,-2.3568906784057617,-0.8989647626876831,-0.26733142137527466,-2.5983517169952393,-5.649382591247559,-5.780944347381592,-4.4612579345703125,-3.8032233715057373,-7.834117889404297,-10.97303581237793,-9.144392013549805,-3.9090662002563477,-0.11435606330633163,0.7092577815055847,3.0204689502716064,2.6619369983673096,-0.594419538974762,1.3490880727767944,3.984592914581299,3.82627272605896,2.177927017211914,-0.950052797794342,-3.3101816177368164,-0.6347827911376953,0.4694198668003082,2.158268928527832,5.189611434936523,6.775847434997559
-7.452494144439697,-4.816889762878418,-2.512446880340576,1.0995458364486694,2.0182340145111084,-0.35717397928237915,-3.5368669033050537,-4.6381144523620605,-5.071313381195068,-5.518243312835693,-5.581573963165283,-5.436588764190674,-6.612374305725098,-8.296096801757812,-7.273425102233887,-4.056069374084473,-1.3923823833465576,0.008437607437372208,-1.853413701057434,-5.095323085784912,-4.710479736328125,-3.8399627208709717,-3.6131913661956787,-2.78780460357666,-8.226137161254883,-11.627814292907715,-7.73007869720459,-1.516331434249878,1.052286982536316,2.4994537830352783,2.153195858001709,0.9073361754417419,2.085005044937134,3.029798984527588,1.9163762331008911,0.5229645371437073,-2.3215057849884033,-3.890683650970459,-0.8041144609451294,0.6161444783210754,3.1822822093963623,6.698602676391602,5.675531387329102
