data/wind_data/wind_34_0.json
{"header": {"parameterUnit": "KT", "parameterCategory": 2, "nx": 255, "ny": 198, "lo1": 44.73521041870117, "la1": -3.236724853515625, "lo2": 111.26478576660156, "la2": 43.468475341796875, "dx": 0.26192745566368103, "dy": -0.23708222806453705, "refTime": "2025-02-20 10:00:00", "forecastTime": 0, "parameterNumber": 2, "parameterNumberName": "eastward_wind"}, "data":
[rows 152 to 170 of 198, columns 86 to 128 of 255]
2.8088834285736084,3.7413129806518555,4.503948211669922,4.69929313659668,5.327730178833008,10.125470161437988,8.271456718444824,3.4740424156188965,7.315523147583008,14.435128211975098,18.51494598388672,13.078417778015137,3.518906354904175,1.5118240118026733,1.4014514684677124,-2.8586831092834473,-6.437142372131348,-9.557117462158203,-11.485675811767578,-11.088244438171387,-12.653406143188477,-14.411864280700684,-12.47014045715332,-4.506778717041016,0.6658214926719666,5.84730863571167,8.28524398803711,-0.2541995942592621,-5.165320873260498,-2.53625226020813,-0.49499452114105225,3.4339404106140137,10.607132911682129,16.699222564697266,15.362878799438477,12.408682823181152,11.078272819519043,13.78279972076416,13.536544799804688,7.3559699058532715,8.477550506591797,17.128440856933594,22.1492862701416
3.334115505218506,4.849878787994385,4.899701118469238,3.512277126312256,4.565282821655273,11.344225883483887,15.174856185913086,9.354415893554688,9.877623558044434,15.676029205322266,13.720458030700684,6.083029270172119,1.538368821144104,-0.20026648044586182,-2.9257683753967285,-5.243702411651611,-5.861130714416504,-6.114224910736084,-7.798574924468994,-9.956340789794922,-12.086955070495605,-11.93962287902832,-7.968553066253662,-2.562426805496216,2.523505687713623,8.141106605529785,7.965542316436768,-0.890377402305603,-2.280651330947876,-0.2819168269634247,0.27422839403152466,3.1497557163238525,8.789752960205078,14.996633529663086,12.377707481384277,7.884541988372803,9.763548851013184,17.71852684020996,18.06318473815918,9.489591598510742,8.131611824035645,16.30295753479004,19.240873336791992
1.5996137857437134,3.7689244747161865,5.283823490142822,5.879985809326172,8.309808731079102,13.57330322265625,14.724298477172852,9.76681900024414,8.037832260131836,2.944784641265869,-1.3412030935287476,0.49013254046440125,0.4618081748485565,-3.2918784618377686,-6.327200412750244,-6.777835369110107,-5.6327996253967285,-1.70099675655365,-1.6994199752807617,-5.101528644561768,-7.7478814125061035,-10.40403938293457,-7.293725490570068,2.767266273498535,8.354884147644043,7.51015567779541,5.912680149078369,-0.0697215273976326,-3.5812807083129883,-1.5591981410980225,0.6249581575393677,4.301366806030273,7.890809535980225,12.114391326904297,12.227327346801758,10.597049713134766,13.701895713806152,20.09032440185547,17.240907669067383,10.01061725616455,10.258414268493652,13.190241813659668,13.545379638671875
2.9853506088256836,2.6011857986450195,3.014402151107788,4.560895919799805,9.448328971862793,13.04761791229248,11.798543930053711,7.217174053192139,1.446854829788208,-3.135737895965576,-2.9653754234313965,0.5758479833602905,4.0343146324157715,-1.8298410177230835,-7.412005424499512,-7.054320335388184,-4.0926737785339355,-1.1053293943405151,-0.8903220295906067,-3.3884291648864746,-6.6380462646484375,-11.104358673095703,-8.942737579345703,2.7652430534362793,6.889847755432129,5.1767659187316895,1.5477771759033203,-5.7830634117126465,-5.69033670425415,-1.199548363685608,0.6786785125732422,5.1219916343688965,8.098587036132812,9.281986236572266,8.83942985534668,8.45901107788086,11.68174934387207,17.784753799438477,13.683817863464355,8.464529037475586,9.94579029083252,8.935312271118164,8.87551212310791
5.381802558898926,0.6908708810806274,-1.2510898113250732,0.6650434732437134,2.98323655128479,5.9074530601501465,9.177865028381348,8.338459968566895,1.2980891466140747,-2.5210487842559814,-0.5313094258308411,-0.8677881956100464,1.2017781734466553,2.2361602783203125,-4.208343505859375,-9.18819808959961,-5.754923343658447,-0.30439820885658264,-0.13175132870674133,-2.118191719055176,-5.111889362335205,-8.656184196472168,-9.072517395019531,-1.554426670074463,4.745957374572754,3.8148767948150635,4.001865863800049,0.6577770113945007,-5.046951770782471,-3.9304358959198,1.1647616624832153,5.852343559265137,4.327662467956543,-0.43194490671157837,-1.8048968315124512,-0.27244916558265686,5.693822860717773,16.014318466186523,14.895299911499023,8.236647605895996,6.300954341888428,4.016989231109619,5.733123779296875
6.410614013671875,2.1942389011383057,-1.5506057739257812,0.5691449046134949,2.3325462341308594,0.6083866357803345,2.621011257171631,5.030099868774414,1.4958093166351318,1.2640475034713745,2.956162691116333,-2.2705256938934326,-5.192543983459473,-0.8670434355735779,-1.1616835594177246,-7.247189521789551,-5.703244209289551,1.3551536798477173,-0.28809040784835815,-1.9437795877456665,-1.184055209159851,-4.261924743652344,-7.470662593841553,-3.841071844100952,3.2118723392486572,9.179039001464844,11.506532669067383,5.919297218322754,0.04825033247470856,-0.3622381389141083,2.801586866378784,2.6092166900634766,-2.3949663639068604,-1.212735891342163,-2.601316213607788,-3.620384693145752,5.081787586212158,15.052826881408691,15.395126342773438,7.080357074737549,2.5276172161102295,2.1553356647491455,4.35498046875
2.743040084838867,2.8774070739746094,1.680362343788147,1.8820607662200928,0.8012242317199707,-2.2267847061157227,-0.2970472276210785,1.944929599761963,0.12731613218784332,2.045994281768799,0.8040732145309448,-5.1953606605529785,-4.923758029937744,-1.116601586341858,1.9649358987808228,-1.6447128057479858,-6.319379806518555,1.291202187538147,3.2176573276519775,-1.5852090120315552,-1.8756190538406372,-0.7321376204490662,-2.381049633026123,-2.3768482208251953,1.8064579963684082,6.949777603149414,7.31619119644165,1.203651785850525,-0.9209022521972656,3.1640448570251465,4.080211639404297,-0.8082996010780334,-2.870192050933838,8.258974075317383,9.481202125549316,1.2384071350097656,3.703768253326416,11.7792387008667,13.19681453704834,5.118570327758789,-1.179553747177124,1.9091787338256836,4.10304594039917
0.8641036152839661,0.081147700548172,-1.1323736906051636,-0.11481764912605286,-0.9889112710952759,-2.65399169921875,-2.1270663738250732,0.4615916311740875,0.3980732560157776,-0.2696731686592102,-2.5307469367980957,-5.131974697113037,-3.95974063873291,-0.10582894086837769,3.7551026344299316,2.5003280639648438,-3.201796293258667,-0.9345294237136841,6.120666027069092,2.527313470840454,-1.191343903541565,1.323155403137207,1.1371486186981201,-0.29583740234375,1.068452000617981,3.057378053665161,0.8173701763153076,-3.41275954246521,-0.1012611910700798,3.832780122756958,0.2914779782295227,-2.223422050476074,0.4084458649158478,10.94477367401123,18.390966415405273,12.123926162719727,4.530273914337158,6.46329927444458,10.29749870300293,6.269416332244873,0.3156411349773407,2.225872278213501,3.8789799213409424
-1.6809700727462769,-3.60249662399292,-3.5290372371673584,-0.9375160336494446,-2.970111131668091,-4.105990886688232,-2.0050673484802246,1.3850908279418945,1.754333734512329,-0.8259214162826538,-0.5325424075126648,0.19850771129131317,0.40286052227020264,1.3044302463531494,2.0062904357910156,2.1956021785736084,-0.47940558195114136,1.9935139417648315,5.726665496826172,1.4446651935577393,-0.3863902986049652,0.32284092903137207,0.4272588789463043,0.7902078032493591,0.5028941035270691,-1.9576387405395508,-3.1537253856658936,-2.2047345638275146,4.1140971183776855,6.570003509521484,-0.6998032927513123,0.04003965109586716,5.465060710906982,12.015466690063477,19.106481552124023,18.470813751220703,11.144570350646973,6.7014594078063965,7.429263591766357,7.136590480804443,5.42197322845459,6.0910563468933105,5.814436435699463
-3.26057767868042,-6.331082344055176,-5.394566535949707,-5.137445449829102,-5.530418395996094,-4.6253509521484375,-0.4820144474506378,1.2718026638031006,1.0642505884170532,0.3749280869960785,0.9296047687530518,3.011155843734741,2.093383550643921,-0.26346278190612793,-0.8839337229728699,0.9906544089317322,3.102595090866089,2.3942935466766357,1.5180368423461914,1.2926965951919556,0.5413024425506592,1.145059585571289,-1.3011136054992676,-3.875093698501587,-5.010430812835693,-5.389938831329346,-1.6418598890304565,2.336303234100342,6.5597333908081055,7.458547592163086,0.9620428085327148,0.4743559956550598,6.73591423034668,11.59173583984375,16.603017807006836,18.368276596069336,16.51093101501465,13.402850151062012,10.242084503173828,10.10049819946289,10.411718368530273,10.60452938079834,10.1427583694458
-4.9277729988098145,-8.139402389526367,-6.273375988006592,-5.091935157775879,-4.698668479919434,-3.5720584392547607,-0.3209869861602783,-0.5291793346405029,-0.7274601459503174,1.312117099761963,0.8675988912582397,1.869713306427002,2.973141670227051,0.30694979429244995,-1.1324217319488525,1.121673822402954,2.9614241123199463,3.806838035583496,1.5578093528747559,0.07556243240833282,0.14149761199951172,3.8350048065185547,0.9145529270172119,-5.374884128570557,-4.745930194854736,-3.1017308235168457,-0.5251953601837158,2.212404251098633,7.345614910125732,6.080384254455566,1.5952953100204468,2.8059988021850586,7.010366439819336,11.24997615814209,13.673934936523438,15.648608207702637,16.129404067993164,15.043941497802734,11.634454727172852,9.833512306213379,12.057242393493652,10.833770751953125,11.592448234558105
-3.0326130390167236,-4.401559352874756,-4.951333045959473,-4.103041648864746,-2.3537659645080566,-1.7454583644866943,-1.2124290466308594,0.7541700005531311,0.7329025268554688,-0.34308797121047974,-0.16056320071220398,-0.19393290579319,1.6284806728363037,0.4679461121559143,-1.1952120065689087,2.315673351287842,5.433017730712891,5.472507953643799,4.749687194824219,5.205548286437988,3.6133832931518555,4.583471298217773,2.129767656326294,-5.218057632446289,-5.3416314125061035,-2.3664772510528564,0.016916198655962944,3.326925277709961,6.582168102264404,5.19018030166626,3.754448652267456,5.910048007965088,7.388731956481934,8.785036087036133,9.532707214355469,12.595712661743164,17.34393882751465,18.43975067138672,17.719890594482422,16.08859634399414,16.781221389770508,16.5904541015625,8.611884117126465
-0.7430163621902466,-0.6887543797492981,-0.7211002707481384,-0.41255033016204834,-0.1609937846660614,0.3254415988922119,0.2318340241909027,-0.1857766956090927,1.140623688697815,-0.921555757522583,-3.359713554382324,-1.755243182182312,-0.10211940109729767,0.13317237794399261,-0.0799834132194519,2.4912638664245605,5.565252304077148,4.376101016998291,1.7419723272323608,2.5498898029327393,5.148528575897217,6.941067695617676,4.977524280548096,-1.5596120357513428,-2.778467893600464,-0.12418912351131439,2.092782974243164,4.179597854614258,4.589499473571777,4.745338439941406,6.110260486602783,10.343560218811035,11.6334228515625,7.971518039703369,10.237987518310547,10.061967849731445,3.6044118404388428,1.576744794845581,2.409964084625244,2.834460973739624,3.8183422088623047,0.30413490533828735,-4.983896732330322
1.5994656085968018,1.675293207168579,2.0045926570892334,2.111391544342041,1.252306580543518,1.434826135635376,1.2871580123901367,-0.6082631349563599,1.2090963125228882,0.5782206058502197,-3.171663999557495,-2.5130302906036377,-1.4169150590896606,0.05802563205361366,1.740928053855896,4.319076061248779,4.677148342132568,3.758155107498169,3.508617401123047,4.725069522857666,6.166854381561279,6.334073543548584,5.177931308746338,0.19153423607349396,-1.10685396194458,1.4821566343307495,3.41743540763855,5.241981506347656,3.3383357524871826,3.7679364681243896,5.507355690002441,7.462188243865967,5.726977348327637,4.833215236663818,3.4419546127319336,-7.789882659912109,-9.462889671325684,-8.203008651733398,-8.820387840270996,-6.619194984436035,-6.034817695617676,-4.863480567932129,-3.315192937850952
0.3497506380081177,0.9403479695320129,2.1355443000793457,1.9048813581466675,1.5949046611785889,1.2643810510635376,1.7217494249343872,-0.004525128286331892,0.7097094058990479,1.4154361486434937,-2.0989081859588623,-3.1482763290405273,-2.156508207321167,0.03809218108654022,2.6873507499694824,5.97780179977417,6.66212797164917,7.043026447296143,7.6382269859313965,6.516258716583252,6.311572551727295,5.499346733093262,5.666528224945068,3.0206048488616943,-0.22879187762737274,2.0640134811401367,4.463341236114502,5.001655101776123,4.191205978393555,4.839107513427734,10.145628929138184,9.035176277160645,-1.796493649482727,-9.86789608001709,-12.524307250976562,-12.19255542755127,-8.740196228027344,-5.301320552825928,-3.4999537467956543,-3.193923234939575,-3.254197835922241,-3.542656898498535,-3.3433306217193604
-3.6885008811950684,-1.967226266860962,-0.8995602130889893,-1.8463259935379028,-1.4010592699050903,-0.8696967959403992,0.4566558599472046,0.02730332314968109,-0.9266346096992493,1.7071946859359741,-0.033913783729076385,-2.1587038040161133,-1.380101203918457,0.28640177845954895,3.646446704864502,5.041818618774414,6.501588344573975,8.38234806060791,6.710039138793945,4.499210834503174,4.140858173370361,5.168374061584473,7.489065647125244,8.020281791687012,4.511558532714844,2.725435972213745,3.8526055812835693,4.587693214416504,5.335057258605957,8.216163635253906,7.313076496124268,2.301361560821533,-5.0101637840271,-10.482522964477539,-10.348165512084961,-10.631600379943848,-9.158212661743164,-6.259122848510742,-5.374224662780762,-4.861974239349365,-4.2846245765686035,-3.5339748859405518,-3.2145299911499023
-7.666847229003906,-4.726597309112549,-4.28853178024292,-5.961363792419434,-6.006445407867432,-4.703676223754883,-1.119988203048706,-1.0343482494354248,-2.4563851356506348,0.9446333646774292,0.9939650297164917,0.09861509501934052,0.9249073266983032,1.4275752305984497,3.921482563018799,4.3702192306518555,5.701306343078613,8.09076976776123,8.791583061218262,8.922592163085938,7.931336402893066,6.739837169647217,7.175194263458252,6.904638290405273,4.421717643737793,4.430591106414795,7.06060791015625,6.96051025390625,6.2718377113342285,3.990185022354126,-2.766629219055176,-8.910337448120117,-11.02527904510498,-11.434395790100098,-10.642087936401367,-9.954083442687988,-7.786823749542236,-4.876707077026367,-4.841140270233154,-6.001699924468994,-4.531234264373779,-3.2367000579833984,-3.805030584335327
-12.876437187194824,-9.523615837097168,-6.982273578643799,-8.242888450622559,-8.892383575439453,-7.211599349975586,-5.777301788330078,-4.5093278884887695,-3.899352550506592,-1.0218790769577026,1.0490388870239258,3.0609326362609863,4.445589065551758,4.328414440155029,3.996717691421509,3.022523880004883,4.816157817840576,8.46048355102539,9.307397842407227,9.293089866638184,7.845335006713867,5.32243537902832,7.245978355407715,5.583328723907471,2.700561285018921,3.973149538040161,8.316085815429688,9.499099731445312,6.343301773071289,-1.2990800142288208,-8.406723022460938,-9.798384666442871,-10.73426342010498,-11.40942096710205,-10.56018352508545,-9.43442440032959,-7.0642900466918945,-3.4761719703674316,-4.150811195373535,-6.8994526863098145,-5.96475887298584,-5.166840076446533,-5.282029151916504
-14.522197723388672,-13.562948226928711,-9.719919204711914,-8.895078659057617,-9.859793663024902,-8.892714500427246,-8.35293197631836,-6.344829082489014,-4.856485366821289,-2.6908316612243652,0.006076491437852383,3.2605133056640625,5.225101470947266,4.492818832397461,4.652700424194336,5.998935222625732,7.881848335266113,10.3286771774292,10.653409004211426,10.327341079711914,10.74145793914795,10.878917694091797,11.666383743286133,12.988271713256836,9.983163833618164,4.126850605010986,3.9451184272766113,2.455563545227051,-3.634221076965332,-8.66628646850586,-8.338334083557129,-2.6246213912963867,-3.3118062019348145,-7.910173416137695,-8.670022010803223,-7.844419479370117,-5.61307954788208,-2.276214122772217,-3.1726937294006348,-6.866957664489746,-6.735225677490234,-6.043142795562744,-6.177190780639648
