data/wind_data/wind_2025-02-21_13.json
{"header": {"parameterUnit": "KT", "parameterCategory": 2, "nx": 255, "ny": 198, "lo1": 44.73521041870117, "la1": -3.236724853515625, "lo2": 111.26478576660156, "la2": 43.468475341796875, "dx": 0.26192745566368103, "dy": -0.23708222806453705, "refTime": "2025-02-21 13:00:00", "forecastTime": 0, "parameterNumber": 3, "parameterNumberName": "northward_wind"}, "data":
[rows 95 to 113 of 198, columns 129 to 171 of 255]
-4.766305923461914,-5.579347610473633,-6.0861005783081055,-4.984145164489746,-4.323105335235596,-0.7269501686096191,0.8820834755897522,-0.6276798844337463,-2.278132677078247,-2.0571792125701904,-1.7756153345108032,-2.62280535697937,-4.484533309936523,-3.8802247047424316,-4.193336009979248,0.1851881891489029,-1.257553219795227,-1.1525174379348755,0.5786697268486023,0.45167064666748047,-2.2913339138031006,0.4609544277191162,0.6490764617919922,-1.6283503770828247,-2.561596393585205,-0.41411876678466797,-2.1570045948028564,-0.9975491166114807,3.4473252296447754,3.797811269760132,6.947385787963867,9.102145195007324,11.174083709716797,12.506957054138184,12.958321571350098,12.703083038330078,12.4778413772583,12.31004810333252,11.747658729553223,11.220420837402344,10.495221138000488,9.901082038879395,8.957755088806152
-4.930467128753662,-5.619279384613037,-5.237909317016602,-4.763431549072266,-4.292970657348633,-1.1373733282089233,0.23588499426841736,-2.28267502784729,-3.383462905883789,-1.4986376762390137,0.02332880347967148,1.6344618797302246,0.8511881232261658,1.2177622318267822,-0.4400639235973358,-3.3785178661346436,-3.7549285888671875,-1.602344274520874,-0.7233829498291016,-0.9243126511573792,-1.645241141319275,1.2740144729614258,1.7003207206726074,1.798159122467041,-0.3683297038078308,2.3120617866516113,3.7957797050476074,4.107196807861328,4.87239933013916,4.992435932159424,6.486669063568115,9.383777618408203,10.461493492126465,12.984627723693848,12.99254322052002,13.75342845916748,13.792989730834961,13.575234413146973,12.764250755310059,12.217397689819336,11.484668731689453,11.245342254638672,10.658977508544922
-5.126340389251709,-4.574460983276367,-3.4370758533477783,-3.9173786640167236,-4.477561950683594,-3.6089940071105957,-2.5474512577056885,-2.7618215084075928,-2.53181529045105,-0.9647071957588196,-1.8510336875915527,-0.6058760285377502,0.6662689447402954,-0.028874780982732773,-1.6625009775161743,-0.9310911297798157,0.49302127957344055,1.9215339422225952,2.099972724914551,2.158707618713379,1.931310772895813,1.7895475625991821,2.7039222717285156,2.9429900646209717,3.229837417602539,2.0853657722473145,4.007645606994629,7.584151744842529,7.501484394073486,5.398192882537842,5.638937473297119,10.544966697692871,10.535945892333984,9.6205415725708,9.394193649291992,13.30615234375,13.480247497558594,13.719544410705566,12.253251075744629,10.267523765563965,10.252561569213867,9.811630249023438,10.754523277282715
-4.426392078399658,-3.7159929275512695,-3.8546810150146484,-4.745373725891113,-3.58948016166687,-3.594766139984131,-2.983175039291382,-1.5923911333084106,-1.045599341392517,0.041648101061582565,3.45318603515625,2.0839760303497314,0.18511241674423218,0.4847433567047119,-0.8320159316062927,3.518707513809204,3.421114683151245,3.3074333667755127,3.401948928833008,3.2037832736968994,5.490589618682861,3.839663028717041,2.52557373046875,3.088073492050171,4.234819412231445,3.135572671890259,3.634441375732422,5.461095333099365,6.988694190979004,5.322869777679443,4.269367694854736,8.890881538391113,11.209266662597656,9.666487693786621,8.334362030029297,9.641511917114258,9.818164825439453,9.68810749053955,8.474998474121094,5.905924320220947,5.219808578491211,4.888151168823242,5.477560997009277
-3.7303855419158936,-3.7678720951080322,-4.275367259979248,-4.279318332672119,-3.8759515285491943,-4.118427276611328,-4.0929059982299805,-1.0091406106948853,-1.9930148124694824,-1.6937040090560913,1.2969878911972046,2.908703565597534,3.375542402267456,1.495686411857605,1.9528225660324097,0.23184213042259216,-3.0289764404296875,-2.0859198570251465,1.2359423637390137,1.4376274347305298,1.9515061378479004,0.5940968990325928,3.1726107597351074,4.288890361785889,2.228752374649048,2.3943588733673096,5.258407115936279,7.085024833679199,6.062966823577881,5.345476150512695,4.237952709197998,5.199161052703857,7.7924485206604,10.384088516235352,9.954902648925781,9.474115371704102,8.510167121887207,8.587309837341309,8.064438819885254,6.8847575187683105,6.053282737731934,5.986794948577881,5.133063316345215
-2.622464418411255,-3.379328966140747,-4.169636249542236,-3.533665418624878,-3.91534423828125,-3.5641250610351562,-1.7847731113433838,-0.4020804166793823,-0.7184514999389648,-0.9490832090377808,-0.42978841066360474,2.297304630279541,1.4687198400497437,-1.7601596117019653,-3.43241548538208,-0.9600788354873657,-1.5118075609207153,-0.16084609925746918,0.6237930059432983,-1.0542845726013184,-3.2662923336029053,-3.8293163776397705,-1.3030229806900024,1.6598669290542603,1.1766958236694336,2.1966614723205566,4.874427795410156,4.588890075683594,3.725773572921753,3.898120641708374,4.3260698318481445,4.855105876922607,4.222386837005615,5.959723949432373,8.846790313720703,9.246740341186523,7.661516189575195,8.048200607299805,7.089468479156494,7.350723743438721,6.964318752288818,6.942359447479248,6.381478309631348
-2.150686264038086,-2.232529401779175,-2.337254524230957,-2.08683443069458,-3.566141128540039,-1.9368793964385986,-2.089826822280884,-1.8996044397354126,-1.625650405883789,-1.5509092807769775,-1.2592085599899292,1.52287757396698,0.1525600105524063,-3.167712450027466,-4.881704807281494,-3.056674003601074,2.7487261295318604,3.5397067070007324,1.5367766618728638,-0.5253910422325134,-3.798827886581421,-4.97091007232666,-5.344864845275879,-1.8771005868911743,-1.4084726572036743,1.684804081916809,4.193286418914795,3.177316904067993,1.6428742408752441,2.7200980186462402,4.194095134735107,4.930726051330566,4.102038860321045,3.82088565826416,4.66014289855957,6.27317476272583,6.143099784851074,6.059961795806885,5.732525825500488,5.728453636169434,5.6475911140441895,6.216733455657959,6.352566242218018
-3.3046875,-1.5447832345962524,-0.22591204941272736,0.16608986258506775,-0.17482519149780273,-0.6377753615379333,-0.9016560316085815,0.20957374572753906,0.6440388560295105,0.3880298435688019,0.1586018204689026,-0.8814833164215088,-0.21927709877490997,-2.5180702209472656,-2.5180046558380127,-1.466475248336792,2.97613787651062,3.6455137729644775,3.777730941772461,5.017309188842773,-0.021627482026815414,-1.76984703540802,-4.601880073547363,-2.4264609813690186,-1.798997163772583,-0.9710609316825867,2.0328762531280518,3.628647804260254,3.3680272102355957,3.2720580101013184,4.135050296783447,4.256076335906982,4.515786647796631,2.598126173019409,3.679673910140991,5.238852500915527,5.783473968505859,5.732102870941162,4.578187942504883,3.303340435028076,2.631314754486084,3.861649751663208,4.4806904792785645
-4.169413089752197,-3.2761318683624268,-3.191545248031616,-3.0277373790740967,-1.673176884651184,-1.2408325672149658,0.9704537987709045,-0.06064216047525406,1.7502012252807617,0.5601957440376282,1.2626047134399414,0.3411319851875305,2.702343702316284,3.712738275527954,4.305536270141602,3.7456865310668945,3.5247459411621094,3.3923730850219727,5.436419486999512,5.8298420906066895,3.3667216300964355,2.4054956436157227,0.6675692200660706,3.187462091445923,5.00527286529541,3.219923973083496,0.35222265124320984,3.210641622543335,4.464622497558594,5.580945014953613,5.694573402404785,3.826524496078491,5.1440911293029785,5.28609561920166,4.940859317779541,3.4912302494049072,4.887581825256348,5.721608638763428,4.324765682220459,1.777923583984375,0.5486177802085876,1.475490927696228,1.4779002666473389
-3.645174741744995,-4.440004825592041,-5.01071310043335,-5.137688159942627,-4.53263521194458,-3.821439027786255,-1.890739917755127,-0.7081379890441895,-0.9983395338058472,-2.212730646133423,-2.5884459018707275,-1.221259355545044,2.2955102920532227,6.731468200683594,5.248168468475342,1.3469737768173218,-2.004448890686035,-1.913848638534546,4.109294891357422,3.682985305786133,5.689638137817383,7.106685161590576,7.833048343658447,6.617775917053223,6.789876461029053,4.418416976928711,2.146606206893921,3.6217904090881348,3.980794668197632,5.985114097595215,5.628293991088867,5.133976936340332,5.750304222106934,5.797179222106934,4.116621971130371,2.5450310707092285,3.005892753601074,4.35265588760376,4.486208915710449,3.9046101570129395,3.7606728076934814,3.241318464279175,2.776554822921753
-4.949561595916748,-4.66623067855835,-3.3659582138061523,-3.5319840908050537,-2.2366201877593994,-3.0961692333221436,-2.427137613296509,-0.5894812941551208,0.09989442676305771,0.7202098369598389,-3.131150960922241,-5.4998779296875,-4.282730579376221,2.115009069442749,3.4641664028167725,0.7883127331733704,-2.7510743141174316,-4.118687152862549,-1.2029197216033936,0.5872355699539185,5.05218505859375,6.594111919403076,5.595853328704834,5.517181873321533,6.383275032043457,4.120501518249512,5.640590190887451,3.745110511779785,4.7290568351745605,4.31093692779541,4.576826095581055,6.052699089050293,5.4990692138671875,3.981043815612793,2.426851272583008,2.229954242706299,1.087634563446045,2.0421314239501953,2.9022397994995117,3.8451602458953857,3.548600673675537,3.9949913024902344,4.29036808013916
-3.7747862339019775,-3.079812526702881,-3.175960063934326,-3.632812976837158,-3.2403244972229004,-2.306912422180176,-1.4011367559432983,-1.430439829826355,-2.135159969329834,-1.9681545495986938,-0.8317126631736755,-0.5448874235153198,-1.4072762727737427,-1.3578158617019653,1.5394434928894043,2.695824384689331,0.06495284289121628,-3.6203815937042236,-4.1271233558654785,-3.8454716205596924,-1.5072120428085327,2.300001382827759,4.148513317108154,0.6986895799636841,3.338731288909912,3.9930503368377686,3.1301333904266357,3.1480519771575928,4.409639835357666,2.523953437805176,-0.22890698909759521,0.96021968126297,3.717386245727539,4.195754051208496,1.6702569723129272,1.1560215950012207,1.0359957218170166,-0.26796239614486694,-1.7925739288330078,0.7051859498023987,2.3214237689971924,3.303591012954712,4.13484525680542
-3.127786159515381,-3.670910596847534,-4.663419246673584,-4.907291889190674,-5.5037031173706055,-4.207405090332031,-2.930187225341797,-1.8248523473739624,-3.024529218673706,-1.5640746355056763,1.0841376781463623,0.5331634283065796,-1.320810079574585,-4.00675106048584,-5.577787399291992,-1.279063105583191,-1.9828643798828125,-4.239256381988525,-4.896070957183838,-4.304513454437256,-4.317950248718262,-3.102741003036499,1.1488776206970215,-0.12287969142198563,-0.06782405078411102,0.9663816690444946,0.3977365493774414,3.292417049407959,4.426416873931885,3.3657169342041016,2.047109603881836,1.6921149492263794,2.4461095333099365,3.1033847332000732,3.3273303508758545,3.974799394607544,2.1829380989074707,0.23010356724262238,0.8968648314476013,0.8465564846992493,0.6244114637374878,0.3776390850543976,0.6707133054733276
-4.747402667999268,-5.304728984832764,-4.955687046051025,-5.216660499572754,-5.697556495666504,-5.0304036140441895,-4.70371675491333,-3.687021255493164,-1.292502522468567,0.36845114827156067,0.9787993431091309,1.0918095111846924,0.3080427944660187,0.10516591370105743,-0.7452629804611206,-1.4012466669082642,-4.560857772827148,-5.8525166511535645,-5.037944793701172,-3.9814679622650146,-4.753256320953369,-5.909234046936035,-4.686881065368652,-1.0231345891952515,-1.1873716115951538,-1.6325808763504028,-2.3439226150512695,2.410684585571289,5.850639820098877,5.555041313171387,5.499555587768555,5.906022548675537,4.534518718719482,3.411501169204712,3.4911000728607178,4.5942816734313965,3.6680550575256348,3.210543155670166,4.452947616577148,2.7008605003356934,0.6033634543418884,0.5503536462783813,0.2011580616235733
-3.9199652671813965,-4.428867340087891,-4.900641918182373,-5.660938739776611,-4.732144832611084,-4.304276943206787,-4.126394271850586,-4.220660209655762,-3.9073140621185303,-3.3391971588134766,-1.292802095413208,2.3782854080200195,4.241262435913086,3.9069154262542725,1.3751907348632812,-2.0076277256011963,-0.6052064299583435,0.0847005769610405,-2.2311418056488037,-5.20834493637085,-6.120238304138184,-5.959647178649902,-5.472039699554443,-5.097037315368652,-3.6767520904541016,-3.9987003803253174,-4.560824871063232,-3.345263719558716,-0.1809590607881546,-0.13361522555351257,1.1625514030456543,2.635157585144043,1.8404090404510498,0.04377339407801628,-1.3149625062942505,1.5092194080352783,4.4101667404174805,3.965111494064331,2.962343215942383,2.8812777996063232,3.7459328174591064,3.2627639770507812,2.557915687561035
-4.724697113037109,-4.4959306716918945,-5.1560959815979,-5.3049635887146,-4.0716071128845215,-3.7574751377105713,-4.079817771911621,-4.516393661499023,-4.583984375,-4.911019802093506,-5.155553817749023,-4.924384117126465,-3.411252498626709,-2.2623178958892822,-3.320457696914673,-3.621727705001831,-0.511420726776123,2.8058927059173584,-1.4896525144577026,-3.930696725845337,-4.945816993713379,-4.448609828948975,-4.766202926635742,-5.3339104652404785,-3.522547721862793,-3.427532434463501,-3.8692495822906494,-4.6403303146362305,-4.973564147949219,-5.591578960418701,-4.836144924163818,-3.7448763847351074,-4.00978422164917,-4.761678695678711,-4.315278053283691,-4.083144187927246,-1.799295425415039,-0.5546759963035583,-0.2299424111843109,-0.46104350686073303,0.7000759840011597,1.4896272420883179,1.3484302759170532
-3.5252444744110107,-3.2507760524749756,-4.153405666351318,-3.8899505138397217,-3.331934928894043,-4.071566104888916,-4.790902137756348,-4.732886791229248,-4.632105827331543,-4.905257225036621,-5.068187713623047,-5.38136625289917,-5.508248329162598,-4.9950456619262695,-3.424837350845337,-3.9999899864196777,-4.970083713531494,-3.9412434101104736,-4.5702128410339355,-3.5877039432525635,-1.7164409160614014,-3.037428855895996,-4.379018306732178,-4.82584285736084,-4.388290882110596,-4.182693958282471,-4.412292003631592,-4.620297908782959,-5.691736221313477,-5.434002876281738,-5.900017261505127,-5.414612770080566,-5.044402122497559,-4.422791957855225,-4.287158966064453,-5.093145370483398,-5.565370082855225,-5.334913730621338,-4.198218822479248,-3.354358196258545,-1.8148659467697144,-0.08015437424182892,0.6439216732978821
-3.1523900032043457,-3.179180145263672,-3.677044630050659,-4.055078029632568,-4.406152725219727,-4.2793707847595215,-4.507479190826416,-4.335261344909668,-4.2673540115356445,-3.5584897994995117,-4.518632888793945,-4.1265339851379395,-3.7147159576416016,-5.6243767738342285,-5.625244140625,-4.583162307739258,-3.245673179626465,-4.223713397979736,-3.5424141883850098,-2.2891416549682617,-1.9680222272872925,-3.2930564880371094,-4.272655010223389,-4.47499418258667,-4.83754825592041,-5.392702579498291,-5.661548614501953,-5.245490074157715,-5.047189235687256,-4.9993510246276855,-5.0960822105407715,-4.6116461753845215,-3.968916416168213,-3.475792407989502,-3.2312800884246826,-3.7159583568573,-4.663463115692139,-4.851170063018799,-4.070355415344238,-2.8500661849975586,-1.43927001953125,-0.050434231758117676,1.1801390647888184
-4.470987796783447,-3.919970750808716,-3.7578611373901367,-3.8522865772247314,-3.4231834411621094,-3.018756151199341,-3.149507999420166,-3.4531137943267822,-3.4656496047973633,-3.5769143104553223,-3.7328004837036133,-3.274024248123169,-1.3670443296432495,-1.6981004476547241,-2.5120434761047363,-2.1691300868988037,-1.429007649421692,-2.1960535049438477,-3.475869655609131,-3.7509405612945557,-4.128495216369629,-3.2983720302581787,-3.165828227996826,-3.588057041168213,-2.9895031452178955,-3.4775235652923584,-4.479092597961426,-4.807089328765869,-4.687675952911377,-4.240488052368164,-3.8172097206115723,-3.6821000576019287,-3.4628448486328125,-3.1110737323760986,-2.8000259399414062,-2.738069534301758,-2.845083475112915,-2.8007123470306396,-2.4826443195343018,-2.1039955615997314,-1.7125989198684692,-1.0386745929718018,0.12023962289094925
