data/wind_data/wind_3_3.json
{"header": {"parameterUnit": "KT", "parameterCategory": 2, "nx": 256, "ny": 198, "lo1": 44.73521041870117, "la1": -3.236724853515625, "lo2": 111.26478576660156, "la2": 43.468475341796875, "dx": 0.2609002888202667, "dy": -0.23708222806453705, "refTime": "2025-02-19 03:00:00", "forecastTime": 0, "parameterNumber": 2, "parameterNumberName": "eastward_wind"}, "data":
[rows 19 to 37 of 198, columns 176 to 219 of 256]
0.35798704624176025,0.6433948278427124,0.9996433258056641,1.432146668434143,1.8853751420974731,2.0554378032684326,2.424799919128418,3.6606338024139404,4.543411731719971,4.543322563171387,4.381385803222656,4.475674152374268,4.741602897644043,4.764410972595215,4.760862827301025,5.028441905975342,5.739448547363281,6.317098617553711,6.596295356750488,6.774450778961182,6.952728748321533,7.439828395843506,7.677937030792236,7.160082817077637,6.435197353363037,6.356386184692383,6.544162273406982,5.838609218597412,4.043824195861816,2.6799957752227783,2.074502468109131,3.820521354675293,8.715343475341797,8.8912935256958,4.482813358306885,2.3205935955047607,2.3081843852996826,2.225118398666382,2.352614402770996,2.6048455238342285,2.7836718559265137,2.9116954803466797,3.2639551162719727,4.922781944274902
0.6878990530967712,0.9471689462661743,1.001562476158142,0.9576136469841003,0.8204208016395569,1.545877456665039,2.520994186401367,3.4643077850341797,4.049824237823486,4.453271865844727,4.5628743171691895,4.477982521057129,4.4525275230407715,5.00806188583374,5.2374444007873535,4.78641414642334,5.071074962615967,5.818811893463135,6.221246242523193,6.324187278747559,6.316126346588135,6.904046058654785,7.77782678604126,7.20170259475708,6.337060928344727,6.3700056076049805,6.1348395347595215,4.475580215454102,2.4664969444274902,1.9133732318878174,3.72788405418396,8.610966682434082,11.489289283752441,9.744834899902344,4.198029518127441,0.7458927035331726,-0.11060727387666702,0.33317169547080994,0.12058904767036438,2.52976393699646,3.9940598011016846,4.056798934936523,4.468131065368652,5.455624580383301
0.9613896608352661,1.1100651025772095,0.4338958263397217,0.20312371850013733,0.532418429851532,1.6377289295196533,2.2258622646331787,2.603473663330078,3.594244956970215,4.357078552246094,4.504273414611816,4.203091144561768,3.9634792804718018,5.116322994232178,5.5355753898620605,4.5357985496521,4.040713310241699,4.761608123779297,5.900774002075195,6.545243263244629,6.903853416442871,7.544548511505127,7.810389518737793,6.82531213760376,6.274832725524902,6.1261887550354,4.860532760620117,2.800325393676758,1.4118313789367676,3.184460163116455,8.010771751403809,11.10375690460205,11.636194229125977,8.427081108093262,2.4367527961730957,-0.26505792140960693,0.44372159242630005,0.9416460394859314,0.9562622904777527,1.4928483963012695,2.957491397857666,3.630671262741089,4.811993598937988,5.836215019226074
1.059105396270752,1.4969472885131836,0.5909570455551147,0.4040907025337219,1.0781073570251465,1.6427961587905884,1.65444815158844,2.258737564086914,3.422091484069824,3.68925142288208,4.0761637687683105,3.5761208534240723,3.048539876937866,4.063718795776367,4.945773124694824,4.164542198181152,3.077002763748169,3.9741454124450684,5.547198295593262,6.262626647949219,6.75394344329834,7.288464546203613,6.814621448516846,5.81608247756958,5.435861587524414,4.711388111114502,2.7897896766662598,1.646517276763916,1.853594183921814,6.008014678955078,10.062410354614258,10.492513656616211,8.825422286987305,5.3740763664245605,2.630892515182495,2.7701237201690674,3.466784954071045,2.9078946113586426,1.9338147640228271,2.491969347000122,3.4128167629241943,3.771223783493042,4.423825263977051,5.42887020111084
1.4682157039642334,2.0423078536987305,1.2903099060058594,0.9202178716659546,1.226154088973999,1.324777603149414,1.4524716138839722,2.1674067974090576,2.881730794906616,3.0525574684143066,3.6605374813079834,3.089484691619873,2.514183282852173,2.7289211750030518,3.2774503231048584,2.596501111984253,1.829606056213379,2.9357383251190186,3.8828680515289307,4.236059665679932,4.764969348907471,4.996511459350586,4.823789119720459,4.262543678283691,3.7038614749908447,2.7411274909973145,1.4281649589538574,1.460854411125183,3.010704755783081,6.827284812927246,9.227376937866211,8.650012016296387,5.596289157867432,3.6842191219329834,3.351681709289551,4.455713748931885,5.911122798919678,5.81703519821167,3.093782663345337,2.2208364009857178,3.5501492023468018,4.343353748321533,4.754103660583496,6.015327453613281
1.9901574850082397,2.3990962505340576,1.4879976511001587,1.1420633792877197,1.279153823852539,1.1790999174118042,1.4253288507461548,1.8656235933303833,1.9207528829574585,2.4583592414855957,2.9759161472320557,2.6904563903808594,1.8913944959640503,1.5314786434173584,1.4501159191131592,1.051339030265808,0.576460063457489,0.6518968939781189,0.5775749087333679,1.2211761474609375,1.6920009851455688,2.1519930362701416,2.6115965843200684,2.709019899368286,2.3585379123687744,1.9194072484970093,2.7714269161224365,3.7388863563537598,4.331462383270264,6.635899066925049,7.7471489906311035,4.188693523406982,1.9712307453155518,2.3066999912261963,3.4768354892730713,4.6857194900512695,6.355981826782227,5.728485107421875,3.5736706256866455,2.904886245727539,4.0806989669799805,4.508363723754883,3.9738516807556152,5.760757923126221
2.2030951976776123,2.4708032608032227,1.4636890888214111,1.1169910430908203,1.2659159898757935,0.9812071323394775,1.1263301372528076,1.151189923286438,1.0897483825683594,1.5472673177719116,2.3731703758239746,2.153420925140381,1.1308727264404297,0.728976309299469,0.18751215934753418,-0.3844422996044159,-0.8285180926322937,-1.3600034713745117,-1.6186429262161255,-1.1830439567565918,-0.7808250784873962,0.19830669462680817,0.9267494082450867,1.4166123867034912,1.797204852104187,3.6306753158569336,5.800381183624268,6.096578121185303,4.425111770629883,3.256523609161377,2.020561933517456,1.0216968059539795,2.2868452072143555,3.392524242401123,4.0469441413879395,4.627674579620361,5.622649669647217,5.363122463226318,4.294068813323975,4.290343761444092,4.356943607330322,3.2751660346984863,3.3244240283966064,4.438770294189453
1.9297391176223755,2.0212924480438232,1.0897243022918701,0.5871793031692505,0.7032124400138855,0.5277964472770691,0.553320586681366,0.32403841614723206,0.8019040822982788,1.4270859956741333,1.7518000602722168,1.3318535089492798,0.7714591026306152,0.019012464210391045,-0.8710236549377441,-1.5607881546020508,-1.7610257863998413,-2.2591166496276855,-2.1200950145721436,-1.8391480445861816,-1.5529749393463135,-0.703698456287384,-0.07033959776163101,0.4955841898918152,2.433387041091919,5.006067276000977,6.0943193435668945,4.950055122375488,2.6937975883483887,0.7918760776519775,0.9317132234573364,1.7284457683563232,3.402322292327881,4.381215572357178,4.344135284423828,3.8751156330108643,4.190631866455078,3.84194016456604,4.097032070159912,4.077469825744629,2.9137728214263916,1.607274055480957,2.848809003829956,3.239722728729248
1.4009417295455933,1.5035898685455322,0.7298755049705505,-0.16205386817455292,-0.21894516050815582,-0.16563543677330017,-0.14820250868797302,-0.05740058422088623,0.5859207510948181,0.9315166473388672,1.072130799293518,0.777644157409668,0.48172059655189514,-0.47645866870880127,-1.5390113592147827,-2.111218214035034,-2.4747021198272705,-3.0520081520080566,-3.0418190956115723,-2.990154266357422,-2.5046932697296143,-1.6160433292388916,-1.2777734994888306,0.4856548011302948,2.860130548477173,3.133821725845337,2.787358045578003,2.1032750606536865,1.1383525133132935,2.689344644546509,2.8994510173797607,3.173347234725952,3.9021739959716797,4.28038215637207,3.2308905124664307,1.8788069486618042,2.290966272354126,2.6607134342193604,2.1069445610046387,1.4723153114318848,0.2905462980270386,0.8277381658554077,2.974853992462158,2.733381748199463
1.0378097295761108,1.0086005926132202,0.16370046138763428,-0.6040061712265015,-0.9518235325813293,-0.8321625590324402,-0.6636990308761597,-0.17436547577381134,0.2649841904640198,0.05321384221315384,0.017714617773890495,0.21541273593902588,0.016122762113809586,-0.8018800020217896,-1.7839637994766235,-2.3008148670196533,-2.6720950603485107,-3.173039674758911,-3.521463394165039,-3.904078245162964,-3.6719322204589844,-2.8180196285247803,-0.9148055911064148,1.2359204292297363,3.221811056137085,3.5635547637939453,3.204378604888916,1.538356900215149,2.42326283454895,3.215801239013672,3.0731701850891113,3.4831454753875732,3.8448495864868164,3.2295830249786377,1.25159752368927,-0.5243411064147949,-0.33552029728889465,0.19763000309467316,0.247110977768898,-0.8759063482284546,-0.8417146801948547,1.2225215435028076,2.806715488433838,2.387244701385498
0.6332010626792908,0.5323885083198547,-0.42827796936035156,-1.0446382761001587,-1.5953023433685303,-1.6648004055023193,-1.0092569589614868,-0.3712023198604584,-0.5366815328598022,-0.9892202615737915,-0.8512949347496033,-0.47607189416885376,-0.9026868939399719,-1.442844271659851,-1.4242385625839233,-1.275523066520691,-1.675309419631958,-2.1833560466766357,-2.3892805576324463,-2.7859630584716797,-2.8061070442199707,-2.1921637058258057,0.36851009726524353,1.3028229475021362,2.016200542449951,3.8956925868988037,2.5859358310699463,2.027815341949463,2.3870091438293457,2.6232476234436035,3.2013633251190186,3.5479602813720703,3.058805227279663,1.5385863780975342,-0.5824501514434814,-2.0680885314941406,-2.283158540725708,-1.7908039093017578,-1.4947341680526733,-1.1885528564453125,0.26441553235054016,1.7107324600219727,1.9897185564041138,0.9768180847167969
0.236418217420578,0.13085928559303284,-0.5287484526634216,-1.389128565788269,-2.2223832607269287,-2.4503612518310547,-1.7224968671798706,-1.3190635442733765,-1.5379552841186523,-1.914919137954712,-1.6463302373886108,-1.4726780652999878,-1.9495881795883179,-1.8444130420684814,-0.8520355224609375,0.02105746418237686,0.22459915280342102,-0.43717318773269653,-1.0395363569259644,-0.8701152205467224,0.40064549446105957,1.596561312675476,1.2337849140167236,1.3864328861236572,2.929779529571533,3.4321632385253906,2.9432361125946045,2.350531816482544,1.3858858346939087,1.9829292297363281,2.4589972496032715,2.569572687149048,1.6930315494537354,0.3628663122653961,-1.1642788648605347,-2.1993064880371094,-2.578033447265625,-2.192676305770874,-1.3914194107055664,-0.06294221431016922,0.8247830867767334,2.1479697227478027,1.045960783958435,-1.634148359298706
-0.09530272334814072,-0.2837349474430084,-0.6052364110946655,-1.1821435689926147,-2.4628043174743652,-3.3443524837493896,-3.344113349914551,-2.978628158569336,-2.733664035797119,-2.9379496574401855,-2.7067737579345703,-2.6352319717407227,-2.6603832244873047,-1.9385838508605957,-0.47432807087898254,0.5418564677238464,1.0633571147918701,0.3838520050048828,0.12393486499786377,0.6493256092071533,1.526915192604065,2.5398595333099365,2.343538761138916,2.7591912746429443,3.160566806793213,2.368586778640747,1.5704597234725952,0.6222120523452759,0.6759271025657654,0.803974449634552,1.013541579246521,1.1856472492218018,0.7539963126182556,-0.19869153201580048,-1.0906293392181396,-1.6914095878601074,-2.100600004196167,-2.09489369392395,-1.0278961658477783,0.4029218256473541,1.4592341184616089,2.8312315940856934,1.2072402238845825,-1.5728509426116943
-0.5208724737167358,-0.4201977550983429,-0.3099719285964966,-1.2319897413253784,-2.9998586177825928,-4.2776875495910645,-4.8172430992126465,-4.43231201171875,-3.9721953868865967,-4.02507209777832,-3.920461654663086,-3.864712953567505,-3.714745044708252,-2.7979958057403564,-1.7062220573425293,-1.1434245109558105,-1.1845844984054565,-1.1873812675476074,-0.6679728031158447,0.5989531874656677,1.933388113975525,2.305060863494873,1.464615821838379,0.7645734548568726,0.3643454313278198,-0.09653612226247787,-0.5309199690818787,-0.2894866168498993,-0.46787717938423157,-0.33851948380470276,0.05315994471311569,0.17337824404239655,-0.04562487080693245,-0.8679302334785461,-1.3207886219024658,-1.5375546216964722,-2.002013683319092,-2.147886037826538,-0.6448546648025513,0.9930377006530762,1.9315835237503052,3.0558600425720215,2.819697618484497,0.073380246758461
-1.0591434240341187,-0.9249741435050964,-1.0333802700042725,-2.1656832695007324,-3.705512285232544,-4.744392395019531,-5.251124382019043,-4.872829914093018,-4.370555400848389,-4.26645040512085,-4.602387428283691,-4.953370094299316,-4.826818466186523,-4.32966947555542,-3.845810651779175,-3.5854969024658203,-4.079598426818848,-3.786154270172119,-2.3958845138549805,-1.6280150413513184,-1.03268563747406,-1.3955153226852417,-2.1817915439605713,-2.6353604793548584,-2.1517739295959473,-1.3610551357269287,-0.892325758934021,-1.1302709579467773,-1.8473153114318848,-1.3834209442138672,-0.7526955604553223,-0.8315314650535583,-1.1659893989562988,-1.914307713508606,-2.0203781127929688,-1.6351834535598755,-1.7711639404296875,-1.9840346574783325,-0.5852258205413818,0.8985562324523926,1.8103373050689697,2.4103760719299316,3.0127179622650146,-0.7418272495269775
-1.5345124006271362,-1.5832903385162354,-2.0351295471191406,-2.9189419746398926,-3.766310930252075,-4.602160930633545,-5.1315226554870605,-4.618062496185303,-4.2376484870910645,-4.055231094360352,-4.515108108520508,-5.09271764755249,-5.196567535400391,-5.2464165687561035,-4.86467170715332,-3.8974695205688477,-3.7421205043792725,-4.137693405151367,-3.626891851425171,-3.1579272747039795,-2.8478243350982666,-2.7777369022369385,-2.703738212585449,-2.932485342025757,-2.408104658126831,-1.6024857759475708,-1.2153687477111816,-1.7201673984527588,-2.4706294536590576,-2.2751100063323975,-1.9829576015472412,-1.5291773080825806,-1.7740960121154785,-2.612395763397217,-2.748729944229126,-2.5131032466888428,-2.2433087825775146,-1.843104362487793,-0.7070627212524414,0.501723051071167,1.2129828929901123,1.3806071281433105,1.2789002656936646,-2.968019485473633
-1.701415777206421,-1.9557063579559326,-2.524144172668457,-2.8093533515930176,-3.1372995376586914,-4.116929054260254,-5.236059665679932,-4.896100044250488,-4.608287334442139,-4.613888740539551,-4.858471393585205,-4.830166339874268,-4.729197025299072,-5.257501125335693,-5.321258544921875,-4.269161224365234,-3.5272181034088135,-4.054846286773682,-4.281563758850098,-3.95527720451355,-3.6230623722076416,-3.33537220954895,-3.057379722595215,-3.213378667831421,-3.0356714725494385,-2.129645586013794,-1.5871931314468384,-2.0839085578918457,-2.778533935546875,-3.1363675594329834,-2.943084716796875,-2.1203932762145996,-1.6326122283935547,-2.2364535331726074,-2.5300040245056152,-2.6109321117401123,-2.768996477127075,-2.5269715785980225,-1.7377731800079346,-0.7005449533462524,0.24954494833946228,-0.16329842805862427,-2.4797887802124023,-5.926974296569824
-1.6017273664474487,-1.8402539491653442,-2.4028284549713135,-2.587892532348633,-2.3980202674865723,-3.0874550342559814,-4.788956165313721,-5.206955432891846,-4.983609199523926,-5.409311294555664,-5.52593994140625,-4.676244735717773,-4.4130964279174805,-4.8655476570129395,-5.1027069091796875,-4.574202060699463,-4.088122844696045,-4.19402551651001,-4.4077606201171875,-4.547248363494873,-4.713377952575684,-4.691108703613281,-4.234523296356201,-4.120687484741211,-3.8685193061828613,-3.0261921882629395,-2.4995808601379395,-2.522459030151367,-3.066934108734131,-3.4944815635681152,-3.4377031326293945,-2.8458445072174072,-2.101020097732544,-2.0820202827453613,-3.000288486480713,-3.4806406497955322,-4.0655622482299805,-4.605685234069824,-4.033191204071045,-2.6774370670318604,-2.032639503479004,-3.531757116317749,-6.060449600219727,-8.161371231079102
-1.0451165437698364,-1.1766175031661987,-1.5237902402877808,-2.193110227584839,-1.9315708875656128,-2.0901012420654297,-3.761831521987915,-5.089697360992432,-5.289575576782227,-5.561540126800537,-5.394009113311768,-4.542856693267822,-4.559707164764404,-5.155949592590332,-5.3656439781188965,-4.9331488609313965,-4.535351753234863,-4.605534553527832,-5.199531078338623,-5.7605671882629395,-5.902795791625977,-5.897926330566406,-6.050181865692139,-6.078977584838867,-5.309162616729736,-4.464422225952148,-4.175226211547852,-3.9187588691711426,-3.881626844406128,-3.600858688354492,-3.6414713859558105,-4.112339019775391,-4.297457695007324,-4.304360866546631,-4.968924522399902,-5.260290622711182,-5.463137149810791,-6.305510997772217,-6.127615928649902,-5.394128799438477,-5.072185039520264,-6.132364273071289,-8.327706336975098,-9.925515174865723
