data/wind_data/wind_59_5.json
{"header": {"parameterUnit": "KT", "parameterCategory": 2, "nx": 256, "ny": 198, "lo1": 44.73521041870117, "la1": -3.236724853515625, "lo2": 111.26478576660156, "la2": 43.468475341796875, "dx": 0.2609002888202667, "dy": -0.23708222806453705, "refTime": "2025-02-21 11:00:00", "forecastTime": 0, "parameterNumber": 2, "parameterNumberName": "eastward_wind"}, "data":
[rows 171 to 189 of 198, columns 0 to 43 of 256]
40.94144821166992,42.30097198486328,41.21858215332031,40.79136657714844,41.324825286865234,41.393524169921875,41.09513854980469,40.11663055419922,41.23817443847656,41.00053405761719,38.571861267089844,37.79465103149414,37.35068130493164,35.771080017089844,36.02446365356445,35.017635345458984,34.43777084350586,35.683067321777344,35.03645706176758,32.871795654296875,31.53260612487793,30.46319007873535,27.379379272460938,21.886600494384766,18.982894897460938,19.287155151367188,19.983924865722656,20.013517379760742,19.695859909057617,19.521648406982422,20.380512237548828,21.899639129638672,23.13568115234375,23.83379364013672,24.385257720947266,25.050647735595703,25.78947639465332,26.55066680908203,27.568567276000977,28.644742965698242,29.716190338134766,30.33741569519043,30.347694396972656,30.30450439453125
36.84914016723633,40.09965133666992,39.266849517822266,39.65232849121094,41.08747482299805,41.99118423461914,41.51282501220703,40.794986724853516,40.67720031738281,40.00958251953125,37.42276382446289,35.73360824584961,35.60810470581055,35.302879333496094,35.014888763427734,33.265525817871094,32.44843292236328,33.14630889892578,32.352020263671875,30.552650451660156,29.355300903320312,27.80518913269043,23.538583755493164,19.240949630737305,19.0692081451416,19.653337478637695,18.08589744567871,17.045934677124023,16.469234466552734,17.111879348754883,19.154470443725586,21.3618221282959,22.843618392944336,23.63034439086914,24.09954071044922,24.589946746826172,25.188613891601562,25.89971351623535,26.753164291381836,27.580778121948242,28.455562591552734,29.28181266784668,29.734254837036133,29.921796798706055
33.25851821899414,36.41340255737305,35.81120681762695,36.55298614501953,38.69908142089844,39.371212005615234,39.20578384399414,39.080322265625,40.048099517822266,39.532188415527344,36.630859375,34.8602180480957,34.99119186401367,33.74923324584961,32.69987106323242,32.24825668334961,31.006792068481445,30.155920028686523,28.996063232421875,27.78464698791504,27.205711364746094,25.28687858581543,21.020170211791992,19.23390769958496,19.67078971862793,17.728145599365234,15.454682350158691,14.350607872009277,14.699172019958496,16.453752517700195,19.007226943969727,21.312332153320312,22.959636688232422,24.05352783203125,24.694473266601562,25.006284713745117,25.195158004760742,25.52967071533203,26.082500457763672,26.62445640563965,27.24883270263672,28.168609619140625,29.013647079467773,29.371105194091797
29.05845832824707,31.32952308654785,31.23447608947754,32.01788330078125,34.90022659301758,36.64958953857422,36.63832092285156,36.5340461730957,36.490234375,35.65614318847656,34.113128662109375,33.5510139465332,32.43491744995117,30.017337799072266,30.263948440551758,31.095287322998047,29.81014060974121,27.76646614074707,25.71709442138672,25.086172103881836,25.35701560974121,23.416784286499023,20.78788185119629,21.149593353271484,19.32461929321289,16.002727508544922,14.657975196838379,14.110666275024414,14.841650009155273,16.718347549438477,19.0044002532959,21.098379135131836,22.83309555053711,24.22500228881836,25.213132858276367,25.692731857299805,25.57135581970215,25.345478057861328,25.458324432373047,25.799894332885742,26.32819175720215,27.154762268066406,27.907058715820312,27.759578704833984
24.842695236206055,26.97686004638672,27.189130783081055,28.265544891357422,32.200347900390625,35.51336669921875,35.01652526855469,35.34159469604492,34.347267150878906,32.91558074951172,31.484466552734375,30.802501678466797,29.48855209350586,28.9412841796875,29.35951042175293,29.24875831604004,28.064767837524414,25.844905853271484,23.64435577392578,23.420495986938477,23.329931259155273,21.909809112548828,21.982158660888672,23.00876235961914,19.893190383911133,17.126054763793945,16.071062088012695,15.470175743103027,15.595782279968262,16.66505241394043,18.264760971069336,19.85477066040039,21.346649169921875,22.83361053466797,24.1856746673584,25.125577926635742,25.28702163696289,24.961902618408203,24.897872924804688,25.275480270385742,25.702545166015625,26.148244857788086,26.243118286132812,25.630985260009766
21.591493606567383,22.650373458862305,23.622440338134766,26.519947052001953,31.250011444091797,33.57671356201172,32.34870910644531,33.72366714477539,33.654727935791016,32.23344039916992,30.909603118896484,29.972684860229492,28.72477912902832,27.566715240478516,26.911930084228516,26.166471481323242,25.212608337402344,24.018465042114258,22.873348236083984,22.101932525634766,21.264497756958008,21.127147674560547,23.39162254333496,23.901473999023438,21.165821075439453,19.161592483520508,16.923145294189453,15.839993476867676,15.979886054992676,16.555713653564453,17.279211044311523,17.991369247436523,19.110013961791992,20.6593074798584,22.2177791595459,23.516447067260742,24.247821807861328,24.419187545776367,24.531997680664062,24.989471435546875,25.561704635620117,25.58755874633789,24.943090438842773,23.953426361083984
19.464250564575195,19.84479522705078,21.306245803833008,25.552501678466797,30.404386520385742,31.96095085144043,30.423370361328125,31.21303939819336,32.34843444824219,31.174030303955078,30.142253875732422,29.58850860595703,28.497230529785156,26.737442016601562,24.90873146057129,23.509815216064453,22.45076560974121,22.033811569213867,21.82587432861328,20.838871002197266,20.33609390258789,21.62320899963379,24.163576126098633,23.89053726196289,21.41228485107422,18.269502639770508,15.341943740844727,15.235599517822266,16.564950942993164,17.267913818359375,17.621112823486328,18.187793731689453,18.90117645263672,19.81315040588379,20.748899459838867,21.738006591796875,22.942596435546875,23.855710983276367,24.169540405273438,24.691904067993164,25.54171371459961,25.330352783203125,23.965272903442383,22.330699920654297
17.93988037109375,21.282636642456055,22.2127628326416,24.8231143951416,30.112438201904297,31.926591873168945,29.561338424682617,28.846710205078125,29.339536666870117,29.218666076660156,29.24704360961914,29.05494499206543,28.007001876831055,25.94377326965332,23.71108627319336,22.205249786376953,20.874095916748047,20.35342788696289,20.25174331665039,20.005949020385742,20.647289276123047,22.302824020385742,23.69272232055664,23.290016174316406,21.273113250732422,17.50653076171875,15.803909301757812,16.730716705322266,18.290857315063477,19.607385635375977,20.30160903930664,20.919923782348633,20.772071838378906,20.00678062438965,19.613052368164062,20.21230125427246,21.49233627319336,22.71998405456543,23.063119888305664,23.942079544067383,24.84307861328125,24.47724151611328,22.871746063232422,20.954904556274414
16.928783416748047,24.733381271362305,25.81394386291504,25.60141372680664,29.37932777404785,30.66777229309082,29.505834579467773,26.324766159057617,25.36709213256836,26.811227798461914,28.14556121826172,28.323955535888672,27.21953773498535,24.89689064025879,22.753385543823242,21.582563400268555,20.214401245117188,19.250837326049805,18.940773010253906,19.818294525146484,21.349353790283203,22.621803283691406,23.302921295166016,22.472192764282227,21.213184356689453,19.919090270996094,19.142807006835938,19.91918182373047,20.99440574645996,22.33917808532715,23.548112869262695,22.955307006835938,21.272605895996094,19.11062240600586,18.274927139282227,18.853961944580078,19.911108016967773,20.822715759277344,21.59435272216797,22.53824234008789,22.92342758178711,22.600589752197266,21.373796463012695,19.96999168395996
17.942136764526367,25.684707641601562,27.082551956176758,26.818552017211914,30.020252227783203,30.300701141357422,28.99515724182129,25.912738800048828,23.61640739440918,24.54673194885254,26.515405654907227,27.180810928344727,26.077774047851562,23.787214279174805,21.93170928955078,21.02059555053711,19.951894760131836,18.603500366210938,18.04022979736328,19.700023651123047,21.953527450561523,23.25621795654297,23.04222869873047,21.257822036743164,21.109399795532227,21.854312896728516,21.884614944458008,22.1883602142334,22.735050201416016,23.578189849853516,24.333759307861328,21.957368850708008,18.745906829833984,16.798166275024414,16.788005828857422,17.834571838378906,18.82210350036621,19.199504852294922,19.97920036315918,20.52570152282715,20.586172103881836,20.50745391845703,19.390239715576172,18.327056884765625
18.505577087402344,23.48501205444336,25.999013900756836,27.954755783081055,30.27513313293457,30.714391708374023,29.066936492919922,25.495346069335938,21.931093215942383,22.260305404663086,24.375497817993164,25.520503997802734,24.859182357788086,23.032724380493164,21.170089721679688,20.160541534423828,19.015493392944336,17.573848724365234,17.224098205566406,19.308124542236328,22.090986251831055,22.859987258911133,21.59162139892578,20.61469841003418,21.29372787475586,22.84000015258789,23.776578903198242,23.476560592651367,22.828723907470703,23.612865447998047,23.311580657958984,18.90369415283203,15.67894458770752,14.850343704223633,15.988377571105957,17.472671508789062,18.291465759277344,18.09296226501465,18.229019165039062,18.303823471069336,18.142541885375977,17.439210891723633,16.29716682434082,16.27541160583496
18.617326736450195,20.91687774658203,23.811002731323242,26.798830032348633,28.271020889282227,27.56352996826172,27.757068634033203,26.232147216796875,23.593820571899414,22.49965476989746,22.998088836669922,23.617868423461914,23.236438751220703,21.877782821655273,19.959035873413086,18.433124542236328,16.87983512878418,15.845306396484375,16.41798973083496,18.556949615478516,20.900413513183594,20.96766471862793,20.33726692199707,20.701862335205078,21.65492820739746,24.028160095214844,24.973899841308594,23.788846969604492,22.525894165039062,23.06533432006836,22.32235336303711,17.76680564880371,15.367278099060059,15.812056541442871,16.50886344909668,16.92493438720703,17.23269271850586,17.33677864074707,17.072999954223633,16.45370101928711,14.932684898376465,13.66086196899414,14.144761085510254,16.50570297241211
18.803308486938477,21.861345291137695,22.847646713256836,24.031982421875,25.932464599609375,26.544696807861328,27.321340560913086,26.784833908081055,25.383136749267578,23.89258575439453,22.818695068359375,22.134220123291016,21.793466567993164,20.611122131347656,17.260765075683594,15.001571655273438,14.169571876525879,14.454890251159668,16.022268295288086,18.14772605895996,19.532474517822266,19.53961944580078,20.301708221435547,21.06390953063965,22.442184448242188,25.12184715270996,25.030122756958008,23.147436141967773,22.130285263061523,23.00380516052246,22.831958770751953,19.161638259887695,17.318763732910156,18.608491897583008,16.400354385375977,14.770425796508789,15.308485984802246,16.00519561767578,15.954049110412598,15.131144523620605,13.735824584960938,13.445638656616211,15.434672355651855,17.77448272705078
19.358503341674805,21.74764060974121,22.56519889831543,22.085105895996094,23.588146209716797,25.288570404052734,26.57474136352539,26.75198745727539,25.92264175415039,24.65470314025879,23.052507400512695,21.47045135498047,19.660980224609375,16.950584411621094,14.028791427612305,10.97482967376709,12.435117721557617,15.091830253601074,16.724864959716797,18.05815887451172,18.713565826416016,19.447717666625977,20.67306137084961,21.450429916381836,23.775482177734375,25.428136825561523,23.905723571777344,22.17744255065918,22.256330490112305,23.97351837158203,24.096357345581055,20.945053100585938,19.154191970825195,19.120580673217773,14.171037673950195,11.250813484191895,12.13905143737793,13.121841430664062,13.67544937133789,14.113052368164062,14.690536499023438,15.355514526367188,17.17997932434082,18.107357025146484
20.663734436035156,24.102460861206055,24.574132919311523,23.288955688476562,22.647645950317383,23.64149284362793,25.231943130493164,26.031686782836914,25.91385841369629,24.913150787353516,22.845720291137695,19.932830810546875,16.800642013549805,12.815690040588379,8.227794647216797,12.27476978302002,15.647836685180664,16.620105743408203,16.727983474731445,17.408283233642578,18.493709564208984,19.958648681640625,20.831907272338867,22.456764221191406,24.79877471923828,24.703163146972656,22.651735305786133,21.786396026611328,23.188358306884766,25.306568145751953,24.684879302978516,21.556720733642578,18.999082565307617,16.525346755981445,11.821596145629883,9.375407218933105,9.468729019165039,10.2017183303833,11.057869911193848,12.54379940032959,14.473074913024902,15.895691871643066,17.662078857421875,18.373811721801758
22.381715774536133,25.782211303710938,26.531675338745117,26.139257431030273,24.237489700317383,23.15501594543457,23.58875274658203,25.0272159576416,25.67154884338379,24.55430030822754,21.248231887817383,17.692880630493164,13.84773063659668,11.204336166381836,14.030718803405762,17.341819763183594,17.713787078857422,16.62850570678711,15.917179107666016,16.766990661621094,18.51681900024414,19.994140625,21.235336303710938,23.361576080322266,24.50197410583496,23.38056182861328,21.907350540161133,22.268659591674805,24.358646392822266,25.700162887573242,23.889877319335938,20.560489654541016,16.659704208374023,13.114608764648438,10.80160140991211,9.58742904663086,8.964486122131348,9.147988319396973,9.796122550964355,11.51423454284668,13.362814903259277,15.530970573425293,17.569061279296875,18.582075119018555
22.479629516601562,24.3768310546875,25.930219650268555,27.051057815551758,25.84905242919922,24.18922996520996,23.218257904052734,23.867420196533203,24.556299209594727,23.139450073242188,19.2517032623291,16.232458114624023,14.470410346984863,16.169198989868164,19.059314727783203,19.309022903442383,17.934181213378906,16.515735626220703,16.03662109375,17.13152503967285,18.627511978149414,19.81024742126465,21.42574119567871,22.925771713256836,23.03231430053711,21.981037139892578,21.783931732177734,23.330963134765625,25.37179183959961,24.869064331054688,22.18048858642578,18.20260238647461,13.311614990234375,10.355043411254883,10.116079330444336,9.886634826660156,9.213768005371094,8.802806854248047,9.598247528076172,11.560606002807617,13.314414024353027,15.611536026000977,17.060991287231445,17.603761672973633
21.219478607177734,22.10039710998535,23.797077178955078,25.945951461791992,26.26980209350586,25.761987686157227,24.439300537109375,23.486082077026367,22.55843162536621,20.24770736694336,17.860136032104492,15.493667602539062,14.226419448852539,17.95823860168457,19.716238021850586,19.028451919555664,17.70210075378418,17.01124382019043,16.846826553344727,17.568161010742188,18.4023380279541,19.235576629638672,20.46951675415039,21.176156997680664,21.03273582458496,20.711732864379883,21.93258285522461,24.431995391845703,24.46345329284668,22.36659812927246,19.638547897338867,15.199726104736328,10.55821418762207,8.77785587310791,9.3261079788208,9.594769477844238,8.97414779663086,8.37946891784668,10.159710884094238,12.524575233459473,14.316140174865723,15.78226089477539,15.831226348876953,15.164892196655273
20.109010696411133,19.075529098510742,21.731916427612305,24.57391357421875,25.359479904174805,25.802494049072266,24.25535011291504,22.184892654418945,20.20034408569336,18.121692657470703,16.828062057495117,12.210432052612305,15.553074836730957,20.331199645996094,21.01909637451172,19.563114166259766,18.576190948486328,18.314464569091797,17.178380966186523,16.98162269592285,17.53144073486328,18.343170166015625,19.016855239868164,19.34733772277832,19.499183654785156,20.094043731689453,22.468782424926758,24.140398025512695,21.68882179260254,19.1688232421875,16.864110946655273,12.728287696838379,9.207992553710938,8.10256576538086,8.483436584472656,9.0346097946167,8.380942344665527,8.500194549560547,11.287474632263184,13.711875915527344,15.279236793518066,15.73844051361084,14.908066749572754,13.691697120666504
