data/wind_data/wind_68_9.json
{"header": {"parameterUnit": "KT", "parameterCategory": 2, "nx": 256, "ny": 198, "lo1": 44.73521041870117, "la1": -3.236724853515625, "lo2": 111.26478576660156, "la2": 43.468475341796875, "dx": 0.2609002888202667, "dy": -0.23708222806453705, "refTime": "2025-02-21 20:00:00", "forecastTime": 0, "parameterNumber": 2, "parameterNumberName": "eastward_wind"}, "data":
[rows 0 to 18 of 198, columns 129 to 171 of 256]
26.343111038208008,26.55731773376465,26.83135986328125,27.102357864379883,27.34185791015625,27.354591369628906,27.283607482910156,27.44415283203125,27.66488265991211,27.747867584228516,27.8413028717041,28.107341766357422,28.294944763183594,28.186166763305664,28.174659729003906,28.495885848999023,28.540712356567383,28.101619720458984,27.865882873535156,27.92431640625,27.95285987854004,27.943689346313477,27.9447078704834,27.906051635742188,27.321090698242188,26.478004455566406,26.484079360961914,26.77229118347168,26.203590393066406,25.533802032470703,25.737096786499023,26.09756088256836,26.084226608276367,26.023088455200195,26.05656623840332,26.01258087158203,25.846424102783203,25.509370803833008,24.94045639038086,24.52286720275879,24.297561645507812,24.42677116394043,24.892580032348633
27.49369239807129,28.009138107299805,28.19106674194336,28.21401023864746,28.20345687866211,27.915985107421875,27.75160789489746,28.023929595947266,28.509197235107422,28.97083282470703,29.18472671508789,29.13435935974121,28.8055362701416,28.450550079345703,28.388620376586914,28.471904754638672,28.212242126464844,27.95149040222168,28.393537521362305,28.628807067871094,28.039377212524414,27.644088745117188,27.69845962524414,27.69489860534668,27.47743797302246,26.865758895874023,26.389108657836914,26.615367889404297,26.701190948486328,26.92584228515625,28.120275497436523,28.386228561401367,27.2017822265625,26.392255783081055,26.435230255126953,26.381778717041016,26.14283561706543,26.155101776123047,25.76711654663086,25.114179611206055,25.021209716796875,25.224924087524414,24.78965187072754
28.38968849182129,28.848682403564453,29.03062629699707,28.939838409423828,28.659656524658203,28.186851501464844,27.98257827758789,28.365074157714844,28.937721252441406,29.394350051879883,29.583602905273438,29.422727584838867,29.145042419433594,28.951919555664062,28.79152488708496,28.566085815429688,28.199804306030273,27.993152618408203,28.22642707824707,28.376422882080078,28.114809036254883,27.77968406677246,27.60276985168457,27.462936401367188,27.332534790039062,27.062929153442383,26.65189552307129,26.602581024169922,26.892675399780273,27.397720336914062,28.290315628051758,28.533639907836914,27.677021026611328,27.01337242126465,27.10003662109375,27.083477020263672,26.732059478759766,26.520061492919922,26.144187927246094,25.769521713256836,25.643779754638672,25.43084716796875,24.91827964782715
29.585514068603516,29.943843841552734,30.086618423461914,29.7707462310791,29.2426815032959,28.797805786132812,28.600099563598633,28.996341705322266,29.51522445678711,29.59705924987793,29.60731315612793,29.596345901489258,29.610050201416016,29.637859344482422,29.320524215698242,28.564193725585938,27.966611862182617,27.841230392456055,28.095531463623047,28.149099349975586,28.039522171020508,27.668588638305664,27.20030403137207,27.076904296875,27.315704345703125,27.5698299407959,27.386425018310547,27.31515884399414,27.812223434448242,28.6312313079834,29.0955867767334,28.848209381103516,28.03453254699707,27.41338539123535,27.51654052734375,27.621841430664062,27.210983276367188,26.677461624145508,26.27666664123535,26.308076858520508,26.22991371154785,25.58905792236328,24.87493133544922
29.753183364868164,30.05767250061035,30.039735794067383,29.291349411010742,28.682579040527344,28.736589431762695,28.723176956176758,28.778202056884766,28.81270408630371,27.982030868530273,28.04381561279297,29.117395401000977,29.226886749267578,29.006328582763672,28.50395393371582,26.82331657409668,25.94579315185547,26.23467445373535,27.139238357543945,27.29461097717285,27.099525451660156,26.85052490234375,26.77004051208496,27.34840965270996,28.22316551208496,29.05913543701172,29.066848754882812,29.37871742248535,30.208221435546875,31.486909866333008,32.040130615234375,31.00942039489746,29.061962127685547,27.503803253173828,26.70427131652832,25.591262817382812,24.59832191467285,24.22564697265625,24.52200698852539,25.29363250732422,25.7015323638916,24.880924224853516,23.897735595703125
28.686851501464844,29.853796005249023,29.088838577270508,27.343366622924805,26.17580795288086,26.49547004699707,27.54102897644043,27.11919403076172,26.274951934814453,25.716075897216797,25.778385162353516,27.528860092163086,27.860849380493164,27.992284774780273,27.94786834716797,26.137102127075195,24.62994384765625,25.102815628051758,26.377599716186523,26.211671829223633,25.65485191345215,25.197975158691406,25.047937393188477,25.312889099121094,25.53124237060547,25.527408599853516,25.125778198242188,25.841259002685547,27.390756607055664,28.31999397277832,27.65285873413086,25.5794734954834,24.224994659423828,23.802677154541016,22.59317970275879,20.874473571777344,20.038837432861328,19.5733642578125,20.188323974609375,21.00278663635254,21.991004943847656,22.38102149963379,22.18228530883789
27.18054962158203,28.411579132080078,26.85634422302246,25.3750057220459,24.667869567871094,25.04946517944336,26.32857894897461,25.131534576416016,23.73503875732422,24.164884567260742,23.990966796875,26.006650924682617,26.279157638549805,26.807350158691406,26.891719818115234,25.40423583984375,23.783533096313477,23.88018035888672,24.946243286132812,24.383285522460938,23.22650718688965,22.578664779663086,22.372148513793945,21.96368408203125,21.890188217163086,21.906110763549805,21.042757034301758,21.309856414794922,22.515138626098633,23.048599243164062,21.555761337280273,20.121627807617188,21.255687713623047,22.58637046813965,21.054058074951172,19.175748825073242,18.87895965576172,18.46783447265625,19.151203155517578,19.76205062866211,20.48468780517578,20.70806884765625,20.158601760864258
26.627708435058594,26.647871017456055,24.99431800842285,24.27611541748047,24.26342010498047,24.461780548095703,25.088788986206055,24.409276962280273,23.402111053466797,23.527259826660156,23.013187408447266,24.001516342163086,24.012529373168945,24.698177337646484,24.49091911315918,23.50140380859375,22.900287628173828,22.292654037475586,22.77692222595215,22.340576171875,21.72064781188965,21.468097686767578,21.098112106323242,20.805835723876953,21.551055908203125,21.83439826965332,20.737712860107422,20.22458839416504,20.369915008544922,21.492521286010742,20.677045822143555,19.570154190063477,20.621068954467773,22.379772186279297,21.459121704101562,19.801301956176758,19.30715560913086,19.166181564331055,19.917570114135742,19.658077239990234,19.354578018188477,19.276348114013672,19.143199920654297
27.545095443725586,27.14954948425293,25.618337631225586,24.552709579467773,24.608699798583984,23.725004196166992,25.552978515625,24.842010498046875,24.12001609802246,24.675519943237305,23.04482078552246,22.618736267089844,21.35563087463379,22.05759048461914,22.464038848876953,22.02825927734375,21.751373291015625,20.993221282958984,20.700828552246094,20.470930099487305,20.769763946533203,20.734745025634766,20.247587203979492,20.330156326293945,21.41488265991211,21.425418853759766,20.599109649658203,19.742399215698242,20.199398040771484,21.508007049560547,21.681604385375977,20.75508689880371,20.46375274658203,21.41392707824707,21.565221786499023,21.37316131591797,20.98670196533203,20.80354118347168,21.199739456176758,19.620559692382812,19.12857437133789,19.001529693603516,18.215286254882812
28.792417526245117,29.561851501464844,28.10943603515625,26.246150970458984,26.029541015625,24.741287231445312,26.800758361816406,26.585691452026367,26.057994842529297,25.823881149291992,24.787038803100586,22.169734954833984,19.711938858032227,20.004825592041016,21.038373947143555,21.31366729736328,20.22364044189453,19.618144989013672,19.487194061279297,18.58595848083496,19.099063873291016,19.39194679260254,19.318496704101562,20.129995346069336,20.708513259887695,20.620038986206055,19.328399658203125,18.299436569213867,19.781963348388672,21.35450553894043,21.975006103515625,21.73699188232422,20.882694244384766,20.33249855041504,20.894914627075195,21.544862747192383,22.359844207763672,22.69232940673828,21.363651275634766,19.640565872192383,20.460960388183594,20.581708908081055,19.0477237701416
27.588376998901367,30.345914840698242,30.628385543823242,29.29132080078125,28.454177856445312,27.429466247558594,28.797340393066406,27.21522331237793,28.027406692504883,26.62441062927246,25.177528381347656,22.532865524291992,19.848142623901367,19.25052261352539,19.959880828857422,20.974096298217773,19.6888484954834,18.24519920349121,17.80681037902832,17.137514114379883,18.0596981048584,17.895957946777344,17.818063735961914,19.71579933166504,20.369016647338867,20.013166427612305,18.642648696899414,17.5833797454834,18.06201171875,19.59239959716797,20.543132781982422,20.617046356201172,20.048049926757812,18.644865036010742,19.11855125427246,20.603113174438477,22.884876251220703,23.759048461914062,22.225448608398438,20.786563873291016,21.187835693359375,21.18347930908203,19.498050689697266
25.8442440032959,28.910202026367188,30.337444305419922,29.96592903137207,30.33602523803711,30.945194244384766,30.379030227661133,27.33828353881836,28.070171356201172,27.365346908569336,24.422061920166016,22.60525131225586,21.354196548461914,19.695598602294922,20.316293716430664,19.247703552246094,20.175090789794922,17.76107406616211,15.297805786132812,15.915868759155273,17.152029037475586,16.451810836791992,15.854180335998535,19.010826110839844,20.155521392822266,19.396665573120117,18.33063507080078,17.699140548706055,17.206106185913086,18.002222061157227,18.695451736450195,17.800695419311523,17.27098274230957,16.860273361206055,17.058923721313477,19.077880859375,21.703767776489258,23.024566650390625,22.920446395874023,22.12914276123047,21.21806526184082,20.171781539916992,19.030826568603516
25.007137298583984,27.040464401245117,28.02747917175293,28.6234188079834,30.52720069885254,31.62373924255371,30.632471084594727,28.82526969909668,26.78817367553711,25.54608726501465,23.45229148864746,23.33245086669922,21.98625373840332,19.83477783203125,19.6257381439209,18.96527099609375,18.53950309753418,17.293649673461914,14.09722900390625,14.280867576599121,13.950974464416504,15.421269416809082,15.263908386230469,17.365467071533203,18.28668212890625,18.08718490600586,18.638858795166016,18.845298767089844,18.151697158813477,17.467805862426758,17.59712028503418,16.323339462280273,14.098663330078125,13.682023048400879,14.869096755981445,17.456260681152344,19.94740104675293,21.107379913330078,21.736072540283203,21.565895080566406,20.435029983520508,19.64090919494629,18.420408248901367
24.440608978271484,25.245140075683594,26.334789276123047,27.810792922973633,29.063060760498047,30.310340881347656,29.44135856628418,28.06466293334961,25.755996704101562,24.477184295654297,23.02481460571289,22.41745948791504,20.376768112182617,18.9848690032959,19.31475257873535,17.63846206665039,16.5927791595459,15.270822525024414,14.384461402893066,14.04126262664795,14.21591567993164,14.338190078735352,14.872054100036621,15.881962776184082,15.914711952209473,17.18609046936035,19.227930068969727,20.150283813476562,19.664148330688477,17.768644332885742,16.763214111328125,15.669272422790527,13.24936580657959,12.450029373168945,13.367114067077637,15.627767562866211,17.976743698120117,18.856552124023438,19.472505569458008,20.352218627929688,20.229286193847656,19.855093002319336,18.437742233276367
24.305206298828125,24.223697662353516,23.56157875061035,25.305543899536133,27.92862892150879,29.49163055419922,28.892780303955078,27.030771255493164,24.6114444732666,22.88903045654297,21.15481185913086,19.5660457611084,18.050100326538086,17.80910873413086,18.002622604370117,16.68821907043457,15.552325248718262,15.982844352722168,14.903363227844238,16.37407112121582,16.83482551574707,15.33330249786377,15.417486190795898,14.973450660705566,14.614235877990723,16.692522048950195,18.402156829833984,19.3769474029541,19.852869033813477,17.352951049804688,16.298494338989258,15.503500938415527,13.804563522338867,13.149750709533691,12.726263046264648,14.033500671386719,16.337785720825195,17.592937469482422,17.621397018432617,18.434127807617188,19.67351722717285,20.26138687133789,18.969268798828125
24.831623077392578,23.003910064697266,20.552963256835938,22.72126579284668,26.55257225036621,27.788223266601562,26.818300247192383,24.572843551635742,23.715978622436523,21.350540161132812,19.147327423095703,17.134916305541992,16.56501007080078,18.144775390625,18.286151885986328,18.392154693603516,17.023109436035156,16.885440826416016,17.751401901245117,19.307374954223633,18.574968338012695,16.211111068725586,15.260826110839844,15.483851432800293,15.38601303100586,15.92665958404541,17.427528381347656,18.90593910217285,17.60602569580078,16.766069412231445,17.183996200561523,16.152816772460938,14.329084396362305,13.195796966552734,12.89657211303711,13.971550941467285,14.910661697387695,16.24080467224121,16.999935150146484,18.08386993408203,19.823486328125,20.23698616027832,18.420663833618164
23.477746963500977,20.805490493774414,17.402427673339844,19.538537979125977,23.46167755126953,24.637128829956055,24.328676223754883,22.83878517150879,21.77102279663086,19.886890411376953,18.469675064086914,18.047901153564453,18.15537452697754,19.230981826782227,19.26152801513672,20.044174194335938,19.087114334106445,19.821178436279297,21.22789192199707,21.670068740844727,19.528718948364258,16.180519104003906,16.165742874145508,17.096635818481445,17.763071060180664,17.1478214263916,17.785734176635742,18.714872360229492,16.750526428222656,17.956079483032227,18.593175888061523,15.907499313354492,14.654488563537598,13.455470085144043,13.418460845947266,14.280049324035645,14.718003273010254,15.127559661865234,16.481142044067383,18.21942710876465,19.319292068481445,19.609342575073242,18.532888412475586
21.726612091064453,18.38941192626953,14.559247970581055,17.3609676361084,21.17761993408203,22.542200088500977,22.411745071411133,21.169788360595703,19.768001556396484,19.061466217041016,19.35523223876953,19.481063842773438,19.783672332763672,20.97342872619629,21.552202224731445,21.942996978759766,21.78839111328125,22.919147491455078,23.377689361572266,23.131126403808594,20.54376983642578,17.86271095275879,17.814838409423828,18.489177703857422,19.353225708007812,19.281248092651367,19.3868408203125,18.329673767089844,17.986068725585938,17.967262268066406,18.135557174682617,17.447498321533203,16.246057510375977,14.90428352355957,14.572270393371582,14.986956596374512,14.032580375671387,14.471362113952637,16.078887939453125,17.36037826538086,17.367694854736328,18.30617904663086,18.9025936126709
19.137378692626953,15.464003562927246,15.362565040588379,18.82843589782715,20.862760543823242,21.900541305541992,22.138809204101562,21.26955223083496,20.046945571899414,20.028358459472656,21.052968978881836,21.7646427154541,22.01231575012207,22.908832550048828,23.12134552001953,22.524063110351562,22.66283416748047,23.86224937438965,24.016984939575195,23.887483596801758,21.940202713012695,19.325166702270508,18.75739097595215,19.25721549987793,19.9820613861084,19.515897750854492,19.845857620239258,20.37738609313965,19.306676864624023,20.13677406311035,19.59046173095703,18.595273971557617,16.323144912719727,15.669589042663574,15.052397727966309,15.402982711791992,14.686012268066406,13.952903747558594,14.79349136352539,15.731340408325195,15.72336196899414,16.487443923950195,18.034494400024414
