data/wind_data/wind_46_3.json
{"header": {"parameterUnit": "KT", "parameterCategory": 2, "nx": 256, "ny": 198, "lo1": 44.73521041870117, "la1": -3.236724853515625, "lo2": 111.26478576660156, "la2": 43.468475341796875, "dx": 0.2609002888202667, "dy": -0.23708222806453705, "refTime": "2025-02-20 22:00:00", "forecastTime": 0, "parameterNumber": 2, "parameterNumberName": "eastward_wind"}, "data":
[rows 133 to 151 of 198, columns 0 to 43 of 256]
22.137521743774414,21.50426483154297,20.93008804321289,20.714052200317383,20.742855072021484,19.892885208129883,18.75069808959961,17.680423736572266,16.567764282226562,15.67868709564209,14.928155899047852,13.476801872253418,11.607531547546387,10.308545112609863,9.564937591552734,8.994026184082031,8.361237525939941,7.746707439422607,7.598363399505615,8.264724731445312,9.43680477142334,10.885565757751465,12.680891990661621,14.08701229095459,15.419489860534668,16.0388240814209,18.254249572753906,24.146692276000977,29.329133987426758,28.677898406982422,28.430511474609375,29.725051879882812,31.885656356811523,33.05436325073242,35.66415023803711,37.87211227416992,36.473201751708984,37.058223724365234,36.33097457885742,37.25657272338867,40.21765899658203,44.09284973144531,46.719234466552734,47.51909255981445
22.293657302856445,21.58893394470215,20.55451011657715,19.734766006469727,19.584941864013672,18.645851135253906,17.409345626831055,16.3286190032959,15.252618789672852,14.190122604370117,13.064367294311523,11.662598609924316,10.296174049377441,9.588141441345215,9.160951614379883,8.92223072052002,8.982484817504883,9.255166053771973,9.37032413482666,9.32300853729248,9.590143203735352,11.246402740478516,13.01826286315918,14.193138122558594,15.916114807128906,18.132293701171875,21.41721534729004,27.550155639648438,30.762866973876953,29.76097297668457,29.892929077148438,31.650148391723633,32.29914474487305,34.36587142944336,35.9796028137207,32.36412048339844,32.744361877441406,34.725433349609375,36.325252532958984,39.31157684326172,42.601036071777344,44.48170471191406,44.11031723022461,41.90351867675781
22.30434226989746,21.655790328979492,20.414527893066406,19.03783416748047,18.9521427154541,17.690515518188477,16.441362380981445,15.483800888061523,14.246460914611816,12.835957527160645,11.649686813354492,11.146268844604492,10.652888298034668,10.552939414978027,10.385072708129883,10.131396293640137,10.175152778625488,10.550715446472168,10.701654434204102,10.08258056640625,9.908357620239258,11.229928016662598,12.413288116455078,14.367591857910156,19.368440628051758,24.371152877807617,27.904035568237305,31.46440887451172,31.685810089111328,30.99018096923828,32.432106018066406,33.6800422668457,33.02781295776367,33.740638732910156,27.91679573059082,26.026805877685547,30.994596481323242,33.655113220214844,36.89275360107422,39.979095458984375,41.53306579589844,40.50941848754883,37.3651008605957,35.47167205810547
21.98616600036621,21.827606201171875,20.615650177001953,18.710704803466797,18.571306228637695,17.078245162963867,15.988648414611816,15.047597885131836,13.513185501098633,12.032560348510742,11.324705123901367,11.115496635437012,10.679608345031738,10.805495262145996,10.404688835144043,9.701332092285156,9.902682304382324,11.001655578613281,11.866485595703125,11.464829444885254,10.231162071228027,10.717195510864258,12.462084770202637,16.23319435119629,23.367544174194336,29.001266479492188,31.868297576904297,32.91212463378906,32.0486946105957,32.64314651489258,34.16427993774414,33.177181243896484,30.86330223083496,25.360898971557617,27.650362014770508,30.867338180541992,31.74213981628418,33.46337890625,36.74680709838867,38.478973388671875,37.333587646484375,34.121307373046875,32.51729202270508,33.403228759765625
21.670616149902344,21.67725944519043,20.694637298583984,18.787599563598633,18.025949478149414,16.69443130493164,15.988691329956055,15.283293724060059,13.947853088378906,12.551407814025879,11.754063606262207,11.4721097946167,10.497096061706543,10.519918441772461,9.549276351928711,9.305581092834473,10.64528751373291,11.472912788391113,11.907166481018066,11.334816932678223,10.00813102722168,13.103972434997559,17.91080093383789,21.84178352355957,26.762453079223633,30.072111129760742,31.62742805480957,32.12677764892578,32.96159362792969,34.04216384887695,33.604286193847656,29.09258270263672,26.658716201782227,27.475732803344727,28.723472595214844,29.741039276123047,31.188127517700195,34.62882614135742,37.18498992919922,36.4822883605957,33.64879608154297,31.49590492248535,31.63437843322754,31.984756469726562
21.41972541809082,21.472536087036133,20.695438385009766,19.274065017700195,17.86300277709961,16.443458557128906,16.178760528564453,16.06641960144043,14.722860336303711,13.40405559539795,12.976357460021973,12.365917205810547,10.212996482849121,9.500849723815918,8.186546325683594,8.989937782287598,9.830415725708008,10.847707748413086,10.831463813781738,8.027113914489746,9.429518699645996,17.289424896240234,23.54983139038086,25.724584579467773,27.472959518432617,29.423620223999023,31.076444625854492,32.840110778808594,34.0175895690918,33.16795349121094,29.370542526245117,26.19093894958496,26.328197479248047,28.129146575927734,28.865631103515625,29.455846786499023,34.35976791381836,36.692596435546875,34.5126838684082,33.121212005615234,31.31473731994629,30.59498405456543,31.34726333618164,31.545989990234375
21.18208122253418,21.32337760925293,20.62628173828125,19.547441482543945,18.074914932250977,16.31871795654297,16.01840591430664,16.05084991455078,15.000694274902344,14.136873245239258,14.500466346740723,14.319756507873535,11.307202339172363,8.4429292678833,7.058583736419678,8.316812515258789,8.583868026733398,9.010099411010742,7.5238728523254395,4.55718994140625,10.415796279907227,19.70882225036621,24.732107162475586,25.75373649597168,27.284564971923828,29.957874298095703,32.79220199584961,34.457950592041016,32.749183654785156,28.695209503173828,25.540790557861328,23.859455108642578,24.511940002441406,26.156719207763672,27.722558975219727,33.4018669128418,35.55759811401367,31.22285270690918,28.677461624145508,29.00562286376953,29.67179298400879,28.907739639282227,30.701297760009766,35.32754898071289
21.016220092773438,21.429492950439453,20.541460037231445,18.906930923461914,17.716777801513672,16.02265167236328,15.472702026367188,15.090266227722168,14.595833778381348,14.97652816772461,13.89863109588623,13.182549476623535,11.0752592086792,8.0783052444458,6.87239408493042,7.070180416107178,6.7163262367248535,6.7555365562438965,4.442057132720947,4.437801361083984,9.765030860900879,16.660173416137695,22.02493667602539,25.35151481628418,28.786235809326172,32.00365447998047,33.99077224731445,32.620792388916016,28.310649871826172,25.31402015686035,22.031015396118164,19.868038177490234,20.879045486450195,24.230005264282227,30.81848907470703,34.19316482543945,32.570892333984375,29.189916610717773,28.5416259765625,30.753602981567383,28.463027954101562,30.36734962463379,32.14630889892578,38.936920166015625
20.91387367248535,21.48453712463379,20.29244041442871,17.69817543029785,16.964046478271484,15.819803237915039,15.54108715057373,15.225992202758789,15.3258695602417,15.779794692993164,13.082478523254395,10.413738250732422,10.394850730895996,8.837907791137695,6.632774829864502,5.070605278015137,5.994137287139893,4.875048637390137,2.2609245777130127,3.0012834072113037,8.08431625366211,17.66560173034668,25.354293823242188,29.542837142944336,32.004905700683594,33.03966522216797,31.500783920288086,27.78879737854004,24.704936981201172,21.44346809387207,17.523595809936523,16.86844825744629,19.635494232177734,26.767108917236328,31.924057006835938,31.299076080322266,27.77503204345703,27.877485275268555,31.693960189819336,32.09657669067383,28.46651268005371,29.105083465576172,32.804439544677734,36.1023063659668
20.848052978515625,21.24367904663086,19.80464744567871,16.75848960876465,16.50094223022461,15.941560745239258,16.105403900146484,16.65621566772461,16.31330108642578,16.300195693969727,12.18470287322998,9.060343742370605,10.03744888305664,9.435553550720215,6.617992877960205,4.113585472106934,4.172903537750244,1.8608061075210571,0.27441808581352234,3.4501333236694336,14.130313873291016,24.29299545288086,30.45820426940918,32.36278533935547,32.36899185180664,30.32140350341797,26.69862937927246,23.858171463012695,21.27423095703125,17.730363845825195,16.403364181518555,17.363855361938477,22.10102081298828,27.834026336669922,28.473047256469727,22.752521514892578,20.269437789916992,23.128868103027344,29.171022415161133,31.586347579956055,30.062288284301758,30.714277267456055,29.89811134338379,27.87002182006836
20.799808502197266,20.792537689208984,19.168968200683594,16.208740234375,16.286466598510742,16.23227882385254,16.90633201599121,17.979290008544922,16.70943832397461,15.582228660583496,12.428457260131836,6.614506721496582,9.746150016784668,10.41076946258545,6.65358304977417,3.8466265201568604,3.750993251800537,3.173978090286255,5.458916664123535,12.081221580505371,21.69282341003418,29.459810256958008,32.569976806640625,31.647018432617188,29.57868194580078,26.35636329650879,23.31073760986328,21.721399307250977,20.13003158569336,19.167448043823242,18.896610260009766,20.681556701660156,24.312461853027344,27.83318519592285,25.208534240722656,17.316360473632812,17.262598037719727,20.728378295898438,23.429656982421875,23.655092239379883,22.24185562133789,21.039241790771484,18.3121280670166,13.39231014251709
20.784149169921875,20.420700073242188,18.687719345092773,16.044269561767578,15.942024230957031,16.362733840942383,17.465621948242188,18.55649757385254,17.34847068786621,15.503315925598145,13.800586700439453,11.463220596313477,10.372976303100586,11.536070823669434,8.343910217285156,6.703230857849121,6.833326816558838,6.59357213973999,12.377524375915527,20.694944381713867,27.273611068725586,31.362224578857422,30.978656768798828,28.899106979370117,26.052352905273438,22.355121612548828,20.496915817260742,19.950054168701172,20.084733963012695,19.867290496826172,21.57622528076172,24.873214721679688,27.852397918701172,24.445363998413086,17.045448303222656,14.645316123962402,15.319647789001465,14.992384910583496,15.955883026123047,14.963554382324219,15.408224105834961,12.415180206298828,6.626352787017822,4.32342004776001
20.838844299316406,20.072507858276367,18.343542098999023,16.17027473449707,15.708036422729492,16.29981231689453,17.353469848632812,18.56366539001465,18.39714813232422,16.62820053100586,15.177674293518066,12.532977104187012,11.045675277709961,11.984129905700684,11.618824005126953,8.914939880371094,8.537323951721191,10.553627014160156,16.239900588989258,25.268964767456055,30.36422348022461,30.623958587646484,27.72799301147461,25.48055648803711,23.003631591796875,19.005420684814453,17.50428581237793,18.70130729675293,19.459796905517578,20.830400466918945,23.06329917907715,25.05681610107422,21.05689239501953,15.491081237792969,12.714070320129395,12.38719367980957,10.210430145263672,5.711380958557129,3.5758843421936035,5.553403854370117,9.736576080322266,6.971611499786377,4.175088882446289,5.109124660491943
20.797433853149414,19.920419692993164,18.356698989868164,16.53760528564453,15.74252986907959,15.740614891052246,16.707595825195312,18.121492385864258,17.841785430908203,16.266691207885742,14.819058418273926,11.631521224975586,10.364187240600586,13.34465503692627,16.138525009155273,13.862726211547852,12.920734405517578,15.059718132019043,21.5810489654541,27.908180236816406,30.171579360961914,26.605073928833008,22.923925399780273,22.643465042114258,21.382816314697266,17.010568618774414,15.571052551269531,16.464046478271484,19.815078735351562,22.45305061340332,22.08078956604004,19.74602699279785,15.800210952758789,8.336871147155762,7.974656581878662,8.022409439086914,5.235330104827881,1.960087537765503,0.46045923233032227,1.9455589056015015,3.644819974899292,3.23256778717041,3.3719162940979004,5.71514368057251
20.530841827392578,20.15771484375,19.0123348236084,17.26626205444336,16.305688858032227,15.475929260253906,15.802826881408691,17.800556182861328,18.767749786376953,17.063138961791992,14.752997398376465,12.778050422668457,11.896201133728027,14.464341163635254,17.776731491088867,19.459693908691406,19.500789642333984,22.4910888671875,24.99420166015625,27.88319206237793,28.106653213500977,24.602628707885742,20.894025802612305,21.47104263305664,21.325233459472656,17.45940589904785,15.830163955688477,19.44527816772461,21.740310668945312,21.1140079498291,18.61553192138672,16.411914825439453,8.979448318481445,3.709202527999878,5.95192289352417,6.171387672424316,4.456301689147949,3.450674295425415,2.8922455310821533,0.5600293278694153,1.0338739156723022,1.8336783647537231,0.7119244337081909,3.1966655254364014
20.18979263305664,20.529359817504883,19.838708877563477,18.07822036743164,17.16530990600586,16.106689453125,16.7575740814209,18.711196899414062,20.030132293701172,18.769685745239258,16.120180130004883,14.49229907989502,14.262206077575684,15.732293128967285,18.252897262573242,20.899625778198242,23.93671989440918,26.20914077758789,26.137784957885742,27.528196334838867,29.434036254882812,24.49744987487793,19.446958541870117,21.688888549804688,23.73008918762207,16.3546142578125,16.401817321777344,19.860925674438477,18.237638473510742,15.91340160369873,15.04797649383545,13.326927185058594,8.7213716506958,7.066896915435791,7.41508674621582,5.639284610748291,4.274731636047363,5.541683673858643,5.758742332458496,0.6677860021591187,3.6279985904693604,3.012437343597412,0.186731219291687,1.0368130207061768
19.8795108795166,20.57680892944336,20.08820915222168,18.497453689575195,17.57253646850586,17.02496910095215,18.49583625793457,20.193836212158203,19.874393463134766,16.84305763244629,17.46657371520996,17.74170684814453,17.489198684692383,18.058542251586914,20.23345375061035,22.398954391479492,22.094690322875977,25.791101455688477,28.35097312927246,29.900896072387695,30.386838912963867,23.806949615478516,18.524398803710938,21.459455490112305,25.27256965637207,18.35318374633789,13.187247276306152,13.933497428894043,16.274921417236328,17.685388565063477,19.15921401977539,19.363327026367188,16.7889461517334,11.185531616210938,7.574167251586914,6.041738033294678,4.529663562774658,5.277329444885254,4.6116862297058105,1.537124752998352,2.2764527797698975,5.837222576141357,3.1808817386627197,0.24523459374904633
19.608388900756836,20.336191177368164,19.90363121032715,18.518468856811523,17.90534210205078,18.209989547729492,19.927032470703125,20.677602767944336,20.93903160095215,16.754638671875,16.32239532470703,21.772310256958008,22.177824020385742,22.026424407958984,24.517383575439453,25.423294067382812,22.97342300415039,23.68324851989746,29.681852340698242,31.176849365234375,29.1320858001709,23.253490447998047,17.487533569335938,19.702022552490234,24.496030807495117,22.88947868347168,18.56043243408203,16.63128662109375,20.296384811401367,22.841049194335938,23.61104393005371,24.79791259765625,21.636613845825195,12.650403022766113,8.5872163772583,8.14864444732666,7.522839069366455,6.921162128448486,9.203585624694824,8.567204475402832,1.0775480270385742,6.475812911987305,3.8600614070892334,0.3622697591781616
19.637136459350586,20.05083656311035,19.513723373413086,18.257492065429688,17.943418502807617,18.962757110595703,20.972370147705078,21.543249130249023,21.111391067504883,18.831632614135742,16.61159896850586,20.326465606689453,25.753307342529297,25.77889633178711,24.131126403808594,22.0620174407959,22.533214569091797,24.647857666015625,28.72998046875,30.035234451293945,27.09453773498535,22.4322509765625,17.583248138427734,17.936784744262695,21.57879066467285,23.592872619628906,21.69599151611328,21.022052764892578,23.098630905151367,25.03925895690918,26.56974220275879,25.977642059326172,20.63323402404785,13.070834159851074,9.870262145996094,9.808831214904785,9.50020694732666,9.414996147155762,12.136663436889648,5.889591693878174,5.012867450714111,6.297570705413818,3.9909393787384033,1.0064499378204346
