data/wind_data/wind_12_3.json
{"header": {"parameterUnit": "KT", "parameterCategory": 2, "nx": 256, "ny": 198, "lo1": 44.73521041870117, "la1": -3.236724853515625, "lo2": 111.26478576660156, "la2": 43.468475341796875, "dx": 0.2609002888202667, "dy": -0.23708222806453705, "refTime": "2025-02-19 12:00:00", "forecastTime": 0, "parameterNumber": 2, "parameterNumberName": "eastward_wind"}, "data":
[rows 57 to 75 of 198, columns 132 to 175 of 256]
-8.947572708129883,-8.963616371154785,-9.089608192443848,-9.022500038146973,-9.547272682189941,-10.17114543914795,-10.817181587219238,-11.424798011779785,-11.956067085266113,-12.215686798095703,-12.227545738220215,-11.922999382019043,-11.6001558303833,-11.428592681884766,-11.391091346740723,-11.352027893066406,-11.239102363586426,-11.09470272064209,-11.038543701171875,-11.124927520751953,-11.270179748535156,-11.351480484008789,-11.292572975158691,-11.041491508483887,-10.555107116699219,-9.832953453063965,-8.928292274475098,-7.903794288635254,-6.870542049407959,-5.971133232116699,-5.241466522216797,-4.587042808532715,-4.019497394561768,-3.6423747539520264,-3.444957733154297,-3.3128538131713867,-3.2049713134765625,-2.9933807849884033,-2.5239486694335938,-1.8346550464630127,-1.1684414148330688,-0.5100033283233643,0.19132393598556519,0.791634738445282
-7.982880115509033,-7.801755428314209,-7.8839850425720215,-8.45065975189209,-9.012086868286133,-9.605461120605469,-9.974823951721191,-10.695317268371582,-11.274496078491211,-11.658101081848145,-11.744649887084961,-11.487129211425781,-11.10200309753418,-10.807507514953613,-10.711498260498047,-10.772486686706543,-10.906952857971191,-11.023697853088379,-11.072558403015137,-11.080598831176758,-11.088788032531738,-11.090046882629395,-11.050506591796875,-10.969236373901367,-10.837202072143555,-10.558876991271973,-10.061182975769043,-9.315195083618164,-8.3509521484375,-7.322251319885254,-6.364924907684326,-5.444463729858398,-4.564637184143066,-3.8776912689208984,-3.4719316959381104,-3.3158090114593506,-3.3903615474700928,-3.463418960571289,-3.1912388801574707,-2.510119676589966,-1.708803415298462,-0.8891692757606506,0.0017402753001078963,0.7948899865150452
-7.4680585861206055,-7.219671249389648,-7.080280303955078,-8.083364486694336,-8.553604125976562,-9.028092384338379,-9.272899627685547,-9.904136657714844,-10.513317108154297,-10.96394157409668,-11.175586700439453,-11.147138595581055,-10.949612617492676,-10.766213417053223,-10.694084167480469,-10.696861267089844,-10.779607772827148,-10.996138572692871,-11.254082679748535,-11.389318466186523,-11.389458656311035,-11.266875267028809,-11.027301788330078,-10.744222640991211,-10.571016311645508,-10.54008674621582,-10.50108528137207,-10.238995552062988,-9.628164291381836,-8.73623275756836,-7.720293045043945,-6.658045768737793,-5.556424617767334,-4.541915416717529,-3.7713499069213867,-3.333984136581421,-3.2443253993988037,-3.4067940711975098,-3.470721483230591,-3.0802793502807617,-2.2882704734802246,-1.334985375404358,-0.31259873509407043,0.607984185218811
-6.893143653869629,-7.085240840911865,-6.602520942687988,-7.323325157165527,-8.069279670715332,-8.302247047424316,-8.754838943481445,-9.229738235473633,-9.99028205871582,-10.472908973693848,-10.85197925567627,-11.08348560333252,-11.14494800567627,-11.1674165725708,-11.248701095581055,-11.37285327911377,-11.49351692199707,-11.62669849395752,-11.75587272644043,-11.842778205871582,-11.830842018127441,-11.721396446228027,-11.49074935913086,-11.095598220825195,-10.65009880065918,-10.376442909240723,-10.318475723266602,-10.3084716796875,-10.152318954467773,-9.720932960510254,-8.988555908203125,-8.006990432739258,-6.853853702545166,-5.637335300445557,-4.527624607086182,-3.705801010131836,-3.2868635654449463,-3.222132682800293,-3.3423609733581543,-3.3075687885284424,-2.867053747177124,-1.995287299156189,-0.8887035846710205,0.2037384957075119
-5.917332172393799,-6.732280731201172,-6.692399978637695,-6.438788414001465,-7.5598602294921875,-7.761760234832764,-8.196152687072754,-8.723555564880371,-9.731995582580566,-10.328429222106934,-10.930937767028809,-11.473018646240234,-11.866365432739258,-12.102836608886719,-12.253649711608887,-12.383859634399414,-12.519598960876465,-12.634858131408691,-12.628293991088867,-12.475296020507812,-12.233356475830078,-12.000310897827148,-11.80674934387207,-11.560490608215332,-11.158955574035645,-10.691746711730957,-10.300612449645996,-10.023788452148438,-9.876524925231934,-9.799093246459961,-9.597640991210938,-9.05900764465332,-8.134712219238281,-6.93466854095459,-5.643997669219971,-4.474015712738037,-3.64422869682312,-3.2591094970703125,-3.213233232498169,-3.298680543899536,-3.1821868419647217,-2.628066062927246,-1.6480530500411987,-0.4726930856704712
-4.817248344421387,-5.995253086090088,-6.718638896942139,-6.304028034210205,-6.970830917358398,-7.240849018096924,-7.538438320159912,-8.28228759765625,-9.598490715026855,-10.513525009155273,-11.346081733703613,-12.130379676818848,-12.804327011108398,-13.271360397338867,-13.486002922058105,-13.503402709960938,-13.418814659118652,-13.30029296875,-13.139527320861816,-12.884936332702637,-12.54918098449707,-12.178412437438965,-11.859097480773926,-11.65198802947998,-11.44604778289795,-11.139591217041016,-10.750353813171387,-10.263943672180176,-9.728981018066406,-9.352582931518555,-9.230768203735352,-9.183476448059082,-8.881815910339355,-8.088077545166016,-6.881613731384277,-5.526931285858154,-4.320070266723633,-3.5301895141601562,-3.2052319049835205,-3.1759450435638428,-3.2563536167144775,-3.039614677429199,-2.318100929260254,-1.228013515472412
-4.785606384277344,-5.39379358291626,-6.066746234893799,-6.051659107208252,-6.298172950744629,-6.827902317047119,-7.0926947593688965,-7.802000045776367,-9.300634384155273,-10.604681968688965,-11.769033432006836,-12.691484451293945,-13.410804748535156,-13.89603328704834,-14.101441383361816,-14.0419282913208,-13.782029151916504,-13.417646408081055,-13.042253494262695,-12.719623565673828,-12.45301342010498,-12.174691200256348,-11.861495018005371,-11.602129936218262,-11.411664962768555,-11.219106674194336,-10.98787784576416,-10.660370826721191,-10.136749267578125,-9.462550163269043,-8.871485710144043,-8.61428451538086,-8.65711784362793,-8.553565979003906,-7.8985915184021,-6.714960098266602,-5.320563793182373,-4.129931926727295,-3.384505271911621,-3.0349268913269043,-2.9855868816375732,-3.096250534057617,-2.7588233947753906,-1.8711998462677002
-4.151475429534912,-5.484975814819336,-5.903536796569824,-5.550495624542236,-5.712317943572998,-6.46165132522583,-6.842416286468506,-7.367927551269531,-8.8291654586792,-10.403024673461914,-11.795677185058594,-12.8091402053833,-13.406978607177734,-13.689384460449219,-13.739785194396973,-13.624870300292969,-13.353046417236328,-12.99014949798584,-12.637184143066406,-12.351496696472168,-12.145364761352539,-11.966651916503906,-11.736868858337402,-11.476648330688477,-11.235791206359863,-10.963532447814941,-10.641708374023438,-10.365920066833496,-10.121850967407227,-9.718681335449219,-9.124472618103027,-8.552130699157715,-8.24205207824707,-8.240104675292969,-8.193634986877441,-7.651546478271484,-6.518979072570801,-5.1448845863342285,-3.985240936279297,-3.1716222763061523,-2.679260492324829,-2.605982780456543,-2.719292402267456,-2.2561850547790527
-2.714085817337036,-5.1398420333862305,-6.206640720367432,-5.442184925079346,-5.665505409240723,-6.454582214355469,-6.834578990936279,-7.126668930053711,-8.311820983886719,-9.940740585327148,-11.422395706176758,-12.459776878356934,-12.947619438171387,-13.020401954650879,-12.921040534973145,-12.806266784667969,-12.647764205932617,-12.455280303955078,-12.267951965332031,-12.070047378540039,-11.863162994384766,-11.66220474243164,-11.406926155090332,-11.084100723266602,-10.74376392364502,-10.343718528747559,-9.850630760192871,-9.402929306030273,-9.201708793640137,-9.200737953186035,-9.101967811584473,-8.765481948852539,-8.37498664855957,-8.1195707321167,-8.028762817382812,-7.922245979309082,-7.425253868103027,-6.390131950378418,-5.0984296798706055,-3.897965431213379,-2.8868398666381836,-2.2002029418945312,-2.0460643768310547,-2.048889398574829
-2.17653751373291,-4.864245414733887,-5.801143646240234,-5.539602279663086,-5.976452827453613,-6.6317572593688965,-6.991060733795166,-7.041940212249756,-7.950329303741455,-9.475496292114258,-10.887796401977539,-11.851210594177246,-12.230384826660156,-12.207656860351562,-12.12546443939209,-12.174954414367676,-12.26098346710205,-12.27534294128418,-12.158232688903809,-11.892333984375,-11.531669616699219,-11.179692268371582,-10.837995529174805,-10.440386772155762,-9.998856544494629,-9.5167875289917,-8.960136413574219,-8.463151931762695,-8.238099098205566,-8.295451164245605,-8.460530281066895,-8.551437377929688,-8.495070457458496,-8.364821434020996,-8.198620796203613,-7.971493721008301,-7.690953731536865,-7.22018575668335,-6.369016647338867,-5.156692028045654,-3.802561044692993,-2.5478110313415527,-1.7095478773117065,-1.4391438961029053
-1.3965500593185425,-4.846205711364746,-5.210613250732422,-5.5813469886779785,-6.016322612762451,-6.491964340209961,-6.885265827178955,-6.849205017089844,-7.629272937774658,-8.953033447265625,-10.211600303649902,-11.045084953308105,-11.35233211517334,-11.350512504577637,-11.429593086242676,-11.747550010681152,-12.061630249023438,-12.166937828063965,-12.023662567138672,-11.643089294433594,-11.11009693145752,-10.58498477935791,-10.127432823181152,-9.699300765991211,-9.239956855773926,-8.722508430480957,-8.20051097869873,-7.804229259490967,-7.6583638191223145,-7.731827259063721,-7.872816562652588,-8.025819778442383,-8.236468315124512,-8.46101188659668,-8.510363578796387,-8.278721809387207,-7.8615336418151855,-7.470154285430908,-7.093731880187988,-6.390865325927734,-5.17392635345459,-3.652097225189209,-2.217714548110962,-1.2743040323257446
-0.0969545841217041,-3.353121042251587,-4.95989465713501,-5.450624465942383,-5.702212333679199,-6.00633430480957,-6.530656337738037,-6.531358242034912,-7.192660331726074,-8.259626388549805,-9.286972045898438,-10.018754005432129,-10.414905548095703,-10.564698219299316,-10.75439453125,-11.15963363647461,-11.504521369934082,-11.548991203308105,-11.352949142456055,-10.987017631530762,-10.497198104858398,-9.978650093078613,-9.505067825317383,-9.080180168151855,-8.642545700073242,-8.161213874816895,-7.707372665405273,-7.410767555236816,-7.336822032928467,-7.427498817443848,-7.53103494644165,-7.627354621887207,-7.834656238555908,-8.210588455200195,-8.526036262512207,-8.502853393554688,-8.165828704833984,-7.737656593322754,-7.368810176849365,-7.048455238342285,-6.363154888153076,-5.101233959197998,-3.5012106895446777,-1.964415431022644
2.281334638595581,-1.1447243690490723,-3.0931811332702637,-4.705086708068848,-4.928605079650879,-5.400105953216553,-5.938201427459717,-5.978128910064697,-6.548369884490967,-7.332080364227295,-8.082802772521973,-8.729649543762207,-9.306278228759766,-9.821331977844238,-10.20419692993164,-10.464506149291992,-10.509720802307129,-10.333213806152344,-10.086356163024902,-9.800736427307129,-9.49079418182373,-9.174846649169922,-8.87428092956543,-8.569073677062988,-8.223917961120605,-7.833285331726074,-7.441807746887207,-7.1453022956848145,-7.0422868728637695,-7.169060230255127,-7.360060214996338,-7.471192836761475,-7.599448204040527,-7.9252471923828125,-8.312385559082031,-8.431644439697266,-8.191320419311523,-7.889345169067383,-7.571760654449463,-7.288520812988281,-6.969786643981934,-6.2029337882995605,-4.905614852905273,-3.3092432022094727
5.571717739105225,0.859058678150177,-0.12800443172454834,-2.4770214557647705,-3.557673692703247,-4.721009254455566,-5.273006916046143,-5.298151969909668,-5.694390296936035,-6.238003730773926,-6.721027374267578,-7.315808296203613,-8.040526390075684,-8.800471305847168,-9.394538879394531,-9.680413246154785,-9.610145568847656,-9.284971237182617,-8.935540199279785,-8.596826553344727,-8.275147438049316,-8.042329788208008,-7.943858623504639,-7.860515117645264,-7.7127275466918945,-7.517482757568359,-7.262335300445557,-6.949625492095947,-6.706862926483154,-6.815129280090332,-7.224000930786133,-7.528707981109619,-7.636590957641602,-7.8333940505981445,-8.176044464111328,-8.433611869812012,-8.227011680603027,-7.827475547790527,-7.513814449310303,-7.253374099731445,-7.051763534545898,-6.664694786071777,-5.79311990737915,-4.480201721191406
8.010688781738281,3.3996689319610596,2.025022506713867,-3.485941488179378e-05,-2.2810537815093994,-3.7704360485076904,-4.609210014343262,-4.738232612609863,-4.799352645874023,-5.1035051345825195,-5.412847995758057,-5.866267204284668,-6.645177364349365,-7.452588081359863,-7.965809345245361,-8.224925994873047,-8.352548599243164,-8.296180725097656,-8.132518768310547,-7.867102146148682,-7.463927745819092,-7.037592887878418,-6.850947856903076,-6.904709339141846,-7.016869068145752,-7.134173393249512,-7.167943477630615,-6.953400611877441,-6.591197490692139,-6.516045093536377,-6.933563232421875,-7.442641258239746,-7.666516304016113,-7.742826461791992,-7.9420166015625,-8.244118690490723,-8.308462142944336,-8.003631591796875,-7.553330898284912,-7.1431379318237305,-6.848268508911133,-6.578855037689209,-6.100809574127197,-5.169911861419678
11.803170204162598,7.05620813369751,3.2260682582855225,1.372039556503296,-1.6519979238510132,-2.9515106678009033,-3.8505241870880127,-4.174021244049072,-4.0618577003479,-4.060726642608643,-4.264459609985352,-4.560896873474121,-5.1713762283325195,-5.992642879486084,-6.468211650848389,-6.568892955780029,-6.640739440917969,-6.74186897277832,-6.877683639526367,-7.000078201293945,-6.8865814208984375,-6.464047431945801,-6.084041595458984,-6.063347816467285,-6.3316497802734375,-6.771151065826416,-7.1895341873168945,-7.233882427215576,-6.8974199295043945,-6.577418804168701,-6.635761260986328,-6.953543186187744,-7.1752729415893555,-7.2382402420043945,-7.29154634475708,-7.458970546722412,-7.714834690093994,-7.842813014984131,-7.588735580444336,-7.118969440460205,-6.697577476501465,-6.370345592498779,-6.032270431518555,-5.480637550354004
12.894416809082031,11.183369636535645,5.0353569984436035,1.4929932355880737,-1.3914663791656494,-2.1442854404449463,-3.2275643348693848,-3.486222505569458,-3.5065133571624756,-3.3507964611053467,-3.338665246963501,-3.5386924743652344,-3.9154605865478516,-4.576077461242676,-5.160880088806152,-5.36971378326416,-5.363537788391113,-5.22454833984375,-5.185848712921143,-5.505370616912842,-5.845974922180176,-5.778610706329346,-5.493512153625488,-5.4619975090026855,-5.764453887939453,-6.365973949432373,-7.094924449920654,-7.469186305999756,-7.322666168212891,-6.911573886871338,-6.50089168548584,-6.242619037628174,-6.134826183319092,-6.070055961608887,-6.010829448699951,-6.0524582862854,-6.3539252281188965,-6.802120685577393,-6.98972749710083,-6.758678436279297,-6.414768695831299,-6.161468029022217,-5.898736953735352,-5.521291732788086
11.532580375671387,13.4025239944458,7.668942928314209,1.4490883350372314,0.23911362886428833,-0.7305417060852051,-2.4587864875793457,-2.962510585784912,-2.91629958152771,-2.894320249557495,-2.8594601154327393,-2.9702329635620117,-3.119666337966919,-3.3415706157684326,-3.7925596237182617,-4.212899208068848,-4.498622894287109,-4.413222789764404,-4.057077884674072,-3.9559214115142822,-4.332712173461914,-4.622910976409912,-4.610836029052734,-4.7419281005859375,-5.193443298339844,-5.870323181152344,-6.694451808929443,-7.2878241539001465,-7.3613505363464355,-7.02804708480835,-6.4114813804626465,-5.6974287033081055,-5.139381408691406,-4.734468936920166,-4.3651442527771,-4.201210975646973,-4.4880266189575195,-5.100494384765625,-5.6580634117126465,-5.84089994430542,-5.698128700256348,-5.567873001098633,-5.487658977508545,-5.287466526031494
6.692934036254883,9.462265968322754,8.791168212890625,3.598555564880371,3.1823651790618896,1.339261770248413,-0.8752434849739075,-1.7440683841705322,-1.9957021474838257,-2.297924518585205,-2.3781020641326904,-2.6484498977661133,-2.861316442489624,-2.7109246253967285,-2.676588773727417,-2.964364528656006,-3.4345245361328125,-3.7170827388763428,-3.6214749813079834,-3.091519832611084,-2.90077805519104,-3.137455463409424,-3.4392874240875244,-3.752793550491333,-4.404837131500244,-5.233307361602783,-6.064858436584473,-6.706600666046143,-6.898960113525391,-6.662985324859619,-6.104015350341797,-5.354270935058594,-4.63338565826416,-3.9878885746002197,-3.297438621520996,-2.7101190090179443,-2.6977639198303223,-3.2358200550079346,-3.816474676132202,-4.273196220397949,-4.481479644775391,-4.5462188720703125,-4.6057047843933105,-4.593467712402344
