data/wind_data/wind_59_1.json
{"header": {"parameterUnit": "KT", "parameterCategory": 2, "nx": 256, "ny": 198, "lo1": 44.73521041870117, "la1": -3.236724853515625, "lo2": 111.26478576660156, "la2": 43.468475341796875, "dx": 0.2609002888202667, "dy": -0.23708222806453705, "refTime": "2025-02-21 11:00:00", "forecastTime": 0, "parameterNumber": 2, "parameterNumberName": "eastward_wind"}, "data":
[rows 152 to 170 of 198, columns 172 to 214 of 256]
18.647907257080078,15.024142265319824,11.622421264648438,12.264898300170898,13.65923023223877,14.620981216430664,13.284453392028809,12.120301246643066,14.443702697753906,17.099485397338867,17.621511459350586,12.764504432678223,11.542208671569824,15.875852584838867,21.22909164428711,16.18345069885254,9.714631080627441,11.575276374816895,20.854841232299805,20.725887298583984,16.519479751586914,18.677045822143555,7.522887706756592,0.6756786108016968,8.018464088439941,13.366410255432129,18.503808975219727,14.442026138305664,5.3410539627075195,2.4866340160369873,3.4415123462677,6.143293857574463,8.677379608154297,10.237250328063965,10.635324478149414,11.349846839904785,12.801762580871582,13.862492561340332,15.454347610473633,12.508391380310059,6.911579608917236,4.640042781829834,5.522426128387451
17.323427200317383,18.08051872253418,15.17814826965332,12.78490161895752,13.177736282348633,12.370355606079102,13.438755989074707,14.37834644317627,15.189492225646973,16.924022674560547,17.674318313598633,14.728511810302734,12.907919883728027,15.035013198852539,15.738130569458008,14.029359817504883,12.438592910766602,15.248528480529785,20.85527229309082,18.973981857299805,15.41895866394043,22.037412643432617,17.317440032958984,3.080599784851074,2.825211763381958,7.217463493347168,13.377823829650879,20.382097244262695,12.35755443572998,4.537539482116699,6.018325328826904,8.005858421325684,9.139439582824707,10.555721282958984,12.802886962890625,12.04568862915039,16.894241333007812,21.91181755065918,14.818695068359375,5.709827423095703,1.307283639907837,4.580259323120117,4.520590782165527
15.018799781799316,16.176517486572266,18.65406036376953,19.19281768798828,17.929983139038086,16.64885711669922,16.835533142089844,18.177583694458008,19.44601058959961,18.894563674926758,19.26727867126465,20.779277801513672,20.760990142822266,19.9730167388916,17.685646057128906,17.910186767578125,23.397144317626953,23.658069610595703,20.19399070739746,19.276988983154297,15.016172409057617,13.255353927612305,14.992488861083984,14.726994514465332,8.313956260681152,3.978640556335449,4.669294357299805,15.345072746276855,14.278582572937012,9.920721054077148,10.549332618713379,9.630091667175293,12.673806190490723,13.19692325592041,11.273812294006348,10.675443649291992,16.16775131225586,17.251941680908203,1.4348583221435547,-1.6976555585861206,5.98759651184082,8.17664623260498,1.4873042106628418
13.879096984863281,13.077442169189453,16.15694808959961,18.306591033935547,18.197368621826172,18.64359474182129,18.957609176635742,20.148792266845703,21.475669860839844,22.421506881713867,21.001501083374023,17.869359970092773,18.835697174072266,19.448923110961914,20.22453498840332,22.04010581970215,17.972206115722656,16.13591766357422,25.41368865966797,16.656442642211914,7.336740493774414,8.315513610839844,11.723694801330566,19.040102005004883,18.354150772094727,5.902783393859863,2.604085922241211,13.09696102142334,19.771833419799805,10.41052532196045,14.9815673828125,19.83171272277832,7.474969863891602,4.673115253448486,7.933737754821777,10.463685989379883,7.228577613830566,6.032972812652588,3.5358083248138428,4.699450492858887,11.24361801147461,5.217744827270508,-0.01891021989285946
13.049792289733887,13.46437931060791,19.13058853149414,19.841175079345703,16.355436325073242,17.734617233276367,19.230318069458008,17.161409378051758,17.104351043701172,15.239767074584961,13.666330337524414,16.510860443115234,19.45870018005371,18.408544540405273,17.796688079833984,18.86210060119629,14.436663627624512,20.01785659790039,18.640104293823242,5.8811469078063965,8.597100257873535,12.79689884185791,12.94335651397705,12.143866539001465,14.368523597717285,12.37924861907959,13.940961837768555,17.003822326660156,10.39833927154541,2.3532636165618896,7.58880090713501,6.278686046600342,3.006277561187744,5.29784631729126,5.585136890411377,13.392399787902832,11.08216667175293,-1.0482369661331177,2.3577535152435303,6.68217134475708,5.2682600021362305,0.36815932393074036,0.8557875752449036
14.070721626281738,17.604734420776367,16.52723503112793,14.873152732849121,12.579185485839844,15.704469680786133,14.594464302062988,13.149852752685547,17.920541763305664,17.29836082458496,13.969151496887207,11.747455596923828,10.853961944580078,13.94302749633789,16.290122985839844,18.589902877807617,18.580787658691406,22.11257553100586,22.34010887145996,7.000682830810547,8.012009620666504,5.286149024963379,4.120541572570801,2.6434013843536377,5.014514923095703,11.019916534423828,14.10615348815918,2.597965717315674,-4.84855842590332,-2.739030122756958,0.36563047766685486,0.13686540722846985,-0.38571637868881226,3.999223470687866,3.7257838249206543,3.6022565364837646,5.817355632781982,4.526571273803711,-2.6266732215881348,-6.186001300811768,-4.04289436340332,-0.09231501072645187,1.9878580570220947
14.102954864501953,15.224658966064453,11.670604705810547,9.274434089660645,11.909586906433105,13.264845848083496,11.012149810791016,10.327342987060547,7.621998310089111,10.854177474975586,15.842069625854492,15.627037048339844,14.043928146362305,16.373559951782227,20.660856246948242,23.604185104370117,18.74102783203125,19.98780632019043,9.034269332885742,-3.988532304763794,1.3616505861282349,4.614396572113037,2.7102603912353516,-0.9631726741790771,2.4095585346221924,1.5616745948791504,1.6201506853103638,-4.55687952041626,-9.78402328491211,-6.958976745605469,-2.4328978061676025,-1.088503360748291,-1.0724472999572754,0.049235422164201736,-0.2592025697231293,2.4049429893493652,2.0851385593414307,2.8328135013580322,-13.591700553894043,-14.273744583129883,-8.946919441223145,-7.499449729919434,-8.721413612365723
12.916930198669434,12.383588790893555,11.532880783081055,7.067781925201416,9.697966575622559,11.123542785644531,11.530749320983887,14.173352241516113,13.189937591552734,11.376396179199219,10.871879577636719,9.955044746398926,8.957778930664062,10.745993614196777,11.536575317382812,9.502474784851074,4.266804218292236,2.6563491821289062,-2.286355495452881,-2.6980338096618652,4.609899044036865,9.297541618347168,7.940840721130371,2.5646233558654785,2.7989461421966553,1.5900616645812988,-0.9266868233680725,-4.996228218078613,-5.027576446533203,-2.2941555976867676,0.15200640261173248,2.8958866596221924,3.043811798095703,2.8058645725250244,1.5069166421890259,1.6092146635055542,5.565512180328369,-3.5497984886169434,-12.3506441116333,-11.586243629455566,-12.436485290527344,-11.45120906829834,-15.717214584350586
2.4743220806121826,-0.6032727956771851,0.4852309226989746,3.698450803756714,6.511772155761719,7.74153995513916,10.69714641571045,13.09528636932373,13.829814910888672,6.783029556274414,-2.1163876056671143,-1.6516478061676025,-1.536030888557434,-3.6249005794525146,-5.962019920349121,-6.447218894958496,-0.9907265901565552,7.14674186706543,9.096562385559082,4.705434322357178,5.1774420738220215,9.753050804138184,10.335799217224121,6.173928737640381,4.790344715118408,1.7006911039352417,-1.7996891736984253,-1.8164094686508179,1.5697951316833496,3.731123208999634,3.397411346435547,4.7350921630859375,5.130197048187256,3.6722211837768555,2.0496037006378174,1.7625174522399902,5.158274173736572,-7.420100212097168,-10.163524627685547,-8.948678970336914,-9.6394681930542,-11.163886070251465,-14.441584587097168
-8.355701446533203,-6.609593391418457,-3.0971572399139404,2.4905667304992676,3.6324093341827393,4.9308624267578125,9.064656257629395,7.406354904174805,-3.493326187133789,-8.066906929016113,-9.454139709472656,-8.135010719299316,-7.136778354644775,-5.078481674194336,-2.191044330596924,1.0152703523635864,5.992737293243408,10.172720909118652,10.600937843322754,8.446076393127441,6.061835765838623,12.089163780212402,12.280721664428711,8.41367244720459,5.9661970138549805,4.352833271026611,1.1586629152297974,3.890190601348877,6.2271528244018555,7.514192581176758,6.4044928550720215,6.976744651794434,6.28563928604126,3.545879602432251,0.6393210291862488,2.0755627155303955,-5.500260829925537,-10.04052734375,-9.301735877990723,-8.672491073608398,-12.7403564453125,-13.061988830566406,-14.429184913635254
-10.429388046264648,-7.727750778198242,-3.7737176418304443,1.7083487510681152,4.691392421722412,5.853747844696045,3.8936593532562256,-5.92588996887207,-15.684365272521973,-10.205292701721191,-7.123141288757324,-5.147810935974121,-6.2563042640686035,-2.5964834690093994,0.6088601350784302,2.235407829284668,5.210206508636475,8.215458869934082,8.61670207977295,8.85986614227295,7.4344282150268555,10.397455215454102,8.118432998657227,8.394371032714844,5.97707462310791,6.767465591430664,2.80181884765625,5.509277820587158,7.5665507316589355,5.1821699142456055,5.720238208770752,3.7740230560302734,3.2353830337524414,1.0932104587554932,-0.936292827129364,-7.116186618804932,-9.654912948608398,-7.5554375648498535,-8.178304672241211,-6.816788196563721,-9.192174911499023,-12.688289642333984,-17.065576553344727
-8.855594635009766,-5.272871494293213,-1.8967355489730835,2.6795318126678467,7.28163480758667,9.615283012390137,8.988062858581543,-12.237096786499023,-16.666873931884766,-9.06326675415039,-8.174151420593262,-4.904419898986816,-2.894951105117798,-1.1431044340133667,1.6528294086456299,4.896465301513672,5.750933647155762,8.021553039550781,7.813292503356934,8.64204216003418,8.459160804748535,9.214705467224121,8.353021621704102,6.351195812225342,3.8302228450775146,3.0582003593444824,0.8358636498451233,0.38971197605133057,0.636701226234436,1.5545217990875244,-0.3996618688106537,-3.6614737510681152,-4.763047695159912,-4.347240924835205,-7.27715539932251,-10.88008975982666,-5.760355472564697,-4.905343055725098,-7.208589553833008,-9.786707878112793,-13.047083854675293,-15.57990837097168,-18.218852996826172
-5.229224681854248,-3.857773780822754,-2.427835702896118,1.4668538570404053,4.320497035980225,5.792838096618652,2.41930890083313,-12.355082511901855,-11.482523918151855,-7.778790473937988,-6.796924591064453,-2.66784405708313,-1.1537597179412842,0.16918770968914032,2.916858673095703,5.355270862579346,6.52163553237915,6.421519756317139,6.70282506942749,7.955923080444336,9.854968070983887,10.078084945678711,7.321269989013672,4.886955261230469,3.260448455810547,0.5530029535293579,-2.4252541065216064,-1.0331847667694092,0.6449165940284729,-0.2438211292028427,-1.8401269912719727,-3.7454047203063965,-3.9630908966064453,-3.367382049560547,-5.460332870483398,-7.261531352996826,-2.6743969917297363,-4.646323204040527,-5.491449356079102,-6.372293949127197,-12.242528915405273,-17.06385040283203,-19.8076171875
-3.554476737976074,-4.664968967437744,-2.469548463821411,-0.5059191584587097,-2.3623900413513184,-2.0922253131866455,-5.88918399810791,-7.657586097717285,-8.1190824508667,-4.753530502319336,-2.4386672973632812,-0.671203076839447,1.1007905006408691,1.3699909448623657,3.583336114883423,4.066238880157471,5.784674167633057,7.2235822677612305,8.987442970275879,10.039589881896973,10.155596733093262,9.668436050415039,8.063453674316406,6.060800552368164,4.70481014251709,1.2795681953430176,-1.988702654838562,1.6990702152252197,3.1994919776916504,1.4023139476776123,0.6220216155052185,-0.13699577748775482,-1.6909043788909912,-0.6969529390335083,1.7324906587600708,-0.9214462041854858,-0.0017891100142151117,-9.11092758178711,-6.1730546951293945,-6.800281524658203,-12.050682067871094,-13.067217826843262,-15.730104446411133
-6.308309078216553,-6.98541259765625,-3.3173017501831055,-6.1864914894104,-9.606151580810547,-8.037473678588867,-3.8642396926879883,-2.823699712753296,-4.294329643249512,-2.8869526386260986,-0.5480315685272217,0.7449789047241211,2.3358328342437744,3.28181791305542,3.686131000518799,4.323187828063965,6.008030414581299,7.734597682952881,9.376510620117188,10.207605361938477,9.287703514099121,7.769249439239502,7.191498279571533,5.670937538146973,6.803871154785156,5.585850238800049,-1.2660466432571411,2.2434651851654053,5.146974086761475,2.723562240600586,2.9298512935638428,2.781721353530884,2.6016781330108643,2.8823375701904297,3.4021315574645996,2.8516170978546143,-1.3881796598434448,-10.843193054199219,-10.432500839233398,-8.83243179321289,-7.308339595794678,-8.541301727294922,-13.34687328338623
-11.263629913330078,-8.461195945739746,-5.069287300109863,-4.905554294586182,-6.05689811706543,-4.934135913848877,-2.6488492488861084,-6.05702018737793,-4.176468849182129,-2.4865007400512695,-1.0237774848937988,0.954114556312561,2.2767603397369385,3.747404098510742,3.7806332111358643,5.547366142272949,6.121248722076416,6.037386417388916,8.143816947937012,9.341300964355469,9.071964263916016,7.99835729598999,6.535004138946533,5.840647220611572,7.294095516204834,9.672277450561523,0.3819633424282074,-0.0480351485311985,-0.3955085277557373,-2.273902177810669,-2.449188709259033,-0.8507336378097534,1.6345256567001343,3.319653272628784,1.7769352197647095,5.340121746063232,1.6610532999038696,-6.705524921417236,-11.400821685791016,-10.016168594360352,-9.781957626342773,-11.924834251403809,-11.91391658782959
-13.918505668640137,-8.125678062438965,-4.916653156280518,-2.6703336238861084,-2.3413538932800293,-3.4640965461730957,-5.458483695983887,-7.841095447540283,-5.949894428253174,-5.7739996910095215,-2.465198040008545,0.7778072953224182,2.043013095855713,4.632855415344238,4.005946636199951,4.735274791717529,2.68476939201355,2.0691745281219482,4.937624454498291,5.765823841094971,6.3627610206604,7.470090389251709,5.582210063934326,4.719222068786621,4.389975070953369,4.8889241218566895,4.263210773468018,-3.440978527069092,-3.692072868347168,-4.209771156311035,-4.62111759185791,-2.747119665145874,0.8843263983726501,1.8260635137557983,1.5972700119018555,3.56990647315979,1.5233337879180908,-11.352736473083496,-12.941784858703613,-9.990158081054688,-11.170698165893555,-9.83935546875,-6.830286979675293
-13.242060661315918,-7.34782075881958,-2.932541608810425,-4.711803436279297,-4.183370113372803,-4.975965976715088,-6.474916458129883,-6.837380886077881,-7.872378349304199,-8.00660514831543,-4.233182430267334,0.08004741370677948,1.930436372756958,4.581756114959717,3.1017563343048096,1.6334741115570068,-3.834841251373291,-2.657256841659546,-1.1352580785751343,-1.575361728668213,-0.45421111583709717,-0.006138501223176718,-1.235816240310669,-1.4527162313461304,-0.8691176772117615,-3.240805149078369,-5.48687219619751,-3.4990289211273193,-3.6942782402038574,-1.5476316213607788,0.22537527978420258,2.104207992553711,2.3609986305236816,2.0307557582855225,4.406566143035889,5.217574119567871,-0.8604753613471985,-12.020035743713379,-12.223241806030273,-8.226662635803223,-7.635634422302246,-6.753714084625244,-5.468031883239746
-7.814542770385742,-4.964363098144531,0.19006691873073578,-6.259829998016357,-6.960214138031006,-8.62265396118164,-5.090850353240967,-2.331587791442871,-6.628488063812256,-8.4813232421875,-5.784635066986084,-0.16862615942955017,1.6451839208602905,3.9188380241394043,2.718762159347534,-2.5751218795776367,-9.00555419921875,-7.27974271774292,-7.457027912139893,-6.814963340759277,-7.754417419433594,-9.33741569519043,-7.657097816467285,-4.257124900817871,-3.645301342010498,-5.887782096862793,-3.609079122543335,-0.9330545663833618,-0.6440193057060242,4.647170543670654,5.156364917755127,3.576870918273926,1.6027002334594727,2.569401979446411,5.357939720153809,5.0046586990356445,-7.034514427185059,-11.444045066833496,-9.623716354370117,-6.518302917480469,-6.0151777267456055,-5.77998161315918,-2.4294168949127197
