data/wind_data/wind_30_4.json
{"header": {"parameterUnit": "KT", "parameterCategory": 2, "nx": 256, "ny": 198, "lo1": 44.73521041870117, "la1": -3.236724853515625, "lo2": 111.26478576660156, "la2": 43.468475341796875, "dx": 0.2609002888202667, "dy": -0.23708222806453705, "refTime": "2025-02-20 06:00:00", "forecastTime": 0, "parameterNumber": 2, "parameterNumberName": "eastward_wind"}, "data":
[rows 57 to 75 of 198, columns 0 to 43 of 256]
-3.7954840660095215,-5.0275726318359375,-5.516403675079346,-5.828735828399658,-6.595178127288818,-6.305212497711182,-6.175156593322754,-6.726452827453613,-7.52822208404541,-7.845283031463623,-7.991454601287842,-7.785378932952881,-7.894819259643555,-8.620976448059082,-9.698872566223145,-10.656331062316895,-11.43942642211914,-11.603646278381348,-11.345805168151855,-11.92739486694336,-12.629793167114258,-12.245104789733887,-11.638723373413086,-11.796751022338867,-12.269173622131348,-12.811745643615723,-13.02009391784668,-13.351225852966309,-13.628263473510742,-13.918212890625,-14.221424102783203,-14.263405799865723,-14.33410358428955,-14.202027320861816,-14.265478134155273,-14.599691390991211,-14.884902000427246,-15.00890827178955,-15.074309349060059,-15.151168823242188,-15.19597053527832,-14.992572784423828,-14.751755714416504,-14.533047676086426
-3.86454439163208,-4.485432147979736,-4.641841411590576,-4.953339576721191,-5.614454746246338,-5.388913631439209,-5.7984418869018555,-6.7147088050842285,-7.587919235229492,-7.992992401123047,-8.121184349060059,-7.859623908996582,-7.813171863555908,-8.389969825744629,-9.3848876953125,-10.501986503601074,-11.5416841506958,-11.861895561218262,-11.350157737731934,-11.365530014038086,-12.31643295288086,-12.687453269958496,-12.302458763122559,-12.61703872680664,-13.115915298461914,-13.219308853149414,-13.218977928161621,-13.347558975219727,-13.600379943847656,-13.91828441619873,-14.278633117675781,-14.393814086914062,-14.475314140319824,-14.355498313903809,-14.279584884643555,-14.559365272521973,-14.881997108459473,-15.136391639709473,-15.348644256591797,-15.493019104003906,-15.55368423461914,-15.4090576171875,-15.163969039916992,-14.96743106842041
-3.683434009552002,-4.1784796714782715,-4.3031182289123535,-4.636120796203613,-5.578850746154785,-5.561947822570801,-6.244785785675049,-6.8859429359436035,-7.40501070022583,-7.8207550048828125,-7.91309118270874,-7.867604732513428,-7.9112114906311035,-8.542659759521484,-9.552759170532227,-10.778831481933594,-11.873610496520996,-12.230181694030762,-11.667691230773926,-10.988892555236816,-11.202726364135742,-11.890769004821777,-12.105081558227539,-12.396238327026367,-13.029053688049316,-13.285547256469727,-13.242427825927734,-13.24605941772461,-13.321413040161133,-13.65923023223877,-14.242624282836914,-14.741228103637695,-14.8528470993042,-14.522283554077148,-14.19298267364502,-14.414703369140625,-14.826878547668457,-15.166855812072754,-15.461836814880371,-15.731038093566895,-15.867084503173828,-15.864702224731445,-15.716238021850586,-15.537158012390137
-3.23297381401062,-4.122104167938232,-4.400583267211914,-4.722721099853516,-6.043586730957031,-6.13465690612793,-6.597987651824951,-7.066632270812988,-7.227898597717285,-7.499785423278809,-7.936716079711914,-8.0239896774292,-8.215486526489258,-8.880017280578613,-9.860400199890137,-10.999752044677734,-11.827800750732422,-12.067776679992676,-11.596552848815918,-10.777681350708008,-10.654577255249023,-11.196643829345703,-11.569292068481445,-11.902609825134277,-12.506234169006348,-12.946050643920898,-13.009564399719238,-12.965970993041992,-13.05153751373291,-13.364786148071289,-13.979674339294434,-14.736872673034668,-15.123556137084961,-14.7662935256958,-14.203908920288086,-14.162120819091797,-14.647439956665039,-15.193209648132324,-15.479537963867188,-15.716317176818848,-15.928398132324219,-16.089445114135742,-16.122467041015625,-16.004470825195312
-2.9757912158966064,-3.812009334564209,-4.115838050842285,-4.6006317138671875,-6.382793426513672,-6.407512664794922,-6.422244071960449,-6.7303853034973145,-6.787449836730957,-7.075115203857422,-7.630911827087402,-8.021307945251465,-8.48675537109375,-9.091948509216309,-9.930449485778809,-10.993467330932617,-11.673177719116211,-11.699771881103516,-11.16795539855957,-10.43508243560791,-10.438836097717285,-10.976204872131348,-11.33213996887207,-11.574499130249023,-12.038384437561035,-12.456077575683594,-12.555888175964355,-12.504002571105957,-12.609479904174805,-13.00132942199707,-13.609118461608887,-14.248763084411621,-14.688508033752441,-14.503694534301758,-14.011244773864746,-13.875029563903809,-14.302536010742188,-14.853876113891602,-15.165852546691895,-15.339360237121582,-15.584633827209473,-15.821321487426758,-15.972787857055664,-16.001014709472656
-2.650712490081787,-3.3864686489105225,-3.535203218460083,-4.256343841552734,-6.46183967590332,-6.660057067871094,-6.301629066467285,-6.194703578948975,-6.260098457336426,-6.594326496124268,-6.978557109832764,-7.3215012550354,-7.851445198059082,-8.474538803100586,-9.223968505859375,-10.223701477050781,-10.973703384399414,-11.025015830993652,-10.46935749053955,-9.750004768371582,-9.790594100952148,-10.534817695617676,-11.103982925415039,-11.308743476867676,-11.507543563842773,-11.765341758728027,-11.910408973693848,-11.893901824951172,-11.960083961486816,-12.187643051147461,-12.711833000183105,-13.379274368286133,-13.752803802490234,-13.581103324890137,-13.278125762939453,-13.412436485290527,-13.762368202209473,-14.042275428771973,-14.233743667602539,-14.421733856201172,-14.677396774291992,-14.952394485473633,-15.173701286315918,-15.300679206848145
-0.24064958095550537,0.04445265233516693,-1.5513639450073242,-3.025916576385498,-6.001430511474609,-6.9155144691467285,-6.535703182220459,-5.807429313659668,-5.471108913421631,-5.668705940246582,-5.96599006652832,-6.203442096710205,-6.374765872955322,-6.826135158538818,-7.523109436035156,-8.269001007080078,-9.043766021728516,-9.402243614196777,-8.963418006896973,-8.349213600158691,-8.398407936096191,-9.288966178894043,-10.07177448272705,-10.47560977935791,-10.592286109924316,-10.689118385314941,-10.829182624816895,-10.860823631286621,-10.827681541442871,-10.903109550476074,-11.192843437194824,-11.772000312805176,-12.247169494628906,-12.16991138458252,-11.83781623840332,-11.877754211425781,-12.25778579711914,-12.5145902633667,-12.677474975585938,-12.871190071105957,-13.12047290802002,-13.4642972946167,-13.780232429504395,-14.019457817077637
3.5525827407836914,3.5303821563720703,1.956094741821289,-0.30782443284988403,-3.3033831119537354,-4.998098373413086,-5.685117244720459,-5.505898475646973,-4.521350383758545,-4.240899562835693,-4.356094837188721,-4.494417190551758,-4.5434770584106445,-4.9955735206604,-5.7202911376953125,-6.274238586425781,-6.689443588256836,-7.081797122955322,-6.851606369018555,-6.443296909332275,-6.4348063468933105,-7.279809474945068,-8.178784370422363,-8.715909957885742,-8.897917747497559,-8.903597831726074,-8.969749450683594,-9.05173110961914,-9.041654586791992,-9.06929874420166,-9.32719612121582,-9.806089401245117,-10.261076927185059,-10.263941764831543,-9.987990379333496,-9.916999816894531,-10.210984230041504,-10.519857406616211,-10.790604591369629,-11.073256492614746,-11.431952476501465,-11.912802696228027,-12.375917434692383,-12.725735664367676
4.845903396606445,7.970956325531006,6.4546098709106445,4.515081405639648,3.2342700958251953,1.1468299627304077,-1.7893023490905762,-4.8803935050964355,-4.631443500518799,-3.397169828414917,-2.750403642654419,-2.6863951683044434,-2.3693511486053467,-2.519705057144165,-3.4529545307159424,-4.3672261238098145,-4.690739631652832,-4.743351936340332,-4.449774742126465,-4.2063889503479,-4.224592208862305,-4.835940837860107,-5.759302139282227,-6.453072547912598,-6.700139999389648,-6.657555103302002,-6.64975118637085,-6.796368598937988,-6.997025966644287,-7.2077717781066895,-7.522078990936279,-7.93643856048584,-8.2987699508667,-8.365119934082031,-8.277700424194336,-8.296111106872559,-8.475863456726074,-8.693787574768066,-8.988784790039062,-9.415505409240723,-9.96418571472168,-10.599721908569336,-11.222537994384766,-11.658123970031738
5.171355724334717,8.410894393920898,8.085620880126953,8.15687370300293,9.386995315551758,8.172358512878418,5.4270148277282715,-0.061693497002124786,-2.521544933319092,-1.7720296382904053,-1.5973353385925293,-1.7003103494644165,-1.1759378910064697,-1.0738805532455444,-1.0033259391784668,-1.6235519647598267,-2.790370464324951,-2.9577689170837402,-2.4960148334503174,-2.323589563369751,-2.561274766921997,-3.0384130477905273,-3.7631192207336426,-4.5136919021606445,-4.857795715332031,-4.820243835449219,-4.782111167907715,-4.97488260269165,-5.454189777374268,-5.960214138031006,-6.397490978240967,-6.703178882598877,-6.90065336227417,-7.020880699157715,-7.132901668548584,-7.28624963760376,-7.39008903503418,-7.4683308601379395,-7.644705295562744,-8.052094459533691,-8.687385559082031,-9.439275741577148,-10.138846397399902,-10.60598373413086
5.953382968902588,7.413841247558594,8.280969619750977,9.22296142578125,11.224617958068848,10.422094345092773,8.487465858459473,6.8477277755737305,4.502523422241211,1.7815266847610474,0.7236558794975281,-0.44800329208374023,-0.4384951591491699,-0.6849693059921265,-0.7834367156028748,-0.7428455948829651,-1.6598252058029175,-2.669046640396118,-1.889304757118225,-1.4051849842071533,-1.4358608722686768,-1.783437967300415,-2.4309566020965576,-3.1665542125701904,-3.6616523265838623,-3.7725090980529785,-3.849485158920288,-4.050593852996826,-4.521489143371582,-5.144776344299316,-5.652344703674316,-5.947998046875,-6.057173728942871,-6.170241832733154,-6.406679153442383,-6.62431526184082,-6.659294128417969,-6.6104631423950195,-6.712306499481201,-7.070126533508301,-7.702271461486816,-8.443507194519043,-9.087945938110352,-9.54845142364502
7.229972839355469,8.436948776245117,9.071552276611328,9.512273788452148,10.830692291259766,9.031627655029297,7.611852645874023,7.225593566894531,6.703578472137451,4.483909606933594,2.463615894317627,1.821531057357788,1.6138336658477783,0.9926832914352417,0.2393597811460495,-0.030976615846157074,-0.7587929964065552,-1.9655808210372925,-1.9688302278518677,-1.1472855806350708,-0.722410261631012,-0.626618504524231,-1.1699615716934204,-1.8881796598434448,-2.6012513637542725,-3.1114089488983154,-3.4236068725585938,-3.7005972862243652,-3.9416627883911133,-4.411543846130371,-4.88072395324707,-5.122572898864746,-5.2244343757629395,-5.43778133392334,-5.739108085632324,-5.955523490905762,-5.925891876220703,-5.797952175140381,-5.882502555847168,-6.281918048858643,-6.900294780731201,-7.528127670288086,-8.046004295349121,-8.432452201843262
8.587891578674316,9.720136642456055,9.79378604888916,9.680557250976562,9.815569877624512,7.776272296905518,6.211976051330566,6.615058422088623,5.848170757293701,5.696313381195068,4.877420902252197,3.78790283203125,3.083116292953491,2.046104907989502,1.7118781805038452,2.2515132427215576,1.0604524612426758,-0.1927962750196457,-1.0439589023590088,-1.291127324104309,-1.3075146675109863,-1.1783931255340576,-0.9978225827217102,-1.2080990076065063,-1.6760718822479248,-2.431751012802124,-3.053373336791992,-3.2594478130340576,-3.3547728061676025,-3.643965482711792,-3.9627933502197266,-4.19291353225708,-4.292281627655029,-4.537280082702637,-4.9009199142456055,-5.160061836242676,-5.10306453704834,-4.945174217224121,-5.005490779876709,-5.397917747497559,-5.984222412109375,-6.5421061515808105,-6.969430923461914,-7.242514610290527
9.833060264587402,10.751721382141113,10.162967681884766,9.566219329833984,9.43974494934082,7.73307466506958,6.802745819091797,6.691445827484131,5.932143211364746,5.7599029541015625,5.914920330047607,4.997560024261475,3.5271918773651123,2.604810953140259,2.1711153984069824,1.9054620265960693,1.3227312564849854,-0.3952140212059021,-1.1676619052886963,-1.5751897096633911,-1.5465247631072998,-1.8843390941619873,-1.7810784578323364,-1.3947592973709106,-1.3374760150909424,-1.9732985496520996,-2.7456467151641846,-2.636291265487671,-2.560995101928711,-2.7772889137268066,-3.0240962505340576,-3.233779191970825,-3.35983943939209,-3.5735487937927246,-3.9265336990356445,-4.225155830383301,-4.18288516998291,-4.051176071166992,-4.1273956298828125,-4.452751636505127,-4.927613258361816,-5.411620140075684,-5.784070014953613,-5.999931812286377
10.879266738891602,12.029426574707031,10.963861465454102,9.571916580200195,9.048190116882324,7.7540411949157715,7.009853363037109,7.115816116333008,7.076126575469971,6.787576198577881,6.314853668212891,5.639541149139404,4.188562870025635,2.4497313499450684,1.0484991073608398,0.10137514770030975,-0.47576823830604553,-0.8386594653129578,-1.481197714805603,-1.567043662071228,-1.1173638105392456,-1.183269739151001,-1.240777611732483,-0.5178660154342651,-0.4599628150463104,-1.3010108470916748,-2.176237106323242,-2.0862202644348145,-1.7560584545135498,-1.8352941274642944,-2.0597543716430664,-2.3361780643463135,-2.495675563812256,-2.6777477264404297,-2.940091609954834,-3.2240920066833496,-3.2034387588500977,-3.107076406478882,-3.235705852508545,-3.5596399307250977,-3.9389452934265137,-4.297406196594238,-4.572996139526367,-4.75094747543335
11.593326568603516,13.304055213928223,11.903717994689941,10.06350326538086,9.436861038208008,8.657776832580566,7.8883819580078125,7.800668239593506,7.993905067443848,7.845113754272461,6.89666748046875,5.4962029457092285,3.79479718208313,1.7701150178909302,0.3431261479854584,-0.3356752097606659,-0.6346915364265442,-0.9666905403137207,-0.7224002480506897,-0.03073245845735073,0.2984909415245056,-0.5696743726730347,-1.4037017822265625,-0.9246731400489807,-0.46329814195632935,-0.3561987578868866,-0.6157859563827515,-1.0703728199005127,-0.9599018692970276,-0.8677123188972473,-0.9551252722740173,-1.3096810579299927,-1.600275993347168,-1.8053425550460815,-1.9310803413391113,-2.153550863265991,-2.192709445953369,-2.1460418701171875,-2.301011800765991,-2.663660764694214,-3.036210775375366,-3.3199496269226074,-3.5084664821624756,-3.622584104537964
11.366598129272461,14.14456558227539,12.36684799194336,10.846258163452148,10.979667663574219,10.874897003173828,9.957356452941895,8.762605667114258,7.776797771453857,6.643675804138184,5.423027992248535,4.234738826751709,2.982783317565918,1.58708655834198,0.6600481271743774,0.5018501877784729,0.6585329174995422,0.32126063108444214,0.10482898354530334,0.0038301621098071337,-0.08560162037611008,0.39972642064094543,0.19420388340950012,-0.7238563895225525,-1.3367918729782104,-0.7622185349464417,0.08597936481237411,0.06905954331159592,-0.02724967710673809,0.27047571539878845,0.19569075107574463,-0.025210492312908173,-0.4363234341144562,-0.807077944278717,-0.8156824707984924,-0.9102880954742432,-1.0429399013519287,-1.124229073524475,-1.3301409482955933,-1.7265303134918213,-2.125760078430176,-2.3740713596343994,-2.494746446609497,-2.5548460483551025
11.260974884033203,12.70852279663086,11.751267433166504,11.13252067565918,11.315614700317383,10.926369667053223,9.999549865722656,8.369049072265625,6.435193061828613,4.77725887298584,3.998297929763794,3.6350343227386475,3.4607744216918945,3.0508170127868652,1.9595085382461548,1.5222046375274658,1.6480931043624878,1.3316773176193237,0.645039439201355,0.5036645531654358,0.7924454212188721,0.8468475341796875,0.6188386678695679,-0.41921842098236084,-1.1931742429733276,-0.9567606449127197,-0.3268810212612152,0.21040739119052887,0.4842483699321747,0.9416161775588989,1.158184289932251,1.136715054512024,0.9314755201339722,0.48394471406936646,0.4012848436832428,0.4720599949359894,0.34342336654663086,0.10456962883472443,-0.20730184018611908,-0.6197329163551331,-1.084272861480713,-1.3620480298995972,-1.4034291505813599,-1.3937718868255615
11.752333641052246,12.660624504089355,12.114310264587402,11.3910551071167,10.44670295715332,8.904869079589844,7.574395656585693,6.648008346557617,5.462993144989014,4.491342544555664,4.240743637084961,4.452798366546631,4.886346340179443,4.648492336273193,3.7584023475646973,3.3756299018859863,3.002269983291626,2.115917444229126,1.498137354850769,1.319691777229309,1.5003414154052734,1.372331976890564,0.703758955001831,0.2197289615869522,-0.10522313416004181,-0.20157861709594727,-0.14190226793289185,0.28978636860847473,0.5240410566329956,0.4965425431728363,0.9498772025108337,1.2248808145523071,1.3810795545578003,1.2421127557754517,1.2068123817443848,1.5132900476455688,1.662772536277771,1.4620387554168701,1.0989489555358887,0.6954853534698486,0.19089877605438232,-0.18837520480155945,-0.24825774133205414,-0.1456344574689865
