data/wind_data/wind_3_1.json
{"header": {"parameterUnit": "KT", "parameterCategory": 2, "nx": 256, "ny": 198, "lo1": 44.73521041870117, "la1": -3.236724853515625, "lo2": 111.26478576660156, "la2": 43.468475341796875, "dx": 0.2609002888202667, "dy": -0.23708222806453705, "refTime": "2025-02-19 03:00:00", "forecastTime": 0, "parameterNumber": 2, "parameterNumberName": "eastward_wind"}, "data":
[rows 152 to 170 of 198, columns 43 to 85 of 256]
0.38945478200912476,-1.669411301612854,-0.5624386072158813,4.026917934417725,4.9258246421813965,6.665293216705322,8.071540832519531,0.06503932178020477,0.03217095509171486,5.527482032775879,10.958955764770508,11.524748802185059,9.22260570526123,6.105109691619873,-0.03611820936203003,-5.707603454589844,-2.4841809272766113,-8.436294555664062,-7.790470123291016,-2.4960408210754395,0.8787245750427246,3.279670238494873,4.075803756713867,-2.45518159866333,-5.127613544464111,-1.631706953048706,0.6083797812461853,-0.8273035287857056,-2.3793797492980957,-5.03068733215332,-4.708258628845215,-2.6886508464813232,-2.5958034992218018,-3.326958656311035,-4.368473052978516,-5.829931735992432,-5.517168045043945,-6.780244827270508,-9.005617141723633,-8.008539199829102,-10.828289031982422,-11.79354190826416,-11.826574325561523
-0.11609311401844025,1.272607445716858,2.3926351070404053,1.7973805665969849,-1.2671513557434082,2.2963929176330566,9.723037719726562,1.2339023351669312,1.4946238994598389,8.641849517822266,12.083704948425293,7.219120502471924,2.8669514656066895,1.6069295406341553,-5.205201625823975,-7.153826713562012,-10.522764205932617,-11.578620910644531,-4.694851398468018,-0.131453275680542,1.6061537265777588,0.6401952505111694,-3.0157244205474854,-8.275981903076172,-8.927511215209961,-8.342704772949219,-6.060949802398682,-1.6417431831359863,-0.9194350838661194,-4.934927463531494,-5.857790946960449,-4.5532684326171875,-3.864854574203491,-2.4691386222839355,-3.104076862335205,-5.300957202911377,-8.589570999145508,-8.930977821350098,-7.289060115814209,-9.378617286682129,-10.77071475982666,-5.882534980773926,-8.239962577819824
-1.0213916301727295,1.7904644012451172,2.6999332904815674,-3.6080570220947266,-7.467855453491211,-1.3743492364883423,7.393590450286865,6.600362300872803,4.099686145782471,7.895463466644287,8.800938606262207,3.1075949668884277,-1.7625588178634644,-3.631178855895996,-7.053420543670654,-10.671170234680176,-11.106436729431152,-6.965218544006348,-0.4633435308933258,1.9936745166778564,-0.785146951675415,-5.715096950531006,-7.7935261726379395,-5.636545181274414,-5.025434494018555,-6.2682719230651855,-5.516510963439941,-0.0848972424864769,2.176438093185425,1.1921257972717285,-1.0285780429840088,-2.192155361175537,-3.6296281814575195,-5.090629577636719,-6.061738967895508,-5.5664238929748535,-7.703131675720215,-11.710651397705078,-12.76021957397461,-12.948442459106445,-10.545963287353516,-5.076322555541992,-7.067921161651611
-1.5908602476119995,2.15474271774292,-0.6977076530456543,-7.0055155754089355,-6.716166973114014,-3.365997552871704,3.9248290061950684,7.1056227684021,4.4148688316345215,2.248100757598877,-1.1225720643997192,-4.889509677886963,-5.3313069343566895,-4.7727227210998535,-8.463656425476074,-10.783982276916504,-7.5614237785339355,-1.7081496715545654,2.684248924255371,2.612999439239502,-3.5199666023254395,-5.992321968078613,-4.550361633300781,-3.4784493446350098,-2.0880556106567383,0.09142909198999405,0.2869110703468323,0.4095536172389984,2.1822521686553955,3.7595765590667725,1.6074013710021973,-1.9955403804779053,-3.921231269836426,-6.252782821655273,-8.403696060180664,-6.844354152679443,-5.982449054718018,-15.132637977600098,-13.68405818939209,-7.560262680053711,-9.51723861694336,-10.877583503723145,-4.324951171875
-1.1919012069702148,0.6705198884010315,-6.5644636154174805,-9.038839340209961,-3.5917654037475586,-1.1837248802185059,1.4840980768203735,1.5322675704956055,-2.314210891723633,-4.861464977264404,-3.7256057262420654,-2.378079414367676,-2.8041789531707764,-4.80000638961792,-7.976108074188232,-7.717344284057617,-2.4907572269439697,2.5148019790649414,3.2293505668640137,0.1190258115530014,-2.2300071716308594,-3.521254301071167,0.27334168553352356,-0.12169522047042847,-0.11963821947574615,1.2474604845046997,2.2529072761535645,3.407069206237793,1.9158836603164673,-0.14040401577949524,-5.165623664855957,-7.721463680267334,-7.136486530303955,-6.724730491638184,-10.16270637512207,-10.662151336669922,-8.508671760559082,-11.974712371826172,-9.63153076171875,0.32879114151000977,-7.100324630737305,-11.05967903137207,-1.2642496824264526
0.5951991081237793,-3.550781488418579,-9.646906852722168,-8.285356521606445,-2.444291114807129,0.6565462946891785,-1.3986181020736694,-3.3529138565063477,-4.380805015563965,-4.211937427520752,-2.418182373046875,0.06672384589910507,0.5022117495536804,-3.1633260250091553,-5.302095413208008,-3.388082265853882,1.3150019645690918,3.0308454036712646,-1.269406795501709,-3.064913749694824,1.703179955482483,0.32625481486320496,1.8981367349624634,1.6645039319992065,0.8723028898239136,2.2228806018829346,2.7467918395996094,3.0967915058135986,2.270160675048828,0.07535869628190994,-3.2108964920043945,-6.536287307739258,-7.62686824798584,-5.1159281730651855,-7.10366153717041,-8.241988182067871,-5.6260480880737305,-5.261931896209717,-5.444167137145996,-0.5772579312324524,0.8609850406646729,-5.19935941696167,-0.8501092791557312
3.2810111045837402,-2.903088331222534,-8.19762134552002,-6.4424147605896,-2.5713846683502197,-1.2916477918624878,-2.391707420349121,-3.071139335632324,-2.1480517387390137,-2.703840494155884,-0.8094553351402283,2.6563808917999268,2.2852489948272705,-2.5313773155212402,-3.226428270339966,-0.1450038105249405,0.8650659918785095,-0.5920236706733704,-3.1301488876342773,-0.09623205661773682,4.785941123962402,2.430081605911255,1.7001097202301025,1.4510881900787354,0.6748998761177063,2.821910858154297,2.9658849239349365,3.724307060241699,4.428790092468262,3.1310689449310303,1.0160688161849976,-1.0032635927200317,-3.471083641052246,-3.652237892150879,-2.755714178085327,-2.498746871948242,-4.838008403778076,-3.5065038204193115,-2.0037825107574463,-2.125629425048828,2.5372042655944824,3.267866373062134,1.0744680166244507
4.927258014678955,2.7761003971099854,-2.8625829219818115,-2.4223883152008057,-2.2542943954467773,-2.5157556533813477,-2.6534271240234375,-1.0120962858200073,2.7534587383270264,2.4671592712402344,2.181553602218628,2.3928399085998535,-0.8684448003768921,-3.819406747817993,-1.8468608856201172,-0.5653983950614929,-1.500994324684143,-2.808026075363159,-1.18344247341156,2.0233278274536133,5.552923202514648,2.4110233783721924,1.0464692115783691,0.6467635035514832,0.7724123597145081,2.8100826740264893,2.522853374481201,2.9839460849761963,1.8036527633666992,0.5958952307701111,-0.06704451888799667,-1.827094554901123,-1.9428619146347046,-1.7018941640853882,-1.1387896537780762,-0.9624421000480652,-4.111504554748535,-2.4170408248901367,3.6867563724517822,2.535597801208496,2.0853583812713623,4.529916763305664,3.303281307220459
6.278745651245117,5.890192031860352,1.3320075273513794,-0.5951418280601501,-3.1015732288360596,-4.5707621574401855,-3.8060078620910645,-0.7148950099945068,2.2798728942871094,1.5081526041030884,1.8444621562957764,-0.7570902109146118,-3.0736138820648193,-1.75713050365448,-0.7857290506362915,0.6858148574829102,-3.0943729877471924,-2.3018054962158203,-0.8726940751075745,0.40341994166374207,2.7948763370513916,1.2032287120819092,0.5917630791664124,0.27020493149757385,-0.2055300772190094,1.4114683866500854,0.059972088783979416,-2.934018135070801,-3.7157013416290283,-3.3516831398010254,-3.8469369411468506,-4.271241664886475,-2.148482322692871,-0.463273823261261,-1.400080919265747,-1.3743865489959717,-2.3035714626312256,-0.39787110686302185,4.4098429679870605,5.562540054321289,3.1011533737182617,3.1774954795837402,0.5506815910339355
6.483565330505371,6.248537540435791,2.49393630027771,-3.283208131790161,-4.9919586181640625,-3.7464959621429443,-2.088327169418335,-0.9212836623191833,-0.5616464614868164,-0.9279330372810364,-2.020113229751587,-2.4490699768066406,0.09494638442993164,4.020351886749268,3.8009088039398193,0.9249980449676514,-1.5672129392623901,1.0981241464614868,2.238922595977783,2.2220540046691895,0.9352625012397766,-0.696718692779541,-0.8176326751708984,-1.2204039096832275,-1.6704593896865845,-0.9345203042030334,-4.790266513824463,-6.819167137145996,-4.801308631896973,-4.142645359039307,-3.6931254863739014,-1.8556983470916748,-0.7915458083152771,0.5892700552940369,-0.6906929612159729,-0.4877068102359772,0.9134846329689026,2.5365915298461914,4.638077259063721,3.269209623336792,-0.5157579183578491,2.9052059650421143,-3.95246958732605
4.4550065994262695,5.090438365936279,1.4435189962387085,-4.70958948135376,-3.852961540222168,-0.14954324066638947,3.2505736351013184,1.6911875009536743,-2.560232162475586,-4.717132568359375,-3.6356396675109863,0.1102093830704689,4.726593971252441,5.499011039733887,2.0851283073425293,1.0711069107055664,3.3326478004455566,5.1056718826293945,6.46590518951416,6.0245466232299805,1.9049912691116333,-1.5004878044128418,-1.6373730897903442,-2.490525960922241,-2.002493143081665,-2.679379940032959,-7.113596439361572,-6.7331719398498535,-4.583323001861572,-3.8651010990142822,-3.573923349380493,-2.4551970958709717,-1.3295890092849731,0.32227835059165955,1.3464547395706177,0.4781561493873596,1.0307509899139404,2.731390953063965,2.3373639583587646,-1.9640637636184692,-3.859341621398926,1.9508280754089355,-0.17051567137241364
4.051316261291504,3.4825527667999268,-1.1479599475860596,-4.649961948394775,-3.097106695175171,0.4801894724369049,0.27239686250686646,-3.3849964141845703,-5.215264797210693,-3.846970558166504,-1.599326252937317,3.3881630897521973,3.998906135559082,1.2820829153060913,1.8438076972961426,5.07551908493042,6.856598854064941,8.255858421325684,7.976964473724365,6.829185485839844,2.7473509311676025,-0.9008718729019165,-2.6617507934570312,-3.356259822845459,-1.7678439617156982,-2.5167882442474365,-5.570552825927734,-5.1194891929626465,-3.722367525100708,-3.097560167312622,-2.884274482727051,-2.4907472133636475,-1.2089529037475586,1.0826337337493896,2.825646162033081,1.7942719459533691,0.8026097416877747,-1.396958827972412,-4.278478145599365,-3.703223466873169,-3.280247211456299,-0.9122660756111145,0.16324791312217712
5.003907680511475,3.0660626888275146,-1.5071825981140137,-3.719726085662842,-3.798766613006592,-4.027191638946533,-6.4394211769104,-5.173437118530273,-1.504931926727295,1.7434256076812744,3.7064051628112793,1.9158586263656616,0.5014523863792419,1.4491642713546753,4.758415699005127,6.452184200286865,7.465590000152588,8.244246482849121,5.496191024780273,5.156161785125732,2.578148365020752,-0.1237965077161789,-1.426228404045105,-1.8646185398101807,-1.5265307426452637,-2.6579174995422363,-4.791072845458984,-3.938164234161377,-2.7901859283447266,-2.245767116546631,-1.4801546335220337,-0.452219158411026,0.9514680504798889,2.680356740951538,3.612051486968994,2.729214906692505,-0.3435641825199127,-4.437015533447266,-5.7509636878967285,-4.671979904174805,-4.915642738342285,-6.900958061218262,-7.2381367683410645
4.114636421203613,2.9801108837127686,-0.1247694119811058,-2.2498550415039062,-3.6640000343322754,-3.385918378829956,-5.123572826385498,-1.8089123964309692,3.886953592300415,5.510162353515625,2.3687808513641357,0.9175397157669067,4.102101802825928,5.832675457000732,6.014649868011475,6.285879611968994,7.162968635559082,5.07866907119751,2.2560107707977295,1.6222810745239258,1.348313570022583,0.5697411894798279,-0.4389427900314331,-0.5503779053688049,-0.7531800270080566,-2.158508539199829,-3.890153408050537,-2.7704720497131348,-0.8043190836906433,-0.15123912692070007,-0.2729175388813019,1.0208306312561035,2.182050943374634,2.773667573928833,3.2099781036376953,2.5332870483398438,-1.8113328218460083,-5.206377983093262,-5.680562973022461,-4.97651481628418,-6.014997959136963,-9.221896171569824,-9.540582656860352
-0.6409427523612976,0.8262532353401184,1.8019033670425415,0.12202277779579163,-0.607539176940918,2.2718417644500732,1.8493090867996216,2.3000783920288086,2.91029691696167,0.8096044659614563,1.6033254861831665,7.283493995666504,7.32586145401001,6.38724946975708,6.257262706756592,6.423736572265625,4.432043552398682,2.537149667739868,1.136091709136963,0.48179224133491516,0.7555722594261169,0.31671708822250366,-0.478415310382843,-0.22679364681243896,-0.026186244562268257,-0.5937842726707458,-1.227670431137085,-0.5577273964881897,1.5748977661132812,2.9713664054870605,1.1309713125228882,1.5146971940994263,2.006962537765503,1.0177042484283447,2.73783802986145,3.251300573348999,0.3612455427646637,-2.9981276988983154,-3.4022152423858643,-0.5721890330314636,-4.951901435852051,-9.123347282409668,-8.78289794921875
-3.551774024963379,1.2372280359268188,4.057017803192139,3.301605701446533,1.9134927988052368,2.5246846675872803,-0.45585188269615173,-1.8561049699783325,-3.3469831943511963,0.619874894618988,7.652589797973633,9.834962844848633,8.864996910095215,6.603023052215576,4.992149353027344,3.6533045768737793,2.5110182762145996,1.8756119012832642,1.0151309967041016,0.6916576623916626,0.5425418615341187,-0.4385874569416046,-0.7836923003196716,-0.4164709150791168,0.05206414684653282,0.5812769532203674,1.1340889930725098,2.08245587348938,3.34000563621521,4.730866432189941,2.3224587440490723,0.09476031363010406,1.3571466207504272,1.8050175905227661,3.5848639011383057,4.953845024108887,4.761061191558838,0.7025216817855835,0.3668893575668335,-1.1616593599319458,-9.451539993286133,-8.0731201171875,-5.2340240478515625
-3.2982521057128906,1.8298510313034058,3.002568244934082,-1.54921293258667,-4.381936550140381,-5.146595478057861,-7.078742980957031,-5.848094940185547,2.0927693843841553,7.2267632484436035,7.859787464141846,6.889906883239746,6.235930919647217,3.7462246417999268,2.4678401947021484,2.1563000679016113,1.217521071434021,0.41542336344718933,0.3510206639766693,0.2845681607723236,-0.36842551827430725,-0.5356212258338928,-0.156516894698143,0.42507225275039673,1.0682400465011597,1.6648956537246704,2.5368833541870117,3.8253417015075684,4.555691242218018,4.8412885665893555,3.683622360229492,-0.055082548409700394,0.6546165347099304,2.957859754562378,4.8914031982421875,6.492639064788818,4.6845808029174805,0.08253952115774155,0.172174334526062,-4.737443923950195,-10.391030311584473,-7.6009979248046875,-1.561989426612854
-5.767024040222168,-5.119958400726318,-7.105654239654541,-8.723134994506836,-8.133273124694824,-6.313589096069336,-2.1553516387939453,1.0177675485610962,5.114897727966309,6.365846633911133,5.961332321166992,5.29141902923584,3.8326566219329834,1.8346154689788818,2.1703195571899414,0.48690879344940186,0.3461253345012665,-0.3047671318054199,-0.2073633074760437,-0.26853296160697937,-0.01871202141046524,0.3049866259098053,0.9513182640075684,1.5355876684188843,2.403377056121826,2.744436025619507,2.96876859664917,3.4657020568847656,3.6239960193634033,3.3370890617370605,3.414769411087036,1.3256454467773438,0.5722119212150574,3.440500497817993,5.670255661010742,6.369320392608643,2.2223103046417236,-1.8672422170639038,-3.7374305725097656,-5.302844524383545,-8.26025104522705,-8.723836898803711,-0.6751946210861206
-7.651817321777344,-9.128045082092285,-8.823578834533691,-7.581876277923584,-4.524771213531494,0.5197054743766785,4.598270893096924,5.091649532318115,5.167739391326904,5.26324987411499,4.136026859283447,1.7117295265197754,1.351572871208191,0.9426589608192444,0.21967968344688416,-0.6364268660545349,-0.34969067573547363,-0.6111711263656616,-1.0608702898025513,-0.32712647318840027,0.6495160460472107,1.648976445198059,1.6162619590759277,2.087449312210083,2.8890552520751953,3.2329511642456055,2.730983257293701,1.8257479667663574,1.25501549243927,1.1520580053329468,1.1827868223190308,0.9612872004508972,0.23066368699073792,2.5832550525665283,4.561415195465088,3.942232847213745,0.1837325394153595,-3.098111867904663,-5.502490520477295,-4.912479877471924,-2.607771396636963,-7.6041646003723145,-3.4361934661865234
