data/wind_data/wind_63_0.json
{"header": {"parameterUnit": "KT", "parameterCategory": 2, "nx": 255, "ny": 198, "lo1": 44.73521041870117, "la1": -3.236724853515625, "lo2": 111.26478576660156, "la2": 43.468475341796875, "dx": 0.26192745566368103, "dy": -0.23708222806453705, "refTime": "2025-02-21 15:00:00", "forecastTime": 0, "parameterNumber": 3, "parameterNumberName": "northward_wind"}, "data":
[rows 57 to 75 of 198, columns 0 to 42 of 255]
-2.7446746826171875,-2.851248025894165,-3.2952773571014404,-3.9664363861083984,-4.736004829406738,-3.03053617477417,-3.279348134994507,-3.090768814086914,-2.7269415855407715,-2.1280834674835205,-2.278189182281494,-1.9727998971939087,-1.1246130466461182,-0.9355358481407166,-1.3994359970092773,-2.750452995300293,-4.9547953605651855,-7.097330570220947,-6.576183795928955,-5.554595470428467,-6.753466606140137,-3.983766555786133,4.052549839019775,5.385993480682373,3.512383460998535,0.40012413263320923,-1.5129549503326416,-1.6889257431030273,-1.3269627094268799,-1.9008450508117676,-1.7598958015441895,-1.7696489095687866,-2.4605109691619873,-1.788967490196228,-1.7308157682418823,-2.9601361751556396,-3.252028226852417,-3.059626817703247,-3.4285013675689697,-3.9549577236175537,-3.630155324935913,-3.913661003112793,-4.26540470123291
-2.7213311195373535,-3.0926311016082764,-3.506805419921875,-4.19256067276001,-4.977895259857178,-3.692887544631958,-3.4604780673980713,-2.9350039958953857,-2.555311441421509,-3.0982754230499268,-3.5127570629119873,-3.7124764919281006,-3.8849453926086426,-3.810688018798828,-4.0875067710876465,-5.385002136230469,-6.986718654632568,-7.983295917510986,-8.131242752075195,-8.483807563781738,-8.91208553314209,-7.845546245574951,-2.681170701980591,2.5834836959838867,2.485248565673828,0.5482805371284485,-2.4972474575042725,-3.1504297256469727,-2.969829559326172,-2.7177882194519043,-2.8682973384857178,-1.1864055395126343,0.6689404249191284,0.6949787735939026,-1.4305521249771118,-2.826836109161377,-2.050900459289551,-2.859506368637085,-4.73860502243042,-4.798427581787109,-3.440035820007324,-5.042239189147949,-6.207594871520996
-2.298798084259033,-2.6885576248168945,-3.0006933212280273,-3.484501600265503,-3.908428192138672,-3.1753885746002197,-3.150391101837158,-3.2377614974975586,-3.6800479888916016,-3.7644741535186768,-4.202933311462402,-4.439215183258057,-4.885794639587402,-5.137119293212891,-5.824113845825195,-6.876054763793945,-7.385837078094482,-7.497893810272217,-7.711971759796143,-8.892662048339844,-9.398199081420898,-7.6327362060546875,-3.8418314456939697,-0.281604528427124,0.6889466047286987,-0.538460910320282,-2.163830280303955,-3.4491384029388428,-4.852276802062988,-5.966700553894043,-5.271854877471924,-3.6463229656219482,-1.1648402214050293,0.8737816214561462,1.3259775638580322,-1.7963203191757202,-2.6891045570373535,-3.4342823028564453,-4.040124416351318,-4.252521514892578,-3.9897348880767822,-6.0142998695373535,-7.4404144287109375
-1.3444966077804565,-1.6846729516983032,-1.9441351890563965,-2.4109413623809814,-3.035242795944214,-2.927626848220825,-3.3781914710998535,-3.2798731327056885,-3.8204236030578613,-4.3737688064575195,-5.130600452423096,-5.8752899169921875,-6.526392459869385,-7.2920241355896,-7.754021644592285,-7.494909286499023,-6.90946102142334,-6.489476203918457,-6.889800548553467,-7.535539627075195,-7.527507305145264,-6.017967700958252,-3.8482556343078613,-2.041320323944092,-1.180014967918396,-1.3796035051345825,-1.6206766366958618,-2.281101942062378,-3.978817939758301,-5.772477626800537,-6.374607563018799,-6.079902172088623,-4.686248302459717,-2.6073343753814697,-0.010952255688607693,-0.38514894247055054,-1.2868497371673584,-2.3385167121887207,-1.930705189704895,-3.6365644931793213,-4.141346454620361,-4.732035160064697,-5.441987991333008
0.14628715813159943,-0.5102133750915527,-1.0026081800460815,-1.4990147352218628,-1.7431851625442505,-2.2057342529296875,-3.3094823360443115,-3.9577476978302,-4.393093585968018,-5.298856258392334,-6.073394298553467,-6.770575046539307,-7.527177333831787,-8.200624465942383,-8.15893840789795,-7.257207870483398,-6.823922634124756,-6.631440162658691,-7.008556842803955,-7.064637184143066,-6.69682502746582,-5.434179306030273,-3.799393892288208,-2.3070902824401855,-1.36356520652771,-0.5227336883544922,-0.614489734172821,-2.151507616043091,-4.497453689575195,-5.7790727615356445,-6.323290824890137,-7.19611930847168,-8.136614799499512,-7.695279598236084,-4.962563514709473,-3.636183977127075,-1.3401228189468384,-0.6271182298660278,-2.6580846309661865,-4.295694828033447,-4.62856388092041,-3.0561578273773193,-2.8942201137542725
1.7692570686340332,1.0154900550842285,0.39369460940361023,-0.3153938353061676,-0.5529287457466125,-1.4706809520721436,-2.103142738342285,-2.977541208267212,-3.8334784507751465,-4.80254602432251,-5.694801330566406,-6.652490139007568,-7.6952128410339355,-8.432560920715332,-8.31433391571045,-7.384929656982422,-6.927792072296143,-6.918107509613037,-6.8889899253845215,-6.092268466949463,-5.295881271362305,-4.419003009796143,-3.468897819519043,-2.7572214603424072,-2.9403257369995117,-2.7170279026031494,-1.9495751857757568,-2.1221988201141357,-3.6311206817626953,-4.974654197692871,-5.872405529022217,-6.3830366134643555,-6.976844310760498,-6.378552436828613,-5.858281135559082,-5.578631401062012,-4.099864959716797,-1.462195873260498,-2.446046829223633,-3.17411208152771,-3.5972695350646973,-3.0545482635498047,-3.219414710998535
3.3800010681152344,2.885075092315674,1.9286198616027832,1.4402852058410645,0.31641504168510437,-1.70023775100708,-1.200950026512146,-1.3807289600372314,-2.2357468605041504,-3.2033474445343018,-4.132197380065918,-4.971162796020508,-6.032864570617676,-7.212016582489014,-8.131553649902344,-8.549601554870605,-8.3040189743042,-8.128167152404785,-7.362979888916016,-6.0265960693359375,-4.754298210144043,-3.527815103530884,-2.6883761882781982,-2.2875657081604004,-2.510451555252075,-3.0271191596984863,-2.950890064239502,-2.8950436115264893,-4.170223712921143,-5.265748023986816,-5.40719747543335,-5.566240310668945,-5.850428104400635,-5.164279937744141,-4.599606513977051,-3.578935146331787,-2.721451759338379,-1.9351860284805298,-2.110391139984131,-3.067521333694458,-3.217287540435791,-3.0383665561676025,-2.829542398452759
4.7038140296936035,4.424680709838867,3.6013026237487793,2.381028175354004,-0.6571834087371826,-1.9131255149841309,1.146648645401001,1.7506831884384155,0.3424677848815918,-1.4509532451629639,-2.2144992351531982,-2.2319445610046387,-2.94868540763855,-4.425563812255859,-6.083096504211426,-7.813851356506348,-8.50225830078125,-8.549443244934082,-7.690662860870361,-5.932019233703613,-4.0596842765808105,-2.518514633178711,-1.8075566291809082,-1.7243175506591797,-1.541391134262085,-2.112842082977295,-3.251965045928955,-3.459184408187866,-3.410295248031616,-3.458686113357544,-3.7035276889801025,-4.895443916320801,-5.712996006011963,-4.734500408172607,-3.7615561485290527,-3.1515052318573,-2.3896539211273193,-1.9426453113555908,-2.5057427883148193,-2.9303479194641113,-3.2502493858337402,-2.8042819499969482,-3.048245906829834
5.879802227020264,5.313879489898682,5.111905097961426,3.98122239112854,0.5908567905426025,0.16059182584285736,2.1341264247894287,3.3087973594665527,1.370259404182434,-1.135886311531067,-1.7714720964431763,-1.1528140306472778,-0.06057804450392723,-0.9251176118850708,-3.224579334259033,-4.919791221618652,-6.7050065994262695,-8.06834602355957,-8.023354530334473,-6.304398536682129,-3.975301742553711,-2.289773464202881,-1.677422285079956,-1.114829421043396,-0.7450450658798218,-0.765295147895813,-1.4791327714920044,-2.080469846725464,-2.9399290084838867,-3.870788335800171,-5.084583282470703,-6.802465438842773,-7.367506504058838,-5.394646644592285,-3.7600953578948975,-3.8817970752716064,-5.424650192260742,-3.9787893295288086,-3.1985626220703125,-2.788473606109619,-2.8483598232269287,-2.9888765811920166,-3.5887956619262695
5.99793815612793,7.361161231994629,7.938697338104248,7.002132415771484,4.330521583557129,3.5180630683898926,3.504023313522339,4.438560485839844,2.856384515762329,-0.36194291710853577,-1.6415356397628784,-0.27610838413238525,1.7269456386566162,1.6187044382095337,-1.0720120668411255,-2.728213310241699,-3.7925350666046143,-4.963111400604248,-5.8388824462890625,-5.194548606872559,-3.5920584201812744,-2.130064010620117,-1.5270514488220215,-0.8467935919761658,0.3313906490802765,0.8960605263710022,0.9063937067985535,0.1383562535047531,-1.6162264347076416,-3.1098074913024902,-3.799696683883667,-5.020570278167725,-6.507454872131348,-6.0243964195251465,-4.991617679595947,-3.2059524059295654,-4.278076171875,-4.426357269287109,-4.313724040985107,-3.885195016860962,-4.177838325500488,-4.42056941986084,-4.434061527252197
6.434931755065918,10.881173133850098,9.565960884094238,8.75382137298584,10.34289264678955,9.767338752746582,8.879107475280762,8.124156951904297,6.246927261352539,2.911191701889038,1.9886471033096313,2.6997532844543457,2.953167200088501,2.153229236602783,-0.4337352216243744,-2.7375593185424805,-3.320037364959717,-2.3325130939483643,-2.4913203716278076,-3.7205090522766113,-3.7125065326690674,-3.1494851112365723,-2.077138662338257,-1.3519808053970337,-0.5438717007637024,0.5373419523239136,0.7295056581497192,0.5116113424301147,0.0997849553823471,-0.7912301421165466,-1.6411714553833008,-2.334866523742676,-2.9751458168029785,-3.6252214908599854,-5.278130531311035,-4.929579734802246,-3.0417003631591797,-3.555280923843384,-4.657060623168945,-4.614108562469482,-4.71968936920166,-5.024257659912109,-4.780779838562012
5.044631004333496,11.732011795043945,6.6823225021362305,4.746780872344971,12.350079536437988,13.428853034973145,13.698563575744629,14.425047874450684,10.81165885925293,6.828222751617432,5.230484485626221,5.505772113800049,5.340741157531738,4.515857696533203,1.4348489046096802,-2.389353036880493,-3.2385947704315186,-2.1602935791015625,-0.769271969795227,-0.24334633350372314,-0.8655596971511841,-1.4963665008544922,-1.4384783506393433,-1.976815938949585,-1.8828014135360718,-0.09345065802335739,1.219651222229004,0.7507579922676086,-0.6622183918952942,-1.2820099592208862,-1.3722259998321533,-1.3743093013763428,-1.575817346572876,-3.122347354888916,-3.9292540550231934,-5.462188720703125,-5.228508472442627,-4.829070091247559,-3.994072675704956,-3.595543146133423,-5.058196544647217,-5.717181205749512,-4.800821781158447
1.2077869176864624,5.412778377532959,1.3170455694198608,0.037087034434080124,8.611247062683105,13.110320091247559,15.401845932006836,15.763702392578125,13.352437973022461,10.177606582641602,8.347893714904785,7.583190441131592,7.377230167388916,7.232775688171387,5.986392021179199,3.252697229385376,-0.09561821073293686,-1.080003023147583,0.4391274154186249,2.618929862976074,2.5239155292510986,1.5804976224899292,0.1778801828622818,-1.112998604774475,-1.2247021198272705,-0.6453699469566345,0.6104384660720825,0.9541654586791992,0.6141633987426758,0.24447108805179596,-0.012798178941011429,-0.8478779196739197,-2.0794694423675537,-3.113020658493042,-2.413809299468994,-2.5569119453430176,-3.3233511447906494,-5.413043975830078,-5.5133867263793945,-3.717627763748169,-4.775529384613037,-5.733743667602539,-5.431408405303955
-3.0385046005249023,-1.7920312881469727,-2.7179417610168457,-2.066558599472046,3.1839652061462402,9.572816848754883,14.77540397644043,14.254053115844727,13.160704612731934,12.523612022399902,11.918631553649902,10.955790519714355,10.465232849121094,10.489242553710938,10.18046760559082,8.66045093536377,6.2349772453308105,2.4408156871795654,0.8093426823616028,0.5905424356460571,0.915972113609314,0.9730209112167358,1.1047720909118652,2.6709399223327637,2.080824851989746,0.4969026446342468,0.6558064818382263,1.0466406345367432,1.0484349727630615,1.7176178693771362,1.5852127075195312,0.6603655815124512,-0.4721454679965973,-1.1383601427078247,-1.7267601490020752,-1.3580776453018188,-1.7688428163528442,-4.331061363220215,-4.876222610473633,-3.5140488147735596,-3.3126823902130127,-4.3370819091796875,-4.915605545043945
-3.8781490325927734,-4.32882833480835,-4.158254146575928,-2.591935396194458,0.6538895964622498,6.473690032958984,12.234655380249023,12.878251075744629,12.172215461730957,13.3691987991333,13.90113353729248,13.92817497253418,13.305726051330566,13.06464672088623,11.755230903625488,11.302717208862305,11.568120002746582,8.249040603637695,5.662833213806152,5.234541893005371,4.489821910858154,4.250255107879639,4.052321434020996,4.395692348480225,3.0369861125946045,2.2213478088378906,2.6353864669799805,2.167086362838745,1.3317193984985352,1.7063335180282593,1.9920047521591187,1.6672086715698242,0.7866334319114685,-0.651368260383606,-2.2831790447235107,-2.837224245071411,-2.4088258743286133,-2.987860918045044,-3.5535385608673096,-3.7356297969818115,-2.879789113998413,-2.376491069793701,-3.918398380279541
-2.087949275970459,-3.5689759254455566,-3.481691837310791,-2.7152466773986816,-0.5148023366928101,4.5259928703308105,8.41472339630127,11.085874557495117,11.938751220703125,13.1576566696167,13.899870872497559,15.086084365844727,14.632122993469238,13.531821250915527,11.143038749694824,11.008736610412598,13.960098266601562,13.990801811218262,13.476208686828613,13.125802993774414,12.361875534057617,10.946964263916016,8.670860290527344,6.360348224639893,5.447790622711182,3.7024638652801514,3.041524887084961,3.0558359622955322,3.3724353313446045,3.001065492630005,2.6174278259277344,1.9597035646438599,1.300520420074463,0.0024314376059919596,-1.1468549966812134,-2.122114896774292,-1.9047789573669434,-2.9956231117248535,-4.836379051208496,-3.8024749755859375,-3.1837761402130127,-1.3569542169570923,-2.3732612133026123
-0.46272844076156616,-0.8463122248649597,-1.6079628467559814,-2.364994525909424,-2.6203625202178955,2.7148683071136475,5.837757110595703,9.053524017333984,9.678836822509766,9.541025161743164,10.346163749694824,12.004262924194336,12.34995174407959,11.835977554321289,9.375197410583496,11.144524574279785,14.00554084777832,14.11512565612793,14.979507446289062,14.574047088623047,14.402576446533203,13.26626968383789,11.94882583618164,10.51830768585205,9.015186309814453,7.589597702026367,6.6197357177734375,5.467770099639893,4.696726322174072,5.3920698165893555,3.983757734298706,2.123612642288208,1.214989185333252,0.9617855548858643,1.0062216520309448,0.40712496638298035,-0.7397698760032654,-1.9014852046966553,-1.862939476966858,-1.979696273803711,-2.283050298690796,-2.320848226547241,-2.2515363693237305
0.8900637626647949,1.097237229347229,-0.0082570631057024,-2.2406656742095947,-4.450749397277832,1.4655771255493164,3.732534885406494,6.586198806762695,8.493724822998047,8.196645736694336,8.627252578735352,9.03311824798584,8.563084602355957,8.340974807739258,6.8655686378479,9.912463188171387,12.206622123718262,11.703563690185547,12.38650131225586,10.638509750366211,9.592705726623535,10.143645286560059,11.254046440124512,12.0769624710083,10.742798805236816,9.404412269592285,8.636064529418945,5.770794868469238,4.140665531158447,5.054896831512451,3.642218828201294,2.3903231620788574,1.6957893371582031,1.5153814554214478,1.2352374792099,0.7774214744567871,0.6889699101448059,-0.20659340918064117,-0.23299765586853027,-1.2741708755493164,-0.69172602891922,-1.6775124073028564,-1.8514600992202759
1.7503026723861694,0.5553579926490784,-0.9199736714363098,-3.653762102127075,-6.237420558929443,-0.4887699484825134,3.459486246109009,5.800152778625488,7.184218883514404,6.953449726104736,6.6126813888549805,6.561949253082275,6.034328937530518,4.575924396514893,4.835440158843994,7.8781538009643555,9.029863357543945,8.361922264099121,8.160472869873047,7.5359625816345215,8.754874229431152,9.510575294494629,10.337056159973145,9.851476669311523,7.225649356842041,6.179999351501465,5.469698429107666,3.114938497543335,2.54998779296875,4.563564777374268,3.901761054992676,3.7701432704925537,2.860147714614868,2.795607566833496,3.590157985687256,3.075002431869507,1.596801996231079,0.40703675150871277,0.47560548782348633,0.09247947484254837,0.2132130265235901,0.40810564160346985,-0.609295129776001
