data/wind_data/wind_48_7.json
{"header": {"parameterUnit": "KT", "parameterCategory": 2, "nx": 256, "ny": 198, "lo1": 44.73521041870117, "la1": -3.236724853515625, "lo2": 111.26478576660156, "la2": 43.468475341796875, "dx": 0.2609002888202667, "dy": -0.23708222806453705, "refTime": "2025-02-21 00:00:00", "forecastTime": 0, "parameterNumber": 2, "parameterNumberName": "eastward_wind"}, "data":
[rows 120 to 139 of 198, columns 88 to 131 of 256]
91.24639129638672,90.55899810791016,89.3190689086914,88.13545227050781,87.52021789550781,87.33104705810547,86.81741333007812,85.82625579833984,84.75584411621094,83.50646209716797,82.07711791992188,81.24150085449219,81.39263916015625,81.8669204711914,81.8421401977539,81.07424926757812,79.76525115966797,78.17150115966797,76.59716033935547,75.34254455566406,74.66061401367188,74.64912414550781,75.11663818359375,75.71768951416016,76.2362060546875,76.59712219238281,76.72760772705078,76.68777465820312,76.78551483154297,77.34333801269531,78.34088897705078,79.47469329833984,80.46937561035156,81.07048034667969,80.80281066894531,79.55484771728516,78.18734741210938,77.62681579589844,77.86143493652344,78.37276458740234,78.62506866455078,78.3414077758789,78.08859252929688,78.62097930908203
89.94013977050781,89.83651733398438,89.01789855957031,88.04551696777344,87.37508392333984,86.76918029785156,85.83025360107422,84.78813171386719,83.98409271240234,83.10592651367188,82.07183837890625,81.47178649902344,81.5284194946289,81.71529388427734,81.31836700439453,80.14082336425781,78.58670043945312,77.07533264160156,75.75487518310547,74.68506622314453,74.0641860961914,74.07307434082031,74.58184814453125,75.18424224853516,75.566162109375,75.69298553466797,75.6692123413086,75.60531616210938,75.71173095703125,76.2904052734375,77.39766693115234,78.74823760986328,80.02033996582031,80.87059020996094,80.69053649902344,79.40589904785156,78.05115509033203,77.52680206298828,77.69428253173828,78.05152130126953,78.04344940185547,77.59854125976562,77.63304901123047,78.76549530029297
88.54418182373047,88.76092529296875,88.24462890625,87.41126251220703,86.60863494873047,85.79742431640625,84.83187866210938,83.92398834228516,83.40296173095703,83.08008575439453,82.63392639160156,82.17843627929688,81.90548706054688,81.51507568359375,80.4486083984375,78.81484985351562,77.19156646728516,75.89617919921875,74.84129333496094,73.97539520263672,73.49979400634766,73.60629272460938,74.16629028320312,74.77244567871094,75.04399871826172,74.9066162109375,74.59610748291016,74.3913345336914,74.51036071777344,75.16294860839844,76.33396911621094,77.74446868896484,79.2186279296875,80.42720031738281,80.5580062866211,79.48129272460938,78.33329772949219,77.85374450683594,77.78663635253906,77.80052947998047,77.57157897949219,77.18507385253906,77.50859832763672,78.91390228271484
87.77214050292969,87.8767318725586,87.15621948242188,86.2538833618164,85.64226531982422,85.02810668945312,84.08765411376953,83.21087646484375,82.9811782836914,83.23870086669922,83.34119415283203,83.02383422851562,82.3237075805664,81.08780670166016,79.27853393554688,77.4080581665039,75.9104995727539,74.79000854492188,73.89322662353516,73.23251342773438,72.98258972167969,73.22492218017578,73.74295806884766,74.14491271972656,74.16397857666016,73.81200408935547,73.3237075805664,73.02651977539062,73.26699829101562,74.23308563232422,75.6550521850586,77.07583618164062,78.4603500366211,79.79845428466797,80.35070037841797,79.75260162353516,78.91681671142578,78.39727783203125,77.96168518066406,77.66217041015625,77.4312973022461,77.20755004882812,77.5992660522461,79.0309066772461
87.63130950927734,87.32707214355469,86.23078918457031,85.31858825683594,84.91863250732422,84.35508728027344,83.37297058105469,82.6075668334961,82.62708282470703,83.22364044189453,83.69944763183594,83.48745727539062,82.36679077148438,80.40601348876953,78.09900665283203,76.18118286132812,74.91468811035156,74.00196838378906,73.20675659179688,72.659912109375,72.56538391113281,72.8621597290039,73.18627166748047,73.16024780273438,72.73524475097656,72.1781997680664,71.79444122314453,71.81169128417969,72.44178009033203,73.7569580078125,75.40520477294922,76.82770538330078,77.9372329711914,79.05548858642578,79.8758316040039,79.8895034790039,79.4830551147461,78.93035888671875,78.12496948242188,77.56551361083984,77.48189544677734,77.60260009765625,78.16020965576172,79.53527069091797
87.60411834716797,86.89427185058594,85.65619659423828,84.71229553222656,84.23859405517578,83.58961486816406,82.63386535644531,82.01702117919922,82.22150421142578,82.918701171875,83.38233947753906,83.06690216064453,81.70085906982422,79.47630310058594,77.14845275878906,75.49681091308594,74.57252502441406,73.79779052734375,72.91079711914062,72.27700805664062,72.19144439697266,72.41864013671875,72.42929077148438,71.8759994506836,70.9630355834961,70.29693603515625,70.3162612915039,70.99445343017578,72.10639190673828,73.52196502685547,75.05912017822266,76.44961547851562,77.5135498046875,78.41090393066406,79.1582260131836,79.54496765136719,79.64509582519531,79.30947875976562,78.34591674804688,77.58396911621094,77.75641632080078,78.44621276855469,79.37567901611328,80.68289184570312
87.49809265136719,86.60272979736328,85.29654693603516,84.09944152832031,83.41962432861328,82.76351165771484,81.87934112548828,81.4378890991211,81.7807846069336,82.31622314453125,82.34577178955078,81.6714096069336,80.30326843261719,78.44800567626953,76.70751190185547,75.52606964111328,74.68122863769531,73.70458221435547,72.63201904296875,71.92308044433594,71.73221588134766,71.68304443359375,71.2666015625,70.30256652832031,69.2218246459961,68.78579711914062,69.37482452392578,70.66937255859375,72.10982513427734,73.38992309570312,74.55125427246094,75.81588745117188,77.08482360839844,78.07371520996094,78.68444061279297,79.13899993896484,79.64844512939453,79.758056640625,78.95105743408203,78.14636993408203,78.53390502929688,79.7885971069336,81.04503631591797,82.21981048583984
87.20861053466797,86.42845153808594,85.01921081542969,83.35370635986328,82.31108856201172,81.67442321777344,81.08523559570312,80.96214294433594,81.28826904296875,81.33381652832031,80.72161102294922,79.73865509033203,78.61805725097656,77.41053009033203,76.36953735351562,75.58369445800781,74.70187377929688,73.4912338256836,72.24788665771484,71.40101623535156,70.95389556884766,70.52983093261719,69.81189727783203,68.86093139648438,68.16413116455078,68.24188995361328,69.19392395019531,70.66996002197266,72.15625762939453,73.24577331542969,74.01947784423828,75.05587768554688,76.54193878173828,77.99381256103516,78.96001434326172,79.59733581542969,80.26199340820312,80.58694458007812,80.04107666015625,79.40186309814453,79.91923522949219,81.39697265625,82.75909423828125,83.75151824951172
86.73938751220703,86.19989776611328,84.60027313232422,82.36300659179688,80.8463134765625,80.4993896484375,80.48662567138672,80.3714370727539,80.25834655761719,79.88733673095703,79.00946044921875,77.93091583251953,76.99885559082031,76.30333709716797,75.85209655761719,75.40885162353516,74.52482604980469,73.10889434814453,71.61505889892578,70.47740936279297,69.7066421508789,69.0848159790039,68.52649688720703,68.1621322631836,68.14199829101562,68.5335464477539,69.40435791015625,70.68335723876953,72.0456771850586,73.03707885742188,73.6151123046875,74.41149139404297,75.9564437866211,77.96068572998047,79.75187683105469,80.9588394165039,81.68267822265625,81.90369415283203,81.49919128417969,81.12432861328125,81.70219421386719,83.07530212402344,84.24842834472656,84.90122985839844
86.19983673095703,85.76683044433594,83.7157211303711,81.40711975097656,80.02802276611328,79.58380889892578,79.40779113769531,79.19052124023438,78.89415740966797,78.41961669921875,77.58641815185547,76.50432586669922,75.66251373291016,75.29086303710938,75.2033920288086,74.93153381347656,73.96300506591797,72.31218719482422,70.57179260253906,69.22281646728516,68.33489990234375,67.83997344970703,67.73467254638672,67.98762512207031,68.40653991699219,68.91710662841797,69.67910766601562,70.74360656738281,71.87202453613281,72.76478576660156,73.40771484375,74.28496551513672,75.86920928955078,78.07020568847656,80.39382934570312,82.21145629882812,83.16410064697266,83.31962585449219,82.99850463867188,82.84205627441406,83.39934539794922,84.44781494140625,85.16779327392578,85.27110290527344
85.19417572021484,85.01557922363281,83.04480743408203,81.03316497802734,79.8002700805664,78.98565673828125,78.06961822509766,77.47672271728516,77.37435913085938,77.26824188232422,76.64077758789062,75.48843383789062,74.59313201904297,74.33999633789062,74.39202880859375,74.11212921142578,72.90258026123047,70.97087097167969,69.15800476074219,67.98736572265625,67.36107635498047,67.11192321777344,67.25047302246094,67.74313354492188,68.4124526977539,69.19029998779297,70.12141418457031,71.15762329101562,72.11178588867188,72.8834457397461,73.60762023925781,74.70606994628906,76.41959381103516,78.60868072509766,80.90494537353516,82.82453918457031,83.96876525878906,84.23834228515625,84.02245330810547,84.08448028564453,84.73954772949219,85.36276245117188,85.34911346435547,84.97383117675781
83.83255767822266,84.21400451660156,82.76399993896484,80.98493194580078,79.63525390625,78.56189727783203,77.38983917236328,76.42240142822266,75.92437744140625,75.6443862915039,75.16571807861328,74.33031463623047,73.68936157226562,73.56048583984375,73.54975891113281,72.95783233642578,71.29603576660156,69.19990539550781,67.79814147949219,67.26153564453125,66.98722076416016,66.81800842285156,67.05465698242188,67.72344970703125,68.57405090332031,69.5003662109375,70.5674057006836,71.76132202148438,72.87284088134766,73.67588806152344,74.25740814208984,75.2231216430664,77.07643127441406,79.48240661621094,81.65303039550781,83.18879699707031,84.11515808105469,84.38593292236328,84.36045837402344,84.8539810180664,85.78458404541016,85.98751831054688,85.2412338256836,84.47428131103516
82.46399688720703,83.21231842041016,82.4197769165039,80.76475524902344,79.17208099365234,78.0694580078125,77.41770935058594,76.52501678466797,74.92231750488281,73.60535430908203,73.04595947265625,72.54600524902344,72.32711791992188,72.54000091552734,72.49977111816406,71.43290710449219,69.51441955566406,67.86506652832031,67.30231475830078,67.29310607910156,67.07209014892578,66.88949584960938,67.3265380859375,68.20246887207031,69.05567169189453,69.88810729980469,70.97091674804688,72.37934875488281,73.76878356933594,74.70088958740234,75.10515594482422,75.69866943359375,77.42726135253906,80.17815399169922,82.61006164550781,83.83451080322266,84.13314056396484,84.01880645751953,84.22657012939453,85.2824478149414,86.47854614257812,86.39073944091797,85.29203796386719,84.31464385986328
81.41250610351562,82.05784606933594,81.4835433959961,79.78812408447266,78.24530792236328,77.57820129394531,77.43521881103516,76.77422332763672,74.38311004638672,71.55055236816406,70.65513610839844,70.84502410888672,70.99150848388672,71.08955383300781,70.7551040649414,69.71049499511719,68.51185607910156,67.96256256103516,68.06648254394531,68.0011978149414,67.49703979492188,67.28484344482422,67.89309692382812,68.85700988769531,69.666015625,70.4104995727539,71.45195770263672,72.87935638427734,74.30509948730469,75.21815490722656,75.54259490966797,76.0285873413086,77.69300842285156,80.58609771728516,83.34320831298828,84.60150146484375,84.38798522949219,83.7930908203125,84.08504486083984,85.4004898071289,86.5713882446289,86.49984741210938,85.57432556152344,84.49797058105469
80.17704772949219,80.807373046875,80.17816925048828,78.35320281982422,77.26190948486328,77.13141632080078,76.76692962646484,76.06929016113281,73.88336181640625,70.0243148803711,68.42153930664062,69.45382690429688,70.03092193603516,69.533935546875,68.8801498413086,68.67691040039062,68.81758117675781,69.04409790039062,69.08506774902344,68.64869689941406,67.98265075683594,67.87884521484375,68.55967712402344,69.49527740478516,70.322509765625,71.13479614257812,72.1467056274414,73.34242248535156,74.42129516601562,75.0678482055664,75.42908477783203,76.23889923095703,78.11677551269531,80.94580078125,83.76225280761719,85.26545715332031,85.05339813232422,84.15609741210938,84.09123229980469,85.11925506591797,86.12510681152344,86.25929260253906,85.56008911132812,84.21385955810547
79.01070404052734,79.10987091064453,78.54631042480469,77.78129577636719,77.39369201660156,76.9199447631836,75.66486358642578,74.61528015136719,72.8523941040039,68.94892883300781,66.92112731933594,68.15304565429688,68.66641235351562,67.9873046875,68.03599548339844,68.84195709228516,69.41458892822266,69.43120574951172,69.06513977050781,68.48298645019531,68.10773468017578,68.4295425415039,69.30411529541016,70.24323272705078,71.0653305053711,71.88764190673828,72.81036376953125,73.74205780029297,74.44190979003906,74.81917572021484,75.25619506835938,76.41008758544922,78.5443344116211,81.3339614868164,84.11921691894531,85.92082977294922,85.8476333618164,84.52645874023438,83.87281036376953,84.56127166748047,85.65953063964844,85.9805679321289,84.90634155273438,82.98497009277344
77.930908203125,77.85425567626953,77.72344970703125,77.8272705078125,77.67277526855469,76.49336242675781,74.35174560546875,72.97869873046875,71.59295654296875,68.01388549804688,65.6607437133789,66.40880584716797,66.92446899414062,66.97640991210938,68.06889343261719,69.4386215209961,69.74166107177734,68.96224975585938,68.01054382324219,67.59711456298828,67.96742248535156,68.96675872802734,70.08548736572266,70.90157318115234,71.43213653564453,72.0142822265625,72.8809814453125,73.9009017944336,74.6728744506836,75.07691955566406,75.57435607910156,76.75691986083984,78.86091613769531,81.65473937988281,84.48543548583984,86.35106658935547,86.18914031982422,84.49609375,83.5558853149414,84.28398895263672,85.3644790649414,85.30184173583984,83.53475189208984,81.12449645996094
77.36674499511719,77.07939147949219,76.93153381347656,77.11810302734375,77.09954833984375,75.81722259521484,73.2477035522461,71.3512954711914,69.90425109863281,67.01114654541016,65.02955627441406,65.19775390625,65.66645812988281,66.47598266601562,68.2284927368164,69.73101806640625,69.62481689453125,68.27101135253906,67.18133544921875,67.28050994873047,68.32672882080078,69.62679290771484,70.5958251953125,70.97328186035156,71.02918243408203,71.39256286621094,72.41488647460938,73.82695007324219,75.0030288696289,75.6445541381836,76.16239929199219,77.18592834472656,79.06769561767578,81.76528930664062,84.53498840332031,86.15567016601562,85.9486083984375,84.60472869873047,83.8767318725586,84.39701080322266,84.73047637939453,83.6489486694336,81.41844940185547,79.14525604248047
77.00601959228516,76.16437530517578,75.49317932128906,75.2994155883789,75.43218994140625,74.65467071533203,72.23656463623047,70.10528564453125,68.857666015625,66.85892486572266,65.13397216796875,64.6985855102539,64.88353729248047,65.91765594482422,67.80831909179688,69.23023223876953,68.94285583496094,67.63842010498047,67.00675964355469,67.64570617675781,68.8918685913086,69.96943664550781,70.51419830322266,70.47274780273438,70.29039001464844,70.76707458496094,72.14214324951172,73.87651824951172,75.25762176513672,76.00132751464844,76.5312728881836,77.46406555175781,79.14005279541016,81.53276824951172,83.98939514160156,85.36795806884766,85.38636016845703,85.13069915771484,84.95234680175781,84.21234130859375,82.83543395996094,81.3189697265625,79.94425201416016,78.20706176757812
76.1600112915039,75.01070404052734,73.89057159423828,73.3051528930664,73.57874298095703,73.42164611816406,71.47391510009766,69.551513671875,68.865478515625,67.76502990722656,65.8662109375,64.59089660644531,64.35411834716797,65.0848388671875,66.451416015625,67.64981079101562,67.87125396728516,67.4963150024414,67.56204223632812,68.28158569335938,69.14737701416016,69.77043914794922,69.99210357666016,69.85101318359375,69.81492614746094,70.54325866699219,72.17853546142578,74.05889892578125,75.37071990966797,76.02637481689453,76.58890533447266,77.55023193359375,79.06598663330078,81.03223419189453,83.0937271118164,84.49767303466797,84.87664031982422,85.45841979980469,85.40196990966797,82.80769348144531,79.733154296875,79.65296173095703,80.76478576660156,78.98217010498047
