data/wind_data/wind_17_9.json
{"header": {"parameterUnit": "KT", "parameterCategory": 2, "nx": 256, "ny": 198, "lo1": 44.73521041870117, "la1": -3.236724853515625, "lo2": 111.26478576660156, "la2": 43.468475341796875, "dx": 0.2609002888202667, "dy": -0.23708222806453705, "refTime": "2025-02-19 17:00:00", "forecastTime": 0, "parameterNumber": 2, "parameterNumberName": "eastward_wind"}, "data":
[rows 19 to 37 of 198, columns 0 to 42 of 256]
27.585094451904297,28.34001922607422,27.859535217285156,27.24124526977539,26.989423751831055,26.946081161499023,26.587509155273438,26.46451759338379,26.93595314025879,27.597578048706055,28.041410446166992,28.441957473754883,28.987041473388672,29.325347900390625,29.236845016479492,29.20702362060547,29.65250587463379,30.234580993652344,30.44980812072754,30.328683853149414,30.220409393310547,30.210790634155273,30.053848266601562,29.62055778503418,29.071718215942383,28.645021438598633,28.463558197021484,28.442108154296875,28.349689483642578,28.04509925842285,27.73412322998047,27.89728355407715,28.596830368041992,29.198997497558594,29.49570083618164,29.8145751953125,28.848541259765625,27.768028259277344,26.403759002685547,25.528610229492188,24.78285026550293,24.014848709106445,22.881067276000977
27.11172866821289,27.76079559326172,27.108633041381836,26.128440856933594,25.7015323638916,26.117721557617188,26.226755142211914,26.208599090576172,26.36809539794922,26.577255249023438,26.685291290283203,26.906558990478516,27.37993812561035,27.93922996520996,28.460947036743164,29.084033966064453,29.85807228088379,30.479581832885742,30.810306549072266,30.952695846557617,30.864212036132812,30.345247268676758,29.256080627441406,27.909311294555664,26.930505752563477,26.61319351196289,26.74588394165039,27.053823471069336,27.39581871032715,27.646299362182617,27.855695724487305,28.298118591308594,29.005008697509766,29.846473693847656,30.672626495361328,31.01426887512207,30.482685089111328,29.178966522216797,27.51781463623047,25.85409164428711,24.778827667236328,23.530672073364258,22.392112731933594
26.6828670501709,26.272043228149414,26.06387710571289,25.271324157714844,25.10041046142578,25.97096061706543,26.23689842224121,26.118574142456055,25.774438858032227,25.323759078979492,24.897729873657227,24.729419708251953,25.107257843017578,26.155941009521484,27.59261703491211,28.944345474243164,29.90715789794922,30.479520797729492,31.004356384277344,31.532909393310547,31.603965759277344,30.759952545166016,29.095827102661133,27.342187881469727,26.364120483398438,26.365413665771484,26.79597282409668,27.189050674438477,27.53669548034668,27.819150924682617,27.996532440185547,28.304508209228516,28.979782104492188,29.833723068237305,30.631362915039062,31.290815353393555,30.679241180419922,29.364004135131836,27.275724411010742,25.475500106811523,24.08340835571289,22.92862319946289,21.595211029052734
26.250839233398438,24.993932723999023,25.0618953704834,24.37872314453125,24.412593841552734,25.285303115844727,25.255647659301758,24.785078048706055,23.994478225708008,23.093189239501953,22.5194149017334,22.561521530151367,23.424251556396484,25.08674430847168,27.026391983032227,28.590112686157227,29.50169563293457,30.033336639404297,30.702232360839844,31.42679214477539,31.567197799682617,30.663715362548828,29.080448150634766,27.72952651977539,27.170652389526367,27.329214096069336,27.72910499572754,28.027185440063477,28.138671875,28.088054656982422,27.948774337768555,27.95697784423828,28.43018913269043,29.305252075195312,30.182613372802734,30.618270874023438,30.141267776489258,28.400331497192383,26.28998374938965,24.52716636657715,23.199512481689453,22.014678955078125,20.729543685913086
25.772321701049805,24.93577003479004,24.391151428222656,23.35891342163086,23.559354782104492,24.412227630615234,24.35995864868164,23.97901153564453,23.49156951904297,23.07737922668457,23.045026779174805,23.484455108642578,24.34376335144043,25.51608657836914,26.75406265258789,27.767671585083008,28.407093048095703,28.88409423828125,29.443355560302734,29.97860336303711,30.138671875,29.684125900268555,28.816328048706055,28.068527221679688,27.788047790527344,27.962175369262695,28.35150718688965,28.5752010345459,28.373342514038086,27.8463134765625,27.27410125732422,26.977018356323242,27.1600284576416,27.90350341796875,28.865245819091797,29.167346954345703,28.494537353515625,27.005990982055664,25.166852951049805,24.016786575317383,22.410945892333984,20.407581329345703,19.378498077392578
25.437767028808594,24.80532455444336,23.483592987060547,21.891218185424805,21.85870933532715,22.818096160888672,23.134563446044922,23.20670509338379,23.424528121948242,23.955211639404297,24.694385528564453,25.40558433532715,25.89914894104004,26.19310760498047,26.43320655822754,26.6367244720459,26.743793487548828,26.887744903564453,27.229595184326172,27.702760696411133,28.17148208618164,28.47408103942871,28.41921615600586,28.176359176635742,28.10635757446289,28.293880462646484,28.53218650817871,28.481721878051758,27.881656646728516,26.93201446533203,26.06961441040039,25.648921966552734,25.671142578125,26.083160400390625,26.73418617248535,26.925491333007812,26.211448669433594,25.18043327331543,24.06111717224121,22.751401901245117,21.370771408081055,19.640422821044922,18.865861892700195
25.412424087524414,24.35009002685547,22.64911651611328,20.453676223754883,19.36871910095215,20.341371536254883,20.93392562866211,21.488113403320312,22.319503784179688,23.412839889526367,24.575984954833984,25.6180419921875,26.283117294311523,26.476377487182617,26.375865936279297,26.080095291137695,25.747352600097656,25.75383758544922,26.280466079711914,27.039627075195312,27.68453025817871,28.083885192871094,28.27852439880371,28.414552688598633,28.544090270996094,28.54830551147461,28.43648910522461,28.10068702697754,27.311948776245117,26.198959350585938,25.22639274597168,24.779312133789062,24.697006225585938,24.621084213256836,24.509279251098633,24.368350982666016,23.905654907226562,23.01512908935547,22.09409523010254,21.17306137084961,20.274682998657227,19.58680534362793,19.130056381225586
25.35257911682129,23.923744201660156,21.996356964111328,19.27696418762207,16.97265625,17.895341873168945,18.910385131835938,19.904993057250977,21.139856338500977,22.439804077148438,23.80160140991211,25.128864288330078,26.11980438232422,26.596696853637695,26.652389526367188,26.493362426757812,26.3373966217041,26.613555908203125,27.33922576904297,28.043537139892578,28.398086547851562,28.472694396972656,28.661733627319336,28.959009170532227,28.98664665222168,28.64861488342285,28.227432250976562,27.751070022583008,26.96539306640625,25.905683517456055,24.994230270385742,24.525583267211914,24.22501564025879,23.747703552246094,23.02632713317871,22.40374183654785,21.862272262573242,21.11135482788086,20.342609405517578,19.866186141967773,19.588029861450195,19.37164306640625,19.165491104125977
25.147029876708984,23.620529174804688,21.59250831604004,18.727426528930664,16.117380142211914,17.04991340637207,18.35315704345703,19.553152084350586,20.678701400756836,21.749135971069336,22.996885299682617,24.365480422973633,25.546892166137695,26.3314266204834,26.743669509887695,27.047334671020508,27.385601043701172,27.8176212310791,28.321382522583008,28.720726013183594,28.89247703552246,28.928295135498047,29.02858543395996,29.0692195892334,28.824932098388672,28.37813949584961,27.873628616333008,27.27963638305664,26.51871681213379,25.651121139526367,24.942228317260742,24.562917709350586,24.2106990814209,23.593673706054688,22.666013717651367,21.739126205444336,20.959735870361328,20.281339645385742,19.804826736450195,19.547222137451172,19.198089599609375,18.770305633544922,18.607593536376953
24.879796981811523,23.343242645263672,21.627246856689453,18.99784278869629,16.734481811523438,17.609039306640625,18.665966033935547,19.430133819580078,19.95041275024414,20.512981414794922,21.41982078552246,22.76815414428711,24.300371170043945,25.612659454345703,26.541187286376953,27.274612426757812,27.977025985717773,28.502904891967773,28.756196975708008,28.841535568237305,28.83386993408203,28.851619720458984,28.827678680419922,28.63543128967285,28.309078216552734,27.97273063659668,27.5357723236084,26.86703109741211,26.069849014282227,25.29463005065918,24.685230255126953,24.4095458984375,24.325546264648438,23.950733184814453,23.08580207824707,21.958744049072266,20.952363967895508,20.30818748474121,19.997024536132812,19.697887420654297,19.17852783203125,18.69333267211914,18.555818557739258
24.542604446411133,23.67852783203125,21.970094680786133,19.18925666809082,16.973907470703125,17.785022735595703,18.424724578857422,18.643844604492188,18.574953079223633,18.74408721923828,19.562349319458008,21.01068115234375,22.82691764831543,24.583948135375977,25.94267463684082,26.955408096313477,27.806093215942383,28.46925163269043,28.889205932617188,29.03993034362793,28.994998931884766,28.822355270385742,28.607316970825195,28.34840202331543,28.097681045532227,27.895828247070312,27.59087562561035,26.928970336914062,25.989713668823242,25.038665771484375,24.26737403869629,23.945415496826172,23.96417999267578,23.758119583129883,23.114892959594727,22.126089096069336,21.11377716064453,20.441097259521484,20.15685272216797,19.91423797607422,19.586238861083984,19.371049880981445,19.360483169555664
24.31684684753418,23.413108825683594,21.635358810424805,18.7415828704834,16.469236373901367,17.156692504882812,17.563920974731445,17.498512268066406,17.330644607543945,17.592405319213867,18.42470932006836,19.789499282836914,21.43499183654785,23.178661346435547,24.7402286529541,25.99561309814453,26.995952606201172,27.87995719909668,28.66998291015625,29.168054580688477,29.358850479125977,29.200456619262695,28.794166564941406,28.44086456298828,28.29869842529297,28.255977630615234,28.025514602661133,27.325166702270508,26.213953018188477,25.04807472229004,24.142101287841797,23.598087310791016,23.267749786376953,22.869564056396484,22.333044052124023,21.749820709228516,21.236610412597656,20.823495864868164,20.515241622924805,20.278955459594727,20.098154067993164,19.99144744873047,19.97562026977539
24.225872039794922,22.144094467163086,20.584604263305664,18.086088180541992,15.834732055664062,16.45736312866211,16.84343910217285,16.882200241088867,16.970632553100586,17.435203552246094,18.28603744506836,19.256155014038086,20.328454971313477,21.663923263549805,23.138660430908203,24.5553035736084,25.769102096557617,26.899484634399414,28.056119918823242,29.004592895507812,29.622875213623047,29.691593170166016,29.227415084838867,28.77412223815918,28.70307731628418,28.739463806152344,28.43743324279785,27.584400177001953,26.339763641357422,25.108003616333008,24.16803741455078,23.457578659057617,22.75653839111328,22.037654876708984,21.53707504272461,21.26544952392578,21.132835388183594,20.965042114257812,20.757904052734375,20.563282012939453,20.47882652282715,20.337892532348633,20.13845443725586
24.001766204833984,21.583053588867188,20.207481384277344,18.028095245361328,15.824161529541016,16.43836784362793,16.989519119262695,17.31562614440918,17.636634826660156,18.279706954956055,18.92282485961914,19.34096908569336,19.717073440551758,20.464799880981445,21.640268325805664,22.9945125579834,24.32276153564453,25.673208236694336,27.06109046936035,28.377197265625,29.410873413085938,29.888938903808594,29.73055648803711,29.418405532836914,29.34010124206543,29.20137596130371,28.545814514160156,27.39859962463379,26.075328826904297,24.8583927154541,23.866275787353516,23.117992401123047,22.397533416748047,21.686594009399414,21.271249771118164,21.0230655670166,20.83849334716797,20.53236961364746,20.21599769592285,20.08634376525879,20.184255599975586,20.24521827697754,20.04522705078125
23.64826011657715,21.675662994384766,20.55645179748535,18.585683822631836,16.656291961669922,17.199779510498047,17.851276397705078,18.326860427856445,18.746580123901367,19.307161331176758,19.69499397277832,19.727998733520508,19.68924331665039,20.103357315063477,21.030616760253906,22.218721389770508,23.503877639770508,24.83574104309082,26.133394241333008,27.49178123474121,28.84220314025879,29.838905334472656,30.215045928955078,30.193166732788086,29.9820499420166,29.358280181884766,28.14345932006836,26.73194694519043,25.481273651123047,24.317136764526367,23.248628616333008,22.46430206298828,21.944734573364258,21.48479652404785,21.118722915649414,20.735679626464844,20.372034072875977,19.918609619140625,19.46194839477539,19.302888870239258,19.475337982177734,19.677963256835938,19.55332374572754
23.204214096069336,21.588096618652344,20.72907257080078,18.977243423461914,17.422103881835938,17.746936798095703,18.301128387451172,18.854652404785156,19.280567169189453,19.681493759155273,19.941879272460938,20.02644920349121,20.237274169921875,20.771718978881836,21.526081085205078,22.358125686645508,23.22393035888672,24.09992790222168,25.043155670166016,26.242534637451172,27.797473907470703,29.332508087158203,30.255353927612305,30.36194610595703,29.740657806396484,28.484025955200195,26.95206642150879,25.694482803344727,24.75136375427246,23.755815505981445,22.698448181152344,21.869319915771484,21.353153228759766,20.981943130493164,20.603759765625,20.14089012145996,19.676204681396484,19.26586151123047,18.964500427246094,18.823789596557617,18.894882202148438,18.996023178100586,18.829673767089844
22.76630973815918,21.644792556762695,20.67581558227539,18.894330978393555,17.671710968017578,17.857187271118164,18.287464141845703,18.97702407836914,19.428787231445312,19.6368408203125,19.813899993896484,20.172903060913086,20.778831481933594,21.512502670288086,22.022489547729492,22.168012619018555,22.219648361206055,22.457334518432617,23.016096115112305,24.032459259033203,25.598186492919922,27.335508346557617,28.564350128173828,28.75445556640625,27.90218162536621,26.47201919555664,25.249624252319336,24.52960205078125,23.95820426940918,23.21852684020996,22.40219497680664,21.59162712097168,20.91747283935547,20.41048812866211,19.901575088500977,19.329193115234375,18.8287353515625,18.501131057739258,18.338899612426758,18.245925903320312,18.217350006103516,18.13751983642578,17.870983123779297
23.229034423828125,21.856264114379883,20.643159866333008,18.91969108581543,18.38134765625,18.74510383605957,19.069740295410156,19.657733917236328,19.881572723388672,19.707494735717773,19.64012336730957,20.065017700195312,20.773073196411133,21.41730308532715,21.586366653442383,21.08607292175293,20.42371940612793,20.175556182861328,20.529083251953125,21.48295021057129,22.9235782623291,24.42756462097168,25.541505813598633,25.863122940063477,25.311246871948242,24.36299705505371,23.672395706176758,23.36663055419922,23.049522399902344,22.573768615722656,21.985960006713867,21.204042434692383,20.492305755615234,20.06170082092285,19.66773796081543,19.03194236755371,18.353878021240234,17.851993560791016,17.597129821777344,17.46462059020996,17.3790225982666,17.287878036499023,17.12347412109375
24.15230369567871,21.76708221435547,20.729373931884766,19.517087936401367,19.744535446166992,20.40975570678711,20.657087326049805,20.77212142944336,20.44700050354004,19.836610794067383,19.461179733276367,19.637699127197266,20.086669921875,20.411903381347656,20.2443790435791,19.510343551635742,18.760047912597656,18.565269470214844,18.973257064819336,19.844085693359375,20.933565139770508,21.93123435974121,22.681745529174805,23.129117965698242,23.117002487182617,22.74332618713379,22.376354217529297,22.236597061157227,22.083784103393555,21.805925369262695,21.281282424926758,20.542104721069336,19.917085647583008,19.667936325073242,19.551509857177734,19.130571365356445,18.48905372619629,17.88498306274414,17.448902130126953,17.13219451904297,16.924949645996094,16.857622146606445,16.89413833618164
