data/wind_data/wind_11_2.json
{"header": {"parameterUnit": "KT", "parameterCategory": 2, "nx": 256, "ny": 198, "lo1": 44.73521041870117, "la1": -3.236724853515625, "lo2": 111.26478576660156, "la2": 43.468475341796875, "dx": 0.2609002888202667, "dy": -0.23708222806453705, "refTime": "2025-02-19 11:00:00", "forecastTime": 0, "parameterNumber": 2, "parameterNumberName": "eastward_wind"}, "data":
[rows 19 to 37 of 198, columns 129 to 171 of 256]
-3.355639696121216,-3.257823944091797,-3.6409072875976562,-4.224288463592529,-4.269169330596924,-4.635306358337402,-5.56386137008667,-6.350339412689209,-6.565112113952637,-6.694097995758057,-7.271551609039307,-7.619814872741699,-7.326939105987549,-6.553171634674072,-5.209521770477295,-3.944096565246582,-4.535768032073975,-5.338225364685059,-5.410830020904541,-5.7638044357299805,-5.9383134841918945,-5.319757461547852,-5.0879082679748535,-5.134612083435059,-4.828243255615234,-4.4787678718566895,-4.851995944976807,-5.580100059509277,-5.607788562774658,-5.582254409790039,-6.635142803192139,-6.510557174682617,-4.537445068359375,-3.505321979522705,-2.4147331714630127,-5.229471683502197,-7.069908618927002,-3.944728136062622,-5.2069783210754395,-3.2269628047943115,-5.669936656951904,-5.965591907501221,-4.177931785583496
-3.5454864501953125,-4.179679870605469,-4.918274879455566,-5.092655181884766,-5.803961277008057,-6.19915246963501,-6.185550212860107,-6.508554935455322,-7.327009677886963,-7.971543788909912,-8.113235473632812,-7.695366859436035,-7.180059909820557,-6.609111785888672,-5.480217933654785,-4.820390224456787,-5.2299909591674805,-5.830946445465088,-5.285278797149658,-5.632987976074219,-5.819347858428955,-5.2809929847717285,-5.350876331329346,-4.91302490234375,-5.020216941833496,-6.45272159576416,-7.048520088195801,-6.965307712554932,-6.3524885177612305,-5.652321815490723,-8.86452579498291,-8.807852745056152,-5.0179123878479,-3.220869541168213,-0.04538249596953392,-4.489965438842773,-9.294339179992676,-6.6567888259887695,-5.572837829589844,-2.9943199157714844,-9.352354049682617,-7.212075233459473,-5.192164897918701
-4.6597676277160645,-5.73689603805542,-5.111637115478516,-4.856231689453125,-5.683920860290527,-5.936344623565674,-5.67787504196167,-6.742053031921387,-8.568303108215332,-9.205928802490234,-8.68915843963623,-7.6867995262146,-7.204842567443848,-5.774575233459473,-6.090383052825928,-6.951522350311279,-6.944797039031982,-6.721145153045654,-6.520669937133789,-6.61924409866333,-5.824845790863037,-5.4528303146362305,-4.986510753631592,-4.559088230133057,-6.17784309387207,-7.885620594024658,-6.5160322189331055,-5.097909450531006,-5.173284530639648,-4.410578727722168,-11.153883934020996,-9.794692993164062,-6.27206563949585,-2.848860740661621,-3.702491521835327,-10.240933418273926,-8.482440948486328,-8.363539695739746,-5.7830586433410645,-6.377371788024902,-7.846141338348389,-6.134154319763184,-6.0041656494140625
-5.505612850189209,-5.837856292724609,-5.225861072540283,-4.8781328201293945,-5.934051990509033,-6.0560078620910645,-5.9445881843566895,-7.454866409301758,-9.300455093383789,-9.357658386230469,-7.425705432891846,-6.810279369354248,-7.579351425170898,-5.585411071777344,-5.2031779289245605,-7.066123962402344,-9.04200267791748,-8.604425430297852,-7.88626766204834,-8.20608139038086,-6.512621879577637,-5.684104919433594,-4.6449198722839355,-4.650331020355225,-5.436568260192871,-5.879861831665039,-3.929596185684204,-3.2157328128814697,-9.770174026489258,-10.517950057983398,-10.588860511779785,-9.806686401367188,-6.865661144256592,-5.262341022491455,-6.583568572998047,-8.083677291870117,-8.425609588623047,-7.540902137756348,-5.897683143615723,-6.118506908416748,-6.540045261383057,-6.173626899719238,-5.982982635498047
-6.168615341186523,-5.852532386779785,-5.218214988708496,-5.7344818115234375,-6.019339084625244,-6.197622776031494,-6.425153732299805,-7.46124267578125,-8.573614120483398,-8.048519134521484,-6.1319966316223145,-7.9583210945129395,-6.839073181152344,-5.628840446472168,-1.4502333402633667,-6.737329006195068,-12.051899909973145,-10.19448184967041,-9.091504096984863,-10.095240592956543,-7.252072334289551,-5.606077671051025,-4.73388671875,-3.347442626953125,-2.2827422618865967,-2.4553403854370117,-6.414585590362549,-12.391436576843262,-10.612831115722656,-10.937326431274414,-11.076949119567871,-9.226861953735352,-7.231461048126221,-6.3241963386535645,-7.593574523925781,-8.119270324707031,-7.332851886749268,-7.682437419891357,-7.151064872741699,-6.502856254577637,-6.557307243347168,-6.315953731536865,-6.751158237457275
-7.191131114959717,-6.459674835205078,-6.610647678375244,-6.720368385314941,-6.070786476135254,-6.559104919433594,-6.88566780090332,-7.321353435516357,-7.597310543060303,-7.468968868255615,-7.331272125244141,-7.069072246551514,-7.934197425842285,-5.461232662200928,-5.191807270050049,-10.937837600708008,-9.797452926635742,-9.135215759277344,-9.381691932678223,-9.637856483459473,-8.24647045135498,-5.663105010986328,-3.8696353435516357,-2.377332925796509,-3.7607126235961914,-10.253695487976074,-10.318046569824219,-11.173606872558594,-11.134170532226562,-11.172252655029297,-10.481953620910645,-9.468262672424316,-8.269009590148926,-7.007358551025391,-7.675452709197998,-9.037650108337402,-8.420869827270508,-7.734346866607666,-7.984233379364014,-7.148975849151611,-6.816851615905762,-6.827311992645264,-8.024291038513184
-10.203948974609375,-9.168819427490234,-8.007994651794434,-7.862158298492432,-7.825873851776123,-6.856878280639648,-7.045372009277344,-7.438738822937012,-7.662546634674072,-8.087282180786133,-8.545815467834473,-8.686458587646484,-7.669756889343262,-6.455681800842285,-6.956305503845215,-9.410369873046875,-9.731467247009277,-9.965890884399414,-10.415160179138184,-10.054637908935547,-8.18393325805664,-5.266158580780029,-5.264379978179932,-9.509578704833984,-10.569779396057129,-11.592314720153809,-10.224289894104004,-10.80549144744873,-10.789986610412598,-10.26685905456543,-9.625636100769043,-9.90239429473877,-9.35810661315918,-7.698633670806885,-7.150435924530029,-8.484383583068848,-9.095499038696289,-8.012182235717773,-7.846790313720703,-7.479624271392822,-7.087801933288574,-6.674152374267578,-7.57391357421875
-10.873747825622559,-11.041686058044434,-10.635374069213867,-10.30178165435791,-9.930215835571289,-9.788917541503906,-9.938133239746094,-9.889864921569824,-9.970647811889648,-10.182589530944824,-9.85762882232666,-9.078386306762695,-8.45150375366211,-8.588032722473145,-8.67487907409668,-9.259079933166504,-9.929703712463379,-10.309911727905273,-10.234515190124512,-8.07562255859375,-4.560703277587891,-7.124786853790283,-14.552387237548828,-10.734618186950684,-9.775967597961426,-10.512930870056152,-10.602865219116211,-11.495888710021973,-10.420337677001953,-9.627477645874023,-9.327488899230957,-9.778667449951172,-9.988215446472168,-9.290270805358887,-7.347221374511719,-8.055794715881348,-9.047866821289062,-8.148159980773926,-8.03561782836914,-7.782078266143799,-7.123824119567871,-5.879881381988525,-5.959378242492676
-9.31578540802002,-10.608180046081543,-8.860771179199219,-8.37934684753418,-9.497454643249512,-10.346064567565918,-10.262398719787598,-10.823283195495605,-11.334896087646484,-11.357110023498535,-10.569257736206055,-9.84589958190918,-9.576244354248047,-9.34850025177002,-8.793387413024902,-9.278806686401367,-9.852952003479004,-9.89177417755127,-9.004975318908691,-6.901248455047607,-6.951486587524414,-10.420134544372559,-10.911613464355469,-8.635531425476074,-10.05620002746582,-10.804720878601074,-10.881840705871582,-11.03757095336914,-10.92152214050293,-10.108916282653809,-9.512354850769043,-10.38899040222168,-10.547688484191895,-9.969892501831055,-9.111824989318848,-8.91987419128418,-8.929695129394531,-8.467818260192871,-8.599959373474121,-7.959779739379883,-7.1576361656188965,-5.98445987701416,-5.273838520050049
-8.465816497802734,-9.818807601928711,-6.502992153167725,-6.134798049926758,-7.734816551208496,-9.154807090759277,-9.182371139526367,-10.343716621398926,-11.695326805114746,-12.319788932800293,-11.696011543273926,-10.491825103759766,-9.49782943725586,-9.458455085754395,-9.134077072143555,-7.960957050323486,-6.534465312957764,-6.357620716094971,-7.468104362487793,-10.4879789352417,-7.190943241119385,-5.621743679046631,-8.50372314453125,-8.685171127319336,-10.256619453430176,-9.883718490600586,-10.091669082641602,-10.325824737548828,-10.337015151977539,-10.431925773620605,-9.925355911254883,-9.714776039123535,-9.962593078613281,-10.11517333984375,-9.827502250671387,-9.453408241271973,-8.81439208984375,-8.840530395507812,-8.999205589294434,-8.151217460632324,-7.218897342681885,-6.255824089050293,-4.542506217956543
-10.607864379882812,-10.403559684753418,-7.733819484710693,-6.058443069458008,-8.95847225189209,-10.220459938049316,-8.791508674621582,-8.654637336730957,-10.531594276428223,-12.42127513885498,-11.933533668518066,-11.312122344970703,-10.28661823272705,-9.728507041931152,-9.041902542114258,-7.131091594696045,-5.981937408447266,-7.3964924812316895,-9.580809593200684,-9.549415588378906,-7.041272163391113,-5.949020862579346,-7.566564559936523,-9.327765464782715,-8.902202606201172,-9.395071983337402,-9.491073608398438,-8.88022518157959,-9.59025764465332,-10.368127822875977,-10.176000595092773,-9.568836212158203,-9.618308067321777,-10.01990032196045,-10.056276321411133,-9.491950988769531,-8.823447227478027,-8.940542221069336,-9.312671661376953,-8.428413391113281,-7.211658477783203,-6.112443923950195,-4.014165878295898
-11.428239822387695,-10.68163013458252,-9.78577709197998,-9.261041641235352,-8.814115524291992,-9.797480583190918,-10.352885246276855,-8.779579162597656,-9.46943187713623,-13.363009452819824,-12.754583358764648,-12.186918258666992,-11.073530197143555,-10.36280632019043,-9.976533889770508,-8.664668083190918,-8.285852432250977,-8.163553237915039,-8.345443725585938,-9.505505561828613,-9.193964004516602,-6.967831134796143,-7.274025917053223,-8.79583740234375,-9.432611465454102,-9.87895393371582,-9.448158264160156,-9.28226375579834,-9.587489128112793,-10.240894317626953,-10.423335075378418,-9.665989875793457,-9.589432716369629,-9.986322402954102,-10.149983406066895,-9.494470596313477,-8.642096519470215,-9.16475772857666,-9.77568244934082,-8.625839233398438,-7.247618675231934,-6.614358901977539,-6.6088690757751465
-10.918044090270996,-11.478469848632812,-11.46389389038086,-11.213366508483887,-11.36160945892334,-12.122587203979492,-12.996254920959473,-13.387221336364746,-13.209187507629395,-13.430909156799316,-14.648253440856934,-13.54919719696045,-12.439504623413086,-11.471786499023438,-11.355661392211914,-10.4693603515625,-9.921370506286621,-9.223038673400879,-9.249014854431152,-10.469063758850098,-9.724139213562012,-7.522125244140625,-7.973639488220215,-10.289549827575684,-10.507050514221191,-9.844793319702148,-9.718512535095215,-9.658270835876465,-9.80322265625,-10.35952377319336,-10.320188522338867,-9.966059684753418,-9.969070434570312,-10.021822929382324,-9.979263305664062,-9.49379825592041,-8.757793426513672,-9.184362411499023,-9.695898056030273,-8.513787269592285,-7.501555919647217,-7.267812728881836,-9.511741638183594
-6.9780755043029785,-10.616386413574219,-12.245914459228516,-12.627326965332031,-12.509583473205566,-12.2720947265625,-12.492380142211914,-13.245125770568848,-14.786955833435059,-15.471319198608398,-16.013029098510742,-14.35561752319336,-13.5550537109375,-12.493919372558594,-12.533096313476562,-11.140481948852539,-8.72388744354248,-8.455414772033691,-10.150343894958496,-11.150500297546387,-10.526764869689941,-9.817606925964355,-10.267560005187988,-11.063498497009277,-10.90295696258545,-10.201611518859863,-9.7328462600708,-9.646875381469727,-10.154460906982422,-10.276101112365723,-9.862397193908691,-9.833025932312012,-10.067354202270508,-10.129731178283691,-10.028637886047363,-9.640826225280762,-8.883344650268555,-8.851994514465332,-9.503520011901855,-8.766484260559082,-8.047696113586426,-7.215531349182129,-8.361042976379395
-1.5888968706130981,-2.794468402862549,-7.668986797332764,-10.756574630737305,-11.854171752929688,-11.479277610778809,-10.002994537353516,-8.113702774047852,-8.2390718460083,-10.762689590454102,-13.375533103942871,-15.469013214111328,-14.596149444580078,-13.018715858459473,-12.691143035888672,-11.471362113952637,-9.944896697998047,-10.336453437805176,-10.875238418579102,-10.802133560180664,-11.005331039428711,-10.230755805969238,-10.551819801330566,-10.981895446777344,-11.195782661437988,-10.897168159484863,-10.221122741699219,-9.753778457641602,-10.186053276062012,-10.416586875915527,-9.823970794677734,-9.59434700012207,-9.918976783752441,-9.906753540039062,-9.842074394226074,-9.686422348022461,-8.993602752685547,-8.897381782531738,-10.394598007202148,-10.367803573608398,-8.602946281433105,-7.017270565032959,-5.539226055145264
-0.31496334075927734,1.970874547958374,3.3602888584136963,-2.1348512172698975,-6.803327560424805,-8.515756607055664,-8.960916519165039,-8.180293083190918,-7.605525016784668,-9.307028770446777,-11.071066856384277,-13.4224214553833,-14.814391136169434,-13.881608009338379,-12.384554862976074,-12.08556842803955,-10.991573333740234,-10.025365829467773,-10.648338317871094,-10.441001892089844,-10.688672065734863,-10.41383171081543,-10.553560256958008,-10.648401260375977,-10.823145866394043,-10.97639274597168,-10.744575500488281,-10.27834415435791,-10.383753776550293,-10.634631156921387,-10.119979858398438,-9.648346900939941,-9.90395736694336,-10.309720039367676,-10.008627891540527,-9.412997245788574,-8.78620719909668,-9.329815864562988,-10.581937789916992,-9.602747917175293,-7.943811416625977,-6.8619208335876465,-5.464825630187988
1.4077365398406982,1.761875033378601,3.4279086589813232,5.537245750427246,1.526771903038025,-2.238215208053589,-3.1811444759368896,-4.555456161499023,-8.208529472351074,-10.286901473999023,-11.315300941467285,-11.268160820007324,-13.350729942321777,-14.495058059692383,-12.691210746765137,-11.350736618041992,-11.565633773803711,-10.571486473083496,-10.881789207458496,-9.935996055603027,-10.316247940063477,-10.538102149963379,-10.616025924682617,-10.689546585083008,-10.617415428161621,-10.576268196105957,-10.581084251403809,-10.583540916442871,-10.655386924743652,-10.66087532043457,-10.242557525634766,-9.780515670776367,-9.716265678405762,-9.970096588134766,-9.782872200012207,-9.20798397064209,-8.693914413452148,-9.463617324829102,-9.519883155822754,-8.386672019958496,-7.682234764099121,-7.243317127227783,-7.680415153503418
2.92008113861084,4.177316665649414,4.7407050132751465,5.445552349090576,4.229212760925293,2.6710352897644043,0.7304054498672485,0.5243329405784607,-4.635214328765869,-8.574711799621582,-13.929176330566406,-12.180695533752441,-12.9427490234375,-14.717707633972168,-13.044462203979492,-10.933673858642578,-10.987584114074707,-10.301039695739746,-11.046037673950195,-10.531073570251465,-10.082249641418457,-9.575441360473633,-10.658370018005371,-10.723563194274902,-10.479934692382812,-10.343206405639648,-10.326919555664062,-10.395341873168945,-10.557806968688965,-10.57597541809082,-10.135498046875,-9.801025390625,-9.736169815063477,-9.727526664733887,-9.550556182861328,-9.121161460876465,-8.871174812316895,-8.743024826049805,-8.68592643737793,-8.300460815429688,-7.871706008911133,-8.501275062561035,-9.22196102142334
0.3489167094230652,3.3764724731445312,5.54430627822876,6.026867866516113,5.162560939788818,3.6565170288085938,5.360199928283691,8.117116928100586,-3.209096670150757,-5.069262981414795,-9.409674644470215,-12.428182601928711,-12.218267440795898,-13.4727201461792,-13.01856517791748,-10.877665519714355,-11.09382152557373,-9.350238800048828,-10.882802963256836,-11.565167427062988,-11.030501365661621,-10.273920059204102,-10.577672958374023,-10.838600158691406,-10.502096176147461,-10.101570129394531,-9.749984741210938,-9.817426681518555,-10.248847961425781,-10.447574615478516,-10.034294128417969,-9.882519721984863,-9.863415718078613,-9.634552001953125,-9.313126564025879,-9.037055969238281,-8.59319019317627,-8.51805305480957,-8.702238082885742,-8.48552131652832,-8.434961318969727,-9.089393615722656,-9.71749210357666
