data/wind_data/wind_23_5.json
{"header": {"parameterUnit": "KT", "parameterCategory": 2, "nx": 256, "ny": 198, "lo1": 44.73521041870117, "la1": -3.236724853515625, "lo2": 111.26478576660156, "la2": 43.468475341796875, "dx": 0.2609002888202667, "dy": -0.23708222806453705, "refTime": "2025-02-19 23:00:00", "forecastTime": 0, "parameterNumber": 2, "parameterNumberName": "eastward_wind"}, "data":
[rows 38 to 56 of 198, columns 132 to 175 of 256]
-4.627898216247559,-3.538886785507202,-2.355344772338867,-2.0186195373535156,-2.5963053703308105,-3.380772113800049,-4.068208694458008,-2.4387621879577637,0.49257907271385193,2.3857648372650146,2.9299983978271484,2.936009168624878,3.508136749267578,3.9809799194335938,4.416163921356201,5.449179172515869,6.007000923156738,5.49407958984375,5.942521572113037,5.7139739990234375,5.487072467803955,4.405180931091309,4.6508259773254395,4.365618705749512,4.12863826751709,3.1923203468322754,2.5065436363220215,2.2984402179718018,1.7283852100372314,1.1484044790267944,0.969149112701416,0.6509281396865845,0.13301557302474976,0.13086572289466858,0.41727033257484436,0.9880269169807434,1.4935821294784546,2.111825704574585,2.9455819129943848,3.3404178619384766,3.490544080734253,3.365615129470825,3.2882397174835205,3.4239625930786133
-6.46505880355835,-5.875964164733887,-4.867102146148682,-3.826606512069702,-3.599104642868042,-4.536679744720459,-5.720261573791504,-4.2927141189575195,-0.9216400980949402,1.6919894218444824,2.8798727989196777,3.3688316345214844,4.278674602508545,5.049327373504639,5.5322723388671875,5.878964900970459,6.318964958190918,6.536797046661377,6.95587682723999,5.973353385925293,4.996692180633545,4.107809543609619,3.402550458908081,3.66050124168396,4.001107215881348,3.5133767127990723,2.6873717308044434,2.3837594985961914,1.8471866846084595,1.447810411453247,1.373004674911499,1.4952222108840942,1.1633661985397339,1.042195439338684,1.2110211849212646,1.8230739831924438,2.316051483154297,2.687242031097412,3.4208199977874756,3.6330618858337402,3.738621234893799,3.543056011199951,3.546389102935791,3.508347511291504
-8.789525985717773,-8.45865535736084,-7.745813846588135,-6.642597198486328,-5.892886161804199,-6.01069974899292,-6.2822113037109375,-4.6325812339782715,-1.8821393251419067,0.3517075181007385,2.1356377601623535,3.5378224849700928,4.767510890960693,5.5349297523498535,6.0286126136779785,6.395455837249756,6.658341407775879,7.090799331665039,6.690213203430176,5.737371921539307,4.369366645812988,3.0840842723846436,2.492548942565918,2.9488682746887207,3.553705930709839,3.6132266521453857,2.9529545307159424,2.7245194911956787,2.3649773597717285,1.9143579006195068,1.859885334968567,1.9778436422348022,2.0539724826812744,1.9806901216506958,2.0602633953094482,2.416362762451172,2.935469150543213,3.4927401542663574,3.9488046169281006,4.097845554351807,3.9869272708892822,3.6476211547851562,3.847259283065796,3.935800790786743
-10.62308406829834,-10.137225151062012,-9.571474075317383,-8.847211837768555,-8.203591346740723,-7.905614852905273,-7.401906967163086,-5.624263763427734,-3.3591184616088867,-1.4694573879241943,0.4335312247276306,2.311809539794922,3.600187063217163,4.344944953918457,4.809234142303467,5.116872310638428,5.234435081481934,5.127236843109131,4.952414512634277,4.759805202484131,4.006887435913086,3.204423189163208,2.6201741695404053,2.339665174484253,2.8398451805114746,3.2940447330474854,3.2946858406066895,2.9107069969177246,2.8178205490112305,2.619191884994507,2.5365402698516846,2.5153579711914062,2.7337608337402344,2.9624524116516113,3.08561372756958,3.4388225078582764,3.831037998199463,4.132162094116211,4.6056904792785645,4.7812581062316895,4.5933637619018555,4.213107109069824,4.22661828994751,4.346767425537109
-11.249307632446289,-10.840532302856445,-10.492610931396484,-10.125386238098145,-9.801634788513184,-9.415020942687988,-8.396859169006348,-6.549684524536133,-4.7737274169921875,-3.331026315689087,-1.7825826406478882,-0.1560671329498291,0.9369494915008545,1.7563517093658447,2.410020112991333,2.6089885234832764,2.527919054031372,2.509357452392578,2.8113677501678467,3.2982020378112793,3.5525224208831787,3.0476505756378174,2.553818464279175,2.3447742462158203,2.355618715286255,2.680018901824951,3.2630977630615234,3.5298855304718018,3.2503161430358887,3.0458974838256836,3.150049924850464,3.4164042472839355,3.578249931335449,3.8431167602539062,4.112581729888916,4.364579677581787,4.702086448669434,4.965553283691406,5.248246192932129,5.34420108795166,5.424210071563721,5.431368827819824,5.295594215393066,5.073480606079102
-11.190673828125,-10.88329792022705,-10.633740425109863,-10.43370246887207,-10.106064796447754,-9.514898300170898,-8.536592483520508,-7.192671298980713,-5.8979010581970215,-4.796334266662598,-3.591780424118042,-2.317007064819336,-1.1945736408233643,-0.46504729986190796,-0.04311802610754967,0.02150736004114151,-0.0428507961332798,0.05209917575120926,0.566864550113678,1.3934955596923828,1.9607185125350952,2.0516910552978516,2.177922487258911,2.385841131210327,2.57712984085083,2.5425493717193604,2.81730580329895,3.537367582321167,3.990288257598877,3.8283495903015137,3.70915150642395,4.275899410247803,4.555792331695557,4.495952129364014,4.754209995269775,5.03514289855957,5.1498284339904785,5.480793476104736,5.849236965179443,5.904940128326416,6.025515079498291,6.251502990722656,6.444380760192871,6.2643351554870605
-10.762285232543945,-10.485918998718262,-10.19729232788086,-9.930604934692383,-9.550764083862305,-8.993709564208984,-8.289999008178711,-7.39082145690918,-6.507824897766113,-5.713013172149658,-4.685795783996582,-3.5988240242004395,-2.845339775085449,-2.327087879180908,-2.136915922164917,-2.04150652885437,-2.003891706466675,-1.8263957500457764,-1.3829638957977295,-0.6339142918586731,0.11888809502124786,0.6514536738395691,1.1288831233978271,1.6539669036865234,2.4817516803741455,2.814011812210083,2.9591891765594482,3.1818652153015137,3.9713263511657715,4.54968786239624,4.680731773376465,4.8266777992248535,5.345434188842773,5.286489963531494,5.2914347648620605,5.444753646850586,5.529071807861328,5.74013614654541,6.089916229248047,6.310727119445801,6.45379114151001,6.601861953735352,6.919320583343506,7.114227294921875
-10.06943130493164,-9.727030754089355,-9.347926139831543,-8.992420196533203,-8.587105751037598,-8.108235359191895,-7.643719673156738,-7.235556125640869,-6.724027156829834,-5.814101696014404,-4.90203332901001,-4.412233829498291,-3.775094747543335,-3.2309083938598633,-3.040081024169922,-3.0028879642486572,-2.786648750305176,-2.651313543319702,-2.42315411567688,-1.9505259990692139,-1.3238210678100586,-0.623775839805603,0.0008724064100533724,0.5524765849113464,1.3881620168685913,2.2108030319213867,3.002826690673828,3.243685245513916,3.784486770629883,4.462371349334717,5.028629302978516,5.220785140991211,5.596375465393066,6.0668206214904785,6.1713151931762695,6.294978618621826,6.46230411529541,6.550030708312988,6.583094596862793,6.712001800537109,6.820459365844727,6.9042558670043945,7.1194586753845215,7.3427205085754395
-9.323180198669434,-9.059371948242188,-8.66997241973877,-8.227676391601562,-7.710721492767334,-7.189515113830566,-6.7904462814331055,-6.617825031280518,-6.370452404022217,-5.37524938583374,-4.195960998535156,-4.492433547973633,-4.117062568664551,-3.6254723072052,-3.274745225906372,-3.0575547218322754,-2.885760545730591,-2.614874839782715,-2.382194757461548,-2.0432918071746826,-1.760746717453003,-1.3591707944869995,-0.778407096862793,-0.3152352571487427,0.2484935224056244,0.9024257659912109,2.0596823692321777,3.009425163269043,3.551382303237915,3.9984941482543945,4.522940635681152,4.873465538024902,5.257786750793457,5.867307186126709,6.386893272399902,6.694201946258545,6.860933780670166,6.892148971557617,6.67197847366333,6.667410850524902,6.949736595153809,7.296489715576172,7.476093769073486,7.500499248504639
-8.475046157836914,-8.566429138183594,-8.392797470092773,-7.887836933135986,-7.159993648529053,-6.459705829620361,-5.981879234313965,-5.763422012329102,-5.746573448181152,-4.872719764709473,-3.7810850143432617,-3.7191317081451416,-4.057127952575684,-3.3531196117401123,-3.206155776977539,-2.6684820652008057,-2.4317076206207275,-2.180922746658325,-1.8234331607818604,-1.4987239837646484,-1.264940619468689,-1.1768403053283691,-0.9962891340255737,-0.6287419199943542,-0.24194428324699402,0.14406001567840576,0.6913099884986877,1.751726746559143,2.617305040359497,3.2643229961395264,3.715698003768921,4.2018561363220215,4.569971084594727,5.058144569396973,5.719671726226807,6.293377876281738,6.717944145202637,6.827128887176514,6.691509246826172,6.589117050170898,6.860284328460693,7.405176639556885,7.868859767913818,7.919317245483398
-7.386356353759766,-7.671116828918457,-7.704026222229004,-7.218709468841553,-6.420707702636719,-5.678477764129639,-5.138023376464844,-4.607241630554199,-4.285370349884033,-4.569637298583984,-3.8658111095428467,-3.4237213134765625,-3.473010301589966,-2.6859450340270996,-2.627528667449951,-2.0907387733459473,-1.9012773036956787,-1.425499677658081,-1.00538969039917,-0.6928274035453796,-0.4135650098323822,-0.33615708351135254,-0.4011567234992981,-0.2446032613515854,-0.09028595685958862,0.20463436841964722,0.31224343180656433,0.5871297717094421,1.3252586126327515,2.0855748653411865,2.626462936401367,3.156357765197754,3.6326651573181152,4.215694904327393,4.869431972503662,5.558625221252441,6.19556188583374,6.563546180725098,6.672676086425781,6.672272682189941,6.720432758331299,7.054920196533203,7.695631980895996,8.178573608398438
-6.589019775390625,-6.656102657318115,-6.5792765617370605,-6.180372714996338,-5.520620822906494,-4.779504299163818,-4.152673244476318,-3.726442575454712,-3.649366617202759,-3.6090798377990723,-3.1936275959014893,-3.5015957355499268,-2.3016138076782227,-2.2592313289642334,-1.7811176776885986,-1.6671922206878662,-1.2394554615020752,-0.7026128172874451,-0.29500430822372437,0.045728038996458054,0.3606370985507965,0.6301584839820862,0.7102984189987183,0.6396015286445618,0.6038721203804016,0.7176169753074646,0.8725636005401611,0.7950618267059326,0.8835680484771729,1.213112711906433,1.7876372337341309,2.277388572692871,2.7459304332733154,3.3430545330047607,4.057882308959961,4.773442268371582,5.602056503295898,6.322922229766846,6.709458351135254,6.94386625289917,6.889862060546875,6.847028732299805,7.238327503204346,7.937357425689697
-5.980927467346191,-5.799294948577881,-5.485037803649902,-5.100557804107666,-4.635549068450928,-4.0391130447387695,-3.4698150157928467,-2.997816801071167,-2.7311484813690186,-2.5828161239624023,-2.3867359161376953,-1.9175103902816772,-1.7167081832885742,-1.290568232536316,-1.1636894941329956,-0.8591334819793701,-0.5335234999656677,-0.061366114765405655,0.30027276277542114,0.6814687252044678,0.997723400592804,1.327774167060852,1.6509119272232056,1.743253231048584,1.7447232007980347,1.5537091493606567,1.4057488441467285,1.5228230953216553,1.5736161470413208,1.6147639751434326,1.7993402481079102,2.104210615158081,2.4057047367095947,2.730379819869995,3.2405924797058105,4.010204315185547,4.881577491760254,5.856330394744873,6.57224702835083,6.933155059814453,7.00459098815918,6.976215839385986,7.203129768371582,7.703104496002197
-5.244086742401123,-5.10871696472168,-4.695518970489502,-4.153295993804932,-3.6356918811798096,-3.1000053882598877,-2.6245124340057373,-2.1134133338928223,-1.5888922214508057,-1.1842759847640991,-0.8640166521072388,-0.6888054609298706,-0.5170488953590393,-0.5095497965812683,-0.2070184051990509,0.13289110362529755,0.3879511058330536,0.6604428887367249,0.9506313800811768,1.2531063556671143,1.5521973371505737,1.9164092540740967,2.434617757797241,2.706865072250366,2.853564977645874,2.6208224296569824,2.218935251235962,2.1643753051757812,2.27609920501709,2.4574947357177734,2.541226625442505,2.6487157344818115,2.7488958835601807,2.8709335327148438,3.17386794090271,3.6742684841156006,4.201422214508057,4.9344658851623535,5.80423641204834,6.467803955078125,6.942986011505127,7.2171630859375,7.441051483154297,7.733515739440918
-4.546168327331543,-4.5354108810424805,-4.034701347351074,-3.275197744369507,-2.665435314178467,-2.0975759029388428,-1.5078415870666504,-0.8983516097068787,-0.29203540086746216,0.13879260420799255,0.3914493918418884,0.46880921721458435,0.5801867246627808,0.5619750618934631,0.8461399078369141,1.2047559022903442,1.4913198947906494,1.693507194519043,1.821366786956787,1.9150850772857666,2.039464235305786,2.4488234519958496,3.110887050628662,3.5729010105133057,3.723517417907715,3.620098114013672,3.265730381011963,2.984593152999878,2.973790407180786,2.955878496170044,3.0927751064300537,3.416682720184326,3.534813165664673,3.5978705883026123,3.770526170730591,4.032519817352295,4.337689399719238,4.766736030578613,5.4553070068359375,6.269111156463623,6.9330315589904785,7.326886177062988,7.637261867523193,7.961503982543945
-3.9597175121307373,-3.9156010150909424,-3.3228795528411865,-2.4877119064331055,-1.824017882347107,-1.2248800992965698,-0.522122859954834,0.14678725600242615,0.6822232007980347,1.024523377418518,1.3988587856292725,1.596606969833374,1.8072572946548462,1.8296639919281006,2.005357503890991,2.265336036682129,2.599400758743286,2.8505470752716064,2.9399664402008057,2.8644909858703613,2.841939687728882,3.146754741668701,3.756056785583496,4.26042366027832,4.57309627532959,4.569655895233154,4.301287651062012,4.012262344360352,3.921471357345581,3.7160658836364746,3.5140504837036133,3.5473716259002686,3.820788621902466,4.076665878295898,4.143919467926025,4.313225269317627,4.660924434661865,5.093027591705322,5.632843494415283,6.400691509246826,7.020315647125244,7.46625280380249,7.785512447357178,8.185163497924805
-3.2846198081970215,-3.087327480316162,-2.5058095455169678,-1.6896231174468994,-0.9598487615585327,-0.4236133098602295,0.07728073745965958,0.6268773674964905,1.193830966949463,1.678865671157837,2.1553540229797363,2.5628602504730225,2.956310272216797,3.1807713508605957,3.264604091644287,3.333533763885498,3.6115705966949463,3.8269729614257812,3.8848683834075928,3.905337333679199,3.965754747390747,4.220355987548828,4.584084987640381,5.062954425811768,5.337316513061523,5.470334529876709,5.442782402038574,5.196139335632324,4.967259407043457,4.759276866912842,4.516476154327393,4.050318241119385,3.8432071208953857,3.9244322776794434,3.9453065395355225,4.147505760192871,4.511152744293213,5.064585208892822,5.719664096832275,6.437817096710205,7.06350564956665,7.595080852508545,7.974262714385986,8.389518737792969
-2.4838390350341797,-2.186795234680176,-1.6130458116531372,-0.8792499303817749,-0.21350319683551788,0.3102826774120331,0.6140596270561218,0.9811403155326843,1.507391095161438,2.181486129760742,2.7614588737487793,3.3055155277252197,3.840297222137451,4.208082675933838,4.39874267578125,4.390134811401367,4.537412643432617,4.788206100463867,4.9085187911987305,4.919543266296387,4.967978000640869,5.160168647766113,5.44717264175415,5.932697772979736,6.22640323638916,6.365406513214111,6.4401068687438965,6.329617977142334,6.192623615264893,5.967305660247803,5.632941246032715,5.153507709503174,4.659548282623291,4.3277812004089355,3.955826759338379,3.8947503566741943,4.16148042678833,4.778799057006836,5.683196544647217,6.489072799682617,7.1260175704956055,7.515810489654541,7.838290691375732,8.423029899597168
-1.6140509843826294,-1.2088582515716553,-0.6508296728134155,-0.0889556035399437,0.4730866849422455,1.0029540061950684,1.3789446353912354,1.6521942615509033,1.9928107261657715,2.542263984680176,3.1620161533355713,3.7662103176116943,4.320169448852539,4.886046886444092,5.26857328414917,5.407068729400635,5.56217098236084,5.750113010406494,5.957041263580322,5.992630958557129,5.921784400939941,5.909618377685547,6.1292572021484375,6.533729076385498,6.8470587730407715,7.136492729187012,7.201394557952881,7.282467365264893,7.303660869598389,7.127615451812744,6.904764175415039,6.464504241943359,6.039122581481934,5.56777286529541,4.928819179534912,4.45847225189209,4.338416576385498,4.663224697113037,5.420201301574707,6.279273509979248,7.023594856262207,7.461189270019531,7.567703723907471,7.9752349853515625
