data/wind_data/wind_58_4.json
{"header": {"parameterUnit": "KT", "parameterCategory": 2, "nx": 256, "ny": 198, "lo1": 44.73521041870117, "la1": -3.236724853515625, "lo2": 111.26478576660156, "la2": 43.468475341796875, "dx": 0.2609002888202667, "dy": -0.23708222806453705, "refTime": "2025-02-21 10:00:00", "forecastTime": 0, "parameterNumber": 2, "parameterNumberName": "eastward_wind"}, "data":
[rows 171 to 189 of 198, columns 132 to 175 of 256]
16.144193649291992,15.337977409362793,14.684061050415039,13.883437156677246,12.394927978515625,9.440817832946777,6.009042739868164,3.94870924949646,4.870336055755615,7.028039932250977,8.07367992401123,8.498540878295898,9.063984870910645,9.769553184509277,10.763741493225098,11.119343757629395,10.70014762878418,9.66817569732666,8.666330337524414,8.138903617858887,6.038997173309326,1.3278522491455078,-1.018308401107788,-0.5058103203773499,-0.011161931790411472,0.07524091750383377,1.1235365867614746,1.5165126323699951,0.8301430344581604,-1.0475828647613525,-2.374082326889038,-3.3236989974975586,-2.4405195713043213,1.69624662399292,4.0020432472229,4.578274726867676,5.872804641723633,7.537037372589111,6.447352409362793,5.967352390289307,3.6317543983459473,3.568277359008789,5.062037944793701,6.602027893066406
13.331751823425293,12.901132583618164,12.711203575134277,11.81480598449707,10.457167625427246,7.768812656402588,4.196002960205078,2.8761022090911865,3.95405912399292,5.408360004425049,6.285153388977051,6.561929225921631,6.6773576736450195,6.891714572906494,8.265119552612305,9.509867668151855,9.87503433227539,8.156330108642578,5.348543167114258,2.788681745529175,0.12858282029628754,-1.5523532629013062,-0.4280604124069214,1.2319056987762451,0.751214861869812,1.0226446390151978,2.5137529373168945,2.2487339973449707,1.041637659072876,0.5441821217536926,0.16962061822414398,-0.1571865975856781,0.4051702618598938,0.7480404376983643,0.9924112558364868,1.6132696866989136,3.7746317386627197,5.946368217468262,6.034748554229736,4.533361434936523,1.375563621520996,1.1839085817337036,3.293424129486084,3.9257161617279053
11.276470184326172,11.46872329711914,11.088996887207031,10.350655555725098,9.367383003234863,6.66763162612915,3.2733261585235596,2.4302892684936523,4.167292594909668,5.522540092468262,5.499241352081299,4.931483268737793,4.840892314910889,5.253382682800293,6.314364910125732,8.043061256408691,8.42793083190918,5.263720512390137,2.162069320678711,0.9880696535110474,0.04343508929014206,-0.56462562084198,1.1874719858169556,2.9653594493865967,2.6943390369415283,1.9488188028335571,3.287731409072876,3.0787951946258545,1.5371174812316895,1.1723840236663818,1.3308535814285278,2.0843842029571533,2.820884943008423,2.4165139198303223,1.1244406700134277,1.335734248161316,3.309784173965454,4.77833890914917,4.739583492279053,3.9607419967651367,2.752943515777588,2.2607057094573975,3.982419490814209,3.5174193382263184
9.380242347717285,10.110418319702148,9.947598457336426,9.241230964660645,7.919859409332275,5.613132476806641,3.535512685775757,3.015641212463379,3.63653564453125,4.796784400939941,5.040341377258301,4.388420104980469,4.027104377746582,4.422534942626953,4.8673529624938965,5.814126491546631,5.684486389160156,3.706336259841919,2.467965841293335,2.096917152404785,1.1184252500534058,0.9045913219451904,2.5557398796081543,3.6867997646331787,3.4584732055664062,2.7669870853424072,3.600294589996338,3.646820306777954,2.192984104156494,2.70259428024292,3.0438055992126465,3.601628303527832,4.033894062042236,3.471435785293579,2.495699882507324,3.31062912940979,4.845254898071289,5.3380608558654785,5.249442100524902,5.4583306312561035,5.06995964050293,4.911732196807861,5.047929763793945,4.74249792098999
7.192984104156494,9.071332931518555,9.664072036743164,8.564373016357422,6.344282150268555,4.5645294189453125,3.960907459259033,4.05162239074707,3.982438802719116,4.2719340324401855,4.044303894042969,3.4088475704193115,2.950770854949951,2.9856340885162354,3.0879526138305664,3.390872001647949,3.5785837173461914,3.732065439224243,4.114082336425781,4.0976104736328125,3.499321222305298,2.9521262645721436,2.4377822875976562,2.4389100074768066,2.3665990829467773,2.561779499053955,4.296370506286621,5.238561153411865,3.3605668544769287,2.396998167037964,4.398983001708984,4.456953525543213,4.041332244873047,3.896683931350708,4.197662830352783,5.218600273132324,6.364290237426758,6.627542018890381,6.477302074432373,6.807805061340332,7.0261311531066895,6.8401103019714355,5.986801624298096,5.883965015411377
5.5519280433654785,7.969493865966797,9.252388000488281,8.032377243041992,5.703702926635742,3.9286904335021973,3.991223096847534,4.747086048126221,4.784279823303223,4.638275623321533,3.9528491497039795,2.8326306343078613,2.0721259117126465,1.795872449874878,1.7726480960845947,1.9530352354049683,2.3453211784362793,3.0239500999450684,3.7508485317230225,4.049561977386475,3.8318660259246826,2.9264256954193115,0.9642379879951477,0.6507314443588257,1.3696973323822021,2.426987648010254,4.549353122711182,5.176438808441162,4.005554676055908,3.7580513954162598,4.721503257751465,4.30469274520874,3.4999239444732666,3.8777780532836914,4.7779364585876465,5.869671821594238,6.875531196594238,6.902438640594482,6.342965126037598,6.355945587158203,6.798377513885498,7.372863292694092,7.8911542892456055,8.344169616699219
4.172431945800781,5.973485469818115,6.729177951812744,5.619548797607422,3.9446206092834473,3.0035393238067627,3.6471054553985596,5.118607997894287,5.488037586212158,5.153318405151367,4.294893264770508,3.3276336193084717,2.297597646713257,1.6418638229370117,1.5431718826293945,1.85696280002594,2.3335013389587402,2.700284004211426,2.9239890575408936,2.765423059463501,2.1532063484191895,1.1115565299987793,-0.03377770632505417,0.605782687664032,1.5659371614456177,2.686944007873535,3.5872581005096436,3.42864990234375,3.2506117820739746,4.157960891723633,4.627225399017334,4.014318466186523,3.47385573387146,3.8765225410461426,4.4636735916137695,5.1347455978393555,5.995090961456299,6.11240291595459,5.855503082275391,5.807753086090088,5.779693603515625,5.797000885009766,6.402332305908203,7.548922061920166
1.8813097476959229,3.3602375984191895,3.5270423889160156,2.88785457611084,2.178211212158203,1.907170295715332,2.523582696914673,3.774831771850586,4.481729030609131,4.245151996612549,3.7277779579162598,3.318061351776123,2.831900119781494,2.364135980606079,2.331597328186035,2.2687230110168457,2.2046496868133545,2.123748302459717,2.2940478324890137,2.2364108562469482,1.8590898513793945,1.2863736152648926,1.225993037223816,1.9105771780014038,2.2400102615356445,2.2139463424682617,1.767254114151001,1.645249843597412,2.6366055011749268,4.008132457733154,4.221931457519531,3.7090883255004883,3.492785930633545,3.950526237487793,4.47003173828125,4.922036170959473,5.376717567443848,5.735034942626953,6.007950782775879,6.106199264526367,5.936427116394043,5.659979820251465,5.689458847045898,6.137449264526367
-1.130057692527771,0.8914591670036316,1.4347468614578247,1.1885210275650024,0.8074784278869629,0.8140324950218201,1.7606394290924072,2.580230951309204,2.9776697158813477,3.0066778659820557,2.912095308303833,2.813331127166748,2.926607370376587,3.1187620162963867,3.3054795265197754,3.068394660949707,2.368126392364502,1.8013405799865723,2.165592908859253,2.461920738220215,2.5442850589752197,2.7128732204437256,3.024038553237915,3.0189785957336426,2.4758968353271484,1.4425603151321411,0.7552304863929749,1.2473067045211792,2.6889219284057617,3.822664976119995,3.9518513679504395,3.824183464050293,3.8671157360076904,4.155412673950195,4.4852294921875,4.922243595123291,5.406610488891602,5.83380651473999,6.209643840789795,6.699206829071045,6.969707489013672,6.689416408538818,6.2140655517578125,5.987720966339111
-3.432234764099121,-1.3477342128753662,-0.2814042568206787,-0.06868815422058105,0.1804114133119583,0.9785045385360718,2.4083595275878906,2.7054648399353027,2.4467692375183105,2.361105442047119,2.6194934844970703,3.002082109451294,3.5481836795806885,4.234792709350586,4.661344528198242,4.260668754577637,3.404120683670044,2.5452780723571777,2.820234537124634,2.9251041412353516,2.6495919227600098,3.1301839351654053,3.6019275188446045,3.225736141204834,2.1884148120880127,1.3651158809661865,1.226707935333252,1.8109294176101685,2.561534881591797,2.8686747550964355,3.1086816787719727,3.6508610248565674,4.382840156555176,4.794253349304199,4.832636833190918,4.99468994140625,5.169364929199219,5.320949077606201,5.669473171234131,6.2928242683410645,6.951547145843506,7.270345687866211,7.125439167022705,6.744019508361816
-3.516460418701172,-2.9550094604492188,-1.1471461057662964,-0.36164048314094543,0.16776230931282043,1.2037681341171265,2.864464044570923,3.406153678894043,3.19217586517334,2.9394679069519043,3.3627421855926514,3.8536417484283447,4.430284023284912,5.094659805297852,5.090286731719971,4.38233757019043,3.518688201904297,2.9065263271331787,2.9806368350982666,3.0056943893432617,2.730849266052246,3.1512675285339355,3.7380006313323975,3.08359956741333,2.124568223953247,1.7913604974746704,1.8234713077545166,1.9822561740875244,1.922611117362976,2.0252268314361572,2.836381435394287,3.976067304611206,5.215638637542725,5.806192874908447,5.404303073883057,4.588594913482666,4.269423961639404,4.453159809112549,4.794253349304199,5.709163665771484,6.848860263824463,7.306381702423096,7.185200214385986,7.114077568054199
-0.07777582854032516,-1.5368552207946777,-1.4707858562469482,-0.18583332002162933,0.41422852873802185,1.3133981227874756,2.923880100250244,3.404754400253296,3.389519691467285,3.6662585735321045,3.9648189544677734,4.48250675201416,4.834453582763672,4.749342918395996,3.84887957572937,3.1332452297210693,2.5465426445007324,2.3628294467926025,2.6028313636779785,2.9323103427886963,3.496892213821411,3.8807106018066406,3.6161341667175293,2.6555492877960205,1.729290246963501,1.3780953884124756,1.461538314819336,1.777143120765686,2.120028257369995,2.8715999126434326,3.7505550384521484,4.694133281707764,5.787889003753662,6.169236183166504,5.5661725997924805,4.357573986053467,3.81943941116333,3.9856314659118652,4.548497200012207,5.879208564758301,7.06837272644043,7.238855838775635,7.184408664703369,7.5630388259887695
2.2388360500335693,2.901621103286743,1.0326035022735596,0.13766704499721527,0.07316318899393082,1.0895798206329346,2.947432518005371,3.3845620155334473,3.353973865509033,4.073913097381592,4.671747207641602,4.583969593048096,4.131053447723389,3.2599289417266846,2.045711040496826,1.7118948698043823,1.7995530366897583,1.963432788848877,2.295868158340454,3.0717453956604004,3.956528425216675,4.165991306304932,3.4102210998535156,2.449768304824829,1.8856199979782104,1.802584171295166,1.9470021724700928,2.3622682094573975,2.843388795852661,3.3109517097473145,3.8740272521972656,4.374552249908447,4.665197372436523,5.2714104652404785,5.271495342254639,4.331540584564209,3.8312838077545166,4.387699604034424,5.213591575622559,6.450380325317383,7.796090126037598,9.043938636779785,9.453766822814941,9.543595314025879
1.6730551719665527,3.5976192951202393,2.741074323654175,0.8188269138336182,0.18516825139522552,1.211612582206726,2.0735087394714355,1.9531041383743286,2.1492557525634766,3.8551108837127686,4.375458240509033,3.695093870162964,2.3238346576690674,1.5278717279434204,0.6486668586730957,0.8198947906494141,1.2688559293746948,1.478216290473938,1.7635791301727295,2.7018022537231445,3.5590691566467285,3.5693390369415283,2.9383811950683594,2.090641975402832,1.6656540632247925,1.8156311511993408,2.363795518875122,2.9189939498901367,2.878710985183716,3.164285898208618,3.366011381149292,3.3009912967681885,3.5347864627838135,4.349355697631836,5.195944786071777,5.241993427276611,4.760820388793945,5.064637660980225,6.26043176651001,7.480464458465576,8.834936141967773,10.777023315429688,11.585865020751953,11.647089004516602
0.04985296353697777,1.8097480535507202,2.729419708251953,1.5499382019042969,0.515416145324707,1.144097924232483,1.2351642847061157,0.6692385077476501,0.5616875290870667,2.081172227859497,2.857583522796631,2.3284404277801514,1.2660976648330688,0.5410305261611938,0.23233722150325775,0.6053242087364197,0.8086028099060059,0.5707843899726868,0.6111221313476562,1.4283815622329712,2.204765558242798,2.0976052284240723,1.2903310060501099,0.34036749601364136,0.23278212547302246,0.7650678753852844,1.5542844533920288,2.1517012119293213,2.3885672092437744,2.8797004222869873,3.4363670349121094,3.452488422393799,3.534914493560791,4.153560638427734,5.510630130767822,6.9118876457214355,6.864933013916016,6.716918468475342,7.604803085327148,9.223675727844238,11.173742294311523,12.327836990356445,12.529948234558105,13.059236526489258
0.730617880821228,0.030701493844389915,0.2856563329696655,0.7437963485717773,1.2278348207473755,1.960524320602417,1.4990249872207642,0.6947745680809021,0.34517723321914673,1.7570064067840576,3.684793472290039,3.0135369300842285,0.9320167899131775,-0.03525186702609062,-0.0717492550611496,0.030324578285217285,-0.32480138540267944,-0.8760615587234497,-1.1931666135787964,-0.9490896463394165,-0.27872368693351746,-0.08228113502264023,-0.5365436673164368,-0.8408938050270081,-0.6797006726264954,0.09699228405952454,0.9498854279518127,1.5490959882736206,2.0802817344665527,2.8932344913482666,3.6183202266693115,4.840923309326172,5.6026506423950195,6.719839572906494,8.05617618560791,8.281638145446777,7.795968532562256,8.167998313903809,9.54946517944336,11.321377754211426,12.416357040405273,12.832250595092773,13.50178337097168,15.074443817138672
3.9731638431549072,-0.12374351918697357,-0.41138505935668945,0.4613644778728485,1.275878667831421,1.4171556234359741,1.6380648612976074,1.0254640579223633,1.0944699048995972,2.201279878616333,3.3431854248046875,4.8946309089660645,3.174299955368042,1.3034628629684448,0.5786096453666687,0.09613648056983948,-0.25068873167037964,-0.8895959258079529,-1.2920842170715332,-1.197730541229248,-0.8826521039009094,-0.5016723275184631,-0.19390562176704407,0.024227412417531013,0.012674638070166111,0.43771570920944214,1.1532691717147827,1.92283034324646,2.8670361042022705,3.8568003177642822,5.046328067779541,6.1591796875,6.928623676300049,7.756384372711182,8.664785385131836,9.486506462097168,9.863456726074219,10.254413604736328,10.65991497039795,10.930194854736328,11.45273494720459,12.934027671813965,15.144994735717773,17.70372772216797
6.431567668914795,3.631807804107666,2.7480804920196533,3.011007308959961,4.757611274719238,4.211760520935059,2.554471492767334,0.5676444172859192,0.6044647693634033,2.56915283203125,4.441329479217529,5.995517730712891,5.57991886138916,4.640438556671143,3.8040382862091064,3.302690267562866,2.542708158493042,0.49472513794898987,-0.11918067187070847,-0.021348752081394196,0.3899206519126892,0.8676869869232178,1.464434027671814,1.8087165355682373,2.254087209701538,3.4441492557525635,4.603699207305908,5.0224714279174805,5.493936538696289,6.625647068023682,6.923037052154541,6.889389514923096,7.251620769500732,8.335283279418945,9.997580528259277,11.564411163330078,11.276582717895508,9.50092887878418,7.939171314239502,8.231216430664062,10.591121673583984,14.173364639282227,17.661283493041992,20.391883850097656
8.525711059570312,6.9247236251831055,6.727582931518555,12.19074821472168,11.363083839416504,8.737508773803711,7.506093502044678,4.541628837585449,1.6211649179458618,1.6602122783660889,4.226928234100342,5.327423095703125,5.415943145751953,5.315168380737305,5.076581954956055,5.233108043670654,4.967560768127441,2.046104907989502,1.3044958114624023,1.661922812461853,1.6540627479553223,1.6571571826934814,2.139023780822754,3.199145793914795,5.205012321472168,6.959654808044434,8.005550384521484,6.847291946411133,6.086035251617432,6.384793758392334,6.130668640136719,6.727011680603027,8.077079772949219,9.531110763549805,10.80211353302002,10.155418395996094,7.660141468048096,5.640063762664795,6.467556476593018,9.538016319274902,13.55726432800293,17.156211853027344,19.620410919189453,21.208250045776367
