data/wind_data/wind_41_0.json
{"header": {"parameterUnit": "KT", "parameterCategory": 2, "nx": 255, "ny": 198, "lo1": 44.73521041870117, "la1": -3.236724853515625, "lo2": 111.26478576660156, "la2": 43.468475341796875, "dx": 0.26192745566368103, "dy": -0.23708222806453705, "refTime": "2025-02-20 17:00:00", "forecastTime": 0, "parameterNumber": 2, "parameterNumberName": "eastward_wind"}, "data":
[rows 38 to 56 of 198, columns 86 to 128 of 255]
-9.615819931030273,-8.684908866882324,-7.842075347900391,-7.07002067565918,-7.457413673400879,-8.37771224975586,-8.450666427612305,-8.084264755249023,-7.55001974105835,-6.512726306915283,-4.5506439208984375,-2.4186267852783203,-1.8663725852966309,-3.0786237716674805,-4.700506687164307,-4.641843795776367,-4.663388729095459,-5.048314571380615,-5.095852375030518,-5.458363056182861,-5.607794284820557,-5.734262466430664,-4.524012088775635,-3.5389106273651123,-4.5807204246521,-5.969926357269287,-5.251029014587402,-4.488134384155273,-4.864901542663574,-5.153746604919434,-6.014172077178955,-6.053642272949219,-5.114242076873779,-5.260087490081787,-6.420995712280273,-6.397087574005127,-5.697978496551514,-6.561313629150391,-7.815107345581055,-7.923123836517334,-7.56071662902832,-7.065115451812744,-6.690057277679443
-9.54813289642334,-8.519930839538574,-8.410149574279785,-9.046377182006836,-9.446444511413574,-9.47335433959961,-8.893770217895508,-8.000646591186523,-7.240437030792236,-6.610793113708496,-5.9841413497924805,-4.889509677886963,-4.718130588531494,-5.391711235046387,-5.468803882598877,-5.483824729919434,-5.682272434234619,-5.506554126739502,-5.688769817352295,-5.93134880065918,-5.733016014099121,-5.935487747192383,-5.297513961791992,-4.506346702575684,-4.879069805145264,-6.368422985076904,-5.698709011077881,-4.99415922164917,-4.685567378997803,-3.840426445007324,-5.590754985809326,-5.893472194671631,-5.277595043182373,-5.9510016441345215,-6.720543384552002,-7.0894880294799805,-6.628030776977539,-7.28926420211792,-8.640726089477539,-9.114490509033203,-9.299703598022461,-9.1180419921875,-8.92275619506836
-9.438535690307617,-8.862303733825684,-8.270906448364258,-8.199231147766113,-8.310994148254395,-8.149121284484863,-7.78780460357666,-7.217133045196533,-6.603079795837402,-5.978456497192383,-5.846591472625732,-6.395168781280518,-7.096205711364746,-7.2590131759643555,-6.489798545837402,-6.064953804016113,-5.562700271606445,-4.6744794845581055,-4.792365074157715,-5.657116889953613,-6.051095962524414,-5.901496887207031,-5.796654224395752,-5.215671062469482,-5.390385150909424,-5.8205108642578125,-5.602276802062988,-6.03117561340332,-4.924992561340332,-3.6351311206817627,-5.476608753204346,-5.459291934967041,-5.494900703430176,-6.786455154418945,-6.627799034118652,-6.832530975341797,-6.555298328399658,-7.530163288116455,-9.288148880004883,-10.377017974853516,-10.678512573242188,-10.397788047790527,-10.231719970703125
-8.817621231079102,-8.392515182495117,-7.710982799530029,-7.115829944610596,-7.098859786987305,-7.2173638343811035,-6.687146186828613,-6.113521099090576,-6.315374374389648,-5.979068756103516,-5.361228942871094,-5.818324565887451,-6.265836238861084,-6.086331844329834,-5.725167274475098,-5.346491813659668,-4.604691028594971,-3.976285696029663,-3.9258551597595215,-4.437137603759766,-5.068276405334473,-5.299534797668457,-5.077371120452881,-4.697869777679443,-4.5752482414245605,-4.713620185852051,-5.218952655792236,-5.446690082550049,-5.393481731414795,-4.949982166290283,-4.995495796203613,-4.627575874328613,-5.3168721199035645,-6.508379936218262,-6.426064968109131,-6.660318374633789,-6.370359897613525,-7.670751571655273,-10.048150062561035,-11.498764038085938,-11.5413179397583,-10.824361801147461,-10.536917686462402
-8.269213676452637,-8.312169075012207,-8.24729061126709,-7.310299873352051,-7.006205081939697,-7.2249650955200195,-7.194021701812744,-7.033724784851074,-6.516729354858398,-6.1272454261779785,-5.649164199829102,-5.202518939971924,-5.219798564910889,-5.195515155792236,-4.778661727905273,-4.1711745262146,-3.861743927001953,-3.8188424110412598,-3.8057022094726562,-4.067638397216797,-4.2079854011535645,-4.060906410217285,-3.925534963607788,-3.745699644088745,-3.269646406173706,-3.1469061374664307,-3.5765140056610107,-4.0173187255859375,-3.7133517265319824,-3.8298792839050293,-4.534381866455078,-4.030620098114014,-4.954366683959961,-5.982314109802246,-5.960246562957764,-6.068276882171631,-6.156890869140625,-7.817005634307861,-9.510993957519531,-11.01237678527832,-11.702930450439453,-11.12553596496582,-10.824318885803223
-8.72717571258545,-9.066980361938477,-8.738838195800781,-8.044392585754395,-7.415320873260498,-7.1632795333862305,-7.010919094085693,-6.8409295082092285,-5.9801506996154785,-4.712550163269043,-5.365051746368408,-5.747339248657227,-4.824202060699463,-4.773139953613281,-4.453010082244873,-3.8291938304901123,-3.531642436981201,-3.461620330810547,-3.67830753326416,-3.9198391437530518,-3.5819005966186523,-2.875951051712036,-2.4655702114105225,-2.515427589416504,-2.252084970474243,-1.787934422492981,-1.7853704690933228,-2.7389004230499268,-2.4965462684631348,-2.176680326461792,-3.114344596862793,-3.761286735534668,-4.390095233917236,-5.01075553894043,-6.030104637145996,-6.324707508087158,-6.227441310882568,-6.291967391967773,-6.054956912994385,-7.713596343994141,-10.261012077331543,-11.395063400268555,-11.400969505310059
-8.968643188476562,-9.545795440673828,-9.209985733032227,-8.27529239654541,-7.577840805053711,-6.77327823638916,-6.267259120941162,-5.70130729675293,-4.978212833404541,-4.776601791381836,-5.6394524574279785,-5.918800354003906,-4.687079906463623,-4.479987144470215,-4.3620171546936035,-3.1987502574920654,-2.717078685760498,-2.2120859622955322,-2.6279494762420654,-3.064950466156006,-2.894443988800049,-2.7605643272399902,-1.8665169477462769,-1.0022436380386353,-0.854155421257019,-0.9509089589118958,-0.9654135704040527,-1.9559160470962524,-1.8482850790023804,-1.7201488018035889,-3.264659881591797,-2.8509700298309326,-2.875760793685913,-3.999959945678711,-4.322443008422852,-4.241828918457031,-2.6208930015563965,-0.6420103311538696,-1.243360996246338,-3.1457347869873047,-4.37321138381958,-9.899785041809082,-12.180119514465332
-8.661693572998047,-8.642163276672363,-8.306981086730957,-7.459639549255371,-6.594539165496826,-5.805202484130859,-5.107582092285156,-4.594114303588867,-5.21235990524292,-5.769372463226318,-5.848143100738525,-6.1883440017700195,-5.002439975738525,-4.189579963684082,-3.943568706512451,-2.5743961334228516,-2.5221188068389893,-1.449477195739746,-1.2041865587234497,-1.976402759552002,-1.7705384492874146,-1.8563169240951538,-1.459731101989746,-0.7182358503341675,-0.26635050773620605,-0.24290387332439423,-0.09397399425506592,-0.2741568088531494,-0.5592392683029175,-1.4992291927337646,-2.202448844909668,-1.736689805984497,-1.803716778755188,-2.317110538482666,-2.8886878490448,-2.6732661724090576,-1.9479867219924927,-1.5519827604293823,-2.4638547897338867,-3.559138059616089,-3.2545721530914307,-5.529164791107178,-12.512449264526367
-8.213117599487305,-7.373094081878662,-6.434762477874756,-6.629993915557861,-7.018921375274658,-6.5830607414245605,-5.570217609405518,-5.077118396759033,-5.760062217712402,-5.790509223937988,-5.479268550872803,-5.628616809844971,-4.960054874420166,-4.371379852294922,-3.805586338043213,-2.6575257778167725,-2.6981120109558105,-2.0155205726623535,-1.0312013626098633,-1.1731939315795898,-1.2183301448822021,-1.1552188396453857,-0.9040216207504272,-0.5322299003601074,-0.012937312945723534,0.3187585473060608,0.5570802688598633,0.35059741139411926,0.1820654720067978,0.3077569901943207,-0.47048839926719666,-1.055896282196045,-1.1405092477798462,-1.4624055624008179,-1.9946751594543457,-3.442648410797119,-3.70621919631958,-2.667663812637329,-1.4355579614639282,-1.619663953781128,-2.9956109523773193,-6.00413703918457,-12.587349891662598
-7.983912467956543,-6.955408096313477,-6.584822177886963,-7.3594231605529785,-7.725609302520752,-7.448693752288818,-6.490664005279541,-6.119748115539551,-6.290782928466797,-6.1635236740112305,-5.377181053161621,-4.527320384979248,-3.9367175102233887,-3.449913740158081,-3.5672507286071777,-3.326662540435791,-2.55875825881958,-2.2384400367736816,-1.913322925567627,-1.4658515453338623,-0.990298867225647,-0.7695982456207275,-0.5581705570220947,0.16219757497310638,0.8705973029136658,1.2906783819198608,1.3638237714767456,0.6671189069747925,0.2508116364479065,1.0435409545898438,0.6853970885276794,-0.23672683537006378,-1.0898338556289673,-0.2901739180088043,-0.8851218819618225,-4.604220390319824,-4.34869384765625,-3.106809377670288,-1.7131632566452026,-0.18087665736675262,-3.082576274871826,-4.7210612297058105,-7.280607223510742
-8.303872108459473,-7.582523345947266,-7.493223190307617,-7.525537967681885,-7.449487686157227,-7.519547462463379,-6.578126907348633,-5.616085052490234,-5.650230407714844,-6.058977127075195,-5.692850589752197,-4.648825168609619,-3.5231785774230957,-2.5744335651397705,-2.716282844543457,-2.723830223083496,-1.8622459173202515,-0.44728952646255493,-0.5420605540275574,-1.2142695188522339,-0.5513357520103455,0.038293417543172836,0.4056168496608734,0.934366762638092,1.863937258720398,2.48720645904541,2.203903913497925,1.4129434823989868,0.623565673828125,0.8482770919799805,0.44281357526779175,-0.013086620718240738,-0.6930281519889832,-0.7159861922264099,-0.8129851818084717,-3.005666732788086,-3.6733484268188477,-3.382216215133667,-2.916266441345215,-0.9255064129829407,-1.2266708612442017,-4.267930507659912,-5.687347888946533
-7.9515380859375,-7.340351104736328,-6.599074363708496,-7.196034908294678,-7.559568881988525,-7.1168012619018555,-6.627744674682617,-5.933040142059326,-5.2469377517700195,-5.4069318771362305,-4.857143402099609,-4.302165985107422,-3.836874485015869,-2.527714490890503,-2.3191120624542236,-2.255408525466919,-1.9063585996627808,-0.6276891231536865,0.260979562997818,-0.11011746525764465,0.29467469453811646,0.9187938570976257,1.5752015113830566,1.8485043048858643,2.495128870010376,3.257206916809082,2.8445425033569336,2.2339460849761963,1.5295363664627075,0.950873613357544,-0.05975175276398659,-0.4044601321220398,-0.8093256950378418,-1.0219314098358154,-1.7651199102401733,-2.739063024520874,-2.8060574531555176,-3.9986965656280518,-3.7552051544189453,-2.484402894973755,-2.3115949630737305,-4.109409809112549,-4.890496253967285
-7.6811747550964355,-7.185560703277588,-6.654287338256836,-7.362051010131836,-7.142507553100586,-5.777863502502441,-6.311098575592041,-6.947775840759277,-5.801522254943848,-4.9386420249938965,-4.0007853507995605,-3.5735409259796143,-3.51672625541687,-2.978564739227295,-2.322096824645996,-1.7162524461746216,-1.1392971277236938,-0.4240376353263855,0.33982884883880615,0.5267632603645325,0.939357578754425,1.6703451871871948,2.3949060440063477,2.673675537109375,2.9275264739990234,3.513392448425293,3.3852131366729736,2.6586174964904785,2.016998529434204,1.3656538724899292,0.7598247528076172,0.13757899403572083,-0.521499514579773,-0.7248458862304688,-2.6162893772125244,-3.0022919178009033,-4.335685729980469,-5.591799736022949,-3.7659788131713867,-1.148348093032837,-1.0801736116409302,-3.8466591835021973,-4.978244304656982
-8.1146240234375,-7.393360614776611,-7.242410182952881,-7.708230972290039,-6.664783954620361,-5.302191734313965,-6.502315044403076,-7.383217811584473,-5.8952131271362305,-4.624943733215332,-3.9247429370880127,-3.065458297729492,-2.3553922176361084,-2.3916966915130615,-1.8830918073654175,-0.869673490524292,0.05120518431067467,0.650754451751709,0.6995658874511719,0.984074592590332,1.7211437225341797,2.6169140338897705,3.3550987243652344,3.7260525226593018,3.620828866958618,3.3969905376434326,3.150257110595703,2.6476969718933105,2.0623576641082764,1.4005444049835205,1.05690598487854,0.543228805065155,0.26039695739746094,-0.21229933202266693,-1.7471030950546265,-2.641169548034668,-5.4485392570495605,-9.049854278564453,-5.205650329589844,-1.2426416873931885,-1.8731598854064941,-4.5626935958862305,-4.979877948760986
-8.490403175354004,-7.324709415435791,-7.694231986999512,-8.09974479675293,-6.700331687927246,-6.73293399810791,-7.039493083953857,-5.959699630737305,-5.128471374511719,-4.246715545654297,-3.833285093307495,-2.7876229286193848,-1.6601438522338867,-1.6683638095855713,-1.0334373712539673,-0.038446128368377686,0.8327039480209351,1.529848337173462,1.9584381580352783,2.006741762161255,2.4290220737457275,3.3712825775146484,3.987865924835205,4.254551410675049,4.167057037353516,3.7621030807495117,3.239074945449829,2.4844586849212646,1.7907301187515259,1.1515930891036987,1.098797082901001,0.8441558480262756,1.0195915699005127,0.677260160446167,-2.3635568618774414,-3.6621835231781006,-3.7979159355163574,-7.1657514572143555,-6.463817596435547,-3.355743646621704,-2.4081015586853027,-4.1029372215271,-4.916468620300293
-9.296512603759766,-8.715359687805176,-8.772317886352539,-8.540115356445312,-7.659197807312012,-7.334471225738525,-6.289090156555176,-5.047211170196533,-4.316240310668945,-4.175363063812256,-4.0286359786987305,-2.4867258071899414,-2.091489315032959,-1.709494948387146,-0.42498236894607544,0.7354336977005005,1.9107892513275146,2.3200676441192627,2.9766480922698975,2.6634654998779297,2.609485387802124,3.5844380855560303,4.2048773765563965,4.421065807342529,4.548160552978516,4.568511962890625,4.131115913391113,3.1149330139160156,2.014141321182251,1.2347356081008911,1.152395486831665,1.2984250783920288,1.54243803024292,1.906280755996704,-0.6615360975265503,-2.840083599090576,-2.9003562927246094,-4.033313274383545,-6.043299198150635,-4.4927287101745605,-3.877314329147339,-4.749177932739258,-5.831092834472656
-10.031737327575684,-9.422307014465332,-8.471022605895996,-7.678414821624756,-6.952512741088867,-6.085946083068848,-5.725625038146973,-5.532246112823486,-4.8328447341918945,-4.969944953918457,-4.732514381408691,-3.4501094818115234,-2.684762954711914,-1.1700756549835205,-0.2608027756214142,0.6735724210739136,2.0208442211151123,2.782114267349243,3.5845139026641846,3.148794412612915,2.8625590801239014,3.368191957473755,3.9332244396209717,4.217153072357178,4.477874755859375,4.872828483581543,5.077338218688965,4.449825763702393,3.1201298236846924,1.9867974519729614,1.7496895790100098,2.175173044204712,2.5233044624328613,2.1705803871154785,-2.0873935222625732,-5.872527122497559,-3.9668962955474854,-0.8993667960166931,-2.9657843112945557,-4.3651580810546875,-5.466297626495361,-6.751344203948975,-6.588835716247559
-9.052364349365234,-7.957736968994141,-6.944100856781006,-6.558852195739746,-6.309260368347168,-5.701971530914307,-4.62114953994751,-4.6601433753967285,-4.437607765197754,-3.974855899810791,-3.793037176132202,-3.4950668811798096,-2.47263240814209,-0.8431267738342285,-0.1771238148212433,0.608776867389679,1.8786382675170898,3.0514044761657715,3.8129494190216064,4.162772178649902,3.9785242080688477,3.6891376972198486,3.7099289894104004,3.7512080669403076,3.90211820602417,4.484967231750488,5.300902843475342,5.5492119789123535,4.4435343742370605,2.721048355102539,1.968352198600769,2.6788907051086426,2.8925232887268066,0.4522711932659149,-3.3776259422302246,-6.445137023925781,-6.097753524780273,-3.803241491317749,-4.8672895431518555,-6.271862030029297,-7.272315979003906,-8.902876853942871,-8.902833938598633
-8.912375450134277,-8.275753021240234,-7.207512378692627,-6.989606857299805,-6.752356052398682,-5.934095859527588,-5.079960823059082,-4.883054733276367,-3.7720491886138916,-2.8045904636383057,-2.6668527126312256,-2.739797353744507,-2.441683292388916,-1.019933819770813,0.23682674765586853,1.355342984199524,2.2899904251098633,3.1381256580352783,4.12218713760376,4.808413982391357,4.985873222351074,4.745459079742432,4.365517616271973,3.689154863357544,3.350877523422241,3.9330673217773438,4.757463455200195,5.3448991775512695,5.419094562530518,4.171814918518066,2.638242244720459,2.2668561935424805,1.740648865699768,-1.2649396657943726,-3.920301675796509,-7.825546741485596,-6.840503692626953,-2.669391393661499,-1.8948912620544434,-4.087553024291992,-5.291229724884033,-7.787640571594238,-8.275064468383789
