data/wind_data/wind_12_6.json
{"header": {"parameterUnit": "KT", "parameterCategory": 2, "nx": 256, "ny": 198, "lo1": 44.73521041870117, "la1": -3.236724853515625, "lo2": 111.26478576660156, "la2": 43.468475341796875, "dx": 0.2609002888202667, "dy": -0.23708222806453705, "refTime": "2025-02-19 12:00:00", "forecastTime": 0, "parameterNumber": 2, "parameterNumberName": "eastward_wind"}, "data":
[rows 100 to 119 of 198, columns 176 to 219 of 256]
67.4744873046875,67.65727996826172,67.40896606445312,66.92922973632812,66.88951110839844,67.54419708251953,68.40554809570312,69.67305755615234,71.26226043701172,72.85407257080078,75.27674865722656,76.2610855102539,74.80985260009766,73.74087524414062,72.34194946289062,70.31947326660156,70.4939193725586,72.0567626953125,72.6731185913086,72.3128433227539,71.77162170410156,71.48967742919922,71.29752349853516,71.4328842163086,71.909423828125,72.0882568359375,72.2168960571289,73.2379379272461,74.75379180908203,75.08699798583984,73.392822265625,71.05701446533203,70.41959381103516,72.39599609375,75.27134704589844,76.4422378540039,74.9480972290039,72.75456237792969,70.750244140625,68.26155090332031,66.9389419555664,68.47272491455078,70.76632690429688,71.3023910522461
67.37494659423828,68.5888900756836,68.28733825683594,67.18235778808594,66.71292877197266,67.16368865966797,68.02552795410156,69.2203598022461,70.44702911376953,71.94482421875,74.42073822021484,76.15807342529297,75.70179748535156,74.26964569091797,72.74085998535156,71.1070556640625,70.34530639648438,70.84164428710938,71.84014892578125,72.5809097290039,72.83866119384766,72.73361206054688,72.40229797363281,72.44420623779297,73.05842590332031,73.42000579833984,73.41645812988281,73.7416763305664,74.50507354736328,74.83407592773438,74.16492462158203,72.48211669921875,71.10794830322266,71.8067398071289,74.29084777832031,76.10301208496094,75.86682891845703,74.73394775390625,73.27850341796875,70.73784637451172,67.9915542602539,68.00989532470703,70.65068054199219,72.06346893310547
66.37279510498047,67.85774230957031,68.83476257324219,68.3813705444336,67.62895202636719,67.31802368164062,67.52323150634766,68.29544067382812,69.16986083984375,70.13273620605469,71.60981750488281,73.8719711303711,75.22097778320312,74.19114685058594,72.32831573486328,71.2369613647461,70.68475341796875,70.739501953125,71.6024169921875,72.51239776611328,73.13985443115234,73.4906005859375,73.50204467773438,73.63179779052734,74.14677429199219,74.59526062011719,74.80015563964844,74.87147521972656,75.04608917236328,75.16654968261719,74.9578628540039,74.03919982910156,72.739013671875,72.4198226928711,73.6253890991211,75.38776397705078,76.47613525390625,76.3825912475586,75.35469818115234,73.46125793457031,70.58232116699219,69.05559539794922,70.55785369873047,72.10409545898438
67.50537109375,67.385009765625,67.9457778930664,68.67829132080078,69.03569030761719,68.83279418945312,68.39029693603516,68.20341491699219,68.27580261230469,68.57135009765625,68.5738296508789,70.26227569580078,73.0916976928711,72.89717864990234,70.8948745727539,69.8381576538086,69.84469604492188,70.32369995117188,71.13790893554688,71.81169128417969,72.33502197265625,72.7376480102539,72.90065002441406,73.64578247070312,74.94415283203125,75.7007827758789,75.85477447509766,75.77172088623047,75.69806671142578,75.90360260009766,76.14898681640625,75.60355377197266,74.26869201660156,73.29181671142578,73.70962524414062,75.2481918334961,76.9258804321289,77.62631225585938,76.95699310302734,75.43487548828125,73.196044921875,71.30826568603516,71.21694946289062,71.62615966796875
68.84288787841797,68.63743591308594,67.96788787841797,68.35188293457031,69.58120727539062,70.52082824707031,70.55042266845703,69.79045104980469,68.83041381835938,68.13540649414062,66.90254974365234,67.01349639892578,70.25975799560547,71.4554214477539,69.39464569091797,67.32205200195312,66.56011962890625,67.52076721191406,70.22453308105469,72.81999969482422,74.3513412475586,75.08032989501953,75.12381744384766,75.44526672363281,76.2669448852539,76.79891204833984,76.80606079101562,76.51531219482422,76.24845123291016,76.53303527832031,77.22103881835938,76.91426849365234,75.428466796875,74.21578979492188,74.3601303100586,75.33977508544922,76.86971282958984,78.41795349121094,78.35916137695312,76.72566986083984,74.96760559082031,73.58573150634766,72.4039306640625,71.40606689453125
67.61309051513672,69.03861999511719,69.19112396240234,69.3668212890625,70.51165771484375,72.11698913574219,73.20746612548828,73.1018295288086,72.22058868408203,71.13418579101562,69.33671569824219,67.79011535644531,69.51591491699219,71.41446685791016,70.54207611083984,68.99922180175781,68.34051513671875,69.25621032714844,72.01139831542969,74.97667694091797,76.57255554199219,76.97017669677734,77.14141845703125,77.67405700683594,78.33509063720703,78.5744400024414,78.13702392578125,77.42305755615234,76.86820983886719,77.02342987060547,77.9917221069336,78.09744262695312,76.50047302246094,74.76835632324219,74.42322540283203,74.85222625732422,76.25542449951172,78.65534210205078,79.25566864013672,77.5922622680664,76.10294342041016,75.16880798339844,73.54405212402344,72.0959701538086
66.70856475830078,68.30491638183594,69.59441375732422,70.25407409667969,71.3249282836914,73.03533935546875,74.64236450195312,75.45530700683594,75.67464447021484,75.80109405517578,75.1187744140625,72.77418518066406,72.06104278564453,73.41236877441406,72.89803314208984,72.0393295288086,72.44478607177734,73.4882583618164,75.36345672607422,77.40135955810547,77.6778564453125,76.61134338378906,76.36739349365234,77.27165222167969,78.480712890625,79.32291412353516,79.16805267333984,78.42597961425781,77.76190948486328,77.65570831298828,78.63614654541016,79.07588195800781,77.44678497314453,75.11075592041016,74.25041961669922,74.41728973388672,75.57272338867188,78.09122467041016,79.2418441772461,78.23277282714844,77.07183074951172,76.01081085205078,74.61177062988281,73.55386352539062
67.42359924316406,68.05770874023438,69.3851089477539,70.37117004394531,71.2067642211914,72.61417388916016,74.25613403320312,75.40718078613281,75.97212219238281,76.35408020019531,76.25896453857422,74.41886901855469,72.59870147705078,73.24898529052734,74.21015167236328,75.03377532958984,75.41837310791016,74.4623031616211,73.79210662841797,75.0130615234375,76.11973571777344,75.71066284179688,75.52577209472656,76.45378112792969,77.91585540771484,79.24148559570312,79.476318359375,78.90814971923828,78.49977111816406,78.68054962158203,79.39251708984375,79.40937805175781,77.8433609008789,75.70384216308594,74.54904174804688,74.25782775878906,74.81128692626953,76.677001953125,78.53392791748047,78.89519500732422,77.78962707519531,76.08859252929688,75.12289428710938,74.80027770996094
68.08271789550781,67.86168670654297,68.72860717773438,70.26013946533203,71.4366226196289,72.35693359375,73.5835952758789,75.02194213867188,76.19078063964844,76.54553985595703,75.92813873291016,74.6383285522461,73.6169204711914,75.19172668457031,78.50578308105469,79.86604309082031,78.31500244140625,75.31736755371094,73.26839447021484,73.76569366455078,74.88957214355469,74.69807434082031,74.58562469482422,75.86907958984375,77.61788177490234,78.94893646240234,79.35029602050781,78.97980499267578,79.1193618774414,79.73686981201172,79.98319244384766,79.34818267822266,78.00474548339844,76.62165832519531,75.5033950805664,74.56307220458984,74.126953125,75.54190826416016,78.31979370117188,79.56275177001953,78.05670166015625,76.05999755859375,75.51863098144531,75.46804809570312
68.6119384765625,68.27778625488281,68.56613159179688,70.10099029541016,72.20404815673828,73.48910522460938,73.99907684326172,74.87848663330078,76.40315246582031,77.51886749267578,77.6957015991211,77.7150650024414,78.3302230834961,79.4676513671875,81.3197250366211,82.35238647460938,79.65223693847656,74.98361206054688,72.14476776123047,72.8193588256836,74.80802917480469,74.84149169921875,74.08393859863281,75.02327728271484,76.83745574951172,78.36832427978516,79.24217224121094,79.23821258544922,79.58307647705078,80.22543334960938,80.15574645996094,79.5439224243164,78.77748107910156,77.92707061767578,76.89354705810547,75.42547607421875,74.11582946777344,75.28057861328125,77.95472717285156,78.87373352050781,77.79660034179688,76.65242767333984,76.03047180175781,75.72874450683594
69.68155670166016,69.54954528808594,69.45036315917969,70.30862426757812,72.46936798095703,74.49319458007812,75.0297622680664,75.1864013671875,76.40596771240234,77.90485382080078,78.69320678710938,79.14955139160156,79.72657012939453,79.65450286865234,79.81741333007812,80.81766510009766,78.64519500732422,73.97400665283203,71.13062286376953,71.81231689453125,74.08793640136719,74.88818359375,74.35590362548828,74.62625122070312,75.8413314819336,77.59760284423828,79.13529205322266,79.51155090332031,79.64045715332031,80.15091705322266,80.10714721679688,79.82892608642578,79.65862274169922,79.11644744873047,78.1745834350586,76.5439453125,74.83074188232422,75.22499084472656,76.87462615966797,77.7879867553711,77.8688735961914,77.44730377197266,76.59564208984375,76.09809875488281
70.8983154296875,70.96636962890625,70.72293853759766,70.87715148925781,72.37408447265625,74.51519012451172,75.57292938232422,75.96696472167969,77.00492095947266,78.30477142333984,79.01207733154297,79.28369903564453,79.28142547607422,78.45380401611328,78.19585418701172,78.33650207519531,75.9388427734375,72.75324249267578,71.2628173828125,71.57113647460938,72.7703628540039,73.73265075683594,74.12520599365234,74.3758316040039,75.07107543945312,76.734130859375,78.768310546875,79.64134979248047,79.62800598144531,79.96333312988281,79.86580657958984,79.77651977539062,80.26599884033203,80.11962127685547,79.34830474853516,77.89603424072266,76.4427261352539,75.94903564453125,76.36784362792969,77.68856048583984,78.42595672607422,77.9020004272461,77.0010986328125,76.8750991821289
72.45616149902344,72.70063781738281,72.6018295288086,72.35939025878906,72.89107513427734,74.50299835205078,75.8875732421875,76.53996276855469,77.12003326416016,77.67526245117188,78.03511047363281,78.12846374511719,77.73666381835938,76.876220703125,76.7190933227539,76.17720031738281,73.60208129882812,71.60330963134766,71.08001708984375,71.23509979248047,71.84033203125,72.69383239746094,73.53469848632812,74.01774597167969,74.5565185546875,75.90251922607422,77.900390625,79.2542953491211,79.57746124267578,79.73758697509766,79.34016418457031,79.5287857055664,80.53903198242188,80.8748779296875,80.38191223144531,79.92809295654297,78.47362518310547,76.81416320800781,76.67194366455078,77.76061248779297,78.24561309814453,77.96835327148438,77.65161895751953,77.95515441894531
74.93907165527344,75.30317687988281,75.15071105957031,74.69071197509766,74.66560363769531,75.36006164550781,76.02984619140625,76.0859375,75.79764556884766,75.47334289550781,75.4531021118164,75.62337493896484,75.60848999023438,75.36833953857422,75.49855041503906,75.1943359375,73.16636657714844,71.0475082397461,70.33111572265625,70.72074890136719,71.55485534667969,72.41754913330078,73.16990661621094,73.87482452392578,74.71060943603516,75.82422637939453,77.10537719726562,78.27587890625,78.88530731201172,78.86335754394531,78.49817657470703,79.43231201171875,80.92008209228516,81.51698303222656,81.40567016601562,81.39669036865234,79.72039031982422,77.71942901611328,76.93510437011719,78.10114288330078,79.21013641357422,78.4090576171875,77.8346939086914,78.6688232421875
77.21534729003906,77.71175384521484,77.44326782226562,76.68096160888672,76.473876953125,76.75001525878906,76.08271026611328,74.70524597167969,73.73871612548828,73.02449035644531,72.57749938964844,72.96735382080078,73.88764190673828,74.51935577392578,74.61367797851562,74.36905670166016,73.24364471435547,70.97330474853516,69.260009765625,69.30231475830078,70.42083740234375,71.51700592041016,72.3442611694336,73.56596374511719,74.92405700683594,75.56396484375,75.91637420654297,77.0977783203125,78.43618774414062,78.6614990234375,78.0724868774414,79.10255432128906,80.73220825195312,81.56916809082031,82.03379821777344,81.85040283203125,79.59432983398438,77.9479751586914,78.07974243164062,79.37384033203125,79.752197265625,78.1583251953125,77.7232666015625,79.4362564086914
78.0914077758789,78.60169219970703,78.33150482177734,77.44229888916016,76.70191955566406,76.44476318359375,75.4021224975586,73.54679107666016,72.25051879882812,71.56549835205078,70.87825775146484,70.45317840576172,71.33744812011719,73.1719970703125,74.01715850830078,73.66315460205078,72.32089233398438,70.20053100585938,68.99524688720703,68.35453796386719,67.93399047851562,68.46895599365234,70.08463287353516,72.8959732055664,74.65645599365234,74.48751068115234,75.02115631103516,76.44815063476562,77.85842895507812,78.5293197631836,77.98478698730469,78.42073059082031,79.9617691040039,81.28508758544922,82.31549835205078,81.45608520507812,78.64078521728516,77.96544647216797,79.799072265625,81.18443298339844,80.2767333984375,78.12010955810547,78.10841369628906,80.0569839477539
78.25101470947266,78.45405578613281,77.99605560302734,76.78834533691406,75.34484100341797,74.30692291259766,73.1805419921875,71.66886138916016,70.60580444335938,70.17178344726562,69.41246032714844,68.2629623413086,68.42884826660156,70.57149505615234,72.48722076416016,72.47583770751953,70.9627914428711,68.34892272949219,65.979248046875,65.40348052978516,65.61566162109375,66.0065689086914,67.4924087524414,70.78611755371094,72.9642333984375,73.1275405883789,73.82200622558594,75.92426300048828,77.59774017333984,78.41123962402344,77.57929992675781,77.32180786132812,79.03520202636719,80.94905853271484,82.02808380126953,80.76766204833984,78.22843933105469,79.12996673583984,81.88441467285156,82.47730255126953,80.37629699707031,78.6211929321289,78.64598846435547,80.56241607666016
78.17326354980469,77.7468490600586,76.70951080322266,74.935302734375,72.81388854980469,71.11784362792969,70.09451293945312,69.19248962402344,68.40275573730469,67.82001495361328,66.8302001953125,65.56228637695312,65.38203430175781,66.86752319335938,69.06763458251953,70.17684936523438,69.0469741821289,65.46726989746094,62.10867691040039,61.4164924621582,62.127376556396484,63.20859146118164,65.23709869384766,68.41497039794922,70.67276763916016,70.98664093017578,71.78325653076172,74.71965789794922,77.34734344482422,78.1765365600586,77.13262939453125,76.31714630126953,77.85204315185547,80.28922271728516,81.46340942382812,79.97723388671875,77.9143295288086,80.33102416992188,83.91022491455078,83.61272430419922,80.75284576416016,79.09227752685547,79.27628326416016,81.21918487548828
77.35820007324219,76.21722412109375,74.40813446044922,71.98894500732422,69.59133911132812,67.93763732910156,67.26270294189453,66.8541259765625,65.97596740722656,64.7446060180664,63.488670349121094,62.45363998413086,62.11123275756836,62.97772216796875,64.94342041015625,66.88455200195312,66.95458984375,64.0090103149414,60.10852813720703,58.241600036621094,58.36348342895508,59.696537017822266,61.85986328125,64.51118469238281,66.67386627197266,67.59333801269531,68.73072814941406,72.27799987792969,75.86261749267578,77.44298553466797,77.302490234375,76.5277099609375,77.18792724609375,79.67549896240234,80.72399139404297,78.9009017944336,77.68399810791016,80.72974395751953,84.63692474365234,84.6078109741211,81.76858520507812,80.18792724609375,80.53077697753906,82.12109375
75.976318359375,73.98857879638672,71.48934936523438,68.95852661132812,66.84150695800781,65.66352081298828,65.27737426757812,64.69232177734375,63.51594161987305,62.076541900634766,60.63692855834961,59.685089111328125,59.366058349609375,59.75118637084961,61.06776809692383,62.894012451171875,64.50370025634766,63.573219299316406,59.99217987060547,57.100128173828125,55.82891845703125,56.664615631103516,58.82896041870117,60.87009811401367,62.18153762817383,62.95243453979492,64.701416015625,69.31856536865234,72.8830337524414,75.61168670654297,78.01365661621094,77.56903076171875,76.60423278808594,78.45828247070312,79.74571990966797,78.95128631591797,78.42056274414062,80.23971557617188,83.93960571289062,84.78693389892578,82.14864349365234,80.9732437133789,81.88333129882812,83.63459014892578
