data/wind_data/wind_71_8.json
{"header": {"parameterUnit": "KT", "parameterCategory": 2, "nx": 256, "ny": 198, "lo1": 44.73521041870117, "la1": -3.236724853515625, "lo2": 111.26478576660156, "la2": 43.468475341796875, "dx": 0.2609002888202667, "dy": -0.23708222806453705, "refTime": "2025-02-21 23:00:00", "forecastTime": 0, "parameterNumber": 2, "parameterNumberName": "eastward_wind"}, "data":
[rows 0 to 18 of 198, columns 176 to 219 of 256]
23.52672004699707,24.659879684448242,25.363733291625977,26.27825927734375,28.695680618286133,30.678274154663086,30.05246925354004,29.11180877685547,29.181806564331055,28.91449737548828,27.56314468383789,27.506271362304688,29.683650970458984,30.07642936706543,28.064149856567383,27.93766975402832,29.72048568725586,31.142356872558594,32.342041015625,33.80607986450195,35.140174865722656,34.48760223388672,33.19708251953125,34.297996520996094,35.7993049621582,35.33842849731445,34.34502410888672,33.40348815917969,33.14278793334961,34.565673828125,35.479549407958984,34.79670333862305,34.5264892578125,35.206966400146484,35.41300964355469,34.97795867919922,34.47345733642578,33.92642593383789,33.71821594238281,33.82614517211914,34.31538009643555,35.045005798339844,35.420326232910156,35.722782135009766
23.744983673095703,24.740222930908203,25.469871520996094,25.697660446166992,26.623958587646484,27.744897842407227,27.992507934570312,27.984943389892578,28.579526901245117,29.027938842773438,28.15678596496582,27.641231536865234,28.639625549316406,28.83284568786621,26.98225212097168,25.89426612854004,27.332448959350586,29.3349666595459,30.166629791259766,31.269123077392578,33.64424133300781,33.9471435546875,32.189353942871094,32.43843078613281,33.999332427978516,33.726627349853516,32.282752990722656,31.523529052734375,31.90004539489746,33.57292175292969,34.671226501464844,33.7239990234375,32.628379821777344,32.915313720703125,33.37820816040039,33.1516227722168,32.71253204345703,32.25638961791992,31.94757652282715,31.549375534057617,32.11543273925781,34.21120071411133,35.756629943847656,36.513267517089844
22.11232566833496,22.606212615966797,23.100446701049805,22.94588851928711,22.449522018432617,22.158498764038086,22.542287826538086,23.09129524230957,23.49402618408203,23.849506378173828,23.99139976501465,23.96605682373047,24.196151733398438,24.407512664794922,23.81635093688965,23.096193313598633,23.60467529296875,25.123634338378906,26.15744400024414,26.573955535888672,27.318634033203125,27.640071868896484,27.718992233276367,28.387535095214844,28.9168643951416,28.514726638793945,27.659648895263672,27.319826126098633,27.95447540283203,29.021329879760742,29.71337890625,30.186416625976562,30.295467376708984,30.13433837890625,29.69502830505371,28.894418716430664,28.37331771850586,28.017072677612305,27.81247329711914,28.06192970275879,28.928504943847656,30.038881301879883,30.791759490966797,31.36768913269043
11.075302124023438,10.804034233093262,10.850323677062988,11.075304985046387,10.433479309082031,8.723845481872559,8.542205810546875,9.769109725952148,10.488612174987793,10.384167671203613,11.192293167114258,11.976585388183594,12.692968368530273,13.592376708984375,13.580706596374512,12.794401168823242,11.475713729858398,11.14297103881836,11.391546249389648,11.061676979064941,11.467525482177734,12.503456115722656,14.064401626586914,14.939387321472168,14.11074447631836,13.177292823791504,12.894535064697266,12.960226058959961,13.44316291809082,14.034089088439941,14.576648712158203,15.944591522216797,17.14743995666504,17.56396484375,17.682559967041016,17.220230102539062,16.76467514038086,15.884604454040527,13.877628326416016,12.550601959228516,13.191451072692871,13.623266220092773,13.748669624328613,14.5446195602417
-7.84891939163208,-8.188957214355469,-7.916660785675049,-6.136801242828369,-5.869807720184326,-7.4152445793151855,-6.392446041107178,-3.752959966659546,-3.2053258419036865,-4.204110622406006,-2.882080078125,-1.2687442302703857,0.5575106739997864,1.6393296718597412,1.9090877771377563,1.990926742553711,-2.359734058380127,-6.6544671058654785,-6.912240982055664,-5.716883659362793,-4.918447494506836,-5.098226547241211,-4.29583215713501,-4.381735324859619,-6.690206527709961,-6.496527194976807,-4.4082841873168945,-3.892043352127075,-4.305342674255371,-5.0415215492248535,-6.4698567390441895,-8.106100082397461,-8.314858436584473,-7.783943176269531,-6.393306732177734,-3.7711527347564697,-1.2592962980270386,-2.562854766845703,-6.8196282386779785,-7.101631164550781,-4.488783836364746,-4.184347629547119,-6.141805648803711,-7.640697479248047
-1.9364347457885742,-0.852541983127594,-1.1463050842285156,0.6294220089912415,3.6472132205963135,2.548201084136963,1.4826607704162598,2.184007167816162,3.245018482208252,3.405679941177368,1.9761645793914795,2.4284827709198,5.089153289794922,7.899397373199463,8.366373062133789,6.203558921813965,3.0217843055725098,0.10369477421045303,-0.10969315469264984,1.2950968742370605,0.0022326111793518066,-2.585294246673584,-1.9888767004013062,-0.05295838788151741,0.704807698726654,0.16153354942798615,0.35260024666786194,1.2268457412719727,3.3343865871429443,4.982159614562988,7.079962253570557,8.465916633605957,8.869020462036133,8.553407669067383,8.734221458435059,10.552952766418457,10.013673782348633,6.1746416091918945,2.8574001789093018,3.257084369659424,6.2875285148620605,8.233245849609375,7.122995853424072,5.630532741546631
-3.3487517833709717,-1.4048157930374146,-1.734656572341919,-1.6356189250946045,0.7759678959846497,-0.8322047591209412,-3.0545732975006104,-1.267875075340271,1.0623902082443237,-1.087154507637024,-3.079129457473755,-0.9587997794151306,2.39193058013916,5.767405986785889,4.552840709686279,0.10212316364049911,-3.677785634994507,-5.9713053703308105,-5.056455612182617,-2.2735989093780518,-4.567188262939453,-7.898744583129883,-7.125822067260742,-5.428924083709717,-4.925377368927002,-5.0790205001831055,-4.696398735046387,-3.4004151821136475,-0.8750552535057068,1.5892568826675415,3.3615894317626953,3.527139663696289,3.028487205505371,4.006053447723389,6.561093807220459,7.457214832305908,2.113093852996826,-4.833053112030029,-6.034992218017578,-2.6081221103668213,0.18246148526668549,-1.6403276920318604,-3.5301313400268555,-2.7013778686523438
1.8755145072937012,1.5084611177444458,-0.3810187876224518,-1.1947561502456665,1.305423617362976,1.2741823196411133,-1.7770864963531494,0.16579703986644745,2.9125068187713623,-0.1743062436580658,-1.3044625520706177,2.6465494632720947,6.331145286560059,6.844863414764404,3.7057394981384277,0.225616917014122,-2.909043312072754,-5.3602399826049805,-3.2895569801330566,-0.6921586394309998,-2.285520553588867,-3.482262134552002,-1.8888554573059082,-0.3605429232120514,-0.9346591830253601,-1.426590919494629,-1.4850293397903442,-0.6383208632469177,1.7711288928985596,4.422947883605957,5.246805191040039,4.402676105499268,4.002256870269775,4.8170976638793945,5.929376602172852,4.400832653045654,-0.11449090391397476,-2.9118220806121826,-1.7222334146499634,3.9582676887512207,5.811838150024414,2.2924115657806396,-0.5903059840202332,-0.08098620921373367
0.5565129518508911,-2.470794200897217,-4.156701564788818,-4.348794937133789,-2.8575074672698975,-2.0366384983062744,-3.2790040969848633,-1.343651533126831,-0.16016118228435516,-1.9361929893493652,-0.8936919569969177,2.659605026245117,3.25976300239563,0.5040444135665894,-2.160273790359497,-4.148410797119141,-7.334383010864258,-7.968177318572998,-4.884307861328125,-2.4794838428497314,-1.23418390750885,-1.3760392665863037,-2.1163880825042725,-1.931064248085022,-1.2122480869293213,-1.4176632165908813,-2.266622304916382,-1.6277629137039185,-0.09052638709545135,0.9341293573379517,0.7136349081993103,-0.41705575585365295,-1.4178944826126099,-1.6202784776687622,-2.256986618041992,-4.5971856117248535,-7.097232818603516,-5.751509189605713,-0.706802248954773,5.12569522857666,3.087360143661499,-0.48603445291519165,-1.592427134513855,-0.6830053329467773
0.35586678981781006,-2.2963969707489014,-2.878067970275879,-1.327093482017517,-0.5442097783088684,-1.586547613143921,-2.1733202934265137,-1.6901588439941406,-1.1825131177902222,0.8041779398918152,2.9116015434265137,1.1847649812698364,-1.4528568983078003,-3.5803494453430176,-3.986262321472168,-5.223463535308838,-7.718583106994629,-7.063059329986572,-4.109495162963867,-0.9204205274581909,0.5616652369499207,-1.394012212753296,-3.060070753097534,-1.9199368953704834,-0.681485116481781,-1.656872034072876,-1.9394487142562866,-1.2495920658111572,-1.4589898586273193,-2.1482093334198,-1.9522068500518799,-2.2019238471984863,-3.6148934364318848,-4.691936492919922,-5.3095502853393555,-6.216375350952148,-6.00002384185791,-3.3277816772460938,2.3519017696380615,4.062421798706055,0.4856893718242645,-1.5516695976257324,-3.3498899936676025,-5.265147686004639
-2.4603779315948486,-2.578951597213745,-0.4778861701488495,-0.3738253116607666,-2.9083237648010254,-4.909842491149902,-4.0987653732299805,-1.2577993869781494,-0.3570685386657715,0.4819554388523102,0.132316455245018,-2.6430277824401855,-5.880725383758545,-7.328103542327881,-6.803836345672607,-7.08637809753418,-7.663976192474365,-6.261714935302734,-3.1287739276885986,-1.6821508407592773,-3.049736738204956,-4.85410213470459,-4.90440559387207,-3.8280820846557617,-3.6599974632263184,-3.7403321266174316,-3.636380195617676,-4.472082138061523,-5.945769309997559,-6.011894226074219,-4.423039436340332,-4.209146499633789,-7.291940689086914,-10.080434799194336,-9.537857055664062,-7.445885181427002,-4.263902187347412,0.253836989402771,3.4839065074920654,0.15878546237945557,-2.828338384628296,-5.558690071105957,-7.787036895751953,-9.161698341369629
-3.6087141036987305,-1.0927551984786987,0.5915509462356567,-2.4632110595703125,-6.051642894744873,-5.631967067718506,-1.1953083276748657,0.46973469853401184,-0.5205504298210144,-1.8562911748886108,-2.9339873790740967,-5.003772258758545,-6.525989055633545,-6.615789890289307,-5.992843151092529,-6.198043346405029,-6.081819534301758,-4.89428186416626,-3.285818576812744,-3.771723508834839,-4.649962902069092,-4.992394924163818,-5.117882251739502,-5.322237014770508,-5.141615390777588,-4.666382789611816,-6.038286209106445,-8.036323547363281,-8.454717636108398,-6.7660136222839355,-4.961076259613037,-5.363475322723389,-8.88794994354248,-12.181053161621094,-11.880586624145508,-8.1041841506958,-2.8234965801239014,2.4453020095825195,0.7156059741973877,-5.567237854003906,-8.276021957397461,-9.37490463256836,-10.654927253723145,-11.17085075378418
-3.0744097232818604,-0.8443304300308228,-1.2921538352966309,-3.374199151992798,-4.259990215301514,-1.9802885055541992,0.8302345871925354,-1.1831438541412354,-2.7707293033599854,-4.112085342407227,-4.950383186340332,-5.836291313171387,-6.581396102905273,-6.021897315979004,-5.181906700134277,-6.105370998382568,-6.097824573516846,-5.478645324707031,-5.3577656745910645,-5.577402591705322,-4.57268762588501,-4.964587211608887,-6.511880397796631,-6.848306655883789,-6.385591983795166,-6.698058605194092,-8.002938270568848,-9.009296417236328,-9.40082836151123,-8.54887580871582,-7.2529497146606445,-7.699526786804199,-11.227041244506836,-13.424460411071777,-11.638267517089844,-6.905133247375488,-1.8588342666625977,-0.32202577590942383,-5.377556324005127,-9.930310249328613,-11.473321914672852,-11.210314750671387,-10.701094627380371,-9.61971378326416
-1.3370970487594604,-0.4781622290611267,-1.409308671951294,-1.437880039215088,-0.49677595496177673,0.9739243984222412,1.4814622402191162,-1.579384684562683,-4.019151210784912,-4.729592800140381,-5.327360153198242,-5.559995651245117,-5.565944194793701,-5.060856342315674,-4.469887733459473,-5.288182258605957,-6.604926586151123,-7.28853178024292,-7.080150604248047,-6.098198890686035,-5.599647521972656,-7.059587478637695,-8.042492866516113,-7.574667453765869,-8.270539283752441,-9.272103309631348,-9.405627250671387,-10.659637451171875,-12.361007690429688,-11.87204647064209,-10.2021484375,-10.438405990600586,-13.517335891723633,-14.079387664794922,-10.696989059448242,-6.517263889312744,-3.3089327812194824,-4.46329402923584,-9.288506507873535,-12.501206398010254,-12.189302444458008,-11.143527030944824,-10.60130500793457,-9.676079750061035
-0.18179458379745483,0.18382443487644196,-0.06249704211950302,0.2777336537837982,1.3626800775527954,0.9094762206077576,-1.4732859134674072,-2.7950661182403564,-3.3126635551452637,-4.472835063934326,-5.677944660186768,-5.767089366912842,-5.280486106872559,-4.31398868560791,-3.363693952560425,-4.412341594696045,-6.4114885330200195,-7.201776504516602,-6.887333869934082,-6.78995943069458,-7.720103740692139,-8.170442581176758,-7.99118185043335,-8.593225479125977,-10.218042373657227,-11.098797798156738,-11.471704483032227,-13.080809593200684,-14.79166030883789,-14.141921043395996,-12.100619316101074,-11.692092895507812,-13.940934181213379,-14.198968887329102,-9.642736434936523,-3.6234614849090576,-1.9882749319076538,-8.324464797973633,-14.118595123291016,-13.876952171325684,-11.73705768585205,-11.134909629821777,-11.400731086730957,-11.607640266418457
-0.7383507490158081,0.40583330392837524,1.1734485626220703,1.7981740236282349,1.615289568901062,-1.1801780462265015,-3.770172357559204,-3.029761791229248,-2.380122423171997,-3.9466917514801025,-5.612995147705078,-6.24437141418457,-3.7204737663269043,-1.2924654483795166,-0.8807934522628784,-3.107252836227417,-5.70671272277832,-6.924908638000488,-7.7162299156188965,-8.161097526550293,-7.265644073486328,-6.9165215492248535,-8.81009578704834,-10.632808685302734,-11.761168479919434,-13.100874900817871,-14.125560760498047,-14.393389701843262,-13.631004333496094,-12.129935264587402,-11.699080467224121,-12.838345527648926,-14.087512016296387,-12.008403778076172,-4.299581050872803,-0.31552237272262573,-6.5276408195495605,-13.052717208862305,-14.452789306640625,-12.992297172546387,-12.16398811340332,-12.433028221130371,-12.396889686584473,-12.3502197265625
-1.7227519750595093,0.37697723507881165,2.182126998901367,2.2230613231658936,-0.09598729759454727,-3.5456128120422363,-4.152632236480713,-1.7060062885284424,-0.586945652961731,-3.2343337535858154,-5.72044038772583,-5.459959506988525,-1.6694601774215698,0.46001535654067993,-1.4150704145431519,-4.868316173553467,-7.349319934844971,-8.63013744354248,-9.16374397277832,-7.989911079406738,-6.4390997886657715,-8.144278526306152,-11.854873657226562,-13.428802490234375,-14.228644371032715,-15.940869331359863,-16.3514404296875,-14.646220207214355,-11.205940246582031,-8.780740737915039,-10.77028751373291,-12.431645393371582,-10.332715034484863,-4.658666133880615,-0.2983538806438446,-5.690393447875977,-10.66015911102295,-12.061331748962402,-11.727325439453125,-11.14321517944336,-12.206463813781738,-12.919775009155273,-12.537284851074219,-11.76377010345459
-3.1684861183166504,-0.598837673664093,1.8879365921020508,0.8293214440345764,-2.5390076637268066,-4.251823902130127,-3.78163743019104,-1.9602347612380981,-2.398775577545166,-4.81837272644043,-6.076073169708252,-4.461604118347168,-1.2457377910614014,0.01046846155077219,-2.4080970287323,-4.992060661315918,-6.536856651306152,-7.92643404006958,-7.696542739868164,-6.911245822906494,-7.629890441894531,-10.544071197509766,-14.019357681274414,-16.36115074157715,-17.329843521118164,-17.66425132751465,-16.17355728149414,-12.70754337310791,-9.00583553314209,-7.712747097015381,-9.562545776367188,-8.360264778137207,-2.512504816055298,1.4613823890686035,-2.8014707565307617,-7.853142261505127,-9.926241874694824,-10.319765090942383,-9.158334732055664,-9.60909366607666,-11.323675155639648,-12.51559066772461,-12.154651641845703,-11.47490406036377
-3.248063087463379,-0.9993213415145874,0.19377055764198303,-1.9702848196029663,-4.018948078155518,-4.251001358032227,-5.023977279663086,-4.180044174194336,-4.713502883911133,-4.720857620239258,-4.2525858879089355,-2.7756056785583496,-1.9513423442840576,-1.6219042539596558,-2.342465877532959,-3.722625255584717,-5.235956192016602,-7.0389580726623535,-7.44132661819458,-8.319082260131836,-9.035508155822754,-10.410466194152832,-13.655838012695312,-17.560110092163086,-19.249067306518555,-17.989063262939453,-14.278921127319336,-9.85452651977539,-7.956002712249756,-7.873254299163818,-7.188617706298828,-3.1124799251556396,2.099193811416626,0.7365409135818481,-4.604512691497803,-7.562638759613037,-9.722352981567383,-9.87911319732666,-9.198929786682129,-9.545642852783203,-11.09814739227295,-12.29780387878418,-12.124309539794922,-11.621432304382324
