data/wind_data/wind_Surface_27.json
{"header": {"parameterUnit": "KT", "parameterCategory": 2, "nx": 255, "ny": 198, "lo1": 44.73521041870117, "la1": -3.236724853515625, "lo2": 111.26478576660156, "la2": 43.468475341796875, "dx": 0.26192745566368103, "dy": -0.23708222806453705, "refTime": "2025-02-20 03:00:00", "forecastTime": 0, "parameterNumber": 3, "parameterNumberName": "northward_wind"}, "data":
[rows 114 to 132 of 198, columns 43 to 85 of 255]
2.632803201675415,2.8062002658843994,4.435261249542236,1.6328119039535522,-1.0312837362289429,-5.331273555755615,-9.077075004577637,-9.297472953796387,-10.343929290771484,-10.66455078125,-9.949951171875,-8.112354278564453,-6.352525234222412,-4.097939968109131,-2.1728858947753906,-2.4504570960998535,-2.8913629055023193,-2.705082416534424,-1.5244439840316772,-1.2582309246063232,-3.3117496967315674,-6.89034366607666,-9.459206581115723,-9.327718734741211,-8.114039421081543,-9.248526573181152,-13.057540893554688,-16.330955505371094,-19.98322105407715,-21.62132453918457,-21.97465705871582,-21.212017059326172,-19.213844299316406,-17.791467666625977,-16.211681365966797,-14.288573265075684,-14.381535530090332,-16.380157470703125,-15.747153282165527,-11.1107816696167,-3.965247392654419,-3.259531021118164,-6.085906982421875
3.8879354000091553,5.688877582550049,5.535763740539551,2.0533454418182373,-1.4602001905441284,-5.488940238952637,-9.150840759277344,-11.305724143981934,-12.724087715148926,-13.61197280883789,-12.676448822021484,-10.087621688842773,-8.24138355255127,-7.2204461097717285,-5.775413513183594,-5.667638301849365,-7.038906574249268,-8.065988540649414,-7.942716598510742,-9.29853343963623,-11.816587448120117,-13.778316497802734,-15.553098678588867,-15.274698257446289,-14.75285530090332,-16.72557830810547,-18.988170623779297,-19.748430252075195,-20.49200439453125,-20.456159591674805,-18.737003326416016,-17.648365020751953,-18.072872161865234,-18.584163665771484,-19.044702529907227,-17.244497299194336,-14.2351655960083,-12.846809387207031,-12.985006332397461,-9.404509544372559,-7.502768516540527,-12.192059516906738,-10.523035049438477
3.529573678970337,6.916112422943115,4.472475051879883,1.7925927639007568,-2.2404744625091553,-4.623385906219482,-8.043570518493652,-11.672504425048828,-12.993926048278809,-13.609237670898438,-14.196155548095703,-13.181307792663574,-12.269301414489746,-11.633415222167969,-10.212950706481934,-9.038118362426758,-10.763541221618652,-13.257030487060547,-14.261871337890625,-15.371136665344238,-17.796924591064453,-18.99209213256836,-20.650972366333008,-20.276620864868164,-20.02131462097168,-21.161069869995117,-21.593353271484375,-21.06410789489746,-20.248685836791992,-18.564416885375977,-16.249217987060547,-16.226009368896484,-19.41946792602539,-21.09838104248047,-20.466169357299805,-18.33397102355957,-15.068994522094727,-13.454255104064941,-15.445572853088379,-11.883761405944824,-14.309645652770996,-15.223095893859863,-11.953747749328613
0.6198039650917053,3.02504563331604,1.0465593338012695,0.3200159966945648,-2.0067012310028076,-2.6374998092651367,-5.283450603485107,-9.772409439086914,-12.011490821838379,-11.831524848937988,-13.1913480758667,-13.315596580505371,-11.602874755859375,-10.003713607788086,-8.017997741699219,-5.883304595947266,-6.343822002410889,-8.733559608459473,-10.817858695983887,-13.03168773651123,-16.35293197631836,-19.347986221313477,-21.33037567138672,-21.300521850585938,-20.69169044494629,-20.461273193359375,-20.55753517150879,-20.51683235168457,-19.66288185119629,-17.64508628845215,-16.268903732299805,-17.44456672668457,-20.360702514648438,-21.031383514404297,-19.955368041992188,-18.838693618774414,-17.030515670776367,-17.289594650268555,-21.476858139038086,-18.279050827026367,-15.655598640441895,-12.489142417907715,-10.950666427612305
-4.240424633026123,-4.224085330963135,-4.679133892059326,-2.9685468673706055,-0.4552115797996521,0.35770297050476074,-1.1167680025100708,-4.64903450012207,-6.830958366394043,-6.378540992736816,-6.975594520568848,-6.932064533233643,-4.877584457397461,-2.863351345062256,-0.8678774833679199,1.6778144836425781,2.603313684463501,0.3953416049480438,-3.307920217514038,-7.653077125549316,-12.530444145202637,-15.820327758789062,-17.571029663085938,-18.370019912719727,-18.831228256225586,-18.75786781311035,-18.976118087768555,-18.52964210510254,-17.572227478027344,-15.943984985351562,-15.76310920715332,-16.56159019470215,-17.17272186279297,-17.33626937866211,-17.905290603637695,-18.640033721923828,-18.56196403503418,-19.715160369873047,-21.618309020996094,-19.615299224853516,-15.78377914428711,-11.840178489685059,-10.823378562927246
-6.420955657958984,-9.945463180541992,-9.742685317993164,-6.013676166534424,-1.2624156475067139,1.5495957136154175,3.099858283996582,2.377814292907715,1.233630895614624,1.3503553867340088,0.9703933000564575,0.22942157089710236,0.6567680835723877,1.9129703044891357,3.8381783962249756,5.330510139465332,6.890333652496338,7.898073673248291,5.512343883514404,-1.021125316619873,-7.850033760070801,-11.092439651489258,-11.650842666625977,-12.754274368286133,-15.146757125854492,-16.365001678466797,-16.966064453125,-16.24685287475586,-14.96469497680664,-14.082523345947266,-14.579221725463867,-14.16720199584961,-13.916435241699219,-15.393526077270508,-16.87337875366211,-17.3908748626709,-18.133529663085938,-17.745725631713867,-15.844122886657715,-15.021150588989258,-14.514317512512207,-11.049591064453125,-10.040510177612305
-6.925442218780518,-11.150017738342285,-11.099609375,-7.334558486938477,-5.076498508453369,-1.380525827407837,3.872272253036499,7.54477071762085,7.730669975280762,7.99378776550293,6.0713114738464355,2.239220142364502,0.2721383273601532,1.0831485986709595,1.8824114799499512,1.8218648433685303,3.2062413692474365,4.79268217086792,3.419666290283203,-1.0202605724334717,-5.366148948669434,-7.484691619873047,-6.529735565185547,-8.82361125946045,-13.217181205749512,-14.483945846557617,-14.234262466430664,-13.826948165893555,-12.908842086791992,-11.576879501342773,-10.871359825134277,-9.34607219696045,-10.07274341583252,-13.779876708984375,-16.58107566833496,-17.8867130279541,-18.340559005737305,-15.322026252746582,-9.674886703491211,-9.181692123413086,-12.513164520263672,-10.371912002563477,-8.287861824035645
-5.255034446716309,-7.964052677154541,-9.242531776428223,-10.37989330291748,-8.58799934387207,-3.836071491241455,1.844092845916748,6.265582084655762,8.937353134155273,8.098258972167969,4.419798374176025,1.8361380100250244,0.630915641784668,-1.392134666442871,-2.7076234817504883,-1.7493749856948853,-2.143428087234497,-5.275662422180176,-7.8146185874938965,-6.948660373687744,-5.636692523956299,-5.9818925857543945,-6.424197196960449,-11.318251609802246,-14.04093074798584,-12.601561546325684,-9.811790466308594,-8.837958335876465,-8.399078369140625,-6.598971843719482,-4.060626029968262,-2.520639181137085,-3.0525195598602295,-6.47406530380249,-11.068280220031738,-16.56294059753418,-18.924222946166992,-17.1016788482666,-8.35384750366211,-5.010242938995361,-10.235249519348145,-10.288324356079102,-8.485294342041016
-4.923133373260498,-7.5644450187683105,-8.822296142578125,-9.88303279876709,-8.3904447555542,-4.477749347686768,-0.838507890701294,3.524637222290039,6.373485565185547,4.2060980796813965,2.8388588428497314,-0.993038535118103,-5.475865364074707,-7.394588470458984,-9.442587852478027,-9.80813217163086,-9.832469940185547,-11.310033798217773,-12.089727401733398,-8.987764358520508,-5.78965950012207,-7.135501861572266,-10.608195304870605,-13.979151725769043,-11.915892601013184,-8.465917587280273,-5.168384552001953,-3.7620182037353516,-3.5528688430786133,-2.740344762802124,-0.5713998079299927,2.3344573974609375,4.875103950500488,3.7573580741882324,-1.0494263172149658,-7.485393047332764,-14.5029296875,-18.50930404663086,-12.792792320251465,-6.627737522125244,-10.05140495300293,-10.094290733337402,-6.893700122833252
-0.30075207352638245,-2.0030245780944824,-4.832602024078369,-7.5332865715026855,-7.923048973083496,-5.5037031173706055,-3.943268299102783,1.0446059703826904,1.5395256280899048,0.5210888981819153,-4.0212626457214355,-10.545387268066406,-13.785296440124512,-10.693581581115723,-8.696020126342773,-10.174032211303711,-10.063257217407227,-9.19471549987793,-8.815629959106445,-6.601206302642822,-5.389917850494385,-9.69743537902832,-12.333633422851562,-10.097156524658203,-6.646670818328857,-4.659064292907715,-3.4863786697387695,-2.998586893081665,-3.050835132598877,-2.65246844291687,-1.0733485221862793,2.0301525592803955,5.3560285568237305,6.741338729858398,6.504202842712402,0.963549792766571,-6.501417636871338,-15.700423240661621,-17.508365631103516,-13.877764701843262,-13.35045337677002,-10.21970272064209,-4.464548587799072
-1.1102131605148315,1.9533830881118774,0.47226041555404663,-4.956188678741455,-8.778509140014648,-8.21593952178955,-6.724937915802002,-1.353082299232483,-3.7228024005889893,-6.897065162658691,-12.51606559753418,-11.300260543823242,-7.674469470977783,-4.759383201599121,-0.6507524847984314,-0.010366307571530342,-0.9937531352043152,-2.408395767211914,-3.648658514022827,-5.254007339477539,-7.88862943649292,-9.814353942871094,-7.358217716217041,-4.415801048278809,-2.3828506469726562,-2.112245559692383,-3.1578855514526367,-3.9455201625823975,-3.8198153972625732,-2.754162311553955,-1.5715314149856567,-0.3692511320114136,1.7801930904388428,4.393529891967773,6.6563286781311035,6.081671714782715,0.2822510600090027,-9.317543983459473,-16.664155960083008,-18.364669799804688,-18.863235473632812,-15.1835298538208,-4.677325248718262
-7.165339946746826,-3.485459566116333,-1.6777737140655518,-3.109363079071045,-6.354856014251709,-9.076231002807617,-6.922402858734131,-4.7917914390563965,-6.485384941101074,-10.621437072753906,-10.395941734313965,-6.285036087036133,-0.6960902810096741,2.774782657623291,6.764873504638672,6.682754039764404,2.4250874519348145,-0.7105907201766968,-3.623795986175537,-8.152097702026367,-10.352751731872559,-6.950543403625488,-3.348121166229248,-0.2699609100818634,0.08274630457162857,-1.0815374851226807,-1.7961663007736206,-1.977292776107788,-2.0784575939178467,-1.1645587682724,-1.3708627223968506,-5.505366325378418,-6.265150547027588,-4.679026126861572,0.9058811664581299,3.9218714237213135,1.485215425491333,-5.808429718017578,-13.155247688293457,-18.594209671020508,-21.9086856842041,-21.651336669921875,-9.383208274841309
-4.890485763549805,-5.893735408782959,-4.743935585021973,-2.7963621616363525,-3.6828269958496094,-7.087253570556641,-9.224295616149902,-7.007772922515869,-4.4689788818359375,-5.006549835205078,-5.215709686279297,-3.496687412261963,1.7916494607925415,6.762065410614014,8.079239845275879,4.206603527069092,-1.2071603536605835,-2.8752968311309814,-4.610615253448486,-7.359720706939697,-6.737411022186279,-4.840078353881836,-0.4121343195438385,0.8968002200126648,-0.7107899188995361,-1.7895108461380005,-0.014603392221033573,1.4530812501907349,0.38949960470199585,-0.019947674125432968,-0.15439966320991516,-4.249952793121338,-6.913225173950195,-8.907803535461426,-9.284506797790527,-7.172849178314209,-5.104158878326416,-5.855690002441406,-10.153910636901855,-14.414645195007324,-18.002920150756836,-22.103391647338867,-13.524242401123047
-0.25415533781051636,-1.5161060094833374,-2.077124834060669,-2.716444730758667,-2.9735076427459717,-5.708714008331299,-8.647324562072754,-4.7323503494262695,1.1982346773147583,1.3972293138504028,1.4335334300994873,1.0408738851547241,1.0746703147888184,4.801885604858398,5.927733421325684,0.3845415711402893,-1.4498634338378906,-1.3501209020614624,-1.300889492034912,-2.0688679218292236,-2.920682430267334,-1.9559800624847412,-1.4728282690048218,-2.7016711235046387,-5.702728748321533,-7.610246181488037,-5.7974042892456055,-2.8963072299957275,-1.1317741870880127,0.0509863905608654,1.4567195177078247,2.6421315670013428,0.6168520450592041,-4.47199010848999,-7.394327640533447,-9.095054626464844,-8.00539779663086,-6.304319381713867,-6.991766452789307,-8.534440040588379,-11.4979829788208,-17.118497848510742,-16.351947784423828
3.306408405303955,0.5744205713272095,-2.085056781768799,-4.228073596954346,-4.457599639892578,-3.5161311626434326,-2.565176248550415,-0.4962932765483856,4.491281986236572,4.650989532470703,3.3879895210266113,0.9844452738761902,-0.770573079586029,3.4949843883514404,4.342767715454102,-0.3672119081020355,-0.8770201206207275,-0.8555919528007507,-0.20830534398555756,0.3803396224975586,-1.62849760055542,-2.8992793560028076,-4.7315449714660645,-6.449676513671875,-9.505351066589355,-12.292179107666016,-13.174761772155762,-10.620452880859375,-7.8972978591918945,-6.020284652709961,-4.754257678985596,-1.7872980833053589,1.9850126504898071,1.9272326231002808,0.13084831833839417,-1.9749159812927246,-4.065205097198486,-3.4634299278259277,-3.1238508224487305,-4.030694007873535,-4.739455223083496,-8.468640327453613,-15.551594734191895
3.889662742614746,1.591818928718567,-0.637260913848877,-2.1114625930786133,-1.541620135307312,2.9200081825256348,6.202696800231934,5.045536041259766,4.999911308288574,3.9937164783477783,2.2835872173309326,1.232940912246704,0.737091600894928,4.565310955047607,0.4208748936653137,-3.467942237854004,-3.528205156326294,-2.573192596435547,-0.9291399717330933,-1.2304788827896118,-3.1228888034820557,-4.371121406555176,-3.9093360900878906,-4.100898742675781,-5.718691825866699,-6.383054256439209,-7.582383155822754,-9.744019508361816,-12.562788963317871,-13.482887268066406,-13.446063995361328,-12.787688255310059,-6.6071553230285645,-2.0018908977508545,0.4929753243923187,-0.2546842098236084,2.1495344638824463,1.965152621269226,1.254252552986145,0.5528855323791504,-0.5503220558166504,-2.619434356689453,-11.114623069763184
4.3491997718811035,5.041224956512451,5.432246685028076,7.082045078277588,7.995541095733643,8.944380760192871,7.3104963302612305,6.321194171905518,5.598353862762451,4.934337139129639,4.362809658050537,4.201184272766113,3.7414040565490723,2.728411912918091,-2.077793836593628,-2.2027623653411865,-2.145388603210449,-1.044213891029358,-0.4153798818588257,-1.296823501586914,-2.0814409255981445,-1.4674524068832397,0.46466195583343506,1.3324861526489258,1.289345383644104,1.4704725742340088,0.3993031084537506,-3.856456756591797,-6.993185043334961,-8.566482543945312,-8.852540969848633,-9.910438537597656,-9.216296195983887,-7.502121448516846,-4.31109094619751,-3.0043201446533203,2.0137827396392822,4.944920539855957,4.2293500900268555,3.2336015701293945,1.7152373790740967,-1.051288366317749,-6.765575408935547
7.813880920410156,9.818429946899414,13.847450256347656,14.892560005187988,12.78349494934082,8.000212669372559,3.9326484203338623,4.560429573059082,5.07560396194458,5.356002330780029,4.745309829711914,4.541716575622559,3.532576084136963,0.7481452822685242,0.7620882391929626,2.0976855754852295,2.328768253326416,2.3405046463012695,0.9375393986701965,0.9197983741760254,2.3708391189575195,2.4870641231536865,2.0625243186950684,2.4368534088134766,3.6862785816192627,4.544367790222168,4.742648601531982,3.3443684577941895,1.1366475820541382,0.033993910998106,0.2671859562397003,0.6029455065727234,-1.0354467630386353,-4.491509914398193,-5.699702739715576,-4.620406627655029,-2.651287794113159,3.6334171295166016,3.654125690460205,2.7184629440307617,1.8848108053207397,-0.9841095209121704,-7.062859535217285
15.55223274230957,16.363407135009766,14.056234359741211,11.080520629882812,9.922743797302246,7.356950759887695,5.304749011993408,5.464833736419678,4.535900115966797,2.251258373260498,0.6799495220184326,2.4800662994384766,2.2387003898620605,1.3737094402313232,2.1401052474975586,2.7344372272491455,2.817549705505371,3.0555524826049805,1.9490888118743896,2.8576457500457764,3.8463926315307617,1.8445374965667725,-0.5920839905738831,-0.7769025564193726,2.1569721698760986,4.364741802215576,5.561386585235596,6.664953231811523,6.700369834899902,5.901740074157715,4.788924694061279,4.25764799118042,3.396245002746582,1.5568472146987915,-1.8619633913040161,-3.8438608646392822,-3.8784031867980957,1.6117475032806396,2.8402671813964844,1.4853887557983398,0.82746422290802,-2.586604356765747,-10.322005271911621
