data/wind_data/wind_49_1.json
{"header": {"parameterUnit": "KT", "parameterCategory": 2, "nx": 256, "ny": 198, "lo1": 44.73521041870117, "la1": -3.236724853515625, "lo2": 111.26478576660156, "la2": 43.468475341796875, "dx": 0.2609002888202667, "dy": -0.23708222806453705, "refTime": "2025-02-21 01:00:00", "forecastTime": 0, "parameterNumber": 2, "parameterNumberName": "eastward_wind"}, "data":
[rows 133 to 151 of 198, columns 86 to 128 of 256]
4.59559965133667,8.316411972045898,3.604637861251831,0.5823876261711121,0.49209919571876526,5.503039836883545,2.1618196964263916,-9.237906455993652,-9.566290855407715,-6.0419816970825195,2.1050357818603516,7.442465305328369,8.607717514038086,7.51776123046875,1.628111481666565,3.883882522583008,2.3142831325531006,-0.1666017770767212,-0.3785485625267029,-0.28480926156044006,-1.1773269176483154,-2.2253541946411133,-1.9551212787628174,-0.5737444162368774,0.5111331939697266,1.5828202962875366,2.5994760990142822,2.8445379734039307,1.7479439973831177,-0.03414759412407875,0.9589734077453613,3.0832772254943848,3.349729061126709,2.6122920513153076,3.4847025871276855,2.5787758827209473,-0.08494135737419128,-2.6061134338378906,-2.5541701316833496,-0.6844845414161682,-1.5880879163742065,-8.250984191894531,-13.597356796264648
-1.410313606262207,5.421874046325684,4.662849426269531,6.114297866821289,7.676815509796143,9.182195663452148,9.961891174316406,0.9442527890205383,-5.708631992340088,-3.0546345710754395,3.4920270442962646,7.415866851806641,9.745722770690918,10.314615249633789,3.9287896156311035,2.380744457244873,-0.4790756106376648,-1.3533234596252441,-1.1639928817749023,-0.8519170880317688,-1.0216869115829468,-1.3967492580413818,-1.4159603118896484,0.37838202714920044,1.7829577922821045,2.345923900604248,2.447883129119873,2.367537260055542,1.229314923286438,-0.19398494064807892,1.487342357635498,3.8271918296813965,2.8736155033111572,1.600324273109436,1.790147066116333,3.1281838417053223,0.2881897985935211,-2.464550733566284,-5.229764461517334,-4.7276082038879395,-6.987375259399414,-12.88239860534668,-12.896747589111328
-5.754766941070557,1.8134541511535645,8.220810890197754,12.488977432250977,12.77601432800293,10.325329780578613,8.483072280883789,3.783888578414917,-3.254286527633667,1.0803245306015015,5.372292518615723,8.2314453125,10.357426643371582,10.587668418884277,6.011506080627441,1.7452952861785889,-0.17276819050312042,-1.0145742893218994,-1.105130910873413,-1.6847003698349,-1.8969255685806274,-0.8173442482948303,0.16326113045215607,1.7199581861495972,2.5160372257232666,2.277764320373535,2.02898907661438,1.955021619796753,0.5032215118408203,-0.2612513601779938,2.518789529800415,4.432317733764648,2.100306272506714,1.8547673225402832,1.65291428565979,2.7985010147094727,7.037352085113525,-6.5919647216796875,-11.619019508361816,-9.197789192199707,-8.76300048828125,-12.572779655456543,-13.398721694946289
-3.019037961959839,0.9280989766120911,10.808481216430664,13.158178329467773,10.483467102050781,7.124598026275635,6.293057918548584,-0.21753066778182983,-6.644036293029785,1.4352065324783325,8.972268104553223,10.895798683166504,11.091180801391602,9.21618366241455,3.8789784908294678,1.683333158493042,0.03128466382622719,-1.6535327434539795,-2.3339102268218994,-3.1105804443359375,-2.781864881515503,-0.5081083178520203,1.5470513105392456,2.533188819885254,2.39947247505188,1.850875735282898,1.0543920993804932,0.9892838597297668,0.21755976974964142,0.6073123216629028,3.760370969772339,4.154448986053467,1.3184287548065186,2.574734926223755,1.9319756031036377,2.2062957286834717,0.45822611451148987,-12.260355949401855,-13.2140531539917,-10.728242874145508,-8.88084602355957,-11.901148796081543,-15.357934951782227
5.6847453117370605,5.402599334716797,10.869280815124512,12.186163902282715,8.388999938964844,5.733761310577393,6.6163740158081055,7.070262908935547,-5.89589262008667,-1.3163689374923706,11.910374641418457,14.824365615844727,11.925874710083008,7.037205696105957,1.6038897037506104,0.5812016725540161,-0.668994128704071,-2.69206166267395,-3.323817014694214,-3.3122527599334717,-2.4228224754333496,-0.19507990777492523,1.7974706888198853,2.147481679916382,2.0557310581207275,1.4301279783248901,0.28831368684768677,0.4356077015399933,0.5684456825256348,2.337679386138916,4.821537494659424,2.955530881881714,0.9552029371261597,1.5275936126708984,-1.351874589920044,-3.0105154514312744,-6.254171371459961,-12.86785888671875,-12.235757827758789,-12.297590255737305,-11.425591468811035,-11.590485572814941,-14.789875984191895
5.257480144500732,4.849399566650391,7.805497169494629,10.855169296264648,10.306375503540039,8.605216979980469,8.63576889038086,13.163875579833984,5.191871643066406,-2.140261173248291,12.342686653137207,16.718080520629883,11.750421524047852,4.035386085510254,0.03574777767062187,-0.24633602797985077,-1.449491024017334,-2.9484598636627197,-3.505532741546631,-3.0666959285736084,-1.953243374824524,-0.4587242901325226,1.34322988986969,1.6462128162384033,2.052225112915039,0.6090452075004578,-0.6465630531311035,1.0655558109283447,2.137829065322876,3.2036566734313965,3.2363293170928955,0.906021237373352,-0.467444509267807,-4.021143436431885,-7.535776138305664,-7.6846394538879395,-9.716670989990234,-15.423789978027344,-15.293306350708008,-12.5707426071167,-11.761894226074219,-13.251032829284668,-11.87812614440918
1.5264358520507812,2.92899751663208,5.450280666351318,8.556411743164062,10.163134574890137,9.501007080078125,8.574257850646973,11.286639213562012,12.755596160888672,2.9973764419555664,11.974143981933594,17.327878952026367,11.348735809326172,1.9484716653823853,0.26984477043151855,-0.22075679898262024,-2.18754243850708,-2.4944913387298584,-3.198768138885498,-2.6742448806762695,-1.4956538677215576,-0.581096887588501,0.9753215909004211,1.118652582168579,1.71389639377594,0.07318109273910522,-0.42116057872772217,1.690708041191101,2.607083797454834,2.8674750328063965,1.376733422279358,-0.13277257978916168,-2.315281391143799,-8.718214988708496,-9.927292823791504,-9.62732982635498,-12.119454383850098,-16.82107162475586,-17.453765869140625,-15.598245620727539,-14.102067947387695,-10.573660850524902,-4.032839775085449
-1.7481250762939453,1.2544485330581665,2.909407138824463,6.750438213348389,9.113037109375,8.66294002532959,7.604772090911865,10.321240425109863,13.307710647583008,7.6832780838012695,12.62038516998291,16.94593620300293,11.248313903808594,2.8907876014709473,2.046306610107422,-0.6456910371780396,-2.374884843826294,-1.3172985315322876,-2.4806995391845703,-2.399902820587158,-1.6113247871398926,-1.19464910030365,-0.408173531293869,0.6680055856704712,1.3835341930389404,0.6478252410888672,0.046093277633190155,1.828560471534729,2.5691967010498047,1.4380840063095093,-0.030249854549765587,-0.33508196473121643,0.8747149109840393,-10.928016662597656,-11.803084373474121,-10.937917709350586,-13.416046142578125,-17.617494583129883,-20.248769760131836,-18.38490104675293,-12.263848304748535,-2.225489377975464,6.341999530792236
-1.8007415533065796,1.3391764163970947,1.9665980339050293,6.404758930206299,10.3644380569458,9.232135772705078,8.902260780334473,11.847508430480957,12.4790620803833,8.51963996887207,11.086058616638184,14.120258331298828,10.790979385375977,4.2231340408325195,1.999946117401123,-2.0508413314819336,-1.7680426836013794,0.0694086104631424,-0.7444897890090942,-2.089992046356201,-1.8969848155975342,-1.192549228668213,-0.9810339212417603,0.5078293085098267,1.215844988822937,1.1574903726577759,0.5272373557090759,2.065441370010376,1.1782194375991821,0.3815780282020569,0.28825169801712036,-0.09049395471811295,2.976710557937622,-6.926637172698975,-12.135934829711914,-15.766597747802734,-18.52214813232422,-17.433170318603516,-17.420066833496094,-16.463777542114258,-6.568569183349609,9.598344802856445,14.386133193969727
-5.09184455871582,-0.5374031066894531,2.151588201522827,6.3875861167907715,9.484500885009766,8.969246864318848,10.082889556884766,11.860260963439941,9.565265655517578,3.2272098064422607,5.600583553314209,9.783490180969238,8.920379638671875,2.967191219329834,-2.855173110961914,-3.6672329902648926,0.15915344655513763,2.322122573852539,0.873016893863678,-1.0191144943237305,-0.953139066696167,-0.3716609477996826,-0.11621098965406418,-0.4460683763027191,-0.15785455703735352,1.3655897378921509,1.8692524433135986,0.5307703018188477,1.6500612497329712,1.5254234075546265,-0.6710104942321777,-3.5420491695404053,0.5845832228660583,-11.712268829345703,-17.5919189453125,-17.8005313873291,-17.602052688598633,-14.756120681762695,-12.603014945983887,-8.098992347717285,1.728745698928833,18.67607307434082,13.142284393310547
-6.654369354248047,-4.875182628631592,0.28011777997016907,3.18734073638916,2.9632840156555176,6.0248026847839355,8.599543571472168,7.613854885101318,3.609285831451416,2.83276629447937,5.2962870597839355,6.769652843475342,5.772866725921631,2.412075996398926,-4.563173294067383,-3.540020704269409,2.1686463356018066,1.8537890911102295,-5.169580936431885,-3.30894136428833,0.6864960193634033,2.06074595451355,1.025160551071167,-1.0431735515594482,-0.833168625831604,0.7321382761001587,1.4933803081512451,1.4282081127166748,0.6036725044250488,-0.7563827633857727,-4.359450817108154,-8.728443145751953,-8.420027732849121,-13.101003646850586,-16.010705947875977,-12.997298240661621,-10.543798446655273,-8.056648254394531,-7.69780969619751,-0.6219674348831177,8.086602210998535,22.379507064819336,10.404354095458984
2.2338318824768066,-1.8301975727081299,-2.6474709510803223,-1.952118158340454,-2.735109329223633,0.25528597831726074,2.8257944583892822,3.6535322666168213,0.9899107217788696,5.588620662689209,12.310197830200195,12.697147369384766,9.79979133605957,7.075649738311768,1.5075773000717163,-1.6595486402511597,1.9666225910186768,-3.863474130630493,-10.210186004638672,-5.052701950073242,0.16530434787273407,2.0385162830352783,1.265152931213379,1.6980645656585693,1.1428675651550293,1.5227526426315308,1.0229460000991821,-0.7236799001693726,-2.4369826316833496,-2.860502004623413,-7.684977054595947,-14.29168701171875,-14.318156242370605,-11.269107818603516,-9.763273239135742,-6.688997745513916,-2.7629494667053223,1.5590821504592896,-4.251123905181885,3.0738887786865234,13.55405044555664,21.780033111572266,11.929736137390137
7.700467586517334,3.411039352416992,0.2356915920972824,-0.9061460494995117,-2.796032667160034,-4.886381149291992,-3.791546106338501,2.420153856277466,6.91826868057251,9.759716033935547,13.822604179382324,13.837350845336914,11.822104454040527,9.501473426818848,1.7710744142532349,-1.7758784294128418,-2.3602123260498047,-5.423764228820801,-7.151159286499023,-5.008062362670898,-0.7006186246871948,1.4138234853744507,1.9284040927886963,3.509897232055664,4.983255863189697,2.3666679859161377,-4.865213871002197,-5.137598991394043,-4.88535737991333,-7.283661365509033,-12.019415855407715,-14.756237983703613,-13.135625839233398,-8.632894515991211,-4.225765228271484,1.7195706367492676,3.0685019493103027,11.829837799072266,8.954684257507324,11.139348983764648,16.68790054321289,17.718631744384766,11.327826499938965
7.50335693359375,5.002374649047852,4.605329990386963,4.268302917480469,0.5461127758026123,-7.346187114715576,-7.605800151824951,-1.8883354663848877,9.064369201660156,14.828855514526367,16.04952049255371,14.631213188171387,12.427877426147461,5.78196907043457,-0.09203337132930756,-3.4004080295562744,-3.142580509185791,-1.8221639394760132,-2.0118794441223145,-0.8918654918670654,0.3278835713863373,1.081641674041748,2.010348320007324,3.0125370025634766,6.868851184844971,-0.9966697096824646,-9.839919090270996,-8.831016540527344,-10.02997875213623,-11.291543960571289,-12.675646781921387,-12.626626968383789,-9.315927505493164,-7.871715545654297,-3.2087063789367676,5.543021202087402,7.634716510772705,17.42868423461914,22.18193244934082,18.053674697875977,13.657227516174316,8.656793594360352,8.863033294677734
2.3315682411193848,4.973178863525391,7.497371673583984,9.439460754394531,7.290447235107422,-0.12828785181045532,-8.29050350189209,-8.045884132385254,3.9340860843658447,15.628388404846191,19.288074493408203,13.060797691345215,7.544840335845947,-2.1624133586883545,-0.3974587917327881,1.751089096069336,1.0803699493408203,1.865425944328308,-1.2300256490707397,-1.2402427196502686,-0.11807762086391449,1.1098302602767944,0.3248786926269531,-0.24419589340686798,1.6285467147827148,-7.850636959075928,-11.882331848144531,-13.534130096435547,-14.548192024230957,-12.396539688110352,-10.136506080627441,-9.564936637878418,-7.723455429077148,-5.795007228851318,-1.8014519214630127,8.415738105773926,14.388607025146484,20.802392959594727,23.21128273010254,17.594608306884766,11.53962516784668,9.37946891784668,9.618951797485352
-2.4841806888580322,2.420862913131714,8.590975761413574,12.212118148803711,13.308279037475586,9.953474044799805,-4.367618083953857,-7.551989555358887,-0.8300482630729675,12.676824569702148,19.946765899658203,13.200179100036621,-1.0762367248535156,-5.587179660797119,1.575779676437378,6.39269495010376,3.911301612854004,1.3033957481384277,1.7047958374023438,-0.42518043518066406,-1.844283103942871,-1.8316806554794312,-3.2763917446136475,-3.579009532928467,-7.451209545135498,-10.911785125732422,-12.509894371032715,-15.81226634979248,-13.793216705322266,-7.290171146392822,-7.171494007110596,-10.292694091796875,-12.860109329223633,-5.210315227508545,1.7789032459259033,11.456221580505371,20.236900329589844,21.08832550048828,18.183658599853516,12.941301345825195,13.665520668029785,12.780852317810059,10.721487045288086
-6.485422134399414,-0.5096731781959534,7.378379821777344,13.416565895080566,15.167091369628906,13.361723899841309,8.088566780090332,-2.2944376468658447,-6.895481109619141,5.6662516593933105,16.903554916381836,11.431617736816406,-6.100377082824707,-1.546706199645996,5.836129665374756,9.534721374511719,8.022858619689941,3.256744146347046,5.554492473602295,4.878256797790527,1.3213036060333252,-3.2470314502716064,-8.435369491577148,-8.873682975769043,-10.873994827270508,-12.026754379272461,-13.20367431640625,-13.713606834411621,-8.584096908569336,-6.0582051277160645,-2.934980630874634,-16.799652099609375,-12.804008483886719,-3.3182244300842285,5.664484024047852,15.492470741271973,20.161540985107422,18.284040451049805,12.962684631347656,15.012615203857422,20.389484405517578,8.59907341003418,11.57415771484375
-8.625287055969238,-3.981241226196289,4.78924036026001,12.464888572692871,17.555185317993164,16.781726837158203,13.392094612121582,-3.4630823135375977,-12.28070068359375,2.611196994781494,13.854036331176758,11.028663635253906,3.045579195022583,7.513051509857178,12.222354888916016,13.093429565429688,12.58779525756836,7.159943103790283,6.17768669128418,8.707965850830078,4.342703342437744,-6.197066307067871,-14.641393661499023,-13.768229484558105,-12.448108673095703,-14.051299095153809,-14.781231880187988,-10.65410327911377,-3.9244964122772217,-1.942456603050232,-10.287209510803223,-13.515239715576172,-7.0835700035095215,-0.201462060213089,8.813445091247559,16.599607467651367,17.31159210205078,16.045085906982422,19.33458709716797,15.832681655883789,4.6949076652526855,-2.2020814418792725,13.532563209533691
-6.502530097961426,-7.755004405975342,1.2141176462173462,10.15439510345459,11.221144676208496,11.11389446258545,13.442384719848633,-1.6436434984207153,-14.587525367736816,-0.16069628298282623,13.889397621154785,18.136991500854492,15.134832382202148,11.291718482971191,11.216375350952148,11.682045936584473,13.450799942016602,9.264884948730469,3.918691635131836,2.7707526683807373,-5.191951751708984,-9.89836597442627,-15.327400207519531,-16.608259201049805,-14.479231834411621,-18.53667640686035,-17.55451011657715,-6.046931266784668,3.232527256011963,-6.86108922958374,-11.876092910766602,-6.326195240020752,-0.13132821023464203,3.643284559249878,9.15285873413086,14.018423080444336,17.984928131103516,22.38513946533203,13.111621856689453,-2.786000967025757,-10.22811222076416,3.9293291568756104,15.730806350708008
