data/wind_data/wind_29_9.json
{"header": {"parameterUnit": "KT", "parameterCategory": 2, "nx": 256, "ny": 198, "lo1": 44.73521041870117, "la1": -3.236724853515625, "lo2": 111.26478576660156, "la2": 43.468475341796875, "dx": 0.2609002888202667, "dy": -0.23708222806453705, "refTime": "2025-02-20 05:00:00", "forecastTime": 0, "parameterNumber": 2, "parameterNumberName": "eastward_wind"}, "data":
[rows 76 to 94 of 198, columns 129 to 171 of 256]
0.6489242911338806,1.4280264377593994,1.7895146608352661,1.441346287727356,0.8267089128494263,0.26147711277008057,-0.24558179080486298,-0.8633176684379578,-1.6739789247512817,-2.3988382816314697,-2.8633980751037598,-3.09877610206604,-2.8745651245117188,-2.1661336421966553,-1.3813847303390503,-0.8032475113868713,-0.4484257996082306,0.06498616188764572,0.9345507621765137,1.6340914964675903,1.988358974456787,2.0519912242889404,1.9189426898956299,1.7896291017532349,1.7300933599472046,1.6803377866744995,1.7235252857208252,2.0727033615112305,2.7258052825927734,3.375032424926758,3.6849570274353027,3.5909922122955322,3.2764158248901367,2.9107096195220947,2.567493200302124,2.252821445465088,1.93575119972229,1.4943069219589233,0.9624848365783691,0.48857858777046204,0.12222429364919662,-0.1214594766497612,-0.1284964382648468
0.278100848197937,1.0693409442901611,1.521004319190979,1.2871206998825073,0.6721282601356506,0.22845715284347534,-0.06048218160867691,-0.38170525431632996,-0.9225457310676575,-1.6098607778549194,-2.2698287963867188,-2.7547733783721924,-2.812115430831909,-2.3784632682800293,-1.6825599670410156,-0.9675095081329346,-0.5254741311073303,-0.05149703472852707,0.7094430923461914,1.3758803606033325,1.9022045135498047,2.2811808586120605,2.270371437072754,1.8670988082885742,1.4439959526062012,1.2431138753890991,1.2798316478729248,1.4981307983398438,1.9265893697738647,2.5124518871307373,2.957524061203003,2.919034242630005,2.4529881477355957,1.967597484588623,1.7687733173370361,1.801207184791565,1.7971798181533813,1.4375673532485962,0.681566596031189,-0.14198867976665497,-0.705518364906311,-0.9684872627258301,-0.9865725040435791
0.18592806160449982,0.5113843083381653,0.8396955728530884,0.8409324884414673,0.5640791654586792,0.3668580949306488,0.36553311347961426,0.200540691614151,-0.2907973825931549,-0.8294400572776794,-1.3344515562057495,-1.8295505046844482,-2.1504220962524414,-2.130608081817627,-1.6349539756774902,-0.912034273147583,-0.3605608344078064,0.1915566325187683,0.8583361506462097,1.3763242959976196,1.8227243423461914,2.2562105655670166,2.3875036239624023,2.045267343521118,1.524943470954895,1.2584055662155151,1.2721208333969116,1.2979600429534912,1.3059132099151611,1.4894545078277588,1.8108141422271729,1.8756091594696045,1.4228003025054932,0.7838197350502014,0.5362077951431274,0.8563237190246582,1.3683096170425415,1.517876386642456,0.9834572076797485,-0.008842533454298973,-0.8621234893798828,-1.2431092262268066,-1.2943339347839355
0.9232168197631836,0.21983198821544647,0.09328330308198929,0.22054100036621094,0.36774498224258423,0.5148224830627441,0.8382622599601746,0.9062958359718323,0.30464255809783936,-0.4679178297519684,-0.8036571145057678,-0.8789349794387817,-0.9962957501411438,-1.095808744430542,-0.910441517829895,-0.41269955039024353,0.1031494215130806,0.5681804418563843,1.130858302116394,1.6832560300827026,2.040050745010376,2.208922863006592,2.1688570976257324,1.944159746170044,1.6762129068374634,1.5669537782669067,1.5724819898605347,1.3998146057128906,0.9773184657096863,0.5997769236564636,0.518576443195343,0.5391534566879272,0.24087387323379517,-0.38949915766716003,-0.8291285037994385,-0.5959323048591614,0.2055380642414093,0.9605386257171631,1.0526686906814575,0.37029147148132324,-0.5432122349739075,-1.0858571529388428,-1.2360100746154785
2.2226204872131348,1.0202124118804932,0.15918788313865662,0.02806120179593563,0.3458053767681122,0.6925250887870789,1.065397024154663,1.2690006494522095,0.8132128715515137,-0.1381184458732605,-0.7814484238624573,-0.6122162342071533,-0.02774965390563011,0.4360499083995819,0.7260233163833618,0.9823344945907593,1.1155266761779785,1.1038169860839844,1.304947018623352,1.9237538576126099,2.4541404247283936,2.3565330505371094,1.8583296537399292,1.524444818496704,1.570358157157898,1.8494024276733398,2.0049614906311035,1.737012267112732,1.0285521745681763,0.16928456723690033,-0.4358699321746826,-0.6762480735778809,-0.8686057925224304,-1.298677682876587,-1.789047360420227,-1.8608317375183105,-1.262459397315979,-0.30510053038597107,0.33776846528053284,0.23088623583316803,-0.4019196033477783,-0.9856739640235901,-1.2508668899536133
3.1653549671173096,2.574486494064331,1.701160192489624,1.0538036823272705,0.8950802087783813,0.9969854354858398,1.1714096069335938,1.2219732999801636,0.8907166123390198,0.1666703224182129,-0.5196846723556519,-0.571654736995697,0.299202024936676,1.545573115348816,2.526170492172241,2.9841513633728027,2.8334884643554688,2.237173080444336,1.8281686305999756,2.1687731742858887,2.72688364982605,2.500194549560547,1.6773498058319092,1.0617175102233887,1.167708396911621,1.7418614625930786,2.2387702465057373,2.1964566707611084,1.501425862312317,0.4065935015678406,-0.6351410150527954,-1.2519551515579224,-1.5342289209365845,-1.8181935548782349,-2.2249085903167725,-2.502523899078369,-2.2842628955841064,-1.5235687494277954,-0.6989826560020447,-0.385389119386673,-0.7063582539558411,-1.284474492073059,-1.6407675743103027
3.6439714431762695,3.9129092693328857,3.832690954208374,3.195981740951538,2.3020174503326416,1.6325044631958008,1.2807974815368652,1.0719019174575806,0.743816614151001,0.3297351896762848,0.03751496970653534,0.1028265729546547,0.7952880263328552,2.0513813495635986,3.4192721843719482,4.354784965515137,4.503355979919434,3.8570592403411865,3.030623435974121,2.901434898376465,3.08329439163208,2.5540833473205566,1.531807780265808,0.7435332536697388,0.7330173254013062,1.3259252309799194,2.050926446914673,2.429447889328003,2.134636878967285,1.1453101634979248,-0.12858891487121582,-1.0593358278274536,-1.4895943403244019,-1.765791416168213,-2.1695947647094727,-2.6174068450927734,-2.704606294631958,-2.2125537395477295,-1.4541521072387695,-0.9956074953079224,-1.1555248498916626,-1.7405120134353638,-2.1525120735168457
4.060352802276611,4.776538372039795,5.557708263397217,5.437086582183838,4.221391677856445,2.672987699508667,1.6820635795593262,1.206894874572754,0.8810453414916992,0.6394413113594055,0.6685941815376282,1.1196388006210327,1.9466445446014404,2.9041993618011475,3.7811574935913086,4.5478010177612305,4.976236343383789,4.773785591125488,4.249907493591309,4.157695770263672,3.972484827041626,2.7689788341522217,1.3762922286987305,0.4948607385158539,0.4019922912120819,0.9431246519088745,1.7219188213348389,2.347302198410034,2.4837419986724854,1.8823109865188599,0.6456755995750427,-0.48651161789894104,-0.9912989735603333,-1.2152724266052246,-1.6887847185134888,-2.4121267795562744,-2.8146188259124756,-2.578836441040039,-1.987226128578186,-1.539968490600586,-1.5746619701385498,-1.9905974864959717,-2.2272109985351562
4.77176570892334,5.589911460876465,6.645034313201904,6.945106029510498,5.9535088539123535,4.126493453979492,2.594426155090332,1.7918221950531006,1.4384186267852783,1.2754745483398438,1.4025520086288452,2.0458433628082275,3.0849342346191406,4.062027454376221,4.540282249450684,4.597158908843994,4.623290538787842,4.520157337188721,4.540694236755371,5.107940196990967,5.051394462585449,3.228266954421997,1.333979606628418,0.27599868178367615,0.0639321580529213,0.5623555779457092,1.4192898273468018,2.191971778869629,2.6075620651245117,2.39332914352417,1.4060070514678955,0.21617372334003448,-0.3888623118400574,-0.6083175539970398,-1.112866997718811,-2.0507147312164307,-2.799992322921753,-2.885204792022705,-2.5354902744293213,-2.1850392818450928,-2.0612285137176514,-2.0542757511138916,-1.7915370464324951
5.622231960296631,6.706056594848633,7.65847110748291,7.761446475982666,6.957027435302734,5.459707736968994,3.9524691104888916,2.8882055282592773,2.268860101699829,2.0415244102478027,2.2380032539367676,2.900798797607422,3.8429651260375977,4.7169647216796875,5.140252113342285,4.976640701293945,4.53377628326416,4.072843551635742,4.229264259338379,5.327889442443848,5.740912437438965,3.6920294761657715,1.2303756475448608,-0.0769709125161171,-0.3863714039325714,0.08520649373531342,0.9953539967536926,1.950376033782959,2.666409492492676,2.8539443016052246,2.2653632164001465,1.1542986631393433,0.3057265877723694,-0.14815956354141235,-0.7338905334472656,-1.6726858615875244,-2.5751492977142334,-2.975367784500122,-2.938408374786377,-2.7741641998291016,-2.5662171840667725,-2.1191787719726562,-1.2748340368270874
6.368194580078125,7.608774662017822,8.329648971557617,8.081659317016602,7.357038974761963,6.465984344482422,5.449948787689209,4.392491340637207,3.4767005443573,2.9926631450653076,3.125762939453125,3.6814255714416504,4.31300163269043,4.802999019622803,5.050917625427246,4.936014652252197,4.516108989715576,4.058419704437256,4.22181510925293,5.337713718414307,5.961148738861084,4.089614391326904,1.0145399570465088,-0.5657373666763306,-1.0011228322982788,-0.6652418375015259,0.23330171406269073,1.3928998708724976,2.4651267528533936,3.116137742996216,3.052567481994629,2.2644224166870117,1.2070893049240112,0.3473960757255554,-0.43192705512046814,-1.3289014101028442,-2.148946762084961,-2.6434850692749023,-2.802398681640625,-2.8087973594665527,-2.658714532852173,-2.0908191204071045,-0.9877201914787292
6.973367214202881,8.090035438537598,8.186505317687988,7.533323287963867,6.927375793457031,6.611294269561768,6.322856903076172,5.765219688415527,5.0175628662109375,4.524556636810303,4.376604080200195,4.455958843231201,4.59700870513916,4.6250481605529785,4.591525077819824,4.423280715942383,4.0939040184021,3.945014476776123,4.425202369689941,5.325144290924072,5.935194969177246,4.507190227508545,0.954197883605957,-0.9399717450141907,-1.4940482378005981,-1.4257384538650513,-0.7324305772781372,0.43439191579818726,1.6848691701889038,2.699950695037842,3.198215961456299,2.982562303543091,2.1387939453125,1.1153576374053955,0.15728759765625,-0.7684264183044434,-1.520103096961975,-1.9103444814682007,-1.9904587268829346,-1.9884095191955566,-1.973875880241394,-1.6885530948638916,-0.8975574374198914
7.628257751464844,8.419331550598145,7.840301990509033,6.739084720611572,6.016287326812744,5.870731353759766,5.94455623626709,5.988286018371582,5.9541015625,6.023141860961914,5.986971378326416,5.55935001373291,4.950877666473389,4.463657379150391,4.200828552246094,3.983874559402466,3.598598003387451,3.5726611614227295,4.2112579345703125,5.0467000007629395,5.512126922607422,4.657416820526123,1.7037166357040405,-0.5382952690124512,-1.2681348323822021,-1.4816532135009766,-1.2944172620773315,-0.5907971858978271,0.487379789352417,1.7020758390426636,2.6781222820281982,3.057016134262085,2.713749885559082,1.880915641784668,0.9453531503677368,0.10137718170881271,-0.5386975407600403,-0.7553970217704773,-0.6237554550170898,-0.5162479281425476,-0.6587250232696533,-0.8984923958778381,-0.8081463575363159
8.361024856567383,8.685138702392578,7.856638431549072,6.6925177574157715,5.8339128494262695,5.418423175811768,5.280652046203613,5.377447605133057,5.8395609855651855,6.5747551918029785,7.058544635772705,6.828779220581055,5.875317573547363,4.822109699249268,4.117854118347168,3.6809380054473877,3.168246030807495,2.9890685081481934,3.618037223815918,4.6400251388549805,5.123481273651123,4.553042888641357,2.6723341941833496,0.6813055872917175,-0.19742640852928162,-0.7239587306976318,-1.06928551197052,-0.9145668148994446,-0.1453707218170166,1.0765914916992188,2.244067668914795,2.9125239849090576,2.9251301288604736,2.3856871128082275,1.5389152765274048,0.7922510504722595,0.4697508215904236,0.685747504234314,1.1259878873825073,1.214781641960144,0.7722426652908325,0.03272929787635803,-0.5171923637390137
9.316876411437988,8.88645076751709,8.244036674499512,7.564606666564941,6.821116924285889,5.954413414001465,5.152170658111572,4.811451435089111,5.264077186584473,6.229004383087158,7.130886077880859,7.500766277313232,6.965624809265137,5.723865985870361,4.633537769317627,3.432255744934082,2.303356170654297,1.9674371480941772,2.7090702056884766,4.135147571563721,5.082563877105713,4.959738254547119,3.6773195266723633,1.955061435699463,0.6689474582672119,-0.17803117632865906,-0.7489185333251953,-0.673697829246521,0.08154384791851044,1.2158186435699463,2.2523250579833984,2.7815895080566406,2.80167293548584,2.5051703453063965,1.8920934200286865,1.1977213621139526,1.0687795877456665,1.7593530416488647,2.664839506149292,2.795471429824829,2.0647194385528564,0.9421597719192505,0.036691728979349136
10.623623847961426,9.163219451904297,8.349248886108398,8.235125541687012,8.155552864074707,7.264414310455322,5.814627647399902,4.829551696777344,4.871829986572266,5.607685565948486,6.448603630065918,7.188608646392822,7.4778361320495605,6.455451488494873,4.6790595054626465,2.8582870960235596,1.069370985031128,0.24211017787456512,1.0358428955078125,2.9161572456359863,4.47072172164917,5.180574417114258,4.776009559631348,3.7067863941192627,2.1334686279296875,0.44352787733078003,-0.4074980914592743,-0.16488532721996307,0.5929407477378845,1.4904706478118896,2.3324618339538574,2.814931869506836,2.7178308963775635,2.3861284255981445,2.0695881843566895,1.6638072729110718,1.587835431098938,2.3068017959594727,3.460759162902832,3.800628662109375,3.0245020389556885,1.7185451984405518,0.7261983156204224
11.630060195922852,9.612996101379395,8.277288436889648,8.032005310058594,8.596344947814941,8.519018173217773,6.854740142822266,5.1183762550354,4.531031608581543,4.835159778594971,5.4626336097717285,6.236478805541992,6.983520030975342,6.838381767272949,5.0215911865234375,2.475088596343994,0.36351242661476135,-1.3178479671478271,-1.6001670360565186,0.284659206867218,2.58613920211792,4.154511451721191,4.804956436157227,4.2977495193481445,3.0954554080963135,1.8807545900344849,1.3194315433502197,1.3438211679458618,1.4908225536346436,1.8888059854507446,2.6221346855163574,3.214665651321411,3.2122061252593994,2.6616485118865967,2.279303789138794,2.1655895709991455,2.2333123683929443,2.727689027786255,3.5872159004211426,3.977320909500122,3.3952291011810303,2.15874981880188,1.2484557628631592
11.787602424621582,9.719186782836914,8.123230934143066,7.379959583282471,7.802562713623047,8.705564498901367,8.170523643493652,5.74793815612793,3.5594286918640137,2.7909557819366455,3.408487319946289,4.674886703491211,5.837225437164307,6.222593307495117,5.308252811431885,3.7769808769226074,2.4353699684143066,0.345390260219574,-2.163466691970825,-2.3985660076141357,-0.1444452404975891,2.3104054927825928,3.855933427810669,3.92814040184021,2.949301242828369,2.3287644386291504,2.2679378986358643,1.8701220750808716,1.5386940240859985,2.0729005336761475,3.050370216369629,3.7224693298339844,3.7267394065856934,3.297604560852051,2.803851366043091,2.678856134414673,2.8227968215942383,3.0786314010620117,3.3564889430999756,3.4258511066436768,3.034822702407837,2.0682568550109863,1.350723147392273
11.473163604736328,9.441362380981445,7.617519378662109,6.458583354949951,6.443863391876221,7.657995700836182,8.535161972045898,7.165202617645264,3.8938655853271484,1.0676968097686768,0.2045784443616867,1.387423038482666,3.230497360229492,4.433552265167236,4.3782639503479,3.8739471435546875,4.264567852020264,4.331644058227539,1.7820571660995483,-1.3382923603057861,-1.8795464038848877,0.1427558809518814,2.2877447605133057,2.998887777328491,2.3931422233581543,1.716971755027771,1.1621482372283936,0.5395281910896301,0.6090103387832642,1.6467831134796143,2.880460262298584,3.73730731010437,3.9266018867492676,3.8250720500946045,3.578941822052002,3.38460373878479,3.315011739730835,3.192321538925171,2.8737316131591797,2.495779275894165,2.2065670490264893,1.627010464668274,1.2253928184509277
