data/wind_data/wind_70_8.json
{"header": {"parameterUnit": "KT", "parameterCategory": 2, "nx": 256, "ny": 198, "lo1": 44.73521041870117, "la1": -3.236724853515625, "lo2": 111.26478576660156, "la2": 43.468475341796875, "dx": 0.2609002888202667, "dy": -0.23708222806453705, "refTime": "2025-02-21 22:00:00", "forecastTime": 0, "parameterNumber": 2, "parameterNumberName": "eastward_wind"}, "data":
[rows 133 to 151 of 198, columns 88 to 131 of 256]
51.00517654418945,50.24417495727539,56.738983154296875,63.02717971801758,64.7961196899414,62.8481330871582,59.34341049194336,55.80667495727539,54.31610870361328,56.58652877807617,58.61562728881836,56.24929428100586,52.457061767578125,50.70503234863281,50.62092971801758,51.018550872802734,51.502601623535156,52.309539794921875,53.81622314453125,55.53772735595703,56.32985305786133,55.961669921875,55.291072845458984,54.926265716552734,55.20793533325195,55.9031867980957,55.45163345336914,53.167232513427734,50.669254302978516,49.67933654785156,49.382598876953125,47.51729202270508,44.158592224121094,41.73988723754883,41.00049591064453,41.56742477416992,43.21650314331055,44.72398376464844,44.48909378051758,42.710941314697266,40.98517990112305,40.017189025878906,39.59831237792969,39.531978607177734
50.227291107177734,46.757179260253906,52.12276840209961,58.34684753417969,60.80995178222656,61.13855743408203,59.943626403808594,57.091392517089844,55.36281967163086,57.19684982299805,58.930816650390625,56.87478256225586,53.619441986083984,52.03276062011719,51.6424560546875,51.45022201538086,51.277164459228516,51.454750061035156,52.44218826293945,54.03749084472656,55.493587493896484,56.11191940307617,55.76011276245117,55.03231430053711,54.95842361450195,55.739418029785156,55.81973648071289,53.84793472290039,51.098846435546875,49.672054290771484,49.64935302734375,49.403926849365234,47.71237564086914,45.19324493408203,42.93911361694336,41.90993881225586,42.69348907470703,43.91191101074219,43.013938903808594,40.152015686035156,38.224056243896484,38.46392059326172,39.23994064331055,39.341983795166016
50.91981506347656,44.570926666259766,47.43625259399414,54.18338394165039,57.82029724121094,58.33902359008789,57.59495162963867,56.45243835449219,56.50436019897461,57.82277297973633,57.98900604248047,55.934356689453125,53.834442138671875,53.13759231567383,53.151004791259766,53.09280014038086,52.76303482055664,52.12709426879883,51.629573822021484,52.12694549560547,53.65287399291992,54.991416931152344,55.124568939208984,54.58580017089844,54.603919982910156,55.36550521850586,55.59558868408203,54.014404296875,51.21031188964844,49.13727951049805,48.93553161621094,49.894229888916016,50.202152252197266,48.622135162353516,46.0574836730957,44.093528747558594,43.2551383972168,43.16083526611328,42.30303955078125,40.12799072265625,38.25906753540039,37.97602844238281,38.393306732177734,38.506752014160156
53.63090133666992,47.12993240356445,44.925540924072266,49.36984634399414,54.13054275512695,56.107635498046875,56.051082611083984,55.6301383972168,55.98872756958008,56.3260383605957,55.82965850830078,54.88085174560547,54.483028411865234,54.55895233154297,54.70586013793945,54.881587982177734,54.9234619140625,54.1840934753418,52.53081512451172,51.420021057128906,51.9683952331543,53.167083740234375,53.54650115966797,53.29922103881836,53.49594497680664,54.286277770996094,54.4325065612793,52.999629974365234,50.878822326660156,49.43885040283203,48.917415618896484,49.153900146484375,49.634368896484375,49.35774230957031,48.16654586791992,46.643131256103516,44.71607971191406,42.60360336303711,41.17286682128906,40.041561126708984,38.993141174316406,38.492210388183594,38.519737243652344,38.48231506347656
57.60491180419922,54.014434814453125,48.18865203857422,46.91102600097656,49.2111701965332,52.343475341796875,54.476932525634766,54.99671173095703,54.48505401611328,53.609519958496094,52.89803695678711,53.319557189941406,54.60786819458008,55.51953887939453,55.88765335083008,56.287715911865234,56.67707824707031,56.17961120605469,54.28657150268555,52.02470779418945,51.01642608642578,51.223236083984375,51.29657745361328,50.8903694152832,50.912986755371094,51.618080139160156,51.909114837646484,51.224029541015625,50.40516662597656,50.088966369628906,49.796958923339844,49.06455612182617,47.97866439819336,47.11235427856445,47.02067184448242,47.265594482421875,46.296138763427734,43.328582763671875,40.09913635253906,38.479251861572266,38.19606399536133,38.20433044433594,37.78971481323242,37.47512435913086
59.7377815246582,58.638973236083984,53.20084762573242,49.186798095703125,48.266845703125,49.853981018066406,52.061248779296875,52.90837097167969,52.663299560546875,52.229087829589844,51.68305587768555,51.994956970214844,53.3257942199707,54.556678771972656,55.34820556640625,56.115901947021484,56.60604476928711,56.20366287231445,54.679054260253906,52.46090316772461,50.763973236083984,50.066802978515625,49.383853912353516,48.324317932128906,47.789180755615234,48.176971435546875,48.87800598144531,49.435672760009766,49.90219497680664,50.182743072509766,50.09370040893555,49.01831817626953,46.53390884399414,44.16539764404297,43.87583923339844,45.09473419189453,45.52729415893555,43.439510345458984,39.80929183959961,37.44556427001953,36.90822982788086,36.46461868286133,36.01553726196289,36.3937873840332
58.8333854675293,58.37413024902344,54.696136474609375,51.63505172729492,50.13224411010742,49.906009674072266,50.67901611328125,51.520286560058594,52.1386604309082,52.435489654541016,51.99296569824219,51.52238845825195,51.96561813354492,52.93974304199219,53.873531341552734,54.586849212646484,54.860511779785156,54.60738754272461,53.83929443359375,52.47860336303711,50.94810485839844,49.67314529418945,48.246864318847656,46.64706039428711,45.551475524902344,45.310298919677734,45.99219512939453,47.48179626464844,49.012847900390625,49.67118453979492,49.30415725708008,47.757381439208984,45.06128692626953,42.42308044433594,41.52873229980469,42.44890594482422,43.21285629272461,41.24794387817383,37.92169189453125,36.74715042114258,36.5242805480957,34.97711944580078,34.59510803222656,35.70575714111328
55.855979919433594,55.624900817871094,53.14326858520508,51.45151138305664,50.795379638671875,50.300716400146484,50.31740188598633,51.01038360595703,51.95262908935547,52.612430572509766,52.37583541870117,51.57768249511719,51.43140411376953,52.128517150878906,52.93533706665039,53.33137893676758,53.20967102050781,52.947635650634766,52.772396087646484,52.282779693603516,51.056705474853516,49.270408630371094,47.28150177001953,45.469932556152344,43.99213409423828,42.97307586669922,43.47861099243164,45.723941802978516,47.91349411010742,48.46137619018555,47.17742156982422,44.89057922363281,42.86347579956055,41.712162017822266,41.33180618286133,41.34307098388672,40.39418411254883,37.26669692993164,34.954742431640625,35.448822021484375,34.43183517456055,31.424564361572266,32.01648712158203,34.84925842285156
52.589717864990234,52.974945068359375,51.01552200317383,49.82660675048828,49.94049835205078,49.939823150634766,49.72581481933594,49.976539611816406,50.915283203125,52.1664924621582,52.381587982177734,51.47627639770508,50.833473205566406,51.365116119384766,52.32302474975586,52.79423141479492,52.34193801879883,51.76009750366211,51.819557189941406,51.926307678222656,50.92957305908203,48.651527404785156,46.08658981323242,44.089447021484375,42.38632583618164,41.17406463623047,42.01222229003906,44.517845153808594,46.40583038330078,46.36375045776367,44.5395393371582,42.22093200683594,41.19268035888672,41.47927474975586,41.609230041503906,40.3286247253418,37.083126068115234,33.82877731323242,33.67060470581055,33.26585006713867,28.648710250854492,25.62847137451172,30.22527313232422,35.85662078857422
49.936832427978516,50.99727249145508,49.098976135253906,47.6747932434082,48.22183609008789,48.990779876708984,48.73720169067383,48.339210510253906,49.321128845214844,51.29146957397461,51.665382385253906,50.28708267211914,49.412628173828125,50.14984130859375,51.664878845214844,52.40290451049805,51.78738021850586,51.06087875366211,51.330589294433594,51.75696563720703,50.73543930053711,47.886356353759766,44.55801010131836,42.156829833984375,40.61310958862305,39.95341491699219,40.97221755981445,43.03678894042969,44.51712417602539,44.43605041503906,42.698768615722656,40.66267395019531,40.29127883911133,40.892059326171875,40.69626235961914,38.657752990722656,34.79256820678711,32.68168258666992,33.31675338745117,30.420886993408203,24.414113998413086,25.1273250579834,33.0455322265625,39.166114807128906
48.73162078857422,49.86356735229492,47.88801193237305,45.72823715209961,45.86100387573242,47.2350959777832,47.62421798706055,47.22538375854492,48.386085510253906,50.441463470458984,49.95375442504883,47.66240692138672,46.773231506347656,48.34100341796875,50.77054977416992,51.75423049926758,51.266868591308594,50.91744613647461,51.287174224853516,51.30208206176758,49.85142135620117,46.74570846557617,43.12295913696289,40.66807174682617,39.58231735229492,39.279022216796875,39.936588287353516,41.553558349609375,42.955970764160156,42.851219177246094,41.07516860961914,39.35813903808594,39.402740478515625,39.931461334228516,39.6126823425293,37.75252914428711,34.54987335205078,32.91881561279297,32.16541290283203,28.192670822143555,25.400930404663086,30.09608268737793,37.78278732299805,39.996429443359375
49.747745513916016,49.41921615600586,46.80707550048828,44.44818115234375,44.258506774902344,45.58198547363281,46.31998062133789,46.66680908203125,48.249080657958984,49.484169006347656,47.058502197265625,43.59063720703125,43.24693298339844,46.23349380493164,49.65180206298828,51.16642379760742,51.13249206542969,50.761966705322266,50.32331085205078,49.4731559753418,47.9428825378418,45.4474983215332,42.563514709472656,40.58601379394531,39.656593322753906,39.05873107910156,39.08879852294922,40.172889709472656,41.24545669555664,40.963958740234375,39.46750259399414,38.353397369384766,38.63520050048828,39.23114013671875,39.16641616821289,37.84916687011719,35.4725227355957,33.06573486328125,30.5325870513916,27.97266387939453,29.59817886352539,35.16484451293945,38.78073501586914,37.523704528808594
51.51438522338867,49.205810546875,45.48954772949219,43.48528289794922,43.60399627685547,44.437469482421875,45.02294158935547,46.02016830444336,47.70791244506836,47.578365325927734,43.490230560302734,39.527618408203125,40.2109260559082,44.49077224731445,48.58379364013672,50.4755973815918,50.60729217529297,49.73908233642578,48.408119201660156,47.00830841064453,45.753482818603516,44.226348876953125,42.38457107543945,40.94269561767578,40.02114486694336,39.03650665283203,38.36020278930664,38.65715026855469,39.25105285644531,39.09150314331055,38.34105682373047,37.94504165649414,38.27580642700195,38.65697479248047,38.63267517089844,37.802879333496094,35.62815475463867,32.91339874267578,30.769638061523438,30.449100494384766,32.487205505371094,35.73033905029297,37.34906768798828,37.153594970703125
51.75054931640625,49.04621505737305,45.06502914428711,43.147705078125,43.77033615112305,44.41934585571289,44.44926452636719,45.0262336730957,45.95613479614258,45.00657653808594,40.978240966796875,37.512672424316406,38.87794494628906,43.61231231689453,47.64586639404297,49.38788604736328,49.362220764160156,48.138851165771484,46.23551559448242,44.55957794189453,43.643131256103516,42.83659744262695,41.57193374633789,40.40144729614258,39.55965805053711,38.524532318115234,37.488773345947266,37.197837829589844,37.488155364990234,37.79070281982422,37.88800811767578,37.7465705871582,37.321285247802734,37.002742767333984,37.29960250854492,36.95714569091797,35.10051727294922,32.723472595214844,31.41811180114746,31.453083038330078,32.705387115478516,35.263484954833984,37.188140869140625,38.15550231933594
50.147945404052734,48.33378601074219,45.43894577026367,43.72109603881836,44.497406005859375,45.431007385253906,45.15511703491211,44.72734069824219,44.12914276123047,42.137115478515625,39.000057220458984,37.24434280395508,39.31509780883789,43.521080017089844,46.59770202636719,47.65286636352539,47.30175018310547,45.967041015625,43.99183654785156,42.2744140625,41.40109634399414,40.66554260253906,39.52680206298828,38.63558578491211,38.15425491333008,37.37660217285156,36.39830017089844,36.04032897949219,36.307960510253906,36.70370101928711,36.93067932128906,36.6240119934082,35.62998962402344,35.2413330078125,35.51262283325195,35.24339294433594,33.65724563598633,31.757247924804688,30.705097198486328,30.90555191040039,32.87422561645508,35.31181335449219,36.792179107666016,38.6600341796875
48.52760314941406,46.86271667480469,44.74681091308594,43.66609191894531,44.798221588134766,46.254188537597656,45.93769073486328,44.47426986694336,42.4537467956543,39.559913635253906,37.21040725708008,37.37369918823242,40.13264846801758,43.29301071166992,44.965946197509766,45.076011657714844,44.37215805053711,43.260841369628906,41.71193313598633,40.10547637939453,38.93259048461914,37.94141387939453,37.00373077392578,36.562103271484375,36.305484771728516,35.6088752746582,34.99103546142578,34.840118408203125,34.7974967956543,35.11423873901367,35.70481872558594,35.53932571411133,34.568668365478516,34.102203369140625,34.399627685546875,34.260066986083984,32.550872802734375,30.031862258911133,29.138301849365234,31.492122650146484,35.14009094238281,37.051780700683594,37.42080307006836,39.029998779296875
46.88932418823242,44.712066650390625,42.90986633300781,42.77274703979492,44.47792053222656,45.93302536010742,45.24848175048828,43.11842346191406,40.459144592285156,37.43423843383789,35.83216094970703,37.157615661621094,39.89117431640625,41.88475036621094,42.36474609375,41.81956481933594,41.02022933959961,40.12245559692383,39.02621841430664,37.784507751464844,36.51363754272461,35.44618225097656,34.889930725097656,34.78303146362305,34.526275634765625,34.00377655029297,33.673919677734375,33.46454620361328,33.526798248291016,34.300865173339844,34.97663879394531,34.67140197753906,34.068111419677734,33.865943908691406,33.98246383666992,33.59362030029297,32.069820404052734,30.12323760986328,29.964824676513672,32.99263381958008,37.12983322143555,39.320335388183594,39.098533630371094,38.78505325317383
44.57413864135742,42.5255126953125,41.3217658996582,42.02582931518555,43.65538024902344,44.107547760009766,42.73037338256836,40.60353469848633,38.10977554321289,35.390838623046875,34.36570358276367,36.09241485595703,38.51191711425781,39.473514556884766,39.0320930480957,38.397796630859375,37.87049102783203,37.14638900756836,36.40634536743164,35.57749938964844,34.42428970336914,33.60163879394531,33.61638641357422,33.897396087646484,33.7518196105957,33.36271667480469,33.111083984375,33.08891677856445,33.54416275024414,34.21330261230469,34.26808547973633,34.01788330078125,33.88739776611328,33.354209899902344,32.60265350341797,32.630279541015625,32.99724197387695,32.86135482788086,33.024471282958984,34.719322204589844,37.91226577758789,40.209075927734375,39.7187385559082,37.85305404663086
41.717220306396484,40.706031799316406,40.71337890625,41.31110382080078,41.61656951904297,40.92533493041992,39.667625427246094,38.03406524658203,35.672698974609375,33.399471282958984,32.93001937866211,34.43268966674805,35.89882278442383,35.989009857177734,35.44552993774414,35.41046142578125,35.61265563964844,35.32151794433594,34.572261810302734,33.525665283203125,32.53122329711914,32.30926513671875,32.87134552001953,33.444393157958984,33.52201461791992,33.35164260864258,33.44569396972656,33.772125244140625,33.90928268432617,33.71440124511719,33.56023406982422,33.56757736206055,33.13135528564453,31.967880249023438,31.412792205810547,32.927310943603516,35.18906784057617,36.21936798095703,36.16303634643555,36.86119842529297,39.05424880981445,40.871707916259766,40.452762603759766,38.13264465332031
