data/wind_data/wind_57_4.json
{"header": {"parameterUnit": "KT", "parameterCategory": 2, "nx": 256, "ny": 198, "lo1": 44.73521041870117, "la1": -3.236724853515625, "lo2": 111.26478576660156, "la2": 43.468475341796875, "dx": 0.2609002888202667, "dy": -0.23708222806453705, "refTime": "2025-02-21 09:00:00", "forecastTime": 0, "parameterNumber": 2, "parameterNumberName": "eastward_wind"}, "data":
[rows 0 to 18 of 198, columns 0 to 43 of 256]
6.5092902183532715,6.533939838409424,6.712003707885742,7.03922700881958,7.132904529571533,7.034464359283447,6.976440906524658,6.952728748321533,7.050888538360596,7.2256269454956055,7.48580265045166,7.60849666595459,7.106552600860596,6.400997638702393,5.716554641723633,5.3361287117004395,5.728707313537598,5.904590129852295,5.329540252685547,4.934121608734131,4.959929943084717,5.044266700744629,5.16273832321167,5.117598533630371,4.901381492614746,4.610666275024414,4.239625930786133,3.7397773265838623,3.167994737625122,2.747860908508301,2.4602930545806885,2.365175485610962,2.424401044845581,2.6272025108337402,2.88835072517395,3.1327555179595947,3.305814743041992,3.306293249130249,3.3323135375976562,3.4889814853668213,3.5905098915100098,3.5910630226135254,3.552055835723877,3.4821388721466064
6.214895725250244,6.452264308929443,6.8268208503723145,7.302944660186768,7.341697692871094,6.975429534912109,6.799167156219482,6.680626392364502,6.6518330574035645,6.756866931915283,6.944546699523926,7.043100833892822,6.347156524658203,5.457825183868408,4.904524326324463,4.675994873046875,5.035645008087158,5.1141510009765625,4.59417724609375,4.36242151260376,4.41378927230835,4.362130641937256,4.461034297943115,4.5114593505859375,4.401093006134033,4.135129451751709,3.79892635345459,3.422140121459961,2.902272939682007,2.5237832069396973,2.449239730834961,2.5575110912323,2.6996655464172363,2.970931053161621,3.1636321544647217,3.338610887527466,3.517946720123291,3.395000457763672,3.330303907394409,3.5042340755462646,3.7034106254577637,3.857577085494995,3.8009705543518066,3.614140748977661
5.861818790435791,6.276468276977539,6.870857238769531,7.429142475128174,7.530288219451904,6.974608898162842,6.635984897613525,6.444999694824219,6.3007707595825195,6.34300422668457,6.495202541351318,6.502211093902588,5.7394328117370605,4.800004005432129,4.235058784484863,3.9396250247955322,4.092721462249756,4.130221843719482,3.8270325660705566,3.7490406036376953,3.864518642425537,3.8460285663604736,3.838338613510132,3.8978614807128906,3.917213201522827,3.668375015258789,3.350008010864258,3.1950907707214355,2.9858853816986084,2.743739604949951,2.644069194793701,2.5861153602600098,2.611546039581299,2.902421474456787,3.153024196624756,3.4029297828674316,3.585352659225464,3.4841854572296143,3.403385639190674,3.498497486114502,3.7304069995880127,3.9481496810913086,3.8772246837615967,3.5971121788024902
5.6029205322265625,6.08113956451416,6.768526077270508,7.2672319412231445,7.638185024261475,7.023487091064453,6.574650764465332,6.275802135467529,6.021600723266602,6.010711193084717,5.998428821563721,5.643410682678223,4.8661723136901855,4.080063343048096,3.549546003341675,3.2508199214935303,3.2830793857574463,3.3659958839416504,3.3035616874694824,3.309056520462036,3.4434213638305664,3.5477969646453857,3.5664172172546387,3.5589163303375244,3.5432491302490234,3.283080577850342,2.922055959701538,2.8236844539642334,2.871913433074951,2.845949649810791,2.7843286991119385,2.5335593223571777,2.513471841812134,2.810457944869995,3.1101415157318115,3.412320375442505,3.5983521938323975,3.607877254486084,3.518754720687866,3.5314180850982666,3.737281084060669,3.8986902236938477,3.7936367988586426,3.5262629985809326
5.6089091300964355,5.812302112579346,6.4679107666015625,7.03689432144165,7.992575168609619,6.862812042236328,6.224533557891846,5.970607757568359,6.012207508087158,6.21683931350708,5.267623424530029,2.9521143436431885,1.8740302324295044,1.8604530096054077,1.809141993522644,1.834859848022461,2.100825309753418,2.614499807357788,3.0408527851104736,3.0690512657165527,2.9649953842163086,3.03956937789917,3.24198842048645,3.1146018505096436,2.56693434715271,2.2254509925842285,2.0444743633270264,2.001405715942383,2.039018392562866,2.04567551612854,2.120291233062744,1.679137110710144,2.2038333415985107,2.7299160957336426,3.023855209350586,2.9463765621185303,3.150700807571411,3.4817981719970703,3.5590240955352783,3.6957755088806152,3.965015172958374,4.184704780578613,3.912109851837158,3.4230339527130127
5.489181041717529,5.349282264709473,5.963247299194336,6.658924579620361,7.53033447265625,5.941174507141113,5.340206623077393,5.3129563331604,5.270106315612793,3.9644644260406494,1.3846088647842407,0.007086769212037325,0.47784659266471863,0.6296076774597168,0.6466585993766785,0.7712905406951904,1.0674439668655396,1.4834064245224,1.8663545846939087,1.873928189277649,1.9477946758270264,2.1201894283294678,2.249890089035034,1.9741570949554443,1.2623751163482666,1.0262550115585327,1.2403746843338013,1.4586659669876099,1.5974820852279663,1.4244778156280518,1.253466248512268,1.1659091711044312,1.7219493389129639,2.5069491863250732,2.845674991607666,2.8834216594696045,2.9633190631866455,3.347992420196533,3.5449631214141846,3.8998236656188965,4.213934898376465,4.32869815826416,4.094374179840088,3.6568055152893066
5.149772644042969,4.679432392120361,5.182358264923096,5.97197961807251,7.009934425354004,5.640524387359619,5.064359188079834,4.494283676147461,3.912832260131836,2.118945598602295,-0.9497910737991333,-1.4413518905639648,-0.8578598499298096,-1.2181341648101807,-0.8595702648162842,-0.7543244957923889,-0.481727659702301,-0.03586430102586746,0.5199874639511108,0.535224974155426,0.7138335108757019,0.9613597393035889,0.9767636060714722,0.7858161330223083,0.49852272868156433,0.4548282027244568,0.7193886041641235,1.0412660837173462,1.1608513593673706,1.124894142150879,1.194970965385437,1.4741172790527344,1.6233420372009277,2.1541197299957275,2.3522350788116455,2.614870309829712,2.709259271621704,3.035456418991089,3.156583547592163,3.466238021850586,3.8021013736724854,3.9071781635284424,3.6429827213287354,3.298851251602173
4.4711737632751465,3.8163654804229736,4.2175798416137695,5.05193567276001,6.5886383056640625,5.135003566741943,3.840884208679199,2.6234560012817383,1.3039686679840088,-0.07336617261171341,-2.556351900100708,-2.0088889598846436,-0.31672313809394836,-2.171865701675415,-2.2266979217529297,-2.4752275943756104,-2.676588773727417,-2.1140737533569336,-1.1557079553604126,-0.60008704662323,-0.37625062465667725,-0.516045093536377,-0.7065700888633728,-0.6176669597625732,-0.3505633473396301,-0.1427292674779892,-0.024111319333314896,0.17186395823955536,0.4326714277267456,0.5413111448287964,0.6970110535621643,1.0292888879776,1.1760408878326416,1.5900979042053223,1.827669620513916,2.028374195098877,2.4044790267944336,2.510284423828125,2.799715995788574,3.066047191619873,3.327810049057007,3.1984481811523438,2.711848497390747,2.1607093811035156
3.3807010650634766,2.7457165718078613,3.038795232772827,3.7363204956054688,5.624447822570801,3.8639285564422607,1.7466145753860474,0.7074456214904785,-0.2826978266239166,-1.5174775123596191,-3.7498981952667236,-3.6792349815368652,-1.8012747764587402,-3.5915422439575195,-4.452559471130371,-4.713529586791992,-4.900274276733398,-4.1135969161987305,-2.8634846210479736,-2.1336817741394043,-1.7132455110549927,-1.855116367340088,-2.131443500518799,-1.9503087997436523,-1.489215612411499,-1.2314481735229492,-1.11858332157135,-0.9796740412712097,-0.6254405975341797,-0.211192786693573,0.17325307428836823,0.44461217522621155,0.6264841556549072,1.0182780027389526,1.7467329502105713,1.7969114780426025,2.1126458644866943,1.721396565437317,1.7333049774169922,2.3025217056274414,2.6277785301208496,2.4182283878326416,1.4650709629058838,1.0542018413543701
2.419332504272461,1.8032281398773193,2.007938861846924,2.4772133827209473,4.057858467102051,2.270188808441162,0.5717779397964478,-0.49243244528770447,-1.061294674873352,-2.057612657546997,-3.5901706218719482,-4.841444492340088,-3.9776198863983154,-4.343939781188965,-6.013785362243652,-6.729689121246338,-6.174445152282715,-4.361177921295166,-3.382688045501709,-3.610612154006958,-3.1645302772521973,-3.067654609680176,-3.0232009887695312,-2.7092654705047607,-2.2546133995056152,-2.0202856063842773,-1.89801824092865,-1.8337948322296143,-1.7452960014343262,-1.4403184652328491,-0.9176272749900818,-0.3468727171421051,0.1932678073644638,0.620608925819397,1.117583155632019,1.2372691631317139,1.173170804977417,0.8137161731719971,0.623176634311676,0.96147221326828,1.178606629371643,1.073616623878479,0.2848411202430725,-0.09121113270521164
1.6307684183120728,1.028486728668213,1.1365509033203125,1.2441774606704712,1.7361457347869873,0.4623650908470154,-0.2762351334095001,-1.6352845430374146,-2.0949525833129883,-2.9759621620178223,-4.337234020233154,-5.777863025665283,-5.920399188995361,-5.307235240936279,-6.53495979309082,-7.531579494476318,-6.607011795043945,-3.3635687828063965,-4.3503546714782715,-5.5489068031311035,-4.822361469268799,-4.646274089813232,-4.181666851043701,-3.504446506500244,-3.0097568035125732,-2.863799810409546,-2.8918302059173584,-2.93727970123291,-2.8891451358795166,-2.4221279621124268,-1.6814265251159668,-0.8880429267883301,-0.08572451025247574,0.5167251229286194,0.6635976433753967,0.6540722846984863,0.5873227119445801,0.6439330577850342,0.31962111592292786,-0.08105304837226868,-0.2315567582845688,-0.340382844209671,-0.6585487127304077,-1.0422415733337402
0.5592675805091858,0.02061687968671322,0.03439659997820854,-0.1326066553592682,-0.6132511496543884,-0.8385438919067383,-1.001771330833435,-2.7100331783294678,-3.43974232673645,-4.112624168395996,-5.158761501312256,-6.5286173820495605,-7.424805641174316,-7.1613335609436035,-6.835796356201172,-7.054703235626221,-6.470464706420898,-4.0437140464782715,-4.995965480804443,-6.501719951629639,-5.746425628662109,-5.2442946434021,-4.559413433074951,-4.057727813720703,-4.0836873054504395,-4.019458770751953,-3.9191763401031494,-3.7866034507751465,-3.4891579151153564,-2.707902431488037,-1.7718192338943481,-0.9629241228103638,-0.33923566341400146,0.041377563029527664,0.04923960939049721,0.03633760288357735,0.041702236980199814,-0.043629247695207596,-0.7406165599822998,-1.5096044540405273,-1.5358225107192993,-1.3511778116226196,-1.4937843084335327,-2.1904401779174805
-0.7760617136955261,-1.1868292093276978,-1.214292287826538,-1.3711493015289307,-2.1649999618530273,-2.0531399250030518,-2.161013126373291,-3.592341899871826,-4.459732532501221,-5.2426676750183105,-6.132298946380615,-7.0211615562438965,-7.8793792724609375,-8.117459297180176,-7.539585590362549,-6.938674449920654,-6.368533611297607,-5.345240592956543,-4.639223098754883,-5.743240833282471,-5.66033935546875,-4.792217254638672,-4.02752161026001,-4.128357887268066,-4.599719047546387,-4.474361419677734,-4.335770130157471,-4.2215046882629395,-3.8415181636810303,-3.180591106414795,-2.141597270965576,-1.1999201774597168,-0.9844555854797363,-1.4048357009887695,-1.8245445489883423,-1.8055768013000488,-1.5536853075027466,-1.459061861038208,-2.0194129943847656,-2.9252216815948486,-3.1568121910095215,-2.9286532402038574,-2.9114081859588623,-3.461174726486206
-2.1930782794952393,-2.341525077819824,-2.3379998207092285,-2.638066530227661,-3.609780788421631,-3.5400891304016113,-3.6265084743499756,-4.522643566131592,-5.233368873596191,-6.050162315368652,-6.513938903808594,-7.16243314743042,-7.992525100708008,-8.912215232849121,-8.716791152954102,-7.9822096824646,-6.872472286224365,-5.704187870025635,-5.498626232147217,-6.117893695831299,-6.368656158447266,-5.617288589477539,-5.059078693389893,-5.047200679779053,-5.304628372192383,-4.751407623291016,-4.711531162261963,-5.113986015319824,-4.628428936004639,-4.00150203704834,-2.9982709884643555,-2.284053087234497,-2.784269332885742,-4.067638397216797,-4.7606306076049805,-4.056076526641846,-3.0583014488220215,-2.55330491065979,-2.8364806175231934,-3.7914674282073975,-4.426097869873047,-4.322033882141113,-4.636911392211914,-5.080094337463379
-3.650516986846924,-3.527683973312378,-3.4502792358398438,-4.151687145233154,-5.5630974769592285,-5.2171502113342285,-5.800222396850586,-6.038123607635498,-6.416900634765625,-7.179248332977295,-7.740721702575684,-7.787325382232666,-7.7637104988098145,-8.291000366210938,-8.553807258605957,-8.499676704406738,-7.803165912628174,-7.184680461883545,-7.2443437576293945,-7.2103590965271,-7.511737823486328,-7.899601936340332,-7.918490409851074,-7.154539108276367,-6.387693405151367,-5.205837249755859,-5.737472057342529,-6.2583184242248535,-5.798470497131348,-5.3724870681762695,-4.508422374725342,-4.123262405395508,-4.949472904205322,-6.189939498901367,-6.47859525680542,-5.527419567108154,-4.879152774810791,-4.759448528289795,-4.8470072746276855,-5.2051100730896,-5.566714286804199,-5.65755558013916,-6.097907066345215,-6.2642107009887695
-4.911649227142334,-4.844742774963379,-4.634254455566406,-5.576552867889404,-7.714249134063721,-7.027614116668701,-7.683807373046875,-8.199694633483887,-8.58638858795166,-9.228378295898438,-9.631157875061035,-9.199653625488281,-8.704190254211426,-8.43671989440918,-8.797503471374512,-8.963228225708008,-8.499905586242676,-8.363550186157227,-8.418879508972168,-8.09235668182373,-8.293479919433594,-8.99334716796875,-9.159524917602539,-8.65665340423584,-7.81153678894043,-5.874788284301758,-7.4886794090271,-7.839737415313721,-6.776727199554443,-6.387371063232422,-5.889665126800537,-5.3987956047058105,-5.940197944641113,-6.83778190612793,-7.055190086364746,-6.46912956237793,-6.219417572021484,-6.501482009887695,-6.9328999519348145,-7.21603536605835,-7.260922908782959,-7.194349765777588,-7.491814136505127,-7.9324259757995605
-5.8820390701293945,-5.995643138885498,-5.664823532104492,-6.668100357055664,-9.423168182373047,-9.071999549865723,-9.774517059326172,-10.489834785461426,-10.989176750183105,-11.129729270935059,-10.844385147094727,-10.467081069946289,-9.938164710998535,-9.766443252563477,-9.748026847839355,-9.213568687438965,-8.51839542388916,-8.434601783752441,-8.519168853759766,-8.072566986083984,-8.40093994140625,-9.258467674255371,-9.739938735961914,-9.609291076660156,-8.734002113342285,-7.47785758972168,-8.13573932647705,-8.346504211425781,-7.246862411499023,-7.048229694366455,-6.668702125549316,-6.308015823364258,-7.190045356750488,-7.881308078765869,-8.032378196716309,-7.234189510345459,-6.655264377593994,-7.1546854972839355,-8.22184944152832,-8.853200912475586,-8.965784072875977,-8.816001892089844,-8.675457954406738,-8.846610069274902
-5.944390773773193,-6.303061485290527,-6.129558086395264,-7.560139179229736,-10.510988235473633,-10.507649421691895,-11.702276229858398,-12.691381454467773,-12.849746704101562,-12.671488761901855,-11.87232494354248,-10.994609832763672,-10.780050277709961,-11.114593505859375,-10.93753719329834,-10.01348876953125,-9.233306884765625,-8.763769149780273,-8.95423412322998,-8.617271423339844,-9.220818519592285,-10.228679656982422,-10.929278373718262,-10.535920143127441,-8.92611026763916,-6.867969036102295,-5.995835304260254,-6.849654674530029,-7.275047779083252,-7.223392009735107,-6.795895099639893,-7.126410484313965,-9.223458290100098,-10.399774551391602,-10.36386775970459,-8.507469177246094,-7.32957124710083,-7.684875965118408,-9.103409767150879,-9.814745903015137,-10.136811256408691,-10.141130447387695,-10.053122520446777,-10.160970687866211
-5.746447563171387,-5.913469314575195,-6.102986812591553,-8.026371955871582,-10.944180488586426,-11.346349716186523,-13.366082191467285,-14.74393367767334,-14.736250877380371,-14.07292652130127,-12.861649513244629,-11.770630836486816,-11.222721099853516,-11.19955825805664,-11.05113410949707,-10.119388580322266,-9.28640079498291,-9.076841354370117,-9.24527359008789,-9.174216270446777,-9.366524696350098,-10.2433443069458,-11.209114074707031,-11.38667106628418,-10.27639102935791,-9.169181823730469,-8.47093391418457,-8.442953109741211,-7.866360664367676,-6.779300212860107,-6.4485368728637695,-8.444502830505371,-12.376550674438477,-13.057804107666016,-11.380616188049316,-9.514237403869629,-8.776773452758789,-8.393111228942871,-9.856001853942871,-10.919209480285645,-11.375007629394531,-11.492331504821777,-11.466525077819824,-11.46390438079834
