data/wind_data/wind_19_7.json
{"header": {"parameterUnit": "KT", "parameterCategory": 2, "nx": 256, "ny": 198, "lo1": 44.73521041870117, "la1": -3.236724853515625, "lo2": 111.26478576660156, "la2": 43.468475341796875, "dx": 0.2609002888202667, "dy": -0.23708222806453705, "refTime": "2025-02-19 19:00:00", "forecastTime": 0, "parameterNumber": 2, "parameterNumberName": "eastward_wind"}, "data":
[rows 160 to 179 of 198, columns 44 to 87 of 256]
69.26859283447266,70.31291961669922,70.76382446289062,70.5637435913086,69.85586547851562,69.15235137939453,68.91000366210938,69.03496551513672,69.2735595703125,69.37987518310547,69.07937622070312,68.44831085205078,67.30662536621094,65.0159683227539,62.19001388549805,60.062191009521484,58.433799743652344,56.74040985107422,55.310157775878906,54.4288444519043,53.91282653808594,53.67180252075195,53.713401794433594,53.791622161865234,53.31208801269531,52.06792449951172,50.431941986083984,48.771446228027344,48.00483322143555,48.91120147705078,50.56018829345703,51.47802734375,51.2130241394043,50.40730667114258,49.775962829589844,49.115684509277344,47.97906494140625,46.97063446044922,45.30170440673828,43.424617767333984,43.04035568237305,42.580284118652344,41.5704231262207,41.08253860473633
69.71122741699219,69.96591186523438,69.87264251708984,69.09504699707031,67.76496124267578,66.76073455810547,66.560791015625,66.82373809814453,67.2451400756836,67.51786804199219,67.1292724609375,66.20455169677734,65.01918029785156,63.142433166503906,60.871761322021484,59.11113739013672,57.68319320678711,56.16368865966797,54.89921951293945,54.20673751831055,53.90644073486328,53.735076904296875,53.477882385253906,53.042110443115234,52.42348861694336,51.554039001464844,50.474761962890625,49.080223083496094,47.66790008544922,47.44491958618164,48.73445129394531,50.16767883300781,50.49582290649414,49.749027252197266,48.90426254272461,48.45117950439453,47.64576721191406,46.58945083618164,44.81241989135742,42.744041442871094,42.699501037597656,42.107398986816406,40.75076675415039,40.47200012207031
68.98839569091797,68.63130950927734,68.1882553100586,67.16834259033203,65.70742797851562,64.77517700195312,64.6528549194336,64.85762786865234,65.19086456298828,65.34161376953125,64.7933349609375,63.83627700805664,62.89073944091797,61.67879104614258,60.3482666015625,59.28290557861328,58.087242126464844,56.54636001586914,55.236724853515625,54.53654861450195,54.183528900146484,53.882659912109375,53.379981994628906,52.483558654785156,51.44239044189453,50.62750244140625,50.078372955322266,49.38502502441406,48.16573715209961,47.06612777709961,47.23813247680664,48.47513198852539,49.39461898803711,49.205596923828125,48.37997817993164,47.95895767211914,47.4771614074707,46.361663818359375,44.551429748535156,42.1938362121582,42.121185302734375,42.10810089111328,40.43623352050781,39.574825286865234
68.00904083251953,67.22891998291016,66.46431732177734,65.37574005126953,64.07929992675781,63.11007308959961,62.713138580322266,62.76968002319336,63.12682342529297,63.2463264465332,62.73341369628906,62.0673942565918,61.54888916015625,60.939674377441406,60.37274169921875,59.89562225341797,58.97433090209961,57.430023193359375,55.96512985229492,55.135711669921875,54.612937927246094,54.001373291015625,53.178531646728516,51.961463928222656,50.58986282348633,49.63728713989258,49.265811920166016,49.05128479003906,48.40768814086914,47.30534362792969,46.557525634765625,46.950767517089844,48.029319763183594,48.568477630615234,48.13338851928711,47.63534164428711,47.21210479736328,45.98860168457031,44.300880432128906,41.986305236816406,41.67767333984375,41.973628997802734,40.43471908569336,39.180747985839844
66.5972900390625,65.5010986328125,64.61135864257812,63.757320404052734,62.82532501220703,61.83560562133789,61.14053726196289,61.102535247802734,61.54609680175781,61.83549499511719,61.69266128540039,61.38398361206055,60.95594787597656,60.52083969116211,60.446632385253906,60.478416442871094,59.88905715942383,58.45050811767578,56.810096740722656,55.69479751586914,54.90595245361328,53.926204681396484,52.72903060913086,51.3099365234375,49.813079833984375,48.7210578918457,48.27186965942383,48.17070388793945,47.909847259521484,47.25093078613281,46.39437484741211,46.04927444458008,46.73436737060547,47.725616455078125,47.88267517089844,47.39529037475586,46.78546142578125,45.45491409301758,43.861595153808594,41.98986053466797,41.544578552246094,41.65949630737305,40.21476745605469,39.06852340698242
64.82865905761719,63.89506530761719,63.20899200439453,62.63645935058594,61.94771194458008,61.05380630493164,60.355960845947266,60.37154769897461,60.8584098815918,61.22584533691406,61.36375045776367,61.279579162597656,60.767616271972656,60.27836227416992,60.45464324951172,60.841392517089844,60.465335845947266,59.06438064575195,57.26735305786133,55.809906005859375,54.65530014038086,53.362186431884766,51.919708251953125,50.491844177246094,49.11418533325195,48.01413345336914,47.39601135253906,47.162635803222656,47.00164031982422,46.66921615600586,46.1279411315918,45.59403610229492,45.71445083618164,46.66111755371094,47.339134216308594,47.04442596435547,46.250247955322266,44.890743255615234,43.29882049560547,41.975948333740234,41.49783706665039,41.47612762451172,40.14005661010742,38.36375045776367
62.975162506103516,62.37397766113281,62.3033332824707,62.18384552001953,61.49088668823242,60.41603088378906,59.69581604003906,59.90308380126953,60.6717643737793,61.34770584106445,61.64780044555664,61.34714126586914,60.59587097167969,60.18581008911133,60.470027923583984,60.73747253417969,60.1539192199707,58.655609130859375,56.868289947509766,55.29911422729492,53.84907150268555,52.29596710205078,50.76499938964844,49.4980583190918,48.4442253112793,47.53181457519531,46.810115814208984,46.33282470703125,46.035789489746094,45.76511001586914,45.4573974609375,45.11466979980469,44.96782302856445,45.505157470703125,46.35406494140625,46.41646957397461,45.62086868286133,44.33784484863281,42.75168991088867,41.890525817871094,41.3365364074707,41.406982421875,40.32887268066406,37.28481674194336
62.07768630981445,61.29969024658203,61.52080154418945,61.90473556518555,61.328269958496094,60.12223434448242,59.43818664550781,59.79599380493164,60.771812438964844,61.62593078613281,61.86811447143555,61.274044036865234,60.321781158447266,59.940547943115234,60.107479095458984,59.939998626708984,58.89894485473633,57.23444366455078,55.611976623535156,54.26325225830078,52.802310943603516,51.10124206542969,49.53887939453125,48.43552017211914,47.69175720214844,47.02619171142578,46.306419372558594,45.63862609863281,45.16270065307617,44.83290481567383,44.53395462036133,44.31425857543945,44.24300003051758,44.454708099365234,45.077693939208984,45.44748306274414,44.9149284362793,43.79912567138672,42.30546951293945,41.65940475463867,41.138214111328125,41.089256286621094,40.46963119506836,36.919921875
61.76576232910156,61.007362365722656,61.11989974975586,61.450408935546875,61.02342224121094,60.24706268310547,60.069602966308594,60.64833068847656,61.386207580566406,61.66073989868164,61.26670455932617,60.35525894165039,59.4368896484375,59.04215621948242,58.96486282348633,58.463077545166016,57.188438415527344,55.48202133178711,54.029502868652344,52.9732666015625,51.71187210083008,50.02908706665039,48.4838752746582,47.48909378051758,46.86279296875,46.262718200683594,45.563533782958984,44.85424041748047,44.329368591308594,44.01877212524414,43.726409912109375,43.425601959228516,43.33683395385742,43.47346878051758,43.86244201660156,44.32228088378906,44.15774917602539,43.30842590332031,41.98307418823242,41.24259567260742,40.88695526123047,40.488433837890625,39.98953628540039,37.6868782043457
61.682125091552734,61.441162109375,61.459571838378906,61.289649963378906,60.75054931640625,60.4417839050293,60.79726028442383,61.650733947753906,62.14723587036133,61.54791259765625,60.166263580322266,58.73313903808594,57.71940231323242,57.320674896240234,57.20278549194336,56.679710388183594,55.47195053100586,53.89952850341797,52.58510208129883,51.701175689697266,50.649375915527344,49.108612060546875,47.64652633666992,46.75534439086914,46.12619400024414,45.381065368652344,44.593387603759766,43.944705963134766,43.51564025878906,43.28495788574219,43.0681266784668,42.750648498535156,42.50996780395508,42.492916107177734,42.7729606628418,43.2851676940918,43.43320083618164,42.861019134521484,41.73545455932617,40.75858688354492,40.4175910949707,39.836700439453125,39.255271911621094,37.97372055053711
61.88578414916992,62.0806999206543,62.08664321899414,61.61040115356445,60.79188537597656,60.4136962890625,60.853431701660156,61.75300216674805,62.16754913330078,61.23569869995117,59.189598083496094,57.04100799560547,55.63896179199219,55.150020599365234,55.06098556518555,54.672096252441406,53.70707702636719,52.45378112792969,51.41209411621094,50.67813491821289,49.76768493652344,48.42222213745117,47.13349914550781,46.339324951171875,45.65473556518555,44.679710388183594,43.70521545410156,43.05690383911133,42.681236267089844,42.450782775878906,42.27314758300781,42.090423583984375,41.94144058227539,41.782379150390625,41.813331604003906,42.280174255371094,42.6893424987793,42.43622589111328,41.5643310546875,40.4677619934082,39.83367156982422,39.21052551269531,38.4992561340332,37.59944152832031
62.372642517089844,62.51066970825195,62.37926483154297,61.83769607543945,60.94340133666992,60.34320068359375,60.51035690307617,61.05140686035156,61.215328216552734,60.24482727050781,57.9911994934082,55.403175354003906,53.64932632446289,52.992408752441406,52.828861236572266,52.50857162475586,51.873477935791016,51.14043045043945,50.585384368896484,50.111175537109375,49.29601287841797,48.08879852294922,46.99121856689453,46.23877716064453,45.375614166259766,44.14532470703125,42.98798370361328,42.23762512207031,41.716609954833984,41.296852111816406,41.111183166503906,41.189857482910156,41.3993034362793,41.388946533203125,41.13782501220703,41.28428268432617,41.77456283569336,41.9029541015625,41.42361068725586,40.473358154296875,39.471370697021484,38.612979888916016,37.643272399902344,36.80794143676758
63.21437454223633,63.00895309448242,62.430171966552734,61.61893081665039,60.776153564453125,60.16087341308594,59.86431884765625,59.751495361328125,59.463653564453125,58.40277862548828,56.27579116821289,53.8115234375,52.06925582885742,51.295494079589844,51.00465393066406,50.78085708618164,50.553314208984375,50.34909439086914,50.16892623901367,49.84562301635742,49.05355453491211,47.878414154052734,46.84210205078125,46.017189025878906,44.88157272338867,43.39452362060547,42.121971130371094,41.26713562011719,40.53479766845703,39.88545608520508,39.69012451171875,40.072757720947266,40.696414947509766,41.003662109375,40.66538619995117,40.39928436279297,40.7733154296875,41.22605895996094,41.19343948364258,40.55046844482422,39.425498962402344,38.12853240966797,36.63367462158203,35.47637939453125
64.16928100585938,63.507415771484375,62.20497131347656,60.98160934448242,60.06739044189453,59.3283805847168,58.630130767822266,57.990657806396484,57.375938415527344,56.40143966674805,54.72126007080078,52.77491760253906,51.33464813232422,50.580284118652344,50.22804260253906,50.1081428527832,50.14519500732422,50.13631057739258,49.87406539916992,49.30281066894531,48.36890411376953,47.18412399291992,46.11344528198242,45.13785934448242,43.79259490966797,42.16603469848633,40.86860656738281,39.99018859863281,39.18683624267578,38.50421142578125,38.38520431518555,38.980010986328125,39.87385559082031,40.43178176879883,40.188106536865234,39.672698974609375,39.8835563659668,40.55498504638672,40.850311279296875,40.43185806274414,39.35771942138672,37.71605682373047,35.655921936035156,34.04678726196289
64.45416259765625,63.38567352294922,61.47998809814453,59.810394287109375,58.79383087158203,58.03949737548828,57.24339294433594,56.55169677734375,56.04109191894531,55.3795051574707,54.18633270263672,52.702842712402344,51.538169860839844,50.86420440673828,50.43559265136719,50.14694595336914,49.95490264892578,49.60201644897461,48.880714416503906,47.92662048339844,46.90248107910156,45.798709869384766,44.68339538574219,43.55162811279297,42.172828674316406,40.632144927978516,39.40047836303711,38.577369689941406,37.898860931396484,37.4168815612793,37.46632385253906,38.148231506347656,39.096290588378906,39.745521545410156,39.652469635009766,39.1144905090332,39.1953125,40.00066375732422,40.50013732910156,40.08505630493164,38.94333267211914,37.23320007324219,35.10886764526367,33.296939849853516
63.81110382080078,62.56987762451172,60.509742736816406,58.756961822509766,57.7960319519043,57.17390060424805,56.5218505859375,56.0277214050293,55.81830978393555,55.476558685302734,54.483272552490234,53.07185363769531,51.94641876220703,51.249732971191406,50.5703239440918,49.74580764770508,48.889892578125,47.926876068115234,46.821598052978516,45.83702850341797,45.03831481933594,44.12043380737305,42.97053527832031,41.75906753540039,40.509395599365234,39.18873596191406,38.03936004638672,37.293270111083984,36.869590759277344,36.70743942260742,36.946044921875,37.63703155517578,38.51832962036133,39.148399353027344,39.1566162109375,38.70106887817383,38.68282699584961,39.493797302246094,40.1402702331543,39.6754035949707,38.350059509277344,36.708580017089844,34.91061019897461,33.161556243896484
62.97042465209961,61.83802032470703,60.00132369995117,58.4339714050293,57.56196975708008,56.990623474121094,56.38375473022461,55.90376281738281,55.7251091003418,55.45494842529297,54.48911666870117,52.97243881225586,51.63749694824219,50.68083953857422,49.610897064208984,48.19599151611328,46.74787902832031,45.486732482910156,44.49150466918945,43.89558029174805,43.45081329345703,42.64989471435547,41.48815155029297,40.34340286254883,39.278785705566406,38.10753631591797,36.99355697631836,36.34140396118164,36.191226959228516,36.314048767089844,36.68004608154297,37.35867691040039,38.18429946899414,38.77593231201172,38.81134796142578,38.39643478393555,38.25821304321289,38.91563034057617,39.68617248535156,39.41086196899414,37.99025344848633,36.301979064941406,34.791988372802734,33.16133117675781
62.377227783203125,61.360496520996094,59.78763961791992,58.39480209350586,57.406005859375,56.60064697265625,55.87451171875,55.279876708984375,54.821319580078125,54.25800704956055,53.22314453125,51.77696990966797,50.347103118896484,49.07004928588867,47.657493591308594,45.997772216796875,44.456844329833984,43.38401412963867,42.86690902709961,42.7662353515625,42.531089782714844,41.7020378112793,40.550079345703125,39.53019714355469,38.54645919799805,37.38311004638672,36.33390808105469,35.877017974853516,35.9539909362793,36.18889617919922,36.547298431396484,37.18262481689453,37.982608795166016,38.56611633300781,38.62228775024414,38.19768142700195,37.89017868041992,38.30964279174805,39.117313385009766,39.199947357177734,37.99723815917969,36.14760208129883,34.47660827636719,32.86492919921875
61.71834945678711,60.70579528808594,59.236236572265625,57.7766227722168,56.499290466308594,55.461341857910156,54.62162780761719,53.75474166870117,52.75389862060547,51.77555465698242,50.836341857910156,49.75067138671875,48.4567756652832,47.049461364746094,45.60384750366211,44.17837905883789,42.98133850097656,42.32199478149414,42.29956817626953,42.516841888427734,42.25198745727539,41.298866271972656,40.18663024902344,39.22513198852539,38.16754150390625,36.97420120239258,36.10869598388672,35.9314079284668,36.14125061035156,36.292884826660156,36.48902893066406,36.998321533203125,37.71843719482422,38.3017463684082,38.46394348144531,38.13188171386719,37.679569244384766,37.774349212646484,38.44941329956055,38.85482406616211,38.087684631347656,36.15276336669922,33.978240966796875,32.281761169433594
60.83778381347656,59.63600540161133,57.95621871948242,56.254295349121094,54.82367706298828,53.75794982910156,52.815006256103516,51.618221282958984,50.216392517089844,49.06534957885742,48.319541931152344,47.63728332519531,46.682106018066406,45.49047088623047,44.30308151245117,43.24577713012695,42.429256439208984,42.145751953125,42.481361389160156,42.82166290283203,42.386260986328125,41.29085922241211,40.21965408325195,39.263954162597656,38.13853073120117,37.01298141479492,36.36863708496094,36.35410690307617,36.52184295654297,36.464439392089844,36.4088134765625,36.69681930541992,37.250362396240234,37.80937194824219,38.17742919921875,38.13075256347656,37.68373489379883,37.41423416137695,37.75083923339844,38.2917366027832,37.93310546875,36.159786224365234,34.016807556152344,32.550838470458984
