data/wind_data/wind_27_4.json
{"header": {"parameterUnit": "KT", "parameterCategory": 2, "nx": 256, "ny": 198, "lo1": 44.73521041870117, "la1": -3.236724853515625, "lo2": 111.26478576660156, "la2": 43.468475341796875, "dx": 0.2609002888202667, "dy": -0.23708222806453705, "refTime": "2025-02-20 03:00:00", "forecastTime": 0, "parameterNumber": 2, "parameterNumberName": "eastward_wind"}, "data":
[rows 133 to 151 of 198, columns 176 to 219 of 256]
33.18085861206055,32.72444534301758,32.56439971923828,33.57106399536133,33.492828369140625,33.42129898071289,33.20330047607422,32.38873291015625,34.05290985107422,29.820261001586914,25.955036163330078,23.20013999938965,20.906017303466797,18.821754455566406,16.343143463134766,15.530960083007812,15.06752872467041,16.415414810180664,19.36431312561035,22.882938385009766,26.87502098083496,29.80377769470215,31.30373764038086,30.105335235595703,28.838838577270508,29.35715675354004,32.27241134643555,33.461273193359375,33.336551666259766,32.36678695678711,32.499149322509766,33.47671890258789,34.09949493408203,35.0210075378418,34.2969856262207,30.1832332611084,24.793577194213867,19.717140197753906,17.736011505126953,20.595014572143555,23.973583221435547,27.424436569213867,28.14325523376465,27.636016845703125
30.264629364013672,27.626895904541016,27.186553955078125,30.434579849243164,32.38494873046875,29.940977096557617,26.799924850463867,28.491714477539062,31.627883911132812,28.14618682861328,24.892467498779297,22.665985107421875,21.228755950927734,17.829008102416992,15.081629753112793,14.78215217590332,16.78044891357422,20.262075424194336,23.797710418701172,26.84147071838379,27.741374969482422,26.803068161010742,25.802268981933594,26.403076171875,28.164432525634766,31.17721176147461,33.504295349121094,33.483863830566406,33.0015983581543,32.441078186035156,32.40420913696289,32.293399810791016,30.881576538085938,30.25088119506836,29.13516616821289,24.964435577392578,21.33836555480957,21.692564010620117,21.876962661743164,21.913869857788086,24.718067169189453,27.29718780517578,28.564029693603516,28.65633201599121
26.74268341064453,24.13187599182129,21.940624237060547,24.82644271850586,29.806676864624023,31.871427536010742,33.09653091430664,31.67521858215332,26.56371307373047,22.418790817260742,21.70840835571289,21.739282608032227,20.41904640197754,19.829774856567383,20.409090042114258,19.819974899291992,19.739341735839844,21.07242774963379,22.34099006652832,22.47588348388672,23.93926239013672,24.95132827758789,26.5672550201416,29.903575897216797,32.1688346862793,33.219871520996094,32.901161193847656,32.08531951904297,31.5174503326416,31.219364166259766,30.533552169799805,29.30872344970703,29.01555824279785,29.751007080078125,29.09018325805664,25.818172454833984,24.654319763183594,26.230655670166016,27.161954879760742,26.40801429748535,28.845176696777344,30.130062103271484,29.820545196533203,31.12685203552246
22.295637130737305,24.608856201171875,19.90828514099121,17.59596824645996,23.1298828125,31.58254051208496,29.001806259155273,21.873580932617188,18.73045539855957,19.12141227722168,20.085784912109375,21.154443740844727,21.75664710998535,22.41622543334961,23.165372848510742,21.863990783691406,20.451812744140625,21.043746948242188,22.944374084472656,24.13139533996582,25.660737991333008,27.679306030273438,30.182811737060547,32.292884826660156,32.535247802734375,31.344972610473633,30.67531967163086,30.55437469482422,29.873544692993164,29.03730583190918,27.6402587890625,26.411645889282227,27.512622833251953,29.316802978515625,29.518802642822266,28.18317413330078,28.287046432495117,30.04242706298828,31.108680725097656,31.181564331054688,33.834449768066406,34.283355712890625,31.236433029174805,31.597759246826172
24.113555908203125,27.61531639099121,29.11082649230957,22.00791358947754,15.046700477600098,18.48307228088379,20.756040573120117,20.58199691772461,21.785497665405273,22.220670700073242,20.90278434753418,21.113265991210938,22.11298370361328,23.376510620117188,22.659326553344727,21.196937561035156,20.716331481933594,21.367950439453125,22.986289978027344,24.584503173828125,27.07794189453125,29.476192474365234,31.06231117248535,31.64472007751465,30.43502426147461,29.082008361816406,28.9141845703125,28.881330490112305,27.945838928222656,26.46857261657715,25.434833526611328,25.886985778808594,27.586984634399414,29.322023391723633,31.246976852416992,32.16594314575195,32.425262451171875,33.481727600097656,34.375701904296875,34.54594039916992,36.13130187988281,35.96482467651367,32.34563064575195,32.16122055053711
25.533029556274414,26.935924530029297,27.101930618286133,23.595027923583984,19.29168701171875,19.037460327148438,22.140615463256836,24.868743896484375,25.83214569091797,25.809185028076172,24.72058868408203,24.423498153686523,20.530086517333984,17.34294319152832,19.217422485351562,20.88819694519043,22.362741470336914,23.797183990478516,25.859670639038086,27.559993743896484,29.028589248657227,29.870534896850586,30.317903518676758,29.26612091064453,27.231889724731445,26.372587203979492,26.694990158081055,26.883838653564453,27.60996437072754,27.084102630615234,26.29480743408203,27.533992767333984,29.138608932495117,31.025569915771484,33.79624557495117,35.43923568725586,35.373165130615234,35.31321716308594,34.91047286987305,35.10185623168945,36.31838607788086,35.53684616088867,30.031818389892578,31.908714294433594
26.37163734436035,27.073680877685547,28.371557235717773,25.340057373046875,22.474245071411133,23.3060302734375,25.376779556274414,25.975080490112305,23.083404541015625,19.628219604492188,19.306198120117188,21.03792381286621,19.307104110717773,18.39358139038086,19.513673782348633,22.0047664642334,24.31269073486328,26.082555770874023,27.74576759338379,28.942462921142578,29.16604232788086,29.1867618560791,28.186382293701172,25.6879940032959,23.511661529541016,23.416580200195312,24.481285095214844,25.649375915527344,27.320016860961914,28.802133560180664,29.684823989868164,30.950754165649414,31.906463623046875,33.919639587402344,35.27912139892578,34.844295501708984,34.63221740722656,34.52748107910156,33.995792388916016,33.99174880981445,34.70746994018555,34.46525192260742,30.253320693969727,32.42824172973633
27.581928253173828,28.357601165771484,28.92762565612793,27.946718215942383,26.157962799072266,25.616453170776367,26.483659744262695,28.85071563720703,26.165990829467773,19.369739532470703,19.322710037231445,19.422517776489258,20.126392364501953,21.740402221679688,23.090070724487305,24.59959602355957,26.134822845458984,27.90813636779785,30.12224578857422,30.679283142089844,29.444786071777344,27.204341888427734,24.34605598449707,21.994842529296875,21.28367042541504,22.369035720825195,23.61665153503418,25.382448196411133,28.23485565185547,30.935884475708008,34.00613021850586,36.01003646850586,36.47830581665039,37.08473205566406,34.79231262207031,32.46072769165039,31.852540969848633,32.39107894897461,32.59443664550781,32.47261047363281,33.00715637207031,32.95509719848633,31.683908462524414,34.59774398803711
27.669641494750977,28.48445701599121,28.908466339111328,28.93210220336914,30.269819259643555,31.888343811035156,30.11496353149414,29.573318481445312,28.623199462890625,26.603805541992188,23.784584045410156,21.184152603149414,22.50094223022461,24.726226806640625,26.54962158203125,28.45232582092285,30.06317901611328,32.117671966552734,33.203941345214844,30.799503326416016,26.644237518310547,23.288799285888672,21.704185485839844,21.35794448852539,22.034339904785156,23.249128341674805,24.438800811767578,26.322689056396484,29.604969024658203,32.83198547363281,36.5672492980957,38.93750762939453,38.484580993652344,36.1381721496582,34.38649368286133,33.05859375,31.458425521850586,31.131702423095703,31.384740829467773,31.66554069519043,32.484405517578125,32.08107376098633,32.48601150512695,36.42258071899414
29.866416931152344,29.664369583129883,28.9785099029541,28.54977035522461,29.73185157775879,30.982393264770508,31.341991424560547,30.982810974121094,29.148639678955078,27.2637939453125,25.164148330688477,25.157915115356445,27.563201904296875,29.970169067382812,31.99262809753418,33.76459503173828,34.80706024169922,34.469017028808594,31.674036026000977,27.442337036132812,23.62397003173828,21.747194290161133,22.114482879638672,22.826330184936523,23.41127586364746,24.341434478759766,25.046741485595703,26.09186363220215,28.185016632080078,31.211585998535156,34.77292251586914,36.71958923339844,35.31953048706055,32.84024429321289,31.62207794189453,30.719633102416992,30.29433822631836,31.118505477905273,32.2935905456543,32.1463508605957,32.3516960144043,32.47523498535156,33.80934143066406,37.537723541259766
29.283594131469727,29.173585891723633,29.642562866210938,29.85213851928711,30.277746200561523,31.608867645263672,33.614009857177734,34.37059020996094,32.24398422241211,28.7749080657959,27.165143966674805,28.248035430908203,31.149795532226562,34.36333465576172,36.07600021362305,35.55430221557617,34.90715408325195,30.818439483642578,26.381187438964844,23.06855010986328,20.689006805419922,21.590612411499023,22.98363494873047,23.360301971435547,24.449565887451172,25.095273971557617,23.631023406982422,23.128965377807617,24.91019058227539,27.39877700805664,29.891584396362305,31.040340423583984,31.02423667907715,31.55224609375,32.35734558105469,32.782161712646484,33.46663284301758,34.52247619628906,34.88414001464844,33.744911193847656,33.98802185058594,35.220218658447266,36.05324935913086,38.21259307861328
30.314607620239258,28.892093658447266,28.45318603515625,28.50629997253418,28.613788604736328,30.045974731445312,32.05656051635742,33.4499626159668,34.36217498779297,34.03228759765625,33.0272216796875,32.48252868652344,32.8670654296875,34.40082550048828,35.00423812866211,34.583953857421875,31.857046127319336,26.925973892211914,23.493925094604492,21.18403434753418,21.011581420898438,22.3731632232666,23.237638473510742,24.358062744140625,26.30643653869629,25.412748336791992,23.026752471923828,23.074909210205078,25.535118103027344,27.89296531677246,30.197063446044922,32.122215270996094,33.42597198486328,34.76715850830078,35.771915435791016,36.1781005859375,37.33310317993164,38.00687026977539,37.28340148925781,37.074710845947266,38.24610900878906,38.187156677246094,37.89482116699219,38.77081298828125
31.752058029174805,30.264251708984375,29.09393310546875,28.45265007019043,27.881643295288086,27.444568634033203,27.7753963470459,29.688894271850586,32.213619232177734,34.419654846191406,34.43555450439453,33.57197952270508,33.23373794555664,32.54701614379883,31.453092575073242,30.346235275268555,27.810518264770508,25.041439056396484,23.588830947875977,21.807464599609375,22.103736877441406,22.26404571533203,22.526355743408203,23.042646408081055,23.451412200927734,23.834938049316406,24.465999603271484,26.16098403930664,28.49382972717285,29.865596771240234,31.23192596435547,33.337013244628906,35.37479019165039,36.54970169067383,36.5421028137207,36.53855895996094,38.00642395019531,39.23086929321289,40.22004318237305,41.23127365112305,42.94705581665039,40.91932678222656,39.33732604980469,39.549442291259766
30.310869216918945,30.637630462646484,31.043630599975586,30.534469604492188,29.88374900817871,29.061405181884766,27.791067123413086,27.155271530151367,27.77942657470703,29.620895385742188,31.342113494873047,31.885637283325195,31.833717346191406,31.974390029907227,31.82498550415039,29.843481063842773,26.484498977661133,23.32942008972168,22.16571807861328,21.814716339111328,23.79950523376465,23.621131896972656,22.908464431762695,22.609153747558594,23.552448272705078,25.078153610229492,27.077157974243164,28.072010040283203,27.86948585510254,28.741798400878906,30.915904998779297,33.40827560424805,35.52335739135742,36.63842010498047,37.15251922607422,37.7086067199707,39.03554153442383,40.22336196899414,41.79840087890625,44.318687438964844,46.59668731689453,42.992835998535156,40.03300094604492,40.07145690917969
28.858060836791992,30.505544662475586,31.46708869934082,31.182804107666016,30.545034408569336,30.19004249572754,30.182233810424805,28.53675651550293,25.962627410888672,27.0780029296875,29.64565658569336,31.04170036315918,31.2883243560791,28.34823226928711,25.755708694458008,23.842437744140625,22.223491668701172,21.15196990966797,21.27423667907715,23.378753662109375,24.80725860595703,25.644319534301758,26.219215393066406,26.30185890197754,27.189329147338867,28.20690155029297,28.706439971923828,28.012439727783203,27.506723403930664,28.75391387939453,31.36177635192871,34.22495651245117,36.217010498046875,36.882408142089844,37.5941047668457,38.91613006591797,40.79141616821289,42.14662551879883,43.8236083984375,46.51850509643555,47.14984893798828,42.78229522705078,38.867313385009766,38.69157409667969
27.403173446655273,29.327199935913086,29.801212310791016,29.47309684753418,28.18976593017578,27.51862907409668,27.444547653198242,27.428709030151367,27.360342025756836,26.036405563354492,27.567350387573242,28.997159957885742,26.25118064880371,23.517772674560547,21.620840072631836,20.397377014160156,20.273494720458984,20.776540756225586,20.53037452697754,21.461139678955078,23.455856323242188,26.33576011657715,29.00885009765625,31.014671325683594,32.249427795410156,32.840858459472656,32.32700729370117,30.745250701904297,29.766956329345703,30.413963317871094,32.065879821777344,33.77277374267578,35.163177490234375,35.783531188964844,36.55303192138672,38.33485794067383,41.30177688598633,43.07487106323242,44.674598693847656,44.68678665161133,42.05192565917969,38.56288528442383,35.651466369628906,36.121707916259766
27.88567352294922,28.566354751586914,27.715877532958984,25.36515998840332,24.668909072875977,26.65192985534668,27.25986671447754,25.037845611572266,25.468486785888672,26.437881469726562,29.264827728271484,28.32541275024414,25.93697166442871,23.686002731323242,22.0574951171875,21.80048942565918,22.396913528442383,19.88966941833496,19.022306442260742,22.288314819335938,25.741186141967773,28.425188064575195,30.646034240722656,32.43841552734375,33.38106918334961,33.662925720214844,33.3431282043457,31.808813095092773,30.92922019958496,31.7039852142334,32.96084213256836,33.653926849365234,34.31004333496094,35.087528228759766,35.99824523925781,38.30229949951172,41.29841995239258,42.51802062988281,43.287296295166016,40.25180435180664,36.734092712402344,34.395023345947266,33.07637405395508,34.64459991455078
28.429763793945312,26.46073341369629,23.921873092651367,22.374433517456055,23.891971588134766,25.319547653198242,25.042505264282227,25.712703704833984,26.959516525268555,28.819047927856445,29.266786575317383,24.76102638244629,20.936159133911133,19.89520835876465,21.362470626831055,22.361392974853516,21.387104034423828,19.951417922973633,21.950288772583008,25.66929817199707,28.61095428466797,30.52798080444336,31.70993995666504,32.52950668334961,32.64094161987305,32.580265045166016,33.26654052734375,33.81826400756836,33.046634674072266,33.02985382080078,33.8835563659668,34.40496063232422,35.260746002197266,36.28328323364258,37.230960845947266,39.7895393371582,41.23906326293945,41.68964767456055,40.66119384765625,36.71665573120117,34.29752731323242,32.932395935058594,32.690711975097656,34.73879623413086
26.137176513671875,22.07488441467285,20.5140323638916,22.314491271972656,23.933774948120117,25.478940963745117,26.4570255279541,26.714879989624023,26.800926208496094,28.105323791503906,28.247529983520508,24.66721534729004,21.496187210083008,21.0700626373291,20.999122619628906,19.737802505493164,20.984376907348633,22.435882568359375,24.707645416259766,27.82007598876953,30.073244094848633,31.049711227416992,31.292577743530273,31.555742263793945,31.694631576538086,32.39164733886719,33.6397705078125,34.458744049072266,34.26362991333008,33.6911735534668,33.6640625,34.48792266845703,36.33882522583008,38.31490707397461,40.291786193847656,41.61827087402344,40.67769241333008,39.983245849609375,37.51230239868164,32.45766830444336,30.92133140563965,31.90651512145996,32.99232482910156,34.9480094909668
