data/wind_data/wind_38_4.json
{"header": {"parameterUnit": "KT", "parameterCategory": 2, "nx": 256, "ny": 198, "lo1": 44.73521041870117, "la1": -3.236724853515625, "lo2": 111.26478576660156, "la2": 43.468475341796875, "dx": 0.2609002888202667, "dy": -0.23708222806453705, "refTime": "2025-02-20 14:00:00", "forecastTime": 0, "parameterNumber": 2, "parameterNumberName": "eastward_wind"}, "data":
[rows 38 to 56 of 198, columns 88 to 131 of 256]
-13.255342483520508,-12.911977767944336,-12.961915016174316,-13.42311954498291,-13.183978080749512,-12.458487510681152,-11.987123489379883,-11.63550090789795,-11.437642097473145,-11.668612480163574,-11.380709648132324,-10.812413215637207,-9.976578712463379,-9.10287094116211,-8.766050338745117,-9.755210876464844,-11.225909233093262,-12.482989311218262,-13.004864692687988,-13.0725679397583,-13.548613548278809,-13.637171745300293,-12.906292915344238,-12.222400665283203,-12.257671356201172,-12.485441207885742,-11.941636085510254,-11.420244216918945,-11.284919738769531,-11.279321670532227,-11.17780876159668,-10.669281959533691,-10.222315788269043,-10.165812492370605,-10.209212303161621,-10.221752166748047,-10.33653450012207,-10.61229419708252,-10.649686813354492,-10.239629745483398,-9.51467514038086,-8.861359596252441,-8.685562133789062,-8.812827110290527
-13.551244735717773,-13.265298843383789,-12.79504680633545,-13.482396125793457,-13.705702781677246,-12.765018463134766,-11.569483757019043,-10.94870662689209,-10.600848197937012,-11.430519104003906,-11.531037330627441,-10.937596321105957,-10.586482048034668,-10.836249351501465,-10.7788724899292,-11.394774436950684,-13.00773811340332,-14.02052116394043,-14.03789234161377,-13.581329345703125,-13.960238456726074,-14.380125045776367,-13.895723342895508,-13.338364601135254,-13.382617950439453,-13.714271545410156,-13.232635498046875,-12.558402061462402,-12.181694030761719,-12.033400535583496,-12.022000312805176,-11.878945350646973,-11.998555183410645,-12.073840141296387,-11.660972595214844,-11.382214546203613,-11.729061126708984,-12.421669960021973,-12.651447296142578,-12.245160102844238,-11.280517578125,-10.346968650817871,-10.154035568237305,-10.670902252197266
-14.251150131225586,-13.332659721374512,-12.833630561828613,-13.083423614501953,-13.702657699584961,-13.70239543914795,-12.65140151977539,-11.142800331115723,-10.771035194396973,-11.526298522949219,-12.252110481262207,-12.277932167053223,-12.403453826904297,-13.253028869628906,-13.105616569519043,-12.698896408081055,-13.876091003417969,-14.96366024017334,-14.846508026123047,-14.093389511108398,-13.889902114868164,-14.057080268859863,-14.11383056640625,-14.2332763671875,-14.38451099395752,-14.506708145141602,-13.98895263671875,-13.211448669433594,-12.459540367126465,-12.335186958312988,-12.5177640914917,-12.646553039550781,-13.035209655761719,-13.155137062072754,-12.711730003356934,-12.303129196166992,-12.663444519042969,-13.542703628540039,-13.97728157043457,-13.688456535339355,-12.70219612121582,-11.644567489624023,-11.511412620544434,-12.179290771484375
-14.241837501525879,-13.995182991027832,-13.71651840209961,-13.857734680175781,-14.386449813842773,-14.53969669342041,-14.094956398010254,-13.270459175109863,-12.398333549499512,-12.137364387512207,-12.999460220336914,-14.064844131469727,-14.367050170898438,-13.977023124694824,-13.469727516174316,-13.600837707519531,-14.383271217346191,-15.185279846191406,-15.168582916259766,-14.749985694885254,-14.079686164855957,-13.521743774414062,-13.641984939575195,-14.300365447998047,-14.848459243774414,-14.969505310058594,-14.569392204284668,-13.5839204788208,-12.66868782043457,-12.480265617370605,-12.408740997314453,-12.696829795837402,-13.385927200317383,-13.799636840820312,-13.61555290222168,-13.099993705749512,-13.209867477416992,-14.052067756652832,-14.618620872497559,-14.513818740844727,-13.723421096801758,-12.553205490112305,-11.984841346740723,-12.290818214416504
-15.338915824890137,-15.139419555664062,-15.016468048095703,-15.10395336151123,-15.328351020812988,-15.475564956665039,-15.361051559448242,-14.746037483215332,-13.915509223937988,-13.597054481506348,-14.09073543548584,-14.450834274291992,-14.574851036071777,-14.37405014038086,-13.959346771240234,-14.067513465881348,-14.592106819152832,-15.081260681152344,-15.229175567626953,-14.684754371643066,-13.91650676727295,-13.499032020568848,-13.445490837097168,-13.764593124389648,-14.475541114807129,-15.087871551513672,-14.797391891479492,-13.690783500671387,-12.887763977050781,-12.3726224899292,-12.19348430633545,-12.68887710571289,-13.420004844665527,-13.843060493469238,-13.83883285522461,-13.554165840148926,-13.78227424621582,-14.631486892700195,-14.878026008605957,-14.59507942199707,-14.196172714233398,-12.969371795654297,-11.498719215393066,-10.734434127807617
-16.15613555908203,-16.04188346862793,-15.898287773132324,-15.726609230041504,-15.841349601745605,-15.744526863098145,-15.662590980529785,-15.331165313720703,-14.437235832214355,-13.861100196838379,-14.118824005126953,-14.336197853088379,-14.317395210266113,-14.37247085571289,-14.540717124938965,-14.636575698852539,-14.523686408996582,-14.465373992919922,-14.263214111328125,-14.003823280334473,-13.8486328125,-13.596657752990723,-13.209096908569336,-13.301331520080566,-13.882437705993652,-14.433055877685547,-14.47964096069336,-13.71665096282959,-12.821587562561035,-12.538999557495117,-12.555994987487793,-12.652239799499512,-12.809174537658691,-13.014907836914062,-13.337641716003418,-13.658576965332031,-14.3836088180542,-15.29341983795166,-14.72431468963623,-13.71823787689209,-13.627534866333008,-12.500840187072754,-10.574461936950684,-9.193819999694824
-16.265275955200195,-16.33448028564453,-16.166637420654297,-15.75727367401123,-15.580208778381348,-15.538061141967773,-15.380242347717285,-15.180377960205078,-14.75722885131836,-14.35966968536377,-14.10464859008789,-14.057519912719727,-14.253947257995605,-14.453299522399902,-14.47730541229248,-14.423216819763184,-14.230240821838379,-13.852435111999512,-13.33536434173584,-13.140307426452637,-13.339495658874512,-13.225263595581055,-12.772306442260742,-12.781896591186523,-13.273967742919922,-13.668057441711426,-13.701094627380371,-13.1826753616333,-12.66501235961914,-12.823297500610352,-12.781442642211914,-12.06164836883545,-11.485363006591797,-11.540976524353027,-12.16105842590332,-13.378148078918457,-14.531975746154785,-14.943241119384766,-13.609393119812012,-12.734535217285156,-12.830414772033691,-11.570334434509277,-9.896281242370605,-8.691014289855957
-15.799360275268555,-15.837638854980469,-15.73476791381836,-15.255627632141113,-14.836179733276367,-14.707664489746094,-14.769052505493164,-14.83757495880127,-14.923401832580566,-14.858171463012695,-14.774367332458496,-14.50423812866211,-14.400473594665527,-14.516239166259766,-14.392939567565918,-14.263650894165039,-14.012004852294922,-13.463642120361328,-12.97104549407959,-12.967063903808594,-12.986959457397461,-12.486050605773926,-12.028776168823242,-12.325263023376465,-12.933723449707031,-13.081119537353516,-12.731891632080078,-12.045553207397461,-11.906505584716797,-12.55037784576416,-12.119068145751953,-10.475785255432129,-9.092848777770996,-8.531214714050293,-9.281848907470703,-11.682052612304688,-13.72592830657959,-13.865399360656738,-12.18248462677002,-12.497617721557617,-12.265339851379395,-11.04909610748291,-10.003011703491211,-9.132696151733398
-15.777131080627441,-15.56882095336914,-15.098713874816895,-14.543427467346191,-14.46670913696289,-14.550912857055664,-14.439370155334473,-14.302395820617676,-14.553816795349121,-15.057990074157715,-15.26112174987793,-14.877730369567871,-14.52391529083252,-14.399574279785156,-14.364521026611328,-14.465605735778809,-14.270392417907715,-13.589225769042969,-13.125298500061035,-13.308127403259277,-13.282024383544922,-12.717610359191895,-12.254048347473145,-12.377391815185547,-12.612607955932617,-12.443621635437012,-11.693038940429688,-10.649834632873535,-10.581302642822266,-11.289851188659668,-11.01814079284668,-9.38162612915039,-7.073856353759766,-5.202343940734863,-5.676603317260742,-9.454388618469238,-13.099515914916992,-13.087655067443848,-11.54646110534668,-12.7526273727417,-11.759443283081055,-10.983485221862793,-10.269289016723633,-9.935794830322266
-15.234993934631348,-14.96828842163086,-14.717392921447754,-14.429137229919434,-14.267807006835938,-14.185979843139648,-14.073613166809082,-14.263897895812988,-14.646754264831543,-14.787952423095703,-14.919787406921387,-14.97049617767334,-14.580401420593262,-14.323701858520508,-14.30633544921875,-14.416306495666504,-14.33761978149414,-13.784134864807129,-13.412399291992188,-13.691807746887207,-13.794120788574219,-13.52497673034668,-13.143288612365723,-12.723077774047852,-12.197003364562988,-11.640176773071289,-10.881601333618164,-9.777266502380371,-9.10360336303711,-9.346827507019043,-9.42604923248291,-8.465166091918945,-5.8409905433654785,-2.714195489883423,-2.6524038314819336,-9.276008605957031,-13.547049522399902,-11.25756549835205,-11.945871353149414,-12.963104248046875,-11.83769702911377,-11.477644920349121,-10.870781898498535,-10.616844177246094
-14.929686546325684,-14.617914199829102,-14.383177757263184,-14.279794692993164,-14.093574523925781,-14.009113311767578,-14.006976127624512,-14.215383529663086,-14.340224266052246,-14.440218925476074,-14.661559104919434,-14.687640190124512,-14.3247652053833,-13.961259841918945,-13.699214935302734,-13.601351737976074,-13.474449157714844,-13.157787322998047,-12.98798656463623,-13.110228538513184,-13.020007133483887,-13.121520042419434,-13.100870132446289,-12.56753158569336,-11.674257278442383,-10.882150650024414,-10.29922866821289,-9.351912498474121,-8.240894317626953,-7.903817653656006,-7.855480194091797,-6.769392490386963,-3.937446355819702,-0.5212950110435486,-1.4042669534683228,-10.34394645690918,-13.103132247924805,-8.034610748291016,-10.710246086120605,-12.636837005615234,-11.98332405090332,-11.943345069885254,-11.579891204833984,-10.877288818359375
-14.922810554504395,-14.56014633178711,-14.182302474975586,-14.046092987060547,-14.054716110229492,-14.213330268859863,-14.186173439025879,-14.163724899291992,-14.190629005432129,-14.210387229919434,-14.164484024047852,-14.126819610595703,-13.884255409240723,-13.341657638549805,-12.92570686340332,-12.675331115722656,-12.282434463500977,-11.878979682922363,-11.717041969299316,-11.447978973388672,-11.142916679382324,-11.268074035644531,-11.556670188903809,-11.5221529006958,-10.929476737976074,-10.205313682556152,-9.85718822479248,-9.425832748413086,-8.573525428771973,-7.7681097984313965,-7.022744178771973,-5.372372150421143,-2.697504997253418,-1.1520007848739624,-4.565005302429199,-11.671067237854004,-12.299590110778809,-6.097563743591309,-8.869608879089355,-10.913446426391602,-10.925871849060059,-11.169517517089844,-11.368075370788574,-10.72389030456543
-14.526693344116211,-14.421077728271484,-14.059516906738281,-13.809493064880371,-13.757787704467773,-13.917533874511719,-14.073166847229004,-14.20276927947998,-14.221116065979004,-14.049845695495605,-13.748617172241211,-13.526400566101074,-13.33401107788086,-12.91635513305664,-12.486382484436035,-12.221152305603027,-11.9046630859375,-11.41646957397461,-10.780560493469238,-10.313817024230957,-10.232961654663086,-10.445711135864258,-10.878203392028809,-10.905052185058594,-10.474597930908203,-9.799363136291504,-9.279521942138672,-9.404454231262207,-9.46325969696045,-8.386855125427246,-6.625912666320801,-4.4332661628723145,-2.0053610801696777,-3.1768548488616943,-8.88014030456543,-12.25808334350586,-10.73631477355957,-5.924686908721924,-7.990658283233643,-9.492810249328613,-9.048856735229492,-9.453157424926758,-9.878806114196777,-9.826467514038086
-13.877986907958984,-13.732381820678711,-13.663399696350098,-13.423724174499512,-13.20291519165039,-13.337397575378418,-13.702862739562988,-13.953553199768066,-13.903120994567871,-13.596761703491211,-13.285865783691406,-13.0127592086792,-12.8137845993042,-12.545503616333008,-12.307903289794922,-12.209491729736328,-11.948457717895508,-11.416439056396484,-10.888283729553223,-10.735007286071777,-11.00262451171875,-11.517277717590332,-11.781373023986816,-11.30309772491455,-10.573162078857422,-9.798855781555176,-9.16750717163086,-9.36156177520752,-9.77590274810791,-8.818662643432617,-6.336596965789795,-2.951033592224121,0.28093475103378296,-2.544442892074585,-10.517147064208984,-11.907027244567871,-7.94333553314209,-5.029198169708252,-6.859670162200928,-8.03681755065918,-7.5127458572387695,-7.940831184387207,-8.511697769165039,-8.670075416564941
-13.220404624938965,-13.048851013183594,-12.915059089660645,-12.688682556152344,-12.46155071258545,-12.592812538146973,-13.087072372436523,-13.445948600769043,-13.497838973999023,-13.146981239318848,-12.904533386230469,-12.697134971618652,-12.38979721069336,-12.1510009765625,-12.185005187988281,-12.293106079101562,-12.170722961425781,-11.756247520446777,-11.319416046142578,-11.265778541564941,-11.632888793945312,-12.081974983215332,-12.05530834197998,-11.427116394042969,-10.813082695007324,-10.17101764678955,-9.49467658996582,-9.551504135131836,-10.055747032165527,-9.566582679748535,-7.150162220001221,-3.2920126914978027,-1.0910381078720093,-6.2090654373168945,-11.602499961853027,-11.251004219055176,-5.898229122161865,-4.993595123291016,-6.246367454528809,-6.663170337677002,-6.4859700202941895,-6.725334644317627,-7.610493183135986,-7.7287774085998535
-12.731200218200684,-12.4227294921875,-12.148247718811035,-11.8946533203125,-11.743103981018066,-11.855583190917969,-12.239532470703125,-12.644579887390137,-12.920955657958984,-12.84113883972168,-12.575263023376465,-12.337179183959961,-12.069783210754395,-11.907577514648438,-11.952393531799316,-12.04155445098877,-12.06998062133789,-12.059026718139648,-11.909728050231934,-11.729050636291504,-11.820716857910156,-12.054819107055664,-11.822408676147461,-11.123987197875977,-10.669371604919434,-10.425469398498535,-10.164806365966797,-10.06564998626709,-9.7168550491333,-8.872234344482422,-7.244856357574463,-5.103382110595703,-5.114264965057373,-10.41744327545166,-13.740503311157227,-9.59860610961914,-4.665799140930176,-6.156588554382324,-6.395315170288086,-6.263275623321533,-5.954770088195801,-5.777899742126465,-5.9868035316467285,-6.470348358154297
-11.995616912841797,-11.778124809265137,-11.503442764282227,-11.238079071044922,-11.103460311889648,-11.181225776672363,-11.474591255187988,-11.881073951721191,-12.206707000732422,-12.37675952911377,-12.382440567016602,-12.11015796661377,-11.729279518127441,-11.48511028289795,-11.383919715881348,-11.511299133300781,-11.90051555633545,-12.362933158874512,-12.458145141601562,-12.17038345336914,-12.190728187561035,-12.450496673583984,-12.162277221679688,-11.211494445800781,-10.373915672302246,-10.153202056884766,-10.472066879272461,-10.419281959533691,-8.910711288452148,-6.58868932723999,-4.678520202636719,-4.484655857086182,-6.7683281898498535,-11.95785903930664,-14.071708679199219,-7.871570110321045,-5.943618297576904,-6.544716835021973,-5.7128214836120605,-5.147365093231201,-5.109048843383789,-5.096919536590576,-4.434360980987549,-4.8911051750183105
-11.17605209350586,-11.059271812438965,-10.807241439819336,-10.63844108581543,-10.542435646057129,-10.440764427185059,-10.577837944030762,-11.106707572937012,-11.607215881347656,-11.824445724487305,-12.10807991027832,-12.08603572845459,-11.527914047241211,-11.014673233032227,-10.936627388000488,-11.229060173034668,-11.777604103088379,-12.354593276977539,-12.500046730041504,-12.31678581237793,-12.511667251586914,-12.878631591796875,-12.520072937011719,-11.358811378479004,-10.258094787597656,-9.9991455078125,-10.454514503479004,-10.093483924865723,-8.010093688964844,-5.521547317504883,-4.6780853271484375,-5.904012680053711,-8.435396194458008,-10.163975715637207,-10.508061408996582,-6.703088760375977,-5.500013828277588,-5.752279281616211,-4.186736583709717,-2.7995457649230957,-3.230530261993408,-3.8847126960754395,-3.2598977088928223,-4.029130458831787
-10.236054420471191,-10.058320045471191,-9.94819450378418,-9.863574028015137,-9.736876487731934,-9.651602745056152,-9.709296226501465,-10.076676368713379,-10.688615798950195,-11.243448257446289,-11.613724708557129,-11.65233325958252,-11.390847206115723,-11.098006248474121,-11.155284881591797,-11.292766571044922,-11.437088012695312,-11.701095581054688,-11.899615287780762,-12.116621017456055,-12.462053298950195,-12.720698356628418,-12.280470848083496,-11.272046089172363,-10.521110534667969,-10.634974479675293,-10.745108604431152,-9.349884986877441,-6.384323596954346,-4.127886772155762,-5.290002822875977,-6.852203845977783,-8.180130004882812,-8.023052215576172,-7.431884288787842,-5.234771251678467,-5.012619495391846,-5.015893936157227,-3.221937894821167,-2.068455934524536,-2.585751533508301,-2.7622628211975098,-2.665947198867798,-4.249004364013672
