data/wind_data/wind_0_6.json
{"header": {"parameterUnit": "KT", "parameterCategory": 2, "nx": 256, "ny": 198, "lo1": 44.73521041870117, "la1": -3.236724853515625, "lo2": 111.26478576660156, "la2": 43.468475341796875, "dx": 0.2609002888202667, "dy": -0.23708222806453705, "refTime": "2025-02-19 00:00:00", "forecastTime": 0, "parameterNumber": 2, "parameterNumberName": "eastward_wind"}, "data":
[rows 60 to 79 of 198, columns 44 to 87 of 256]
-0.7766586542129517,-0.7171107530593872,0.8233100771903992,1.4540823698043823,1.064385175704956,-0.06235621124505997,-1.0686465501785278,-0.08353357762098312,0.6179379224777222,0.9675111770629883,1.0620038509368896,1.3309266567230225,1.638115644454956,2.4494664669036865,2.088563919067383,0.7455027103424072,-0.27401095628738403,-0.05326814949512482,0.5224900841712952,0.390708863735199,0.5259255766868591,1.229612112045288,1.8498817682266235,1.9285202026367188,1.2686710357666016,0.8215349912643433,1.6035411357879639,1.8546594381332397,1.5436229705810547,1.7874058485031128,2.767866611480713,4.112308979034424,4.692740440368652,5.587794780731201,6.341638565063477,7.409773349761963,7.617140769958496,7.1910014152526855,7.1278977394104,6.876556396484375,6.87885046005249,7.660758018493652,7.006126880645752,6.202042579650879
0.7844163179397583,0.4626925587654114,1.7252106666564941,2.5884182453155518,2.2216572761535645,1.8521652221679688,1.1266871690750122,1.2287960052490234,1.6060038805007935,1.9637176990509033,2.608788013458252,2.880763292312622,3.0341525077819824,2.846311092376709,2.6567916870117188,2.423027276992798,1.8502813577651978,1.7080261707305908,1.996824860572815,1.729620099067688,1.5239473581314087,1.782531499862671,2.814337968826294,2.652963161468506,2.5291032791137695,3.23618483543396,3.701775074005127,3.777374505996704,3.8707902431488037,3.360337495803833,3.449216604232788,4.262970447540283,4.8740925788879395,5.970000267028809,7.170177459716797,8.307710647583008,8.902915000915527,8.306840896606445,7.490440845489502,7.679910182952881,8.387948989868164,8.471790313720703,7.63146448135376,6.837538719177246
3.0374457836151123,2.2372519969940186,2.3999569416046143,3.1041505336761475,2.9264473915100098,3.026911973953247,3.4722368717193604,3.0542099475860596,3.141000747680664,3.2623016834259033,4.27625036239624,5.171602249145508,4.956325531005859,4.145370960235596,4.517744064331055,5.430706024169922,4.903700351715088,4.31069278717041,3.6933958530426025,3.067438840866089,2.742276191711426,3.3283655643463135,4.549502849578857,4.238805770874023,4.031651973724365,5.024156093597412,5.43467378616333,5.851041316986084,5.994081020355225,5.344921588897705,5.160089492797852,5.3423752784729,5.685378551483154,6.6192307472229,7.66718864440918,8.370595932006836,9.038189888000488,9.345501899719238,8.853620529174805,9.20915412902832,9.89645767211914,9.581076622009277,9.0918607711792,8.657736778259277
4.152015209197998,3.9797661304473877,3.638134479522705,3.4942750930786133,3.635363817214966,4.016687870025635,4.90035343170166,4.763850688934326,4.657609939575195,4.94746208190918,5.415439128875732,6.409019470214844,6.481345176696777,5.864112377166748,6.5408806800842285,8.346345901489258,7.704122066497803,6.222992420196533,5.750792980194092,4.830312252044678,4.8526225090026855,6.099765300750732,6.683656692504883,6.841337203979492,6.957099914550781,7.3337812423706055,7.0430426597595215,7.1213579177856445,7.146539211273193,6.6355204582214355,6.482027053833008,6.821540355682373,7.308653354644775,8.233034133911133,8.901993751525879,9.086262702941895,9.1757173538208,9.94290828704834,10.03128719329834,10.697473526000977,11.57463550567627,11.265613555908203,11.007820129394531,11.261364936828613
5.036928176879883,5.148634910583496,4.669394493103027,4.452945232391357,4.987215518951416,5.817840576171875,6.14556884765625,6.260446071624756,6.664111137390137,6.787787914276123,7.242538928985596,7.977251052856445,7.7796783447265625,7.4453816413879395,7.864795207977295,9.256502151489258,9.204049110412598,8.053422927856445,7.668910026550293,7.107161045074463,7.485629558563232,8.306120872497559,8.504347801208496,9.313210487365723,9.718282699584961,9.669210433959961,9.570505142211914,9.191208839416504,8.50992488861084,8.200662612915039,8.234257698059082,8.612373352050781,9.439163208007812,10.139193534851074,10.289898872375488,10.640356063842773,10.462613105773926,10.932835578918457,11.929086685180664,12.103321075439453,12.599870681762695,13.028189659118652,12.837725639343262,13.301634788513184
6.172778606414795,6.227286338806152,6.153820514678955,6.828836441040039,7.22654914855957,7.305757522583008,7.4897918701171875,8.211167335510254,9.070962905883789,9.006803512573242,9.098150253295898,9.191298484802246,9.141653060913086,9.750287055969238,9.870870590209961,9.808947563171387,10.185372352600098,10.617380142211914,10.636796951293945,10.297468185424805,10.237486839294434,9.717835426330566,9.771549224853516,11.041728973388672,11.592123031616211,10.935711860656738,10.808283805847168,11.013731956481934,10.616567611694336,10.22998046875,10.064809799194336,10.17017936706543,10.935712814331055,11.710052490234375,12.015532493591309,11.654580116271973,11.983855247497559,12.621408462524414,14.069993019104004,14.885502815246582,14.46207046508789,14.226984024047852,14.438190460205078,14.807950973510742
7.696532726287842,8.138909339904785,8.339397430419922,8.805205345153809,9.374126434326172,9.017582893371582,9.021258354187012,9.620002746582031,10.832010269165039,11.22125244140625,11.226053237915039,11.0680570602417,11.147855758666992,11.912521362304688,11.499411582946777,10.946589469909668,11.67508602142334,13.03891372680664,13.415446281433105,13.0308837890625,12.345724105834961,11.602182388305664,11.941420555114746,12.400871276855469,12.427621841430664,12.364672660827637,11.876128196716309,11.76455307006836,11.763444900512695,12.061415672302246,12.494800567626953,12.297646522521973,12.795831680297852,13.182011604309082,13.186699867248535,13.294342041015625,13.54747200012207,14.748964309692383,15.675992012023926,16.26883316040039,16.759206771850586,16.602710723876953,16.56885528564453,16.720962524414062
9.333022117614746,9.47767448425293,9.795157432556152,10.108270645141602,10.880963325500488,11.237183570861816,11.057783126831055,11.001585960388184,12.26671314239502,13.069766998291016,13.301922798156738,13.214128494262695,13.839756965637207,13.941720962524414,12.72433853149414,12.351686477661133,13.690129280090332,14.712592124938965,14.927253723144531,14.91781234741211,13.967520713806152,13.643471717834473,14.265324592590332,14.01441764831543,13.614198684692383,13.677079200744629,13.750038146972656,13.607779502868652,13.316282272338867,13.48869800567627,14.624076843261719,14.772571563720703,15.378445625305176,15.853347778320312,14.824098587036133,15.382533073425293,15.99914836883545,15.932849884033203,16.646291732788086,17.450536727905273,18.169200897216797,18.474483489990234,18.859424591064453,18.987884521484375
11.857361793518066,10.659080505371094,10.604330062866211,11.351387977600098,11.92609691619873,12.854386329650879,12.998184204101562,13.255549430847168,14.191643714904785,14.290265083312988,14.931964874267578,14.979244232177734,15.496854782104492,15.377411842346191,14.188089370727539,14.275421142578125,16.09572410583496,16.777294158935547,16.763303756713867,16.520343780517578,15.76948070526123,15.796660423278809,15.694377899169922,15.207639694213867,15.312226295471191,15.484996795654297,15.555009841918945,15.771366119384766,15.350665092468262,15.0545015335083,15.42316722869873,15.68876838684082,16.68851089477539,17.093021392822266,16.935880661010742,16.552011489868164,16.951763153076172,16.726268768310547,16.826717376708984,18.148784637451172,19.23978614807129,19.228763580322266,18.709125518798828,19.340530395507812
14.126256942749023,13.030058860778809,12.262412071228027,12.696964263916016,13.237974166870117,13.444313049316406,14.163745880126953,15.154311180114746,15.381135940551758,15.408512115478516,15.830513000488281,16.45705223083496,16.43627166748047,16.044055938720703,15.630010604858398,15.790166854858398,17.177461624145508,18.239442825317383,18.550561904907227,18.036151885986328,17.476974487304688,17.594724655151367,16.80666732788086,16.05147361755371,16.396448135375977,17.05364418029785,17.016864776611328,16.965106964111328,17.460346221923828,17.037904739379883,16.623899459838867,16.798452377319336,17.275104522705078,17.128963470458984,17.621532440185547,18.790437698364258,18.90353775024414,19.11412811279297,18.588422775268555,18.782611846923828,19.690641403198242,19.640430450439453,18.99783706665039,19.543502807617188
16.684017181396484,14.812837600708008,13.574484825134277,13.805619239807129,14.877972602844238,14.964178085327148,15.202754974365234,16.78452491760254,16.526344299316406,16.60626792907715,16.786243438720703,17.168779373168945,16.91605567932129,16.883153915405273,17.326841354370117,17.23105239868164,17.678667068481445,18.796207427978516,19.39956283569336,19.786331176757812,19.149147033691406,19.001338958740234,18.757036209106445,18.125553131103516,18.02273941040039,18.441991806030273,18.087499618530273,17.925107955932617,18.80043601989746,19.001941680908203,18.744115829467773,18.964508056640625,19.343400955200195,19.2063045501709,19.230613708496094,20.9580078125,21.814651489257812,21.9595890045166,21.14864730834961,20.377552032470703,20.348922729492188,20.88823890686035,21.484350204467773,20.904342651367188
19.20829200744629,17.26272964477539,16.35129737854004,16.152742385864258,16.13019371032715,17.190580368041992,17.777568817138672,18.706457138061523,18.44879913330078,18.65140724182129,18.36749839782715,17.967153549194336,17.39424705505371,17.529207229614258,18.290029525756836,18.70046043395996,19.09822654724121,19.70989990234375,20.10068130493164,20.71571159362793,20.63796615600586,20.22323989868164,20.34333610534668,20.29404640197754,19.80532455444336,19.70217514038086,19.346622467041016,19.019872665405273,19.92056655883789,20.666078567504883,20.70448875427246,21.1242733001709,21.268003463745117,21.243268966674805,21.7154598236084,22.375110626220703,22.646453857421875,22.811857223510742,22.63384246826172,22.47342872619629,22.462627410888672,23.013322830200195,23.704607009887695,23.085514068603516
20.23322296142578,19.893959045410156,19.647733688354492,18.75762176513672,18.57465171813965,19.36265754699707,20.848299026489258,21.018688201904297,21.13988494873047,21.322065353393555,20.06009292602539,19.045679092407227,18.478351593017578,18.554834365844727,19.40938949584961,19.89812469482422,20.37421989440918,20.907094955444336,21.599563598632812,21.888750076293945,21.891109466552734,21.857845306396484,21.729318618774414,21.928688049316406,21.266759872436523,20.293224334716797,20.41058921813965,20.816085815429688,21.069229125976562,21.870391845703125,21.71305274963379,22.406404495239258,22.902202606201172,22.7636775970459,22.495485305786133,23.27498435974121,24.16073989868164,24.016849517822266,24.297204971313477,25.34868049621582,25.167022705078125,24.63848876953125,25.410192489624023,25.78253746032715
21.54817771911621,21.468263626098633,21.920665740966797,20.767690658569336,20.04364013671875,20.981369018554688,22.667985916137695,23.768512725830078,23.51762580871582,23.240386962890625,22.50853157043457,20.866954803466797,19.931819915771484,19.882164001464844,20.612125396728516,21.83624839782715,22.55319595336914,22.56117057800293,22.777523040771484,23.676721572875977,24.51496124267578,23.844158172607422,23.083763122558594,23.47576904296875,22.89809226989746,22.60734748840332,23.157573699951172,23.44972038269043,23.120149612426758,23.30036163330078,23.94982147216797,24.027498245239258,23.610837936401367,23.45576286315918,24.016706466674805,25.21669578552246,26.340423583984375,26.5,26.372900009155273,26.956743240356445,26.841459274291992,26.69782066345215,27.268726348876953,27.895299911499023
23.382598876953125,23.207597732543945,23.635456085205078,23.550106048583984,23.089717864990234,23.8557186126709,25.179685592651367,26.286802291870117,25.211462020874023,24.101728439331055,24.261287689208984,23.700828552246094,22.320920944213867,21.797752380371094,21.973133087158203,22.54865837097168,24.275644302368164,24.896102905273438,24.81731605529785,25.73488426208496,26.403018951416016,25.783004760742188,25.256084442138672,25.985153198242188,25.257970809936523,25.072406768798828,26.13962173461914,26.144838333129883,25.471216201782227,25.795658111572266,26.846651077270508,26.175281524658203,24.691055297851562,25.08126449584961,26.58298683166504,27.597721099853516,28.01824188232422,28.218433380126953,28.73344612121582,29.00444221496582,29.10587501525879,28.812650680541992,28.571325302124023,29.010271072387695
25.71286392211914,24.775556564331055,25.016199111938477,25.70084571838379,25.490886688232422,25.465864181518555,26.780139923095703,28.22697639465332,27.757658004760742,26.615398406982422,26.580957412719727,26.15635871887207,25.105764389038086,24.247943878173828,23.498916625976562,23.435232162475586,24.495481491088867,26.205190658569336,26.71697425842285,26.858478546142578,27.99227523803711,28.003963470458984,27.78333282470703,28.632970809936523,28.667646408081055,28.160720825195312,28.727109909057617,28.292097091674805,28.161678314208984,28.686264038085938,28.75861358642578,28.49978256225586,28.255754470825195,28.99102783203125,29.4420166015625,29.97003746032715,30.25690460205078,30.671598434448242,31.325927734375,31.497079849243164,31.619768142700195,31.67607879638672,30.300687789916992,28.954683303833008
27.29682731628418,27.338205337524414,26.84970474243164,27.43785858154297,27.533039093017578,27.394826889038086,27.501806259155273,28.478961944580078,29.905319213867188,29.992250442504883,28.24703025817871,27.385717391967773,27.37073516845703,26.813722610473633,25.49180030822754,25.214628219604492,25.91893196105957,27.24312400817871,28.10489845275879,28.256168365478516,29.198219299316406,30.238004684448242,30.079177856445312,28.9855899810791,29.59343147277832,31.142454147338867,31.00054359436035,29.67533302307129,30.497209548950195,31.229822158813477,30.438465118408203,31.194753646850586,31.405576705932617,31.514265060424805,32.173587799072266,33.02201461791992,32.92445755004883,32.03020477294922,32.600311279296875,33.25717544555664,33.26173782348633,32.749855041503906,31.510690689086914,30.648311614990234
28.957796096801758,30.133581161499023,29.68941879272461,29.092199325561523,29.44749641418457,30.38707160949707,30.480031967163086,29.705120086669922,30.628427505493164,30.63287353515625,29.625837326049805,30.26650047302246,30.496810913085938,29.27202033996582,28.23508071899414,28.570289611816406,29.07176971435547,29.429101943969727,29.550827026367188,29.910743713378906,31.164365768432617,31.900728225708008,31.624469757080078,30.59246063232422,30.82380485534668,31.759180068969727,31.574853897094727,30.88209342956543,32.43940353393555,33.63334274291992,33.16828918457031,32.896358489990234,33.31214904785156,33.97422790527344,34.38151550292969,35.1910514831543,35.41781234741211,34.587677001953125,33.963321685791016,34.711669921875,34.51546859741211,33.48001480102539,32.745357513427734,32.44063186645508
30.13883399963379,31.555278778076172,31.79322624206543,31.760154724121094,31.417396545410156,31.863967895507812,32.46884536743164,31.4267578125,30.6440486907959,31.331892013549805,32.14934539794922,32.53684997558594,32.484886169433594,32.66561508178711,31.48873519897461,31.11766815185547,32.20713806152344,32.55663299560547,32.978981018066406,32.718406677246094,32.622684478759766,33.05800247192383,32.760398864746094,32.45490264892578,33.46110534667969,34.553802490234375,33.47945785522461,33.184120178222656,34.94358444213867,35.902809143066406,35.62169647216797,34.78929901123047,35.09972381591797,35.38764572143555,36.176700592041016,37.091312408447266,37.473941802978516,37.321250915527344,35.6010627746582,34.80704879760742,34.964969635009766,34.80236053466797,34.75096130371094,34.71739959716797
31.830276489257812,32.88266372680664,33.64375686645508,33.69156265258789,33.94791030883789,33.56716537475586,33.93231964111328,33.94949722290039,32.623809814453125,32.89927673339844,34.263301849365234,35.14215850830078,34.71601867675781,34.19513702392578,33.801185607910156,33.40918731689453,33.7285041809082,34.806739807128906,34.980682373046875,36.0727424621582,35.34762191772461,34.51460266113281,35.26476287841797,36.24991989135742,35.99681854248047,36.52107238769531,36.749839782714844,34.797061920166016,35.938541412353516,38.21685791015625,38.175392150878906,38.240657806396484,37.872779846191406,36.9373664855957,37.60002517700195,37.74960708618164,38.49557876586914,39.19588088989258,38.45412826538086,37.517311096191406,37.181453704833984,37.43769454956055,36.89828872680664,36.456138610839844
