data/wind_data/wind_59_6.json
{"header": {"parameterUnit": "KT", "parameterCategory": 2, "nx": 256, "ny": 198, "lo1": 44.73521041870117, "la1": -3.236724853515625, "lo2": 111.26478576660156, "la2": 43.468475341796875, "dx": 0.2609002888202667, "dy": -0.23708222806453705, "refTime": "2025-02-21 11:00:00", "forecastTime": 0, "parameterNumber": 2, "parameterNumberName": "eastward_wind"}, "data":
[rows 160 to 179 of 198, columns 45 to 89 of 256]
51.722068786621094,51.38518142700195,50.90279769897461,49.77257537841797,48.288673400878906,47.01673889160156,46.28227615356445,46.200748443603516,46.45601272583008,46.13359069824219,44.73362350463867,42.24003982543945,39.66365051269531,38.242347717285156,37.894798278808594,38.036399841308594,38.190887451171875,38.21528244018555,38.078643798828125,37.749900817871094,37.735748291015625,38.21031188964844,38.598045349121094,38.792449951171875,39.28410720825195,39.83311080932617,39.77644729614258,39.38959884643555,39.09624099731445,38.502506256103516,37.578983306884766,36.564266204833984,35.63125228881836,34.60746383666992,33.731563568115234,33.41577911376953,32.970367431640625,33.14113235473633,33.91093826293945,34.597660064697266,35.08567810058594,34.91305160522461,34.40439224243164,34.344482421875,34.73473358154297
51.2626838684082,50.83287811279297,49.68632125854492,48.140228271484375,46.743629455566406,45.7755241394043,45.2390022277832,45.106773376464844,44.78388214111328,43.876625061035156,42.29442596435547,40.061222076416016,38.16240310668945,36.86460494995117,35.86682891845703,35.88872146606445,36.77565383911133,37.5484619140625,37.397705078125,36.40946578979492,35.7584342956543,36.14628982543945,36.77928924560547,37.204864501953125,37.84958267211914,38.78505325317383,39.232608795166016,38.71512222290039,38.24964141845703,37.5070915222168,35.48661804199219,33.32235336303711,31.757648468017578,30.905025482177734,31.073440551757812,31.552356719970703,31.75681495666504,32.04978942871094,31.931333541870117,31.430261611938477,31.157251358032227,30.827922821044922,30.517915725708008,31.083736419677734,32.20203399658203
50.59386444091797,49.64196014404297,47.91144561767578,46.48038864135742,45.48520278930664,44.30601501464844,43.313682556152344,43.06683349609375,43.148406982421875,42.79488754272461,41.0045051574707,38.6582145690918,37.325660705566406,36.11655044555664,35.12529754638672,35.494300842285156,36.37067413330078,36.527286529541016,35.96825408935547,35.05856704711914,34.498958587646484,34.72784423828125,35.26041030883789,35.891517639160156,36.530181884765625,37.37899398803711,38.096492767333984,37.29707336425781,36.65049362182617,36.35385513305664,32.38935089111328,28.714859008789062,29.2661075592041,31.3983097076416,32.09821701049805,31.615129470825195,31.111154556274414,30.822858810424805,30.189050674438477,29.239707946777344,28.71291160583496,28.716398239135742,28.751474380493164,29.472013473510742,30.787565231323242
49.60139465332031,48.06295394897461,46.46390914916992,45.4066276550293,43.84157180786133,42.0693244934082,41.290122985839844,42.12700653076172,43.49496078491211,42.43321990966797,39.336578369140625,37.4348258972168,36.646427154541016,35.424232482910156,35.173030853271484,35.85231018066406,35.669769287109375,34.89069366455078,34.352169036865234,34.00180435180664,33.57631301879883,33.2833137512207,33.380897521972656,34.05827713012695,34.912757873535156,35.76438903808594,36.42218780517578,35.85260772705078,34.8862190246582,34.64295196533203,32.425926208496094,29.64429473876953,30.065837860107422,32.22890090942383,33.07649612426758,32.005558013916016,30.769084930419922,30.154787063598633,29.71690559387207,29.141494750976562,28.956295013427734,29.240203857421875,29.404640197753906,30.561073303222656,32.52604293823242
48.70800018310547,47.03621292114258,45.77903366088867,44.348812103271484,42.44667053222656,40.897945404052734,41.18415832519531,43.69192886352539,43.56666564941406,40.13011169433594,37.3734016418457,36.6627197265625,35.73656463623047,35.09164810180664,35.46495819091797,35.27660369873047,34.27307891845703,33.33552551269531,32.96213150024414,32.8924446105957,32.51518630981445,31.893346786499023,31.66517448425293,32.26108169555664,33.291099548339844,34.20362091064453,34.72920608520508,34.41786193847656,33.59635543823242,33.093833923339844,32.342403411865234,31.374448776245117,31.088293075561523,31.951261520385742,32.6277961730957,32.28729248046875,31.421709060668945,30.619020462036133,29.97307586669922,29.61492347717285,29.8079776763916,30.36009979248047,31.470630645751953,33.268497467041016,35.295677185058594
48.413978576660156,46.60874557495117,45.149784088134766,43.66680145263672,42.150386810302734,41.594600677490234,43.50153350830078,43.59693145751953,40.24894332885742,37.26158905029297,36.328224182128906,35.97289276123047,35.17716598510742,34.38695526123047,33.70045471191406,33.09638214111328,32.54096221923828,32.096500396728516,31.88138198852539,31.681354522705078,31.1707763671875,30.483631134033203,30.214773178100586,30.764448165893555,31.747329711914062,32.54735565185547,32.8670539855957,32.73064041137695,32.282386779785156,31.94275665283203,31.77781105041504,31.633544921875,31.594369888305664,31.8433837890625,32.37179183959961,32.29332733154297,32.00419235229492,31.71254539489746,31.44808006286621,31.550750732421875,31.99076271057129,33.08366012573242,34.594932556152344,35.91128921508789,36.78575897216797
48.62088394165039,46.553165435791016,44.76435089111328,43.454376220703125,42.993404388427734,43.30582046508789,42.563533782958984,39.935791015625,37.54903030395508,36.13200759887695,35.71534729003906,35.46474838256836,34.20065689086914,32.20793914794922,31.193132400512695,31.12300682067871,31.13175392150879,30.900039672851562,30.31223487854004,29.454364776611328,28.64139175415039,28.216676712036133,28.366491317749023,29.048873901367188,29.858396530151367,30.376296997070312,30.556577682495117,30.67599868774414,30.777490615844727,30.970563888549805,31.271503448486328,31.605199813842773,31.914159774780273,32.24125289916992,32.76218032836914,32.97068786621094,33.01982116699219,33.054840087890625,33.243221282958984,33.727718353271484,34.508609771728516,35.37482452392578,35.92042541503906,36.15371322631836,36.501094818115234
48.89351272583008,46.72107696533203,45.095619201660156,44.10774230957031,43.59247589111328,42.24951171875,39.745479583740234,38.19037628173828,37.217559814453125,35.97683334350586,35.209716796875,34.15497970581055,32.25642395019531,30.563915252685547,29.921823501586914,29.782339096069336,29.48824119567871,28.62718963623047,27.338565826416016,26.190710067749023,25.64845085144043,25.69834327697754,26.148069381713867,26.809316635131836,27.39138412475586,27.740110397338867,28.045366287231445,28.509870529174805,29.1052188873291,29.77593231201172,30.43707275390625,31.080547332763672,31.65180206298828,32.16303634643555,32.61231994628906,32.967708587646484,33.29377746582031,33.74527359008789,34.202884674072266,34.51698303222656,34.86184310913086,35.155975341796875,35.24943923950195,35.37755584716797,35.37464141845703
49.240989685058594,47.32981872558594,45.70701217651367,44.289588928222656,42.90398025512695,40.67393112182617,39.13568878173828,38.90748977661133,37.47804260253906,35.398590087890625,33.78374481201172,32.13731384277344,30.63035011291504,29.643280029296875,29.127599716186523,28.47437286376953,27.292139053344727,25.80122947692871,24.581022262573242,23.95952033996582,23.812429428100586,23.863290786743164,24.06421661376953,24.416749954223633,24.835494995117188,25.28516960144043,25.89647674560547,26.68667984008789,27.516565322875977,28.302000045776367,29.011672973632812,29.65379524230957,30.282241821289062,30.863601684570312,31.352062225341797,31.78394317626953,32.20741271972656,32.85164260864258,33.33066177368164,33.27645492553711,33.18287658691406,33.47357177734375,33.69123077392578,33.19144821166992,32.13892364501953
49.37303161621094,47.529972076416016,45.76081466674805,44.221275329589844,42.34983444213867,40.62981033325195,40.402557373046875,39.602603912353516,36.71175765991211,34.086116790771484,32.316131591796875,30.756521224975586,29.636049270629883,29.056367874145508,28.329965591430664,27.00672149658203,25.466550827026367,24.26506805419922,23.615156173706055,23.31253433227539,23.035951614379883,22.772377014160156,22.586288452148438,22.731454849243164,23.231388092041016,23.957639694213867,24.701404571533203,25.50983428955078,26.293071746826172,26.858152389526367,27.30573081970215,27.827234268188477,28.50376319885254,29.164093017578125,29.616790771484375,29.907194137573242,30.1727352142334,30.64789390563965,30.980113983154297,30.90095329284668,30.729747772216797,30.683828353881836,29.98112678527832,28.91847038269043,27.88656234741211
48.71165084838867,47.04686737060547,45.79473114013672,44.03498077392578,42.447959899902344,41.98536682128906,40.816612243652344,38.14264678955078,35.215911865234375,33.20685958862305,31.599706649780273,30.255929946899414,29.50522232055664,28.77305793762207,27.489206314086914,25.98489761352539,24.85945701599121,24.211952209472656,23.731170654296875,23.19571304321289,22.642152786254883,22.174041748046875,21.90323829650879,22.18461799621582,22.78880500793457,23.503210067749023,24.238170623779297,24.93195915222168,25.44736099243164,25.745203018188477,26.039119720458984,26.45555305480957,26.927221298217773,27.25105857849121,27.40735626220703,27.42325210571289,27.425691604614258,27.6790771484375,27.753684997558594,27.55755043029785,27.197994232177734,26.498029708862305,25.889188766479492,24.846261978149414,23.18933868408203
47.49898147583008,46.5410270690918,45.11091613769531,43.67475128173828,43.63057327270508,42.406612396240234,39.076683044433594,36.18095016479492,34.300350189208984,32.925960540771484,31.293983459472656,30.287269592285156,29.657594680786133,28.51399040222168,26.987024307250977,25.70992088317871,24.99402618408203,24.522705078125,23.86547088623047,23.063499450683594,22.380855560302734,21.839641571044922,21.667940139770508,22.039146423339844,22.582717895507812,23.02896499633789,23.418113708496094,23.839582443237305,24.21274185180664,24.41749382019043,24.668859481811523,25.090442657470703,25.52075958251953,25.70760154724121,25.58832550048828,24.94196891784668,24.316221237182617,24.069387435913086,23.81348419189453,23.681230545043945,23.632055282592773,23.148334503173828,21.913394927978516,20.088083267211914,20.652772903442383
46.25617218017578,45.2292366027832,44.22086715698242,44.41575622558594,43.72454833984375,40.55220413208008,37.18577575683594,35.229400634765625,34.1198844909668,32.649410247802734,30.987424850463867,30.157968521118164,29.346712112426758,28.044662475585938,26.705562591552734,25.730710983276367,25.151920318603516,24.678598403930664,24.017518997192383,23.191421508789062,22.399080276489258,21.818336486816406,21.687931060791016,21.882062911987305,21.924177169799805,21.704410552978516,21.608047485351562,21.839397430419922,22.127077102661133,22.811641693115234,23.536890029907227,23.983577728271484,24.0257568359375,23.673564910888672,22.98535919189453,21.97329330444336,21.08380699157715,20.409902572631836,20.093585968017578,20.058073043823242,19.927921295166016,18.693193435668945,17.60580062866211,18.84539222717285,19.297636032104492
44.84346008300781,44.08546447753906,44.35136032104492,44.04354476928711,41.66669464111328,38.493167877197266,36.339908599853516,35.052459716796875,33.915042877197266,32.23046112060547,30.65827751159668,29.78423500061035,28.79623031616211,27.451881408691406,26.34867286682129,25.66448402404785,25.225221633911133,24.87822723388672,24.4342098236084,23.698577880859375,22.845121383666992,22.121620178222656,21.619489669799805,21.103965759277344,20.28082847595215,19.594566345214844,19.49734878540039,19.826858520507812,20.743682861328125,21.789518356323242,22.356473922729492,22.13838005065918,21.60634994506836,21.019472122192383,20.12476921081543,18.7801456451416,17.50360679626465,16.648006439208984,16.216754913330078,15.70644760131836,15.287335395812988,15.927898406982422,17.753389358520508,17.80701446533203,17.305614471435547
43.90500259399414,43.60568618774414,43.51774597167969,41.91693878173828,39.50857925415039,37.459144592285156,36.01921844482422,34.74055862426758,33.48014831542969,31.867919921875,30.38864517211914,29.46539306640625,28.26984214782715,26.71259117126465,25.71865463256836,25.360769271850586,25.206350326538086,25.127622604370117,24.943716049194336,24.419227600097656,23.38296890258789,21.906755447387695,20.381147384643555,18.983108520507812,17.903108596801758,17.609434127807617,18.143531799316406,19.137348175048828,19.893774032592773,20.22430992126465,20.263551712036133,19.906831741333008,19.357208251953125,18.44230079650879,16.917882919311523,15.005099296569824,13.605698585510254,12.721790313720703,12.158857345581055,12.67402172088623,14.581636428833008,16.3243350982666,15.909018516540527,16.08959197998047,18.093271255493164
43.17000961303711,42.625431060791016,41.666439056396484,39.910072326660156,38.28075408935547,36.951419830322266,35.57968521118164,34.150978088378906,32.98306655883789,31.56153678894043,30.1671085357666,29.171316146850586,27.673904418945312,25.738815307617188,24.714712142944336,24.723962783813477,25.072080612182617,25.389362335205078,25.520404815673828,24.96000099182129,23.155231475830078,20.584211349487305,18.191389083862305,16.59413719177246,15.896830558776855,16.536073684692383,17.918657302856445,18.76009178161621,18.448467254638672,18.15943145751953,18.01139259338379,17.502792358398438,16.859437942504883,15.51447582244873,13.286886215209961,11.321382522583008,10.774481773376465,11.71048355102539,13.189108848571777,14.42773151397705,14.49284553527832,14.557069778442383,15.341522216796875,17.08477210998535,18.95094108581543
42.148094177246094,41.2393798828125,39.98924255371094,38.51396179199219,37.38302993774414,36.3665885925293,35.03052520751953,33.64551544189453,32.436912536621094,31.087034225463867,29.896940231323242,28.833261489868164,26.856643676757812,24.51202964782715,23.50922393798828,23.925437927246094,24.781978607177734,25.517677307128906,25.856060028076172,24.756649017333984,22.116331100463867,18.924976348876953,16.291927337646484,14.97033405303955,14.55735969543457,15.903632164001465,17.114940643310547,17.16941261291504,16.396656036376953,16.017671585083008,15.704862594604492,15.654108047485352,15.001007080078125,13.298885345458984,11.81028938293457,11.899264335632324,13.170023918151855,14.174120903015137,13.673192977905273,12.509894371032715,13.488874435424805,15.371830940246582,16.64974021911621,17.934293746948242,19.620853424072266
40.899471282958984,39.86211013793945,38.49651336669922,37.241065979003906,36.374046325683594,35.54430389404297,34.46551513671875,33.2337760925293,31.791929244995117,30.461544036865234,29.539588928222656,28.28228187561035,25.821765899658203,23.28438949584961,22.413677215576172,23.080944061279297,24.223190307617188,25.30653953552246,25.54371452331543,23.92519760131836,21.012523651123047,17.651649475097656,14.83398151397705,13.684834480285645,13.681770324707031,15.19042682647705,15.669607162475586,15.677887916564941,14.53154182434082,14.570565223693848,15.465922355651855,15.609047889709473,15.010445594787598,14.65971565246582,14.91375732421875,14.7344331741333,13.804719924926758,12.390939712524414,12.492497444152832,13.774604797363281,15.531927108764648,16.681182861328125,17.692890167236328,19.164033889770508,20.79597282409668
39.40713119506836,38.30908203125,36.9185791015625,35.8121452331543,35.162452697753906,34.59809875488281,33.8744010925293,32.79192352294922,31.068557739257812,29.670921325683594,28.902673721313477,27.398618698120117,24.94029998779297,22.33473014831543,21.482667922973633,22.298913955688477,23.62713623046875,24.72185516357422,24.657182693481445,22.997385025024414,20.13882064819336,16.581520080566406,13.768658638000488,12.638969421386719,12.400541305541992,14.181864738464355,14.423425674438477,15.49933910369873,15.028910636901855,14.95042896270752,16.025577545166016,16.4516544342041,17.13863182067871,16.720043182373047,14.425625801086426,12.115781784057617,11.91744613647461,13.506038665771484,15.191709518432617,15.993173599243164,16.576255798339844,17.582561492919922,19.06255340576172,20.403173446655273,21.21345329284668
37.677303314208984,36.48784255981445,35.157127380371094,34.349609375,33.88350296020508,33.5506477355957,33.13102340698242,32.16825485229492,30.19425392150879,28.822921752929688,27.924779891967773,26.417795181274414,24.47645378112793,21.663318634033203,20.624242782592773,21.70789909362793,23.144681930541992,23.904693603515625,23.584794998168945,22.175527572631836,19.291032791137695,15.709415435791016,12.822626113891602,12.50351333618164,12.242452621459961,12.97774600982666,13.161004066467285,15.237170219421387,16.459911346435547,17.222354888916016,16.87522315979004,17.383419036865234,16.538101196289062,13.05240535736084,11.868111610412598,12.848106384277344,14.663843154907227,16.291593551635742,16.770570755004883,16.785388946533203,17.575504302978516,19.01016616821289,20.167865753173828,20.62595558166504,20.471595764160156
