data/wind_data/wind_2025-02-20_11.json
{"header": {"parameterUnit": "KT", "parameterCategory": 2, "nx": 255, "ny": 198, "lo1": 44.73521041870117, "la1": -3.236724853515625, "lo2": 111.26478576660156, "la2": 43.468475341796875, "dx": 0.26192745566368103, "dy": -0.23708222806453705, "refTime": "2025-02-20 11:00:00", "forecastTime": 0, "parameterNumber": 2, "parameterNumberName": "eastward_wind"}, "data":
[rows 0 to 18 of 198, columns 0 to 42 of 255]
-12.40818977355957,-12.509528160095215,-12.41038703918457,-12.197196960449219,-11.963482856750488,-11.875042915344238,-11.556925773620605,-10.989517211914062,-10.610796928405762,-9.987187385559082,-9.309979438781738,-8.590157508850098,-7.8643717765808105,-7.163361549377441,-6.582230091094971,-6.316791534423828,-6.273016929626465,-6.196930885314941,-6.057066440582275,-5.906219482421875,-5.834598064422607,-5.969712734222412,-6.179953575134277,-6.311802864074707,-6.32828426361084,-6.24977970123291,-6.230402946472168,-6.394970893859863,-6.716451644897461,-7.132011890411377,-7.413808345794678,-7.436298370361328,-7.204770088195801,-6.7849531173706055,-6.367767333984375,-6.033204078674316,-5.793367385864258,-5.613586902618408,-5.409730434417725,-5.191511631011963,-5.0181450843811035,-4.860046863555908,-4.678161144256592
-12.763208389282227,-13.074549674987793,-12.93790054321289,-12.761971473693848,-12.51106071472168,-12.105770111083984,-11.651912689208984,-11.427801132202148,-10.955046653747559,-10.326421737670898,-9.59688663482666,-8.86023235321045,-8.146334648132324,-7.462775707244873,-6.92214298248291,-6.6769938468933105,-6.531303405761719,-6.3390607833862305,-6.311427593231201,-6.286884784698486,-6.257802963256836,-6.3458123207092285,-6.54556941986084,-6.725983619689941,-6.825691223144531,-6.912527084350586,-6.9134521484375,-6.984521389007568,-7.3503618240356445,-7.815590858459473,-8.045852661132812,-7.960776329040527,-7.6277546882629395,-7.207169532775879,-6.923280239105225,-6.738597393035889,-6.518949031829834,-6.292275428771973,-6.1369757652282715,-6.02360725402832,-5.870384693145752,-5.63756799697876,-5.328778266906738
-12.641189575195312,-12.883855819702148,-12.92371940612793,-12.995576858520508,-12.797799110412598,-12.35572338104248,-11.774927139282227,-11.248756408691406,-10.81338882446289,-10.447924613952637,-9.789167404174805,-9.055065155029297,-8.306195259094238,-7.586296081542969,-7.049861907958984,-6.857207298278809,-6.769534111022949,-6.462656021118164,-6.305634498596191,-6.401768684387207,-6.463075637817383,-6.603749752044678,-6.818509578704834,-7.1053009033203125,-7.542278289794922,-7.8347296714782715,-7.902627468109131,-7.943271636962891,-8.142297744750977,-8.39297103881836,-8.428580284118652,-8.225361824035645,-7.900819778442383,-7.606311321258545,-7.4664130210876465,-7.393723011016846,-7.245561122894287,-7.029932975769043,-6.844007968902588,-6.678409576416016,-6.461698532104492,-6.175408840179443,-5.814082145690918
-12.548839569091797,-12.895622253417969,-13.224525451660156,-13.494404792785645,-13.110067367553711,-12.518587112426758,-11.841809272766113,-11.211685180664062,-10.867321968078613,-10.593134880065918,-10.034272193908691,-9.246790885925293,-8.541936874389648,-7.679479122161865,-6.870418548583984,-6.501284122467041,-6.853598117828369,-7.053530216217041,-6.700674057006836,-6.510863780975342,-6.815586090087891,-7.217082500457764,-7.359729290008545,-7.530985355377197,-8.1796236038208,-9.120948791503906,-9.5768461227417,-9.26919174194336,-8.773216247558594,-8.66425609588623,-8.700974464416504,-8.446803092956543,-8.042189598083496,-7.794275283813477,-7.725229263305664,-7.729633331298828,-7.759819030761719,-7.690939426422119,-7.412520408630371,-7.028791904449463,-6.75396728515625,-6.538997650146484,-6.1619791984558105
-12.474019050598145,-12.958765029907227,-13.593152046203613,-14.175592422485352,-13.59775447845459,-12.849268913269043,-11.854450225830078,-10.458209037780762,-10.03226089477539,-10.585624694824219,-10.821439743041992,-10.173105239868164,-9.11960506439209,-7.527608394622803,-5.783080577850342,-4.853232383728027,-5.8160223960876465,-6.904052734375,-6.94594144821167,-7.1944379806518555,-8.101224899291992,-8.27682113647461,-7.557618141174316,-7.364384174346924,-8.582104682922363,-11.055028915405273,-12.665388107299805,-11.413090705871582,-9.196676254272461,-8.7378511428833,-9.252106666564941,-9.039170265197754,-8.411206245422363,-7.89263916015625,-7.313302516937256,-6.990312099456787,-7.304830551147461,-7.84426736831665,-7.650241374969482,-6.807871341705322,-6.598403453826904,-7.036630153656006,-6.8159708976745605
-12.483527183532715,-13.020813941955566,-13.553136825561523,-14.093206405639648,-13.742281913757324,-13.093210220336914,-12.075724601745605,-10.861493110656738,-9.861422538757324,-9.282992362976074,-9.101621627807617,-9.52137279510498,-9.653156280517578,-8.446205139160156,-6.889770030975342,-5.570077419281006,-5.168483257293701,-6.304316520690918,-7.929937362670898,-8.641586303710938,-8.602717399597168,-7.944429397583008,-6.839606285095215,-5.603757381439209,-5.381913661956787,-8.205930709838867,-11.718791961669922,-11.083985328674316,-8.469378471374512,-8.452461242675781,-9.705140113830566,-9.740172386169434,-9.284453392028809,-8.996692657470703,-8.317484855651855,-7.431912899017334,-6.965092658996582,-7.467540264129639,-7.8482465744018555,-6.928552150726318,-6.6148457527160645,-8.01043701171875,-8.432679176330566
-12.623736381530762,-13.187460899353027,-13.633675575256348,-13.910540580749512,-13.305061340332031,-12.798641204833984,-12.189644813537598,-11.564549446105957,-11.046640396118164,-9.883638381958008,-8.61131763458252,-8.194177627563477,-8.841446876525879,-9.345592498779297,-9.231550216674805,-8.625317573547363,-7.880060195922852,-7.762108325958252,-8.071484565734863,-8.340858459472656,-8.65831470489502,-8.69369125366211,-7.5955119132995605,-6.25396728515625,-7.028241157531738,-10.102356910705566,-11.80009651184082,-10.257186889648438,-8.693233489990234,-9.07457447052002,-10.037602424621582,-10.298150062561035,-10.061787605285645,-9.916043281555176,-9.71214485168457,-9.145337104797363,-8.282637596130371,-8.169292449951172,-8.378479957580566,-7.165886878967285,-5.987135887145996,-6.972043037414551,-8.468339920043945
-12.65040397644043,-13.218729972839355,-13.555603981018066,-13.910660743713379,-13.22502326965332,-11.983232498168945,-10.688352584838867,-9.936874389648438,-9.699065208435059,-9.77375602722168,-9.6507568359375,-9.005380630493164,-8.653600692749023,-9.194156646728516,-9.64675235748291,-8.493918418884277,-6.865036487579346,-6.434958457946777,-7.141754627227783,-7.7890520095825195,-7.94345235824585,-7.828724384307861,-7.846726417541504,-7.852907657623291,-8.703606605529785,-10.748761177062988,-11.514862060546875,-10.150579452514648,-8.815624237060547,-9.148955345153809,-10.125412940979004,-10.452486991882324,-10.576769828796387,-10.670876502990723,-10.451041221618652,-10.040398597717285,-9.666912078857422,-9.378119468688965,-8.944150924682617,-7.6267805099487305,-5.753582000732422,-5.493049621582031,-6.809952259063721
-12.530373573303223,-13.195015907287598,-13.562576293945312,-14.011292457580566,-13.525888442993164,-12.354960441589355,-10.935970306396484,-10.264861106872559,-10.528532981872559,-11.262444496154785,-11.886946678161621,-11.555233001708984,-10.715632438659668,-9.828311920166016,-9.481499671936035,-8.780338287353516,-7.305781364440918,-5.766098976135254,-5.518802165985107,-6.88040828704834,-8.42528247833252,-9.242406845092773,-9.801620483398438,-9.998017311096191,-9.764126777648926,-9.662596702575684,-10.073882102966309,-10.574256896972656,-10.729243278503418,-10.63120174407959,-10.501199722290039,-10.792135238647461,-11.237621307373047,-11.369942665100098,-11.41372299194336,-11.396101951599121,-11.073394775390625,-10.531647682189941,-9.81190299987793,-8.699821472167969,-7.259174823760986,-5.899778842926025,-5.219221591949463
-12.408358573913574,-13.138490676879883,-13.510319709777832,-13.806183815002441,-13.106366157531738,-12.235020637512207,-11.521224975585938,-11.201404571533203,-11.163590431213379,-11.014328956604004,-11.022302627563477,-10.746231079101562,-9.98330020904541,-8.743247032165527,-7.447412014007568,-7.054785251617432,-7.271771430969238,-6.702538013458252,-5.3584723472595215,-5.326635837554932,-7.456912994384766,-9.403913497924805,-9.870332717895508,-9.340927124023438,-7.902266979217529,-6.59512996673584,-8.182510375976562,-10.840544700622559,-10.916312217712402,-10.316717147827148,-10.776122093200684,-11.257657051086426,-11.458913803100586,-11.75437068939209,-12.084017753601074,-12.22881031036377,-11.990680694580078,-11.201140403747559,-10.110763549804688,-9.015172004699707,-7.92223596572876,-6.710098743438721,-5.4919891357421875
-12.313863754272461,-13.033219337463379,-13.401812553405762,-13.534292221069336,-12.696290969848633,-12.19879150390625,-12.143725395202637,-11.924059867858887,-11.26304817199707,-10.689713478088379,-10.856224060058594,-10.799921989440918,-10.133479118347168,-8.746939659118652,-7.234296798706055,-7.021178722381592,-8.409806251525879,-8.648994445800781,-7.017304420471191,-5.435856342315674,-5.263557434082031,-6.880057334899902,-8.733200073242188,-9.242671012878418,-8.45940113067627,-6.974457740783691,-7.378293037414551,-9.631424903869629,-10.338016510009766,-10.227240562438965,-11.043317794799805,-11.760034561157227,-12.01370906829834,-12.437087059020996,-12.801435470581055,-12.860283851623535,-12.62250804901123,-11.91523265838623,-10.91366958618164,-9.883536338806152,-9.099455833435059,-8.539294242858887,-7.895381927490234
-12.472917556762695,-13.074336051940918,-13.354961395263672,-13.422539710998535,-12.354536056518555,-11.185891151428223,-10.26913070678711,-10.245377540588379,-10.776890754699707,-10.664112091064453,-10.814754486083984,-11.034004211425781,-10.594535827636719,-9.46663761138916,-8.633005142211914,-8.694202423095703,-9.09564208984375,-7.998002052307129,-5.897648334503174,-4.241013526916504,-3.284860849380493,-3.911778450012207,-6.033714771270752,-8.120552062988281,-8.727205276489258,-8.135926246643066,-8.289052963256836,-9.166071891784668,-9.379388809204102,-9.192687034606934,-9.972758293151855,-11.166752815246582,-11.855987548828125,-12.290874481201172,-12.449037551879883,-12.448307991027832,-12.471622467041016,-12.174932479858398,-11.29637336730957,-10.068050384521484,-9.07374095916748,-8.867837905883789,-9.06474781036377
-12.830178260803223,-13.26329517364502,-13.37229061126709,-13.566064834594727,-12.85909366607666,-11.87038516998291,-10.465126037597656,-9.68511962890625,-9.793746948242188,-9.900123596191406,-10.220171928405762,-10.874873161315918,-11.275947570800781,-10.6700439453125,-9.688976287841797,-9.219086647033691,-8.925898551940918,-7.810696125030518,-5.88020133972168,-4.218009948730469,-3.4120919704437256,-3.4827001094818115,-4.119024276733398,-5.887039661407471,-7.576995372772217,-7.456845760345459,-7.759804725646973,-9.48824405670166,-10.483338356018066,-10.36190414428711,-10.427517890930176,-11.085137367248535,-12.157838821411133,-12.973601341247559,-13.216070175170898,-13.113128662109375,-13.03268814086914,-12.899479866027832,-12.218086242675781,-11.19277286529541,-10.405390739440918,-9.9180326461792,-9.660700798034668
-13.238931655883789,-13.585373878479004,-13.512219429016113,-13.465184211730957,-12.945050239562988,-12.460772514343262,-11.36066722869873,-10.549324989318848,-10.501051902770996,-10.192083358764648,-9.65274429321289,-9.071709632873535,-9.200200080871582,-8.870738983154297,-7.898740768432617,-7.403972625732422,-7.672004699707031,-7.541667461395264,-6.301655292510986,-4.708740234375,-4.087024688720703,-4.775600910186768,-5.130805969238281,-4.9990973472595215,-5.810135841369629,-6.359245300292969,-7.331026077270508,-9.339367866516113,-9.98117446899414,-9.863115310668945,-10.527689933776855,-11.495004653930664,-12.251837730407715,-12.886825561523438,-13.122320175170898,-12.912105560302734,-12.762979507446289,-12.752483367919922,-12.595101356506348,-12.14942455291748,-11.480433464050293,-10.648507118225098,-9.800268173217773
-13.715709686279297,-13.967948913574219,-13.79815673828125,-13.618417739868164,-12.967049598693848,-12.230311393737793,-10.882644653320312,-10.204912185668945,-10.6895112991333,-11.32386589050293,-11.338179588317871,-9.84037971496582,-7.662765026092529,-5.982300758361816,-5.7426323890686035,-6.317873954772949,-6.659667015075684,-6.741083145141602,-6.393749713897705,-5.372946739196777,-4.603646278381348,-4.936348915100098,-5.639894485473633,-5.480690956115723,-4.658504962921143,-5.082027912139893,-7.573173522949219,-9.850798606872559,-10.561484336853027,-10.668906211853027,-11.057990074157715,-11.835399627685547,-12.573931694030762,-13.094398498535156,-13.236381530761719,-13.092948913574219,-12.953418731689453,-12.904152870178223,-13.053586959838867,-13.042016983032227,-12.434673309326172,-11.459362983703613,-10.355246543884277
-14.374032020568848,-14.411130905151367,-14.140839576721191,-13.809182167053223,-12.685728073120117,-11.649618148803711,-10.105112075805664,-9.103105545043945,-9.052597999572754,-9.733315467834473,-10.828052520751953,-9.960114479064941,-8.146031379699707,-7.312935829162598,-7.94331169128418,-8.727903366088867,-8.807815551757812,-8.500443458557129,-7.5634613037109375,-6.3221516609191895,-5.49015474319458,-5.076703071594238,-4.879343032836914,-4.912720203399658,-4.714452743530273,-3.5859639644622803,-4.075991153717041,-7.985208034515381,-10.751140594482422,-10.368571281433105,-10.440085411071777,-11.681472778320312,-12.570073127746582,-12.993782997131348,-12.7752103805542,-12.496922492980957,-12.717094421386719,-12.91342830657959,-12.906209945678711,-12.692387580871582,-12.202669143676758,-11.634209632873535,-10.936514854431152
-15.213751792907715,-15.021602630615234,-14.591053009033203,-14.053808212280273,-12.576221466064453,-12.062591552734375,-11.800580978393555,-10.918503761291504,-10.130480766296387,-9.176952362060547,-9.159324645996094,-9.309004783630371,-8.87797737121582,-9.044721603393555,-9.73188304901123,-10.061738967895508,-10.339262962341309,-10.32419204711914,-9.190245628356934,-7.497745990753174,-5.955963134765625,-4.655517578125,-3.8755037784576416,-3.957858085632324,-4.4863762855529785,-4.832435131072998,-5.191154479980469,-7.4212965965271,-10.243038177490234,-10.348851203918457,-10.13703727722168,-11.521845817565918,-12.596553802490234,-12.596872329711914,-12.01059627532959,-11.908589363098145,-12.346091270446777,-12.700000762939453,-12.703350067138672,-12.43657398223877,-12.262020111083984,-12.161717414855957,-11.523536682128906
-16.665430068969727,-16.330598831176758,-15.1983060836792,-14.080313682556152,-12.847833633422852,-12.671392440795898,-13.111515045166016,-12.4201078414917,-10.639845848083496,-9.207212448120117,-9.394784927368164,-10.037314414978027,-9.841526985168457,-9.527294158935547,-9.548016548156738,-9.7940034866333,-10.102387428283691,-9.710573196411133,-8.619760513305664,-7.286938667297363,-5.9405107498168945,-4.681975841522217,-4.277430534362793,-4.754430770874023,-4.984007835388184,-5.373417377471924,-6.728109836578369,-8.058382034301758,-8.928569793701172,-9.318292617797852,-9.425366401672363,-10.381538391113281,-11.800233840942383,-12.096796035766602,-11.552940368652344,-11.406572341918945,-11.53835391998291,-11.658970832824707,-11.936537742614746,-12.40405559539795,-12.762685775756836,-12.450389862060547,-11.484877586364746
-17.675098419189453,-17.72665786743164,-16.371620178222656,-14.592354774475098,-14.13541316986084,-14.00084400177002,-13.322458267211914,-12.322908401489258,-10.647566795349121,-10.095366477966309,-10.596713066101074,-10.982489585876465,-10.150617599487305,-9.07822036743164,-8.856217384338379,-9.114161491394043,-9.264325141906738,-8.527593612670898,-7.46581506729126,-6.754237651824951,-6.003116130828857,-5.648293972015381,-5.883705139160156,-5.219487190246582,-4.169257640838623,-5.599225044250488,-8.743210792541504,-10.60397720336914,-10.214184761047363,-8.884181022644043,-7.88120698928833,-8.125858306884766,-9.863054275512695,-11.593528747558594,-11.916090965270996,-11.373438835144043,-10.656732559204102,-10.16519832611084,-10.59929370880127,-11.768559455871582,-12.713948249816895,-12.336238861083984,-11.153714179992676
