data/wind_data/wind_28_0.json
{"header": {"parameterUnit": "KT", "parameterCategory": 2, "nx": 255, "ny": 198, "lo1": 44.73521041870117, "la1": -3.236724853515625, "lo2": 111.26478576660156, "la2": 43.468475341796875, "dx": 0.26192745566368103, "dy": -0.23708222806453705, "refTime": "2025-02-20 04:00:00", "forecastTime": 0, "parameterNumber": 2, "parameterNumberName": "eastward_wind"}, "data":
[rows 95 to 113 of 198, columns 43 to 85 of 255]
1.4235304594039917,1.2269995212554932,1.0255194902420044,-1.5504462718963623,-5.874085426330566,-6.767220973968506,-5.710064888000488,-5.463932991027832,-4.869141101837158,-3.9293861389160156,-2.6333417892456055,-0.9609225988388062,-0.11825104802846909,0.17184314131736755,1.3046026229858398,2.660571813583374,3.383610486984253,4.000618934631348,4.674216270446777,5.039672374725342,4.8290839195251465,4.153356075286865,3.3846561908721924,2.6808810234069824,1.8382583856582642,0.9370139241218567,0.08630737662315369,-0.614555299282074,-0.6875275373458862,0.04111741483211517,1.1976174116134644,2.5192670822143555,3.7112832069396973,4.539896488189697,4.875373840332031,4.648370742797852,4.0576558113098145,3.3183796405792236,2.598386526107788,2.0480971336364746,1.7944085597991943,1.858485460281372,2.148996591567993
0.6278959512710571,-1.105562686920166,-3.760441541671753,-6.510810852050781,-7.290823936462402,-6.655695915222168,-5.922359466552734,-5.21604061126709,-4.736483573913574,-4.316926956176758,-3.187375068664551,-1.0603115558624268,0.645818829536438,0.856141209602356,0.24356131255626678,0.7769031524658203,2.514453887939453,3.9328227043151855,5.043990135192871,5.4551239013671875,5.124944686889648,4.375697612762451,3.50150990486145,2.5830085277557373,1.7487925291061401,1.0900734663009644,0.38306745886802673,-0.11651770025491714,0.09070216864347458,1.0312420129776,2.4801888465881348,3.7741522789001465,4.631593227386475,4.977706432342529,4.808164596557617,4.288499355316162,3.6700448989868164,3.0643088817596436,2.5720508098602295,2.2962372303009033,2.2860703468322754,2.534306526184082,2.91506290435791
-2.247107744216919,-5.409778118133545,-7.346119403839111,-7.955300807952881,-7.562664985656738,-6.773713111877441,-5.888973712921143,-4.965328216552734,-4.413172245025635,-4.377123832702637,-3.6036288738250732,-1.0631319284439087,1.3226503133773804,2.162191152572632,1.394935965538025,0.4615028500556946,1.7676197290420532,3.781130790710449,4.929841041564941,5.34995698928833,5.110941410064697,4.282203197479248,3.230804204940796,2.2574987411499023,1.4753410816192627,0.8715815544128418,0.34520861506462097,0.24639660120010376,0.83109050989151,2.0739433765411377,3.573762893676758,4.7382097244262695,5.2112202644348145,4.862116813659668,4.065554141998291,3.394787311553955,3.157348871231079,3.072293519973755,2.9326016902923584,2.828594207763672,2.868534803390503,3.114410400390625,3.4950475692749023
-6.502777099609375,-7.4535932540893555,-8.075048446655273,-8.450536727905273,-8.013141632080078,-7.0131916999816895,-5.925892353057861,-5.072341442108154,-4.691608905792236,-4.644686222076416,-3.336564302444458,-0.18589754402637482,2.362006902694702,3.142188549041748,2.9846742153167725,1.946041226387024,2.0371012687683105,3.4983646869659424,4.584054470062256,4.821653842926025,4.520327091217041,3.77643084526062,2.8477447032928467,2.0914359092712402,1.3917654752731323,0.5192108750343323,-0.005053730681538582,0.15005861222743988,1.0020877122879028,2.431959629058838,3.8169045448303223,4.799102783203125,4.922846794128418,4.254095077514648,3.4587955474853516,3.04542875289917,3.174180507659912,3.4637060165405273,3.6058762073516846,3.6222691535949707,3.6858110427856445,3.8571274280548096,4.175011157989502
-7.701951503753662,-7.974132537841797,-8.350079536437988,-8.741880416870117,-8.382390022277832,-6.999526023864746,-5.69722843170166,-5.263092994689941,-5.1571245193481445,-4.689376354217529,-2.7729332447052,-0.06762934476137161,1.9264683723449707,3.432039260864258,4.111902713775635,3.4167356491088867,2.757864475250244,3.5081119537353516,4.369102954864502,4.520109176635742,4.026331424713135,3.243145704269409,2.445950508117676,1.7391232252120972,0.6972212195396423,-0.521192729473114,-0.8738809823989868,-0.5891950726509094,0.6813098788261414,2.3552405834198,3.0912137031555176,3.3814327716827393,3.3761212825775146,3.305196762084961,3.331881523132324,3.5401954650878906,3.863001585006714,4.223226070404053,4.4860711097717285,4.582885265350342,4.629483699798584,4.6877312660217285,5.0018134117126465
-8.23131275177002,-8.730095863342285,-9.326704025268555,-9.57169246673584,-8.61144733428955,-6.599252700805664,-5.449399948120117,-5.639501571655273,-5.354023456573486,-4.0731916427612305,-3.740595579147339,-2.1887705326080322,2.7188479900360107,6.2244133949279785,5.648845672607422,3.426361560821533,1.9434216022491455,2.255911350250244,3.1190261840820312,3.285731554031372,2.8018178939819336,2.1175734996795654,1.2261099815368652,0.24576671421527863,-0.8252685070037842,-1.7271757125854492,-1.375271201133728,-0.4028578996658325,0.46243003010749817,1.0529038906097412,1.3119699954986572,1.506764531135559,1.9166207313537598,2.623206615447998,3.5186264514923096,4.433797359466553,5.127254962921143,5.533331394195557,5.72021484375,5.643075942993164,5.426209449768066,5.423275470733643,5.791718482971191
-8.813211441040039,-9.256930351257324,-10.451397895812988,-10.39674186706543,-7.955472469329834,-5.516068458557129,-4.841903209686279,-5.287877559661865,-4.9342265129089355,-3.5583889484405518,-4.6400675773620605,-2.9997670650482178,4.694604396820068,8.832708358764648,6.682882785797119,2.377131700515747,-0.17995230853557587,-0.7020266652107239,-0.20069585740566254,0.4890134334564209,0.4152568578720093,-0.18004480004310608,-0.5714386105537415,-1.3487375974655151,-2.6040616035461426,-2.93295955657959,-1.95098078250885,-0.8435925841331482,-0.15689119696617126,0.2513188421726227,0.629395604133606,1.250969409942627,2.1851561069488525,3.2786715030670166,4.29030179977417,5.31659460067749,6.175586223602295,6.712238311767578,6.802717685699463,6.610631465911865,6.501241207122803,6.472687244415283,6.620832920074463
-8.219226837158203,-8.85000991821289,-10.49472713470459,-10.541191101074219,-7.856187343597412,-5.430465221405029,-3.5198471546173096,-2.198570966720581,-2.3721563816070557,-1.8071763515472412,-1.7168217897415161,0.7630444169044495,5.481390953063965,6.88861083984375,3.1698615550994873,-0.9180029630661011,-2.2136709690093994,-2.5739853382110596,-2.3065037727355957,-1.7095999717712402,-1.490580677986145,-1.620949625968933,-2.17889142036438,-3.2878267765045166,-3.989799737930298,-3.4159650802612305,-2.0054590702056885,-0.714935302734375,0.08714190870523453,0.6713401675224304,1.4167979955673218,2.358814239501953,3.3789656162261963,4.426925182342529,5.348957061767578,6.184943675994873,6.865232944488525,7.346628665924072,7.704637050628662,7.846550464630127,7.714707851409912,7.853312015533447,8.075961112976074
-7.505949020385742,-8.33889102935791,-10.308063507080078,-10.310517311096191,-6.162719249725342,-2.6225991249084473,0.19190865755081177,2.575485944747925,1.473245620727539,0.7110930681228638,2.7195193767547607,4.620127201080322,5.731581687927246,3.7174229621887207,-0.3485071361064911,-2.7969932556152344,-3.213064670562744,-3.451993465423584,-3.316131591796875,-3.191267490386963,-3.1976022720336914,-3.490426778793335,-4.052750587463379,-4.234034538269043,-3.5224626064300537,-2.2660629749298096,-1.0062426328659058,0.13426311314105988,1.1355056762695312,1.9201757907867432,2.5819010734558105,3.297229766845703,4.034049034118652,4.676479339599609,5.210452556610107,5.80696964263916,6.555856704711914,7.234096050262451,7.782410144805908,8.160724639892578,8.527411460876465,9.188129425048828,9.51900577545166
-8.698284149169922,-9.541433334350586,-9.81491470336914,-8.280543327331543,-3.77703857421875,-0.4538898169994354,0.3971325159072876,1.749830961227417,1.8670532703399658,1.6239478588104248,3.6089274883270264,5.378098011016846,4.287109851837158,0.8938814401626587,-1.5370756387710571,-2.4553449153900146,-3.4262659549713135,-4.164306640625,-4.587691307067871,-4.758191108703613,-4.98228645324707,-5.0574445724487305,-4.630606174468994,-3.7126224040985107,-2.4296703338623047,-1.0842409133911133,0.05927971750497818,1.0019527673721313,1.7486194372177124,2.2504570484161377,2.490159034729004,2.5642077922821045,2.4874606132507324,2.3254430294036865,2.26072359085083,2.510610342025757,3.319143056869507,4.519870758056641,5.915588855743408,7.233304500579834,8.399940490722656,9.51345443725586,10.18948745727539
-10.67943000793457,-10.850323677062988,-8.54437255859375,-4.953835487365723,-1.2954206466674805,0.15060347318649292,-0.16482426226139069,0.2267628163099289,0.945784330368042,1.475804090499878,2.815946102142334,3.680013418197632,1.079745888710022,-1.0141617059707642,-1.0160390138626099,-1.7417784929275513,-3.2387542724609375,-4.919916152954102,-5.968928813934326,-6.343911647796631,-6.325829029083252,-5.89305305480957,-5.346510887145996,-4.700249195098877,-3.758901357650757,-2.9031622409820557,-2.2913460731506348,-1.8327910900115967,-1.6335771083831787,-1.7364119291305542,-2.1110401153564453,-2.8589141368865967,-3.744749069213867,-4.208697319030762,-4.052750587463379,-3.212780237197876,-1.4925270080566406,0.5866644382476807,2.6133358478546143,4.480043888092041,6.3647942543029785,8.23859977722168,9.471781730651855
-11.680146217346191,-10.614315032958984,-5.537303924560547,-1.2002826929092407,1.1354897022247314,2.1988000869750977,1.7294577360153198,1.3010525703430176,1.6079223155975342,1.7810606956481934,1.978837013244629,0.8708394169807434,-0.3218725621700287,-0.5108299851417542,-0.7891317009925842,-1.840617060661316,-4.092236518859863,-6.248419761657715,-7.303827285766602,-7.794044494628906,-8.21375846862793,-8.618144989013672,-8.904022216796875,-8.947833061218262,-8.752787590026855,-8.474742889404297,-8.191232681274414,-7.9923415184021,-7.9702372550964355,-8.169999122619629,-8.681225776672363,-9.493743896484375,-10.188111305236816,-9.952779769897461,-8.73963737487793,-7.261580944061279,-5.284822463989258,-2.967885971069336,-0.3724455237388611,1.7865345478057861,3.661386728286743,5.523099422454834,7.021020889282227
-12.251986503601074,-9.080928802490234,-3.177161455154419,0.7205621004104614,2.1919105052948,1.720481276512146,0.0719030350446701,-1.1332875490188599,-1.2418078184127808,-1.1193211078643799,-1.1521698236465454,-1.0482863187789917,-0.7942584156990051,-0.8826895356178284,-1.7443733215332031,-3.62812876701355,-6.114760875701904,-8.308707237243652,-9.935955047607422,-11.381248474121094,-12.843892097473145,-13.626052856445312,-13.691086769104004,-13.136190414428711,-12.319814682006836,-11.488295555114746,-10.836796760559082,-10.666342735290527,-10.49441146850586,-10.61909294128418,-11.434696197509766,-12.30759048461914,-12.30160903930664,-11.472077369689941,-10.046208381652832,-8.676570892333984,-7.065526008605957,-4.7894439697265625,-1.9944112300872803,0.5297442078590393,1.9508700370788574,2.6502342224121094,3.31614351272583
-12.83768367767334,-6.78747034072876,0.5234296917915344,3.109513759613037,0.05660443753004074,-4.3555073738098145,-5.7594804763793945,-5.8901238441467285,-5.679655075073242,-5.129139423370361,-4.316722393035889,-3.515188217163086,-3.079087972640991,-3.4675352573394775,-5.122000217437744,-7.974996566772461,-11.170492172241211,-13.854900360107422,-15.48206615447998,-16.480749130249023,-16.73802947998047,-16.305950164794922,-15.201181411743164,-13.7888765335083,-12.362207412719727,-11.044666290283203,-10.27363395690918,-10.045841217041016,-10.452910423278809,-10.957063674926758,-11.577067375183105,-12.375024795532227,-12.299586296081543,-11.704222679138184,-10.693644523620605,-9.389533996582031,-7.81903076171875,-5.824011325836182,-3.382093906402588,-0.6922927498817444,0.7654992938041687,0.5676031112670898,-0.23117373883724213
-12.506495475769043,-4.4168314933776855,1.65397047996521,-0.885280966758728,-6.305882930755615,-8.044814109802246,-8.398938179016113,-9.087005615234375,-9.211562156677246,-8.860898971557617,-8.197009086608887,-7.862771034240723,-8.197244644165039,-9.43848705291748,-12.026603698730469,-15.060641288757324,-17.60716438293457,-19.170379638671875,-19.57628059387207,-18.908119201660156,-17.61547088623047,-16.248281478881836,-15.117067337036133,-14.004646301269531,-12.725460052490234,-11.442587852478027,-10.482857704162598,-9.914433479309082,-10.163614273071289,-10.733850479125977,-11.025312423706055,-11.30005931854248,-11.431672096252441,-10.944040298461914,-10.315003395080566,-9.455803871154785,-8.102561950683594,-6.397727966308594,-4.5164289474487305,-1.9511919021606445,-0.09524351358413696,-0.45621368288993835,-2.0219554901123047
-11.288528442382812,-4.743340969085693,-4.144348621368408,-8.60611629486084,-10.502498626708984,-10.399147033691406,-10.905156135559082,-11.640609741210938,-12.099496841430664,-11.998873710632324,-11.915851593017578,-12.945962905883789,-14.862709999084473,-17.327903747558594,-19.486751556396484,-20.883630752563477,-21.482662200927734,-21.180280685424805,-20.05469512939453,-18.669208526611328,-17.37633514404297,-16.247211456298828,-15.26965045928955,-14.41986083984375,-13.600460052490234,-12.59443187713623,-11.447672843933105,-10.711869239807129,-10.51840591430664,-10.775612831115723,-10.381958961486816,-9.536327362060547,-8.891640663146973,-8.963764190673828,-9.430614471435547,-9.490243911743164,-8.606643676757812,-7.160529613494873,-5.351680278778076,-2.681291103363037,-0.5454083681106567,-0.72894686460495,-1.9126518964767456
-9.921524047851562,-7.673901081085205,-9.826308250427246,-11.621827125549316,-12.293745040893555,-13.020419120788574,-13.303568840026855,-13.638134002685547,-13.462923049926758,-13.732898712158203,-14.420982360839844,-17.249479293823242,-20.473623275756836,-22.101436614990234,-22.304353713989258,-21.966114044189453,-21.628463745117188,-20.948705673217773,-19.287439346313477,-17.19398307800293,-15.518914222717285,-13.954614639282227,-12.772170066833496,-12.62426471710205,-13.339000701904297,-13.225578308105469,-11.78992748260498,-10.288743019104004,-9.376542091369629,-9.649138450622559,-9.502398490905762,-8.025999069213867,-6.836703300476074,-7.227485656738281,-8.443243026733398,-7.973922252655029,-7.035921573638916,-6.767856597900391,-5.87795352935791,-3.2334094047546387,-0.6252654194831848,-0.10565584897994995,-0.44155654311180115
-10.743047714233398,-9.600318908691406,-11.556201934814453,-12.569540023803711,-13.100552558898926,-14.091683387756348,-14.4575834274292,-14.969949722290039,-14.849406242370605,-14.22287368774414,-14.159287452697754,-16.28115463256836,-19.95633316040039,-21.831453323364258,-21.39513397216797,-21.104652404785156,-20.70551300048828,-19.76182746887207,-16.23850440979004,-10.000792503356934,-6.991695404052734,-5.705206871032715,-4.8670783042907715,-5.743354797363281,-8.664514541625977,-11.092769622802734,-10.782837867736816,-10.002060890197754,-8.365194320678711,-8.61787223815918,-8.026975631713867,-6.509158134460449,-6.033425807952881,-7.070178985595703,-7.9356369972229,-5.783829689025879,-3.277865171432495,-3.714881181716919,-5.027425765991211,-3.6577250957489014,-0.7826172113418579,0.11314541101455688,-0.9720496535301208
-11.029579162597656,-9.939379692077637,-11.146281242370605,-11.55630874633789,-12.214788436889648,-13.906736373901367,-14.48705768585205,-14.56667423248291,-14.404906272888184,-14.26806926727295,-13.33877944946289,-10.904736518859863,-9.222975730895996,-11.413206100463867,-12.147965431213379,-10.682769775390625,-10.062429428100586,-10.301002502441406,-10.095160484313965,-8.347195625305176,-6.878764629364014,-6.95068883895874,-6.957709312438965,-7.355877876281738,-7.710060119628906,-7.256866931915283,-8.312299728393555,-10.142857551574707,-10.529979705810547,-8.853965759277344,-5.889058589935303,-3.690368890762329,-3.3821115493774414,-3.8103435039520264,-4.586008071899414,-4.096263885498047,-2.0450785160064697,-0.3907609283924103,-0.8485195636749268,-1.8556045293807983,-0.2817944288253784,0.052093300968408585,-1.3017644882202148
