data/wind_data/wind_2025-02-21_08.json
{"header": {"parameterUnit": "KT", "parameterCategory": 2, "nx": 255, "ny": 198, "lo1": 44.73521041870117, "la1": -3.236724853515625, "lo2": 111.26478576660156, "la2": 43.468475341796875, "dx": 0.26192745566368103, "dy": -0.23708222806453705, "refTime": "2025-02-21 08:00:00", "forecastTime": 0, "parameterNumber": 2, "parameterNumberName": "eastward_wind"}, "data":
[rows 76 to 94 of 198, columns 43 to 85 of 255]
1.5013235807418823,-0.16438879072666168,-1.6319204568862915,-1.5844204425811768,-0.7304638624191284,-0.19429589807987213,-0.35636842250823975,-2.128878116607666,-2.6712613105773926,-2.1938297748565674,-2.734060287475586,-3.412562847137451,-3.663743019104004,-3.1686007976531982,-2.2852020263671875,-1.7077137231826782,-1.5102481842041016,-2.2978527545928955,-3.9530720710754395,-4.615267753601074,-5.222968101501465,-5.606127738952637,-5.853511810302734,-6.455112934112549,-6.710404396057129,-7.117015361785889,-7.201452255249023,-6.961667537689209,-6.828916072845459,-6.533659934997559,-6.093395709991455,-5.689667224884033,-5.375644207000732,-4.997713088989258,-4.440769672393799,-3.855771064758301,-3.5397956371307373,-3.8450191020965576,-4.4964094161987305,-5.1022162437438965,-5.454613208770752,-5.481586933135986,-5.194195747375488
1.735695242881775,0.5837749242782593,-0.5775644183158875,-0.6928419470787048,-0.20244868099689484,0.018857231363654137,-0.5982143878936768,-2.1044251918792725,-2.0945534706115723,-1.6315686702728271,-2.3257555961608887,-2.8464863300323486,-3.196091651916504,-3.1396353244781494,-2.560872793197632,-2.1811025142669678,-2.7547459602355957,-3.4436228275299072,-4.765405178070068,-5.361590385437012,-5.636809825897217,-6.238959789276123,-6.306149482727051,-6.696674823760986,-6.9865827560424805,-7.227627754211426,-7.146247863769531,-7.007399082183838,-6.7720441818237305,-6.556018352508545,-6.222837448120117,-5.736823558807373,-5.2261271476745605,-4.9264373779296875,-4.549951076507568,-4.0117082595825195,-3.9934322834014893,-4.538434982299805,-5.10269021987915,-5.491701126098633,-5.684325695037842,-5.625132083892822,-5.266000747680664
2.036444902420044,1.2733275890350342,0.355863094329834,0.13312563300132751,0.116119384765625,0.1354607343673706,-0.5777114033699036,-1.579482078552246,-1.7086771726608276,-1.6132599115371704,-2.0883677005767822,-2.4787073135375977,-2.760396957397461,-2.7560694217681885,-1.9350403547286987,-1.3631588220596313,-2.1287338733673096,-2.9828882217407227,-4.658515930175781,-5.670314788818359,-5.857935428619385,-6.439116477966309,-6.581207752227783,-6.919976711273193,-6.976795673370361,-6.9008660316467285,-6.731542587280273,-6.696970462799072,-6.620593547821045,-6.382149696350098,-6.0153632164001465,-5.554785251617432,-5.23568868637085,-5.019779682159424,-4.601082801818848,-4.344814777374268,-4.565965175628662,-5.069468021392822,-5.564489841461182,-5.831774711608887,-5.816065311431885,-5.628657341003418,-5.309711456298828
2.1059765815734863,1.5592241287231445,0.950853168964386,0.7980586886405945,0.4455728828907013,0.26243749260902405,-0.433299720287323,-1.0622615814208984,-1.2727258205413818,-1.6964104175567627,-2.000908613204956,-2.295393228530884,-2.510727643966675,-2.2580437660217285,-1.3576269149780273,-1.2822233438491821,-2.352134943008423,-3.757880449295044,-4.882105827331543,-5.504816055297852,-6.0762786865234375,-6.419764041900635,-6.590477466583252,-6.583054065704346,-6.647119998931885,-6.6124491691589355,-6.592966079711914,-6.603195667266846,-6.354965686798096,-6.001406192779541,-5.7439775466918945,-5.497044086456299,-5.290808200836182,-5.0602264404296875,-4.640354156494141,-4.437259674072266,-4.735980987548828,-5.229813575744629,-5.714107513427734,-6.074187755584717,-6.054274082183838,-5.680141925811768,-5.0852155685424805
0.96927410364151,1.3241140842437744,0.9606491923332214,1.256280779838562,0.8065757751464844,0.35139602422714233,-0.2685944736003876,-0.6674041152000427,-0.6468204259872437,-1.4819203615188599,-1.9051706790924072,-1.9099284410476685,-1.879061222076416,-1.1539502143859863,-0.9441478252410889,-1.6849550008773804,-2.7672834396362305,-4.448744297027588,-5.335223197937012,-5.4983744621276855,-6.082897663116455,-6.388493061065674,-6.586313247680664,-6.4667744636535645,-6.374462127685547,-6.321023941040039,-6.2710041999816895,-6.1022515296936035,-5.839358806610107,-5.6761555671691895,-5.6145172119140625,-5.551215171813965,-5.330366611480713,-5.049175262451172,-4.771659851074219,-4.63160514831543,-4.87979793548584,-5.381389141082764,-5.8482747077941895,-6.157983779907227,-6.189518928527832,-5.697510719299316,-4.912930011749268
-1.3343491554260254,1.4235209226608276,2.1890065670013428,1.2934094667434692,1.0041722059249878,0.45131248235702515,0.054233990609645844,-0.23679925501346588,-0.004861696157604456,-0.7518444657325745,-1.3379849195480347,-0.9606571793556213,-0.8779588937759399,-0.6283065676689148,-1.1057908535003662,-1.810364007949829,-3.1667420864105225,-4.594845771789551,-5.213107585906982,-5.648576736450195,-6.055548667907715,-6.468553066253662,-6.415393352508545,-6.214098930358887,-6.240605354309082,-6.3245320320129395,-6.290215492248535,-6.040109157562256,-5.629049301147461,-5.421339988708496,-5.481273174285889,-5.593197822570801,-5.557835578918457,-5.2489728927612305,-4.860814094543457,-4.7437825202941895,-5.047720909118652,-5.492086410522461,-5.648272514343262,-5.806365966796875,-5.920110702514648,-5.656599998474121,-5.142155170440674
0.3751070201396942,0.7869896292686462,0.6268461346626282,1.9303302764892578,0.881429135799408,0.729010820388794,0.36514005064964294,0.1331915557384491,0.3381820023059845,-0.04309794306755066,-0.5027492046356201,-0.009100215509533882,-0.1224253699183464,-0.601158082485199,-1.4370450973510742,-2.024237871170044,-3.452674150466919,-4.933506011962891,-5.206017971038818,-5.767588138580322,-6.0752177238464355,-6.305495262145996,-6.233013153076172,-6.075587272644043,-6.022110462188721,-6.06030797958374,-6.016701698303223,-5.833144187927246,-5.568202018737793,-5.3574538230896,-5.381717205047607,-5.468945026397705,-5.366836071014404,-5.215636730194092,-5.130861759185791,-5.090160369873047,-5.180197238922119,-5.495794773101807,-5.751850605010986,-5.93921422958374,-6.114861965179443,-5.977661609649658,-5.398589611053467
-0.7135835289955139,-0.518491268157959,-1.0322265625,0.42576149106025696,0.15552979707717896,1.009294033050537,0.4557870328426361,-0.162880539894104,0.19219641387462616,0.24174554646015167,0.21009641885757446,0.2610216736793518,0.1616782248020172,-0.680593729019165,-1.046756386756897,-2.2895750999450684,-3.784008264541626,-4.665151119232178,-5.247834205627441,-5.743789196014404,-6.028308391571045,-6.199169158935547,-6.149624824523926,-6.027010440826416,-5.967895030975342,-5.930420875549316,-5.839663028717041,-5.6304707527160645,-5.293061256408691,-5.07907247543335,-5.1424689292907715,-5.2602033615112305,-5.299376964569092,-5.289238452911377,-5.315760612487793,-5.337658405303955,-5.400488376617432,-5.544288635253906,-5.693105220794678,-5.9651031494140625,-6.27907133102417,-6.367386817932129,-5.701627731323242
-2.401984691619873,-2.295102119445801,-3.334277629852295,-1.9737205505371094,-0.8527816534042358,0.32430288195610046,-0.15175700187683105,-0.6232695579528809,0.024973666295409203,0.34379762411117554,0.4910205602645874,0.1878989040851593,0.28974679112434387,-0.25531524419784546,-0.8410689234733582,-2.5481951236724854,-3.661576271057129,-4.364675521850586,-4.999630451202393,-5.4879655838012695,-5.822972297668457,-5.912308216094971,-5.823876857757568,-5.636373519897461,-5.497097015380859,-5.514397621154785,-5.6018967628479,-5.542285919189453,-5.313427925109863,-5.140411376953125,-5.0446295738220215,-4.986678123474121,-5.063509464263916,-5.2015604972839355,-5.296921253204346,-5.324488162994385,-5.293846130371094,-5.5014472007751465,-5.928477764129639,-6.4074015617370605,-6.928715705871582,-7.037789344787598,-6.316254615783691
-3.0812458992004395,-3.8193423748016357,-4.931581974029541,-2.6494054794311523,-0.500891923904419,1.3044543266296387,0.18208855390548706,-0.9278982877731323,0.49372100830078125,0.4809373915195465,0.44065356254577637,0.1704038679599762,0.24292387068271637,-0.3080641031265259,-1.3552178144454956,-2.7906408309936523,-3.292938232421875,-3.8742189407348633,-4.481644630432129,-5.031379699707031,-5.330329418182373,-5.428871154785156,-5.341889381408691,-5.2167487144470215,-5.225233554840088,-5.322300434112549,-5.382617473602295,-5.381138801574707,-5.273252964019775,-5.065686225891113,-4.937509536743164,-4.927303791046143,-4.948039531707764,-5.065915107727051,-5.171682834625244,-5.1324286460876465,-5.215476036071777,-5.409900665283203,-5.894227504730225,-6.7296142578125,-7.2563910484313965,-7.3537373542785645,-6.7365522384643555
-3.5787031650543213,-4.342459201812744,-4.6294121742248535,-2.4994916915893555,-0.9309507608413696,1.1249727010726929,0.10835261642932892,-1.03129243850708,0.8316036462783813,0.9776973724365234,0.5386583805084229,0.5548427104949951,0.16978025436401367,-0.8515416383743286,-1.6490553617477417,-2.6456258296966553,-3.0225894451141357,-3.425581455230713,-3.843817949295044,-4.458573341369629,-4.971370220184326,-5.110372543334961,-4.988696098327637,-4.847353935241699,-4.742027759552002,-4.779018402099609,-4.864406108856201,-4.89993143081665,-4.92560338973999,-4.916720867156982,-4.80545711517334,-4.6415886878967285,-4.573227882385254,-4.726378440856934,-4.963296890258789,-5.109665393829346,-5.257955551147461,-5.571463108062744,-6.038179397583008,-6.714023590087891,-7.300440311431885,-7.273655891418457,-6.837130546569824
-3.557817220687866,-3.795366048812866,-3.5395145416259766,-2.1503472328186035,-1.2904576063156128,-0.4509185254573822,-1.362372636795044,-1.3506507873535156,0.9185332655906677,1.181839942932129,0.7006581425666809,0.24323536455631256,-0.39667683839797974,-1.18794846534729,-1.8010027408599854,-2.438363552093506,-2.775467872619629,-3.0119009017944336,-3.374952793121338,-4.0757737159729,-4.632932662963867,-4.8254313468933105,-4.731357097625732,-4.476456642150879,-4.284163951873779,-4.2710280418396,-4.367792129516602,-4.487654209136963,-4.528825283050537,-4.539190769195557,-4.562779903411865,-4.5066752433776855,-4.3430495262146,-4.338676929473877,-4.607222080230713,-4.841033458709717,-4.9684882164001465,-5.2858195304870605,-5.848544597625732,-6.5436787605285645,-7.242100715637207,-7.556012153625488,-7.215606689453125
-3.228090763092041,-2.9465622901916504,-2.9012563228607178,-2.22510027885437,-1.66891610622406,-1.2122913599014282,-1.8181766271591187,-0.9489724636077881,1.2162721157073975,0.6103113889694214,0.5438246130943298,-0.031289178878068924,-0.7034201622009277,-1.264142632484436,-1.7116907835006714,-2.1203885078430176,-2.2993686199188232,-2.4641623497009277,-2.9244368076324463,-3.692551851272583,-4.279329299926758,-4.471080780029297,-4.317881107330322,-3.9924943447113037,-3.805060625076294,-3.791123151779175,-3.829550266265869,-3.9566335678100586,-4.106381893157959,-4.265071868896484,-4.4227776527404785,-4.463397979736328,-4.374654293060303,-4.331460952758789,-4.488331317901611,-4.696378231048584,-4.823361396789551,-5.070252895355225,-5.549386024475098,-6.093038082122803,-6.885663032531738,-7.651575088500977,-7.618783950805664
-2.710162401199341,-2.21621036529541,-2.3656184673309326,-2.1980576515197754,-1.9370156526565552,-2.0435681343078613,-2.2755789756774902,-0.664440393447876,1.8141775131225586,0.6022785305976868,0.10246961563825607,-0.3521285951137543,-0.7809081077575684,-1.1453368663787842,-1.4592615365982056,-1.6458195447921753,-1.7200226783752441,-1.8990235328674316,-2.422313928604126,-3.165632724761963,-3.709482431411743,-3.889267921447754,-3.7952709197998047,-3.6357319355010986,-3.4700629711151123,-3.3005311489105225,-3.291661500930786,-3.471553087234497,-3.726693630218506,-4.012828350067139,-4.271221160888672,-4.35537052154541,-4.244165420532227,-4.290628433227539,-4.459187984466553,-4.556204319000244,-4.608418941497803,-4.6905717849731445,-5.061917304992676,-5.729594707489014,-6.401605606079102,-7.095710754394531,-7.580422878265381
-2.513174295425415,-2.1194708347320557,-2.148617744445801,-2.3199384212493896,-2.3324756622314453,-2.4607653617858887,-2.4674487113952637,-0.4391835331916809,1.3306777477264404,-0.1406679004430771,-0.42033615708351135,-0.5855496525764465,-0.8131045699119568,-0.9808812141418457,-1.1087627410888672,-1.11117684841156,-1.1714255809783936,-1.3775103092193604,-1.9591975212097168,-2.8038902282714844,-3.4087705612182617,-3.4920718669891357,-3.353206157684326,-3.2240536212921143,-3.084578275680542,-2.9275617599487305,-2.8440234661102295,-2.9784514904022217,-3.3137738704681396,-3.743924856185913,-4.063532829284668,-4.105095863342285,-4.036431789398193,-4.069622993469238,-4.12939453125,-4.127289772033691,-4.093683242797852,-4.2352447509765625,-4.782939910888672,-5.6117143630981445,-6.2537841796875,-6.82456636428833,-7.412034511566162
-2.5603864192962646,-2.2951748371124268,-2.6659538745880127,-2.816061496734619,-2.496330499649048,-2.771343946456909,-2.9840545654296875,0.13736577332019806,-0.031930506229400635,-0.6727962493896484,0.26609697937965393,-0.9517762660980225,-0.6293660998344421,-0.8816603422164917,-0.7313079833984375,-0.636393666267395,-0.5745251178741455,-0.8814322352409363,-1.542709231376648,-2.3357512950897217,-2.835348129272461,-3.0141806602478027,-3.06013560295105,-2.9319069385528564,-2.741814136505127,-2.534158706665039,-2.415473222732544,-2.612738609313965,-3.03433895111084,-3.5529420375823975,-3.9337425231933594,-3.954824686050415,-3.8581440448760986,-3.8035800457000732,-3.704904317855835,-3.6400747299194336,-3.6686699390411377,-3.7185311317443848,-4.02108907699585,-4.961158275604248,-5.707182884216309,-6.044422626495361,-6.672579288482666
-2.7608249187469482,-3.157055139541626,-3.43435001373291,-3.303300619125366,-2.564958095550537,-3.1151235103607178,-1.8211568593978882,-1.435341238975525,1.286036729812622,-0.1511366069316864,-2.386990547180176,-0.23754259943962097,-0.7509889602661133,-0.49724021553993225,-0.4219340980052948,-0.12504567205905914,-0.11114846169948578,-0.39726343750953674,-1.0591025352478027,-1.7905359268188477,-2.330022096633911,-2.5656614303588867,-2.6435368061065674,-2.6069793701171875,-2.4079666137695312,-2.145024299621582,-2.0005311965942383,-2.198230028152466,-2.8213322162628174,-3.4452335834503174,-3.735053062438965,-3.671879291534424,-3.2742669582366943,-2.8530538082122803,-2.6536049842834473,-2.600926160812378,-2.7522218227386475,-3.1122231483459473,-3.5076985359191895,-4.214888095855713,-4.961535453796387,-5.507437229156494,-6.152756214141846
-3.2914350032806396,-4.041016578674316,-4.353842735290527,-3.7186644077301025,-3.138014316558838,-3.2272019386291504,-1.1063661575317383,-0.8738258481025696,0.4852387309074402,-1.0704362392425537,-2.2825145721435547,0.639841616153717,-0.27716824412345886,-0.09034495055675507,0.002732775639742613,0.2746400237083435,0.3857419788837433,0.14352092146873474,-0.44266456365585327,-1.1795285940170288,-1.8389360904693604,-2.2097508907318115,-2.338972568511963,-2.319226026535034,-2.1022162437438965,-1.7630687952041626,-1.6011016368865967,-1.910243034362793,-2.595313787460327,-3.24389386177063,-3.421264886856079,-3.141082763671875,-2.6569862365722656,-2.2725179195404053,-2.0463054180145264,-1.7630269527435303,-1.8046290874481201,-2.4646518230438232,-3.0749635696411133,-3.6476659774780273,-4.217322826385498,-4.582512378692627,-5.203281402587891
-2.3388047218322754,-4.224981784820557,-4.783192157745361,-4.638033390045166,-3.9616410732269287,-3.0080137252807617,-2.441237211227417,-1.6824015378952026,-1.0057414770126343,0.45775166153907776,-1.1933549642562866,-2.288048505783081,0.025041721761226654,0.24661317467689514,0.7151910066604614,0.8734031319618225,1.0963181257247925,0.8805323839187622,0.27411916851997375,-0.566974401473999,-1.4197849035263062,-1.9353002309799194,-2.0502758026123047,-1.968644618988037,-1.7118091583251953,-1.320778727531433,-1.176971197128296,-1.5250542163848877,-2.249136209487915,-2.9165894985198975,-2.9848780632019043,-2.5281922817230225,-1.9797534942626953,-1.605526328086853,-1.324229121208191,-1.1760468482971191,-1.3723565340042114,-2.1155269145965576,-2.8789377212524414,-3.318833351135254,-3.699782609939575,-4.207530975341797,-4.9969000816345215
