data/wind_data/wind_6_0.json
{"header": {"parameterUnit": "KT", "parameterCategory": 2, "nx": 255, "ny": 198, "lo1": 44.73521041870117, "la1": -3.236724853515625, "lo2": 111.26478576660156, "la2": 43.468475341796875, "dx": 0.26192745566368103, "dy": -0.23708222806453705, "refTime": "2025-02-19 06:00:00", "forecastTime": 0, "parameterNumber": 2, "parameterNumberName": "eastward_wind"}, "data":
[rows 171 to 189 of 198, columns 0 to 42 of 255]
6.50098180770874,6.313741207122803,3.561056613922119,0.5251619815826416,0.715303897857666,4.114336967468262,7.145059585571289,8.313590049743652,5.130580902099609,3.728572130203247,3.875393867492676,5.1228814125061035,10.09000015258789,9.954111099243164,4.300220489501953,-0.928468644618988,-0.5478184223175049,2.0888285636901855,1.2139410972595215,-1.0701793432235718,-2.273250102996826,-1.7348456382751465,-3.0379958152770996,-4.134520053863525,-5.079060077667236,-5.856553077697754,-6.794646263122559,-7.774927616119385,-8.554044723510742,-8.451029777526855,-7.343799114227295,-5.87397575378418,-4.357138156890869,-3.5940256118774414,-4.457893371582031,-5.670364856719971,-5.571660041809082,-5.178961753845215,-6.084772109985352,-6.699238300323486,-5.98038911819458,-4.451177597045898,-3.415862798690796
6.796926498413086,7.998042106628418,5.044201850891113,1.5296016931533813,0.8877911567687988,4.533349514007568,7.123241424560547,8.29208755493164,9.202113151550293,10.737099647521973,10.951370239257812,7.907617092132568,5.812736988067627,6.11725378036499,1.917970895767212,-2.2815663814544678,-1.231450080871582,-2.261211395263672,-3.0192923545837402,-0.5789597034454346,-0.11406991630792618,-1.2838338613510132,-2.3257181644439697,-2.975045680999756,-4.212935924530029,-5.001564025878906,-5.904153823852539,-6.945584297180176,-7.658970832824707,-7.6075825691223145,-6.677339553833008,-5.472284317016602,-4.221827507019043,-3.5951297283172607,-4.512903213500977,-5.656959056854248,-5.317941665649414,-4.886165618896484,-6.1074910163879395,-7.6519880294799805,-7.909847259521484,-6.355135917663574,-3.7090816497802734
5.4628777503967285,6.867692470550537,5.014166831970215,3.8340818881988525,4.6072306632995605,7.823052406311035,8.260354042053223,6.825778007507324,7.775021553039551,10.84879207611084,10.462745666503906,5.653783798217773,4.944783687591553,8.501444816589355,2.5606532096862793,-3.6873559951782227,-5.237055778503418,-8.969475746154785,-9.04999828338623,-4.718288898468018,-0.32152876257896423,0.6698671579360962,-1.4228769540786743,-2.6249465942382812,-2.9082531929016113,-3.6167593002319336,-4.709157466888428,-5.945157051086426,-6.92354679107666,-6.796780586242676,-6.078174114227295,-5.30936861038208,-4.478187084197998,-4.224571228027344,-4.847147464752197,-5.77867317199707,-5.938668727874756,-5.507018089294434,-6.264883041381836,-8.809442520141602,-10.810799598693848,-10.110660552978516,-7.004434585571289
4.406650543212891,4.595540523529053,2.8877055644989014,1.7587807178497314,3.2885138988494873,9.853126525878906,14.359155654907227,12.397921562194824,10.134638786315918,9.362839698791504,5.450610160827637,1.3276481628417969,7.130136489868164,7.4315619468688965,-3.7026944160461426,-5.005049228668213,-6.747656345367432,-11.349942207336426,-11.624946594238281,-10.613874435424805,-7.20326042175293,-1.9726223945617676,0.2653064727783203,-0.7705608010292053,-2.2352559566497803,-2.6359729766845703,-3.5560061931610107,-5.048605918884277,-5.943619251251221,-6.076567649841309,-5.812867164611816,-5.623231410980225,-5.724004745483398,-6.028076648712158,-6.256130695343018,-6.568542957305908,-6.520140647888184,-5.546751976013184,-5.886816501617432,-9.122098922729492,-11.660711288452148,-11.46074390411377,-9.443130493164062
3.703369617462158,2.4624111652374268,-0.5874919295310974,-2.4545016288757324,-0.30206266045570374,10.624205589294434,15.198931694030762,7.237765789031982,0.7097751498222351,-0.00015329380403272808,0.7970268130302429,2.4624154567718506,2.02612566947937,-4.390296459197998,-7.1923651695251465,-5.7402567863464355,-7.0221381187438965,-11.256714820861816,-11.292381286621094,-11.399436950683594,-11.415922164916992,-8.489256858825684,-3.83561372756958,-0.4850398302078247,-0.20350408554077148,-1.7920502424240112,-2.9660701751708984,-3.8608546257019043,-4.943276882171631,-5.35180139541626,-5.3902411460876465,-5.769107818603516,-6.409101486206055,-6.884703636169434,-7.427111625671387,-7.660043716430664,-7.571520805358887,-6.698355197906494,-6.289238452911377,-8.22624683380127,-10.617016792297363,-10.380396842956543,-7.993024826049805
3.3074212074279785,0.6258643269538879,-1.8784679174423218,-3.3097708225250244,2.0590312480926514,16.164081573486328,12.626016616821289,-1.7348963022232056,-7.27900505065918,-5.175334930419922,-2.7076470851898193,-3.9643380641937256,-8.809157371520996,-10.515022277832031,-8.056998252868652,-7.28945255279541,-6.82113790512085,-8.402328491210938,-11.139177322387695,-10.207576751708984,-10.026174545288086,-10.19852352142334,-9.26712703704834,-5.8358283042907715,-1.7470080852508545,-0.6042672991752625,-1.872756004333496,-2.8606107234954834,-3.6368298530578613,-4.5609283447265625,-4.934572696685791,-5.303378582000732,-5.782510280609131,-6.487815856933594,-7.128225803375244,-7.7712249755859375,-9.10922622680664,-10.05533504486084,-8.78221607208252,-7.073108196258545,-6.921390533447266,-7.207156181335449,-5.862561225891113
1.1859021186828613,-0.67373126745224,-1.0330325365066528,-1.2281253337860107,4.663832664489746,17.830808639526367,17.690168380737305,5.061582565307617,-1.470718502998352,-3.7952375411987305,-5.99726676940918,-10.155326843261719,-12.758923530578613,-9.621170043945312,-7.776477813720703,-7.833818435668945,-7.82240104675293,-9.611075401306152,-10.765539169311523,-9.919355392456055,-9.291213989257812,-8.858942985534668,-8.877494812011719,-8.842408180236816,-6.940206050872803,-2.3778069019317627,0.4719952642917633,-0.7984123229980469,-2.9341163635253906,-4.31059455871582,-5.030892372131348,-5.138006210327148,-4.465134143829346,-3.72403883934021,-3.9147260189056396,-5.6725077629089355,-8.206838607788086,-9.031258583068848,-7.201551914215088,-4.376882553100586,-3.5256919860839844,-4.072312355041504,-4.141688823699951
-1.5080480575561523,-0.9950657486915588,0.14369922876358032,1.5361121892929077,6.475815296173096,18.732709884643555,18.6495361328125,3.245405673980713,-4.069358825683594,-5.187705039978027,-6.561906337738037,-10.823165893554688,-12.22517204284668,-9.773905754089355,-10.49116325378418,-9.55650520324707,-8.078269004821777,-9.77817153930664,-10.336979866027832,-9.178598403930664,-8.44509220123291,-8.268247604370117,-7.788358688354492,-7.3944993019104,-7.954933166503906,-6.601669788360596,-1.9694756269454956,-0.27079686522483826,-2.9110190868377686,-4.907973766326904,-5.2429585456848145,-5.090017795562744,-4.230935096740723,-2.5340168476104736,-0.8109397888183594,-2.0525496006011963,-4.967609405517578,-6.35112190246582,-4.905563831329346,-2.637101173400879,-2.4539384841918945,-3.3874120712280273,-4.134302139282227
-2.525949001312256,0.16854849457740784,2.0626769065856934,4.128586769104004,10.100813865661621,17.76729393005371,8.418771743774414,-3.862443447113037,-5.213819980621338,-5.785379409790039,-6.715926170349121,-8.70649242401123,-9.596511840820312,-8.5743989944458,-9.813905715942383,-10.287002563476562,-10.776777267456055,-9.41176986694336,-8.459256172180176,-7.9741950035095215,-7.3801116943359375,-6.922399520874023,-6.525806427001953,-6.269398212432861,-6.251690864562988,-7.108175277709961,-6.8190717697143555,-4.759347915649414,-4.492731094360352,-5.3274245262146,-5.453808307647705,-5.5071001052856445,-4.985710620880127,-3.136481523513794,-0.3840915858745575,0.4625910222530365,-1.3506793975830078,-3.6791586875915527,-4.071317195892334,-2.694138765335083,-2.229389190673828,-3.2185842990875244,-4.284048080444336
-0.23726287484169006,4.557854652404785,5.071675777435303,5.195898056030273,10.563558578491211,15.083709716796875,6.380155563354492,-2.8512041568756104,-4.9883270263671875,-5.056999206542969,-5.8502068519592285,-7.334045886993408,-8.016298294067383,-6.237070560455322,-5.44036340713501,-7.0570268630981445,-9.31694507598877,-7.120198726654053,-4.111598491668701,-4.60710334777832,-5.650489807128906,-5.599782466888428,-5.009074687957764,-4.6518731117248535,-4.751435279846191,-5.2441725730896,-5.927337646484375,-6.473320960998535,-6.892124652862549,-6.511801719665527,-5.304314136505127,-3.9607527256011963,-3.6126551628112793,-1.8358708620071411,0.5537402629852295,1.555180549621582,0.15390439331531525,-2.452153444290161,-3.401373863220215,-2.805575370788574,-2.7805685997009277,-3.5802268981933594,-3.783313751220703
4.489806652069092,7.645594120025635,8.867596626281738,9.492568969726562,11.131561279296875,14.407217025756836,9.244363784790039,-1.441062092781067,-5.915688991546631,-5.409276008605957,-6.10396146774292,-6.846593379974365,-5.758237838745117,-4.486525535583496,-3.7897539138793945,-4.436522960662842,-5.204119682312012,-4.5400471687316895,-1.9282695055007935,-0.5177878737449646,-1.769156575202942,-3.443006992340088,-3.8796939849853516,-3.7135281562805176,-3.56486439704895,-3.333641529083252,-3.484997034072876,-4.55003023147583,-6.000670909881592,-6.709897994995117,-6.068870544433594,-4.661049842834473,-4.4909868240356445,-3.183481454849243,-1.0922234058380127,-0.30595672130584717,-1.8785521984100342,-3.5239663124084473,-3.323462963104248,-2.8367464542388916,-2.743455648422241,-2.7504961490631104,-2.510293483734131
5.114445209503174,6.511529445648193,6.730677127838135,7.340883731842041,8.539960861206055,5.830990314483643,-1.1485073566436768,-8.82967472076416,-8.80298137664795,-6.151370048522949,-5.979406833648682,-4.886547088623047,-3.574998617172241,-2.922300338745117,-2.5462582111358643,-1.2459561824798584,-1.2207281589508057,-1.834047555923462,-0.10312484949827194,0.8738762736320496,0.30733829736709595,-1.4997539520263672,-2.8059029579162598,-2.785712957382202,-2.6238956451416016,-2.529538631439209,-2.2829084396362305,-2.447362184524536,-3.424325942993164,-4.743317127227783,-5.5726141929626465,-4.672258377075195,-4.122007846832275,-3.0057153701782227,-1.9260798692703247,-2.261918783187866,-3.4207828044891357,-4.027900695800781,-3.4118757247924805,-2.4753265380859375,-1.9185625314712524,-1.6635427474975586,-1.0437264442443848
4.717527389526367,4.99239444732666,3.927717685699463,1.607587456703186,-1.1188679933547974,-3.2950947284698486,-7.231295108795166,-11.465085983276367,-11.037667274475098,-6.524179935455322,-4.847476005554199,-2.9810080528259277,-1.424349069595337,-0.36564669013023376,1.985427737236023,7.39749002456665,5.449288368225098,-0.6059411764144897,0.24426302313804626,1.383713722229004,-0.1514766961336136,-1.466818928718567,-2.228713274002075,-2.2512381076812744,-1.4777649641036987,-1.3633553981781006,-1.2916059494018555,-1.148506760597229,-1.3902150392532349,-2.236381769180298,-3.7614407539367676,-5.079395771026611,-4.619793891906738,-3.0966849327087402,-2.265859603881836,-2.84475040435791,-3.1755568981170654,-3.1814072132110596,-3.0807862281799316,-2.500223159790039,-1.7301323413848877,-0.6476318836212158,0.3661409914493561
0.16812483966350555,0.38181233406066895,-1.3644906282424927,-2.3340201377868652,-4.750821590423584,-10.857362747192383,-14.834308624267578,-14.799640655517578,-10.072492599487305,-5.958376407623291,-3.5405046939849854,-0.7625347971916199,1.8726310729980469,5.17423152923584,10.505212783813477,9.215386390686035,-1.4253824949264526,-3.8795926570892334,1.0229929685592651,1.4569733142852783,-0.829549252986908,-2.120007276535034,-2.1822710037231445,-1.2446136474609375,0.030160129070281982,0.505264401435852,0.564666748046875,0.667649507522583,0.5911373496055603,-0.17596490681171417,-1.7164533138275146,-3.3910672664642334,-3.276630163192749,-2.076425075531006,-1.843104600906372,-2.8363194465637207,-3.708536148071289,-3.7740983963012695,-3.7599079608917236,-3.1186487674713135,-1.6967453956604004,0.005365137476474047,1.2706449031829834
-0.9564083218574524,-1.2163459062576294,-3.7302048206329346,-5.131458282470703,-7.117346286773682,-9.768471717834473,-9.808349609375,-7.120239734649658,-5.193360805511475,-4.287464618682861,-1.4564473628997803,0.9399027228355408,7.9852471351623535,13.954174995422363,6.573475360870361,-3.713623523712158,-5.2535295486450195,-1.2523086071014404,1.3821516036987305,-0.22049468755722046,-2.8905131816864014,-3.9648163318634033,-2.4172942638397217,-0.11410999298095703,1.751287579536438,3.143765687942505,3.330246686935425,2.6606945991516113,1.7723194360733032,1.299068808555603,0.33786189556121826,-1.4350051879882812,-1.8777738809585571,-1.5013045072555542,-2.2740108966827393,-3.3913745880126953,-3.8662607669830322,-4.167029857635498,-3.532250165939331,-1.907483458518982,-0.540442705154419,0.5421831011772156,1.277470588684082
-1.2580093145370483,-0.94364333152771,-3.3569555282592773,-5.100112438201904,-5.050089359283447,-5.2349042892456055,-4.984985828399658,-2.344871759414673,-0.6929377317428589,-1.5230145454406738,3.0493247509002686,13.05625057220459,15.02420711517334,4.216790676116943,-4.751332759857178,-2.6042728424072266,1.8465628623962402,3.485787868499756,1.6247410774230957,-3.953258752822876,-6.426503658294678,-4.513946056365967,-1.8998793363571167,0.9503555297851562,3.692154884338379,5.961198329925537,6.84824800491333,5.96073579788208,3.966776132583618,2.474090337753296,1.5447437763214111,0.10213141143321991,-0.5093641877174377,-0.6109874248504639,-2.1897594928741455,-3.7102575302124023,-3.7916386127471924,-2.9982857704162598,-1.5062191486358643,-0.1826392263174057,0.3925703167915344,0.5846919417381287,0.11808677762746811
-2.3368799686431885,-2.4964044094085693,-4.102365016937256,-3.8238229751586914,-2.724372625350952,-1.5190670490264893,-0.5810919404029846,1.2974865436553955,-0.1471528261899948,1.009661078453064,13.377943992614746,16.107236862182617,0.44670233130455017,-7.427943229675293,-1.5797295570373535,3.003567934036255,6.020556449890137,2.0538558959960938,-6.2986369132995605,-9.375670433044434,-6.492746829986572,-3.465224027633667,-0.6815528273582458,2.1098272800445557,4.973082542419434,7.3236870765686035,8.81041145324707,8.948052406311035,6.843196392059326,4.526815891265869,3.2573633193969727,1.9841636419296265,1.2680630683898926,0.23037244379520416,-2.0508196353912354,-3.5831258296966553,-2.740731716156006,-1.2966835498809814,0.0648917481303215,0.8072717785835266,0.6143309473991394,0.19733980298042297,-0.21072302758693695
-2.9197216033935547,-3.2420690059661865,-3.4615254402160645,-2.256274938583374,-1.315858006477356,0.3415149450302124,1.8550289869308472,-0.7976661920547485,0.6166570782661438,7.961572647094727,15.879623413085938,8.87406063079834,-5.364794731140137,-2.614436149597168,3.6477413177490234,5.906898498535156,3.156113624572754,-6.971094608306885,-11.253854751586914,-8.043411254882812,-5.24201774597168,-3.0306670665740967,-0.09059017896652222,2.7449069023132324,5.250746250152588,7.703793525695801,9.53371524810791,10.488911628723145,9.161666870117188,6.474050045013428,3.718228816986084,2.207080841064453,1.0919572114944458,0.23296573758125305,-1.3086873292922974,-2.3856000900268555,-1.0881983041763306,0.2174525111913681,0.4398650527000427,0.6147365570068359,0.2603771984577179,-0.471574991941452,-0.7069911956787109
-1.9579267501831055,-1.2314088344573975,-1.6994760036468506,-1.1324416399002075,0.11097744852304459,-0.8386915326118469,-2.0317277908325195,0.9498485326766968,6.042511940002441,14.836726188659668,13.915130615234375,-1.188637137413025,-5.407244682312012,1.6928479671478271,6.281121253967285,3.8367249965667725,-7.294449806213379,-12.976531982421875,-10.565664291381836,-7.597558498382568,-5.509509086608887,-3.4032394886016846,-0.7570499181747437,1.3049063682556152,3.221187114715576,5.716635227203369,8.297161102294922,9.778107643127441,8.936314582824707,6.556514739990234,2.0502536296844482,-0.4193705916404724,-0.8180655837059021,-1.0513285398483276,-0.991213321685791,-0.9025591611862183,-1.0392534732818604,-0.32665443420410156,0.10171619802713394,-1.2077770233154297,-2.1643142700195312,-2.08707594871521,-1.2507820129394531
