data/wind_data/wind_32_5.json
{"header": {"parameterUnit": "KT", "parameterCategory": 2, "nx": 256, "ny": 198, "lo1": 44.73521041870117, "la1": -3.236724853515625, "lo2": 111.26478576660156, "la2": 43.468475341796875, "dx": 0.2609002888202667, "dy": -0.23708222806453705, "refTime": "2025-02-20 08:00:00", "forecastTime": 0, "parameterNumber": 2, "parameterNumberName": "eastward_wind"}, "data":
[rows 76 to 94 of 198, columns 88 to 131 of 256]
16.91767120361328,17.689817428588867,18.409454345703125,19.03693962097168,19.593772888183594,20.0998477935791,20.5363712310791,20.89471435546875,21.213886260986328,21.557743072509766,21.993555068969727,22.546974182128906,23.09807014465332,23.479764938354492,23.696409225463867,23.810544967651367,23.654850006103516,23.0155086517334,22.178682327270508,21.60801124572754,21.497648239135742,22.03034782409668,22.23349380493164,22.878171920776367,23.723735809326172,23.7917537689209,23.793872833251953,23.847524642944336,23.876649856567383,23.735036849975586,23.331045150756836,23.009017944335938,23.074254989624023,23.07963752746582,22.538162231445312,21.94771385192871,21.411453247070312,20.8588809967041,20.4040584564209,20.262645721435547,20.356462478637695,20.223121643066406,20.120946884155273,19.996129989624023
17.58493995666504,18.329973220825195,19.01441764831543,19.628976821899414,20.21327781677246,20.77499008178711,21.28285789489746,21.70254898071289,22.040279388427734,22.34566879272461,22.69675064086914,23.1512393951416,23.679393768310547,24.17555809020996,24.579002380371094,24.889324188232422,24.990150451660156,24.64176368713379,23.94258689880371,23.321590423583984,23.07988166809082,23.564069747924805,23.726499557495117,24.222280502319336,25.450353622436523,25.42567253112793,25.16150665283203,25.086036682128906,25.078384399414062,24.98388671875,24.615032196044922,24.17207908630371,23.85824203491211,23.8038272857666,23.606483459472656,23.314359664916992,23.05803108215332,22.812625885009766,22.368453979492188,21.879417419433594,21.59522247314453,21.116342544555664,20.30814552307129,19.79589080810547
18.598644256591797,19.19464111328125,19.7205810546875,20.232147216796875,20.79395866394043,21.406368255615234,21.992816925048828,22.483556747436523,22.869333267211914,23.215978622436523,23.602495193481445,24.04165267944336,24.494831085205078,24.96091651916504,25.426549911499023,25.828493118286133,26.090301513671875,26.01446533203125,25.576152801513672,25.108154296875,24.902633666992188,25.376558303833008,25.7804012298584,26.21658706665039,27.296846389770508,27.232643127441406,26.863204956054688,26.672561645507812,26.560070037841797,26.42494773864746,26.02008056640625,25.391178131103516,24.767446517944336,24.298419952392578,24.10136604309082,24.0435733795166,24.158966064453125,24.34639549255371,24.391643524169922,24.123136520385742,23.589946746826172,22.870277404785156,21.62531280517578,20.423931121826172
19.9525146484375,20.463958740234375,20.881925582885742,21.24920654296875,21.658884048461914,22.160749435424805,22.70316505432129,23.19720458984375,23.616329193115234,24.049924850463867,24.59058380126953,25.16944122314453,25.637426376342773,26.013019561767578,26.398826599121094,26.736766815185547,26.966135025024414,27.020658493041992,26.786725997924805,26.470190048217773,26.4372501373291,27.0977840423584,28.070510864257812,28.88471794128418,29.437450408935547,29.059703826904297,28.675275802612305,28.424678802490234,28.073394775390625,27.7562313079834,27.367830276489258,26.680959701538086,26.095014572143555,25.559375762939453,25.09590721130371,24.807722091674805,24.752811431884766,24.91680335998535,25.23546600341797,25.51700782775879,25.332595825195312,24.60663414001465,23.34853744506836,21.839191436767578
21.408681869506836,21.89219856262207,22.320098876953125,22.69424057006836,23.05307388305664,23.431360244750977,23.80424690246582,24.12052345275879,24.401744842529297,24.79490089416504,25.4326229095459,26.216472625732422,26.846370697021484,27.202409744262695,27.472684860229492,27.715118408203125,27.816089630126953,27.782838821411133,27.576032638549805,27.293354034423828,27.24873924255371,27.85679054260254,29.358808517456055,31.184457778930664,31.646080017089844,31.04339027404785,30.573047637939453,30.042234420776367,29.33905601501465,28.833606719970703,28.555824279785156,28.182292938232422,27.75051498413086,27.4822998046875,27.115861892700195,26.62354278564453,26.26664924621582,26.110349655151367,26.111801147460938,26.149980545043945,26.01089096069336,25.566120147705078,24.763471603393555,23.56376838684082
22.793249130249023,23.298601150512695,23.7900390625,24.23610496520996,24.637399673461914,25.004179000854492,25.314619064331055,25.511991500854492,25.626142501831055,25.79945945739746,26.247955322265625,27.02491569519043,27.811803817749023,28.252365112304688,28.45449447631836,28.634544372558594,28.7007999420166,28.547435760498047,28.2131404876709,27.827756881713867,27.61738395690918,28.153676986694336,29.929689407348633,32.746803283691406,33.646766662597656,33.126197814941406,32.56405258178711,31.739927291870117,30.722715377807617,30.073556900024414,29.867876052856445,29.755836486816406,29.5362491607666,29.4101619720459,29.359363555908203,29.1468563079834,28.868633270263672,28.55813980102539,28.05877113342285,27.422771453857422,26.72687339782715,26.37333106994629,26.142698287963867,25.572956085205078
24.293354034423828,24.78614044189453,25.281084060668945,25.740148544311523,26.128005981445312,26.443336486816406,26.704612731933594,26.902515411376953,27.027523040771484,27.124032974243164,27.36648941040039,27.922687530517578,28.66844940185547,29.203420639038086,29.390775680541992,29.470998764038086,29.5364933013916,29.421255111694336,29.05206871032715,28.53411865234375,28.141929626464844,28.638622283935547,30.42391014099121,33.47566604614258,35.00225067138672,34.59381103515625,33.95661163330078,33.39738082885742,32.61484146118164,31.922483444213867,31.59354019165039,31.44243812561035,31.338428497314453,31.24602508544922,31.247827529907227,31.29526138305664,31.336101531982422,31.158348083496094,30.536693572998047,29.494831085205078,28.377363204956055,27.68147087097168,27.527006149291992,27.376535415649414
26.183019638061523,26.651582717895508,27.016447067260742,27.27667808532715,27.47108268737793,27.64094352722168,27.821027755737305,28.004379272460938,28.150606155395508,28.277029037475586,28.504966735839844,28.972604751586914,29.67669677734375,30.347509384155273,30.66830062866211,30.699886322021484,30.655866622924805,30.504880905151367,30.1368408203125,29.65901756286621,29.261722564697266,29.616918563842773,31.437068939208984,34.19504165649414,35.636409759521484,35.526100158691406,34.978355407714844,34.721195220947266,34.58625411987305,34.22250747680664,33.62550354003906,33.233455657958984,33.15541076660156,33.13412094116211,33.00078201293945,32.896331787109375,33.00148391723633,33.02505111694336,32.575218200683594,31.62863540649414,30.630048751831055,29.748470306396484,29.089235305786133,28.622940063476562
28.112220764160156,28.629846572875977,28.93476104736328,29.019014358520508,28.954992294311523,28.87725067138672,28.873435974121094,28.93255043029785,29.024011611938477,29.173513412475586,29.463062286376953,29.983158111572266,30.76833152770996,31.642606735229492,32.24699783325195,32.45470428466797,32.39176559448242,32.12082290649414,31.594058990478516,31.051986694335938,30.73057746887207,31.30671501159668,33.34440612792969,35.56665802001953,36.26142501831055,36.0584602355957,35.85715866088867,35.88532638549805,35.99063491821289,35.941986083984375,35.68798828125,35.352901458740234,35.02676773071289,34.92607116699219,34.90226745605469,34.72761154174805,34.380088806152344,34.06913375854492,33.632816314697266,32.939842224121094,32.0896110534668,31.304485321044922,30.629703521728516,30.03484344482422
29.565595626831055,30.128381729125977,30.492504119873047,30.619991302490234,30.527420043945312,30.309629440307617,30.06856918334961,29.879684448242188,29.8337459564209,30.008934020996094,30.4001407623291,31.001724243164062,31.861427307128906,32.8842887878418,33.739585876464844,34.21809387207031,34.30941390991211,34.02124786376953,33.39851760864258,32.684120178222656,32.23841857910156,32.89564895629883,34.96392822265625,36.90253448486328,37.031349182128906,36.65862274169922,36.56716537475586,36.78946304321289,37.05938720703125,37.26215744018555,37.29597473144531,37.067325592041016,36.52847671508789,35.99217224121094,35.7569694519043,35.635929107666016,35.448238372802734,34.988101959228516,34.25701904296875,33.365501403808594,32.44412612915039,31.727338790893555,31.33062744140625,31.070518493652344
30.5330810546875,31.086130142211914,31.51371955871582,31.77504539489746,31.79979705810547,31.573301315307617,31.1650333404541,30.75321388244629,30.587602615356445,30.805917739868164,31.312820434570312,32.01393127441406,32.94023513793945,34.021427154541016,34.960113525390625,35.55466079711914,35.81016159057617,35.59378433227539,34.94276428222656,34.19533920288086,33.61046600341797,33.91984939575195,35.63523483276367,37.59683609008789,38.09604263305664,37.8374137878418,37.679561614990234,37.68769073486328,37.811031341552734,37.976070404052734,37.740230560302734,37.083858489990234,36.34757995605469,35.61775588989258,35.02924728393555,34.88307571411133,35.125545501708984,35.162784576416016,34.5423583984375,33.499732971191406,32.54997634887695,31.919836044311523,31.658987045288086,31.677980422973633
31.05880355834961,31.63258171081543,32.14414596557617,32.49201583862305,32.53207778930664,32.21586608886719,31.655515670776367,31.135894775390625,30.986957550048828,31.347312927246094,32.079776763916016,32.995391845703125,34.02602767944336,35.104156494140625,36.003116607666016,36.514686584472656,36.75487518310547,36.61711883544922,35.932071685791016,35.15675354003906,34.6456298828125,34.65185546875,35.775543212890625,37.891326904296875,39.20792007446289,39.19593811035156,38.695865631103516,38.332435607910156,38.210636138916016,37.97519302368164,37.23800277709961,36.282894134521484,35.58203887939453,34.980918884277344,34.344276428222656,34.11236572265625,34.473506927490234,34.825889587402344,34.53791427612305,33.743194580078125,33.07518005371094,32.75960159301758,32.65793228149414,32.78615951538086
31.286348342895508,31.878023147583008,32.49446105957031,32.95981216430664,33.0335693359375,32.61750411987305,31.92758560180664,31.36578369140625,31.308568954467773,31.860103607177734,32.857872009277344,34.046844482421875,35.226837158203125,36.268280029296875,36.97407150268555,37.25469207763672,37.34282684326172,37.24384689331055,36.665653228759766,35.93650436401367,35.573341369628906,35.608482360839844,36.508026123046875,38.561466217041016,40.19490432739258,40.273258209228516,39.43461227416992,38.752708435058594,38.36272048950195,38.01738357543945,37.24467849731445,36.30449295043945,35.75701141357422,35.53336715698242,35.17812728881836,34.82373809814453,34.982582092285156,35.123558044433594,34.684974670410156,33.92840576171875,33.4771728515625,33.438316345214844,33.53094482421875,33.64968490600586
31.47051239013672,32.09848403930664,32.7939453125,33.29414367675781,33.37744140625,33.0153694152832,32.42399215698242,31.936038970947266,31.86505699157715,32.437347412109375,33.59130096435547,35.002098083496094,36.35346984863281,37.4429931640625,38.047428131103516,38.11112594604492,37.95230484008789,37.7774543762207,37.422882080078125,37.042884826660156,36.854923248291016,37.2119255065918,38.390689849853516,40.11024856567383,41.231136322021484,41.08391571044922,40.16698455810547,39.38177490234375,38.98269271850586,38.83587646484375,38.34068298339844,37.500003814697266,36.89195251464844,36.68349838256836,36.52052307128906,36.4112548828125,36.599693298339844,36.437461853027344,35.49103927612305,34.346012115478516,33.70195007324219,33.53184127807617,33.70808792114258,33.996055603027344
31.63619613647461,32.33723449707031,33.093223571777344,33.64753723144531,33.78877639770508,33.54243087768555,33.03761672973633,32.440799713134766,32.18157196044922,32.742034912109375,34.0450325012207,35.54441452026367,36.950557708740234,38.14468765258789,38.89195251464844,39.09111022949219,38.9476432800293,38.712772369384766,38.5122184753418,38.371952056884766,38.4542350769043,38.96562194824219,40.02832794189453,41.37913131713867,42.118202209472656,41.884281158447266,41.12811279296875,40.56193161010742,40.38215255737305,40.39323425292969,40.03443145751953,39.219242095947266,38.50235366821289,38.110252380371094,37.880165100097656,37.8438835144043,38.056644439697266,37.933475494384766,37.06333541870117,35.80096435546875,34.745384216308594,34.27105712890625,34.34960174560547,34.609336853027344
31.776935577392578,32.53479766845703,33.294395446777344,33.90486145019531,34.20914840698242,34.0780029296875,33.437347412109375,32.63810729980469,32.432613372802734,33.154666900634766,34.427494049072266,35.66065216064453,36.65191650390625,37.650997161865234,38.56474685668945,39.15919876098633,39.46187210083008,39.540382385253906,39.56565856933594,39.675132751464844,39.94337463378906,40.3982048034668,41.1843147277832,42.30967712402344,43.04843521118164,42.97578430175781,42.385746002197266,41.87211990356445,41.72987365722656,41.769954681396484,41.530948638916016,40.92152786254883,40.245269775390625,39.613250732421875,38.99396896362305,38.67223358154297,38.90571975708008,39.07932662963867,38.65800476074219,37.79766082763672,36.831756591796875,35.984840393066406,35.46430206298828,35.395938873291016
31.781280517578125,32.59556198120117,33.38970184326172,34.04112243652344,34.4435920715332,34.325103759765625,33.66837692260742,33.198970794677734,33.513816833496094,34.35093307495117,35.187744140625,35.80091094970703,36.10188674926758,36.5194091796875,37.3061637878418,38.17967224121094,38.971405029296875,39.541263580322266,39.91267013549805,40.202476501464844,40.56901550292969,41.10822677612305,41.86470413208008,42.810333251953125,43.644325256347656,43.73399353027344,43.16349792480469,42.56329345703125,42.16073226928711,41.993896484375,41.820289611816406,41.55718231201172,41.12090301513672,40.383506774902344,39.467796325683594,38.89751434326172,38.95399856567383,39.23081588745117,39.1992073059082,38.810768127441406,38.186439514160156,37.338523864746094,36.44620895385742,35.918296813964844
31.467700958251953,32.27472686767578,33.25814437866211,34.1143798828125,34.60324478149414,34.63574981689453,34.545536041259766,34.82264709472656,35.44435501098633,36.021766662597656,36.241153717041016,36.26418685913086,36.18233108520508,36.100006103515625,36.41728973388672,37.243614196777344,38.31195831298828,39.14649963378906,39.641357421875,39.98551940917969,40.33738708496094,40.82321548461914,41.57167053222656,42.48134231567383,43.334964752197266,43.6674919128418,43.306297302246094,42.71221160888672,42.0902214050293,41.59254837036133,41.229515075683594,40.96027374267578,40.517765045166016,39.75617980957031,38.865692138671875,38.3031120300293,38.28627395629883,38.53849792480469,38.56519317626953,38.226463317871094,37.905147552490234,37.417457580566406,36.64008712768555,35.98495101928711
31.47562026977539,31.98501968383789,32.999664306640625,34.07245635986328,34.851051330566406,35.38493347167969,35.98672103881836,36.69036865234375,37.21546173095703,37.445518493652344,37.32048416137695,36.89842987060547,36.84049987792969,37.032630920410156,36.84844207763672,36.92022705078125,37.98002243041992,38.88652038574219,39.28984069824219,39.44572830200195,39.59297561645508,39.932613372802734,40.53795623779297,41.43669891357422,42.212955474853516,42.74736022949219,42.747257232666016,42.31153106689453,41.64702224731445,40.94478988647461,40.46772384643555,40.148887634277344,39.51387023925781,38.58064651489258,37.737884521484375,37.17202377319336,37.12684631347656,37.523765563964844,37.485572814941406,36.836341857910156,36.64645004272461,36.70783233642578,36.43922424316406,35.89006042480469
