data/wind_data/wind_14_4.json
{"header": {"parameterUnit": "KT", "parameterCategory": 2, "nx": 256, "ny": 198, "lo1": 44.73521041870117, "la1": -3.236724853515625, "lo2": 111.26478576660156, "la2": 43.468475341796875, "dx": 0.2609002888202667, "dy": -0.23708222806453705, "refTime": "2025-02-19 14:00:00", "forecastTime": 0, "parameterNumber": 2, "parameterNumberName": "eastward_wind"}, "data":
[rows 114 to 132 of 198, columns 132 to 175 of 256]
27.37273406982422,27.02471923828125,26.959457397460938,27.046192169189453,27.050622940063477,26.731515884399414,26.154008865356445,25.80909538269043,26.10581398010254,26.59728240966797,26.42641830444336,25.1385498046875,23.09592056274414,21.121551513671875,19.633358001708984,18.695724487304688,18.36558723449707,18.61338996887207,19.213003158569336,20.020944595336914,20.807910919189453,21.835172653198242,23.17763900756836,24.066268920898438,24.065933227539062,23.687681198120117,23.66885757446289,24.16200065612793,24.770343780517578,25.283641815185547,25.72024917602539,25.977813720703125,25.86760711669922,25.674728393554688,26.05135726928711,27.240543365478516,28.76845359802246,30.0352725982666,30.89385223388672,31.364683151245117,31.6231746673584,31.857118606567383,31.92733383178711,31.69869041442871
22.946102142333984,23.411880493164062,24.816627502441406,25.774202346801758,25.644428253173828,25.087848663330078,24.801788330078125,24.925067901611328,24.791078567504883,24.209081649780273,23.471879959106445,22.355966567993164,21.001440048217773,19.840232849121094,18.88063621520996,18.251691818237305,18.322668075561523,19.07020378112793,20.024932861328125,20.838165283203125,21.65361785888672,22.657917022705078,23.884397506713867,24.94795799255371,25.253385543823242,24.69649887084961,23.940153121948242,23.57769775390625,23.608417510986328,24.026987075805664,24.933900833129883,25.846410751342773,26.21942710876465,26.526508331298828,27.437768936157227,28.83333969116211,30.175201416015625,31.026893615722656,31.412038803100586,31.609323501586914,31.838871002197266,32.18809127807617,32.550655364990234,32.51158905029297
19.86780548095703,19.87906837463379,20.743534088134766,21.36989974975586,21.564271926879883,21.577417373657227,21.857175827026367,22.29930305480957,22.043319702148438,21.075973510742188,20.016521453857422,19.2005615234375,18.96202278137207,19.25661849975586,19.52639389038086,19.60520362854004,19.912031173706055,20.698101043701172,21.49246597290039,21.871707916259766,22.125017166137695,22.663320541381836,23.446168899536133,24.243228912353516,24.829883575439453,24.845489501953125,24.264541625976562,23.531492233276367,23.16856575012207,23.660673141479492,24.953065872192383,26.024200439453125,26.73533821105957,27.76268768310547,29.02218246459961,30.104795455932617,30.94747543334961,31.38563346862793,31.306455612182617,31.100475311279297,31.39719009399414,31.978302001953125,32.359771728515625,32.0393180847168
18.111927032470703,16.289152145385742,16.273941040039062,16.976673126220703,17.669496536254883,18.36482810974121,19.132017135620117,19.506765365600586,19.090747833251953,18.293611526489258,17.660171508789062,17.52817153930664,18.023183822631836,18.870433807373047,19.740537643432617,20.4503116607666,21.02139663696289,21.57164192199707,21.929441452026367,21.81300163269043,21.495040893554688,21.570606231689453,22.26328468322754,23.253189086914062,24.025075912475586,24.192195892333984,23.83692169189453,23.369009017944336,23.336793899536133,24.157121658325195,25.389379501342773,26.219600677490234,27.33185577392578,28.685134887695312,29.499074935913086,30.01677131652832,30.3671817779541,30.27031898498535,30.033414840698242,30.088226318359375,30.711336135864258,31.239665985107422,30.92575454711914,29.37383270263672
15.561090469360352,14.230761528015137,14.259907722473145,14.615078926086426,15.031635284423828,15.505960464477539,16.05708122253418,16.47417640686035,16.577041625976562,16.73661231994629,17.33355712890625,18.360368728637695,19.13249969482422,19.276411056518555,19.317068099975586,19.767793655395508,20.394289016723633,20.716238021850586,20.760589599609375,20.7105712890625,20.774927139282227,21.128456115722656,21.74089241027832,22.464370727539062,23.028749465942383,23.17279052734375,23.450544357299805,24.18815803527832,25.032947540283203,25.626567840576172,26.27703285217285,27.053741455078125,28.39010238647461,28.75910186767578,28.317588806152344,28.623855590820312,28.377660751342773,27.44483184814453,28.17137336730957,29.719886779785156,31.15972328186035,30.585674285888672,28.515918731689453,26.81515121459961
17.81331443786621,15.374780654907227,13.340752601623535,12.597247123718262,12.962417602539062,13.65538215637207,14.656062126159668,15.693258285522461,16.507455825805664,17.61281394958496,19.151533126831055,20.162487030029297,19.928361892700195,19.057144165039062,18.420230865478516,18.377843856811523,18.69186782836914,18.980194091796875,19.395986557006836,20.216896057128906,21.132064819335938,21.72434425354004,21.98435401916504,22.073823928833008,22.239749908447266,23.092214584350586,24.652301788330078,26.11318588256836,26.972333908081055,27.18689727783203,27.592918395996094,28.228132247924805,28.857868194580078,28.154644012451172,27.864336013793945,28.319438934326172,26.703824996948242,25.593244552612305,27.674367904663086,30.647624969482422,32.20265197753906,29.56094741821289,27.457332611083984,27.614286422729492
19.172927856445312,15.587389945983887,13.719156265258789,13.058330535888672,13.582767486572266,14.540837287902832,15.460055351257324,17.114089965820312,18.590299606323242,19.381195068359375,20.109445571899414,20.05268669128418,18.95233917236328,17.906076431274414,17.470033645629883,17.41465950012207,17.446144104003906,17.803953170776367,18.90733528137207,20.602741241455078,22.0052490234375,22.437564849853516,21.983068466186523,21.624801635742188,22.697010040283203,24.87120246887207,26.544885635375977,27.24126625061035,27.107637405395508,26.829050064086914,26.678205490112305,26.748130798339844,27.338619232177734,26.169513702392578,26.144824981689453,25.946613311767578,24.561565399169922,24.80739974975586,26.619062423706055,27.750028610229492,26.20783805847168,24.920488357543945,25.577322006225586,26.17595863342285
16.92824935913086,15.438945770263672,14.47176456451416,14.420126914978027,15.36034870147705,16.1398983001709,16.427412033081055,17.26974868774414,18.887338638305664,20.042015075683594,19.522096633911133,18.172523498535156,17.236736297607422,16.79366683959961,16.61064338684082,16.754241943359375,17.26165008544922,18.188934326171875,19.531511306762695,20.985984802246094,21.844192504882812,21.988710403442383,21.976093292236328,22.72159194946289,24.36798858642578,25.750947952270508,25.75408935546875,25.486223220825195,25.871997833251953,24.913434982299805,23.99703598022461,25.202627182006836,25.849010467529297,25.165189743041992,23.97308349609375,22.325592041015625,21.58481788635254,22.925682067871094,21.46092414855957,19.162012100219727,19.17348289489746,19.814733505249023,20.664596557617188,22.197755813598633
15.176844596862793,15.074297904968262,15.436471939086914,16.60757827758789,17.821826934814453,18.4172420501709,18.510595321655273,18.216169357299805,17.832015991210938,17.61654281616211,17.091028213500977,16.14432716369629,15.674850463867188,15.749720573425293,16.076091766357422,16.748779296875,17.896217346191406,19.316659927368164,20.168498992919922,20.651386260986328,20.78986930847168,20.863061904907227,21.707422256469727,23.129304885864258,23.771656036376953,23.070894241333008,22.675338745117188,24.445104598999023,27.331392288208008,27.123689651489258,27.515172958374023,27.69158363342285,26.608396530151367,28.530059814453125,29.319562911987305,27.06899070739746,24.250795364379883,24.059539794921875,19.938325881958008,14.783594131469727,17.200838088989258,18.245948791503906,20.33074951171875,21.67630386352539
15.486156463623047,15.450008392333984,15.824145317077637,17.172992706298828,18.28491973876953,18.17355728149414,17.145353317260742,16.178569793701172,15.604544639587402,15.263413429260254,15.126867294311523,15.154479026794434,15.785015106201172,16.6756591796875,17.170019149780273,17.466938018798828,18.303661346435547,19.69485855102539,20.118301391601562,19.829124450683594,19.292238235473633,19.286598205566406,20.541231155395508,22.2944393157959,22.65836524963379,22.120302200317383,22.987855911254883,26.048227310180664,30.275253295898438,33.756690979003906,33.659645080566406,29.65299415588379,29.02579689025879,36.31230926513672,42.50898742675781,33.73283386230469,25.703086853027344,21.222549438476562,17.476146697998047,10.386303901672363,14.838289260864258,15.90415096282959,15.727961540222168,15.64016342163086
15.456165313720703,15.385258674621582,15.514280319213867,16.19489860534668,16.311248779296875,15.432771682739258,14.699483871459961,14.270756721496582,13.755423545837402,13.779196739196777,14.730819702148438,15.88230037689209,16.610340118408203,17.25733184814453,17.640090942382812,18.15018653869629,18.877573013305664,19.963823318481445,19.804670333862305,18.29293441772461,17.937768936157227,19.269243240356445,21.136390686035156,22.141544342041016,23.62462615966797,25.92305564880371,27.271604537963867,29.777280807495117,34.30912399291992,38.476051330566406,39.72090530395508,35.35801696777344,35.265541076660156,37.095149993896484,35.18449783325195,30.665771484375,24.25539207458496,17.969934463500977,12.280549049377441,12.115293502807617,15.946253776550293,13.245219230651855,9.761207580566406,10.913890838623047
14.528247833251953,14.957606315612793,14.834360122680664,13.94052505493164,12.813477516174316,12.10943603515625,12.225820541381836,12.416749954223633,12.96480655670166,14.205731391906738,15.608346939086914,16.26243782043457,16.504199981689453,17.154478073120117,18.126415252685547,18.631013870239258,19.093616485595703,20.288410186767578,21.460107803344727,21.599292755126953,21.558542251586914,21.83926010131836,21.7029972076416,22.55369758605957,26.815380096435547,31.19568634033203,33.36473846435547,35.97793960571289,38.27012634277344,38.430419921875,36.315372467041016,31.030414581298828,27.22307586669922,24.00981330871582,21.71568489074707,20.3409366607666,16.5443172454834,16.180469512939453,16.196001052856445,16.529619216918945,19.243316650390625,15.391595840454102,12.162718772888184,14.299637794494629
13.174077987670898,12.910026550292969,11.757538795471191,10.42728328704834,9.986122131347656,10.25607681274414,11.256577491760254,12.240132331848145,13.330208778381348,14.26560115814209,15.046286582946777,15.768463134765625,17.08195686340332,19.044944763183594,20.60280990600586,21.96198081970215,22.427871704101562,22.689300537109375,23.49795150756836,24.93215560913086,24.119722366333008,22.979400634765625,21.694202423095703,24.095014572143555,30.296968460083008,34.811546325683594,36.14545822143555,36.07915115356445,34.88320541381836,31.84035301208496,28.683656692504883,25.26011085510254,21.868268966674805,20.46770668029785,22.653287887573242,23.20319366455078,20.24557113647461,19.75569725036621,23.01068115234375,19.430082321166992,11.308088302612305,11.367391586303711,17.06324577331543,16.66472053527832
10.498740196228027,9.772661209106445,8.673293113708496,8.598626136779785,9.47471809387207,10.311432838439941,11.353858947753906,12.431796073913574,13.290990829467773,14.062277793884277,15.74925708770752,17.20278549194336,18.54349708557129,20.445905685424805,21.32126808166504,22.85546875,22.085763931274414,22.524198532104492,24.5540771484375,25.631248474121094,26.771533966064453,27.082448959350586,27.817066192626953,28.41584587097168,27.869104385375977,28.601295471191406,29.764362335205078,28.83950424194336,27.632492065429688,26.069730758666992,25.20785140991211,24.69922637939453,21.421239852905273,19.305219650268555,22.6109676361084,24.491064071655273,24.7396297454834,23.93562889099121,22.26047134399414,14.5093355178833,10.390068054199219,14.854386329650879,19.075231552124023,17.833946228027344
8.679340362548828,7.79268741607666,6.7738938331604,7.9431023597717285,9.926606178283691,12.089735984802246,13.425529479980469,13.51226806640625,13.463205337524414,14.848936080932617,17.506603240966797,19.4526309967041,20.084251403808594,20.096263885498047,20.552703857421875,21.78557014465332,24.760765075683594,24.401559829711914,22.861772537231445,23.2252140045166,25.02619171142578,24.43984603881836,24.209306716918945,23.88266944885254,23.2263126373291,25.03905487060547,27.070941925048828,26.770877838134766,25.76422882080078,24.022294998168945,24.02145004272461,25.770570755004883,24.08106231689453,21.93547248840332,19.90699577331543,23.51841163635254,25.944910049438477,22.205883026123047,17.083131790161133,12.657649993896484,14.119245529174805,13.757146835327148,8.499582290649414,3.543048858642578
6.115406513214111,6.799618721008301,8.955029487609863,11.233487129211426,12.087249755859375,12.588541030883789,12.697277069091797,12.656667709350586,13.71825885772705,16.11168098449707,19.133451461791992,20.616302490234375,21.158485412597656,21.212783813476562,21.105113983154297,22.173866271972656,23.224016189575195,23.876964569091797,21.804161071777344,21.161632537841797,23.2181396484375,24.798736572265625,25.650724411010742,26.324323654174805,26.431201934814453,26.369964599609375,25.811433792114258,24.754989624023438,23.492671966552734,22.293428421020508,24.95631980895996,27.251222610473633,27.039644241333008,28.667476654052734,28.8381404876709,29.635147094726562,27.31879997253418,19.99567222595215,15.053972244262695,14.622973442077637,14.540322303771973,10.827496528625488,11.145923614501953,7.827475547790527
6.411710739135742,8.643723487854004,11.206613540649414,11.321115493774414,10.26659870147705,11.184621810913086,12.546171188354492,12.960851669311523,15.444565773010254,18.397579193115234,19.905820846557617,20.384952545166016,20.700115203857422,20.929012298583984,20.284290313720703,20.50977897644043,21.56266975402832,22.430450439453125,22.330583572387695,22.216276168823242,23.508270263671875,24.30705451965332,23.902198791503906,23.719022750854492,23.05170249938965,21.303787231445312,19.601776123046875,19.63459014892578,19.72016716003418,19.275985717773438,23.3022403717041,25.297359466552734,22.510276794433594,27.314176559448242,30.170122146606445,30.308149337768555,25.289241790771484,16.943605422973633,11.288697242736816,14.39797306060791,15.895862579345703,14.654385566711426,15.940648078918457,15.1043119430542
8.387683868408203,10.630910873413086,11.070734024047852,10.260353088378906,10.11111831665039,11.924680709838867,14.422098159790039,17.00993537902832,19.187118530273438,19.7322998046875,17.21871566772461,16.421104431152344,18.622455596923828,20.48031234741211,21.152475357055664,21.500608444213867,21.536205291748047,21.025115966796875,20.403940200805664,20.879953384399414,22.45918846130371,23.035104751586914,21.950763702392578,20.350643157958984,19.79766845703125,19.20796775817871,18.367029190063477,19.56846809387207,20.130287170410156,21.433475494384766,23.624723434448242,20.54374885559082,17.351913452148438,17.220596313476562,15.119028091430664,13.071982383728027,9.299418449401855,9.288285255432129,12.172819137573242,14.495623588562012,17.175453186035156,19.5391845703125,20.608688354492188,21.030330657958984
10.21920394897461,11.091760635375977,10.58199691772461,10.756032943725586,12.615386009216309,14.422513961791992,16.450464248657227,17.665781021118164,16.08327865600586,17.461669921875,16.192764282226562,16.552997589111328,18.685237884521484,20.471773147583008,21.620527267456055,21.30785369873047,20.08247184753418,19.27465057373047,18.380916595458984,18.35578155517578,19.00644302368164,18.8188419342041,18.236478805541992,16.964876174926758,18.807830810546875,21.73238754272461,23.272123336791992,22.039705276489258,21.986173629760742,20.999683380126953,19.473289489746094,18.240036010742188,16.717819213867188,12.345832824707031,4.1860761642456055,4.0585150718688965,6.986946105957031,11.930768966674805,17.500404357910156,19.314111709594727,20.496475219726562,23.008943557739258,23.396427154541016,23.270267486572266
