data/wind_data/wind_23_2.json
{"header": {"parameterUnit": "KT", "parameterCategory": 2, "nx": 256, "ny": 198, "lo1": 44.73521041870117, "la1": -3.236724853515625, "lo2": 111.26478576660156, "la2": 43.468475341796875, "dx": 0.2609002888202667, "dy": -0.23708222806453705, "refTime": "2025-02-19 23:00:00", "forecastTime": 0, "parameterNumber": 2, "parameterNumberName": "eastward_wind"}, "data":
[rows 19 to 37 of 198, columns 0 to 42 of 256]
-25.268741607666016,-25.499191284179688,-25.67554473876953,-25.42435073852539,-24.93661880493164,-23.868703842163086,-22.990291595458984,-22.472604751586914,-22.314741134643555,-22.505226135253906,-22.512788772583008,-22.29779624938965,-21.97443389892578,-22.25196647644043,-22.32324981689453,-22.149869918823242,-21.770549774169922,-21.363248825073242,-20.661022186279297,-19.526256561279297,-18.962352752685547,-18.60306167602539,-17.403518676757812,-16.134864807128906,-14.220524787902832,-12.018040657043457,-10.160452842712402,-8.49483585357666,-9.571542739868164,-12.271380424499512,-12.86150074005127,-8.992477416992188,-7.548338890075684,-7.388400077819824,-6.766669750213623,-4.629299163818359,-6.813712120056152,-13.08565902709961,-14.504310607910156,-15.129944801330566,-14.428617477416992,-14.026907920837402,-13.288981437683105
-23.823993682861328,-24.435880661010742,-25.112491607666016,-25.77975082397461,-25.82484245300293,-24.48609161376953,-23.43204116821289,-22.67167854309082,-22.65229606628418,-22.863882064819336,-22.727785110473633,-22.51824378967285,-22.16412353515625,-22.126920700073242,-22.056869506835938,-22.002700805664062,-21.740556716918945,-21.532453536987305,-20.98557472229004,-19.69304847717285,-18.709848403930664,-18.355449676513672,-17.045175552368164,-15.252677917480469,-13.130514144897461,-11.625326156616211,-11.140122413635254,-11.16330337524414,-9.557433128356934,-9.090388298034668,-9.401571273803711,-9.01303482055664,-10.717020988464355,-10.893948554992676,-8.049304008483887,-5.780575275421143,-4.347496509552002,-5.581462860107422,-13.027199745178223,-14.619688034057617,-14.161423683166504,-14.236923217773438,-13.365640640258789
-23.28721046447754,-23.60124969482422,-23.679834365844727,-24.751291275024414,-26.61589241027832,-25.520475387573242,-24.642602920532227,-23.39337921142578,-23.17972183227539,-22.93811798095703,-22.842878341674805,-22.553529739379883,-22.364459991455078,-22.19449806213379,-21.736421585083008,-21.7370662689209,-21.629011154174805,-21.873069763183594,-21.58339500427246,-20.041391372680664,-18.529285430908203,-17.28583526611328,-16.23296546936035,-14.883920669555664,-13.017791748046875,-12.070833206176758,-11.96402645111084,-12.926555633544922,-12.526070594787598,-10.066990852355957,-8.973554611206055,-12.864518165588379,-14.248245239257812,-10.576665878295898,-9.24330997467041,-9.352304458618164,-9.374656677246094,-8.595261573791504,-8.499277114868164,-10.617692947387695,-13.162368774414062,-12.66515064239502,-13.519828796386719
-22.982582092285156,-23.086875915527344,-22.81610107421875,-22.9184627532959,-24.236989974975586,-25.564512252807617,-25.619897842407227,-24.154356002807617,-23.118608474731445,-22.40103530883789,-22.308738708496094,-22.434158325195312,-22.280258178710938,-21.964941024780273,-21.830223083496094,-21.730268478393555,-21.823209762573242,-21.984928131103516,-21.58672332763672,-20.309507369995117,-18.440156936645508,-15.924173355102539,-14.64837646484375,-14.257041931152344,-13.393685340881348,-13.059911727905273,-13.188277244567871,-13.672602653503418,-13.848825454711914,-14.057774543762207,-15.498351097106934,-16.35789680480957,-14.930408477783203,-10.422144889831543,-7.554775238037109,-10.492807388305664,-12.186259269714355,-13.953056335449219,-11.0880708694458,-6.349147796630859,-9.083930969238281,-12.085325241088867,-13.497884750366211
-22.931224822998047,-22.976560592651367,-23.020505905151367,-22.938051223754883,-22.02947425842285,-22.72710609436035,-24.579801559448242,-24.332103729248047,-22.95115089416504,-21.996572494506836,-22.08406639099121,-22.381729125976562,-22.319068908691406,-21.910619735717773,-21.789894104003906,-21.967018127441406,-22.020761489868164,-21.59518814086914,-21.05410385131836,-20.42182159423828,-18.523452758789062,-15.940863609313965,-14.469158172607422,-14.3801851272583,-14.039670944213867,-13.335301399230957,-13.025713920593262,-12.811363220214844,-12.496922492980957,-11.597824096679688,-11.830602645874023,-13.589510917663574,-15.240132331848145,-13.001096725463867,-9.182720184326172,-6.576154708862305,-9.493088722229004,-12.430084228515625,-11.829099655151367,-10.096343994140625,-7.433002471923828,-7.511193752288818,-10.77212142944336
-22.31944465637207,-22.622848510742188,-22.94516372680664,-22.9287166595459,-21.34844398498535,-20.23236083984375,-21.712013244628906,-23.197940826416016,-23.188373565673828,-22.231157302856445,-22.70901870727539,-23.212289810180664,-22.755205154418945,-21.99740219116211,-21.634212493896484,-21.72383689880371,-21.67748260498047,-21.267414093017578,-21.073213577270508,-20.66193389892578,-18.94673728942871,-16.36136245727539,-14.951634407043457,-14.647686004638672,-13.9993257522583,-13.077341079711914,-12.961400032043457,-12.818524360656738,-11.771328926086426,-10.4670991897583,-9.909749031066895,-10.12473201751709,-12.498237609863281,-11.481184959411621,-9.09838581085205,-7.181595325469971,-6.373405933380127,-9.198942184448242,-11.129718780517578,-10.444464683532715,-11.044698715209961,-12.041007041931152,-7.265769958496094
-21.033845901489258,-21.701547622680664,-22.31426239013672,-22.202884674072266,-20.966947555541992,-19.268783569335938,-19.312761306762695,-20.582653045654297,-22.7721004486084,-23.66358757019043,-23.657495498657227,-23.51696014404297,-22.690526962280273,-21.98581314086914,-21.729705810546875,-21.638343811035156,-21.466859817504883,-21.345800399780273,-21.306570053100586,-20.7150821685791,-19.053478240966797,-16.942581176757812,-15.386635780334473,-14.495059967041016,-13.738699913024902,-13.271195411682129,-13.752140998840332,-14.348379135131836,-13.542961120605469,-11.916341781616211,-12.349739074707031,-14.491521835327148,-11.918173789978027,-9.946349143981934,-8.752459526062012,-9.951252937316895,-9.976934432983398,-10.255352973937988,-13.242193222045898,-12.579191207885742,-10.476033210754395,-12.47633171081543,-16.484683990478516
-20.302045822143555,-20.872106552124023,-21.348318099975586,-20.987873077392578,-20.117753982543945,-19.09650421142578,-18.541234970092773,-18.924039840698242,-21.36309051513672,-23.626413345336914,-24.427867889404297,-23.546293258666992,-22.646638870239258,-22.254356384277344,-22.17905044555664,-21.888103485107422,-21.580808639526367,-21.517637252807617,-21.270910263061523,-20.29368019104004,-18.88253402709961,-17.443782806396484,-16.032249450683594,-14.867724418640137,-13.99232292175293,-13.593851089477539,-14.0242919921875,-14.798336029052734,-14.102027893066406,-11.574764251708984,-12.160605430603027,-13.883880615234375,-12.476236343383789,-11.73483943939209,-11.169438362121582,-11.628008842468262,-10.618952751159668,-12.002996444702148,-13.596369743347168,-12.501274108886719,-10.989529609680176,-10.696690559387207,-14.039687156677246
-20.20499610900879,-20.461458206176758,-20.62639617919922,-19.91521644592285,-18.58820152282715,-18.871110916137695,-18.827531814575195,-19.496685028076172,-21.184186935424805,-22.56873893737793,-23.9383544921875,-24.04193115234375,-22.8498477935791,-22.559537887573242,-22.39214515686035,-21.866605758666992,-21.48638343811035,-21.208433151245117,-20.83308982849121,-19.92237663269043,-18.692764282226562,-17.439990997314453,-16.654029846191406,-15.785300254821777,-14.096046447753906,-13.022806167602539,-13.182106971740723,-14.06163501739502,-14.608591079711914,-13.244036674499512,-10.42218017578125,-11.323783874511719,-13.136767387390137,-13.331498146057129,-12.454259872436523,-12.048418045043945,-11.733358383178711,-11.28223705291748,-11.374629974365234,-11.394049644470215,-11.125239372253418,-10.710312843322754,-11.573508262634277
-19.63825225830078,-20.10138511657715,-20.35561752319336,-19.391963958740234,-17.15427589416504,-18.72620391845703,-19.248056411743164,-20.516427993774414,-21.538143157958984,-22.017194747924805,-23.00011444091797,-23.92721176147461,-23.211183547973633,-21.770126342773438,-21.619754791259766,-21.22115707397461,-21.022602081298828,-20.668804168701172,-20.266170501708984,-19.47290802001953,-18.59275245666504,-18.027101516723633,-17.73529624938965,-16.403331756591797,-14.39104175567627,-13.235278129577637,-13.120566368103027,-13.64336109161377,-14.665348052978516,-14.853338241577148,-12.648336410522461,-10.870684623718262,-13.225479125976562,-12.983393669128418,-11.53566837310791,-11.996182441711426,-12.08427906036377,-11.20020580291748,-11.476995468139648,-11.819284439086914,-11.11971664428711,-12.222915649414062,-12.277692794799805
-18.73981285095215,-19.720062255859375,-19.73143196105957,-18.410743713378906,-16.333667755126953,-19.684799194335938,-20.41629981994629,-20.925758361816406,-21.45572853088379,-22.063180923461914,-22.77690315246582,-23.45819854736328,-23.396581649780273,-21.956483840942383,-21.208528518676758,-21.221717834472656,-20.867467880249023,-20.93498992919922,-20.361276626586914,-19.3994083404541,-18.47084617614746,-18.027944564819336,-17.61376190185547,-16.594087600708008,-15.107439041137695,-14.320878028869629,-14.308684349060059,-14.33023452758789,-14.784843444824219,-14.295251846313477,-12.756277084350586,-11.936803817749023,-13.429043769836426,-13.464920997619629,-11.867642402648926,-11.573238372802734,-11.71250057220459,-11.6074800491333,-12.724519729614258,-12.235172271728516,-11.6581449508667,-12.512465476989746,-11.43269157409668
-19.09386444091797,-19.900850296020508,-19.229726791381836,-17.043655395507812,-16.54621124267578,-21.157066345214844,-21.843202590942383,-21.868621826171875,-21.73104476928711,-22.509647369384766,-23.312013626098633,-23.706457138061523,-23.85865020751953,-23.121200561523438,-22.401914596557617,-22.33498191833496,-21.56805419921875,-21.24351692199707,-20.76593780517578,-19.582548141479492,-18.45350456237793,-17.36349868774414,-16.6656494140625,-16.03805923461914,-15.242297172546387,-14.88338851928711,-15.197366714477539,-15.3306884765625,-14.767304420471191,-13.868856430053711,-13.25194263458252,-13.815845489501953,-14.198833465576172,-13.382750511169434,-12.568446159362793,-12.228828430175781,-12.38216781616211,-12.55111026763916,-12.181747436523438,-11.674437522888184,-12.55440902709961,-13.409439086914062,-12.294910430908203
-20.646549224853516,-20.626806259155273,-19.73416519165039,-17.945819854736328,-18.121980667114258,-22.24166488647461,-22.938644409179688,-22.875974655151367,-22.52436065673828,-23.196598052978516,-23.867168426513672,-24.333450317382812,-24.589845657348633,-24.47274398803711,-23.1660213470459,-21.206918716430664,-19.21946144104004,-18.959781646728516,-19.442346572875977,-18.562978744506836,-17.623088836669922,-16.921287536621094,-16.449460983276367,-15.898421287536621,-15.058903694152832,-14.448509216308594,-14.913973808288574,-15.334739685058594,-14.639259338378906,-14.196210861206055,-14.728843688964844,-14.944791793823242,-13.645880699157715,-12.969447135925293,-13.432312965393066,-13.900640487670898,-13.509511947631836,-12.674598693847656,-11.804059028625488,-11.569221496582031,-12.864766120910645,-13.460942268371582,-13.098504066467285
-21.04971694946289,-20.6370906829834,-19.678422927856445,-19.31717300415039,-20.028722763061523,-22.367345809936523,-23.52391242980957,-24.056406021118164,-23.79387855529785,-24.116744995117188,-24.369840621948242,-24.649362564086914,-24.723163604736328,-24.350440979003906,-21.921796798706055,-18.903369903564453,-17.769262313842773,-17.310436248779297,-17.173606872558594,-17.32262420654297,-16.95367431640625,-16.71634864807129,-15.758462905883789,-14.283199310302734,-13.622394561767578,-14.319910049438477,-15.160304069519043,-14.516875267028809,-14.234701156616211,-14.725652694702148,-14.559640884399414,-13.424240112304688,-12.62779712677002,-13.085678100585938,-13.696589469909668,-13.501291275024414,-12.977791786193848,-12.589632034301758,-12.640130043029785,-12.498908042907715,-12.115801811218262,-12.641173362731934,-12.896153450012207
-20.133563995361328,-18.771228790283203,-18.416683197021484,-20.278329849243164,-21.027395248413086,-21.808046340942383,-23.1412410736084,-24.057424545288086,-24.12957763671875,-24.537841796875,-24.546119689941406,-24.401020050048828,-24.28389549255371,-23.799930572509766,-21.952375411987305,-18.924442291259766,-17.327857971191406,-17.45953941345215,-17.23712730407715,-16.905004501342773,-16.67626190185547,-16.600318908691406,-16.116331100463867,-13.705862045288086,-12.893950462341309,-14.942925453186035,-15.412628173828125,-13.54861831665039,-12.956873893737793,-14.558037757873535,-13.78041934967041,-12.374545097351074,-13.09221363067627,-14.009958267211914,-13.288887977600098,-12.56975269317627,-12.733938217163086,-12.52581787109375,-12.22704029083252,-12.834451675415039,-12.086140632629395,-12.29615592956543,-12.311149597167969
-19.442214965820312,-18.229915618896484,-18.738935470581055,-20.853918075561523,-21.24579620361328,-21.710407257080078,-22.61056137084961,-22.927183151245117,-23.068063735961914,-24.47624969482422,-25.139108657836914,-24.707321166992188,-23.97153091430664,-23.53030776977539,-22.608139038085938,-20.398305892944336,-17.776073455810547,-17.201229095458984,-17.426687240600586,-16.640369415283203,-16.124298095703125,-16.136274337768555,-16.329673767089844,-14.802019119262695,-13.279824256896973,-14.0587797164917,-14.33503532409668,-13.716086387634277,-12.926068305969238,-14.155576705932617,-13.90989875793457,-12.086249351501465,-12.709855079650879,-13.416891098022461,-12.945158958435059,-12.84848403930664,-13.40098762512207,-13.108521461486816,-12.150028228759766,-12.754349708557129,-12.573578834533691,-12.47450065612793,-12.31612777709961
-19.3370418548584,-20.040002822875977,-20.324298858642578,-20.85099220275879,-21.416086196899414,-22.108125686645508,-22.455341339111328,-21.911455154418945,-21.839248657226562,-23.949934005737305,-25.47701072692871,-25.076261520385742,-23.730520248413086,-22.76614761352539,-21.83054542541504,-20.330848693847656,-18.30665397644043,-16.746206283569336,-16.370500564575195,-16.751529693603516,-16.37666893005371,-16.115270614624023,-16.156536102294922,-15.911543846130371,-14.339463233947754,-13.073765754699707,-13.629146575927734,-14.503398895263672,-13.632091522216797,-13.164958953857422,-14.073366165161133,-13.005003929138184,-11.738323211669922,-12.503931999206543,-14.36893081665039,-14.75953197479248,-14.695979118347168,-13.865438461303711,-13.145485877990723,-12.562037467956543,-12.508927345275879,-12.67238712310791,-12.761496543884277
-18.96352767944336,-20.329404830932617,-20.629413604736328,-20.26699447631836,-20.51104736328125,-22.14089584350586,-22.28586769104004,-21.544517517089844,-21.09408950805664,-22.838714599609375,-24.683950424194336,-24.83199119567871,-23.759294509887695,-22.337812423706055,-21.07723617553711,-19.99454689025879,-18.915525436401367,-16.9923152923584,-16.129867553710938,-16.728490829467773,-16.965333938598633,-16.367448806762695,-15.429183959960938,-15.398125648498535,-15.177970886230469,-13.643292427062988,-13.348905563354492,-14.020133972167969,-13.560111999511719,-12.53660774230957,-13.359152793884277,-13.910465240478516,-12.749062538146973,-12.452934265136719,-13.483560562133789,-14.13269329071045,-15.137312889099121,-13.924357414245605,-12.895623207092285,-12.0724458694458,-12.403606414794922,-12.66072940826416,-12.802361488342285
-18.63690948486328,-19.985090255737305,-20.081987380981445,-19.589168548583984,-19.59190559387207,-21.37108612060547,-21.287839889526367,-21.08429527282715,-20.78626823425293,-22.054418563842773,-23.51641082763672,-24.015178680419922,-23.926067352294922,-23.103801727294922,-21.689481735229492,-19.59963035583496,-17.975337982177734,-16.66456413269043,-16.211570739746094,-16.300125122070312,-16.365238189697266,-16.289079666137695,-15.461091041564941,-14.460108757019043,-14.838542938232422,-14.515350341796875,-13.600812911987305,-13.212898254394531,-13.275437355041504,-13.590761184692383,-13.674017906188965,-13.323681831359863,-13.31112003326416,-12.748842239379883,-12.321038246154785,-13.303529739379883,-14.052254676818848,-13.30991268157959,-12.44983196258545,-11.727299690246582,-11.71873950958252,-11.982903480529785,-12.437751770019531
