data/wind_data/wind_Surface_18.json
{"header": {"parameterUnit": "KT", "parameterCategory": 2, "nx": 255, "ny": 198, "lo1": 44.73521041870117, "la1": -3.236724853515625, "lo2": 111.26478576660156, "la2": 43.468475341796875, "dx": 0.26192745566368103, "dy": -0.23708222806453705, "refTime": "2025-02-19 18:00:00", "forecastTime": 0, "parameterNumber": 3, "parameterNumberName": "northward_wind"}, "data":
[rows 38 to 56 of 198, columns 43 to 85 of 255]
-10.4519624710083,-10.231165885925293,-9.9277925491333,-9.567474365234375,-9.197349548339844,-9.383564949035645,-10.007476806640625,-10.489846229553223,-10.661309242248535,-10.604181289672852,-10.433287620544434,-10.14467716217041,-10.077472686767578,-10.501283645629883,-10.542981147766113,-10.372335433959961,-10.079931259155273,-10.31694221496582,-11.133316993713379,-11.567312240600586,-12.204530715942383,-13.660958290100098,-13.913718223571777,-9.726323127746582,-7.880955696105957,-8.77077865600586,-8.987143516540527,-8.54778003692627,-9.098190307617188,-10.755661964416504,-10.661819458007812,-7.77277946472168,-5.344981670379639,-5.762662887573242,-5.531955718994141,-5.636558532714844,-5.612451076507568,-6.006974697113037,-6.721081256866455,-7.593166828155518,-8.77188777923584,-9.386683464050293,-9.544716835021973
-10.474309921264648,-10.634645462036133,-10.484726905822754,-10.183065414428711,-9.89307689666748,-9.717955589294434,-9.983546257019043,-10.338618278503418,-10.419153213500977,-10.409758567810059,-10.410284996032715,-10.255606651306152,-9.779363632202148,-9.491055488586426,-9.645599365234375,-10.162749290466309,-10.617233276367188,-10.88045597076416,-11.344999313354492,-11.312309265136719,-12.049330711364746,-14.35089111328125,-15.736258506774902,-12.281900405883789,-8.932108879089355,-9.134406089782715,-10.383435249328613,-10.629683494567871,-10.658157348632812,-11.755167007446289,-12.832229614257812,-11.869118690490723,-7.844979286193848,-5.544269561767578,-4.29281759262085,-4.341750621795654,-3.783050537109375,-3.6234629154205322,-4.566386699676514,-6.302670478820801,-7.09045934677124,-7.922543525695801,-8.547796249389648
-10.35885238647461,-10.47882080078125,-10.509800910949707,-10.456320762634277,-10.343772888183594,-10.084246635437012,-9.90787410736084,-9.904814720153809,-9.991904258728027,-9.97844409942627,-10.043575286865234,-10.49372673034668,-10.58945369720459,-10.032357215881348,-9.643399238586426,-9.994699478149414,-10.758622169494629,-11.506011009216309,-11.521082878112793,-10.997481346130371,-11.173482894897461,-12.613380432128906,-13.862659454345703,-12.663439750671387,-10.624217987060547,-10.277799606323242,-10.298720359802246,-10.301410675048828,-11.4671630859375,-11.972912788391113,-12.019869804382324,-11.664432525634766,-10.639159202575684,-10.399255752563477,-7.997771263122559,-5.732710361480713,-3.5836687088012695,-1.69666588306427,-2.2297027111053467,-4.646880149841309,-5.412126064300537,-5.87168025970459,-6.819211006164551
-10.1353120803833,-10.19691276550293,-10.219959259033203,-10.257837295532227,-10.2752046585083,-10.154302597045898,-9.94213581085205,-9.861507415771484,-9.821452140808105,-9.540070533752441,-9.307759284973145,-9.904552459716797,-10.372891426086426,-10.347851753234863,-10.031514167785645,-10.074499130249023,-10.289366722106934,-10.72425365447998,-10.746405601501465,-10.332883834838867,-10.01998233795166,-10.408413887023926,-11.33033275604248,-11.524768829345703,-11.280250549316406,-11.580431938171387,-10.894268035888672,-9.575669288635254,-10.643414497375488,-11.916071891784668,-11.144845008850098,-10.15553092956543,-10.713172912597656,-12.968666076660156,-12.621044158935547,-10.806001663208008,-9.271652221679688,-7.402559280395508,-5.754880905151367,-5.342115879058838,-4.019372463226318,-3.848688840866089,-4.137083530426025
-9.53291130065918,-9.399449348449707,-9.283048629760742,-9.343844413757324,-9.543155670166016,-9.799731254577637,-9.943928718566895,-9.965971946716309,-9.773504257202148,-9.324613571166992,-9.137412071228027,-9.545275688171387,-9.579154968261719,-9.625560760498047,-9.71728801727295,-9.887540817260742,-9.736797332763672,-9.515055656433105,-9.664260864257812,-9.9038724899292,-9.89146614074707,-10.025121688842773,-10.628826141357422,-11.365772247314453,-11.562512397766113,-12.125778198242188,-12.25087833404541,-11.35268783569336,-10.236003875732422,-10.509245872497559,-10.324190139770508,-9.932063102722168,-10.565874099731445,-11.51366901397705,-12.529308319091797,-12.57229232788086,-13.044327735900879,-12.60148811340332,-12.096405029296875,-10.733222007751465,-8.467824935913086,-5.352133750915527,-3.1132349967956543
-8.83979606628418,-8.652121543884277,-8.470479011535645,-8.407981872558594,-8.441699981689453,-8.66546630859375,-9.129409790039062,-9.527637481689453,-9.483698844909668,-9.116064071655273,-9.074419021606445,-9.368975639343262,-9.138298988342285,-8.984472274780273,-9.436712265014648,-9.64422607421875,-9.373137474060059,-9.278891563415527,-9.443302154541016,-9.650971412658691,-9.746642112731934,-9.801675796508789,-10.440884590148926,-11.23102855682373,-11.543455123901367,-11.484928131103516,-11.22526741027832,-11.54398250579834,-10.636238098144531,-9.451814651489258,-9.93780517578125,-10.311843872070312,-11.233211517333984,-11.853986740112305,-12.245499610900879,-11.88132381439209,-12.437349319458008,-12.145439147949219,-12.664856910705566,-12.743414878845215,-12.878406524658203,-10.281517028808594,-8.144111633300781
-8.593186378479004,-8.506381034851074,-8.334891319274902,-8.159543991088867,-8.088592529296875,-8.036279678344727,-8.09633731842041,-8.526073455810547,-8.852422714233398,-9.030823707580566,-8.932778358459473,-9.094382286071777,-8.721940040588379,-8.444149017333984,-8.8887300491333,-9.37114143371582,-9.42996597290039,-9.6469087600708,-9.584832191467285,-9.386208534240723,-9.298745155334473,-9.79514217376709,-10.353099822998047,-10.63753604888916,-11.117833137512207,-11.112393379211426,-10.345283508300781,-10.168111801147461,-10.378377914428711,-9.957793235778809,-9.614286422729492,-9.792393684387207,-10.772797584533691,-10.940185546875,-11.427227973937988,-11.611922264099121,-11.693079948425293,-11.284111022949219,-10.682513236999512,-10.845459938049316,-11.927684783935547,-12.077228546142578,-11.444116592407227
-8.7778959274292,-8.891194343566895,-8.816080093383789,-8.702451705932617,-8.80200481414795,-8.664142608642578,-8.078242301940918,-8.0427827835083,-8.386082649230957,-9.164432525634766,-9.366677284240723,-9.205760955810547,-8.939393043518066,-8.802877426147461,-8.603170394897461,-8.93739128112793,-9.462737083435059,-9.614839553833008,-9.276161193847656,-8.782309532165527,-9.324003219604492,-10.345934867858887,-10.581223487854004,-10.23850154876709,-10.260406494140625,-11.175682067871094,-11.277390480041504,-10.258045196533203,-9.829219818115234,-10.079608917236328,-9.835503578186035,-9.815645217895508,-9.72088623046875,-9.75517749786377,-9.85094165802002,-10.160894393920898,-10.350619316101074,-10.302309036254883,-9.959787368774414,-10.055627822875977,-10.934489250183105,-11.430395126342773,-10.456524848937988
-8.833279609680176,-8.980928421020508,-8.868213653564453,-8.884166717529297,-9.094544410705566,-9.142005920410156,-8.905643463134766,-8.491681098937988,-8.579673767089844,-9.06026554107666,-9.698090553283691,-9.363911628723145,-8.891401290893555,-8.682354927062988,-8.24592113494873,-7.979275226593018,-8.317896842956543,-8.424654006958008,-8.438704490661621,-8.712285995483398,-9.281937599182129,-9.10875415802002,-9.02014446258545,-9.401965141296387,-9.361394882202148,-10.05820083618164,-10.662773132324219,-10.440451622009277,-9.808968544006348,-9.489294052124023,-9.968755722045898,-10.043065071105957,-9.618751525878906,-9.601106643676758,-9.329537391662598,-9.16206169128418,-9.259716987609863,-9.481104850769043,-9.631321907043457,-9.884380340576172,-10.248037338256836,-10.309526443481445,-9.522123336791992
-8.89222240447998,-8.993882179260254,-8.779348373413086,-8.821019172668457,-8.715704917907715,-8.929789543151855,-9.406098365783691,-9.330342292785645,-8.928085327148438,-8.872694969177246,-9.051755905151367,-8.988494873046875,-8.506168365478516,-8.16578483581543,-7.720107555389404,-7.039192199707031,-7.087419509887695,-7.471100330352783,-7.69154167175293,-8.296412467956543,-8.160428047180176,-7.173693656921387,-7.214603424072266,-8.109580993652344,-8.375510215759277,-8.121840476989746,-8.553473472595215,-8.876839637756348,-9.299637794494629,-8.980575561523438,-9.141090393066406,-9.231024742126465,-9.387675285339355,-9.203149795532227,-9.012624740600586,-8.617966651916504,-8.167911529541016,-8.27999496459961,-8.675920486450195,-9.052581787109375,-9.371380805969238,-9.356917381286621,-8.421133995056152
-9.187952041625977,-9.268953323364258,-9.247736930847168,-9.021255493164062,-8.636823654174805,-8.7482271194458,-9.2490234375,-9.518460273742676,-9.04670524597168,-8.518335342407227,-8.476128578186035,-8.77501392364502,-8.953516960144043,-8.60805892944336,-8.175271034240723,-7.495957851409912,-6.855709075927734,-7.057573318481445,-7.2667155265808105,-7.126254081726074,-7.022414684295654,-7.014354228973389,-7.022414684295654,-7.267970561981201,-7.478715419769287,-6.972443103790283,-7.314340591430664,-7.485414505004883,-7.877772808074951,-7.874279499053955,-8.032212257385254,-8.305407524108887,-8.591732025146484,-8.695280075073242,-8.53333568572998,-8.3153076171875,-7.943747520446777,-7.772083282470703,-7.998719692230225,-8.06512451171875,-8.215011596679688,-8.634686470031738,-8.39535903930664
-9.563648223876953,-9.622664451599121,-9.718334197998047,-9.506063461303711,-9.160985946655273,-8.899862289428711,-8.869657516479492,-9.09991455078125,-9.125493049621582,-8.600764274597168,-8.140256881713867,-8.258464813232422,-8.63852596282959,-8.710953712463379,-9.228961944580078,-9.343525886535645,-8.338744163513184,-6.881326198577881,-6.994020938873291,-6.9356465339660645,-6.996823310852051,-7.301747798919678,-7.043303966522217,-6.626981735229492,-6.647967338562012,-6.834148406982422,-6.8370585441589355,-6.832498073577881,-7.064526557922363,-7.216629505157471,-7.345699310302734,-7.51757287979126,-7.811191082000732,-8.010151863098145,-8.069389343261719,-8.045418739318848,-7.998681545257568,-7.5510125160217285,-7.336982250213623,-7.724778652191162,-7.797880172729492,-8.025652885437012,-7.98700475692749
-8.918283462524414,-9.486568450927734,-10.044690132141113,-9.944936752319336,-9.76440143585205,-9.192091941833496,-9.07702350616455,-9.088162422180176,-9.0172119140625,-8.73281478881836,-8.167778015136719,-7.892772674560547,-7.776413917541504,-8.067753791809082,-8.195103645324707,-8.752257347106934,-9.350131034851074,-7.566705226898193,-7.025182247161865,-7.034516334533691,-6.929966926574707,-7.123752117156982,-6.897424221038818,-6.373174667358398,-6.593904972076416,-6.916818141937256,-6.6857147216796875,-6.52794075012207,-6.63571310043335,-6.810471534729004,-6.767412185668945,-6.841464519500732,-7.131667613983154,-7.275624752044678,-7.313629150390625,-7.217201232910156,-7.484907150268555,-7.424337863922119,-6.613629341125488,-6.881788730621338,-7.439626693725586,-7.683368682861328,-7.583376884460449
-8.190001487731934,-8.84623908996582,-9.761857032775879,-9.91539478302002,-9.803112983703613,-9.514287948608398,-9.323301315307617,-8.68893051147461,-7.845069885253906,-7.5454421043396,-7.708207607269287,-7.925669193267822,-7.4953484535217285,-7.172874450683594,-6.333703517913818,-6.333087921142578,-7.107363700866699,-7.191394805908203,-7.050874710083008,-6.639710903167725,-6.710549831390381,-6.871493816375732,-6.8352227210998535,-6.692806243896484,-6.785566806793213,-6.634743690490723,-6.230237007141113,-6.136378288269043,-6.013266563415527,-5.942302703857422,-6.263182640075684,-6.438039302825928,-6.552065372467041,-6.535361289978027,-6.318450450897217,-6.1347975730896,-6.220491886138916,-6.766183376312256,-6.642520904541016,-6.556880950927734,-6.907487392425537,-7.103996276855469,-7.857642650604248
-8.734687805175781,-8.77669906616211,-9.344826698303223,-9.71770191192627,-9.759536743164062,-9.59211540222168,-8.874937057495117,-7.935882568359375,-6.948160648345947,-6.430906772613525,-6.574065208435059,-6.799488544464111,-6.695431232452393,-6.790696144104004,-6.839839458465576,-6.3473944664001465,-5.482183456420898,-5.809689044952393,-6.475662708282471,-6.543147563934326,-6.59081506729126,-6.530502796173096,-6.663872241973877,-6.845001220703125,-6.609020709991455,-6.43240213394165,-6.201381206512451,-6.007059097290039,-5.922677040100098,-5.815517902374268,-5.856739044189453,-5.89581823348999,-5.967381000518799,-5.956869602203369,-5.766887187957764,-5.7721967697143555,-5.62427282333374,-5.865659236907959,-6.281147480010986,-6.5447611808776855,-6.310405254364014,-6.540407657623291,-7.217647552490234
-8.590349197387695,-8.4479341506958,-8.357817649841309,-8.508377075195312,-8.878500938415527,-8.830850601196289,-8.071842193603516,-7.54169225692749,-7.540770053863525,-7.227287769317627,-6.677887439727783,-5.810468673706055,-5.877608299255371,-6.823844909667969,-7.6634297370910645,-7.451069355010986,-6.701669692993164,-6.120649337768555,-6.171442031860352,-6.56884241104126,-6.34812593460083,-6.210796356201172,-6.254347324371338,-6.805025577545166,-6.673923969268799,-6.431910037994385,-6.3972601890563965,-6.361950874328613,-6.299527168273926,-6.108776092529297,-5.664860248565674,-5.449942588806152,-5.798642635345459,-6.003894805908203,-6.40596342086792,-6.532227993011475,-6.198371887207031,-5.508537769317627,-5.6637396812438965,-6.185005187988281,-6.178855895996094,-6.246886730194092,-6.319214344024658
-6.726040363311768,-6.743420124053955,-6.767563819885254,-6.694587707519531,-6.76496696472168,-6.989165306091309,-7.16956090927124,-7.303795337677002,-7.350775241851807,-6.952616214752197,-6.87612771987915,-6.466594696044922,-6.348910331726074,-6.3654093742370605,-6.587386608123779,-6.847043991088867,-6.900343418121338,-6.563145160675049,-6.242307186126709,-6.281579494476318,-6.03447961807251,-5.7763285636901855,-5.764707088470459,-6.226475715637207,-6.674560546875,-6.412946701049805,-6.184986114501953,-6.6331562995910645,-6.8512725830078125,-6.5186285972595215,-5.905576229095459,-5.4383320808410645,-5.530292987823486,-5.514627456665039,-5.664346694946289,-5.723189353942871,-5.783015251159668,-5.555731773376465,-5.8662638664245605,-6.217591762542725,-6.529924392700195,-6.787988185882568,-6.840273380279541
-5.1184258460998535,-5.374632835388184,-5.511014461517334,-5.457486152648926,-5.255869388580322,-5.3816304206848145,-5.685994625091553,-5.933311939239502,-5.944489479064941,-5.928890705108643,-6.213947296142578,-6.765263557434082,-6.751873016357422,-6.484123229980469,-6.285739898681641,-6.089474201202393,-5.581836223602295,-5.468214988708496,-5.4119391441345215,-5.2221150398254395,-5.001996994018555,-4.73227071762085,-4.712779521942139,-5.09766149520874,-5.753421783447266,-5.773711681365967,-5.785987377166748,-6.361049652099609,-7.028295040130615,-7.253542423248291,-7.089925765991211,-6.607796669006348,-5.589451313018799,-5.177362442016602,-5.181973457336426,-4.971549987792969,-5.260697364807129,-5.628475189208984,-5.5769734382629395,-5.838475704193115,-6.106380462646484,-6.5190110206604,-6.7129340171813965
-5.069467544555664,-5.185302734375,-5.22991418838501,-5.197110176086426,-5.004868984222412,-4.7504448890686035,-4.604432106018066,-4.630038261413574,-4.903663635253906,-5.633076190948486,-5.824155807495117,-5.690428256988525,-5.476321220397949,-5.487997055053711,-5.934859752655029,-6.116031169891357,-5.627923965454102,-5.108927249908447,-4.9265031814575195,-4.735575199127197,-4.452584266662598,-4.275327205657959,-4.250372886657715,-4.5052266120910645,-4.602420330047607,-4.81838846206665,-5.66390323638916,-6.442773342132568,-6.632775783538818,-6.660815715789795,-6.858067512512207,-7.07459831237793,-6.664021015167236,-6.577707290649414,-6.702123165130615,-6.481592655181885,-6.318110466003418,-6.484840393066406,-6.242976188659668,-6.175157070159912,-6.150494575500488,-5.8267364501953125,-5.744284152984619
