data/wind_data/wind_35_8.json
{"header": {"parameterUnit": "KT", "parameterCategory": 2, "nx": 256, "ny": 198, "lo1": 44.73521041870117, "la1": -3.236724853515625, "lo2": 111.26478576660156, "la2": 43.468475341796875, "dx": 0.2609002888202667, "dy": -0.23708222806453705, "refTime": "2025-02-20 11:00:00", "forecastTime": 0, "parameterNumber": 2, "parameterNumberName": "eastward_wind"}, "data":
[rows 19 to 37 of 198, columns 0 to 43 of 256]
-8.59060287475586,-10.143867492675781,-11.475015640258789,-12.85610580444336,-14.34996223449707,-14.51169204711914,-14.523542404174805,-14.743000030517578,-14.749981880187988,-14.201285362243652,-13.537246704101562,-12.501997947692871,-11.283174514770508,-10.5250244140625,-10.670968055725098,-11.522133827209473,-12.679269790649414,-13.670406341552734,-13.899380683898926,-13.071423530578613,-11.78317642211914,-10.85942268371582,-10.673007011413574,-10.86703109741211,-10.889249801635742,-10.669140815734863,-10.25419807434082,-9.528157234191895,-8.704588890075684,-8.376898765563965,-8.884564399719238,-10.16427230834961,-10.721896171569824,-9.71568489074707,-7.993906021118164,-7.035048484802246,-6.847054958343506,-6.558064937591553,-5.7374067306518555,-5.149510383605957,-4.977668285369873,-4.345711708068848,-4.039637565612793,-4.788043022155762
-7.84969425201416,-9.301270484924316,-10.7898588180542,-12.538541793823242,-14.040589332580566,-14.65247917175293,-14.701577186584473,-14.688576698303223,-14.421346664428711,-13.873316764831543,-13.38940143585205,-12.487698554992676,-11.496723175048828,-11.093365669250488,-11.413908958435059,-12.199600219726562,-13.23517894744873,-14.138521194458008,-14.225914001464844,-13.133746147155762,-11.57419204711914,-10.475974082946777,-10.202845573425293,-10.459762573242188,-10.503955841064453,-10.142179489135742,-9.498330116271973,-8.588397979736328,-7.500852584838867,-7.1002373695373535,-7.804483890533447,-9.166366577148438,-9.629201889038086,-8.393515586853027,-6.954387664794922,-6.4692511558532715,-6.315957546234131,-5.711231231689453,-4.788058757781982,-4.033186912536621,-3.4112133979797363,-2.069566249847412,-2.0589871406555176,-3.321450710296631
-8.033876419067383,-9.33841323852539,-10.4893798828125,-12.031716346740723,-13.674226760864258,-14.768243789672852,-14.812551498413086,-14.59078311920166,-14.264019012451172,-13.896517753601074,-13.428120613098145,-12.589216232299805,-11.904382705688477,-11.870746612548828,-12.322870254516602,-13.036680221557617,-13.892250061035156,-14.63643741607666,-14.52734661102295,-13.269308090209961,-11.598709106445312,-10.298005104064941,-9.864439010620117,-10.14122200012207,-10.340299606323242,-9.930992126464844,-8.969947814941406,-7.803776741027832,-6.693508625030518,-6.226562023162842,-6.892998695373535,-8.047094345092773,-8.263945579528809,-7.004329681396484,-5.834837436676025,-5.867997169494629,-6.058787822723389,-5.532922744750977,-4.4299235343933105,-3.5743916034698486,-2.713789939880371,-1.0907553434371948,-1.9027293920516968,-3.2747814655303955
-8.160163879394531,-9.54310131072998,-10.02064037322998,-11.37104320526123,-13.40202522277832,-14.701922416687012,-14.75688648223877,-14.562685012817383,-14.407291412353516,-14.204071044921875,-13.741836547851562,-13.01956558227539,-12.538801193237305,-12.579642295837402,-13.002630233764648,-13.650334358215332,-14.391576766967773,-14.934432983398438,-14.553622245788574,-13.226502418518066,-11.612995147705078,-10.360247611999512,-9.807365417480469,-9.896397590637207,-10.05968189239502,-9.687090873718262,-8.632224082946777,-7.242071151733398,-6.093540668487549,-5.581991672515869,-6.083101749420166,-6.899158477783203,-6.997045516967773,-6.0271477699279785,-5.139329433441162,-5.5190911293029785,-6.040030479431152,-5.49545955657959,-4.145838260650635,-3.3057711124420166,-2.599487543106079,-1.4268319606781006,-3.0198915004730225,-3.5607287883758545
-7.573831558227539,-8.798397064208984,-9.032003402709961,-10.260136604309082,-12.715082168579102,-14.377025604248047,-14.461040496826172,-14.486275672912598,-14.440918922424316,-14.288618087768555,-13.913914680480957,-13.40549087524414,-13.001197814941406,-12.87239933013916,-13.245645523071289,-13.879945755004883,-14.41142463684082,-14.599689483642578,-13.978170394897461,-12.674508094787598,-11.251794815063477,-10.256093978881836,-9.852432250976562,-9.870704650878906,-10.037714958190918,-9.69349479675293,-8.639575004577637,-7.131052017211914,-5.7858405113220215,-5.138383388519287,-5.5295090675354,-6.159787178039551,-6.200518608093262,-5.530737400054932,-4.971860408782959,-5.317781925201416,-5.626774787902832,-4.885119438171387,-3.8257884979248047,-3.2492477893829346,-2.6412765979766846,-1.887770652770996,-4.0508246421813965,-3.556215286254883
-6.447290420532227,-8.023383140563965,-8.156113624572754,-9.158464431762695,-11.672077178955078,-13.939247131347656,-13.98461627960205,-14.206661224365234,-14.09257984161377,-13.984240531921387,-13.791653633117676,-13.443981170654297,-13.102592468261719,-13.061144828796387,-13.35355281829834,-13.791598320007324,-14.04192066192627,-13.817656517028809,-13.065096855163574,-11.815994262695312,-10.59521198272705,-9.86830997467041,-9.691575050354004,-9.876141548156738,-10.257487297058105,-10.069527626037598,-9.135169982910156,-7.593557834625244,-6.034302234649658,-5.138758659362793,-5.468225955963135,-6.15418815612793,-6.1123833656311035,-5.425868511199951,-5.017980575561523,-5.252950191497803,-5.1689043045043945,-4.3271331787109375,-3.86694598197937,-3.6813855171203613,-2.8129186630249023,-0.9730585813522339,-3.042184352874756,-3.6711580753326416
-4.468463897705078,-6.622663974761963,-7.079371452331543,-8.519569396972656,-11.269926071166992,-13.495705604553223,-13.417815208435059,-13.644529342651367,-13.538992881774902,-13.558860778808594,-13.431838989257812,-13.120451927185059,-12.974809646606445,-13.213479995727539,-13.43258285522461,-13.558533668518066,-13.403151512145996,-13.002612113952637,-12.22424030303955,-10.973105430603027,-9.930541038513184,-9.429340362548828,-9.455177307128906,-9.796476364135742,-10.397223472595215,-10.49475383758545,-9.754364967346191,-8.255151748657227,-6.612295150756836,-5.566611289978027,-5.647787570953369,-6.299176216125488,-6.227344512939453,-5.357734203338623,-4.708542346954346,-4.878573417663574,-4.806796073913574,-4.171270847320557,-4.020848274230957,-4.135913372039795,-3.220057964324951,-1.2925291061401367,-1.3852590322494507,-2.562424421310425
-3.039543628692627,-5.561822414398193,-6.364495754241943,-8.450724601745605,-11.567530632019043,-13.023725509643555,-12.671418190002441,-12.801787376403809,-12.69411849975586,-12.692001342773438,-12.613459587097168,-12.563323020935059,-12.70136547088623,-12.94096851348877,-13.098445892333984,-12.904714584350586,-12.554765701293945,-12.33536148071289,-11.646137237548828,-10.476414680480957,-9.510879516601562,-9.036916732788086,-9.140230178833008,-9.527722358703613,-10.135756492614746,-10.346824645996094,-9.828587532043457,-8.547612190246582,-6.9903950691223145,-5.861745834350586,-5.723201751708984,-6.2001776695251465,-5.962451934814453,-4.865874767303467,-3.9664299488067627,-4.015702724456787,-4.328679084777832,-4.020321846008301,-3.7855231761932373,-4.135837078094482,-4.008878231048584,-2.494812250137329,-1.69731605052948,-2.1355042457580566
-2.6867663860321045,-4.963565349578857,-6.159470558166504,-8.616338729858398,-11.562296867370605,-12.506707191467285,-11.82363224029541,-11.793278694152832,-11.585829734802246,-11.599574089050293,-11.708685874938965,-11.839879989624023,-11.931683540344238,-11.984611511230469,-12.162704467773438,-11.772798538208008,-11.424202919006348,-11.2837553024292,-10.899486541748047,-10.130819320678711,-9.342220306396484,-8.772831916809082,-8.780815124511719,-9.086853981018066,-9.53290843963623,-9.700787544250488,-9.280172348022461,-8.11503791809082,-6.761573314666748,-5.725673198699951,-5.267620086669922,-5.5485992431640625,-5.300456523895264,-4.231247425079346,-3.2217745780944824,-3.0439035892486572,-3.221679925918579,-3.1503918170928955,-2.967128276824951,-3.469825506210327,-4.265328884124756,-3.898010730743408,-2.4542407989501953,-1.8424029350280762
-2.9076497554779053,-4.666813373565674,-6.342785835266113,-9.268796920776367,-11.884604454040527,-12.110250473022461,-11.421467781066895,-11.16456413269043,-10.98546314239502,-10.950782775878906,-11.127616882324219,-11.19609546661377,-11.145447731018066,-10.999958038330078,-10.813408851623535,-10.527127265930176,-10.262367248535156,-9.942093849182129,-9.697997093200684,-9.177797317504883,-8.646203994750977,-8.247703552246094,-8.243817329406738,-8.600996971130371,-8.915997505187988,-8.96469783782959,-8.464995384216309,-7.256991863250732,-5.95612096786499,-5.068691730499268,-4.512144565582275,-4.408958911895752,-4.348517417907715,-3.4906153678894043,-2.407038688659668,-2.0071537494659424,-2.0663740634918213,-2.05703067779541,-1.9250205755233765,-2.1431846618652344,-3.159384250640869,-3.9201579093933105,-3.3261609077453613,-1.987777590751648
-3.7118473052978516,-4.752058029174805,-6.720560550689697,-10.180093765258789,-12.736784934997559,-12.14547061920166,-11.823468208312988,-11.303471565246582,-11.067363739013672,-10.996673583984375,-11.085844039916992,-11.078189849853516,-10.863632202148438,-10.299040794372559,-9.849102020263672,-9.547404289245605,-9.343358993530273,-8.975040435791016,-8.583497047424316,-7.9714131355285645,-7.4565935134887695,-7.067769527435303,-7.158735752105713,-7.689756393432617,-8.124741554260254,-8.08061695098877,-7.645804405212402,-6.689433574676514,-5.181079864501953,-4.081571102142334,-3.471933126449585,-3.201356887817383,-3.2267532348632812,-2.780855417251587,-1.7885757684707642,-1.1287853717803955,-1.1791399717330933,-1.3982329368591309,-1.43583083152771,-1.1389516592025757,-1.539099931716919,-2.5822622776031494,-3.1276938915252686,-2.5649421215057373
-4.412944793701172,-5.437262058258057,-7.421743869781494,-11.04835319519043,-13.660306930541992,-12.663337707519531,-12.377817153930664,-11.666324615478516,-11.434886932373047,-11.293145179748535,-11.373650550842285,-11.27463150024414,-10.867895126342773,-10.22077465057373,-9.519186973571777,-8.969559669494629,-8.632394790649414,-8.460392951965332,-7.974446773529053,-7.379552841186523,-6.693229675292969,-6.1077189445495605,-6.121020793914795,-6.521276950836182,-6.9634904861450195,-7.104325771331787,-6.944418430328369,-6.403893947601318,-4.929424285888672,-3.623218059539795,-2.732612133026123,-2.251530170440674,-2.0679433345794678,-1.9123910665512085,-1.3353724479675293,-0.7199323177337646,-0.6709431409835815,-0.9407777190208435,-1.28091299533844,-1.2131175994873047,-1.0555630922317505,-1.4328378438949585,-1.9910688400268555,-2.0486021041870117
-4.949103355407715,-6.632639408111572,-8.511981964111328,-11.770417213439941,-14.194657325744629,-13.171789169311523,-12.878352165222168,-11.989359855651855,-11.748499870300293,-11.465785026550293,-11.321138381958008,-11.19909954071045,-11.030776977539062,-10.532191276550293,-9.514829635620117,-8.568235397338867,-8.064903259277344,-8.11914348602295,-7.811193943023682,-7.226264953613281,-6.517947673797607,-5.821333408355713,-5.790097713470459,-5.804250717163086,-6.082826614379883,-6.295945644378662,-6.332136154174805,-6.121143341064453,-4.9568939208984375,-3.679696559906006,-2.708775520324707,-1.746212124824524,-1.036516785621643,-0.6624552011489868,-0.4685930609703064,-0.19164630770683289,-0.12138295918703079,-0.21850115060806274,-0.6086215972900391,-0.9074392914772034,-0.9296702742576599,-1.0397498607635498,-1.199811577796936,-1.0732777118682861
-5.103854656219482,-6.760685443878174,-8.754101753234863,-12.056451797485352,-14.43610954284668,-13.393861770629883,-13.254180908203125,-12.039243698120117,-11.678276062011719,-11.382238388061523,-11.201419830322266,-10.952536582946777,-10.783636093139648,-10.510485649108887,-9.625301361083984,-8.465574264526367,-7.806304454803467,-7.737945079803467,-7.750157833099365,-7.406911373138428,-6.745541572570801,-6.144018173217773,-6.029200553894043,-5.7099738121032715,-5.698880672454834,-5.841304302215576,-6.000373840332031,-5.892951965332031,-4.956699371337891,-3.855809450149536,-3.003002405166626,-1.7916650772094727,-0.7439969778060913,0.15101489424705505,0.6929191946983337,0.8420240879058838,0.8809547424316406,0.9719921946525574,0.7530192136764526,0.45477500557899475,0.12484967708587646,-0.029977235943078995,-0.04676716402173042,-0.010635358281433582
-4.891117095947266,-5.968939304351807,-8.044832229614258,-11.849327087402344,-14.723011016845703,-13.703558921813965,-13.353324890136719,-11.94542121887207,-11.425604820251465,-11.098889350891113,-11.058395385742188,-10.990560531616211,-10.737205505371094,-10.410390853881836,-9.778786659240723,-8.652908325195312,-7.773824214935303,-7.697444915771484,-7.866727828979492,-7.880207538604736,-7.458044052124023,-6.801958084106445,-6.297802925109863,-5.755638122558594,-5.460176944732666,-5.394444465637207,-5.606691837310791,-5.550533771514893,-4.795612812042236,-3.8230276107788086,-2.818819999694824,-1.7709895372390747,-0.8103343844413757,0.1237235739827156,1.1172994375228882,1.6293151378631592,1.8140976428985596,2.090254306793213,1.9831749200820923,1.7732231616973877,1.608872890472412,1.679616093635559,1.8033251762390137,1.775530219078064
-4.615209102630615,-5.785772800445557,-7.44981050491333,-11.091981887817383,-14.638897895812988,-13.935585975646973,-13.218854904174805,-12.097309112548828,-11.464315414428711,-11.014982223510742,-10.928779602050781,-10.972538948059082,-10.804753303527832,-10.473284721374512,-9.957880020141602,-9.038881301879883,-8.1404390335083,-7.976791858673096,-8.215415000915527,-8.363749504089355,-8.109187126159668,-7.378051280975342,-6.398997783660889,-5.655755043029785,-5.090457916259766,-4.828731536865234,-4.566440105438232,-4.137645721435547,-3.7421553134918213,-2.8555781841278076,-1.6179912090301514,-0.7534989714622498,0.017214326187968254,0.5744473934173584,1.2462432384490967,2.0989651679992676,2.4951910972595215,2.6443705558776855,2.558871030807495,2.535991668701172,2.6524088382720947,2.9649605751037598,3.269674062728882,3.6681556701660156
-4.274362564086914,-5.874490737915039,-7.296082496643066,-10.370065689086914,-14.078791618347168,-13.85804557800293,-12.931861877441406,-12.24556827545166,-11.6825590133667,-11.126897811889648,-10.700775146484375,-10.450263977050781,-10.290489196777344,-10.186559677124023,-9.99571418762207,-9.402117729187012,-8.70888614654541,-8.409005165100098,-8.416714668273926,-8.436742782592773,-8.24244499206543,-7.439247131347656,-6.379482269287109,-5.558102130889893,-4.714733600616455,-4.208589553833008,-3.4413599967956543,-2.4677212238311768,-1.7621777057647705,-1.0445085763931274,0.21451561152935028,0.9811223149299622,1.6949176788330078,2.0613861083984375,2.2819180488586426,2.988891363143921,3.3482871055603027,3.3618345260620117,3.3073978424072266,3.231844425201416,3.456963539123535,3.902442216873169,4.400558948516846,4.93064022064209
-4.007076740264893,-5.397307872772217,-6.941740989685059,-9.868206024169922,-13.224639892578125,-13.455623626708984,-12.537823677062988,-11.982430458068848,-11.40054702758789,-10.856973648071289,-10.230814933776855,-9.601571083068848,-9.252434730529785,-9.277267456054688,-9.361631393432617,-9.222329139709473,-9.021453857421875,-8.734968185424805,-8.362798690795898,-8.051746368408203,-7.837516784667969,-7.326042652130127,-6.509455680847168,-5.6283464431762695,-4.769514083862305,-4.0545454025268555,-2.9369149208068848,-1.710493564605713,-0.8218496441841125,-0.10199999064207077,0.9171611666679382,1.5715848207473755,2.196847915649414,2.61383056640625,2.732264518737793,3.3117141723632812,3.6218600273132324,3.819345474243164,3.874741315841675,3.867255926132202,4.038700103759766,4.348379611968994,4.759477138519287,5.3478851318359375
-3.745676279067993,-4.7615556716918945,-6.288539886474609,-9.209881782531738,-12.161733627319336,-12.779343605041504,-12.0465726852417,-11.327241897583008,-10.645748138427734,-10.095907211303711,-9.431182861328125,-8.658038139343262,-8.200942039489746,-8.170795440673828,-8.298532485961914,-8.394376754760742,-8.667919158935547,-8.818155288696289,-8.421951293945312,-7.771542549133301,-7.3718719482421875,-7.200239181518555,-6.921181678771973,-6.290468692779541,-5.49205207824707,-4.577430725097656,-3.321751356124878,-2.068556308746338,-1.0780036449432373,-0.3768271505832672,-0.042491961270570755,0.06118347868323326,0.662153959274292,0.8566113114356995,0.9944745302200317,1.5526331663131714,2.219834327697754,2.9421112537384033,3.1918833255767822,3.387547492980957,3.664048433303833,4.13124418258667,4.658545970916748,5.22557258605957
