data/wind_data/wind_49_2.json
{"header": {"parameterUnit": "KT", "parameterCategory": 2, "nx": 256, "ny": 198, "lo1": 44.73521041870117, "la1": -3.236724853515625, "lo2": 111.26478576660156, "la2": 43.468475341796875, "dx": 0.2609002888202667, "dy": -0.23708222806453705, "refTime": "2025-02-21 01:00:00", "forecastTime": 0, "parameterNumber": 2, "parameterNumberName": "eastward_wind"}, "data":
[rows 38 to 56 of 198, columns 129 to 171 of 256]
-8.332735061645508,-8.020017623901367,-8.24132251739502,-9.37672233581543,-7.492981910705566,-4.709170818328857,-3.375331163406372,-4.274055004119873,-8.421869277954102,-14.113839149475098,-15.55582046508789,-17.517189025878906,-17.254924774169922,-10.911946296691895,-9.652833938598633,-13.041184425354004,-12.773712158203125,-12.294137954711914,-12.745429039001465,-13.268994331359863,-15.442824363708496,-14.73786735534668,-15.797574996948242,-14.712158203125,-13.641799926757812,-14.940103530883789,-14.006710052490234,-11.120723724365234,-12.44329833984375,-18.228904724121094,-18.513530731201172,-18.03019905090332,-17.976552963256836,-17.437885284423828,-16.5980167388916,-14.473732948303223,-13.373517036437988,-13.599102020263672,-14.04336929321289,-14.759839057922363,-16.6743221282959,-17.54454803466797,-14.563214302062988
-11.70751953125,-9.870100021362305,-7.719615936279297,-6.666900157928467,-5.23917293548584,-4.6552348136901855,-2.7691285610198975,-0.8838782906532288,-4.782477378845215,-13.396246910095215,-14.40971851348877,-17.048147201538086,-16.11237335205078,-12.37724494934082,-12.08665657043457,-14.883401870727539,-12.007098197937012,-11.452903747558594,-13.542531967163086,-15.25501823425293,-15.140308380126953,-14.437650680541992,-13.870248794555664,-14.796412467956543,-11.707489013671875,-15.031157493591309,-15.34071159362793,-12.383532524108887,-11.15953254699707,-14.192181587219238,-18.056007385253906,-14.564736366271973,-12.350807189941406,-14.394759178161621,-15.012469291687012,-16.255271911621094,-16.416250228881836,-14.311836242675781,-10.756241798400879,-13.18813419342041,-15.374307632446289,-15.547640800476074,-18.118579864501953
-13.374551773071289,-12.174628257751465,-9.460573196411133,-7.119131088256836,-5.685777187347412,-5.2023606300354,-4.254053592681885,-4.06245231628418,-9.516948699951172,-15.774389266967773,-16.44358253479004,-16.8961238861084,-11.972643852233887,-13.934150695800781,-12.976117134094238,-14.25223159790039,-12.008673667907715,-11.669905662536621,-13.387953758239746,-14.400616645812988,-13.329157829284668,-13.460908889770508,-13.768474578857422,-15.339914321899414,-13.060380935668945,-15.509310722351074,-14.052298545837402,-13.241375923156738,-15.037704467773438,-11.46862506866455,-14.593876838684082,-15.520383834838867,-13.960577964782715,-18.471105575561523,-13.483400344848633,-16.619136810302734,-19.55130958557129,-19.623441696166992,-19.73354721069336,-19.27018165588379,-16.000843048095703,-12.54478931427002,-14.695298194885254
-14.03622055053711,-13.131959915161133,-12.002632141113281,-10.012503623962402,-8.558347702026367,-8.87701416015625,-10.563291549682617,-11.44619369506836,-15.431963920593262,-19.082008361816406,-17.30123519897461,-15.330232620239258,-13.795418739318848,-13.966181755065918,-12.328876495361328,-10.302346229553223,-13.105127334594727,-12.737359046936035,-11.952068328857422,-12.107547760009766,-12.693845748901367,-13.555437088012695,-14.478636741638184,-16.013118743896484,-16.413419723510742,-13.928401947021484,-13.139267921447754,-17.36859893798828,-20.00617790222168,-14.242481231689453,-14.221187591552734,-21.703126907348633,-22.415504455566406,-19.405675888061523,-17.965038299560547,-20.675905227661133,-22.19114112854004,-21.696447372436523,-21.3736515045166,-20.670940399169922,-17.556962966918945,-14.2004976272583,-15.121833801269531
-16.135578155517578,-14.830472946166992,-13.445910453796387,-11.907404899597168,-11.388848304748535,-12.348751068115234,-15.361588478088379,-18.248437881469727,-20.631778717041016,-19.80022430419922,-16.361072540283203,-13.34449577331543,-10.827452659606934,-14.579793930053711,-14.066877365112305,-10.576560974121094,-15.568659782409668,-15.22883129119873,-11.47308349609375,-11.558857917785645,-13.90200138092041,-13.444788932800293,-16.002458572387695,-18.39996337890625,-16.428546905517578,-13.443875312805176,-13.070005416870117,-17.91233253479004,-19.16309356689453,-14.951530456542969,-13.39384651184082,-18.598791122436523,-20.58131980895996,-21.238418579101562,-23.51972198486328,-22.684301376342773,-22.39737892150879,-22.57714080810547,-21.91070556640625,-19.95456314086914,-18.01313591003418,-18.912729263305664,-21.133405685424805
-16.73523712158203,-17.324077606201172,-16.32367706298828,-15.532381057739258,-16.79403305053711,-19.48594093322754,-20.891080856323242,-21.79436492919922,-22.035921096801758,-19.949302673339844,-15.056294441223145,-15.065155029296875,-10.99710750579834,-13.662248611450195,-14.031661033630371,-13.542661666870117,-16.28887176513672,-14.50896167755127,-13.34946060180664,-13.444865226745605,-14.822779655456543,-16.57013702392578,-16.38497543334961,-16.01910972595215,-15.107377052307129,-14.579839706420898,-14.84408950805664,-17.901927947998047,-17.713226318359375,-14.804736137390137,-14.414809226989746,-19.2226505279541,-22.709434509277344,-22.34697723388672,-22.87472915649414,-20.578433990478516,-18.71007537841797,-18.761314392089844,-19.80897331237793,-21.3006534576416,-21.303071975708008,-21.829864501953125,-19.936399459838867
-15.482704162597656,-17.336854934692383,-19.208532333374023,-19.738067626953125,-19.602251052856445,-21.048229217529297,-20.089496612548828,-20.334440231323242,-22.253055572509766,-19.537044525146484,-14.260347366333008,-10.717606544494629,-11.962606430053711,-11.601311683654785,-12.709379196166992,-14.210410118103027,-12.930243492126465,-14.464232444763184,-16.989727020263672,-14.695850372314453,-12.707036018371582,-15.735920906066895,-17.1094913482666,-16.451194763183594,-16.826154708862305,-17.234798431396484,-19.01424217224121,-19.452381134033203,-16.990447998046875,-15.509430885314941,-15.544027328491211,-20.771013259887695,-22.649744033813477,-20.27577018737793,-19.746524810791016,-17.531253814697266,-15.675561904907227,-15.111181259155273,-14.114916801452637,-15.600156784057617,-16.99793243408203,-17.217302322387695,-19.330167770385742
-14.54011058807373,-17.396007537841797,-19.480817794799805,-20.308141708374023,-19.050334930419922,-18.46499252319336,-19.681543350219727,-20.978105545043945,-20.798913955688477,-19.051288604736328,-14.533707618713379,-14.72569751739502,-14.346630096435547,-12.000276565551758,-11.81812572479248,-11.804939270019531,-15.041523933410645,-19.868452072143555,-20.0092830657959,-15.00178050994873,-12.270354270935059,-14.725369453430176,-17.183837890625,-16.276790618896484,-17.743921279907227,-18.868867874145508,-16.7401123046875,-14.338558197021484,-15.654324531555176,-17.41888427734375,-17.050832748413086,-19.286771774291992,-18.951961517333984,-17.891326904296875,-18.340246200561523,-19.51833724975586,-19.844953536987305,-17.247600555419922,-13.322409629821777,-10.843944549560547,-16.2296142578125,-16.320476531982422,-17.343095779418945
-14.93111515045166,-14.62033462524414,-18.124282836914062,-19.216163635253906,-19.758630752563477,-19.256677627563477,-19.79421043395996,-20.77259063720703,-18.71786880493164,-14.296141624450684,-10.313693046569824,-12.879251480102539,-15.386314392089844,-14.319332122802734,-11.524641990661621,-13.448624610900879,-16.992525100708008,-17.35078239440918,-16.376354217529297,-15.214249610900879,-14.826748847961426,-15.612334251403809,-16.71221160888672,-14.511687278747559,-13.493967056274414,-15.918854713439941,-16.033615112304688,-15.0381498336792,-15.564924240112305,-18.095748901367188,-18.460575103759766,-15.761481285095215,-14.510075569152832,-15.21521282196045,-19.67864990234375,-24.01885414123535,-23.462797164916992,-19.79448890686035,-18.747642517089844,-19.710262298583984,-18.889013290405273,-18.509685516357422,-20.790773391723633
-16.66329574584961,-14.113515853881836,-14.213922500610352,-15.728405952453613,-16.91389274597168,-16.411706924438477,-15.865100860595703,-16.476045608520508,-16.14857292175293,-14.334973335266113,-12.651443481445312,-13.022041320800781,-15.552947044372559,-15.61361026763916,-13.630759239196777,-13.206751823425293,-14.243645668029785,-14.23554801940918,-13.4977445602417,-14.429925918579102,-15.305419921875,-16.414159774780273,-16.38945960998535,-14.030698776245117,-13.394765853881836,-14.862083435058594,-16.419906616210938,-16.572933197021484,-16.36036491394043,-17.2041015625,-17.13553237915039,-15.08374309539795,-15.040139198303223,-13.975671768188477,-17.7224063873291,-20.21540069580078,-19.722082138061523,-19.36587905883789,-20.27466583251953,-20.249679565429688,-18.74666976928711,-16.670372009277344,-15.933184623718262
-15.129579544067383,-14.97606372833252,-14.476412773132324,-15.708309173583984,-15.67090129852295,-12.967323303222656,-13.495607376098633,-15.21217155456543,-17.31646728515625,-17.480512619018555,-15.759434700012207,-13.522411346435547,-11.229625701904297,-14.04647445678711,-17.87595558166504,-13.938732147216797,-10.580860137939453,-14.586751937866211,-15.199987411499023,-14.516420364379883,-14.683003425598145,-15.420478820800781,-15.175333976745605,-14.986586570739746,-15.995116233825684,-16.493589401245117,-16.22818946838379,-16.747438430786133,-16.83357810974121,-15.0930814743042,-14.398351669311523,-16.387746810913086,-20.055335998535156,-17.984638214111328,-16.076120376586914,-18.384366989135742,-18.31357765197754,-18.651630401611328,-19.97209930419922,-18.284149169921875,-15.61740493774414,-15.467799186706543,-14.324405670166016
-14.682497024536133,-15.939949035644531,-15.372047424316406,-15.65881061553955,-14.854320526123047,-14.049930572509766,-15.148160934448242,-15.187074661254883,-11.918684005737305,-14.43740177154541,-13.190776824951172,-13.671384811401367,-13.222978591918945,-14.155014038085938,-15.029383659362793,-13.263652801513672,-11.699097633361816,-13.974068641662598,-16.063640594482422,-14.2239990234375,-13.603375434875488,-15.956457138061523,-15.08153247833252,-15.89480972290039,-17.209693908691406,-17.075471878051758,-15.397541999816895,-15.499139785766602,-17.286466598510742,-16.42436981201172,-15.134071350097656,-15.69754409790039,-18.607135772705078,-19.635343551635742,-17.650836944580078,-16.175615310668945,-14.573601722717285,-16.357683181762695,-19.673097610473633,-17.47317886352539,-13.213155746459961,-13.653755187988281,-15.378111839294434
-15.134272575378418,-16.73459815979004,-16.301355361938477,-12.981208801269531,-13.174572944641113,-16.361648559570312,-16.46076774597168,-15.616782188415527,-13.31826114654541,-11.961854934692383,-11.627973556518555,-12.124981880187988,-13.126670837402344,-14.147197723388672,-13.002449035644531,-11.52875804901123,-11.95244312286377,-12.383574485778809,-12.952961921691895,-14.658432006835938,-15.570773124694824,-14.799582481384277,-13.596959114074707,-16.071292877197266,-17.81363296508789,-16.939075469970703,-13.075921058654785,-13.37275505065918,-17.26658821105957,-16.47539710998535,-15.574237823486328,-15.49106216430664,-15.430185317993164,-18.07025146484375,-18.0615291595459,-15.342114448547363,-13.734077453613281,-15.196226119995117,-18.007282257080078,-16.90315818786621,-15.348288536071777,-12.331323623657227,-13.481978416442871
-14.518889427185059,-16.019514083862305,-16.922609329223633,-13.994489669799805,-11.22557544708252,-13.137430191040039,-13.907711029052734,-13.849868774414062,-13.360718727111816,-13.2560453414917,-11.988094329833984,-12.179716110229492,-13.711992263793945,-13.626508712768555,-13.340425491333008,-14.392091751098633,-15.623885154724121,-13.62619686126709,-11.589017868041992,-13.564854621887207,-15.84299087524414,-17.75567626953125,-16.391530990600586,-13.373189926147461,-14.222789764404297,-15.12723445892334,-13.710036277770996,-12.831506729125977,-14.572286605834961,-15.065011024475098,-16.15980339050293,-16.360305786132812,-14.772216796875,-13.235705375671387,-12.723556518554688,-14.857723236083984,-20.771202087402344,-15.440335273742676,-15.494258880615234,-16.65032386779785,-15.770668983459473,-14.858394622802734,-13.656713485717773
-14.23741626739502,-14.51844310760498,-15.751493453979492,-15.223556518554688,-13.30564022064209,-10.341920852661133,-12.631290435791016,-14.940369606018066,-15.004705429077148,-12.896570205688477,-12.323936462402344,-13.038243293762207,-12.642946243286133,-13.47799301147461,-14.29256534576416,-12.857757568359375,-12.981588363647461,-15.356201171875,-14.493643760681152,-11.924450874328613,-13.832693099975586,-15.758861541748047,-16.307294845581055,-15.563249588012695,-15.117506980895996,-14.210103988647461,-16.596702575683594,-15.732577323913574,-12.51772403717041,-15.93990707397461,-16.939037322998047,-14.03319263458252,-13.201394081115723,-13.639519691467285,-14.789297103881836,-18.90096092224121,-18.83390998840332,-15.197416305541992,-15.578812599182129,-16.695194244384766,-15.179104804992676,-15.883647918701172,-15.665384292602539
-13.196878433227539,-13.431720733642578,-15.000398635864258,-14.974699020385742,-12.814288139343262,-10.581923484802246,-10.703348159790039,-12.996726036071777,-12.20836067199707,-10.946582794189453,-11.069665908813477,-12.315449714660645,-12.63554573059082,-12.860428810119629,-12.955333709716797,-12.184636116027832,-10.669166564941406,-10.443184852600098,-13.537217140197754,-15.235578536987305,-14.630134582519531,-14.687201499938965,-15.97181224822998,-15.113195419311523,-14.068854331970215,-15.310433387756348,-17.344619750976562,-16.617589950561523,-13.252294540405273,-12.318940162658691,-15.225428581237793,-14.64017391204834,-14.86166000366211,-15.400083541870117,-15.310575485229492,-16.881765365600586,-17.250947952270508,-15.389256477355957,-16.288192749023438,-15.892069816589355,-14.530162811279297,-15.875638008117676,-16.137834548950195
-12.897710800170898,-12.950345039367676,-13.754676818847656,-15.14029598236084,-13.466631889343262,-10.685493469238281,-11.507908821105957,-10.714993476867676,-11.131514549255371,-11.874261856079102,-13.01037311553955,-11.991416931152344,-10.948579788208008,-9.81228256225586,-11.013924598693848,-13.297171592712402,-11.567957878112793,-9.062275886535645,-11.195527076721191,-14.090002059936523,-13.429914474487305,-12.928533554077148,-13.771812438964844,-14.419822692871094,-14.920343399047852,-15.644582748413086,-15.84559154510498,-15.196355819702148,-15.135852813720703,-15.477252006530762,-14.204933166503906,-13.378449440002441,-13.172380447387695,-14.54748249053955,-15.312807083129883,-15.926092147827148,-16.447629928588867,-16.385509490966797,-15.550883293151855,-14.117358207702637,-14.031627655029297,-14.960160255432129,-15.978988647460938
-15.523199081420898,-15.3294095993042,-14.614791870117188,-14.844351768493652,-15.071081161499023,-12.664999961853027,-10.481169700622559,-10.832451820373535,-10.904537200927734,-12.855558395385742,-12.984848022460938,-11.459009170532227,-11.92310905456543,-13.570806503295898,-13.280845642089844,-12.599648475646973,-12.282505989074707,-12.726292610168457,-12.47122859954834,-10.649048805236816,-11.599788665771484,-13.407047271728516,-14.893647193908691,-15.693317413330078,-16.260269165039062,-14.660359382629395,-12.15900993347168,-13.107834815979004,-15.553110122680664,-15.594510078430176,-14.763410568237305,-12.974342346191406,-12.997549057006836,-16.643423080444336,-17.11728858947754,-15.719428062438965,-15.798857688903809,-15.409428596496582,-14.339723587036133,-14.878850936889648,-14.31247615814209,-13.611068725585938,-15.083229064941406
-20.289737701416016,-19.20199966430664,-16.76003074645996,-16.31838607788086,-15.750975608825684,-13.1407470703125,-10.697853088378906,-10.442930221557617,-10.021374702453613,-10.71457290649414,-11.564176559448242,-12.498978614807129,-14.19611930847168,-12.87739086151123,-9.719808578491211,-10.812715530395508,-15.571869850158691,-15.92080307006836,-12.90972900390625,-10.977584838867188,-12.57780647277832,-13.261655807495117,-13.66592788696289,-12.139168739318848,-14.701315879821777,-13.142468452453613,-8.954371452331543,-12.158885955810547,-15.89920711517334,-12.593352317810059,-13.37579345703125,-15.34014892578125,-15.246255874633789,-15.95789623260498,-16.01137924194336,-15.984533309936523,-17.383630752563477,-16.060026168823242,-14.154524803161621,-15.125984191894531,-14.073738098144531,-12.809409141540527,-13.580549240112305
