data/wind_data/wind_34_2.json
{"header": {"parameterUnit": "KT", "parameterCategory": 2, "nx": 256, "ny": 198, "lo1": 44.73521041870117, "la1": -3.236724853515625, "lo2": 111.26478576660156, "la2": 43.468475341796875, "dx": 0.2609002888202667, "dy": -0.23708222806453705, "refTime": "2025-02-20 10:00:00", "forecastTime": 0, "parameterNumber": 2, "parameterNumberName": "eastward_wind"}, "data":
[rows 57 to 75 of 198, columns 86 to 128 of 256]
-14.734119415283203,-14.74914264678955,-14.745200157165527,-14.54926586151123,-14.776780128479004,-14.38475513458252,-13.702018737792969,-13.213690757751465,-12.15976333618164,-11.586030006408691,-10.638580322265625,-7.553874969482422,-8.834344863891602,-7.337950706481934,-4.741382122039795,-5.80336856842041,-4.79760217666626,-3.868265151977539,-2.0721750259399414,-3.4365005493164062,-3.3768703937530518,-3.2400636672973633,-3.3835010528564453,-3.2360737323760986,-2.8727424144744873,-1.4613356590270996,-0.5091168284416199,-0.5905104875564575,-0.5491509437561035,-0.9149683713912964,-0.12093883752822876,1.7284574508666992,4.269347190856934,4.3864240646362305,6.190794467926025,-1.7229171991348267,-11.152233123779297,-9.61449909210205,-10.918622016906738,-10.336395263671875,-8.143145561218262,-8.583242416381836,-11.86184024810791
-15.632355690002441,-16.193580627441406,-15.907997131347656,-15.273334503173828,-15.298930168151855,-15.112375259399414,-14.155363082885742,-13.866677284240723,-13.230231285095215,-12.708571434020996,-12.5060453414917,-11.032608032226562,-9.06620979309082,-9.254491806030273,-8.32345199584961,-6.0991740226745605,-5.302148342132568,-4.137790679931641,-3.575784921646118,-1.8583073616027832,-3.5300815105438232,-3.1209583282470703,-2.404768228530884,-2.7783286571502686,-2.393666982650757,-1.5597710609436035,-0.23514552414417267,0.07602463662624359,0.19227534532546997,-0.834953248500824,0.8643022179603577,4.181526184082031,10.62112808227539,9.432510375976562,-4.217126846313477,-10.699847221374512,-10.042675971984863,-11.131181716918945,-12.868667602539062,-11.535382270812988,-8.873003005981445,-8.956934928894043,-11.959659576416016
-16.3035888671875,-16.64827537536621,-16.392000198364258,-15.55355453491211,-15.600044250488281,-15.358402252197266,-14.571667671203613,-14.082537651062012,-13.717324256896973,-13.360410690307617,-12.369278907775879,-11.068365097045898,-8.522943496704102,-9.826606750488281,-8.77786922454834,-7.348199844360352,-6.396622657775879,-5.021800994873047,-3.3466575145721436,-3.1642677783966064,-3.259455680847168,-2.8129618167877197,-2.4117438793182373,-1.598693609237671,-0.9665742516517639,-1.4559669494628906,-0.5046049952507019,0.3606279790401459,0.7920580506324768,0.22017799317836761,2.6880602836608887,3.8992199897766113,8.122735023498535,2.9071338176727295,-13.860993385314941,-8.634115219116211,-11.337833404541016,-11.080129623413086,-12.733119010925293,-12.119297981262207,-11.576786994934082,-11.232089042663574,-12.670207977294922
-16.271116256713867,-16.725372314453125,-16.55630111694336,-15.206615447998047,-14.095820426940918,-14.01625919342041,-12.962940216064453,-12.597405433654785,-11.9508695602417,-11.71178913116455,-10.419148445129395,-11.084456443786621,-10.7388916015625,-9.620203971862793,-8.424365997314453,-7.067255973815918,-7.26685094833374,-6.060177326202393,-6.05648946762085,-4.871445655822754,-3.6088924407958984,-2.705756187438965,-1.9713032245635986,-0.44670969247817993,0.03474615514278412,-0.6099593639373779,-0.5038647651672363,0.07149211317300797,1.346071720123291,2.4670281410217285,3.8906924724578857,9.966256141662598,10.300581932067871,-4.039485931396484,-10.64548110961914,-8.290087699890137,-9.70629596710205,-8.754530906677246,-10.045016288757324,-11.563715934753418,-13.672553062438965,-12.814723014831543,-12.36882495880127
-16.137468338012695,-16.166702270507812,-15.599987983703613,-13.314658164978027,-11.597119331359863,-12.178985595703125,-10.512652397155762,-10.719019889831543,-8.876713752746582,-9.10790729522705,-9.008125305175781,-8.423100471496582,-8.195239067077637,-7.9709062576293945,-6.442944526672363,-4.006158828735352,-5.540889739990234,-6.586472988128662,-6.280914306640625,-5.7913594245910645,-4.841250896453857,-3.670421838760376,-2.269033908843994,-0.5588828921318054,0.3564731776714325,0.483076810836792,0.5782938003540039,0.6789653897285461,1.5177267789840698,2.6933743953704834,2.164407968521118,9.324243545532227,11.488114356994629,-3.3873064517974854,-10.539188385009766,-8.173053741455078,-9.303770065307617,-8.540118217468262,-8.962091445922852,-10.1410493850708,-12.340703010559082,-12.41946029663086,-12.2930326461792
-15.433600425720215,-15.51603889465332,-14.609183311462402,-12.890006065368652,-13.076285362243652,-12.738898277282715,-12.256315231323242,-11.763795852661133,-10.708270072937012,-9.838234901428223,-8.078985214233398,-6.256861686706543,-5.9224772453308105,-6.062356472015381,-4.781003475189209,-4.1076555252075195,-2.251549005508423,-3.2030253410339355,-4.00411319732666,-4.448073863983154,-4.669951915740967,-3.8288185596466064,-2.461033821105957,-0.8881833553314209,0.3699294626712799,0.11669249087572098,0.3944457173347473,0.432554692029953,1.5638738870620728,2.6891238689422607,7.607355117797852,12.668543815612793,9.4923677444458,-5.526763439178467,-7.96010160446167,-9.074542045593262,-8.044869422912598,-8.644104957580566,-8.291794776916504,-9.497014045715332,-10.066184043884277,-11.807186126708984,-12.647666931152344
-15.017485618591309,-15.103087425231934,-14.713579177856445,-14.063623428344727,-13.393568992614746,-13.37476921081543,-12.974645614624023,-12.332010269165039,-11.620854377746582,-10.85899543762207,-10.43729019165039,-10.026179313659668,-8.590835571289062,-7.262790679931641,-6.351019382476807,-5.308612823486328,-5.548778057098389,-4.1745500564575195,-2.281240940093994,-2.1780951023101807,-3.944023609161377,-3.9048643112182617,-3.3581690788269043,-0.3374764025211334,-0.09400615841150284,0.5857747793197632,0.9872556328773499,0.6562356352806091,1.8696340322494507,2.0699572563171387,7.851451873779297,11.60984992980957,5.186040878295898,-8.805214881896973,-6.482975482940674,-8.93038272857666,-7.5178141593933105,-8.496895790100098,-8.17694091796875,-9.146100044250488,-9.199527740478516,-10.822169303894043,-11.708958625793457
-14.555941581726074,-14.687748908996582,-14.910798072814941,-14.747899055480957,-14.519293785095215,-14.67085075378418,-14.10068130493164,-13.381741523742676,-12.649910926818848,-11.696603775024414,-10.537259101867676,-10.231287956237793,-9.95984172821045,-9.86325740814209,-9.0054292678833,-7.888267993927002,-6.540175437927246,-5.8269219398498535,-5.104497909545898,-3.172271251678467,-2.5648553371429443,-2.970637559890747,-2.5790486335754395,-1.7054762840270996,-1.2354751825332642,-0.22411026060581207,0.9488920569419861,0.7153564691543579,1.984840750694275,0.936427652835846,7.201054096221924,10.407176971435547,-1.42691171169281,-7.8628997802734375,-6.551372051239014,-8.224102020263672,-7.544785022735596,-8.485174179077148,-8.52167797088623,-9.519377708435059,-9.564507484436035,-10.513175964355469,-11.043442726135254
-14.034037590026855,-14.07935619354248,-14.356098175048828,-14.542654991149902,-14.742181777954102,-15.124300956726074,-14.743475914001465,-13.891688346862793,-13.212646484375,-12.634190559387207,-12.075723648071289,-11.633142471313477,-11.005776405334473,-10.087638854980469,-8.969775199890137,-7.791744709014893,-6.680438995361328,-5.4836835861206055,-4.288415431976318,-2.355855941772461,0.07593376189470291,-1.8124804496765137,-1.7896380424499512,-1.3564324378967285,-1.0038836002349854,-0.7896296381950378,-0.2967519760131836,0.5670458674430847,2.5128962993621826,2.0658977031707764,5.292324542999268,7.023681163787842,-8.518548965454102,-5.050685405731201,-7.882566452026367,-7.317338943481445,-8.338497161865234,-8.489933967590332,-9.05749797821045,-9.079916954040527,-10.275989532470703,-11.265661239624023,-11.40468692779541
-13.758075714111328,-13.851346015930176,-13.794700622558594,-13.751829147338867,-14.0737943649292,-14.597024917602539,-14.506546020507812,-13.899242401123047,-13.371967315673828,-12.820160865783691,-12.379961967468262,-12.08652114868164,-11.657217979431152,-10.954876899719238,-9.96131706237793,-8.790602684020996,-7.483651161193848,-6.127022743225098,-4.9349775314331055,-3.917614698410034,-2.6604766845703125,-0.9034857749938965,0.47348636388778687,-1.0194820165634155,-0.3901399075984955,-0.7721685171127319,-1.93013334274292,0.4236428737640381,0.16833405196666718,4.154757499694824,11.506375312805176,1.5370603799819946,-7.391648769378662,-4.2935614585876465,-8.867513656616211,-7.146413326263428,-7.789218902587891,-8.179741859436035,-9.274303436279297,-9.79166030883789,-10.255070686340332,-11.58613109588623,-11.855427742004395
-13.769795417785645,-13.878498077392578,-13.545498847961426,-13.427396774291992,-13.794808387756348,-14.234739303588867,-14.353633880615234,-14.061201095581055,-13.528148651123047,-12.968302726745605,-12.54465389251709,-12.284552574157715,-11.976784706115723,-11.423487663269043,-10.611356735229492,-9.488874435424805,-8.093901634216309,-6.60140323638916,-5.199943542480469,-3.8145973682403564,-2.4967739582061768,-1.292464256286621,-0.33645564317703247,-0.7898000478744507,-0.8944579362869263,-1.2370885610580444,-2.5182852745056152,0.25636646151542664,-0.011255393736064434,5.5497727394104,7.719723224639893,-9.548151016235352,-2.9857516288757324,-6.99948787689209,-6.2920942306518555,-8.147111892700195,-6.802975177764893,-8.704670906066895,-9.050415992736816,-10.371402740478516,-10.10232925415039,-11.478925704956055,-11.78416633605957
-13.5430326461792,-13.657793045043945,-13.355520248413086,-13.423813819885254,-13.699984550476074,-13.937353134155273,-14.025744438171387,-14.026159286499023,-13.773551940917969,-13.18836498260498,-12.659149169921875,-12.324124336242676,-11.993857383728027,-11.541399002075195,-10.86618709564209,-9.840937614440918,-8.491174697875977,-7.01689338684082,-5.641045093536377,-4.242438316345215,-2.624112367630005,-1.1821109056472778,-0.3782567083835602,-0.6803677678108215,-2.0831360816955566,-2.76589298248291,-2.9542713165283203,-1.7150319814682007,0.027359653264284134,5.0203328132629395,2.724348783493042,-8.900745391845703,-3.2203218936920166,-6.476337432861328,-5.2052388191223145,-8.223960876464844,-7.092086315155029,-8.416224479675293,-9.036442756652832,-10.186328887939453,-9.880674362182617,-11.049675941467285,-11.284077644348145
-12.993228912353516,-13.284212112426758,-13.550503730773926,-14.000242233276367,-14.13293743133545,-14.106127738952637,-14.11527156829834,-14.06840705871582,-13.746529579162598,-13.220868110656738,-12.755964279174805,-12.42624568939209,-12.153493881225586,-11.788352966308594,-11.145854949951172,-10.129294395446777,-8.834287643432617,-7.450015068054199,-6.035982608795166,-4.556653022766113,-2.998967170715332,-1.7263362407684326,-1.397207498550415,-2.242112874984741,-3.289076328277588,-3.6418652534484863,-3.3693175315856934,-2.679100275039673,-0.538221538066864,5.75605583190918,-3.7921831607818604,-4.9630255699157715,-5.460259914398193,-4.927574634552002,-4.949289321899414,-6.955025672912598,-6.928437232971191,-8.11596965789795,-8.381391525268555,-9.367215156555176,-9.721250534057617,-10.185601234436035,-10.27189826965332
-12.525331497192383,-13.100756645202637,-13.812187194824219,-14.406604766845703,-14.561001777648926,-14.518279075622559,-14.416023254394531,-14.180713653564453,-13.646662712097168,-12.945493698120117,-12.343854904174805,-11.97354793548584,-11.808889389038086,-11.658676147460938,-11.28123664855957,-10.503047943115234,-9.344487190246582,-7.955564498901367,-6.505796909332275,-5.003557205200195,-3.6677353382110596,-3.0720126628875732,-3.6137421131134033,-4.34192419052124,-4.23728609085083,-3.4181461334228516,-3.6637229919433594,-2.5822701454162598,4.76676082611084,4.585747241973877,-6.917889595031738,-3.0254814624786377,-5.657347202301025,-4.800093650817871,-4.406459808349609,-5.0285725593566895,-6.450992107391357,-6.6504225730896,-7.681520462036133,-8.385781288146973,-8.893852233886719,-9.502280235290527,-8.846707344055176
-12.281340599060059,-12.916544914245605,-13.629912376403809,-14.161581993103027,-14.503530502319336,-14.617975234985352,-14.52273941040039,-14.202031135559082,-13.592801094055176,-12.770088195800781,-12.022294998168945,-11.548730850219727,-11.355134010314941,-11.272111892700195,-11.05131721496582,-10.545360565185547,-9.686277389526367,-8.472198486328125,-7.029795169830322,-5.464353561401367,-4.254887580871582,-4.296752452850342,-5.580299377441406,-5.900590896606445,-4.340120792388916,-1.8675471544265747,-0.7319554090499878,6.796231269836426,8.922490119934082,-3.638312578201294,-4.580258369445801,-3.247105836868286,-5.5638861656188965,-4.675288200378418,-5.03722620010376,-4.1545634269714355,-5.519054889678955,-5.789129734039307,-7.213000297546387,-6.42047643661499,-7.662794589996338,-8.310714721679688,-7.578305244445801
-11.911145210266113,-12.391196250915527,-12.932275772094727,-13.485468864440918,-13.958151817321777,-14.283409118652344,-14.371427536010742,-14.187295913696289,-13.579869270324707,-12.639920234680176,-11.735607147216797,-11.154572486877441,-10.934226989746094,-10.857510566711426,-10.662920951843262,-10.204645156860352,-9.403179168701172,-8.44016170501709,-7.403661251068115,-5.913272380828857,-4.3499064445495605,-4.312918186187744,-5.8643412590026855,-6.035619258880615,-3.6853270530700684,-0.16530433297157288,1.6576040983200073,8.394113540649414,11.6882905960083,-4.537932395935059,-3.3902058601379395,-4.255859375,-4.043985843658447,-4.812756538391113,-5.57524299621582,-4.628880500793457,-3.879699945449829,-6.613327980041504,-6.225961208343506,-5.457258701324463,-6.779709815979004,-6.8246331214904785,-6.188333034515381
-11.302799224853516,-11.67505931854248,-12.04550552368164,-12.491252899169922,-13.052830696105957,-13.616825103759766,-13.970660209655762,-13.990873336791992,-13.493721961975098,-12.55008602142334,-11.506433486938477,-10.80943489074707,-10.56253433227539,-10.546730995178223,-10.459814071655273,-10.039043426513672,-9.044662475585938,-7.737999439239502,-6.874342918395996,-6.120855808258057,-4.591501712799072,-3.241619110107422,-3.5462217330932617,-3.689258098602295,-2.054182767868042,0.5643530488014221,3.096592426300049,9.755841255187988,2.9422852993011475,-5.059971809387207,-3.0530903339385986,-3.8417582511901855,-3.8423821926116943,-4.165900707244873,-5.112626552581787,-4.831798553466797,-4.243622779846191,-6.144953727722168,-5.9886794090271,-5.861557960510254,-5.987714767456055,-5.689517021179199,-5.2075347900390625
-10.725735664367676,-10.988443374633789,-11.234477996826172,-11.579096794128418,-12.157638549804688,-12.833786964416504,-13.332006454467773,-13.495878219604492,-13.161456108093262,-12.291522026062012,-11.222282409667969,-10.447857856750488,-10.156996726989746,-10.195049285888672,-10.263712882995605,-10.026836395263672,-9.106852531433105,-7.503975868225098,-5.964269638061523,-4.988565921783447,-3.9051384925842285,-1.9068241119384766,0.12594924867153168,0.8101381659507751,0.833978533744812,3.9931671619415283,5.0937819480896,8.88592529296875,-5.932888984680176,-1.4869353771209717,-5.37062406539917,-3.241948127746582,-4.549742221832275,-3.510300636291504,-4.508224010467529,-4.672397136688232,-4.231326103210449,-5.579166889190674,-6.083622932434082,-5.749270915985107,-5.012814521789551,-5.204617977142334,-4.044870853424072
-10.09532356262207,-10.308133125305176,-10.602012634277344,-11.044523239135742,-11.710905075073242,-12.390461921691895,-12.844537734985352,-13.040836334228516,-12.833333015441895,-12.091983795166016,-11.126049995422363,-10.358833312988281,-9.953811645507812,-9.92813491821289,-10.075395584106445,-9.976380348205566,-9.159896850585938,-7.625428199768066,-5.768885135650635,-3.9660444259643555,-2.4284329414367676,-0.6889182925224304,1.7449263334274292,4.593091011047363,3.7787859439849854,6.268209934234619,10.849614143371582,-1.2562443017959595,-3.0800514221191406,-4.2654266357421875,-4.092566013336182,-5.187122344970703,-4.6867475509643555,-5.1939616203308105,-4.428962707519531,-4.593281269073486,-4.226146697998047,-5.147027015686035,-4.966618061065674,-4.8202595710754395,-4.258073329925537,-3.674736261367798,-2.769702196121216
