data/wind_data/wind_57_6.json
{"header": {"parameterUnit": "KT", "parameterCategory": 2, "nx": 256, "ny": 198, "lo1": 44.73521041870117, "la1": -3.236724853515625, "lo2": 111.26478576660156, "la2": 43.468475341796875, "dx": 0.2609002888202667, "dy": -0.23708222806453705, "refTime": "2025-02-21 09:00:00", "forecastTime": 0, "parameterNumber": 2, "parameterNumberName": "eastward_wind"}, "data":
[rows 80 to 99 of 198, columns 90 to 134 of 256]
42.673500061035156,42.581146240234375,42.532718658447266,42.40933609008789,42.235416412353516,42.09170150756836,42.02511978149414,41.99717330932617,41.90389633178711,41.70402908325195,41.41759490966797,41.061256408691406,40.733299255371094,40.584556579589844,40.64451599121094,40.848697662353516,41.01789093017578,41.090518951416016,41.007781982421875,41.01530075073242,41.60810089111328,41.6968994140625,41.51643753051758,41.663063049316406,41.84137725830078,41.84870147705078,41.87343215942383,42.02093505859375,42.27566146850586,42.70243835449219,43.2505989074707,43.73551559448242,44.121089935302734,44.36433792114258,44.527984619140625,44.62006378173828,44.686546325683594,44.86687088012695,45.15464401245117,45.63303756713867,46.3625602722168,47.077335357666016,47.550079345703125,47.810302734375,47.93956756591797
44.79374694824219,44.582420349121094,44.47682189941406,44.354896545410156,44.18034744262695,43.983497619628906,43.82487106323242,43.74367904663086,43.70520782470703,43.63603210449219,43.474063873291016,43.199302673339844,42.9193000793457,42.762081146240234,42.79517364501953,43.0633430480957,43.402061462402344,43.67390441894531,43.926177978515625,43.853511810302734,44.054344177246094,44.465579986572266,44.416160583496094,44.490577697753906,44.51578140258789,44.40598678588867,44.3372802734375,44.33970642089844,44.4450569152832,44.70432662963867,45.165348052978516,45.68817901611328,46.19525909423828,46.68927764892578,47.12971496582031,47.46147155761719,47.60489273071289,47.62363815307617,47.69522476196289,47.870269775390625,48.25705337524414,48.923336029052734,49.53837203979492,49.9615364074707,50.30050277709961
47.38485336303711,47.17716979980469,47.01755905151367,46.838531494140625,46.642818450927734,46.41640090942383,46.14356231689453,45.89040756225586,45.73545837402344,45.6782341003418,45.620758056640625,45.417293548583984,45.09202194213867,44.84297180175781,44.75341033935547,44.87551498413086,45.18624496459961,45.53969955444336,46.10457992553711,46.57231521606445,46.709781646728516,47.0178337097168,47.17639923095703,47.275875091552734,47.21871566772461,46.98490524291992,46.816829681396484,46.75200271606445,46.82004928588867,47.02242660522461,47.33941650390625,47.738887786865234,48.136329650878906,48.54793167114258,49.021488189697266,49.5827751159668,50.118568420410156,50.45317459106445,50.628231048583984,50.7404899597168,50.88397216796875,51.264713287353516,51.7850227355957,52.22081756591797,52.59500503540039
49.56904602050781,49.46947479248047,49.41998291015625,49.356727600097656,49.30062484741211,49.24989318847656,49.116512298583984,48.87059020996094,48.61583709716797,48.449729919433594,48.36096954345703,48.209896087646484,47.877464294433594,47.49699020385742,47.262611389160156,47.1810302734375,47.22613525390625,47.373050689697266,47.777801513671875,48.52849197387695,49.07664108276367,49.30355453491211,49.5378532409668,49.6798210144043,49.58555603027344,49.299034118652344,49.01374053955078,48.83637619018555,48.82600021362305,49.026275634765625,49.385643005371094,49.81251907348633,50.236148834228516,50.62504577636719,51.063053131103516,51.59724807739258,52.23019027709961,52.86769485473633,53.27403259277344,53.452274322509766,53.59187698364258,53.866455078125,54.26983642578125,54.662147521972656,55.02799606323242
51.14128494262695,51.03943634033203,50.96628952026367,50.94074630737305,51.00493621826172,51.184268951416016,51.40525436401367,51.528358459472656,51.489906311035156,51.34917449951172,51.170982360839844,50.98356246948242,50.714481353759766,50.323036193847656,49.956520080566406,49.73725891113281,49.53841018676758,49.39079666137695,49.534420013427734,50.136474609375,50.87256622314453,51.2225341796875,51.48344039916992,51.7011604309082,51.69140625,51.51306915283203,51.21451187133789,50.911014556884766,50.754878997802734,50.81613540649414,51.0858154296875,51.51511001586914,52.03166961669922,52.573265075683594,53.14683532714844,53.7860221862793,54.472816467285156,55.184349060058594,55.75357437133789,56.04739761352539,56.221160888671875,56.49177932739258,56.868526458740234,57.197689056396484,57.51139831542969
52.472171783447266,52.359153747558594,52.171382904052734,52.00102615356445,51.94871139526367,52.0682373046875,52.364532470703125,52.74986267089844,53.06551742553711,53.20792007446289,53.17329406738281,53.0171012878418,52.82080841064453,52.584415435791016,52.26511764526367,52.013431549072266,51.74980163574219,51.3134880065918,51.110252380371094,51.47957229614258,52.131534576416016,52.59994125366211,52.936893463134766,53.194034576416016,53.29048156738281,53.24699401855469,53.111446380615234,52.9395866394043,52.799922943115234,52.7603759765625,52.8798942565918,53.16240310668945,53.587337493896484,54.164573669433594,54.84840774536133,55.60985565185547,56.43412780761719,57.20924758911133,57.82575225830078,58.26984786987305,58.61123275756836,58.99121856689453,59.42141342163086,59.733978271484375,59.98176574707031
53.653053283691406,53.57503890991211,53.37648010253906,53.13969039916992,52.973968505859375,52.92636489868164,53.02848815917969,53.31002426147461,53.70915603637695,54.08304214477539,54.32037353515625,54.372711181640625,54.274208068847656,54.14143371582031,53.96615219116211,53.76652908325195,53.63581466674805,53.266658782958984,52.72003936767578,52.61125183105469,52.97572326660156,53.422515869140625,53.866615295410156,54.24935531616211,54.428619384765625,54.370521545410156,54.2490234375,54.21524429321289,54.268157958984375,54.399696350097656,54.60015869140625,54.84728240966797,55.1788215637207,55.65500259399414,56.312034606933594,57.11066818237305,58.00720977783203,58.86738967895508,59.552066802978516,60.0906867980957,60.639625549316406,61.2454833984375,61.7943115234375,62.13412094116211,62.31607437133789
54.9148063659668,54.85206985473633,54.71685791015625,54.56741714477539,54.446353912353516,54.32941818237305,54.247962951660156,54.30915069580078,54.582462310791016,54.99324035644531,55.38629913330078,55.63883972167969,55.706398010253906,55.627845764160156,55.48384475708008,55.27219009399414,55.14851760864258,55.065338134765625,54.674110412597656,54.2049446105957,54.08819580078125,54.2186164855957,54.55549621582031,55.0563850402832,55.39409255981445,55.34207534790039,55.11272430419922,55.04844665527344,55.240692138671875,55.62075424194336,56.06032180786133,56.432003021240234,56.76458740234375,57.16835021972656,57.755306243896484,58.52244567871094,59.34891128540039,60.21846389770508,61.06071090698242,61.76642990112305,62.49081039428711,63.33818054199219,64.09564971923828,64.60159301757812,64.87252044677734
56.52863311767578,56.39998245239258,56.288726806640625,56.26023483276367,56.28446578979492,56.2264404296875,56.087318420410156,56.02237319946289,56.15868377685547,56.49744415283203,56.91550827026367,57.25118637084961,57.41664505004883,57.402767181396484,57.269588470458984,57.046958923339844,56.807743072509766,56.752220153808594,56.666053771972656,56.29326629638672,55.94462966918945,55.75045394897461,55.76888656616211,56.176918029785156,56.613582611083984,56.651248931884766,56.38617706298828,56.248775482177734,56.46992874145508,56.95100021362305,57.516273498535156,57.98348617553711,58.313880920410156,58.68110275268555,59.24557113647461,59.96070861816406,60.63943099975586,61.302791595458984,62.14033126831055,63.076290130615234,64.00167846679688,64.96160125732422,65.87425994873047,66.5909423828125,67.13114929199219
58.43954086303711,58.220436096191406,58.05775833129883,58.01548767089844,58.081443786621094,58.0885009765625,57.97871017456055,57.905784606933594,57.99321365356445,58.2378044128418,58.565330505371094,58.86575698852539,59.048397064208984,59.08826446533203,59.034358978271484,58.9554557800293,58.82796096801758,58.76833724975586,58.79303741455078,58.636260986328125,58.3280143737793,57.98638153076172,57.77827453613281,57.950042724609375,58.299747467041016,58.369354248046875,58.15496826171875,57.957759857177734,58.111915588378906,58.552791595458984,59.05500411987305,59.50886535644531,59.85551452636719,60.17036819458008,60.654144287109375,61.31969451904297,61.96792221069336,62.48516845703125,63.07095718383789,63.99774932861328,65.0806884765625,66.04060363769531,66.89608001708984,67.71240234375,68.48282623291016
60.51694107055664,60.23454284667969,59.97209548950195,59.784751892089844,59.72724151611328,59.70625305175781,59.628631591796875,59.5838737487793,59.67826461791992,59.897125244140625,60.16545867919922,60.38605499267578,60.48903274536133,60.498390197753906,60.517486572265625,60.638160705566406,60.80421829223633,60.97421646118164,61.1934928894043,61.27168655395508,60.96798324584961,60.50611877441406,60.209468841552734,60.08155822753906,60.104957580566406,60.050716400146484,59.85658264160156,59.67229080200195,59.723907470703125,60.10407257080078,60.583351135253906,61.0129280090332,61.392581939697266,61.67234420776367,61.95375442504883,62.453853607177734,63.107383728027344,63.60916519165039,64.01709747314453,64.84537506103516,66.07929992675781,67.09071350097656,67.76461029052734,68.40176391601562,69.16764831542969
62.743141174316406,62.41824722290039,62.02011489868164,61.65199279785156,61.41810607910156,61.30305862426758,61.22835922241211,61.20823287963867,61.30449676513672,61.52627182006836,61.81404495239258,62.0373420715332,62.0734748840332,61.96875762939453,61.92041015625,62.09157180786133,62.45350646972656,62.82404327392578,63.182281494140625,63.47466278076172,63.37541961669922,62.87544250488281,62.46906280517578,62.14789581298828,61.80424499511719,61.513153076171875,61.26060104370117,61.0689582824707,61.05598068237305,61.368080139160156,61.92778778076172,62.54127883911133,63.08488464355469,63.492591857910156,63.729312896728516,63.96343231201172,64.35816955566406,64.73001861572266,64.89556884765625,65.41671752929688,66.8575439453125,68.42957305908203,69.28005981445312,69.60041046142578,69.91287994384766
65.02013397216797,64.68914794921875,64.18830108642578,63.71030807495117,63.38605880737305,63.21076583862305,63.141441345214844,63.152000427246094,63.248775482177734,63.4343376159668,63.65534591674805,63.796287536621094,63.749942779541016,63.55606460571289,63.39192581176758,63.435020446777344,63.74219512939453,64.15851593017578,64.57521057128906,64.99523162841797,65.19493103027344,64.94491577148438,64.53388977050781,64.26655578613281,63.91485595703125,63.48895263671875,63.11341094970703,62.787071228027344,62.61274719238281,62.73823165893555,63.214256286621094,63.958740234375,64.76830291748047,65.51512145996094,66.07019805908203,66.39027404785156,66.62056732177734,66.7229232788086,66.5104751586914,66.33219146728516,67.22676849365234,69.36314392089844,71.25836181640625,71.94828033447266,71.84613800048828
67.13314056396484,66.85328674316406,66.34911346435547,65.84657287597656,65.50896453857422,65.33586883544922,65.28270721435547,65.31425476074219,65.40291595458984,65.50013732910156,65.55579376220703,65.53009033203125,65.39961242675781,65.20443725585938,65.03492736816406,64.9813003540039,65.10520935058594,65.42681121826172,65.8777847290039,66.35611724853516,66.79550170898438,66.96066284179688,66.79019165039062,66.68592071533203,66.63790130615234,66.32958221435547,65.81835174560547,65.26581573486328,64.83951568603516,64.66634368896484,64.82633209228516,65.35619354248047,66.16795349121094,67.08704376220703,67.9487075805664,68.61090850830078,69.07527160644531,69.21857452392578,68.9889907836914,68.45858001708984,68.26231384277344,69.57673645019531,72.15569305419922,74.14024353027344,74.64594268798828
68.89926147460938,68.75936889648438,68.3739242553711,67.87747192382812,67.48908233642578,67.29669952392578,67.26309204101562,67.3031997680664,67.32127380371094,67.25221252441406,67.07544708251953,66.89051818847656,66.7990493774414,66.80310821533203,66.83558654785156,66.85724639892578,66.89301300048828,67.07859802246094,67.5182876586914,68.00125122070312,68.44835662841797,68.85076904296875,69.0162124633789,69.04397583007812,69.174072265625,69.07760620117188,68.52596282958984,67.73279571533203,67.06458282470703,66.68828582763672,66.62051391601562,66.90608215332031,67.54621124267578,68.44159698486328,69.4437484741211,70.35869598388672,71.06672668457031,71.401611328125,71.38570404052734,71.28156280517578,70.85137939453125,70.79486083984375,72.47653198242188,75.03162384033203,76.69828033447266
70.31916809082031,70.3367691040039,70.17682647705078,69.7868423461914,69.37106323242188,69.1266098022461,69.08534240722656,69.15158081054688,69.0702896118164,68.79783630371094,68.38106536865234,68.00044250488281,67.87124633789062,68.04792022705078,68.35082244873047,68.57110595703125,68.67743682861328,68.8276138305664,69.2109603881836,69.66446685791016,69.97972106933594,70.2641372680664,70.52519989013672,70.69535827636719,70.87163543701172,70.92088317871094,70.52775573730469,69.73548126220703,68.9158935546875,68.44156646728516,68.41134643554688,68.7005844116211,69.24026489257812,70.05552673339844,71.09716033935547,72.22301483154297,73.18223571777344,73.71304321289062,73.77653503417969,73.8246841430664,73.9299087524414,73.45455169677734,73.64480590820312,75.44937896728516,77.5059814453125
71.592529296875,71.64990997314453,71.7176284790039,71.55236053466797,71.22775268554688,70.94263458251953,70.80962371826172,70.76192474365234,70.59810638427734,70.21316528320312,69.69563293457031,69.21674346923828,68.94454956054688,69.01392364501953,69.34962463378906,69.6891098022461,69.94165802001953,70.17330932617188,70.53399658203125,71.01215362548828,71.3239517211914,71.46376037597656,71.58072662353516,71.77603149414062,72.05168151855469,72.22515106201172,72.02555084228516,71.42062377929688,70.61966705322266,70.01870727539062,69.99713897705078,70.44584655761719,71.0851058959961,71.88722229003906,72.88082122802734,74.05569458007812,75.21735382080078,75.99246978759766,76.18201446533203,76.07026672363281,76.20829010009766,76.16516876220703,75.64734649658203,76.07657623291016,77.62522888183594
72.96812438964844,72.93988037109375,73.1282958984375,73.22391510009766,73.11353302001953,72.91544342041016,72.66499328613281,72.3667221069336,71.9504165649414,71.41392517089844,70.87261962890625,70.48677825927734,70.23639678955078,70.08771514892578,70.1515884399414,70.43940734863281,70.81658935546875,71.23247528076172,71.69302368164062,72.1832275390625,72.59548950195312,72.84501647949219,72.88188171386719,72.92211151123047,73.22906494140625,73.5667724609375,73.52873229980469,72.98417663574219,72.16539001464844,71.52267456054688,71.4349365234375,71.95511627197266,72.76007843017578,73.57271575927734,74.4255599975586,75.4286117553711,76.56848907470703,77.51502227783203,77.94945526123047,77.93938446044922,77.85611724853516,77.8459243774414,77.43028259277344,76.98188781738281,77.54457092285156
74.57170104980469,74.49166107177734,74.68760681152344,74.9389877319336,75.06950378417969,75.02357482910156,74.74301147460938,74.18585205078125,73.44956970214844,72.69519805908203,72.08250427246094,71.73429107666016,71.53350067138672,71.26663970947266,71.03677368164062,71.14002990722656,71.60189819335938,72.21336364746094,72.82766723632812,73.34342956542969,73.72027587890625,74.05518341064453,74.2470932006836,74.25674438476562,74.3914794921875,74.7056884765625,74.83777618408203,74.40235900878906,73.55281066894531,72.8880844116211,72.81465911865234,73.37690734863281,74.23287200927734,74.96282196044922,75.55819702148438,76.25042724609375,77.17291259765625,78.15745544433594,78.83056640625,79.0738296508789,79.01853942871094,78.71040344238281,78.21577453613281,77.60457611083984,77.51397705078125
76.38455200195312,76.32383728027344,76.49913024902344,76.78811645507812,77.0282211303711,77.04954528808594,76.71064758300781,75.9967269897461,75.03607177734375,74.0965347290039,73.38543701171875,72.90593719482422,72.5694580078125,72.25157928466797,71.94725799560547,71.8978500366211,72.31375885009766,73.0933609008789,73.9168701171875,74.56632232666016,74.9182357788086,75.1510238647461,75.43164825439453,75.5947036743164,75.63164520263672,75.7412338256836,75.84554290771484,75.5726547241211,74.83781433105469,74.15606689453125,74.11824798583984,74.74171447753906,75.61014556884766,76.28547668457031,76.69171905517578,77.09002685546875,77.70893859863281,78.52210235595703,79.26565551757812,79.69493103027344,79.75055694580078,79.32332611083984,78.54590606689453,77.80914306640625,77.57245635986328
