data/wind_data/wind_2025-02-20_09.json
{"header": {"parameterUnit": "KT", "parameterCategory": 2, "nx": 255, "ny": 198, "lo1": 44.73521041870117, "la1": -3.236724853515625, "lo2": 111.26478576660156, "la2": 43.468475341796875, "dx": 0.26192745566368103, "dy": -0.23708222806453705, "refTime": "2025-02-20 09:00:00", "forecastTime": 0, "parameterNumber": 2, "parameterNumberName": "eastward_wind"}, "data":
[rows 114 to 132 of 198, columns 129 to 171 of 255]
5.647215843200684,5.359686851501465,4.129749298095703,3.566758155822754,3.270576238632202,2.3942623138427734,2.2092721462249756,2.0975520610809326,1.6598271131515503,1.2702946662902832,0.4489513337612152,-2.151974678039551,-1.5016608238220215,-0.33001264929771423,-1.5860238075256348,-1.1796401739120483,-0.8833110928535461,-0.02026771381497383,1.0236716270446777,1.2841792106628418,1.3096097707748413,1.024557113647461,0.4621020555496216,-0.15429408848285675,-0.8853806257247925,-0.992583155632019,0.28373801708221436,-0.0643019750714302,-0.9182901978492737,-0.7739576697349548,-0.5537803173065186,-0.15305858850479126,0.1294734925031662,0.9315453767776489,1.2374826669692993,1.437384009361267,1.9772942066192627,2.0522923469543457,1.9483331441879272,1.7009389400482178,1.322707176208496,2.2046058177948,2.9339184761047363
5.797651767730713,5.012482643127441,3.374185800552368,3.3252618312835693,3.580749034881592,3.1726717948913574,3.0158286094665527,2.840069055557251,2.1410791873931885,0.8874837160110474,-0.8710143566131592,-1.9106754064559937,-1.2782964706420898,-1.4020051956176758,-1.7263139486312866,-1.4869754314422607,-1.249470829963684,-0.22515173256397247,0.2688453793525696,0.46185538172721863,0.34546059370040894,-0.019321180880069733,-0.5133529901504517,-1.1351206302642822,-1.4552648067474365,-1.312790036201477,-1.0475691556930542,-1.294468641281128,-0.924576461315155,-0.33871325850486755,0.71253502368927,1.307531476020813,1.465846300125122,1.9024189710617065,1.5288455486297607,1.6325242519378662,1.6839492321014404,1.8253971338272095,1.6981520652770996,1.327339768409729,1.3428571224212646,1.5976529121398926,2.39756441116333
4.965520858764648,3.4820399284362793,2.771963119506836,3.4451239109039307,3.5720291137695312,2.8899612426757812,2.365370273590088,1.8741037845611572,0.8585385084152222,-0.6880467534065247,-1.8596699237823486,-1.8268165588378906,-1.6001845598220825,-1.6541547775268555,-1.477189540863037,-1.5494145154953003,-1.2011827230453491,-0.5139158368110657,-0.2624524235725403,0.05411693826317787,-0.47460493445396423,-1.0794094800949097,-1.4092477560043335,-1.7974234819412231,-1.8000085353851318,-1.537329077720642,-1.1364431381225586,-0.7674121260643005,-0.04214751347899437,0.7899409532546997,1.4047482013702393,2.084097146987915,2.267266273498535,1.962863802909851,1.5210773944854736,1.4822630882263184,1.520708680152893,1.1696300506591797,1.0114492177963257,1.2822731733322144,1.3553522825241089,1.3232046365737915,1.423542857170105
2.990422248840332,2.1612234115600586,2.771310329437256,3.5665204524993896,2.988429307937622,1.5536938905715942,0.5687176585197449,-0.22687552869319916,-1.124566674232483,-1.917982578277588,-2.151158332824707,-1.9070221185684204,-1.7071244716644287,-1.4080641269683838,-1.304787278175354,-1.5545934438705444,-1.1712920665740967,-0.7910872101783752,-0.4633297026157379,-0.2568703889846802,-1.2303541898727417,-1.6344205141067505,-1.6856123208999634,-1.6151738166809082,-1.2494702339172363,-0.7934094071388245,-0.2496269941329956,0.18462470173835754,0.969597339630127,1.4842514991760254,2.166213274002075,2.3002142906188965,1.8853023052215576,1.0255241394042969,0.642148494720459,1.2222957611083984,1.672539472579956,1.9783450365066528,2.244955539703369,1.9851053953170776,1.428979754447937,0.9555485248565674,0.31560754776000977
2.1493113040924072,2.0881669521331787,2.8222382068634033,2.6798269748687744,0.9477254152297974,-0.884904146194458,-1.56391441822052,-1.9817219972610474,-2.255089521408081,-2.2237539291381836,-1.9656033515930176,-1.7504464387893677,-1.746749997138977,-1.7500802278518677,-1.836039423942566,-1.8338580131530762,-1.2078428268432617,-0.6935423016548157,-0.25473809242248535,-0.37248465418815613,-1.477984070777893,-1.621090292930603,-1.58013916015625,-1.1544593572616577,-0.3231736123561859,0.4594837725162506,1.0707476139068604,1.3728749752044678,1.8391505479812622,1.9904099702835083,2.7911901473999023,2.1509430408477783,0.8678276538848877,0.374495267868042,0.6660017967224121,1.9049992561340332,2.7687530517578125,3.1576383113861084,2.5095953941345215,1.8655476570129395,1.6530532836914062,1.3568768501281738,1.7307238578796387
1.3122063875198364,1.8111138343811035,2.3267836570739746,1.0720906257629395,-0.8985027074813843,-2.3445584774017334,-2.544538974761963,-2.5215470790863037,-2.480329751968384,-2.3282530307769775,-1.9296034574508667,-1.6363842487335205,-1.903223991394043,-2.259721517562866,-2.549452781677246,-2.360470771789551,-1.2939400672912598,-0.42377978563308716,-0.14418338239192963,-0.7809373140335083,-1.5425549745559692,-1.1950763463974,-0.7497965097427368,-0.029072459787130356,0.8232351541519165,1.246195912361145,1.7454583644866943,1.9357709884643555,1.9882104396820068,2.949727773666382,3.6970913410186768,3.3152995109558105,2.085771083831787,1.5834745168685913,2.616546630859375,2.1810696125030518,2.355185031890869,1.2455564737319946,-0.07842960208654404,1.3675326108932495,2.7842798233032227,4.614336967468262,5.085508823394775
0.014146599918603897,0.4323054254055023,0.9186328649520874,0.12457554787397385,-1.2249068021774292,-2.506892204284668,-2.7648961544036865,-2.589193344116211,-2.3734230995178223,-2.3008639812469482,-2.144211530685425,-2.1121978759765625,-2.3337998390197754,-2.581777572631836,-2.692636013031006,-2.269176721572876,-0.8613379001617432,0.2990042269229889,0.14884883165359497,-1.0091561079025269,-1.4725420475006104,-0.6300609111785889,0.2139175534248352,0.853417694568634,1.3549635410308838,1.6615700721740723,2.0908424854278564,2.6557812690734863,3.248516798019409,4.472109317779541,4.775577068328857,3.9166672229766846,3.3453714847564697,3.295262336730957,4.212677955627441,6.355470657348633,4.20925760269165,0.2647181749343872,1.130804419517517,3.810953140258789,4.220040798187256,5.137019634246826,5.573092937469482
-2.288414239883423,-1.5463088750839233,-1.0962225198745728,-0.42735961079597473,-0.9673477411270142,-1.8611218929290771,-2.3485844135284424,-2.58436918258667,-2.6803765296936035,-2.758657932281494,-2.7296900749206543,-2.6000022888183594,-2.5634076595306396,-2.5528597831726074,-2.6472856998443604,-1.9476032257080078,-0.673092246055603,0.05786484479904175,-0.48447883129119873,-1.6721831560134888,-1.3304084539413452,-0.35805484652519226,0.9050745964050293,2.2660529613494873,2.979098081588745,2.989220380783081,3.6316287517547607,4.018744945526123,4.254586696624756,5.033905029296875,5.609608173370361,7.059417724609375,3.623293161392212,1.9797734022140503,4.091598987579346,8.368147850036621,10.440927505493164,3.6162819862365723,2.207024097442627,5.554408073425293,7.592907428741455,9.644960403442383,10.05860710144043
-4.068315505981445,-3.375877857208252,-2.018096685409546,-0.45475834608078003,-0.4354662597179413,-1.0437397956848145,-2.1439812183380127,-2.6969287395477295,-3.247800588607788,-3.415024518966675,-3.109524726867676,-2.6396942138671875,-2.322053909301758,-2.967586040496826,-2.767763376235962,-1.636114478111267,-0.8215058445930481,-0.5950548648834229,-0.7537078857421875,-0.678080141544342,-0.017483970150351524,0.823428213596344,2.7012665271759033,4.569080829620361,5.870890140533447,6.32081413269043,4.9678473472595215,5.047973155975342,5.902918815612793,7.6205363273620605,9.932693481445312,13.17136001586914,11.601720809936523,4.534476280212402,2.9125075340270996,4.2835283279418945,9.983675003051758,9.765504837036133,3.400358200073242,3.6077637672424316,10.492266654968262,11.20469856262207,4.782963275909424
-5.562816143035889,-5.061124324798584,-3.192950963973999,-1.9204068183898926,-1.9891759157180786,-2.4149374961853027,-3.121201515197754,-3.2513108253479004,-3.713909149169922,-3.813699960708618,-3.153846502304077,-2.4064829349517822,-2.760026216506958,-3.1681740283966064,-1.956734299659729,-0.5605271458625793,0.34564605355262756,0.9310746192932129,0.9792006611824036,0.7287324666976929,1.1533273458480835,1.3323124647140503,2.624904155731201,5.331304550170898,7.092124938964844,8.903088569641113,9.196290016174316,7.457659721374512,6.839876174926758,9.672220230102539,12.192952156066895,15.651415824890137,18.892671585083008,8.136411666870117,0.7094345092773438,3.716888666152954,11.073437690734863,12.203653335571289,3.8828532695770264,1.1306302547454834,10.154151916503906,12.806475639343262,-0.24428625404834747
-6.7525200843811035,-6.067739963531494,-4.331878185272217,-4.655080795288086,-4.702813625335693,-4.242097854614258,-3.5642483234405518,-3.2484090328216553,-3.3372106552124023,-3.131110191345215,-2.4974677562713623,-2.4595236778259277,-2.4073469638824463,-1.3353164196014404,0.012511941604316235,1.3171606063842773,1.3073211908340454,1.9316270351409912,3.0859756469726562,2.035175085067749,-0.5485312342643738,0.3110882639884949,3.3865301609039307,5.20959997177124,6.387631416320801,7.243295192718506,7.482325553894043,8.67602825164795,9.488689422607422,10.428717613220215,12.59678840637207,17.228647232055664,21.383926391601562,13.701594352722168,3.729482889175415,5.528128147125244,11.067757606506348,15.34445858001709,14.904412269592285,7.939197063446045,9.911198616027832,10.092693328857422,-1.6963183879852295
-8.00673770904541,-7.404633522033691,-6.236221790313721,-6.405876636505127,-5.87556266784668,-3.9476535320281982,-2.01347279548645,-1.4367012977600098,-1.865519404411316,-2.276292324066162,-2.371378183364868,-1.2596696615219116,-0.0014139977283775806,1.6482727527618408,3.8280105590820312,5.330285549163818,6.480651378631592,5.667742729187012,3.4404759407043457,4.69765043258667,3.6033895015716553,2.40400767326355,3.7199697494506836,4.496863842010498,5.549683570861816,5.194608211517334,4.572665214538574,7.563233375549316,12.173545837402344,13.91944694519043,16.231233596801758,18.020126342773438,19.972257614135742,19.472328186035156,16.142839431762695,15.604218482971191,16.3267822265625,16.672321319580078,17.622833251953125,15.220410346984863,14.034929275512695,11.440844535827637,5.512107849121094
-9.522318840026855,-9.388070106506348,-9.128360748291016,-8.602348327636719,-7.4432053565979,-4.738129138946533,-1.3971457481384277,-0.5951309204101562,-0.9161067008972168,-0.05444638803601265,0.4376642107963562,1.3943827152252197,4.141005039215088,6.458248138427734,8.131778717041016,9.415212631225586,11.06473445892334,12.127782821655273,8.318936347961426,6.139355659484863,6.825577259063721,7.2052106857299805,4.80020809173584,2.8379952907562256,4.078409671783447,5.2082953453063965,5.733777046203613,9.369236946105957,13.654451370239258,17.942890167236328,19.917150497436523,18.158878326416016,17.515810012817383,19.387502670288086,19.7899169921875,19.770456314086914,19.24745750427246,17.0032901763916,18.02193260192871,18.740636825561523,17.740859985351562,16.696090698242188,15.5538330078125
-10.603446006774902,-10.58514404296875,-10.67796802520752,-10.625368118286133,-10.061241149902344,-7.065296173095703,-2.327409029006958,-1.1787140369415283,-1.177659511566162,0.315184086561203,2.069556951522827,4.130031108856201,8.4921875,12.027538299560547,10.749655723571777,10.58211612701416,11.56791877746582,14.27798843383789,13.610048294067383,9.624429702758789,8.073609352111816,10.922436714172363,11.367948532104492,7.137301445007324,5.038989067077637,9.460853576660156,14.126871109008789,16.009052276611328,15.663846015930176,15.395210266113281,15.344110488891602,15.736922264099121,15.84371566772461,15.91601848602295,17.73312759399414,18.14061737060547,18.628087997436523,19.6662654876709,17.434232711791992,15.465579986572266,14.67487907409668,13.692838668823242,12.954936027526855
-10.728395462036133,-10.049858093261719,-9.69532585144043,-10.044846534729004,-10.192848205566406,-8.801461219787598,-4.471414566040039,-2.534224033355713,-2.480593204498291,-2.3202879428863525,-0.7841471433639526,3.5074284076690674,9.210413932800293,12.795236587524414,10.66897964477539,7.376034259796143,8.515172004699707,11.983901977539062,15.327825546264648,14.640172004699707,10.1183500289917,10.440840721130371,13.09860897064209,14.110594749450684,13.620930671691895,13.512749671936035,13.914344787597656,14.934601783752441,17.740840911865234,19.715564727783203,17.772966384887695,17.512351989746094,16.346052169799805,17.954721450805664,16.639968872070312,14.523625373840332,14.579817771911621,13.82866382598877,10.517723083496094,10.417125701904297,13.078521728515625,12.749469757080078,11.249337196350098
-10.955170631408691,-9.907835006713867,-9.296269416809082,-8.353434562683105,-8.827485084533691,-8.080106735229492,-6.101409912109375,-4.115907192230225,-4.107418060302734,-4.555715084075928,-2.8664770126342773,1.7968649864196777,8.018583297729492,11.775880813598633,10.629334449768066,8.103578567504883,8.757062911987305,9.965426445007324,13.992132186889648,18.87281036376953,15.825846672058105,9.799248695373535,10.632512092590332,14.21757984161377,16.181087493896484,15.797404289245605,13.067070960998535,11.604862213134766,13.752790451049805,16.61214828491211,16.127513885498047,14.581668853759766,14.933177947998047,15.776054382324219,15.203408241271973,13.811816215515137,13.69537353515625,14.664612770080566,14.6371431350708,13.702017784118652,12.246861457824707,11.607577323913574,12.535628318786621
-13.480757713317871,-11.927069664001465,-11.251921653747559,-14.84898853302002,-14.082747459411621,-9.838900566101074,-9.932709693908691,-9.326918601989746,-6.106773853302002,-2.9909610748291016,1.7589670419692993,5.447241306304932,8.634700775146484,10.590376853942871,12.727524757385254,13.305679321289062,11.358211517333984,10.020099639892578,11.83729076385498,17.06562042236328,18.36011505126953,13.7230863571167,14.35604476928711,14.282316207885742,11.574296951293945,11.448476791381836,12.26440143585205,12.980034828186035,14.334344863891602,16.281095504760742,16.514354705810547,15.31311321258545,15.394265174865723,15.470759391784668,14.321687698364258,13.42293643951416,13.181565284729004,13.037934303283691,13.245104789733887,13.125103950500488,12.861754417419434,13.30832290649414,13.712441444396973
-11.559490203857422,-13.059013366699219,-17.201065063476562,-18.097713470458984,-15.73387622833252,-11.349991798400879,-8.705931663513184,-10.379021644592285,-7.566123962402344,-1.1181317567825317,1.5853379964828491,0.988883912563324,2.80330753326416,6.076450347900391,10.00269889831543,15.052783966064453,19.05524444580078,14.964885711669922,10.31102466583252,12.275304794311523,14.878335952758789,16.255571365356445,19.295244216918945,17.782115936279297,15.697840690612793,16.167081832885742,18.708932876586914,18.131271362304688,19.502397537231445,18.60237693786621,19.703922271728516,19.615055084228516,16.846471786499023,17.736072540283203,16.4658203125,13.635766983032227,11.900683403015137,11.195304870605469,12.062121391296387,13.257307052612305,13.638461112976074,13.688370704650879,13.90243148803711
-11.37752628326416,-13.7418851852417,-15.277416229248047,-13.791515350341797,-11.341841697692871,-9.01208782196045,-9.355364799499512,-7.585883617401123,-3.036224365234375,3.241788387298584,3.810662269592285,-2.017141819000244,-3.9639103412628174,1.4043163061141968,7.962831974029541,16.086872100830078,22.783002853393555,17.010414123535156,9.937241554260254,10.237001419067383,13.38737678527832,16.31541633605957,17.603233337402344,17.295820236206055,17.258577346801758,20.182334899902344,21.846763610839844,21.130281448364258,18.757036209106445,20.123594284057617,20.24358558654785,18.63465118408203,17.124753952026367,16.66982650756836,11.530675888061523,9.519210815429688,11.494811058044434,11.423174858093262,11.665125846862793,11.975921630859375,11.649728775024414,11.674330711364746,10.655130386352539
