data/wind_data/wind_26_1.json
{"header": {"parameterUnit": "KT", "parameterCategory": 2, "nx": 256, "ny": 198, "lo1": 44.73521041870117, "la1": -3.236724853515625, "lo2": 111.26478576660156, "la2": 43.468475341796875, "dx": 0.2609002888202667, "dy": -0.23708222806453705, "refTime": "2025-02-20 02:00:00", "forecastTime": 0, "parameterNumber": 2, "parameterNumberName": "eastward_wind"}, "data":
[rows 152 to 170 of 198, columns 129 to 171 of 256]
-9.361754417419434,-4.746634006500244,-7.425306797027588,-8.440255165100098,-5.484426498413086,-2.585101842880249,-3.299651861190796,-2.8228185176849365,-6.2934417724609375,-6.772259712219238,1.182732105255127,3.4238662719726562,1.0458807945251465,4.2733635902404785,6.835107803344727,-1.7269237041473389,-2.4701313972473145,2.1778767108917236,5.949097156524658,9.921293258666992,6.429437160491943,2.5564639568328857,3.742185354232788,8.92631721496582,8.303105354309082,-0.4845864772796631,-3.993767023086548,-1.810045599937439,5.136937618255615,11.042227745056152,10.203445434570312,8.10438346862793,8.532565116882324,7.265347957611084,6.257659435272217,4.9612627029418945,5.211026191711426,7.621816635131836,7.528012752532959,7.478515625,10.12889575958252,12.3846435546875,12.2067232131958
-5.939131259918213,-4.759881973266602,-5.795435428619385,-5.38655424118042,-3.8759560585021973,-0.4869818389415741,1.235903024673462,-1.649574875831604,-4.6661577224731445,0.014220315963029861,2.972226142883301,1.5342751741409302,1.8612021207809448,2.667459726333618,-0.2515687048435211,1.4354188442230225,3.8769288063049316,6.774708271026611,10.179448127746582,9.323688507080078,1.6240249872207642,0.6439607739448547,2.8210198879241943,4.556139945983887,7.266664981842041,2.9286789894104004,0.4070318937301636,2.6239492893218994,8.229512214660645,13.27088737487793,14.052742958068848,11.107197761535645,7.581826210021973,6.255499362945557,4.2006449699401855,4.386660575866699,8.238221168518066,8.52042293548584,6.821709632873535,7.383122444152832,7.909027576446533,7.166849613189697,5.703962326049805
-5.337292194366455,-5.393412113189697,-3.8883135318756104,-2.4584271907806396,-0.21233630180358887,4.75968599319458,3.487471103668213,-1.7260178327560425,-2.387748956680298,-0.501738429069519,-2.417802333831787,-4.081779479980469,-4.783185005187988,-1.7288304567337036,0.9589282870292664,7.099457263946533,9.63800048828125,7.416714668273926,6.547452449798584,4.602367877960205,2.751910924911499,2.650874614715576,3.2522525787353516,6.530784606933594,7.993821144104004,5.44325590133667,5.845611095428467,8.02265453338623,10.402005195617676,12.592899322509766,11.95986270904541,9.007574081420898,7.202653408050537,6.377449035644531,4.7551679611206055,6.614232063293457,10.633866310119629,6.54554557800293,2.342895030975342,3.264566421508789,4.420947551727295,-0.23008863627910614,1.9909056425094604
-6.201115131378174,-4.840869903564453,-2.7848007678985596,1.2653733491897583,6.101985931396484,3.367485284805298,-3.7847213745117188,-5.733119010925293,-6.942192554473877,-5.5585103034973145,-2.2555408477783203,-0.9030449986457825,-0.2636515498161316,-0.646106481552124,1.541530966758728,9.1899995803833,12.976009368896484,5.170751571655273,0.4332248568534851,4.632406711578369,6.240069389343262,3.4206414222717285,3.989485025405884,7.556828022003174,8.929404258728027,7.921241283416748,8.4541015625,10.344853401184082,11.668912887573242,10.789629936218262,6.970779895782471,4.943684101104736,5.719597339630127,5.966111660003662,6.115823745727539,7.12696647644043,6.393901348114014,2.267237663269043,0.8175898790359497,3.2071611881256104,6.665587425231934,1.3609445095062256,1.4171911478042603
-6.458212375640869,-0.2660727798938751,2.020674467086792,5.143059253692627,-1.4976353645324707,-7.708132266998291,-10.924051284790039,-10.40518569946289,-9.943991661071777,-4.022069931030273,3.455033779144287,6.332462787628174,6.993727684020996,5.847980976104736,5.367277145385742,12.249393463134766,13.027970314025879,2.484032392501831,0.9963518381118774,6.679319381713867,9.529106140136719,5.045444488525391,3.7371795177459717,5.740238666534424,6.383254528045654,7.0035505294799805,8.198490142822266,9.173291206359863,9.049593925476074,7.738842010498047,5.3901801109313965,5.0745768547058105,6.386044025421143,5.214669227600098,4.231395721435547,4.080177307128906,2.5106310844421387,1.1483842134475708,1.6254305839538574,6.218306541442871,9.385649681091309,3.971869945526123,0.893528401851654
-2.7985949516296387,1.4215754270553589,5.925075054168701,-2.3146908283233643,-7.174792766571045,-11.891796112060547,-10.0731840133667,-11.110939979553223,-10.044228553771973,-1.5614376068115234,6.330721378326416,10.883254051208496,11.395089149475098,9.17741584777832,8.89993953704834,13.479385375976562,12.109204292297363,2.345832347869873,3.0587682723999023,8.080288887023926,8.826692581176758,6.502490997314453,5.240965366363525,4.472135543823242,4.525054931640625,5.198480606079102,5.0554609298706055,6.192105770111084,8.088854789733887,7.132594108581543,4.736361980438232,5.25728702545166,7.554717063903809,6.297513961791992,2.9213931560516357,1.875422716140747,3.6577796936035156,4.411318302154541,3.2752957344055176,5.685278415679932,6.584007740020752,1.1552457809448242,-0.28666314482688904
-0.5908366441726685,2.244849681854248,-1.2557601928710938,-7.677357196807861,-9.523226737976074,-9.641595840454102,-6.066777229309082,-5.94759464263916,0.38669630885124207,5.335448741912842,7.4748215675354,9.48452091217041,9.608976364135742,10.677833557128906,11.838857650756836,12.65738296508789,12.214202880859375,7.63796329498291,5.8227314949035645,6.882699966430664,5.852203845977783,5.450007438659668,5.517758369445801,4.28887939453125,4.287890434265137,4.600539684295654,1.14627206325531,2.7500598430633545,9.174367904663086,9.102519035339355,5.922100067138672,6.9531145095825195,8.796701431274414,6.799007415771484,4.154566287994385,3.451439142227173,4.984883785247803,6.742301940917969,5.871591091156006,5.729368686676025,6.158311367034912,2.372769594192505,0.9986596703529358
-1.6891353130340576,1.158966064453125,-6.227499961853027,-11.47176456451416,-8.177618980407715,3.383211851119995,4.692429542541504,1.4364330768585205,7.583635330200195,8.187009811401367,5.237659454345703,7.249416828155518,7.497231483459473,7.887632369995117,7.576610088348389,4.93153715133667,7.12294340133667,6.5218892097473145,3.58663272857666,3.552847146987915,3.20644211769104,4.286655426025391,4.017107009887695,3.307232141494751,4.634603500366211,3.595078945159912,-0.0990634635090828,1.8738857507705688,9.409902572631836,10.009471893310547,5.68145227432251,5.590118885040283,6.118801116943359,4.1406168937683105,3.7065560817718506,4.537576198577881,5.3485331535339355,7.544086456298828,7.6061296463012695,7.309193134307861,8.261714935302734,5.110457420349121,3.5829007625579834
-0.6723172664642334,1.0185809135437012,-5.367060661315918,-6.067321300506592,5.092495918273926,13.5927095413208,7.705286026000977,2.6899421215057373,4.814603805541992,3.459047794342041,2.4892852306365967,4.737046241760254,5.034727096557617,3.5426294803619385,0.8651437163352966,-0.3392050862312317,2.007460594177246,2.0714659690856934,2.694659471511841,5.146386623382568,7.193212985992432,6.323740005493164,5.032128810882568,5.351477146148682,5.571181297302246,2.3951218128204346,0.7909197807312012,2.690098762512207,7.438897609710693,7.178127288818359,3.412426710128784,4.725729465484619,5.6365556716918945,3.628382444381714,3.619361400604248,5.510443687438965,6.770325183868408,6.803502559661865,6.0272603034973145,6.631872653961182,7.153592586517334,6.059985160827637,6.692316055297852
3.793835163116455,7.182582855224609,2.5559120178222656,1.7702066898345947,7.811432838439941,8.209922790527344,1.5790605545043945,-0.09094972163438797,4.195743560791016,3.1207499504089355,3.051027297973633,3.9734206199645996,3.601346969604492,0.4850946068763733,-2.0282583236694336,1.3584692478179932,5.338951587677002,3.6351099014282227,5.041787624359131,7.7105183601379395,8.141216278076172,7.195600986480713,7.256355285644531,7.3704142570495605,6.253486156463623,5.18411111831665,4.580907344818115,4.3242998123168945,6.229731559753418,7.715147972106934,6.156189441680908,6.074612140655518,6.87798547744751,4.766556739807129,5.802235126495361,9.81930923461914,12.523984909057617,8.876996040344238,5.236624717712402,7.989675998687744,10.840022087097168,11.253499031066895,8.327363967895508
8.521917343139648,7.0046706199646,5.482678413391113,0.25623011589050293,0.909196674823761,5.465658187866211,-2.3845248222351074,-3.7938132286071777,2.003605842590332,0.4669981896877289,2.6869139671325684,4.420868396759033,4.7243733406066895,2.4647860527038574,0.3258630335330963,2.8403570652008057,5.713639259338379,4.2904052734375,4.962801456451416,6.25602912902832,5.804481029510498,6.1468424797058105,8.06924819946289,8.42247200012207,6.390164852142334,2.9642109870910645,1.3251686096191406,2.9394333362579346,5.449387073516846,7.348694801330566,7.097789287567139,6.94269323348999,7.423274993896484,5.309561729431152,7.261083602905273,14.365435600280762,16.434696197509766,10.365212440490723,7.778616428375244,9.92320728302002,12.574883460998535,13.01419448852539,8.222973823547363
4.1400675773620605,1.5634870529174805,2.8867039680480957,-1.7388371229171753,-1.350565791130066,1.5865998268127441,-0.41199734807014465,-4.390021800994873,-2.635746717453003,1.0816738605499268,4.487390995025635,3.8520116806030273,5.6217451095581055,4.566684722900391,2.585297107696533,2.7952308654785156,3.828235149383545,3.597754716873169,3.3707146644592285,3.0545568466186523,2.3059985637664795,2.466477632522583,5.128623962402344,7.125479221343994,5.193552494049072,4.215499401092529,3.0490376949310303,3.5240213871002197,7.5252556800842285,7.111320495605469,7.510124206542969,8.0020751953125,7.319675922393799,7.313587665557861,9.793991088867188,15.0510892868042,16.269163131713867,12.16304874420166,12.171006202697754,14.909012794494629,15.955254554748535,14.78371810913086,13.087244987487793
-1.6198861598968506,0.11225983500480652,-2.111973285675049,-3.9071359634399414,-1.0798063278198242,2.034604787826538,2.456639528274536,-0.4198896288871765,-2.2665154933929443,-0.2714671790599823,2.403953790664673,3.8120038509368896,4.445236682891846,1.540416955947876,-1.2605456113815308,-1.5606300830841064,-0.635112464427948,0.7153198719024658,1.2152166366577148,0.7324835658073425,0.082858607172966,-0.1294768899679184,2.2833476066589355,4.024089336395264,3.353686571121216,6.6059184074401855,8.263291358947754,4.021301746368408,4.540368556976318,8.000192642211914,12.14847183227539,13.343917846679688,11.533151626586914,11.450071334838867,11.623270034790039,12.341988563537598,14.293399810791016,13.686646461486816,11.810928344726562,12.802641868591309,13.85571002960205,14.148726463317871,14.65606689453125
-1.448474645614624,-0.05920666828751564,-2.55301833152771,-3.946690320968628,-0.2614898979663849,2.8450074195861816,1.9768579006195068,-1.2010655403137207,-4.2674994468688965,-4.070645809173584,-0.38553547859191895,-0.05246521160006523,-2.859269142150879,-7.930258274078369,-9.37939167022705,-7.859335899353027,-5.8615193367004395,-4.361679553985596,-3.8050925731658936,-2.47774076461792,-1.2780276536941528,-0.4814760088920593,1.4250704050064087,2.4327940940856934,2.626044273376465,5.504464626312256,6.072732448577881,2.292800188064575,4.877143383026123,12.503711700439453,16.01011085510254,15.436140060424805,11.290953636169434,6.494998931884766,7.659475803375244,11.175177574157715,13.306185722351074,9.782369613647461,5.117215633392334,6.780378341674805,11.53664493560791,14.380635261535645,15.66465950012207
0.6057295799255371,1.350882887840271,-1.1247400045394897,-2.608741283416748,-0.8018312454223633,-0.7147526741027832,-3.0815298557281494,-5.632360458374023,-6.16010046005249,-4.117749214172363,-1.543365478515625,-1.073577880859375,-5.736878395080566,-8.37831974029541,-8.64560317993164,-8.331046104431152,-7.931754112243652,-7.0362043380737305,-6.897315502166748,-6.877642631530762,-3.240405797958374,-0.9298714995384216,0.3729183077812195,1.3722425699234009,2.2883801460266113,3.677676200866699,3.815364360809326,2.1611552238464355,4.795356750488281,10.801155090332031,14.125452041625977,12.30968952178955,7.0775628089904785,4.732089996337891,6.873252868652344,10.080575942993164,13.684342384338379,13.786840438842773,13.771838188171387,16.309404373168945,17.016273498535156,15.05599594116211,9.73608112335205
3.0065195560455322,1.2324614524841309,-2.2123327255249023,-3.2869362831115723,-3.1094281673431396,-4.672927379608154,-4.82048225402832,-4.683412075042725,-4.938907146453857,-4.217782974243164,-3.329711437225342,-4.69432258605957,-6.935429096221924,-8.679718017578125,-9.787556648254395,-10.079689025878906,-9.839710235595703,-9.405043601989746,-8.601583480834961,-8.565022468566895,-7.683228015899658,-6.334850311279297,-5.236991882324219,-2.3489720821380615,0.30534079670906067,1.7139532566070557,2.5897138118743896,2.653257131576538,3.4425151348114014,5.336638450622559,8.471288681030273,10.641931533813477,6.501283168792725,5.0270795822143555,4.5722975730896,4.992456912994385,10.193527221679688,14.303630828857422,18.928998947143555,20.237751007080078,21.126020431518555,11.997856140136719,1.1439940929412842
1.7622742652893066,-2.173163890838623,-3.7406699657440186,-4.002690315246582,-4.141871452331543,-3.9251976013183594,-4.431161403656006,-4.734398365020752,-4.537130355834961,-4.74125862121582,-4.752094268798828,-4.888610363006592,-5.721981048583984,-8.021380424499512,-9.902664184570312,-10.377458572387695,-10.333247184753418,-9.663500785827637,-10.01491641998291,-10.571829795837402,-10.539460182189941,-10.530129432678223,-10.291048049926758,-8.75953197479248,-7.196702003479004,-5.653554916381836,-2.421327590942383,1.0058032274246216,2.174687385559082,1.3454022407531738,1.502561092376709,4.591887474060059,3.8007280826568604,-0.6561608910560608,-1.6950103044509888,3.2406444549560547,8.57275104522705,12.878355026245117,18.73579978942871,20.72750473022461,16.317842483520508,11.62529182434082,13.42790412902832
-0.7142189741134644,-2.9624745845794678,-4.003055572509766,-3.4669854640960693,-3.6884114742279053,-4.395028591156006,-4.345754623413086,-4.832452774047852,-4.9483232498168945,-5.037595748901367,-5.025023460388184,-5.264317989349365,-6.090978145599365,-7.077328681945801,-7.673900127410889,-8.334695816040039,-9.20434856414795,-8.534998893737793,-8.918542861938477,-9.770247459411621,-10.052186965942383,-10.927343368530273,-10.797806739807129,-9.743107795715332,-9.539482116699219,-9.86702823638916,-9.144710540771484,-6.282775402069092,-1.1246017217636108,-0.1364665925502777,-1.2257941961288452,0.1927437037229538,2.4080100059509277,1.6789677143096924,2.3655431270599365,8.288497924804688,8.821786880493164,9.664809226989746,15.296306610107422,13.542474746704102,8.505030632019043,13.893966674804688,16.362709045410156
-1.6387853622436523,-3.720271587371826,-4.5529375076293945,-3.9238507747650146,-3.7217531204223633,-4.3821539878845215,-4.741811752319336,-5.027947425842285,-5.26928186416626,-5.038708686828613,-4.884276866912842,-5.009463310241699,-5.234242916107178,-6.002318859100342,-6.7780914306640625,-7.663537502288818,-8.828678131103516,-8.861714363098145,-8.586904525756836,-9.02524471282959,-9.206169128417969,-8.947127342224121,-9.500794410705566,-10.41953182220459,-9.20993423461914,-8.254261016845703,-8.774741172790527,-8.120230674743652,-6.22257661819458,-3.0922188758850098,-1.0258784294128418,0.15210844576358795,2.4432499408721924,4.482314109802246,5.5600361824035645,7.656540393829346,7.407527923583984,9.899392127990723,12.1578950881958,7.97282600402832,12.332782745361328,16.783430099487305,16.163543701171875
