data/wind_data/wind_69_6.json
{"header": {"parameterUnit": "KT", "parameterCategory": 2, "nx": 256, "ny": 198, "lo1": 44.73521041870117, "la1": -3.236724853515625, "lo2": 111.26478576660156, "la2": 43.468475341796875, "dx": 0.2609002888202667, "dy": -0.23708222806453705, "refTime": "2025-02-21 21:00:00", "forecastTime": 0, "parameterNumber": 2, "parameterNumberName": "eastward_wind"}, "data":
[rows 120 to 139 of 198, columns 176 to 219 of 256]
67.26052856445312,66.76518249511719,66.91126251220703,67.44369506835938,67.7118911743164,68.38890838623047,69.27813720703125,69.51600646972656,69.53082275390625,69.0700454711914,68.01644897460938,67.52365112304688,68.25604248046875,70.02337646484375,72.0404052734375,73.52561950683594,74.47428131103516,74.91613006591797,74.94464111328125,74.85304260253906,75.3011703491211,76.32331848144531,78.22083282470703,79.66722106933594,81.12753295898438,81.51163482666016,81.36055755615234,82.1358642578125,83.19568634033203,84.39716339111328,85.426513671875,85.89673614501953,87.33879089355469,89.42265319824219,90.2721939086914,89.7840576171875,87.32776641845703,85.94761657714844,88.97216796875,91.28679656982422,92.20419311523438,95.97108459472656,100.36614227294922,102.314208984375
66.63331604003906,66.00537109375,66.57988739013672,67.85928344726562,68.1241226196289,68.13619995117188,68.9054183959961,68.51232147216797,67.38673400878906,66.6759262084961,66.0335693359375,66.11978912353516,67.29176330566406,68.91802978515625,70.60579681396484,71.87235260009766,72.78365325927734,73.35553741455078,73.39789581298828,73.41954803466797,73.92277526855469,75.47856140136719,77.69537353515625,79.02975463867188,79.40888977050781,79.97425079345703,80.38928985595703,80.88723754882812,81.8954086303711,82.86317443847656,83.22933959960938,83.5509033203125,84.42423248291016,85.81581115722656,87.17634582519531,86.56990051269531,83.98990631103516,83.80030822753906,86.8060073852539,89.05313873291016,89.69509887695312,91.18404388427734,94.68585205078125,99.21334838867188
65.96118927001953,65.71444702148438,66.79041290283203,68.30223846435547,69.09063720703125,68.69384765625,68.81088256835938,67.67469787597656,65.03594970703125,64.36392211914062,64.80694580078125,65.53296661376953,66.64500427246094,67.99406433105469,69.27165985107422,69.98960876464844,70.42538452148438,71.01151275634766,71.59306335449219,72.1511001586914,72.88435363769531,74.57657623291016,76.63638305664062,77.66452026367188,78.09012603759766,78.60582733154297,78.97386169433594,79.9383316040039,81.54485321044922,82.30201721191406,82.33731079101562,82.62848663330078,82.42517852783203,82.78424072265625,84.60691833496094,84.37818908691406,82.45217895507812,83.2716064453125,85.51470184326172,87.33097839355469,88.39622497558594,88.1346435546875,88.66279602050781,93.94356536865234
65.65726470947266,65.80477142333984,67.74002838134766,68.7245864868164,69.16606903076172,70.30021667480469,69.38534545898438,64.88939666748047,62.76814651489258,63.733524322509766,64.78512573242188,65.6449203491211,66.3294448852539,66.91583251953125,67.6267318725586,68.2571029663086,69.01219940185547,70.06991577148438,71.05939483642578,71.71007537841797,72.19432830810547,73.16648864746094,74.28147888183594,74.58409118652344,74.9260025024414,75.618896484375,76.60043334960938,78.25419616699219,79.15279388427734,78.98188781738281,79.42469787597656,80.42902374267578,79.85101318359375,79.99603271484375,82.82587432861328,83.46922302246094,81.7063217163086,82.54757690429688,84.36824798583984,85.8650894165039,87.2813491821289,86.16167449951172,85.11702728271484,89.66973876953125
65.56431579589844,65.95634460449219,68.69186401367188,69.38021087646484,68.28887176513672,68.25192260742188,70.01034545898438,66.43312072753906,59.07231521606445,60.52840042114258,62.90987777709961,64.29963684082031,65.5869140625,66.3019790649414,66.64588928222656,67.26595306396484,68.36173248291016,69.54524993896484,70.49173736572266,71.12784576416016,71.67375946044922,72.064208984375,72.52949523925781,73.16456604003906,72.91179656982422,72.4329833984375,74.59837341308594,76.5868911743164,75.45769500732422,74.1224136352539,75.57243347167969,77.01222229003906,76.53211975097656,77.54723358154297,81.81269836425781,83.81253051757812,81.86798095703125,81.33363342285156,82.60030364990234,84.09699249267578,84.99678039550781,83.41316986083984,82.45428466796875,86.34645080566406
66.15873718261719,65.5911636352539,67.79096221923828,68.50822448730469,67.85083770751953,66.87088012695312,67.97669982910156,67.87529754638672,62.73896026611328,61.415672302246094,63.34705352783203,64.36205291748047,65.44924926757812,66.0112533569336,66.16255950927734,66.9215087890625,67.99188995361328,68.9142837524414,69.7106704711914,70.67182922363281,71.70657348632812,71.76667022705078,71.31474304199219,71.91455841064453,72.2499008178711,71.42145538330078,72.41938781738281,73.68242645263672,71.69051361083984,70.82693481445312,73.23104858398438,74.40135192871094,74.4462890625,76.82530975341797,81.71466827392578,84.94905090332031,83.69940185546875,81.20088195800781,80.59028625488281,81.35441589355469,81.74337005615234,80.78101348876953,80.94107818603516,83.8700180053711
66.16582489013672,65.38314819335938,65.85707092285156,66.4222183227539,67.0227279663086,67.00714874267578,67.25948333740234,67.7753677368164,64.81060028076172,61.67691421508789,63.34477996826172,65.36564636230469,66.08329010009766,65.93753051757812,65.97673034667969,66.65845489501953,67.47542572021484,68.20441436767578,68.6707763671875,69.46401977539062,70.51708984375,70.58854675292969,69.85899353027344,70.12367248535156,70.64334106445312,70.44871520996094,70.64117431640625,69.59264373779297,66.9122085571289,68.19802856445312,73.10155487060547,73.93775939941406,73.13028717041016,75.4067153930664,80.03094482421875,83.7255859375,83.27819061279297,80.34991455078125,78.42425537109375,78.24434661865234,78.22533416748047,78.00448608398438,79.35962677001953,81.08819580078125
65.48246765136719,64.84455871582031,64.67086791992188,64.82799530029297,65.92312622070312,67.03388977050781,67.38545989990234,67.27880096435547,66.0748062133789,63.61154556274414,63.29542922973633,64.93817138671875,65.26697540283203,65.07405090332031,65.39547729492188,65.71656036376953,66.74382781982422,67.53031158447266,67.09797668457031,67.230712890625,68.23417663574219,68.85321807861328,68.88783264160156,69.35303497314453,69.56985473632812,69.20611572265625,68.50984954833984,66.97526550292969,63.22389602661133,62.64168930053711,68.47235870361328,70.50377655029297,70.14579010009766,72.65235137939453,76.84576416015625,80.00663757324219,79.35029602050781,76.25524139404297,74.21510314941406,74.46363067626953,75.51782989501953,75.98287963867188,76.58639526367188,77.06774139404297
65.27312469482422,64.45524597167969,64.32054138183594,64.62146759033203,65.75004577636719,67.43156433105469,68.0103988647461,67.1482162475586,66.45616912841797,65.02468872070312,63.53827667236328,63.36504364013672,63.24077224731445,63.52665710449219,64.88484954833984,65.54427337646484,66.83654022216797,67.65634155273438,66.07040405273438,64.81695556640625,65.92426300048828,67.36490631103516,68.80555725097656,70.24053955078125,68.96865844726562,65.95793151855469,64.05604553222656,63.542572021484375,63.54486083984375,64.01752471923828,65.03764343261719,65.71572875976562,66.63156127929688,69.3556900024414,73.30156707763672,76.56989288330078,76.31866455078125,73.14069366455078,70.6709213256836,71.06330871582031,73.48970794677734,75.7562026977539,74.31683349609375,72.54151916503906
65.9382553100586,64.27467346191406,64.3834228515625,64.9474868774414,65.79045104980469,67.30940246582031,68.29544067382812,67.78788757324219,66.69058227539062,64.92550659179688,63.15013885498047,62.657955169677734,62.20947265625,62.483760833740234,64.68628692626953,66.37020874023438,67.14127349853516,67.34899139404297,66.11748504638672,64.35063171386719,64.83917236328125,66.2577133178711,69.19007110595703,71.04378509521484,66.31427001953125,60.228023529052734,58.85946273803711,61.027400970458984,63.628326416015625,62.29320526123047,58.619327545166016,58.825687408447266,62.07255172729492,65.55546569824219,69.26657104492188,72.65126037597656,73.80308532714844,71.88777923583984,68.97301483154297,68.3549575805664,71.44515228271484,74.53568267822266,72.9011001586914,70.53468322753906
66.24833679199219,63.51063919067383,64.41043853759766,65.90579986572266,66.39912414550781,66.97085571289062,68.18567657470703,68.66082763671875,67.29318237304688,64.60951232910156,61.79335021972656,60.70918273925781,60.380008697509766,60.85768508911133,63.318965911865234,65.47377014160156,65.60272979736328,65.5689697265625,65.4295425415039,64.91490173339844,64.98399353027344,65.65519714355469,68.93106842041016,69.58279418945312,61.922080993652344,54.53401565551758,56.244964599609375,60.06859588623047,60.407020568847656,56.71122360229492,53.245338439941406,55.061641693115234,59.48563766479492,63.04673385620117,65.9945068359375,68.45075225830078,69.89730072021484,69.2564697265625,66.33991241455078,64.3468017578125,67.67992401123047,72.22282409667969,70.75824737548828,68.14707946777344
66.08067321777344,62.423282623291016,63.4591064453125,65.97069549560547,67.07215118408203,67.38533782958984,67.89517211914062,68.2077407836914,66.72248840332031,63.61556625366211,60.38508224487305,58.08639144897461,57.6069450378418,59.49039840698242,61.46282958984375,62.33856964111328,61.860084533691406,62.3733024597168,62.85247802734375,62.64688491821289,61.72062683105469,61.97380828857422,66.65654754638672,67.0929946899414,58.005062103271484,53.40481948852539,55.339622497558594,56.55267333984375,55.50048828125,53.29787826538086,52.24687576293945,54.718666076660156,58.64799880981445,61.71902847290039,63.77252960205078,64.9963607788086,65.84479522705078,65.24678039550781,61.94445037841797,58.60615539550781,62.08507537841797,68.56243133544922,67.39826202392578,64.14837646484375
65.92072296142578,62.875308990478516,62.615177154541016,64.68419647216797,66.32282257080078,67.30823516845703,67.40086364746094,66.71080017089844,64.81249237060547,61.99104690551758,58.89412307739258,57.434906005859375,57.109249114990234,57.60212707519531,58.33890151977539,57.81049346923828,58.346195220947266,60.09053039550781,60.43696212768555,60.1994743347168,60.35463333129883,61.81224060058594,65.79472351074219,63.47379684448242,52.77648162841797,50.8365364074707,54.367767333984375,55.003238677978516,52.78120040893555,50.761810302734375,50.261451721191406,53.0501708984375,57.29740905761719,60.6453857421875,62.031673431396484,62.2957649230957,62.31705093383789,60.36186599731445,56.80314254760742,54.62328338623047,59.01431655883789,64.80825805664062,62.322181701660156,59.046939849853516
63.69490051269531,62.70936584472656,61.82311248779297,62.46357727050781,64.29759216308594,65.73348999023438,65.91509246826172,64.58616638183594,62.361549377441406,60.61231231689453,59.098785400390625,58.260215759277344,57.50530242919922,56.61804962158203,55.551509857177734,54.54298400878906,56.15095901489258,58.47097396850586,58.90879440307617,59.06541061401367,60.33741760253906,61.297183990478516,61.39836883544922,55.696956634521484,48.5878791809082,49.527164459228516,52.446434020996094,50.56996536254883,47.72352600097656,48.060447692871094,48.97331237792969,50.713932037353516,54.25593948364258,58.13336944580078,60.25004196166992,60.334293365478516,59.05888748168945,56.40070343017578,54.08731460571289,54.58265686035156,58.296478271484375,60.61069107055664,57.28446578979492,55.2120246887207
62.35307312011719,61.27299880981445,60.68897247314453,60.28985595703125,61.088932037353516,62.54559326171875,63.544952392578125,63.168460845947266,61.42951583862305,59.55495834350586,58.35044860839844,57.497962951660156,56.658042907714844,55.15550231933594,54.14878463745117,53.83837890625,55.007965087890625,56.86127471923828,58.47307586669922,59.30576705932617,57.7391471862793,55.268226623535156,54.087303161621094,52.796356201171875,50.412662506103516,49.57155990600586,48.2786979675293,45.335323333740234,43.95783996582031,45.95707702636719,46.344024658203125,46.34510040283203,49.310264587402344,53.49570846557617,56.33470153808594,56.14071273803711,54.03908157348633,51.863616943359375,50.43225860595703,51.923240661621094,55.483062744140625,56.44852828979492,53.9047737121582,53.420833587646484
62.18028259277344,60.35787582397461,58.66139602661133,57.5033073425293,57.579833984375,58.65048599243164,59.82829284667969,60.427494049072266,59.504337310791016,57.50831985473633,56.3963623046875,55.506874084472656,53.906742095947266,52.24592208862305,51.39665985107422,51.60868453979492,53.09201431274414,55.35662078857422,57.175453186035156,57.13365173339844,53.45737075805664,49.15703201293945,50.48151397705078,54.256370544433594,53.48090362548828,49.02754211425781,45.1428108215332,43.3298454284668,42.47958755493164,42.970088958740234,42.56647872924805,42.75009536743164,45.73921585083008,49.08285903930664,51.06069564819336,50.23537826538086,47.78177261352539,45.88177490234375,44.23115921020508,45.955379486083984,50.77397155761719,51.83119201660156,49.85560607910156,50.50928497314453
60.38482666015625,59.4660530090332,57.47915267944336,55.200233459472656,53.495601654052734,53.005332946777344,52.969703674316406,53.26176452636719,54.11841583251953,54.75105667114258,54.90935134887695,54.584327697753906,53.058319091796875,51.59821319580078,50.82670974731445,50.520233154296875,51.540069580078125,53.089195251464844,53.917457580566406,54.47831726074219,52.026004791259766,48.43986892700195,51.51081848144531,56.32439041137695,54.01585388183594,48.29209518432617,45.12903594970703,43.74867248535156,41.11161804199219,39.9321403503418,39.99757766723633,41.79214096069336,44.07609939575195,45.62410354614258,46.62303161621094,44.82744216918945,41.76304244995117,40.37114334106445,38.925296783447266,41.63542175292969,47.47634506225586,48.71940994262695,47.57281494140625,48.46737289428711
59.28987503051758,59.43513870239258,58.748497009277344,57.18932342529297,56.72029495239258,57.10004425048828,56.93833923339844,56.02434539794922,55.45148468017578,55.60680389404297,55.838478088378906,55.8028450012207,54.80571746826172,53.304534912109375,51.861820220947266,50.90999221801758,51.24371337890625,51.5123405456543,51.40863037109375,52.495182037353516,53.10953903198242,53.13251495361328,55.06946563720703,54.53139114379883,49.8159065246582,47.341888427734375,47.207950592041016,45.686614990234375,41.80105209350586,39.12828826904297,38.949832916259766,41.0136833190918,42.274749755859375,42.81353759765625,43.557132720947266,41.39900588989258,37.98353576660156,36.6168212890625,36.88727569580078,41.428226470947266,47.17820739746094,47.492530822753906,46.093231201171875,47.33809280395508
59.13749694824219,59.320159912109375,59.972469329833984,59.729270935058594,58.764225006103516,58.003143310546875,58.04967498779297,58.1164665222168,57.988433837890625,58.266963958740234,58.644779205322266,58.448028564453125,57.26722717285156,55.67509078979492,54.80367660522461,54.3856086730957,53.73048782348633,52.88561248779297,52.12202835083008,52.28969192504883,53.70475769042969,54.663089752197266,53.12583923339844,48.288421630859375,45.59516143798828,47.57931900024414,48.9654426574707,46.84671401977539,42.91282272338867,38.935096740722656,38.09844207763672,40.10308837890625,41.04438781738281,41.233219146728516,41.641197204589844,40.4316291809082,36.81342315673828,35.117210388183594,37.233306884765625,42.45569610595703,47.31962585449219,46.42518615722656,43.63987731933594,45.81901550292969
59.34914016723633,58.92457962036133,58.53914260864258,56.771942138671875,53.492252349853516,50.97151565551758,50.963443756103516,52.46065139770508,54.233558654785156,56.42952346801758,58.068824768066406,58.0798454284668,57.03975296020508,55.63718032836914,55.2353515625,55.988121032714844,55.97776794433594,55.37758255004883,54.70134735107422,54.797576904296875,55.60713577270508,55.0536003112793,51.22159194946289,45.66780090332031,44.749664306640625,48.15534210205078,48.943885803222656,45.82343292236328,42.78646469116211,39.945037841796875,38.180912017822266,39.26020431518555,40.73910903930664,41.27400207519531,41.10416030883789,40.964805603027344,38.837013244628906,37.08078384399414,38.95188522338867,43.32622528076172,47.21810531616211,45.80679702758789,41.046607971191406,42.925079345703125
