data/wind_data/wind_1_6.json
{"header": {"parameterUnit": "KT", "parameterCategory": 2, "nx": 256, "ny": 198, "lo1": 44.73521041870117, "la1": -3.236724853515625, "lo2": 111.26478576660156, "la2": 43.468475341796875, "dx": 0.2609002888202667, "dy": -0.23708222806453705, "refTime": "2025-02-19 01:00:00", "forecastTime": 0, "parameterNumber": 2, "parameterNumberName": "eastward_wind"}, "data":
[rows 20 to 39 of 198, columns 44 to 87 of 256]
-5.916292667388916,-5.753697872161865,-5.873262405395508,-7.881614685058594,-9.95324420928955,-10.921601295471191,-11.908146858215332,-13.368281364440918,-15.884645462036133,-17.386838912963867,-17.307174682617188,-16.04080581665039,-14.809957504272461,-14.50253963470459,-14.90050220489502,-15.03653621673584,-14.701827049255371,-14.14646053314209,-13.846508026123047,-14.134015083312988,-12.859790802001953,-10.33592700958252,-8.625930786132812,-7.965654373168945,-7.263692378997803,-6.56677770614624,-6.2345099449157715,-5.383727073669434,-4.513976573944092,-4.626354217529297,-4.1965413093566895,-4.917627811431885,-7.620022773742676,-9.11760139465332,-9.160148620605469,-10.106749534606934,-10.694957733154297,-9.613675117492676,-8.302450180053711,-7.9474382400512695,-7.2819647789001465,-6.321592330932617,-8.31306266784668,-12.139208793640137
-6.200259685516357,-6.349936008453369,-5.95599889755249,-7.818090915679932,-10.700545310974121,-11.822729110717773,-11.822432518005371,-12.550612449645996,-14.958968162536621,-17.57634925842285,-18.364152908325195,-16.58557891845703,-14.63720703125,-13.987722396850586,-14.358392715454102,-14.217902183532715,-13.525835037231445,-13.142951965332031,-12.462581634521484,-11.92955207824707,-11.01204776763916,-9.460681915283203,-8.270760536193848,-7.808810710906982,-7.104374885559082,-6.335086345672607,-5.658595561981201,-5.118439197540283,-5.584059715270996,-5.204365253448486,-4.351394176483154,-4.944168567657471,-7.448972702026367,-8.389490127563477,-8.642054557800293,-8.746642112731934,-9.63276481628418,-9.210834503173828,-7.7714715003967285,-6.267544269561768,-4.8363518714904785,-4.3168745040893555,-5.94474458694458,-6.75419282913208
-6.2808837890625,-7.096988677978516,-7.217964172363281,-7.990128040313721,-9.902547836303711,-11.566094398498535,-12.054207801818848,-12.455594062805176,-14.463414192199707,-16.967422485351562,-17.720590591430664,-16.23375129699707,-14.239988327026367,-13.703025817871094,-14.716056823730469,-14.933694839477539,-13.766886711120605,-12.806318283081055,-11.604008674621582,-10.113775253295898,-9.920514106750488,-8.89497184753418,-7.746355056762695,-7.301850318908691,-6.837225437164307,-6.013097763061523,-6.007452487945557,-5.39835262298584,-5.620691776275635,-5.9943108558654785,-5.123234748840332,-4.066533088684082,-5.411161422729492,-7.276218891143799,-8.196539878845215,-8.257301330566406,-9.355379104614258,-9.328374862670898,-7.447273254394531,-5.483918190002441,-4.065698623657227,-3.366668939590454,-1.9731526374816895,0.17380064725875854
-7.128861904144287,-7.757228851318359,-7.583861827850342,-7.2197771072387695,-8.679814338684082,-11.352982521057129,-12.38839054107666,-12.849270820617676,-14.362661361694336,-16.581205368041992,-17.66230010986328,-16.633176803588867,-15.252730369567871,-14.544438362121582,-14.875185012817383,-14.659839630126953,-13.162069320678711,-11.950124740600586,-11.422614097595215,-10.52266788482666,-9.955338478088379,-9.19083023071289,-7.692713737487793,-6.51044225692749,-6.385505676269531,-6.143606662750244,-6.268096446990967,-6.148766040802002,-6.133111000061035,-6.6908087730407715,-5.868472576141357,-4.440417289733887,-3.546769857406616,-2.9919044971466064,-3.6898112297058105,-5.683801651000977,-7.256219863891602,-7.561868190765381,-5.687921047210693,-3.934415102005005,-3.354189872741699,-1.3562843799591064,1.5998510122299194,2.4603164196014404
-8.995285034179688,-8.786806106567383,-8.6460599899292,-8.895966529846191,-10.1558837890625,-11.652738571166992,-11.968267440795898,-12.587056159973145,-14.33753776550293,-16.98612403869629,-17.54856300354004,-16.542224884033203,-15.904106140136719,-15.206098556518555,-14.438681602478027,-13.43429946899414,-12.14793872833252,-11.006379127502441,-10.402229309082031,-10.193337440490723,-10.199864387512207,-9.48294448852539,-8.111064910888672,-6.540826320648193,-5.904745578765869,-6.251652240753174,-6.508983135223389,-6.6531195640563965,-7.426970958709717,-7.521862983703613,-6.672413349151611,-5.625654220581055,-4.336390495300293,-2.879987955093384,-2.375258207321167,-3.4850833415985107,-5.288269996643066,-5.962520599365234,-5.4788312911987305,-4.347168445587158,-3.285686731338501,-1.3295493125915527,1.3073168992996216,2.6366147994995117
-11.871644020080566,-11.698164939880371,-11.358518600463867,-10.898881912231445,-11.125503540039062,-11.383085250854492,-11.466815948486328,-12.324771881103516,-14.780712127685547,-17.67830467224121,-18.028358459472656,-17.708698272705078,-17.55144691467285,-16.288177490234375,-14.16937255859375,-12.115169525146484,-11.109051704406738,-10.673761367797852,-10.056112289428711,-10.207117080688477,-10.528420448303223,-9.567354202270508,-8.329093933105469,-7.4464850425720215,-7.170812606811523,-7.06905460357666,-6.703118801116943,-6.689828395843506,-7.682832717895508,-7.957334518432617,-7.911406993865967,-6.8605451583862305,-5.130238056182861,-3.5631024837493896,-3.0275847911834717,-3.423250913619995,-3.952115535736084,-4.108889102935791,-3.430487632751465,-2.270012855529785,-1.2574595212936401,-0.3211718201637268,1.8718491792678833,3.905426025390625
-13.3936128616333,-12.452993392944336,-11.398114204406738,-10.579401016235352,-10.837778091430664,-11.562041282653809,-12.300314903259277,-13.028491973876953,-14.927186965942383,-16.900344848632812,-18.09584617614746,-18.35936737060547,-17.447059631347656,-15.323534965515137,-12.998353004455566,-11.318512916564941,-10.446635246276855,-10.429407119750977,-10.318410873413086,-10.223179817199707,-9.919805526733398,-9.188130378723145,-8.769416809082031,-8.392878532409668,-8.042367935180664,-7.764183521270752,-6.932748794555664,-7.0983123779296875,-8.049385070800781,-7.762118339538574,-7.395755290985107,-7.056146621704102,-6.648195743560791,-5.961142539978027,-5.301435947418213,-4.472862243652344,-3.9783549308776855,-3.606417179107666,-2.797255277633667,-1.5290836095809937,-2.005528211593628,-3.2357428073883057,-1.7674390077590942,-0.36947450041770935
-11.917121887207031,-10.559137344360352,-9.653244972229004,-9.837624549865723,-11.040367126464844,-12.32027530670166,-13.231050491333008,-13.281723976135254,-13.821113586425781,-15.367218971252441,-16.86727523803711,-16.93871307373047,-15.515576362609863,-13.646265029907227,-12.624134063720703,-11.698999404907227,-10.622879981994629,-10.213602066040039,-9.511465072631836,-8.690592765808105,-8.238560676574707,-8.400314331054688,-8.609122276306152,-8.400310516357422,-7.901117324829102,-7.673216342926025,-6.9655327796936035,-6.580425262451172,-7.497519016265869,-7.222623825073242,-6.500065803527832,-7.098005771636963,-8.124751091003418,-8.557178497314453,-8.026199340820312,-6.917169570922852,-6.008533000946045,-5.052197456359863,-4.526922225952148,-3.490117311477661,-4.072556495666504,-6.5160908699035645,-7.5191264152526855,-6.507683753967285
-11.451726913452148,-9.68235969543457,-8.547691345214844,-9.84932804107666,-11.798372268676758,-12.611352920532227,-12.919891357421875,-12.86069393157959,-12.916810035705566,-14.130178451538086,-15.472514152526855,-15.755853652954102,-14.588998794555664,-12.936731338500977,-11.941262245178223,-11.141474723815918,-10.60326862335205,-9.532448768615723,-8.395848274230957,-7.739047527313232,-7.266528129577637,-7.342305660247803,-7.8910932540893555,-8.2420015335083,-8.063192367553711,-7.919530391693115,-7.19441032409668,-6.282073974609375,-6.839088439941406,-6.860846519470215,-6.595681667327881,-7.0732221603393555,-7.532309055328369,-7.77043342590332,-7.798218250274658,-7.195711612701416,-6.313405990600586,-4.690537452697754,-5.186391830444336,-5.981694221496582,-5.324334144592285,-5.611213684082031,-8.72760009765625,-9.907842636108398
-11.552145004272461,-10.040898323059082,-9.100417137145996,-10.153409004211426,-12.236050605773926,-12.489832878112793,-12.342326164245605,-12.847448348999023,-13.007282257080078,-13.79179573059082,-14.61181926727295,-14.850671768188477,-14.275506973266602,-12.934104919433594,-11.558920860290527,-10.573038101196289,-9.697702407836914,-8.182746887207031,-7.42482328414917,-7.196813106536865,-6.772080421447754,-6.379915237426758,-6.7124457359313965,-7.584626197814941,-7.9119391441345215,-7.936312675476074,-7.408811092376709,-6.793528079986572,-6.505528926849365,-6.484813690185547,-6.781054496765137,-6.691473007202148,-6.301788330078125,-5.705865383148193,-5.736764907836914,-5.249565601348877,-4.290330410003662,-3.5319857597351074,-5.494785308837891,-7.516903400421143,-6.75447940826416,-4.964481830596924,-5.872628211975098,-8.603922843933105
-11.073180198669434,-10.339632034301758,-10.217029571533203,-10.811140060424805,-12.352428436279297,-12.41562271118164,-12.15643310546875,-12.637426376342773,-13.586926460266113,-14.599902153015137,-14.740114212036133,-14.190644264221191,-14.15372085571289,-13.433565139770508,-12.236065864562988,-11.104918479919434,-9.910834312438965,-8.874072074890137,-8.496748924255371,-7.411810874938965,-6.705538749694824,-6.865010738372803,-7.2618560791015625,-7.373474597930908,-7.626049041748047,-7.781864166259766,-7.361095428466797,-6.567562103271484,-6.017246246337891,-6.6662726402282715,-7.03974723815918,-6.689200401306152,-6.163244247436523,-5.5934906005859375,-5.307637691497803,-4.418956756591797,-3.283132791519165,-3.5374579429626465,-6.68871545791626,-8.256462097167969,-7.464539051055908,-6.430654525756836,-6.313394069671631,-6.801408767700195
-11.040698051452637,-9.827627182006836,-9.932765007019043,-11.351273536682129,-12.531051635742188,-13.056404113769531,-12.474745750427246,-12.350494384765625,-13.284191131591797,-14.081978797912598,-13.77575397491455,-13.180586814880371,-13.430803298950195,-12.57634162902832,-12.229169845581055,-11.941603660583496,-9.943440437316895,-9.735445976257324,-10.324928283691406,-9.88357162475586,-9.337806701660156,-9.77896785736084,-9.923335075378418,-8.6680326461792,-8.018887519836426,-7.737166404724121,-6.692169189453125,-5.950071811676025,-6.142935276031494,-7.101174831390381,-7.106667518615723,-6.3687357902526855,-5.980231285095215,-6.441728115081787,-6.545727729797363,-5.717203140258789,-4.672598361968994,-4.858161449432373,-6.965487003326416,-8.177212715148926,-7.664371490478516,-6.702066898345947,-6.452446937561035,-5.488860130310059
-10.772428512573242,-10.224647521972656,-10.90452766418457,-11.798686027526855,-12.215566635131836,-13.023672103881836,-12.736390113830566,-12.658538818359375,-12.565549850463867,-12.237568855285645,-11.831155776977539,-11.538444519042969,-11.060847282409668,-9.785966873168945,-10.012020111083984,-10.576541900634766,-9.230894088745117,-9.664236068725586,-10.862588882446289,-11.27892780303955,-10.831518173217773,-10.22247314453125,-9.906801223754883,-9.085468292236328,-8.545233726501465,-7.9234938621521,-6.62322473526001,-5.787547588348389,-6.014938831329346,-6.7782416343688965,-6.875238418579102,-5.873276710510254,-5.002652168273926,-5.628145217895508,-6.813304424285889,-6.9463725090026855,-6.4088029861450195,-6.216653347015381,-6.6914191246032715,-7.666032314300537,-7.113945960998535,-5.472975254058838,-4.508153438568115,-4.5719780921936035
-11.828438758850098,-11.641549110412598,-12.0154447555542,-12.421417236328125,-12.916877746582031,-13.743650436401367,-13.465119361877441,-12.48990535736084,-11.343735694885254,-10.661450386047363,-10.500273704528809,-10.126443862915039,-9.05360221862793,-8.47100830078125,-9.338136672973633,-9.636747360229492,-8.825834274291992,-8.968754768371582,-9.851332664489746,-10.742305755615234,-11.257794380187988,-10.180737495422363,-8.984965324401855,-8.661473274230957,-8.364606857299805,-7.808035850524902,-6.558371543884277,-5.260157585144043,-5.4160685539245605,-5.961789608001709,-5.443376541137695,-4.523904323577881,-4.1047587394714355,-4.636943817138672,-6.111969470977783,-7.325717449188232,-7.157848358154297,-5.829625129699707,-5.5462751388549805,-6.878534317016602,-7.02001953125,-6.077163219451904,-5.210041046142578,-4.913883209228516
-13.757183074951172,-13.520265579223633,-12.951468467712402,-13.0993013381958,-14.38096809387207,-14.640600204467773,-13.636640548706055,-12.27048397064209,-10.855319023132324,-9.773717880249023,-9.468613624572754,-8.988757133483887,-8.308065414428711,-8.73144817352295,-9.426727294921875,-9.068649291992188,-8.173970222473145,-8.724530220031738,-9.57425308227539,-10.244156837463379,-10.93668270111084,-10.217597961425781,-8.84166431427002,-8.120017051696777,-7.607596397399902,-7.296273708343506,-6.041610240936279,-4.761724472045898,-4.895335674285889,-4.211145877838135,-2.8955647945404053,-2.859950542449951,-3.811275005340576,-4.446867942810059,-5.9033308029174805,-7.075551986694336,-6.318143367767334,-5.050468921661377,-4.976799488067627,-6.55953311920166,-7.561021327972412,-7.023825645446777,-7.2448906898498535,-7.258694171905518
-14.898504257202148,-14.367693901062012,-13.943387985229492,-13.691675186157227,-14.192561149597168,-13.411225318908691,-12.255513191223145,-11.299273490905762,-9.860773086547852,-8.388626098632812,-7.728908061981201,-7.126349925994873,-6.793404579162598,-7.580111026763916,-7.6958909034729,-7.2132248878479,-7.720582008361816,-8.768620491027832,-9.072607040405273,-9.322851181030273,-9.965993881225586,-9.490118026733398,-9.018227577209473,-8.353726387023926,-6.873049259185791,-5.756062984466553,-4.931820869445801,-4.649618625640869,-5.07109260559082,-3.5353646278381348,-1.9387694597244263,-1.6840580701828003,-1.9236013889312744,-2.3008925914764404,-4.172792434692383,-5.357048034667969,-5.33076286315918,-5.201369762420654,-4.792799949645996,-5.867254734039307,-6.1117987632751465,-6.698541641235352,-8.146199226379395,-9.157559394836426
-15.476702690124512,-14.529312133789062,-14.180274963378906,-14.367063522338867,-13.820155143737793,-12.429587364196777,-11.652802467346191,-10.674763679504395,-9.036895751953125,-7.448106288909912,-6.8311614990234375,-6.577352523803711,-6.699002742767334,-7.440482139587402,-6.270781517028809,-5.887659072875977,-7.4578118324279785,-8.681492805480957,-7.776793956756592,-7.28633451461792,-7.8343505859375,-7.8053507804870605,-7.5567097663879395,-7.119809150695801,-5.544800758361816,-3.85200834274292,-3.774535894393921,-4.422915935516357,-4.487014293670654,-3.284148693084717,-1.7537261247634888,-1.1634111404418945,-0.17030850052833557,0.6492937207221985,-0.5646438598632812,-3.1542277336120605,-5.354164123535156,-5.812710762023926,-5.108139514923096,-6.072615623474121,-6.302024841308594,-6.377745151519775,-8.491029739379883,-9.449139595031738
-14.87119197845459,-14.704317092895508,-14.493958473205566,-14.550810813903809,-13.370858192443848,-11.740272521972656,-10.901981353759766,-10.198108673095703,-8.92077922821045,-7.412785530090332,-7.029595375061035,-7.024074077606201,-7.146651268005371,-7.754086017608643,-7.2371673583984375,-6.170434474945068,-7.23690128326416,-8.51423454284668,-7.532474994659424,-6.46210241317749,-6.554143905639648,-7.063889980316162,-6.775735855102539,-5.922536849975586,-4.344398021697998,-2.5788867473602295,-1.8389965295791626,-2.7985129356384277,-2.6599504947662354,-2.0594074726104736,-1.228211522102356,-0.2807653248310089,0.28297194838523865,0.5492011308670044,0.5909030437469482,-2.260399341583252,-4.7796196937561035,-5.668795108795166,-5.374567031860352,-5.649829864501953,-5.002452373504639,-5.295737266540527,-7.577089786529541,-8.295258522033691
-14.465794563293457,-14.72905158996582,-14.562516212463379,-14.209232330322266,-12.92953872680664,-11.378096580505371,-10.268278121948242,-9.258949279785156,-8.012236595153809,-6.688991546630859,-6.047389507293701,-6.164858818054199,-6.078130722045898,-6.707229137420654,-7.088908672332764,-7.0656561851501465,-7.429238319396973,-7.4721360206604,-6.830275058746338,-6.304927349090576,-6.306666374206543,-6.5619659423828125,-6.086132526397705,-6.063631534576416,-5.825953006744385,-4.092410564422607,-2.048154354095459,-1.7706137895584106,-1.2479000091552734,-0.8352371454238892,-0.5750232338905334,0.7035787105560303,0.6271626949310303,0.018234936520457268,-0.8228719234466553,-2.4246537685394287,-3.7376890182495117,-4.731007099151611,-5.157808303833008,-4.157273769378662,-3.0261621475219727,-5.288210868835449,-7.864516258239746,-8.520197868347168
-14.692529678344727,-14.064563751220703,-13.093225479125977,-12.943875312805176,-12.067010879516602,-10.756646156311035,-8.83326244354248,-7.4394917488098145,-6.720400810241699,-5.821282386779785,-5.447035312652588,-5.58320951461792,-5.596346378326416,-5.550557613372803,-5.665011405944824,-6.0960822105407715,-6.267731666564941,-6.0953850746154785,-5.6512131690979,-5.4750542640686035,-5.402593612670898,-4.9935431480407715,-4.574526309967041,-3.748983144760132,-3.316316843032837,-3.648940086364746,-2.7206242084503174,-1.2843036651611328,-0.6393304467201233,-0.07613885402679443,0.39375191926956177,1.5231367349624634,1.169701099395752,0.004974883049726486,-1.7876601219177246,-2.497051477432251,-2.8728175163269043,-3.1176023483276367,-3.4488492012023926,-2.440171241760254,-2.1146645545959473,-4.40229606628418,-6.664810657501221,-7.5996503829956055
