data/wind_data/wind_53_0.json
{"header": {"parameterUnit": "KT", "parameterCategory": 2, "nx": 255, "ny": 198, "lo1": 44.73521041870117, "la1": -3.236724853515625, "lo2": 111.26478576660156, "la2": 43.468475341796875, "dx": 0.26192745566368103, "dy": -0.23708222806453705, "refTime": "2025-02-21 05:00:00", "forecastTime": 0, "parameterNumber": 2, "parameterNumberName": "eastward_wind"}, "data":
[rows 38 to 56 of 198, columns 43 to 85 of 255]
-13.344915390014648,-12.409157752990723,-12.161091804504395,-11.645727157592773,-11.155521392822266,-11.054805755615234,-10.231773376464844,-11.050732612609863,-13.727998733520508,-14.168522834777832,-10.915560722351074,-7.974312782287598,-9.192954063415527,-11.306129455566406,-10.41125774383545,-10.757786750793457,-12.446446418762207,-11.977635383605957,-11.119424819946289,-11.210691452026367,-11.262228012084961,-10.259639739990234,-8.875384330749512,-8.57620620727539,-9.2486572265625,-9.327912330627441,-8.944747924804688,-8.137205123901367,-8.004948616027832,-9.4850492477417,-9.6134672164917,-8.341789245605469,-7.916012763977051,-8.052978515625,-8.286127090454102,-8.84613037109375,-9.380277633666992,-9.365447044372559,-9.062589645385742,-8.390231132507324,-7.108238220214844,-6.5869526863098145,-7.248737335205078
-12.274910926818848,-11.643287658691406,-11.397839546203613,-11.367629051208496,-12.14649772644043,-12.805461883544922,-13.033447265625,-13.480857849121094,-13.635251998901367,-12.457629203796387,-9.877930641174316,-7.659985542297363,-9.05717658996582,-12.016610145568848,-11.887914657592773,-11.024741172790527,-11.14504337310791,-10.898612022399902,-10.166502952575684,-9.176050186157227,-9.371724128723145,-10.12857437133789,-9.794160842895508,-9.320143699645996,-9.402167320251465,-9.26469898223877,-8.809882164001465,-8.98473072052002,-9.660943984985352,-9.38609504699707,-8.651957511901855,-8.5621919631958,-8.336674690246582,-7.761573314666748,-7.886500358581543,-8.585651397705078,-8.635705947875977,-8.114279747009277,-7.79230260848999,-7.869086742401123,-7.069315433502197,-6.133734703063965,-7.013836860656738
-12.104552268981934,-11.217317581176758,-11.15011978149414,-12.625930786132812,-13.680038452148438,-13.00363826751709,-12.386765480041504,-12.84312915802002,-12.52667236328125,-10.724160194396973,-8.775757789611816,-8.090716361999512,-10.126408576965332,-12.183419227600098,-11.5042085647583,-10.239127159118652,-10.035347938537598,-10.66333293914795,-10.44615650177002,-8.99962329864502,-8.630270957946777,-9.940388679504395,-10.65968132019043,-9.355793952941895,-8.38438606262207,-9.35135269165039,-9.420100212097168,-8.387988090515137,-8.386797904968262,-8.034374237060547,-7.651123523712158,-7.739104747772217,-6.996031284332275,-6.110872745513916,-6.6450700759887695,-7.823376178741455,-7.437286376953125,-6.585745811462402,-6.941557884216309,-8.0016450881958,-7.376018524169922,-6.361270427703857,-7.531748294830322
-11.735969543457031,-10.729303359985352,-11.600812911987305,-13.315008163452148,-13.70216178894043,-12.111360549926758,-10.64383316040039,-11.961549758911133,-12.908079147338867,-9.600798606872559,-6.922237873077393,-9.465414047241211,-12.402737617492676,-11.604966163635254,-9.932206153869629,-10.209924697875977,-11.301473617553711,-11.000858306884766,-10.140777587890625,-9.18193531036377,-9.185464859008789,-9.504149436950684,-9.249125480651855,-8.906095504760742,-9.520466804504395,-9.790641784667969,-8.265982627868652,-7.375526428222656,-7.192504405975342,-7.155893802642822,-7.713769912719727,-7.766816139221191,-7.754732131958008,-7.757517337799072,-7.650822639465332,-7.166143894195557,-7.0818867683410645,-7.562189102172852,-7.522592067718506,-7.2099809646606445,-6.690499782562256,-6.622663974761963,-6.87632417678833
-11.986593246459961,-10.968143463134766,-12.132553100585938,-13.672167778015137,-13.251832962036133,-11.750507354736328,-11.18904972076416,-11.731785774230957,-12.288800239562988,-10.673949241638184,-9.82188892364502,-11.587597846984863,-11.992280960083008,-10.938794136047363,-10.048748016357422,-10.203808784484863,-10.510427474975586,-9.7435884475708,-8.822212219238281,-9.328400611877441,-10.355566024780273,-9.748191833496094,-8.982407569885254,-9.289438247680664,-9.168464660644531,-8.880218505859375,-8.565845489501953,-8.17509937286377,-7.501904010772705,-7.142636775970459,-7.3557000160217285,-6.956148624420166,-6.355887413024902,-5.859010219573975,-5.64539098739624,-5.316250324249268,-5.714926719665527,-6.7118916511535645,-6.823306083679199,-5.768218040466309,-4.491990566253662,-5.644345760345459,-6.041562080383301
-12.297246932983398,-11.935495376586914,-12.871149063110352,-13.34441089630127,-11.922651290893555,-11.94310474395752,-13.120862007141113,-12.577779769897461,-11.587729454040527,-11.496506690979004,-11.739547729492188,-11.652008056640625,-10.321864128112793,-9.043562889099121,-9.806244850158691,-10.414200782775879,-8.967710494995117,-7.576571464538574,-8.886322021484375,-10.82801628112793,-10.418176651000977,-9.234856605529785,-8.821039199829102,-8.57530403137207,-8.33486557006836,-8.909791946411133,-9.1490478515625,-8.240330696105957,-7.420122146606445,-6.4061150550842285,-6.321571350097656,-6.912269115447998,-6.178267478942871,-5.073019504547119,-4.049602031707764,-3.8067686557769775,-4.939374923706055,-5.607048988342285,-5.763657569885254,-5.630796432495117,-4.7667036056518555,-4.56578254699707,-5.955638408660889
-12.70068359375,-12.331277847290039,-11.40469741821289,-9.788905143737793,-8.157444953918457,-10.71398639678955,-13.836445808410645,-12.314334869384766,-10.239851951599121,-10.725322723388672,-11.582436561584473,-11.299324989318848,-10.02893352508545,-8.644169807434082,-9.230231285095215,-10.260770797729492,-9.043341636657715,-8.639457702636719,-10.871861457824707,-11.114914894104004,-8.252482414245605,-6.977574825286865,-7.7570977210998535,-8.688596725463867,-9.628210067749023,-9.103321075439453,-7.344335556030273,-6.3409247398376465,-5.847618579864502,-5.2138671875,-5.520723819732666,-5.924795150756836,-5.7443389892578125,-5.078135013580322,-4.1531877517700195,-4.260507106781006,-5.66287899017334,-6.552523612976074,-6.043093681335449,-6.139420986175537,-6.40664005279541,-5.571773529052734,-5.498838901519775
-11.373766899108887,-10.954028129577637,-10.095294952392578,-9.172211647033691,-9.745869636535645,-12.639421463012695,-13.752525329589844,-12.088455200195312,-10.732723236083984,-11.043739318847656,-11.324180603027344,-10.570823669433594,-9.85440444946289,-9.598264694213867,-10.205099105834961,-9.342338562011719,-7.724141597747803,-9.93885612487793,-12.298707008361816,-10.623583793640137,-8.938443183898926,-9.226552963256836,-8.799285888671875,-8.722613334655762,-9.233323097229004,-7.692368030548096,-5.828794002532959,-4.730414867401123,-3.9322071075439453,-4.746075630187988,-6.110444068908691,-5.755492210388184,-5.350818157196045,-5.736299514770508,-6.553229331970215,-7.387598514556885,-7.252586364746094,-6.597945690155029,-5.852226257324219,-5.6822829246521,-5.926535129547119,-5.188668251037598,-4.61175537109375
-10.614102363586426,-10.778133392333984,-11.24219036102295,-11.85191822052002,-12.808001518249512,-13.242207527160645,-12.000402450561523,-10.850610733032227,-10.859535217285156,-10.944531440734863,-10.186336517333984,-8.125922203063965,-7.092553615570068,-9.260043144226074,-10.802942276000977,-9.300989151000977,-8.747734069824219,-11.042000770568848,-12.091797828674316,-10.54886245727539,-9.262774467468262,-8.926065444946289,-7.960061550140381,-7.772875785827637,-8.587730407714844,-7.709787368774414,-6.24455451965332,-6.09160041809082,-6.795905113220215,-7.418006420135498,-7.476513862609863,-6.367120742797852,-5.4603705406188965,-5.581404685974121,-5.712014675140381,-5.483762741088867,-5.416146755218506,-5.305450439453125,-4.59613037109375,-4.626801013946533,-5.210263729095459,-4.532047271728516,-3.5460524559020996
-12.492971420288086,-11.981852531433105,-12.050252914428711,-12.131148338317871,-12.421606063842773,-12.730669021606445,-11.755821228027344,-10.90501594543457,-10.872160911560059,-10.326944351196289,-8.72376537322998,-7.018341064453125,-8.136098861694336,-10.690383911132812,-10.950236320495605,-9.928560256958008,-10.380407333374023,-11.270323753356934,-10.650163650512695,-9.346380233764648,-8.352452278137207,-8.142976760864258,-8.225515365600586,-8.246395111083984,-8.359893798828125,-8.084925651550293,-7.410307884216309,-7.352448463439941,-7.458073616027832,-7.162471294403076,-6.916414737701416,-5.763866901397705,-4.697906494140625,-4.977034568786621,-4.378137111663818,-3.0271708965301514,-3.492837429046631,-4.3157267570495605,-3.8114428520202637,-3.403743028640747,-3.214376449584961,-4.44537353515625,-5.1627068519592285
-11.393085479736328,-10.989544868469238,-11.218608856201172,-11.253035545349121,-11.414708137512207,-11.562488555908203,-11.32140827178955,-10.736862182617188,-10.437968254089355,-10.066909790039062,-9.782909393310547,-10.409547805786133,-11.578909873962402,-11.881714820861816,-11.082399368286133,-11.11755084991455,-11.551262855529785,-10.566773414611816,-9.457807540893555,-9.282660484313965,-9.461248397827148,-9.295753479003906,-8.63354778289795,-8.209955215454102,-8.320625305175781,-8.266486167907715,-7.274899482727051,-6.791326522827148,-7.055949687957764,-6.428217887878418,-5.455094814300537,-4.5783820152282715,-4.057004928588867,-3.7530574798583984,-3.14656662940979,-2.7523276805877686,-3.7748184204101562,-4.100239276885986,-2.9026939868927,-2.2151739597320557,-2.8753859996795654,-5.11037540435791,-4.919156551361084
-6.360895156860352,-7.6963701248168945,-11.243245124816895,-11.06225872039795,-8.4547700881958,-7.652028560638428,-9.734720230102539,-10.928875923156738,-9.59846019744873,-9.656046867370605,-10.600286483764648,-9.896317481994629,-9.021846771240234,-9.410384178161621,-10.765303611755371,-11.95647144317627,-11.963836669921875,-11.198023796081543,-10.817900657653809,-10.049002647399902,-8.544990539550781,-8.108844757080078,-8.398480415344238,-8.320472717285156,-8.199088096618652,-7.553979396820068,-6.754395484924316,-6.754513263702393,-7.124139785766602,-6.446961402893066,-4.899159908294678,-3.936527967453003,-3.2525362968444824,-2.9468672275543213,-3.9890332221984863,-4.889308929443359,-4.865818500518799,-3.214099884033203,-1.6294384002685547,-2.5578384399414062,-3.72895884513855,-3.2286150455474854,-3.741468906402588
-8.19554328918457,-10.382660865783691,-12.5860013961792,-10.550891876220703,-7.795962333679199,-6.4913434982299805,-8.557196617126465,-10.639132499694824,-9.180461883544922,-8.841207504272461,-10.284821510314941,-9.417985916137695,-7.026866912841797,-6.119752883911133,-8.253942489624023,-11.233622550964355,-11.809492111206055,-10.320284843444824,-8.354711532592773,-7.3301544189453125,-7.815849781036377,-8.913660049438477,-9.179303169250488,-8.143975257873535,-6.804612636566162,-6.0958685874938965,-5.971948623657227,-6.718590259552002,-7.063675880432129,-5.9696784019470215,-4.472925186157227,-3.07364559173584,-2.8738772869110107,-3.9095699787139893,-4.301309585571289,-3.6831612586975098,-3.293247699737549,-2.4640085697174072,-2.2886393070220947,-4.0311279296875,-4.62385892868042,-3.6686315536499023,-4.472778797149658
-9.99474811553955,-11.664827346801758,-11.585612297058105,-9.98840618133545,-9.660967826843262,-10.462920188903809,-10.961923599243164,-10.277372360229492,-10.476258277893066,-11.02289867401123,-9.746597290039062,-7.5702104568481445,-6.499433517456055,-8.319799423217773,-11.132043838500977,-12.291353225708008,-11.017389297485352,-8.435792922973633,-6.794520378112793,-7.645493030548096,-9.444268226623535,-9.290980339050293,-8.208725929260254,-6.798539638519287,-4.508448600769043,-4.705015182495117,-6.671672821044922,-6.730047702789307,-6.065790176391602,-5.58762788772583,-4.566771984100342,-4.020281791687012,-4.361936092376709,-4.323772430419922,-3.6089677810668945,-2.983063220977783,-2.784453868865967,-3.1665701866149902,-3.744497060775757,-4.0585713386535645,-3.8079044818878174,-3.398832082748413,-2.8324215412139893
-9.897529602050781,-10.125100135803223,-7.9135212898254395,-6.456019401550293,-8.26291561126709,-10.820953369140625,-10.80211353302002,-10.189766883850098,-10.849433898925781,-10.311594009399414,-8.009774208068848,-7.905444145202637,-10.17667293548584,-12.087915420532227,-12.754422187805176,-11.776052474975586,-10.139817237854004,-9.227598190307617,-9.120882987976074,-8.320405960083008,-7.708163738250732,-7.667872905731201,-6.269391059875488,-5.613105773925781,-6.482130527496338,-7.221263408660889,-7.051948547363281,-6.198045253753662,-5.589427947998047,-5.395734786987305,-4.981940269470215,-4.325179576873779,-4.182469844818115,-3.4767675399780273,-2.79158878326416,-2.735994815826416,-2.3993513584136963,-2.4814882278442383,-3.0456221103668213,-3.823402166366577,-3.389122247695923,-1.1928362846374512,-2.321716070175171
-11.21045970916748,-10.77299690246582,-8.054919242858887,-8.625575065612793,-11.292326927185059,-10.80543041229248,-8.393985748291016,-8.240655899047852,-9.56707763671875,-9.276676177978516,-9.208477973937988,-10.411908149719238,-10.226006507873535,-9.837018013000488,-9.541433334350586,-8.030878067016602,-7.457449913024902,-8.838282585144043,-9.530150413513184,-8.18046760559082,-6.092628002166748,-6.166363716125488,-7.4164042472839355,-7.1562371253967285,-6.6679558753967285,-6.84590482711792,-6.797266006469727,-5.800591468811035,-4.797190189361572,-4.652917385101318,-4.328733444213867,-2.730236530303955,-1.9207468032836914,-2.7790188789367676,-3.1878960132598877,-1.8607088327407837,-0.07860799133777618,0.26666340231895447,-1.6386175155639648,-4.594529628753662,-4.091602802276611,-2.620154619216919,-4.067452430725098
-7.765772342681885,-9.207379341125488,-9.342146873474121,-9.684233665466309,-9.406658172607422,-7.140482425689697,-7.150372505187988,-9.823823928833008,-10.05954360961914,-9.237668991088867,-8.693408966064453,-7.023011207580566,-7.929645538330078,-10.783990859985352,-11.388959884643555,-9.574322700500488,-8.626973152160645,-9.897323608398438,-9.999454498291016,-8.357094764709473,-7.860905170440674,-8.521217346191406,-8.728056907653809,-7.626757621765137,-6.050452709197998,-5.685619354248047,-5.3037943840026855,-4.372203350067139,-3.9937984943389893,-3.9683079719543457,-3.25441312789917,-1.818784236907959,-1.9519858360290527,-3.3402106761932373,-2.889117479324341,-0.9132457971572876,-0.24460068345069885,-1.5375556945800781,-3.107301712036133,-3.4164464473724365,-2.574936866760254,-2.6687560081481934,-3.609044313430786
-9.281881332397461,-10.032869338989258,-10.044540405273438,-8.502492904663086,-7.450809955596924,-10.039566993713379,-11.258275032043457,-8.755948066711426,-9.082242012023926,-11.151236534118652,-9.30901050567627,-8.48818302154541,-11.557012557983398,-12.489355087280273,-10.059663772583008,-8.153104782104492,-9.273368835449219,-10.667850494384766,-9.727227210998535,-8.0863676071167,-7.800395488739014,-7.432818412780762,-5.892425537109375,-4.803979873657227,-5.565191268920898,-6.185946464538574,-4.816917419433594,-3.4553966522216797,-3.542358875274658,-4.093498229980469,-3.937861204147339,-3.3727688789367676,-3.957639217376709,-3.775094747543335,-2.01133131980896,-1.918049931526184,-2.7329089641571045,-2.7689597606658936,-2.659174680709839,-2.1803221702575684,-2.277817964553833,-4.078790187835693,-5.150378704071045
-10.42059326171875,-9.431235313415527,-6.6376872062683105,-5.996140003204346,-8.995797157287598,-10.990768432617188,-9.07582950592041,-8.645143508911133,-10.8412446975708,-9.769115447998047,-7.873276233673096,-10.033697128295898,-12.37781047821045,-11.777140617370605,-10.741591453552246,-10.287251472473145,-9.811661720275879,-9.321731567382812,-8.371334075927734,-7.725996494293213,-7.9378790855407715,-7.036911487579346,-5.671467304229736,-6.065104007720947,-6.655646800994873,-5.962552547454834,-4.885757923126221,-4.390997409820557,-4.852704048156738,-5.030502796173096,-3.876436233520508,-3.235332727432251,-3.2875566482543945,-2.5807199478149414,-2.0060312747955322,-2.272500514984131,-1.3567506074905396,-0.636573314666748,-1.497285008430481,-2.4765219688415527,-3.5259432792663574,-4.794984340667725,-5.4538445472717285
