data/wind_data/wind_34_0.json
{"header": {"parameterUnit": "KT", "parameterCategory": 2, "nx": 255, "ny": 198, "lo1": 44.73521041870117, "la1": -3.236724853515625, "lo2": 111.26478576660156, "la2": 43.468475341796875, "dx": 0.26192745566368103, "dy": -0.23708222806453705, "refTime": "2025-02-20 10:00:00", "forecastTime": 0, "parameterNumber": 3, "parameterNumberName": "northward_wind"}, "data":
[rows 38 to 56 of 198, columns 86 to 128 of 255]
-4.97975492477417,-5.235960483551025,-4.812189102172852,-5.824232578277588,-6.794537544250488,-7.275903701782227,-7.004088878631592,-5.671693801879883,-4.963614463806152,-5.897148609161377,-6.166175365447998,-5.883134841918945,-5.840681552886963,-7.115976333618164,-6.537964344024658,-4.860779285430908,-5.194454669952393,-5.450072288513184,-6.938076972961426,-7.570987701416016,-7.507238864898682,-7.176619052886963,-6.787493705749512,-6.397561550140381,-5.667951583862305,-4.99749755859375,-6.4840168952941895,-6.821744441986084,-6.699478626251221,-7.066587924957275,-7.5358052253723145,-6.439913749694824,-5.587092399597168,-4.937292575836182,-4.924102783203125,-6.351233959197998,-7.988167762756348,-7.976412773132324,-8.451072692871094,-8.139665603637695,-7.492286205291748,-8.36767578125,-8.31152629852295
-3.5533034801483154,-4.885193347930908,-4.470911502838135,-4.65819787979126,-6.053671836853027,-6.802401065826416,-6.72161865234375,-6.184539318084717,-5.220170021057129,-4.969236850738525,-5.3689284324646,-5.22916316986084,-4.68477201461792,-5.79498291015625,-5.7176995277404785,-4.634366512298584,-4.264519691467285,-3.5307161808013916,-4.868099212646484,-5.687689304351807,-5.388200759887695,-4.6704559326171875,-4.837642669677734,-5.925765514373779,-5.375465393066406,-3.2170445919036865,-3.5877909660339355,-4.313503265380859,-4.8894219398498535,-4.698432445526123,-4.818723678588867,-5.27069616317749,-4.722744941711426,-4.202921390533447,-2.7778215408325195,-5.442313194274902,-6.660187721252441,-6.485680103302002,-6.959235191345215,-6.24553108215332,-6.491726875305176,-7.391989231109619,-7.586483955383301
-4.438833236694336,-6.384249210357666,-6.91583251953125,-5.813685894012451,-6.034682750701904,-7.133887767791748,-7.7235002517700195,-8.089319229125977,-7.278040885925293,-5.768173694610596,-5.83371639251709,-6.599701404571533,-5.494678020477295,-4.401225566864014,-4.119049549102783,-4.307762145996094,-4.072884559631348,-2.9577245712280273,-3.967963933944702,-5.324321746826172,-5.13459587097168,-4.436995506286621,-4.543252468109131,-5.345733642578125,-5.744780540466309,-3.788125991821289,-2.1662516593933105,-3.446157455444336,-4.038724422454834,-3.289337396621704,-2.3741438388824463,-3.7342865467071533,-2.951138734817505,-3.3479321002960205,-2.550563335418701,-3.4799017906188965,-4.0235981941223145,-2.96732497215271,-3.406120538711548,-3.97113299369812,-5.178342342376709,-6.426864147186279,-7.285673141479492
-7.3973798751831055,-8.129968643188477,-8.447465896606445,-7.544589996337891,-6.432513236999512,-7.011702060699463,-8.061294555664062,-8.939821243286133,-8.213234901428223,-6.246857166290283,-5.589529991149902,-6.8318586349487305,-6.915233612060547,-5.545763969421387,-5.616809844970703,-5.9918999671936035,-6.231266975402832,-5.312972068786621,-4.42093563079834,-5.743403911590576,-6.456784725189209,-7.201958179473877,-6.86895227432251,-5.584929943084717,-5.7266974449157715,-5.492395401000977,-4.064682960510254,-4.45400857925415,-3.7216503620147705,-2.9600014686584473,-2.0365447998046875,-2.390702247619629,-1.240975260734558,-1.9723412990570068,-1.5563316345214844,-0.5889082551002502,-0.0062388828955590725,1.1750361919403076,0.6131216883659363,-1.5153871774673462,-3.9277637004852295,-5.814418315887451,-7.265413761138916
-7.999436855316162,-7.382055282592773,-7.009766101837158,-6.7043986320495605,-5.889840126037598,-5.704599380493164,-6.63209342956543,-7.282427787780762,-6.825706958770752,-5.464231491088867,-4.023223876953125,-4.578938961029053,-6.655495643615723,-7.760992050170898,-8.685622215270996,-8.019181251525879,-7.973248481750488,-7.214501857757568,-5.759881496429443,-6.187811851501465,-7.013303279876709,-8.027384757995605,-7.524175643920898,-6.4808268547058105,-6.327375411987305,-6.060907363891602,-5.589068412780762,-5.199129104614258,-4.414494514465332,-4.147582530975342,-3.8982508182525635,-2.1517834663391113,-1.9510418176651,-0.7621381282806396,0.4188174605369568,1.6446452140808105,3.456477403640747,4.724371433258057,3.8383843898773193,1.2719281911849976,-2.691532850265503,-5.406156539916992,-7.197409629821777
-5.829651355743408,-5.2020063400268555,-5.365484237670898,-5.213697910308838,-4.443607807159424,-4.09368371963501,-5.103442192077637,-5.627358436584473,-5.375897407531738,-5.2978973388671875,-5.0650506019592285,-4.395718097686768,-5.70721435546875,-7.691073894500732,-9.230131149291992,-8.253740310668945,-7.743917465209961,-7.458993911743164,-6.770873546600342,-6.368474960327148,-6.168056011199951,-5.940694332122803,-5.838677406311035,-6.023960113525391,-6.204245567321777,-5.535585880279541,-5.18902063369751,-4.850625038146973,-4.97931432723999,-5.323544502258301,-5.282850742340088,-2.8850347995758057,-1.9213746786117554,-0.37279194593429565,0.984756588935852,3.005167007446289,6.549881458282471,7.767272472381592,8.459325790405273,2.6580100059509277,-1.4877713918685913,-4.741664886474609,-7.20048189163208
-4.593723773956299,-3.6856892108917236,-4.255779266357422,-5.2275800704956055,-5.067581653594971,-3.958662986755371,-4.244753837585449,-4.893688201904297,-4.790401458740234,-5.386245250701904,-6.509952068328857,-5.1530375480651855,-4.722100257873535,-6.518965244293213,-7.822181224822998,-7.79208517074585,-7.182722091674805,-6.717494964599609,-6.423093318939209,-6.4005632400512695,-6.138126373291016,-5.0920305252075195,-4.820903301239014,-4.861219882965088,-5.564180374145508,-5.148396015167236,-5.267205715179443,-4.86387300491333,-4.675130367279053,-4.379672050476074,-4.931868076324463,-3.6810967922210693,-0.9291002154350281,-0.21631377935409546,0.9355257153511047,3.746957302093506,7.291290760040283,9.600351333618164,2.106335163116455,-2.781808853149414,-1.2224233150482178,-2.5961198806762695,-6.983984470367432
-6.610087871551514,-5.3972296714782715,-4.3327555656433105,-5.938103199005127,-7.21426248550415,-5.9910969734191895,-4.572823524475098,-4.896054744720459,-4.963672161102295,-5.372492790222168,-5.95957612991333,-4.749923229217529,-3.7387804985046387,-5.098462104797363,-6.108952045440674,-6.36632776260376,-5.8434062004089355,-5.118546009063721,-5.2038254737854,-6.189925193786621,-6.696634769439697,-5.5685906410217285,-4.998824119567871,-4.208927154541016,-5.114185810089111,-4.870857238769531,-5.289978504180908,-5.49679708480835,-5.458966255187988,-3.909275770187378,-3.8964836597442627,-2.9480650424957275,-0.5840187668800354,0.018519317731261253,0.48365503549575806,1.7051212787628174,7.466289043426514,7.279437065124512,-4.662600517272949,-5.445074558258057,-3.5734076499938965,-2.5967276096343994,-3.893015146255493
-7.9625725746154785,-7.067084789276123,-5.192512035369873,-5.861784934997559,-7.246218204498291,-6.815853118896484,-5.1221923828125,-4.730587959289551,-4.195018291473389,-4.2126922607421875,-5.023677825927734,-6.258269786834717,-5.621823787689209,-3.9192445278167725,-4.6487531661987305,-5.197096824645996,-4.772286415100098,-4.338962078094482,-3.6058695316314697,-4.645346164703369,-5.7372212409973145,-5.745989799499512,-6.314545631408691,-5.42859411239624,-5.182238578796387,-4.615090847015381,-4.765440464019775,-5.073408126831055,-5.706644058227539,-4.768209457397461,-3.412203788757324,-1.7736155986785889,-0.2986203134059906,0.674041211605072,0.44717204570770264,0.24795229732990265,5.148740291595459,1.7686158418655396,-3.2817041873931885,-3.077526092529297,-3.128371238708496,-1.4267469644546509,-0.45516613125801086
-6.525000095367432,-5.7648162841796875,-4.777174949645996,-4.837120056152344,-5.362924098968506,-5.1781487464904785,-4.832069396972656,-5.057518482208252,-4.79009485244751,-3.9351089000701904,-3.613852024078369,-6.430429935455322,-7.129271507263184,-5.073132038116455,-4.300670146942139,-4.926390647888184,-4.673391342163086,-4.599807262420654,-3.4784767627716064,-3.0286455154418945,-4.409215927124023,-4.801520824432373,-6.249319076538086,-5.982397556304932,-5.442097187042236,-4.742559909820557,-4.356931686401367,-3.9239189624786377,-4.162853717803955,-4.410374641418457,-4.144349575042725,-1.4173178672790527,0.39834266901016235,1.86066472530365,0.1198069304227829,2.0961391925811768,3.5919928550720215,0.446596622467041,-2.9353604316711426,-3.3555634021759033,-2.7191784381866455,-0.8783019185066223,0.8323767781257629
-5.4017744064331055,-4.377860069274902,-2.937467098236084,-3.3897247314453125,-4.1788835525512695,-4.488504409790039,-5.3290228843688965,-5.923103332519531,-6.361594200134277,-6.057969093322754,-5.303591728210449,-5.1930766105651855,-6.020398139953613,-6.227750301361084,-5.3772664070129395,-5.707586765289307,-6.084201812744141,-5.630218982696533,-5.549957275390625,-3.1909000873565674,-3.2866744995117188,-3.6696407794952393,-4.992014408111572,-4.675755977630615,-4.988822937011719,-4.952810287475586,-4.536123275756836,-3.7412970066070557,-3.052802085876465,-3.5687248706817627,-4.704584121704102,-2.7779810428619385,0.7604411244392395,2.7464394569396973,2.1453659534454346,0.9662785530090332,2.8375985622406006,0.07347710430622101,-3.028454542160034,-2.8737244606018066,-4.115474700927734,-2.95440673828125,-1.6377969980239868
-5.335942268371582,-4.831451416015625,-3.9289278984069824,-3.845492362976074,-5.083477973937988,-6.3290910720825195,-7.390438079833984,-6.748654365539551,-6.8187785148620605,-7.974662780761719,-7.8697004318237305,-6.069385528564453,-5.9606122970581055,-5.719958782196045,-5.893608093261719,-6.408492088317871,-6.904242515563965,-6.264388561248779,-6.605201721191406,-5.1778459548950195,-3.586583137512207,-3.0264880657196045,-3.8597536087036133,-3.5639004707336426,-3.9222092628479004,-4.542195796966553,-4.667539119720459,-4.570803642272949,-3.3336269855499268,-3.1984901428222656,-4.353689670562744,-4.0016679763793945,0.6696050763130188,3.403655767440796,4.09944486618042,1.650217890739441,2.2164804935455322,-1.6531258821487427,-4.2726216316223145,-3.005605936050415,-3.0895578861236572,-2.7821900844573975,-2.279207706451416
-5.815288066864014,-6.988752841949463,-7.242214202880859,-6.661799907684326,-6.646695613861084,-7.0602617263793945,-7.85277795791626,-7.472514629364014,-7.388706684112549,-8.377498626708984,-7.936099529266357,-6.652756690979004,-6.424993991851807,-5.614202976226807,-5.171136856079102,-6.3228254318237305,-6.790812969207764,-6.231679916381836,-5.979443073272705,-6.449179649353027,-5.015334606170654,-3.4901888370513916,-3.193758487701416,-3.36081600189209,-2.610534429550171,-3.669823169708252,-4.338700771331787,-4.949941635131836,-3.9505884647369385,-3.0029804706573486,-3.7460803985595703,-3.2855160236358643,1.0595794916152954,4.059720993041992,4.93930196762085,2.1121978759765625,1.8191777467727661,0.2998218834400177,-2.164410352706909,-2.4050979614257812,-2.3225693702697754,-1.5190318822860718,-1.6315505504608154
-6.093566417694092,-7.5039777755737305,-7.453907489776611,-7.15084171295166,-6.31866455078125,-5.6370415687561035,-6.3788347244262695,-7.0633225440979,-7.134119987487793,-7.052674770355225,-6.3918890953063965,-5.699913024902344,-6.287590503692627,-6.2095818519592285,-5.079634666442871,-5.498698711395264,-6.1207475662231445,-5.793475151062012,-5.697277069091797,-6.0994977951049805,-5.260992050170898,-4.294894695281982,-3.7499887943267822,-3.974064350128174,-2.269397020339966,-2.8868260383605957,-3.439518928527832,-4.051025867462158,-3.746013641357422,-3.16813588142395,-3.429569721221924,-2.021268129348755,1.8188670873641968,3.2078609466552734,5.513758182525635,2.9915175437927246,1.9853882789611816,-2.2519826889038086,-2.4837095737457275,-1.1964341402053833,-1.9297696352005005,-1.2588164806365967,-1.531004786491394
-6.377662658691406,-5.826537132263184,-5.197455406188965,-5.80651330947876,-5.74646520614624,-4.960360527038574,-5.451783180236816,-6.3452277183532715,-6.6881232261657715,-6.217273235321045,-4.632713794708252,-5.11137056350708,-5.750462532043457,-6.493432998657227,-6.0959553718566895,-4.724551677703857,-4.909740447998047,-5.708071708679199,-6.097578525543213,-5.132180690765381,-4.358919143676758,-4.4429802894592285,-4.972282886505127,-5.056135654449463,-2.8569464683532715,-2.855581283569336,-2.126325845718384,-2.378418445587158,-2.658573627471924,-2.9813616275787354,-2.7880914211273193,-1.1599998474121094,1.28939688205719,3.3433423042297363,3.039154052734375,1.170316219329834,-1.8465654850006104,-3.115220546722412,-2.4532647132873535,-1.604758620262146,-1.5467584133148193,-1.9225538969039917,-1.1433477401733398
-6.230556011199951,-5.009828090667725,-4.988654613494873,-6.146734237670898,-6.393657684326172,-5.907223224639893,-5.4044013023376465,-5.380557060241699,-5.80750036239624,-6.233004093170166,-5.056362152099609,-6.079338073730469,-5.2054362297058105,-4.815722942352295,-5.06882905960083,-4.522197723388672,-3.862976551055908,-4.071957588195801,-3.8088319301605225,-3.2404537200927734,-2.520688772201538,-3.963361978530884,-5.376804828643799,-5.0771403312683105,-3.2826602458953857,-2.835447311401367,-1.6039718389511108,-1.2224406003952026,-1.3467830419540405,-2.0084495544433594,-1.7847943305969238,-0.06830637902021408,1.2823272943496704,3.329362630844116,0.4578780233860016,-1.8608981370925903,-4.807746887207031,-3.0652806758880615,-1.5422402620315552,-1.373376488685608,-0.6448442935943604,-0.5180555582046509,-0.6911086440086365
-6.103543281555176,-6.374446868896484,-6.2278523445129395,-6.292269706726074,-6.602115154266357,-6.858710289001465,-5.868377208709717,-5.695818901062012,-5.846202373504639,-6.623619079589844,-5.848972797393799,-5.068248748779297,-3.679135799407959,-3.3548390865325928,-1.9416513442993164,-3.468067169189453,-3.3726537227630615,-2.879923105239868,-0.8198754787445068,-1.3297240734100342,-0.8211705088615417,-3.0673224925994873,-4.358660697937012,-4.043308258056641,-3.3821470737457275,-2.8098723888397217,-1.7457548379898071,-0.9877306222915649,-0.7252989411354065,-0.8745009899139404,-0.7335860133171082,1.1596624851226807,1.6979234218597412,2.197267532348633,2.5880091190338135,2.993755340576172,-1.1146204471588135,-1.6467845439910889,0.23804299533367157,0.49039191007614136,0.6629635095596313,0.7533411383628845,0.7879958152770996
-6.131775379180908,-7.1032209396362305,-6.5118889808654785,-6.088119983673096,-6.7886433601379395,-7.257945537567139,-6.675989151000977,-7.054032325744629,-6.90989875793457,-6.66035270690918,-5.6876397132873535,-3.071305751800537,-2.6637353897094727,-4.4716033935546875,-2.5289995670318604,-2.1386196613311768,-1.917269229888916,-3.3123974800109863,-2.8795034885406494,-2.3195393085479736,-1.3422677516937256,-2.43076753616333,-2.915323495864868,-2.9266796112060547,-3.0004100799560547,-2.683685779571533,-1.8133289813995361,-0.4071332812309265,-0.013432931154966354,0.1494988352060318,-0.08784676343202591,2.1830434799194336,2.8778815269470215,0.6614842414855957,2.877624988555908,3.877748489379883,-1.0867429971694946,-0.25877290964126587,0.6019138097763062,1.1173484325408936,1.9036444425582886,2.857142686843872,1.961771011352539
-5.84406852722168,-6.4930739402771,-6.668649196624756,-7.0455522537231445,-7.416816711425781,-7.659883975982666,-7.500466823577881,-7.211387634277344,-6.824697494506836,-6.038966655731201,-6.068530559539795,-5.30335807800293,-4.601696968078613,-5.182103633880615,-5.327495098114014,-4.432785987854004,-2.6570398807525635,-1.788008689880371,-3.5083694458007812,-2.7803244590759277,-1.48704195022583,-0.7579836845397949,-0.7998219132423401,-0.843163251876831,-1.492750883102417,-1.5375323295593262,-1.4372508525848389,-0.5670408606529236,0.5598632097244263,1.1265813112258911,1.7758827209472656,2.2087461948394775,3.3850841522216797,1.9352285861968994,4.310001373291016,0.9286446571350098,-1.7630246877670288,2.2811243534088135,1.9975107908248901,1.138270378112793,1.8927081823349,1.7394505739212036,0.7217990756034851
