data/wind_data/wind_Surface_26.json
{"header": {"parameterUnit": "KT", "parameterCategory": 2, "nx": 255, "ny": 198, "lo1": 44.73521041870117, "la1": -3.236724853515625, "lo2": 111.26478576660156, "la2": 43.468475341796875, "dx": 0.26192745566368103, "dy": -0.23708222806453705, "refTime": "2025-02-20 02:00:00", "forecastTime": 0, "parameterNumber": 2, "parameterNumberName": "eastward_wind"}, "data":
[rows 57 to 75 of 198, columns 0 to 42 of 255]
-10.61959171295166,-11.423699378967285,-12.35702133178711,-13.194985389709473,-12.649579048156738,-12.199817657470703,-11.503252983093262,-10.30380630493164,-9.623376846313477,-10.159106254577637,-11.519699096679688,-12.657552719116211,-13.577543258666992,-13.781002044677734,-12.421920776367188,-9.126334190368652,-4.9851555824279785,-2.480085849761963,-2.5292675495147705,-1.1123273372650146,-0.6053903102874756,-4.0242486000061035,-5.677667140960693,-4.3989434242248535,-3.030177593231201,-3.0184457302093506,-1.2710063457489014,-1.4184983968734741,-5.585115432739258,-6.225752830505371,-5.987897872924805,-7.203807830810547,-7.9073686599731445,-8.551790237426758,-7.722579479217529,-7.969740390777588,-8.64329719543457,-8.959842681884766,-9.306989669799805,-8.831466674804688,-8.590117454528809,-8.835663795471191,-8.159788131713867
-11.342126846313477,-12.022564888000488,-12.858071327209473,-13.681047439575195,-13.230027198791504,-13.23835563659668,-12.796562194824219,-12.003503799438477,-11.223763465881348,-10.459291458129883,-10.875092506408691,-11.78744888305664,-12.672038078308105,-13.111740112304688,-13.269477844238281,-12.312578201293945,-11.494901657104492,-11.925995826721191,-12.315034866333008,-11.741454124450684,-9.802733421325684,-7.233397960662842,-5.585951805114746,-4.1020636558532715,-4.221632957458496,-5.119011878967285,-4.304181098937988,-4.744600296020508,-5.123935699462891,-6.236973762512207,-6.572380065917969,-6.389068603515625,-7.774834156036377,-7.7853827476501465,-7.821132183074951,-8.058737754821777,-8.277726173400879,-8.38422679901123,-8.39992618560791,-8.319156646728516,-8.488465309143066,-9.135384559631348,-8.922049522399902
-11.959270477294922,-12.522844314575195,-13.289590835571289,-14.012761116027832,-12.989251136779785,-13.019710540771484,-13.375018119812012,-12.882261276245117,-11.90555191040039,-11.075566291809082,-11.735601425170898,-12.247178077697754,-12.31859302520752,-12.375587463378906,-12.909525871276855,-13.267860412597656,-13.550451278686523,-13.844625473022461,-14.23505687713623,-13.890207290649414,-12.069791793823242,-10.594669342041016,-9.464341163635254,-7.887001991271973,-5.827389240264893,-4.696810245513916,-4.7353105545043945,-5.523637294769287,-6.67033052444458,-6.505832672119141,-5.649685859680176,-5.841118812561035,-6.752248764038086,-7.24825382232666,-7.939489364624023,-9.229252815246582,-9.816340446472168,-9.269163131713867,-8.881422996520996,-8.264185905456543,-7.204329013824463,-8.019063949584961,-9.064693450927734
-12.545741081237793,-12.988264083862305,-13.705704689025879,-14.544821739196777,-13.546027183532715,-12.311664581298828,-11.82887077331543,-12.25240421295166,-12.23074722290039,-11.729340553283691,-12.147015571594238,-11.74938678741455,-11.037193298339844,-10.660490036010742,-11.922795295715332,-13.482184410095215,-13.727389335632324,-13.89108657836914,-13.667988777160645,-12.23216724395752,-10.966628074645996,-9.928977012634277,-8.685921669006348,-7.16395902633667,-5.9410176277160645,-5.072425842285156,-5.129501819610596,-5.9728474617004395,-6.971003532409668,-6.9246649742126465,-5.27103853225708,-4.186686992645264,-5.590811252593994,-6.8104753494262695,-5.618237495422363,-5.7546586990356445,-7.652456283569336,-6.838599681854248,-5.76267147064209,-6.383804798126221,-7.167181491851807,-7.969498157501221,-8.839590072631836
-10.056525230407715,-10.75020980834961,-12.788288116455078,-14.475608825683594,-14.225049018859863,-13.552287101745605,-12.69400405883789,-11.20786190032959,-11.114532470703125,-12.188371658325195,-12.028252601623535,-11.168098449707031,-10.362682342529297,-9.762778282165527,-10.934267044067383,-12.938180923461914,-12.907744407653809,-12.11247444152832,-11.921955108642578,-11.096748352050781,-10.032563209533691,-8.832747459411621,-7.987293720245361,-6.930879592895508,-5.282156944274902,-5.038558483123779,-5.641046047210693,-5.600029468536377,-5.755366325378418,-6.618988037109375,-6.519824981689453,-5.567067623138428,-6.0358781814575195,-6.342718601226807,-5.621222972869873,-7.505336284637451,-4.7107768058776855,-6.540618419647217,-6.452520847320557,-6.59890604019165,-7.590729236602783,-7.304526329040527,-7.932637691497803
-6.183404922485352,-6.225340843200684,-10.220948219299316,-14.321562767028809,-14.83054256439209,-14.045597076416016,-13.447709083557129,-12.120604515075684,-11.167750358581543,-10.33852767944336,-10.01636791229248,-10.023700714111328,-10.219908714294434,-10.890660285949707,-11.377462387084961,-11.66612720489502,-11.79312801361084,-10.939804077148438,-9.646132469177246,-8.955092430114746,-8.738941192626953,-8.189860343933105,-7.15579891204834,-6.247182369232178,-5.1828436851501465,-4.421655178070068,-5.108410835266113,-5.499125003814697,-5.937933921813965,-6.828958034515381,-7.158731937408447,-7.021286487579346,-6.827138900756836,-6.783804416656494,-6.897822856903076,-7.311129093170166,-6.265259742736816,-5.761220455169678,-6.661059379577637,-6.63218879699707,-7.0304436683654785,-7.549846649169922,-7.759191989898682
-3.2486636638641357,-2.5780675411224365,-5.024237155914307,-6.09086275100708,-8.675039291381836,-12.738224029541016,-12.534387588500977,-10.963340759277344,-10.023433685302734,-9.19425106048584,-9.299720764160156,-8.903003692626953,-8.162544250488281,-9.220972061157227,-10.913649559020996,-10.988746643066406,-10.485457420349121,-10.461919784545898,-9.684542655944824,-8.461363792419434,-7.827464580535889,-7.089675426483154,-6.386828422546387,-5.947958469390869,-5.47062349319458,-4.621342658996582,-4.594841480255127,-5.8226237297058105,-6.7848734855651855,-6.016709327697754,-5.265737533569336,-5.17486047744751,-6.205885410308838,-6.84661865234375,-5.5429840087890625,-5.0123291015625,-5.790989875793457,-6.18502950668335,-6.446841716766357,-7.292475700378418,-7.750498294830322,-7.931098937988281,-7.998395919799805
-0.2823827862739563,-0.18907314538955688,-0.27410203218460083,1.0924444198608398,0.695842981338501,-3.847808837890625,-7.027257442474365,-6.308591365814209,-6.289909839630127,-6.8216094970703125,-7.679210186004639,-9.130950927734375,-9.384517669677734,-8.771934509277344,-9.390120506286621,-9.969932556152344,-9.02786636352539,-8.481962203979492,-7.393836975097656,-6.3134260177612305,-6.3986687660217285,-6.31361198425293,-4.987710952758789,-4.526294231414795,-5.544180870056152,-5.381563663482666,-4.758180141448975,-5.25002908706665,-5.910026550292969,-5.3657307624816895,-4.447690963745117,-4.95064640045166,-6.0353498458862305,-5.069134712219238,-5.146297931671143,-5.547055721282959,-5.790568828582764,-6.623547554016113,-6.5661115646362305,-7.245366096496582,-7.399415969848633,-7.321809768676758,-7.7966508865356445
1.3859736919403076,1.9511712789535522,2.008286476135254,3.796933650970459,4.924860954284668,3.286632776260376,1.766876459121704,0.014238114468753338,-1.652872085571289,-1.7934693098068237,-0.6391627788543701,-2.3472049236297607,-6.393975734710693,-7.43568754196167,-8.155031204223633,-8.722603797912598,-7.141883373260498,-6.234786510467529,-6.524794101715088,-5.966047763824463,-4.702045917510986,-4.3417439460754395,-4.823045253753662,-4.753903388977051,-4.434216022491455,-5.3010687828063965,-5.038242340087891,-4.110114574432373,-3.148998260498047,-3.0953009128570557,-4.070261001586914,-4.223597526550293,-4.658915042877197,-4.987475872039795,-5.1324687004089355,-5.1739373207092285,-5.146778106689453,-5.866230010986328,-6.637803077697754,-7.376228332519531,-7.549306392669678,-6.710779190063477,-6.742549419403076
1.7075433731079102,2.5244035720825195,2.7220911979675293,6.644475936889648,8.296157836914062,6.665692329406738,4.76614236831665,1.8018451929092407,-0.9749487638473511,-1.848986029624939,-0.4304868280887604,0.34909218549728394,-0.7176333665847778,-3.4593639373779297,-6.998979568481445,-7.60783052444458,-5.947990417480469,-5.398080825805664,-5.220051288604736,-4.996243476867676,-4.05801248550415,-3.1784729957580566,-3.732760190963745,-4.367094039916992,-4.047591686248779,-3.7987663745880127,-3.8049192428588867,-3.019437551498413,-2.758930206298828,-2.8916232585906982,-3.532512664794922,-4.111761569976807,-4.225710868835449,-4.458123683929443,-4.468634605407715,-4.629650592803955,-4.939929962158203,-5.613290309906006,-6.5457000732421875,-7.496177673339844,-8.085981369018555,-7.443818092346191,-7.048076152801514
2.7557404041290283,3.2902112007141113,3.587301731109619,6.215768337249756,8.260251998901367,8.491865158081055,7.164306640625,4.133136749267578,0.796349048614502,0.16836631298065186,2.034696102142334,0.9172291159629822,-1.0490366220474243,-1.644816279411316,-1.805336833000183,-1.5586128234863281,-3.088646411895752,-4.874987602233887,-4.513817310333252,-4.586240768432617,-3.999178171157837,-2.8868532180786133,-2.8318734169006348,-2.5631792545318604,-3.1689517498016357,-3.502833604812622,-3.1672966480255127,-3.139417886734009,-2.433681011199951,-2.3581323623657227,-3.0543618202209473,-3.508582353591919,-3.781986713409424,-3.911592960357666,-4.089776039123535,-4.433443546295166,-4.919373035430908,-5.431702136993408,-5.939306735992432,-6.408705234527588,-6.911300182342529,-7.491921424865723,-7.905346870422363
3.8004958629608154,4.757091999053955,5.638681888580322,6.37996244430542,8.059666633605957,7.751780033111572,5.146857261657715,0.9575023055076599,-2.319514751434326,-1.8932626247406006,0.6288636922836304,-0.46072936058044434,-2.1877315044403076,-2.9249625205993652,-3.1330058574676514,-0.5670596361160278,2.0437796115875244,0.8079773187637329,-2.779961585998535,-3.039480209350586,-1.8692405223846436,-1.876427173614502,-1.624556541442871,-2.687563896179199,-2.148071527481079,-2.0925023555755615,-3.201967239379883,-2.0943052768707275,-1.5936305522918701,-2.1015164852142334,-2.2310328483581543,-2.810448169708252,-3.1722068786621094,-3.215117931365967,-3.4529645442962646,-3.9562809467315674,-4.5120391845703125,-4.997518539428711,-5.409910678863525,-5.896307468414307,-6.398181915283203,-6.7735724449157715,-7.133017063140869
4.3939690589904785,4.623223781585693,5.138765335083008,7.718461513519287,10.776453971862793,8.1004638671875,3.867124080657959,-2.0115110874176025,-7.466569900512695,-6.975744247436523,-3.187964677810669,-1.9217684268951416,-3.9226059913635254,-5.41841459274292,-4.141765594482422,1.76768159866333,6.204817771911621,4.708184242248535,1.5882210731506348,0.31228238344192505,0.0036653655115514994,-1.026034951210022,-1.6512271165847778,-1.5422275066375732,-0.878049373626709,-1.4407137632369995,-0.8136864900588989,-2.2994024753570557,-1.8471180200576782,-0.7363553047180176,-2.2072293758392334,-2.0975985527038574,-2.661383867263794,-2.5392696857452393,-2.831127166748047,-3.29792857170105,-3.973865509033203,-4.49921178817749,-4.922438144683838,-5.32568359375,-5.786210536956787,-6.242372989654541,-6.54827880859375
4.716980934143066,4.405198097229004,4.9938645362854,7.707705497741699,9.159541130065918,5.143354415893555,1.629332184791565,-2.609595537185669,-8.575197219848633,-9.452024459838867,-5.478429317474365,-2.939671039581299,-3.676755905151367,-4.099703311920166,-1.5608572959899902,2.710099220275879,6.216927528381348,4.074018955230713,0.8834198117256165,0.8991358876228333,2.416090726852417,3.293598175048828,2.411656141281128,0.2511866092681885,-0.12377557903528214,-1.0132970809936523,-1.6521310806274414,-0.607678234577179,-0.6188340783119202,-0.7633509635925293,-1.102691888809204,-1.6368589401245117,-1.9677921533584595,-2.0274546146392822,-2.2107367515563965,-2.645557165145874,-3.2544631958007812,-3.803555727005005,-4.197239875793457,-4.627528667449951,-5.116058826446533,-5.530777931213379,-5.87321662902832
5.504258155822754,6.448530673980713,6.912020206451416,7.963267803192139,7.647477149963379,3.8200178146362305,0.43452948331832886,-1.7780511379241943,-5.827188491821289,-8.856100082397461,-6.122912883758545,-1.869639277458191,0.12424258887767792,1.500855803489685,2.2498199939727783,1.8888033628463745,0.13722644746303558,-3.7398993968963623,-4.2495903968811035,-0.3179453909397125,3.5831267833709717,5.656914234161377,5.181689739227295,2.2588720321655273,0.3324710428714752,0.5272350311279297,-1.5975931882858276,-0.8446735143661499,-0.012757379561662674,-0.8809458613395691,-0.28253746032714844,-0.9388132691383362,-1.2678215503692627,-1.4921684265136719,-1.5902762413024902,-1.9106045961380005,-2.4222161769866943,-3.0118260383605957,-3.498572587966919,-3.921128034591675,-4.327683925628662,-4.670271873474121,-4.921648025512695
6.308045387268066,8.675952911376953,8.286416053771973,7.777834892272949,6.349514007568359,3.188546895980835,0.37362122535705566,-0.47988444566726685,-1.6404590606689453,-4.199344158172607,-3.917738437652588,-0.6858035326004028,1.8584243059158325,3.078234910964966,1.9127000570297241,-0.385757178068161,-1.8337664604187012,-3.1242871284484863,-3.108839273452759,-0.7437760233879089,2.1069912910461426,3.153224229812622,2.1100385189056396,-0.5579941272735596,-0.24292919039726257,3.3333535194396973,4.674317359924316,2.0933070182800293,-0.6218354105949402,-0.6484653353691101,0.3402267098426819,-0.03283695504069328,-0.5793510675430298,-0.9166505932807922,-1.0278147459030151,-1.1732385158538818,-1.5644222497940063,-2.1058080196380615,-2.685668468475342,-3.1308586597442627,-3.4594547748565674,-3.704195499420166,-3.8621504306793213
6.435473918914795,8.421873092651367,6.42274808883667,5.151736259460449,3.862415313720703,2.8435163497924805,1.0515062808990479,-0.5006824135780334,-0.28963786363601685,0.5112046003341675,1.083963394165039,1.0497874021530151,-0.7751661539077759,-2.586137294769287,-1.9799152612686157,0.13180716335773468,0.6832631826400757,0.34419843554496765,0.4532938003540039,1.0784052610397339,1.247836947441101,-0.9968764185905457,-4.327011585235596,-4.451440334320068,-0.1475658118724823,4.317387580871582,5.727296829223633,4.020004749298096,1.327797293663025,0.7277402877807617,1.673068642616272,1.2608174085617065,0.28546231985092163,-0.42423707246780396,-0.4467908442020416,-0.48608773946762085,-0.7785558104515076,-1.162604570388794,-1.705707311630249,-2.166015386581421,-2.4676642417907715,-2.5609023571014404,-2.627653121948242
4.786675930023193,5.98928165435791,4.509188175201416,3.9981298446655273,3.5492312908172607,2.882995128631592,1.2617260217666626,-1.360335111618042,-1.7504990100860596,0.4384145736694336,-2.342461109161377,-4.3184285163879395,-1.5374619960784912,-1.6091690063476562,-3.536086320877075,-1.7818082571029663,0.9913280606269836,1.7868502140045166,2.1108603477478027,0.10315212607383728,-3.487092971801758,-6.199263095855713,-5.58066987991333,-3.002528190612793,0.40150630474090576,1.7781699895858765,2.7671430110931396,4.040253162384033,4.629536151885986,3.3945579528808594,3.2734081745147705,2.520181655883789,0.7198251485824585,0.09639257192611694,0.10146315395832062,0.17898961901664734,0.04224102944135666,-0.19219805300235748,-0.5852518081665039,-1.0118135213851929,-1.3050541877746582,-1.4355225563049316,-1.502673864364624
4.550232887268066,5.886437892913818,5.029803276062012,5.543965816497803,5.363262176513672,2.5873379707336426,-0.1236647292971611,-2.3789985179901123,-2.7538700103759766,-0.7326914072036743,-1.9651079177856445,-2.910529613494873,1.1969856023788452,2.1516497135162354,-2.030127763748169,-2.090198278427124,0.6518641710281372,0.19133789837360382,-2.580153465270996,-5.660065174102783,-6.784439563751221,-4.606132507324219,-0.9996981620788574,0.9376794695854187,1.9137823581695557,2.7100460529327393,3.569579839706421,4.385670185089111,3.994349956512451,3.5638225078582764,3.186896324157715,2.0833752155303955,1.0163180828094482,0.680754542350769,0.8410476446151733,1.0702731609344482,1.1051822900772095,0.9026897549629211,0.6843093037605286,0.3339950740337372,-0.007586439605802298,-0.19146576523780823,-0.30359554290771484
