data/wind_data/wind_2_4.json
{"header": {"parameterUnit": "KT", "parameterCategory": 2, "nx": 256, "ny": 198, "lo1": 44.73521041870117, "la1": -3.236724853515625, "lo2": 111.26478576660156, "la2": 43.468475341796875, "dx": 0.2609002888202667, "dy": -0.23708222806453705, "refTime": "2025-02-19 02:00:00", "forecastTime": 0, "parameterNumber": 2, "parameterNumberName": "eastward_wind"}, "data":
[rows 114 to 132 of 198, columns 176 to 219 of 256]
33.76417922973633,34.96197509765625,34.9489860534668,34.21611785888672,33.73268127441406,34.55270767211914,35.31706237792969,34.52561569213867,32.500732421875,29.55487823486328,27.129268646240234,25.711034774780273,25.49842643737793,27.652788162231445,29.705951690673828,29.807403564453125,29.641746520996094,29.425838470458984,28.148481369018555,27.506072998046875,29.132722854614258,30.56322479248047,30.28399085998535,30.660118103027344,32.61714553833008,32.27656936645508,32.35378646850586,32.00305938720703,32.43048095703125,35.53535461425781,37.81178665161133,35.72280502319336,33.15249252319336,32.04325866699219,32.610008239746094,34.77043151855469,36.40576934814453,37.67621612548828,40.29515838623047,42.50469970703125,42.29902648925781,38.93912124633789,38.839298248291016,42.68428421020508
35.804569244384766,37.01665496826172,37.777626037597656,37.66605758666992,36.89457321166992,36.435874938964844,36.61793518066406,36.25867462158203,34.732147216796875,32.48952865600586,30.25476837158203,28.200769424438477,26.781888961791992,26.86372184753418,29.002670288085938,31.094947814941406,31.92222785949707,32.094810485839844,29.846513748168945,25.908098220825195,26.6954345703125,28.86919403076172,28.527061462402344,28.88182830810547,30.54863739013672,32.19550323486328,32.4141960144043,32.36197280883789,33.80854034423828,36.2484130859375,39.413021087646484,39.61344909667969,39.222389221191406,40.267757415771484,40.47880172729492,39.55900573730469,38.90653610229492,41.06843566894531,44.20105743408203,46.557167053222656,45.147804260253906,41.53987121582031,40.135887145996094,41.82417297363281
39.732975006103516,40.156890869140625,40.20925521850586,39.72574234008789,38.915279388427734,38.21192932128906,37.580291748046875,36.62504196166992,35.73525619506836,34.92229461669922,33.92106628417969,32.07000732421875,30.02216339111328,28.565868377685547,29.159561157226562,31.310565948486328,32.38957595825195,33.245704650878906,31.81203842163086,26.877197265625,24.088869094848633,23.796247482299805,23.497364044189453,23.025650024414062,25.237659454345703,27.485370635986328,28.54722785949707,28.960681915283203,33.136436462402344,38.574764251708984,42.722679138183594,44.07769775390625,45.28166198730469,47.69597625732422,49.268428802490234,48.088470458984375,46.8007698059082,46.16655731201172,46.99802780151367,47.71652603149414,46.148128509521484,44.27912139892578,43.540592193603516,43.412296295166016
42.943359375,43.403724670410156,43.72313690185547,43.137332916259766,41.72528076171875,40.05108642578125,38.71866226196289,37.2279052734375,35.719539642333984,34.7886962890625,34.83750915527344,34.689395904541016,33.09046936035156,31.006935119628906,29.990659713745117,30.970352172851562,32.09107971191406,33.05458068847656,32.97016143798828,31.448802947998047,28.583316802978516,24.290884017944336,21.146638870239258,17.8974552154541,20.18651580810547,23.376188278198242,24.578224182128906,24.547590255737305,29.76017951965332,37.384586334228516,43.114933013916016,45.49159240722656,46.71946716308594,48.93564224243164,50.57183074951172,50.59539031982422,49.30348587036133,49.02060317993164,49.751956939697266,48.89560317993164,46.487030029296875,44.723819732666016,43.60020446777344,43.08457946777344
43.25721740722656,43.92436599731445,45.03478240966797,45.54449462890625,44.6153450012207,42.18383026123047,40.07005310058594,39.148685455322266,37.5363883972168,34.02067184448242,31.619029998779297,31.6285400390625,32.27861022949219,31.86844253540039,30.743867874145508,30.341325759887695,30.637174606323242,31.964509963989258,33.534481048583984,34.58910369873047,33.45805740356445,29.43169403076172,24.877796173095703,21.850849151611328,23.1374454498291,25.849313735961914,25.685087203979492,25.62099266052246,28.852392196655273,34.09907150268555,38.649986267089844,41.96324157714844,43.43620681762695,45.104854583740234,46.315155029296875,45.692996978759766,45.12287139892578,46.31930923461914,47.74631118774414,47.40056228637695,43.42829513549805,40.0895881652832,40.23135757446289,42.87900924682617
40.515872955322266,40.92457962036133,41.99297332763672,43.66666793823242,45.02882766723633,45.76995086669922,44.786563873291016,41.356441497802734,38.79713821411133,37.06426239013672,34.03269577026367,30.995859146118164,30.637676239013672,31.65962791442871,31.48244285583496,30.491737365722656,29.68718719482422,30.198400497436523,32.772499084472656,35.239288330078125,36.15242004394531,34.14189147949219,30.982393264770508,29.45263671875,29.959047317504883,30.079673767089844,28.49875831604004,28.193466186523438,30.872135162353516,34.080299377441406,37.053646087646484,39.15737533569336,38.95636749267578,38.712345123291016,39.722206115722656,37.95238494873047,33.99803924560547,32.89191436767578,35.81134796142578,38.48910140991211,39.352821350097656,39.633018493652344,40.16820526123047,41.81757736206055
33.71553039550781,33.76055145263672,34.22671127319336,36.65293884277344,41.23417663574219,43.97989273071289,45.06682205200195,42.20835494995117,39.51847839355469,40.36005783081055,41.14508056640625,36.78935623168945,31.347312927246094,29.471548080444336,29.724716186523438,30.01227569580078,29.517885208129883,28.742708206176758,29.08528709411621,30.259925842285156,31.64157485961914,32.150413513183594,32.17096710205078,32.55080795288086,33.55356979370117,30.564096450805664,26.377609252929688,25.84417724609375,29.425508499145508,33.45488357543945,37.338539123535156,39.52676010131836,38.943634033203125,38.703121185302734,36.72529220581055,29.764995574951172,25.250598907470703,27.142560958862305,32.800960540771484,37.62812423706055,39.65349578857422,37.38039779663086,33.71391677856445,32.753990173339844
30.737091064453125,29.97133445739746,27.121540069580078,28.174884796142578,35.073814392089844,39.9119758605957,41.6383056640625,38.43291091918945,34.81589889526367,38.23695373535156,42.42683792114258,41.851802825927734,36.03507614135742,30.77985954284668,28.000417709350586,27.597789764404297,28.437021255493164,28.11732292175293,26.854745864868164,26.38105010986328,27.391448974609375,29.34711265563965,31.83616065979004,33.90766906738281,33.34009552001953,27.037479400634766,22.636154174804688,22.498563766479492,26.174135208129883,31.514850616455078,35.92391586303711,38.19963073730469,39.07002258300781,39.81410217285156,40.51346969604492,39.30654525756836,37.57558822631836,37.19499588012695,36.83268356323242,34.01318359375,28.629934310913086,25.35751724243164,22.310182571411133,22.35116195678711
21.726083755493164,24.685523986816406,24.903837203979492,25.081979751586914,27.854726791381836,32.06744384765625,35.498905181884766,38.18505096435547,33.98222732543945,33.306121826171875,37.68989562988281,38.09245681762695,34.3177604675293,29.155738830566406,26.85038948059082,26.36972427368164,26.620222091674805,27.124723434448242,27.183515548706055,26.20785140991211,25.145509719848633,26.19457244873047,30.71782875061035,36.83729934692383,36.12544250488281,28.179140090942383,23.668697357177734,24.10097885131836,27.301172256469727,32.90432357788086,36.513031005859375,37.798885345458984,39.07599639892578,40.17965316772461,42.71726608276367,44.43811798095703,45.34115982055664,43.38499069213867,38.370582580566406,31.212112426757812,24.231828689575195,21.697925567626953,20.650083541870117,24.32494354248047
9.314001083374023,13.321161270141602,16.228334426879883,16.49366569519043,16.35314178466797,17.155094146728516,17.68431282043457,25.11630630493164,29.310665130615234,23.848051071166992,19.713464736938477,20.07607078552246,21.320598602294922,22.753019332885742,22.50188446044922,23.154996871948242,24.810150146484375,25.565765380859375,26.531368255615234,25.567842483520508,23.026126861572266,23.273883819580078,28.15475845336914,35.93919372558594,39.979087829589844,38.13075637817383,33.264678955078125,29.201412200927734,30.46582794189453,34.50556182861328,37.3883056640625,39.446495056152344,40.61783218383789,41.050838470458984,44.0318717956543,45.622840881347656,45.39558410644531,42.594276428222656,37.17155075073242,31.01789093017578,28.0402774810791,27.861970901489258,29.05624771118164,32.486000061035156
13.577401161193848,13.394533157348633,13.77056884765625,12.578728675842285,9.998537063598633,9.05512523651123,9.544378280639648,7.688673496246338,21.04271697998047,15.24712085723877,6.696349620819092,5.421145915985107,7.656707286834717,12.013219833374023,16.17738914489746,18.94953155517578,20.23514175415039,19.438596725463867,18.604999542236328,17.66411781311035,17.170940399169922,19.420568466186523,23.349334716796875,31.029027938842773,40.66114807128906,46.69317626953125,41.900394439697266,34.332332611083984,33.08106994628906,31.868026733398438,30.329904556274414,32.59176254272461,34.6315803527832,34.15751647949219,37.093196868896484,41.24181365966797,43.03192138671875,42.91497802734375,41.51697540283203,38.747840881347656,37.92700958251953,38.06602096557617,39.20539474487305,40.94087600708008
20.533727645874023,21.06222915649414,21.15489387512207,20.620698928833008,17.590946197509766,13.590984344482422,10.866377830505371,9.128352165222168,15.433877944946289,14.316991806030273,7.117317199707031,3.4670722484588623,4.27658224105835,6.828141212463379,8.564549446105957,12.203492164611816,13.289411544799805,13.265480041503906,14.043985366821289,13.69758415222168,16.137283325195312,24.335588455200195,29.049646377563477,31.79568862915039,36.735931396484375,41.937965393066406,42.36008834838867,38.41643524169922,34.09708023071289,25.838973999023438,22.292457580566406,26.776166915893555,28.103181838989258,27.123062133789062,29.267532348632812,35.030303955078125,40.11420440673828,41.45618438720703,42.34773635864258,43.05537414550781,43.896366119384766,43.16217803955078,44.16156005859375,43.3482666015625
22.01822853088379,20.956405639648438,19.396238327026367,19.531057357788086,18.67902946472168,17.046520233154297,15.77310848236084,14.44242000579834,12.348176002502441,14.213591575622559,11.960623741149902,7.522773265838623,3.094132661819458,1.7474735975265503,-3.9497408866882324,8.705647468566895,11.235174179077148,11.838831901550293,15.089102745056152,16.091459274291992,16.754613876342773,22.815479278564453,26.583541870117188,26.641023635864258,26.748626708984375,31.755836486816406,40.19996643066406,45.188724517822266,44.36723327636719,35.79368209838867,29.22027015686035,29.06117820739746,27.055849075317383,23.38529396057129,24.63676643371582,30.11978530883789,33.624916076660156,34.77257537841797,37.723209381103516,40.39841079711914,41.81909942626953,41.201499938964844,39.986270904541016,38.78453063964844
20.23768424987793,18.7860107421875,17.39280891418457,17.065805435180664,16.793445587158203,16.86545181274414,16.958236694335938,17.26836585998535,16.80879020690918,17.33879852294922,16.871479034423828,13.808487892150879,7.209519386291504,0.24596060812473297,-6.7720184326171875,3.796522378921509,6.412384510040283,7.471968650817871,11.177555084228516,13.944452285766602,13.449280738830566,16.377511978149414,17.772220611572266,15.76915454864502,16.263320922851562,20.184078216552734,32.338722229003906,44.727867126464844,45.873661041259766,38.934715270996094,34.36423110961914,32.6223030090332,30.62330436706543,27.633869171142578,28.220081329345703,32.50022888183594,34.43355178833008,32.48771286010742,32.68147277832031,33.9753303527832,34.73769760131836,34.647804260253906,34.904685974121094,35.2676887512207
13.527727127075195,15.515406608581543,15.911237716674805,13.683136940002441,12.087393760681152,12.446744918823242,13.69674015045166,14.143757820129395,13.773907661437988,15.506247520446777,18.338768005371094,19.657249450683594,16.020349502563477,5.182295322418213,-3.6850829124450684,1.0444178581237793,-0.8238770961761475,-2.391664743423462,9.333761215209961,11.087281227111816,11.307188987731934,14.231371879577637,16.953828811645508,17.626331329345703,19.818727493286133,23.532461166381836,32.28408432006836,37.81272506713867,32.951454162597656,32.30788040161133,32.647701263427734,31.226104736328125,31.55674171447754,32.24571228027344,34.98426055908203,39.98854446411133,43.20204162597656,41.122562408447266,36.32631301879883,33.84013366699219,34.95294189453125,36.947998046875,39.241886138916016,34.894004821777344
8.445755004882812,9.409449577331543,9.511946678161621,9.072856903076172,8.868446350097656,10.594511032104492,13.666854858398438,15.133810997009277,15.250473976135254,17.464811325073242,19.892362594604492,19.731285095214844,18.59918975830078,10.112932205200195,1.424486756324768,1.9967443943023682,1.5463370084762573,-3.5404558181762695,4.809167861938477,10.354853630065918,11.508692741394043,14.327939987182617,17.462139129638672,23.471092224121094,29.128746032714844,28.871553421020508,26.842329025268555,25.38908576965332,25.32148551940918,27.709239959716797,28.422534942626953,29.006023406982422,31.479747772216797,35.28776168823242,40.371368408203125,45.80390548706055,49.96473693847656,51.56357955932617,48.5391731262207,43.969261169433594,43.83749008178711,45.08531951904297,44.63405990600586,30.908977508544922
15.661773681640625,13.692489624023438,8.94398307800293,5.225448131561279,6.743371486663818,9.411407470703125,12.67806625366211,14.832849502563477,16.06525421142578,18.145965576171875,21.23235321044922,20.93779945373535,18.919031143188477,11.77015495300293,3.6411759853363037,-0.8057705760002136,5.688061714172363,2.5260367393493652,2.657898187637329,7.1218647956848145,12.510939598083496,16.798667907714844,21.133893966674805,27.540212631225586,27.52627182006836,23.013940811157227,18.805381774902344,20.165164947509766,26.269140243530273,27.75970458984375,25.911550521850586,26.475770950317383,29.573976516723633,33.79350280761719,38.31086730957031,43.113258361816406,47.30093002319336,49.41042709350586,49.15792465209961,46.85786437988281,45.4505615234375,47.25514221191406,44.83244705200195,31.744441986083984
20.144573211669922,15.540006637573242,16.547412872314453,19.362491607666016,15.921361923217773,13.483865737915039,13.628881454467773,13.144255638122559,11.977603912353516,12.791380882263184,15.852473258972168,16.57884979248047,15.110394477844238,12.424545288085938,7.512848377227783,2.3361411094665527,4.613218784332275,4.889530658721924,3.700416326522827,4.817496299743652,9.448789596557617,14.183517456054688,19.240602493286133,24.506526947021484,19.340320587158203,15.342506408691406,13.112898826599121,20.71503257751465,25.157960891723633,24.844491958618164,24.56861686706543,25.1334285736084,28.328176498413086,31.976930618286133,34.18646240234375,36.75283432006836,38.8541374206543,39.486446380615234,40.343345642089844,41.58301544189453,41.40036392211914,43.28287124633789,41.86653137207031,35.910953521728516
17.53623390197754,16.254396438598633,16.126325607299805,17.65201759338379,14.839837074279785,13.246195793151855,11.526741981506348,7.523404598236084,3.6614911556243896,3.084770441055298,6.183738708496094,8.629176139831543,9.024147033691406,10.775206565856934,11.260539054870605,6.947717189788818,2.962275743484497,3.0493476390838623,3.447115659713745,5.095897197723389,7.659142017364502,12.754246711730957,18.627641677856445,18.069599151611328,12.229873657226562,10.382946968078613,12.045762062072754,19.517467498779297,19.307514190673828,19.37586212158203,22.260347366333008,24.440250396728516,27.666112899780273,31.727985382080078,34.990867614746094,36.952884674072266,36.93067169189453,36.060611724853516,33.663780212402344,32.62705612182617,32.675418853759766,35.51765060424805,35.485260009765625,36.3444709777832
