data/wind_data/wind_17_9.json
{"header": {"parameterUnit": "KT", "parameterCategory": 2, "nx": 256, "ny": 198, "lo1": 44.73521041870117, "la1": -3.236724853515625, "lo2": 111.26478576660156, "la2": 43.468475341796875, "dx": 0.2609002888202667, "dy": -0.23708222806453705, "refTime": "2025-02-19 17:00:00", "forecastTime": 0, "parameterNumber": 2, "parameterNumberName": "eastward_wind"}, "data":
[rows 171 to 189 of 198, columns 129 to 171 of 256]
0.8828606009483337,2.65301251411438,4.173184394836426,4.110677719116211,2.2213387489318848,0.8633187413215637,1.2825390100479126,2.2859127521514893,2.6510260105133057,2.4041635990142822,2.7497241497039795,4.1514739990234375,5.841022968292236,7.438964366912842,8.943279266357422,10.386734962463379,11.320804595947266,11.55993938446045,11.422327041625977,11.12913703918457,10.341751098632812,9.012990951538086,7.630503177642822,6.746513843536377,6.746417045593262,7.589574337005615,8.614519119262695,9.147543907165527,9.158997535705566,8.640782356262207,7.723574638366699,7.338989734649658,7.992575168609619,9.120530128479004,9.770612716674805,9.590079307556152,9.293524742126465,9.573494911193848,9.90403938293457,9.365047454833984,7.835590839385986,5.900547027587891,4.725208759307861
3.283482789993286,5.242170810699463,5.680307865142822,4.060476779937744,2.054287910461426,1.7429510354995728,2.645357847213745,3.2128803730010986,2.937487840652466,2.6012001037597656,3.298494815826416,5.157888889312744,7.264430046081543,9.074743270874023,10.791211128234863,12.308022499084473,13.155172348022461,13.387913703918457,13.407806396484375,13.276573181152344,12.730112075805664,11.669288635253906,10.320796966552734,9.469978332519531,9.51616096496582,9.9459810256958,9.92591381072998,9.195655822753906,8.344528198242188,7.565597057342529,6.695866584777832,6.374459743499756,7.051458835601807,8.231146812438965,9.111618041992188,9.378290176391602,9.571952819824219,10.323055267333984,11.078287124633789,10.616454124450684,8.658203125,6.208194732666016,4.653447151184082
4.334342002868652,5.7765092849731445,5.506016254425049,3.8403236865997314,2.7565155029296875,2.9703116416931152,3.416297674179077,3.407689094543457,3.365846872329712,3.8934755325317383,5.095906734466553,6.754709243774414,8.515677452087402,10.224723815917969,11.979683876037598,13.529646873474121,14.450637817382812,14.733596801757812,14.643003463745117,14.509859085083008,14.35705852508545,13.897454261779785,13.068605422973633,12.48421859741211,12.528358459472656,12.426135063171387,11.313568115234375,9.619457244873047,8.229301452636719,7.146982669830322,6.088191986083984,5.499317646026611,6.001320838928223,7.258928298950195,8.375224113464355,8.955371856689453,9.712786674499512,11.152400970458984,12.35370922088623,11.937019348144531,9.702589988708496,6.685770034790039,4.49282169342041
3.6474907398223877,4.285248756408691,3.9970314502716064,3.1016831398010254,2.677685499191284,2.9424970149993896,3.2482566833496094,3.605295181274414,4.398351192474365,5.692954063415527,7.147894859313965,8.504622459411621,9.800416946411133,11.049605369567871,12.247840881347656,13.33773422241211,14.21473503112793,14.68502426147461,14.691889762878418,14.693495750427246,14.930571556091309,15.049822807312012,14.898355484008789,14.80229377746582,14.784411430358887,14.136771202087402,12.509617805480957,10.439191818237305,8.687856674194336,7.389737606048584,6.250550270080566,5.416297435760498,5.406075954437256,6.322810173034668,7.513047218322754,8.458357810974121,9.776323318481445,11.76478385925293,13.22878360748291,12.927530288696289,11.055930137634277,8.370841026306152,5.76363468170166
2.553445339202881,2.6008098125457764,2.564493417739868,2.4251961708068848,2.4135005474090576,2.9232394695281982,3.838092088699341,4.960753440856934,6.1369309425354,7.284518241882324,8.519771575927734,9.988995552062988,11.36312198638916,12.052888870239258,12.145997047424316,12.311704635620117,12.980398178100586,13.838597297668457,14.33906364440918,14.552698135375977,14.824121475219727,15.144709587097168,15.515356063842773,15.967092514038086,16.01941680908203,15.141656875610352,13.41004753112793,11.318448066711426,9.557228088378906,8.369083404541016,7.3923563957214355,6.51218843460083,5.860349655151367,5.763995170593262,6.483760833740234,7.928264617919922,9.933243751525879,12.18798828125,13.585405349731445,13.313196182250977,12.024296760559082,10.477643013000488,8.51008415222168
2.624755382537842,2.5397515296936035,2.616252899169922,2.7679812908172607,3.078707218170166,3.9011428356170654,5.194817543029785,6.53943395614624,7.561139106750488,8.479859352111816,9.996611595153809,12.049681663513184,13.350677490234375,12.926066398620605,11.68115234375,11.05825424194336,11.604598045349121,12.867637634277344,13.98267936706543,14.450586318969727,14.516353607177734,14.8143310546875,15.637043952941895,16.514986038208008,16.623149871826172,15.709758758544922,14.118971824645996,12.416617393493652,11.103793144226074,10.191722869873047,9.28276252746582,8.08905029296875,6.818103313446045,5.932522296905518,5.903104782104492,7.267537593841553,9.676918983459473,12.12630844116211,13.546355247497559,13.475974082946777,12.61343765258789,11.894164085388184,11.016643524169922
3.903425693511963,3.9104669094085693,3.9809165000915527,3.9742844104766846,4.1814117431640625,4.954822063446045,6.195493698120117,7.405186653137207,8.418941497802734,9.900157928466797,12.323570251464844,14.714091300964355,15.126727104187012,13.291765213012695,11.127619743347168,10.114665985107422,10.377312660217285,11.339669227600098,12.37875747680664,13.146671295166016,13.760663032531738,14.722152709960938,16.10332489013672,17.1742000579834,17.137510299682617,16.115388870239258,14.863373756408691,13.952115058898926,13.342814445495605,12.60980224609375,11.467879295349121,9.902865409851074,8.179878234863281,6.868103504180908,6.275457859039307,6.868013381958008,8.918121337890625,11.407059669494629,13.093707084655762,13.499771118164062,13.167970657348633,12.900164604187012,12.674158096313477
5.654215335845947,5.623934268951416,5.447104454040527,5.207159042358398,5.281461715698242,5.905618667602539,6.96061372756958,8.103970527648926,9.469500541687012,11.64481258392334,14.382951736450195,16.02914047241211,15.264790534973145,12.9403657913208,10.854642868041992,9.795450210571289,9.453103065490723,9.476154327392578,9.854488372802734,10.772083282470703,12.383116722106934,14.585295677185059,16.740873336791992,17.90206527709961,17.692787170410156,16.769760131835938,16.0684757232666,15.773393630981445,15.484455108642578,14.848828315734863,13.76939868927002,12.174444198608398,10.09836483001709,8.211322784423828,7.321583271026611,7.510313034057617,8.725350379943848,10.55793571472168,12.207490921020508,13.177484512329102,13.637731552124023,13.967497825622559,14.06269359588623
6.818378925323486,7.043241500854492,6.879769802093506,6.668737888336182,6.787492275238037,7.3410797119140625,8.223965644836426,9.331141471862793,10.855952262878418,13.043353080749512,15.123379707336426,15.557504653930664,14.063962936401367,12.00996208190918,10.601057052612305,9.816349029541016,9.233189582824707,8.869540214538574,8.919567108154297,9.733744621276855,11.658056259155273,14.28968620300293,16.659469604492188,17.952898025512695,18.290508270263672,18.140850067138672,17.718610763549805,17.204740524291992,16.80548667907715,16.6422061920166,16.240623474121094,14.795884132385254,12.154266357421875,9.540722846984863,8.452207565307617,8.703288078308105,9.447909355163574,10.473862648010254,11.750086784362793,12.999414443969727,14.022278785705566,14.737200736999512,14.908791542053223
7.693139553070068,7.997456073760986,8.242866516113281,8.397431373596191,8.706873893737793,9.4389009475708,10.480010032653809,11.492834091186523,12.536906242370605,13.952054977416992,14.9890718460083,14.429218292236328,12.665587425231934,11.217350006103516,10.67626953125,10.442360877990723,10.226369857788086,10.184124946594238,10.234177589416504,10.752755165100098,12.172819137573242,14.103053092956543,15.938436508178711,17.567014694213867,18.884828567504883,19.354494094848633,18.891324996948242,18.13057518005371,17.90501594543457,18.310836791992188,18.436870574951172,17.030893325805664,13.824707984924316,10.672709465026855,9.514440536499023,9.848746299743652,10.512574195861816,11.246373176574707,12.250602722167969,13.419267654418945,14.41127872467041,14.928325653076172,14.832923889160156
9.494813919067383,9.103585243225098,9.331374168395996,9.991098403930664,10.888717651367188,12.076730728149414,13.375527381896973,14.197750091552734,14.489374160766602,14.723149299621582,14.493691444396973,13.315019607543945,11.861695289611816,11.118847846984863,11.332737922668457,11.999481201171875,12.678970336914062,13.065978050231934,13.055140495300293,13.065786361694336,13.372675895690918,14.107748985290527,15.410921096801758,17.177288055419922,18.71126365661621,19.377859115600586,19.264766693115234,18.976579666137695,19.126863479614258,19.829896926879883,20.14226531982422,18.597761154174805,14.901107788085938,11.377764701843262,10.176353454589844,10.669185638427734,11.593981742858887,12.41726016998291,13.19176959991455,13.992860794067383,14.536787986755371,14.541945457458496,14.156669616699219
11.766363143920898,10.57707405090332,10.218498229980469,11.097298622131348,12.738598823547363,14.711304664611816,16.436241149902344,16.96717643737793,16.29278564453125,15.234344482421875,14.112186431884766,12.929092407226562,12.045807838439941,11.91506576538086,12.730806350708008,14.166176795959473,15.41889762878418,15.876121520996094,15.66695499420166,15.090972900390625,14.485389709472656,14.446576118469238,15.233378410339355,16.474498748779297,17.692943572998047,18.642927169799805,19.272384643554688,19.67045021057129,20.248136520385742,21.149845123291016,21.403348922729492,19.57061195373535,15.586835861206055,11.964376449584961,10.703595161437988,11.320355415344238,12.542051315307617,13.438582420349121,13.934205055236816,14.2764253616333,14.315571784973145,13.95196533203125,13.562292098999023
12.48929214477539,11.315194129943848,11.181583404541016,12.55821418762207,14.799073219299316,17.181224822998047,18.742355346679688,18.7464542388916,17.51288604736328,15.939352989196777,14.41751766204834,13.108248710632324,12.531996726989746,12.914525985717773,14.19649600982666,15.934366226196289,17.239803314208984,17.614171981811523,17.062185287475586,16.024070739746094,15.218387603759766,15.067216873168945,15.427842140197754,16.09868049621582,17.123334884643555,18.289880752563477,19.201204299926758,20.009113311767578,21.097393035888672,22.149139404296875,22.088293075561523,19.93785285949707,16.1762752532959,12.986891746520996,11.693987846374512,12.125797271728516,13.327138900756836,14.223637580871582,14.624333381652832,14.718766212463379,14.372476577758789,13.759621620178223,13.5067138671875
12.075288772583008,11.544641494750977,12.160316467285156,14.103930473327637,16.524595260620117,18.468671798706055,19.392175674438477,19.224647521972656,18.306411743164062,16.87003517150879,14.852458953857422,13.091353416442871,12.705923080444336,13.568870544433594,15.146133422851562,16.857133865356445,18.12982177734375,18.386552810668945,17.49060821533203,16.327821731567383,15.823946952819824,16.011987686157227,16.404050827026367,16.915733337402344,17.629812240600586,18.316984176635742,19.01423454284668,20.1452579498291,21.629377365112305,22.53596305847168,21.96327018737793,19.75173568725586,16.79640007019043,14.3049955368042,12.895127296447754,12.987412452697754,14.157403945922852,15.221220016479492,15.696520805358887,15.7135648727417,15.182369232177734,14.359108924865723,13.999931335449219
11.936016082763672,11.876018524169922,13.111927032470703,15.062514305114746,16.838592529296875,18.143627166748047,18.970361709594727,19.086414337158203,18.301952362060547,16.438879013061523,14.129660606384277,12.870416641235352,13.223429679870605,14.466010093688965,15.889945030212402,17.309595108032227,18.424619674682617,18.573341369628906,17.704580307006836,16.79776382446289,16.727100372314453,17.2889461517334,17.788373947143555,18.067102432250977,18.25682830810547,18.463747024536133,19.068191528320312,20.36627769470215,21.74357032775879,22.113079071044922,21.085851669311523,19.232831954956055,17.22258758544922,15.191086769104004,13.686967849731445,13.737804412841797,15.074868202209473,16.335067749023438,16.90060806274414,16.934175491333008,16.34050178527832,15.319414138793945,14.705756187438965
12.403501510620117,12.438647270202637,13.563092231750488,15.114239692687988,16.46367073059082,17.42215347290039,17.95098876953125,17.779905319213867,16.540569305419922,14.821434020996094,13.908166885375977,13.97191333770752,14.212667465209961,14.70582389831543,16.09487533569336,17.753095626831055,18.58888816833496,18.37771224975586,17.74452018737793,17.488018035888672,17.88897705078125,18.48192024230957,18.64171600341797,18.519899368286133,18.54953384399414,18.85960578918457,19.595964431762695,20.683149337768555,21.36173439025879,20.98042106628418,19.81910514831543,18.591411590576172,17.173036575317383,15.232940673828125,13.861839294433594,14.245281219482422,15.749025344848633,17.01001739501953,17.61652374267578,17.636676788330078,16.897764205932617,15.720535278320312,14.928956985473633
12.429570198059082,12.638846397399902,13.50475025177002,14.436129570007324,15.305526733398438,15.980189323425293,16.071340560913086,15.31624984741211,14.36047649383545,14.278338432312012,14.767138481140137,14.556351661682129,14.016865730285645,14.951985359191895,16.940099716186523,17.946083068847656,17.691823959350586,17.437397003173828,17.685039520263672,18.228986740112305,18.817203521728516,19.105575561523438,18.888757705688477,18.63264274597168,18.797746658325195,19.331501007080078,20.086610794067383,20.67078399658203,20.46213150024414,19.5068416595459,18.55156898498535,17.842296600341797,16.489198684692383,14.474547386169434,13.517500877380371,14.317740440368652,15.813470840454102,16.985597610473633,17.517990112304688,17.233678817749023,16.24658203125,15.115400314331055,14.268769264221191
12.528803825378418,12.590210914611816,13.09483528137207,13.509025573730469,13.929169654846191,14.215269088745117,13.929378509521484,13.341873168945312,13.428812980651855,14.2485933303833,14.492664337158203,14.261334419250488,14.879372596740723,16.016080856323242,16.148605346679688,15.506073951721191,15.695466041564941,16.866832733154297,17.900171279907227,18.39735221862793,18.670459747314453,18.758678436279297,18.65897560119629,18.716285705566406,19.035303115844727,19.48143768310547,20.01000213623047,20.12091636657715,19.3540096282959,18.225910186767578,17.478439331054688,16.75464630126953,15.093613624572754,13.322519302368164,13.093144416809082,14.269503593444824,15.724987983703613,16.684024810791016,16.72484588623047,15.860508918762207,14.761507987976074,13.911975860595703,13.175858497619629
12.725339889526367,12.67367935180664,12.823929786682129,12.896315574645996,12.906396865844727,12.905664443969727,12.710094451904297,12.654901504516602,13.23157787322998,13.751832962036133,13.591389656066895,13.624800682067871,13.996858596801758,13.796917915344238,13.359874725341797,13.950284004211426,15.416093826293945,16.47527313232422,16.711206436157227,16.800880432128906,17.193330764770508,17.693269729614258,18.083322525024414,18.411357879638672,18.71765899658203,19.086713790893555,19.507123947143555,19.31704330444336,18.250883102416992,17.02158546447754,16.04581642150879,14.77319622039795,13.146519660949707,12.3572998046875,13.01640796661377,14.458447456359863,15.733502388000488,16.081745147705078,15.245657920837402,13.873838424682617,12.846156120300293,12.277321815490723,11.827995300292969
