data/wind_data/wind_36_1.json
{"header": {"parameterUnit": "KT", "parameterCategory": 2, "nx": 256, "ny": 198, "lo1": 44.73521041870117, "la1": -3.236724853515625, "lo2": 111.26478576660156, "la2": 43.468475341796875, "dx": 0.2609002888202667, "dy": -0.23708222806453705, "refTime": "2025-02-20 12:00:00", "forecastTime": 0, "parameterNumber": 2, "parameterNumberName": "eastward_wind"}, "data":
[rows 171 to 189 of 198, columns 86 to 128 of 256]
-11.709932327270508,-12.090609550476074,-10.586467742919922,-7.345784664154053,-8.661009788513184,-7.730442523956299,-8.390809059143066,-5.793498992919922,-7.265294075012207,-7.119178771972656,-5.267086029052734,-3.6689414978027344,-0.26454484462738037,0.7714749574661255,-0.6462903618812561,2.1733222007751465,6.652171611785889,7.172999382019043,7.495254039764404,10.584474563598633,10.311187744140625,11.0980863571167,11.843448638916016,7.184099197387695,7.345969200134277,11.264250755310059,1.5934330224990845,0.20730891823768616,-5.366678237915039,-2.1889865398406982,-8.390488624572754,3.0874111652374268,3.6551101207733154,-5.074027061462402,-3.83056640625,-4.8057332038879395,-3.7697086334228516,0.7873226404190063,1.4147847890853882,-6.859428405761719,-6.021013259887695,-2.476351022720337,-4.28981351852417
-11.853171348571777,-7.429601192474365,-5.652747631072998,-5.501179218292236,-8.090275764465332,-6.84890079498291,-6.632887363433838,-7.682130813598633,-8.051024436950684,-6.746623992919922,-4.7459211349487305,-5.4787211418151855,-2.3723361492156982,0.6702283620834351,1.101638913154602,2.53202223777771,3.5737595558166504,5.049959659576416,1.5680499076843262,0.41306012868881226,0.9855813980102539,5.149299144744873,5.166253566741943,1.292733073234558,3.9838008880615234,12.601998329162598,1.5345582962036133,2.171295166015625,-1.4691870212554932,1.9271785020828247,0.1778811812400818,2.5050573348999023,-4.610479831695557,-7.388988018035889,-3.2715702056884766,-2.099052906036377,0.6382774114608765,4.185268402099609,-0.5846085548400879,-6.508512020111084,-5.643754005432129,-3.233086347579956,-3.113077402114868
-9.016343116760254,-9.784062385559082,-1.3026098012924194,-4.2811408042907715,-4.091845989227295,-5.2510199546813965,-3.903703212738037,-3.934070587158203,-5.89164924621582,-6.590634822845459,-3.934701919555664,-3.286184310913086,-1.9602428674697876,1.2569369077682495,1.5218687057495117,-1.20246422290802,-3.5002007484436035,2.955881357192993,-0.6415374875068665,-6.369699001312256,-1.6781370639801025,8.436274528503418,-0.09149293601512909,-2.151916027069092,2.585423231124878,8.936785697937012,4.225137710571289,0.9751977324485779,1.1719872951507568,5.213012218475342,-2.1589927673339844,-9.384622573852539,-2.7909507751464844,-0.30184614658355713,0.10978492349386215,2.1578314304351807,4.664239406585693,3.636068344116211,-3.133394956588745,-6.289947509765625,-4.777891159057617,-2.8138325214385986,-2.03654146194458
-0.0461873933672905,-7.496998310089111,-3.3191757202148438,-2.36295747756958,0.8884419798851013,4.735895156860352,0.9022615551948547,-0.5394997596740723,-1.3946186304092407,-1.5573757886886597,0.06131315231323242,-0.24573004245758057,-2.9144012928009033,-0.5035472512245178,0.8291835188865662,-2.0621323585510254,-4.130853652954102,-1.9893500804901123,0.06947313249111176,1.9849188327789307,1.8301752805709839,4.732972621917725,1.322939157485962,-6.559700012207031,-0.9131231904029846,0.9227656126022339,7.7402119636535645,0.5454038381576538,-2.5993576049804688,-3.6520345211029053,-6.043766498565674,-2.277161121368408,1.1607506275177002,2.732022762298584,3.9243433475494385,6.095022678375244,7.186962604522705,2.4196271896362305,-3.501915216445923,-4.997745513916016,-3.5106852054595947,-2.8574695587158203,-2.6828970909118652
1.141963005065918,1.0170047283172607,-1.6803743839263916,1.039425253868103,5.102174758911133,5.438344478607178,-1.1382906436920166,-0.4560997486114502,0.06003183498978615,1.0652287006378174,2.0672500133514404,-1.4827322959899902,-0.8374295234680176,1.5671526193618774,4.573982238769531,2.7891299724578857,0.7802190184593201,-1.4359846115112305,0.23589959740638733,5.186976432800293,3.9237658977508545,3.634058713912964,2.8087472915649414,1.7483570575714111,-1.302079677581787,-3.849252223968506,-1.4012683629989624,-6.772253513336182,-7.242099761962891,-4.871724605560303,-2.1953091621398926,-0.13090820610523224,5.743813514709473,7.164421081542969,5.816278457641602,6.39685583114624,4.203073024749756,0.12373185902833939,-3.1678354740142822,-4.729326248168945,-3.761338710784912,-1.6734930276870728,-2.1691901683807373
0.26816269755363464,3.1908609867095947,1.0350688695907593,3.5225577354431152,4.609957695007324,4.983831405639648,3.6845481395721436,3.1395065784454346,0.34716135263442993,-0.3518538177013397,4.826554775238037,1.6221282482147217,1.4512038230895996,0.9866320490837097,1.5633668899536133,2.965191602706909,2.4118998050689697,0.725842297077179,4.008866310119629,6.0591721534729,5.818171501159668,4.7863264083862305,0.6976727247238159,1.217842698097229,3.3878862857818604,-2.767796039581299,-4.026754379272461,-5.297881603240967,-6.238993167877197,-6.245819568634033,-3.607226848602295,7.8397932052612305,11.487320899963379,9.400264739990234,4.343790531158447,4.65939474105835,3.085658550262451,-0.07067066431045532,-1.5246973037719727,-4.139588832855225,-3.4529685974121094,-1.085638165473938,-1.4502308368682861
-1.8072545528411865,0.799227237701416,1.7692691087722778,-2.6788828372955322,-1.7040942907333374,0.35290658473968506,0.19534552097320557,0.5102669596672058,-0.08908969908952713,1.7006605863571167,2.4070332050323486,0.24170859158039093,-0.5325221419334412,-4.614202976226807,-3.781707525253296,-1.9057384729385376,-2.035975217819214,-0.9114542007446289,2.5048205852508545,0.5524954795837402,5.739744186401367,1.4763596057891846,-2.41654109954834,0.24521833658218384,3.4770350456237793,-1.1329665184020996,-5.5252861976623535,-8.912036895751953,-10.945143699645996,-6.501409530639648,3.590034008026123,9.418509483337402,9.479416847229004,6.222053050994873,1.5938864946365356,1.5673578977584839,5.669201850891113,1.7169426679611206,0.2263171225786209,-2.163201093673706,-4.081655502319336,-0.8856018781661987,2.0163257122039795
-6.06035041809082,-7.162090301513672,-8.104703903198242,-8.513274192810059,-5.695066928863525,-4.909419536590576,-5.642662048339844,-3.8118529319763184,-3.116896390914917,-4.346843719482422,-5.6596174240112305,-4.703619003295898,-4.967253684997559,-3.494086742401123,-1.0373179912567139,-4.185850143432617,-6.306915760040283,-3.449540138244629,-0.7055894136428833,2.229867935180664,3.389831066131592,1.7412736415863037,-0.9272375702857971,1.5407170057296753,1.625130534172058,-5.565555572509766,-9.670293807983398,-9.380077362060547,-8.768708229064941,-2.7224581241607666,2.5511982440948486,1.4785343408584595,0.13195446133613586,5.972810745239258,1.8587710857391357,1.0074008703231812,3.730854034423828,2.8860747814178467,1.2449737787246704,-1.8224066495895386,-1.34880530834198,-0.6929739713668823,1.607320785522461
-9.902728080749512,-7.769296169281006,-8.347471237182617,-5.695845603942871,-4.806914806365967,-4.285315990447998,-4.135865211486816,-4.927328586578369,-4.265438556671143,-3.742786169052124,-2.283048629760742,-3.2572402954101562,-3.574035882949829,-2.496105432510376,0.18376633524894714,-0.5495201349258423,-2.1465301513671875,-3.4418933391571045,-1.425879716873169,0.9576127529144287,0.4834655225276947,4.140535831451416,4.600193977355957,2.1628522872924805,-0.490952730178833,-0.21123427152633667,-7.723536968231201,-5.753973484039307,-4.5226359367370605,-5.063789367675781,-3.6026999950408936,-4.3210954666137695,-3.4514479637145996,4.390697479248047,6.351377487182617,2.16237211227417,1.7714534997940063,3.1514813899993896,2.058867931365967,0.2088886946439743,-0.7137951850891113,-0.6411956548690796,-0.6047864556312561
-9.735673904418945,-6.361396789550781,-6.994343280792236,-5.230996608734131,-5.432840347290039,-5.180113315582275,-4.501044273376465,-3.951488494873047,-2.2317798137664795,-0.7183308005332947,2.3191745281219482,-3.357452630996704,1.2376686334609985,-2.2165486812591553,0.6223443746566772,-1.4516233205795288,-1.4859105348587036,-1.6637896299362183,0.004989865235984325,0.26055365800857544,0.053644515573978424,1.3797516822814941,2.45823073387146,1.5310137271881104,-2.739579200744629,3.8471810817718506,-1.8404616117477417,-1.5543526411056519,0.2309587150812149,-4.345058917999268,-6.4560441970825195,-5.843136310577393,-3.2623510360717773,0.9416034817695618,3.776190757751465,3.969151258468628,3.681560754776001,3.252183675765991,3.4977540969848633,2.7497291564941406,1.4052987098693848,-0.06557583063840866,1.0975924730300903
-5.926602840423584,-6.53272819519043,-4.491171360015869,-4.575103282928467,-5.079958915710449,-4.467339515686035,-3.740043878555298,-1.3724126815795898,-0.4105103015899658,5.249626636505127,1.0229759216308594,-5.016056537628174,2.724003553390503,-1.188080072402954,-1.2031166553497314,-1.6606128215789795,-0.9770219922065735,-0.5837379097938538,2.256150484085083,-2.1848857402801514,-2.1330466270446777,-2.893641948699951,-1.2178616523742676,-1.8344866037368774,-3.0994679927825928,-1.7786633968353271,3.7928647994995117,3.4087555408477783,7.3105058670043945,-0.37877947092056274,-7.332802772521973,-4.577804088592529,-1.5024805068969727,-0.7970677018165588,1.3013144731521606,2.766676902770996,3.0700647830963135,3.4543421268463135,5.930403232574463,5.477819919586182,2.6503305435180664,1.8360439538955688,2.4972801208496094
-7.235762119293213,-5.240345001220703,-4.1628193855285645,-3.7364163398742676,-4.391867637634277,-2.7578232288360596,-3.0081119537353516,0.4166593551635742,-1.0416795015335083,3.255225658416748,-3.617173671722412,-5.970036506652832,-4.00172233581543,-5.107638835906982,-2.4561562538146973,-1.0051828622817993,-1.2577495574951172,-0.026801200583577156,-1.3102272748947144,-1.1219326257705688,-2.534517288208008,-2.662238359451294,-4.905631065368652,-4.86415433883667,-5.051329612731934,-5.845359802246094,3.2886178493499756,2.792677879333496,9.040824890136719,0.11859548836946487,-5.371795177459717,-1.6069581508636475,0.19581864774227142,0.33854198455810547,-0.06217654049396515,-1.6979589462280273,-0.7511699199676514,1.619996428489685,3.37075138092041,3.6259262561798096,3.906837224960327,5.427996635437012,6.0072245597839355
-6.055434703826904,-3.900635242462158,-4.905210494995117,-3.2067551612854004,-3.603590250015259,-0.15197183191776276,-2.7650742530822754,1.9627697467803955,-1.8805429935455322,0.9243977665901184,-1.2617477178573608,-1.8148843050003052,-4.483423709869385,-3.5069220066070557,-3.6463820934295654,-2.7301177978515625,-3.7152247428894043,-2.6674792766571045,-3.296767234802246,-3.934448480606079,-4.730574131011963,-6.207319736480713,-10.323509216308594,-9.2106294631958,-8.400386810302734,-4.326489448547363,3.667393207550049,5.065238952636719,1.4836523532867432,-6.539119720458984,-5.077147483825684,-1.2344416379928589,-1.47022545337677,-1.7678735256195068,0.7639686465263367,-0.015186994336545467,-0.20476844906806946,-2.1418747901916504,-3.3248682022094727,-0.5264965295791626,-0.8371085524559021,-1.0012834072113037,2.5451765060424805
-4.875380992889404,-4.297597885131836,-5.705478668212891,-3.1509835720062256,-0.8648914098739624,4.44788122177124,-2.607438564300537,3.49993634223938,-2.1377875804901123,4.0971574783325195,1.7943048477172852,2.001326322555542,-2.491473436355591,-2.250913619995117,-4.644050598144531,-3.4700751304626465,-5.0603508949279785,-4.188887596130371,-4.7361931800842285,-5.7198333740234375,-8.502690315246582,-9.845780372619629,-8.446117401123047,-8.705903053283691,-7.816990852355957,-2.405430555343628,2.4577975273132324,-0.8820511102676392,-1.7582874298095703,-2.741321325302124,-5.844697952270508,-3.4286956787109375,-2.0315303802490234,-2.1892685890197754,-0.09767168015241623,-1.8869211673736572,4.105684757232666,-2.361438512802124,-4.062693119049072,-1.8963415622711182,-3.3996872901916504,-4.95668888092041,-2.2419402599334717
-4.34010648727417,-4.672032356262207,-5.024501800537109,-3.303023338317871,1.1067655086517334,6.668651103973389,-0.7918875813484192,4.0962605476379395,-1.8195286989212036,4.532533168792725,-1.0045340061187744,-0.27516376972198486,-3.1247026920318604,-2.9656262397766113,0.6381732821464539,-2.5022473335266113,-4.5429229736328125,-4.998645305633545,-5.870884418487549,-5.619214057922363,-8.776147842407227,-8.17492961883545,-6.580000877380371,-6.483720302581787,-5.766060829162598,-0.09410038590431213,3.8920414447784424,4.455428600311279,3.5303006172180176,4.370706081390381,-4.240477561950684,-3.2597155570983887,-2.6344714164733887,-3.2788994312286377,-0.7023662328720093,-2.1089882850646973,3.7166457176208496,-2.0272796154022217,-1.665063500404358,-0.18555474281311035,-4.0314717292785645,-2.9317519664764404,-1.1982982158660889
-3.8501627445220947,-4.3309736251831055,-3.6150217056274414,-3.1694252490997314,0.6060235500335693,1.9254436492919922,-0.516120195388794,3.571828842163086,0.053505465388298035,2.401630163192749,-1.0557923316955566,-3.3579390048980713,-5.439469337463379,-4.348830223083496,-0.9028154611587524,1.2660588026046753,-2.4065723419189453,-2.3378634452819824,-3.7191596031188965,-1.3743337392807007,-1.6300135850906372,-5.133703231811523,-5.1655097007751465,-4.26743221282959,-2.7455642223358154,4.799330234527588,5.933223247528076,5.2488226890563965,6.875342845916748,7.159850597381592,4.6974992752075195,1.4527240991592407,0.16589266061782837,0.17087075114250183,-3.085984230041504,-2.5121421813964844,-0.012092706747353077,-3.0225608348846436,-3.305079221725464,-2.8523108959198,-2.2487666606903076,2.3219149112701416,-0.6777061223983765
-4.010742664337158,-4.003005504608154,-2.8536036014556885,-3.1895244121551514,1.5010570287704468,-2.049398183822632,1.7235993146896362,-0.15095028281211853,2.2060155868530273,-1.5213847160339355,-1.5768847465515137,-2.4385547637939453,-5.7339768409729,-5.750761032104492,-1.9966614246368408,1.6936559677124023,1.4574207067489624,1.8904105424880981,-1.2744486331939697,1.3486052751541138,3.3071184158325195,3.262955904006958,0.4266642928123474,-0.23429597914218903,0.26497694849967957,3.3873140811920166,4.441880226135254,4.0373334884643555,2.833552837371826,-1.4683587551116943,-0.02500946633517742,-3.9692223072052,-3.767343044281006,-0.4621463418006897,-1.9443514347076416,-4.886255741119385,-4.388403415679932,-6.468500137329102,-7.928962230682373,-4.944153308868408,-2.7342915534973145,-0.10599104315042496,-3.347439765930176
-3.200136661529541,-3.245079517364502,-2.0771641731262207,-1.8558056354522705,-0.18846365809440613,-0.6372445225715637,0.07910279184579849,-1.2272523641586304,1.1382944583892822,-5.141726970672607,-1.867321252822876,-3.548154592514038,-4.478719711303711,-5.51322078704834,-0.8618500232696533,0.25590240955352783,0.21804200112819672,4.032655239105225,2.891625165939331,0.8418473601341248,6.494269847869873,10.78559398651123,3.3396787643432617,-1.6452522277832031,1.7476222515106201,5.450858116149902,-3.843964099884033,-2.7184395790100098,-5.4008893966674805,-9.578840255737305,-12.393243789672852,-12.41006088256836,-7.376745223999023,-6.783340930938721,-8.538618087768555,-8.976371765136719,-7.818522930145264,-7.616913795471191,-8.577937126159668,-7.143431186676025,-3.7013256549835205,-5.445793151855469,-4.183428764343262
-1.7471345663070679,-1.4497078657150269,-2.3245041370391846,1.0602858066558838,-1.7264540195465088,0.5407461524009705,-1.4914562702178955,0.505499541759491,-2.286222219467163,-3.4097983837127686,-4.748136043548584,-8.658988952636719,-7.189992427825928,-5.735558986663818,-2.1262998580932617,0.038542866706848145,-0.9326286315917969,-1.564365029335022,-0.6145652532577515,0.6308642625808716,3.6338531970977783,5.587571620941162,1.1243425607681274,-0.09922485053539276,0.9981306195259094,-4.799206256866455,-9.493306159973145,-6.9262166023254395,-5.083865165710449,-10.62021255493164,-15.3129243850708,-11.539834976196289,-5.1444549560546875,-7.666321277618408,-9.842851638793945,-7.320497512817383,-5.090024471282959,-4.184671878814697,-5.938614845275879,-5.452416896820068,-3.959630250930786,-4.848462104797363,-5.45729398727417
