data/wind_data/wind_65_6.json
{"header": {"parameterUnit": "KT", "parameterCategory": 2, "nx": 256, "ny": 198, "lo1": 44.73521041870117, "la1": -3.236724853515625, "lo2": 111.26478576660156, "la2": 43.468475341796875, "dx": 0.2609002888202667, "dy": -0.23708222806453705, "refTime": "2025-02-21 17:00:00", "forecastTime": 0, "parameterNumber": 2, "parameterNumberName": "eastward_wind"}, "data":
[rows 0 to 19 of 198, columns 135 to 179 of 256]
-16.52340316772461,-16.40228271484375,-16.220243453979492,-16.37673568725586,-16.714805603027344,-17.45403480529785,-17.61174201965332,-16.120162963867188,-15.073992729187012,-15.474089622497559,-15.717735290527344,-15.455154418945312,-15.087029457092285,-14.646647453308105,-13.969688415527344,-13.075286865234375,-12.727234840393066,-12.797079086303711,-12.534050941467285,-12.085247039794922,-11.624411582946777,-11.320624351501465,-11.959441184997559,-12.609307289123535,-12.099807739257812,-10.5543212890625,-7.200968265533447,-4.118656158447266,-2.569554567337036,-2.2609217166900635,-3.622401714324951,-4.530040740966797,-4.374047756195068,-4.215700626373291,-4.191523551940918,-3.2428042888641357,-1.392083764076233,-0.10857602953910828,0.7597540616989136,1.9883630275726318,3.25376033782959,3.6033594608306885,3.151864767074585,1.2707935571670532,-0.5987083315849304
-17.563371658325195,-17.66092300415039,-17.931238174438477,-18.3031063079834,-18.593494415283203,-18.82710838317871,-18.341350555419922,-16.747262954711914,-15.910296440124512,-16.160188674926758,-16.306795120239258,-16.290279388427734,-15.858471870422363,-15.202081680297852,-14.369744300842285,-13.432709693908691,-13.476998329162598,-13.899528503417969,-13.167230606079102,-11.784460067749023,-10.762033462524414,-10.490860939025879,-11.428350448608398,-11.80772876739502,-10.12350845336914,-7.708044528961182,-4.56576681137085,-1.9533298015594482,-1.1054034233093262,-1.459059238433838,-3.178485870361328,-4.040037631988525,-3.3554084300994873,-3.3254995346069336,-4.055757999420166,-4.713682174682617,-5.4511518478393555,-5.2711944580078125,-3.883018732070923,-1.6549488306045532,0.4409976303577423,1.572557806968689,1.8789607286453247,0.15927448868751526,-1.4791233539581299
-18.642444610595703,-19.474472045898438,-19.79254913330078,-18.89130401611328,-17.923389434814453,-17.369464874267578,-17.31796646118164,-17.917339324951172,-18.164901733398438,-17.77358055114746,-17.27527618408203,-16.636123657226562,-15.637649536132812,-14.550912857055664,-13.376571655273438,-12.226520538330078,-12.126751899719238,-12.305448532104492,-11.269036293029785,-9.58203125,-7.8934807777404785,-6.585007190704346,-6.013225078582764,-5.130274772644043,-2.9822380542755127,-0.9363909959793091,0.12482601404190063,0.7688947916030884,0.5889235138893127,0.19160284101963043,-0.06109436973929405,0.2836701571941376,1.347826600074768,0.6089091897010803,-2.1294126510620117,-3.979279041290283,-4.902411937713623,-4.487735748291016,-2.3487255573272705,-1.3471676111221313,-1.996309757232666,-1.0269980430603027,1.0359470844268799,1.5219862461090088,1.6029865741729736
-18.14134407043457,-19.018535614013672,-18.930875778198242,-17.44593620300293,-15.940040588378906,-14.910096168518066,-15.79167366027832,-17.79644012451172,-18.373804092407227,-17.56454849243164,-16.589752197265625,-15.41889476776123,-14.04271411895752,-12.780657768249512,-11.505386352539062,-9.953436851501465,-8.910882949829102,-8.414604187011719,-7.295101165771484,-5.489800930023193,-3.4684414863586426,-1.4993436336517334,0.1753939837217331,1.5793393850326538,2.846116065979004,3.6215505599975586,3.2674434185028076,2.6177420616149902,1.6942754983901978,0.8711817264556885,0.8308120369911194,1.3861857652664185,3.00603985786438,3.0326497554779053,0.4020874798297882,-1.7720199823379517,-2.727017402648926,-2.2905068397521973,-0.48873257637023926,-1.1798232793807983,-3.5506579875946045,-1.9758154153823853,1.2615621089935303,3.191849946975708,3.6527698040008545
-11.950128555297852,-12.092828750610352,-11.98660945892334,-11.27789306640625,-11.7542724609375,-12.569751739501953,-11.767410278320312,-11.545841217041016,-12.626920700073242,-13.864630699157715,-13.339914321899414,-12.197839736938477,-10.918339729309082,-10.030917167663574,-9.262598991394043,-7.569626331329346,-5.179054260253906,-3.525360584259033,-3.01489520072937,-1.7045499086380005,0.5525849461555481,1.8235775232315063,2.215797185897827,1.3341130018234253,-0.20542585849761963,-1.9305611848831177,-1.5991554260253906,-0.8936656713485718,-1.8643614053726196,-4.544836521148682,-7.360385417938232,-7.003032207489014,-5.644649505615234,-3.8213894367218018,-1.8988163471221924,-2.038600206375122,-2.4087517261505127,-2.600494146347046,-2.3610730171203613,-3.502150535583496,-3.0095677375793457,0.9726999998092651,1.715234637260437,-0.5385681390762329,-1.041329026222229
-10.127105712890625,-9.989814758300781,-9.609578132629395,-8.57486343383789,-8.284316062927246,-8.904821395874023,-8.813912391662598,-7.867617607116699,-7.796444892883301,-9.016730308532715,-9.191269874572754,-8.272764205932617,-6.871304512023926,-6.006547927856445,-5.461291313171387,-4.8354597091674805,-3.631380558013916,-2.7855169773101807,-2.4196529388427734,-1.8729265928268433,-1.7736769914627075,-2.2681984901428223,-2.1460280418395996,-1.707634449005127,-2.2482571601867676,-2.9605021476745605,-3.3470852375030518,-4.520640850067139,-6.862962245941162,-10.065577507019043,-11.255118370056152,-10.933642387390137,-10.116025924682617,-8.334753036499023,-5.807839393615723,-4.746275901794434,-4.207656383514404,-4.092147350311279,-2.46146559715271,-0.026310035958886147,-3.0298373699188232,2.1356256008148193,-0.4627026915550232,-1.7186599969863892,-3.08878755569458
-10.037508964538574,-9.453539848327637,-8.791142463684082,-8.495814323425293,-8.0250244140625,-7.719043731689453,-7.829220294952393,-7.9478654861450195,-7.854586601257324,-7.625497817993164,-7.25272798538208,-6.021240234375,-5.40396785736084,-4.777230262756348,-4.530634880065918,-4.477788925170898,-4.352540969848633,-4.145314693450928,-3.8474090099334717,-4.101297378540039,-4.625115871429443,-4.450428485870361,-3.6320459842681885,-2.960286855697632,-3.0549721717834473,-3.4233975410461426,-4.022372245788574,-5.5188517570495605,-10.740269660949707,-12.769835472106934,-12.497652053833008,-11.430490493774414,-11.31775188446045,-10.579194068908691,-8.566953659057617,-7.046631813049316,-6.199596405029297,-5.722498893737793,-4.397249221801758,-3.4735841751098633,-4.779623031616211,-2.7610394954681396,-2.4628353118896484,-4.348598957061768,-6.943508148193359
-9.91981315612793,-9.334802627563477,-8.355441093444824,-8.985893249511719,-9.478004455566406,-9.259777069091797,-9.043932914733887,-9.206602096557617,-8.656310081481934,-7.580399990081787,-6.727221488952637,-6.17059850692749,-6.578688621520996,-6.622286319732666,-6.114343643188477,-5.343068599700928,-5.430840015411377,-6.304394245147705,-6.839641094207764,-5.988091468811035,-5.082682132720947,-4.797579765319824,-4.569201946258545,-3.830919027328491,-3.6100809574127197,-4.3001484870910645,-4.337190628051758,-5.557231426239014,-9.715720176696777,-12.952675819396973,-12.252958297729492,-11.235858917236328,-11.358241081237793,-11.352906227111816,-10.276080131530762,-8.918243408203125,-8.546915054321289,-7.911170482635498,-7.094813346862793,-7.179827690124512,-6.662849426269531,-5.370854377746582,-4.970879077911377,-9.097517013549805,-10.487016677856445
-8.489063262939453,-10.239864349365234,-10.337469100952148,-10.794137954711914,-10.20764446258545,-9.81948184967041,-9.853196144104004,-10.178903579711914,-8.933554649353027,-8.794520378112793,-9.041695594787598,-8.852309226989746,-8.57624340057373,-8.705218315124512,-7.544609069824219,-6.746321201324463,-7.453833103179932,-8.305845260620117,-8.57497501373291,-6.629634857177734,-5.602550983428955,-5.9448089599609375,-5.584814071655273,-5.487783908843994,-6.035857677459717,-6.128369331359863,-6.2665605545043945,-5.778019905090332,-6.461476802825928,-9.428971290588379,-10.190729141235352,-10.85265064239502,-12.392657279968262,-12.122246742248535,-11.250475883483887,-10.358057975769043,-9.595879554748535,-8.152925491333008,-7.295051574707031,-8.620806694030762,-10.365106582641602,-8.760417938232422,-10.590307235717773,-11.317299842834473,-10.358552932739258
-7.4229044914245605,-10.092008590698242,-11.223041534423828,-11.468419075012207,-10.760557174682617,-10.63786506652832,-11.753421783447266,-10.623506546020508,-10.457545280456543,-10.226649284362793,-10.677412033081055,-10.222356796264648,-9.996384620666504,-10.048609733581543,-9.07018756866455,-8.93719482421875,-9.758161544799805,-10.095030784606934,-10.171960830688477,-6.6169352531433105,-6.5145344734191895,-7.4402570724487305,-7.00861930847168,-7.551946640014648,-8.010758399963379,-7.421814918518066,-7.753085136413574,-7.5252275466918945,-7.353950023651123,-7.536057949066162,-9.11190414428711,-10.745773315429688,-11.653209686279297,-11.7906494140625,-11.216081619262695,-10.174501419067383,-9.679424285888672,-9.64749526977539,-10.256889343261719,-13.941710472106934,-15.548209190368652,-13.830534934997559,-12.80160903930664,-11.994240760803223,-11.28005599975586
-10.01300048828125,-10.990983963012695,-11.262107849121094,-10.9035005569458,-10.706007957458496,-12.44464111328125,-12.008265495300293,-11.402430534362793,-11.706826210021973,-11.0499906539917,-10.853739738464355,-10.698533058166504,-10.919292449951172,-11.14907455444336,-10.69810676574707,-11.011460304260254,-11.092546463012695,-11.143013954162598,-10.549752235412598,-8.851128578186035,-8.73963737487793,-8.406248092651367,-8.263079643249512,-8.157879829406738,-8.14326286315918,-8.240239143371582,-9.053915977478027,-9.625509262084961,-9.891084671020508,-10.031390190124512,-11.220907211303711,-11.422412872314453,-10.267571449279785,-10.824947357177734,-10.83523941040039,-10.396737098693848,-11.023194313049316,-11.618581771850586,-14.418951034545898,-16.921876907348633,-18.03813934326172,-16.017436981201172,-14.22089958190918,-13.557694435119629,-13.48242473602295
-11.552350997924805,-12.069154739379883,-11.728419303894043,-11.132205963134766,-11.830741882324219,-12.700382232666016,-13.37452507019043,-11.346343994140625,-12.322652816772461,-11.879861831665039,-10.841553688049316,-11.137675285339355,-11.410778045654297,-11.9839506149292,-12.398045539855957,-13.175589561462402,-12.640618324279785,-11.666386604309082,-11.29804801940918,-10.240822792053223,-10.117372512817383,-9.551128387451172,-8.261957168579102,-7.8397698402404785,-7.366555213928223,-7.604738235473633,-9.228944778442383,-10.726821899414062,-11.350309371948242,-12.211061477661133,-13.485527992248535,-13.451964378356934,-12.326017379760742,-12.605195045471191,-12.603426933288574,-12.304763793945312,-12.12564754486084,-12.49957275390625,-15.078636169433594,-17.921737670898438,-19.64677619934082,-18.30528450012207,-15.388274192810059,-13.733165740966797,-14.459662437438965
-11.959904670715332,-12.035299301147461,-11.833651542663574,-11.783266067504883,-10.80782699584961,-8.66589641571045,-10.811541557312012,-11.808923721313477,-12.338135719299316,-11.917192459106445,-10.832807540893555,-11.95740032196045,-12.374463081359863,-12.68838119506836,-12.828646659851074,-12.736946105957031,-10.777585983276367,-9.626526832580566,-10.047353744506836,-8.764256477355957,-8.548088073730469,-8.431978225708008,-6.600400447845459,-6.7190937995910645,-7.208262920379639,-8.389440536499023,-9.97984504699707,-11.051559448242188,-11.907824516296387,-13.397745132446289,-15.04842758178711,-15.544171333312988,-15.438785552978516,-16.455400466918945,-17.6746883392334,-17.93386459350586,-16.169822692871094,-15.590020179748535,-16.002656936645508,-15.555591583251953,-14.738199234008789,-12.640875816345215,-11.377294540405273,-12.44163990020752,-15.626705169677734
-12.47264575958252,-13.095772743225098,-12.776583671569824,-11.078837394714355,-7.9838762283325195,-5.472574234008789,-9.133569717407227,-10.87419319152832,-11.673990249633789,-12.437670707702637,-11.021716117858887,-11.682190895080566,-11.89692211151123,-12.413870811462402,-12.35455322265625,-12.017936706542969,-10.018033027648926,-8.45312213897705,-7.9472479820251465,-7.5205159187316895,-6.596855163574219,-5.368762016296387,-5.10590124130249,-5.778909683227539,-7.902644157409668,-9.593376159667969,-10.759634971618652,-11.604851722717285,-12.550952911376953,-13.806255340576172,-15.639259338378906,-17.030302047729492,-17.07518196105957,-16.858060836791992,-17.936613082885742,-19.05388832092285,-18.964805603027344,-18.99981117248535,-16.219261169433594,-11.146052360534668,-13.576798439025879,-15.345743179321289,-16.959362030029297,-17.662525177001953,-19.050100326538086
-12.906067848205566,-12.435136795043945,-11.189037322998047,-8.948617935180664,-7.838922023773193,-7.5741987228393555,-10.75864315032959,-10.54153823852539,-10.207291603088379,-11.510132789611816,-11.045389175415039,-11.13989543914795,-11.709240913391113,-11.868917465209961,-11.25959587097168,-10.648324966430664,-8.707612037658691,-6.837126731872559,-7.760837554931641,-8.319417953491211,-7.457971572875977,-6.71798849105835,-8.10692024230957,-7.919922351837158,-9.097278594970703,-10.187238693237305,-11.12873363494873,-12.430357933044434,-13.089184761047363,-13.747232437133789,-14.678069114685059,-16.58397674560547,-18.133304595947266,-19.86807632446289,-22.236499786376953,-22.502742767333984,-19.967689514160156,-17.51327896118164,-16.387075424194336,-12.934029579162598,-15.353179931640625,-19.05282211303711,-19.236671447753906,-18.984371185302734,-19.506383895874023
-12.441770553588867,-11.476899147033691,-10.775506019592285,-9.642943382263184,-9.169614791870117,-9.749316215515137,-11.822032928466797,-11.39685344696045,-10.410234451293945,-10.785054206848145,-10.25347900390625,-10.530500411987305,-10.924162864685059,-10.832392692565918,-9.703964233398438,-8.713598251342773,-7.947080612182617,-7.071367263793945,-7.984244346618652,-9.100729942321777,-8.133410453796387,-8.137083053588867,-9.86204719543457,-9.883721351623535,-10.814451217651367,-10.632926940917969,-10.360381126403809,-12.337850570678711,-12.56047248840332,-12.790989875793457,-13.250813484191895,-14.493242263793945,-14.849596977233887,-14.995739936828613,-14.95396614074707,-12.070600509643555,-7.079344272613525,-3.7564194202423096,-9.111000061035156,-8.35513687133789,-18.470081329345703,-17.97545051574707,-17.653329849243164,-19.376630783081055,-18.308244705200195
-11.74147891998291,-11.083147048950195,-10.685888290405273,-10.078424453735352,-9.696956634521484,-10.384181022644043,-12.502639770507812,-12.246454238891602,-8.47736644744873,-10.393434524536133,-9.160177230834961,-9.121492385864258,-10.24477481842041,-10.166644096374512,-9.060750007629395,-8.080822944641113,-8.184039115905762,-8.050326347351074,-8.37596607208252,-9.84296989440918,-9.925235748291016,-10.014018058776855,-11.31924057006836,-12.270755767822266,-13.947028160095215,-10.774240493774414,-7.685826778411865,-12.782254219055176,-12.006027221679688,-12.104659080505371,-12.142472267150879,-12.530946731567383,-11.944771766662598,-11.018381118774414,-9.651056289672852,-8.571617126464844,-9.533897399902344,-12.809130668640137,-13.948882102966309,-11.563324928283691,-12.866929054260254,-14.870583534240723,-13.5698881149292,-16.11854362487793,-16.922372817993164
-10.929444313049316,-10.401745796203613,-9.35175609588623,-8.753565788269043,-9.07174301147461,-9.94412899017334,-11.105005264282227,-10.897859573364258,-8.568206787109375,-7.436127662658691,-7.680213928222656,-10.107049942016602,-10.70676040649414,-9.470706939697266,-8.95019245147705,-9.26318359375,-9.686857223510742,-10.271675109863281,-10.548507690429688,-10.999330520629883,-11.47035026550293,-11.610740661621094,-11.79308032989502,-12.20981502532959,-12.386634826660156,-11.498300552368164,-10.36418628692627,-13.058135986328125,-11.925110816955566,-10.689178466796875,-11.702521324157715,-11.474681854248047,-11.10708236694336,-10.94355297088623,-11.681626319885254,-14.506414413452148,-17.163488388061523,-17.649782180786133,-14.745742797851562,-12.194056510925293,-16.40315055847168,-18.104816436767578,-15.935619354248047,-17.138010025024414,-17.309307098388672
-10.163268089294434,-9.555481910705566,-8.258975982666016,-7.950473785400391,-7.922271251678467,-8.58877182006836,-9.438677787780762,-9.706768989562988,-8.744675636291504,-7.61545991897583,-8.652055740356445,-11.013705253601074,-10.292881965637207,-8.959722518920898,-9.57558536529541,-10.364824295043945,-10.380349159240723,-10.122361183166504,-11.077081680297852,-12.223699569702148,-13.008772850036621,-12.543575286865234,-11.845480918884277,-12.334793090820312,-12.234283447265625,-12.245973587036133,-12.110527992248535,-12.89169979095459,-11.858572006225586,-10.73653793334961,-11.206944465637207,-12.055649757385254,-12.54830551147461,-13.826589584350586,-16.204252243041992,-19.03439712524414,-20.35915756225586,-18.316099166870117,-15.455184936523438,-15.86315631866455,-19.167591094970703,-19.568586349487305,-18.526124954223633,-18.341983795166016,-18.353261947631836
-9.454407691955566,-9.461615562438965,-8.611292839050293,-8.08092975616455,-7.080320835113525,-7.498472213745117,-8.523622512817383,-9.297319412231445,-9.526843070983887,-9.724726676940918,-10.120240211486816,-9.710662841796875,-8.940777778625488,-8.877358436584473,-9.48387622833252,-10.284517288208008,-11.10153865814209,-10.764750480651855,-11.34782600402832,-12.87326431274414,-13.296525001525879,-13.056591987609863,-12.754950523376465,-13.389466285705566,-13.735162734985352,-12.661764144897461,-12.816048622131348,-12.530877113342285,-11.614151954650879,-10.932933807373047,-11.6795654296875,-14.165689468383789,-15.63718318939209,-16.995325088500977,-18.558975219726562,-20.000429153442383,-20.13581085205078,-18.17927360534668,-16.972990036010742,-17.626331329345703,-19.065746307373047,-20.015613555908203,-19.09650421142578,-19.012563705444336,-19.884489059448242
