data/wind_data/wind_60_1.json
{"header": {"parameterUnit": "KT", "parameterCategory": 2, "nx": 256, "ny": 198, "lo1": 44.73521041870117, "la1": -3.236724853515625, "lo2": 111.26478576660156, "la2": 43.468475341796875, "dx": 0.2609002888202667, "dy": -0.23708222806453705, "refTime": "2025-02-21 12:00:00", "forecastTime": 0, "parameterNumber": 2, "parameterNumberName": "eastward_wind"}, "data":
[rows 57 to 75 of 198, columns 129 to 171 of 256]
-14.805970191955566,-13.930913925170898,-13.44905948638916,-14.15564250946045,-13.00456714630127,-12.118078231811523,-11.327143669128418,-11.935287475585938,-9.193397521972656,-11.929893493652344,-9.074925422668457,-8.458248138427734,-8.92326831817627,-8.959047317504883,-8.71814250946045,-9.027790069580078,-8.134093284606934,-8.887337684631348,-8.994707107543945,-8.799102783203125,-9.248406410217285,-9.07164192199707,-8.522459983825684,-10.368701934814453,-11.705673217773438,-10.382867813110352,-10.785248756408691,-12.505767822265625,-12.170825958251953,-11.12607192993164,-11.19937515258789,-11.682376861572266,-11.00381088256836,-10.939719200134277,-11.077529907226562,-10.54287052154541,-10.369004249572754,-9.80756664276123,-9.454216957092285,-9.149415969848633,-8.783208847045898,-8.7060546875,-8.874005317687988
-14.138891220092773,-13.134045600891113,-12.321497917175293,-13.417240142822266,-12.477825164794922,-12.146177291870117,-11.956962585449219,-12.794899940490723,-10.879844665527344,-10.234630584716797,-8.341752052307129,-6.259068965911865,-7.569706916809082,-9.618413925170898,-8.522348403930664,-7.677989959716797,-7.698132038116455,-8.359273910522461,-8.713285446166992,-9.557881355285645,-8.787854194641113,-9.510388374328613,-9.371244430541992,-11.19763469696045,-11.512964248657227,-9.966484069824219,-10.422992706298828,-11.395325660705566,-10.086335182189941,-9.605112075805664,-11.164135932922363,-10.594156265258789,-10.455747604370117,-10.751147270202637,-10.358908653259277,-10.378475189208984,-10.399250984191895,-10.13518238067627,-9.786140441894531,-9.304632186889648,-9.026811599731445,-8.866242408752441,-8.847554206848145
-14.617042541503906,-13.595291137695312,-12.086938858032227,-12.325965881347656,-11.895661354064941,-10.435811042785645,-10.153839111328125,-11.237683296203613,-12.485257148742676,-10.185568809509277,-9.93924617767334,-8.403833389282227,-10.274274826049805,-9.852535247802734,-8.119510650634766,-7.333604335784912,-7.3139567375183105,-7.921255111694336,-9.412973403930664,-9.601318359375,-9.673394203186035,-10.382363319396973,-10.5208101272583,-11.112308502197266,-10.928533554077148,-9.262704849243164,-9.89544677734375,-10.144147872924805,-9.94955062866211,-10.495306968688965,-10.224379539489746,-9.803735733032227,-10.380481719970703,-10.447481155395508,-9.663023948669434,-10.207669258117676,-10.018588066101074,-9.729233741760254,-9.55591106414795,-9.282999038696289,-9.21532154083252,-9.146698951721191,-9.036470413208008
-14.606096267700195,-13.74690055847168,-12.57385540008545,-12.879154205322266,-12.74972152709961,-11.134840965270996,-8.899642944335938,-9.537656784057617,-13.268888473510742,-11.33399772644043,-9.645662307739258,-9.473220825195312,-8.964193344116211,-8.466470718383789,-7.66115665435791,-8.192720413208008,-8.839815139770508,-9.17113208770752,-8.592531204223633,-9.008868217468262,-9.438769340515137,-10.071633338928223,-10.111504554748535,-10.329850196838379,-10.69698429107666,-10.211252212524414,-10.473457336425781,-10.076903343200684,-10.040814399719238,-10.28470230102539,-9.00121784210205,-9.12918472290039,-9.74950122833252,-9.869790077209473,-9.064167976379395,-9.41118335723877,-9.358201026916504,-9.164134979248047,-9.059386253356934,-9.028219223022461,-9.101542472839355,-9.132049560546875,-9.181336402893066
-15.05115795135498,-14.040736198425293,-12.788290977478027,-12.663304328918457,-12.177596092224121,-12.341377258300781,-9.500223159790039,-8.153745651245117,-11.423806190490723,-12.942214012145996,-11.121610641479492,-11.052452087402344,-9.203227996826172,-8.62083625793457,-7.413907527923584,-7.5262956619262695,-7.975068092346191,-8.20162296295166,-7.7241668701171875,-7.992632865905762,-8.06834602355957,-9.219013214111328,-10.137232780456543,-9.943459510803223,-10.719080924987793,-10.876006126403809,-10.999049186706543,-9.987154960632324,-9.701094627380371,-8.654376029968262,-8.545153617858887,-8.65660285949707,-9.022745132446289,-8.917268753051758,-8.635846138000488,-8.549439430236816,-8.422381401062012,-8.46542739868164,-8.422781944274902,-8.560799598693848,-8.665770530700684,-8.588995933532715,-8.541522979736328
-15.843560218811035,-14.661798477172852,-13.074037551879883,-12.461512565612793,-11.890422821044922,-11.741778373718262,-9.262186050415039,-7.211851119995117,-10.894225120544434,-12.613698959350586,-11.223333358764648,-11.025100708007812,-9.011857986450195,-8.576292991638184,-6.681457042694092,-6.896624565124512,-8.159560203552246,-7.760301113128662,-7.608233451843262,-8.23530101776123,-8.367276191711426,-9.17095947265625,-11.081781387329102,-10.264970779418945,-9.979473114013672,-10.977533340454102,-10.773093223571777,-9.700628280639648,-9.131150245666504,-8.345157623291016,-8.273712158203125,-8.167779922485352,-8.391600608825684,-8.32059097290039,-8.02511978149414,-8.057519912719727,-7.465328693389893,-7.598672389984131,-7.704975128173828,-8.047938346862793,-8.144715309143066,-7.793694972991943,-7.595005989074707
-15.559682846069336,-14.671399116516113,-13.242462158203125,-12.402815818786621,-11.864034652709961,-10.53909683227539,-7.977215766906738,-6.811298370361328,-11.386397361755371,-12.02115249633789,-11.895771026611328,-10.284466743469238,-8.944623947143555,-9.94616985321045,-8.102493286132812,-6.292690277099609,-6.840233325958252,-8.560226440429688,-7.285424709320068,-7.1227240562438965,-7.752025127410889,-9.303895950317383,-9.617094039916992,-8.524731636047363,-8.816825866699219,-10.607549667358398,-10.779644012451172,-9.29145622253418,-8.929219245910645,-8.429494857788086,-8.004590034484863,-7.648211479187012,-7.733777046203613,-7.907196998596191,-7.6155548095703125,-7.483194351196289,-7.132611274719238,-6.885519981384277,-7.037065505981445,-7.316534042358398,-7.548007965087891,-7.243293762207031,-7.081174373626709
-15.35722827911377,-14.455853462219238,-13.368836402893066,-12.436505317687988,-11.360795974731445,-9.883058547973633,-8.274338722229004,-9.73013687133789,-11.964844703674316,-12.098264694213867,-10.906579971313477,-10.92483901977539,-9.94132137298584,-9.024320602416992,-7.483118057250977,-8.620440483093262,-7.52517557144165,-7.540599822998047,-6.783544540405273,-5.19883394241333,-7.979522705078125,-8.610259056091309,-7.498716831207275,-8.120518684387207,-9.733765602111816,-10.395800590515137,-10.330811500549316,-9.473663330078125,-8.569621086120605,-8.181159973144531,-7.627928256988525,-7.479091644287109,-7.089200496673584,-7.146047592163086,-7.114887714385986,-7.067808628082275,-6.994781970977783,-6.601259231567383,-6.644209861755371,-6.667750835418701,-6.924783706665039,-6.83312463760376,-6.8312506675720215
-15.221281051635742,-13.821528434753418,-12.927431106567383,-12.112841606140137,-10.804546356201172,-10.601635932922363,-8.857909202575684,-8.071394920349121,-8.103475570678711,-10.267709732055664,-9.334466934204102,-10.357184410095215,-9.566123962402344,-9.273099899291992,-8.274806022644043,-8.118182182312012,-6.933473587036133,-6.693066120147705,-7.909261226654053,-6.932812213897705,-7.787439346313477,-7.579572677612305,-7.734561920166016,-9.065975189208984,-9.212858200073242,-9.036063194274902,-9.084479331970215,-9.391672134399414,-8.263960838317871,-8.328948020935059,-7.387040615081787,-6.800680637359619,-6.8614349365234375,-6.546976089477539,-6.589128017425537,-7.031606674194336,-6.627678394317627,-6.616769313812256,-6.544589519500732,-6.451849937438965,-6.568541049957275,-6.675158500671387,-6.739521503448486
-14.919022560119629,-13.416296005249023,-12.935406684875488,-12.093843460083008,-11.062786102294922,-11.039054870605469,-9.033753395080566,-7.214409828186035,-9.487090110778809,-8.847782135009766,-9.402735710144043,-8.619701385498047,-8.960338592529297,-9.027091026306152,-8.665775299072266,-8.046480178833008,-7.21134614944458,-7.279482841491699,-8.34656810760498,-7.243997097015381,-6.538763523101807,-7.163703441619873,-8.146307945251465,-7.861949920654297,-7.9191484451293945,-7.798272132873535,-8.281526565551758,-8.166057586669922,-8.058510780334473,-8.091238975524902,-7.166627407073975,-6.829574108123779,-6.0708231925964355,-6.1648173332214355,-6.1328206062316895,-6.388370513916016,-6.4102325439453125,-6.464957237243652,-6.534878730773926,-6.49080753326416,-6.507951736450195,-6.557144641876221,-6.622470855712891
-15.061816215515137,-13.91089916229248,-12.947595596313477,-12.188036918640137,-11.91776180267334,-10.469756126403809,-9.798011779785156,-8.135049819946289,-8.359210968017578,-10.347370147705078,-8.304490089416504,-8.180999755859375,-7.39076566696167,-7.682672500610352,-9.26109790802002,-7.3452911376953125,-7.94209098815918,-7.460598945617676,-7.781242370605469,-7.197103977203369,-7.267885208129883,-7.070147514343262,-7.344240188598633,-7.2405853271484375,-7.595921993255615,-7.666482925415039,-7.15751838684082,-7.7492218017578125,-8.559176445007324,-7.497810363769531,-6.620164394378662,-7.029122352600098,-5.73788595199585,-5.832852363586426,-5.693904876708984,-5.869997978210449,-5.967065334320068,-6.130216121673584,-6.453526973724365,-6.5893874168396,-6.74692440032959,-6.68017053604126,-6.542252540588379
-14.57165241241455,-13.955242156982422,-13.4523286819458,-12.167266845703125,-11.877836227416992,-10.348777770996094,-10.198378562927246,-8.736721992492676,-9.567673683166504,-9.872589111328125,-7.4205780029296875,-8.615890502929688,-7.788565635681152,-7.1568827629089355,-8.740321159362793,-7.642355918884277,-8.575950622558594,-8.042160987854004,-8.717459678649902,-7.096569061279297,-7.731054306030273,-7.006485462188721,-6.876293182373047,-6.882800102233887,-7.029890537261963,-7.156025409698486,-7.536103248596191,-8.024863243103027,-7.244565486907959,-7.613744258880615,-7.02949857711792,-6.30696964263916,-5.837001323699951,-5.639596939086914,-5.505363464355469,-5.449227809906006,-5.617856502532959,-5.87699556350708,-6.350579738616943,-6.746268272399902,-7.187098979949951,-7.2179436683654785,-6.959132194519043
-15.334830284118652,-14.018148422241211,-13.677200317382812,-12.631189346313477,-11.38161563873291,-10.601097106933594,-9.503610610961914,-8.857518196105957,-8.357895851135254,-9.026969909667969,-7.428013801574707,-8.75892448425293,-8.001289367675781,-7.193228721618652,-8.635918617248535,-7.380093574523926,-7.731757640838623,-8.860177040100098,-8.166619300842285,-7.966709136962891,-8.146326065063477,-7.752979755401611,-7.593808650970459,-6.712226390838623,-6.969779968261719,-7.336699485778809,-6.901787757873535,-6.994533061981201,-6.690678596496582,-6.982573509216309,-6.338669776916504,-6.289724826812744,-6.0740461349487305,-5.79278564453125,-5.501293182373047,-5.444838047027588,-5.734269142150879,-6.110040187835693,-6.596737384796143,-7.026576042175293,-7.587124824523926,-7.853769779205322,-7.71124792098999
-14.87947940826416,-14.241382598876953,-12.964486122131348,-13.129964828491211,-11.523375511169434,-10.661087036132812,-9.696601867675781,-8.815506935119629,-9.647279739379883,-8.381571769714355,-8.891361236572266,-7.485981464385986,-6.6131157875061035,-7.65324592590332,-7.739854335784912,-7.35530424118042,-7.759830951690674,-8.895787239074707,-7.437653064727783,-6.745277404785156,-8.445956230163574,-8.022165298461914,-7.405500888824463,-7.345470905303955,-7.089771270751953,-6.884562015533447,-7.097074031829834,-6.838465213775635,-6.440829277038574,-6.425421237945557,-6.255527496337891,-6.419976711273193,-6.3867268562316895,-6.028366565704346,-5.8971452713012695,-5.853561878204346,-6.311966419219971,-6.738251209259033,-7.226245880126953,-7.414394855499268,-7.804983615875244,-8.140966415405273,-8.181268692016602
-14.731463432312012,-13.605360984802246,-12.655316352844238,-12.63319206237793,-10.932862281799316,-9.55698013305664,-8.079872131347656,-6.470780372619629,-9.262889862060547,-6.574446678161621,-7.052369117736816,-6.2483296394348145,-8.565752983093262,-7.072769641876221,-7.17645263671875,-6.318551063537598,-7.558764457702637,-8.212035179138184,-7.736254692077637,-8.22891616821289,-8.234658241271973,-7.485513210296631,-7.2262701988220215,-7.767466068267822,-7.646663665771484,-7.886695861816406,-8.099129676818848,-7.300609588623047,-6.262009143829346,-6.306351184844971,-6.385301113128662,-6.718399524688721,-6.605749130249023,-6.5393524169921875,-6.604163646697998,-6.5248942375183105,-7.150414943695068,-7.3412652015686035,-7.734370231628418,-7.734712600708008,-7.92561149597168,-8.079235076904297,-8.169525146484375
-13.757901191711426,-13.917665481567383,-12.383105278015137,-11.997867584228516,-9.555136680603027,-8.908574104309082,-7.2377705574035645,-6.639211177825928,-5.985972881317139,-8.071610450744629,-6.644020080566406,-6.741068363189697,-6.757485866546631,-6.512916088104248,-6.357729911804199,-6.467841625213623,-8.719891548156738,-8.940081596374512,-7.452017307281494,-6.862915515899658,-7.465028285980225,-7.751017093658447,-7.444516181945801,-8.36453628540039,-8.501016616821289,-8.807368278503418,-8.577763557434082,-8.043709754943848,-7.375880718231201,-7.058286666870117,-6.9278645515441895,-7.252756595611572,-6.9998555183410645,-7.2125020027160645,-7.327925205230713,-7.142857074737549,-7.834433078765869,-7.7772603034973145,-7.86371374130249,-7.796119689941406,-7.770153522491455,-7.848305702209473,-7.870273113250732
-13.024993896484375,-13.952969551086426,-12.38475227355957,-11.412826538085938,-8.50422191619873,-8.763442039489746,-7.672644138336182,-7.4990620613098145,-5.189236164093018,-8.142264366149902,-5.374769687652588,-7.813893795013428,-5.723925590515137,-6.970798969268799,-5.245303153991699,-6.33872652053833,-6.897902011871338,-7.07098913192749,-6.36576509475708,-6.055587291717529,-8.738767623901367,-8.060406684875488,-7.6804280281066895,-8.546303749084473,-9.560735702514648,-10.079757690429688,-9.233419418334961,-8.400763511657715,-9.011519432067871,-8.524637222290039,-7.561904430389404,-7.904933452606201,-7.645789623260498,-7.818784236907959,-7.907004356384277,-7.656586170196533,-8.191165924072266,-8.215967178344727,-7.853550434112549,-7.927633285522461,-7.558624267578125,-7.5490546226501465,-7.3197855949401855
-11.435138702392578,-12.506619453430176,-10.634235382080078,-11.089330673217773,-7.353583812713623,-7.914708614349365,-7.424748420715332,-5.478343963623047,-3.9566948413848877,-5.183966159820557,-6.908489227294922,-5.332488536834717,-6.635882377624512,-5.361330032348633,-5.811173915863037,-4.862353324890137,-7.1061577796936035,-6.687549114227295,-6.862212657928467,-7.993751525878906,-8.915350914001465,-8.84660530090332,-8.537320137023926,-9.31649398803711,-9.878437042236328,-9.781554222106934,-9.606359481811523,-10.228571891784668,-10.475549697875977,-9.253766059875488,-8.4503755569458,-8.966724395751953,-8.343666076660156,-8.569899559020996,-8.525918960571289,-8.31832218170166,-8.456045150756836,-8.738465309143066,-8.084044456481934,-8.150105476379395,-7.57598876953125,-7.4075236320495605,-6.853952407836914
-9.871804237365723,-12.330307006835938,-10.667889595031738,-9.884203910827637,-6.510295867919922,-6.376922607421875,-6.886570930480957,-4.124345779418945,-5.317730903625488,-4.324705123901367,-6.749922752380371,-5.321480751037598,-6.1989665031433105,-5.061715126037598,-4.06309175491333,-5.626014709472656,-5.835578441619873,-7.2646331787109375,-6.552701473236084,-8.01543140411377,-8.125828742980957,-8.336732864379883,-8.277933120727539,-9.63866138458252,-10.527634620666504,-9.899982452392578,-10.454055786132812,-10.557088851928711,-9.82765007019043,-8.821185111999512,-9.5739107131958,-10.137840270996094,-9.431146621704102,-9.780157089233398,-9.201440811157227,-9.067633628845215,-8.992230415344238,-9.148463249206543,-8.798957824707031,-8.123528480529785,-7.77849006652832,-7.267882347106934,-6.689288139343262
