data/wind_data/wind_10_7.json
{"header": {"parameterUnit": "KT", "parameterCategory": 2, "nx": 256, "ny": 198, "lo1": 44.73521041870117, "la1": -3.236724853515625, "lo2": 111.26478576660156, "la2": 43.468475341796875, "dx": 0.2609002888202667, "dy": -0.23708222806453705, "refTime": "2025-02-19 10:00:00", "forecastTime": 0, "parameterNumber": 2, "parameterNumberName": "eastward_wind"}, "data":
[rows 0 to 19 of 198, columns 132 to 175 of 256]
-10.379140853881836,-9.93079662322998,-10.116557121276855,-10.621527671813965,-10.837736129760742,-11.046916961669922,-11.620748519897461,-12.072014808654785,-11.769326210021973,-11.614949226379395,-12.278815269470215,-12.848082542419434,-13.100062370300293,-12.629779815673828,-11.147335052490234,-10.059782028198242,-9.523433685302734,-9.87932300567627,-11.09013843536377,-11.618989944458008,-11.571205139160156,-11.243077278137207,-10.547500610351562,-9.019431114196777,-7.2034831047058105,-6.3740668296813965,-5.979628562927246,-5.368229389190674,-5.381567001342773,-7.252678394317627,-8.8684663772583,-8.639070510864258,-8.66721248626709,-9.766654968261719,-10.93391227722168,-11.970763206481934,-13.177488327026367,-14.603053092956543,-15.699812889099121,-16.450937271118164,-16.71845817565918,-16.639339447021484,-17.533729553222656,-18.641517639160156
-10.940729141235352,-10.433018684387207,-10.465620040893555,-10.869643211364746,-10.921881675720215,-10.821223258972168,-10.760841369628906,-10.670452117919922,-10.768951416015625,-11.366750717163086,-12.213005065917969,-12.257823944091797,-11.655793190002441,-11.222225189208984,-10.659994125366211,-10.0838623046875,-9.665511131286621,-9.999298095703125,-10.991268157958984,-11.154023170471191,-10.56511402130127,-9.599098205566406,-8.323604583740234,-6.8892130851745605,-5.675595283508301,-5.015895366668701,-4.717970848083496,-4.97530460357666,-6.0024566650390625,-7.738280296325684,-8.389908790588379,-7.076694488525391,-6.766567707061768,-8.844527244567871,-10.694173812866211,-11.32800006866455,-12.858185768127441,-15.487991333007812,-16.66728401184082,-16.53769302368164,-16.570770263671875,-16.888534545898438,-17.788572311401367,-18.439353942871094
-9.837174415588379,-9.634952545166016,-9.859171867370605,-10.622459411621094,-10.636313438415527,-10.007087707519531,-9.139551162719727,-8.446910858154297,-8.812912940979004,-10.089936256408691,-11.530284881591797,-11.699545860290527,-10.800297737121582,-10.060648918151855,-9.204705238342285,-8.490352630615234,-8.074563026428223,-7.827741622924805,-7.933717250823975,-8.273996353149414,-8.309632301330566,-7.7406229972839355,-6.975393772125244,-6.173625469207764,-5.643847942352295,-5.6655731201171875,-5.852679252624512,-6.10161018371582,-6.614526271820068,-6.82806921005249,-6.386783599853516,-5.9117608070373535,-6.818429946899414,-9.430377006530762,-11.11262321472168,-11.42540454864502,-13.191213607788086,-15.994248390197754,-17.08831787109375,-17.182201385498047,-17.470787048339844,-17.670419692993164,-18.011171340942383,-17.49293327331543
-8.085792541503906,-8.101690292358398,-8.675432205200195,-9.75871753692627,-10.008986473083496,-9.130091667175293,-8.046652793884277,-7.581243991851807,-8.138448715209961,-9.357706069946289,-10.833157539367676,-11.261250495910645,-10.43083381652832,-9.361618995666504,-8.243600845336914,-7.635377407073975,-7.296231746673584,-6.5593037605285645,-6.029769420623779,-6.333723545074463,-6.689667224884033,-6.516942024230957,-6.382277011871338,-6.225788116455078,-6.29612398147583,-6.95647668838501,-7.71360969543457,-7.717768669128418,-7.1098175048828125,-6.05323600769043,-5.2658843994140625,-5.8826584815979,-7.882899284362793,-10.273451805114746,-11.128130912780762,-11.314299583435059,-13.137126922607422,-15.414910316467285,-16.489273071289062,-17.187055587768555,-17.632259368896484,-17.550077438354492,-17.332237243652344,-15.868545532226562
-7.421052932739258,-6.783974647521973,-6.654935359954834,-7.89436674118042,-9.599276542663574,-10.227726936340332,-10.09554386138916,-9.66928768157959,-9.254681587219238,-9.616271018981934,-10.725189208984375,-11.408936500549316,-11.366860389709473,-11.450898170471191,-11.84604549407959,-11.840618133544922,-11.282257080078125,-10.400693893432617,-9.387810707092285,-8.296764373779297,-7.2575201988220215,-6.694308280944824,-7.105022430419922,-8.205121040344238,-8.626504898071289,-8.730400085449219,-9.81809139251709,-8.658951759338379,-6.879031658172607,-6.946968078613281,-5.958030700683594,-6.268579959869385,-8.288945198059082,-9.936087608337402,-10.40137004852295,-11.251405715942383,-13.263230323791504,-15.179186820983887,-15.810888290405273,-15.873016357421875,-16.06204605102539,-16.08318519592285,-15.407800674438477,-13.628205299377441
-6.789532661437988,-7.9552836418151855,-8.669923782348633,-9.11437702178955,-9.650370597839355,-10.412069320678711,-10.710307121276855,-10.373526573181152,-10.447758674621582,-11.03527545928955,-10.89018440246582,-9.764891624450684,-8.319441795349121,-7.529926300048828,-8.07345962524414,-9.423068046569824,-10.218192100524902,-9.962058067321777,-9.042624473571777,-7.907470703125,-7.0168023109436035,-6.7423906326293945,-6.757054805755615,-7.32399320602417,-9.423884391784668,-11.662238121032715,-12.717347145080566,-10.525653839111328,-7.48187255859375,-7.059787273406982,-5.767371654510498,-5.335422039031982,-7.075084686279297,-8.765649795532227,-10.196036338806152,-11.765396118164062,-12.945711135864258,-13.631982803344727,-14.008758544921875,-14.644525527954102,-14.91157341003418,-15.074747085571289,-15.370054244995117,-15.091337203979492
-6.804215908050537,-7.553067684173584,-7.979978561401367,-8.663087844848633,-9.296985626220703,-9.702802658081055,-10.258098602294922,-10.614179611206055,-10.350408554077148,-9.877885818481445,-9.184568405151367,-8.083452224731445,-6.533436298370361,-5.09537935256958,-4.700253486633301,-5.698957443237305,-7.253747940063477,-8.08647346496582,-7.918182373046875,-7.027621269226074,-6.017551898956299,-5.801272392272949,-6.838928699493408,-8.22750186920166,-9.311563491821289,-10.147388458251953,-9.81519603729248,-10.349441528320312,-10.201452255249023,-8.774480819702148,-9.5271635055542,-7.1972503662109375,-7.328798770904541,-7.075439929962158,-7.4950270652771,-9.144575119018555,-10.72076416015625,-11.79244613647461,-12.9969482421875,-14.113886833190918,-14.641154289245605,-16.3193302154541,-18.892839431762695,-19.25201416015625
-7.007772922515869,-7.855644226074219,-8.324604988098145,-8.83289623260498,-9.482171058654785,-10.062355995178223,-10.392341613769531,-10.07561206817627,-9.02515983581543,-7.786620140075684,-6.74697208404541,-5.942359924316406,-5.156142234802246,-4.382142066955566,-3.833108425140381,-4.028473377227783,-5.205169200897217,-6.37365198135376,-6.715573310852051,-6.5381999015808105,-6.3233819007873535,-5.746555805206299,-5.598319053649902,-6.64229154586792,-7.169804096221924,-7.258939743041992,-3.352787494659424,-3.8059616088867188,-9.355430603027344,-10.651289939880371,-9.524968147277832,-10.790885925292969,-9.044898986816406,-7.172591209411621,-5.377912998199463,-5.290183067321777,-7.004642009735107,-9.187122344970703,-11.548257827758789,-13.804057121276855,-15.274577140808105,-17.467233657836914,-20.158916473388672,-20.143604278564453
-6.918083190917969,-7.538699626922607,-8.321755409240723,-8.932015419006348,-9.405839920043945,-9.767909049987793,-9.63234806060791,-8.813249588012695,-7.449783802032471,-5.950322151184082,-4.791188716888428,-4.399349212646484,-4.685075759887695,-5.136528015136719,-5.16426944732666,-4.853586673736572,-4.755923271179199,-4.832128524780273,-5.0916242599487305,-5.551631927490234,-6.073511600494385,-6.3116655349731445,-6.056730270385742,-6.163815498352051,-5.851211071014404,-6.120890140533447,-1.5653564929962158,0.2531709671020508,-6.245174407958984,-10.966935157775879,-9.026692390441895,-9.937690734863281,-10.277073860168457,-9.717254638671875,-8.117216110229492,-6.7398505210876465,-6.747838020324707,-7.730936527252197,-9.505644798278809,-11.640460968017578,-12.143210411071777,-13.346296310424805,-16.27007484436035,-17.560752868652344
-6.61814022064209,-7.310360908508301,-8.081161499023438,-8.677693367004395,-9.116273880004883,-9.580926895141602,-9.41727066040039,-8.294060707092285,-6.7290730476379395,-5.229820728302002,-4.129011154174805,-3.902992010116577,-4.605503559112549,-5.776737689971924,-6.695001125335693,-6.664256572723389,-5.94119930267334,-5.134798526763916,-4.775214195251465,-4.947698593139648,-5.475926399230957,-6.102287769317627,-5.808786392211914,-7.930771827697754,-8.321638107299805,-7.229562759399414,-5.238081932067871,-3.4991164207458496,-6.470911979675293,-8.767552375793457,-8.374032974243164,-8.153021812438965,-8.637908935546875,-9.683770179748535,-10.357547760009766,-9.884784698486328,-9.358893394470215,-9.289502143859863,-9.530892372131348,-10.06104850769043,-10.456944465637207,-11.703131675720215,-12.933465003967285,-14.330653190612793
-4.8266682624816895,-5.87143087387085,-7.255658149719238,-8.626224517822266,-9.380324363708496,-9.73576831817627,-9.64100456237793,-8.710402488708496,-7.415992736816406,-6.173564910888672,-5.12652063369751,-4.797876358032227,-5.330170631408691,-6.544577598571777,-7.896157741546631,-8.238168716430664,-7.511425971984863,-6.6741790771484375,-6.035076141357422,-5.486229419708252,-5.418553829193115,-5.839437961578369,-4.1730637550354,-7.260874271392822,-8.392680168151855,-7.935319900512695,-6.083648204803467,-2.8751308917999268,-1.406542181968689,-6.746554851531982,-7.9956841468811035,-8.302846908569336,-7.699226379394531,-7.69381856918335,-9.355974197387695,-10.840831756591797,-10.895853996276855,-10.105301856994629,-8.873194694519043,-8.547679901123047,-10.41272258758545,-12.801246643066406,-13.307694435119629,-13.005614280700684
-2.911165952682495,-3.937105417251587,-5.847096920013428,-8.278233528137207,-9.727339744567871,-9.97575855255127,-9.86918830871582,-9.42245101928711,-8.561932563781738,-7.4401326179504395,-6.399844169616699,-6.185009956359863,-6.758345603942871,-7.458337783813477,-7.802001953125,-7.5095720291137695,-7.149850368499756,-7.080531120300293,-6.846127510070801,-6.208339214324951,-5.949502468109131,-6.287281036376953,-6.866854190826416,-6.997068881988525,-6.609836578369141,-6.16751766204834,-6.153200149536133,-3.5717132091522217,-3.049210548400879,-5.240145683288574,-6.4985198974609375,-7.741858959197998,-8.235430717468262,-8.43842887878418,-9.493714332580566,-11.02632999420166,-10.976325988769531,-9.506433486938477,-7.899507522583008,-7.747778415679932,-9.532269477844238,-11.638359069824219,-12.84813404083252,-12.790995597839355
-2.36293888092041,-3.3687098026275635,-5.069431781768799,-7.488461494445801,-9.09652328491211,-9.341788291931152,-9.258594512939453,-9.386920928955078,-9.193178176879883,-8.397566795349121,-7.572719097137451,-7.584409236907959,-8.137200355529785,-7.845639228820801,-6.422539710998535,-5.1238298416137695,-5.315025329589844,-6.4859747886657715,-7.1160712242126465,-6.782885551452637,-6.469500541687012,-6.70028829574585,-7.056575298309326,-7.217152118682861,-7.058984279632568,-6.721004962921143,-6.1644182205200195,-4.929078578948975,-4.146817684173584,-4.516747951507568,-5.279741287231445,-6.466673851013184,-8.10953140258789,-9.55895709991455,-9.954768180847168,-10.29571533203125,-10.083925247192383,-8.734054565429688,-7.253726482391357,-6.9008989334106445,-7.693336486816406,-9.097928047180176,-10.383857727050781,-10.784257888793945
-3.0214455127716064,-4.564962863922119,-5.922824859619141,-6.968708515167236,-7.646035194396973,-7.575857162475586,-7.618545055389404,-8.183938026428223,-8.705920219421387,-8.556490898132324,-8.126550674438477,-8.161126136779785,-8.20653247833252,-7.2640604972839355,-5.707107067108154,-4.776177883148193,-5.176102638244629,-6.543861389160156,-7.490987777709961,-7.41554594039917,-6.974634647369385,-6.943846702575684,-6.841481685638428,-6.31032133102417,-5.755251407623291,-5.651147365570068,-5.66256856918335,-5.054948806762695,-4.303668975830078,-4.50416374206543,-5.411612510681152,-6.610972881317139,-7.92783784866333,-7.961730003356934,-9.40820598602295,-8.731087684631348,-8.055839538574219,-7.149727821350098,-6.10325288772583,-5.58960485458374,-5.518514156341553,-6.106384754180908,-7.51511812210083,-8.410486221313477
-3.553014039993286,-5.618237018585205,-6.870668411254883,-6.924765586853027,-6.327740669250488,-5.756336688995361,-5.751926422119141,-6.477638244628906,-7.338296890258789,-7.777924060821533,-7.775637149810791,-7.741259574890137,-7.255248546600342,-6.300144672393799,-5.843313217163086,-6.207276344299316,-6.862621784210205,-7.846807956695557,-8.316943168640137,-7.787576675415039,-7.497389793395996,-7.567464351654053,-7.700650215148926,-7.548956394195557,-7.089847564697266,-6.63090181350708,-6.3448076248168945,-5.9437432289123535,-5.33831787109375,-5.501332759857178,-6.589684009552002,-7.649914741516113,-8.059977531433105,-6.991001129150391,-9.17305850982666,-8.249653816223145,-6.857104778289795,-6.0441155433654785,-5.954606056213379,-6.302091121673584,-5.571712017059326,-4.305220127105713,-5.664568901062012,-6.804306507110596
-2.449082374572754,-4.421627998352051,-5.653436183929443,-5.6703572273254395,-4.691715240478516,-3.8962838649749756,-4.0541839599609375,-4.887535572052002,-5.728557109832764,-6.42100715637207,-6.897056579589844,-7.192899227142334,-7.0640411376953125,-6.602488994598389,-6.7725605964660645,-7.477818489074707,-7.967167377471924,-8.478645324707031,-8.423042297363281,-7.598260879516602,-7.354410648345947,-8.094521522521973,-9.101165771484375,-9.384480476379395,-8.771454811096191,-7.929304599761963,-7.407564163208008,-7.109903335571289,-6.737244606018066,-6.693872928619385,-7.3969597816467285,-8.062165260314941,-7.903885364532471,-7.398716926574707,-8.580870628356934,-8.368968963623047,-7.566832542419434,-6.963414669036865,-6.27822732925415,-5.420962333679199,-5.311917304992676,-5.21021032333374,-7.1120500564575195,-7.644951820373535
0.42411333322525024,-1.328964352607727,-2.5678272247314453,-2.8014309406280518,-2.148038625717163,-1.5253959894180298,-1.970686435699463,-3.008075475692749,-4.000631809234619,-4.940752029418945,-5.884403705596924,-6.854540824890137,-7.769895553588867,-8.359682083129883,-8.688746452331543,-8.6699800491333,-8.618170738220215,-8.584842681884766,-8.180992126464844,-7.72252082824707,-8.092181205749512,-9.305886268615723,-10.36196231842041,-10.417743682861328,-9.826864242553711,-9.213223457336426,-8.687251091003418,-8.338963508605957,-8.051023483276367,-7.7153544425964355,-7.619999885559082,-7.770557403564453,-7.931222915649414,-8.362921714782715,-8.878504753112793,-8.117644309997559,-6.524703502655029,-5.698468208312988,-4.632938861846924,-4.288952350616455,-6.420599937438965,-7.8123674392700195,-8.262630462646484,-8.051210403442383
2.6033198833465576,1.3825397491455078,0.11518581956624985,-0.3660239279270172,-0.0005058966344222426,0.380440354347229,-0.058442261070013046,-1.1653692722320557,-2.5952632427215576,-3.8377857208251953,-4.909801006317139,-6.157461643218994,-7.943983554840088,-9.68578815460205,-10.22730827331543,-9.826072692871094,-9.609315872192383,-9.519477844238281,-9.270210266113281,-9.504721641540527,-10.541016578674316,-11.672222137451172,-12.118925094604492,-12.016359329223633,-11.859085083007812,-11.60023021697998,-11.019132614135742,-10.230634689331055,-9.547744750976562,-8.957526206970215,-8.46356201171875,-8.448774337768555,-9.140301704406738,-10.054214477539062,-9.535835266113281,-6.55022668838501,-3.0469489097595215,-3.6027793884277344,-2.6674811840057373,-1.4105594158172607,-7.070970058441162,-8.262029647827148,-6.4762372970581055,-8.271761894226074
2.3131942749023438,1.859436273574829,1.1803828477859497,0.5299196839332581,0.4258764088153839,0.29147180914878845,-0.4061855971813202,-1.3668791055679321,-2.622831106185913,-3.6847476959228516,-4.335053443908691,-5.170900821685791,-6.905638217926025,-9.374944686889648,-10.845256805419922,-10.824378967285156,-10.623498916625977,-10.53044605255127,-10.744379043579102,-11.470658302307129,-12.513285636901855,-13.312088012695312,-13.567919731140137,-13.361466407775879,-13.084297180175781,-12.773666381835938,-12.184683799743652,-11.333280563354492,-10.737659454345703,-10.403032302856445,-10.00115966796875,-9.72194766998291,-10.079201698303223,-10.55356502532959,-9.376827239990234,-5.381549835205078,-2.955223798751831,-2.017885208129883,-3.5386624336242676,-3.6397595405578613,-3.7227542400360107,-5.1083197593688965,-5.8156561851501465,-8.422553062438965
1.5432239770889282,1.2263743877410889,0.8918413519859314,0.3926731050014496,-0.04424503445625305,-0.9195376634597778,-2.4304099082946777,-3.7450194358825684,-4.304480075836182,-4.526484966278076,-4.486412525177002,-4.714574337005615,-5.858530521392822,-8.457891464233398,-11.024152755737305,-11.668763160705566,-11.059365272521973,-10.658754348754883,-10.988687515258789,-11.91651439666748,-13.061949729919434,-14.00830364227295,-14.173630714416504,-13.489645004272461,-13.020316123962402,-13.061397552490234,-12.82246208190918,-11.964665412902832,-11.461037635803223,-11.493156433105469,-11.354324340820312,-10.85665225982666,-10.389566421508789,-9.358773231506348,-7.687883377075195,-5.723766803741455,-4.743678092956543,-3.886836528778076,-4.598466396331787,-4.991997241973877,-4.934221267700195,-6.315516948699951,-7.731156826019287,-9.04336166381836
