data/wind_data/wind_35_5.json
{"header": {"parameterUnit": "KT", "parameterCategory": 2, "nx": 256, "ny": 198, "lo1": 44.73521041870117, "la1": -3.236724853515625, "lo2": 111.26478576660156, "la2": 43.468475341796875, "dx": 0.2609002888202667, "dy": -0.23708222806453705, "refTime": "2025-02-20 11:00:00", "forecastTime": 0, "parameterNumber": 2, "parameterNumberName": "eastward_wind"}, "data":
[rows 152 to 170 of 198, columns 132 to 175 of 256]
36.440921783447266,37.15744400024414,41.867000579833984,43.02053451538086,43.03466033935547,41.626678466796875,40.713890075683594,37.15357208251953,34.53440475463867,34.30930709838867,29.575910568237305,21.2866268157959,19.000844955444336,19.585412979125977,20.766027450561523,22.731298446655273,23.636564254760742,23.903324127197266,25.39672088623047,25.96690559387207,26.05360984802246,26.156288146972656,26.739248275756836,26.564531326293945,30.43309211730957,33.65992736816406,36.626121520996094,33.09746551513672,23.5461483001709,22.13416862487793,25.866661071777344,27.966493606567383,29.80592918395996,32.89158248901367,34.57222366333008,32.471527099609375,29.78533363342285,27.102365493774414,24.851917266845703,26.015653610229492,24.81418228149414,21.53245735168457,22.452716827392578,24.4388370513916
42.049957275390625,39.799034118652344,42.43437957763672,43.0900993347168,41.54673767089844,38.67965316772461,36.039825439453125,34.489051818847656,37.62335968017578,33.338748931884766,19.69332504272461,14.87266731262207,18.897052764892578,20.96283721923828,21.360506057739258,22.776668548583984,23.80019187927246,23.42945671081543,28.07380485534668,27.338733673095703,26.154024124145508,26.84556007385254,29.986167907714844,29.37253189086914,34.02342987060547,35.9652214050293,30.325572967529297,21.04779624938965,18.44285774230957,20.824949264526367,24.487606048583984,29.420289993286133,34.45553970336914,36.0594596862793,33.58687210083008,32.47962188720703,32.30046463012695,24.602495193481445,20.375455856323242,17.853797912597656,13.811288833618164,14.84312915802002,17.641860961914062,19.262861251831055
49.84474182128906,44.4901123046875,38.43968200683594,36.09889221191406,35.27933120727539,33.242862701416016,33.73949432373047,36.58422088623047,35.531944274902344,24.4915828704834,15.309557914733887,16.658029556274414,20.005401611328125,22.76329231262207,23.308612823486328,21.969655990600586,23.061717987060547,23.612117767333984,27.791370391845703,28.492469787597656,28.905380249023438,29.451095581054688,29.12664222717285,30.98517417907715,32.49543380737305,24.724651336669922,16.599933624267578,16.28096580505371,19.55569076538086,21.2215518951416,23.494129180908203,24.551294326782227,23.629724502563477,23.037609100341797,23.703468322753906,23.45630645751953,21.23171615600586,17.142770767211914,11.81704330444336,13.949613571166992,18.439563751220703,21.70836639404297,21.938323974609375,19.048709869384766
50.67898178100586,46.92619705200195,38.233036041259766,38.988136291503906,34.86103820800781,30.93549156188965,32.626827239990234,32.00592803955078,24.49645233154297,16.445322036743164,14.127725601196289,16.870407104492188,19.103450775146484,20.04404640197754,20.744794845581055,22.076778411865234,23.488319396972656,24.669679641723633,26.153400421142578,28.265750885009766,30.541255950927734,29.713272094726562,27.59458351135254,30.255407333374023,31.5546817779541,26.150299072265625,22.836257934570312,22.68570327758789,24.863840103149414,26.635042190551758,25.224702835083008,23.753671646118164,20.92334747314453,19.079675674438477,19.151094436645508,17.603424072265625,13.636481285095215,12.19637393951416,14.151110649108887,14.448912620544434,14.383172035217285,14.590198516845703,14.741570472717285,12.983046531677246
25.952640533447266,32.653289794921875,39.08968734741211,41.99184799194336,36.934391021728516,31.573171615600586,30.006860733032227,24.88202667236328,16.133373260498047,12.556421279907227,13.42479133605957,15.692071914672852,17.61256217956543,18.54688262939453,20.062665939331055,22.497745513916016,24.141481399536133,25.091144561767578,26.658891677856445,26.954452514648438,28.91482925415039,31.332927703857422,27.721046447753906,27.859067916870117,32.00682830810547,34.67858123779297,30.055892944335938,25.73190689086914,23.71437644958496,26.050399780273438,26.60696792602539,24.197816848754883,21.815837860107422,20.39962387084961,18.866130828857422,15.561140060424805,15.250936508178711,18.279695510864258,17.213714599609375,17.59937858581543,17.3441219329834,18.004100799560547,22.50435447692871,22.961822509765625
5.088024139404297,10.333463668823242,21.90011978149414,28.78679656982422,29.062271118164062,26.602018356323242,23.037263870239258,18.376880645751953,14.73669147491455,15.096391677856445,14.414493560791016,15.578065872192383,15.68406867980957,19.997880935668945,22.48552894592285,22.37569808959961,24.000152587890625,24.809154510498047,26.23093605041504,28.19407081604004,26.230581283569336,24.67367172241211,30.43568992614746,35.86702346801758,35.98941421508789,31.790241241455078,26.229618072509766,24.853429794311523,24.398942947387695,25.875259399414062,25.29123878479004,22.196508407592773,20.449796676635742,19.330259323120117,17.177114486694336,16.207731246948242,19.48070526123047,19.881160736083984,19.48332977294922,21.51674461364746,21.42157554626465,17.672908782958984,15.307267189025879,15.453482627868652
9.731571197509766,-0.7798433303833008,6.268383026123047,14.463815689086914,19.76345443725586,22.24367904663086,24.65452003479004,28.123260498046875,26.29106330871582,21.79205322265625,19.755237579345703,19.773237228393555,16.86430549621582,20.467065811157227,22.94348907470703,22.8964900970459,23.22673988342285,25.49712562561035,24.858835220336914,27.457151412963867,25.31842803955078,28.115629196166992,36.1856575012207,33.113224029541016,24.935426712036133,19.35770034790039,19.803796768188477,23.651710510253906,25.8530330657959,24.04245376586914,21.101613998413086,19.85443687438965,20.224567413330078,20.817338943481445,21.93370246887207,21.884319305419922,22.113161087036133,19.645517349243164,16.46092987060547,12.996315002441406,10.706802368164062,11.39871883392334,16.216060638427734,22.05813217163086
18.89653968811035,4.999603271484375,1.7639555931091309,5.8386149406433105,9.34894847869873,15.751684188842773,25.490829467773438,30.990802764892578,28.79262924194336,23.699426651000977,18.369300842285156,16.7861385345459,17.728830337524414,20.725631713867188,23.391578674316406,22.72422981262207,25.57037925720215,26.688234329223633,25.375904083251953,24.7779483795166,27.75267219543457,26.273454666137695,29.233421325683594,24.969240188598633,19.167278289794922,19.07170867919922,21.77214813232422,24.90446662902832,26.043228149414062,20.905136108398438,18.744810104370117,19.695417404174805,21.296724319458008,21.61689567565918,18.364391326904297,18.346345901489258,17.937828063964844,12.250100135803223,9.536295890808105,13.157205581665039,19.950639724731445,25.564584732055664,27.120655059814453,25.7849063873291
8.235685348510742,6.04191255569458,4.1083574295043945,4.219297885894775,3.60164213180542,7.303977012634277,12.58497142791748,15.734052658081055,16.25410270690918,16.306886672973633,17.152084350585938,19.591960906982422,21.84056854248047,22.982412338256836,23.824670791625977,22.502052307128906,24.12079620361328,30.46677017211914,24.975095748901367,17.3931827545166,19.07941436767578,24.730897903442383,27.99949073791504,28.593643188476562,27.919801712036133,25.472238540649414,26.068756103515625,26.532047271728516,24.502443313598633,20.345840454101562,17.83304214477539,17.445711135864258,17.40083122253418,15.364538192749023,15.800786972045898,12.139477729797363,16.32994270324707,21.748571395874023,25.308244705200195,28.60578155517578,31.020160675048828,30.646020889282227,27.544818878173828,24.54500389099121
1.2432045936584473,2.923372983932495,7.408586025238037,5.993564128875732,4.081216812133789,4.698193073272705,6.055685997009277,8.471634864807129,11.024575233459473,14.481928825378418,19.912273406982422,24.430463790893555,26.135068893432617,27.13763427734375,28.00237274169922,28.765953063964844,27.198617935180664,28.438663482666016,30.802101135253906,31.652341842651367,27.67400550842285,21.829702377319336,19.152387619018555,20.884674072265625,25.36478614807129,25.160730361938477,24.157085418701172,25.883983612060547,24.566930770874023,21.208110809326172,17.310165405273438,14.615995407104492,12.495720863342285,11.764134407043457,13.298914909362793,21.395143508911133,28.3663387298584,32.993038177490234,36.01816177368164,36.80724334716797,34.43814468383789,29.914567947387695,25.48098373413086,24.15119743347168
2.2287817001342773,4.676393032073975,6.544832229614258,7.082760810852051,6.013846397399902,8.319254875183105,9.166600227355957,10.002420425415039,12.079010009765625,15.949849128723145,20.716150283813477,25.33392333984375,26.28522300720215,27.20083999633789,27.665674209594727,27.102081298828125,25.68023109436035,25.21829605102539,28.398937225341797,32.33162307739258,36.4781379699707,34.986228942871094,20.831886291503906,15.842910766601562,22.800426483154297,26.589876174926758,24.22564125061035,22.719085693359375,22.244298934936523,17.588754653930664,15.52004623413086,18.460643768310547,21.171283721923828,23.598876953125,25.97921371459961,28.88164710998535,30.867321014404297,31.727062225341797,32.63688659667969,32.5250244140625,30.017578125,26.35048484802246,24.803071975708008,25.48809051513672
8.932699203491211,11.207446098327637,11.041528701782227,10.127272605895996,10.85901927947998,13.194872856140137,13.491705894470215,13.66627025604248,14.331549644470215,15.598136901855469,17.079648971557617,19.465269088745117,20.746139526367188,21.420019149780273,21.91080665588379,20.461435317993164,20.928953170776367,21.347627639770508,25.804054260253906,31.094167709350586,34.99706268310547,37.94137191772461,29.267072677612305,16.796985626220703,15.81076431274414,17.128419876098633,16.467506408691406,15.833916664123535,13.520739555358887,15.141018867492676,20.32314109802246,25.635419845581055,29.737913131713867,33.284542083740234,34.552669525146484,32.56006622314453,29.69735336303711,29.71134376525879,30.917377471923828,29.615781784057617,26.615619659423828,25.783571243286133,26.55864143371582,27.299104690551758
21.14607810974121,21.808881759643555,20.579824447631836,18.53544807434082,17.674158096313477,17.382251739501953,16.85454750061035,16.4803466796875,16.138839721679688,15.973222732543945,16.609664916992188,17.989076614379883,18.30824089050293,17.998435974121094,18.67255210876465,19.646774291992188,20.893186569213867,21.043315887451172,22.716981887817383,27.510215759277344,31.828170776367188,34.97809600830078,35.56623840332031,25.874784469604492,14.685833930969238,10.166812896728516,8.423468589782715,7.204162120819092,8.184110641479492,14.853151321411133,20.8893985748291,23.8861026763916,27.265825271606445,30.587404251098633,33.065589904785156,34.80718231201172,34.5828857421875,33.74355697631836,31.228261947631836,27.855594635009766,26.690303802490234,27.134902954101562,27.74543571472168,28.208621978759766
26.562450408935547,25.000226974487305,22.823108673095703,21.312320709228516,21.093538284301758,21.119190216064453,20.605619430541992,19.502912521362305,18.49278450012207,18.5234375,19.72910499572754,20.553464889526367,19.78231430053711,18.581134796142578,18.825145721435547,20.41885757446289,22.061683654785156,22.615781784057617,22.41425132751465,24.3231143951416,28.808935165405273,33.15230178833008,35.9178352355957,33.91990280151367,24.4119873046875,16.43181800842285,14.638501167297363,13.709653854370117,12.403619766235352,15.217883110046387,21.48285675048828,26.498685836791992,30.378726959228516,32.65313720703125,34.661865234375,36.7631721496582,37.63929748535156,36.524147033691406,32.0467529296875,28.375572204589844,27.546016693115234,27.71938705444336,28.63762664794922,29.37252426147461
27.20658302307129,25.03449058532715,22.70197105407715,21.30714988708496,21.529502868652344,22.364126205444336,22.52018165588379,21.6621150970459,20.870670318603516,21.29671859741211,22.01569366455078,21.429553985595703,19.820589065551758,18.48854637145996,18.67137908935547,20.34497833251953,21.80027961730957,21.858501434326172,21.099258422851562,21.69710350036621,25.049989700317383,29.15888023376465,31.305479049682617,30.87812614440918,27.394929885864258,22.86265754699707,20.013731002807617,24.10897445678711,25.309755325317383,24.816936492919922,24.834964752197266,25.606172561645508,27.478012084960938,30.213850021362305,33.56290817260742,35.87273406982422,36.4801025390625,33.052879333496094,27.897212982177734,26.04292869567871,26.19573211669922,27.8697566986084,29.84111213684082,30.831884384155273
26.245098114013672,24.168285369873047,22.0434513092041,20.742631912231445,20.632959365844727,21.45032501220703,22.466646194458008,23.03850746154785,23.5346622467041,24.09688949584961,23.51826286315918,21.199748992919922,18.631650924682617,17.369993209838867,17.8023738861084,19.1329345703125,19.599451065063477,18.720901489257812,17.979167938232422,18.771615982055664,21.03521156311035,23.292142868041992,24.06892204284668,23.818235397338867,22.38962173461914,22.262746810913086,24.365880966186523,27.303794860839844,29.480287551879883,30.057607650756836,30.208946228027344,30.770593643188477,31.966615676879883,33.3560791015625,34.525760650634766,34.901519775390625,32.09419250488281,28.30914306640625,25.45533561706543,24.148513793945312,24.76822280883789,28.1777400970459,30.99801254272461,31.930259704589844
23.383256912231445,21.819726943969727,21.08595085144043,20.836029052734375,20.622529983520508,20.99775505065918,22.408313751220703,24.329883575439453,25.79313850402832,25.549816131591797,23.00232696533203,19.44303321838379,16.9800968170166,16.338865280151367,17.061281204223633,17.781333923339844,17.220104217529297,15.884793281555176,15.433391571044922,16.44240379333496,17.90699005126953,19.095048904418945,20.281246185302734,21.31260871887207,21.15437889099121,21.32512855529785,23.73276710510254,26.856576919555664,29.414106369018555,30.994749069213867,31.813941955566406,32.95804977416992,34.17192840576172,34.8045654296875,34.43987274169922,32.54013442993164,29.304285049438477,25.848697662353516,24.080345153808594,24.52288818359375,26.456745147705078,29.96837043762207,31.782052993774414,31.91554069519043
19.43732452392578,19.456483840942383,20.527177810668945,21.573209762573242,21.605178833007812,21.595355987548828,22.813634872436523,24.449398040771484,24.68079948425293,22.751174926757812,19.398441314697266,16.482227325439453,15.293779373168945,15.665245056152344,16.573917388916016,16.731428146362305,15.66158390045166,14.399595260620117,14.189007759094238,14.960975646972656,16.01937484741211,17.206762313842773,18.760725021362305,20.156253814697266,20.42717933654785,19.59699249267578,19.682004928588867,22.316694259643555,25.97890281677246,28.99542999267578,30.833106994628906,31.852537155151367,31.443086624145508,30.00154685974121,28.540712356567383,26.470108032226562,24.68132209777832,25.360734939575195,27.05279541015625,28.615617752075195,29.010040283203125,30.453943252563477,31.887592315673828,30.971817016601562
17.154029846191406,18.70754051208496,20.387203216552734,21.174285888671875,20.651912689208984,20.1217098236084,20.165691375732422,20.037654876708984,19.06599998474121,17.00543975830078,14.753056526184082,13.756954193115234,14.111613273620605,14.960543632507324,15.609819412231445,15.6022367477417,14.710023880004883,13.686944961547852,13.370099067687988,13.732898712158203,14.464378356933594,15.487344741821289,16.65703010559082,16.89814567565918,16.219482421875,15.958784103393555,16.571727752685547,18.065778732299805,20.180227279663086,22.10100746154785,23.405824661254883,23.85171127319336,23.260530471801758,22.5278377532959,22.170936584472656,22.47256851196289,24.31782341003418,26.65580940246582,28.421924591064453,29.277650833129883,28.62538719177246,29.764820098876953,31.18120574951172,29.8048152923584
