data/wind_data/wind_35_5.json
{"header": {"parameterUnit": "KT", "parameterCategory": 2, "nx": 256, "ny": 198, "lo1": 44.73521041870117, "la1": -3.236724853515625, "lo2": 111.26478576660156, "la2": 43.468475341796875, "dx": 0.2609002888202667, "dy": -0.23708222806453705, "refTime": "2025-02-20 11:00:00", "forecastTime": 0, "parameterNumber": 2, "parameterNumberName": "eastward_wind"}, "data":
[rows 114 to 132 of 198, columns 44 to 87 of 256]
41.21084213256836,44.415077209472656,49.3828239440918,52.95947265625,54.86273956298828,55.06428146362305,47.95995330810547,39.085304260253906,38.531986236572266,43.70674133300781,48.75261688232422,48.60160827636719,44.46604919433594,41.403438568115234,41.02024841308594,42.13736343383789,43.36165237426758,44.32423782348633,45.47578048706055,46.63210678100586,46.80449295043945,46.3803825378418,47.00098419189453,48.52223587036133,48.49181365966797,45.40953826904297,42.16652297973633,41.831058502197266,42.82468795776367,43.215450286865234,42.7344970703125,41.76072692871094,40.60469436645508,39.758121490478516,38.85361862182617,37.27653121948242,35.89418411254883,35.81534957885742,37.59127426147461,39.029754638671875,39.042930603027344,38.947845458984375,39.75348663330078,40.11624526977539
37.14733123779297,40.61939239501953,47.483680725097656,53.46946716308594,57.69088363647461,58.776058197021484,55.18192672729492,49.95231628417969,48.028682708740234,50.10200500488281,52.62980651855469,52.656795501708984,50.314292907714844,47.59683609008789,46.010459899902344,45.828617095947266,46.271827697753906,46.324119567871094,46.533935546875,47.94963836669922,48.669612884521484,46.921783447265625,45.48271179199219,45.76662826538086,45.068382263183594,43.50802230834961,44.119773864746094,45.679683685302734,45.43858337402344,43.89169692993164,42.396446228027344,41.077545166015625,40.04867935180664,39.168766021728516,37.920467376708984,36.563690185546875,36.02437973022461,36.18305969238281,37.35959243774414,38.68478775024414,38.97856903076172,39.42979049682617,39.71284103393555,38.353824615478516
50.50868225097656,49.6973876953125,51.54404067993164,54.750511169433594,57.749813079833984,59.082820892333984,57.698951721191406,55.487098693847656,54.52643585205078,55.291656494140625,56.024566650390625,55.64145278930664,54.21852493286133,52.20986557006836,50.48127746582031,49.771148681640625,49.499324798583984,48.357017517089844,47.62403106689453,48.461273193359375,49.58347702026367,48.06978988647461,42.709678649902344,38.52345275878906,38.896942138671875,43.45754623413086,48.21848678588867,49.175872802734375,46.80469512939453,44.076255798339844,42.23418426513672,40.764530181884766,39.623207092285156,38.70867919921875,37.55136489868164,36.92696762084961,37.02535629272461,37.116878509521484,37.68572235107422,38.09727478027344,38.26749038696289,39.577823638916016,39.099876403808594,36.254703521728516
58.50257110595703,57.7232551574707,57.32029724121094,57.50064468383789,58.2991943359375,59.336814880371094,59.28990173339844,58.582115173339844,58.0990104675293,58.23696517944336,58.14156723022461,57.55915451049805,56.50518035888672,54.531898498535156,52.57012176513672,51.96202850341797,51.45222091674805,49.143768310546875,47.06484603881836,47.45192337036133,48.15284729003906,49.25243377685547,46.56248092651367,37.98606872558594,38.594482421875,46.41082763671875,50.86164855957031,49.50438690185547,46.16532897949219,43.67906188964844,42.02022933959961,40.85735321044922,39.81215286254883,38.71138000488281,37.866546630859375,37.79747009277344,38.0012321472168,37.70655059814453,37.64155578613281,38.03370666503906,38.798728942871094,39.733802795410156,38.04906463623047,35.22782516479492
59.14055252075195,59.3119010925293,59.022586822509766,58.48982620239258,58.759395599365234,59.74268341064453,59.775997161865234,58.8592414855957,58.36689758300781,58.352325439453125,58.17041015625,57.11122512817383,55.277549743652344,53.03812789916992,51.610328674316406,51.696136474609375,51.2201042175293,47.94093704223633,45.21768569946289,44.672000885009766,48.06354522705078,49.53313064575195,42.79978942871094,40.26461410522461,45.759979248046875,50.95039749145508,51.48981475830078,48.79047775268555,45.77995300292969,43.46303939819336,41.792076110839844,40.875205993652344,40.133201599121094,39.15934753417969,38.505645751953125,38.636375427246094,38.75939178466797,38.17446517944336,37.791786193847656,37.96566390991211,39.44003677368164,40.314876556396484,37.73776626586914,35.1810417175293
57.2950439453125,57.569725036621094,57.25727081298828,56.93859100341797,57.435081481933594,58.585384368896484,58.97983932495117,57.914249420166016,57.52751922607422,57.7355842590332,56.254295349121094,53.124210357666016,50.70566177368164,49.80828094482422,49.8508186340332,49.80580139160156,48.008514404296875,45.29964828491211,42.9747200012207,44.64689254760742,48.33843994140625,47.758331298828125,47.457977294921875,50.79911804199219,53.91522216796875,54.261356353759766,52.0797004699707,48.71488952636719,45.59065246582031,43.24105453491211,41.92340087890625,41.311729431152344,40.58152770996094,39.578712463378906,39.00880813598633,39.14125061035156,39.11127853393555,38.52130126953125,38.13340377807617,38.170135498046875,39.682289123535156,40.84196090698242,38.18797302246094,35.5670280456543
56.217750549316406,56.39852523803711,56.1451416015625,56.18581771850586,56.481544494628906,56.65465545654297,56.66661834716797,57.0506591796875,57.14488220214844,54.500999450683594,50.794612884521484,48.68370819091797,48.54443359375,48.940895080566406,48.78987503051758,47.97886276245117,46.52172088623047,43.0001106262207,39.578956604003906,42.96074295043945,50.90752410888672,55.457130432128906,56.61335754394531,56.3790397644043,54.991092681884766,52.56406784057617,49.74988555908203,46.787593841552734,44.419708251953125,43.013458251953125,42.26787567138672,41.729881286621094,40.83648681640625,39.71303176879883,39.26282501220703,39.377960205078125,39.189029693603516,38.57197570800781,38.37486267089844,38.343929290771484,39.50385284423828,40.673343658447266,38.253700256347656,35.52970886230469
56.6701545715332,56.57728958129883,56.1568603515625,56.18846893310547,55.99974060058594,55.5858039855957,55.406455993652344,55.272796630859375,53.985328674316406,51.176475524902344,49.224056243896484,48.85696792602539,49.09207534790039,48.85967254638672,48.41451644897461,47.81868362426758,43.83725357055664,38.69065475463867,41.04024887084961,47.774940490722656,52.346031188964844,54.977760314941406,55.93745422363281,55.00700759887695,52.19233703613281,48.97317123413086,47.1307487487793,45.4448127746582,43.962646484375,43.02254867553711,42.32645034790039,41.693336486816406,40.77290725708008,39.70368957519531,39.254356384277344,39.269981384277344,39.05208206176758,38.433807373046875,38.156585693359375,38.029232025146484,38.76101303100586,39.85417175292969,38.05085754394531,35.18705749511719
56.48145294189453,57.027862548828125,56.872840881347656,56.0318603515625,54.895259857177734,54.38713455200195,54.12209701538086,53.870845794677734,53.3279914855957,52.113346099853516,50.92881774902344,50.39142608642578,49.42180633544922,48.220211029052734,48.729408264160156,46.27107620239258,39.530670166015625,40.19752502441406,47.479331970214844,51.21394348144531,52.181922912597656,53.94097900390625,54.694576263427734,53.0506477355957,47.9742317199707,44.902767181396484,44.52745056152344,44.278167724609375,43.6883544921875,42.96483612060547,42.12630081176758,41.32763671875,40.48811340332031,39.745399475097656,39.314632415771484,38.91830825805664,38.250545501708984,37.611385345458984,37.3093376159668,37.34232711791992,37.69178009033203,39.1640625,37.93824768066406,34.60203552246094
55.71953582763672,56.43928909301758,56.12002182006836,55.002986907958984,54.31010437011719,53.9627571105957,53.631507873535156,53.884132385253906,54.10647201538086,53.726348876953125,52.6750373840332,51.05797576904297,48.58662414550781,47.572566986083984,47.716129302978516,44.23686599731445,42.292442321777344,45.02124786376953,47.818946838378906,48.83613586425781,50.3533935546875,53.265899658203125,54.71896743774414,51.26394271850586,44.941680908203125,43.03894805908203,43.55243682861328,44.16122055053711,44.00582504272461,43.05697250366211,41.897857666015625,41.01582717895508,40.22142791748047,39.501914978027344,39.124107360839844,38.56517028808594,37.39531707763672,36.48731994628906,36.22386169433594,36.81086349487305,37.12532043457031,38.4869499206543,37.47786331176758,34.830299377441406
54.21547317504883,55.1666374206543,55.31818389892578,54.565834045410156,53.78374481201172,53.3953857421875,53.2329216003418,53.75908279418945,54.537899017333984,54.31443405151367,53.243316650390625,50.624839782714844,48.13587188720703,47.602027893066406,44.42409896850586,42.05925369262695,44.776546478271484,46.31012725830078,46.069969177246094,47.334842681884766,49.24385070800781,51.29099655151367,51.339569091796875,46.112152099609375,42.86407470703125,42.90470886230469,43.87691879272461,44.58539581298828,44.3463249206543,43.19176483154297,41.89140701293945,40.884647369384766,39.82659912109375,38.802154541015625,38.16396713256836,37.60017013549805,36.57262420654297,35.66543197631836,35.5396614074707,36.482547760009766,38.035621643066406,39.022605895996094,37.553775787353516,36.26320266723633
54.10594177246094,54.04460144042969,53.718040466308594,52.77962875366211,52.14237594604492,53.004432678222656,53.621421813964844,54.33278274536133,55.04943084716797,54.55726623535156,52.490966796875,49.48561477661133,47.06069564819336,44.33477020263672,42.904747009277344,43.6345329284668,44.634700775146484,44.68817138671875,44.021400451660156,46.4311408996582,49.7431755065918,47.57707214355469,43.751808166503906,43.06188201904297,44.01201629638672,44.13347625732422,44.34624099731445,44.735496520996094,44.42238998413086,43.35393142700195,42.08019256591797,40.76710510253906,39.33638381958008,37.8256950378418,36.66920852661133,36.082008361816406,35.687721252441406,35.324310302734375,35.280216217041016,36.330657958984375,39.592594146728516,40.37592697143555,38.57941436767578,38.06991958618164
54.13202667236328,53.92744827270508,53.095672607421875,52.11858367919922,51.26054763793945,52.392364501953125,53.994686126708984,54.46615982055664,52.06251907348633,48.966861724853516,48.59233093261719,47.51524353027344,45.06001663208008,43.64237976074219,43.64423370361328,43.75028991699219,43.22608947753906,42.12916564941406,43.4620246887207,46.605926513671875,50.9736213684082,52.791847229003906,51.15802001953125,48.11476516723633,45.09392166137695,44.04182815551758,44.71337890625,45.34927749633789,44.872718811035156,43.631771087646484,42.101985931396484,40.4090690612793,38.912559509277344,37.47419738769531,35.93494415283203,35.07106399536133,35.04637908935547,35.37531280517578,35.818058013916016,36.83982467651367,39.72523880004883,42.07276153564453,39.93986892700195,39.174007415771484
54.272193908691406,54.94512176513672,53.71786880493164,52.6021842956543,51.879032135009766,52.04438018798828,53.07258224487305,49.99068069458008,44.00716018676758,45.50788497924805,48.96846008300781,46.97304916381836,45.19514465332031,44.10735321044922,42.61474609375,42.56463623046875,45.519569396972656,46.53330993652344,49.91681671142578,49.83879089355469,50.52058792114258,51.779048919677734,50.691402435302734,48.34919738769531,46.70445251464844,46.08004379272461,46.11074447631836,46.154579162597656,45.39986038208008,43.783565521240234,41.942527770996094,40.17351531982422,38.75503158569336,37.622554779052734,36.36899948120117,35.14580535888672,34.888816833496094,35.63236618041992,36.659446716308594,38.1688232421875,38.59352111816406,42.74993133544922,42.35102081298828,40.64853286743164
53.824440002441406,54.16698455810547,53.0114631652832,53.201786041259766,53.02801513671875,49.970211029052734,46.906349182128906,44.69840621948242,47.815067291259766,53.553253173828125,51.558616638183594,47.10929870605469,45.325439453125,43.758018493652344,41.91958236694336,42.38178253173828,46.04818344116211,49.93095397949219,53.321292877197266,51.981117248535156,50.389705657958984,51.327301025390625,51.076690673828125,49.437381744384766,47.97699737548828,47.34950256347656,47.386783599853516,47.373897552490234,46.23627471923828,43.91783905029297,41.52930450439453,39.71283721923828,38.36941146850586,37.34127426147461,36.395111083984375,35.55430603027344,35.19343185424805,36.09303283691406,37.25602722167969,38.770240783691406,38.719444274902344,41.67493438720703,44.6242790222168,42.868873596191406
50.73293685913086,51.03254699707031,51.03630447387695,51.55757522583008,51.11928939819336,47.13726806640625,40.984458923339844,47.63338851928711,57.561946868896484,60.79887390136719,56.25812911987305,50.11675262451172,45.69921112060547,43.494171142578125,43.61888122558594,45.53498077392578,48.086997985839844,50.97947692871094,52.73214340209961,51.222469329833984,50.61003112792969,51.62391662597656,51.395530700683594,50.01958465576172,48.91466522216797,48.62134552001953,48.74935531616211,48.60380172729492,47.11766815185547,44.33848190307617,41.482173919677734,39.37833786010742,37.67790603637695,36.315696716308594,35.3978271484375,35.107818603515625,35.397178649902344,36.45399856567383,37.79037857055664,38.88899230957031,39.61760330200195,40.33421325683594,44.63787841796875,45.08110809326172
47.547359466552734,48.64107894897461,48.96392059326172,48.50493240356445,49.06072235107422,44.17781066894531,44.52640914916992,54.06484603881836,60.41264343261719,61.041831970214844,56.017059326171875,49.532188415527344,44.83537673950195,43.769020080566406,46.49968719482422,48.94198226928711,49.91529846191406,51.55862045288086,51.68840026855469,50.59621810913086,51.42258071899414,52.00416946411133,51.683677673339844,50.726253509521484,49.91185760498047,49.779476165771484,49.913394927978516,49.399234771728516,47.26018142700195,44.115962982177734,41.4274787902832,39.207115173339844,36.676666259765625,35.00178909301758,34.57862854003906,35.0416374206543,35.92231750488281,37.10865783691406,38.55765151977539,39.73310470581055,40.724632263183594,41.446800231933594,43.07992172241211,44.94376754760742
45.80606460571289,45.63046646118164,43.27052688598633,45.05052947998047,48.49479293823242,46.745147705078125,45.03327941894531,51.2055778503418,57.72388458251953,58.11079406738281,54.08534240722656,47.971675872802734,41.89326095581055,41.96099090576172,47.8027229309082,50.84040069580078,50.73330307006836,50.428321838378906,50.91337203979492,52.83127212524414,53.89339065551758,53.291561126708984,52.12803268432617,50.729190826416016,49.94139099121094,50.39862060546875,50.85331726074219,48.717994689941406,44.433650970458984,41.37300491333008,39.80496597290039,38.17828369140625,36.06173324584961,34.83070755004883,34.98044204711914,35.83024597167969,36.78763198852539,37.915000915527344,39.33452224731445,40.68202209472656,41.95207214355469,42.21665573120117,42.14897537231445,43.2720947265625
42.296409606933594,40.591590881347656,44.201744079589844,47.96455383300781,48.6140251159668,48.249603271484375,47.660789489746094,47.539100646972656,48.134986877441406,47.5839958190918,46.024147033691406,41.931522369384766,38.39828872680664,42.9220085144043,50.72581481933594,53.47821044921875,52.69521713256836,51.991844177246094,53.55229949951172,55.0123291015625,55.45878982543945,54.74778366088867,52.93359375,51.82554626464844,52.083885192871094,51.317195892333984,47.141387939453125,41.200958251953125,38.11583709716797,38.10060501098633,37.588321685791016,36.17739486694336,35.28860092163086,35.2559928894043,35.784706115722656,36.47334289550781,37.09971618652344,38.07448959350586,39.69767379760742,41.320404052734375,42.66413497924805,43.113040924072266,40.95955276489258,41.31260681152344
