data/wind_data/wind_58_3.json
{"header": {"parameterUnit": "KT", "parameterCategory": 2, "nx": 256, "ny": 198, "lo1": 44.73521041870117, "la1": -3.236724853515625, "lo2": 111.26478576660156, "la2": 43.468475341796875, "dx": 0.2609002888202667, "dy": -0.23708222806453705, "refTime": "2025-02-21 10:00:00", "forecastTime": 0, "parameterNumber": 2, "parameterNumberName": "eastward_wind"}, "data":
[rows 38 to 56 of 198, columns 176 to 219 of 256]
-18.186294555664062,-20.022483825683594,-17.198036193847656,-17.081811904907227,-16.821205139160156,-17.89760398864746,-15.551667213439941,-15.725025177001953,-17.0897274017334,-16.389856338500977,-17.688783645629883,-14.601178169250488,-14.451696395874023,-13.395822525024414,-10.91771411895752,-10.30673599243164,-11.654974937438965,-12.481170654296875,-13.368979454040527,-13.536835670471191,-14.165911674499512,-14.498374938964844,-14.429730415344238,-14.180270195007324,-14.200900077819824,-14.64228343963623,-15.203710556030273,-15.640979766845703,-15.50675106048584,-14.670599937438965,-13.375664710998535,-12.569634437561035,-13.038826942443848,-14.240466117858887,-15.14758586883545,-14.338396072387695,-12.952893257141113,-13.537473678588867,-17.562292098999023,-20.517410278320312,-20.62396812438965,-20.442731857299805,-20.58724021911621,-21.075841903686523
-12.021317481994629,-14.75940990447998,-15.840971946716309,-15.10963249206543,-16.1247615814209,-18.97064208984375,-19.1622257232666,-16.985387802124023,-13.8763427734375,-13.314414978027344,-15.41482925415039,-16.430368423461914,-15.687719345092773,-17.303035736083984,-16.909793853759766,-18.815750122070312,-17.414838790893555,-13.653836250305176,-14.498055458068848,-14.507040023803711,-15.100193977355957,-15.603464126586914,-15.204340934753418,-14.790355682373047,-15.048131942749023,-15.654732704162598,-16.28400230407715,-16.343536376953125,-15.211122512817383,-13.318985939025879,-12.49342155456543,-13.596931457519531,-14.569169044494629,-14.723726272583008,-14.252687454223633,-13.128873825073242,-12.72114372253418,-15.282670021057129,-18.740493774414062,-19.55063247680664,-20.47412109375,-21.82950782775879,-20.891664505004883,-19.716062545776367
-14.292791366577148,-14.378352165222168,-14.392796516418457,-13.78337574005127,-14.185088157653809,-15.040018081665039,-15.215863227844238,-15.232523918151855,-14.896595001220703,-14.330317497253418,-14.939458847045898,-15.792224884033203,-15.070646286010742,-15.311135292053223,-14.981916427612305,-15.35667610168457,-16.084379196166992,-15.335055351257324,-15.449007987976074,-15.491337776184082,-15.85757827758789,-15.911791801452637,-15.333235740661621,-15.289209365844727,-15.680103302001953,-16.10187339782715,-16.477087020874023,-16.027910232543945,-14.296202659606934,-13.824360847473145,-17.500194549560547,-20.88103485107422,-18.89281463623047,-16.373586654663086,-14.748915672302246,-14.44737434387207,-16.28531265258789,-18.786115646362305,-19.05267906188965,-19.322696685791016,-20.43617820739746,-21.01776123046875,-20.64958953857422,-19.699077606201172
-16.73110008239746,-15.902499198913574,-15.807394027709961,-15.393350601196289,-13.780838966369629,-15.375731468200684,-15.471535682678223,-15.596375465393066,-15.186628341674805,-14.998579978942871,-15.76128101348877,-15.058114051818848,-14.715556144714355,-13.952452659606934,-13.308197975158691,-14.008764266967773,-15.219377517700195,-15.47618579864502,-15.473546028137207,-15.757164001464844,-16.361772537231445,-16.835479736328125,-17.298097610473633,-17.846025466918945,-17.4575252532959,-16.17159652709961,-14.606428146362305,-13.349038124084473,-15.1138334274292,-19.14669418334961,-20.554990768432617,-18.977962493896484,-18.200075149536133,-18.338937759399414,-17.464237213134766,-18.351303100585938,-19.86577796936035,-20.07533836364746,-19.479822158813477,-19.661834716796875,-20.071313858032227,-20.25527572631836,-19.98223114013672,-19.669330596923828
-17.098737716674805,-17.17830467224121,-17.19200897216797,-15.931232452392578,-14.733759880065918,-13.989185333251953,-14.165274620056152,-15.395002365112305,-15.979874610900879,-16.933916091918945,-16.501686096191406,-15.200889587402344,-15.189784049987793,-14.349661827087402,-13.804091453552246,-14.377775192260742,-14.714749336242676,-15.754644393920898,-16.631383895874023,-17.051055908203125,-17.23438262939453,-17.56105613708496,-17.748748779296875,-18.49068260192871,-17.705984115600586,-15.600578308105469,-15.017614364624023,-18.028135299682617,-22.446638107299805,-21.907896041870117,-19.229745864868164,-19.09503746032715,-22.969482421875,-17.275951385498047,-19.984716415405273,-19.903295516967773,-20.550935745239258,-19.975143432617188,-19.818296432495117,-19.430147171020508,-19.37769317626953,-19.662235260009766,-19.604049682617188,-19.567472457885742
-17.275379180908203,-17.483501434326172,-17.294755935668945,-15.995108604431152,-14.281201362609863,-12.971810340881348,-13.859213829040527,-15.061935424804688,-15.428699493408203,-15.610945701599121,-15.8583402633667,-15.562877655029297,-15.71254825592041,-16.15460205078125,-14.877099990844727,-15.859789848327637,-14.857864379882812,-15.9710693359375,-15.65568733215332,-15.886104583740234,-16.508649826049805,-17.542070388793945,-18.414392471313477,-18.457534790039062,-17.349153518676758,-15.8156156539917,-16.64274024963379,-20.095306396484375,-20.92926788330078,-18.9301700592041,-19.6558895111084,-21.293598175048828,-19.49280548095703,-18.626943588256836,-19.287912368774414,-20.29871940612793,-20.617122650146484,-19.091230392456055,-19.11137580871582,-18.650375366210938,-18.55497169494629,-18.959165573120117,-18.82471466064453,-18.667598724365234
-18.667150497436523,-18.84421730041504,-18.15091896057129,-17.27328872680664,-16.360441207885742,-14.913860321044922,-14.457185745239258,-15.269394874572754,-15.178738594055176,-14.271883010864258,-14.750741958618164,-15.838595390319824,-16.189712524414062,-15.615643501281738,-15.543394088745117,-15.705220222473145,-15.672319412231445,-15.53983211517334,-15.36711597442627,-15.576662063598633,-16.29606056213379,-17.12915802001953,-17.67744255065918,-17.924148559570312,-17.719369888305664,-17.8914852142334,-18.823734283447266,-18.61380958557129,-15.303565979003906,-13.440779685974121,-14.741748809814453,-16.542644500732422,-18.02980613708496,-15.701014518737793,-16.242794036865234,-19.285808563232422,-19.783451080322266,-18.833263397216797,-17.819597244262695,-17.41649627685547,-18.01664924621582,-17.798452377319336,-17.79695701599121,-17.422203063964844
-18.577251434326172,-19.29952049255371,-18.950510025024414,-18.910091400146484,-19.247085571289062,-17.987648010253906,-15.942733764648438,-15.28178596496582,-15.402209281921387,-14.71268081665039,-14.869833946228027,-16.086151123046875,-16.926660537719727,-16.483850479125977,-15.702013969421387,-15.538698196411133,-15.824892044067383,-15.83493423461914,-15.373035430908203,-14.964676856994629,-15.216653823852539,-15.676192283630371,-16.0621280670166,-16.710617065429688,-17.444976806640625,-18.84085464477539,-20.519237518310547,-16.98324966430664,-11.112913131713867,-10.959521293640137,-12.544811248779297,-17.795576095581055,-18.577909469604492,-16.112897872924805,-15.917581558227539,-17.724544525146484,-17.719331741333008,-15.62679386138916,-17.43098258972168,-17.338552474975586,-18.301254272460938,-17.07451057434082,-16.820646286010742,-16.63428497314453
-17.4759521484375,-17.5310115814209,-18.35749626159668,-18.933177947998047,-19.691822052001953,-19.491621017456055,-18.33246612548828,-16.446104049682617,-16.58558464050293,-16.362722396850586,-16.159591674804688,-16.4260196685791,-16.55277442932129,-16.770856857299805,-16.38033103942871,-15.523677825927734,-15.244348526000977,-15.177063941955566,-14.98354434967041,-14.538926124572754,-14.257275581359863,-14.445091247558594,-14.901009559631348,-15.13825511932373,-15.199564933776855,-16.161588668823242,-18.010513305664062,-18.190908432006836,-15.841368675231934,-16.147499084472656,-16.896989822387695,-16.2615966796875,-16.180492401123047,-15.782781600952148,-16.548919677734375,-18.545740127563477,-14.867768287658691,-11.818341255187988,-14.516582489013672,-16.534055709838867,-16.491636276245117,-17.11178970336914,-16.2232723236084,-16.10569953918457
-16.421762466430664,-15.439464569091797,-16.006742477416992,-16.403045654296875,-16.829753875732422,-17.22300910949707,-17.606380462646484,-17.842758178710938,-18.206247329711914,-17.88758087158203,-16.481719970703125,-16.61878204345703,-16.269908905029297,-16.062475204467773,-16.375219345092773,-15.64780330657959,-15.296574592590332,-14.868865013122559,-14.46821117401123,-14.016375541687012,-13.634315490722656,-13.660837173461914,-13.899864196777344,-13.817512512207031,-13.9749755859375,-15.442242622375488,-16.479406356811523,-16.621007919311523,-18.954498291015625,-19.99542236328125,-15.587389945983887,-14.124679565429688,-13.830575942993164,-15.311295509338379,-16.276582717895508,-16.501724243164062,-16.21536636352539,-13.563121795654297,-10.443831443786621,-13.494002342224121,-13.418792724609375,-15.02977180480957,-15.298240661621094,-15.032915115356445
-15.668563842773438,-14.87158203125,-15.318525314331055,-15.951396942138672,-15.73647403717041,-15.70055866241455,-16.803831100463867,-18.05263900756836,-18.08858871459961,-17.24716567993164,-16.959218978881836,-16.84235191345215,-16.268749237060547,-16.066905975341797,-16.12816047668457,-15.924948692321777,-15.992780685424805,-15.734170913696289,-14.996400833129883,-14.243672370910645,-13.580211639404297,-13.35556697845459,-13.62645435333252,-13.704732894897461,-13.709970474243164,-14.429208755493164,-15.528005599975586,-16.072778701782227,-16.644620895385742,-16.752960205078125,-13.354963302612305,-13.674830436706543,-13.307319641113281,-14.117673873901367,-15.345542907714844,-16.432558059692383,-16.330974578857422,-13.605623245239258,-10.332549095153809,-9.430105209350586,-11.304272651672363,-11.375454902648926,-11.38110065460205,-13.411947250366211
-15.180642127990723,-14.938575744628906,-15.431774139404297,-16.08076286315918,-16.116073608398438,-16.05433464050293,-16.33130645751953,-17.06871795654297,-17.988971710205078,-18.020233154296875,-17.45962905883789,-17.637069702148438,-17.320968627929688,-16.72134780883789,-16.508522033691406,-16.22463035583496,-15.843546867370605,-15.582104682922363,-14.873664855957031,-14.09375,-13.415092468261719,-13.425864219665527,-13.928312301635742,-14.147470474243164,-13.842327117919922,-13.681281089782715,-14.101065635681152,-14.542022705078125,-15.162038803100586,-15.942566871643066,-13.827225685119629,-14.028040885925293,-14.137665748596191,-14.896944999694824,-13.60262393951416,-12.633695602416992,-11.828518867492676,-9.42270278930664,-8.164143562316895,-8.635255813598633,-10.762836456298828,-8.169236183166504,-6.131716728210449,-10.92092514038086
-14.79366397857666,-14.61171817779541,-14.750103950500488,-14.834758758544922,-14.834718704223633,-15.32870101928711,-16.110549926757812,-16.493242263793945,-17.018505096435547,-17.707799911499023,-17.7077579498291,-17.444427490234375,-17.15912628173828,-16.53112030029297,-16.061798095703125,-15.73258113861084,-15.558826446533203,-14.968667030334473,-14.218181610107422,-13.495894432067871,-13.028725624084473,-13.515697479248047,-14.505674362182617,-14.950235366821289,-14.478941917419434,-13.798359870910645,-14.011344909667969,-15.22983455657959,-16.363262176513672,-17.23248863220215,-17.109081268310547,-14.915851593017578,-12.350143432617188,-11.062788009643555,-11.527007102966309,-11.669573783874512,-9.906447410583496,-8.430303573608398,-8.066547393798828,-9.067325592041016,-9.50511646270752,-7.440922260284424,-5.08336877822876,-8.851651191711426
-14.70466423034668,-14.326756477355957,-14.143640518188477,-13.873286247253418,-13.473997116088867,-13.78844165802002,-14.958305358886719,-15.857769012451172,-16.18474006652832,-16.747594833374023,-17.210498809814453,-16.779197692871094,-16.006717681884766,-15.238210678100586,-14.850948333740234,-14.971733093261719,-14.904457092285156,-14.639785766601562,-13.927799224853516,-13.255866050720215,-12.683191299438477,-13.240458488464355,-14.591545104980469,-15.420523643493652,-15.550251960754395,-16.082670211791992,-16.813182830810547,-16.76285171508789,-16.96457290649414,-18.591032028198242,-18.95640754699707,-15.30696964263916,-11.661944389343262,-10.484166145324707,-11.781311988830566,-13.227120399475098,-13.918254852294922,-14.502384185791016,-13.330757141113281,-12.67923641204834,-12.441009521484375,-11.487707138061523,-10.45022201538086,-9.736319541931152
-15.583131790161133,-15.269803047180176,-14.825997352600098,-14.674452781677246,-14.253289222717285,-13.767510414123535,-14.224641799926758,-15.60672664642334,-16.21137237548828,-15.894218444824219,-15.861854553222656,-15.804706573486328,-15.327005386352539,-14.745844841003418,-14.118797302246094,-13.8735990524292,-13.868752479553223,-13.728392601013184,-13.177613258361816,-12.765260696411133,-12.423707008361816,-12.822467803955078,-13.673405647277832,-14.33264446258545,-14.512303352355957,-15.168682098388672,-16.961345672607422,-17.470394134521484,-15.460660934448242,-16.353700637817383,-19.686548233032227,-17.214675903320312,-12.684751510620117,-11.566337585449219,-13.228271484375,-16.06171989440918,-18.83696746826172,-18.83200454711914,-16.868825912475586,-15.503605842590332,-14.743151664733887,-14.590583801269531,-14.88276481628418,-14.786910057067871
-16.293468475341797,-16.43697166442871,-15.754056930541992,-15.365754127502441,-15.475168228149414,-15.009647369384766,-14.618618965148926,-15.18359375,-16.407306671142578,-16.336877822875977,-15.547422409057617,-15.108614921569824,-14.559643745422363,-13.860090255737305,-13.170028686523438,-12.836552619934082,-12.937000274658203,-12.524395942687988,-12.162464141845703,-12.160139083862305,-12.138439178466797,-12.377518653869629,-12.651854515075684,-12.677447319030762,-12.34451675415039,-12.860410690307617,-14.95583438873291,-16.504547119140625,-16.405498504638672,-18.390810012817383,-22.579212188720703,-19.735820770263672,-15.398308753967285,-14.440685272216797,-15.636150360107422,-16.450653076171875,-17.925886154174805,-17.992874145507812,-17.193222045898438,-16.33922004699707,-15.45853042602539,-14.579999923706055,-15.17041015625,-16.6757755279541
-15.986454010009766,-17.265050888061523,-17.033838272094727,-16.13944435119629,-16.152339935302734,-16.419750213623047,-15.798521995544434,-15.02527141571045,-15.19018268585205,-15.757397651672363,-15.172554969787598,-14.31498908996582,-13.557381629943848,-13.127718925476074,-12.885775566101074,-12.59534740447998,-12.660442352294922,-12.145101547241211,-11.868635177612305,-11.72691822052002,-11.663851737976074,-11.732159614562988,-11.709776878356934,-11.445892333984375,-10.943763732910156,-10.666779518127441,-11.051166534423828,-12.240196228027344,-15.658177375793457,-20.4528751373291,-23.40008544921875,-20.40861701965332,-16.4497127532959,-15.99140739440918,-16.29004669189453,-15.571069717407227,-15.881019592285156,-16.62639045715332,-17.05694580078125,-16.959991455078125,-16.676301956176758,-16.26045036315918,-16.50074005126953,-17.207162857055664
-15.738924026489258,-17.77224349975586,-18.238845825195312,-17.00540542602539,-16.175935745239258,-16.642879486083984,-16.485279083251953,-14.72745418548584,-13.460845947265625,-13.801716804504395,-13.77041244506836,-12.826375007629395,-12.200127601623535,-12.30672836303711,-12.551429748535156,-12.400276184082031,-11.991813659667969,-11.813726425170898,-11.645485877990723,-11.49109935760498,-11.555732727050781,-12.022660255432129,-12.37828540802002,-12.250273704528809,-11.831555366516113,-11.202462196350098,-10.231109619140625,-9.928008079528809,-12.443422317504883,-17.19541358947754,-20.736608505249023,-19.352079391479492,-15.027209281921387,-15.17350959777832,-15.571968078613281,-14.668115615844727,-14.667202949523926,-15.476751327514648,-16.65983009338379,-17.07730484008789,-16.5072021484375,-15.431777000427246,-14.564238548278809,-14.61069393157959
-15.474762916564941,-17.400442123413086,-18.38098907470703,-17.313814163208008,-16.01679039001465,-16.45325469970703,-17.314353942871094,-15.750134468078613,-13.048086166381836,-12.600692749023438,-12.944459915161133,-12.470558166503906,-12.069436073303223,-12.105273246765137,-12.220520973205566,-12.080537796020508,-11.554404258728027,-11.47194766998291,-11.456809043884277,-11.401860237121582,-11.932357788085938,-12.6770601272583,-13.06619644165039,-13.13779067993164,-12.824779510498047,-12.326460838317871,-11.497307777404785,-11.558332443237305,-13.96911334991455,-17.299861907958984,-19.26568603515625,-18.341419219970703,-13.13338851928711,-12.568058013916016,-13.738568305969238,-13.303417205810547,-13.809961318969727,-14.912214279174805,-16.106706619262695,-16.62691879272461,-16.153263092041016,-15.241732597351074,-14.337470054626465,-13.847167015075684
