data/wind_data/wind_Surface_5.json
{"header": {"parameterUnit": "KT", "parameterCategory": 2, "nx": 255, "ny": 198, "lo1": 44.73521041870117, "la1": -3.236724853515625, "lo2": 111.26478576660156, "la2": 43.468475341796875, "dx": 0.26192745566368103, "dy": -0.23708222806453705, "refTime": "2025-02-19 05:00:00", "forecastTime": 0, "parameterNumber": 3, "parameterNumberName": "northward_wind"}, "data":
[rows 152 to 170 of 198, columns 172 to 214 of 255]
0.15864597260951996,1.909559726715088,2.461118221282959,1.2428967952728271,-1.0693844556808472,-2.560783863067627,-2.181088924407959,-0.4403570890426636,0.32046598196029663,0.2196376621723175,-0.7574498653411865,-1.1088494062423706,-0.22540394961833954,0.2976303994655609,0.11087214946746826,0.0986579954624176,-0.48728013038635254,-2.4709508419036865,-4.014695167541504,-4.415460586547852,-3.32991623878479,-2.3135809898376465,-2.0543832778930664,-1.420275330543518,-1.5775078535079956,-2.492771863937378,-2.7516725063323975,-2.149057388305664,-0.09821577370166779,2.9120404720306396,4.811053276062012,4.168166160583496,4.78488302230835,7.619019031524658,8.475883483886719,6.591169357299805,3.9806907176971436,2.2047078609466553,3.298802375793457,4.180116176605225,5.94254732131958,5.9400553703308105,4.613984107971191
3.0197105407714844,2.577263355255127,0.5901381373405457,-1.3919421434402466,-2.852464199066162,-3.2412736415863037,-1.210911512374878,1.119174838066101,1.8840551376342773,1.419054627418518,0.6561958193778992,0.33218690752983093,0.8152130842208862,1.28793203830719,0.9768753051757812,0.029522055760025978,-0.6786947250366211,-1.3440934419631958,-2.201171636581421,-2.7424209117889404,-2.6438307762145996,-1.7695155143737793,0.09709089994430542,1.3602588176727295,0.9951589107513428,0.09741318970918655,-0.1612909883260727,-0.1484716832637787,0.189146026968956,1.4236423969268799,2.814880132675171,3.307312250137329,2.8003828525543213,5.017139911651611,8.21495246887207,7.487692832946777,6.804522514343262,4.143801212310791,5.165080547332764,5.4689040184021,4.742187023162842,3.8230345249176025,2.5441734790802
5.128056049346924,3.5648717880249023,0.4190967082977295,-2.485650062561035,-3.8399367332458496,-3.302020311355591,-1.0140458345413208,0.29557472467422485,0.8437918424606323,0.4237119257450104,-0.2625473439693451,-0.5336742997169495,-0.4654421806335449,-0.5164881348609924,-1.3346478939056396,-2.6772308349609375,-2.8935484886169434,-1.6983907222747803,-1.0333025455474854,-0.7558465003967285,-0.8971731662750244,-0.3591071367263794,1.3480485677719116,2.578685760498047,2.518704652786255,2.2387328147888184,2.2853007316589355,2.181445598602295,1.6063354015350342,1.4028451442718506,1.7241194248199463,2.5810935497283936,2.738555431365967,5.046458721160889,9.069619178771973,11.037383079528809,11.235440254211426,8.058930397033691,5.700834274291992,4.813689231872559,1.6989489793777466,1.9774839878082275,2.1108291149139404
5.984556674957275,3.7634379863739014,0.3711426556110382,-2.181119918823242,-2.7513718605041504,-2.1373462677001953,-1.6099931001663208,-1.606218695640564,-1.9470957517623901,-2.2164700031280518,-2.170990467071533,-2.3176963329315186,-2.8167150020599365,-3.2404251098632812,-4.0649638175964355,-3.9282617568969727,-3.2533392906188965,-2.1448781490325928,-1.3247804641723633,-1.0552161931991577,-0.8786503076553345,-0.3729696571826935,0.35514214634895325,1.104781985282898,1.4113237857818604,1.79651939868927,2.2170965671539307,2.473806142807007,2.596142292022705,2.6564788818359375,3.9478986263275146,4.073930740356445,5.313070774078369,7.536097526550293,9.727614402770996,13.37778091430664,11.341350555419922,8.804618835449219,5.7556538581848145,2.441167116165161,-0.46711087226867676,2.1486198902130127,2.4810760021209717
3.7638049125671387,2.9527437686920166,0.5260398387908936,-0.7418416738510132,-0.5636322498321533,-0.03505836799740791,-0.00935404933989048,-0.6817797422409058,-1.7771902084350586,-2.3603005409240723,-2.500619411468506,-2.2314062118530273,-2.2397983074188232,-2.8140926361083984,-3.9374756813049316,-4.088374137878418,-3.0465762615203857,-2.115351915359497,-1.3527320623397827,-1.0346530675888062,-0.7873929142951965,-0.1879657804965973,0.29807889461517334,0.06817546486854553,-0.3022576570510864,-0.34781667590141296,0.0954982116818428,0.43645158410072327,0.877560019493103,1.5465787649154663,3.402153730392456,5.191389560699463,6.717329978942871,7.983044147491455,8.640718460083008,10.021929740905762,9.032273292541504,6.81328821182251,5.939178943634033,0.9355102777481079,0.33046454191207886,2.799940824508667,2.729358673095703
1.2968405485153198,1.399593472480774,0.41822993755340576,0.41902515292167664,1.3341403007507324,1.871059536933899,1.6343255043029785,0.8456921577453613,0.08768542110919952,-0.6569764614105225,-1.1131494045257568,-1.0575056076049805,-1.3240492343902588,-2.477632522583008,-3.5811898708343506,-3.785022020339966,-3.0267140865325928,-1.868751049041748,-1.133974313735962,-1.1867161989212036,-0.8362036943435669,-0.5029346942901611,-0.5099582672119141,-0.8900542259216309,-0.9725661873817444,-1.0952600240707397,-0.9210237264633179,-0.45221272110939026,0.17179356515407562,1.197961688041687,3.3248918056488037,4.713916778564453,5.7860426902771,5.940300941467285,6.499804496765137,6.413341045379639,5.692854404449463,4.340593338012695,4.648963928222656,0.038906875997781754,1.7646853923797607,2.4731411933898926,2.0261483192443848
-0.011462228372693062,-0.46971797943115234,-1.0049387216567993,-0.6691500544548035,0.9204828143119812,1.4068212509155273,1.652492642402649,1.17509925365448,0.8474509119987488,0.4706479012966156,-0.013527964241802692,-0.5489784479141235,-1.756054401397705,-2.318358898162842,-2.0350747108459473,-1.1693702936172485,-0.16486118733882904,0.2994168698787689,-0.27089694142341614,-2.455570936203003,-4.420113563537598,-5.294200897216797,-5.4840192794799805,-5.509524822235107,-4.158607006072998,-3.2870144844055176,-1.9886353015899658,-0.5354873538017273,1.4670308828353882,1.5688011646270752,1.1509555578231812,-0.26541730761528015,-1.8223130702972412,-1.5266234874725342,-0.4770994484424591,0.9571307897567749,1.7684719562530518,2.717984914779663,1.2040050029754639,-1.7699222564697266,0.9989833831787109,0.5119526982307434,0.2181146740913391
-2.1649622917175293,-2.7244608402252197,-2.5602800846099854,-1.7731801271438599,0.905863344669342,2.401758909225464,2.7170443534851074,1.143704891204834,0.7846985459327698,0.4074484705924988,-0.22068804502487183,-0.5183199048042297,-0.734810471534729,0.14934365451335907,1.0079450607299805,1.796366572380066,1.7039880752563477,-0.02023409679532051,-2.4528257846832275,-7.405093669891357,-9.06561279296875,-8.382000923156738,-8.200324058532715,-8.717251777648926,-7.673269271850586,-7.001110553741455,-6.353590965270996,-5.949305057525635,-5.530226707458496,-6.097960472106934,-5.798195838928223,-6.8653788566589355,-7.967889308929443,-5.988059043884277,-4.009842395782471,-1.7954615354537964,-0.10697934776544571,1.963434100151062,-3.4179184436798096,-2.2925968170166016,-1.2209718227386475,-3.267474412918091,-3.4117722511291504
-2.495091199874878,-2.645517110824585,-2.7299277782440186,-1.5596309900283813,1.6572195291519165,4.5168776512146,4.198607921600342,1.4043854475021362,-0.4906601309776306,-2.0328304767608643,-2.5664353370666504,-2.6034178733825684,-1.5033202171325684,0.4188421666622162,2.5485501289367676,-0.6752336025238037,-4.513258934020996,-6.0421929359436035,-7.653512477874756,-10.627067565917969,-8.75512409210205,-5.481105804443359,-5.97068452835083,-7.527624607086182,-7.4034342765808105,-8.479500770568848,-8.986934661865234,-7.760406494140625,-9.311317443847656,-9.796103477478027,-7.1363677978515625,-4.112936019897461,-1.6431187391281128,0.0021258017513900995,1.389434814453125,2.689948797225952,2.5607433319091797,-1.6512255668640137,-4.067685127258301,-2.3041553497314453,-2.541431427001953,-3.805028200149536,-2.0073325634002686
-0.41161879897117615,0.3182840943336487,-0.8890858888626099,-1.2067596912384033,0.5277295708656311,2.88706636428833,3.563791036605835,2.0607049465179443,-0.03200436010956764,-2.3763649463653564,-4.072974681854248,-4.847151756286621,-4.65093469619751,-2.483671188354492,-3.252176523208618,-7.083770275115967,-8.264165878295898,-7.2550129890441895,-8.13967514038086,-7.993526935577393,-4.886341094970703,-3.7762985229492188,-6.0048370361328125,-6.356703758239746,-5.486845970153809,-6.290799140930176,-5.929616451263428,-4.69720458984375,-4.569085121154785,-4.12117338180542,-3.051633834838867,0.06734179705381393,3.079646587371826,4.18715238571167,5.449095726013184,6.224234580993652,-0.0021071687806397676,-4.500590801239014,-2.5648369789123535,-0.9214955568313599,-0.5125211477279663,0.9776961803436279,1.8999627828598022
-0.6476014852523804,1.6976325511932373,0.321297824382782,-1.5170905590057373,-1.7733817100524902,-0.7025177478790283,0.9930912256240845,0.746976375579834,-1.149418592453003,-3.301882743835449,-4.190820217132568,-5.7646307945251465,-5.783184051513672,-6.4573540687561035,-9.45557689666748,-9.089853286743164,-6.709754467010498,-5.12996244430542,-5.788886547088623,-5.299347400665283,-4.1083149909973145,-4.8707170486450195,-6.047754287719727,-5.26170015335083,-4.044105052947998,-3.9589805603027344,-4.014616012573242,-4.223373889923096,-2.972580909729004,-2.2137720584869385,-1.3918194770812988,0.179963156580925,2.749323606491089,6.262086868286133,6.957784175872803,2.1176226139068604,-4.40861701965332,-3.4898698329925537,-2.435946226119995,-3.2677409648895264,-2.8140056133270264,0.5873191356658936,4.0736260414123535
-1.8551571369171143,-0.9039501547813416,-1.9795421361923218,-3.4121739864349365,-3.689413070678711,-3.7422916889190674,-3.2600061893463135,-3.522318124771118,-3.777829885482788,-3.68194580078125,-5.458125591278076,-6.965452671051025,-6.759747505187988,-9.15240478515625,-10.085704803466797,-9.148355484008789,-8.026495933532715,-6.665130138397217,-5.831045150756836,-5.3882670402526855,-4.924557685852051,-4.663594722747803,-4.797842025756836,-4.322098731994629,-3.1992979049682617,-3.092054605484009,-3.249448537826538,-2.519195556640625,-1.1740795373916626,-0.43545931577682495,0.3561297357082367,1.13334059715271,1.3080757856369019,2.16719651222229,1.9812999963760376,-1.9574936628341675,-1.4191144704818726,0.11405966430902481,-3.032315492630005,-5.756772518157959,-5.213952541351318,-2.2398533821105957,4.248717308044434
-0.8652212619781494,-2.320611000061035,-3.7754862308502197,-4.7249603271484375,-4.855373382568359,-4.845751762390137,-4.861830711364746,-3.740722894668579,-3.0737721920013428,-5.391029357910156,-7.309134483337402,-7.059625148773193,-6.293390274047852,-7.026691913604736,-8.497915267944336,-8.418013572692871,-7.726534366607666,-7.143608093261719,-6.737102031707764,-5.672581195831299,-4.021771430969238,-2.8992021083831787,-2.0787193775177,-1.1764016151428223,-0.3558320105075836,-0.4948519468307495,-1.4985357522964478,-0.7039562463760376,0.32833048701286316,0.42038315534591675,1.2624799013137817,1.4362303018569946,1.1278437376022339,0.19084155559539795,0.10827536880970001,1.3776415586471558,1.9907302856445312,1.270215392112732,-2.171497344970703,-3.7496767044067383,-2.881392478942871,-0.5636443495750427,3.5906929969787598
1.1588051319122314,-1.3320684432983398,-3.292078733444214,-3.510793447494507,-2.9229013919830322,-2.4717702865600586,-1.6248445510864258,-1.1794421672821045,-5.60211181640625,-7.85557746887207,-7.246028423309326,-6.262629508972168,-5.6213812828063965,-6.087398052215576,-7.143453121185303,-6.838436603546143,-6.3706135749816895,-5.955645561218262,-5.49531888961792,-3.790735960006714,-1.2247315645217896,1.0533032417297363,2.590731143951416,3.469238758087158,3.9600038528442383,2.9919793605804443,0.8437446355819702,1.0301151275634766,1.419587254524231,0.759116530418396,0.8987417221069336,1.6393672227859497,2.5082783699035645,3.016488552093506,3.7532496452331543,3.8141322135925293,2.0273025035858154,0.5891236066818237,0.6205599308013916,-1.3828589916229248,-0.08233858644962311,3.405259370803833,5.730269908905029
1.4239060878753662,-0.4273740351200104,-0.7024146914482117,0.8128926157951355,2.12399959564209,2.9681601524353027,-0.5338554382324219,-5.79244327545166,-8.445664405822754,-6.3439249992370605,-5.548627853393555,-5.625535011291504,-6.413879871368408,-7.247885704040527,-7.22191858291626,-5.79408597946167,-4.480627059936523,-3.919952154159546,-3.550586700439453,-1.2260185480117798,1.6301971673965454,3.557321786880493,4.416654586791992,4.732623100280762,5.177700519561768,4.893112659454346,2.97916316986084,3.0605361461639404,3.9610438346862793,4.185791492462158,4.557002544403076,3.752983570098877,3.9009485244750977,4.427350044250488,4.350039482116699,3.3753063678741455,2.068227767944336,2.4119696617126465,3.384904384613037,3.5141446590423584,4.129228115081787,5.644689083099365,7.075435161590576
2.740931510925293,2.879856824874878,2.0883498191833496,3.641390085220337,4.300405502319336,0.4249851703643799,-6.238314151763916,-9.343786239624023,-7.82688045501709,-5.819624423980713,-5.434581279754639,-6.770999908447266,-8.015043258666992,-8.401548385620117,-7.732213497161865,-4.955123424530029,-2.1940996646881104,-1.2351378202438354,-1.469114065170288,0.06772644072771072,2.6082215309143066,3.477865695953369,3.5497794151306152,4.40273904800415,4.610827922821045,4.660490036010742,5.179757595062256,6.207917213439941,7.099833011627197,6.5823974609375,5.813913345336914,5.19040584564209,5.292890548706055,5.8563337326049805,4.74210786819458,3.4513978958129883,4.127968788146973,5.3003435134887695,6.999568462371826,7.551850318908691,7.185514450073242,6.930509567260742,6.720648765563965
-1.1113693714141846,1.8067045211791992,4.036104202270508,0.9548711776733398,-3.1280100345611572,-7.153520584106445,-7.7434258460998535,-6.221045970916748,-7.328531742095947,-6.297351360321045,-6.039146900177002,-7.154481410980225,-8.70438289642334,-8.6006498336792,-6.812009334564209,-2.931973695755005,0.41483962535858154,0.9566959738731384,0.4121856391429901,0.154630646109581,1.0565232038497925,2.5123090744018555,2.9100632667541504,5.154061317443848,6.387152194976807,6.34755277633667,7.063770294189453,8.20693302154541,8.74354076385498,7.614485740661621,6.14638090133667,7.273726940155029,7.6822381019592285,6.854428291320801,5.938573360443115,4.895114421844482,5.050453186035156,6.537979602813721,7.824209213256836,8.0242919921875,7.024126052856445,5.962713718414307,3.9460391998291016
-4.192398548126221,0.5010842680931091,2.3078904151916504,-3.772822856903076,-7.318742275238037,-6.498106002807617,-3.9786887168884277,-4.049606800079346,-6.343582630157471,-5.322990894317627,-4.867386341094971,-5.88591194152832,-7.991542816162109,-8.634766578674316,-5.994659423828125,-1.543861746788025,1.1761969327926636,1.6133116483688354,1.5343817472457886,0.8701937794685364,0.42369142174720764,2.4075911045074463,3.885636806488037,5.749873638153076,7.89597225189209,8.856398582458496,9.095666885375977,9.421903610229492,9.86091136932373,10.669638633728027,10.76111888885498,9.47224235534668,7.648040771484375,5.870264053344727,6.1030073165893555,5.809957027435303,4.794432640075684,4.86649751663208,5.310217380523682,4.6650614738464355,2.7164742946624756,1.9679217338562012,0.7918726801872253
-1.5309652090072632,2.1454811096191406,0.4131547808647156,-2.4055347442626953,-1.309382677078247,-0.9857751131057739,-1.0832051038742065,-3.4936318397521973,-4.033878803253174,-1.6374391317367554,-2.395158052444458,-4.349787712097168,-7.5452775955200195,-9.643287658691406,-7.151405334472656,-2.984278917312622,-0.8373565077781677,0.2288229912519455,0.5790603756904602,0.25143349170684814,0.3791906535625458,3.1739089488983154,6.010456562042236,7.843313694000244,9.029495239257812,10.220196723937988,10.690536499023438,10.3909912109375,10.753599166870117,11.055819511413574,8.222015380859375,6.309170246124268,3.733379364013672,3.1914491653442383,4.409975528717041,4.314517498016357,3.9654123783111572,2.363992214202881,0.6941250562667847,1.2129136323928833,1.2811110019683838,-0.22349518537521362,-2.8326475620269775
