data/wind_data/wind_45_5.json
{"header": {"parameterUnit": "KT", "parameterCategory": 2, "nx": 256, "ny": 198, "lo1": 44.73521041870117, "la1": -3.236724853515625, "lo2": 111.26478576660156, "la2": 43.468475341796875, "dx": 0.2609002888202667, "dy": -0.23708222806453705, "refTime": "2025-02-20 21:00:00", "forecastTime": 0, "parameterNumber": 2, "parameterNumberName": "eastward_wind"}, "data":
[rows 133 to 151 of 198, columns 88 to 131 of 256]
37.6056022644043,37.44719314575195,37.803810119628906,37.16160202026367,35.05946731567383,33.63371658325195,33.70310592651367,34.26622772216797,33.58974075317383,32.54616928100586,31.676490783691406,30.08672332763672,28.961984634399414,28.883289337158203,29.487070083618164,30.719863891601562,32.804656982421875,35.28178405761719,36.941070556640625,37.42860794067383,37.56134796142578,38.157779693603516,39.184669494628906,40.26166534423828,41.171356201171875,41.965274810791016,42.64552688598633,43.203433990478516,43.774810791015625,44.33318328857422,44.89429473876953,45.4228630065918,45.7972297668457,45.696014404296875,45.2298698425293,44.86227798461914,44.71215057373047,44.52508544921875,44.09086990356445,43.54924774169922,43.46268844604492,43.80992889404297,44.21450424194336,43.4456901550293
41.0755615234375,40.385555267333984,38.43562316894531,35.650264739990234,34.17425537109375,33.50465393066406,32.968849182128906,32.16027069091797,29.99593162536621,29.991146087646484,31.120216369628906,29.295183181762695,27.811586380004883,28.870237350463867,30.68392562866211,32.64886474609375,35.00635528564453,37.027923583984375,38.08614730834961,38.676536560058594,39.317626953125,39.9052848815918,40.41974639892578,41.069252014160156,41.883609771728516,42.933650970458984,43.9066162109375,44.493160247802734,44.99274826049805,45.64192581176758,46.410545349121094,47.06298828125,47.54812240600586,47.6742057800293,47.18328857421875,46.19987487792969,45.36429214477539,44.85865020751953,44.457881927490234,44.8636360168457,45.90519714355469,44.945987701416016,41.688602447509766,38.69898986816406
44.29475784301758,41.65104675292969,37.966827392578125,34.78293228149414,33.357662200927734,33.387290954589844,33.55554962158203,32.428428649902344,29.411115646362305,29.874874114990234,31.47283935546875,28.936023712158203,28.16915512084961,30.384307861328125,32.690242767333984,34.550167083740234,36.10863494873047,37.37126922607422,38.484317779541016,39.38360595703125,39.90939712524414,40.192100524902344,40.762664794921875,41.82148361206055,43.036258697509766,44.16257095336914,44.98955154418945,45.533607482910156,46.11979675292969,46.89101028442383,47.761592864990234,48.472808837890625,48.967288970947266,49.160152435302734,48.544944763183594,47.348270416259766,46.87565994262695,47.349700927734375,47.56267547607422,47.49409866333008,46.99115753173828,44.0317497253418,41.84575653076172,41.086055755615234
42.712249755859375,39.00517654418945,36.23107147216797,34.212642669677734,33.75917434692383,34.384883880615234,34.71364974975586,33.29197311401367,29.62803840637207,31.196168899536133,32.15618896484375,29.479812622070312,29.78849983215332,32.06441879272461,33.85342788696289,34.62213897705078,35.4992790222168,37.18722152709961,38.800941467285156,39.522178649902344,39.62056350708008,39.98502731323242,41.198631286621094,42.79935073852539,44.02552032470703,44.90022277832031,45.74650955200195,46.639400482177734,47.557090759277344,48.47621536254883,49.255428314208984,49.715816497802734,49.91177749633789,49.74675369262695,48.85802459716797,48.27115249633789,49.38092041015625,51.18354797363281,51.555198669433594,49.47567367553711,46.24098205566406,43.94261169433594,44.857303619384766,47.75645446777344
39.8498649597168,36.66043472290039,36.021080017089844,35.90103530883789,35.38886260986328,35.202903747558594,34.56059646606445,32.71873474121094,28.83888816833496,31.223112106323242,31.532899856567383,29.74808692932129,31.203773498535156,33.36531448364258,33.78236389160156,33.8557014465332,35.34059143066406,37.299644470214844,38.553627014160156,39.077880859375,39.543365478515625,40.56932830810547,42.052879333496094,43.4208984375,44.458984375,45.51911544799805,46.85123825073242,48.17353439331055,49.191192626953125,49.7847900390625,49.931739807128906,49.63532257080078,49.13199996948242,48.287628173828125,47.408058166503906,47.47859573364258,48.977081298828125,50.61223602294922,50.364990234375,47.719825744628906,46.474117279052734,48.158626556396484,51.04454040527344,53.82292938232422
35.80996322631836,34.61933135986328,34.80418014526367,34.18204879760742,31.994569778442383,30.89573860168457,29.951784133911133,28.740232467651367,25.96826171875,29.118240356445312,30.352672576904297,30.242237091064453,31.806306838989258,32.94358825683594,33.30290603637695,34.24283981323242,35.70051956176758,36.98986053466797,38.173545837402344,39.299983978271484,40.27379608154297,41.29717254638672,42.46791076660156,43.66357421875,44.91218948364258,46.33048629760742,47.839412689208984,48.948360443115234,49.276058197021484,48.8960075378418,48.0510368347168,46.92952346801758,45.78971481323242,44.67633819580078,43.99922180175781,44.44895935058594,45.566226959228516,45.3973503112793,43.33307647705078,43.25258255004883,47.00847625732422,52.836334228515625,58.17329788208008,61.85536193847656
34.59221267700195,33.10209655761719,30.825918197631836,27.902189254760742,25.890783309936523,26.247581481933594,25.778276443481445,25.27020263671875,23.76652717590332,26.58660125732422,29.659101486206055,30.589597702026367,31.323657989501953,32.743812561035156,34.11455535888672,34.95800018310547,35.65390396118164,36.81963348388672,38.51143264770508,39.89897155761719,40.689369201660156,41.48382568359375,42.64181137084961,43.99919509887695,45.33833694458008,46.457542419433594,47.16410446166992,47.16285705566406,46.46268081665039,45.30054473876953,43.86325454711914,42.246299743652344,40.63237762451172,39.64162826538086,39.259395599365234,39.91499328613281,41.183536529541016,40.54942321777344,38.40729522705078,40.627140045166016,47.353981018066406,53.975379943847656,58.794315338134766,63.963565826416016
33.73554229736328,30.59568214416504,26.666976928710938,24.105424880981445,23.68532371520996,23.613637924194336,23.216325759887695,24.350122451782227,24.1905460357666,26.32809066772461,29.404582977294922,30.40937042236328,31.536863327026367,33.21738815307617,34.23779296875,34.71998977661133,35.461856842041016,36.83708190917969,38.62718200683594,40.00044250488281,40.71650314331055,41.460105895996094,42.57970428466797,43.75954818725586,44.56157302856445,44.63893127441406,43.977195739746094,42.76484680175781,41.47814178466797,40.22893142700195,38.73917007446289,36.6883430480957,34.773582458496094,33.43116760253906,32.59675979614258,32.340030670166016,33.50625991821289,35.04399490356445,37.41958999633789,43.283077239990234,49.36389923095703,51.74427032470703,53.01479721069336,55.80055236816406
31.056921005249023,27.365524291992188,24.312299728393555,23.18346405029297,22.723724365234375,22.63564682006836,23.82929039001465,25.528982162475586,25.768293380737305,27.02419090270996,29.247699737548828,30.432809829711914,31.739330291748047,33.076934814453125,33.847801208496094,34.43195343017578,35.26327133178711,36.52198791503906,38.25390625,39.71437072753906,40.41657257080078,40.96522521972656,41.652587890625,42.11833190917969,41.96567916870117,41.01441955566406,39.26077651977539,36.954811096191406,35.2415657043457,34.43132781982422,33.4255485534668,31.219301223754883,28.71111297607422,27.485071182250977,28.18084716796875,29.320674896240234,30.15041160583496,32.94133377075195,39.697139739990234,49.157012939453125,52.22065734863281,49.667335510253906,48.66297149658203,50.536521911621094
25.533817291259766,23.367799758911133,22.525360107421875,22.140687942504883,22.166824340820312,23.412574768066406,25.062482833862305,26.33489227294922,26.75832176208496,27.824642181396484,29.667272567749023,30.723594665527344,31.872020721435547,32.95879364013672,33.62152099609375,34.31289291381836,35.17839431762695,36.21867752075195,37.67984390258789,39.04197692871094,39.58373260498047,39.71226119995117,39.73497009277344,39.367374420166016,38.429283142089844,36.799373626708984,33.94512176513672,30.594575881958008,29.014062881469727,29.147348403930664,28.99954605102539,27.00619125366211,25.227859497070312,25.64902114868164,28.691253662109375,32.83159637451172,34.9210205078125,37.344215393066406,45.94474411010742,53.197906494140625,50.3322868347168,47.3815803527832,47.76837921142578,49.630516052246094
21.037551879882812,21.033836364746094,20.990896224975586,20.759944915771484,21.561668395996094,23.688791275024414,25.659135818481445,26.677248001098633,27.8547420501709,29.426345825195312,30.65560531616211,31.066659927368164,31.8720760345459,32.84281539916992,33.570892333984375,34.46038055419922,35.68088150024414,36.98347473144531,37.98112869262695,38.51262283325195,38.26671600341797,37.641990661621094,36.888145446777344,35.81313705444336,34.41096496582031,32.22596740722656,28.568614959716797,25.15782356262207,24.349435806274414,25.449892044067383,25.939279556274414,24.702184677124023,24.89455223083496,27.775543212890625,31.354455947875977,32.769126892089844,37.93464660644531,42.54267501831055,51.01716232299805,52.59084701538086,47.67564392089844,46.22532272338867,47.451934814453125,49.20344543457031
18.920761108398438,19.107009887695312,19.901199340820312,20.140932083129883,20.77349090576172,23.470266342163086,26.428071975708008,28.210771560668945,28.640064239501953,29.5991268157959,30.593368530273438,30.77240753173828,31.19607925415039,32.15857696533203,33.25242614746094,34.66130828857422,36.50931167602539,38.171142578125,38.93926239013672,38.58705139160156,37.16586685180664,35.222312927246094,33.1286506652832,31.319686889648438,29.907617568969727,27.587949752807617,23.987958908081055,21.392139434814453,21.599082946777344,23.596921920776367,25.188444137573242,25.037485122680664,24.946422576904297,28.226341247558594,31.37750244140625,33.16240692138672,39.0059814453125,46.90928649902344,53.134849548339844,52.153602600097656,49.037845611572266,47.046485900878906,45.325714111328125,47.01860427856445
17.66917610168457,19.02368927001953,20.071889877319336,20.372058868408203,20.42561149597168,23.018821716308594,26.259798049926758,29.534582138061523,30.079607009887695,29.178129196166992,29.666311264038086,29.84227180480957,30.33209991455078,31.743345260620117,33.39555740356445,35.01243209838867,36.388851165771484,37.28556442260742,37.77156448364258,37.47818374633789,35.70029067993164,32.48223114013672,28.75637435913086,26.444896697998047,25.747882843017578,24.391756057739258,21.684926986694336,20.146806716918945,21.2984676361084,23.59476089477539,26.054819107055664,26.977035522460938,26.3470516204834,26.01404571533203,29.43331527709961,30.730140686035156,38.22813415527344,47.61630630493164,48.60505294799805,46.16997146606445,46.261497497558594,46.381717681884766,42.87812423706055,43.287147521972656
17.457521438598633,18.93583869934082,20.393312454223633,21.305206298828125,22.237991333007812,23.426258087158203,24.658784866333008,27.10142707824707,30.161907196044922,30.203262329101562,29.84565544128418,29.957822799682617,30.635583877563477,32.19064712524414,33.904998779296875,34.90353775024414,35.046958923339844,34.698848724365234,34.366355895996094,33.76353073120117,31.795391082763672,28.253137588500977,24.26297378540039,22.4943790435791,23.056577682495117,23.2318115234375,21.571264266967773,20.830890655517578,21.978055953979492,23.485919952392578,24.54659080505371,25.697484970092773,26.962724685668945,25.906349182128906,31.9434757232666,28.286331176757812,33.02558898925781,41.38024139404297,40.72226333618164,37.847286224365234,38.414485931396484,41.47762680053711,40.605247497558594,37.77165222167969
19.64027976989746,20.33686065673828,21.995180130004883,23.277236938476562,24.41719627380371,25.882400512695312,26.285295486450195,24.139707565307617,28.345563888549805,31.224313735961914,31.57296371459961,31.267316818237305,31.615337371826172,32.6641845703125,33.541221618652344,33.51784133911133,32.76137161254883,31.77040672302246,30.79442024230957,29.497020721435547,27.083139419555664,23.75358009338379,20.907608032226562,20.152082443237305,21.265409469604492,22.58539390563965,22.64431381225586,22.79815673828125,23.66522216796875,23.97437858581543,23.576093673706055,23.112842559814453,25.449249267578125,27.465274810791016,35.533058166503906,36.60173416137695,25.40708351135254,35.12895965576172,37.25286102294922,35.286556243896484,36.49574661254883,39.04393005371094,38.93840789794922,34.66489028930664
19.401206970214844,21.459335327148438,24.136775970458984,25.640727996826172,27.41033363342285,28.622270584106445,29.430274963378906,26.79387664794922,25.24512481689453,29.12708854675293,31.692365646362305,32.77431869506836,32.91725158691406,32.649925231933594,32.26460647583008,31.61394691467285,30.406333923339844,29.183332443237305,28.219722747802734,26.94681739807129,24.38842010498047,21.259565353393555,19.274747848510742,18.80673599243164,19.751375198364258,21.491037368774414,23.706893920898438,24.003982543945312,23.03499984741211,22.857887268066406,23.513870239257812,23.960124969482422,26.2713565826416,32.06831741333008,37.36515808105469,38.34385299682617,21.36870574951172,28.1747989654541,37.18876647949219,38.81512451171875,33.41580581665039,34.09635543823242,34.69703674316406,31.776134490966797
19.5269775390625,21.448368072509766,23.7789249420166,25.766342163085938,27.29738998413086,28.553964614868164,30.15116310119629,27.535642623901367,26.39958381652832,27.340208053588867,30.185874938964844,33.777488708496094,33.81749725341797,31.79876136779785,30.397212982177734,29.654529571533203,28.32370376586914,26.967365264892578,25.920774459838867,24.81822967529297,22.965553283691406,20.68821144104004,19.38519287109375,18.935937881469727,19.705638885498047,21.152114868164062,22.92216682434082,22.216007232666016,20.3988037109375,20.472251892089844,21.874631881713867,24.884241104125977,29.409774780273438,36.512481689453125,37.19035339355469,34.18737030029297,22.828630447387695,20.62704849243164,30.67154884338379,41.41885757446289,41.14548110961914,37.082008361816406,29.293569564819336,29.12441062927246
20.96445083618164,21.759984970092773,23.55084991455078,25.902406692504883,27.34200096130371,28.64301300048828,30.10457992553711,30.065282821655273,28.775680541992188,31.77602767944336,35.884613037109375,36.431243896484375,34.05171203613281,30.674335479736328,27.54226303100586,25.9335880279541,25.00501823425293,24.074493408203125,23.14301109313965,22.400121688842773,21.919958114624023,21.03121566772461,20.21910858154297,20.028907775878906,20.9362735748291,21.409500122070312,22.38196563720703,21.443967819213867,19.997875213623047,19.99559783935547,23.9771671295166,27.25914764404297,31.993629455566406,36.46713638305664,36.59619903564453,32.9342041015625,22.45250701904297,16.110870361328125,24.008634567260742,32.788875579833984,39.836143493652344,37.89664840698242,31.754392623901367,32.31583023071289
21.024017333984375,20.63869285583496,23.095369338989258,26.735721588134766,27.591638565063477,27.373912811279297,28.87283706665039,30.382936477661133,31.166311264038086,32.499515533447266,33.887577056884766,33.65699005126953,31.934919357299805,29.092952728271484,25.369897842407227,22.880834579467773,21.54708480834961,20.888315200805664,20.84168243408203,20.911359786987305,20.988258361816406,20.767179489135742,20.455968856811523,20.960153579711914,21.98229217529297,20.941631317138672,20.66307258605957,20.237150192260742,21.61442756652832,23.268842697143555,24.765602111816406,29.50498390197754,31.717344284057617,30.235483169555664,28.432857513427734,26.593460083007812,18.619943618774414,20.76824378967285,25.35776138305664,25.6640682220459,28.018978118896484,30.70450210571289,31.673521041870117,34.203304290771484
