data/wind_data/wind_34_8.json
{"header": {"parameterUnit": "KT", "parameterCategory": 2, "nx": 256, "ny": 198, "lo1": 44.73521041870117, "la1": -3.236724853515625, "lo2": 111.26478576660156, "la2": 43.468475341796875, "dx": 0.2609002888202667, "dy": -0.23708222806453705, "refTime": "2025-02-20 10:00:00", "forecastTime": 0, "parameterNumber": 2, "parameterNumberName": "eastward_wind"}, "data":
[rows 95 to 113 of 198, columns 0 to 43 of 256]
30.9060115814209,31.271766662597656,31.245424270629883,29.945175170898438,30.48121452331543,30.917776107788086,30.755048751831055,31.096012115478516,31.960813522338867,32.09931182861328,30.316280364990234,26.921768188476562,23.98813247680664,22.86017417907715,23.331195831298828,24.421340942382812,25.34693145751953,25.529409408569336,24.670848846435547,22.86261558532715,20.87261199951172,19.55004119873047,19.242048263549805,19.7396183013916,20.51600456237793,21.13180160522461,21.413869857788086,21.40298080444336,21.240381240844727,20.96449851989746,20.491315841674805,19.850627899169922,19.23007583618164,18.77431297302246,18.586627960205078,18.711286544799805,19.07289695739746,19.566673278808594,20.013914108276367,20.3021297454834,20.577096939086914,21.09393882751465,21.928239822387695,22.73101806640625
31.329578399658203,33.083221435546875,33.60905838012695,32.85749053955078,33.56800079345703,34.65636444091797,34.81002426147461,34.68580627441406,35.03068542480469,35.24850082397461,33.99624252319336,30.572221755981445,26.187047958374023,23.36414909362793,22.88886070251465,24.004549026489258,25.354846954345703,26.14017677307129,25.959291458129883,24.96780014038086,23.68573570251465,22.681865692138672,22.23427391052246,22.33956527709961,22.709197998046875,22.99141502380371,23.027488708496094,22.91297721862793,22.779678344726562,22.596370697021484,22.13949203491211,21.337627410888672,20.47052764892578,19.812952041625977,19.435283660888672,19.343801498413086,19.511690139770508,19.92158317565918,20.424650192260742,20.846981048583984,21.20246696472168,21.562360763549805,22.11479949951172,22.628978729248047
32.05363082885742,34.865177154541016,35.59288024902344,35.139915466308594,35.51243591308594,36.59518051147461,37.0443229675293,36.895198822021484,36.95484161376953,37.1669807434082,36.602752685546875,33.994781494140625,29.209054946899414,24.41166877746582,22.0404052734375,22.54091453552246,24.422462463378906,26.051538467407227,26.583171844482422,26.010805130004883,24.975778579711914,24.241409301757812,24.130428314208984,24.440156936645508,24.73000717163086,24.65970802307129,24.206378936767578,23.66628074645996,23.212167739868164,22.841812133789062,22.49485969543457,22.12302017211914,21.79690170288086,21.544292449951172,21.285301208496094,20.980016708374023,20.711204528808594,20.684429168701172,20.944063186645508,21.381921768188477,21.867036819458008,22.16659927368164,22.34131622314453,22.49448013305664
32.99626541137695,36.218955993652344,37.26357650756836,37.47047805786133,37.44044494628906,38.111820220947266,39.03753662109375,39.12031555175781,38.69622039794922,38.54591369628906,38.28242874145508,36.661598205566406,32.685150146484375,27.193220138549805,22.875436782836914,21.67557144165039,23.26366424560547,25.343198776245117,26.50070571899414,26.46538734436035,25.733158111572266,25.122604370117188,25.134618759155273,25.594589233398438,26.00522804260254,25.954187393188477,25.351831436157227,24.478023529052734,23.636789321899414,23.022869110107422,22.791730880737305,22.897504806518555,23.204824447631836,23.420909881591797,23.228050231933594,22.632335662841797,22.032459259033203,21.771522521972656,21.800968170166016,21.972707748413086,22.219682693481445,22.382402420043945,22.445531845092773,22.586593627929688
34.74819564819336,37.04386520385742,38.344200134277344,38.96086883544922,38.55931854248047,39.10662078857422,40.6138801574707,40.84239196777344,39.804443359375,39.17140579223633,39.13100051879883,38.33182907104492,35.126102447509766,29.80549430847168,24.925045013427734,22.678434371948242,23.014083862304688,24.43435287475586,25.666967391967773,26.283658981323242,26.332067489624023,26.073009490966797,25.98907470703125,26.313234329223633,26.736356735229492,26.825613021850586,26.432865142822266,25.781530380249023,25.11774253845215,24.631099700927734,24.473129272460938,24.579126358032227,24.866609573364258,25.12455177307129,24.89045524597168,23.99527359008789,22.932300567626953,22.387449264526367,22.263919830322266,22.17693328857422,22.055021286010742,21.95832633972168,21.98321533203125,22.266874313354492
37.3256721496582,37.37042236328125,38.62582778930664,39.236209869384766,38.63228988647461,39.31412887573242,40.88058090209961,40.99545669555664,39.70795440673828,38.94395065307617,39.28608322143555,39.011810302734375,36.03231430053711,30.93544578552246,26.40286636352539,24.45624351501465,24.42046546936035,24.74846076965332,25.149986267089844,25.905733108520508,26.759599685668945,27.11225700378418,27.05638313293457,27.12102699279785,27.27445411682129,27.16692543029785,26.849750518798828,26.706262588500977,26.90656089782715,27.214092254638672,27.357807159423828,27.2187442779541,26.934667587280273,26.671876907348633,26.225149154663086,25.26600456237793,23.950551986694336,22.885408401489258,22.273054122924805,21.83134651184082,21.4918155670166,21.297351837158203,21.245975494384766,21.461393356323242
39.05193328857422,38.13315963745117,39.50923156738281,39.927001953125,39.48198699951172,40.18328857421875,41.16940689086914,40.93869400024414,39.605594635009766,38.646785736083984,38.70684814453125,38.236392974853516,35.59105682373047,31.309276580810547,27.702930450439453,26.3973388671875,26.388179779052734,26.098976135253906,25.709880828857422,26.122438430786133,27.177579879760742,27.961421966552734,28.22260284423828,28.24957275390625,28.025968551635742,27.48713493347168,27.048656463623047,27.231155395507812,28.045576095581055,29.037216186523438,29.706735610961914,29.714563369750977,29.092187881469727,28.211515426635742,27.318599700927734,26.244054794311523,24.872034072875977,23.462039947509766,22.236631393432617,21.26190757751465,20.720722198486328,20.5880069732666,20.58460235595703,20.75685691833496
39.82960891723633,39.869632720947266,41.640785217285156,41.72112274169922,41.60700607299805,42.435096740722656,43.07870101928711,42.5780029296875,40.863685607910156,38.764137268066406,37.29930114746094,36.159690856933594,34.165977478027344,31.334280014038086,29.16158676147461,28.373764038085938,27.98150062561035,27.236568450927734,26.69428253173828,27.025564193725586,27.88039779663086,28.65385627746582,29.187175750732422,29.37763786315918,29.083236694335938,28.495716094970703,28.137475967407227,28.361736297607422,29.177371978759766,30.3240909576416,31.284101486206055,31.49456214904785,30.86951446533203,29.745840072631836,28.481924057006836,27.09137535095215,25.47661781311035,23.84220314025879,22.353792190551758,21.090852737426758,20.368545532226562,20.253570556640625,20.34650421142578,20.57978630065918
40.2510871887207,41.12370300292969,42.88783264160156,42.826900482177734,42.98439025878906,44.15141677856445,45.20463562011719,44.876625061035156,42.658531188964844,38.972652435302734,35.68958282470703,33.84775924682617,32.304874420166016,30.684101104736328,29.91678237915039,29.6553955078125,28.91410255432129,27.907554626464844,27.486339569091797,27.865942001342773,28.537445068359375,29.34136199951172,30.12929916381836,30.50864028930664,30.41269302368164,30.118688583374023,29.88872718811035,29.90836524963379,30.406665802001953,31.43305015563965,32.463314056396484,32.835182189941406,32.27932357788086,31.060222625732422,29.622995376586914,28.1580810546875,26.580902099609375,24.935548782348633,23.32628059387207,21.896652221679688,20.97003173828125,20.554115295410156,20.317188262939453,20.449729919433594
40.273433685302734,41.17261505126953,42.30453109741211,42.03996276855469,42.186885833740234,43.61151885986328,45.28504180908203,45.513553619384766,43.22865676879883,38.679603576660156,34.52135467529297,32.27507400512695,30.508317947387695,29.06455421447754,29.066858291625977,29.654970169067383,29.39339256286621,28.56900405883789,28.13449478149414,28.29779624938965,28.837148666381836,29.758413314819336,30.818700790405273,31.633132934570312,31.940547943115234,31.831859588623047,31.497711181640625,31.2208251953125,31.417137145996094,32.20187759399414,33.10388946533203,33.335205078125,32.69863510131836,31.665119171142578,30.684490203857422,29.613819122314453,28.14653778076172,26.359161376953125,24.622215270996094,23.270442962646484,22.423715591430664,21.829999923706055,21.1285343170166,20.785036087036133
40.61575698852539,41.33304977416992,41.59885787963867,40.747039794921875,40.497406005859375,41.8384895324707,43.83351135253906,44.45111083984375,42.39027786254883,38.19911575317383,34.385772705078125,32.09740447998047,29.62537956237793,27.190532684326172,26.99314308166504,28.432096481323242,29.25907325744629,29.029264450073242,28.65351676940918,28.652435302734375,29.14848518371582,30.045392990112305,31.151458740234375,32.25927734375,33.029518127441406,33.25457000732422,32.97816848754883,32.69286346435547,32.81147766113281,33.19287109375,33.37790298461914,33.12520980834961,32.59457015991211,32.15131378173828,31.849929809570312,31.088165283203125,29.504255294799805,27.55276870727539,25.932950973510742,24.905834197998047,24.242677688598633,23.53451156616211,22.423824310302734,21.643871307373047
41.658836364746094,42.05195999145508,41.60432815551758,40.236122131347656,39.40407180786133,40.22123718261719,42.071353912353516,42.84836959838867,41.33798599243164,38.214744567871094,35.42374038696289,33.455078125,30.75873374938965,27.462121963500977,26.305692672729492,27.427122116088867,28.401020050048828,28.585973739624023,28.764427185058594,29.174711227416992,29.761594772338867,30.41971778869629,31.24456024169922,32.2625617980957,33.26142120361328,33.91605758666992,34.16792678833008,34.27543258666992,34.33156204223633,34.37211990356445,34.315799713134766,33.90098190307617,33.28018569946289,32.882957458496094,32.5929069519043,31.804353713989258,30.373882293701172,28.818782806396484,27.552520751953125,26.5592041015625,25.70791244506836,24.891740798950195,23.97979164123535,23.543556213378906
42.09477996826172,41.856998443603516,41.57490539550781,40.44322967529297,39.23768997192383,39.364742279052734,41.01412582397461,42.09148025512695,41.01609420776367,38.59490203857422,36.9014892578125,35.533077239990234,32.67313766479492,29.37251853942871,28.187969207763672,28.45050811767578,28.343854904174805,28.27167320251465,28.922473907470703,29.663841247558594,30.08660316467285,30.374582290649414,30.932758331298828,31.954151153564453,33.13840866088867,34.06687545776367,34.623722076416016,34.90345001220703,34.94160079956055,35.12858581542969,35.58223342895508,35.652008056640625,35.02959442138672,34.142765045166016,33.319190979003906,32.46162033081055,31.52145767211914,30.50882911682129,29.408018112182617,28.28847885131836,27.28595733642578,26.61423683166504,26.184860229492188,26.18855094909668
41.27787399291992,40.825809478759766,41.44775390625,41.16933059692383,40.05492401123047,39.89714431762695,41.57014465332031,42.85314178466797,41.56784439086914,39.16364288330078,38.272979736328125,37.06012725830078,33.881595611572266,31.241064071655273,31.044078826904297,31.162338256835938,30.220537185668945,29.63917350769043,30.075443267822266,30.484785079956055,30.373239517211914,30.297325134277344,30.84993553161621,32.14019775390625,33.60127639770508,34.53633117675781,34.723140716552734,34.56848907470703,34.6645622253418,35.35865020751953,36.43111038208008,37.112525939941406,36.87030029296875,35.829566955566406,34.630802154541016,33.82217025756836,33.313331604003906,32.57353591918945,31.367177963256836,29.964656829833984,28.838714599609375,28.27845001220703,28.047229766845703,28.462278366088867
40.421268463134766,40.360687255859375,41.69198226928711,42.23488998413086,41.69486618041992,41.75542068481445,43.66303253173828,44.83966064453125,42.792049407958984,39.99618148803711,39.50845718383789,38.2552604675293,34.844242095947266,32.754356384277344,33.296966552734375,33.56692886352539,32.460411071777344,31.737445831298828,31.936847686767578,32.00152587890625,31.540376663208008,31.308326721191406,31.983821868896484,33.403289794921875,34.82303237915039,35.46493911743164,35.04973220825195,34.27688217163086,34.20002365112305,35.129241943359375,36.6591682434082,37.97929763793945,38.24083709716797,37.2847785949707,36.07135772705078,35.58134460449219,35.51393127441406,34.76047134399414,33.05463790893555,31.067087173461914,29.675764083862305,29.32441520690918,29.64537239074707,30.3206844329834
39.964202880859375,40.96143341064453,42.49619674682617,43.295860290527344,43.42521286010742,44.044761657714844,46.324806213378906,46.849876403808594,44.128028869628906,41.65385818481445,41.37930679321289,39.6256217956543,36.23139572143555,34.63669967651367,35.130531311035156,34.88627624511719,33.5627555847168,33.12992858886719,33.710872650146484,33.95484924316406,33.53325271606445,33.29865646362305,33.8890380859375,35.054527282714844,36.12862777709961,36.47602462768555,35.690555572509766,34.511444091796875,34.21544647216797,35.01511764526367,36.53486633300781,38.136505126953125,38.75502395629883,38.13119888305664,37.326271057128906,37.1912841796875,37.184757232666016,36.205318450927734,34.388023376464844,32.50175476074219,31.180248260498047,30.8040828704834,31.078044891357422,31.179607391357422
39.897361755371094,41.94786834716797,43.49167251586914,44.1114501953125,44.58333969116211,45.81172180175781,48.20684814453125,47.914398193359375,45.47820281982422,44.31355285644531,44.03681564331055,41.31962966918945,38.13182067871094,37.128292083740234,37.05769729614258,35.80265426635742,34.15348815917969,34.0625114440918,35.21973419189453,35.90142059326172,35.61848449707031,35.28520965576172,35.6920280456543,36.51070022583008,37.040870666503906,36.94561767578125,36.52581024169922,35.872283935546875,35.12050247192383,35.04049301147461,36.23408126831055,37.99870681762695,38.959041595458984,38.88029861450195,38.77353286743164,38.81717300415039,38.1827507019043,36.76757049560547,35.044898986816406,33.046607971191406,31.597970962524414,31.673805236816406,32.65589904785156,32.67373275756836
40.67216110229492,42.708595275878906,44.23945617675781,44.72901153564453,45.14595413208008,46.399742126464844,48.388362884521484,48.097442626953125,46.62850570678711,46.69757843017578,46.35929870605469,43.348628997802734,40.559715270996094,39.914146423339844,39.26206970214844,37.274227142333984,35.430179595947266,35.22195816040039,36.29106521606445,37.15489959716797,37.13589096069336,36.91797637939453,37.171573638916016,37.71824645996094,37.73611831665039,37.36979293823242,37.090309143066406,37.147457122802734,37.03060531616211,36.55303192138672,36.712135314941406,37.50837707519531,38.16812515258789,38.605384826660156,39.240089416503906,39.60123825073242,38.87392807006836,37.55906677246094,35.74365997314453,33.7993278503418,32.462669372558594,32.60909652709961,33.33778381347656,33.32775115966797
41.47538757324219,43.353248596191406,44.82308578491211,45.19526672363281,45.19049835205078,45.62190628051758,47.01261520385742,47.57646942138672,47.14873504638672,47.48839569091797,47.41617202758789,45.447608947753906,43.554527282714844,43.02840805053711,42.00411605834961,39.60197067260742,37.316650390625,36.479366302490234,37.03800582885742,37.77657699584961,38.025875091552734,38.33626937866211,38.60011672973633,38.40198516845703,38.114891052246094,38.09588623046875,38.1855583190918,38.41206359863281,38.55886459350586,38.51456069946289,38.384613037109375,37.67504119873047,37.26015853881836,37.793357849121094,38.7672004699707,39.033119201660156,38.78514099121094,38.3497428894043,37.29705047607422,35.61069107055664,33.803749084472656,32.899391174316406,32.99634552001953,33.18684005737305
