data/wind_data/wind_Surface_65.json
{"header": {"parameterUnit": "KT", "parameterCategory": 2, "nx": 255, "ny": 198, "lo1": 44.73521041870117, "la1": -3.236724853515625, "lo2": 111.26478576660156, "la2": 43.468475341796875, "dx": 0.26192745566368103, "dy": -0.23708222806453705, "refTime": "2025-02-21 17:00:00", "forecastTime": 0, "parameterNumber": 2, "parameterNumberName": "eastward_wind"}, "data":
[rows 114 to 132 of 198, columns 172 to 214 of 255]
-4.656052589416504,-4.650021553039551,-2.042201519012451,-0.28431645035743713,-2.168055295944214,-1.3652124404907227,1.7741968631744385,4.463723659515381,3.4106810092926025,3.147334098815918,4.349524021148682,4.949162006378174,3.045957565307617,-0.9248704314231873,-2.587857484817505,-2.463963031768799,0.25731489062309265,1.2158234119415283,-1.8416966199874878,-2.1531407833099365,3.1731865406036377,5.987565517425537,2.435555934906006,-2.3507399559020996,-1.9778419733047485,0.15379610657691956,-3.1989197731018066,-5.231419563293457,-1.7789281606674194,0.5792791843414307,-3.828481435775757,-7.343929767608643,-2.7914342880249023,3.575021982192993,5.740799427032471,3.551820993423462,1.5961050987243652,3.8095343112945557,4.8070068359375,6.3290300369262695,8.684588432312012,5.822090148925781,3.331115961074829
-5.725857257843018,-4.7354350090026855,-2.4365992546081543,-1.5805797576904297,-1.7751071453094482,-0.880199134349823,0.7074885964393616,0.8682968020439148,0.46225452423095703,0.6124321818351746,3.4222795963287354,4.193020343780518,-0.6836339831352234,-4.670654296875,-2.4647984504699707,-2.6979105472564697,-3.319377899169922,-3.761857032775879,-4.583935737609863,-3.0034687519073486,3.646527051925659,4.44132661819458,3.1682193279266357,-0.39435869455337524,-2.697625160217285,1.4975395202636719,-1.9729593992233276,-5.614772796630859,-3.6265804767608643,-0.4457872211933136,-3.291433811187744,-7.59275484085083,-5.7406792640686035,-0.5063294172286987,4.436909198760986,3.7170166969299316,1.9122670888900757,4.13746976852417,5.346532821655273,10.642844200134277,12.590056419372559,4.475976467132568,3.2110533714294434
-4.135392189025879,-3.5809030532836914,-3.8368048667907715,-2.842111825942993,-1.5532134771347046,-0.08624032139778137,0.7270689010620117,-0.1466122418642044,-0.880587637424469,-0.49893173575401306,2.688124895095825,4.043715953826904,-1.3199926614761353,-6.008905410766602,-4.0991339683532715,0.8180364370346069,-1.2763065099716187,-5.965117454528809,-5.095746040344238,-2.1582424640655518,2.5042293071746826,3.3042280673980713,3.5699222087860107,3.263566732406616,1.5190982818603516,3.6003735065460205,1.6743998527526855,-5.462182998657227,-5.34446907043457,-1.461619257926941,-2.768991470336914,-7.449578285217285,-6.118262767791748,-0.497383177280426,5.158648490905762,5.029489994049072,2.7661423683166504,5.345669269561768,7.070519924163818,13.370037078857422,12.84563159942627,2.0315639972686768,1.3448117971420288
-1.4507827758789062,-1.8476173877716064,-3.351982831954956,-4.652378082275391,-4.492692470550537,-3.734480619430542,-3.4217958450317383,-3.4539523124694824,-2.911107301712036,-2.5798981189727783,-2.0262582302093506,-2.6794800758361816,-4.358920574188232,-6.744473934173584,-4.599822521209717,-1.1154738664627075,-2.5974948406219482,-7.700524806976318,-7.491103649139404,-3.7808046340942383,1.630549430847168,3.945911407470703,3.6283020973205566,3.6558964252471924,2.995779275894165,2.6872050762176514,0.6574373245239258,-5.986200332641602,-6.806901454925537,0.09948896616697311,-0.23257040977478027,-7.319683074951172,-6.304303169250488,0.38065287470817566,5.233370780944824,5.962967872619629,5.437905311584473,5.847768783569336,8.579426765441895,13.138586044311523,12.988080978393555,4.971216201782227,4.378052234649658
1.5977994203567505,1.8681879043579102,-0.34484943747520447,-1.8786016702651978,-1.007878065109253,-1.5968378782272339,-2.03533935546875,-1.016905665397644,-1.4717073440551758,-2.3546080589294434,-2.1860835552215576,-2.3213577270507812,-3.7728190422058105,-3.2563247680664062,-2.317037582397461,-0.3557679057121277,-1.5965265035629272,-5.1803436279296875,-8.374844551086426,-5.135246276855469,2.193770408630371,3.9991915225982666,2.5950779914855957,3.404229164123535,4.57607364654541,2.5794413089752197,-1.902025580406189,-5.151424884796143,-5.316028594970703,0.38664549589157104,-0.6520591974258423,-7.284071922302246,-5.296601295471191,-1.045447587966919,3.1118152141571045,6.298075199127197,5.752892971038818,6.618725299835205,10.199139595031738,12.132010459899902,10.922554969787598,7.9141035079956055,8.378643035888672
3.765605926513672,2.649243116378784,0.3387017846107483,-0.3326381742954254,-0.03539802134037018,-0.33388593792915344,-0.19361120462417603,1.8754156827926636,3.9591317176818848,3.7762773036956787,2.4498915672302246,1.6815694570541382,-0.9031113386154175,-2.2357797622680664,-0.35142436623573303,-0.09556160122156143,-1.9122276306152344,-4.901583671569824,-5.119450569152832,-2.4215285778045654,0.02948613651096821,-0.509803056716919,1.1252039670944214,2.6405696868896484,3.3625564575195312,-0.3284813165664673,-4.438882350921631,-2.5960004329681396,-1.4059702157974243,1.5315964221954346,-0.9229965209960938,-6.137741565704346,-3.740468740463257,-1.0592964887619019,3.0583322048187256,7.510785102844238,6.4376654624938965,7.331383228302002,10.883036613464355,11.690390586853027,12.44075870513916,9.8408203125,8.123774528503418
3.3060412406921387,1.1093963384628296,0.17512135207653046,0.4775643050670624,0.5265304446220398,0.24883334338665009,-1.4499982595443726,-0.5366857051849365,3.295651435852051,4.613693714141846,4.111027717590332,2.966381311416626,-1.9292323589324951,-3.5916051864624023,-0.5023403167724609,1.5342837572097778,1.7213423252105713,-0.6768884062767029,-1.9596493244171143,0.7576985359191895,0.38628092408180237,-1.3560729026794434,-0.48325395584106445,0.10019326955080032,-1.4341328144073486,-4.777385711669922,-5.167820930480957,-2.3244311809539795,1.3929760456085205,3.2709908485412598,-0.6818764209747314,-6.054388999938965,-3.7541685104370117,-0.2844061255455017,3.6634860038757324,7.795899391174316,7.929030895233154,6.686537742614746,9.6561861038208,14.675494194030762,17.336238861083984,11.851561546325684,7.328378677368164
1.0652519464492798,-0.7077696323394775,0.25529104471206665,1.6154556274414062,1.6959573030471802,1.6191890239715576,-0.8770257830619812,-1.3972692489624023,2.2782647609710693,4.165056228637695,4.29607629776001,3.6589410305023193,-1.506232500076294,-3.9330220222473145,-1.126886010169983,1.2295260429382324,2.851367950439453,3.607443332672119,0.9048877954483032,-0.8409608006477356,-0.49699637293815613,-0.6926560401916504,-0.366379976272583,-0.8148493766784668,-4.09010648727417,-7.1000847816467285,-5.189812183380127,-1.1150873899459839,3.985124111175537,4.877597332000732,-1.3115910291671753,-6.825249671936035,-4.594343185424805,2.1406972408294678,7.084429740905762,7.03336238861084,6.375166416168213,7.6754150390625,12.617438316345215,20.09249496459961,20.802223205566406,12.109230041503906,7.6948652267456055
0.47548747062683105,-2.1284849643707275,0.018263958394527435,2.3260514736175537,2.469304084777832,1.3073962926864624,-0.7577236890792847,-1.555156946182251,0.057402417063713074,3.366752862930298,5.664688587188721,4.9241228103637695,2.1389169692993164,-2.710097074508667,-2.501932382583618,1.8307653665542603,2.980855703353882,4.014697074890137,2.733689069747925,0.8748937249183655,-0.6612952947616577,-1.8986477851867676,-1.3743773698806763,-0.1749923974275589,-4.9347662925720215,-9.785494804382324,-4.528994560241699,1.9564353227615356,4.840736389160156,3.1194727420806885,-1.0462018251419067,-5.035360336303711,-3.141254186630249,4.9716057777404785,9.089703559875488,8.835186958312988,9.015877723693848,8.411731719970703,13.806041717529297,20.98592758178711,16.809814453125,7.412441730499268,7.492208003997803
0.12321386486291885,-2.0875303745269775,2.5018792152404785,6.500604629516602,5.702672004699707,0.7601737380027771,-1.5197679996490479,-0.1834086924791336,-0.042497266083955765,3.1714556217193604,10.577569007873535,13.233006477355957,7.617788314819336,3.606499195098877,3.490460157394409,3.059452772140503,3.2712342739105225,3.3370256423950195,2.3601675033569336,1.8076895475387573,1.571953296661377,0.7581540942192078,-0.8966975212097168,-2.5580551624298096,-6.783441543579102,-9.66300106048584,-5.099241256713867,1.1397143602371216,4.454020977020264,3.8617496490478516,1.3804253339767456,-0.10126873105764389,3.1156198978424072,8.834389686584473,10.433481216430664,11.156904220581055,11.75682258605957,10.703072547912598,13.319395065307617,18.342174530029297,13.821012496948242,6.247732162475586,6.649224281311035
-1.6596012115478516,0.3494105637073517,6.461822986602783,13.351673126220703,10.003602981567383,0.6122922301292419,-2.7977137565612793,2.8376147747039795,3.934797763824463,2.9986023902893066,11.715669631958008,18.638965606689453,13.076356887817383,4.59755802154541,2.383279323577881,1.1764332056045532,0.7977039813995361,0.95697021484375,1.8274592161178589,2.9100189208984375,1.4236856698989868,-0.07138533145189285,-1.8473780155181885,-6.419981479644775,-8.87082290649414,-7.837103366851807,-5.906578063964844,-1.80826735496521,6.816234588623047,8.008376121520996,5.445437908172607,6.655951499938965,8.917229652404785,8.185571670532227,7.7169084548950195,10.989389419555664,12.112688064575195,11.541050910949707,13.426154136657715,17.764324188232422,17.345308303833008,8.21776294708252,7.107479095458984
4.728017330169678,7.775493621826172,11.312705039978027,14.742871284484863,9.782232284545898,0.42858850955963135,-0.06794791668653488,5.740538597106934,8.373645782470703,7.983826160430908,9.271562576293945,13.656984329223633,11.725886344909668,6.7176079750061035,2.7412667274475098,0.5455631017684937,-0.3099755346775055,0.05872161686420441,2.7341723442077637,3.758754014968872,-1.0925123691558838,-3.3828203678131104,-2.5588583946228027,-5.804773807525635,-8.040262222290039,-6.169220447540283,-4.46169376373291,-2.3000900745391846,2.989581346511841,8.413721084594727,8.597173690795898,9.865201950073242,11.791443824768066,9.28596305847168,8.828807830810547,11.50506591796875,9.528282165527344,8.205430030822754,12.243651390075684,16.67233657836914,20.689729690551758,15.084643363952637,7.88254976272583
11.923328399658203,12.37872314453125,12.266641616821289,14.397860527038574,11.492149353027344,4.596805095672607,3.488168478012085,6.865833282470703,8.793573379516602,8.402799606323242,7.869535446166992,10.781846046447754,11.006978034973145,7.239703178405762,4.242318153381348,2.417174816131592,2.053662061691284,2.0292935371398926,3.2669427394866943,4.218438148498535,-2.2624433040618896,-5.451618194580078,-1.9408334493637085,-4.212834358215332,-7.607396125793457,-5.747835636138916,-2.6614723205566406,-1.0025709867477417,-1.697271704673767,1.599171757698059,8.016525268554688,16.334190368652344,14.847039222717285,4.0500640869140625,6.821260452270508,13.754321098327637,8.408419609069824,5.924004554748535,11.02151107788086,14.614380836486816,17.30667495727539,13.743522644042969,8.486281394958496
13.682561874389648,13.258101463317871,12.4105806350708,12.27543830871582,10.538772583007812,7.1356987953186035,6.910356044769287,7.6923933029174805,8.426796913146973,8.465944290161133,7.70487642288208,12.78084659576416,14.473491668701172,7.35492467880249,4.687889099121094,5.738875865936279,6.429129123687744,4.290246963500977,2.9548182487487793,2.9832005500793457,-3.524458885192871,-7.027130603790283,-2.193190336227417,-2.915151834487915,-7.632824897766113,-7.308311462402344,-1.7057015895843506,1.3916404247283936,1.079742193222046,2.0695927143096924,5.13706636428833,14.83702278137207,14.934601783752441,-0.28419896960258484,2.4366581439971924,12.574370384216309,6.7678303718566895,3.513427495956421,8.491568565368652,13.140027046203613,16.44135284423828,16.669078826904297,11.4887056350708
13.336566925048828,15.225509643554688,14.523755073547363,12.531667709350586,11.128469467163086,10.264108657836914,10.385383605957031,10.123692512512207,9.603710174560547,9.003073692321777,8.784667015075684,9.87954330444336,6.264842510223389,2.281494379043579,2.4071223735809326,4.719610214233398,5.62930965423584,4.234591484069824,2.492337465286255,1.066928744316101,-4.518171310424805,-9.449234008789062,-5.569308757781982,-3.6815874576568604,-6.824456691741943,-4.959121227264404,-1.2101762294769287,5.411266326904297,8.046154022216797,7.202751636505127,10.569400787353516,15.208270072937012,14.550908088684082,7.510934352874756,7.928428649902344,9.163352966308594,2.201946973800659,0.99418044090271,7.991700172424316,11.68845272064209,14.088766098022461,16.283161163330078,11.858379364013672
12.720333099365234,14.71573257446289,14.902074813842773,13.126500129699707,10.798298835754395,9.179237365722656,7.9936909675598145,6.611830711364746,5.76318359375,5.7408294677734375,4.489413738250732,2.358037233352661,1.3144012689590454,3.1933352947235107,4.278747081756592,4.711819648742676,5.25692892074585,3.677027463912964,1.6830856800079346,-2.400953769683838,-3.0250253677368164,-5.492521286010742,-8.620676040649414,-6.597682476043701,-4.762165546417236,-2.4476754665374756,2.162651538848877,10.532979011535645,14.596083641052246,9.400874137878418,9.162298202514648,12.10066032409668,12.132102966308594,15.312933921813965,12.796655654907227,3.104574680328369,-2.023798704147339,1.0097250938415527,7.307487487792969,11.35097885131836,14.017213821411133,17.664249420166016,16.52300453186035
10.30001163482666,12.344727516174316,12.548768997192383,12.025077819824219,7.012171268463135,1.2148783206939697,0.6340373158454895,3.554868459701538,5.137598037719727,5.082973957061768,5.283581733703613,6.967096328735352,6.78998327255249,6.771519184112549,6.234001636505127,7.962006092071533,7.724431037902832,4.174435138702393,1.5665147304534912,-1.6312602758407593,-3.4477782249450684,-4.014878273010254,-7.009459018707275,-5.382955551147461,-0.3790464997291565,2.4486162662506104,7.259592533111572,12.389659881591797,14.773030281066895,6.989111423492432,3.569459915161133,7.4733405113220215,13.699152946472168,17.772838592529297,11.235067367553711,0.7266587018966675,-0.8905990123748779,3.387660026550293,7.358522415161133,11.280335426330566,14.490670204162598,17.81045150756836,17.233469009399414
10.026926040649414,9.600372314453125,9.384992599487305,10.661293983459473,8.928329467773438,2.928577184677124,0.24024325609207153,5.385080814361572,7.6025590896606445,6.713408946990967,7.070614337921143,9.840681076049805,10.611688613891602,6.45333194732666,6.517220497131348,7.632820129394531,4.198879241943359,1.853272557258606,4.222152233123779,2.769338369369507,-3.8956809043884277,-5.826261520385742,-4.4997053146362305,-1.0751436948776245,2.2649738788604736,3.2215898036956787,6.840015411376953,14.772157669067383,14.053235054016113,-1.0446022748947144,-3.1096444129943848,7.313726425170898,14.02823543548584,15.387945175170898,7.840304851531982,-0.8924323320388794,0.09125761687755585,5.550215244293213,7.989596366882324,11.235944747924805,13.841468811035156,16.508981704711914,17.271181106567383
11.005838394165039,9.25278377532959,5.493322849273682,4.940306663513184,7.599560260772705,5.8184428215026855,2.1050736904144287,2.463444471359253,3.357105255126953,4.227268695831299,6.466644287109375,7.317465305328369,6.13294792175293,4.749940872192383,3.8055152893066406,-0.1860157549381256,-4.525632858276367,0.8495557308197021,6.070467472076416,3.319672107696533,-3.1120567321777344,-5.593803882598877,-1.8363949060440063,2.451462745666504,3.512904644012451,3.9429452419281006,12.500103950500488,21.29253387451172,9.00699520111084,-4.728707313537598,-0.4329735338687897,9.488532066345215,12.48885726928711,11.4188871383667,7.234267234802246,0.500289261341095,0.8451734781265259,5.801089763641357,8.835123062133789,11.388781547546387,12.95588493347168,16.030309677124023,16.452049255371094
