data/wind_data/wind_33_1.json
{"header": {"parameterUnit": "KT", "parameterCategory": 2, "nx": 256, "ny": 198, "lo1": 44.73521041870117, "la1": -3.236724853515625, "lo2": 111.26478576660156, "la2": 43.468475341796875, "dx": 0.2609002888202667, "dy": -0.23708222806453705, "refTime": "2025-02-20 09:00:00", "forecastTime": 0, "parameterNumber": 2, "parameterNumberName": "eastward_wind"}, "data":
[rows 19 to 37 of 198, columns 43 to 85 of 256]
-12.435627937316895,-10.43503475189209,-10.23818588256836,-10.456127166748047,-10.434863090515137,-10.523039817810059,-9.355541229248047,-8.30451774597168,-7.691972255706787,-8.712477684020996,-10.955984115600586,-11.995698928833008,-9.947815895080566,-8.465277671813965,-7.931999683380127,-7.614699840545654,-10.212575912475586,-12.103812217712402,-10.020936012268066,-7.889930725097656,-6.937222480773926,-8.64720630645752,-11.46556568145752,-11.075008392333984,-8.211334228515625,-5.797067642211914,-5.349883079528809,-6.13295316696167,-9.766166687011719,-11.293784141540527,-11.388829231262207,-9.250411033630371,-6.313689708709717,-6.493677616119385,-6.249715328216553,-6.131923675537109,-6.395267963409424,-6.247218132019043,-6.288424015045166,-4.859389305114746,-4.536172866821289,-4.890102386474609,-6.063889026641846
-12.540345191955566,-11.523612022399902,-10.648902893066406,-10.406485557556152,-10.458626747131348,-11.172083854675293,-9.975173950195312,-9.206177711486816,-9.525830268859863,-10.276786804199219,-11.033935546875,-11.230367660522461,-10.75421142578125,-9.879720687866211,-9.79411506652832,-10.30346393585205,-10.796670913696289,-11.311135292053223,-10.801841735839844,-9.60578727722168,-8.693650245666504,-8.82320499420166,-9.351531982421875,-10.669671058654785,-9.450108528137207,-7.455622673034668,-6.759313106536865,-7.301709175109863,-9.470836639404297,-11.222049713134766,-10.124760627746582,-8.827936172485352,-7.4224653244018555,-7.574869155883789,-6.764723300933838,-5.9364213943481445,-4.8468451499938965,-4.357452869415283,-6.769152641296387,-7.0385236740112305,-6.214504718780518,-4.310580253601074,-5.105897903442383
-13.14505672454834,-12.252666473388672,-11.805593490600586,-10.622963905334473,-9.702677726745605,-10.269804954528809,-9.893400192260742,-9.777764320373535,-10.599952697753906,-10.351541519165039,-11.524222373962402,-11.498031616210938,-11.337113380432129,-10.790586471557617,-10.671734809875488,-11.388758659362793,-12.352962493896484,-12.660855293273926,-11.968554496765137,-10.784008026123047,-9.564208030700684,-8.129133224487305,-8.314725875854492,-10.210310935974121,-10.136645317077637,-8.392524719238281,-7.983973503112793,-8.100902557373047,-8.702186584472656,-9.594917297363281,-9.242125511169434,-7.87830114364624,-7.70402717590332,-9.529205322265625,-7.698941230773926,-5.155603408813477,-3.103821039199829,-2.9893033504486084,-6.964298248291016,-7.215393543243408,-6.042433738708496,-4.020023822784424,-6.255383014678955
-14.117835998535156,-10.960920333862305,-12.020806312561035,-11.1765775680542,-8.928749084472656,-9.202618598937988,-8.20687198638916,-9.587213516235352,-11.011909484863281,-11.296028137207031,-12.139738082885742,-12.052821159362793,-11.754999160766602,-11.7586088180542,-11.862931251525879,-12.308404922485352,-12.662843704223633,-12.758670806884766,-12.405987739562988,-11.37142562866211,-10.28296947479248,-9.611001968383789,-9.64882755279541,-10.060222625732422,-9.876683235168457,-8.820840835571289,-8.148234367370605,-8.547381401062012,-9.84151840209961,-10.316774368286133,-9.025208473205566,-7.941816806793213,-8.353439331054688,-9.098990440368652,-7.7744526863098145,-6.18256950378418,-4.867518424987793,-4.182403564453125,-4.640711784362793,-5.091203689575195,-6.5831379890441895,-6.915246486663818,-8.144495964050293
-10.81458568572998,-8.321355819702148,-11.750367164611816,-9.956528663635254,-7.536282062530518,-9.213362693786621,-5.727386474609375,-6.511332988739014,-10.62279224395752,-13.337170600891113,-12.950267791748047,-11.95527458190918,-11.833101272583008,-13.0029878616333,-13.668027877807617,-13.247386932373047,-13.024636268615723,-13.212016105651855,-12.852212905883789,-11.63605785369873,-10.836362838745117,-10.277824401855469,-10.298189163208008,-10.195054054260254,-9.35364818572998,-8.670990943908691,-8.522672653198242,-9.21861457824707,-10.370256423950195,-10.453993797302246,-9.040786743164062,-8.714030265808105,-8.25047492980957,-7.966432094573975,-7.447638034820557,-6.000960826873779,-4.820509433746338,-4.7614946365356445,-4.7928266525268555,-4.9859490394592285,-8.925108909606934,-10.357651710510254,-10.223921775817871
-11.587092399597168,-11.532313346862793,-10.932233810424805,-10.226041793823242,-8.606260299682617,-7.2719855308532715,-6.328495502471924,-3.2731339931488037,-7.555227279663086,-14.061060905456543,-13.377140045166016,-11.96699333190918,-12.050848007202148,-14.052587509155273,-14.289079666137695,-13.62615966796875,-13.579340934753418,-13.854256629943848,-13.028931617736816,-11.853212356567383,-11.20942211151123,-10.790477752685547,-11.124896049499512,-10.009543418884277,-8.79713249206543,-8.576028823852539,-8.781207084655762,-9.520467758178711,-10.769675254821777,-9.889605522155762,-9.320354461669922,-8.977046012878418,-7.637239456176758,-6.417520046234131,-6.509116172790527,-6.504444122314453,-6.132306098937988,-4.2417521476745605,-4.843646049499512,-8.204754829406738,-7.643124103546143,-9.131627082824707,-10.58360481262207
-14.267768859863281,-13.721288681030273,-10.165782928466797,-9.035985946655273,-8.31264591217041,-5.825503826141357,-3.953187942504883,-2.9736058712005615,-8.049670219421387,-12.602678298950195,-12.846504211425781,-12.07927417755127,-13.313358306884766,-14.720887184143066,-14.441933631896973,-13.758502960205078,-13.962791442871094,-13.602429389953613,-12.562540054321289,-12.052824974060059,-12.350399017333984,-12.21816349029541,-11.012868881225586,-9.263375282287598,-8.310574531555176,-8.691516876220703,-10.03546142578125,-10.538751602172852,-10.70963191986084,-8.396696090698242,-8.211957931518555,-8.931703567504883,-7.98017692565918,-5.631619453430176,-4.321450233459473,-4.182971000671387,-8.121031761169434,-7.196068286895752,-7.125344276428223,-6.464949607849121,-8.523158073425293,-9.399934768676758,-8.626700401306152
-13.09017562866211,-14.20267391204834,-10.616442680358887,-6.477392673492432,-6.129679203033447,-6.130781173706055,-4.3745198249816895,-8.747782707214355,-12.863911628723145,-11.013029098510742,-10.897601127624512,-10.613752365112305,-11.663283348083496,-15.230696678161621,-14.77506160736084,-14.533965110778809,-14.482464790344238,-12.763387680053711,-11.35792064666748,-12.695009231567383,-13.740617752075195,-12.713236808776855,-10.79543685913086,-9.810711860656738,-9.49904727935791,-10.1258544921875,-11.676939964294434,-11.812861442565918,-10.778709411621094,-8.084047317504883,-6.59419584274292,-8.87338924407959,-9.133027076721191,-6.201536655426025,-4.9650983810424805,-5.063828468322754,-10.154983520507812,-9.870035171508789,-8.533005714416504,-7.170705318450928,-10.12438678741455,-9.171008110046387,-7.22697639465332
-10.962677955627441,-12.273998260498047,-11.70908260345459,-8.169382095336914,-7.945708751678467,-7.528752326965332,-8.491728782653809,-11.318100929260254,-11.9762601852417,-10.600252151489258,-8.523411750793457,-8.554121971130371,-12.668439865112305,-14.798932075500488,-14.580768585205078,-15.059486389160156,-14.096341133117676,-13.1521635055542,-13.105709075927734,-13.692200660705566,-13.132696151733398,-12.173351287841797,-12.047209739685059,-11.666485786437988,-10.779092788696289,-11.227112770080566,-12.286407470703125,-11.916841506958008,-10.44744873046875,-8.615097999572754,-7.904352188110352,-10.186777114868164,-9.4214506149292,-7.953904151916504,-7.422138214111328,-9.019906997680664,-10.530754089355469,-9.646660804748535,-7.818572044372559,-7.949028968811035,-11.805611610412598,-9.652857780456543,-7.798959732055664
-9.989396095275879,-11.343581199645996,-12.22811508178711,-10.04362964630127,-9.318795204162598,-9.319607734680176,-9.23283576965332,-9.872278213500977,-9.432409286499023,-8.033981323242188,-5.979520320892334,-5.1607136726379395,-9.574930191040039,-15.11934757232666,-15.875630378723145,-15.489232063293457,-13.837017059326172,-13.75406265258789,-13.668062210083008,-13.288320541381836,-13.012423515319824,-12.758416175842285,-12.7741117477417,-12.703595161437988,-12.14041805267334,-11.751218795776367,-11.718257904052734,-11.58354663848877,-10.694058418273926,-9.588773727416992,-9.838029861450195,-9.941526412963867,-9.158438682556152,-8.118146896362305,-7.855714321136475,-8.272976875305176,-8.30557632446289,-8.730690956115723,-8.599833488464355,-9.600056648254395,-10.130684852600098,-9.33495044708252,-9.463008880615234
-10.556822776794434,-8.63987922668457,-10.613364219665527,-10.795464515686035,-9.687395095825195,-9.068899154663086,-8.442034721374512,-8.658388137817383,-9.598210334777832,-8.448861122131348,-6.092634201049805,-5.0056257247924805,-9.437203407287598,-17.7679386138916,-14.199935913085938,-17.164199829101562,-14.113964080810547,-12.842451095581055,-13.45947551727295,-13.423608779907227,-13.336851119995117,-13.083771705627441,-13.495858192443848,-13.567267417907715,-13.325448989868164,-12.863242149353027,-12.442718505859375,-12.037369728088379,-11.561553001403809,-10.896446228027344,-10.057628631591797,-8.623926162719727,-7.886745929718018,-8.464807510375977,-8.724323272705078,-6.814798831939697,-5.150260925292969,-9.362129211425781,-11.16714859008789,-9.962642669677734,-8.796747207641602,-8.401063919067383,-10.268658638000488
-11.399012565612793,-8.2416353225708,-8.13996410369873,-10.037697792053223,-11.758228302001953,-10.242868423461914,-9.458464622497559,-8.761876106262207,-9.289857864379883,-8.485034942626953,-7.072525978088379,-7.121425151824951,-12.710890769958496,-17.99615478515625,-16.578950881958008,-16.115970611572266,-13.333210945129395,-12.487911224365234,-12.278003692626953,-13.24541187286377,-13.291524887084961,-13.352363586425781,-13.792290687561035,-14.235692024230957,-14.170626640319824,-13.808196067810059,-13.136015892028809,-12.352808952331543,-11.657445907592773,-10.983403205871582,-10.16011905670166,-9.336987495422363,-9.08875560760498,-8.9896821975708,-8.571100234985352,-7.723614692687988,-8.01858901977539,-10.068222045898438,-10.914292335510254,-10.623120307922363,-8.783029556274414,-7.782757759094238,-9.254819869995117
-11.525089263916016,-10.696452140808105,-9.195145606994629,-10.122968673706055,-11.084860801696777,-10.11340045928955,-8.598782539367676,-6.999791622161865,-6.220937728881836,-5.9444193840026855,-8.094831466674805,-10.206910133361816,-13.811982154846191,-16.926437377929688,-16.543100357055664,-13.385601997375488,-12.752127647399902,-12.115670204162598,-10.924562454223633,-10.922754287719727,-12.688593864440918,-13.260449409484863,-13.135046005249023,-13.871771812438965,-14.540504455566406,-14.503148078918457,-13.801090240478516,-12.837422370910645,-11.537882804870605,-10.730629920959473,-10.639692306518555,-10.41150951385498,-9.724994659423828,-9.21159839630127,-8.919936180114746,-8.618685722351074,-9.085660934448242,-9.783923149108887,-10.221552848815918,-9.9183349609375,-9.1004638671875,-7.987879753112793,-7.950587749481201
-9.63025951385498,-12.310901641845703,-10.631327629089355,-9.773293495178223,-10.640737533569336,-8.246553421020508,-6.346843242645264,-5.859684944152832,-5.263855934143066,-8.30851936340332,-12.617165565490723,-11.596264839172363,-13.369318008422852,-16.985145568847656,-15.172321319580078,-12.580531120300293,-11.100163459777832,-9.867643356323242,-8.94906997680664,-8.0152006149292,-12.468008041381836,-13.531235694885254,-13.443389892578125,-12.75688648223877,-14.29524040222168,-15.027485847473145,-14.307247161865234,-12.937284469604492,-12.138655662536621,-10.98949146270752,-9.995928764343262,-10.026286125183105,-9.93359088897705,-9.815152168273926,-9.518442153930664,-9.18448543548584,-9.234040260314941,-9.284947395324707,-9.227907180786133,-8.944791793823242,-8.563153266906738,-8.419147491455078,-8.427242279052734
-7.031201362609863,-10.392570495605469,-11.681853294372559,-10.95105266571045,-9.537066459655762,-8.208941459655762,-7.092007637023926,-7.7238569259643555,-9.853507041931152,-13.070884704589844,-13.653190612792969,-11.666525840759277,-11.650144577026367,-14.5987548828125,-13.553410530090332,-12.507983207702637,-12.296664237976074,-11.946656227111816,-10.097920417785645,-8.385865211486816,-13.287650108337402,-16.263561248779297,-13.879678726196289,-11.659174919128418,-11.389262199401855,-13.3825044631958,-13.401737213134766,-12.203303337097168,-12.305804252624512,-10.945293426513672,-10.008708953857422,-10.027484893798828,-10.239933013916016,-9.78109073638916,-9.80955696105957,-10.272202491760254,-10.018589973449707,-9.428987503051758,-8.917872428894043,-8.69548225402832,-8.783318519592285,-8.39110279083252,-8.25816535949707
-8.391380310058594,-9.365033149719238,-12.123119354248047,-13.004937171936035,-10.053006172180176,-8.265314102172852,-8.935343742370605,-10.095634460449219,-9.720187187194824,-10.893207550048828,-13.022150039672852,-12.24843978881836,-11.259057998657227,-11.110738754272461,-11.525479316711426,-12.094243049621582,-13.037880897521973,-11.407341957092285,-9.24498462677002,-10.841449737548828,-15.513062477111816,-16.2194766998291,-13.285390853881836,-10.949883460998535,-8.668319702148438,-7.182473182678223,-9.023791313171387,-10.692623138427734,-11.748547554016113,-10.404804229736328,-9.24460220336914,-9.726826667785645,-9.9094877243042,-9.938907623291016,-10.045940399169922,-11.090107917785645,-10.564742088317871,-9.565485000610352,-8.932504653930664,-8.966620445251465,-9.65160846710205,-8.17329216003418,-7.5228657722473145
-9.441608428955078,-11.283376693725586,-11.447754859924316,-10.862646102905273,-10.41478157043457,-10.015278816223145,-10.547942161560059,-9.896184921264648,-7.326152801513672,-7.278900146484375,-10.664826393127441,-11.424827575683594,-11.523589134216309,-12.969889640808105,-12.476364135742188,-12.275935173034668,-12.354525566101074,-9.034188270568848,-7.880955696105957,-13.968706130981445,-14.494553565979004,-12.715644836425781,-11.855036735534668,-11.37147331237793,-9.377033233642578,-8.270564079284668,-9.284381866455078,-9.003396034240723,-11.38770866394043,-9.762384414672852,-8.097099304199219,-8.495790481567383,-9.563214302062988,-11.183499336242676,-11.647238731384277,-11.354491233825684,-10.29308032989502,-9.84819221496582,-9.623930931091309,-9.416964530944824,-8.88802719116211,-8.061043739318848,-7.218873977661133
-9.490455627441406,-11.737456321716309,-10.118144989013672,-7.259359359741211,-8.046459197998047,-12.243647575378418,-12.017176628112793,-8.893397331237793,-8.481008529663086,-11.337594032287598,-11.25830078125,-8.522762298583984,-11.767852783203125,-15.391860008239746,-13.405744552612305,-10.56635570526123,-9.549192428588867,-7.564868927001953,-11.554808616638184,-17.12358283996582,-14.790589332580566,-12.485712051391602,-11.694100379943848,-11.400045394897461,-9.932933807373047,-9.526368141174316,-10.185135841369629,-9.277934074401855,-10.63544750213623,-10.63150405883789,-8.079479217529297,-6.210572719573975,-6.609042644500732,-10.808465957641602,-12.435011863708496,-12.609246253967285,-11.083854675292969,-10.18222427368164,-10.23304271697998,-9.630509376525879,-8.972820281982422,-8.200699806213379,-7.345610618591309
-12.008842468261719,-11.957077026367188,-10.128276824951172,-9.013344764709473,-9.964513778686523,-10.449615478515625,-9.88093376159668,-10.329587936401367,-12.443866729736328,-13.111775398254395,-10.310858726501465,-9.759317398071289,-13.681266784667969,-14.222648620605469,-11.766287803649902,-9.404790878295898,-8.211525917053223,-9.18136215209961,-13.47846794128418,-15.542845726013184,-13.249805450439453,-11.869330406188965,-12.130353927612305,-11.5836763381958,-10.349276542663574,-10.742627143859863,-10.919647216796875,-10.234726905822754,-10.53324031829834,-10.84453010559082,-8.779504776000977,-6.276525974273682,-3.499985933303833,-6.313296794891357,-13.849059104919434,-14.672958374023438,-12.098978042602539,-10.635873794555664,-10.64199161529541,-9.772041320800781,-8.617973327636719,-8.664926528930664,-7.884408473968506
