data/wind_data/wind_24_9.json
{"header": {"parameterUnit": "KT", "parameterCategory": 2, "nx": 256, "ny": 198, "lo1": 44.73521041870117, "la1": -3.236724853515625, "lo2": 111.26478576660156, "la2": 43.468475341796875, "dx": 0.2609002888202667, "dy": -0.23708222806453705, "refTime": "2025-02-20 00:00:00", "forecastTime": 0, "parameterNumber": 2, "parameterNumberName": "eastward_wind"}, "data":
[rows 114 to 132 of 198, columns 44 to 87 of 256]
19.03172492980957,19.70403289794922,20.59950065612793,19.160032272338867,16.261547088623047,13.848509788513184,12.692109107971191,12.737113952636719,13.741713523864746,15.013627052307129,15.719813346862793,15.809405326843262,15.276704788208008,14.76120376586914,15.819714546203613,16.942174911499023,14.9985933303833,11.239178657531738,9.026674270629883,8.39635181427002,8.040017127990723,8.654823303222656,10.67367935180664,12.95948600769043,13.686664581298828,12.41670036315918,10.642118453979492,9.617504119873047,9.251699447631836,8.709712982177734,7.412198543548584,5.530454158782959,4.247522354125977,4.593454837799072,5.856969833374023,6.6205267906188965,6.211132526397705,4.684442520141602,2.6045169830322266,1.4885441064834595,2.600799083709717,6.920214653015137,14.365782737731934,21.24588394165039
17.856149673461914,18.42996597290039,19.592145919799805,18.785381317138672,16.353076934814453,13.947433471679688,12.661091804504395,12.654821395874023,13.568113327026367,14.81573486328125,15.550119400024414,15.58592414855957,15.187202453613281,15.12048053741455,16.393600463867188,17.79022216796875,15.985965728759766,11.239620208740234,8.083124160766602,7.784633636474609,8.145811080932617,8.956875801086426,11.01632308959961,13.389019012451172,14.022177696228027,13.076360702514648,11.981415748596191,11.344705581665039,10.978541374206543,10.302515983581543,8.713071823120117,6.241900444030762,4.2134809494018555,4.025879859924316,5.102205276489258,5.933070182800293,5.780886173248291,4.971450328826904,3.292414665222168,2.1351852416992188,1.9191691875457764,5.483091354370117,14.09931755065918,20.31486701965332
15.61297607421875,16.174108505249023,17.887178421020508,18.362821578979492,16.721153259277344,14.23369026184082,12.428101539611816,12.289647102355957,13.591856002807617,15.773263931274414,17.709871292114258,18.290481567382812,17.816022872924805,17.492963790893555,17.957616806030273,18.495574951171875,17.043254852294922,12.780610084533691,8.352591514587402,6.5099406242370605,7.092101097106934,9.136906623840332,12.032387733459473,14.312752723693848,14.641879081726074,14.06559944152832,13.26636028289795,12.299574851989746,11.423308372497559,10.57172679901123,9.222052574157715,7.124255657196045,5.025599002838135,4.175732612609863,4.646938800811768,5.505550861358643,5.595948219299316,5.397002696990967,4.374899387359619,3.5804102420806885,2.9531641006469727,6.228294849395752,14.517853736877441,18.694032669067383
12.931275367736816,13.559134483337402,15.911330223083496,17.935754776000977,17.544567108154297,15.489558219909668,13.308927536010742,12.622541427612305,13.995088577270508,16.76698112487793,19.512981414794922,20.7188720703125,20.360652923583984,19.624963760375977,19.14344024658203,18.646867752075195,16.899980545043945,13.212808609008789,8.817314147949219,6.1746087074279785,6.575565814971924,9.289727210998535,12.921656608581543,15.48442554473877,16.241432189941406,15.928153991699219,14.809972763061523,13.010766983032227,11.244019508361816,10.007224082946777,9.025700569152832,7.924121379852295,6.695539951324463,5.927506446838379,5.985726833343506,6.4885430335998535,6.321694850921631,6.001966953277588,5.583622455596924,4.741284370422363,4.953240871429443,9.230566024780273,17.086957931518555,18.623332977294922
11.792424201965332,12.533169746398926,14.789612770080566,17.294492721557617,17.812000274658203,16.369298934936523,14.430550575256348,13.73292064666748,15.370293617248535,18.418054580688477,21.027679443359375,21.94068717956543,21.15854263305664,19.76397132873535,18.6734676361084,17.51058578491211,15.470561027526855,12.46409797668457,9.236651420593262,7.396275997161865,8.10716724395752,10.692414283752441,13.634771347045898,15.906664848327637,17.235979080200195,17.374135971069336,16.04720115661621,13.599739074707031,11.168700218200684,9.555416107177734,8.769750595092773,8.516807556152344,8.469751358032227,8.469406127929688,8.351933479309082,7.770697593688965,6.330953598022461,4.9425048828125,5.18856954574585,3.617000102996826,3.4711155891418457,9.56656551361084,18.287471771240234,18.654842376708984
12.54872989654541,13.45216178894043,15.008391380310059,16.857236862182617,17.47060775756836,16.358196258544922,15.020132064819336,15.075645446777344,17.15006446838379,19.793506622314453,21.323801040649414,21.37578773498535,20.081151962280273,18.297273635864258,17.377851486206055,16.763263702392578,15.016342163085938,12.535244941711426,10.656187057495117,10.312551498413086,11.545487403869629,13.312150955200195,14.75581169128418,16.01523208618164,17.035253524780273,17.020597457885742,15.477514266967773,13.248868942260742,11.243265151977539,9.771845817565918,9.239066123962402,9.774221420288086,10.707293510437012,10.953034400939941,9.836773872375488,8.027350425720215,6.255031585693359,4.424853324890137,4.6195902824401855,3.2329232692718506,2.819408893585205,10.459489822387695,18.88759994506836,18.73821449279785
13.523103713989258,14.850915908813477,16.029001235961914,17.09038543701172,17.54355239868164,16.83241844177246,16.17411231994629,16.934219360351562,18.700130462646484,19.986087799072266,20.145849227905273,19.425973892211914,18.14935874938965,17.105804443359375,17.09198570251465,17.184967041015625,16.070383071899414,14.380819320678711,13.624592781066895,14.286343574523926,15.679490089416504,16.60388946533203,16.709091186523438,16.590076446533203,16.28546905517578,15.01220703125,13.011820793151855,11.506001472473145,10.613608360290527,10.2756929397583,10.73423957824707,11.909980773925781,13.23719596862793,13.436173439025879,11.329760551452637,8.31190013885498,6.60245418548584,4.955901622772217,3.3710453510284424,4.338318347930908,6.541292667388916,14.95109748840332,20.102048873901367,18.534765243530273
13.633147239685059,15.439663887023926,16.952360153198242,17.943954467773438,18.414716720581055,18.15452003479004,17.804107666015625,18.265554428100586,18.902835845947266,18.94412612915039,18.536457061767578,18.106090545654297,17.62754249572754,17.192672729492188,16.93293571472168,16.73429298400879,16.404294967651367,16.40209197998047,17.22979736328125,18.415376663208008,19.356714248657227,19.643390655517578,18.873727798461914,17.20232582092285,15.099937438964844,12.76528549194336,10.765313148498535,9.586027145385742,9.452554702758789,10.305497169494629,11.746630668640137,13.38363265991211,14.880266189575195,15.319412231445312,13.143613815307617,9.140891075134277,6.425447940826416,4.815074920654297,2.858675718307495,4.023958206176758,8.203960418701172,17.725309371948242,18.922286987304688,17.091920852661133
13.203722953796387,15.424153327941895,17.598142623901367,18.90028190612793,19.439422607421875,19.36012077331543,18.600433349609375,17.644866943359375,16.939090728759766,16.380748748779297,16.500171661376953,17.14981460571289,17.292274475097656,16.459482192993164,15.198498725891113,14.8228120803833,15.716444969177246,17.612686157226562,20.077484130859375,21.622257232666016,21.772945404052734,21.284669876098633,19.865184783935547,17.105661392211914,13.933486938476562,11.41759967803955,9.644564628601074,8.58015251159668,8.68541431427002,9.914767265319824,11.666366577148438,13.492088317871094,15.125457763671875,15.803567886352539,13.939857482910156,9.659585952758789,5.605895042419434,3.2439799308776855,2.4934780597686768,3.300873279571533,7.998520374298096,19.079347610473633,17.66826057434082,14.728511810302734
13.585680961608887,15.949362754821777,18.339305877685547,19.909629821777344,20.600914001464844,20.144893646240234,18.22272491455078,15.448386192321777,13.233436584472656,12.547157287597656,13.585634231567383,14.966644287109375,15.149778366088867,13.925487518310547,12.543631553649902,12.677976608276367,14.686521530151367,18.061904907226562,21.460391998291016,22.93018913269043,22.513690948486328,21.37822151184082,19.404529571533203,16.282724380493164,13.109105110168457,11.030275344848633,9.66189956665039,8.801572799682617,9.051619529724121,10.348787307739258,11.788475036621094,12.907990455627441,14.048457145690918,14.939958572387695,13.99029541015625,10.223764419555664,5.2291259765625,1.6009114980697632,0.8000261187553406,2.0684001445770264,6.85393762588501,19.861862182617188,17.927141189575195,12.619522094726562
14.72472858428955,17.223230361938477,19.484458923339844,21.149658203125,21.834701538085938,20.627161026000977,17.407428741455078,13.406177520751953,10.201276779174805,9.299535751342773,10.462690353393555,11.587471961975098,11.504108428955078,10.864453315734863,10.515178680419922,11.540244102478027,14.502310752868652,18.241273880004883,20.946674346923828,22.095645904541016,21.875797271728516,20.50297737121582,18.152544021606445,15.27285099029541,12.852242469787598,11.478365898132324,10.790786743164062,10.618953704833984,11.041845321655273,11.645432472229004,11.763463973999023,11.757366180419922,12.44857406616211,13.493452072143555,13.624622344970703,10.951484680175781,5.079276084899902,0.2994471788406372,-0.29441896080970764,0.6658129692077637,5.447567462921143,18.81221580505371,18.69305419921875,13.555235862731934
15.568245887756348,18.711305618286133,21.046371459960938,22.280733108520508,22.330154418945312,20.504758834838867,16.46783447265625,11.909577369689941,8.882566452026367,7.902796268463135,8.099376678466797,8.549646377563477,9.230669975280762,10.15021800994873,10.931145668029785,12.473763465881348,15.4236421585083,18.283714294433594,20.005632400512695,20.775056838989258,20.42955780029297,18.993621826171875,17.27001190185547,15.371123313903809,13.297954559326172,11.978799819946289,11.92398452758789,12.515491485595703,12.780424118041992,12.145976066589355,11.041858673095703,10.723406791687012,11.353607177734375,11.755878448486328,11.424112319946289,9.543487548828125,4.043057918548584,-0.8926845788955688,-0.3755089044570923,2.427190065383911,6.249987602233887,17.609140396118164,18.931076049804688,17.531705856323242
16.450611114501953,20.405595779418945,22.467985153198242,22.53936195373535,21.756633758544922,19.589736938476562,15.206043243408203,10.472814559936523,8.112122535705566,8.071139335632324,8.961506843566895,9.69007682800293,10.431205749511719,11.898812294006348,13.776416778564453,15.273612022399902,16.864091873168945,18.726564407348633,19.961275100708008,20.051761627197266,18.900245666503906,17.280017852783203,16.272733688354492,15.375368118286133,13.958477973937988,12.921110153198242,12.926055908203125,13.205911636352539,12.603657722473145,11.083433151245117,10.014397621154785,10.308514595031738,10.757071495056152,9.649888038635254,7.272481441497803,4.836814880371094,1.4043128490447998,-0.8286339044570923,0.3211909830570221,4.167542457580566,7.187201499938965,17.508981704711914,18.12015151977539,18.089157104492188
18.097789764404297,21.8568115234375,22.97760581970215,22.024551391601562,20.702220916748047,18.716541290283203,14.822011947631836,10.15089225769043,7.998737335205078,8.752745628356934,10.007518768310547,10.647482872009277,11.755081176757812,14.21187973022461,16.3902587890625,17.413875579833984,18.566383361816406,20.039709091186523,20.596412658691406,19.703805923461914,17.860836029052734,16.065998077392578,15.245355606079102,15.126603126525879,14.913589477539062,14.529937744140625,14.185598373413086,13.336265563964844,11.410627365112305,9.511224746704102,9.288592338562012,10.206188201904297,10.08585262298584,7.658314228057861,3.4041695594787598,-0.2446494847536087,-1.0247751474380493,0.3285549283027649,2.241955280303955,4.999619960784912,5.402010440826416,16.969751358032227,15.456456184387207,13.144554138183594
19.490983963012695,22.018489837646484,22.347944259643555,21.492088317871094,20.577980041503906,19.000408172607422,15.372121810913086,10.851783752441406,8.328536033630371,8.154197692871094,8.845597267150879,9.81185245513916,11.801791191101074,14.489086151123047,16.442628860473633,17.76951026916504,19.293107986450195,20.523494720458984,20.37753677368164,18.747509002685547,16.80536460876465,15.793240547180176,15.823657035827637,16.238821029663086,16.49811553955078,16.29433250427246,15.35705852508545,13.31253719329834,10.633523941040039,9.162912368774414,9.632170677185059,10.080973625183105,8.63288402557373,5.744821071624756,1.7312321662902832,-2.2239315509796143,-2.453399181365967,0.16927479207515717,3.495481491088867,5.852949619293213,5.79247522354126,15.605918884277344,11.010931015014648,6.299980163574219
18.762821197509766,20.712902069091797,21.36301040649414,21.733041763305664,22.002429962158203,20.12396240234375,15.821775436401367,11.505270957946777,8.440608024597168,7.818751811981201,9.242087364196777,10.817614555358887,12.18189525604248,13.815990447998047,15.48013973236084,17.021692276000977,18.484039306640625,19.29453468322754,18.525772094726562,16.52468490600586,15.275895118713379,15.731715202331543,16.93117904663086,17.498472213745117,17.199260711669922,16.6225528717041,15.430543899536133,13.182560920715332,11.060382843017578,10.294569969177246,10.472392082214355,9.543790817260742,6.901179313659668,4.291695594787598,1.5952990055084229,-1.9639636278152466,-3.053473472595215,-0.5719085335731506,2.973755121231079,5.775311470031738,7.506254196166992,13.928323745727539,9.50916862487793,4.977060794830322
17.89578628540039,20.1762638092041,21.401281356811523,22.77528190612793,23.393404006958008,20.91373634338379,16.24770736694336,12.239012718200684,10.308479309082031,10.147112846374512,10.510274887084961,10.920228004455566,12.40881633758545,14.553749084472656,16.059988021850586,16.757400512695312,17.247207641601562,17.097280502319336,15.612592697143555,14.044913291931152,14.11649227142334,15.67247200012207,17.23484992980957,17.502830505371094,16.664892196655273,16.243566513061523,15.799262046813965,13.9366455078125,11.657940864562988,10.565244674682617,10.376922607421875,9.172715187072754,6.0634684562683105,2.925238847732544,0.9769577980041504,-1.3317712545394897,-3.2876439094543457,-1.3116388320922852,2.6179041862487793,5.914000511169434,6.6086745262146,13.437424659729004,12.02092170715332,9.812421798706055
18.081212997436523,20.887168884277344,22.095972061157227,23.199928283691406,23.413068771362305,20.877111434936523,16.56425666809082,13.5195894241333,12.293331146240234,11.40857219696045,10.444984436035156,11.227987289428711,13.766924858093262,16.329479217529297,17.38214874267578,17.087724685668945,16.25705909729004,14.883950233459473,13.03063678741455,12.200559616088867,13.424378395080566,15.641876220703125,17.086286544799805,16.86134910583496,16.059772491455078,16.391162872314453,16.66114044189453,14.861530303955078,11.890401840209961,9.726673126220703,8.882962226867676,8.527373313903809,6.355366230010986,2.239511013031006,-0.6805542707443237,-1.5811314582824707,-3.457092523574829,-2.7307188510894775,1.4946476221084595,5.034389019012451,3.4830820560455322,14.465700149536133,11.036687850952148,4.00275182723999
18.327125549316406,21.376388549804688,22.426652908325195,22.60567283630371,22.590059280395508,20.80750274658203,16.939668655395508,13.772523880004883,12.293652534484863,10.780166625976562,9.968337059020996,11.582388877868652,14.776461601257324,17.52338409423828,17.987773895263672,16.8021297454834,15.29690933227539,13.411951065063477,11.624661445617676,11.52505111694336,13.228489875793457,15.505805015563965,16.93135643005371,17.074907302856445,17.048643112182617,17.230819702148438,16.468700408935547,14.105835914611816,11.17263126373291,8.915121078491211,7.593023777008057,7.247583866119385,6.268035888671875,3.046894073486328,-0.9333564043045044,-2.723942279815674,-2.6422417163848877,-2.763570785522461,-0.6876323223114014,3.731675386428833,5.184825420379639,11.148035049438477,10.239485740661621,-1.1788277626037598
