data/wind_data/wind_36_4.json
{"header": {"parameterUnit": "KT", "parameterCategory": 2, "nx": 256, "ny": 198, "lo1": 44.73521041870117, "la1": -3.236724853515625, "lo2": 111.26478576660156, "la2": 43.468475341796875, "dx": 0.2609002888202667, "dy": -0.23708222806453705, "refTime": "2025-02-20 12:00:00", "forecastTime": 0, "parameterNumber": 2, "parameterNumberName": "eastward_wind"}, "data":
[rows 114 to 132 of 198, columns 44 to 87 of 256]
50.08480453491211,43.933555603027344,34.213260650634766,32.86600875854492,36.49468231201172,39.287933349609375,39.08595657348633,37.18001937866211,36.46787643432617,36.388832092285156,34.98464584350586,32.09638214111328,29.760860443115234,28.76621437072754,29.55253028869629,31.72184181213379,33.78782272338867,35.36267852783203,36.851158142089844,38.33563232421875,39.66533660888672,40.69930648803711,41.23005294799805,41.046207427978516,39.33280944824219,36.619693756103516,35.17277145385742,35.92008972167969,37.60194778442383,39.09983444213867,40.14407730102539,40.854888916015625,41.251312255859375,41.59800720214844,42.08591842651367,42.064579010009766,41.09044647216797,39.681365966796875,38.61237716674805,38.24607467651367,37.282989501953125,35.88580322265625,34.92539978027344,34.246246337890625
34.715572357177734,30.682851791381836,26.466270446777344,27.22803497314453,28.805259704589844,29.28400421142578,29.284488677978516,28.931684494018555,28.197267532348633,27.9744930267334,28.3391170501709,28.700803756713867,29.541902542114258,31.123367309570312,32.69919204711914,33.92523956298828,35.18548583984375,36.68330001831055,38.31484603881836,40.122318267822266,41.75492477416992,42.945533752441406,43.45221710205078,42.57387161254883,39.93836212158203,37.73786544799805,37.917118072509766,38.96249771118164,39.327205657958984,39.704769134521484,40.41816329956055,40.90374755859375,41.052330017089844,41.13801956176758,41.35535430908203,40.954368591308594,39.80953598022461,38.52492141723633,36.96805191040039,36.255104064941406,35.30190658569336,34.314544677734375,34.279544830322266,33.032310485839844
31.517446517944336,24.331829071044922,23.11155891418457,24.771196365356445,25.358753204345703,27.42683219909668,30.619478225708008,32.00578308105469,31.949846267700195,31.056142807006836,30.36265754699707,30.379066467285156,30.914180755615234,32.05339813232422,33.13229751586914,34.12175369262695,35.75813293457031,37.79311752319336,39.81416702270508,42.25688934326172,44.848331451416016,46.24381637573242,45.610595703125,44.20968246459961,45.319915771484375,46.2168083190918,42.070770263671875,36.86671447753906,36.244415283203125,38.55241394042969,40.39871597290039,40.83639907836914,40.714942932128906,40.7966423034668,40.802574157714844,39.93341064453125,38.76307678222656,37.458187103271484,36.03505325317383,35.27214050292969,33.532432556152344,33.063411712646484,33.98295211791992,32.75556945800781
33.35606384277344,27.855466842651367,25.869888305664062,26.051006317138672,27.367483139038086,32.059059143066406,37.55571746826172,39.59736633300781,38.37416076660156,35.9465217590332,33.821720123291016,32.81571960449219,32.56135940551758,32.946800231933594,33.9864387512207,35.719398498535156,37.8976936340332,39.590938568115234,41.282718658447266,44.0895881652832,47.0194091796875,49.007205963134766,49.93974685668945,48.760040283203125,48.917789459228516,45.22211456298828,36.926456451416016,33.187896728515625,34.96806716918945,37.95524978637695,39.80819320678711,40.65659713745117,40.610755920410156,40.265480041503906,39.69977569580078,38.292884826660156,37.03355407714844,35.85432815551758,34.65541076660156,34.26176834106445,32.71278381347656,33.338993072509766,34.322479248046875,31.27428436279297
33.74628829956055,31.125465393066406,29.827268600463867,29.454586029052734,30.829641342163086,36.14573287963867,42.97147750854492,46.18412399291992,44.93121337890625,41.88882064819336,38.59679412841797,36.47993469238281,35.221290588378906,34.80131530761719,35.66209030151367,37.87228012084961,40.13881301879883,41.41575622558594,42.737548828125,44.5279655456543,46.69221496582031,49.75310134887695,52.514671325683594,52.08324432373047,45.421234130859375,37.51771545410156,35.21344757080078,34.57451248168945,35.70122146606445,38.115394592285156,40.03105545043945,40.85258865356445,40.525211334228516,39.713741302490234,38.73204803466797,37.29839324951172,36.01913833618164,34.895790100097656,34.15911102294922,33.635643005371094,32.676353454589844,33.65152359008789,33.7961311340332,29.55320167541504
32.992156982421875,32.416866302490234,32.08000183105469,31.96885871887207,32.799503326416016,36.8969612121582,43.90534210205078,47.00086212158203,44.39799499511719,41.30210876464844,39.99763870239258,38.984500885009766,37.66814041137695,37.12348175048828,37.910125732421875,39.58277893066406,41.21087646484375,42.22148132324219,42.977622985839844,44.444149017333984,46.48564910888672,48.768714904785156,52.369564056396484,50.76008605957031,44.2921257019043,40.58746337890625,37.266571044921875,34.99663543701172,36.341915130615234,38.77619552612305,40.501583099365234,40.99324035644531,40.44247055053711,39.51816940307617,38.597347259521484,37.2018928527832,35.52613067626953,34.12248229980469,33.563270568847656,33.61328125,32.44989013671875,33.51860046386719,33.2531852722168,28.284053802490234
34.86408615112305,34.831233978271484,34.525413513183594,34.53947067260742,34.76698303222656,37.14772033691406,39.64225769042969,40.938533782958984,43.20784378051758,44.569881439208984,42.47767639160156,39.355831146240234,37.814849853515625,37.89348220825195,39.12016296386719,40.71866226196289,41.871456146240234,42.366119384765625,43.4350471496582,45.2088737487793,44.68054962158203,47.422584533691406,48.624454498291016,47.26112365722656,47.10861587524414,43.34722900390625,37.40038299560547,35.5577278137207,37.390785217285156,39.78713607788086,41.02941131591797,40.98202133178711,40.262413024902344,39.34873962402344,38.30366134643555,36.902137756347656,35.24669647216797,33.72450256347656,33.1252326965332,33.358795166015625,31.70868682861328,32.16376495361328,32.0694580078125,27.095067977905273
39.36631393432617,38.58269500732422,37.663944244384766,38.19502639770508,38.56232452392578,39.140533447265625,39.60449981689453,40.602630615234375,43.428977966308594,45.205074310302734,42.56919479370117,39.110294342041016,37.897377014160156,38.404747009277344,39.57271957397461,41.02705383300781,42.07847595214844,42.409854888916016,44.45246887207031,45.468658447265625,46.42163848876953,48.677818298339844,47.33989334106445,50.24483108520508,52.87691116333008,46.3126220703125,39.23214340209961,38.145713806152344,39.79945373535156,40.814422607421875,40.703121185302734,40.17900466918945,39.650997161865234,38.96418762207031,37.96791458129883,36.59483337402344,35.13414001464844,33.70402145385742,32.43069076538086,32.48389434814453,30.316299438476562,30.585838317871094,31.087848663330078,25.967187881469727
45.61481857299805,44.796451568603516,43.63452911376953,43.259517669677734,42.87097930908203,43.340049743652344,43.452064514160156,42.19477844238281,42.951904296875,43.51451873779297,41.879852294921875,39.7331657409668,38.78388595581055,39.22788619995117,40.514991760253906,41.926902770996094,42.832305908203125,43.015106201171875,43.89863586425781,47.00199508666992,51.23532485961914,44.5147705078125,44.21147537231445,52.054500579833984,54.54811096191406,45.67371368408203,40.064266204833984,39.79750442504883,40.36405563354492,39.92655563354492,38.90633010864258,38.10142135620117,37.60380935668945,37.27268981933594,37.0150032043457,36.246952056884766,34.730133056640625,32.84333038330078,31.0508975982666,31.304248809814453,28.32098388671875,29.28818130493164,30.890846252441406,25.472684860229492
50.29635238647461,51.03160858154297,49.977142333984375,47.19675827026367,45.35696792602539,45.81278610229492,45.81330871582031,44.21078109741211,43.08010482788086,43.07051086425781,43.63334655761719,43.375572204589844,42.220558166503906,42.44384002685547,43.3502082824707,43.410133361816406,44.11138153076172,44.01068115234375,42.139183044433594,42.89876174926758,46.725669860839844,49.78293228149414,53.034000396728516,57.28523254394531,53.18348693847656,43.80502700805664,40.128631591796875,39.899600982666016,39.37937927246094,37.99589920043945,36.457176208496094,35.30109405517578,34.405033111572266,33.86934280395508,34.038394927978516,34.38373947143555,33.47718048095703,31.86174201965332,30.01590347290039,30.048521041870117,27.115047454833984,28.64917755126953,30.43570327758789,25.179828643798828
50.5590934753418,51.72370910644531,51.591514587402344,50.299720764160156,48.71394729614258,47.716922760009766,47.351539611816406,46.59741973876953,46.04839324951172,46.907920837402344,48.23974609375,47.51749038696289,45.43320083618164,44.537986755371094,44.439876556396484,44.58585739135742,43.857181549072266,43.237205505371094,45.91594314575195,45.91494369506836,47.04830551147461,50.251007080078125,55.16167068481445,58.18195343017578,48.87660217285156,39.31734085083008,37.256309509277344,38.105525970458984,37.551456451416016,35.813899993896484,34.316162109375,33.42828369140625,32.52192687988281,31.40341567993164,30.813852310180664,30.95722198486328,31.05807113647461,30.786216735839844,29.614931106567383,28.769142150878906,27.62236976623535,29.522377014160156,30.15077018737793,23.747697830200195
49.36177062988281,50.013511657714844,50.69566345214844,50.754539489746094,50.686973571777344,49.92305374145508,48.6574821472168,48.48202896118164,49.8040657043457,51.453365325927734,50.62314224243164,47.63812255859375,45.83794403076172,45.46840286254883,45.23873519897461,44.668174743652344,43.301063537597656,43.7313346862793,46.77537155151367,48.330718994140625,48.816524505615234,52.33210372924805,54.71575164794922,49.40018081665039,40.63200759887695,35.282318115234375,35.911128997802734,36.36433410644531,34.8128662109375,33.29993438720703,32.96449661254883,33.13277053833008,32.519168853759766,30.84660530090332,28.94805335998535,28.09636116027832,28.45186424255371,29.28484535217285,29.174558639526367,28.068044662475586,29.6119327545166,31.01618194580078,29.407203674316406,22.226619720458984
49.285945892333984,49.213470458984375,50.32048797607422,51.396968841552734,50.81890106201172,50.65825653076172,49.576900482177734,50.4846076965332,51.948482513427734,51.41146469116211,48.72956848144531,46.63968276977539,46.37544250488281,45.7539176940918,45.38399124145508,45.07707977294922,44.1126594543457,45.042808532714844,47.999664306640625,48.50349044799805,52.510555267333984,51.48918914794922,42.6050910949707,33.624290466308594,29.952014923095703,30.876007080078125,32.640933990478516,33.0574836730957,32.11592102050781,31.442859649658203,32.258811950683594,33.45048522949219,33.239402770996094,31.95073127746582,29.464523315429688,27.16654396057129,26.738107681274414,27.971628189086914,28.859237670898438,29.015775680541992,30.587215423583984,31.933324813842773,29.26887321472168,22.392295837402344
50.728492736816406,50.256282806396484,50.02607345581055,49.507293701171875,51.662567138671875,51.435184478759766,51.365447998046875,52.4005012512207,51.499412536621094,48.57789993286133,46.82692337036133,47.822818756103516,46.86956787109375,46.27011489868164,46.94667053222656,45.76890182495117,44.750457763671875,45.3743782043457,47.52481460571289,52.57320785522461,54.0819206237793,46.483829498291016,36.546470642089844,30.85856819152832,29.137775421142578,29.848676681518555,30.85078239440918,30.91444969177246,30.42496681213379,30.540876388549805,31.39591407775879,32.194522857666016,31.960908889770508,31.092090606689453,29.58114242553711,27.420974731445312,26.436933517456055,27.390050888061523,28.7853946685791,30.245229721069336,31.545246124267578,32.43062973022461,29.71481704711914,23.240549087524414
50.06611251831055,50.433204650878906,47.95054244995117,47.812129974365234,51.238677978515625,53.153202056884766,53.299617767333984,52.882816314697266,50.103965759277344,46.86220169067383,47.727535247802734,47.415245056152344,44.390316009521484,43.22464370727539,43.43317413330078,44.03999328613281,44.4312858581543,43.96937942504883,51.56644058227539,54.334659576416016,49.18010330200195,41.928165435791016,36.803466796875,34.54322052001953,34.010894775390625,33.14787292480469,31.482894897460938,30.430156707763672,30.845273971557617,31.60158920288086,31.64362907409668,30.72855567932129,29.20635414123535,27.785444259643555,26.97378921508789,26.72393798828125,27.051895141601562,28.097871780395508,29.544940948486328,31.34490203857422,32.86901092529297,33.1964111328125,29.844072341918945,25.438249588012695
48.86621856689453,50.60029983520508,50.955352783203125,51.498050689697266,54.364013671875,53.60597229003906,51.189395904541016,51.303070068359375,50.419979095458984,52.415802001953125,53.00250244140625,48.85858154296875,44.63426971435547,42.63565444946289,40.845191955566406,42.12472152709961,43.44015884399414,43.929039001464844,49.75440216064453,52.89179992675781,49.550086975097656,42.96213150024414,38.76051330566406,36.945274353027344,36.120357513427734,35.07632827758789,33.16136932373047,31.901840209960938,32.70282745361328,33.6862678527832,33.57453918457031,30.893774032592773,27.69820213317871,25.846349716186523,25.376827239990234,25.932287216186523,26.871280670166016,28.084638595581055,29.708110809326172,32.09273147583008,33.68857955932617,33.901939392089844,29.072118759155273,27.560068130493164
51.42106628417969,52.1185302734375,53.42728042602539,53.84828567504883,53.785682678222656,49.000732421875,49.5056037902832,53.22703170776367,54.71105194091797,55.92790222167969,55.28743362426758,52.69367980957031,48.54222869873047,44.13896942138672,41.04156494140625,40.827152252197266,40.98436737060547,44.74204635620117,48.44070053100586,50.24560546875,45.66064453125,38.6089973449707,34.51519012451172,32.233680725097656,30.736385345458984,30.16512680053711,30.28080177307129,31.807579040527344,33.90781021118164,34.453773498535156,34.11664581298828,31.648590087890625,27.56892204284668,25.639148712158203,25.32607650756836,25.62735366821289,25.82831382751465,26.458826065063477,28.533761978149414,31.87546157836914,33.93500900268555,34.94023513793945,30.908939361572266,26.145586013793945
55.21881866455078,54.26433181762695,50.91398239135742,47.34416961669922,48.47711181640625,46.23953628540039,47.82915496826172,54.683143615722656,55.790279388427734,54.9066047668457,54.223960876464844,53.06244659423828,47.7363166809082,42.34379959106445,40.21976089477539,37.49245071411133,35.700347900390625,40.498558044433594,45.21865463256836,43.31999206542969,36.70581817626953,31.76996612548828,28.27141571044922,25.713302612304688,24.012088775634766,24.360015869140625,27.175926208496094,30.920106887817383,32.89136505126953,32.1910400390625,30.735721588134766,29.39789581298828,27.515405654907227,25.86382293701172,24.892562866210938,24.53166389465332,24.293684005737305,24.936363220214844,27.705625534057617,31.374988555908203,34.084495544433594,34.277626037597656,30.891735076904297,26.16436195373535
54.43748092651367,47.38605880737305,44.695831298828125,45.46903610229492,48.979103088378906,47.4655876159668,47.29365539550781,50.36513137817383,48.981685638427734,47.80266189575195,46.81416702270508,44.89238357543945,41.340415954589844,38.86282730102539,37.65976333618164,34.28242111206055,32.739601135253906,36.56632995605469,37.16155242919922,32.91292953491211,29.454378128051758,26.516536712646484,23.449127197265625,21.955671310424805,22.637069702148438,25.214548110961914,28.805543899536133,31.437929153442383,31.643526077270508,30.406646728515625,28.98849105834961,27.412694931030273,26.01509666442871,24.966503143310547,23.89767074584961,23.1882266998291,23.27993392944336,24.559316635131836,27.691560745239258,31.20852279663086,33.703514099121094,34.67593002319336,31.849796295166016,27.901445388793945
