data/wind_data/wind_14_7.json
{"header": {"parameterUnit": "KT", "parameterCategory": 2, "nx": 256, "ny": 198, "lo1": 44.73521041870117, "la1": -3.236724853515625, "lo2": 111.26478576660156, "la2": 43.468475341796875, "dx": 0.2609002888202667, "dy": -0.23708222806453705, "refTime": "2025-02-19 14:00:00", "forecastTime": 0, "parameterNumber": 2, "parameterNumberName": "eastward_wind"}, "data":
[rows 120 to 139 of 198, columns 176 to 219 of 256]
84.61077117919922,84.95731353759766,85.35765838623047,85.47856140136719,85.79969787597656,86.29292297363281,86.20993041992188,85.51885223388672,85.03572082519531,85.23131561279297,85.84661102294922,86.26416015625,86.00676727294922,85.59502410888672,85.54315185546875,85.26024627685547,83.9051513671875,81.67635345458984,80.01512908935547,80.11930084228516,81.2580795288086,82.14280700683594,82.26631927490234,81.46014404296875,80.43828582763672,80.56224060058594,81.61136627197266,82.46726989746094,82.89923095703125,82.73329162597656,81.72150421142578,81.11175537109375,81.4620590209961,80.69729614257812,78.46485900878906,76.29551696777344,75.66527557373047,77.34563446044922,77.92646026611328,76.52188110351562,77.05907440185547,79.09337615966797,80.38105010986328,80.94991302490234
85.55232238769531,85.48918914794922,85.6850814819336,86.02482604980469,86.48480224609375,86.97315979003906,87.31046295166016,87.27751159667969,87.09019470214844,87.04275512695312,87.2977294921875,87.42308807373047,86.74766540527344,85.95466613769531,85.73562622070312,85.60089874267578,84.7527847290039,83.12140655517578,81.65555572509766,81.30952453613281,81.92261505126953,82.77432250976562,83.42760467529297,83.48558044433594,83.16282653808594,82.93238830566406,83.31765747070312,84.1927261352539,84.8739013671875,84.8067398071289,83.95361328125,82.95026397705078,82.3003158569336,81.81405639648438,80.4777603149414,77.82545471191406,76.46730041503906,78.63385009765625,80.03592681884766,78.68873596191406,78.27818298339844,79.47978210449219,80.83338928222656,81.74295806884766
86.03839111328125,85.80799102783203,86.10108947753906,87.03684997558594,87.89773559570312,87.9288330078125,87.99790954589844,88.97804260253906,89.38037872314453,88.40827941894531,87.69708251953125,87.826416015625,87.36702728271484,86.56892395019531,86.47713470458984,86.49978637695312,85.72232055664062,84.32311248779297,83.03173065185547,82.40807342529297,82.57296752929688,83.20446014404297,83.93917083740234,84.42388153076172,84.57048034667969,84.64665985107422,85.13349151611328,85.91651153564453,86.34778594970703,86.1961669921875,85.73838806152344,84.80773162841797,83.55952453613281,83.19912719726562,82.57527160644531,80.04024505615234,78.89054107666016,81.12718200683594,82.2740707397461,80.83257293701172,79.5918960571289,79.5972671508789,80.84555053710938,82.6155014038086
86.0023422241211,85.89871978759766,86.01909637451172,87.11083221435547,88.61000061035156,88.75051879882812,88.82099914550781,90.10893249511719,91.05072784423828,90.31251525878906,89.05193328857422,88.2560806274414,87.45650482177734,86.88935852050781,87.170654296875,87.53356170654297,87.1402587890625,86.03778839111328,84.71788024902344,83.70045471191406,83.42884063720703,83.91549682617188,84.70296478271484,85.23332214355469,85.44351959228516,85.61540985107422,85.9909439086914,86.60951232910156,87.1500473022461,87.35347747802734,87.17853546142578,86.19536590576172,85.12187957763672,85.12298583984375,84.58639526367188,82.53936004638672,81.90985870361328,83.35356140136719,83.77182006835938,82.857421875,81.82308197021484,80.95213317871094,81.65438079833984,84.05223846435547
86.13218688964844,86.428466796875,86.26252746582031,86.43782806396484,87.05994415283203,87.4959487915039,88.89557647705078,91.17633819580078,91.77412414550781,91.13887023925781,90.67152404785156,89.88508605957031,88.5079345703125,87.4986343383789,87.58214569091797,88.21817779541016,88.20259094238281,87.37222290039062,86.33334350585938,85.3976058959961,84.83795928955078,85.10345458984375,85.97978973388672,86.53221130371094,86.57881927490234,86.48043823242188,86.23362731933594,86.29586791992188,87.12283325195312,88.2916488647461,88.6189193725586,87.72689056396484,87.00822448730469,86.88572692871094,85.73529052734375,84.0758285522461,84.1928482055664,85.3927001953125,85.40805053710938,85.00498962402344,84.47518920898438,83.18025970458984,83.50231170654297,85.97006225585938
86.37079620361328,86.81778717041016,86.68224334716797,86.51641082763672,86.06885528564453,86.63536071777344,89.23089599609375,91.19520568847656,91.74270629882812,92.08831787109375,92.31383514404297,91.49842834472656,90.04547882080078,88.87967681884766,88.51123046875,88.58353424072266,88.34187316894531,87.8516845703125,87.4586410522461,87.044921875,86.421142578125,86.10639953613281,86.59973907470703,87.13724517822266,87.14632415771484,86.91709899902344,86.64010620117188,86.64783477783203,87.59436798095703,89.37374114990234,89.92738342285156,89.01750946044922,88.2015151977539,87.73990631103516,86.7460708618164,85.51718139648438,85.55545043945312,86.73395538330078,87.19908905029297,87.13177490234375,86.75192260742188,85.37464141845703,85.48519897460938,87.93157196044922
86.8048095703125,86.68587493896484,87.21125793457031,87.6600112915039,87.61650085449219,87.53250122070312,88.99421691894531,91.51966094970703,93.30851745605469,93.87677764892578,93.64495086669922,92.5266342163086,90.97860717773438,89.85051727294922,89.33868408203125,88.98025512695312,88.34456634521484,87.6884765625,87.63128662109375,87.86502838134766,87.48653411865234,86.64393615722656,86.24826049804688,86.30486297607422,86.25585174560547,86.10215759277344,86.21321105957031,86.95626831054688,88.70506286621094,90.28133392333984,90.32842254638672,89.47515106201172,88.95104217529297,88.91358947753906,88.51795959472656,87.06189727783203,85.7964096069336,86.31415557861328,87.37378692626953,87.89183807373047,87.98141479492188,87.13469696044922,87.27827453613281,89.22122192382812
86.7788314819336,86.21192932128906,87.1824722290039,88.05565643310547,88.12995147705078,88.4165267944336,89.78837585449219,91.75910186767578,93.29047393798828,94.02986907958984,94.18927001953125,93.44214630126953,91.96965789794922,90.63221740722656,89.86618041992188,89.93243408203125,89.80884552001953,88.85166931152344,88.32171630859375,88.154296875,87.44945526123047,86.67705535888672,86.18328857421875,85.66236114501953,85.31865692138672,85.38253784179688,85.6337661743164,86.71588134765625,88.67877197265625,89.77727508544922,89.69359588623047,89.78534698486328,90.42708587646484,90.70458221435547,90.08760070800781,88.18177795410156,86.04827117919922,85.71920776367188,86.66606903076172,87.62030792236328,88.27437591552734,88.28054809570312,88.4840087890625,89.3015365600586
86.615234375,85.8993148803711,86.65043640136719,87.98878479003906,88.74581146240234,88.98876953125,90.18598175048828,92.0572280883789,93.38329315185547,94.07426452636719,94.169921875,93.3676986694336,92.3094482421875,91.85916137695312,91.5090560913086,91.54830932617188,91.45330047607422,90.06929779052734,89.03587341308594,88.9124984741211,88.28387451171875,87.51068115234375,87.11736297607422,86.43623352050781,85.96649932861328,86.22639465332031,86.24726104736328,86.46590423583984,87.9795150756836,89.71749877929688,90.52449035644531,91.06034851074219,91.53579711914062,91.35374450683594,90.60750579833984,88.97225189208984,86.93880462646484,86.19562530517578,86.84213256835938,87.77567291259766,88.5522232055664,88.99340057373047,88.77734375,89.49205780029297
88.7597427368164,87.60477447509766,87.35581970214844,88.4033432006836,89.51870727539062,89.5282974243164,89.43997955322266,90.8970718383789,93.01114654541016,93.96805572509766,93.61036682128906,92.4277572631836,91.51484680175781,91.91168212890625,92.57585144042969,92.52669525146484,91.88035583496094,90.59295654296875,89.3597412109375,88.78823852539062,88.66554260253906,88.74070739746094,88.27632141113281,87.36898803710938,87.7055435180664,88.16114044189453,87.33126831054688,86.93041229248047,87.89405059814453,90.07201385498047,92.54395294189453,93.45138549804688,92.81507110595703,91.58026123046875,90.53785705566406,89.576171875,88.21792602539062,87.5340347290039,88.13800048828125,89.12995910644531,89.78455352783203,89.31394958496094,88.76165008544922,92.18589782714844
90.24974822998047,89.87102508544922,89.78593444824219,89.64701080322266,89.20054626464844,88.92717742919922,89.20093536376953,90.41032409667969,92.60234069824219,94.07978820800781,93.55648040771484,91.6143569946289,89.8538818359375,90.15889739990234,92.2863540649414,93.47884368896484,92.96531677246094,91.7659683227539,90.5494384765625,89.37203216552734,88.79183959960938,88.9437026977539,88.71117401123047,88.40049743652344,88.94184112548828,89.27413177490234,89.10883331298828,88.97088623046875,89.46448516845703,91.43290710449219,93.87663269042969,94.6943359375,94.04829406738281,92.9283218383789,92.01551818847656,91.14805603027344,90.02490997314453,89.4768295288086,90.05482482910156,91.06549072265625,91.43375396728516,89.97360229492188,89.77392578125,94.74541473388672
91.38548278808594,91.21517181396484,90.62422943115234,89.39167022705078,88.34112548828125,88.51095581054688,89.72604370117188,91.02850341796875,92.35848236083984,94.00019836425781,94.69535064697266,92.9290542602539,90.25321960449219,89.71269989013672,91.62428283691406,93.46037292480469,93.82388305664062,92.96405792236328,91.54116821289062,90.0830307006836,89.21186065673828,88.92074584960938,88.89732360839844,89.57038879394531,90.01617431640625,89.44181823730469,89.12052154541016,89.4682846069336,90.47679138183594,92.54520416259766,94.84354400634766,95.82518768310547,95.32425689697266,94.30143737792969,93.5463638305664,92.87622833251953,92.11561584472656,91.9595718383789,92.63572692871094,93.49839782714844,93.30718231201172,91.08114624023438,90.93083190917969,95.681640625
90.38578796386719,90.47256469726562,90.56707000732422,89.32091522216797,88.60242462158203,89.23695373535156,90.18246459960938,90.92994689941406,91.89035034179688,93.3792724609375,94.3893814086914,93.31015014648438,91.36961364746094,91.08859252929688,92.76786041259766,94.21642303466797,94.00839233398438,92.91282653808594,91.89678955078125,91.1628189086914,90.78390502929688,90.3703384399414,90.12866973876953,90.64632415771484,90.54744720458984,89.28711700439453,88.40723419189453,88.5608139038086,89.79251098632812,92.28694152832031,95.181884765625,96.7530746459961,96.36390686035156,95.07770538330078,94.02899932861328,93.49522399902344,93.41096496582031,94.18701934814453,95.64607238769531,96.27668762207031,94.60517883300781,91.46874237060547,91.8222427368164,96.08451843261719
88.57237243652344,89.1434326171875,90.19984436035156,89.78456115722656,89.40398406982422,89.9175033569336,90.25305938720703,90.2779312133789,90.84269714355469,92.17792510986328,93.5154037475586,93.7845230102539,93.02664947509766,92.59661102294922,93.29481506347656,94.1103286743164,93.85661315917969,92.70337677001953,91.6908950805664,91.43441009521484,91.98570251464844,92.30520629882812,91.87496948242188,91.33076477050781,90.62725830078125,89.75003051757812,89.1080093383789,88.78826141357422,89.29502868652344,91.24301147460938,94.38066864013672,96.7479476928711,96.88219451904297,95.75994110107422,94.57807159423828,93.86322784423828,94.11235809326172,95.57686614990234,97.46106719970703,97.87625122070312,95.52781677246094,92.4684066772461,93.1065902709961,96.2647476196289
87.80870819091797,88.54624938964844,89.99180603027344,90.59796905517578,90.10089111328125,89.55313110351562,89.52194213867188,89.66046142578125,90.15509796142578,90.91865539550781,91.54589080810547,92.21422576904297,92.93051147460938,93.42292022705078,93.7092056274414,93.67919158935547,92.98197174072266,91.7636947631836,90.87742614746094,91.04300689697266,91.91329956054688,92.66844940185547,92.19490814208984,91.18074035644531,90.99297332763672,91.21543884277344,90.86103820800781,90.08838653564453,89.74514770507812,90.58314514160156,92.9879150390625,95.45594787597656,96.37013244628906,95.94233703613281,94.89064025878906,93.93833923339844,94.02240753173828,95.49304962158203,97.45552062988281,98.22540283203125,96.66439056396484,94.36746978759766,94.46910858154297,96.30216217041016
89.03804779052734,88.936279296875,89.6981201171875,90.341552734375,89.65911865234375,88.3064193725586,88.0740737915039,88.79981994628906,89.60527038574219,90.4861831665039,90.86869049072266,90.85526275634766,91.3485336303711,92.39892578125,93.33245086669922,93.50845336914062,92.50128173828125,91.04180908203125,90.55597686767578,91.1458740234375,91.87882232666016,92.21190643310547,91.15654754638672,89.7147216796875,90.4185791015625,92.10590362548828,92.06038665771484,90.84542846679688,90.13542175292969,90.52131652832031,92.16939544677734,94.15553283691406,95.18878173828125,95.05213928222656,94.12706756591797,93.19881439208984,93.27157592773438,94.42271423339844,96.05317687988281,97.40568542480469,97.30391693115234,96.24806213378906,96.00709533691406,96.58711242675781
90.05033874511719,89.0600814819336,88.27007293701172,88.19444274902344,88.40306091308594,88.17215728759766,87.96896362304688,88.43892669677734,89.1968765258789,90.05243682861328,90.72552490234375,90.63278198242188,90.29801940917969,90.67713165283203,91.5601577758789,92.11254119873047,91.94417572021484,91.59736633300781,91.52489471435547,91.32545471191406,90.95722961425781,90.66313934326172,89.52387237548828,88.13688659667969,89.03789520263672,91.23106384277344,91.21975708007812,89.49897766113281,88.69978332519531,89.34203338623047,91.02853393554688,93.06385040283203,94.27437591552734,94.04638671875,92.72575378417969,91.60358428955078,91.98202514648438,93.45183563232422,95.19219207763672,96.48815155029297,96.75120544433594,96.5344009399414,96.65765380859375,96.9417953491211
89.1250991821289,87.97403717041016,86.98900604248047,86.58965301513672,87.07672882080078,87.81817626953125,87.85364532470703,87.54595184326172,87.72399139404297,88.57776641845703,89.75225830078125,90.44319915771484,90.50830078125,90.49830627441406,90.4692611694336,90.33769989013672,90.35130310058594,90.91490936279297,91.62627410888672,91.5147705078125,90.56380462646484,89.51802825927734,88.02590942382812,86.7231674194336,87.5605239868164,89.59732055664062,89.84336853027344,88.19934844970703,86.91280364990234,87.13812255859375,88.72723388671875,90.73689270019531,92.24442291259766,92.55421447753906,91.3346939086914,90.06815338134766,90.37303924560547,92.1722183227539,94.40213012695312,95.7953109741211,95.80146026611328,95.4390869140625,95.5937728881836,96.12489318847656
87.30513763427734,86.88130187988281,86.7016372680664,86.09515380859375,86.0543212890625,87.05390930175781,87.87358856201172,87.6298828125,86.84069061279297,86.72064208984375,87.62677764892578,88.70661163330078,89.81613159179688,90.92803192138672,90.58840942382812,89.03167724609375,88.36219787597656,89.38567352294922,90.57523345947266,90.8026123046875,90.02037811279297,88.70332336425781,87.25639343261719,86.46987915039062,87.0928955078125,88.3992919921875,88.69319152832031,87.55315399169922,85.88844299316406,85.23645782470703,86.1115493774414,87.54454803466797,88.78514862060547,89.4494857788086,89.24110412597656,89.30525207519531,90.12471008300781,91.37422180175781,93.00530242919922,94.5188217163086,94.75067138671875,94.11307525634766,93.99394989013672,95.1322021484375
86.79643249511719,86.89712524414062,86.26106262207031,84.48045349121094,83.9160385131836,85.69400787353516,88.03141021728516,88.76741790771484,87.68522644042969,86.17273712158203,85.61148071289062,86.3288803100586,88.58582305908203,91.172119140625,91.5650863647461,89.79703521728516,88.46975708007812,88.8326416015625,89.66390228271484,90.19512176513672,89.70426177978516,88.01225280761719,86.50872802734375,86.30985260009766,86.81680297851562,87.22020721435547,87.02490997314453,86.12702941894531,84.79705810546875,84.03997802734375,84.47147369384766,85.21363830566406,85.65605163574219,86.17528533935547,87.18380737304688,89.11334991455078,91.0048599243164,91.81675720214844,92.03263092041016,92.36670684814453,92.63111877441406,92.72462463378906,93.39541625976562,94.96632385253906
