data/wind_data/wind_Surface_30.json
{"header": {"parameterUnit": "KT", "parameterCategory": 2, "nx": 255, "ny": 198, "lo1": 44.73521041870117, "la1": -3.236724853515625, "lo2": 111.26478576660156, "la2": 43.468475341796875, "dx": 0.26192745566368103, "dy": -0.23708222806453705, "refTime": "2025-02-20 06:00:00", "forecastTime": 0, "parameterNumber": 2, "parameterNumberName": "eastward_wind"}, "data":
[rows 171 to 189 of 198, columns 86 to 128 of 255]
-8.155767440795898,-10.46243953704834,-11.270586967468262,-11.680120468139648,-10.20723819732666,-8.645526885986328,-7.476913928985596,-6.195533752441406,-5.767632484436035,-3.5331997871398926,0.5907264947891235,4.962662696838379,6.935534954071045,9.201659202575684,10.123422622680664,11.362622261047363,12.879252433776855,14.188672065734863,13.930381774902344,11.644835472106934,9.263372421264648,7.848217010498047,-0.08068346232175827,-9.183489799499512,-8.282684326171875,-3.959218740463257,-4.141016960144043,-6.7531046867370605,-8.177715301513672,-8.95639705657959,-10.580877304077148,-6.741616249084473,-2.5024170875549316,-2.962897777557373,-5.726679801940918,-5.0060200691223145,-1.7551816701889038,0.2722274959087372,0.79024738073349,-0.4443518817424774,-1.924049973487854,-1.7581448554992676,-0.979915201663971
-5.814590930938721,-5.106591701507568,-6.149511337280273,-9.560385704040527,-10.256275177001953,-8.63426399230957,-7.407018661499023,-5.8055739402771,-3.867910623550415,-1.9237473011016846,1.2113949060440063,4.730369567871094,6.865764141082764,7.331834316253662,7.3328046798706055,8.811629295349121,12.76982307434082,11.991059303283691,9.50001335144043,6.3838958740234375,3.5825464725494385,3.205474615097046,1.1920548677444458,-3.6002278327941895,-5.473612308502197,-3.4157752990722656,-2.5202176570892334,-3.375913619995117,-2.9055914878845215,-3.4029417037963867,-7.639671802520752,-9.241145133972168,-7.790008068084717,-6.490251541137695,-3.2106521129608154,0.629997968673706,1.9441285133361816,1.350742220878601,0.5647196173667908,-1.8523496389389038,-3.5147526264190674,-2.712099313735962,-1.3458805084228516
-4.5842604637146,-3.9452273845672607,-1.6357816457748413,-3.310114622116089,-5.8956146240234375,-5.903905868530273,-5.4158525466918945,-4.615389347076416,-3.09745717048645,-1.181427240371704,2.4255478382110596,5.696409225463867,7.733566761016846,7.460468769073486,7.600856304168701,9.916234970092773,8.310367584228516,5.1301140785217285,5.178345203399658,5.493379592895508,0.9544353485107422,-0.339544415473938,2.1940064430236816,0.680678129196167,-5.210242748260498,-5.180922031402588,-1.9060869216918945,-1.2299002408981323,-2.7571918964385986,-7.249878883361816,-10.485243797302246,-7.879839897155762,-3.9190781116485596,-0.48811694979667664,2.317861795425415,1.843336820602417,0.23827333748340607,-0.9458456039428711,-1.7813031673431396,-3.705340623855591,-4.555302619934082,-3.6594486236572266,-2.2786364555358887
0.3332443833351135,-1.7196003198623657,-0.6759685277938843,-0.11014243960380554,0.49451497197151184,-0.24812979996204376,-2.015507459640503,-1.8938379287719727,-0.8436177968978882,0.47120070457458496,1.8200509548187256,3.7908031940460205,5.718596935272217,7.245504379272461,7.410297393798828,7.510582447052002,10.08657455444336,10.374810218811035,9.5387544631958,6.256472587585449,-1.1341667175292969,-2.1200027465820312,1.4898889064788818,0.04085024446249008,-4.737852096557617,-3.1086041927337646,0.44593679904937744,-2.278625726699829,-6.429485321044922,-8.413604736328125,-6.055749416351318,-2.722982883453369,0.6070915460586548,3.760681629180908,3.6056642532348633,-0.15321297943592072,-2.6508126258850098,-3.497220039367676,-4.2171454429626465,-5.074423313140869,-5.185213088989258,-4.313648700714111,-3.300410509109497
2.153568983078003,0.7089767456054688,0.43650588393211365,1.5740406513214111,3.6639766693115234,2.028188943862915,-2.386547088623047,-1.5427085161209106,0.4023127555847168,1.0851680040359497,0.4818790555000305,0.2950572967529297,4.312129497528076,9.797518730163574,11.708014488220215,9.489823341369629,9.20080280303955,9.096426963806152,6.64314603805542,4.259329795837402,0.9857518672943115,0.14357316493988037,1.3527876138687134,0.42773252725601196,-0.5966052412986755,0.10005547851324081,-0.9628416299819946,-4.2584614753723145,-6.505459785461426,-6.412014961242676,-5.622618675231934,-2.402369260787964,0.245614156126976,0.8243705630302429,0.015185058116912842,-2.3143720626831055,-4.724764823913574,-5.507098197937012,-5.4102888107299805,-5.401599407196045,-5.675887584686279,-5.190225124359131,-4.0527215003967285
0.7000560760498047,1.7916544675827026,2.078834295272827,1.820035696029663,1.7413026094436646,-0.5676727294921875,-3.3874547481536865,-2.234478235244751,-1.1791051626205444,0.18472355604171753,-0.1307523399591446,-0.5415080785751343,1.2116062641143799,2.7936902046203613,4.089559078216553,4.1174163818359375,2.2148735523223877,-1.005544900894165,-2.4113399982452393,0.6085644364356995,3.922088623046875,5.562619686126709,2.8975982666015625,-0.39695292711257935,2.456281900405884,2.7002878189086914,-1.131402850151062,-3.7553791999816895,-6.620633602142334,-7.45480489730835,-2.920711040496826,-0.9646452069282532,-2.730095863342285,-3.4624216556549072,-2.3947951793670654,-3.0093681812286377,-4.5083184242248535,-4.92075777053833,-4.859648704528809,-4.754215717315674,-4.779377460479736,-5.0832366943359375,-5.150588512420654
0.03420518338680267,0.45673874020576477,-0.6608713865280151,-0.577092170715332,0.3104880750179291,-0.6128537058830261,-1.3326455354690552,-1.0120272636413574,-1.0919550657272339,-0.27428367733955383,-0.3741791248321533,-1.1914660930633545,-1.1268253326416016,0.0898171067237854,0.8293054103851318,-1.329045057296753,-4.153976917266846,-3.6130270957946777,-1.915197730064392,-2.9147133827209473,-4.722761631011963,-3.0390069484710693,0.7837299108505249,2.6402676105499268,1.9703798294067383,-2.2252864837646484,-7.779301166534424,-11.268132209777832,-12.314661979675293,-8.167170524597168,-2.982722043991089,-2.6464414596557617,-3.3812673091888428,-2.5464396476745605,-2.3867366313934326,-1.9227293729782104,-2.4512827396392822,-3.038433313369751,-3.4981555938720703,-4.098236083984375,-4.424440383911133,-4.410271167755127,-5.274849891662598
-2.3648555278778076,-3.051365613937378,-4.122019290924072,-3.5807509422302246,-1.5492571592330933,-1.3563367128372192,-1.6928566694259644,-0.9706241488456726,-0.36281508207321167,-0.17738226056098938,-0.30431920289993286,-0.551072359085083,-0.49985626339912415,0.4585191011428833,1.7360637187957764,0.19611571729183197,-3.060492515563965,-1.3339309692382812,0.2741019129753113,-4.360584735870361,-6.322988510131836,-2.72886323928833,-0.7172296643257141,-1.282248616218567,-7.051843166351318,-13.071314811706543,-13.685613632202148,-14.877241134643555,-13.826822280883789,-9.750011444091797,-5.12769889831543,-3.4670326709747314,-2.518338680267334,0.1934768259525299,-0.31270089745521545,-1.8705233335494995,-1.59579336643219,-0.7986744046211243,-1.7709858417510986,-3.136807680130005,-2.7276792526245117,-2.3502817153930664,-3.921020984649658
-4.221027374267578,-3.9682741165161133,-2.7187180519104004,-1.206119179725647,-0.05012184754014015,-0.03784355893731117,-0.6288597583770752,-0.6352307200431824,-0.10076624155044556,0.39824119210243225,0.8753965497016907,1.873650312423706,2.801492691040039,2.1951611042022705,1.8553639650344849,2.044060707092285,1.2613872289657593,1.3725603818893433,1.9984577894210815,-0.8058688640594482,-1.708965539932251,0.9152443408966064,1.2709546089172363,-1.9050592184066772,-8.30853271484375,-12.103850364685059,-13.03480339050293,-13.266815185546875,-13.488015174865723,-10.121427536010742,-5.327212810516357,-4.1363935470581055,-2.9404244422912598,-0.746552050113678,1.1829856634140015,1.2226344347000122,-0.605383038520813,-1.6339671611785889,-1.3972584009170532,-0.3821798264980316,0.2810627222061157,0.4224540591239929,-0.9272589683532715
-4.22568416595459,-2.013343095779419,0.4621937870979309,2.3209195137023926,3.1314449310302734,3.336376428604126,3.2988040447235107,2.650629758834839,2.0845205783843994,3.114046573638916,4.7750678062438965,6.455008506774902,7.959311008453369,7.383671283721924,5.748956203460693,5.262719631195068,4.470737934112549,3.338610887527466,3.7416772842407227,4.186017990112305,3.2242820262908936,2.56119441986084,2.937455415725708,3.902780055999756,-0.1508222371339798,-5.83195161819458,-6.589963912963867,-8.313591957092285,-11.008150100708008,-6.650241851806641,-5.267457485198975,-5.403616428375244,-3.52785062789917,-1.521945595741272,1.2166672945022583,3.1047794818878174,2.3341784477233887,0.4620416462421417,-0.201752707362175,1.9674601554870605,4.146159648895264,4.04588508605957,2.402601718902588
-2.6346592903137207,0.47688594460487366,2.5693602561950684,3.496770143508911,3.8517868518829346,3.789382219314575,3.128408432006836,2.2539923191070557,2.066943883895874,5.666079044342041,8.961817741394043,9.707608222961426,9.559820175170898,8.47031307220459,7.652756690979004,7.173875331878662,6.694404602050781,6.500646591186523,6.6891326904296875,6.529616355895996,5.317854404449463,3.940355062484741,3.5589828491210938,3.121619462966919,3.9391791820526123,2.6835927963256836,-2.3856284618377686,-6.044125080108643,-6.887314319610596,-5.922605037689209,-6.455620288848877,-5.525097846984863,-3.5472891330718994,-1.406004786491394,1.4018802642822266,4.134462356567383,4.5369181632995605,2.7624123096466064,1.7369091510772705,3.6771962642669678,6.176368236541748,5.506112575531006,2.7970988750457764
0.08936832845211029,2.5223937034606934,3.1950440406799316,2.69730806350708,2.704657793045044,2.395418405532837,1.3221873044967651,0.44116756319999695,1.4618031978607178,3.70269775390625,3.302990674972534,-0.25932377576828003,-0.811471164226532,1.3755515813827515,2.4018619060516357,2.946068525314331,3.1479811668395996,3.976141929626465,5.4981465339660645,7.147173881530762,7.165165901184082,5.081579208374023,2.625190496444702,2.325849771499634,3.2551088333129883,3.409905195236206,0.3143231272697449,-1.1385794878005981,-2.1622884273529053,-4.8298115730285645,-4.974498271942139,-3.11401629447937,-1.1283304691314697,-1.0474706888198853,-0.9972623586654663,1.3137284517288208,4.573869228363037,5.122349262237549,3.6593844890594482,4.322958946228027,6.013336658477783,4.046942710876465,0.13244378566741943
0.44299569725990295,0.8401323556900024,0.4815659821033478,0.727613627910614,1.5730863809585571,1.8867448568344116,1.0618345737457275,0.5714985728263855,2.0154101848602295,1.861854076385498,2.50551700592041,1.7139089107513428,-2.227047920227051,-2.788412094116211,-2.159372568130493,-2.1850175857543945,-1.6416970491409302,0.008358249440789223,2.1072702407836914,3.681532859802246,3.9158873558044434,3.2932729721069336,1.5284737348556519,-0.14502322673797607,2.016939401626587,1.9622632265090942,-0.010595004074275494,1.8690654039382935,0.8308384418487549,-3.1606366634368896,-3.764746904373169,-1.9683045148849487,1.4477260112762451,3.4805848598480225,1.7759854793548584,0.5191695690155029,2.7628469467163086,2.204869270324707,0.7358419895172119,2.537435293197632,2.6330339908599854,-0.6734142899513245,-3.1744472980499268
-2.0806386470794678,-1.8907594680786133,-1.4046742916107178,-0.6754021644592285,0.2829839885234833,0.7832579016685486,0.8737182021141052,1.3726176023483276,2.755765914916992,3.4281368255615234,3.3631536960601807,2.2315292358398438,-1.1632999181747437,-3.8616743087768555,-4.1325788497924805,-3.666811466217041,-3.996838092803955,-3.5473384857177734,-2.9507315158843994,-3.325623035430908,-2.9426088333129883,-2.32112979888916,-2.116528272628784,-1.4428887367248535,1.759037733078003,4.152949333190918,2.811166524887085,1.2326931953430176,0.18954190611839294,1.0154547691345215,0.4559735059738159,-0.15300755202770233,0.7746516466140747,3.460970401763916,5.0781121253967285,2.8980462551116943,0.4170916676521301,-2.018315315246582,-0.7597276568412781,2.1954729557037354,0.7713800072669983,-3.143472909927368,-5.533300876617432
-2.7841453552246094,-2.3816795349121094,-1.9839824438095093,-1.3167935609817505,-0.1979379653930664,-0.09736420214176178,0.4767930507659912,1.5798218250274658,2.9951412677764893,3.6462042331695557,2.5294606685638428,0.1291481852531433,-2.021252155303955,-2.9246249198913574,-4.064121246337891,-5.0494771003723145,-5.084954738616943,-5.260837554931641,-5.535604476928711,-6.767632484436035,-7.373232841491699,-5.931032180786133,-4.02439546585083,-2.566758871078491,0.41449546813964844,3.80310320854187,2.5971763134002686,-1.8880012035369873,-1.8361241817474365,1.8925060033798218,3.1630001068115234,1.583402156829834,0.8828451633453369,2.221834897994995,2.2421581745147705,-0.16442440450191498,-2.779417037963867,-2.605787754058838,0.17908424139022827,1.6186977624893188,0.9962297081947327,-0.41534027457237244,-2.9381000995635986
-3.0254597663879395,-2.630967855453491,-1.6169425249099731,-1.2737302780151367,-1.5805408954620361,-1.1805012226104736,0.27507469058036804,1.629874587059021,3.402111768722534,3.8005900382995605,2.189129114151001,0.6394463777542114,-1.5557529926300049,-2.5969245433807373,-1.953137755393982,-3.6002588272094727,-6.136933326721191,-5.637205123901367,-3.7621657848358154,-2.8815090656280518,-5.516252040863037,-7.0333356857299805,-5.521540641784668,-5.645026683807373,-3.711822748184204,-0.3726171553134918,-1.6512080430984497,-4.480294227600098,-3.3818650245666504,-0.9209584593772888,-2.5315358638763428,-3.404179811477661,-0.17654836177825928,1.5349304676055908,0.3222940266132355,-1.1372562646865845,-1.907875657081604,-0.5183364748954773,2.0005595684051514,2.3217272758483887,1.7393131256103516,-0.1646907478570938,-1.671425461769104
-2.7109286785125732,-2.1618871688842773,-1.4300901889801025,-1.0681723356246948,-1.5304205417633057,-1.7520614862442017,-0.4868517518043518,0.8988439440727234,3.1737537384033203,4.421647548675537,3.5409088134765625,1.5087116956710815,-1.4052016735076904,-2.434208631515503,0.3985835611820221,0.7973991632461548,-3.314317226409912,-4.572996616363525,-3.1205155849456787,-3.7584750652313232,-4.8919243812561035,-3.9099111557006836,-3.63580584526062,-7.538742542266846,-7.086910247802734,-3.43564772605896,-2.9081382751464844,-4.884896755218506,-4.703318119049072,-3.2937211990356445,-4.566646099090576,-5.531134605407715,-4.940310478210449,-4.739337921142578,-4.478633880615234,-2.8333334922790527,-1.8226937055587769,-1.318432092666626,-0.5895804762840271,-0.5023782849311829,0.3307951092720032,-0.30751049518585205,-0.564498245716095
-3.103523015975952,-2.364870548248291,-1.2065197229385376,-0.7024820446968079,-1.132362723350525,-1.3881410360336304,-0.47118791937828064,1.3977867364883423,2.1678202152252197,1.1414217948913574,-0.8664373159408569,-3.8817496299743652,-4.813157081604004,-2.54058837890625,-0.24294684827327728,-0.6918901801109314,-3.064751625061035,-3.6808485984802246,-2.8651561737060547,-4.988442897796631,-4.081831932067871,0.22082310914993286,0.7839716076850891,-3.4520423412323,-7.92350959777832,-8.026368141174316,-6.166386604309082,-2.776087999343872,-2.1682116985321045,-4.397961616516113,-5.665526866912842,-4.991644859313965,-4.758818626403809,-6.258284091949463,-6.527106761932373,-5.222982406616211,-2.7361700534820557,-1.1954923868179321,-0.652076780796051,-1.6217254400253296,-3.433107852935791,-2.7188796997070312,0.2575996220111847
-3.2190186977386475,-2.6552555561065674,-1.5843833684921265,-0.6925769448280334,-0.46555331349372864,-0.37880080938339233,-0.0107642263174057,1.3676328659057617,0.9256022572517395,-0.9864881634712219,-1.6837066411972046,-4.389763832092285,-4.271052360534668,-0.9772767424583435,0.11845995485782623,-0.7780957221984863,-1.5813144445419312,-2.1672768592834473,-2.482447862625122,-2.0044615268707275,-1.917272686958313,-0.64778071641922,0.6313421726226807,-3.2795352935791016,-8.371681213378906,-7.02503776550293,-5.959282875061035,-4.773538112640381,-4.234135150909424,-6.99249267578125,-8.29002857208252,-5.699934005737305,-4.57666015625,-6.403515338897705,-7.426094055175781,-5.925058364868164,-3.506692409515381,-1.7411311864852905,-0.34927961230278015,1.0124262571334839,0.571625292301178,-1.0214499235153198,0.15996506810188293
