data/wind_data/wind_2_8.json
{"header": {"parameterUnit": "KT", "parameterCategory": 2, "nx": 256, "ny": 198, "lo1": 44.73521041870117, "la1": -3.236724853515625, "lo2": 111.26478576660156, "la2": 43.468475341796875, "dx": 0.2609002888202667, "dy": -0.23708222806453705, "refTime": "2025-02-19 02:00:00", "forecastTime": 0, "parameterNumber": 2, "parameterNumberName": "eastward_wind"}, "data":
[rows 114 to 132 of 198, columns 44 to 87 of 256]
66.23572540283203,66.17662811279297,62.047115325927734,57.39070129394531,55.128936767578125,55.02893829345703,57.113258361816406,61.30303192138672,65.91230010986328,68.84693145751953,68.66612243652344,65.79359436035156,62.66497039794922,60.68240737915039,58.94569778442383,57.2249870300293,56.880958557128906,58.21644973754883,59.24227523803711,56.25799560546875,49.03703308105469,43.05465316772461,42.08186721801758,44.29426956176758,46.783199310302734,48.95771789550781,51.605159759521484,54.9149284362793,58.132625579833984,59.775733947753906,57.97035598754883,52.924800872802734,48.46576690673828,47.146018981933594,47.55180358886719,47.59931945800781,46.72427749633789,46.55078887939453,48.201744079589844,50.619384765625,53.13896560668945,55.99596405029297,58.146209716796875,57.85116958618164
66.68025970458984,67.97398376464844,64.94277954101562,59.96293258666992,56.83279800415039,56.854515075683594,59.96092224121094,64.64983367919922,68.72137451171875,70.49452209472656,69.15750122070312,65.44127655029297,61.415672302246094,58.98178482055664,58.265342712402344,58.44526290893555,59.09193420410156,59.908390045166016,60.04723358154297,57.278385162353516,50.92290115356445,44.39609146118164,41.82182312011719,43.23298645019531,46.442962646484375,50.27727508544922,54.337242126464844,58.22783279418945,61.12058639526367,61.85239028930664,59.421451568603516,54.33951187133789,49.7318229675293,47.85280990600586,47.20033264160156,46.08684539794922,45.48499298095703,46.976097106933594,49.919715881347656,52.434574127197266,54.55032730102539,57.27381896972656,59.20640563964844,58.62431716918945
66.86114501953125,69.25576782226562,67.99542236328125,63.55691146850586,59.67307662963867,59.35228729248047,62.856475830078125,67.92616271972656,71.60348510742188,71.73389434814453,69.08817291259766,65.57180786132812,61.717529296875,59.23976516723633,59.00822448730469,59.978179931640625,60.420440673828125,59.37801742553711,57.061317443847656,53.94690704345703,50.38477325439453,47.559478759765625,46.953338623046875,48.315460205078125,50.97639846801758,54.40668487548828,57.86028289794922,60.749542236328125,62.41433334350586,62.085731506347656,59.811798095703125,56.056396484375,51.65359878540039,48.177101135253906,46.14110565185547,45.12958526611328,45.62797164916992,48.348602294921875,52.06731414794922,54.479549407958984,55.87199783325195,57.718807220458984,58.879425048828125,58.09503936767578
66.04265594482422,68.81278228759766,69.06629180908203,66.30877685546875,63.147422790527344,62.52958679199219,65.06582641601562,69.63449096679688,72.98755645751953,71.68453979492188,68.45820617675781,65.63896179199219,62.96171188354492,60.705448150634766,59.606468200683594,59.45619201660156,59.237300872802734,57.50649642944336,54.01557159423828,50.437808990478516,48.741493225097656,49.80792236328125,52.00520706176758,53.42453384399414,54.68665313720703,57.19932174682617,60.72993850708008,63.22266387939453,63.14230728149414,60.06120300292969,55.678009033203125,51.789588928222656,48.676700592041016,46.63179016113281,45.97039794921875,46.45219802856445,48.002288818359375,50.70210647583008,53.58121871948242,55.09780502319336,56.07756423950195,57.563804626464844,58.15184020996094,56.852508544921875
65.54695129394531,67.89889526367188,68.64212036132812,67.03185272216797,65.05911254882812,64.71228790283203,66.76788330078125,71.86241912841797,75.1197738647461,72.18904113769531,68.50286865234375,66.91769409179688,65.07599639892578,61.79911804199219,58.24018859863281,56.60322952270508,57.55170440673828,57.91608428955078,54.38859939575195,49.036563873291016,47.540245056152344,50.412628173828125,53.94965744018555,55.43604278564453,56.196876525878906,59.19423294067383,63.365386962890625,65.83750915527344,63.42301559448242,56.748775482177734,49.40935516357422,45.35680389404297,45.688106536865234,48.263153076171875,50.211246490478516,50.880088806152344,51.526611328125,52.64496994018555,53.396278381347656,53.83901596069336,55.46202087402344,57.699371337890625,57.934791564941406,55.52467727661133
64.00096893310547,66.24449920654297,67.31887817382812,66.64092254638672,66.61045837402344,67.45001983642578,69.1147232055664,73.69705200195312,76.49337005615234,72.98148345947266,69.37940979003906,68.25030517578125,66.05768585205078,62.093849182128906,58.257625579833984,56.473243713378906,57.21766662597656,57.94803237915039,54.757667541503906,49.862953186035156,49.1330680847168,52.247589111328125,55.82771301269531,57.58195877075195,59.767539978027344,63.920936584472656,68.69288635253906,68.2597885131836,60.669761657714844,51.291908264160156,46.18917465209961,46.4441032409668,49.79575729370117,53.899349212646484,56.024169921875,55.22944259643555,53.2722053527832,51.87018966674805,51.302947998046875,52.209983825683594,55.046634674072266,57.930416107177734,58.38304138183594,55.30731964111328
61.445316314697266,63.21776580810547,64.68701934814453,65.15906524658203,66.71752166748047,69.30508422851562,71.40917205810547,74.29513549804688,75.46759796142578,72.45211029052734,69.52391815185547,68.44257354736328,66.57575988769531,63.36326599121094,60.455291748046875,59.015777587890625,58.3307991027832,56.404972076416016,52.505191802978516,50.64213562011719,52.67250061035156,56.25206756591797,59.07829666137695,61.320465087890625,65.2527847290039,72.30307006835938,74.55982208251953,65.4908218383789,53.10920333862305,47.85664749145508,49.648929595947266,53.171104431152344,55.94639205932617,57.79222106933594,58.02253341674805,56.464752197265625,53.5443115234375,49.85989761352539,47.769493103027344,49.5987663269043,54.206058502197266,58.10136795043945,59.34675979614258,56.90603256225586
59.58070373535156,60.29304122924805,61.33713150024414,62.33635330200195,64.65312957763672,67.99809265136719,70.52375793457031,72.26485443115234,72.43933868408203,71.10650634765625,70.44430541992188,69.90675354003906,67.79552459716797,64.85365295410156,62.57813262939453,61.34678268432617,59.4455680847168,55.14636993408203,50.96737289428711,51.29210662841797,55.35490036010742,60.1359748840332,63.08839797973633,65.5621566772461,72.60133361816406,78.22491455078125,70.3796157836914,56.0294189453125,48.99523162841797,50.859031677246094,54.340545654296875,56.15222930908203,57.050201416015625,58.042232513427734,57.804534912109375,55.62515640258789,52.871978759765625,49.50376510620117,46.58909606933594,47.54179763793945,52.44336700439453,57.42436599731445,60.43300247192383,59.875648498535156
58.36957550048828,58.426448822021484,59.234832763671875,60.469913482666016,62.4443244934082,64.99221801757812,67.05134582519531,68.45225524902344,69.49919891357422,70.34786987304688,70.70008850097656,69.9085464477539,67.69467163085938,64.86109161376953,63.06452178955078,62.12195587158203,59.653533935546875,55.52979278564453,52.61345672607422,52.794559478759766,56.258724212646484,61.79496383666992,66.35226440429688,71.6463623046875,77.73053741455078,72.71980285644531,59.125648498535156,51.2987060546875,53.26564407348633,54.973876953125,52.911895751953125,51.427574157714844,53.425899505615234,56.935096740722656,58.07040023803711,55.63963317871094,52.769100189208984,50.594478607177734,47.884464263916016,46.90132141113281,50.166812896728516,55.072052001953125,59.36885452270508,60.88771438598633
57.57466125488281,57.63333511352539,59.21390914916992,61.21659851074219,62.383216857910156,63.08628463745117,64.46392822265625,66.7228775024414,69.08067321777344,70.16383361816406,69.61215209960938,68.16801452636719,65.7887191772461,63.12728500366211,62.22162628173828,61.928932189941406,59.64472198486328,56.73392868041992,54.42888641357422,53.18482971191406,55.641719818115234,62.39960479736328,69.83076477050781,76.40528869628906,75.16215515136719,64.97421264648438,55.890586853027344,54.88547134399414,55.987300872802734,54.30235290527344,52.32989501953125,52.606658935546875,55.20075607299805,58.22825241088867,58.23890686035156,55.13239288330078,52.441097259521484,51.41364288330078,49.872928619384766,47.78373336791992,48.424781799316406,52.26482009887695,56.94444274902344,59.08390808105469
57.898651123046875,58.06316375732422,59.49038314819336,61.280967712402344,61.97645950317383,61.40873718261719,62.19633483886719,65.5423355102539,68.78665924072266,69.58987426757812,68.63815307617188,66.78182983398438,63.83742141723633,61.43490219116211,61.77482604980469,62.68531036376953,60.793888092041016,57.24209213256836,54.44194030761719,54.12959671020508,57.659454345703125,64.49747467041016,71.89708709716797,74.21070098876953,70.31226348876953,64.5743637084961,60.506778717041016,57.67877197265625,55.29676818847656,54.32987594604492,55.99066925048828,58.787410736083984,61.02422332763672,61.2052116394043,58.50419616699219,54.71586227416992,52.19220733642578,51.49068069458008,51.174774169921875,50.05215835571289,49.854942321777344,52.10928726196289,55.0780143737793,55.93683624267578
59.69441223144531,59.62355422973633,60.2131462097168,60.65401077270508,59.911712646484375,58.37330627441406,59.162147521972656,63.16787338256836,66.73540496826172,68.15892791748047,68.21570587158203,66.88761901855469,64.32942199707031,62.0077018737793,61.715999603271484,62.54326629638672,61.19179916381836,57.4870491027832,56.018062591552734,59.435646057128906,64.34351348876953,67.5525131225586,68.3568344116211,67.47512817382812,66.87821197509766,66.27975463867188,63.7913932800293,60.761695861816406,58.741607666015625,57.95378875732422,58.709075927734375,60.661582946777344,62.307621002197266,62.19677734375,60.14098358154297,57.087005615234375,53.77067184448242,51.52610397338867,51.02362060546875,51.27720260620117,52.164485931396484,53.828182220458984,54.59293746948242,53.783843994140625
61.62663269042969,61.23872375488281,60.76110076904297,60.83980178833008,60.199825286865234,57.39641189575195,56.556880950927734,60.19094467163086,64.36014556884766,66.89912414550781,67.84630584716797,67.31851196289062,65.452392578125,62.835289001464844,61.77351379394531,62.20496368408203,61.27537536621094,58.70855712890625,59.140342712402344,65.61522674560547,71.127685546875,68.88492584228516,64.3185806274414,63.85498809814453,65.77417755126953,66.0067138671875,64.35518646240234,63.04429244995117,62.3984260559082,61.21411895751953,59.69725036621094,59.3756217956543,60.26552200317383,60.5997200012207,59.619529724121094,57.74348068237305,55.47868728637695,53.39866638183594,51.98011779785156,51.789093017578125,53.39693832397461,55.01947784423828,54.022342681884766,52.351539611816406
61.641822814941406,61.04030227661133,60.19171905517578,59.93185043334961,60.32005310058594,59.350799560546875,57.688636779785156,58.631134033203125,61.96338653564453,65.21192932128906,66.90036010742188,66.6241455078125,64.6903076171875,62.4232292175293,61.62118911743164,61.778411865234375,60.96345901489258,59.62071228027344,61.29880142211914,68.43882751464844,72.58483123779297,69.09281921386719,64.34464263916016,64.33069610595703,66.45906829833984,66.57315063476562,64.8561782836914,63.732242584228516,63.64421081542969,63.26789855957031,61.74483871459961,59.85685348510742,58.6512565612793,57.86153030395508,57.01283264160156,56.23836135864258,55.683502197265625,54.99186325073242,53.54143524169922,52.44881057739258,54.364768981933594,56.498741149902344,54.12938690185547,51.5590705871582
59.939327239990234,58.785430908203125,57.661949157714844,57.12681579589844,58.487369537353516,61.837547302246094,61.845741271972656,59.580039978027344,60.345462799072266,63.196224212646484,65.11695098876953,65.10684967041016,63.72060775756836,62.074684143066406,61.159088134765625,60.91191482543945,60.55169677734375,60.21580505371094,61.9787712097168,66.9320297241211,69.75525665283203,68.14012145996094,66.06158447265625,66.27400970458984,67.45438385009766,67.44519805908203,66.26909637451172,65.62992095947266,65.86347961425781,65.60223388671875,64.04423522949219,61.318485260009766,58.14967727661133,55.8516960144043,55.09745407104492,55.37321472167969,55.5987663269043,55.11191940307617,53.95127868652344,53.556495666503906,56.26234817504883,59.07648849487305,56.61784744262695,53.007225036621094
58.85664749145508,57.831756591796875,55.759639739990234,53.79410934448242,55.62860107421875,62.08812713623047,64.5745849609375,61.26202392578125,60.0663948059082,61.751285552978516,62.75068283081055,62.530548095703125,61.69572830200195,60.951637268066406,61.127708435058594,62.14350891113281,62.59947204589844,62.136837005615234,63.016456604003906,65.88853454589844,68.35076904296875,68.67518615722656,67.62066650390625,66.53803253173828,66.45773315429688,67.0448989868164,67.4593734741211,68.15095520019531,69.15921783447266,68.90383911132812,66.5194320678711,62.706459045410156,58.68275833129883,56.180198669433594,55.71554946899414,56.080013275146484,55.70366287231445,54.42110824584961,53.64067840576172,54.76651382446289,58.724002838134766,62.600711822509766,61.199867248535156,56.75582504272461
57.71367645263672,56.97636032104492,54.362545013427734,51.47270965576172,54.378150939941406,61.651329040527344,64.5320816040039,61.32905197143555,59.01713943481445,59.61553192138672,60.46206283569336,59.982032775878906,58.645450592041016,58.42524337768555,60.14424133300781,63.4859619140625,66.55780792236328,67.13593292236328,66.80464935302734,67.86498260498047,69.7210693359375,70.1177978515625,69.04393768310547,68.05844116210938,67.65547180175781,67.4693374633789,67.29825592041016,68.00137329101562,69.74779510498047,70.5860824584961,68.5523452758789,64.49960327148438,60.83506393432617,59.10050582885742,58.59785461425781,57.57029724121094,56.16421890258789,55.43075942993164,55.961875915527344,57.685726165771484,60.666481018066406,64.24716186523438,63.98961639404297,59.009151458740234
56.359615325927734,54.98420715332031,51.98240280151367,49.779624938964844,55.03181838989258,62.20375442504883,62.983489990234375,59.52500534057617,58.44206619262695,59.30047607421875,59.69871520996094,59.41122817993164,58.15250015258789,57.30118179321289,58.62928771972656,62.630863189697266,67.58207702636719,70.6627197265625,71.37608337402344,71.11784362792969,71.0073471069336,71.10034942626953,70.59622192382812,69.63743591308594,68.8304214477539,68.333251953125,68.05750274658203,68.40178680419922,69.5133056640625,70.29399871826172,69.16738891601562,66.29554748535156,63.68263626098633,62.762657165527344,62.51224136352539,60.78878402709961,58.41117477416992,57.86122512817383,59.277984619140625,61.1590690612793,62.633235931396484,64.4076919555664,64.20075988769531,60.277671813964844
55.62198257446289,53.8714599609375,50.91989517211914,50.33906936645508,56.65018844604492,63.04449462890625,62.75386428833008,59.21223449707031,58.9174919128418,60.1533317565918,60.27197265625,60.055423736572266,59.24844741821289,57.81141662597656,57.98727798461914,61.53816223144531,67.02348327636719,71.29661560058594,73.29869079589844,73.75542449951172,73.59111785888672,72.87357330322266,70.79682159423828,68.25184631347656,67.18126678466797,67.7953109741211,68.8576431274414,69.57962036132812,69.96823120117188,69.85621643066406,68.8932876586914,67.24360656738281,65.81301879882812,65.5172348022461,65.6317138671875,64.28746795654297,62.1887092590332,61.347293853759766,62.03938293457031,63.34028625488281,64.36532592773438,65.0394058227539,64.37039184570312,61.83977508544922
