data/wind_data/wind_53_3.json
{"header": {"parameterUnit": "KT", "parameterCategory": 2, "nx": 256, "ny": 198, "lo1": 44.73521041870117, "la1": -3.236724853515625, "lo2": 111.26478576660156, "la2": 43.468475341796875, "dx": 0.2609002888202667, "dy": -0.23708222806453705, "refTime": "2025-02-21 05:00:00", "forecastTime": 0, "parameterNumber": 2, "parameterNumberName": "eastward_wind"}, "data":
[rows 19 to 37 of 198, columns 0 to 43 of 256]
-5.050065040588379,-6.070056438446045,-6.496923446655273,-7.355201244354248,-8.303043365478516,-6.027724742889404,-5.090531349182129,-5.056624412536621,-4.846971035003662,-5.0218329429626465,-4.844429016113281,-4.340482234954834,-3.4760806560516357,-2.6195857524871826,-2.340341329574585,-2.6698358058929443,-2.5288662910461426,-1.8965799808502197,-1.614979863166809,-1.6583967208862305,-1.0941449403762817,-0.19000768661499023,0.08893097192049026,-0.18647883832454681,-0.3659687936306,-0.7858733534812927,-1.1642036437988281,-0.6555034518241882,0.2398972064256668,1.2475498914718628,-0.6375972628593445,-3.0806636810302734,-1.6707364320755005,-0.4500529170036316,-1.934077501296997,-1.618295431137085,-1.6806546449661255,0.3935534358024597,0.17797081172466278,-0.9447250962257385,0.24405187368392944,-0.6214194297790527,-0.6907975077629089,-0.5386548042297363
-5.968538284301758,-6.7183380126953125,-7.169513702392578,-7.915940284729004,-7.986506938934326,-5.800261497497559,-5.392335414886475,-5.239841938018799,-5.092337131500244,-5.291846752166748,-4.980694770812988,-4.6270904541015625,-4.23025369644165,-3.6776130199432373,-3.078355073928833,-2.9758644104003906,-2.8921072483062744,-2.6290183067321777,-2.5992000102996826,-2.7426233291625977,-2.514472723007202,-1.8044121265411377,-1.085057020187378,-1.0393933057785034,-1.0726464986801147,-0.6416269540786743,-0.07437362521886826,0.19128859043121338,0.11261308938264847,-0.4068768322467804,-1.9860246181488037,-3.417926549911499,-5.021674633026123,-3.102473735809326,-1.0771331787109375,-8.274992942810059,-11.798850059509277,-5.999032020568848,-3.0931718349456787,-3.6632437705993652,-1.7786296606063843,-1.5490435361862183,-1.4164741039276123,-1.2840365171432495
-6.700039386749268,-7.523746490478516,-7.876371383666992,-8.39197826385498,-8.37775993347168,-5.900993347167969,-4.998363018035889,-5.108501434326172,-5.146544933319092,-5.253319263458252,-5.192085266113281,-4.945512771606445,-4.643299579620361,-4.2200188636779785,-3.7967796325683594,-3.6818599700927734,-3.608060598373413,-3.428266763687134,-3.540780782699585,-3.6733484268188477,-3.2434921264648438,-2.5648770332336426,-1.954720139503479,-1.5924423933029175,-1.5075773000717163,-0.9808874726295471,-0.10017099976539612,0.599400520324707,0.4775044023990631,-0.4921000599861145,-0.704418420791626,-1.2072181701660156,-2.33473539352417,-3.238476037979126,-2.555353879928589,-3.188307285308838,-10.510210037231445,-10.805426597595215,-9.548698425292969,-4.009219646453857,-2.8990278244018555,-2.6719491481781006,-3.068941354751587,-2.728527545928955
-7.463314533233643,-8.326515197753906,-8.626059532165527,-8.8867826461792,-8.610054016113281,-6.302984237670898,-4.854809284210205,-5.1034440994262695,-5.463022708892822,-5.496322154998779,-5.562288761138916,-5.624039173126221,-4.8321919441223145,-4.5578718185424805,-4.698242664337158,-4.71272611618042,-4.642121315002441,-4.208156585693359,-3.974607467651367,-3.9884209632873535,-3.831141710281372,-3.517977714538574,-3.0899593830108643,-2.550640344619751,-2.4514262676239014,-2.49462628364563,-2.1673309803009033,-1.8460623025894165,-2.144298553466797,-2.9727530479431152,-3.6667234897613525,-3.9611096382141113,-3.853327989578247,-2.905933380126953,-2.6649770736694336,-3.188934326171875,-2.8781182765960693,-5.623911380767822,-10.456509590148926,-9.195035934448242,-3.3438899517059326,-2.8271777629852295,-3.7836968898773193,-3.7194910049438477
-8.452589988708496,-8.894207954406738,-9.269644737243652,-9.591950416564941,-8.469746589660645,-6.153537273406982,-5.286914348602295,-5.859981536865234,-6.035429000854492,-6.238130569458008,-6.393185615539551,-6.385841369628906,-5.6304168701171875,-5.330177307128906,-5.748535633087158,-5.710276126861572,-5.377643585205078,-4.977297306060791,-4.698968410491943,-4.605869293212891,-4.707810878753662,-4.777847766876221,-4.71737003326416,-4.129906177520752,-3.5093705654144287,-3.7390220165252686,-3.747629165649414,-4.054813861846924,-4.545675277709961,-5.122976779937744,-5.166147708892822,-4.393676280975342,-3.5600976943969727,-2.901533603668213,-3.1122331619262695,-3.7596182823181152,-4.184868335723877,-5.6730875968933105,-9.09913444519043,-11.318957328796387,-7.089154243469238,-3.9355740547180176,-4.35582971572876,-4.45723295211792
-9.213635444641113,-9.425762176513672,-9.826717376708984,-10.33962345123291,-8.600823402404785,-5.528019428253174,-5.266871929168701,-6.309347152709961,-7.020950794219971,-6.869726657867432,-6.876369476318359,-6.742012977600098,-6.55324649810791,-6.2796950340271,-6.502330303192139,-6.4730072021484375,-5.87083625793457,-5.588950157165527,-5.394042015075684,-5.32303524017334,-5.595654010772705,-6.100931644439697,-6.342560768127441,-5.8750433921813965,-5.271104335784912,-4.987193584442139,-4.970089912414551,-5.7196502685546875,-5.890058517456055,-5.752169132232666,-5.490665912628174,-4.625870704650879,-3.434760808944702,-2.739408493041992,-3.1728837490081787,-3.8055334091186523,-4.224658489227295,-4.895880699157715,-6.639196395874023,-9.895856857299805,-9.27800178527832,-8.219143867492676,-7.094378471374512,-6.555649280548096
-9.705103874206543,-9.864605903625488,-10.203903198242188,-10.848241806030273,-8.957409858703613,-5.138694763183594,-5.447298526763916,-6.72695255279541,-7.1747660636901855,-7.139720916748047,-7.042285919189453,-7.040105819702148,-7.189009666442871,-6.951624393463135,-6.991676330566406,-7.029144763946533,-6.86829948425293,-6.735121250152588,-6.1154375076293945,-5.993174076080322,-6.074038028717041,-6.558892726898193,-7.076565742492676,-7.100305080413818,-6.799148082733154,-6.52640438079834,-6.199689865112305,-6.444932460784912,-6.597238540649414,-6.023143291473389,-5.446595191955566,-4.9178643226623535,-4.192649841308594,-3.4397599697113037,-3.614158868789673,-4.795027732849121,-6.058596134185791,-6.344011306762695,-5.896952152252197,-8.717175483703613,-10.971742630004883,-12.2061185836792,-11.078980445861816,-9.389129638671875
-9.89826774597168,-10.134662628173828,-10.382137298583984,-10.923583030700684,-9.02068042755127,-4.8270978927612305,-5.650097846984863,-7.216460227966309,-7.599386692047119,-7.349449157714844,-7.336759567260742,-7.378290176391602,-7.238027572631836,-7.129040718078613,-7.468221187591553,-7.960926532745361,-8.267366409301758,-7.934623718261719,-7.1494364738464355,-6.951013088226318,-6.680570125579834,-7.036159515380859,-7.549663066864014,-8.015106201171875,-8.067036628723145,-7.580292224884033,-7.08315896987915,-7.283478736877441,-7.745636940002441,-7.165741920471191,-6.2153496742248535,-5.434572696685791,-4.913447380065918,-4.53801965713501,-4.142496109008789,-4.32510232925415,-5.156156539916992,-5.866982460021973,-5.392331600189209,-7.257124900817871,-11.172168731689453,-13.562602043151855,-13.119142532348633,-11.895724296569824
-9.600276947021484,-10.261537551879883,-10.437617301940918,-10.340492248535156,-8.247623443603516,-4.5727739334106445,-6.209282875061035,-7.561481952667236,-7.706418514251709,-7.235730171203613,-7.257175922393799,-7.491507530212402,-7.359658241271973,-7.195871353149414,-7.628923416137695,-8.733640670776367,-9.316433906555176,-9.245773315429688,-8.60334300994873,-8.086776733398438,-7.613256931304932,-7.648690700531006,-8.18150520324707,-8.71681022644043,-8.719902992248535,-8.153975486755371,-7.594027519226074,-7.496326446533203,-7.774785041809082,-7.559654235839844,-6.772017002105713,-5.735254764556885,-5.396791458129883,-5.404712677001953,-5.036914348602295,-4.231150150299072,-4.650280952453613,-6.4714884757995605,-7.892439842224121,-9.178174018859863,-11.30610466003418,-12.992768287658691,-14.747252464294434,-13.307182312011719
-9.761818885803223,-10.703514099121094,-10.363680839538574,-8.619958877563477,-6.342475414276123,-4.425884246826172,-6.531222820281982,-7.607352256774902,-7.412656307220459,-6.813074111938477,-6.6661882400512695,-7.094574451446533,-7.440094947814941,-7.155393600463867,-7.484246730804443,-8.475665092468262,-9.56779956817627,-9.944873809814453,-9.456093788146973,-8.938697814941406,-8.47432804107666,-8.496933937072754,-8.93954849243164,-9.4382905960083,-9.386258125305176,-8.678099632263184,-7.882619380950928,-7.372859477996826,-7.237732410430908,-7.16034460067749,-6.630176067352295,-5.795345783233643,-5.4954376220703125,-5.409456729888916,-4.9860382080078125,-4.443830490112305,-5.564526557922363,-8.560165405273438,-11.282536506652832,-12.130590438842773,-12.075230598449707,-12.239768028259277,-12.814765930175781,-16.401702880859375
-10.734479904174805,-11.494490623474121,-10.185909271240234,-6.285869598388672,-4.515474319458008,-4.75944185256958,-6.812422275543213,-7.893525123596191,-7.455763339996338,-6.70976448059082,-6.276697635650635,-6.598535537719727,-7.0524001121521,-7.152377128601074,-7.076043605804443,-7.905794620513916,-9.190254211425781,-10.256699562072754,-10.189499855041504,-9.65052318572998,-9.152230262756348,-9.204472541809082,-9.459236145019531,-9.921703338623047,-9.891364097595215,-9.100543975830078,-8.017301559448242,-7.022975444793701,-6.67529821395874,-6.913781642913818,-6.9236226081848145,-6.53816032409668,-5.997877597808838,-5.892539978027344,-6.194633483886719,-6.194919586181641,-6.649557113647461,-8.939224243164062,-11.55222225189209,-12.839476585388184,-12.755921363830566,-12.339286804199219,-11.576470375061035,-11.153290748596191
-11.517826080322266,-11.802478790283203,-10.101441383361816,-6.0152692794799805,-4.517363548278809,-5.679497241973877,-7.245686054229736,-8.318734169006348,-7.937916278839111,-7.195103645324707,-6.351023197174072,-6.148960113525391,-6.707078456878662,-7.318018913269043,-7.478002548217773,-7.750702857971191,-8.814297676086426,-10.26593017578125,-10.847833633422852,-10.378524780273438,-9.658117294311523,-9.44881820678711,-9.666796684265137,-10.170811653137207,-9.945531845092773,-9.081441879272461,-7.943883419036865,-6.858786582946777,-6.514685153961182,-7.069924831390381,-7.802084445953369,-7.96454381942749,-7.711939811706543,-7.394629955291748,-7.887791633605957,-8.202322006225586,-8.14791488647461,-8.718185424804688,-10.341315269470215,-11.892484664916992,-12.340317726135254,-12.403810501098633,-11.555359840393066,-10.559367179870605
-11.817331314086914,-11.524662971496582,-9.953333854675293,-7.150600910186768,-5.111984729766846,-6.782577991485596,-7.729951858520508,-8.674363136291504,-8.37402629852295,-7.759079456329346,-6.817394733428955,-6.3398942947387695,-6.851202964782715,-7.553565979003906,-7.741298198699951,-7.944597244262695,-8.831619262695312,-10.026163101196289,-10.862235069274902,-10.778923034667969,-9.916727066040039,-9.264262199401855,-9.471363067626953,-9.860403060913086,-9.708212852478027,-8.975669860839844,-7.954807758331299,-7.178823947906494,-7.305481433868408,-7.875179290771484,-8.565675735473633,-9.161774635314941,-9.090532302856445,-8.567524909973145,-8.659917831420898,-9.173364639282227,-9.561753273010254,-9.613175392150879,-10.266151428222656,-11.407821655273438,-12.14671802520752,-12.765349388122559,-12.6126070022583,-12.242975234985352
-11.27441692352295,-10.02906608581543,-8.69219970703125,-8.017852783203125,-6.538376331329346,-7.586357593536377,-8.425365447998047,-9.207013130187988,-8.757787704467773,-8.082287788391113,-7.12791109085083,-6.640294075012207,-7.047562122344971,-7.788301467895508,-8.122303009033203,-8.331984519958496,-8.89289379119873,-9.766947746276855,-10.582803726196289,-10.7452392578125,-10.249302864074707,-9.66038990020752,-9.193988800048828,-9.460634231567383,-9.744856834411621,-9.378119468688965,-8.619612693786621,-8.102747917175293,-8.16923713684082,-8.482783317565918,-8.849770545959473,-9.187211990356445,-9.45946979522705,-9.132039070129395,-9.002206802368164,-9.896036148071289,-11.242827415466309,-11.486990928649902,-11.216362953186035,-11.776215553283691,-12.649884223937988,-12.974557876586914,-13.15822982788086,-14.221245765686035
-10.016515731811523,-7.504302501678467,-6.833472728729248,-9.129673957824707,-8.583739280700684,-8.051472663879395,-9.168511390686035,-9.848306655883789,-9.065741539001465,-8.322501182556152,-7.513073444366455,-7.013855934143066,-7.145117282867432,-7.85949182510376,-8.390260696411133,-8.524144172668457,-8.911759376525879,-9.747347831726074,-10.453397750854492,-10.80724811553955,-10.54702091217041,-10.121960639953613,-9.585916519165039,-9.601046562194824,-10.082511901855469,-9.986149787902832,-9.570755958557129,-9.041988372802734,-8.803162574768066,-8.877781867980957,-9.110292434692383,-9.477361679077148,-9.825506210327148,-9.447617530822754,-9.303140640258789,-10.78821849822998,-12.908954620361328,-13.25527286529541,-12.382816314697266,-11.683938026428223,-12.62617015838623,-13.433987617492676,-14.383867263793945,-15.531577110290527
-9.15290641784668,-6.484433650970459,-6.322422504425049,-9.507556915283203,-9.337778091430664,-8.347855567932129,-9.786369323730469,-10.334470748901367,-9.220662117004395,-8.403913497924805,-8.04903793334961,-7.711320400238037,-7.384495258331299,-7.688520908355713,-8.395465850830078,-8.654318809509277,-8.819425582885742,-9.715201377868652,-10.770881652832031,-10.969354629516602,-10.737584114074707,-10.224349975585938,-9.897872924804688,-9.988576889038086,-10.268315315246582,-10.445272445678711,-10.47962474822998,-10.076790809631348,-9.67781925201416,-9.615310668945312,-9.752575874328613,-10.012201309204102,-10.107671737670898,-10.002274513244629,-10.497970581054688,-12.163412094116211,-13.907489776611328,-14.149192810058594,-13.277118682861328,-12.646883010864258,-12.63750171661377,-13.609628677368164,-15.090316772460938,-16.562503814697266
-8.525660514831543,-6.511112689971924,-6.703037261962891,-9.766204833984375,-10.088306427001953,-8.853151321411133,-9.932783126831055,-10.367687225341797,-9.333341598510742,-8.586337089538574,-8.481159210205078,-8.363785743713379,-8.03138542175293,-7.92618989944458,-8.213871955871582,-8.665350914001465,-8.679898262023926,-9.292287826538086,-10.555038452148438,-11.033671379089355,-10.7569580078125,-10.438614845275879,-10.129283905029297,-10.09559440612793,-10.147531509399414,-10.47316837310791,-10.629389762878418,-10.757984161376953,-10.525351524353027,-10.400862693786621,-10.37440299987793,-10.65950870513916,-11.049872398376465,-11.457059860229492,-12.222604751586914,-13.390470504760742,-14.237642288208008,-14.19970703125,-14.02619457244873,-13.849529266357422,-13.749524116516113,-14.340404510498047,-15.399291038513184,-17.006107330322266
-7.390325546264648,-6.502206325531006,-7.33949089050293,-10.39539623260498,-11.509174346923828,-9.937862396240234,-9.85732650756836,-9.998957633972168,-9.354917526245117,-8.864027976989746,-8.875020027160645,-8.921812057495117,-8.799256324768066,-8.4187593460083,-8.279912948608398,-8.549814224243164,-8.671775817871094,-8.979222297668457,-10.136826515197754,-10.898283958435059,-10.906848907470703,-10.622482299804688,-10.273818969726562,-10.194433212280273,-10.2172212600708,-10.302651405334473,-10.632878303527832,-11.239324569702148,-11.241615295410156,-11.071182250976562,-11.208381652832031,-11.56688117980957,-12.150044441223145,-12.456953048706055,-12.829117774963379,-13.793079376220703,-14.952526092529297,-15.228133201599121,-14.436305046081543,-13.970870971679688,-14.659774780273438,-15.625285148620605,-16.463951110839844,-17.23829460144043
-5.888664722442627,-6.505232810974121,-7.960283279418945,-10.706450462341309,-12.65676212310791,-11.475972175598145,-10.361825942993164,-9.475265502929688,-9.04720687866211,-8.982467651367188,-9.27437973022461,-9.471724510192871,-9.391368865966797,-8.995811462402344,-8.744613647460938,-8.903693199157715,-8.78646469116211,-8.790043830871582,-9.687210083007812,-10.838723182678223,-11.17036247253418,-10.852858543395996,-10.461359977722168,-10.36805248260498,-10.672051429748535,-10.776389122009277,-10.93122386932373,-11.650933265686035,-11.979488372802734,-11.789396286010742,-11.934968948364258,-12.270963668823242,-12.854799270629883,-13.37667465209961,-13.948792457580566,-14.637479782104492,-15.072332382202148,-14.791658401489258,-14.42296028137207,-14.764972686767578,-15.64363956451416,-16.498937606811523,-17.133943557739258,-17.3480167388916
