data/wind_data/wind_12_5.json
{"header": {"parameterUnit": "KT", "parameterCategory": 2, "nx": 256, "ny": 198, "lo1": 44.73521041870117, "la1": -3.236724853515625, "lo2": 111.26478576660156, "la2": 43.468475341796875, "dx": 0.2609002888202667, "dy": -0.23708222806453705, "refTime": "2025-02-19 12:00:00", "forecastTime": 0, "parameterNumber": 2, "parameterNumberName": "eastward_wind"}, "data":
[rows 171 to 189 of 198, columns 0 to 43 of 256]
31.95115089416504,33.566837310791016,31.540117263793945,30.053659439086914,28.762054443359375,27.71875,25.81564712524414,23.74622344970703,24.083635330200195,25.88540267944336,27.03805923461914,26.640287399291992,24.807479858398438,25.696287155151367,24.841585159301758,21.4895076751709,20.232555389404297,21.21873664855957,22.093889236450195,22.6789493560791,23.444232940673828,23.959026336669922,23.464237213134766,21.8919677734375,20.270658493041992,19.738508224487305,20.496427536010742,21.63330841064453,22.07473373413086,21.719057083129883,21.11627197265625,20.90601921081543,21.261167526245117,21.87765884399414,22.43787384033203,22.893829345703125,23.441051483154297,23.988971710205078,24.302764892578125,24.013154983520508,22.844717025756836,21.40955352783203,20.664196014404297,20.716270446777344
32.07564926147461,34.342926025390625,32.33015823364258,30.420368194580078,28.679948806762695,27.084545135498047,24.61971664428711,23.348318099975586,24.75337791442871,25.838184356689453,24.71629524230957,23.539142608642578,23.05584144592285,24.185428619384766,22.126333236694336,19.140745162963867,20.064109802246094,21.08673095703125,21.82871437072754,22.62301254272461,23.509305953979492,23.593223571777344,22.218534469604492,20.192405700683594,19.098058700561523,19.536680221557617,20.786304473876953,21.71822738647461,21.913719177246094,21.827932357788086,21.86020851135254,21.912153244018555,21.910079956054688,22.03598403930664,22.382516860961914,22.946229934692383,23.673015594482422,24.39397621154785,24.756088256835938,24.1315975189209,22.68501091003418,21.378276824951172,20.844329833984375,20.91541862487793
31.012388229370117,33.42500305175781,32.378177642822266,30.390859603881836,27.69776725769043,25.19560432434082,23.180601119995117,23.32809829711914,24.956607818603516,24.06380844116211,23.49347686767578,23.848772048950195,22.578020095825195,21.266769409179688,18.225711822509766,18.739234924316406,20.962011337280273,21.756135940551758,22.412879943847656,23.394868850708008,23.941469192504883,23.050012588500977,21.07973861694336,19.525590896606445,19.311532974243164,20.093292236328125,20.968891143798828,21.470930099487305,21.800676345825195,22.27936553955078,22.76035499572754,22.78982162475586,22.390666961669922,22.03885841369629,22.03777503967285,22.524431228637695,23.454063415527344,24.43254852294922,24.642248153686523,23.60291290283203,22.121980667114258,21.137157440185547,21.003061294555664,21.25373649597168
29.52496337890625,32.465553283691406,32.06892395019531,30.042558670043945,27.54640769958496,25.196435928344727,23.356901168823242,21.39786148071289,22.177270889282227,23.5062255859375,23.800901412963867,22.68262481689453,21.23188018798828,18.950977325439453,16.647260665893555,19.38392448425293,21.625553131103516,22.197614669799805,23.053268432617188,23.97037696838379,23.67797088623047,22.086339950561523,20.346208572387695,19.468019485473633,19.495906829833984,19.809471130371094,20.011865615844727,20.276655197143555,20.851560592651367,21.616859436035156,22.17237091064453,22.26830291748047,22.038450241088867,21.767507553100586,21.66565704345703,21.98847007751465,22.824182510375977,23.63078498840332,23.395137786865234,22.215532302856445,21.209897994995117,20.939620971679688,21.323610305786133,21.40587615966797
28.824453353881836,32.652626037597656,32.5655517578125,30.41033935546875,27.933574676513672,27.131391525268555,21.626554489135742,20.104637145996094,23.998624801635742,23.07266616821289,20.002479553222656,19.445480346679688,19.023273468017578,17.869443893432617,18.379375457763672,20.276336669921875,21.453174591064453,22.556194305419922,23.977941513061523,24.39309310913086,23.214824676513672,21.325149536132812,19.845474243164062,19.04424285888672,18.61408805847168,18.331010818481445,18.26947784423828,18.559755325317383,19.102596282958984,19.706954956054688,20.272506713867188,20.727636337280273,21.021818161010742,21.148242950439453,21.1944522857666,21.436321258544922,21.977270126342773,22.208227157592773,21.59410858154297,20.807292938232422,20.58922576904297,20.84420394897461,21.00379180908203,20.534591674804688
29.476354598999023,31.647293090820312,31.631542205810547,29.484874725341797,28.420923233032227,27.316802978515625,19.982532501220703,22.14791488647461,24.530569076538086,21.574207305908203,18.853900909423828,17.66986656188965,17.349454879760742,18.271207809448242,19.526473999023438,20.484756469726562,21.7730655670166,23.40804100036621,24.527027130126953,24.105466842651367,22.419483184814453,20.58424949645996,19.152263641357422,18.072420120239258,17.199480056762695,16.634742736816406,16.540498733520508,16.785755157470703,17.13959312438965,17.57672691345215,18.19242286682129,18.924297332763672,19.657487869262695,20.30173683166504,20.706302642822266,20.993152618408203,21.199573516845703,20.97025489807129,20.394241333007812,20.061979293823242,19.991622924804688,19.86307144165039,19.607147216796875,19.20204734802246
30.155052185058594,31.311559677124023,31.395610809326172,29.56824493408203,28.925765991210938,26.908945083618164,21.58208465576172,22.683597564697266,22.611129760742188,20.82474708557129,20.555978775024414,18.871950149536133,18.302806854248047,19.397871017456055,20.438953399658203,21.448474884033203,23.005136489868164,24.57377052307129,24.75061798095703,23.33030891418457,21.448326110839844,19.79487419128418,18.158823013305664,16.605592727661133,15.621405601501465,15.303056716918945,15.364897727966309,15.579400062561035,15.819866180419922,16.10077476501465,16.590682983398438,17.41254234313965,18.507497787475586,19.463716506958008,19.91318702697754,20.039735794067383,19.99798583984375,19.643117904663086,19.044086456298828,18.63922882080078,18.313039779663086,18.071256637573242,17.958847045898438,17.735567092895508
31.388225555419922,34.408111572265625,34.49192428588867,31.828096389770508,30.305030822753906,26.779306411743164,19.685670852661133,21.210845947265625,20.545804977416992,20.941091537475586,22.30440330505371,20.911178588867188,19.569040298461914,19.84253692626953,21.045040130615234,22.646854400634766,24.4659481048584,25.630403518676758,24.90848731994629,22.794639587402344,20.853654861450195,19.211528778076172,17.352733612060547,15.785543441772461,15.043006896972656,14.95387077331543,15.204971313476562,15.515756607055664,15.606180191040039,15.582104682922363,15.934721946716309,16.884849548339844,18.046955108642578,18.702259063720703,18.647294998168945,18.353466033935547,17.991060256958008,17.410762786865234,16.706457138061523,16.68522834777832,16.91012954711914,16.94989585876465,16.71023178100586,16.2009220123291
32.02048110961914,38.182228088378906,38.70723342895508,35.39739990234375,31.965681076049805,24.96001434326172,18.406288146972656,22.305631637573242,23.42543601989746,24.4881534576416,23.720945358276367,21.436357498168945,19.871768951416016,20.007509231567383,21.214330673217773,22.975990295410156,24.937734603881836,25.80405616760254,24.68411636352539,22.477022171020508,20.442739486694336,18.740005493164062,17.079668045043945,15.664366722106934,14.861427307128906,14.77524471282959,15.329506874084473,15.868124008178711,15.754384994506836,15.4669771194458,15.874197006225586,17.033884048461914,18.203676223754883,18.434789657592773,17.74003791809082,17.084957122802734,16.521759033203125,15.587150573730469,15.230900764465332,15.887185096740723,16.427610397338867,16.3592529296875,15.804496765136719,15.05985164642334
32.5218505859375,38.3186149597168,39.116851806640625,36.59468078613281,32.53976058959961,26.448509216308594,24.354782104492188,25.35902214050293,26.84332847595215,28.00080680847168,26.04091453552246,22.479934692382812,20.372127532958984,20.37677001953125,21.389326095581055,22.92670249938965,24.657129287719727,25.297466278076172,23.833009719848633,21.504947662353516,19.643211364746094,18.232492446899414,16.850154876708984,15.52033519744873,14.66395378112793,14.796521186828613,15.607850074768066,16.018577575683594,15.622845649719238,15.276593208312988,15.905900955200195,17.317359924316406,18.531314849853516,18.564836502075195,17.65418815612793,16.844505310058594,16.017562866210938,15.103659629821777,15.126069068908691,15.781436920166016,16.055021286010742,15.793360710144043,15.240612983703613,14.71272087097168
33.25428009033203,35.24707794189453,35.60728454589844,35.10188674926758,32.44253158569336,30.08734130859375,28.33243751525879,26.100072860717773,27.813669204711914,27.974138259887695,25.778886795043945,22.678401947021484,20.957002639770508,21.08606719970703,21.96068000793457,23.174209594726562,24.232282638549805,24.37959098815918,22.663185119628906,19.99058723449707,18.280221939086914,17.61151695251465,16.685779571533203,15.447748184204102,14.85953140258789,15.274876594543457,15.820882797241211,15.741759300231934,15.275280952453613,15.223361015319824,16.1058349609375,17.588245391845703,18.718332290649414,18.733905792236328,17.895170211791992,16.91880989074707,15.88103199005127,15.114625930786133,15.13875961303711,15.3827543258667,15.258581161499023,14.983711242675781,14.825719833374023,14.80363941192627
34.60079574584961,32.96237564086914,32.952823638916016,33.63658905029297,32.58049011230469,30.255935668945312,28.556520462036133,29.09489631652832,29.966196060180664,28.921606063842773,26.475252151489258,23.372892379760742,21.66047477722168,21.812047958374023,22.604637145996094,23.634414672851562,24.51572608947754,24.226306915283203,21.944881439208984,19.11058235168457,17.45656967163086,16.93241310119629,16.66320037841797,16.298728942871094,16.192350387573242,16.41229820251465,16.32417869567871,15.846138000488281,15.572097778320312,15.897074699401855,16.76764488220215,18.036067962646484,19.017038345336914,19.03165054321289,18.2183780670166,17.070030212402344,15.852497100830078,14.835622787475586,14.436521530151367,14.442112922668457,14.424696922302246,14.371274948120117,14.474530220031738,14.659089088439941
37.02806091308594,35.5932502746582,34.3398323059082,34.36463165283203,32.96763610839844,31.24860191345215,31.06817626953125,31.181760787963867,30.75707244873047,29.312458038330078,27.280332565307617,24.609922409057617,23.034290313720703,23.26108741760254,24.460205078125,25.559911727905273,26.102224349975586,24.67087173461914,22.237770080566406,19.813095092773438,17.98910903930664,16.996746063232422,16.787151336669922,17.03032112121582,17.52191925048828,17.803552627563477,17.41107177734375,16.63736915588379,16.306140899658203,16.596155166625977,17.181678771972656,18.151447296142578,19.191144943237305,19.460519790649414,18.74936294555664,17.38156509399414,15.746289253234863,14.192861557006836,13.425036430358887,13.586219787597656,14.04210090637207,14.291788101196289,14.213236808776855,14.076146125793457
38.808162689208984,37.12914276123047,36.05076217651367,35.7524528503418,35.10214614868164,33.86762619018555,33.03116226196289,32.320831298828125,31.531116485595703,30.040769577026367,28.260345458984375,26.08609390258789,25.567594528198242,27.297611236572266,27.169885635375977,26.804380416870117,26.462785720825195,24.3966121673584,23.114351272583008,21.586545944213867,19.7009334564209,18.16905403137207,17.499488830566406,17.70880699157715,18.395788192749023,18.98138999938965,18.928564071655273,18.01715087890625,17.036712646484375,16.723705291748047,17.045358657836914,17.810440063476562,18.76225471496582,19.322187423706055,18.923662185668945,17.581539154052734,15.564074516296387,13.599173545837402,12.625377655029297,12.782503128051758,13.33985424041748,13.561064720153809,13.428820610046387,13.265422821044922
38.714900970458984,40.13161087036133,39.54575729370117,38.774845123291016,37.80538558959961,36.083045959472656,34.730079650878906,33.68362808227539,32.84070587158203,31.63159942626953,30.21630096435547,29.31348991394043,30.794397354125977,29.824687957763672,26.005285263061523,24.316316604614258,23.810216903686523,23.409645080566406,23.557432174682617,22.864933013916016,21.248374938964844,19.83640480041504,19.25829315185547,19.409011840820312,19.802169799804688,20.084569931030273,19.790996551513672,18.700725555419922,17.41933250427246,16.784563064575195,17.019533157348633,17.80323028564453,18.62269401550293,19.16312026977539,19.029682159423828,17.799152374267578,15.544090270996094,13.420331001281738,12.299787521362305,12.053818702697754,12.136914253234863,12.388692855834961,12.625419616699219,12.594926834106445
38.950626373291016,41.7022705078125,41.87238311767578,41.52802658081055,40.42094421386719,38.43905258178711,36.66704177856445,35.715816497802734,35.045005798339844,34.55677795410156,33.61213684082031,32.7497444152832,31.015518188476562,26.929296493530273,25.579708099365234,26.20155906677246,26.307579040527344,25.265840530395508,24.52499008178711,23.398075103759766,21.782337188720703,20.835773468017578,20.935489654541016,21.303335189819336,21.29238510131836,20.83473777770996,19.970870971679688,18.882837295532227,17.898988723754883,17.425086975097656,17.6737003326416,18.505813598632812,19.551639556884766,20.273365020751953,20.04018783569336,18.391399383544922,15.7857084274292,13.708171844482422,12.606677055358887,11.92590045928955,11.716604232788086,12.125856399536133,12.63083553314209,12.735048294067383
39.88629150390625,40.58074951171875,41.4437141418457,42.18890380859375,41.65874099731445,40.5034065246582,39.17743682861328,38.13410186767578,37.71855545043945,37.95321273803711,36.916481018066406,32.396705627441406,29.931730270385742,28.213659286499023,26.562681198120117,27.40735626220703,27.92481803894043,27.222381591796875,26.1629695892334,24.947965621948242,23.6024227142334,22.63327980041504,22.302249908447266,22.216333389282227,21.91583251953125,21.208452224731445,20.353158950805664,19.654691696166992,19.033395767211914,18.576770782470703,18.63469123840332,19.362707138061523,20.73074722290039,21.915721893310547,21.745588302612305,19.561153411865234,16.683368682861328,14.561777114868164,13.266051292419434,12.539925575256348,12.429715156555176,12.943859100341797,13.492350578308105,13.57710075378418
41.51163101196289,41.10698699951172,41.311885833740234,41.80972671508789,42.005638122558594,41.79560089111328,40.7802848815918,40.088905334472656,40.46968078613281,40.98194885253906,38.55659866333008,31.9758243560791,30.5028076171875,28.888843536376953,27.960731506347656,27.858354568481445,27.74187469482422,27.04873275756836,26.06157684326172,25.57074546813965,25.39472198486328,24.887062072753906,24.000329971313477,23.190603256225586,22.705137252807617,22.27806854248047,21.83250617980957,21.513954162597656,21.006912231445312,19.94752311706543,19.163963317871094,19.563648223876953,21.141265869140625,22.723838806152344,22.78407859802246,20.717933654785156,17.846162796020508,15.442809104919434,13.813170433044434,12.811487197875977,12.765158653259277,13.382369995117188,13.892165184020996,13.858723640441895
42.944950103759766,41.36317443847656,41.183170318603516,41.53116226196289,41.96509552001953,41.845252990722656,41.55162811279297,41.53489303588867,42.41073226928711,40.971656799316406,36.37036895751953,34.38130187988281,30.371152877807617,29.89242172241211,30.85552978515625,30.845863342285156,30.176103591918945,28.783044815063477,26.92483901977539,26.008745193481445,26.33765411376953,26.584918975830078,26.01861000061035,25.152938842773438,24.557924270629883,24.22332000732422,24.017786026000977,23.78729820251465,22.954790115356445,21.09716033935547,19.353599548339844,19.155742645263672,20.643001556396484,22.499160766601562,23.08334732055664,21.65892219543457,18.95157241821289,16.52683448791504,14.660656929016113,13.331984519958496,13.168990135192871,13.586894989013672,13.622057914733887,13.355687141418457
