data/wind_data/wind_25_4.json
{"header": {"parameterUnit": "KT", "parameterCategory": 2, "nx": 256, "ny": 198, "lo1": 44.73521041870117, "la1": -3.236724853515625, "lo2": 111.26478576660156, "la2": 43.468475341796875, "dx": 0.2609002888202667, "dy": -0.23708222806453705, "refTime": "2025-02-20 01:00:00", "forecastTime": 0, "parameterNumber": 2, "parameterNumberName": "eastward_wind"}, "data":
[rows 38 to 56 of 198, columns 44 to 87 of 256]
-19.804025650024414,-19.70620346069336,-19.699098587036133,-19.706356048583984,-19.65906524658203,-19.722036361694336,-19.817716598510742,-19.945819854736328,-20.01453399658203,-20.07081413269043,-20.209489822387695,-20.587839126586914,-21.021373748779297,-21.358278274536133,-21.703472137451172,-22.207054138183594,-22.786705017089844,-23.20979881286621,-23.499507904052734,-23.520023345947266,-23.16383171081543,-22.935762405395508,-22.824893951416016,-22.29542350769043,-22.38829803466797,-22.79979133605957,-23.04977798461914,-22.632993698120117,-22.81285858154297,-23.291492462158203,-22.6946964263916,-21.606353759765625,-21.03170394897461,-21.526447296142578,-21.25605010986328,-21.094911575317383,-21.007659912109375,-20.864606857299805,-20.295764923095703,-19.777503967285156,-19.248233795166016,-18.741775512695312,-18.203489303588867,-17.654335021972656
-19.517534255981445,-19.419368743896484,-19.404428482055664,-19.566442489624023,-19.728593826293945,-20.03148651123047,-20.247756958007812,-20.212413787841797,-20.163875579833984,-20.108922958374023,-20.26678466796875,-20.673681259155273,-20.945354461669922,-21.06418800354004,-21.382579803466797,-22.002704620361328,-22.76874542236328,-23.201866149902344,-23.434837341308594,-23.723613739013672,-24.0659122467041,-23.99358558654785,-23.3570556640625,-22.537139892578125,-22.224010467529297,-22.550424575805664,-23.040294647216797,-23.167234420776367,-23.31970977783203,-23.51129150390625,-23.348148345947266,-22.875385284423828,-21.61236572265625,-20.57756996154785,-20.707561492919922,-21.437631607055664,-20.46693992614746,-20.592126846313477,-19.856138229370117,-19.836185455322266,-19.159198760986328,-18.685853958129883,-18.173322677612305,-17.778675079345703
-19.098670959472656,-18.952411651611328,-18.87835693359375,-19.05311393737793,-19.403663635253906,-19.906278610229492,-20.302608489990234,-20.317724227905273,-20.15984344482422,-19.982864379882812,-20.11625862121582,-20.606019973754883,-20.921581268310547,-21.099512100219727,-21.249788284301758,-21.779165267944336,-22.502260208129883,-22.933162689208984,-22.98975372314453,-22.976415634155273,-23.09770965576172,-23.08640480041504,-22.993581771850586,-22.969419479370117,-23.164653778076172,-23.275293350219727,-23.20116424560547,-22.912172317504883,-22.80908966064453,-22.98334312438965,-23.17919158935547,-23.21596908569336,-22.709304809570312,-21.973886489868164,-21.830554962158203,-22.159147262573242,-21.09000587463379,-20.110671997070312,-19.51863670349121,-20.22597312927246,-20.028230667114258,-19.517255783081055,-18.82194709777832,-18.481849670410156
-18.61031150817871,-18.442869186401367,-18.280948638916016,-18.38877296447754,-18.826904296875,-19.447023391723633,-19.905366897583008,-20.047937393188477,-20.03262710571289,-19.85879898071289,-19.807085037231445,-20.105009078979492,-20.602571487426758,-20.923721313476562,-21.170406341552734,-21.53548240661621,-21.98324966430664,-22.214073181152344,-22.083528518676758,-21.949081420898438,-22.075225830078125,-22.360233306884766,-22.6042423248291,-22.901453018188477,-23.16824722290039,-23.189746856689453,-22.848161697387695,-22.432533264160156,-22.406078338623047,-22.74405860900879,-23.030725479125977,-23.108646392822266,-22.488035202026367,-21.431365966796875,-21.26266860961914,-22.23451805114746,-22.586652755737305,-20.838363647460938,-19.68574333190918,-20.010860443115234,-20.22920799255371,-20.865999221801758,-19.722829818725586,-19.615089416503906
-17.787504196166992,-17.75130844116211,-17.613924026489258,-17.649009704589844,-18.109519958496094,-18.747095108032227,-19.228500366210938,-19.58420181274414,-19.675304412841797,-19.67561912536621,-19.646991729736328,-19.768407821655273,-20.261171340942383,-20.599098205566406,-20.929624557495117,-21.203205108642578,-21.50810432434082,-21.642112731933594,-21.523954391479492,-21.3271484375,-21.38665771484375,-21.634443283081055,-21.93607521057129,-22.144079208374023,-22.2276611328125,-22.279117584228516,-22.094011306762695,-21.84134292602539,-21.826650619506836,-22.03411865234375,-22.105756759643555,-21.961292266845703,-21.307048797607422,-20.542448043823242,-20.702682495117188,-21.469911575317383,-21.755048751831055,-21.26633644104004,-20.57402229309082,-20.29268455505371,-20.527114868164062,-20.606584548950195,-20.284881591796875,-20.299396514892578
-16.640453338623047,-16.82453155517578,-16.970216751098633,-17.00965690612793,-17.124052047729492,-17.53791046142578,-18.141983032226562,-18.737112045288086,-19.159378051757812,-19.311748504638672,-19.445125579833984,-19.591934204101562,-19.917137145996094,-20.08364486694336,-20.219377517700195,-20.549585342407227,-20.84189796447754,-21.060283660888672,-21.140037536621094,-21.125017166137695,-21.086963653564453,-21.061002731323242,-21.153989791870117,-21.32020378112793,-21.406606674194336,-21.435150146484375,-21.272418975830078,-21.084514617919922,-20.8284969329834,-20.78492546081543,-20.85816764831543,-20.710037231445312,-20.21851921081543,-19.75307273864746,-19.814695358276367,-20.303333282470703,-20.62148666381836,-20.5318603515625,-20.07956314086914,-19.772720336914062,-19.90309715270996,-20.119361877441406,-20.28765106201172,-20.287353515625
-15.219382286071777,-15.66040325164795,-16.05156135559082,-16.23831558227539,-16.23283576965332,-16.28368377685547,-16.774808883666992,-17.607460021972656,-18.42426109313965,-18.8790340423584,-19.058584213256836,-19.277790069580078,-19.5528507232666,-19.66265296936035,-19.690099716186523,-19.970075607299805,-20.26130485534668,-20.417827606201172,-20.532190322875977,-20.70033836364746,-20.762439727783203,-20.61542510986328,-20.55552864074707,-20.539958953857422,-20.541292190551758,-20.510467529296875,-20.395753860473633,-20.304590225219727,-20.174802780151367,-19.993188858032227,-19.76664924621582,-19.517793655395508,-19.245864868164062,-19.035964965820312,-19.107816696166992,-19.457279205322266,-19.599824905395508,-19.404680252075195,-19.24110984802246,-19.37364959716797,-19.76861572265625,-19.994434356689453,-20.024803161621094,-19.876508712768555
-13.818008422851562,-14.120843887329102,-14.63464641571045,-14.991597175598145,-15.009793281555176,-15.164058685302734,-15.670282363891602,-16.4426212310791,-17.446075439453125,-18.269481658935547,-18.540834426879883,-18.486103057861328,-18.7442569732666,-19.12346076965332,-19.43276596069336,-19.513277053833008,-19.762285232543945,-19.84258270263672,-19.803861618041992,-19.94161605834961,-20.160720825195312,-20.284597396850586,-20.2607479095459,-20.133962631225586,-19.963542938232422,-19.744104385375977,-19.487110137939453,-19.380598068237305,-19.421796798706055,-19.452056884765625,-19.25210189819336,-18.913753509521484,-18.636329650878906,-18.559112548828125,-18.679092407226562,-18.934478759765625,-19.059566497802734,-18.912778854370117,-18.839582443237305,-19.057865142822266,-19.46595573425293,-19.671802520751953,-19.495141983032227,-19.128049850463867
-12.926850318908691,-12.93256664276123,-13.17471981048584,-13.5482177734375,-13.866229057312012,-13.990187644958496,-14.208401679992676,-14.758049011230469,-15.778241157531738,-17.032855987548828,-17.920997619628906,-18.014310836791992,-18.026899337768555,-18.4737606048584,-18.972061157226562,-19.18446922302246,-19.24143409729004,-19.288227081298828,-19.149948120117188,-19.154035568237305,-19.375232696533203,-19.666065216064453,-19.681310653686523,-19.468582153320312,-19.267986297607422,-19.103126525878906,-18.93963050842285,-18.80031394958496,-18.72815704345703,-18.657976150512695,-18.49106216430664,-18.300870895385742,-18.201019287109375,-18.22380828857422,-18.29898452758789,-18.349225997924805,-18.3601016998291,-18.29697036743164,-18.254608154296875,-18.306068420410156,-18.42193031311035,-18.51386833190918,-18.486438751220703,-18.260953903198242
-12.304349899291992,-12.314933776855469,-12.388038635253906,-12.466035842895508,-12.62146282196045,-12.854096412658691,-13.09317398071289,-13.399558067321777,-14.028695106506348,-15.173611640930176,-16.486122131347656,-17.29310417175293,-17.427921295166016,-17.578102111816406,-18.25749969482422,-18.742725372314453,-18.803144454956055,-18.78792381286621,-18.78940773010254,-18.758581161499023,-18.743803024291992,-18.88117790222168,-18.99367904663086,-18.883573532104492,-18.578351974487305,-18.378368377685547,-18.32131004333496,-18.21253204345703,-18.021480560302734,-17.810291290283203,-17.69690704345703,-17.67382049560547,-17.77841567993164,-17.908117294311523,-17.89176368713379,-17.762880325317383,-17.742027282714844,-17.790130615234375,-17.70054817199707,-17.50725555419922,-17.35416030883789,-17.141496658325195,-16.83675765991211,-16.721506118774414
-11.052391052246094,-11.472240447998047,-11.895528793334961,-12.040374755859375,-11.896414756774902,-11.745925903320312,-11.951568603515625,-12.580228805541992,-13.31174087524414,-13.970440864562988,-14.730270385742188,-15.595405578613281,-16.205995559692383,-16.54945945739746,-17.182783126831055,-17.886857986450195,-18.187564849853516,-18.246898651123047,-18.338912963867188,-18.41706657409668,-18.39865493774414,-18.407005310058594,-18.443716049194336,-18.337162017822266,-18.08150291442871,-17.869136810302734,-17.75429916381836,-17.72081756591797,-17.608505249023438,-17.41643524169922,-17.269433975219727,-17.264347076416016,-17.44072151184082,-17.706575393676758,-17.823265075683594,-17.687894821166992,-17.478742599487305,-17.340227127075195,-17.2307186126709,-16.993391036987305,-16.58885383605957,-16.27117156982422,-15.974047660827637,-15.790239334106445
-9.644542694091797,-10.161592483520508,-10.816932678222656,-11.301570892333984,-11.382479667663574,-11.121475219726562,-10.939277648925781,-11.369508743286133,-12.387511253356934,-13.398386001586914,-13.975064277648926,-14.24132251739502,-14.585354804992676,-15.145978927612305,-15.906840324401855,-16.59153938293457,-17.05701446533203,-17.385549545288086,-17.57660484313965,-17.714635848999023,-17.810880661010742,-17.972524642944336,-18.113529205322266,-18.05482292175293,-17.79690933227539,-17.419466018676758,-17.095449447631836,-17.041940689086914,-17.143827438354492,-17.1982421875,-17.153339385986328,-17.101428985595703,-17.13406753540039,-17.29052734375,-17.485891342163086,-17.507829666137695,-17.162330627441406,-16.805397033691406,-16.692554473876953,-16.621767044067383,-16.197673797607422,-15.81340217590332,-15.67894458770752,-15.497397422790527
-9.246676445007324,-9.295742988586426,-9.615041732788086,-10.091397285461426,-10.50633716583252,-10.69084644317627,-10.672554969787598,-10.74067211151123,-11.229297637939453,-12.052887916564941,-12.796147346496582,-13.253968238830566,-13.61522102355957,-14.065018653869629,-14.637873649597168,-15.268585205078125,-15.824015617370605,-16.22358512878418,-16.517314910888672,-16.753236770629883,-17.014060974121094,-17.385379791259766,-17.718568801879883,-17.82618522644043,-17.71314811706543,-17.35021209716797,-16.788944244384766,-16.418167114257812,-16.415544509887695,-16.70271873474121,-16.97487449645996,-17.027610778808594,-16.919118881225586,-16.776031494140625,-16.8420467376709,-17.066198348999023,-16.956527709960938,-16.380525588989258,-16.202199935913086,-16.40790367126465,-16.308122634887695,-15.949036598205566,-15.614781379699707,-15.431414604187012
-9.999176979064941,-9.709646224975586,-9.54532527923584,-9.583405494689941,-9.708267211914062,-9.857720375061035,-10.125839233398438,-10.529830932617188,-10.910603523254395,-11.173643112182617,-11.508523941040039,-12.036975860595703,-12.6864013671875,-13.155801773071289,-13.609193801879883,-14.15674877166748,-14.67969036102295,-15.063431739807129,-15.380876541137695,-15.812500953674316,-16.228960037231445,-16.582862854003906,-16.927412033081055,-17.21536636352539,-17.329492568969727,-17.21279525756836,-16.887889862060547,-16.484195709228516,-16.164852142333984,-16.19571876525879,-16.443634033203125,-16.645221710205078,-16.62659454345703,-16.450654983520508,-16.305862426757812,-16.41893196105957,-16.67254066467285,-16.505294799804688,-16.181671142578125,-16.156015396118164,-16.252756118774414,-16.082429885864258,-15.756370544433594,-15.432130813598633
-10.643014907836914,-10.398627281188965,-10.084368705749512,-9.770541191101074,-9.540655136108398,-9.405818939208984,-9.463217735290527,-9.844758033752441,-10.360220909118652,-10.675559043884277,-10.880029678344727,-11.228398323059082,-11.719311714172363,-12.214580535888672,-12.70545768737793,-13.191821098327637,-13.691288948059082,-14.188179969787598,-14.55706787109375,-14.95935344696045,-15.450614929199219,-15.887746810913086,-16.3140869140625,-16.570159912109375,-16.709665298461914,-16.674718856811523,-16.692922592163086,-16.624731063842773,-16.418853759765625,-16.131053924560547,-16.01747703552246,-16.158292770385742,-16.249454498291016,-16.186107635498047,-15.95013427734375,-15.779559135437012,-16.09913444519043,-16.38801383972168,-16.355297088623047,-16.090463638305664,-16.000240325927734,-15.716055870056152,-15.415873527526855,-15.315790176391602
-10.952550888061523,-10.694656372070312,-10.329062461853027,-9.907641410827637,-9.64134693145752,-9.541792869567871,-9.356616973876953,-9.225679397583008,-9.533143997192383,-9.928969383239746,-10.204909324645996,-10.520759582519531,-10.979194641113281,-11.473980903625488,-11.91837215423584,-12.361204147338867,-12.852479934692383,-13.380351066589355,-13.929160118103027,-14.482588768005371,-14.845748901367188,-15.297625541687012,-15.803353309631348,-16.15948486328125,-16.116331100463867,-16.149614334106445,-16.123023986816406,-16.30864715576172,-16.14982795715332,-16.054100036621094,-15.983545303344727,-15.971986770629883,-15.985830307006836,-15.902371406555176,-15.629971504211426,-15.440085411071777,-15.749344825744629,-15.823049545288086,-15.771113395690918,-15.647879600524902,-15.339275360107422,-15.169661521911621,-15.132535934448242,-15.014688491821289
-11.440567970275879,-11.038619041442871,-10.575664520263672,-10.05229377746582,-9.610089302062988,-9.411206245422363,-9.357406616210938,-9.336878776550293,-9.298416137695312,-9.43016242980957,-9.5613431930542,-9.800165176391602,-10.286741256713867,-10.846116065979004,-11.264071464538574,-11.584954261779785,-11.930021286010742,-12.49611759185791,-13.302553176879883,-14.049407005310059,-14.531259536743164,-14.831388473510742,-15.147392272949219,-15.478494644165039,-15.672969818115234,-15.69647216796875,-15.575204849243164,-15.426965713500977,-15.490391731262207,-15.605212211608887,-15.609155654907227,-15.586776733398438,-15.627737998962402,-15.578117370605469,-15.542986869812012,-15.29947280883789,-15.224226951599121,-15.273316383361816,-15.04204273223877,-14.870810508728027,-14.827613830566406,-14.721762657165527,-14.55626392364502,-14.48007583618164
-11.917454719543457,-11.394079208374023,-10.852075576782227,-10.33967399597168,-9.956483840942383,-9.7007417678833,-9.478509902954102,-9.308937072753906,-9.295425415039062,-9.387199401855469,-9.380667686462402,-9.370640754699707,-9.608206748962402,-10.088560104370117,-10.55787467956543,-10.939587593078613,-11.169140815734863,-11.600753784179688,-12.428354263305664,-13.271722793579102,-13.895648956298828,-14.281658172607422,-14.453490257263184,-14.571222305297852,-14.770055770874023,-14.983499526977539,-14.985957145690918,-14.965567588806152,-14.960830688476562,-14.90172004699707,-14.881007194519043,-14.998284339904785,-15.132172584533691,-15.19278621673584,-15.061725616455078,-14.91575813293457,-14.929312705993652,-14.620749473571777,-14.382461547851562,-14.239799499511719,-14.316076278686523,-14.326004981994629,-14.111339569091797,-13.855571746826172
-12.155731201171875,-11.69427490234375,-11.183388710021973,-10.651890754699707,-10.206302642822266,-9.993355751037598,-9.770072937011719,-9.564921379089355,-9.33614444732666,-9.146201133728027,-9.110645294189453,-9.251100540161133,-9.457259178161621,-9.639962196350098,-9.870270729064941,-10.221935272216797,-10.493352890014648,-10.873644828796387,-11.486981391906738,-12.28002643585205,-12.911568641662598,-13.285547256469727,-13.588912010192871,-13.723756790161133,-13.979697227478027,-14.20346450805664,-14.33857536315918,-14.143593788146973,-14.133320808410645,-14.282918930053711,-14.471209526062012,-14.51024055480957,-14.51479434967041,-14.47270393371582,-14.328088760375977,-14.208439826965332,-14.238604545593262,-14.275379180908203,-14.064897537231445,-13.767474174499512,-13.639951705932617,-13.680383682250977,-13.688478469848633,-13.475716590881348
