data/wind_data/wind_31_5.json
{"header": {"parameterUnit": "KT", "parameterCategory": 2, "nx": 256, "ny": 198, "lo1": 44.73521041870117, "la1": -3.236724853515625, "lo2": 111.26478576660156, "la2": 43.468475341796875, "dx": 0.2609002888202667, "dy": -0.23708222806453705, "refTime": "2025-02-20 07:00:00", "forecastTime": 0, "parameterNumber": 2, "parameterNumberName": "eastward_wind"}, "data":
[rows 171 to 189 of 198, columns 0 to 43 of 256]
26.400157928466797,29.841571807861328,29.673551559448242,28.80997657775879,28.105308532714844,26.73317527770996,25.303346633911133,23.861600875854492,21.93790054321289,19.44132423400879,17.347993850708008,16.167774200439453,15.700651168823242,16.56114959716797,13.7440824508667,12.680084228515625,15.117475509643555,18.010272979736328,19.378429412841797,19.112777709960938,18.089448928833008,17.57056999206543,18.01323127746582,18.231403350830078,17.30031394958496,15.510978698730469,14.078047752380371,13.896121978759766,14.404648780822754,14.95976448059082,15.531364440917969,16.592205047607422,18.06212615966797,19.549701690673828,20.88172149658203,21.848644256591797,22.14649200439453,21.484773635864258,20.143495559692383,18.339109420776367,16.80464744567871,16.11115074157715,16.175939559936523,16.6656436920166
26.731103897094727,29.973976135253906,29.369081497192383,28.323543548583984,28.277849197387695,28.483835220336914,27.802650451660156,26.673072814941406,24.70114517211914,21.937179565429688,20.19391632080078,18.56200408935547,17.76161766052246,16.623979568481445,12.449422836303711,11.822491645812988,14.148642539978027,16.7311954498291,18.2115478515625,18.648269653320312,18.63937759399414,18.89381980895996,19.561359405517578,19.727867126464844,18.63509750366211,16.585338592529297,14.460457801818848,13.297222137451172,13.241215705871582,13.868025779724121,14.788206100463867,15.97291374206543,17.366458892822266,18.739336013793945,19.869665145874023,20.59309196472168,20.737977981567383,19.89826774597168,18.408010482788086,16.639482498168945,15.508833885192871,15.631375312805176,16.115638732910156,16.535776138305664
28.458520889282227,29.899192810058594,29.153581619262695,28.697124481201172,27.929147720336914,27.257152557373047,26.987863540649414,27.047269821166992,26.438213348388672,24.25857925415039,23.013010025024414,21.509632110595703,20.091716766357422,18.018877029418945,15.80907154083252,14.34618854522705,14.888731956481934,15.973847389221191,16.509746551513672,17.059497833251953,17.881332397460938,19.076501846313477,20.445222854614258,21.012666702270508,20.126392364501953,18.107770919799805,15.817152976989746,14.05547046661377,13.441056251525879,13.868488311767578,14.756656646728516,15.79052448272705,16.97625160217285,18.348726272583008,19.48021697998047,19.91344451904297,19.36873435974121,17.91942024230957,16.3790225982666,15.071533203125,14.531389236450195,15.174129486083984,16.01835060119629,16.336978912353516
30.23150634765625,29.933277130126953,29.194412231445312,29.524328231811523,28.579730987548828,27.17938804626465,26.39299964904785,26.116350173950195,25.775720596313477,25.298171997070312,24.69944953918457,23.238765716552734,21.613494873046875,19.853418350219727,18.976016998291016,17.33744239807129,17.27190589904785,17.107601165771484,16.63813018798828,16.68321990966797,17.338674545288086,18.48616600036621,19.88844871520996,20.766284942626953,20.444494247436523,18.916767120361328,16.709901809692383,14.738876342773438,13.844200134277344,13.978870391845703,14.782318115234375,15.89737319946289,17.24808120727539,18.685527801513672,19.70344352722168,19.68751335144043,18.315378189086914,16.349153518676758,14.876198768615723,14.083876609802246,13.698714256286621,14.407014846801758,15.163960456848145,15.35157299041748
31.014923095703125,30.961769104003906,29.835718154907227,30.056995391845703,30.494272232055664,30.480690002441406,29.102264404296875,27.0947322845459,25.328533172607422,25.04334259033203,24.764455795288086,23.576913833618164,22.08151626586914,20.543060302734375,19.89807891845703,19.503469467163086,19.640913009643555,19.46756362915039,18.9157657623291,18.33356475830078,18.12347984313965,18.429899215698242,19.076671600341797,19.540817260742188,19.44091033935547,18.573589324951172,16.879207611083984,15.157447814941406,14.163167953491211,14.09642505645752,14.917055130004883,16.1654052734375,17.724151611328125,19.098403930664062,19.86227798461914,19.526554107666016,17.800830841064453,15.848382949829102,14.508190155029297,13.806075096130371,13.078606605529785,13.115315437316895,13.453036308288574,14.438158988952637
32.700374603271484,32.53934097290039,31.278963088989258,31.308761596679688,33.034690856933594,33.68034362792969,31.80083465576172,29.54351234436035,27.74135398864746,26.921165466308594,26.075057983398438,24.877758026123047,23.669130325317383,22.41091537475586,21.577667236328125,21.10028839111328,21.08573341369629,21.273141860961914,21.300640106201172,20.876821517944336,20.150405883789062,19.38808822631836,18.845619201660156,18.526235580444336,18.273603439331055,17.84998893737793,16.90408706665039,15.756911277770996,14.854068756103516,14.666056632995605,15.33515453338623,16.509428024291992,17.876218795776367,18.927257537841797,19.501768112182617,19.234472274780273,17.83949089050293,16.229158401489258,15.015144348144531,14.155327796936035,13.13161849975586,12.657410621643066,12.772709846496582,14.134902954101562
33.94419860839844,32.94982147216797,32.5341682434082,33.40433883666992,35.13723373413086,35.776885986328125,34.42363357543945,33.19679260253906,32.3477668762207,30.692459106445312,28.069717407226562,26.083234786987305,25.333709716796875,24.764848709106445,23.846433639526367,22.920167922973633,22.383869171142578,22.412504196166992,22.868505477905273,23.12926483154297,22.51270294189453,21.021440505981445,19.36869239807129,18.27509307861328,17.842288970947266,17.654664993286133,17.213542938232422,16.523530960083008,15.856597900390625,15.628288269042969,16.147708892822266,17.07042694091797,17.880504608154297,18.4772891998291,18.897443771362305,18.776269912719727,17.85396385192871,16.865690231323242,16.015853881835938,15.293087005615234,14.621561050415039,13.94250774383545,13.529154777526855,14.268918991088867
34.36415481567383,35.64393997192383,36.15849304199219,36.85892868041992,38.63750457763672,39.6418571472168,37.89166259765625,36.18770980834961,34.4987907409668,32.05506896972656,29.00379753112793,26.990129470825195,26.54969024658203,26.397071838378906,25.811208724975586,24.803388595581055,23.822898864746094,23.59467124938965,24.148099899291992,24.576129913330078,24.08694839477539,22.648826599121094,20.744159698486328,19.09979820251465,18.218013763427734,17.951526641845703,17.681781768798828,17.218669891357422,16.7398681640625,16.634811401367188,17.155092239379883,17.87874984741211,18.222843170166016,18.319915771484375,18.323305130004883,18.12661361694336,17.605318069458008,16.916772842407227,16.73878288269043,16.728343963623047,16.563093185424805,15.879610061645508,15.20034122467041,15.06479549407959
35.17894744873047,39.6960563659668,41.425601959228516,41.587867736816406,42.58708953857422,41.58988571166992,39.157508850097656,36.82253646850586,34.306026458740234,31.42020034790039,28.8879451751709,27.50055503845215,27.256467819213867,27.20404052734375,26.71991539001465,25.82352066040039,24.927650451660156,24.771886825561523,25.292325973510742,25.326351165771484,24.7108154296875,23.795269012451172,22.434419631958008,20.63776206970215,19.053211212158203,18.17534637451172,17.74549102783203,17.396595001220703,17.075740814208984,17.183914184570312,17.895660400390625,18.630823135375977,18.80047607421875,18.53887367248535,17.934186935424805,17.480865478515625,17.142656326293945,17.068204879760742,17.144638061523438,17.233774185180664,17.18377685546875,16.826160430908203,16.1929874420166,15.195979118347168
35.630638122558594,40.66436004638672,42.57272720336914,42.9847526550293,43.20439910888672,42.42329025268555,40.976741790771484,38.831485748291016,35.504554748535156,31.715904235839844,28.93494987487793,27.59745979309082,27.213794708251953,27.131492614746094,26.958959579467773,26.526220321655273,26.057031631469727,25.850135803222656,25.868408203125,25.52752113342285,25.074399948120117,24.734907150268555,23.872848510742188,21.96476173400879,19.724903106689453,18.096996307373047,17.351146697998047,17.073043823242188,16.902984619140625,17.200210571289062,18.139867782592773,19.008586883544922,19.280622482299805,18.878643035888672,17.79690933227539,17.0357666015625,17.050453186035156,17.346372604370117,17.142255783081055,16.805797576904297,16.50970458984375,16.30900001525879,15.544331550598145,14.065255165100098
34.2171516418457,37.153114318847656,39.239402770996094,41.12192916870117,42.5361442565918,43.430030822753906,43.49028396606445,42.285308837890625,38.586368560791016,33.470245361328125,29.575109481811523,27.579626083374023,26.946613311767578,26.994529724121094,27.08364486694336,27.357845306396484,27.40456771850586,26.81925392150879,25.962215423583984,25.35150146484375,25.310874938964844,25.361989974975586,24.43186378479004,22.345355987548828,19.854373931884766,17.81853675842285,16.799148559570312,16.48331069946289,16.380794525146484,16.83516502380371,17.945375442504883,18.970787048339844,19.403575897216797,18.89346694946289,17.696386337280273,17.059391021728516,17.084121704101562,17.28797721862793,16.889198303222656,16.188810348510742,15.650588035583496,15.283220291137695,14.425854682922363,13.145652770996094
33.36143493652344,33.68197250366211,35.446102142333984,38.10869598388672,39.601505279541016,39.865474700927734,39.76532745361328,39.042850494384766,37.00680923461914,33.34471893310547,29.924549102783203,27.998613357543945,27.36825180053711,27.259246826171875,27.79001808166504,28.888282775878906,29.041332244873047,27.895862579345703,26.071918487548828,25.026296615600586,25.245840072631836,25.48192024230957,24.295879364013672,22.13486671447754,19.678775787353516,17.468801498413086,16.1649227142334,15.669038772583008,15.573308944702148,16.19214630126953,17.42640495300293,18.575355529785156,19.013126373291016,18.36083221435547,17.239225387573242,16.770023345947266,16.811248779296875,16.702007293701172,16.15770149230957,15.713347434997559,15.26055908203125,14.685073852539062,13.882159233093262,13.082192420959473
33.64064025878906,34.33296585083008,34.207061767578125,34.688499450683594,34.96438980102539,34.485206604003906,34.468379974365234,34.466983795166016,34.227970123291016,32.875328063964844,31.081396102905273,29.52824592590332,28.473058700561523,29.507160186767578,31.449909210205078,31.783769607543945,30.694814682006836,28.32948875427246,25.641101837158203,24.371227264404297,24.67939567565918,25.093231201171875,24.041532516479492,21.957509994506836,19.618144989013672,17.289913177490234,15.582100868225098,14.726984977722168,14.488848686218262,15.191060066223145,16.604148864746094,17.843135833740234,18.206680297851562,17.68939971923828,16.80768394470215,16.314592361450195,16.17957305908203,15.457783699035645,14.893680572509766,14.922436714172363,14.843061447143555,14.451634407043457,13.966547966003418,13.47737979888916
33.835289001464844,34.000431060791016,33.10569763183594,31.834177017211914,31.68912124633789,31.311012268066406,31.595605850219727,32.401763916015625,33.236785888671875,33.105587005615234,32.75668716430664,32.498905181884766,33.6517448425293,35.88148880004883,35.580345153808594,33.794822692871094,30.804054260253906,27.138946533203125,24.778932571411133,24.038806915283203,24.23667335510254,24.43471336364746,23.6811580657959,22.04155921936035,20.073810577392578,17.762243270874023,15.512672424316406,13.965206146240234,13.355314254760742,13.940019607543945,15.344718933105469,16.58185386657715,17.05206298828125,16.993989944458008,16.573890686035156,16.331022262573242,15.748417854309082,14.422808647155762,13.87901496887207,14.240948677062988,14.459446907043457,14.391236305236816,14.183317184448242,13.832772254943848
33.71372985839844,34.16551208496094,32.46737289428711,30.7303524017334,30.800230026245117,30.678674697875977,31.120882034301758,31.565677642822266,32.509315490722656,33.55644607543945,35.46564483642578,37.99574661254883,40.29129409790039,39.682861328125,36.157466888427734,32.881160736083984,28.5230655670166,25.25994110107422,24.005708694458008,23.8377685546875,23.951101303100586,23.888484954833984,23.29672622680664,22.21348762512207,20.835796356201172,18.784975051879883,16.170970916748047,13.911737442016602,12.71519947052002,12.87059211730957,13.877796173095703,15.03042221069336,15.782564163208008,16.197389602661133,16.338947296142578,16.272958755493164,15.234590530395508,13.79169750213623,13.553963661193848,13.955798149108887,14.275691986083984,14.51284122467041,14.504765510559082,14.235554695129395
32.805477142333984,33.1070556640625,31.98111915588379,31.828622817993164,32.43642044067383,32.10649490356445,31.524906158447266,31.377180099487305,32.28608322143555,35.25550079345703,39.11443328857422,40.51010513305664,39.263431549072266,35.507572174072266,32.44697189331055,29.640220642089844,26.349830627441406,24.232656478881836,23.32843017578125,23.17205238342285,23.42512321472168,23.548852920532227,23.13160514831543,22.28847312927246,21.310869216918945,19.789199829101562,17.254362106323242,14.546401977539062,12.797462463378906,12.23550796508789,12.60661792755127,13.555112838745117,14.515782356262207,15.24672794342041,15.603548049926758,15.521793365478516,14.576654434204102,13.58638858795166,13.405644416809082,13.762399673461914,14.274266242980957,14.895337104797363,15.223531723022461,15.014077186584473
31.894533157348633,31.57611846923828,31.81028938293457,33.33984375,34.1262321472168,32.7960319519043,31.34966278076172,31.66021728515625,33.915042877197266,37.834171295166016,40.365447998046875,37.70809555053711,35.82284927368164,32.7335319519043,29.503175735473633,27.168697357177734,25.263296127319336,23.65950584411621,22.567752838134766,22.232158660888672,22.587295532226562,23.110498428344727,23.0784969329834,22.369722366333008,21.57273292541504,20.61439323425293,18.714771270751953,16.074663162231445,14.003597259521484,12.708900451660156,12.30266284942627,12.801730155944824,13.69354248046875,14.487765312194824,14.776811599731445,14.699726104736328,14.19059944152832,13.534199714660645,13.277530670166016,13.742494583129883,14.62328052520752,15.547246932983398,16.117265701293945,15.966286659240723
30.66516876220703,31.217750549316406,32.31034851074219,33.851661682128906,33.97003173828125,32.82329177856445,32.419761657714844,34.23820114135742,37.731414794921875,40.818843841552734,39.392738342285156,36.4314079284668,34.34191131591797,31.459388732910156,28.239444732666016,26.084896087646484,24.484771728515625,23.019804000854492,21.858774185180664,21.383766174316406,21.646732330322266,22.30128288269043,22.695295333862305,22.35562515258789,21.689865112304688,21.093673706054688,20.01374053955078,17.943002700805664,15.810866355895996,14.003865242004395,12.782868385314941,12.711254119873047,13.350873947143555,14.18858528137207,14.464533805847168,14.303997993469238,13.937800407409668,13.458902359008789,13.335482597351074,14.016602516174316,15.098540306091309,15.96727466583252,16.501413345336914,16.43295669555664
28.702957153320312,29.410980224609375,31.309772491455078,32.481056213378906,33.6922721862793,35.274513244628906,37.32646179199219,40.108585357666016,42.773582458496094,41.4898796081543,38.73347473144531,35.86195755004883,32.378814697265625,29.34101676940918,26.841787338256836,25.120176315307617,23.77161979675293,22.56409454345703,21.60483169555664,21.144580841064453,21.220563888549805,21.674938201904297,22.17352867126465,22.283689498901367,21.902877807617188,21.476314544677734,21.041872024536133,19.919551849365234,18.281518936157227,16.505001068115234,14.716059684753418,13.802872657775879,13.994117736816406,14.833364486694336,15.21276569366455,14.852591514587402,14.406852722167969,14.088979721069336,14.068260192871094,14.65929889678955,15.595246315002441,16.22474479675293,16.511308670043945,16.61988639831543
