data/wind_data/wind_2_4.json
{"header": {"parameterUnit": "KT", "parameterCategory": 2, "nx": 256, "ny": 198, "lo1": 44.73521041870117, "la1": -3.236724853515625, "lo2": 111.26478576660156, "la2": 43.468475341796875, "dx": 0.2609002888202667, "dy": -0.23708222806453705, "refTime": "2025-02-19 02:00:00", "forecastTime": 0, "parameterNumber": 2, "parameterNumberName": "eastward_wind"}, "data":
[rows 171 to 189 of 198, columns 0 to 43 of 256]
26.735218048095703,27.580120086669922,26.649288177490234,26.684524536132812,26.031288146972656,25.597240447998047,25.375232696533203,24.922670364379883,25.109392166137695,24.98021697998047,24.27943992614746,23.34528160095215,23.11225128173828,21.971471786499023,19.55641746520996,15.016477584838867,10.852499008178711,10.506989479064941,12.857131004333496,14.971746444702148,16.15251922607422,17.044801712036133,18.002513885498047,18.368013381958008,18.236164093017578,18.85831642150879,20.91533660888672,24.085060119628906,26.37023162841797,25.193822860717773,21.539432525634766,18.618009567260742,17.846017837524414,18.379764556884766,19.12777328491211,19.761701583862305,19.946622848510742,19.5509090423584,18.948095321655273,18.66335105895996,18.438819885253906,17.52488899230957,16.501033782958984,15.913182258605957
26.88736915588379,27.394479751586914,26.32424545288086,26.423004150390625,26.36231803894043,26.208362579345703,26.09374237060547,26.47975730895996,27.327136993408203,25.7071590423584,22.132450103759766,21.137964248657227,22.511152267456055,22.868549346923828,19.390016555786133,18.554685592651367,19.240299224853516,19.079137802124023,17.349950790405273,15.03726863861084,14.231201171875,15.368685722351074,17.189128875732422,18.78411102294922,20.30181312561035,22.076602935791016,24.507972717285156,26.831253051757812,26.484922409057617,23.094099044799805,19.67768096923828,18.48441505432129,19.14842987060547,20.198009490966797,20.715349197387695,21.075542449951172,21.44611930847168,21.289894104003906,20.4986515045166,19.727510452270508,19.188249588012695,17.91506576538086,16.255468368530273,15.64786434173584
26.186092376708984,25.548542022705078,25.49433708190918,25.994802474975586,26.281551361083984,27.059040069580078,27.62561798095703,27.719114303588867,27.235044479370117,24.71487808227539,22.087413787841797,22.19750213623047,22.585935592651367,21.71270751953125,18.05119514465332,18.551570892333984,20.575035095214844,21.616817474365234,22.008207321166992,21.421939849853516,20.439151763916016,20.586000442504883,22.522228240966797,25.19649314880371,27.11465072631836,28.051990509033203,28.582347869873047,28.006576538085938,25.176881790161133,21.211915969848633,19.11208724975586,19.826244354248047,21.52652359008789,22.409221649169922,22.201740264892578,21.987369537353516,22.334354400634766,22.609834671020508,22.009601593017578,20.88405418395996,19.880979537963867,18.228866577148438,15.989139556884766,15.266197204589844
25.355907440185547,25.514925003051758,26.09654426574707,26.802080154418945,27.644365310668945,29.08396339416504,28.891254425048828,26.884796142578125,25.45716667175293,23.755970001220703,21.502887725830078,20.28449249267578,19.820411682128906,20.0592041015625,18.515525817871094,17.74091148376465,18.717138290405273,20.08006477355957,21.7187442779541,23.106430053710938,23.966785430908203,24.937524795532227,27.002904891967773,29.311988830566406,30.282339096069336,30.067886352539062,29.488628387451172,27.59424591064453,23.569364547729492,20.04843521118164,19.972036361694336,21.86216926574707,22.70224380493164,21.916690826416016,21.06526756286621,21.35280418395996,22.50836181640625,23.37193489074707,22.916006088256836,21.575090408325195,20.143444061279297,18.315176010131836,16.16376304626465,15.440163612365723
25.23894691467285,26.750980377197266,27.797353744506836,28.461727142333984,28.770618438720703,28.97517204284668,25.70684814453125,25.506208419799805,25.524389266967773,22.718475341796875,18.799047470092773,17.201889038085938,17.316116333007812,17.356592178344727,16.29747772216797,15.679122924804688,16.616601943969727,18.17763328552246,19.19559097290039,19.953563690185547,20.872554779052734,22.596647262573242,25.079328536987305,27.246065139770508,28.020177841186523,27.95000457763672,27.59412384033203,25.673179626464844,22.33856964111328,21.065868377685547,22.656530380249023,23.793018341064453,22.444150924682617,20.324357986450195,19.762657165527344,20.957704544067383,22.70258140563965,23.711959838867188,23.12740135192871,21.510578155517578,19.889272689819336,18.705949783325195,17.302751541137695,16.302011489868164
25.67325210571289,27.39444923400879,28.531293869018555,28.39097023010254,28.705242156982422,27.569103240966797,22.36297607421875,25.302656173706055,25.765913009643555,22.038349151611328,18.35757064819336,17.11273956298828,17.182395935058594,17.52470588684082,17.123836517333984,16.339778900146484,16.353519439697266,16.751012802124023,16.588764190673828,16.80252456665039,17.99778938293457,20.12566566467285,22.422285079956055,23.853599548339844,24.31529426574707,24.327041625976562,24.257356643676758,23.426504135131836,22.87091064453125,24.110931396484375,25.220993041992188,24.064205169677734,21.712202072143555,20.173067092895508,19.925352096557617,20.76055908203125,22.239521026611328,23.142345428466797,22.499595642089844,20.781919479370117,19.766441345214844,19.516040802001953,18.727832794189453,17.36383819580078
25.69761848449707,26.951017379760742,28.697391510009766,28.749229431152344,28.90151023864746,26.790489196777344,20.72010612487793,21.178815841674805,22.08692741394043,20.67836570739746,20.631607055664062,21.220048904418945,21.044286727905273,20.48512077331543,19.679433822631836,18.297128677368164,16.35268783569336,14.689760208129883,14.394394874572754,15.545138359069824,17.5698299407959,19.960784912109375,22.088693618774414,23.04234504699707,22.720354080200195,22.306852340698242,22.5750675201416,23.206649780273438,24.247295379638672,25.009138107299805,24.08782958984375,22.358980178833008,21.582433700561523,20.952428817749023,20.04857063293457,19.5738582611084,20.8646240234375,21.966135025024414,21.3761043548584,20.16058349609375,19.97347068786621,19.872642517089844,19.186702728271484,17.794458389282227
24.38056182861328,27.575397491455078,29.520320892333984,29.844663619995117,29.364986419677734,26.436201095581055,19.063610076904297,19.284744262695312,22.736526489257812,23.097454071044922,20.614742279052734,16.2530517578125,14.095282554626465,14.961715698242188,16.863571166992188,18.205068588256836,18.74850082397461,19.230735778808594,19.418785095214844,19.285297393798828,19.841596603393555,21.281587600708008,22.87987518310547,23.602863311767578,23.238798141479492,22.728561401367188,22.770681381225586,23.081802368164062,22.149751663208008,20.344310760498047,20.04200553894043,21.472902297973633,22.47028923034668,21.706716537475586,20.666759490966797,19.968345642089844,20.747833251953125,21.627729415893555,21.15142059326172,20.668716430664062,20.440162658691406,19.900711059570312,19.164350509643555,17.895601272583008
27.899456024169922,30.949771881103516,31.357990264892578,30.567529678344727,28.88601303100586,24.327232360839844,19.443204879760742,19.530858993530273,19.299570083618164,17.518739700317383,16.84528923034668,17.531803131103516,19.337919235229492,21.365398406982422,22.902938842773438,23.384599685668945,22.79413414001465,21.691410064697266,20.675106048583984,20.297225952148438,20.637481689453125,21.045372009277344,21.117435455322266,20.862653732299805,20.571462631225586,20.63935661315918,21.29549789428711,22.193838119506836,22.377159118652344,21.998016357421875,22.550304412841797,23.51801300048828,23.59369659423828,23.081941604614258,23.13364028930664,23.264442443847656,22.914527893066406,22.51772689819336,22.270156860351562,22.016498565673828,21.12942123413086,20.016857147216797,19.196502685546875,17.960872650146484
28.805904388427734,32.46711349487305,32.222503662109375,30.824121475219727,28.304288864135742,24.63552474975586,21.791913986206055,21.349632263183594,19.40005111694336,17.18912124633789,17.57745933532715,19.207683563232422,20.11880111694336,20.211891174316406,20.151702880859375,20.15793800354004,20.0014705657959,18.907072067260742,18.271873474121094,19.31928825378418,20.64577293395996,21.14703369140625,20.845199584960938,20.04709815979004,19.266307830810547,19.139110565185547,19.739948272705078,20.53516960144043,20.95879364013672,21.32027244567871,21.90000343322754,22.045259475708008,22.29234504699707,23.014240264892578,24.001415252685547,24.549827575683594,24.10225486755371,23.439809799194336,23.2320613861084,22.671491622924805,21.31224822998047,19.937009811401367,18.97088623046875,17.604961395263672
30.370563507080078,31.723268508911133,30.847002029418945,30.368572235107422,28.811981201171875,25.71807289123535,23.731966018676758,24.039304733276367,23.912378311157227,23.089731216430664,22.72088623046875,22.30068016052246,21.441377639770508,21.061748504638672,21.328811645507812,22.137821197509766,22.07202911376953,19.8363094329834,18.473955154418945,19.45789337158203,20.89354705810547,21.728004455566406,21.220539093017578,19.802593231201172,18.952667236328125,18.9637451171875,19.386693954467773,19.946195602416992,20.274581909179688,20.371017456054688,20.594507217407227,21.11513328552246,22.208951950073242,23.479541778564453,24.574424743652344,25.39891815185547,25.44504165649414,24.742807388305664,23.76814079284668,22.38545036315918,20.555944442749023,19.194679260253906,18.417097091674805,17.057615280151367
32.04978561401367,30.476377487182617,29.796628952026367,30.179847717285156,27.901338577270508,26.15582275390625,26.17420768737793,26.382640838623047,26.172069549560547,25.36227798461914,25.199735641479492,25.9311466217041,27.17036247253418,28.46089744567871,29.342466354370117,28.726802825927734,25.7723388671875,22.198923110961914,21.254150390625,22.01133155822754,22.516681671142578,22.010860443115234,20.950754165649414,19.975013732910156,19.144018173217773,19.017528533935547,19.489194869995117,19.917695999145508,20.04714584350586,19.994876861572266,20.03653335571289,20.537023544311523,21.623811721801758,23.023122787475586,24.349546432495117,25.268592834472656,25.648284912109375,25.306400299072266,24.041255950927734,22.000965118408203,19.887880325317383,18.65557861328125,17.80762481689453,16.27657127380371
33.65367126464844,31.783653259277344,30.648080825805664,30.164615631103516,29.448823928833008,29.604433059692383,29.634918212890625,29.949756622314453,29.979022979736328,29.722339630126953,29.51875114440918,29.7824764251709,30.99549674987793,32.407527923583984,31.984615325927734,28.55067253112793,25.485393524169922,23.027433395385742,23.66448211669922,25.209970474243164,24.911285400390625,23.345809936523438,21.75794219970703,19.280292510986328,16.33311653137207,15.18071460723877,15.793246269226074,16.49626350402832,16.454299926757812,16.277996063232422,16.479623794555664,17.31073570251465,18.703792572021484,20.464954376220703,22.440752029418945,24.151084899902344,25.010488510131836,24.835180282592773,23.630321502685547,21.793048858642578,19.922588348388672,18.514493942260742,17.064416885375977,15.325607299804688
34.05037307739258,33.76691436767578,33.45297622680664,33.208885192871094,32.14280700683594,30.366342544555664,29.206558227539062,28.91963768005371,29.330575942993164,29.757219314575195,29.869441986083984,30.59849739074707,32.13364791870117,33.36526870727539,30.273813247680664,24.910202026367188,22.702064514160156,23.38882827758789,26.413436889648438,27.592266082763672,25.83485984802246,22.631017684936523,16.471933364868164,10.425253868103027,8.953171730041504,9.856021881103516,10.614033699035645,11.131871223449707,12.160194396972656,13.735559463500977,15.252220153808594,16.353866577148438,17.234880447387695,18.36370277404785,20.012304306030273,22.148815155029297,23.7747859954834,23.93621826171875,22.79306411743164,21.145055770874023,19.615564346313477,18.032451629638672,16.01009178161621,14.241375923156738
34.9483642578125,37.555625915527344,37.575340270996094,36.680667877197266,35.08107376098633,33.03156661987305,31.26001739501953,30.172454833984375,29.901599884033203,30.427080154418945,31.567190170288086,33.32293701171875,33.9482536315918,31.568466186523438,25.169605255126953,23.134109497070312,17.868505477905273,14.532662391662598,15.162698745727539,16.633180618286133,16.69610023498535,12.477561950683594,7.314745903015137,6.743030071258545,8.162317276000977,9.242307662963867,9.929962158203125,10.934686660766602,12.464799880981445,14.143218994140625,15.495048522949219,16.21613311767578,16.654178619384766,17.138105392456055,17.80406951904297,19.169618606567383,20.80134391784668,21.34614372253418,20.612342834472656,19.666858673095703,18.883859634399414,17.326480865478516,14.914280891418457,13.12576961517334
37.670040130615234,39.72408676147461,39.61171340942383,38.5595817565918,37.157623291015625,35.20268630981445,33.35902786254883,31.995237350463867,31.599185943603516,32.09687805175781,34.83816146850586,35.99643325805664,32.21756362915039,28.378883361816406,27.511180877685547,19.687644958496094,10.665627479553223,6.67358922958374,6.131185531616211,7.297287464141846,7.480382442474365,5.7638163566589355,6.363552570343018,8.431326866149902,9.646574020385742,10.654245376586914,12.085567474365234,13.406883239746094,14.076414108276367,14.67747974395752,15.546844482421875,16.19384002685547,16.611948013305664,16.831819534301758,16.64848518371582,16.353153228759766,16.514440536499023,17.107894897460938,17.906715393066406,18.498069763183594,18.178466796875,16.575027465820312,14.127796173095703,12.25866413116455
38.50472640991211,38.4416389465332,38.29703140258789,37.61214828491211,36.68257141113281,36.16332244873047,35.71366500854492,35.10188293457031,32.44537353515625,34.27876663208008,38.068363189697266,34.08857345581055,29.95669174194336,31.565595626831055,26.86583137512207,18.557445526123047,11.406805992126465,5.893819332122803,3.5678606033325195,3.915532350540161,4.454861164093018,6.281933784484863,9.248208999633789,10.806602478027344,11.596726417541504,12.86729621887207,14.445569038391113,15.559633255004883,15.547979354858398,15.101665496826172,15.046407699584961,15.076642990112305,15.27638053894043,15.530768394470215,15.114571571350098,13.881665229797363,13.307254791259766,14.505382537841797,16.701051712036133,17.884687423706055,17.19442367553711,15.578895568847656,13.494441986083984,11.790873527526855
37.659515380859375,37.31262969970703,36.96623611450195,36.31470489501953,36.253814697265625,35.96058654785156,34.89716720581055,33.32118606567383,34.55436706542969,39.2388916015625,40.41582489013672,30.06356430053711,28.74954605102539,30.493854522705078,26.26182746887207,21.21756362915039,17.66426658630371,15.632893562316895,13.52832317352295,10.756465911865234,10.711647987365723,12.781853675842285,14.222960472106934,14.337442398071289,14.649797439575195,15.693258285522461,16.432531356811523,16.45722007751465,15.982595443725586,15.263078689575195,14.818060874938965,14.48056411743164,14.20428466796875,14.051994323730469,13.527966499328613,12.619710922241211,12.733231544494629,14.52590274810791,16.638032913208008,16.882762908935547,15.671956062316895,14.47460651397705,13.039090156555176,11.669296264648438
35.887351989746094,35.44172286987305,35.42385482788086,35.6726188659668,35.012176513671875,34.78459930419922,35.89491271972656,38.105655670166016,42.114200592041016,43.73598861694336,37.7301025390625,26.53040313720703,29.945743560791016,31.051305770874023,26.889965057373047,23.345874786376953,22.3675479888916,21.779701232910156,19.941993713378906,17.611875534057617,16.868690490722656,17.12291145324707,16.943235397338867,16.591196060180664,16.95836067199707,17.56021499633789,17.485145568847656,16.68791961669922,15.82976245880127,15.301162719726562,15.19213581085205,14.989253997802734,14.755464553833008,14.457481384277344,13.87976360321045,13.418680191040039,13.917943000793457,15.201203346252441,15.875524520874023,15.170909881591797,14.204999923706055,13.429793357849121,12.450960159301758,11.661393165588379
