data/wind_data/wind_62_5.json
{"header": {"parameterUnit": "KT", "parameterCategory": 2, "nx": 256, "ny": 198, "lo1": 44.73521041870117, "la1": -3.236724853515625, "lo2": 111.26478576660156, "la2": 43.468475341796875, "dx": 0.2609002888202667, "dy": -0.23708222806453705, "refTime": "2025-02-21 14:00:00", "forecastTime": 0, "parameterNumber": 2, "parameterNumberName": "eastward_wind"}, "data":
[rows 114 to 132 of 198, columns 44 to 87 of 256]
35.28428268432617,35.74987030029297,37.33882141113281,38.46418762207031,39.54465103149414,41.181034088134766,42.940879821777344,44.56450271606445,46.003360748291016,47.213706970214844,48.19614791870117,48.970584869384766,49.544090270996094,49.883426666259766,50.24081802368164,50.869136810302734,51.6223030090332,52.551944732666016,53.594913482666016,54.32722091674805,54.68441390991211,54.634765625,54.49505615234375,54.2369270324707,54.130104064941406,54.49266052246094,54.83286666870117,54.76818084716797,54.237281799316406,53.59601974487305,53.1248779296875,52.82944107055664,52.7059440612793,52.590110778808594,52.17131423950195,51.5166015625,50.80537033081055,49.351524353027344,47.20610046386719,45.71004104614258,46.05902862548828,47.52395248413086,48.05315017700195,47.96942138671875
35.60275650024414,35.44181823730469,36.500022888183594,37.34121322631836,38.07355499267578,39.135318756103516,40.185813903808594,41.250919342041016,42.26139450073242,43.20033264160156,44.236473083496094,45.19709014892578,45.997047424316406,46.66315460205078,47.429405212402344,48.27243423461914,48.86092758178711,49.37498092651367,50.06412887573242,50.8292121887207,51.740909576416016,52.57802963256836,53.164302825927734,53.42698669433594,53.34463119506836,53.3574333190918,53.7471809387207,54.1279296875,54.363101959228516,54.468902587890625,54.233154296875,53.48396682739258,52.988460540771484,52.82942199707031,53.042022705078125,53.378177642822266,53.49110412597656,52.830902099609375,49.80961990356445,47.375675201416016,47.221675872802734,47.640750885009766,47.800716400146484,48.323211669921875
35.62448501586914,35.60456848144531,35.83301544189453,36.43397903442383,37.48487854003906,39.002750396728516,39.87742233276367,40.28950119018555,40.72269821166992,41.0398063659668,41.540103912353516,41.998077392578125,42.412593841552734,43.185081481933594,44.347347259521484,45.33723831176758,45.6017951965332,45.54254150390625,45.94883728027344,47.12586212158203,48.87387466430664,50.45451736450195,51.26012420654297,51.573158264160156,51.639347076416016,51.701663970947266,51.95198440551758,52.266685485839844,52.446876525878906,52.54026412963867,52.46125411987305,52.18438720703125,52.26437759399414,52.97337341308594,54.005855560302734,54.32612609863281,53.31651306152344,51.7519416809082,49.58329772949219,49.04848861694336,49.76056671142578,47.835289001464844,46.58155059814453,47.12214279174805
36.116634368896484,36.16372299194336,36.04466247558594,36.0611572265625,37.12907409667969,39.348793029785156,41.236637115478516,41.98073959350586,42.09800338745117,41.74760055541992,41.38221740722656,41.12113952636719,41.12700271606445,41.565185546875,42.1591911315918,42.36509704589844,42.161521911621094,42.405025482177734,43.29476547241211,44.489749908447266,46.07685089111328,47.748008728027344,48.92006301879883,49.51200485229492,49.61809539794922,49.58396911621094,49.777015686035156,50.02449035644531,50.0466194152832,49.83903121948242,49.66168212890625,50.08583450317383,51.37798309326172,53.06305694580078,53.92280197143555,53.55575180053711,51.82392120361328,49.75638198852539,47.97572708129883,48.69364547729492,49.95444869995117,47.91106033325195,46.21310043334961,45.92127227783203
37.40769577026367,37.31394958496094,36.8240966796875,36.25053405761719,36.83845520019531,39.26944351196289,42.61452865600586,44.61966323852539,44.63127517700195,44.125938415527344,43.48347854614258,43.16096496582031,42.7959098815918,41.87321090698242,40.69617462158203,39.68385696411133,39.59123992919922,40.521202087402344,41.496131896972656,42.55275344848633,44.20654296875,45.86774444580078,46.8534049987793,47.04722213745117,46.71250915527344,46.44020080566406,46.508827209472656,46.92912673950195,47.09385299682617,47.06523513793945,47.350074768066406,48.51156997680664,50.652347564697266,52.228057861328125,52.989315032958984,52.570011138916016,50.20331573486328,48.293888092041016,46.01495361328125,48.07693862915039,50.31568908691406,48.51295471191406,46.241966247558594,45.564308166503906
38.57215881347656,38.127769470214844,37.172935485839844,36.47004699707031,36.78805923461914,39.389827728271484,43.18006134033203,45.82170104980469,46.80083084106445,47.92182159423828,46.5917854309082,43.46839141845703,40.85007095336914,39.0461540222168,37.912696838378906,37.92966842651367,39.43717956542969,41.64544677734375,43.748497009277344,45.18569564819336,45.67131423950195,45.677467346191406,45.776756286621094,46.0898323059082,46.11733627319336,45.81927490234375,45.52309036254883,45.3997802734375,45.1045036315918,45.18594741821289,46.300506591796875,48.31253433227539,50.600257873535156,51.35212326049805,50.41273880004883,49.036720275878906,47.48188400268555,47.10249710083008,46.00884246826172,49.31077194213867,52.49229049682617,50.362483978271484,48.1339225769043,47.394142150878906
39.0588264465332,38.05308151245117,37.356773376464844,37.42777633666992,38.25151443481445,40.541141510009766,44.36181640625,46.64472961425781,46.1802978515625,45.85164260864258,44.276607513427734,41.88882064819336,39.524662017822266,37.566802978515625,36.82754135131836,37.807044982910156,39.91069030761719,42.30780029296875,44.54227066040039,46.3675422668457,46.85015106201172,46.3026237487793,46.205509185791016,46.43598937988281,46.4266242980957,46.172306060791016,45.43815231323242,44.315975189208984,44.31673049926758,45.43083572387695,46.92763137817383,47.952388763427734,47.63536071777344,46.13347244262695,44.47764205932617,44.00092697143555,44.48644256591797,45.48451614379883,47.123756408691406,49.24338150024414,52.864715576171875,51.48837661743164,49.157718658447266,48.35277557373047
40.23393630981445,38.78139877319336,38.36390686035156,39.54768753051758,41.107357025146484,43.01482009887695,45.22640609741211,45.772071838378906,44.795955657958984,44.3775749206543,44.02336502075195,43.30210494995117,41.7092399597168,39.34019470214844,37.69530487060547,38.0441780090332,40.0140380859375,42.24906921386719,44.17041778564453,45.28449630737305,44.91335678100586,44.39286422729492,45.78852844238281,47.26961135864258,47.94082260131836,47.8306770324707,46.67510986328125,45.90177536010742,45.64775848388672,45.11611557006836,44.306732177734375,43.285457611083984,42.071044921875,40.96339416503906,40.50046157836914,41.40676498413086,43.10617446899414,45.0006103515625,46.64989471435547,48.61924743652344,51.67949676513672,51.98046875,49.082401275634766,48.00863265991211
41.850650787353516,41.58052062988281,41.30779266357422,41.6780891418457,42.68085861206055,44.38691711425781,45.67556381225586,45.377262115478516,44.82050704956055,44.92610549926758,44.88617706298828,43.91950988769531,41.858299255371094,39.957847595214844,38.859291076660156,38.73040008544922,39.89452362060547,41.62853240966797,42.8985710144043,43.31410217285156,42.485679626464844,42.62989044189453,45.07506561279297,46.583038330078125,48.734310150146484,50.33153533935547,48.300872802734375,46.20857620239258,45.00006103515625,43.55394744873047,42.000335693359375,40.739566802978516,39.3427848815918,37.85820007324219,37.71051025390625,39.048988342285156,40.81902313232422,42.353675842285156,43.879459381103516,45.76643753051758,47.55609893798828,51.067142486572266,48.291831970214844,46.50944519042969
42.190032958984375,43.059146881103516,43.53738021850586,43.267730712890625,43.73179244995117,45.32038116455078,46.063838958740234,44.8249397277832,43.56529998779297,43.91040802001953,44.80051040649414,44.50300216674805,43.000267028808594,41.791622161865234,40.792179107666016,39.55051040649414,39.593318939208984,40.676734924316406,42.12213897705078,42.44850158691406,42.02139663696289,42.57615280151367,43.911102294921875,46.24989318847656,48.280094146728516,48.357120513916016,47.326873779296875,46.22314453125,45.4300651550293,44.00727081298828,41.86357498168945,39.092613220214844,35.9079704284668,33.257667541503906,32.99580001831055,34.66547775268555,36.86428451538086,38.37042999267578,39.66650390625,41.28462600708008,43.699859619140625,47.10110855102539,44.86170196533203,42.629974365234375
44.569583892822266,43.816253662109375,44.322444915771484,44.92926788330078,44.37914276123047,44.15705108642578,44.26250076293945,43.974029541015625,43.7563362121582,44.498470306396484,45.221275329589844,45.045894622802734,43.81865310668945,42.49054718017578,41.96721267700195,41.79514694213867,42.133663177490234,42.656192779541016,43.100303649902344,43.45802688598633,44.36506271362305,44.76541519165039,44.733097076416016,47.09402084350586,46.82429122924805,46.64204025268555,45.98426055908203,45.16530227661133,44.67508316040039,43.4122314453125,40.43181228637695,36.519290924072266,33.54606628417969,32.545536041259766,33.0838623046875,34.27143096923828,35.903236389160156,37.06355285644531,37.50971984863281,38.67173385620117,39.82709884643555,42.129493713378906,41.31697463989258,40.19782257080078
46.042442321777344,45.798072814941406,46.14251708984375,46.671424865722656,46.421573638916016,45.25339126586914,43.70675277709961,43.39728927612305,44.65959548950195,44.853736877441406,43.74677658081055,42.24931716918945,41.66200637817383,41.93305206298828,42.526893615722656,43.95810317993164,46.048789978027344,46.978363037109375,46.79414367675781,46.24987030029297,45.74552917480469,45.50947189331055,46.89156723022461,47.14130783081055,46.290523529052734,45.37227249145508,44.67754364013672,44.345947265625,43.79705047607422,42.32044219970703,39.88048553466797,37.12529373168945,35.56214141845703,35.45664978027344,35.69921875,36.068321228027344,36.9947509765625,37.71121597290039,37.70649337768555,37.90187072753906,37.937252044677734,38.63140869140625,39.84870529174805,40.684234619140625
47.487728118896484,48.15388870239258,48.434139251708984,47.81171417236328,47.099185943603516,47.26734924316406,46.87040710449219,47.11514663696289,45.808006286621094,42.174800872802734,38.36003875732422,38.053531646728516,40.44413757324219,42.68137741088867,44.39221954345703,46.30586624145508,47.70413589477539,48.49082946777344,48.467384338378906,47.1338996887207,45.71018600463867,45.76250076293945,45.8733024597168,46.356178283691406,46.545719146728516,46.115169525146484,45.38595199584961,44.65528106689453,44.256900787353516,43.977027893066406,43.018218994140625,40.47260284423828,37.97200393676758,37.52810287475586,37.63319396972656,38.18892288208008,40.13016128540039,41.052452087402344,40.877681732177734,40.953147888183594,40.108299255371094,38.11534881591797,40.33272933959961,44.09129333496094
49.61971664428711,50.20365524291992,49.70400619506836,48.74664306640625,47.35525894165039,47.724666595458984,48.94295120239258,49.432125091552734,45.627662658691406,40.05731201171875,38.52825927734375,38.86006164550781,39.67189407348633,41.62313461303711,44.603782653808594,47.60975646972656,48.52809524536133,48.99290466308594,47.7562255859375,44.46689987182617,43.39883804321289,44.8575325012207,45.429718017578125,46.04121017456055,46.99579620361328,46.26084899902344,44.531044006347656,44.0353889465332,45.90760040283203,47.386260986328125,45.40237808227539,42.436336517333984,42.083335876464844,43.64927673339844,43.828330993652344,43.714412689208984,45.50680923461914,46.82225799560547,47.41935729980469,48.058998107910156,46.715396881103516,40.46574401855469,39.85728073120117,45.14470291137695
50.49977493286133,50.5126953125,49.5552864074707,49.28312683105469,49.433876037597656,49.685272216796875,49.86035919189453,47.90267562866211,44.42911911010742,42.010711669921875,41.35274124145508,40.94496154785156,40.55055618286133,41.39329528808594,43.80121994018555,46.826805114746094,48.32501983642578,48.67937469482422,46.96025085449219,42.33961486816406,43.04787826538086,44.95176315307617,45.403289794921875,45.9306755065918,47.54483413696289,48.112213134765625,44.202064514160156,42.1727180480957,46.42515182495117,49.22222900390625,44.60264587402344,41.753822326660156,46.094520568847656,50.70600891113281,52.90950012207031,52.22187042236328,50.663299560546875,51.129093170166016,51.76546859741211,49.043392181396484,46.85614776611328,44.30021667480469,40.47426986694336,40.436424255371094
49.93341827392578,49.66492462158203,49.1943244934082,50.07710647583008,51.607059478759766,50.862098693847656,48.31550216674805,45.757869720458984,44.031734466552734,43.84968185424805,44.31243133544922,43.349403381347656,41.675270080566406,40.978816986083984,42.589027404785156,45.729618072509766,47.918819427490234,48.29253387451172,45.833961486816406,42.48221969604492,43.61962890625,44.74468994140625,44.80599594116211,45.60669708251953,47.533817291259766,48.96046829223633,48.528594970703125,47.83956527709961,49.9285774230957,51.057498931884766,48.60964584350586,44.54289627075195,44.27471160888672,47.38929748535156,49.7215461730957,49.7011604309082,49.16782760620117,49.36008834838867,50.88037872314453,53.65720748901367,53.079105377197266,47.42608642578125,44.24681091308594,41.82586669921875
48.964385986328125,48.873634338378906,48.780391693115234,50.74721145629883,52.354896545410156,50.127296447753906,45.502323150634766,45.39669418334961,45.838104248046875,45.30195617675781,45.07478713989258,43.742801666259766,42.55791473388672,43.4093132019043,45.81736373901367,47.81663513183594,47.90028762817383,46.51198196411133,43.86519241333008,42.26994705200195,44.188079833984375,45.77571487426758,45.62959671020508,45.66320037841797,46.820396423339844,48.256893157958984,49.65766906738281,50.880165100097656,51.27598190307617,50.954627990722656,49.84225845336914,46.81294631958008,44.77387619018555,45.5284538269043,46.73394012451172,47.30735778808594,47.673614501953125,48.59689712524414,49.50870132446289,50.69208908081055,49.62428665161133,45.858821868896484,43.74001693725586,40.788204193115234
48.55302429199219,47.96106719970703,48.27009201049805,49.38103485107422,50.85795211791992,48.57931137084961,46.410743713378906,46.73027038574219,46.07684326171875,45.49700927734375,45.38800811767578,45.19673156738281,45.15628433227539,46.0867805480957,47.81386947631836,48.39659881591797,47.30644607543945,45.1277961730957,43.22822570800781,41.78461456298828,43.541255950927734,46.309566497802734,46.37979507446289,45.31367492675781,45.253658294677734,46.387969970703125,47.96775436401367,49.133689880371094,49.54996871948242,49.82835006713867,49.49915313720703,48.71140670776367,47.984107971191406,47.95103454589844,48.41315841674805,48.87263870239258,49.41260528564453,50.55642318725586,51.05982971191406,50.116397857666016,47.739990234375,45.2180061340332,45.02644348144531,43.48295593261719
48.15926742553711,46.61380386352539,45.62349319458008,47.075931549072266,48.86257553100586,48.059303283691406,47.305397033691406,46.43476104736328,45.15487289428711,44.577476501464844,44.51803207397461,44.7300910949707,45.28733444213867,46.447452545166016,47.863853454589844,47.86670684814453,46.65465545654297,44.92824172973633,42.790184020996094,42.25612258911133,43.270572662353516,45.13932800292969,45.45214080810547,44.30802917480469,43.9237060546875,44.32203674316406,45.019287109375,45.70561599731445,46.59246063232422,47.78924560546875,48.22397232055664,49.457794189453125,50.4354133605957,50.33687210083008,50.82343292236328,51.71486282348633,52.53603744506836,53.64292907714844,53.98664093017578,53.010772705078125,50.8150634765625,48.859519958496094,48.1024169921875,47.137332916259766
