data/wind_data/wind_2_3.json
{"header": {"parameterUnit": "KT", "parameterCategory": 2, "nx": 256, "ny": 198, "lo1": 44.73521041870117, "la1": -3.236724853515625, "lo2": 111.26478576660156, "la2": 43.468475341796875, "dx": 0.2609002888202667, "dy": -0.23708222806453705, "refTime": "2025-02-19 02:00:00", "forecastTime": 0, "parameterNumber": 2, "parameterNumberName": "eastward_wind"}, "data":
[rows 171 to 189 of 198, columns 132 to 175 of 256]
4.222652912139893,3.760870933532715,3.84995436668396,4.882044792175293,6.217650413513184,7.1813812255859375,7.526707649230957,7.60646915435791,7.9430389404296875,8.442931175231934,8.569902420043945,8.186633110046387,8.03662395477295,8.64339542388916,9.351214408874512,9.394145011901855,8.91259765625,8.40577220916748,8.241071701049805,8.383187294006348,8.90319538116455,9.645928382873535,10.246373176574707,10.892430305480957,11.596841812133789,12.537714004516602,13.09360122680664,13.151592254638672,14.134247779846191,16.471702575683594,18.91740608215332,20.351337432861328,23.35403060913086,29.802936553955078,35.45672607421875,36.601993560791016,36.60721206665039,37.87994384765625,39.27389907836914,41.53584671020508,37.47700500488281,23.281143188476562,16.27971839904785,16.27686882019043
5.113431930541992,5.011958122253418,5.583366394042969,6.844820976257324,8.094325065612793,8.804901123046875,8.670267105102539,8.418310165405273,8.58244514465332,8.51259708404541,7.839680194854736,7.227997779846191,7.512588024139404,8.192381858825684,8.348328590393066,7.975443363189697,7.65830659866333,7.510916233062744,7.520472526550293,7.534534931182861,7.60653018951416,7.949962139129639,8.319869995117188,8.72227954864502,9.419032096862793,10.424426078796387,11.440704345703125,12.158418655395508,12.85714340209961,13.903412818908691,14.870041847229004,14.347817420959473,14.149933815002441,18.08234977722168,24.403392791748047,30.789878845214844,35.28928756713867,38.53668212890625,41.013607025146484,42.19465255737305,41.296424865722656,35.535221099853516,33.75552749633789,36.978702545166016
5.98145055770874,6.465826511383057,7.592039108276367,8.865073204040527,9.818090438842773,10.020411491394043,9.40036392211914,8.935970306396484,8.522835731506348,7.473019599914551,6.304187774658203,6.236660003662109,6.9324727058410645,7.31215763092041,7.254132270812988,7.168824195861816,7.149155139923096,6.9423508644104,6.641526222229004,6.3605499267578125,6.139827251434326,6.3005242347717285,6.720282077789307,7.08524227142334,7.557546138763428,8.39863109588623,9.545513153076172,10.835397720336914,12.223763465881348,13.45114803314209,14.760891914367676,15.034551620483398,14.403327941894531,15.129974365234375,20.07391929626465,27.115283966064453,32.692527770996094,35.59785842895508,36.47203826904297,36.73831558227539,36.31937789916992,33.99623107910156,31.737016677856445,32.1907844543457
7.150984764099121,8.196784973144531,9.385404586791992,10.34070873260498,10.736400604248047,10.213737487792969,9.41571044921875,8.778996467590332,7.6607346534729,6.139908790588379,5.591374397277832,6.26111364364624,6.973630905151367,7.060037612915039,6.995069980621338,6.975849151611328,6.752401828765869,6.161833763122559,5.486706256866455,4.9603400230407715,4.740302562713623,5.013138294219971,5.602004528045654,6.069533824920654,6.493509292602539,7.046319484710693,7.798416614532471,9.070883750915527,10.552566528320312,11.856907844543457,13.048310279846191,14.038825035095215,14.254189491271973,14.216644287109375,15.21325969696045,18.942108154296875,23.807231903076172,27.191471099853516,28.898515701293945,29.547597885131836,29.985111236572266,30.618682861328125,30.75687026977539,30.742034912109375
8.739317893981934,9.823436737060547,10.844608306884766,11.422188758850098,11.032179832458496,10.042269706726074,9.21745491027832,8.296025276184082,6.787459850311279,5.5531134605407715,5.891376495361328,6.887045383453369,7.189970016479492,6.919740200042725,6.8803629875183105,6.899636268615723,6.502196788787842,5.669258117675781,4.673516273498535,3.7886157035827637,3.2149980068206787,3.1760852336883545,3.379770040512085,3.751060724258423,4.259287357330322,4.925264835357666,5.361752986907959,6.3942670822143555,7.946342468261719,9.294661521911621,10.366888046264648,11.24141788482666,11.703699111938477,11.595784187316895,10.69761848449707,10.905813217163086,13.43574333190918,16.518211364746094,19.038816452026367,19.92368507385254,21.294715881347656,24.027198791503906,26.555923461914062,27.770858764648438
10.145986557006836,10.950693130493164,11.695947647094727,11.742509841918945,10.894485473632812,9.913454055786133,9.079147338867188,7.855646133422852,6.220844268798828,5.823251724243164,6.764461040496826,7.686699390411377,7.516617774963379,6.986604690551758,6.897775173187256,6.722330570220947,6.135770797729492,5.180205821990967,4.1771955490112305,3.297668218612671,2.7857251167297363,2.6249043941497803,2.279090166091919,2.0856151580810547,2.241790294647217,2.72774600982666,3.1451234817504883,3.6650443077087402,4.817391395568848,6.060876846313477,7.288834095001221,8.182604789733887,8.642505645751953,8.583893775939941,8.523079872131348,8.921030044555664,9.436430931091309,11.407395362854004,13.419844627380371,14.325732231140137,15.733270645141602,18.350862503051758,21.64073371887207,24.301483154296875
10.829044342041016,11.251662254333496,11.622880935668945,11.235713005065918,10.23922061920166,9.399868965148926,8.716960906982422,7.364538192749023,6.1636857986450195,6.62050724029541,7.932283401489258,8.533705711364746,7.904787063598633,7.32208251953125,7.134148120880127,6.707268238067627,6.062198162078857,5.135070323944092,4.464074611663818,4.032866954803467,3.832172393798828,3.5849387645721436,3.1752490997314453,2.6568808555603027,2.396611452102661,2.444444179534912,2.4571101665496826,2.5864927768707275,2.7583134174346924,3.189032554626465,3.845261812210083,4.6403961181640625,5.34742546081543,5.7686591148376465,6.405385494232178,7.4780964851379395,8.549948692321777,10.217056274414062,11.786027908325195,12.968405723571777,14.138453483581543,15.163209915161133,16.5635986328125,18.27560043334961
10.569747924804688,10.923791885375977,10.861700057983398,10.113016128540039,9.395008087158203,9.006616592407227,8.408440589904785,7.158560752868652,6.7167067527771,7.750889778137207,9.07009220123291,9.11311149597168,8.525073051452637,8.057975769042969,7.638435363769531,6.929727077484131,6.430939674377441,6.022261142730713,5.685333728790283,5.500731945037842,5.263075351715088,5.099950313568115,4.505188465118408,4.106261253356934,3.9833903312683105,3.9223685264587402,3.9731314182281494,4.09574031829834,4.163578510284424,4.165994644165039,4.193305492401123,4.3177056312561035,4.3409743309021,4.283226013183594,4.609737873077393,5.589077949523926,6.803796768188477,8.138426780700684,9.512768745422363,10.761136054992676,11.609782218933105,11.270862579345703,11.583086013793945,12.525639533996582
9.572774887084961,9.513673782348633,8.960634231567383,8.437506675720215,8.627744674682617,8.897589683532715,8.15184497833252,7.017178058624268,7.323707103729248,9.042296409606934,10.018899917602539,9.967679977416992,9.406071662902832,9.087445259094238,8.222347259521484,7.285942077636719,7.13922119140625,7.035889148712158,7.021719455718994,6.9751973152160645,6.907299995422363,6.80413818359375,6.619494915008545,6.296520709991455,5.974817752838135,5.7689690589904785,5.775363445281982,5.896855354309082,5.902222633361816,5.811831951141357,5.715264797210693,5.657400608062744,5.579927921295166,5.421222686767578,5.500378608703613,5.934828758239746,6.521071910858154,7.21435022354126,8.051146507263184,9.003644943237305,9.635234832763672,9.408635139465332,9.082598686218262,8.887574195861816
11.020174026489258,9.624288558959961,8.897127151489258,8.870917320251465,9.185791015625,8.903773307800293,7.647909164428711,7.040191650390625,8.711202621459961,10.492658615112305,10.907966613769531,10.510041236877441,10.35864543914795,9.611166000366211,8.627577781677246,8.086865425109863,8.30345630645752,8.851298332214355,9.143335342407227,9.007810592651367,8.819644927978516,8.884098052978516,9.074944496154785,9.07042121887207,8.843154907226562,8.524954795837402,8.27110767364502,8.209365844726562,8.14713191986084,8.038578033447266,7.914072036743164,7.642752647399902,7.327632904052734,7.082878112792969,6.984799861907959,7.013797760009766,7.174466609954834,7.5592756271362305,8.084823608398438,8.680452346801758,9.154585838317871,9.301466941833496,9.330219268798828,9.420744895935059
12.763459205627441,11.010040283203125,10.19359016418457,10.325207710266113,10.061758995056152,8.612180709838867,7.133979797363281,8.226341247558594,10.715664863586426,11.977481842041016,11.48853588104248,11.009148597717285,10.521169662475586,9.767261505126953,9.325603485107422,9.54601764678955,10.161622047424316,10.80264949798584,11.11819839477539,11.029909133911133,10.688962936401367,10.674636840820312,11.140205383300781,11.563837051391602,11.54466438293457,11.21904182434082,10.836008071899414,10.592472076416016,10.473674774169922,10.388619422912598,10.347248077392578,10.189537048339844,9.878353118896484,9.532272338867188,9.111043930053711,8.597347259521484,8.245058059692383,8.265480041503906,8.547929763793945,8.960474967956543,9.479174613952637,9.792390823364258,9.817319869995117,9.606103897094727
10.137983322143555,10.42868709564209,10.943395614624023,11.09093952178955,10.165709495544434,8.407167434692383,7.911563873291016,10.025038719177246,12.439523696899414,12.505062103271484,11.412980079650879,10.97160816192627,10.707037925720215,10.297127723693848,10.386423110961914,11.113113403320312,12.014881134033203,12.406193733215332,12.217024803161621,12.097436904907227,12.055057525634766,12.044703483581543,12.372322082519531,13.002071380615234,13.464430809020996,13.454949378967285,13.134848594665527,12.78042221069336,12.526397705078125,12.40563678741455,12.457059860229492,12.548544883728027,12.518302917480469,12.25458812713623,11.59616470336914,10.717530250549316,9.911507606506348,9.59238338470459,9.531015396118164,9.502656936645508,9.555753707885742,9.455286979675293,9.067062377929688,8.63121509552002
5.830595016479492,7.479910373687744,9.256479263305664,10.147653579711914,9.937188148498535,9.347688674926758,9.722017288208008,11.736207008361816,13.060405731201172,12.038519859313965,11.172167778015137,11.123970031738281,11.122156143188477,11.136397361755371,11.675651550292969,12.513387680053711,13.361796379089355,13.430254936218262,12.768844604492188,12.385541915893555,12.52588176727295,12.76357650756836,12.944463729858398,13.247589111328125,13.851751327514648,14.538094520568848,14.923299789428711,14.810651779174805,14.373525619506836,14.007637977600098,13.900516510009766,13.906445503234863,14.0117769241333,14.032986640930176,13.350997924804688,12.63421630859375,11.946290016174316,11.541095733642578,11.149091720581055,10.369853019714355,9.734953880310059,9.230759620666504,8.759255409240723,8.417947769165039
8.153949737548828,7.4466962814331055,8.128839492797852,9.240676879882812,9.797587394714355,9.993918418884277,10.904759407043457,12.290010452270508,12.634827613830566,11.967697143554688,11.614376068115234,11.680508613586426,11.869369506835938,12.296350479125977,12.95895767211914,13.68626594543457,14.165745735168457,14.047683715820312,13.480335235595703,12.923056602478027,12.581826210021973,12.404021263122559,12.369853019714355,12.546283721923828,13.060011863708496,13.942070960998535,14.96505069732666,15.65512752532959,15.87059211730957,15.762886047363281,15.6410551071167,15.119075775146484,15.013555526733398,15.16330623626709,15.056711196899414,14.599618911743164,13.868072509765625,13.18310546875,12.298286437988281,11.213296890258789,10.648873329162598,10.261663436889648,9.373772621154785,8.656989097595215
4.338588237762451,6.253238677978516,7.769531726837158,9.59787368774414,10.869200706481934,11.161504745483398,11.571337699890137,12.175268173217773,12.447616577148438,12.402528762817383,12.107131958007812,12.71779727935791,13.36914348602295,13.694100379943848,14.044431686401367,14.3563871383667,14.291319847106934,13.93834114074707,13.600842475891113,13.254021644592285,12.656618118286133,11.986274719238281,11.564505577087402,11.447981834411621,11.709339141845703,12.386566162109375,13.512968063354492,14.77657413482666,16.0047607421875,16.675582885742188,16.937135696411133,16.84489631652832,17.254947662353516,17.622438430786133,17.3857479095459,16.56337547302246,15.711390495300293,14.810285568237305,13.8292236328125,12.672130584716797,12.582633972167969,12.784795761108398,11.634540557861328,9.822632789611816
4.818793773651123,5.949730396270752,5.988223075866699,6.431682109832764,7.072142601013184,7.618252277374268,8.978111267089844,10.453861236572266,11.517841339111328,11.824934005737305,12.318140983581543,14.01527214050293,15.198432922363281,15.257665634155273,15.337173461914062,15.25898551940918,14.618370056152344,13.940394401550293,13.563754081726074,13.365670204162598,13.064682960510254,12.580507278442383,12.035324096679688,11.518819808959961,11.226393699645996,11.468267440795898,12.187494277954102,13.756505012512207,15.390009880065918,16.706748962402344,17.653120040893555,18.291950225830078,19.112504959106445,19.51000213623047,19.333423614501953,18.404800415039062,17.191967010498047,15.906275749206543,14.763397216796875,13.703927040100098,14.011000633239746,14.489678382873535,13.188151359558105,11.388486862182617
6.065818786621094,5.040345191955566,4.461123466491699,5.059412002563477,5.739675045013428,6.384308338165283,7.569051265716553,8.826394081115723,9.595013618469238,10.170504570007324,11.584315299987793,13.77509593963623,15.238109588623047,15.752079010009766,16.17991065979004,16.221960067749023,15.61289119720459,14.748087882995605,14.123211860656738,13.984830856323242,14.111382484436035,14.1676607131958,14.033199310302734,13.493597984313965,12.117447853088379,11.2993803024292,11.811335563659668,13.49839973449707,15.439111709594727,16.84017562866211,17.598743438720703,18.120798110961914,18.731334686279297,19.5894718170166,20.20505714416504,19.596256256103516,18.152442932128906,15.66183853149414,13.624390602111816,12.212714195251465,12.138493537902832,12.800490379333496,12.965457916259766,11.857696533203125
10.65298080444336,7.71849250793457,8.787856101989746,11.365690231323242,10.13939094543457,7.5908355712890625,6.510639667510986,8.158221244812012,8.639749526977539,8.737178802490234,9.637428283691406,10.582691192626953,12.832806587219238,15.044573783874512,16.1912784576416,16.384992599487305,15.845756530761719,15.427605628967285,15.33899211883545,15.479866981506348,15.80021858215332,16.082794189453125,15.955845832824707,15.010185241699219,13.230393409729004,12.234829902648926,13.142728805541992,14.288701057434082,15.444982528686523,16.851661682128906,17.212236404418945,16.95905876159668,16.714035034179688,16.913061141967773,16.672815322875977,16.587646484375,15.619736671447754,11.331308364868164,8.809873580932617,8.226523399353027,9.303030014038086,11.012735366821289,11.916372299194336,10.353456497192383
13.301403045654297,12.621843338012695,12.865338325500488,18.205615997314453,17.91602897644043,12.888429641723633,12.395092964172363,17.161590576171875,15.284821510314941,10.60950756072998,9.667745590209961,9.983977317810059,11.179754257202148,12.377528190612793,13.037609100341797,13.62358283996582,14.017266273498535,14.599226951599121,15.07703971862793,14.91106128692627,14.727273941040039,14.716428756713867,14.87354564666748,14.173432350158691,14.13388729095459,15.420975685119629,16.06270980834961,11.975516319274902,8.934639930725098,9.856680870056152,11.760577201843262,13.615594863891602,14.958066940307617,16.343076705932617,15.955076217651367,13.425537109375,10.524258613586426,8.31048583984375,6.855269908905029,7.45363187789917,8.716167449951172,8.776596069335938,7.358734607696533,5.502005100250244
