data/wind_data/wind_52_6.json
{"header": {"parameterUnit": "KT", "parameterCategory": 2, "nx": 256, "ny": 198, "lo1": 44.73521041870117, "la1": -3.236724853515625, "lo2": 111.26478576660156, "la2": 43.468475341796875, "dx": 0.2609002888202667, "dy": -0.23708222806453705, "refTime": "2025-02-21 04:00:00", "forecastTime": 0, "parameterNumber": 2, "parameterNumberName": "eastward_wind"}, "data":
[rows 100 to 119 of 198, columns 132 to 175 of 256]
75.89047241210938,76.08880615234375,75.77668762207031,75.28306579589844,75.2585678100586,75.58746337890625,76.0031967163086,76.39617156982422,76.82390594482422,77.50786590576172,78.54360961914062,79.74205017089844,80.79938507080078,81.64315795898438,82.35355377197266,82.97908782958984,83.51226043701172,83.91978454589844,84.430419921875,85.34249114990234,86.55891418457031,87.80787658691406,88.88394165039062,89.69293212890625,90.19109344482422,90.50686645507812,90.85245513916016,91.37444305419922,92.18575286865234,93.2012710571289,94.07735443115234,94.7650375366211,95.42901611328125,95.997802734375,96.28955078125,96.26407623291016,96.05314636230469,95.8280029296875,95.75484466552734,95.42976379394531,94.79586029052734,94.60011291503906,94.95272827148438,95.21806335449219
74.13105773925781,74.54264831542969,74.55889892578125,74.24314880371094,74.19376373291016,74.64239501953125,75.35357666015625,76.0900650024414,76.8067398071289,77.55744934082031,78.36904907226562,79.18577575683594,79.85916137695312,80.46414184570312,81.15433502197266,82.02413940429688,83.0367431640625,83.94891357421875,84.73562622070312,85.54231262207031,86.4053726196289,87.28409576416016,88.20401763916016,89.13640594482422,89.86708068847656,90.31696319580078,90.68467712402344,91.17549133300781,91.86056518554688,92.69940948486328,93.53634643554688,94.32670593261719,95.24556732177734,96.26152801513672,97.03406524658203,97.35682678222656,97.38478088378906,97.39262390136719,97.49099731445312,97.38479614257812,96.84989166259766,96.50714874267578,96.66927337646484,96.98477935791016
72.52362060546875,73.11894226074219,73.51718139648438,73.62525939941406,73.766845703125,74.26648712158203,75.10533905029297,76.07012176513672,77.04277038574219,77.98092651367188,78.8145980834961,79.48553466796875,79.92378997802734,80.26070404052734,80.72410583496094,81.40158081054688,82.33407592773438,83.46121215820312,84.65746307373047,85.7957992553711,86.6715316772461,87.1815185546875,87.68482208251953,88.50593566894531,89.44392395019531,90.20783233642578,90.72090911865234,91.13619995117188,91.60377502441406,92.14199829101562,92.80076599121094,93.60702514648438,94.51686096191406,95.50040435791016,96.51138305664062,97.38117980957031,97.93151092529297,98.22755432128906,98.48412322998047,98.6905288696289,98.52727508544922,98.22162628173828,98.11717987060547,98.1773452758789
71.17709350585938,71.94873809814453,72.65553283691406,73.22264862060547,73.6570816040039,74.13099670410156,74.77979278564453,75.58432006835938,76.49259948730469,77.488525390625,78.4335708618164,79.24310302734375,79.92550659179688,80.50023651123047,81.0567626953125,81.69409942626953,82.43242645263672,83.32083892822266,84.39640808105469,85.6298828125,86.6756591796875,87.18768310546875,87.39418029785156,87.78510284423828,88.52769470214844,89.5062255859375,90.46318817138672,91.1575927734375,91.57278442382812,91.85101318359375,92.19686126708984,92.79444885253906,93.68185424804688,94.7374038696289,95.83171081542969,96.87942504882812,97.76433563232422,98.3993911743164,98.86421203613281,99.20630645751953,99.2874984741211,99.15760040283203,99.07423400878906,99.09614562988281
70.279296875,71.37574768066406,72.29718780517578,73.03700256347656,73.56230926513672,73.87464141845703,74.09136199951172,74.37420654296875,74.89537811279297,75.77094268798828,76.84107971191406,77.95622253417969,79.10758209228516,80.19881439208984,81.0975570678711,81.84860229492188,82.61174774169922,83.36136627197266,84.17529296875,85.23973083496094,86.37788391113281,87.14258575439453,87.4149398803711,87.48153686523438,87.75373077392578,88.55016326904297,89.71622467041016,90.81353759765625,91.59359741210938,92.0400161743164,92.28340148925781,92.53931427001953,93.02640533447266,93.86463165283203,95.00262451171875,96.28563690185547,97.52031707763672,98.52375793457031,99.21205139160156,99.55939483642578,99.57833862304688,99.3721694946289,99.24723052978516,99.39068603515625
69.42742919921875,70.88421630859375,72.26062774658203,73.16154479980469,73.66362762451172,73.82239532470703,73.77115631103516,73.65380859375,73.77181243896484,74.29415130615234,75.20024108886719,76.4377212524414,77.92333221435547,79.46070098876953,80.7807388305664,81.8006820678711,82.6836929321289,83.49267578125,84.23600006103516,85.1172103881836,86.1231918334961,86.95858764648438,87.44985961914062,87.67095184326172,87.846435546875,88.302001953125,89.18939208984375,90.35516357421875,91.50540161132812,92.38710021972656,92.935546875,93.21772766113281,93.365234375,93.58320617675781,94.09461975097656,95.0159683227539,96.30545806884766,97.77425384521484,99.06590270996094,99.8368911743164,100.0274887084961,99.80206298828125,99.49723815917969,99.48426055908203
68.59516906738281,69.88238525390625,71.67293548583984,73.02753448486328,73.77044677734375,74.04573822021484,74.02163696289062,73.90000915527344,73.94473266601562,74.27692413330078,74.88674926757812,75.80635833740234,77.12295532226562,78.77937316894531,80.45547485351562,81.82501983642578,82.92581939697266,83.89171600341797,84.72457122802734,85.54972076416016,86.42324829101562,87.1307144165039,87.54658508300781,87.81974792480469,88.081787109375,88.43982696533203,89.07220458984375,90.03883361816406,91.24351501464844,92.43421173095703,93.35394287109375,93.93535614013672,94.2074966430664,94.23786163330078,94.21432495117188,94.42311096191406,95.06336975097656,96.16382598876953,97.48048400878906,98.66679382324219,99.48462677001953,99.86835479736328,99.90811920166016,99.90071868896484
68.2386474609375,68.87689971923828,70.6178970336914,72.42474365234375,73.58379364013672,74.11495208740234,74.306884765625,74.4494400024414,74.7120132446289,75.1189193725586,75.59608459472656,76.20025634765625,77.21148681640625,78.74826049804688,80.51901245117188,82.09175109863281,83.33326721191406,84.2771224975586,85.06272888183594,85.87661743164062,86.7310562133789,87.41629791259766,87.7505874633789,87.86776733398438,87.98754119873047,88.24787902832031,88.75345611572266,89.55339050292969,90.66973114013672,91.91395568847656,93.02770233154297,93.89936828613281,94.48470306396484,94.79460144042969,94.86933898925781,94.81336212158203,94.83234405517578,95.13343048095703,95.73085021972656,96.57849884033203,97.63772583007812,98.69303894042969,99.50562286376953,100.04381561279297
68.7945556640625,68.62232971191406,69.80171203613281,71.61707305908203,73.05794525146484,73.8287582397461,74.30493927001953,74.8104248046875,75.32002258300781,75.78094482421875,76.1839370727539,76.6331558227539,77.4242172241211,78.7226333618164,80.3770980834961,82.00736236572266,83.3151626586914,84.21265411376953,84.89759826660156,85.68832397460938,86.58856964111328,87.35265350341797,87.70831298828125,87.74003601074219,87.75736236572266,87.99158477783203,88.48431396484375,89.2094497680664,90.18790435791016,91.2377700805664,92.25609588623047,93.2644271850586,94.10086059570312,94.75764465332031,95.23945617675781,95.41372680664062,95.2958755493164,95.10789489746094,95.0048599243164,95.12159729003906,95.73368072509766,96.84618377685547,98.07344818115234,99.07977294921875
69.86257934570312,69.26347351074219,69.64828491210938,70.9511489868164,72.3189926147461,73.25621795654297,73.94921875,74.71129608154297,75.38059997558594,75.81168365478516,76.078857421875,76.32694244384766,76.77925109863281,77.65193939208984,79.00473022460938,80.56128692626953,81.8991470336914,82.88599395751953,83.69693756103516,84.63008117675781,85.6886215209961,86.630615234375,87.21756744384766,87.47510528564453,87.58084869384766,87.75482177734375,88.1454086303711,88.76315307617188,89.5480728149414,90.36707305908203,91.20863342285156,92.18049621582031,93.13229370117188,93.93730163574219,94.64059448242188,95.2510986328125,95.63638305664062,95.66075134277344,95.3277816772461,94.83940124511719,94.68006896972656,95.18757629394531,96.14288330078125,97.20858001708984
70.2205810546875,69.80741119384766,69.84181213378906,70.59611511230469,71.70748901367188,72.65919494628906,73.30059814453125,73.85313415527344,74.36156463623047,74.76971435546875,75.0235824584961,75.19942474365234,75.36278533935547,75.77740478515625,76.5960922241211,77.78201293945312,79.06143188476562,80.2083511352539,81.27024841308594,82.39751434326172,83.53011322021484,84.55679321289062,85.41880798339844,86.04100036621094,86.43257904052734,86.65921020507812,86.84358978271484,87.14644622802734,87.66336059570312,88.33914947509766,89.13163757324219,90.08097076416016,91.09634399414062,92.0428466796875,92.78556060791016,93.37053680419922,94.01376342773438,94.67827606201172,95.04449462890625,94.94954681396484,94.64152526855469,94.52950286865234,94.79632568359375,95.33111572265625
69.68059539794922,69.65560150146484,69.78583526611328,70.28734588623047,71.07184600830078,71.8817138671875,72.32049560546875,72.40555572509766,72.44658660888672,72.66213989257812,73.10021209716797,73.5661392211914,73.87501525878906,74.05133819580078,74.3536605834961,74.99848175048828,76.0133285522461,77.24398803710938,78.50373077392578,79.64393615722656,80.62517547607422,81.52973175048828,82.43730163574219,83.21551513671875,83.7342758178711,83.9935302734375,84.11656188964844,84.26712799072266,84.5053482055664,84.95092010498047,85.7222900390625,86.75965118408203,87.90098571777344,89.02271270751953,89.94291687011719,90.53810119628906,91.02202606201172,91.69189453125,92.51451873779297,93.30101013183594,93.92017364501953,94.29369354248047,94.5180435180664,94.62164306640625
68.73089599609375,69.0669174194336,69.43452453613281,69.823486328125,70.23407745361328,70.8072509765625,71.23255157470703,71.1061782836914,70.76647186279297,70.70994567871094,71.15741729736328,71.84727478027344,72.44498443603516,72.7857666015625,73.10308837890625,73.5983657836914,74.35946655273438,75.37364959716797,76.45079040527344,77.34658813476562,78.10521697998047,78.8947982788086,79.76981353759766,80.57404327392578,81.14544677734375,81.40625,81.46540832519531,81.51197052001953,81.63389587402344,81.90264129638672,82.4671630859375,83.39769744873047,84.5392074584961,85.61441040039062,86.4891357421875,87.22093963623047,87.98271942138672,88.88700866699219,89.86859130859375,90.78564453125,91.64408874511719,92.59115600585938,93.47028350830078,93.93182373046875
67.78132629394531,68.2972412109375,68.82652282714844,69.22608184814453,69.42936706542969,69.69450378417969,70.02005004882812,70.09207916259766,69.89080810546875,69.82666778564453,70.06990814208984,70.56635284423828,71.11726379394531,71.65858459472656,72.26541900634766,72.9786376953125,73.78782653808594,74.6492919921875,75.45655059814453,76.12928009033203,76.749755859375,77.54602813720703,78.54983520507812,79.48204040527344,80.05823516845703,80.21648406982422,80.14612579345703,80.09455108642578,80.16393280029297,80.40691375732422,80.90921783447266,81.68108367919922,82.59852600097656,83.49429321289062,84.30734252929688,85.1018295288086,86.03804016113281,87.10709381103516,88.16934967041016,89.03709411621094,89.627685546875,90.2734375,91.13710021972656,91.95622253417969
66.97381591796875,67.56918334960938,68.1537094116211,68.67274475097656,68.96089935302734,69.07398223876953,69.1227798461914,69.10140228271484,69.11995697021484,69.2959213256836,69.50234985351562,69.66246032714844,69.95877075195312,70.5412368774414,71.41865539550781,72.4535140991211,73.49368286132812,74.39512634277344,75.08277893066406,75.6530532836914,76.22138214111328,77.00780487060547,78.09927368164062,79.2025375366211,79.8268051147461,79.8741455078125,79.73197174072266,79.76437377929688,80.01129150390625,80.39061737060547,80.95711517333984,81.7204360961914,82.53410339355469,83.29490661621094,83.98126220703125,84.6206283569336,85.29647064208984,86.08512878417969,86.98609161376953,87.89884948730469,88.59452056884766,89.07270050048828,89.4596939086914,89.87969970703125
66.39129638671875,67.05438995361328,67.74105834960938,68.34648895263672,68.7168960571289,68.70501708984375,68.43341064453125,68.20230865478516,68.32738494873047,68.79859924316406,69.21184539794922,69.3756332397461,69.6177749633789,70.20611572265625,71.10658264160156,72.14208984375,73.1237564086914,73.91014099121094,74.4581069946289,74.94651794433594,75.55061340332031,76.35713958740234,77.3879165649414,78.43114471435547,79.09635162353516,79.2264633178711,79.15299224853516,79.36165618896484,79.94087219238281,80.59762573242188,81.20732879638672,81.88651275634766,82.68816375732422,83.56942749023438,84.37158203125,85.01801300048828,85.54883575439453,86.08682250976562,86.77657318115234,87.65853118896484,88.50260162353516,89.02530670166016,89.18260955810547,89.26113891601562
66.09280395507812,66.71733856201172,67.44631958007812,68.0702896118164,68.43639373779297,68.41593933105469,68.11247253417969,67.89573669433594,68.08513641357422,68.64298248291016,69.22430419921875,69.66802215576172,70.16008758544922,70.80630493164062,71.50698852539062,72.1922378540039,72.79373168945312,73.19792175292969,73.49813842773438,73.90837097167969,74.52169799804688,75.29401397705078,76.09552001953125,76.87686157226562,77.5946273803711,78.18272399902344,78.6851577758789,79.27693176269531,80.0706787109375,80.87705993652344,81.45523834228516,81.90347290039062,82.50250244140625,83.33618927001953,84.25243377685547,85.06387329101562,85.71517944335938,86.2735366821289,86.8506851196289,87.60540771484375,88.44292449951172,89.10844421386719,89.4361572265625,89.5721664428711
66.05300903320312,66.56375122070312,67.18890380859375,67.7748031616211,68.142578125,68.26217651367188,68.2223129272461,68.266357421875,68.56732940673828,69.06644439697266,69.62730407714844,70.26541137695312,71.00243377685547,71.67060852050781,72.08283996582031,72.29833984375,72.37984466552734,72.34616088867188,72.39234161376953,72.72052001953125,73.28295135498047,73.886474609375,74.46807861328125,75.29424285888672,76.67312622070312,78.3227767944336,79.62168884277344,80.40050506591797,80.94110870361328,81.4529037475586,81.78247833251953,82.02696228027344,82.39591217041016,82.93695068359375,83.61164855957031,84.38639831542969,85.18912506103516,85.92381286621094,86.64128112792969,87.39066314697266,88.11430358886719,88.77348327636719,89.38606262207031,89.78101348876953
66.14936828613281,66.60186767578125,67.05036163330078,67.55973815917969,68.02687072753906,68.40584564208984,68.71106719970703,69.02159118652344,69.39308166503906,69.8181381225586,70.32373046875,70.98202514648438,71.6700210571289,72.13402557373047,72.23565673828125,72.0343017578125,71.6673355102539,71.3369369506836,71.18365478515625,71.36876678466797,71.91670227050781,72.68612670898438,73.68297576904297,75.24952697753906,77.44577026367188,79.65933227539062,81.13898468017578,81.70751190185547,81.81298828125,81.8443603515625,82.03921508789062,82.45453643798828,82.99959564208984,83.50345611572266,83.8330307006836,84.10393524169922,84.4350357055664,84.71310424804688,85.1808090209961,85.8670425415039,86.65166473388672,87.56808471679688,88.62039184570312,89.40676879882812
66.31700897216797,66.79609680175781,67.11030578613281,67.55175018310547,68.15565490722656,68.80400848388672,69.3605728149414,69.78601837158203,70.13396453857422,70.4977035522461,70.98158264160156,71.5751953125,72.08787536621094,72.335693359375,72.16053771972656,71.4924545288086,70.63035583496094,70.04537963867188,69.911376953125,70.18276977539062,70.92450714111328,72.25689697265625,74.11136627197266,76.18122863769531,78.2911605834961,80.31916046142578,81.78514862060547,82.44830322265625,82.538330078125,82.44361114501953,82.63843536376953,83.14683532714844,83.5262222290039,83.57361602783203,83.228271484375,82.89976501464844,82.79459381103516,82.89476013183594,83.34461975097656,84.13850402832031,85.10372924804688,86.50930786132812,87.97740936279297,88.93868255615234
