data/wind_data/wind_Surface_55.json
{"header": {"parameterUnit": "KT", "parameterCategory": 2, "nx": 255, "ny": 198, "lo1": 44.73521041870117, "la1": -3.236724853515625, "lo2": 111.26478576660156, "la2": 43.468475341796875, "dx": 0.26192745566368103, "dy": -0.23708222806453705, "refTime": "2025-02-21 07:00:00", "forecastTime": 0, "parameterNumber": 3, "parameterNumberName": "northward_wind"}, "data":
[rows 19 to 37 of 198, columns 86 to 128 of 255]
-7.646247863769531,-7.202337741851807,-7.812962532043457,-8.588386535644531,-8.394147872924805,-8.162062644958496,-8.162958145141602,-7.674258232116699,-8.390256881713867,-7.7005791664123535,-7.713367462158203,-8.96954345703125,-10.238139152526855,-9.76791763305664,-8.766707420349121,-8.489973068237305,-8.61770248413086,-7.887612819671631,-7.290113925933838,-7.408157825469971,-8.861003875732422,-9.919174194335938,-9.129990577697754,-6.8486008644104,-5.880491256713867,-7.637003421783447,-9.626526832580566,-11.088578224182129,-11.779250144958496,-11.533215522766113,-8.338790893554688,-6.746143341064453,-6.542874813079834,-7.665389537811279,-6.885537624359131,-5.502048492431641,-5.640270233154297,-6.310020446777344,-7.426588535308838,-9.103965759277344,-10.117170333862305,-10.436423301696777,-10.936506271362305
-7.695106506347656,-7.782374858856201,-7.758779048919678,-7.905849456787109,-7.849708080291748,-7.229949951171875,-7.296721935272217,-7.713432312011719,-7.449223518371582,-7.155652046203613,-7.967642784118652,-9.484310150146484,-10.447993278503418,-9.400334358215332,-8.554170608520508,-8.186264991760254,-8.3417387008667,-8.498696327209473,-8.944039344787598,-9.309990882873535,-9.921073913574219,-10.473225593566895,-10.568804740905762,-9.217630386352539,-8.053261756896973,-8.3749361038208,-9.52037525177002,-10.592226028442383,-10.89834213256836,-10.810773849487305,-9.061859130859375,-7.567449569702148,-8.054797172546387,-8.892743110656738,-5.578425884246826,-3.904585599899292,-4.457367420196533,-6.113491535186768,-7.115683078765869,-6.961882591247559,-7.884727954864502,-9.809624671936035,-10.918309211730957
-8.39148998260498,-8.442898750305176,-8.276211738586426,-8.071849822998047,-8.479965209960938,-8.231599807739258,-7.353094577789307,-7.412082672119141,-7.156134605407715,-7.900619029998779,-8.643978118896484,-8.81662654876709,-8.316545486450195,-8.184282302856445,-8.48238468170166,-8.416582107543945,-8.415802955627441,-8.783158302307129,-9.414987564086914,-9.70368766784668,-9.985892295837402,-10.658323287963867,-10.894071578979492,-10.580009460449219,-10.132356643676758,-8.622551918029785,-7.838355541229248,-8.659228324890137,-9.333234786987305,-8.69127368927002,-7.969754219055176,-8.227170944213867,-9.298020362854004,-9.85074520111084,-5.513906478881836,-3.1825149059295654,-3.8250246047973633,-6.789425849914551,-7.383305549621582,-7.2165398597717285,-8.92544937133789,-10.017040252685547,-10.9456787109375
-8.17557144165039,-8.701738357543945,-8.609317779541016,-8.380257606506348,-9.319987297058105,-10.265253067016602,-9.35162353515625,-8.130499839782715,-8.351043701171875,-8.461479187011719,-7.695370674133301,-7.031847953796387,-6.222694396972656,-6.954699993133545,-7.888984680175781,-8.191564559936523,-8.279446601867676,-8.508354187011719,-9.02767562866211,-9.271684646606445,-9.217570304870605,-9.063813209533691,-9.00273609161377,-9.457487106323242,-9.993692398071289,-9.366158485412598,-8.181705474853516,-8.006538391113281,-9.250020980834961,-7.859312534332275,-6.331919193267822,-7.481977462768555,-9.656399726867676,-10.667688369750977,-8.201532363891602,-3.8951146602630615,-4.249055862426758,-6.768446922302246,-8.269490242004395,-9.624480247497559,-9.985897064208984,-9.247039794921875,-9.95123291015625
-8.046806335449219,-9.066727638244629,-8.31596565246582,-7.7495551109313965,-8.64118480682373,-9.963056564331055,-9.935219764709473,-9.037394523620605,-8.874592781066895,-7.789951324462891,-6.278693199157715,-5.379514217376709,-4.2463226318359375,-4.745372295379639,-5.815197467803955,-7.279126167297363,-7.2808098793029785,-6.941849231719971,-7.896949291229248,-8.676342964172363,-8.064105033874512,-7.7782816886901855,-7.912982940673828,-8.715693473815918,-9.927835464477539,-10.389317512512207,-8.918601989746094,-8.691516876220703,-10.493860244750977,-9.307039260864258,-7.059347152709961,-6.993491172790527,-9.135734558105469,-10.569258689880371,-10.445221900939941,-5.626466274261475,-4.445087909698486,-6.134528636932373,-8.91127872467041,-10.963577270507812,-9.472363471984863,-8.383879661560059,-8.976279258728027
-7.440304279327393,-7.2539286613464355,-6.092140197753906,-5.691133975982666,-6.176131248474121,-6.9097723960876465,-7.1156744956970215,-6.95350980758667,-6.733335494995117,-6.199953556060791,-6.075333595275879,-6.035325050354004,-4.3808979988098145,-2.6001272201538086,-3.2693979740142822,-6.569199562072754,-6.591067314147949,-5.376378059387207,-6.461740970611572,-7.906282424926758,-7.226900577545166,-7.359454154968262,-7.6561503410339355,-7.9012603759765625,-9.089740753173828,-10.22701358795166,-9.943578720092773,-9.317548751831055,-10.802714347839355,-11.350703239440918,-8.674934387207031,-7.012582778930664,-8.729270935058594,-10.734662055969238,-11.126325607299805,-8.71757698059082,-6.031594753265381,-6.259554386138916,-8.79337215423584,-10.840705871582031,-9.889269828796387,-8.564096450805664,-8.731538772583008
-5.613402366638184,-4.895367622375488,-4.746265888214111,-4.905707359313965,-4.1317458152771,-4.004448413848877,-4.288450241088867,-4.636712074279785,-4.623954772949219,-5.319935321807861,-5.64293098449707,-6.289617538452148,-6.661815166473389,-4.942236423492432,-3.805020809173584,-6.463000774383545,-7.303675174713135,-6.758967399597168,-6.620461463928223,-7.623758316040039,-7.629578590393066,-7.620030879974365,-8.3386869430542,-8.937914848327637,-8.692639350891113,-8.631086349487305,-9.350312232971191,-8.757640838623047,-8.895071029663086,-9.870903968811035,-9.320608139038086,-7.408376693725586,-6.774778366088867,-7.462046146392822,-8.764654159545898,-9.88206672668457,-8.019588470458984,-6.623268127441406,-8.078201293945312,-9.553070068359375,-8.785691261291504,-8.165898323059082,-8.167160034179688
-3.1979610919952393,-4.29007625579834,-5.082513809204102,-4.377923488616943,-3.1283600330352783,-2.579177141189575,-2.787858724594116,-3.3349738121032715,-3.134695529937744,-3.377305746078491,-4.300428867340088,-5.430855751037598,-7.4099225997924805,-7.800975799560547,-6.140022277832031,-6.024881362915039,-7.32375431060791,-8.15933609008789,-7.910260200500488,-8.234542846679688,-8.327871322631836,-8.273730278015137,-9.16727066040039,-9.754809379577637,-8.523421287536621,-7.39193868637085,-8.025200843811035,-9.07747745513916,-8.285356521606445,-7.806149005889893,-8.711071968078613,-8.781055450439453,-7.5389485359191895,-6.640954494476318,-6.803287506103516,-8.308987617492676,-7.897608280181885,-7.1871161460876465,-7.361154079437256,-7.368584632873535,-7.042157173156738,-6.922285556793213,-6.8185811042785645
-2.0683584213256836,-3.361163377761841,-4.175809860229492,-3.7153213024139404,-3.4536020755767822,-3.4138572216033936,-3.9134881496429443,-4.74452018737793,-4.748549461364746,-4.098383903503418,-4.359683036804199,-5.044020652770996,-6.316253662109375,-6.862939834594727,-6.139429569244385,-5.701584339141846,-7.155564308166504,-7.935929775238037,-8.15740966796875,-8.333553314208984,-8.387715339660645,-8.717013359069824,-9.185538291931152,-8.639628410339355,-7.794926643371582,-7.601044654846191,-8.045025825500488,-8.689895629882812,-8.275060653686523,-7.222643852233887,-7.583552360534668,-9.477117538452148,-9.570157051086426,-7.338600158691406,-5.873626232147217,-6.799696922302246,-6.947368621826172,-6.02365255355835,-6.395129203796387,-6.358988285064697,-6.264350414276123,-6.136981964111328,-5.491392135620117
-2.4738943576812744,-1.9854793548583984,-2.717296600341797,-3.2706000804901123,-4.216296672821045,-4.8657331466674805,-4.726297855377197,-5.7868428230285645,-6.86108922958374,-6.561330318450928,-5.1563520431518555,-4.861588478088379,-5.616751194000244,-5.811792850494385,-5.188314437866211,-6.069087028503418,-7.904769420623779,-8.047211647033691,-7.705155372619629,-7.597058296203613,-8.104812622070312,-8.625630378723145,-7.923624515533447,-6.774380207061768,-7.416890621185303,-8.097456932067871,-7.439379692077637,-6.76158332824707,-7.144734859466553,-6.843836784362793,-5.9976887702941895,-7.3014020919799805,-8.588664054870605,-7.357621669769287,-6.400299549102783,-6.982851028442383,-7.310192584991455,-4.89979362487793,-4.2581000328063965,-5.3130927085876465,-6.164939880371094,-6.122025012969971,-5.35255765914917
-3.5451958179473877,-3.1207947731018066,-2.617339611053467,-2.157985210418701,-4.265945911407471,-5.162478446960449,-3.490854024887085,-3.4641919136047363,-5.469367027282715,-5.740035533905029,-5.436789035797119,-6.0338640213012695,-6.890352249145508,-6.855890274047852,-6.507513523101807,-6.677907943725586,-7.077685356140137,-7.428156852722168,-7.776492595672607,-7.389471054077148,-7.190562725067139,-7.651139736175537,-7.16371488571167,-6.6463494300842285,-7.406408786773682,-7.316205978393555,-6.451809883117676,-5.828430652618408,-5.39183235168457,-5.476276397705078,-5.185186386108398,-5.111495494842529,-6.304281234741211,-6.8895182609558105,-6.840430736541748,-6.3533034324646,-6.103664875030518,-4.638669967651367,-2.9884910583496094,-3.189234733581543,-4.619729042053223,-5.723540306091309,-5.695329666137695
-4.269464015960693,-5.096235275268555,-5.301813125610352,-4.556472301483154,-4.540024280548096,-5.143073558807373,-4.926836013793945,-3.6172666549682617,-3.8419418334960938,-4.094300746917725,-4.643138408660889,-6.466797351837158,-8.125465393066406,-8.235283851623535,-8.09338665008545,-6.540464878082275,-5.613770008087158,-6.643965244293213,-7.663160800933838,-6.70133113861084,-5.9359025955200195,-6.9331583976745605,-7.986241817474365,-7.710844993591309,-6.688892364501953,-6.1322245597839355,-6.019418239593506,-5.711700439453125,-5.284725666046143,-5.577073574066162,-5.874754905700684,-5.743821144104004,-5.625119209289551,-5.97192907333374,-5.7582502365112305,-4.371524810791016,-3.759873390197754,-3.36797833442688,-2.8181803226470947,-2.2971737384796143,-1.966865062713623,-3.5390396118164062,-4.955561637878418
-3.2811408042907715,-4.328522682189941,-5.891049385070801,-5.952514171600342,-4.521144866943359,-5.281643390655518,-6.9389448165893555,-6.294731616973877,-4.510441303253174,-3.206129312515259,-3.0665416717529297,-5.353770732879639,-7.003839492797852,-7.370327472686768,-7.310759544372559,-5.895903587341309,-5.629674911499023,-6.941285610198975,-7.255611419677734,-6.634463787078857,-6.546928405761719,-7.060763359069824,-7.653245449066162,-6.9424333572387695,-6.125041484832764,-6.507643222808838,-6.7014875411987305,-5.933493614196777,-5.69192361831665,-5.788493633270264,-6.016265392303467,-5.651393890380859,-4.894114971160889,-4.493081569671631,-4.180760383605957,-3.7419228553771973,-2.5985770225524902,-1.4282417297363281,-2.078115701675415,-4.09010648727417,-3.779038906097412,-1.922202467918396,-3.0124988555908203
-2.211724281311035,-1.8391973972320557,-3.092264413833618,-3.540003776550293,-3.060354709625244,-4.144515514373779,-5.682235240936279,-6.570268154144287,-6.715196132659912,-5.587571620941162,-3.840749979019165,-3.8876535892486572,-4.476578712463379,-5.473781585693359,-5.745266437530518,-5.7668681144714355,-6.449342250823975,-6.89619779586792,-6.875110626220703,-7.620169162750244,-7.596116065979004,-6.4731621742248535,-6.490403652191162,-6.413280487060547,-5.9232258796691895,-6.102747917175293,-6.149955749511719,-6.028250694274902,-5.735266208648682,-5.2357964515686035,-5.267204284667969,-4.717685222625732,-4.019556522369385,-3.1374459266662598,-2.622964859008789,-2.512007236480713,-1.5661226511001587,-0.4394562840461731,0.5976337194442749,-1.7667062282562256,-4.454703330993652,-2.022679567337036,-1.708399772644043
-2.311335325241089,-1.2976272106170654,-2.132162570953369,-2.9082648754119873,-1.6911790370941162,-1.159501075744629,-2.6034469604492188,-3.8602139949798584,-5.522999286651611,-6.042101860046387,-4.712156772613525,-2.9648613929748535,-2.549718141555786,-4.391700744628906,-4.346571922302246,-4.299829959869385,-4.375076770782471,-4.849770545959473,-5.60235595703125,-6.02747106552124,-5.994492530822754,-5.749161720275879,-6.190176486968994,-6.507474422454834,-6.047489643096924,-5.929440021514893,-5.9059367179870605,-5.681987762451172,-5.350646018981934,-4.912483215332031,-5.034562587738037,-5.0208659172058105,-3.3356435298919678,-1.1142939329147339,-0.38150787353515625,-1.224043846130371,-2.0111451148986816,-2.5980515480041504,-1.4281829595565796,0.7272189259529114,0.96039879322052,0.4906606376171112,-0.8392211198806763
-2.8026487827301025,-3.409672260284424,-3.3628220558166504,-4.493702411651611,-4.500781536102295,-2.5476551055908203,-1.3844139575958252,-1.5071908235549927,-2.740211248397827,-3.8748176097869873,-5.064384937286377,-4.710392951965332,-2.7554168701171875,-3.274319887161255,-3.4545297622680664,-3.2204959392547607,-2.1160361766815186,-2.88944935798645,-4.415985107421875,-4.29542875289917,-4.01341438293457,-3.5271270275115967,-4.691629886627197,-6.440939426422119,-6.875713348388672,-6.860526084899902,-6.73382043838501,-6.238590240478516,-4.72899866104126,-3.290153741836548,-3.5491344928741455,-3.4604196548461914,-1.879737377166748,-0.1229839101433754,0.5741505026817322,-0.30943503975868225,-1.4452401399612427,-3.096614360809326,-4.141729354858398,-1.9241442680358887,0.5331886410713196,1.5384191274642944,0.20389895141124725
-2.2469546794891357,-2.999887704849243,-2.414710283279419,-3.9372401237487793,-6.250250816345215,-5.834298133850098,-3.702280282974243,-2.1186816692352295,-1.6712576150894165,-2.879136800765991,-5.361064434051514,-6.253633499145508,-3.62593936920166,-1.7993038892745972,-2.550034761428833,-4.15861701965332,-4.445071220397949,-2.726571559906006,-2.846022844314575,-4.4166951179504395,-4.328849792480469,-2.076732635498047,-2.6031653881073,-5.600844383239746,-6.028652191162109,-6.204808235168457,-6.606514930725098,-6.974552154541016,-5.317162036895752,-2.3373734951019287,-0.4051111340522766,-0.6535619497299194,-0.3208262324333191,0.42428216338157654,0.8194785118103027,1.5009795427322388,0.8858851790428162,-0.9327744245529175,-1.8536567687988281,-1.77970290184021,-2.218491554260254,-1.8387326002120972,-0.7662542462348938
-3.872854471206665,-3.2025339603424072,-3.5669822692871094,-3.514516830444336,-4.189848899841309,-5.622548580169678,-5.762929916381836,-4.618916988372803,-2.8146464824676514,-1.8358408212661743,-3.553875207901001,-5.076614856719971,-3.9627761840820312,-1.2602437734603882,-0.2283669114112854,-3.1961464881896973,-5.681741237640381,-4.385087013244629,-1.5562852621078491,-2.972147226333618,-4.8821587562561035,-4.590145111083984,-2.7611844539642334,-3.877563953399658,-4.60606575012207,-4.5045695304870605,-5.253045082092285,-6.783464431762695,-7.296631813049316,-6.3702545166015625,-3.8578617572784424,-1.9851282835006714,-1.789656400680542,-1.8282023668289185,-1.7589088678359985,-1.8114813566207886,-1.8931605815887451,-2.2017903327941895,-1.2785083055496216,0.2860957384109497,-0.5312423706054688,-1.6583954095840454,-2.64170241355896
-4.874610424041748,-6.097705841064453,-7.032958984375,-4.954601287841797,-3.9012322425842285,-4.664140701293945,-4.812187194824219,-5.451951503753662,-5.160953044891357,-4.123741149902344,-2.6590137481689453,-2.094052791595459,-2.4248313903808594,-2.2659518718719482,-0.87138432264328,-0.0630805492401123,-2.320542335510254,-4.219297885894775,-2.1449780464172363,-0.7247949242591858,-3.278752565383911,-4.825615406036377,-3.1372876167297363,-3.033456325531006,-4.298813343048096,-3.8414969444274902,-3.2519121170043945,-4.609912872314453,-7.33337926864624,-9.755354881286621,-9.75084400177002,-7.9433674812316895,-6.4828901290893555,-4.951961517333984,-4.896655082702637,-6.537351131439209,-6.938499927520752,-5.806211948394775,-3.6804606914520264,-1.0233184099197388,-1.3324445486068726,-2.0853569507598877,-2.6160035133361816
