data/wind_data/wind_45_9.json
{"header": {"parameterUnit": "KT", "parameterCategory": 2, "nx": 256, "ny": 198, "lo1": 44.73521041870117, "la1": -3.236724853515625, "lo2": 111.26478576660156, "la2": 43.468475341796875, "dx": 0.2609002888202667, "dy": -0.23708222806453705, "refTime": "2025-02-20 21:00:00", "forecastTime": 0, "parameterNumber": 2, "parameterNumberName": "eastward_wind"}, "data":
[rows 76 to 94 of 198, columns 43 to 85 of 256]
12.272000312805176,10.313545227050781,8.009156227111816,5.721882343292236,4.17094087600708,3.5808522701263428,3.458723783493042,3.363878011703491,3.1806647777557373,3.013319969177246,2.8579342365264893,2.5729598999023438,2.267069101333618,2.1871113777160645,2.3900091648101807,2.579054832458496,2.370485544204712,1.6261141300201416,0.5796043276786804,-0.4298579692840576,-1.3562772274017334,-2.346315383911133,-3.550035238265991,-5.0072126388549805,-6.549744606018066,-7.858633518218994,-8.657130241394043,-8.885525703430176,-8.68299674987793,-8.265203475952148,-7.787089824676514,-7.272698402404785,-6.613574504852295,-5.724262237548828,-4.773110389709473,-4.217739582061768,-4.404460430145264,-5.173687934875488,-6.032981872558594,-6.5110297203063965,-6.369611740112305,-5.700782775878906,-4.79206657409668
11.246196746826172,9.349164962768555,6.996909141540527,4.6747331619262695,3.139972448348999,2.6497275829315186,2.828136682510376,3.1510188579559326,3.4864604473114014,3.791555404663086,3.804628610610962,3.4277257919311523,2.882652759552002,2.4513771533966064,2.269735813140869,2.195133686065674,1.8874859809875488,1.1893422603607178,0.23370586335659027,-0.7078893184661865,-1.4754798412322998,-2.207132577896118,-3.253145694732666,-4.729775428771973,-6.4050397872924805,-7.907520294189453,-8.901023864746094,-9.24631404876709,-9.010024070739746,-8.415735244750977,-7.685131549835205,-6.943126201629639,-6.19484806060791,-5.411291122436523,-4.740314960479736,-4.448977470397949,-4.6501383781433105,-5.164855480194092,-5.72926139831543,-6.141565322875977,-6.292366981506348,-6.176173210144043,-5.842447280883789
9.961043357849121,8.409170150756836,6.517733573913574,4.596466064453125,3.137862205505371,2.550614356994629,2.817396640777588,3.5257043838500977,4.280305862426758,4.73989725112915,4.659615516662598,4.152835369110107,3.5279057025909424,2.970940113067627,2.5127344131469727,2.076324701309204,1.5092337131500244,0.7154484987258911,-0.24733391404151917,-1.086639165878296,-1.6542370319366455,-2.263200044631958,-3.2918190956115723,-4.728875160217285,-6.264391899108887,-7.607935905456543,-8.610599517822266,-9.14066219329834,-9.102090835571289,-8.534496307373047,-7.570616722106934,-6.408528804779053,-5.239372253417969,-4.3160200119018555,-3.944603443145752,-4.205674171447754,-4.7722954750061035,-5.2182111740112305,-5.422767162322998,-5.5234551429748535,-5.690184116363525,-5.942442893981934,-6.1707048416137695
8.81428050994873,7.546006679534912,6.163308620452881,4.80487585067749,3.777401924133301,3.3733367919921875,3.607022285461426,4.236990451812744,4.9062042236328125,5.217477321624756,4.962159156799316,4.349733829498291,3.7180895805358887,3.1543235778808594,2.553079843521118,1.8199679851531982,0.9238959550857544,-0.07325126230716705,-0.9530899524688721,-1.5180188417434692,-1.957616925239563,-2.695761203765869,-3.8857293128967285,-5.28057861328125,-6.571006774902344,-7.646597385406494,-8.509214401245117,-9.102287292480469,-9.266736030578613,-8.847880363464355,-7.82121467590332,-6.3409647941589355,-4.731889724731445,-3.477586269378662,-3.0671069622039795,-3.509756565093994,-4.257879734039307,-4.751698017120361,-4.870148658752441,-4.856948375701904,-4.962946891784668,-5.240865707397461,-5.574532985687256
7.918021202087402,6.73743200302124,5.527857303619385,4.548773765563965,4.128098011016846,4.264436721801758,4.642164707183838,5.018945693969727,5.312699317932129,5.323782444000244,4.841787338256836,4.009809970855713,3.198859691619873,2.509291887283325,1.7487139701843262,0.7474693655967712,-0.3948369026184082,-1.33750319480896,-1.8386105298995972,-2.080733060836792,-2.52785325050354,-3.4689688682556152,-4.790029525756836,-6.125317573547363,-7.247069358825684,-8.124797821044922,-8.778331756591797,-9.205994606018066,-9.301291465759277,-8.901126861572266,-7.930843830108643,-6.492830753326416,-4.895907878875732,-3.6067893505096436,-3.0426859855651855,-3.197551965713501,-3.6193296909332275,-3.9521210193634033,-4.145143508911133,-4.304100513458252,-4.478468894958496,-4.639373779296875,-4.734274864196777
6.654071807861328,5.267107963562012,4.019893169403076,3.421811819076538,3.6869826316833496,4.414595603942871,4.959125518798828,5.116514682769775,5.057352542877197,4.778191089630127,4.1132683753967285,3.104780912399292,2.0322184562683105,1.0555716753005981,0.021830137819051743,-1.1031010150909424,-2.0489413738250732,-2.566009521484375,-2.715012550354004,-2.8839235305786133,-3.475538969039917,-4.592350006103516,-5.95456600189209,-7.211402893066406,-8.16872787475586,-8.751365661621094,-9.039947509765625,-9.135947227478027,-9.012298583984375,-8.547599792480469,-7.683143138885498,-6.534365177154541,-5.360939025878906,-4.48769998550415,-4.04571533203125,-3.8828110694885254,-3.7427823543548584,-3.6245195865631104,-3.6723601818084717,-3.9159953594207764,-4.203763484954834,-4.346681118011475,-4.251968860626221
4.565280914306641,2.9514145851135254,1.8461226224899292,1.7753198146820068,2.6853973865509033,3.8066134452819824,4.4172043800354,4.443315029144287,4.154026985168457,3.6207115650177,2.7668168544769287,1.659506916999817,0.46805286407470703,-0.7184957265853882,-1.869250774383545,-2.800513982772827,-3.3303945064544678,-3.508999824523926,-3.593792676925659,-3.9354124069213867,-4.786696910858154,-6.047191143035889,-7.3198628425598145,-8.304919242858887,-8.86100959777832,-8.991384506225586,-8.886341094970703,-8.722572326660156,-8.50504207611084,-8.114470481872559,-7.484002113342285,-6.706354141235352,-6.007980823516846,-5.643180847167969,-5.556426525115967,-5.383724689483643,-4.920140266418457,-4.336033344268799,-3.9445061683654785,-3.8904027938842773,-4.087754726409912,-4.297926425933838,-4.261734962463379
2.3196496963500977,0.6096936464309692,-0.37696152925491333,-0.18935003876686096,1.0283554792404175,2.341460704803467,3.051624298095703,3.141676902770996,2.7679474353790283,2.0336782932281494,1.1252089738845825,0.17843085527420044,-0.8586388230323792,-1.993010401725769,-3.0483038425445557,-3.753714084625244,-4.003941059112549,-4.010101318359375,-4.165888786315918,-4.828602313995361,-6.0422821044921875,-7.400195121765137,-8.450689315795898,-9.013063430786133,-9.160415649414062,-9.085638999938965,-8.950493812561035,-8.787921905517578,-8.561333656311035,-8.248918533325195,-7.8155741691589355,-7.280267238616943,-6.818105697631836,-6.68709135055542,-6.840430736541748,-6.867055416107178,-6.490650653839111,-5.795467376708984,-5.057531356811523,-4.548502445220947,-4.4008002281188965,-4.538965702056885,-4.649026393890381
0.657380223274231,-1.3531205654144287,-2.5333526134490967,-2.399559259414673,-1.2184436321258545,0.010883420705795288,0.7287166714668274,1.0345370769500732,1.0379831790924072,0.6717990040779114,0.015335927717387676,-0.746859610080719,-1.5926247835159302,-2.545290470123291,-3.428861618041992,-3.950810432434082,-3.9917194843292236,-3.863351583480835,-4.12412691116333,-5.151603698730469,-6.7337493896484375,-8.237929344177246,-9.182668685913086,-9.524051666259766,-9.635686874389648,-9.843740463256836,-10.06263542175293,-10.025105476379395,-9.667418479919434,-9.178934097290039,-8.669458389282227,-8.107475280761719,-7.585479736328125,-7.350172519683838,-7.454015254974365,-7.609192371368408,-7.520244598388672,-7.090842247009277,-6.4221296310424805,-5.731686592102051,-5.277817249298096,-5.1823506355285645,-5.257318496704102
-0.47443896532058716,-2.8782525062561035,-4.199525356292725,-4.125918388366699,-3.132517099380493,-2.0406455993652344,-1.1550849676132202,-0.34780657291412354,0.2705695927143097,0.3449118733406067,-0.16233040392398834,-0.9683753848075867,-1.8727267980575562,-2.7743921279907227,-3.4685428142547607,-3.7306764125823975,-3.566342830657959,-3.410266876220703,-3.8809585571289062,-5.264843463897705,-7.1272149085998535,-8.712818145751953,-9.61406421661377,-10.094544410705566,-10.68608570098877,-11.44137191772461,-11.940437316894531,-11.850744247436523,-11.287961959838867,-10.581215858459473,-9.87033748626709,-9.11571979522705,-8.363837242126465,-7.849434852600098,-7.704163074493408,-7.769144535064697,-7.805593490600586,-7.627718925476074,-7.193415641784668,-6.636402130126953,-6.175799369812012,-5.900363922119141,-5.747395038604736
-1.1814957857131958,-3.656420946121216,-4.943662166595459,-4.966456890106201,-4.091626167297363,-2.897056818008423,-1.6276863813400269,-0.34111952781677246,0.6063951253890991,0.8064649701118469,0.2499758005142212,-0.7958478331565857,-2.0022599697113037,-3.0075511932373047,-3.5167057514190674,-3.5011630058288574,-3.2259230613708496,-3.2168447971343994,-4.046552658081055,-5.750128746032715,-7.622258186340332,-8.916017532348633,-9.70059871673584,-10.594513893127441,-11.763948440551758,-12.758277893066406,-13.134617805480957,-12.907217025756836,-12.424211502075195,-11.878155708312988,-11.200258255004883,-10.310578346252441,-9.315729141235352,-8.489893913269043,-8.04288387298584,-7.924106597900391,-7.893987655639648,-7.669808387756348,-7.188129425048828,-6.673319339752197,-6.304388523101807,-6.029942035675049,-5.786033630371094
-1.5823884010314941,-3.8680150508880615,-5.120748996734619,-5.288546562194824,-4.661130905151367,-3.572458267211914,-2.0987112522125244,-0.4889450669288635,0.640719473361969,0.8631835579872131,0.2863689959049225,-0.8063331246376038,-2.0526771545410156,-3.012669086456299,-3.4098737239837646,-3.341876745223999,-3.1897597312927246,-3.4952433109283447,-4.665132999420166,-6.4044599533081055,-7.867774486541748,-8.719450950622559,-9.518963813781738,-10.645356178283691,-11.818411827087402,-12.583161354064941,-12.767853736877441,-12.643030166625977,-12.542941093444824,-12.437637329101562,-12.047431945800781,-11.213558197021484,-10.08066177368164,-9.02393913269043,-8.39715576171875,-8.22470474243164,-8.137996673583984,-7.72688627243042,-6.997210502624512,-6.324281692504883,-5.913089275360107,-5.648105144500732,-5.462826251983643
-1.8134526014328003,-3.9074766635894775,-5.105979919433594,-5.348724842071533,-4.977604389190674,-4.099339008331299,-2.624316692352295,-0.9488213658332825,0.16750550270080566,0.3494845926761627,-0.13120624423027039,-0.9406471848487854,-1.867304801940918,-2.6972970962524414,-3.194614887237549,-3.3713390827178955,-3.530993700027466,-4.096089839935303,-5.215885162353516,-6.446372032165527,-7.344574928283691,-8.122824668884277,-9.121309280395508,-10.163996696472168,-10.896559715270996,-11.23274040222168,-11.365870475769043,-11.549242973327637,-11.852213859558105,-12.120615005493164,-12.048788070678711,-11.414361953735352,-10.332893371582031,-9.248100280761719,-8.625222206115723,-8.487455368041992,-8.373306274414062,-7.843204021453857,-7.002487659454346,-6.296873569488525,-5.896798610687256,-5.636632919311523,-5.462941646575928
-2.0342824459075928,-3.852484703063965,-4.812417507171631,-5.124326705932617,-4.960143089294434,-4.0784010887146,-2.483278751373291,-0.8089736700057983,0.16060523688793182,0.20419971644878387,-0.22483043372631073,-0.8309594988822937,-1.6218622922897339,-2.527506113052368,-3.2802412509918213,-3.7242753505706787,-4.0033721923828125,-4.373884201049805,-4.881505489349365,-5.401510715484619,-6.037733554840088,-7.050003528594971,-8.299687385559082,-9.293228149414062,-9.69879150390625,-9.700055122375488,-9.76945686340332,-10.178903579711914,-10.814349174499512,-11.367748260498047,-11.53494644165039,-11.122994422912598,-10.203972816467285,-9.209041595458984,-8.617719650268555,-8.468459129333496,-8.354130744934082,-7.910686016082764,-7.2644758224487305,-6.782922267913818,-6.524278163909912,-6.281237602233887,-6.039294242858887
-2.3248705863952637,-3.6052725315093994,-4.133768081665039,-4.510407447814941,-4.529330253601074,-3.5733511447906494,-1.8041722774505615,-0.08504901826381683,0.7835007905960083,0.6943777799606323,0.1344148963689804,-0.6444463133811951,-1.6059983968734741,-2.6199536323547363,-3.385960578918457,-3.7044363021850586,-3.6625430583953857,-3.522352933883667,-3.515674352645874,-3.790113925933838,-4.511675834655762,-5.710569381713867,-7.092685699462891,-8.150164604187012,-8.567283630371094,-8.488224029541016,-8.409223556518555,-8.773045539855957,-9.610583305358887,-10.516053199768066,-11.002093315124512,-10.825282096862793,-10.04422664642334,-9.031633377075195,-8.27387523651123,-7.958901882171631,-7.886998176574707,-7.785731315612793,-7.62974739074707,-7.525638580322266,-7.3786115646362305,-7.033966064453125,-6.6551337242126465
-2.5755350589752197,-3.329549551010132,-3.456892728805542,-3.7983291149139404,-3.8195345401763916,-2.753833770751953,-0.8997837901115417,0.7974100708961487,1.571771502494812,1.3564679622650146,0.6043335795402527,-0.4217415750026703,-1.5650535821914673,-2.5316455364227295,-2.9942712783813477,-2.8644495010375977,-2.385329246520996,-1.9793227910995483,-1.9823914766311646,-2.4773592948913574,-3.4107048511505127,-4.699734210968018,-6.059911727905273,-7.036376953125,-7.422505855560303,-7.31236457824707,-7.076138973236084,-7.28915548324585,-8.275918960571289,-9.614997863769531,-10.533480644226074,-10.613699913024902,-9.901792526245117,-8.73931884765625,-7.671680450439453,-7.115350723266602,-7.095856666564941,-7.369405746459961,-7.702274322509766,-7.945610523223877,-7.927804470062256,-7.565661430358887,-7.0833868980407715
-2.5290675163269043,-3.1990978717803955,-3.1418135166168213,-3.4366846084594727,-3.311304807662964,-1.9714983701705933,0.040465064346790314,1.7107417583465576,2.359184980392456,1.9778661727905273,1.0619127750396729,-0.07564502954483032,-1.2644871473312378,-2.142477035522461,-2.372398853302002,-1.9549460411071777,-1.256778359413147,-0.7704959511756897,-0.8493686318397522,-1.5380806922912598,-2.712388038635254,-4.188815593719482,-5.518617153167725,-6.228890895843506,-6.261327743530273,-5.867368698120117,-5.508177757263184,-5.791653156280518,-7.025146007537842,-8.720705032348633,-9.934232711791992,-10.11796760559082,-9.379888534545898,-8.173471450805664,-7.078502178192139,-6.541322231292725,-6.589212894439697,-7.004358768463135,-7.565839767456055,-8.06053638458252,-8.265408515930176,-8.052679061889648,-7.512200832366943
-2.0958356857299805,-3.0265185832977295,-3.1827259063720703,-3.553589344024658,-3.1194803714752197,-1.3616020679473877,0.8650158643722534,2.5847883224487305,3.159151077270508,2.645275592803955,1.5985199213027954,0.36433401703834534,-0.8330363035202026,-1.6280601024627686,-1.7820647954940796,-1.3224934339523315,-0.5827840566635132,0.0065793730318546295,0.0604117326438427,-0.5933623313903809,-1.9321695566177368,-3.666745901107788,-5.087915897369385,-5.618056774139404,-5.281974792480469,-4.550601005554199,-4.127979755401611,-4.654821872711182,-6.179567337036133,-7.997245788574219,-9.146890640258789,-9.140548706054688,-8.24415111541748,-7.181865215301514,-6.5527663230896,-6.502344131469727,-6.819010257720947,-7.295571327209473,-7.875933647155762,-8.456717491149902,-8.7808256149292,-8.609353065490723,-7.941810131072998
-1.4837944507598877,-2.817347526550293,-3.312530994415283,-3.5468316078186035,-2.601141929626465,-0.5109630823135376,1.7833963632583618,3.4944241046905518,4.004809856414795,3.399186372756958,2.2215099334716797,0.8610427975654602,-0.2964079976081848,-1.028752326965332,-1.2217838764190674,-0.8509133458137512,-0.11584489047527313,0.558888852596283,0.7470573782920837,0.1946965456008911,-1.14958918094635,-2.9465537071228027,-4.42603063583374,-4.979633331298828,-4.605305194854736,-3.8404953479766846,-3.5256073474884033,-4.278688907623291,-5.860805988311768,-7.376138210296631,-8.124481201171875,-7.8657121658325195,-6.938999652862549,-6.222290992736816,-6.321887016296387,-7.0361409187316895,-7.90640926361084,-8.64332389831543,-9.16147232055664,-9.44359302520752,-9.412874221801758,-8.950960159301758,-8.088122367858887
