data/wind_data/wind_0_4.json
{"header": {"parameterUnit": "KT", "parameterCategory": 2, "nx": 256, "ny": 198, "lo1": 44.73521041870117, "la1": -3.236724853515625, "lo2": 111.26478576660156, "la2": 43.468475341796875, "dx": 0.2609002888202667, "dy": -0.23708222806453705, "refTime": "2025-02-19 00:00:00", "forecastTime": 0, "parameterNumber": 2, "parameterNumberName": "eastward_wind"}, "data":
[rows 171 to 189 of 198, columns 44 to 87 of 256]
17.393068313598633,17.25298309326172,16.94426918029785,16.51609992980957,16.86195182800293,18.541046142578125,20.030975341796875,19.65960121154785,19.536333084106445,18.939910888671875,17.53794288635254,16.057228088378906,14.828446388244629,14.309090614318848,14.646278381347656,15.311566352844238,15.532337188720703,15.777694702148438,15.937042236328125,15.784423828125,15.576624870300293,15.272425651550293,14.898237228393555,14.658803939819336,14.815685272216797,15.260124206542969,15.954720497131348,16.617347717285156,16.98066520690918,16.87964630126953,16.816370010375977,17.408863067626953,18.686532974243164,19.507823944091797,18.549829483032227,17.9359188079834,18.84884262084961,19.839000701904297,20.110742568969727,20.169647216796875,20.692977905273438,19.431468963623047,18.279748916625977,19.113306045532227
16.955310821533203,17.009845733642578,16.635114669799805,16.938453674316406,18.339242935180664,19.948423385620117,20.228151321411133,20.230873107910156,20.28401756286621,19.42841911315918,17.78765106201172,16.351350784301758,15.442264556884766,15.024003028869629,14.821151733398438,15.258995056152344,15.857073783874512,16.253273010253906,16.760337829589844,17.435136795043945,18.00197982788086,18.168127059936523,17.91565704345703,17.511749267578125,17.138198852539062,16.7630615234375,16.4697322845459,16.39824676513672,16.481477737426758,16.627050399780273,16.786802291870117,17.259702682495117,18.496963500976562,19.895071029663086,19.548620223999023,17.737417221069336,18.178800582885742,19.656604766845703,20.313756942749023,20.571481704711914,20.684467315673828,20.181550979614258,19.042686462402344,20.842775344848633
16.245695114135742,16.299880981445312,16.824220657348633,17.72512435913086,18.992420196533203,20.10163688659668,20.61101531982422,20.549814224243164,20.165067672729492,19.263446807861328,17.933271408081055,16.77251625061035,15.992094993591309,15.589760780334473,15.337646484375,15.363290786743164,16.10446548461914,16.861474990844727,17.470130920410156,18.22187614440918,19.220460891723633,20.078676223754883,20.132177352905273,19.565418243408203,19.039936065673828,18.725069046020508,18.400548934936523,17.999170303344727,17.617191314697266,17.41510772705078,17.180543899536133,17.092357635498047,17.71456527709961,19.211458206176758,20.148422241210938,18.837085723876953,17.72042465209961,18.84355354309082,20.080360412597656,20.570974349975586,20.73672103881836,21.439123153686523,20.397619247436523,21.334482192993164
16.079294204711914,16.045391082763672,16.482160568237305,17.035795211791992,17.85182762145996,18.99578094482422,19.92874526977539,20.18391227722168,19.645864486694336,18.735048294067383,18.03225326538086,17.298551559448242,16.350019454956055,15.803528785705566,15.802166938781738,15.990209579467773,16.52745246887207,17.26813316345215,17.853822708129883,18.75116729736328,20.13222885131836,21.185949325561523,21.024831771850586,20.30695915222168,19.776952743530273,19.41790199279785,19.23385238647461,19.27695083618164,19.43506622314453,19.32086944580078,18.939088821411133,18.46703338623047,18.226558685302734,18.69880485534668,19.772756576538086,19.598026275634766,18.431188583374023,18.49720573425293,19.646455764770508,20.789213180541992,20.89753532409668,21.194547653198242,21.57762336730957,20.43603515625
16.892507553100586,16.573701858520508,16.418630599975586,16.447214126586914,16.92926597595215,18.002527236938477,18.968412399291992,19.198022842407227,18.6473445892334,18.076263427734375,17.92799949645996,17.25712013244629,16.22201919555664,15.795394897460938,16.206859588623047,16.77960205078125,17.231046676635742,17.793550491333008,18.370851516723633,19.26200294494629,20.465511322021484,21.38966941833496,21.584192276000977,21.43621063232422,21.386962890625,21.098556518554688,20.5791072845459,20.85270881652832,21.575912475585938,21.553131103515625,20.85247039794922,20.17536735534668,19.724458694458008,19.325551986694336,19.464956283569336,19.736032485961914,19.018081665039062,19.039806365966797,19.713577270507812,20.77889633178711,21.371009826660156,21.33340072631836,21.557018280029297,20.443029403686523
17.49751091003418,17.152034759521484,16.878671646118164,16.618810653686523,16.49605369567871,16.99072265625,17.79288101196289,18.018659591674805,17.65226173400879,17.41368293762207,17.377012252807617,16.768268585205078,16.058317184448242,15.920117378234863,16.48831558227539,17.128509521484375,17.58746910095215,18.136430740356445,18.788768768310547,19.454608917236328,20.178985595703125,20.99942970275879,21.88087272644043,22.51004981994629,23.011749267578125,23.064016342163086,22.425500869750977,22.609861373901367,23.256248474121094,23.18918228149414,22.40422821044922,21.738712310791016,21.435218811035156,20.737159729003906,19.869409561157227,20.075414657592773,20.03632354736328,20.279516220092773,20.790637969970703,21.487375259399414,22.808300018310547,22.716405868530273,21.745323181152344,21.073131561279297
17.24930763244629,17.199556350708008,17.348752975463867,17.185317993164062,16.52167320251465,16.155853271484375,16.548233032226562,16.846145629882812,16.800945281982422,16.686609268188477,16.476665496826172,16.262531280517578,16.127927780151367,16.090572357177734,16.292200088500977,16.50298500061035,16.851621627807617,17.485610961914062,18.184288024902344,18.592674255371094,19.090736389160156,20.115129470825195,21.579683303833008,22.743696212768555,23.574981689453125,24.188411712646484,24.127037048339844,23.992280960083008,23.84098243713379,23.632831573486328,23.18240737915039,22.72701072692871,22.650964736938477,22.338069915771484,21.25086212158203,21.22623634338379,22.13390350341797,22.269969940185547,22.612018585205078,22.653322219848633,24.007896423339844,23.792739868164062,21.595203399658203,20.132051467895508
16.551366806030273,16.793807983398438,17.28521156311035,17.462007522583008,17.07834815979004,16.218225479125977,15.619958877563477,15.57028865814209,15.759149551391602,15.762679100036621,15.739357948303223,16.142580032348633,16.123483657836914,15.608287811279297,15.078437805175781,14.704360008239746,14.657273292541504,15.046859741210938,15.514512062072754,15.94902229309082,16.867813110351562,18.405902862548828,20.194242477416992,21.662918090820312,22.6455020904541,23.808191299438477,24.742324829101562,24.221696853637695,23.203304290771484,22.946460723876953,22.942949295043945,22.750513076782227,23.022830963134766,23.781492233276367,23.570743560791016,23.111007690429688,24.652542114257812,24.349353790283203,23.289228439331055,23.053226470947266,23.834041595458984,24.464445114135742,22.00238800048828,20.22551155090332
16.61014175415039,16.81972312927246,16.99431037902832,16.857038497924805,16.477745056152344,15.828460693359375,15.341731071472168,15.062568664550781,15.080101013183594,15.381959915161133,15.667190551757812,15.581040382385254,14.858254432678223,14.182662963867188,13.908076286315918,13.680115699768066,13.673965454101562,13.841646194458008,14.10391616821289,14.421607971191406,15.200639724731445,16.48783302307129,18.01310920715332,19.263887405395508,20.45500373840332,21.872304916381836,22.627431869506836,22.567771911621094,22.594091415405273,22.838552474975586,22.72970199584961,22.53980255126953,23.127981185913086,24.32730484008789,24.54351806640625,23.494619369506836,23.55324935913086,23.227333068847656,22.316450119018555,22.710861206054688,23.805171966552734,25.498241424560547,23.440818786621094,20.48284339904785
16.65571403503418,16.88311767578125,16.443466186523438,15.485629081726074,14.936697006225586,14.460186958312988,14.129023551940918,14.321232795715332,14.80286979675293,15.411739349365234,15.1116361618042,13.958992958068848,13.1544828414917,13.101622581481934,13.12683391571045,13.411867141723633,13.9951810836792,14.655843734741211,15.411650657653809,16.083465576171875,16.92393684387207,18.054370880126953,19.309568405151367,20.418851852416992,21.48951530456543,22.394044876098633,22.862407684326172,23.128084182739258,23.51047134399414,23.745203018188477,23.678781509399414,23.720853805541992,24.37360954284668,25.09917640686035,24.966201782226562,24.021804809570312,23.985122680664062,24.65113639831543,24.94951629638672,24.772104263305664,25.33967399597168,26.89499282836914,25.306209564208984,20.89049530029297
16.089200973510742,15.946508407592773,15.152355194091797,13.900392532348633,13.357725143432617,13.181047439575195,13.223844528198242,14.013859748840332,14.611947059631348,14.521207809448242,13.469443321228027,12.328357696533203,12.082026481628418,12.31469440460205,12.615682601928711,13.496182441711426,14.677231788635254,15.667094230651855,16.397472381591797,17.001863479614258,18.04758644104004,19.298803329467773,20.14331817626953,20.743972778320312,21.45012664794922,22.25655746459961,23.22867202758789,24.423030853271484,25.51567268371582,25.954254150390625,26.067310333251953,26.093530654907227,26.111244201660156,25.834625244140625,25.070877075195312,24.32363510131836,24.46912384033203,25.491931915283203,26.518335342407227,27.078245162963867,27.569435119628906,28.10795783996582,26.373315811157227,20.204954147338867
14.68459415435791,14.075112342834473,13.40723991394043,12.628922462463379,12.249289512634277,12.263562202453613,12.550562858581543,13.301507949829102,13.446588516235352,12.598750114440918,11.606412887573242,11.406311988830566,11.684152603149414,11.758278846740723,12.245905876159668,13.359020233154297,14.596715927124023,15.361778259277344,15.523358345031738,15.7001953125,16.80072593688965,18.092540740966797,18.523714065551758,18.550735473632812,18.97318458557129,20.245758056640625,22.25931739807129,24.62038230895996,26.505447387695312,27.206722259521484,27.611276626586914,27.5885066986084,26.74321937561035,25.531949996948242,24.5092716217041,23.7874698638916,23.442277908325195,23.473007202148438,23.99323272705078,25.423494338989258,26.830467224121094,27.6492862701416,24.790233612060547,18.374845504760742
12.830373764038086,12.3548583984375,12.090438842773438,11.853280067443848,11.489363670349121,10.989359855651855,10.706232070922852,10.4640531539917,10.362478256225586,10.842610359191895,11.179998397827148,11.207978248596191,11.10380744934082,11.290322303771973,11.834342002868652,12.452652931213379,12.922218322753906,13.215542793273926,13.44636058807373,13.845996856689453,14.614899635314941,15.289105415344238,15.562047004699707,15.745790481567383,16.384225845336914,17.868751525878906,20.298778533935547,22.74311065673828,23.907133102416992,24.052494049072266,24.926794052124023,25.472965240478516,24.625713348388672,23.103927612304688,22.7531795501709,22.352800369262695,21.64142608642578,21.18972396850586,21.3709659576416,22.050519943237305,23.20243263244629,24.498332977294922,22.025623321533203,17.35056495666504
11.431097030639648,11.41589069366455,11.294899940490723,11.195405006408691,10.132040023803711,8.795510292053223,8.502599716186523,8.959436416625977,9.844819068908691,10.569217681884766,10.643922805786133,10.653274536132812,10.734421730041504,10.906901359558105,11.096992492675781,11.06298828125,11.003813743591309,10.974817276000977,11.593536376953125,12.920271873474121,14.022208213806152,14.328523635864258,13.891801834106445,13.42241096496582,14.444021224975586,16.860450744628906,19.41683578491211,22.17808723449707,23.10575294494629,22.972900390625,23.188318252563477,22.797983169555664,21.460243225097656,20.298315048217773,20.48017692565918,20.296541213989258,19.691503524780273,19.52849769592285,19.93183135986328,20.759212493896484,21.6759033203125,21.180110931396484,20.56468963623047,19.025108337402344
10.324639320373535,10.80713939666748,10.943452835083008,10.656346321105957,9.451016426086426,8.182100296020508,8.151503562927246,8.858149528503418,9.73611068725586,9.9747314453125,10.036177635192871,10.126983642578125,10.252123832702637,10.254290580749512,9.95753002166748,9.289199829101562,8.701549530029297,9.091010093688965,10.356435775756836,11.602100372314453,12.057135581970215,11.56470775604248,10.774008750915527,10.80656909942627,12.021113395690918,13.79209041595459,16.261436462402344,18.273475646972656,19.330078125,20.38217544555664,20.77682113647461,19.891515731811523,17.924562454223633,17.20583152770996,17.320510864257812,17.160022735595703,17.07162094116211,17.41641616821289,17.960309982299805,18.524852752685547,19.212657928466797,17.967220306396484,17.84125518798828,19.875532150268555
9.629120826721191,10.440425872802734,10.838631629943848,10.3344144821167,9.349303245544434,8.558442115783691,8.634353637695312,9.124589920043945,9.438572883605957,9.35694694519043,9.35548210144043,9.35574722290039,9.386643409729004,9.182418823242188,8.332849502563477,7.061954975128174,6.433835029602051,6.988236427307129,8.260847091674805,9.137420654296875,8.795145988464355,7.874351501464844,7.1952314376831055,7.453400135040283,8.209059715270996,9.480863571166992,10.70447826385498,10.948442459106445,11.931421279907227,14.197648048400879,15.626855850219727,15.393070220947266,13.428773880004883,13.37510871887207,13.826109886169434,14.061954498291016,14.381328582763672,14.889776229858398,15.7034912109375,16.254060745239258,16.67603302001953,15.343568801879883,14.715836524963379,17.901811599731445
9.478310585021973,10.341259002685547,10.776533126831055,10.25734806060791,9.626622200012207,9.23451042175293,9.06118392944336,9.053297996520996,8.91835880279541,8.967334747314453,8.674965858459473,8.272491455078125,8.050618171691895,7.647993087768555,6.339570045471191,4.7508320808410645,4.461430072784424,4.5940327644348145,5.236414432525635,5.857030391693115,5.238137722015381,4.497457027435303,4.06895112991333,3.6114213466644287,3.5395233631134033,4.895112991333008,3.8585472106933594,2.0052690505981445,2.689087390899658,5.522209644317627,7.930456638336182,8.992176055908203,8.288135528564453,9.389471054077148,10.69520378112793,11.666621208190918,12.096256256103516,12.192922592163086,13.277975082397461,14.288174629211426,14.362079620361328,13.125571250915527,12.158714294433594,13.94611644744873
9.805828094482422,10.418076515197754,10.631983757019043,10.322612762451172,10.094593048095703,9.97850513458252,9.431920051574707,8.820384979248047,8.697641372680664,8.597046852111816,8.100431442260742,7.194347858428955,6.484565734863281,5.796118259429932,4.347292900085449,3.1094276905059814,2.642289161682129,2.6905570030212402,3.2809200286865234,3.3022310733795166,2.886622190475464,2.1903879642486572,1.4382234811782837,0.197525292634964,0.07771088927984238,0.3186384439468384,-1.8554877042770386,-4.311974048614502,-4.391093730926514,-1.886185884475708,1.038318395614624,3.1255340576171875,4.359999179840088,6.220265865325928,7.922247886657715,9.633094787597656,10.106228828430176,9.512299537658691,10.22966194152832,11.769647598266602,12.105819702148438,11.248628616333008,10.568790435791016,11.595256805419922
10.249093055725098,10.468727111816406,10.324136734008789,10.33759880065918,10.528546333312988,10.478232383728027,9.47495174407959,8.6461181640625,8.582903861999512,8.31432056427002,7.188910007476807,6.077479839324951,5.407691478729248,4.379612445831299,2.8290297985076904,1.6815834045410156,1.4431370496749878,1.8046391010284424,2.1624996662139893,1.668836236000061,1.5803154706954956,0.3752426505088806,-1.902848482131958,-3.844052791595459,-3.572434186935425,-3.2303848266601562,-3.757188320159912,-4.536983966827393,-5.166418552398682,-4.407404899597168,-2.5000452995300293,-0.8827435374259949,1.3242199420928955,3.9309098720550537,6.009751796722412,7.851305961608887,8.27144718170166,7.636073589324951,7.885127544403076,9.188533782958984,10.405556678771973,10.13692569732666,9.09764289855957,9.699040412902832
