data/wind_data/wind_65_7.json
{"header": {"parameterUnit": "KT", "parameterCategory": 2, "nx": 256, "ny": 198, "lo1": 44.73521041870117, "la1": -3.236724853515625, "lo2": 111.26478576660156, "la2": 43.468475341796875, "dx": 0.2609002888202667, "dy": -0.23708222806453705, "refTime": "2025-02-21 17:00:00", "forecastTime": 0, "parameterNumber": 2, "parameterNumberName": "eastward_wind"}, "data":
[rows 160 to 179 of 198, columns 44 to 87 of 256]
67.49864959716797,66.36627197265625,65.43955993652344,64.215576171875,63.384212493896484,63.406829833984375,62.53232955932617,59.38321304321289,56.185218811035156,55.65442657470703,57.23272705078125,59.245967864990234,59.18410110473633,57.008853912353516,56.498634338378906,59.022464752197266,60.856021881103516,58.28156280517578,53.899070739746094,52.5131721496582,54.14949035644531,55.61943435668945,55.38130187988281,54.41919708251953,54.04030990600586,54.2724723815918,54.62014389038086,55.11298751831055,55.9808349609375,56.9753532409668,57.38222885131836,57.33269500732422,57.20021438598633,55.85774612426758,53.434730529785156,51.62029266357422,52.26760482788086,53.38456726074219,52.908931732177734,51.697959899902344,50.711097717285156,49.98713684082031,49.9598503112793,50.7999267578125
66.50293731689453,65.48946380615234,64.60202026367188,63.53950119018555,63.080570220947266,62.997703552246094,61.13053894042969,57.420169830322266,55.1797981262207,56.09572219848633,58.970340728759766,60.584144592285156,58.30105209350586,55.89017105102539,57.119136810302734,60.0461540222168,59.747066497802734,55.06068801879883,51.19292449951172,51.948612213134766,54.80006790161133,55.757286071777344,54.596614837646484,53.59231948852539,53.77846145629883,54.28952407836914,54.30504608154297,54.24150085449219,54.89838409423828,56.19143295288086,57.04384231567383,57.09348678588867,56.569549560546875,54.97850036621094,52.973480224609375,52.160160064697266,52.95471954345703,53.334228515625,52.18514633178711,50.652469635009766,49.733829498291016,49.49086380004883,49.50336837768555,49.556888580322266
65.55807495117188,64.78693389892578,64.11944580078125,63.40838623046875,63.06753158569336,62.13189697265625,59.5043830871582,56.56969451904297,55.59606170654297,57.38078689575195,60.32586669921875,60.318050384521484,57.77015686035156,56.93678283691406,58.38132095336914,58.95106506347656,56.32470703125,52.41184997558594,50.93783187866211,52.55174255371094,54.54767990112305,54.670013427734375,53.552574157714844,53.053184509277344,53.60315704345703,54.11296463012695,53.81331253051758,53.29811096191406,53.74897766113281,55.19276428222656,56.40720748901367,56.409488677978516,55.38966369628906,53.93561935424805,52.898345947265625,52.717247009277344,53.019554138183594,52.82340621948242,51.7158203125,50.24398422241211,49.11993408203125,48.64735794067383,48.63201141357422,48.61286926269531
65.16664123535156,64.35462951660156,63.75099563598633,63.325706481933594,62.55606460571289,60.79123306274414,58.25198745727539,56.151588439941406,56.19187545776367,58.481956481933594,60.258636474609375,59.823036193847656,58.9142951965332,58.330142974853516,57.27938461303711,55.68507385253906,53.77928161621094,52.14860916137695,51.62984848022461,52.29909133911133,53.144474029541016,53.064735412597656,52.339019775390625,52.2252082824707,52.93556213378906,53.39887237548828,52.952491760253906,52.26765441894531,52.55669403076172,53.98678207397461,55.180484771728516,54.855690002441406,53.78690719604492,53.19552993774414,52.986572265625,52.71820068359375,52.44192123413086,52.07060623168945,51.32289123535156,50.06718063354492,48.774051666259766,47.931514739990234,47.66805648803711,47.58600997924805
65.33203887939453,64.26382446289062,63.573787689208984,63.00779724121094,61.759239196777344,59.501827239990234,56.91084289550781,55.702674865722656,56.71466827392578,58.45990753173828,59.66287612915039,60.519317626953125,60.03390121459961,57.32352066040039,54.48069763183594,53.227989196777344,52.922176361083984,52.6654167175293,52.01115798950195,51.32109069824219,51.18815612792969,51.241188049316406,51.07011413574219,51.20563888549805,51.85275650024414,52.25527572631836,51.89608383178711,51.31490707397461,51.480796813964844,52.410972595214844,53.01276397705078,52.796363830566406,52.6484260559082,52.8658447265625,52.76655197143555,52.121849060058594,51.57738494873047,51.15483474731445,50.46963882446289,49.41183853149414,48.36954879760742,47.52016067504883,46.99375534057617,46.91219711303711
66.319091796875,65.1391830444336,64.04660034179688,62.773834228515625,60.9207649230957,58.41889953613281,56.40303039550781,55.954620361328125,56.78059768676758,58.2835807800293,60.26234436035156,61.1474494934082,58.76968765258789,54.64773178100586,52.277259826660156,52.06112289428711,52.37311553955078,52.50334548950195,51.91140365600586,50.477909088134766,49.45534896850586,49.54448318481445,49.96388626098633,50.2707405090332,50.78470230102539,51.244712829589844,51.125301361083984,50.646175384521484,50.33221435546875,50.39780807495117,50.883995056152344,51.639869689941406,52.2299919128418,52.16190719604492,51.59259796142578,50.96314239501953,50.72883987426758,50.3958740234375,49.51955032348633,48.348697662353516,47.68269348144531,47.42224884033203,47.0519905090332,46.87898254394531
67.37474060058594,66.43401336669922,65.12612915039062,63.189788818359375,60.84687805175781,58.4893798828125,56.91981887817383,56.71116638183594,57.63792037963867,59.37899398803711,60.91096878051758,59.8177490234375,56.03275680541992,52.563758850097656,51.61143493652344,51.8661003112793,51.67150115966797,51.52130126953125,51.345664978027344,49.9376335144043,48.29608917236328,48.224998474121094,49.123538970947266,49.63105010986328,49.949005126953125,50.475643157958984,50.624916076660156,49.96459197998047,49.07417297363281,48.96535110473633,49.910621643066406,51.06575012207031,51.41545867919922,50.89614486694336,50.188568115234375,49.682273864746094,49.59187698364258,49.58832550048828,48.90384292602539,47.727752685546875,47.083621978759766,47.21350860595703,47.34307098388672,47.16193771362305
67.8510971069336,67.01084899902344,65.98912048339844,64.34160614013672,62.075984954833984,59.78384017944336,58.42620849609375,58.50801467895508,59.5610466003418,60.285701751708984,59.580352783203125,57.47391891479492,54.6466064453125,52.487884521484375,51.852867126464844,51.519927978515625,50.762290954589844,50.48197937011719,50.6559944152832,49.769100189208984,47.910186767578125,47.1096305847168,47.91019821166992,49.020423889160156,49.675411224365234,50.0740852355957,49.96944046020508,49.07615661621094,48.2443733215332,48.34966278076172,49.209598541259766,49.957828521728516,50.072086334228516,49.72074508666992,49.298980712890625,48.79243469238281,48.45533752441406,48.520599365234375,48.32062530517578,47.49224090576172,46.840389251708984,46.966190338134766,47.404178619384766,47.379615783691406
67.56672668457031,66.49348449707031,65.99242401123047,65.41908264160156,63.89855194091797,61.83829116821289,60.62253952026367,60.886173248291016,60.96651077270508,59.6387825012207,58.148136138916016,56.874671936035156,54.89622116088867,52.87556838989258,51.63725280761719,50.678977966308594,49.99992752075195,49.925601959228516,50.09023666381836,49.73011016845703,48.239402770996094,46.466373443603516,46.264129638671875,47.664520263671875,49.16938018798828,49.76354217529297,49.36143493652344,48.48215866088867,47.77730178833008,47.56764602661133,47.870670318603516,48.418861389160156,48.80707931518555,48.8378791809082,48.60850524902344,48.134765625,47.56406021118164,47.37773132324219,47.4332160949707,47.224098205566406,46.873046875,46.93330383300781,47.30699920654297,47.308048248291016
66.70713806152344,65.48450469970703,65.3627700805664,65.72946166992188,65.34656524658203,64.15348052978516,63.09135818481445,62.32274627685547,61.017513275146484,59.419830322265625,58.36325454711914,57.12028121948242,54.980918884277344,52.7946662902832,51.17778778076172,50.07850646972656,49.7729606628418,49.99628829956055,49.99376678466797,49.677276611328125,48.63459014892578,46.62453842163086,45.30467987060547,46.00481033325195,47.701480865478516,48.730918884277344,48.65364456176758,47.98255920410156,47.052154541015625,46.29047775268555,46.2471809387207,46.92460632324219,47.65878677368164,47.98628616333008,47.827964782714844,47.336116790771484,46.837005615234375,46.717044830322266,46.867244720458984,46.90752410888672,46.79203796386719,46.79783630371094,46.9051628112793,46.76303482055664
65.57624816894531,64.5304183959961,64.53714752197266,65.44509887695312,66.39624786376953,65.88265991210938,64.06645965576172,62.517276763916016,61.358970642089844,60.17253494262695,58.78855514526367,56.91333770751953,54.69231033325195,52.70561981201172,51.18067169189453,50.29366683959961,50.27512741088867,50.564971923828125,50.26009750366211,49.517539978027344,48.53219223022461,46.89828872680664,45.21596908569336,44.93351745605469,46.08055877685547,47.201316833496094,47.54345703125,47.06617736816406,45.831756591796875,44.855987548828125,45.012447357177734,45.91715621948242,46.69960021972656,46.95615768432617,46.79787063598633,46.514808654785156,46.35527801513672,46.33589553833008,46.2885627746582,46.231658935546875,46.25191116333008,46.247657775878906,46.174285888671875,46.003334045410156
64.43946838378906,63.689300537109375,63.831844329833984,65.30418395996094,66.45655059814453,65.45746612548828,63.71830368041992,62.6483039855957,61.787288665771484,60.577964782714844,58.9013557434082,56.912025451660156,54.963260650634766,53.2762336730957,51.968711853027344,51.309356689453125,51.22966384887695,51.08810043334961,50.32453536987305,49.24703598022461,48.201297760009766,46.76227951049805,45.1811408996582,44.571739196777344,45.099491119384766,45.88436508178711,46.218868255615234,45.630836486816406,44.54277420043945,43.991119384765625,44.31025314331055,45.0169563293457,45.660545349121094,45.98628234863281,45.93040466308594,45.71980285644531,45.62364959716797,45.60628128051758,45.473934173583984,45.36185836791992,45.41975784301758,45.537235260009766,45.52251434326172,45.38337326049805
63.235774993896484,62.853050231933594,63.423675537109375,64.62899017333984,64.78398132324219,63.81535339355469,62.990779876708984,62.45184326171875,61.75220489501953,60.685909271240234,59.191429138183594,57.470458984375,55.84398651123047,54.3698616027832,53.181732177734375,52.47087097167969,51.92073440551758,51.088687896728516,49.99989318847656,48.9956169128418,47.91411590576172,46.37222671508789,44.90509033203125,44.3924446105957,44.551292419433594,44.92397689819336,45.055747985839844,44.43545150756836,43.63121032714844,43.37385559082031,43.614479064941406,44.076446533203125,44.57947540283203,44.932037353515625,45.09577941894531,45.12773895263672,45.03790283203125,44.81220245361328,44.60432052612305,44.668365478515625,44.9736213684082,45.236167907714844,45.069190979003906,44.787357330322266
61.924983978271484,62.03791427612305,62.70602798461914,63.164554595947266,62.80071258544922,62.2203369140625,62.00190734863281,61.886680603027344,61.4703483581543,60.70232391357422,59.58578109741211,58.2206916809082,56.77979278564453,55.299468994140625,54.072025299072266,53.189231872558594,52.19260787963867,50.905635833740234,49.7442626953125,48.8601188659668,47.6363410949707,45.90408706665039,44.544166564941406,44.02902603149414,43.9286994934082,44.06264877319336,44.20960235595703,43.7164192199707,42.94648742675781,42.66526412963867,42.829376220703125,43.12276077270508,43.45382308959961,43.88146209716797,44.40909194946289,44.82984924316406,44.84418869018555,44.426177978515625,44.10350799560547,44.30350112915039,44.75395202636719,44.811771392822266,44.41548156738281,44.11061096191406
60.60244369506836,61.07685470581055,61.59674072265625,61.66841125488281,61.2176399230957,60.89107894897461,61.0584831237793,61.26118850708008,61.071529388427734,60.546531677246094,59.74178695678711,58.68281173706055,57.34284591674805,55.768798828125,54.45945358276367,53.524871826171875,52.38478088378906,50.96579360961914,49.795021057128906,48.78068923950195,47.332969665527344,45.486732482910156,44.180850982666016,43.53664779663086,43.18860626220703,43.18523025512695,43.38751220703125,43.052162170410156,42.31305694580078,41.93396759033203,41.97333908081055,42.12382507324219,42.42855453491211,43.08525848388672,43.975257873535156,44.68712615966797,44.78156280517578,44.259971618652344,43.83753204345703,43.937538146972656,44.20848846435547,44.11435317993164,43.7429084777832,43.357940673828125
59.174560546875,59.82284927368164,60.339046478271484,60.37451934814453,59.96920394897461,59.8580207824707,60.30567932128906,60.67749786376953,60.56243896484375,60.12786102294922,59.444759368896484,58.576377868652344,57.316810607910156,55.83834457397461,54.710514068603516,53.885982513427734,52.70476150512695,51.225425720214844,49.95538330078125,48.685279846191406,47.047279357910156,45.237579345703125,43.909812927246094,43.01442337036133,42.4120979309082,42.281280517578125,42.44258499145508,42.27142333984375,41.67194747924805,41.141815185546875,40.922401428222656,40.99414825439453,41.53009033203125,42.605838775634766,43.84579086303711,44.560585021972656,44.44124984741211,43.8319206237793,43.471405029296875,43.47134017944336,43.537742614746094,43.45887756347656,43.09229278564453,42.42991638183594
57.55658721923828,58.36406707763672,59.04765701293945,59.22092819213867,58.967681884765625,59.02642822265625,59.59223556518555,59.9575080871582,59.80189895629883,59.28821563720703,58.67747497558594,57.87568283081055,56.75625228881836,55.643836975097656,54.966636657714844,54.27145004272461,53.006134033203125,51.48889923095703,50.14667892456055,48.64312744140625,46.85020065307617,45.11963653564453,43.705806732177734,42.52699661254883,41.72494125366211,41.520084381103516,41.614253997802734,41.507240295410156,40.96738052368164,40.23747634887695,39.71822738647461,39.7808952331543,40.69639205932617,42.23310852050781,43.65304946899414,44.123477935791016,43.71631622314453,43.20393753051758,43.01710891723633,42.894798278808594,42.79869842529297,42.69110870361328,42.19456481933594,41.54219055175781
55.901363372802734,56.850032806396484,57.73339080810547,58.185611724853516,58.164363861083984,58.22472381591797,58.63148498535156,58.832088470458984,58.63822937011719,58.06283950805664,57.52324295043945,56.774349212646484,55.8625602722168,55.304622650146484,55.077720642089844,54.43949890136719,53.17934799194336,51.76232147216797,50.37785339355469,48.662620544433594,46.704471588134766,44.95587158203125,43.4745979309082,42.17056655883789,41.35855484008789,41.16635513305664,41.17757797241211,40.95000076293945,40.25859451293945,39.33292007446289,38.658447265625,38.81163787841797,40.004032135009766,41.71650695800781,42.955753326416016,43.18941879272461,42.838375091552734,42.55570983886719,42.31267547607422,41.884342193603516,41.726558685302734,41.88890075683594,41.71512222290039,41.26792907714844
54.3652458190918,55.42321014404297,56.50056838989258,57.18278884887695,57.25749588012695,57.16842269897461,57.34371566772461,57.430755615234375,57.196773529052734,56.59435272216797,56.09052658081055,55.46213912963867,54.88471603393555,54.833465576171875,54.86766052246094,54.326778411865234,53.21595764160156,51.963539123535156,50.46913528442383,48.49642562866211,46.480445861816406,44.734737396240234,43.2347412109375,42.01406478881836,41.38648986816406,41.258338928222656,41.139190673828125,40.63453674316406,39.67251205444336,38.63370132446289,38.05178451538086,38.349090576171875,39.48503494262695,40.84261703491211,41.739383697509766,42.14868927001953,42.12617874145508,41.6296272277832,40.947017669677734,40.62273025512695,40.99875259399414,41.58587646484375,41.44791793823242,40.64531326293945
53.214962005615234,54.25511932373047,55.26775360107422,55.88355255126953,55.95876693725586,55.9031982421875,56.086830139160156,56.09458923339844,55.657955169677734,54.99649429321289,54.54875946044922,54.13352584838867,53.97368621826172,54.25798034667969,54.3734016418457,53.95331954956055,53.08475875854492,51.89449691772461,50.2199821472168,48.0584602355957,46.098167419433594,44.4667854309082,43.073612213134766,42.05782699584961,41.642723083496094,41.527706146240234,41.219520568847656,40.42080307006836,39.21031188964844,38.185794830322266,37.93519973754883,38.2976188659668,39.021583557128906,39.914608001708984,40.70553207397461,41.02359390258789,40.70766830444336,40.00094223022461,39.39555358886719,39.54990768432617,40.5834846496582,41.214454650878906,40.74580001831055,39.79193115234375
