data/wind_data/wind_27_7.json
{"header": {"parameterUnit": "KT", "parameterCategory": 2, "nx": 256, "ny": 198, "lo1": 44.73521041870117, "la1": -3.236724853515625, "lo2": 111.26478576660156, "la2": 43.468475341796875, "dx": 0.2609002888202667, "dy": -0.23708222806453705, "refTime": "2025-02-20 03:00:00", "forecastTime": 0, "parameterNumber": 2, "parameterNumberName": "eastward_wind"}, "data":
[rows 100 to 119 of 198, columns 176 to 219 of 256]
81.21455383300781,81.13359832763672,80.75749206542969,80.5273666381836,80.74063873291016,81.2236557006836,81.35411834716797,80.65139770507812,79.24079895019531,77.60498809814453,76.37809753417969,76.1639633178711,76.64335632324219,76.6626205444336,75.956787109375,75.40706634521484,75.3819351196289,75.5501937866211,76.03009796142578,77.07215118408203,78.0710220336914,78.07813262939453,77.26343536376953,76.66020202636719,76.56108856201172,76.46422576904297,76.00382995605469,75.15370178222656,74.18488311767578,73.50492095947266,73.42646026611328,73.72926330566406,74.01641845703125,74.16878509521484,74.13008117675781,74.10584259033203,74.39970397949219,74.96458435058594,75.32655334472656,75.33653259277344,75.67219543457031,76.70330047607422,77.30696105957031,76.87184143066406
83.18414306640625,83.09768676757812,82.72087860107422,82.45386505126953,82.5220947265625,82.8397216796875,83.07596588134766,82.8071060180664,81.79074096679688,80.20562744140625,78.81555938720703,78.39188385009766,78.54827880859375,78.34286499023438,77.7525863647461,77.28728485107422,77.13609313964844,77.22221374511719,77.6829833984375,78.67889404296875,79.67874145507812,79.81773376464844,79.30594635009766,79.05007934570312,79.26021575927734,79.361328125,78.86661529541016,77.76825714111328,76.50438690185547,75.61050415039062,75.2508544921875,75.10469818115234,75.0533676147461,75.21024322509766,75.42970275878906,75.52405548095703,75.5499038696289,75.73516082763672,75.88982391357422,75.81611633300781,76.18058776855469,77.31094360351562,78.34588623046875,78.61050415039062
84.9573974609375,84.84284210205078,84.59379577636719,84.56401824951172,84.75811004638672,84.98455810546875,85.128173828125,84.95894622802734,84.16961669921875,82.68896484375,81.10369110107422,80.53289031982422,80.744384765625,80.50567626953125,79.88906860351562,79.44878387451172,79.14448547363281,78.99698638916016,79.27764892578125,80.03790283203125,80.80621337890625,81.01203918457031,80.94432830810547,81.13377380371094,81.45262145996094,81.67767333984375,81.51811218261719,80.64502716064453,79.3615951538086,78.260986328125,77.4717788696289,76.74485778808594,76.16915893554688,76.01943969726562,76.31946563720703,76.8372573852539,77.1036148071289,77.01376342773438,76.8326416015625,76.68318939208984,76.90099334716797,77.62455749511719,78.46185302734375,79.24419403076172
86.41316223144531,86.39140319824219,86.40706634521484,86.74958038330078,87.19920349121094,87.41128540039062,87.40480041503906,87.21151733398438,86.5865707397461,85.20518493652344,83.3866958618164,82.38512420654297,82.71955871582031,83.13460540771484,82.78791046142578,82.09089660644531,81.47854614257812,81.04927062988281,80.94221496582031,81.27253723144531,81.83514404296875,82.19563293457031,82.34194946289062,82.51309967041016,82.70733642578125,83.02601623535156,83.24494934082031,82.79996490478516,81.78075408935547,80.6613998413086,79.60846710205078,78.52498626708984,77.64757537841797,77.33927917480469,77.5235366821289,78.05645751953125,78.74633026123047,78.9214096069336,78.42752838134766,77.92462921142578,77.93309783935547,78.25234985351562,78.5989761352539,79.24969482421875
87.68169403076172,87.7494888305664,87.92781066894531,88.51188659667969,89.24471282958984,89.62184143066406,89.58946228027344,89.44027709960938,89.10411834716797,87.96524810791016,85.96454620361328,84.28135681152344,84.2909164428711,85.46017456054688,85.87876892089844,85.14570617675781,84.08599853515625,83.31171417236328,82.87893676757812,82.81111145019531,83.21283721923828,83.62984466552734,83.59424591064453,83.35344696044922,83.35492706298828,83.76837158203125,84.11155700683594,83.75225830078125,82.98509979248047,82.40107727050781,81.85918426513672,80.83612060546875,79.62592315673828,79.03975677490234,78.97850036621094,79.16495513916016,79.92386627197266,80.57420349121094,80.16764068603516,79.36131286621094,79.1224136352539,79.27072143554688,79.42652130126953,79.77706146240234
89.01770782470703,89.16942596435547,89.3572006225586,89.92101287841797,90.74884796142578,91.33587646484375,91.43640899658203,91.37247467041016,91.34452056884766,90.72541809082031,88.89883422851562,86.62543487548828,85.87876892089844,87.16026306152344,88.29678344726562,87.96092987060547,86.77881622314453,85.69571685791016,85.0506591796875,84.85894775390625,84.95341491699219,84.8909912109375,84.54684448242188,84.27173614501953,84.23344421386719,84.2813491821289,84.24575805664062,84.03632354736328,83.8194351196289,83.85877990722656,83.82047271728516,83.00433349609375,81.65271759033203,80.78026580810547,80.40127563476562,80.17143249511719,80.69425201416016,81.64598846435547,81.699462890625,81.0731201171875,80.81268310546875,81.01393127441406,81.17472839355469,81.07205963134766
90.3238525390625,90.5604476928711,90.63114166259766,90.99063110351562,91.77227020263672,92.58358764648438,92.9598388671875,92.94320678710938,92.93864440917969,92.7591323852539,91.4927749633789,89.10482788085938,87.54092407226562,88.32327270507812,89.82745361328125,90.07483673095703,89.13832092285156,87.92951202392578,87.00629425048828,86.55614471435547,86.48712158203125,86.25858306884766,85.60786437988281,85.08679962158203,85.0574951171875,85.0670166015625,84.89510345458984,84.76472473144531,84.69684600830078,84.8455581665039,85.01624298095703,84.52950286865234,83.36426544189453,82.2837905883789,81.718994140625,81.40033721923828,81.61119842529297,82.47444915771484,82.92455291748047,82.62478637695312,82.54450225830078,83.02978515625,83.2828598022461,82.70677185058594
91.6596450805664,91.89955139160156,91.75248718261719,91.78018188476562,92.3664321899414,93.28553771972656,93.97785949707031,94.14582061767578,94.11601257324219,94.09528350830078,93.42056274414062,91.43083953857422,89.28694152832031,89.13617706298828,90.4957275390625,91.2553482055664,90.85515594482422,89.82921600341797,88.73251342773438,87.930908203125,87.52474212646484,87.30658721923828,86.96532440185547,86.49371337890625,86.17259216308594,85.98497772216797,85.76947021484375,85.72584533691406,85.80027770996094,85.78343963623047,85.68453216552734,85.46177673339844,84.96733093261719,84.03358459472656,83.02397918701172,82.57051849365234,82.7375259399414,83.17173767089844,83.5865707397461,83.85301208496094,84.26904296875,84.88147735595703,84.88736724853516,83.9833755493164
92.73302459716797,93.07219696044922,93.03661346435547,92.86577606201172,93.0222396850586,93.64289855957031,94.44026947021484,94.96923065185547,95.11056518554688,95.1194076538086,94.79559326171875,93.40286254882812,91.24791717529297,90.21170806884766,91.0588607788086,92.22296142578125,92.23481750488281,91.18695831298828,89.93438720703125,89.02953338623047,88.5130844116211,88.21997833251953,88.11563110351562,88.14947509765625,88.10690307617188,87.70494079589844,86.83546447753906,86.21485137939453,86.31336212158203,86.43553924560547,86.23429107666016,86.13697814941406,86.21759796142578,85.85433197021484,84.86336517333984,84.03848266601562,84.00220489501953,84.17237091064453,84.04813385009766,84.32596588134766,85.47817993164062,86.52729034423828,86.26849365234375,85.10385131835938
93.68598937988281,93.74041748046875,93.82356262207031,93.86741638183594,93.97428131103516,94.29805755615234,94.8839340209961,95.49146270751953,95.80233764648438,95.86310577392578,95.70484161376953,94.9374008178711,93.322021484375,91.75984954833984,91.96829986572266,93.31755828857422,93.4814453125,92.17189025878906,90.62918853759766,89.56305694580078,88.99144744873047,88.7904052734375,88.87603759765625,89.18933868408203,89.79987335205078,90.08660888671875,88.98983001708984,87.34446716308594,86.64899444580078,86.61067962646484,86.47671508789062,86.46405792236328,86.86150360107422,87.1316146850586,86.63702392578125,85.76785278320312,85.42444610595703,85.51978302001953,85.40660095214844,85.41376495361328,86.0684585571289,86.9400863647461,87.20255279541016,86.7615966796875
94.85163116455078,94.48564910888672,94.47433471679688,94.71192169189453,94.99336242675781,95.26820373535156,95.64350128173828,96.05879974365234,96.3855209350586,96.60233306884766,96.571533203125,96.10758972167969,95.07464599609375,93.51068115234375,92.91061401367188,93.8747787475586,94.45892333984375,93.48428344726562,91.6169662475586,89.86474609375,88.87540435791016,88.76495361328125,89.14014434814453,89.61901092529297,90.49541473388672,91.5582504272461,91.24553680419922,89.48802185058594,87.98597717285156,87.2200698852539,86.72022247314453,86.63493347167969,87.13279724121094,87.7740249633789,87.94252014160156,87.53587341308594,87.1095962524414,87.11485290527344,87.44636535644531,87.52849578857422,87.12874603271484,86.88553619384766,87.36804962158203,88.0594711303711
95.33843994140625,94.9386215209961,94.95195007324219,95.27459716796875,95.74691009521484,96.24543762207031,96.66630554199219,96.96401977539062,97.205322265625,97.4553451538086,97.4139175415039,97.05796813964844,96.54708862304688,95.39622497558594,93.8990478515625,93.76341247558594,94.99932861328125,95.10595703125,93.11822509765625,90.63186645507812,89.13553619384766,88.8048095703125,89.12454223632812,89.66535949707031,90.4822998046875,91.74885559082031,92.35009765625,91.39160919189453,90.06379699707031,88.95649719238281,87.74488067626953,87.13395690917969,87.4210433959961,88.05208587646484,88.59294128417969,88.73838806152344,88.63229370117188,88.84642028808594,89.48013305664062,89.67952728271484,89.01150512695312,88.04653930664062,87.77873229980469,88.29459381103516
94.82121276855469,94.62251281738281,94.84933471679688,95.22514343261719,95.85565948486328,96.64582061767578,97.26261901855469,97.66580200195312,97.9378433227539,98.01923370361328,97.91732025146484,97.84410095214844,97.90052032470703,97.46967315673828,95.79143524169922,93.95751953125,94.04891967773438,95.22135925292969,94.5870132446289,92.25110626220703,90.29756164550781,89.48922729492188,89.47106170654297,89.8001708984375,90.2903060913086,91.38860321044922,92.69425964355469,92.7132797241211,91.8268814086914,90.92554473876953,89.67273712158203,88.54911804199219,88.20519256591797,88.52615356445312,89.11985778808594,89.43003845214844,89.53333282470703,90.0922622680664,90.87503051757812,91.00862121582031,90.86784362792969,90.4646224975586,89.30177307128906,88.23894500732422
93.97228240966797,93.87979888916016,94.2051010131836,94.67533111572266,95.3776626586914,96.1822738647461,96.86137390136719,97.50640106201172,97.98814392089844,98.06008911132812,98.05570983886719,98.43688201904297,98.81879425048828,98.9426040649414,98.20516967773438,95.92935180664062,93.82677459716797,93.67183685302734,93.94417572021484,93.22591400146484,92.08861541748047,91.16658782958984,90.60797119140625,90.2789535522461,90.16816711425781,90.94441223144531,92.70991516113281,93.76346588134766,93.27116394042969,92.45968627929688,91.69607543945312,90.52928924560547,89.52749633789062,89.4028091430664,89.84906005859375,90.091064453125,90.20845031738281,90.81612396240234,91.46849822998047,91.59739685058594,92.20659637451172,92.87794494628906,91.45189666748047,88.88838195800781
93.25843048095703,93.30167388916016,93.6142807006836,93.93860626220703,94.4312515258789,95.14683532714844,95.89967346191406,96.59359741210938,97.08552551269531,97.30293273925781,97.70706939697266,98.51661682128906,99.08495330810547,99.10396575927734,98.71353912353516,97.62750244140625,95.52438354492188,92.99085235595703,91.68841552734375,92.14464569091797,92.77913665771484,92.68663787841797,92.26558685302734,91.62051391601562,90.92498016357422,91.06768035888672,92.50157928466797,94.15311431884766,94.50477600097656,93.76702117919922,93.08018493652344,92.31315612792969,91.30850219726562,90.86775970458984,91.10454559326172,91.36250305175781,91.33488464355469,91.4225082397461,91.62913513183594,91.85824584960938,93.09479522705078,94.51273345947266,93.3188247680664,90.15006256103516
92.99243927001953,93.04999542236328,93.16509246826172,93.1487808227539,93.31814575195312,93.92977905273438,94.80382537841797,95.53365325927734,95.87980651855469,96.13125610351562,96.69598388671875,97.6006088256836,98.22456359863281,98.0776138305664,97.58020782470703,97.38516235351562,96.40342712402344,93.71088409423828,91.10464477539062,90.42692565917969,91.17718505859375,92.2676773071289,93.1761245727539,93.17513275146484,92.28936004638672,91.80330657958984,92.59283447265625,94.19766998291016,95.20719909667969,94.661376953125,93.67264556884766,93.41506958007812,93.21820068359375,92.75676727294922,92.73442077636719,93.39851379394531,93.48528289794922,92.54447937011719,91.77983093261719,91.92383575439453,93.61595153808594,95.17740631103516,94.05702209472656,91.2691421508789
93.20169067382812,92.95295715332031,92.56713104248047,92.19264221191406,92.21063995361328,92.7652816772461,93.68584442138672,94.55702209472656,95.01011657714844,95.20825958251953,95.63019561767578,96.26946258544922,96.6039810180664,96.29183959960938,95.71688079833984,95.60401153564453,95.45816802978516,93.9324951171875,91.36721801757812,89.58931732177734,89.6624526977539,91.15258026123047,92.91132354736328,93.75688934326172,93.22180938720703,92.45150756835938,92.8934555053711,94.35567474365234,95.41667175292969,94.99137878417969,93.91188049316406,93.90116119384766,94.53141784667969,94.40495300292969,94.14016723632812,95.26875305175781,95.8993148803711,94.11974334716797,92.19581604003906,92.03960418701172,93.81768798828125,94.92456817626953,93.60258483886719,91.7108383178711
93.6989974975586,93.0700912475586,92.1751480102539,91.36304473876953,91.16061401367188,91.67903900146484,92.64078521728516,93.5807876586914,94.24353790283203,94.67935180664062,95.0872802734375,95.30770874023438,95.1089096069336,94.55697631835938,93.96569061279297,93.65916442871094,93.76161193847656,93.48906707763672,92.02436065673828,90.1603012084961,89.53926849365234,90.50952911376953,92.24093627929688,93.5274429321289,93.43693542480469,92.71463012695312,92.87464141845703,93.94889831542969,94.99752044677734,95.2025146484375,94.52731323242188,94.1514892578125,94.89341735839844,95.42170715332031,95.31786346435547,96.48444366455078,97.4001235961914,95.54759216308594,93.21340942382812,92.87409973144531,93.80809783935547,93.83902740478516,92.73981475830078,91.67797088623047
94.38821411132812,93.68938446044922,92.52554321289062,91.2644271850586,90.67865753173828,90.92897033691406,91.68313598632812,92.60245513916016,93.62724304199219,94.51402282714844,94.89618682861328,94.65803527832031,94.1658706665039,93.60538482666016,92.9860610961914,92.45321655273438,92.47286987304688,92.98809051513672,92.97412872314453,92.11058044433594,91.22118377685547,91.0178451538086,91.71192932128906,92.8016586303711,93.30249786376953,92.9905014038086,92.70658111572266,93.18132781982422,94.27790069580078,95.21965789794922,95.11150360107422,94.44743347167969,94.86217498779297,95.9328384399414,96.42597961425781,97.11195373535156,97.88489532470703,96.84708404541016,94.66758728027344,94.0182113647461,94.30213928222656,93.3481216430664,92.04571533203125,91.23444366455078
94.84510040283203,94.23687744140625,93.17070770263672,91.8398208618164,90.9566421508789,90.84151458740234,91.3421859741211,92.37662506103516,93.70320129394531,94.5625991821289,94.63093566894531,94.30281066894531,93.86639404296875,93.2525634765625,92.47048950195312,91.80565643310547,91.8630142211914,92.7922592163086,93.79036712646484,94.09722137451172,93.75164031982422,93.02925872802734,92.26534271240234,92.04107666015625,92.58639526367188,93.1447525024414,93.23591613769531,93.35897064208984,93.92138671875,94.9497299194336,95.44898986816406,95.05763244628906,95.10095977783203,96.05294799804688,96.96804809570312,97.30836486816406,97.86538696289062,97.83186340332031,96.30912017822266,95.444091796875,95.54495239257812,94.11516571044922,91.81262969970703,90.31647491455078
