data/wind_data/wind_48_7.json
{"header": {"parameterUnit": "KT", "parameterCategory": 2, "nx": 256, "ny": 198, "lo1": 44.73521041870117, "la1": -3.236724853515625, "lo2": 111.26478576660156, "la2": 43.468475341796875, "dx": 0.2609002888202667, "dy": -0.23708222806453705, "refTime": "2025-02-21 00:00:00", "forecastTime": 0, "parameterNumber": 2, "parameterNumberName": "eastward_wind"}, "data":
[rows 40 to 59 of 198, columns 0 to 43 of 256]
5.067409515380859,3.4018330574035645,4.019369602203369,4.568467140197754,4.922847270965576,5.683752536773682,5.913227558135986,5.742837905883789,5.396997928619385,5.337299346923828,5.790365219116211,6.079774379730225,5.445341110229492,4.597954273223877,4.427781105041504,4.442995548248291,4.136950492858887,3.6410975456237793,3.284102201461792,3.0591249465942383,2.7244372367858887,2.345970392227173,2.432371139526367,2.958230495452881,3.070831298828125,2.501612901687622,1.8539975881576538,1.211564302444458,0.4491148889064789,-0.2549782395362854,-0.684023916721344,-0.8494610786437988,-0.7984049320220947,-0.10997956246137619,0.9473823308944702,1.4194238185882568,1.2176960706710815,0.914084792137146,0.5050808787345886,-0.27587902545928955,-0.9473192095756531,-1.1094619035720825,-0.7809017300605774,-0.16219337284564972
6.760101318359375,5.272313594818115,5.711531639099121,6.57069730758667,7.415450572967529,7.179184436798096,6.756897449493408,6.6850810050964355,6.660366058349609,6.638033866882324,6.606858730316162,6.217886924743652,5.285652160644531,4.761518955230713,5.139809608459473,5.56184196472168,5.387335300445557,4.79143762588501,4.342518329620361,4.162660598754883,3.874614715576172,3.2110109329223633,2.720986843109131,3.0312585830688477,3.427454710006714,3.1609535217285156,2.5355911254882812,1.9229965209960938,1.1579911708831787,0.3186129927635193,-0.33097389340400696,-0.6623488664627075,-0.7106795907020569,-0.3600684702396393,0.6198809146881104,1.5638091564178467,1.755426049232483,1.540936827659607,1.2269742488861084,0.6527082920074463,-0.08343707025051117,-0.40128493309020996,-0.13253122568130493,0.2958505153656006
8.862457275390625,7.806876182556152,7.8473687171936035,8.453996658325195,9.472867012023926,7.996713638305664,6.898732662200928,6.784322738647461,6.75779914855957,6.508904457092285,6.014461040496826,5.240736961364746,4.5240020751953125,4.552819728851318,5.257783889770508,5.983537197113037,6.197871685028076,5.81142520904541,5.199468612670898,4.780244827270508,4.563543319702148,4.049068450927734,3.289271116256714,3.086186170578003,3.5241732597351074,3.659691095352173,3.2037439346313477,2.582979202270508,1.898924708366394,1.0315940380096436,0.13319340348243713,-0.3597579896450043,-0.3496965765953064,-0.01749660074710846,0.6310684680938721,1.496889352798462,2.028303384780884,2.0173208713531494,1.7131606340408325,1.2651790380477905,0.7870520353317261,0.38515156507492065,0.43586647510528564,0.6891472935676575
10.715338706970215,10.073554992675781,9.885385513305664,9.927720069885254,9.919707298278809,7.568814754486084,6.2231574058532715,5.851512432098389,5.622973918914795,5.3419189453125,4.8481550216674805,4.280137538909912,4.035674095153809,4.20452880859375,4.795560359954834,5.698353290557861,6.487087249755859,6.683286666870117,6.162665843963623,5.300039768218994,4.63153600692749,4.212599754333496,3.7917802333831787,3.6615023612976074,3.878041982650757,4.0718560218811035,3.8191423416137695,3.1209378242492676,2.350431203842163,1.531413197517395,0.5610333681106567,0.09544585645198822,0.10748131573200226,0.29170453548431396,0.6762906312942505,1.2880299091339111,1.7841321229934692,1.914525032043457,1.765181303024292,1.483992099761963,1.2675949335098267,1.134533405303955,1.1009235382080078,1.1562968492507935
11.002301216125488,10.267379760742188,10.192975997924805,10.226703643798828,9.374112129211426,7.241881370544434,5.928398609161377,5.146387100219727,4.663395881652832,4.363061904907227,4.0059051513671875,3.6728503704071045,3.5690205097198486,3.6106786727905273,4.0213212966918945,5.038030624389648,6.245579719543457,7.003390312194824,6.879806041717529,6.0207319259643555,4.972571849822998,4.273707389831543,4.079588413238525,4.178051471710205,4.495551586151123,4.67565393447876,4.394682884216309,3.641263961791992,2.742107629776001,1.8350141048431396,0.8436752557754517,0.42798614501953125,0.595686137676239,0.7814583778381348,0.8738442063331604,1.08759605884552,1.3801548480987549,1.4036972522735596,1.155574917793274,1.1131740808486938,1.242706298828125,1.471701741218567,1.7189420461654663,1.700064778327942
11.284201622009277,9.301258087158203,9.666425704956055,10.004617691040039,8.847030639648438,7.44487190246582,6.175038814544678,5.0455217361450195,4.130773544311523,3.2895796298980713,2.895801544189453,2.9083516597747803,3.2195053100585938,3.462374687194824,3.8087124824523926,4.666787147521973,5.908596992492676,6.885371685028076,7.097724914550781,6.574870586395264,5.677640438079834,4.779052257537842,4.358522891998291,4.491809368133545,4.871989727020264,5.168055534362793,4.984958648681641,4.214719772338867,3.2296142578125,2.281454086303711,1.357536792755127,0.8828464150428772,1.0872496366500854,1.4911845922470093,1.5480953454971313,1.4027578830718994,1.2666388750076294,0.9732058644294739,0.6810215711593628,0.6618381142616272,0.7153963446617126,0.9783458113670349,1.4046504497528076,1.5604017972946167
12.943097114562988,10.864099502563477,10.591025352478027,10.31432056427002,8.553241729736328,7.633882999420166,7.556014537811279,6.690426826477051,5.206854343414307,4.023265361785889,3.850155830383301,4.6148152351379395,5.578267574310303,6.134274482727051,6.270359992980957,6.489635944366455,6.96842622756958,7.298064231872559,7.258057117462158,6.94559383392334,6.402710914611816,5.67809534072876,5.061545372009277,4.878090858459473,5.132716655731201,5.5108184814453125,5.509763240814209,4.760178089141846,3.7277889251708984,2.787428617477417,1.9730836153030396,1.454696774482727,1.5462510585784912,2.005034923553467,2.2352895736694336,2.032892942428589,1.6440049409866333,1.165142297744751,0.7245580554008484,0.5650372505187988,0.4370887279510498,0.3199060559272766,0.5434421896934509,0.8735189437866211
14.632865905761719,12.802152633666992,12.117609977722168,11.359780311584473,9.196216583251953,7.990035533905029,8.64907169342041,9.025491714477539,8.360629081726074,7.444230079650879,7.3598313331604,8.134431838989258,9.102444648742676,9.755516052246094,10.042810440063477,10.14937686920166,10.07335376739502,9.626882553100586,8.859346389770508,8.078839302062988,7.4264655113220215,6.7913055419921875,6.070589542388916,5.5675249099731445,5.505631446838379,5.825464248657227,6.066988945007324,5.5900959968566895,4.447875499725342,3.3779497146606445,2.664757251739502,2.2026665210723877,2.216172218322754,2.5653293132781982,2.917062282562256,2.9563028812408447,2.630147933959961,2.114760160446167,1.6890227794647217,1.4633139371871948,1.2099858522415161,0.7106311917304993,0.4426092207431793,0.6017184853553772
15.595459938049316,14.43105697631836,13.90981388092041,13.341684341430664,11.571037292480469,10.162346839904785,10.045186996459961,10.641779899597168,11.018507957458496,11.033406257629395,11.062508583068848,11.116349220275879,11.34717082977295,11.711848258972168,12.02260971069336,12.15811824798584,12.173563003540039,11.986591339111328,11.553752899169922,10.829580307006836,9.78272819519043,8.637163162231445,7.456839561462402,6.459868907928467,5.990050792694092,6.137693881988525,6.660723686218262,6.732095718383789,5.801891803741455,4.595267295837402,3.893747091293335,3.4592392444610596,3.3075904846191406,3.569875717163086,4.053676128387451,4.473670959472656,4.322253704071045,3.877265691757202,3.3194828033447266,2.836536407470703,2.334918737411499,1.7382502555847168,1.340189814567566,1.2891478538513184
16.67237091064453,15.481255531311035,15.502689361572266,15.284089088439941,13.829236030578613,12.981143951416016,12.336640357971191,12.24556827545166,12.777406692504883,13.17980670928955,13.26373291015625,13.010887145996094,12.778200149536133,12.869475364685059,12.986356735229492,12.779025077819824,12.48363971710205,12.389481544494629,12.51126766204834,12.688838958740234,12.343615531921387,11.110448837280273,9.343770027160645,7.587713718414307,6.5357842445373535,6.459860324859619,7.1128926277160645,7.801309585571289,7.498836994171143,6.417413234710693,5.646372318267822,5.099105358123779,4.600060939788818,4.695642471313477,5.296115398406982,5.871181964874268,6.0113372802734375,5.704349517822266,5.018233776092529,4.108525276184082,3.3458611965179443,2.8914949893951416,2.695669412612915,2.769474744796753
18.28619384765625,17.36301612854004,17.691253662109375,17.652978897094727,16.53725814819336,15.719722747802734,14.844531059265137,14.211992263793945,14.043257713317871,14.051251411437988,14.067527770996094,13.910287857055664,13.508544921875,13.30689811706543,13.346695899963379,13.26477336883545,12.98181438446045,12.582881927490234,12.144777297973633,12.048786163330078,12.475808143615723,12.3974609375,11.09426212310791,9.113719940185547,7.490913391113281,6.952963352203369,7.480506420135498,8.520914077758789,9.07590103149414,8.508127212524414,7.67965030670166,7.092472553253174,6.443619251251221,6.0680084228515625,6.485263347625732,7.146520137786865,7.338718891143799,7.011743068695068,6.135561466217041,5.0204620361328125,4.339888572692871,4.246592998504639,4.290257453918457,4.378185749053955
19.631912231445312,21.548355102539062,20.910234451293945,20.12906837463379,19.249950408935547,18.464372634887695,17.662342071533203,17.013378143310547,16.290807723999023,15.710721015930176,15.430887222290039,15.327598571777344,14.992813110351562,14.549888610839844,14.259220123291016,13.85949993133545,13.112536430358887,12.287623405456543,11.494755744934082,10.994828224182129,11.203478813171387,11.792222023010254,11.639723777770996,10.373191833496094,8.983518600463867,8.43224048614502,8.67071533203125,9.302083969116211,9.952415466308594,10.150731086730957,9.703753471374512,9.195659637451172,8.789239883422852,8.21129322052002,7.709273338317871,7.682363510131836,7.7748565673828125,7.369470596313477,6.398440361022949,5.4131388664245605,5.128589630126953,5.395224571228027,5.6430983543396,5.694222450256348
20.55542755126953,22.928207397460938,21.695444107055664,20.45461082458496,20.069236755371094,19.585430145263672,19.356721878051758,19.458276748657227,19.08970069885254,18.367719650268555,17.899133682250977,17.638408660888672,17.048425674438477,16.171993255615234,15.305240631103516,14.346599578857422,13.088786125183105,11.811549186706543,10.837472915649414,10.344343185424805,10.282397270202637,10.482770919799805,10.664827346801758,10.454188346862793,10.143065452575684,10.304277420043945,10.778680801391602,11.141131401062012,11.13943099975586,10.938849449157715,10.682297706604004,10.356560707092285,9.933649063110352,9.321821212768555,8.549890518188477,7.988922119140625,7.681665897369385,7.083381175994873,6.274208068847656,5.847280025482178,6.05848503112793,6.425173282623291,6.559683799743652,6.485174655914307
20.658164978027344,19.352270126342773,19.454368591308594,19.23845100402832,19.298805236816406,18.76390266418457,18.43429183959961,18.812118530273438,19.14553451538086,18.864622116088867,18.378623962402344,18.006406784057617,17.515377044677734,16.738920211791992,15.727948188781738,14.543834686279297,13.338286399841309,12.329026222229004,11.454727172851562,10.587233543395996,9.841745376586914,9.301724433898926,9.101865768432617,9.37988567352295,10.03751277923584,10.6185941696167,10.8848237991333,11.35229206085205,11.948834419250488,11.859130859375,11.220974922180176,10.60538387298584,10.221256256103516,9.912178993225098,9.459980010986328,8.952630996704102,8.334988594055176,7.573526382446289,7.181580543518066,7.3386125564575195,7.7483391761779785,7.839599609375,7.489968776702881,7.036443710327148
19.63927459716797,18.93893051147461,19.243606567382812,19.189510345458984,18.801904678344727,17.882261276245117,16.914514541625977,16.819974899291992,17.259302139282227,17.109512329101562,16.411664962768555,15.989771842956543,16.001615524291992,16.050418853759766,15.767292976379395,14.959238052368164,13.880189895629883,13.024422645568848,12.309231758117676,11.334953308105469,10.159364700317383,9.194103240966797,8.786223411560059,9.060783386230469,9.771291732788086,10.04478931427002,9.492525100708008,9.195402145385742,10.214077949523926,11.604990005493164,11.970300674438477,11.470734596252441,11.028450012207031,10.849498748779297,10.616326332092285,10.230504989624023,9.51248550415039,8.807387351989746,8.768166542053223,9.217643737792969,9.507855415344238,9.274348258972168,8.596251487731934,7.877112865447998
19.097637176513672,18.783891677856445,19.06125259399414,18.802650451660156,17.97264289855957,17.086830139160156,15.913610458374023,15.406183242797852,15.739180564880371,15.868349075317383,15.395755767822266,14.99802017211914,15.148751258850098,15.537604331970215,15.752788543701172,15.491639137268066,14.623136520385742,13.630945205688477,12.920060157775879,12.108779907226562,11.111977577209473,10.461235046386719,10.285244941711426,10.359848022460938,10.523303031921387,10.56983470916748,10.075316429138184,9.131253242492676,8.884440422058105,10.035916328430176,11.578557968139648,12.295106887817383,12.157538414001465,11.725005149841309,11.337319374084473,11.016605377197266,10.724726676940918,10.54708480834961,10.591118812561035,10.735207557678223,10.729312896728516,10.415698051452637,9.823446273803711,9.208202362060547
19.2906494140625,18.519132614135742,18.37116813659668,17.7889404296875,16.757749557495117,16.18626594543457,15.540806770324707,15.161606788635254,15.4673433303833,16.11348533630371,16.40243148803711,16.249164581298828,16.021690368652344,15.960318565368652,15.962838172912598,15.898863792419434,15.57344913482666,15.022605895996094,14.375450134277344,13.416298866271973,12.451112747192383,12.090407371520996,12.120954513549805,12.024236679077148,12.0299711227417,12.329718589782715,12.54206657409668,12.03649616241455,10.843332290649414,10.189737319946289,10.909029006958008,12.205058097839355,12.953558921813965,12.925247192382812,12.52667236328125,12.131488800048828,12.012727737426758,12.208477973937988,12.353575706481934,12.147330284118652,11.766417503356934,11.420432090759277,11.09260082244873,10.837003707885742
19.72040557861328,18.873414993286133,18.63350486755371,18.021343231201172,17.103139877319336,16.827484130859375,16.67414665222168,16.49816131591797,16.680940628051758,17.340394973754883,17.993488311767578,18.14881134033203,17.828235626220703,17.3253116607666,16.909337997436523,16.677629470825195,16.49346923828125,16.35541343688965,16.262868881225586,15.693026542663574,14.602134704589844,13.815041542053223,13.675195693969727,13.589831352233887,13.477336883544922,13.789826393127441,14.340353012084961,14.601241111755371,14.168671607971191,13.055560111999512,12.251056671142578,12.518152236938477,13.273537635803223,13.827109336853027,14.034441947937012,14.010895729064941,13.861001968383789,13.681702613830566,13.47296142578125,13.16355037689209,12.813211441040039,12.566502571105957,12.429831504821777,12.43832778930664
20.34771728515625,19.855775833129883,19.932798385620117,19.49401092529297,18.901729583740234,18.87581443786621,18.88606071472168,18.581819534301758,18.49066162109375,18.92612075805664,19.493797302246094,19.67669105529785,19.404123306274414,18.88764190673828,18.321290969848633,17.837331771850586,17.405864715576172,17.055198669433594,17.04771614074707,17.131839752197266,16.733234405517578,15.98907470703125,15.488749504089355,15.325642585754395,15.2080717086792,15.315940856933594,15.824766159057617,16.372119903564453,16.475461959838867,15.96902084350586,14.999208450317383,14.226631164550781,14.108414649963379,14.280763626098633,14.503376960754395,14.912415504455566,15.342802047729492,15.313833236694336,14.761570930480957,14.213622093200684,13.959785461425781,13.99083423614502,14.04915714263916,14.130419731140137
21.539609909057617,20.90761375427246,20.97799301147461,20.773643493652344,20.704771041870117,21.01316261291504,21.14967918395996,20.775712966918945,20.40032196044922,20.459299087524414,20.799089431762695,20.970170974731445,20.80633544921875,20.392009735107422,19.874345779418945,19.37178611755371,18.836179733276367,18.225004196166992,17.792076110839844,17.71127700805664,17.66019058227539,17.404653549194336,17.13463592529297,17.070209503173828,17.099302291870117,17.03375244140625,17.10491943359375,17.4953670501709,17.88780403137207,17.867788314819336,17.316574096679688,16.419275283813477,15.683192253112793,15.464518547058105,15.43497085571289,15.491446495056152,15.914085388183594,16.49295425415039,16.630535125732422,16.295543670654297,15.981928825378418,15.926111221313477,15.957230567932129,16.015241622924805
