data/wind_data/wind_36_2.json
{"header": {"parameterUnit": "KT", "parameterCategory": 2, "nx": 256, "ny": 198, "lo1": 44.73521041870117, "la1": -3.236724853515625, "lo2": 111.26478576660156, "la2": 43.468475341796875, "dx": 0.2609002888202667, "dy": -0.23708222806453705, "refTime": "2025-02-20 12:00:00", "forecastTime": 0, "parameterNumber": 2, "parameterNumberName": "eastward_wind"}, "data":
[rows 38 to 56 of 198, columns 43 to 85 of 256]
-11.961917877197266,-10.748869895935059,-13.501264572143555,-15.657036781311035,-13.794633865356445,-9.763487815856934,-9.125187873840332,-12.281173706054688,-13.182657241821289,-12.651141166687012,-13.706215858459473,-15.468595504760742,-16.051742553710938,-16.91423988342285,-17.664724349975586,-16.533592224121094,-15.217357635498047,-15.722623825073242,-16.994651794433594,-16.05832862854004,-14.324918746948242,-12.607879638671875,-12.581822395324707,-15.300886154174805,-14.896574974060059,-15.717424392700195,-15.820676803588867,-14.286091804504395,-14.17920207977295,-15.943052291870117,-18.896495819091797,-20.107120513916016,-17.067419052124023,-11.762956619262695,-11.447280883789062,-11.244637489318848,-11.353062629699707,-12.117138862609863,-13.251379013061523,-14.163192749023438,-14.451872825622559,-12.648116111755371,-11.013101577758789
-10.392426490783691,-11.198358535766602,-12.878969192504883,-13.631634712219238,-12.408966064453125,-11.377039909362793,-11.414775848388672,-11.074247360229492,-11.943531036376953,-15.10261058807373,-16.924039840698242,-16.97454261779785,-16.283544540405273,-15.962428092956543,-16.195762634277344,-16.65560531616211,-17.203441619873047,-16.869077682495117,-16.045045852661133,-15.420318603515625,-15.461771965026855,-15.231633186340332,-14.469874382019043,-14.90384578704834,-15.4849214553833,-14.955198287963867,-14.835956573486328,-14.23419189453125,-14.816872596740723,-16.973041534423828,-19.392169952392578,-20.024261474609375,-18.159671783447266,-14.547452926635742,-12.202900886535645,-10.473800659179688,-12.402588844299316,-15.0550537109375,-13.115760803222656,-11.537313461303711,-11.54271125793457,-8.959928512573242,-7.489330768585205
-10.360692024230957,-11.360201835632324,-12.036670684814453,-11.812697410583496,-12.662837028503418,-14.597115516662598,-12.678564071655273,-9.364180564880371,-12.094423294067383,-17.108108520507812,-18.305360794067383,-16.61537742614746,-15.02875804901123,-15.016399383544922,-16.208505630493164,-17.815153121948242,-18.464765548706055,-16.5408878326416,-13.85715103149414,-14.183562278747559,-16.603967666625977,-17.41460609436035,-16.8931941986084,-15.128829002380371,-14.180917739868164,-14.46644401550293,-14.206395149230957,-13.112529754638672,-10.884078025817871,-12.357223510742188,-16.917728424072266,-17.333974838256836,-16.08555793762207,-15.282330513000488,-14.46844482421875,-12.98815631866455,-14.641380310058594,-14.840479850769043,-10.39863395690918,-7.623602390289307,-7.167634010314941,-7.732812881469727,-8.806832313537598
-14.11500072479248,-14.96685791015625,-13.044523239135742,-10.54554271697998,-10.909087181091309,-12.983217239379883,-12.665843963623047,-11.065081596374512,-13.597098350524902,-16.925321578979492,-16.611928939819336,-14.15047550201416,-13.750175476074219,-16.22206687927246,-17.59263038635254,-17.772125244140625,-17.035432815551758,-14.40441608428955,-12.293095588684082,-14.255772590637207,-16.86456298828125,-16.18497085571289,-15.21911907196045,-13.692079544067383,-12.76730728149414,-13.33889389038086,-14.478384017944336,-14.02799129486084,-11.896893501281738,-10.688264846801758,-15.228035926818848,-16.77218246459961,-15.129753112792969,-12.940966606140137,-12.784212112426758,-13.412703514099121,-14.892082214355469,-13.263226509094238,-10.021480560302734,-8.30556869506836,-7.681816577911377,-9.871304512023926,-10.336352348327637
-16.626766204833984,-16.421192169189453,-12.776565551757812,-9.365158081054688,-8.59961223602295,-10.357516288757324,-13.461115837097168,-14.479963302612305,-14.454811096191406,-14.553799629211426,-14.854722023010254,-14.905900001525879,-16.322858810424805,-17.519245147705078,-16.76934814453125,-15.410270690917969,-14.9591064453125,-15.072219848632812,-16.079275131225586,-17.77086639404297,-17.589906692504883,-14.588061332702637,-11.913904190063477,-12.348758697509766,-13.125383377075195,-12.057367324829102,-13.382485389709473,-15.028351783752441,-13.998534202575684,-11.1010160446167,-10.56397819519043,-13.244964599609375,-13.934347152709961,-12.191329002380371,-11.415806770324707,-12.29279899597168,-12.28219223022461,-11.87002182006836,-10.476412773132324,-10.374785423278809,-11.482133865356445,-11.247366905212402,-11.647283554077148
-13.511900901794434,-12.773110389709473,-12.10293197631836,-11.474023818969727,-7.932711601257324,-11.302485466003418,-15.559305191040039,-15.63739013671875,-11.604554176330566,-11.172673225402832,-15.244874000549316,-17.092905044555664,-16.94460678100586,-15.978191375732422,-15.203794479370117,-15.871806144714355,-16.581562042236328,-17.416236877441406,-18.04463005065918,-17.443233489990234,-15.880945205688477,-12.88746452331543,-9.473480224609375,-11.114994049072266,-14.330713272094727,-12.69091510772705,-12.620857238769531,-14.106502532958984,-14.343927383422852,-13.32749080657959,-10.342950820922852,-9.565990447998047,-11.98702621459961,-12.058149337768555,-11.109580993652344,-10.915533065795898,-11.004173278808594,-10.354519844055176,-10.72509765625,-12.210163116455078,-13.65089225769043,-13.962151527404785,-13.547664642333984
-14.010799407958984,-16.956140518188477,-16.15662956237793,-12.718631744384766,-11.054952621459961,-13.722395896911621,-16.05484962463379,-14.456711769104004,-11.565509796142578,-11.953036308288574,-15.922990798950195,-16.75113296508789,-15.903159141540527,-14.675895690917969,-15.974141120910645,-16.796390533447266,-16.283092498779297,-16.582963943481445,-16.40496253967285,-15.587158203125,-14.709074974060059,-13.284221649169922,-11.182151794433594,-11.443015098571777,-13.432826042175293,-13.087631225585938,-12.571744918823242,-12.50749683380127,-12.779900550842285,-13.207144737243652,-11.81713581085205,-8.880172729492188,-9.94226360321045,-11.164655685424805,-10.136255264282227,-10.365521430969238,-11.58938980102539,-12.879725456237793,-13.742866516113281,-14.231302261352539,-14.075786590576172,-14.571564674377441,-13.99393081665039
-12.507054328918457,-15.047669410705566,-13.083942413330078,-13.515341758728027,-14.447407722473145,-14.0781831741333,-15.055366516113281,-15.615158081054688,-15.035721778869629,-16.059926986694336,-15.908509254455566,-14.180984497070312,-14.264604568481445,-15.815932273864746,-17.08826446533203,-16.87578582763672,-15.457216262817383,-15.230463981628418,-16.036643981933594,-15.967300415039062,-15.371347427368164,-13.967551231384277,-12.689739227294922,-12.71815299987793,-12.83117389678955,-12.702179908752441,-12.061399459838867,-11.102622985839844,-11.399269104003906,-11.412104606628418,-11.01682186126709,-10.867772102355957,-11.290362358093262,-11.535073280334473,-10.461625099182129,-10.368643760681152,-12.628110885620117,-14.214140892028809,-13.630572319030762,-12.219681739807129,-12.320562362670898,-13.50925350189209,-12.476847648620605
-13.66596794128418,-13.65326976776123,-13.654067039489746,-14.465670585632324,-16.066373825073242,-16.968706130981445,-16.015010833740234,-14.363529205322266,-13.578171730041504,-15.320465087890625,-14.938777923583984,-11.278255462646484,-10.796795845031738,-16.038610458374023,-16.953901290893555,-16.07773208618164,-14.212066650390625,-14.782727241516113,-15.428462982177734,-14.681107521057129,-14.7738676071167,-14.891983032226562,-14.628593444824219,-14.078753471374512,-13.287938117980957,-11.898299217224121,-11.522769927978516,-10.367555618286133,-10.369647979736328,-11.175048828125,-10.673772811889648,-11.558061599731445,-12.973234176635742,-12.294526100158691,-9.762144088745117,-10.43742561340332,-12.921324729919434,-13.377506256103516,-12.545934677124023,-11.299492835998535,-12.70363998413086,-12.95948600769043,-12.37729549407959
-16.443309783935547,-14.50484561920166,-12.420351028442383,-12.645859718322754,-15.618494987487793,-16.952693939208984,-14.907546043395996,-11.514686584472656,-9.897215843200684,-10.70556640625,-14.47304916381836,-13.133591651916504,-12.604294776916504,-14.686029434204102,-15.727987289428711,-16.610828399658203,-17.421663284301758,-16.48222541809082,-14.621495246887207,-13.130313873291016,-12.808100700378418,-13.398578643798828,-14.102444648742676,-14.456098556518555,-13.688627243041992,-11.744590759277344,-11.490943908691406,-11.299723625183105,-11.006156921386719,-11.445234298706055,-11.447407722473145,-12.14644718170166,-13.512612342834473,-12.790555953979492,-9.233131408691406,-10.218948364257812,-13.610777854919434,-13.739392280578613,-14.010899543762207,-13.443775177001953,-13.17489242553711,-13.15087604522705,-13.514660835266113
-13.824049949645996,-11.786006927490234,-9.786727905273438,-10.697406768798828,-15.151457786560059,-16.16351318359375,-15.672242164611816,-14.499411582946777,-12.822854995727539,-11.140101432800293,-13.21638011932373,-15.49350357055664,-14.529745101928711,-12.10313892364502,-14.033822059631348,-17.751455307006836,-17.709903717041016,-16.388851165771484,-13.529298782348633,-11.138490676879883,-12.126338958740234,-12.63451862335205,-12.917059898376465,-13.460765838623047,-13.107176780700684,-12.243647575378418,-12.164886474609375,-12.471334457397461,-13.08184814453125,-13.617782592773438,-13.542054176330566,-12.924924850463867,-12.702845573425293,-12.863631248474121,-12.429903984069824,-12.088768005371094,-13.450742721557617,-14.568717002868652,-14.748821258544922,-13.462911605834961,-12.32925796508789,-11.950632095336914,-14.044774055480957
-11.376503944396973,-10.703818321228027,-10.684893608093262,-11.998883247375488,-15.282320976257324,-15.586787223815918,-13.644895553588867,-13.402621269226074,-12.828652381896973,-12.208128929138184,-13.674134254455566,-15.679352760314941,-14.368170738220215,-12.429885864257812,-13.871167182922363,-16.73979949951172,-16.28963279724121,-14.22627067565918,-10.87872314453125,-8.996015548706055,-10.675870895385742,-13.061345100402832,-12.284616470336914,-12.428018569946289,-12.678807258605957,-12.248956680297852,-12.505377769470215,-13.699966430664062,-14.948104858398438,-14.834500312805176,-13.004655838012695,-11.213708877563477,-11.862539291381836,-13.059979438781738,-13.419650077819824,-13.694404602050781,-13.384495735168457,-14.461264610290527,-14.719103813171387,-12.142203330993652,-8.643856048583984,-9.027618408203125,-13.838929176330566
-8.276972770690918,-11.02987289428711,-12.686509132385254,-12.42105484008789,-13.65114974975586,-13.815112113952637,-13.153264999389648,-13.043030738830566,-12.631331443786621,-12.696548461914062,-13.983200073242188,-14.31749439239502,-13.06362247467041,-13.845973014831543,-15.336030960083008,-15.335711479187012,-13.407523155212402,-11.40198040008545,-11.082740783691406,-11.293213844299316,-12.388671875,-12.218892097473145,-10.295686721801758,-12.693194389343262,-13.986922264099121,-13.57629108428955,-13.596161842346191,-14.01685619354248,-14.663314819335938,-14.233071327209473,-11.246297836303711,-7.943423748016357,-10.728799819946289,-13.097383499145508,-13.186034202575684,-14.727663040161133,-14.6496000289917,-14.530243873596191,-13.682063102722168,-10.54830265045166,-9.281314849853516,-12.478744506835938,-14.037376403808594
-9.729049682617188,-11.663670539855957,-13.8064603805542,-14.333579063415527,-14.231365203857422,-12.760247230529785,-11.897188186645508,-12.526562690734863,-13.360087394714355,-13.00397777557373,-12.95801067352295,-14.29394245147705,-14.9599027633667,-14.305874824523926,-13.686979293823242,-13.191803932189941,-9.299757957458496,-7.804196834564209,-10.513994216918945,-11.679347038269043,-10.265501976013184,-11.658961296081543,-12.754981994628906,-13.930096626281738,-14.566829681396484,-12.63278579711914,-10.287440299987793,-11.01909351348877,-12.88105583190918,-13.4949951171875,-11.640165328979492,-11.809130668640137,-13.191298484802246,-14.404495239257812,-14.277971267700195,-14.060768127441406,-14.58425521850586,-15.125038146972656,-12.842865943908691,-9.00045394897461,-10.293078422546387,-13.92345905303955,-13.367258071899414
-10.607656478881836,-10.724310874938965,-12.532544136047363,-13.684942245483398,-13.562765121459961,-11.979400634765625,-11.822859764099121,-12.499228477478027,-11.865805625915527,-11.73205852508545,-9.796239852905273,-12.869009971618652,-16.612518310546875,-12.171160697937012,-9.864535331726074,-10.128628730773926,-12.502880096435547,-14.376731872558594,-14.298298835754395,-12.316720008850098,-10.913172721862793,-11.002028465270996,-12.175493240356445,-14.462335586547852,-14.459890365600586,-12.746094703674316,-12.129105567932129,-12.487624168395996,-12.628238677978516,-12.012487411499023,-12.397720336914062,-13.93773365020752,-15.335670471191406,-15.189262390136719,-12.930956840515137,-10.95496940612793,-13.332170486450195,-14.208876609802246,-13.455545425415039,-12.262227058410645,-13.295066833496094,-13.910212516784668,-13.976895332336426
-9.045971870422363,-10.767019271850586,-11.519798278808594,-11.241621971130371,-11.60237979888916,-11.921878814697266,-12.970162391662598,-11.12823486328125,-8.959599494934082,-9.82997989654541,-12.602457046508789,-14.642194747924805,-12.622922897338867,-9.290526390075684,-8.348198890686035,-9.897795677185059,-13.44951057434082,-15.232827186584473,-13.7368745803833,-11.05385971069336,-11.374540328979492,-13.046309471130371,-12.631664276123047,-14.233198165893555,-14.628849029541016,-14.774069786071777,-14.614630699157715,-13.076315879821777,-11.230716705322266,-11.76599407196045,-13.42336368560791,-15.061751365661621,-15.501529693603516,-14.067994117736816,-10.369200706481934,-8.957697868347168,-13.408206939697266,-14.04104995727539,-14.505867004394531,-14.533185958862305,-13.931328773498535,-14.253941535949707,-14.62224292755127
-12.191847801208496,-11.030718803405762,-11.905820846557617,-11.613822937011719,-10.972299575805664,-11.18420696258545,-11.272191047668457,-10.470489501953125,-10.00635051727295,-11.42221736907959,-14.063922882080078,-14.206892013549805,-12.043926239013672,-11.413838386535645,-12.677285194396973,-13.865697860717773,-12.412837028503418,-12.30472469329834,-15.934657096862793,-15.84495735168457,-12.081561088562012,-10.3243408203125,-12.188904762268066,-14.10012149810791,-13.849970817565918,-15.360136032104492,-14.758148193359375,-11.35063362121582,-8.474102020263672,-11.165596961975098,-14.315605163574219,-14.866327285766602,-14.786194801330566,-14.200953483581543,-13.081969261169434,-12.590149879455566,-14.481135368347168,-14.618324279785156,-14.48691463470459,-14.60838508605957,-13.90443229675293,-12.124853134155273,-12.0584135055542
-12.133837699890137,-11.624650955200195,-12.08940601348877,-11.888415336608887,-10.995545387268066,-11.267006874084473,-10.97253704071045,-11.169694900512695,-11.123591423034668,-11.768705368041992,-12.977548599243164,-13.64553451538086,-13.344659805297852,-13.431760787963867,-14.334471702575684,-13.922017097473145,-12.54348087310791,-13.340553283691406,-14.837474822998047,-15.333420753479004,-14.924768447875977,-14.616521835327148,-13.119089126586914,-10.661358833312988,-10.944527626037598,-12.402420043945312,-11.689901351928711,-10.464280128479004,-9.211444854736328,-9.806639671325684,-13.616168975830078,-14.109532356262207,-13.319459915161133,-13.918006896972656,-14.15787410736084,-14.630244255065918,-14.389962196350098,-13.278141021728516,-13.726723670959473,-14.403485298156738,-12.268875122070312,-8.55427074432373,-9.34752368927002
-13.085176467895508,-12.276204109191895,-11.868412017822266,-11.879255294799805,-11.667030334472656,-11.5035982131958,-11.535492897033691,-11.880522727966309,-12.093085289001465,-12.204394340515137,-12.590864181518555,-12.946961402893066,-13.778631210327148,-14.180026054382324,-14.102888107299805,-13.173956871032715,-12.353581428527832,-13.10756778717041,-14.255603790283203,-14.814184188842773,-14.684419631958008,-14.097943305969238,-13.625923156738281,-13.622526168823242,-14.11622142791748,-14.153745651245117,-13.611640930175781,-13.775006294250488,-12.892394065856934,-13.17950439453125,-13.621123313903809,-12.885302543640137,-12.836316108703613,-14.317110061645508,-14.714282989501953,-13.545663833618164,-13.092378616333008,-13.28653621673584,-12.784749031066895,-12.871706008911133,-13.27623176574707,-12.395333290100098,-13.342376708984375
