data/wind_data/wind_25_6.json
{"header": {"parameterUnit": "KT", "parameterCategory": 2, "nx": 256, "ny": 198, "lo1": 44.73521041870117, "la1": -3.236724853515625, "lo2": 111.26478576660156, "la2": 43.468475341796875, "dx": 0.2609002888202667, "dy": -0.23708222806453705, "refTime": "2025-02-20 01:00:00", "forecastTime": 0, "parameterNumber": 2, "parameterNumberName": "eastward_wind"}, "data":
[rows 80 to 99 of 198, columns 90 to 134 of 256]
48.577762603759766,49.25743103027344,49.83978271484375,50.34491729736328,50.750057220458984,50.96965026855469,50.970882415771484,50.858062744140625,50.78314208984375,50.78221893310547,50.806949615478516,50.83595657348633,50.826759338378906,50.68689727783203,50.376487731933594,49.92533493041992,49.38978576660156,48.87706756591797,48.51900863647461,48.39910125732422,48.44215774536133,48.24553680419922,47.901432037353516,48.09637451171875,48.49184036254883,48.73250198364258,48.85965347290039,48.75969314575195,48.359275817871094,47.54458999633789,46.76980209350586,46.58915328979492,47.32876205444336,48.65578842163086,49.521480560302734,49.70439529418945,49.85789108276367,50.36136245727539,50.779823303222656,50.559261322021484,50.00580978393555,49.869537353515625,50.24885559082031,50.59480667114258,50.63713455200195
50.328147888183594,51.087066650390625,51.606964111328125,51.9395866394043,52.18706130981445,52.385704040527344,52.50779342651367,52.548797607421875,52.56546401977539,52.62630081176758,52.7500114440918,52.897003173828125,53.003135681152344,52.99397659301758,52.85812759399414,52.63136672973633,52.27143096923828,51.78432083129883,51.374088287353516,51.20948791503906,51.19429016113281,50.902767181396484,50.492713928222656,50.568458557128906,50.82805252075195,51.04568862915039,51.31861877441406,51.45039749145508,51.38498306274414,51.00442886352539,50.20218276977539,49.399539947509766,49.12092590332031,49.77363586425781,51.00972366333008,51.92534637451172,52.169639587402344,52.330711364746094,52.825477600097656,53.06747055053711,52.622920989990234,52.00591278076172,51.89398193359375,52.30612564086914,52.771400451660156
51.93062973022461,52.65337371826172,53.229061126708984,53.60850524902344,53.82692337036133,53.935428619384766,53.97329330444336,53.975364685058594,53.96398162841797,53.980186462402344,54.09243392944336,54.31214904785156,54.539756774902344,54.65260696411133,54.62368392944336,54.54285430908203,54.41505432128906,54.12232971191406,53.79276657104492,53.652530670166016,53.648643493652344,53.40559768676758,53.17707061767578,53.43297576904297,53.81522750854492,54.007022857666016,54.11848831176758,54.13296127319336,54.082279205322266,54.04597473144531,53.931217193603516,53.687469482421875,53.38641357421875,53.10929870605469,53.13362503051758,53.88780212402344,54.70974349975586,54.811729431152344,54.66527557373047,54.79826354980469,54.82986068725586,54.351959228515625,53.7962532043457,53.80725860595703,54.40576171875
54.245445251464844,54.624359130859375,54.976402282714844,55.25324630737305,55.4227294921875,55.487449645996094,55.485897064208984,55.4668083190918,55.44037628173828,55.397247314453125,55.391170501708984,55.504268646240234,55.70305633544922,55.86677169799805,55.915504455566406,55.87779235839844,55.77433395385742,55.5237922668457,55.173973083496094,54.97705841064453,54.919437408447266,54.73939895629883,54.739070892333984,55.211246490478516,55.84800720214844,56.33436584472656,56.670589447021484,56.95658493041992,57.21110153198242,57.41026306152344,57.53715896606445,57.579158782958984,57.52727127075195,57.355770111083984,57.05324172973633,56.94428253173828,57.462425231933594,57.920894622802734,57.61810302734375,57.084964752197266,56.852325439453125,56.67042541503906,56.28152084350586,55.99085235595703,56.17431640625
56.970638275146484,57.22587203979492,57.45963668823242,57.604591369628906,57.60938262939453,57.477561950683594,57.29561233520508,57.17344665527344,57.1258659362793,57.08634948730469,57.03190612792969,57.03347396850586,57.108028411865234,57.21773147583008,57.30913543701172,57.3579216003418,57.307945251464844,57.06449508666992,56.64976119995117,56.283653259277344,55.96694564819336,55.6386833190918,55.715843200683594,56.2114143371582,56.85801696777344,57.47394943237305,57.939056396484375,58.37190246582031,58.88814926147461,59.44654846191406,59.980106353759766,60.45734786987305,60.77585983276367,60.800689697265625,60.54655075073242,60.19927215576172,60.146507263183594,60.34272384643555,60.21223068237305,59.66180419921875,59.04212951660156,58.652565002441406,58.46255111694336,58.33161163330078,58.32221984863281
59.544891357421875,59.75394058227539,60.016143798828125,60.20850372314453,60.216209411621094,60.03329086303711,59.78166580200195,59.627655029296875,59.599815368652344,59.57902908325195,59.485382080078125,59.34204864501953,59.203609466552734,59.13462829589844,59.13720703125,59.20030212402344,59.24233627319336,59.088191986083984,58.682865142822266,58.17108154296875,57.579833984375,57.05851364135742,57.13874053955078,57.67936325073242,58.306705474853516,58.89420700073242,59.34233474731445,59.72600555419922,60.21783447265625,60.88628005981445,61.5759391784668,62.15692138671875,62.65877151489258,63.01750946044922,63.06953430175781,62.82872772216797,62.597434997558594,62.565120697021484,62.435813903808594,62.015037536621094,61.34463119506836,60.61071014404297,60.1971435546875,60.217071533203125,60.43560028076172
62.03403854370117,62.225772857666016,62.48304748535156,62.707855224609375,62.787750244140625,62.67647933959961,62.474021911621094,62.36418151855469,62.415504455566406,62.5199089050293,62.56587600708008,62.505821228027344,62.34789276123047,62.16962432861328,62.0297966003418,61.93136215209961,61.86691665649414,61.70620346069336,61.311588287353516,60.732994079589844,59.94118881225586,59.069854736328125,58.844356536865234,59.38976287841797,60.11002731323242,60.70221710205078,61.139739990234375,61.48517990112305,61.919944763183594,62.57971954345703,63.29129409790039,63.86842346191406,64.36397552490234,64.84605407714844,65.20671844482422,65.2578125,65.03440856933594,64.82127380371094,64.61705017089844,64.26915740966797,63.78706359863281,62.997318267822266,62.1490364074707,61.864410400390625,62.20072937011719
64.37769317626953,64.5906753540039,64.85519409179688,65.1323013305664,65.3386001586914,65.39175415039062,65.33100891113281,65.29952239990234,65.37565612792969,65.50667572021484,65.6108169555664,65.65384674072266,65.61831665039062,65.52671813964844,65.4407730102539,65.34136199951172,65.1948013305664,64.97628021240234,64.60806274414062,64.08731842041016,63.3184928894043,62.250404357910156,61.53021240234375,61.81545639038086,62.5181884765625,63.04059982299805,63.33363342285156,63.52320861816406,63.80646896362305,64.2997817993164,64.88299560546875,65.38641357421875,65.82526397705078,66.30825805664062,66.83557891845703,67.19934844970703,67.22808837890625,67.03950500488281,66.74505615234375,66.34961700439453,65.96581268310547,65.38806915283203,64.47808074951172,63.86700439453125,63.86929702758789
66.72286987304688,66.9840316772461,67.28048706054688,67.55474853515625,67.77294921875,67.89229583740234,67.9477767944336,68.0348129272461,68.18938446044922,68.35343933105469,68.4731216430664,68.55738067626953,68.61677551269531,68.62325286865234,68.60655212402344,68.59522247314453,68.50196075439453,68.2921142578125,67.98564910888672,67.55152130126953,66.8587646484375,65.78500366210938,64.8696060180664,64.9135513305664,65.51222229003906,65.98484802246094,66.22795867919922,66.31566619873047,66.39010620117188,66.56937408447266,66.83612060546875,67.11453247070312,67.44363403320312,67.89459991455078,68.44805145263672,68.94425964355469,69.22888946533203,69.26055145263672,68.96916961669922,68.5355224609375,68.18409729003906,67.62615203857422,66.76750946044922,66.12788391113281,65.92411041259766
69.06993103027344,69.39852142333984,69.77900695800781,70.07555389404297,70.2515869140625,70.32317352294922,70.35850524902344,70.44283294677734,70.59807586669922,70.77943420410156,70.92306518554688,71.0271224975586,71.1326675415039,71.20281219482422,71.1905288696289,71.17345428466797,71.14851379394531,71.05001831054688,70.89445495605469,70.60091400146484,69.96215057373047,68.95997619628906,68.14456939697266,68.03632354736328,68.39248657226562,68.79432678222656,69.11128234863281,69.27157592773438,69.31926727294922,69.3737564086914,69.4317626953125,69.4737319946289,69.61026763916016,69.95420837402344,70.45880126953125,70.93677520751953,71.23687744140625,71.35398864746094,71.2408447265625,70.96141815185547,70.77983093261719,70.5101547241211,69.84064483642578,69.04068756103516,68.53491973876953
71.61673736572266,71.86213684082031,72.14122009277344,72.36412811279297,72.50899505615234,72.59750366210938,72.6707992553711,72.77932739257812,72.9434814453125,73.12162017822266,73.27835845947266,73.3894271850586,73.47605895996094,73.53079223632812,73.44442749023438,73.2858657836914,73.21488189697266,73.2313461303711,73.28043365478516,73.18915557861328,72.71913146972656,71.9970703125,71.50504302978516,71.39183044433594,71.50643920898438,71.73745727539062,71.98432922363281,72.10637664794922,72.1225357055664,72.19247436523438,72.260986328125,72.24150848388672,72.26548767089844,72.49000549316406,72.88587951660156,73.2522964477539,73.40904235839844,73.36336517333984,73.23910522460938,73.1230239868164,73.16937255859375,73.332275390625,73.23373413085938,72.73710632324219,72.19552612304688
74.03085327148438,74.34468078613281,74.64627838134766,74.87313079833984,75.00817108154297,75.07445526123047,75.0860824584961,75.0645751953125,75.0833740234375,75.21760559082031,75.47724914550781,75.78256225585938,76.04705810546875,76.18949890136719,76.03761291503906,75.65972137451172,75.41002655029297,75.43328857421875,75.65641021728516,75.81572723388672,75.62178802490234,75.165771484375,74.86337280273438,74.86124420166016,74.97036743164062,75.08488464355469,75.16197204589844,75.10488891601562,74.98780822753906,75.02116394042969,75.12591552734375,75.12789154052734,75.16458129882812,75.40467834472656,75.75798797607422,76.01300048828125,76.00626373291016,75.74786376953125,75.42774200439453,75.2012939453125,75.33875274658203,75.83268737792969,76.06902313232422,75.83226013183594,75.50778198242188
76.37239837646484,76.67827606201172,76.95226287841797,77.24124908447266,77.5486831665039,77.84160614013672,78.04154205322266,78.09293365478516,78.0432357788086,78.0097885131836,78.0844497680664,78.29449462890625,78.63665771484375,78.99832153320312,79.03240203857422,78.64423370361328,78.28463745117188,78.21442413330078,78.3994369506836,78.710205078125,78.86884307861328,78.71776580810547,78.44588470458984,78.3816146850586,78.5083999633789,78.6183090209961,78.57876586914062,78.3758316040039,78.18667602539062,78.19287109375,78.28900909423828,78.27497100830078,78.27335357666016,78.46546936035156,78.7764892578125,79.01564025878906,78.98066711425781,78.60458374023438,78.07361602783203,77.65077209472656,77.69438171386719,78.32148742675781,78.76878356933594,78.59088897705078,78.20346069335938
78.81173706054688,79.12882232666016,79.35575866699219,79.58953857421875,79.89317321777344,80.25846099853516,80.6190414428711,80.89411926269531,81.05164337158203,81.1342544555664,81.20912170410156,81.33082580566406,81.53449249267578,81.82697296142578,81.97589111328125,81.69043731689453,81.30433654785156,81.2025146484375,81.28999328613281,81.55243682861328,81.93963623046875,82.1871566772461,82.14141845703125,82.03096008300781,82.04764556884766,82.11519622802734,82.07518768310547,81.8841323852539,81.70126342773438,81.65935516357422,81.70660400390625,81.71499633789062,81.726806640625,81.86961364746094,82.10179901123047,82.2411880493164,82.0945053100586,81.61622619628906,80.99329376220703,80.56398010253906,80.56715393066406,81.04650115966797,81.6217269897461,81.62736511230469,81.12683868408203
80.6565933227539,81.00626373291016,81.29058837890625,81.58148193359375,81.89797973632812,82.23780059814453,82.59747314453125,82.94684600830078,83.24473571777344,83.46871948242188,83.63003540039062,83.76271057128906,83.89473724365234,84.06529998779297,84.24150085449219,84.14801788330078,83.83056640625,83.70639038085938,83.7960205078125,84.02532196044922,84.48065948486328,85.0172348022461,85.33550262451172,85.46781158447266,85.60269927978516,85.63740539550781,85.52793884277344,85.4107894897461,85.36180877685547,85.30623626708984,85.26423645019531,85.28260040283203,85.40780639648438,85.70156860351562,86.0111312866211,86.04331970214844,85.6810302734375,85.05374908447266,84.40170288085938,84.03353118896484,84.06678771972656,84.3350601196289,84.75833129882812,85.05725860595703,84.78343963623047
81.82382202148438,82.2082748413086,82.56401824951172,82.93400573730469,83.3052978515625,83.64603424072266,83.9748764038086,84.31436157226562,84.6717758178711,84.9721908569336,85.17784118652344,85.30309295654297,85.41651916503906,85.57942962646484,85.82300567626953,85.96644592285156,85.87347412109375,85.81168365478516,85.91399383544922,86.11338806152344,86.50813293457031,87.12437438964844,87.68852233886719,88.06536865234375,88.39649200439453,88.6097412109375,88.65865325927734,88.69656372070312,88.78021240234375,88.73298645019531,88.56529235839844,88.487548828125,88.68923950195312,89.20854949951172,89.74334716796875,89.85790252685547,89.4762191772461,88.84272766113281,88.21218872070312,87.87953186035156,87.95374298095703,88.19505310058594,88.48049926757812,88.87506866455078,88.9885025024414
82.94278717041016,83.42460632324219,83.85820007324219,84.28768920898438,84.72210693359375,85.13536071777344,85.50619506835938,85.84953308105469,86.166015625,86.39986419677734,86.4996566772461,86.49089050292969,86.48882293701172,86.64637756347656,87.03106689453125,87.44276428222656,87.619140625,87.6920394897461,87.86399841308594,88.09539794921875,88.39845275878906,88.8685302734375,89.379638671875,89.7784423828125,90.118408203125,90.45325469970703,90.76139831542969,91.09031677246094,91.37073516845703,91.42765045166016,91.15850067138672,90.84496307373047,90.899169921875,91.40750122070312,92.04769134521484,92.38282012939453,92.286376953125,91.86334228515625,91.24893951416016,90.89234924316406,91.08326721191406,91.4591293334961,91.77043151855469,92.21585083007812,92.68093872070312
84.4648666381836,85.04486083984375,85.58802032470703,86.12895965576172,86.66709899902344,87.1511001586914,87.5071792602539,87.7724380493164,87.9965591430664,88.17216491699219,88.24972534179688,88.2537612915039,88.25537109375,88.40385437011719,88.8239974975586,89.36936950683594,89.71455383300781,89.82855224609375,89.98081970214844,90.26899719238281,90.61624908447266,91.02019500732422,91.37809753417969,91.57209014892578,91.71460723876953,91.93069458007812,92.34861755371094,92.8471450805664,93.15918731689453,93.2640609741211,93.11672973632812,92.70081329345703,92.45250701904297,92.57003784179688,92.91534423828125,93.19377136230469,93.38644409179688,93.47258758544922,93.1213150024414,92.61710357666016,92.63027954101562,93.00337982177734,93.43162536621094,94.04596710205078,94.7525863647461
86.44083404541016,86.94188690185547,87.4680404663086,88.07076263427734,88.67594909667969,89.1461410522461,89.37599182128906,89.42369842529297,89.48306274414062,89.65032196044922,89.89513397216797,90.17888641357422,90.4579086303711,90.72418975830078,91.0644302368164,91.52081298828125,91.91148376464844,92.07587432861328,92.18496704101562,92.46110534667969,92.85655975341797,93.33163452148438,93.80388641357422,94.07968139648438,94.05132293701172,93.92327117919922,94.0836410522461,94.518798828125,94.82240295410156,94.8555679321289,94.70307922363281,94.4030990600586,94.08378601074219,93.95612335205078,93.92874908447266,93.77924346923828,93.70946502685547,93.9439926147461,94.11968231201172,93.89200592041016,93.67054748535156,93.73478698730469,94.05674743652344,94.6801986694336,95.44255065917969
88.43094635009766,88.82367706298828,89.2098388671875,89.71574401855469,90.22666931152344,90.57136535644531,90.66943359375,90.59480285644531,90.57267761230469,90.79354858398438,91.24917602539062,91.82064819335938,92.3860855102539,92.81781005859375,93.07506561279297,93.30852508544922,93.5709228515625,93.74308013916016,93.88066101074219,94.16292572021484,94.51455688476562,94.89065551757812,95.36641693115234,95.73095703125,95.70823669433594,95.42774963378906,95.35706329345703,95.68737030029297,96.03968048095703,96.0330810546875,95.74816131591797,95.37483215332031,95.04029083251953,94.96514129638672,95.02317810058594,94.91170501708984,94.59088897705078,94.50865936279297,94.69738006591797,94.7666015625,94.67591094970703,94.6048812866211,94.69822692871094,95.07286071777344,95.68416595458984
