data/wind_data/wind_63_0.json
{"header": {"parameterUnit": "KT", "parameterCategory": 2, "nx": 255, "ny": 198, "lo1": 44.73521041870117, "la1": -3.236724853515625, "lo2": 111.26478576660156, "la2": 43.468475341796875, "dx": 0.26192745566368103, "dy": -0.23708222806453705, "refTime": "2025-02-21 15:00:00", "forecastTime": 0, "parameterNumber": 2, "parameterNumberName": "eastward_wind"}, "data":
[rows 95 to 113 of 198, columns 0 to 42 of 255]
-6.196889877319336,-6.757177829742432,-8.199334144592285,-8.486252784729004,-8.192103385925293,-8.145747184753418,-8.72028923034668,-8.539361953735352,-8.73646068572998,-8.572921752929688,-8.031472206115723,-7.070967674255371,-6.604555606842041,-6.374472618103027,-6.178560256958008,-5.90896463394165,-5.976367950439453,-6.222163677215576,-6.25413179397583,-6.077437400817871,-5.719607353210449,-5.379826068878174,-5.0033955574035645,-4.617807865142822,-4.5428009033203125,-4.741601467132568,-4.979382038116455,-4.966548919677734,-4.634768486022949,-3.8301756381988525,-3.190303087234497,-1.3207378387451172,1.3079200983047485,2.6005475521087646,0.912085235118866,-3.4229276180267334,-4.381293773651123,-5.142827987670898,-6.260059356689453,-5.059226989746094,-3.533494710922241,-3.449021339416504,-3.2258636951446533
-6.127053260803223,-6.619847774505615,-7.692895412445068,-8.522209167480469,-8.032676696777344,-6.673274517059326,-8.284575462341309,-8.436798095703125,-8.57336139678955,-8.473156929016113,-8.575142860412598,-7.816898822784424,-7.0355448722839355,-6.417301654815674,-6.186026096343994,-5.75607442855835,-5.418554782867432,-5.753843784332275,-6.134224891662598,-6.275818347930908,-5.849234104156494,-5.2098565101623535,-4.6680588722229,-4.119884967803955,-3.7168619632720947,-3.5749664306640625,-3.7756099700927734,-4.369800090789795,-4.639692306518555,-4.204242706298828,-3.3397953510284424,-1.5429418087005615,0.5734310150146484,1.9664685726165771,2.205721139907837,-0.7639681696891785,-3.9852914810180664,-5.2102789878845215,-4.8929901123046875,-3.6902029514312744,-2.106234312057495,-2.0764994621276855,-3.031116247177124
-5.353120803833008,-6.892237663269043,-8.305292129516602,-9.03873062133789,-8.164149284362793,-7.499080181121826,-7.425180912017822,-7.735179901123047,-8.162059783935547,-8.454686164855957,-8.889968872070312,-8.670648574829102,-7.686034679412842,-6.728455066680908,-6.172056198120117,-5.6244001388549805,-5.0576958656311035,-5.2015910148620605,-5.661019802093506,-6.024662494659424,-5.912489891052246,-5.398063659667969,-4.944637298583984,-4.48148775100708,-3.740278959274292,-2.823763370513916,-2.451936721801758,-2.934688091278076,-3.9191973209381104,-4.186265468597412,-3.461589813232422,-2.053901195526123,-0.3596581220626831,1.0204150676727295,1.9930671453475952,0.8064540028572083,-2.6864981651306152,-4.570560932159424,-4.258213043212891,-3.103571891784668,-1.1260490417480469,-1.595725417137146,-3.4202024936676025
-3.849142551422119,-5.730038642883301,-8.044525146484375,-8.845069885253906,-8.18908977508545,-7.726413726806641,-7.38955545425415,-7.121922969818115,-7.26278018951416,-7.795966148376465,-8.564741134643555,-9.028946876525879,-8.51091194152832,-7.376590251922607,-6.4806318283081055,-5.779196262359619,-5.085339069366455,-4.983155727386475,-5.124844551086426,-5.121696472167969,-5.356334686279297,-5.400473117828369,-5.202402114868164,-4.774148941040039,-4.063571929931641,-3.1034433841705322,-2.1449031829833984,-1.5942926406860352,-1.8323179483413696,-2.9471027851104736,-3.7288784980773926,-2.8975515365600586,-1.576708197593689,0.2915922999382019,2.1097426414489746,1.622019648551941,-1.0805277824401855,-3.7819066047668457,-3.642648696899414,-2.4903690814971924,-0.7771996259689331,-1.9916647672653198,-5.077826023101807
-3.234931230545044,-5.412222862243652,-7.426806926727295,-8.690726280212402,-8.13273811340332,-7.5875468254089355,-7.125829219818115,-6.104010581970215,-6.496128082275391,-6.686352729797363,-7.370928764343262,-8.376991271972656,-8.910444259643555,-8.210113525390625,-6.98103141784668,-6.136733531951904,-5.390286922454834,-4.934605121612549,-4.886286735534668,-4.712536334991455,-4.7302398681640625,-4.813418865203857,-4.999429225921631,-4.8836140632629395,-4.440179824829102,-3.676353931427002,-2.7486042976379395,-1.86531400680542,-0.6988868713378906,-0.22560903429985046,-2.2924106121063232,-3.4739882946014404,-2.455911874771118,0.15027764439582825,2.2299916744232178,1.958227276802063,0.3721424341201782,-2.8253519535064697,-3.398172616958618,-2.0210185050964355,-1.2827517986297607,-4.06632137298584,-6.564155578613281
-4.015809059143066,-6.429955959320068,-7.3638505935668945,-8.839376449584961,-8.259256362915039,-7.725820541381836,-7.258935928344727,-5.868153095245361,-6.2106804847717285,-6.085143566131592,-6.175050258636475,-7.07504415512085,-8.132977485656738,-7.877500057220459,-7.226652145385742,-6.570200443267822,-5.628839015960693,-5.043139457702637,-4.868161678314209,-4.700397968292236,-4.441449165344238,-4.341550827026367,-4.518369197845459,-4.705595970153809,-4.654454231262207,-4.1365065574646,-3.260714054107666,-2.655412197113037,-1.1864978075027466,0.9868831038475037,-0.03154123201966286,-2.481128692626953,-2.485358238220215,-0.835163414478302,0.699650228023529,1.9328709840774536,1.900073528289795,-1.2528653144836426,-2.8994452953338623,-1.6320322751998901,-2.89804744720459,-6.45372200012207,-7.028171062469482
-5.34383487701416,-7.015802383422852,-7.355629920959473,-8.38945198059082,-8.455265045166016,-7.715177536010742,-7.1330156326293945,-6.38599967956543,-5.991796493530273,-5.928157806396484,-5.644902229309082,-5.878233432769775,-7.057277679443359,-7.241275310516357,-6.519708156585693,-6.056012153625488,-5.688135147094727,-5.089584827423096,-4.946394443511963,-4.589957237243652,-4.363454341888428,-4.159580230712891,-4.200475692749023,-4.442571640014648,-4.603240013122559,-4.377264022827148,-3.715933322906494,-3.286602258682251,-1.8901103734970093,-0.026166066527366638,-0.4334450960159302,-1.1592283248901367,-1.4978303909301758,-1.4476016759872437,-0.18511314690113068,0.8648930788040161,1.5057653188705444,0.49726319313049316,-2.1075921058654785,-3.2603561878204346,-6.044336318969727,-7.4469780921936035,-6.353166580200195
-5.985145092010498,-6.61278772354126,-7.659709453582764,-8.277915000915527,-8.17892074584961,-7.753374099731445,-7.2825493812561035,-6.1961669921875,-5.752799034118652,-5.9310808181762695,-5.48353910446167,-5.398064613342285,-6.250483512878418,-6.233405113220215,-5.714390277862549,-5.452028274536133,-5.163546085357666,-4.997251033782959,-4.965004920959473,-4.596907138824463,-4.287273406982422,-3.988981246948242,-3.8968214988708496,-4.1881279945373535,-4.475710391998291,-4.4694671630859375,-3.9893641471862793,-3.593266010284424,-2.3022916316986084,-0.917841911315918,-1.7688266038894653,-2.0329110622406006,-1.144818902015686,-0.4596213102340698,-0.28290441632270813,-0.34601709246635437,0.597393810749054,2.1241660118103027,-0.3187689781188965,-5.182321548461914,-7.917879581451416,-7.157625675201416,-5.256895065307617
-5.407648086547852,-6.2048540115356445,-7.445722579956055,-7.9141526222229,-7.695511817932129,-7.653308868408203,-7.63762092590332,-6.07155704498291,-5.744923114776611,-5.584409236907959,-5.382419109344482,-5.597529411315918,-6.1785101890563965,-6.374731063842773,-5.2325358390808105,-4.707816123962402,-4.732852935791016,-4.33827543258667,-4.505813121795654,-4.753383636474609,-4.531838417053223,-3.9232075214385986,-3.3706891536712646,-3.9422483444213867,-4.545389652252197,-4.425160884857178,-3.944784641265869,-3.7669808864593506,-2.7404816150665283,-1.1419004201889038,-1.455003023147583,-2.0601940155029297,-1.3828411102294922,0.1861368715763092,0.47672975063323975,0.14521202445030212,0.7086189389228821,2.169989585876465,0.8009873628616333,-5.924953460693359,-8.314591407775879,-6.390397071838379,-3.8896126747131348
-3.7281503677368164,-5.627086162567139,-6.470590591430664,-6.137862205505371,-6.365716934204102,-7.2635178565979,-7.407369613647461,-6.101361274719238,-5.381336688995361,-5.226617813110352,-4.973980903625488,-5.699807167053223,-6.182602405548096,-6.104843616485596,-5.107967853546143,-4.038230895996094,-4.4237060546875,-4.094180583953857,-4.212222099304199,-4.574845790863037,-4.685906887054443,-4.373275279998779,-2.968595027923584,-3.1454110145568848,-4.3390069007873535,-4.317140579223633,-3.684263229370117,-3.7615554332733154,-3.2175681591033936,-1.8325616121292114,-1.5639221668243408,-1.5486419200897217,-0.7143495678901672,1.1073309183120728,2.1006317138671875,1.6208295822143555,0.9623144268989563,1.8179962635040283,0.7540360689163208,-5.605772972106934,-7.8857951164245605,-5.2994585037231445,-2.5034573078155518
-2.428800582885742,-4.945921897888184,-6.2289228439331055,-5.52794075012207,-4.261361598968506,-5.77219820022583,-6.510462284088135,-5.722328186035156,-4.759393692016602,-5.022043704986572,-4.415349006652832,-5.284534454345703,-6.4036946296691895,-6.2151384353637695,-5.46451473236084,-3.5193374156951904,-3.537346839904785,-3.483124256134033,-3.6029086112976074,-4.028634071350098,-4.628270149230957,-5.286492347717285,-3.4040064811706543,-2.505157709121704,-4.134943962097168,-4.276810169219971,-3.4351913928985596,-3.7619805335998535,-3.384697675704956,-2.3477931022644043,-2.1485133171081543,-1.6234562397003174,-0.3763637840747833,1.8299660682678223,3.8878602981567383,3.153069019317627,1.6720290184020996,1.7129031419754028,0.8958927989006042,-3.369403839111328,-6.352587699890137,-3.76820969581604,-1.7672749757766724
-1.810710072517395,-4.86079740524292,-6.202773094177246,-5.192770481109619,-3.8804848194122314,-5.5254034996032715,-5.768908977508545,-4.971838474273682,-3.564021348953247,-3.646082639694214,-3.7794411182403564,-4.478303909301758,-6.29307746887207,-6.3118414878845215,-5.630475044250488,-3.2899301052093506,-3.250453233718872,-3.5763587951660156,-2.976303815841675,-3.3829476833343506,-4.423356056213379,-5.487870693206787,-3.652596950531006,-1.6070140600204468,-3.510024309158325,-4.363978862762451,-3.1195790767669678,-3.0837106704711914,-3.1047074794769287,-2.767794370651245,-2.4679291248321533,-1.32816481590271,0.278659850358963,1.9670342206954956,4.28761625289917,4.224947452545166,2.4371225833892822,1.6305086612701416,1.403753638267517,-0.1415964514017105,-2.7419309616088867,-1.5241724252700806,-0.6822501420974731
-2.45735239982605,-5.393771648406982,-6.0521464347839355,-4.0390119552612305,-3.729768753051758,-6.126377582550049,-5.946507930755615,-4.396504878997803,-3.1125199794769287,-2.413175582885742,-2.656839609146118,-3.6651933193206787,-5.943840980529785,-6.374877452850342,-5.17860746383667,-3.3756914138793945,-3.0643088817596436,-2.9440228939056396,-2.4197824001312256,-2.873675584793091,-4.137726306915283,-5.560295104980469,-3.8774514198303223,-1.0615084171295166,-2.7407162189483643,-4.795403957366943,-3.4479403495788574,-2.2626538276672363,-2.7201263904571533,-2.649712562561035,-2.181654691696167,-1.1063796281814575,0.15920822322368622,1.3991551399230957,3.64109468460083,4.180168151855469,2.5057473182678223,0.7796388864517212,0.725683331489563,1.7694270610809326,1.3997962474822998,0.8658947348594666,0.4041566848754883
-5.184906005859375,-6.123632907867432,-5.437996864318848,-1.7783712148666382,-3.158430814743042,-5.8974609375,-6.1335530281066895,-4.906578063964844,-2.837684392929077,-2.578028440475464,-1.379914402961731,-2.708761215209961,-5.154759407043457,-6.221670150756836,-5.053673267364502,-3.4634625911712646,-3.17616605758667,-2.3467202186584473,-1.9275895357131958,-2.2147774696350098,-3.79257869720459,-5.605376720428467,-3.6879968643188477,-0.11232674866914749,-0.8574581146240234,-4.227065086364746,-5.244854927062988,-3.1363227367401123,-2.3356807231903076,-1.4705039262771606,-1.4191957712173462,-1.0803430080413818,-0.42268356680870056,0.8809602856636047,2.9627974033355713,4.272354602813721,2.8051860332489014,0.18373949825763702,-0.3643285632133484,1.2487726211547852,3.1791162490844727,2.851090908050537,0.19115033745765686
-6.41346549987793,-7.0688042640686035,-5.313108444213867,-2.300678014755249,-2.906017303466797,-5.302762031555176,-5.490601539611816,-5.391782760620117,-3.30379056930542,-3.4319772720336914,-2.010136842727661,-2.9580271244049072,-4.805383205413818,-5.716938018798828,-4.824306011199951,-3.4152755737304688,-3.2467501163482666,-2.093445062637329,-1.7541307210922241,-1.549407958984375,-3.2117810249328613,-5.534830570220947,-3.391921043395996,0.701278030872345,0.5763689875602722,-4.29271125793457,-6.8099236488342285,-4.356727123260498,-2.4165537357330322,-0.7924603223800659,-0.2522571086883545,-0.592087984085083,-0.369426965713501,0.6541175842285156,2.2774438858032227,2.9203717708587646,1.8798154592514038,0.08553048968315125,-0.6518954634666443,0.5890746712684631,3.1755995750427246,4.462941646575928,-0.17373958230018616
-6.026918411254883,-5.887462139129639,-5.369696140289307,-3.7227656841278076,-2.0237960815429688,-4.955872535705566,-5.045126914978027,-4.654362678527832,-3.1242425441741943,-2.2019715309143066,-3.4246785640716553,-2.9594039916992188,-4.668589115142822,-5.465303421020508,-4.425093173980713,-3.2944281101226807,-2.9522154331207275,-1.743821144104004,-1.822379469871521,-1.4137921333312988,-2.8923122882843018,-5.067859649658203,-2.737231731414795,0.9041227698326111,0.8673157691955566,-3.8824753761291504,-6.508665561676025,-3.7281382083892822,-1.9931262731552124,-0.799644410610199,0.059294864535331726,0.2208448350429535,0.469056099653244,1.21294367313385,2.3952269554138184,2.6685307025909424,2.0024683475494385,1.0838147401809692,-0.049445148557424545,-0.5469217300415039,2.161383628845215,2.2334702014923096,-5.650881767272949
-5.812966823577881,-5.134824275970459,-4.8016791343688965,-2.512972354888916,0.04329678416252136,-3.5063934326171875,-4.645664691925049,-4.058360576629639,-3.620807647705078,-3.116880178451538,-4.4638471603393555,-3.43424391746521,-4.701231479644775,-4.7118330001831055,-4.146076202392578,-3.3188319206237793,-2.360248327255249,-1.2682130336761475,-1.6948301792144775,-1.9010305404663086,-3.2989888191223145,-4.717462539672852,-2.074542760848999,0.5742071270942688,0.1682233214378357,-3.9846222400665283,-4.568886756896973,-2.519930362701416,-1.3028823137283325,0.14774177968502045,0.6926252841949463,0.5974813103675842,0.9290083050727844,1.7713522911071777,2.266575813293457,1.7930115461349487,1.126082181930542,0.9502860307693481,0.027467595413327217,-1.200708270072937,-0.43469518423080444,-4.297489166259766,-10.676249504089355
-5.344633102416992,-4.717364311218262,-4.535261154174805,-1.2653669118881226,-1.1571142673492432,-3.442605972290039,-2.394705295562744,-3.4157142639160156,-3.8662235736846924,-3.4908196926116943,-3.8476619720458984,-4.31762170791626,-5.383246421813965,-3.7139177322387695,-3.4437742233276367,-3.035496234893799,-2.234499454498291,-0.6862765550613403,-1.3145333528518677,-2.7793405055999756,-3.933117389678955,-4.288228511810303,-2.304903268814087,-0.9244658946990967,-0.5531877875328064,-3.932765245437622,-3.699504852294922,-0.9324789643287659,-0.4455697536468506,0.3955702781677246,0.9220995306968689,0.8119374513626099,1.142865777015686,2.0702919960021973,2.431929111480713,1.6040053367614746,0.6974101662635803,0.3559795320034027,-0.8063679933547974,-2.7270498275756836,-4.4448981285095215,-7.825418949127197,-11.094669342041016
-4.6702561378479,-4.314549446105957,-4.341849327087402,-3.2506489753723145,-2.441328287124634,-2.9081528186798096,-2.286795139312744,-2.8897058963775635,-4.2650370597839355,-3.931192636489868,-3.8672072887420654,-4.923580646514893,-4.404513835906982,-3.789778232574463,-3.6019363403320312,-2.4278459548950195,-1.9821319580078125,-0.3159678876399994,-0.8213998675346375,-3.5840001106262207,-4.875457763671875,-4.510284900665283,-3.7746708393096924,-2.7906315326690674,-1.6998292207717896,-3.20526123046875,-2.638622522354126,0.07417003810405731,0.8811936974525452,0.9364132285118103,0.9768272042274475,1.0474543571472168,1.424903154373169,2.1332156658172607,2.2013022899627686,0.8868978023529053,-0.549808919429779,-1.2432044744491577,-1.8433210849761963,-3.0034067630767822,-5.048842430114746,-6.5563459396362305,-8.219812393188477
