data/wind_data/wind_62_8.json
{"header": {"parameterUnit": "KT", "parameterCategory": 2, "nx": 256, "ny": 198, "lo1": 44.73521041870117, "la1": -3.236724853515625, "lo2": 111.26478576660156, "la2": 43.468475341796875, "dx": 0.2609002888202667, "dy": -0.23708222806453705, "refTime": "2025-02-21 14:00:00", "forecastTime": 0, "parameterNumber": 2, "parameterNumberName": "eastward_wind"}, "data":
[rows 152 to 170 of 198, columns 0 to 43 of 256]
60.75157165527344,57.01478576660156,55.829383850097656,54.1380500793457,53.76265335083008,53.87221145629883,53.78800964355469,55.36695098876953,56.63008499145508,57.22916793823242,59.40561294555664,61.51649856567383,61.260684967041016,60.54112243652344,61.61884307861328,63.30339431762695,63.003971099853516,60.558441162109375,57.71601104736328,56.01472091674805,56.53326416015625,57.78215408325195,57.05113983154297,55.96160125732422,56.22167205810547,57.08084487915039,59.26456832885742,62.27000427246094,63.52564239501953,63.318336486816406,63.372013092041016,63.63264846801758,62.92373275756836,61.494632720947266,60.3959846496582,59.76381301879883,59.44873046875,59.045982360839844,57.85093307495117,56.58781433105469,56.96035385131836,59.29658889770508,61.22056579589844,60.803375244140625
59.9228515625,56.235145568847656,54.77839660644531,53.115909576416016,53.19304656982422,53.287445068359375,52.9918212890625,54.71234130859375,56.984458923339844,58.84937286376953,61.3189697265625,63.38043212890625,63.38092803955078,61.9132194519043,61.7153434753418,63.429622650146484,62.605403900146484,58.28578186035156,54.78079605102539,54.47825241088867,56.429222106933594,56.50188064575195,53.6410026550293,52.003570556640625,53.38798141479492,55.59626007080078,58.00983810424805,60.456459045410156,61.51166534423828,61.18920135498047,61.055137634277344,61.58964920043945,61.54325485229492,60.618377685546875,59.40199279785156,58.069435119628906,56.90796661376953,55.86726760864258,54.46363067626953,53.42756652832031,54.94872283935547,59.07447052001953,61.74138259887695,60.64462661743164
58.89273452758789,55.575138092041016,54.01784133911133,52.5645751953125,52.951114654541016,52.72532272338867,52.05022430419922,54.49543380737305,58.70793533325195,61.381919860839844,62.68883514404297,64.09944152832031,64.63365936279297,63.026275634765625,61.307952880859375,61.046958923339844,59.78709030151367,56.51971435546875,53.59147644042969,52.98994827270508,55.18488693237305,56.07100296020508,53.492671966552734,50.85968017578125,51.24040603637695,53.580039978027344,56.85249328613281,60.02279281616211,61.05043411254883,59.808223724365234,58.75897979736328,59.15187072753906,59.74662399291992,59.340660095214844,58.03538513183594,56.287662506103516,54.653812408447266,53.18381881713867,52.059627532958984,52.142879486083984,54.894798278808594,59.5691032409668,62.25572967529297,60.95304870605469
57.6072883605957,54.27149963378906,52.917789459228516,51.977176666259766,52.36446762084961,52.096160888671875,52.62114715576172,56.04866409301758,60.379573822021484,63.071189880371094,64.35944366455078,65.01595306396484,64.17745971679688,61.764366149902344,59.33884811401367,57.8476676940918,56.748863220214844,55.20710372924805,53.54851150512695,53.23424530029297,54.38636779785156,54.45292663574219,52.61771011352539,50.87511444091797,50.949520111083984,52.956581115722656,56.859004974365234,60.3947868347168,60.665687561035156,58.4758415222168,57.10144805908203,57.53273391723633,58.12020492553711,57.398033142089844,55.59687423706055,53.643768310546875,52.595298767089844,52.54903030395508,53.066978454589844,54.340614318847656,57.26245880126953,61.17068862915039,63.117835998535156,61.54198455810547
55.82190704345703,52.61268997192383,51.36198043823242,50.71482467651367,51.41392517089844,51.933834075927734,53.9365234375,57.94511032104492,62.269691467285156,64.98733520507812,65.40756225585938,64.2418441772461,61.67859649658203,58.336280822753906,55.8129997253418,54.939781188964844,54.3200798034668,53.10319137573242,52.66349411010742,54.33216857910156,54.78732681274414,52.531734466552734,50.653804779052734,50.836307525634766,51.84172439575195,53.08245086669922,55.968238830566406,59.107627868652344,59.512718200683594,57.59042739868164,56.175601959228516,56.24155807495117,56.158607482910156,54.73363494873047,52.40093994140625,51.12580490112305,51.985015869140625,54.00809097290039,56.16421890258789,58.32899856567383,60.600460052490234,62.37868118286133,62.29655838012695,60.30012130737305
53.73678970336914,50.675113677978516,49.53713607788086,49.16663360595703,50.89769744873047,52.80956268310547,55.35822677612305,59.37534713745117,64.11605072021484,66.39188385009766,64.53472137451172,60.80454635620117,57.42036437988281,54.80506896972656,52.6651611328125,51.687278747558594,51.65294647216797,51.757137298583984,51.589111328125,51.48716354370117,50.604496002197266,49.90542221069336,51.019412994384766,52.2402458190918,51.78838348388672,51.969207763671875,54.91122817993164,57.86260986328125,58.209861755371094,56.82682800292969,55.45978546142578,54.42982864379883,53.36019515991211,51.409088134765625,50.34941864013672,51.67676544189453,54.167972564697266,56.560977935791016,59.054447174072266,61.416996002197266,61.698665618896484,60.00850296020508,58.2509651184082,57.100128173828125
51.88454055786133,48.56980895996094,48.087867736816406,48.78401565551758,51.94535827636719,54.684051513671875,56.86601638793945,61.29349136352539,65.29670715332031,64.70387268066406,60.642372131347656,56.9001350402832,54.48314666748047,51.75371551513672,48.96718215942383,48.01852798461914,48.914424896240234,49.47291564941406,48.463626861572266,46.514225006103516,45.13551712036133,46.464378356933594,49.83183670043945,51.588157653808594,51.03554153442383,51.59206771850586,54.92133331298828,57.559364318847656,57.632164001464844,56.34931945800781,54.7318229675293,53.323387145996094,51.564998626708984,50.36730194091797,51.41716384887695,53.89729690551758,55.86089324951172,57.9833869934082,60.51738739013672,60.74468231201172,58.16009521484375,55.83534240722656,55.472808837890625,55.74065017700195
50.20663070678711,46.61854934692383,47.478763580322266,50.085689544677734,54.238075256347656,56.77501678466797,58.85238265991211,62.62831115722656,63.25056838989258,60.34395217895508,56.7730712890625,54.20269775390625,52.2893180847168,48.60580825805664,44.97379684448242,44.509864807128906,46.168277740478516,46.502349853515625,45.22736740112305,43.50298309326172,42.02836608886719,43.19730758666992,46.54612731933594,48.821624755859375,49.94756317138672,52.44005584716797,55.26914978027344,56.55299758911133,56.5985221862793,55.70526885986328,53.81156921386719,52.696067810058594,52.74871063232422,52.972103118896484,53.16096878051758,53.37355422973633,54.30598831176758,56.777835845947266,58.99057388305664,58.33063507080078,56.210670471191406,55.45451354980469,55.87425994873047,56.009952545166016
48.728702545166016,46.247283935546875,48.44518280029297,52.75861740112305,57.58604431152344,59.596702575683594,60.341453552246094,60.555885314941406,58.36545181274414,55.64997863769531,52.88127899169922,50.64360427856445,48.8716926574707,45.38036346435547,42.094451904296875,41.38963317871094,42.184818267822266,43.387454986572266,44.24177551269531,43.41661834716797,41.917640686035156,42.4456901550293,44.965126037597656,47.5421142578125,50.627506256103516,53.21266555786133,54.01167297363281,54.42195129394531,54.872283935546875,54.269710540771484,53.41740798950195,53.62200927734375,53.74037170410156,52.615299224853516,51.04912185668945,50.71648025512695,52.641693115234375,55.512821197509766,56.81283950805664,56.24887466430664,55.882911682128906,56.35037612915039,56.62123107910156,56.469112396240234
47.385868072509766,50.434600830078125,52.642826080322266,57.356658935546875,61.90962600708008,62.824161529541016,60.315555572509766,55.88792037963867,52.612892150878906,50.63906478881836,49.390621185302734,49.14479446411133,46.42477035522461,42.57738494873047,39.80757141113281,38.102874755859375,38.323089599609375,41.720943450927734,44.73501205444336,44.660858154296875,43.55918884277344,43.45359802246094,44.63510513305664,47.76286697387695,51.505340576171875,52.25070571899414,50.960853576660156,51.22869110107422,52.68661880493164,53.69301223754883,53.89638900756836,52.9013557434082,51.36842346191406,50.20787811279297,49.56622314453125,49.94245147705078,52.030487060546875,54.56129455566406,55.62895202636719,55.558837890625,55.633583068847656,55.96250915527344,56.242733001708984,56.292415618896484
46.3756103515625,50.839847564697266,54.33732986450195,59.46593475341797,62.783206939697266,61.275054931640625,55.413516998291016,49.72023010253906,47.259971618652344,47.22090530395508,50.37529373168945,50.180728912353516,44.03575134277344,38.7542839050293,37.293304443359375,37.7148551940918,40.788597106933594,44.287593841552734,44.887542724609375,43.98308563232422,43.92162322998047,44.07697296142578,44.86862564086914,48.190433502197266,51.46162796020508,50.77512741088867,48.81616973876953,49.31389617919922,51.40119934082031,52.54759216308594,51.899864196777344,50.18618392944336,48.480342864990234,47.61943054199219,47.77793502807617,49.21767807006836,51.71653366088867,53.9671630859375,55.17066192626953,55.5720329284668,55.518253326416016,55.355106353759766,55.27252960205078,54.93584060668945
45.97196578979492,51.79917526245117,55.80256271362305,58.76621627807617,58.05647277832031,53.20100402832031,46.310489654541016,42.1085205078125,41.70875930786133,46.11167907714844,51.002349853515625,46.55485153198242,36.96150588989258,33.94148254394531,37.090763092041016,41.865779876708984,46.22224426269531,46.70589065551758,43.614967346191406,41.506004333496094,42.375953674316406,44.178375244140625,45.76300811767578,48.63222885131836,51.14286804199219,50.19450378417969,47.962249755859375,47.82249450683594,49.08937072753906,49.13803482055664,47.79479217529297,46.2993049621582,45.3369255065918,45.19037628173828,46.0636100769043,48.35479736328125,51.52314376831055,53.85719680786133,54.7276725769043,54.9852294921875,55.20905303955078,55.17223358154297,54.53174591064453,53.4742317199707
46.054683685302734,54.113162994384766,57.183082580566406,55.69997787475586,50.828826904296875,44.52552795410156,39.555030822753906,38.07048416137695,40.77473068237305,47.5271110534668,49.11035919189453,40.77949905395508,32.15158462524414,33.02403259277344,39.56249237060547,45.033206939697266,46.909542083740234,45.87279510498047,42.93128204345703,41.01485824584961,42.201820373535156,44.789512634277344,46.86135482788086,48.905235290527344,50.28017044067383,49.34563446044922,46.645931243896484,44.38602066040039,43.88220977783203,43.99824523925781,43.31355667114258,42.24515914916992,42.13128662109375,42.943702697753906,44.41595458984375,47.10832977294922,50.83023452758789,53.464141845703125,54.15053939819336,54.169105529785156,54.55076599121094,54.891868591308594,54.37679672241211,53.214332580566406
46.45462417602539,55.22483825683594,56.68321990966797,51.902565002441406,45.32367706298828,41.09312057495117,39.63263702392578,40.976966857910156,45.371910095214844,50.068023681640625,47.50041961669922,37.60039520263672,31.27996826171875,33.9420280456543,40.629573822021484,44.9165153503418,45.61772155761719,44.879112243652344,43.60464859008789,42.9776725769043,43.65431594848633,44.80711364746094,45.88336181640625,47.33322525024414,48.23693084716797,46.89030456542969,43.17029571533203,39.53709030151367,38.48660659790039,39.42756652832031,40.06422805786133,40.03480529785156,40.505126953125,41.38320541381836,42.53730773925781,45.0723991394043,48.9775276184082,52.05230712890625,53.19557571411133,53.426815032958984,53.75840759277344,54.291847229003906,54.427894592285156,53.74433135986328
47.26442337036133,55.45791244506836,55.518409729003906,49.5416374206543,43.512657165527344,41.09518814086914,41.57088088989258,45.084678649902344,49.96915054321289,50.9815559387207,45.39357376098633,37.702518463134766,34.93110656738281,37.468204498291016,42.55914306640625,46.27927017211914,46.711517333984375,45.72952651977539,44.85491180419922,43.95907974243164,43.12904739379883,42.833492279052734,43.41475296020508,45.087093353271484,46.14181900024414,44.101295471191406,39.443729400634766,35.573856353759766,34.94334030151367,36.70417785644531,38.82598876953125,39.998775482177734,40.324851989746094,40.24549865722656,40.61128234863281,42.70012664794922,46.382572174072266,49.79427719116211,51.57254409790039,52.25273132324219,52.77761459350586,53.476566314697266,53.888145446777344,53.72664260864258
48.05673599243164,53.465965270996094,53.43949890136719,48.19276809692383,43.923160552978516,42.10832214355469,43.0052490234375,47.95474624633789,51.78312301635742,49.08946228027344,43.1034049987793,40.509944915771484,41.41676330566406,43.00892639160156,45.221282958984375,47.276920318603516,47.570987701416016,46.52699661254883,44.87968444824219,42.650177001953125,40.58303451538086,39.973331451416016,41.32291793823242,43.79446029663086,44.92425537109375,42.43287658691406,37.44582748413086,33.788516998291016,33.70027542114258,36.35349655151367,39.6170654296875,41.275020599365234,40.93242263793945,39.63020324707031,39.180419921875,40.7229118347168,43.821407318115234,46.9764404296875,49.086639404296875,50.346920013427734,51.42578125,52.37535095214844,52.90400314331055,53.18983840942383
48.738746643066406,52.13273620605469,52.04900360107422,47.835845947265625,45.414127349853516,44.680084228515625,45.796382904052734,49.74946975708008,50.64961242675781,46.765869140625,43.64178466796875,44.6327018737793,46.38446044921875,46.293460845947266,46.03192138671875,47.029212951660156,47.81035232543945,46.87389373779297,45.01185989379883,42.95732498168945,40.60877990722656,39.35324478149414,40.312217712402344,42.355716705322266,43.0143928527832,40.733001708984375,36.69660186767578,34.059242248535156,34.700096130371094,38.079986572265625,41.89956283569336,43.74227523803711,42.76041030883789,40.30860900878906,38.995426177978516,39.856658935546875,42.006038665771484,44.34107208251953,46.39300537109375,48.23430252075195,49.90034866333008,51.150047302246094,52.026588439941406,52.73588943481445
49.172142028808594,51.24635314941406,50.84539794921875,47.22673797607422,46.184547424316406,47.03891372680664,48.16879653930664,49.57879638671875,48.930702209472656,46.406593322753906,45.155181884765625,46.67450714111328,48.7501335144043,48.3061408996582,46.3718376159668,46.42234420776367,47.88554763793945,47.80560302734375,46.44257354736328,44.43805694580078,41.56473159790039,39.36164093017578,39.13784408569336,39.8723030090332,39.78019332885742,38.08343505859375,35.947113037109375,35.398597717285156,37.16639709472656,40.71233367919922,44.50103759765625,46.46345520019531,45.311370849609375,42.42172622680664,40.37204360961914,40.225555419921875,41.04703140258789,42.19554901123047,43.950889587402344,46.191043853759766,48.306297302246094,49.92929458618164,51.24015426635742,52.37228012084961
48.76822280883789,51.71788024902344,50.703758239746094,47.14408493041992,46.70831298828125,48.16648483276367,48.69253158569336,48.6982421875,48.31855773925781,46.524864196777344,45.10331344604492,47.07870864868164,50.70996856689453,50.411075592041016,47.1025390625,46.38400650024414,48.029842376708984,48.133724212646484,46.4047966003418,44.085609436035156,41.91794204711914,40.52216720581055,39.58213424682617,38.59526062011719,37.36516571044922,36.11791229248047,35.754451751708984,37.20469284057617,40.12617111206055,43.582096099853516,46.66286849975586,48.10515213012695,47.17738723754883,44.90134811401367,42.81413650512695,41.442665100097656,40.59884262084961,40.44536209106445,41.72087478637695,44.24766540527344,46.881614685058594,48.94833755493164,50.59532928466797,52.04170608520508
