data/wind_data/wind_49_0.json
{"header": {"parameterUnit": "KT", "parameterCategory": 2, "nx": 255, "ny": 198, "lo1": 44.73521041870117, "la1": -3.236724853515625, "lo2": 111.26478576660156, "la2": 43.468475341796875, "dx": 0.26192745566368103, "dy": -0.23708222806453705, "refTime": "2025-02-21 01:00:00", "forecastTime": 0, "parameterNumber": 3, "parameterNumberName": "northward_wind"}, "data":
[rows 133 to 151 of 198, columns 43 to 85 of 255]
19.0605411529541,14.476831436157227,8.843522071838379,6.312073707580566,9.926789283752441,13.872879981994629,10.958122253417969,1.086066484451294,-3.942819595336914,-4.398683547973633,3.1090948581695557,8.79734992980957,14.240395545959473,16.086172103881836,17.958436965942383,18.770858764648438,16.600357055664062,11.588045120239258,1.3595988750457764,-5.384692668914795,-5.875566482543945,-0.6365591883659363,2.0156610012054443,2.368382453918457,1.5396864414215088,0.539531409740448,0.7840962409973145,4.009670257568359,8.53269100189209,9.589731216430664,9.284090995788574,7.297287464141846,6.143765926361084,4.765872001647949,2.4549641609191895,0.5157533288002014,-0.6887742877006531,-0.30169549584388733,2.90710711479187,4.77699089050293,3.861471652984619,-0.04218810424208641,-5.811542987823486
14.913076400756836,8.705629348754883,6.024399280548096,5.0089430809021,8.04214096069336,11.885446548461914,7.462331771850586,-1.9411206245422363,-6.085021018981934,-2.2674996852874756,4.183778762817383,9.193197250366211,13.62905502319336,13.831693649291992,15.552778244018555,16.51327896118164,15.092474937438965,4.283527851104736,-2.607677936553955,-4.130884647369385,-5.686509132385254,-0.35656729340553284,2.721811532974243,4.049648761749268,3.081216335296631,1.2324280738830566,-0.9486339688301086,-1.1659899950027466,2.9964632987976074,5.184681415557861,6.367559909820557,6.560292720794678,3.8556511402130127,1.3011330366134644,0.17205794155597687,0.0006760935648344457,-0.3725098967552185,-0.21081559360027313,2.536029815673828,3.226092576980591,1.8652491569519043,2.020275831222534,0.9420371651649475
7.1205244064331055,6.185718059539795,6.653872013092041,6.138818264007568,7.221048355102539,8.855719566345215,3.187770128250122,-5.647558689117432,-5.39870023727417,-0.32652708888053894,1.8179651498794556,5.722241401672363,9.265044212341309,10.906664848327637,12.410111427307129,14.174901008605957,11.739477157592773,4.588129043579102,2.600116729736328,-1.3894277811050415,-4.630175590515137,-0.6752154231071472,2.0585036277770996,3.704193115234375,2.663731575012207,1.5963712930679321,0.8371671438217163,-0.7558812499046326,-1.0730050802230835,0.2581351399421692,2.3414664268493652,4.050259113311768,2.4405879974365234,-0.03234868869185448,-0.5627921223640442,0.46885281801223755,0.5758779048919678,0.49111407995224,2.2455549240112305,3.3462307453155518,1.8801382780075073,0.04390459880232811,0.9173216223716736
6.266040802001953,6.809329032897949,6.760528087615967,8.374371528625488,11.684733390808105,9.699975967407227,-0.5836285352706909,-6.809373378753662,-5.187653541564941,-0.9952225089073181,-0.250169962644577,0.9188611507415771,2.9815759658813477,6.131082057952881,7.413994312286377,7.818174362182617,6.981403350830078,7.166462421417236,4.91583776473999,-1.592882513999939,-3.7915396690368652,-0.5542062520980835,0.4114757776260376,2.179358959197998,3.1345415115356445,3.8245294094085693,3.526703357696533,1.7077467441558838,-0.24295003712177277,-1.1562670469284058,-0.41807684302330017,1.4618067741394043,2.0358598232269287,0.586582601070404,-0.0021860164124518633,0.920649528503418,1.6339778900146484,2.061821222305298,3.124351978302002,5.672560691833496,3.9990830421447754,-1.6888898611068726,-3.3114824295043945
6.622579097747803,5.66834020614624,7.0807647705078125,12.97278118133545,12.697449684143066,2.2821807861328125,-5.159414768218994,-7.046329498291016,-4.661581516265869,-1.5938129425048828,-0.24366804957389832,-0.8607643842697144,-1.6942967176437378,0.18295541405677795,2.0337016582489014,1.2514926195144653,1.8499901294708252,2.9038453102111816,-0.7685588002204895,-4.280848026275635,-2.7244696617126465,-0.7248982191085815,-1.0085569620132446,-0.17197035253047943,2.2864151000976562,4.323948860168457,4.037086009979248,2.506324529647827,0.8154228329658508,-0.765999436378479,-1.531113624572754,-0.3258441090583801,1.6268943548202515,1.947455883026123,1.6715750694274902,2.0301952362060547,3.1943116188049316,4.504947662353516,4.264584541320801,4.769029140472412,5.317166328430176,2.1570873260498047,-0.5601678490638733
5.342720985412598,8.491618156433105,12.757606506347656,12.749369621276855,1.7072343826293945,-5.2640910148620605,-6.113071918487549,-4.68978214263916,-1.911389708518982,1.0432162284851074,1.1887446641921997,-0.5622018575668335,-3.2220675945281982,-3.5480213165283203,-1.3654135465621948,-1.5849525928497314,-3.168687582015991,-4.900662899017334,-5.167891502380371,-4.264739990234375,-0.6623531579971313,-1.231791615486145,-1.4666709899902344,-1.8401587009429932,-0.6075178980827332,1.5754016637802124,2.029127359390259,1.4267545938491821,-0.006152174435555935,-1.66282057762146,-2.5308518409729004,-2.103569984436035,0.8870845437049866,2.834202766418457,3.523613214492798,3.7481870651245117,4.704345226287842,5.877163887023926,5.445969581604004,4.785717487335205,6.527093410491943,7.098747730255127,5.557973384857178
8.464994430541992,14.644227981567383,14.375539779663086,3.2943356037139893,-2.721440553665161,-4.449341773986816,-5.869043350219727,-3.5158863067626953,0.42197856307029724,2.906979560852051,2.066845655441284,-0.3673357665538788,-2.5689198970794678,-3.7387654781341553,-3.253638744354248,-2.914283037185669,-4.115492343902588,-5.433615207672119,-4.313438892364502,-4.251356601715088,-2.020312547683716,-1.5057541131973267,-2.076190710067749,-1.9401628971099854,-1.587429165840149,-0.4452572166919708,0.5713596940040588,0.8282129764556885,-0.5160837769508362,-2.5115203857421875,-4.210229396820068,-4.364198684692383,-0.488675981760025,2.8233935832977295,2.3003227710723877,0.10170312970876694,-0.23063157498836517,2.5568642616271973,4.429495811462402,4.401620388031006,5.899279594421387,7.0993757247924805,6.702939033508301
12.005779266357422,15.530123710632324,6.968216419219971,2.21502947807312,1.596460223197937,-4.69929313659668,-5.743978023529053,-3.7861526012420654,-0.6508657932281494,1.883564829826355,3.2947938442230225,2.6597537994384766,1.6876052618026733,-0.10008340328931808,-0.5510601997375488,-0.4466969966888428,-1.249359369277954,-2.5400609970092773,-2.843548059463501,-4.105698585510254,-3.6624183654785156,-1.4790352582931519,-1.9503114223480225,-1.4506781101226807,-1.205960988998413,-0.9912576079368591,0.17663328349590302,1.130273699760437,0.20285968482494354,-2.3042030334472656,-4.989506244659424,-6.365743160247803,-3.3973398208618164,0.39166295528411865,0.2483355700969696,-3.1410739421844482,-4.863202095031738,-3.44525408744812,-0.7140864133834839,0.7037417888641357,2.537846326828003,4.458764553070068,4.483283996582031
14.686473846435547,10.633554458618164,2.2457964420318604,3.633951187133789,-1.0503159761428833,-5.63922119140625,-5.977566242218018,-3.9728991985321045,-2.902782678604126,0.23881161212921143,4.361400127410889,5.745482921600342,5.812830924987793,4.685016632080078,5.240238666534424,5.693953037261963,4.934258460998535,1.6226030588150024,-0.5821982622146606,-2.874047040939331,-2.504824638366699,-1.0491595268249512,-0.6854638457298279,-0.005741225089877844,-0.5884825587272644,-1.450725793838501,-0.6667500138282776,0.5602486729621887,0.3318483829498291,-1.6191760301589966,-4.624063491821289,-7.645070552825928,-8.252601623535156,-4.275500297546387,0.6482434868812561,0.7836294174194336,-2.036646604537964,-3.731647253036499,-4.157013893127441,-3.6779608726501465,-1.839093804359436,2.207665205001831,4.454018592834473
13.792006492614746,5.0452680587768555,2.28995680809021,2.9323840141296387,-1.0067567825317383,-4.19019889831543,-5.80670166015625,-3.960052013397217,-4.232089042663574,-2.8707802295684814,2.7000319957733154,6.48633337020874,7.7096943855285645,8.009475708007812,6.873049259185791,6.451169967651367,5.650161266326904,3.5438408851623535,0.5921893119812012,-1.8734698295593262,-2.335092782974243,-1.4012677669525146,-0.2544950246810913,1.14573073387146,0.5597376823425293,-0.8875071406364441,-1.541986346244812,-1.2310837507247925,-0.9268722534179688,-1.653035044670105,-4.499719619750977,-8.160445213317871,-10.367528915405273,-7.035204887390137,-0.6251047253608704,2.7215442657470703,2.159499406814575,0.3946201205253601,-2.1901979446411133,-4.821595191955566,-5.193881988525391,-2.302373170852661,1.1889582872390747
9.66616153717041,3.8419463634490967,4.899165630340576,5.921777248382568,5.040128707885742,2.2964046001434326,-1.9791325330734253,-4.030176639556885,-6.336266994476318,-6.685108661651611,-1.8965482711791992,5.927935600280762,9.562312126159668,9.240219116210938,5.760153770446777,4.895787239074707,4.501140117645264,3.5880939960479736,1.9755562543869019,-0.07961397618055344,-1.869826078414917,-1.9236739873886108,-1.379368543624878,-0.10531952977180481,1.7645974159240723,2.7762484550476074,1.368111491203308,-0.22614160180091858,-1.1917579174041748,-2.691504716873169,-5.120358943939209,-7.984597206115723,-9.492566108703613,-7.566116809844971,-5.5712151527404785,-3.3232884407043457,0.8271151185035706,4.42307186126709,2.190591335296631,-1.4489446878433228,-5.288661479949951,-6.545015335083008,-5.354467868804932
7.03899621963501,5.388490200042725,8.130173683166504,10.148433685302734,9.782330513000488,6.138613224029541,2.151979923248291,-0.47512567043304443,-1.067848563194275,-3.6427042484283447,-4.403597354888916,0.8454795479774475,7.8308024406433105,8.664770126342773,6.712978363037109,5.260093688964844,4.342284202575684,3.897602081298828,2.309649705886841,0.7603723406791687,-0.1736772358417511,-1.443498969078064,-2.342925786972046,-2.783538818359375,-0.8824775815010071,2.7425196170806885,4.1068339347839355,3.388202667236328,1.4055901765823364,-0.8895748257637024,-2.8782217502593994,-5.899627685546875,-8.77683162689209,-8.704080581665039,-8.3085355758667,-8.954695701599121,-4.948254108428955,4.593709945678711,5.478091239929199,3.947387456893921,-1.4566309452056885,-6.940435886383057,-7.1808319091796875
4.9611029624938965,6.600381851196289,10.349409103393555,11.075875282287598,9.157759666442871,5.795733451843262,1.6982717514038086,2.720832347869873,5.990167617797852,4.240747451782227,1.342372179031372,1.4108302593231201,5.231812953948975,6.8774027824401855,7.509546279907227,5.5193281173706055,4.413352012634277,2.870471954345703,0.866875171661377,0.9002074003219604,1.3621416091918945,0.6166654229164124,-0.22373412549495697,-1.765085220336914,-3.4411041736602783,-2.9592573642730713,-1.2870510816574097,0.6132410764694214,3.4997546672821045,4.839090824127197,2.1688761711120605,-1.3105181455612183,-6.404922962188721,-9.117968559265137,-8.481398582458496,-8.765050888061523,-9.075313568115234,-1.3461281061172485,4.095728874206543,4.0265116691589355,1.5008361339569092,-3.4695496559143066,-5.554003715515137
5.388631820678711,7.357512474060059,9.931961059570312,7.578024864196777,7.300329208374023,4.877253532409668,1.9702544212341309,4.111064910888672,8.187058448791504,10.293782234191895,10.027189254760742,8.729104995727539,6.873997211456299,6.588612079620361,8.540584564208984,7.217855930328369,4.95930290222168,3.086440324783325,1.8140050172805786,1.8156774044036865,1.8528094291687012,2.1796910762786865,2.385918617248535,1.7382748126983643,-0.488008975982666,-3.326505661010742,-5.060855865478516,-4.397710800170898,0.40020161867141724,8.006535530090332,8.11385440826416,4.772634029388428,-1.2560089826583862,-7.133899688720703,-9.24620532989502,-7.32185173034668,-8.736262321472168,-5.966941833496094,-1.5867706537246704,2.022576093673706,2.793034791946411,1.3924897909164429,-5.197638034820557
5.7488789558410645,8.991327285766602,6.4330153465271,6.521484375,7.910524368286133,5.8538713455200195,6.062867641448975,7.041676044464111,9.493534088134766,12.78994369506836,13.181138038635254,10.009232521057129,10.161442756652832,10.902237892150879,10.27333927154541,7.200071811676025,5.674516201019287,4.115736484527588,3.4089956283569336,2.3760690689086914,2.210631847381592,2.954477548599243,3.5539820194244385,3.6314961910247803,3.5283350944519043,2.0281474590301514,-0.5677199363708496,-3.2672908306121826,-4.671407699584961,0.45457231998443604,6.9281392097473145,8.611153602600098,3.660721778869629,-3.0418484210968018,-6.679010391235352,-6.935382843017578,-8.008169174194336,-8.434161186218262,-6.260593891143799,0.1782243251800537,5.137293815612793,3.611602783203125,-2.5055313110351562
9.666755676269531,10.333044052124023,5.145624160766602,7.3860764503479,10.065555572509766,9.904038429260254,11.04818058013916,9.75775146484375,9.545077323913574,9.931356430053711,9.469170570373535,9.03598690032959,12.40456771850586,12.854937553405762,12.002144813537598,10.601875305175781,9.546880722045898,6.813096046447754,5.111830711364746,4.784602642059326,4.625644207000732,5.937863349914551,7.333942890167236,6.558884143829346,6.066839218139648,5.210561275482178,3.1411948204040527,0.7338154315948486,-2.680877447128296,-3.8668246269226074,-0.6207051277160645,4.40381383895874,6.241160869598389,3.704230308532715,-3.080517530441284,-6.146117210388184,-7.913560390472412,-8.936775207519531,-9.26174545288086,-7.628634929656982,3.8682057857513428,5.205988883972168,2.409269094467163
12.724137306213379,10.380912780761719,5.521162986755371,6.892527103424072,11.33741283416748,13.69751262664795,13.166153907775879,10.993459701538086,8.35624885559082,6.687988758087158,7.7119293212890625,9.10682487487793,13.348343849182129,14.870564460754395,14.408340454101562,11.969324111938477,8.965163230895996,7.643940448760986,8.422578811645508,8.682822227478027,8.969315528869629,9.990046501159668,12.265077590942383,11.875572204589844,10.527684211730957,8.895421981811523,7.023066520690918,5.954751968383789,5.485550403594971,3.94050931930542,1.5447756052017212,2.4666919708251953,5.062250137329102,5.1992106437683105,2.269883871078491,-4.334988594055176,-7.7391486167907715,-8.273906707763672,-11.264095306396484,-15.240253448486328,-7.27377986907959,1.7823177576065063,7.336897850036621
10.492722511291504,10.672844886779785,9.825519561767578,10.851627349853516,12.974357604980469,11.323163986206055,12.5136079788208,11.492303848266602,7.878690242767334,6.202026844024658,8.7926025390625,13.248801231384277,16.304183959960938,13.281926155090332,5.794262409210205,1.9204504489898682,2.4286506175994873,4.147441387176514,6.855990409851074,9.107203483581543,11.712667465209961,13.305292129516602,15.521899223327637,18.23622703552246,17.91657257080078,14.897924423217773,13.540407180786133,13.582292556762695,13.183608055114746,11.390262603759766,8.954954147338867,6.333255767822266,4.498157024383545,3.9164624214172363,3.301959753036499,0.08228489011526108,-5.198426246643066,-6.831019401550293,-11.35569953918457,-12.040060997009277,-10.06653118133545,-6.43145227432251,6.087512969970703
10.56676197052002,14.44042682647705,17.09185791015625,15.560552597045898,9.209619522094727,6.703836441040039,12.14976692199707,11.815582275390625,9.820940971374512,11.88987922668457,15.869901657104492,17.461978912353516,12.068029403686523,6.061340808868408,-0.7662255167961121,-2.24953293800354,-0.9070113301277161,-0.10664122551679611,2.3382627964019775,5.539188861846924,10.92702579498291,13.893779754638672,14.266945838928223,15.783773422241211,17.990686416625977,18.748716354370117,16.420801162719727,15.096466064453125,12.308900833129883,10.663976669311523,10.053630828857422,8.145564079284668,5.606560707092285,5.247376441955566,5.308069229125977,4.970173358917236,2.485196590423584,-1.6806639432907104,-6.726425647735596,-6.737782001495361,-5.219803810119629,-6.602558612823486,-2.8188982009887695
