data/wind_data/wind_45_9.json
{"header": {"parameterUnit": "KT", "parameterCategory": 2, "nx": 256, "ny": 198, "lo1": 44.73521041870117, "la1": -3.236724853515625, "lo2": 111.26478576660156, "la2": 43.468475341796875, "dx": 0.2609002888202667, "dy": -0.23708222806453705, "refTime": "2025-02-20 21:00:00", "forecastTime": 0, "parameterNumber": 2, "parameterNumberName": "eastward_wind"}, "data":
[rows 76 to 94 of 198, columns 172 to 214 of 256]
24.218448638916016,24.574859619140625,24.24689483642578,23.424089431762695,22.56906509399414,22.297853469848633,22.947021484375,24.277965545654297,25.67527198791504,26.4566593170166,26.371707916259766,25.826305389404297,25.284923553466797,24.91008949279785,24.6900691986084,24.513545989990234,24.102176666259766,23.306669235229492,22.647050857543945,23.121091842651367,24.96021842956543,26.78299331665039,27.169342041015625,27.060455322265625,27.942264556884766,28.635377883911133,28.14563751220703,27.62166404724121,27.912158966064453,28.02939224243164,26.044858932495117,22.655500411987305,21.03592872619629,21.28853416442871,21.236469268798828,20.726625442504883,19.292680740356445,19.621732711791992,22.896509170532227,23.513656616210938,21.70335578918457,21.240018844604492,21.826980590820312
23.49251365661621,24.352781295776367,24.478235244750977,23.82139778137207,22.681241989135742,21.74942398071289,21.660175323486328,22.515850067138672,23.875864028930664,25.05769920349121,25.472332000732422,25.163700103759766,24.63768196105957,24.13126564025879,23.59619903564453,23.22298240661621,23.160316467285156,23.015331268310547,22.571714401245117,22.612709045410156,23.94546127319336,25.945297241210938,27.124237060546875,27.5736083984375,28.270862579345703,28.575862884521484,27.87734603881836,27.12384033203125,27.165767669677734,27.727155685424805,27.146644592285156,24.78526496887207,22.595582962036133,21.660659790039062,20.8944091796875,19.573280334472656,17.096588134765625,17.653406143188477,21.835891723632812,22.913055419921875,21.667247772216797,21.68280792236328,22.02175521850586
22.438453674316406,23.68752098083496,24.40205955505371,24.3551082611084,23.50516128540039,22.279951095581055,21.469802856445312,21.555644989013672,22.355546951293945,23.290138244628906,23.838348388671875,24.049022674560547,24.32985496520996,24.346067428588867,23.512235641479492,22.462871551513672,22.24322509765625,22.66280746459961,22.76456642150879,22.6226749420166,23.243396759033203,24.74798583984375,26.272754669189453,27.571304321289062,28.596359252929688,28.614187240600586,27.6192684173584,26.755359649658203,26.703962326049805,27.266319274902344,27.53900146484375,26.46417236328125,24.477075576782227,22.9619140625,21.342029571533203,18.46652603149414,14.75856876373291,14.704971313476562,19.402812957763672,23.075820922851562,23.187469482421875,22.16436195373535,21.216333389282227
21.5443058013916,22.966737747192383,23.964561462402344,24.36969566345215,24.022043228149414,23.028566360473633,21.962514877319336,21.4472599029541,21.522483825683594,21.724796295166016,21.92074966430664,22.707731246948242,24.202587127685547,25.002946853637695,24.01992416381836,22.33634376525879,21.726085662841797,22.378698348999023,22.972082138061523,22.831308364868164,22.81574821472168,23.57306671142578,24.855173110961914,26.71535873413086,28.476608276367188,28.697534561157227,27.50362777709961,26.489452362060547,26.59665298461914,27.341312408447266,27.62967300415039,26.983295440673828,26.011795043945312,25.11636734008789,22.570653915405273,17.59549331665039,12.743260383605957,11.627630233764648,16.194950103759766,22.101850509643555,24.05788803100586,22.706777572631836,21.086673736572266
21.07168960571289,22.552227020263672,23.570392608642578,24.036954879760742,23.90859031677246,23.206785202026367,22.2094669342041,21.403779983520508,20.942594528198242,20.58928108215332,20.668298721313477,22.072988510131836,24.240280151367188,25.255313873291016,24.415481567382812,22.874439239501953,22.138965606689453,22.522876739501953,23.022869110107422,22.85591697692871,22.493595123291016,22.610605239868164,23.354177474975586,25.218355178833008,27.684354782104492,28.794004440307617,27.794898986816406,26.487415313720703,26.673954010009766,27.675006866455078,27.669031143188477,26.82665252685547,26.702970504760742,26.787452697753906,24.0432186126709,17.891695022583008,12.184404373168945,10.344690322875977,14.208992004394531,20.275419235229492,23.2571964263916,22.934680938720703,21.780378341674805
21.01899528503418,22.45734214782715,23.370454788208008,23.701387405395508,23.514007568359375,22.906402587890625,21.994396209716797,21.012392044067383,20.14371109008789,19.58202362060547,20.079206466674805,22.077701568603516,24.230972290039062,25.06229591369629,24.715974807739258,24.035863876342773,23.520103454589844,23.24263572692871,23.025331497192383,22.615726470947266,22.115304946899414,21.90873908996582,22.276023864746094,23.826913833618164,26.551326751708984,28.585573196411133,28.209991455078125,26.976778030395508,27.003416061401367,27.48158073425293,27.10089874267578,26.526098251342773,27.20711898803711,27.813262939453125,25.320173263549805,19.490604400634766,13.411876678466797,10.585938453674316,13.324699401855469,18.615070343017578,22.021404266357422,23.099016189575195,22.78972625732422
21.124217987060547,22.42090606689453,23.126249313354492,23.282808303833008,23.038299560546875,22.484615325927734,21.619924545288086,20.494770050048828,19.385475158691406,18.871971130371094,19.789793014526367,21.943126678466797,23.856159210205078,24.794456481933594,25.203222274780273,25.310495376586914,24.905012130737305,24.137069702148438,23.36052894592285,22.657825469970703,22.042190551757812,21.65053939819336,21.81021499633789,23.141599655151367,25.779571533203125,27.970251083374023,28.049732208251953,27.389657974243164,27.35470962524414,27.03519630432129,26.009754180908203,25.878246307373047,27.581228256225586,28.683366775512695,26.64873504638672,21.69550132751465,15.488773345947266,10.997299194335938,12.233197212219238,17.511947631835938,22.094717025756836,24.254358291625977,24.048830032348633
21.193025588989258,22.270841598510742,22.718334197998047,22.735319137573242,22.524492263793945,22.100221633911133,21.320920944213867,20.152807235717773,18.984220504760742,18.611433029174805,19.66038703918457,21.589818954467773,23.286869049072266,24.58295249938965,25.729522705078125,26.318845748901367,25.865442276000977,24.765201568603516,23.75968360900879,23.053194046020508,22.426651000976562,21.922500610351562,22.127378463745117,23.46335792541504,25.589019775390625,27.136781692504883,27.003456115722656,26.629751205444336,27.361896514892578,27.468618392944336,25.765382766723633,24.937116622924805,26.973894119262695,29.184907913208008,28.314611434936523,24.291431427001953,18.11041831970215,12.02121639251709,11.300432205200195,16.471616744995117,22.645442962646484,25.89573097229004,25.202329635620117
21.06485366821289,21.981966018676758,22.27922821044922,22.280385971069336,22.230318069458008,22.028949737548828,21.37137794494629,20.1192684173584,18.779077529907227,18.39572525024414,19.472990036010742,21.24173355102539,22.848148345947266,24.3944149017334,26.031152725219727,27.075668334960938,26.758018493652344,25.380258560180664,24.024944305419922,23.3196964263916,22.94969940185547,22.632375717163086,22.891326904296875,24.025104522705078,25.374650955200195,26.033489227294922,25.644643783569336,25.553611755371094,27.06493377685547,28.036325454711914,26.454086303710938,24.918848037719727,26.242958068847656,28.849943161010742,29.3459529876709,26.820724487304688,21.813112258911133,15.068643569946289,11.583525657653809,15.60219669342041,22.403839111328125,26.402503967285156,26.160442352294922
20.567665100097656,21.446718215942383,21.7996826171875,21.8691463470459,22.005285263061523,22.154565811157227,21.78133201599121,20.455120086669922,18.717830657958984,18.014171600341797,19.030729293823242,20.864030838012695,22.5371150970459,24.173263549804688,26.00310516357422,27.474340438842773,27.637697219848633,26.26699447631836,24.48876953125,23.629899978637695,23.554113388061523,23.42962646484375,23.519147872924805,24.199270248413086,24.933013916015625,25.091787338256836,24.769502639770508,24.96323585510254,26.439268112182617,27.612031936645508,26.930641174316406,26.054189682006836,26.856502532958984,28.506553649902344,29.39938735961914,28.75475311279297,25.632680892944336,19.036115646362305,13.148565292358398,14.715449333190918,21.184852600097656,26.51558494567871,27.41091537475586
19.794570922851562,20.59589958190918,21.111356735229492,21.29249382019043,21.551273345947266,21.981718063354492,21.9155216217041,20.67394256591797,18.734512329101562,17.77102279663086,18.71088409423828,20.528488159179688,22.144100189208984,23.755590438842773,25.65269660949707,27.41661262512207,28.145526885986328,27.210872650146484,25.410511016845703,24.258852005004883,23.985942840576172,23.95319366455078,24.192943572998047,24.69464874267578,24.900405883789062,24.586767196655273,24.129100799560547,24.262174606323242,25.31507682800293,26.231945037841797,26.350093841552734,26.9904842376709,28.605022430419922,29.83594512939453,30.026336669921875,29.53455352783203,27.753664016723633,22.592504501342773,15.674601554870605,14.449324607849121,20.048999786376953,26.0140323638916,27.89244270324707
18.98258399963379,19.68737030029297,20.38225746154785,20.77145004272461,21.120229721069336,21.566577911376953,21.504627227783203,20.306255340576172,18.50092315673828,17.769996643066406,18.88430404663086,20.50615692138672,21.719186782836914,23.164575576782227,25.113075256347656,26.981969833374023,28.054147720336914,27.80077362060547,26.431774139404297,24.89136505126953,24.001901626586914,24.141040802001953,25.062681198120117,25.75257110595703,25.287681579589844,24.006681442260742,23.046154022216797,23.154354095458984,24.13880157470703,25.017581939697266,25.453683853149414,26.614791870117188,29.31463050842285,31.841922760009766,32.08261489868164,30.251415252685547,28.23698616027832,24.621803283691406,18.612031936645508,14.826992988586426,18.69910430908203,24.812225341796875,27.400697708129883
18.38719367980957,19.32476234436035,20.234527587890625,20.779674530029297,21.112485885620117,21.334659576416016,21.002262115478516,19.761117935180664,18.26195526123047,18.02837562561035,19.352245330810547,20.684518814086914,21.46685028076172,22.733234405517578,24.67068862915039,26.43402671813965,27.571107864379883,27.850908279418945,26.964984893798828,25.275625228881836,23.96656036376953,24.14020347595215,25.477453231811523,26.263885498046875,25.19057273864746,22.940929412841797,21.480276107788086,22.022016525268555,23.89678955078125,25.18781852722168,25.326881408691406,25.876880645751953,28.34918975830078,31.863563537597656,33.645206451416016,31.817930221557617,28.86319923400879,25.731016159057617,21.22100257873535,16.173601150512695,16.555898666381836,21.97631072998047,26.414716720581055
18.7281436920166,19.93902587890625,20.721349716186523,21.143709182739258,21.418094635009766,21.427433013916016,20.742141723632812,19.385347366333008,18.306846618652344,18.647966384887695,20.032472610473633,21.033353805541992,21.5556697845459,22.700422286987305,24.500755310058594,25.970802307128906,26.86334228515625,27.34437370300293,26.965539932250977,25.584531784057617,24.2830753326416,24.250022888183594,25.18712615966797,25.55638313293457,24.188858032226562,21.680204391479492,20.297210693359375,21.658601760864258,24.66366958618164,26.305316925048828,25.9276065826416,25.77297019958496,27.41258430480957,30.22627067565918,32.868064880371094,33.078392028808594,30.52674102783203,26.87128448486328,22.80597686767578,18.116260528564453,15.320662498474121,18.255849838256836,23.660951614379883
20.01791000366211,20.75925064086914,20.898513793945312,21.076183319091797,21.490991592407227,21.61516571044922,20.793310165405273,19.346633911132812,18.609193801879883,19.410873413085938,20.907522201538086,21.840124130249023,22.298097610473633,23.279924392700195,24.775732040405273,25.73387908935547,26.057212829589844,26.47238540649414,26.666969299316406,25.903724670410156,24.867616653442383,24.537281036376953,24.702922821044922,24.416912078857422,22.95976448059082,20.88335418701172,20.26091766357422,22.411073684692383,25.61574363708496,26.901748657226562,26.415569305419922,26.473072052001953,27.66264533996582,29.354782104492188,31.396270751953125,32.679603576660156,31.395662307739258,28.021684646606445,23.96730613708496,19.68727684020996,15.976133346557617,15.731514930725098,19.793790817260742
20.858509063720703,20.671098709106445,20.178184509277344,20.272899627685547,20.9688777923584,21.446205139160156,20.902729034423828,19.69725799560547,19.186838150024414,20.113807678222656,21.691097259521484,22.851295471191406,23.565553665161133,24.559431076049805,25.744794845581055,26.127355575561523,25.828283309936523,25.962505340576172,26.324329376220703,26.00301742553711,25.405986785888672,24.984859466552734,24.443511962890625,23.549808502197266,22.169902801513672,20.82729148864746,21.08819007873535,23.54252052307129,26.30365753173828,27.146059036254883,26.84932518005371,27.380477905273438,28.668025970458984,29.975669860839844,31.152408599853516,31.77690887451172,30.81366729736328,28.366905212402344,25.195144653320312,21.70768165588379,18.22134780883789,15.58279037475586,16.253915786743164
20.39141082763672,19.543439865112305,18.757362365722656,18.962202072143555,19.94251251220703,20.765727996826172,20.696502685546875,20.020023345947266,19.773683547973633,20.57053565979004,22.02540397644043,23.429773330688477,24.610240936279297,25.91514015197754,27.142616271972656,27.442426681518555,26.96427345275879,26.670726776123047,26.45245933532715,26.025850296020508,25.90279197692871,25.57520866394043,24.379613876342773,22.983469009399414,21.788713455200195,21.0667781829834,21.873218536376953,24.420400619506836,26.90545654296875,27.6674747467041,27.59151268005371,28.254657745361328,29.532297134399414,30.77313804626465,31.530426025390625,31.2703914642334,29.920330047607422,28.13548469543457,25.940101623535156,23.667621612548828,21.01797103881836,17.227481842041016,13.480356216430664
19.36008644104004,18.236770629882812,17.424230575561523,17.7181339263916,18.844079971313477,19.935007095336914,20.368106842041016,20.22334098815918,20.17078971862793,20.787355422973633,21.982770919799805,23.33338737487793,24.75309181213379,26.465261459350586,28.07663917541504,28.74685287475586,28.623537063598633,28.239744186401367,27.3343448638916,26.422142028808594,26.585552215576172,26.466705322265625,24.716672897338867,22.784574508666992,21.542312622070312,20.944265365600586,21.90338134765625,24.538578033447266,26.9204158782959,27.961315155029297,28.702695846557617,29.5485782623291,30.22596549987793,30.836307525634766,31.34282684326172,30.948257446289062,29.765518188476562,28.43111228942871,26.5316219329834,24.937482833862305,23.39665985107422,19.5438232421875,12.801355361938477
18.960086822509766,18.06980323791504,17.355628967285156,17.39982032775879,18.168712615966797,19.140827178955078,19.881595611572266,20.25681495666504,20.549049377441406,21.20478630065918,22.255495071411133,23.393850326538086,24.64093589782715,26.388988494873047,28.220046997070312,29.16598892211914,29.34332275390625,28.99483299255371,27.674911499023438,26.549814224243164,27.08285903930664,27.54143714904785,25.682079315185547,23.145925521850586,21.440052032470703,20.47867202758789,21.208229064941406,23.65864372253418,25.853343963623047,27.442157745361328,29.55133628845215,30.99768829345703,30.826358795166016,30.317533493041992,30.466629028320312,30.412992477416992,29.55533790588379,28.435791015625,27.14084815979004,26.35165023803711,25.419048309326172,21.429441452026367,13.79786491394043
