data/wind_data/wind_56_8.json
{"header": {"parameterUnit": "KT", "parameterCategory": 2, "nx": 256, "ny": 198, "lo1": 44.73521041870117, "la1": -3.236724853515625, "lo2": 111.26478576660156, "la2": 43.468475341796875, "dx": 0.2609002888202667, "dy": -0.23708222806453705, "refTime": "2025-02-21 08:00:00", "forecastTime": 0, "parameterNumber": 2, "parameterNumberName": "eastward_wind"}, "data":
[rows 57 to 75 of 198, columns 0 to 43 of 256]
-0.9286693930625916,-0.5786278247833252,-0.4673610329627991,-0.22700786590576172,-0.43273043632507324,1.6217823028564453,1.8604778051376343,1.7161438465118408,1.5444053411483765,1.5279011726379395,1.505549669265747,1.5696356296539307,1.7973929643630981,2.0522210597991943,2.1740760803222656,2.0393898487091064,1.6910306215286255,1.4401171207427979,1.42982017993927,1.6491591930389404,1.9724310636520386,2.2993881702423096,2.6590921878814697,2.8105270862579346,2.555664539337158,1.9180561304092407,1.0383968353271484,0.02601589262485504,-0.6732596158981323,-0.6464296579360962,-0.11780550330877304,0.48185139894485474,0.9301475882530212,1.1597169637680054,1.267231822013855,1.3427882194519043,1.6410993337631226,2.423961639404297,3.6643052101135254,4.888136386871338,5.744166851043701,6.220358848571777,6.439934730529785,6.4764509201049805
-0.3057596981525421,0.09021072089672089,0.4418330788612366,1.2044295072555542,2.292811393737793,2.8362367153167725,3.5321927070617676,3.097559690475464,2.500990152359009,2.306284189224243,2.4406628608703613,2.6879684925079346,3.0392253398895264,3.484657049179077,3.74607253074646,3.551058769226074,3.0026769638061523,2.5739505290985107,2.4773447513580322,2.6380560398101807,2.9397618770599365,3.2258172035217285,3.5439882278442383,3.9136345386505127,4.002803325653076,3.439988613128662,2.3153116703033447,1.2037750482559204,0.6157165765762329,0.6639934182167053,1.1479833126068115,1.8469477891921997,2.4385170936584473,2.78383207321167,3.0581552982330322,3.4761393070220947,4.099644184112549,4.812662601470947,5.600142955780029,6.447711944580078,7.140873908996582,7.6273980140686035,7.861525058746338,7.900060176849365
1.0128660202026367,0.947113573551178,1.606356143951416,2.855320930480957,5.411698818206787,4.047752857208252,3.8890042304992676,4.082788944244385,3.5188164710998535,2.9951014518737793,2.9871480464935303,3.4041287899017334,3.9965100288391113,4.558713912963867,4.918921947479248,4.826289176940918,4.24610710144043,3.6478424072265625,3.427370548248291,3.5964486598968506,4.041210174560547,4.527979850769043,4.902093410491943,5.218775272369385,5.431800365447998,5.06370210647583,3.9329569339752197,2.7812039852142334,2.4716529846191406,2.9407641887664795,3.6809802055358887,4.500579833984375,5.285540580749512,5.805860996246338,6.124499320983887,6.636411190032959,7.669612407684326,8.884675979614258,9.65150260925293,9.815533638000488,9.662904739379883,9.57159423828125,9.578119277954102,9.550675392150879
3.048206090927124,2.217742919921875,2.839935541152954,4.228396415710449,7.197905540466309,5.481577396392822,3.7993967533111572,4.103708744049072,4.573469638824463,4.363088607788086,4.0188469886779785,4.094742774963379,4.638916492462158,5.280836582183838,5.697865009307861,5.746150493621826,5.3952412605285645,4.853989601135254,4.5377349853515625,4.678272724151611,5.272627353668213,6.061635494232178,6.658832550048828,6.873179912567139,6.8135504722595215,6.4693074226379395,5.765351295471191,5.121912956237793,5.195263862609863,6.005892753601074,7.013680458068848,7.879089832305908,8.575380325317383,9.056356430053711,9.310338973999023,9.660099029541016,10.403306007385254,11.470895767211914,12.395035743713379,12.524950981140137,11.975224494934082,11.32700252532959,10.952990531921387,10.848230361938477
4.571707725524902,4.17881441116333,4.504065990447998,5.60674524307251,7.933841705322266,7.043674945831299,5.519312858581543,4.830729961395264,5.276534080505371,5.773855209350586,5.806558609008789,5.675172805786133,5.778626441955566,6.151618957519531,6.451076030731201,6.4481892585754395,6.298964500427246,6.109745025634766,6.0039544105529785,6.1947340965271,6.754080295562744,7.522524833679199,8.143424987792969,8.357499122619629,8.175939559936523,7.8635687828063965,7.794954776763916,8.194042205810547,9.077309608459473,10.241922378540039,11.329282760620117,12.046558380126953,12.324812889099121,12.240922927856445,12.007433891296387,12.046307563781738,12.617095947265625,13.436430931091309,14.124266624450684,14.304759979248047,13.86041259765625,13.056392669677734,12.257452011108398,11.722630500793457
5.611433982849121,6.066327095031738,6.523324966430664,7.313721656799316,8.745000839233398,8.433853149414062,7.865015983581543,7.009821891784668,6.684420585632324,7.089655876159668,7.546557903289795,7.759785175323486,7.858792781829834,7.894151210784912,7.80043888092041,7.538362979888916,7.301517963409424,7.318848133087158,7.611156940460205,8.124364852905273,8.72947883605957,9.241798400878906,9.527507781982422,9.538068771362305,9.41051959991455,9.485339164733887,10.115715980529785,11.381928443908691,13.019716262817383,14.577520370483398,15.787673950195312,16.520048141479492,16.74616813659668,16.551523208618164,16.11802864074707,15.769328117370605,15.858047485351562,16.231861114501953,16.449243545532227,16.314390182495117,15.813851356506348,15.162301063537598,14.465205192565918,13.679914474487305
6.469584941864014,8.565522193908691,8.61196231842041,9.213550567626953,10.596234321594238,10.281005859375,9.887734413146973,9.261170387268066,8.560007095336914,8.500754356384277,9.026225090026855,9.571587562561035,9.982381820678711,10.229717254638672,10.093034744262695,9.551020622253418,8.984232902526855,8.846098899841309,9.316020965576172,10.195087432861328,11.083251953125,11.63220500946045,11.750123977661133,11.59618854522705,11.42028522491455,11.619914054870605,12.581125259399414,14.184950828552246,16.032306671142578,17.627822875976562,18.7802677154541,19.516929626464844,19.897310256958008,19.93453598022461,19.695533752441406,19.342161178588867,19.07216453552246,18.880374908447266,18.507518768310547,17.849483489990234,17.16769790649414,16.667078018188477,16.25580406188965,15.643183708190918
7.17051362991333,8.636811256408691,9.647907257080078,10.9586820602417,13.321115493774414,13.239466667175293,12.31250286102295,11.529356956481934,10.651946067810059,9.783864974975586,9.748847007751465,10.556097984313965,11.436136245727539,12.047956466674805,12.29548454284668,12.032943725585938,11.499260902404785,11.217408180236816,11.547993659973145,12.43505573272705,13.53809642791748,14.4135103225708,14.792913436889648,14.833294868469238,14.874473571777344,15.176691055297852,15.948810577392578,17.20368194580078,18.760208129882812,20.215808868408203,21.322050094604492,22.051488876342773,22.437833786010742,22.49636459350586,22.214387893676758,21.73345947265625,21.185792922973633,20.537952423095703,19.728593826293945,18.735946655273438,17.80609703063965,17.350879669189453,17.240947723388672,16.891216278076172
8.154020309448242,12.004298210144043,12.206777572631836,13.30328369140625,16.613039016723633,16.943836212158203,15.433791160583496,13.928357124328613,12.811369895935059,11.582343101501465,10.572369575500488,10.787117958068848,11.968690872192383,13.081158638000488,13.647026062011719,13.705839157104492,13.547292709350586,13.551100730895996,13.896581649780273,14.56950855255127,15.549753189086914,16.60172462463379,17.34337615966797,17.68393898010254,17.917211532592773,18.353195190429688,19.079668045043945,20.05748748779297,21.3001708984375,22.654565811157227,23.79627799987793,24.54479217529297,24.838354110717773,24.700321197509766,24.235740661621094,23.640762329101562,22.966838836669922,22.059162139892578,20.936195373535156,19.7925968170166,18.829631805419922,18.233112335205078,17.954025268554688,17.709623336791992
9.345931053161621,13.324050903320312,13.698355674743652,14.825711250305176,18.6643009185791,19.51403045654297,17.867666244506836,15.656757354736328,13.939007759094238,12.78639030456543,11.934232711791992,11.602237701416016,12.257713317871094,13.526199340820312,14.531778335571289,14.877413749694824,14.872559547424316,15.045832633972168,15.463062286376953,15.896060943603516,16.50318717956543,17.48721694946289,18.568010330200195,19.377521514892578,19.895282745361328,20.3184871673584,20.80219841003418,21.423856735229492,22.343082427978516,23.637418746948242,24.96983528137207,25.92392349243164,26.297405242919922,26.12480354309082,25.642614364624023,25.156930923461914,24.6594181060791,23.852672576904297,22.641950607299805,21.315454483032227,20.25921058654785,19.58664321899414,19.055891036987305,18.52406883239746
10.418296813964844,13.16773509979248,14.227616310119629,15.668059349060059,19.458215713500977,20.732654571533203,19.435693740844727,16.95390510559082,14.607253074645996,13.26284122467041,12.786404609680176,12.740589141845703,13.096161842346191,13.969743728637695,15.042646408081055,15.804198265075684,16.18865966796875,16.639806747436523,17.226118087768555,17.600427627563477,17.8750057220459,18.554981231689453,19.688491821289062,20.838916778564453,21.60181999206543,21.876070022583008,21.879549026489258,21.978784561157227,22.58784294128418,23.744646072387695,25.050386428833008,26.07406234741211,26.612756729125977,26.563066482543945,26.12770652770996,25.63831329345703,25.258312225341797,24.82436752319336,24.063514709472656,22.931236267089844,21.7641544342041,20.878053665161133,20.169584274291992,19.422748565673828
11.438462257385254,14.599692344665527,15.390047073364258,16.628204345703125,19.904573440551758,21.230260848999023,20.42105484008789,18.179269790649414,15.67990493774414,13.918622016906738,13.098358154296875,13.064522743225098,13.62472915649414,14.533039093017578,15.530670166015625,16.450634002685547,17.24289894104004,18.138689041137695,19.133758544921875,19.840124130249023,20.153491973876953,20.5266170501709,21.349103927612305,22.42582893371582,23.123321533203125,23.09084129333496,22.66115951538086,22.515888214111328,23.04175567626953,24.07611846923828,25.183542251586914,26.040699005126953,26.535879135131836,26.647024154663086,26.328964233398438,25.666950225830078,24.985660552978516,24.543676376342773,24.174833297729492,23.56454086303711,22.680267333984375,21.803890228271484,21.036766052246094,20.238327026367188
12.75601577758789,15.562089920043945,15.90786075592041,16.758464813232422,19.297391891479492,20.232267379760742,19.904239654541016,18.621986389160156,16.86882972717285,15.26795482635498,14.020031929016113,13.342416763305664,13.58004379272461,14.591204643249512,15.894572257995605,17.19489860534668,18.421504974365234,19.593162536621094,20.663225173950195,21.470157623291016,21.895980834960938,22.192920684814453,22.725004196166992,23.4146728515625,23.720842361450195,23.406339645385742,23.001211166381836,23.16499137878418,23.873607635498047,24.736759185791016,25.454700469970703,25.956111907958984,26.320796966552734,26.559328079223633,26.435749053955078,25.87728500366211,25.065269470214844,24.35486602783203,23.846553802490234,23.359148025512695,22.756410598754883,22.101806640625,21.470048904418945,20.833467483520508
14.127551078796387,15.885778427124023,15.767267227172852,16.095239639282227,17.65957260131836,18.07987403869629,18.07537269592285,17.956157684326172,17.51910972595215,16.90163230895996,16.025245666503906,14.92265796661377,14.351670265197754,14.922542572021484,16.401174545288086,18.11479377746582,19.468154907226562,20.39934539794922,20.945947647094727,21.15365219116211,21.315067291259766,21.758625030517578,22.451200485229492,22.990886688232422,23.021331787109375,22.801362991333008,22.959991455078125,23.737735748291016,24.663021087646484,25.26104736328125,25.548480987548828,25.729307174682617,25.99976921081543,26.278827667236328,26.2575740814209,25.873544692993164,25.264019012451172,24.63536262512207,24.0531063079834,23.453584671020508,22.7750244140625,22.08355140686035,21.512081146240234,21.095733642578125
14.324625968933105,16.70231819152832,16.06597900390625,15.779976844787598,16.641876220703125,16.700363159179688,16.816143035888672,17.25552749633789,17.59185218811035,17.788969039916992,17.695974349975586,17.10057258605957,16.51582145690918,16.658748626708984,17.701152801513672,19.180965423583984,20.251264572143555,20.459739685058594,20.088571548461914,19.533639907836914,19.328842163085938,19.945621490478516,21.025836944580078,21.624868392944336,21.55658531188965,21.700069427490234,22.622678756713867,23.93631935119629,24.94952392578125,25.366313934326172,25.451454162597656,25.54976463317871,25.80778694152832,26.08574104309082,26.09672737121582,25.748003005981445,25.22430992126465,24.807880401611328,24.44776153564453,23.92646598815918,23.180496215820312,22.301692962646484,21.547283172607422,21.082313537597656
13.883384704589844,17.45240020751953,16.76104164123535,16.262407302856445,17.31612205505371,17.250646591186523,17.2141056060791,17.707897186279297,18.071975708007812,18.11223030090332,17.944175720214844,17.80923843383789,18.043439865112305,18.5671443939209,19.007448196411133,19.520811080932617,20.25019073486328,20.665363311767578,20.39774513244629,19.716861724853516,19.367748260498047,19.912599563598633,20.857219696044922,21.022647857666016,20.592195510864258,20.995445251464844,22.454242706298828,24.045677185058594,24.99814224243164,25.31505584716797,25.38217544555664,25.463491439819336,25.700511932373047,26.041996002197266,26.163421630859375,25.820314407348633,25.20467758178711,24.732162475585938,24.46768569946289,24.174076080322266,23.657806396484375,22.855640411376953,21.95328140258789,21.184490203857422
14.475028991699219,18.965356826782227,17.87293815612793,17.335134506225586,18.88409423828125,18.93227195739746,18.597448348999023,18.876617431640625,19.1284122467041,18.718637466430664,17.89968490600586,17.549510955810547,18.131057739257812,19.180259704589844,19.893213272094727,20.143478393554688,20.474206924438477,20.998506546020508,21.23752784729004,21.058881759643555,20.871126174926758,21.068344116210938,21.367403030395508,20.99704933166504,20.464445114135742,20.96122932434082,22.349689483642578,23.790250778198242,24.69461441040039,25.04691505432129,25.11772918701172,25.147430419921875,25.30337142944336,25.706270217895508,26.09556007385254,25.945053100585938,25.246797561645508,24.584117889404297,24.278209686279297,24.18674087524414,23.98814582824707,23.42664909362793,22.51020622253418,21.51946258544922
15.595678329467773,17.03455924987793,17.332895278930664,17.802934646606445,19.875959396362305,20.063310623168945,19.402597427368164,19.188199996948242,19.226619720458984,18.72722816467285,17.751222610473633,17.284618377685547,17.836952209472656,19.137985229492188,20.559965133666992,21.46657943725586,21.792264938354492,21.954931259155273,22.079021453857422,21.99749755859375,21.739864349365234,21.565595626831055,21.530969619750977,21.347169876098633,21.233413696289062,21.637493133544922,22.41340446472168,23.26963233947754,24.00971221923828,24.52857780456543,24.78873634338379,24.87134552001953,24.972959518432617,25.295761108398438,25.773223876953125,25.901208877563477,25.38079071044922,24.64785385131836,24.298473358154297,24.287803649902344,24.17292022705078,23.722021102905273,22.934213638305664,21.9733943939209
16.31316375732422,16.649991989135742,17.691076278686523,18.56574249267578,20.703393936157227,20.919570922851562,20.123441696166992,19.394031524658203,18.82114601135254,17.871200561523438,16.673463821411133,16.134504318237305,16.722148895263672,18.279340744018555,20.26348114013672,21.939321517944336,22.761260986328125,22.803672790527344,22.54330062866211,22.1898136138916,21.74532127380371,21.53074836730957,21.779373168945312,22.141429901123047,22.38930892944336,22.747539520263672,23.200927734375,23.643123626708984,24.04603385925293,24.36949348449707,24.627275466918945,24.898950576782227,25.12605094909668,25.2758846282959,25.42576789855957,25.47673225402832,25.23447036743164,24.807584762573242,24.552631378173828,24.476945877075195,24.20362663269043,23.68701934814453,23.08185577392578,22.39532470703125
