data/wind_data/wind_48_9.json
{"header": {"parameterUnit": "KT", "parameterCategory": 2, "nx": 256, "ny": 198, "lo1": 44.73521041870117, "la1": -3.236724853515625, "lo2": 111.26478576660156, "la2": 43.468475341796875, "dx": 0.2609002888202667, "dy": -0.23708222806453705, "refTime": "2025-02-21 00:00:00", "forecastTime": 0, "parameterNumber": 2, "parameterNumberName": "eastward_wind"}, "data":
[rows 57 to 75 of 198, columns 86 to 128 of 256]
12.794285774230957,12.535163879394531,11.78488826751709,10.675559997558594,9.779115676879883,9.546268463134766,9.917506217956543,10.412006378173828,10.645109176635742,10.650609016418457,10.714601516723633,10.808306694030762,10.519391059875488,9.723685264587402,9.11716365814209,9.05007266998291,9.168676376342773,9.887746810913086,10.957046508789062,11.55027961730957,11.83371353149414,12.109152793884277,12.138370513916016,11.570663452148438,10.234063148498535,8.568719863891602,7.482358932495117,7.231834411621094,7.479172229766846,8.101592063903809,8.092689514160156,7.5271782875061035,7.4160380363464355,8.140728950500488,9.012616157531738,9.492854118347168,9.953309059143066,10.749295234680176,11.87449836730957,12.757033348083496,12.881545066833496,12.48808765411377,12.441479682922363
11.814128875732422,11.445972442626953,10.674362182617188,9.686202049255371,8.912294387817383,8.680948257446289,8.90223217010498,9.18411636352539,9.249943733215332,9.184205055236816,9.298965454101562,9.655803680419922,9.863495826721191,9.635200500488281,9.236028671264648,8.617666244506836,7.944299697875977,8.3876314163208,9.581867218017578,10.511873245239258,11.297202110290527,11.84207534790039,11.87077808380127,10.855037689208984,9.171302795410156,7.413811683654785,6.245383262634277,5.845005035400391,6.4385223388671875,7.5709452629089355,7.586069583892822,6.310472011566162,5.6437482833862305,6.472912788391113,7.779995441436768,8.547719955444336,8.859284400939941,9.293693542480469,10.047933578491211,10.780216217041016,11.043414115905762,10.943422317504883,11.052919387817383
10.651415824890137,10.329638481140137,9.830986976623535,9.251070976257324,8.780327796936035,8.58430290222168,8.594517707824707,8.482833862304688,8.084442138671875,7.711052894592285,7.860777378082275,8.510601043701172,9.115584373474121,9.269181251525879,8.999022483825684,7.934905529022217,6.665191173553467,6.712949752807617,7.9003520011901855,9.207588195800781,10.412989616394043,11.163797378540039,11.189329147338867,10.058720588684082,8.115468978881836,6.16339111328125,5.207181453704834,4.877439022064209,5.366420745849609,6.784121513366699,7.622056484222412,6.590704917907715,5.350741386413574,5.5154900550842285,6.631389141082764,7.608543872833252,8.107988357543945,8.392680168151855,8.740174293518066,9.132293701171875,9.421420097351074,9.52275276184082,9.788952827453613
9.572690963745117,9.491451263427734,9.348913192749023,9.180830001831055,8.954087257385254,8.675488471984863,8.286974906921387,7.674933910369873,6.9882612228393555,6.679927825927734,7.067322254180908,7.81395149230957,8.23344612121582,8.207484245300293,8.00814437866211,7.264538764953613,5.979161739349365,5.618894100189209,6.428255081176758,7.694513320922852,8.963776588439941,9.710110664367676,9.709868431091309,8.828320503234863,7.0553131103515625,5.01815938949585,4.444633960723877,4.4590535163879395,4.782825469970703,6.04861307144165,7.39361047744751,7.136499881744385,5.791775703430176,5.206782817840576,5.603212833404541,6.246077060699463,6.838384628295898,7.205114841461182,7.361588954925537,7.490087509155273,7.792837619781494,8.197035789489746,8.64591121673584
8.731853485107422,8.775768280029297,8.830656051635742,8.880155563354492,8.77961540222168,8.361645698547363,7.603107452392578,6.715028285980225,6.165706634521484,6.2606353759765625,6.799671173095703,7.230485916137695,7.166325569152832,6.896056652069092,6.816420078277588,6.6338348388671875,5.822075843811035,5.008003234863281,5.094053745269775,5.861843585968018,6.853603363037109,7.543399810791016,7.766138553619385,7.394477844238281,5.976722717285156,4.228060245513916,4.051508903503418,4.368525505065918,4.772999286651611,5.867573261260986,6.970993995666504,6.818172931671143,5.6630988121032715,4.935882091522217,4.8184661865234375,4.812208652496338,5.0031843185424805,5.31889009475708,5.530273914337158,5.603160858154297,5.880002021789551,6.634185314178467,7.465693473815918
7.948591232299805,7.846027374267578,7.920736312866211,8.090088844299316,8.070107460021973,7.62415885925293,6.768881797790527,5.880316734313965,5.517834186553955,5.855543613433838,6.409171104431152,6.491062641143799,6.066834449768066,5.811741352081299,5.844945430755615,5.743762016296387,5.240435600280762,4.27154016494751,3.6388003826141357,3.814985990524292,4.68037748336792,5.492009162902832,5.90360689163208,5.954969882965088,5.04986572265625,3.836411237716675,3.8769493103027344,4.450789928436279,4.906599044799805,5.752174377441406,6.6140618324279785,6.237155914306641,4.903969764709473,4.272214412689209,4.194273948669434,3.8405895233154297,3.4116411209106445,3.174757957458496,3.2263593673706055,3.525054693222046,3.928011655807495,4.7417893409729,5.838040828704834
7.0838236808776855,6.856022834777832,6.954689979553223,7.187997341156006,7.172783374786377,6.6588215827941895,5.763757705688477,4.9446187019348145,4.714931964874268,5.200862407684326,5.848686695098877,5.867673397064209,5.226254463195801,4.814691543579102,4.83687686920166,4.737861633300781,4.24711799621582,3.2366862297058105,2.2303223609924316,2.028620719909668,2.79256010055542,3.744593381881714,4.125000476837158,4.34445858001709,4.148697853088379,3.3996946811676025,3.6461620330810547,4.4762349128723145,4.9657368659973145,5.480435848236084,6.2324371337890625,6.072601795196533,4.596497535705566,3.4993371963500977,3.4367992877960205,3.3019824028015137,2.6093380451202393,1.7019481658935547,1.1523462533950806,1.4353797435760498,2.190999746322632,2.9578516483306885,3.8228726387023926
6.105712890625,6.076305866241455,6.375335693359375,6.623023986816406,6.421506881713867,5.633531093597412,4.512390613555908,3.63848876953125,3.6163392066955566,4.504213809967041,5.482451915740967,5.574463844299316,4.745574951171875,3.9562206268310547,3.676656484603882,3.674539804458618,3.392240285873413,2.2940046787261963,0.9734644293785095,0.4868014454841614,0.8713655471801758,1.6703054904937744,2.144397258758545,2.437208414077759,2.722792863845825,2.4316327571868896,2.8528003692626953,4.03184175491333,4.938420295715332,5.360125541687012,5.841362953186035,5.9800333976745605,4.76554536819458,3.040398120880127,2.4991135597229004,2.802382707595825,2.453777313232422,1.1707415580749512,-0.013390356674790382,-0.13380782306194305,0.7161204218864441,1.566997766494751,2.021812677383423
5.237322807312012,5.466442584991455,5.92568826675415,6.124656677246094,5.698828220367432,4.628044605255127,3.2403132915496826,2.2365427017211914,2.387457847595215,3.7889609336853027,5.289072036743164,5.498782634735107,4.486715316772461,3.352277994155884,2.66542649269104,2.460939884185791,2.307854175567627,1.4335148334503174,0.044048719108104706,-0.8920376300811768,-1.187087059020996,-0.881362795829773,-0.05705476552248001,0.8181114792823792,1.543929100036621,1.4693365097045898,1.1974351406097412,2.3455731868743896,4.321305274963379,5.485342025756836,5.794000148773193,5.778495788574219,4.891287326812744,2.874284267425537,1.5246042013168335,1.9786096811294556,2.3718698024749756,1.1450077295303345,-0.530366837978363,-0.9588380455970764,-0.24866719543933868,0.6141650676727295,0.8759046792984009
4.628073692321777,4.827882289886475,5.2122931480407715,5.335848808288574,4.85068416595459,3.7321455478668213,2.322788715362549,1.2660082578659058,1.3557701110839844,2.862304925918579,4.7032036781311035,5.193223476409912,4.183882713317871,2.8348684310913086,1.7955279350280762,1.1257221698760986,0.7410889267921448,0.239719957113266,-0.7469567656517029,-1.9849629402160645,-2.7647414207458496,-2.758194923400879,-1.747490644454956,-0.09052929282188416,1.2507460117340088,1.288962721824646,0.02296624518930912,-0.21105006337165833,2.2577035427093506,4.863078594207764,5.888815402984619,5.908276081085205,5.094874382019043,3.005556344985962,0.843280017375946,0.6194206476211548,1.5569919347763062,1.1597219705581665,-0.6749780774116516,-1.5332320928573608,-0.825654923915863,0.17373737692832947,0.4357546865940094
3.977529525756836,4.027730464935303,4.193796157836914,4.235611915588379,3.8460772037506104,2.972445487976074,1.8398897647857666,0.8832929730415344,0.7208021283149719,1.7903810739517212,3.4425179958343506,4.1547346115112305,3.420743227005005,2.1064584255218506,0.9385632276535034,0.01890154741704464,-0.6750801801681519,-1.1267738342285156,-1.6409587860107422,-2.599198818206787,-3.4739232063293457,-3.4230434894561768,-2.265516996383667,-0.2501312494277954,1.7316068410873413,2.218191146850586,0.3930487632751465,-1.865673303604126,-0.8882008790969849,2.744410276412964,5.161294460296631,5.900668144226074,5.521478176116943,3.7124788761138916,1.0002604722976685,-0.6026209592819214,-0.05316702276468277,0.6301242709159851,-0.43332114815711975,-1.760541558265686,-1.5208133459091187,-0.330292671918869,0.3610083758831024
2.981039047241211,2.95721435546875,2.9460954666137695,2.909881353378296,2.6544182300567627,2.090667247772217,1.324781894683838,0.6007741093635559,0.2874368131160736,0.7793853282928467,1.821467638015747,2.4011952877044678,1.9829350709915161,1.0117284059524536,0.1391422599554062,-0.47480449080467224,-1.0901188850402832,-1.7622276544570923,-2.273648500442505,-2.8074984550476074,-3.4517600536346436,-3.4461421966552734,-2.156320810317993,0.1575428694486618,2.5608227252960205,3.6718924045562744,2.0537400245666504,-1.1694859266281128,-3.023414373397827,-0.6320213675498962,2.9155447483062744,5.051207065582275,5.659976959228516,4.644207000732422,2.1117143630981445,-0.5885677933692932,-1.512643575668335,-0.6624114513397217,-0.2608404755592346,-1.261749267578125,-1.6578344106674194,-0.918665885925293,0.09142512083053589
1.7241549491882324,1.7279025316238403,1.5532861948013306,1.3593201637268066,1.1504017114639282,0.7998713850975037,0.30960792303085327,-0.13662871718406677,-0.2917158007621765,0.012336118146777153,0.4950203597545624,0.5796467661857605,0.1753096878528595,-0.4017709493637085,-0.7920737266540527,-0.7762540578842163,-0.694401741027832,-1.2083958387374878,-1.974158525466919,-2.5208311080932617,-2.9450950622558594,-3.0456321239471436,-2.093789577484131,0.2527080178260803,3.152346611022949,4.86629056930542,4.103812217712402,0.9681556820869446,-2.302402973175049,-3.10935115814209,-0.40344032645225525,2.7759883403778076,4.987213134765625,5.336490154266357,3.602943181991577,0.8143260478973389,-1.5201823711395264,-1.8939021825790405,-0.9749351739883423,-0.49212393164634705,-0.8500784039497375,-0.6145035624504089,0.14405399560928345
0.40890687704086304,0.3707621097564697,0.06590214371681213,-0.3037835359573364,-0.5855908393859863,-0.8339725136756897,-1.1499395370483398,-1.3849570751190186,-1.2196569442749023,-0.6347179412841797,-0.2425021380186081,-0.5721101760864258,-1.2407567501068115,-1.6793440580368042,-1.7918870449066162,-1.4480992555618286,-0.7635504603385925,-0.48462679982185364,-1.0279127359390259,-1.6570780277252197,-2.015470266342163,-2.1369106769561768,-1.6930526494979858,-0.04625742509961128,2.897984504699707,5.3462114334106445,5.478146076202393,3.3981096744537354,0.053958211094141006,-2.69364070892334,-2.885904550552368,-0.15244904160499573,3.011185646057129,5.182235240936279,5.080643177032471,2.9095160961151123,0.16448619961738586,-1.7137022018432617,-1.7250133752822876,-0.786013126373291,0.04582890123128891,0.4849916398525238,1.0656944513320923
-0.7107200026512146,-0.9921832084655762,-1.457918405532837,-1.9683732986450195,-2.3478453159332275,-2.54905366897583,-2.7091310024261475,-2.7747273445129395,-2.3587429523468018,-1.428423523902893,-0.7992810010910034,-1.0999939441680908,-1.7776191234588623,-2.154087543487549,-2.2602579593658447,-2.0929036140441895,-1.5343525409698486,-0.8861978650093079,-0.6353458762168884,-0.7296615242958069,-0.8127274513244629,-0.8469706773757935,-0.7123120427131653,0.11681061238050461,2.337127685546875,5.0761284828186035,6.046428203582764,5.022726535797119,2.7497129440307617,-0.29441118240356445,-2.5447006225585938,-2.2233567237854004,0.6923621892929077,3.627310037612915,5.307685375213623,5.0243964195251465,2.8854126930236816,0.39506396651268005,-1.061206579208374,-0.9125970005989075,0.14270715415477753,1.3122915029525757,2.219545602798462
-1.4102129936218262,-1.9669753313064575,-2.64508318901062,-3.338486909866333,-3.881859064102173,-4.12196159362793,-4.112332344055176,-3.926905870437622,-3.3472671508789062,-2.28279972076416,-1.4257559776306152,-1.4122250080108643,-1.7134294509887695,-1.7202496528625488,-1.7489144802093506,-1.9884899854660034,-2.037095308303833,-1.7377114295959473,-1.2679909467697144,-0.7382977604866028,-0.14780503511428833,0.34827810525894165,0.5609577894210815,0.8762531876564026,2.163445472717285,4.47213077545166,6.141493320465088,6.060999393463135,4.836392879486084,2.6732125282287598,0.03648272901773453,-1.54267418384552,-0.8257597088813782,1.6358712911605835,3.7271080017089844,5.153597354888916,5.338723182678223,3.5530943870544434,1.3634601831436157,0.40457695722579956,0.7742503881454468,1.8597065210342407,2.9535701274871826
-1.692148208618164,-2.332285165786743,-3.133975028991699,-4.003241539001465,-4.78695011138916,-5.24888277053833,-5.241816997528076,-4.842124938964844,-4.073733806610107,-2.9314937591552734,-1.8851566314697266,-1.519171118736267,-1.4313898086547852,-0.9480719566345215,-0.5785675644874573,-0.9883068203926086,-1.6913716793060303,-2.0333945751190186,-1.852624535560608,-1.2820179462432861,-0.4453980028629303,0.5017744898796082,1.1725826263427734,1.4711767435073853,2.1611039638519287,3.8652737140655518,5.805604934692383,6.710421085357666,6.3700127601623535,5.179028034210205,3.1769866943359375,1.1292248964309692,-0.041111018508672714,0.3280889391899109,1.697662115097046,3.2744877338409424,4.934156894683838,5.700841903686523,4.647043704986572,3.0682108402252197,2.5136640071868896,2.811922550201416,3.369076728820801
-1.7693092823028564,-2.3032288551330566,-3.0600039958953857,-3.9374380111694336,-4.8028059005737305,-5.465097904205322,-5.7029829025268555,-5.437417030334473,-4.670949935913086,-3.3932580947875977,-1.9806498289108276,-1.147704839706421,-0.8310800194740295,-0.19334150850772858,0.523679792881012,0.27476319670677185,-0.8249170780181885,-1.7461128234863281,-1.9203433990478516,-1.4872632026672363,-0.8073427081108093,-0.06567468494176865,0.5392782092094421,0.8914175629615784,1.511209487915039,3.034755229949951,5.0856781005859375,6.702436447143555,7.278148174285889,6.8645195960998535,5.611732006072998,3.7903518676757812,2.011704444885254,0.7551016211509705,0.5259073972702026,1.3751120567321777,3.0025784969329834,4.860916614532471,6.038352966308594,5.848262786865234,4.919907569885254,4.307895660400391,3.9758899211883545
-1.8090547323226929,-2.2707173824310303,-2.8885281085968018,-3.558021068572998,-4.161040782928467,-4.62453031539917,-4.945712566375732,-5.065569877624512,-4.733219623565674,-3.613226890563965,-1.8721427917480469,-0.424199640750885,0.1618083268404007,0.5540330410003662,1.180302619934082,1.1368685960769653,0.021027661859989166,-1.1288822889328003,-1.4740008115768433,-1.1902778148651123,-0.8168389797210693,-0.5647253394126892,-0.4238414764404297,-0.3425191342830658,0.10233950614929199,1.5712435245513916,3.851586103439331,5.991029739379883,7.431869029998779,7.822853088378906,7.191714763641357,5.700368881225586,3.9022128582000732,2.1787126064300537,0.9444594383239746,0.7730490565299988,1.780333161354065,3.380516529083252,4.935338973999023,6.127159595489502,6.511808395385742,6.004588603973389,5.0623555183410645
