data/wind_data/wind_Surface_19.json
{"header": {"parameterUnit": "KT", "parameterCategory": 2, "nx": 255, "ny": 198, "lo1": 44.73521041870117, "la1": -3.236724853515625, "lo2": 111.26478576660156, "la2": 43.468475341796875, "dx": 0.26192745566368103, "dy": -0.23708222806453705, "refTime": "2025-02-19 19:00:00", "forecastTime": 0, "parameterNumber": 2, "parameterNumberName": "eastward_wind"}, "data":
[rows 95 to 113 of 198, columns 43 to 85 of 255]
-0.9223524332046509,-2.0493969917297363,-3.9958126544952393,-3.1381754875183105,-1.4384450912475586,-0.6856361031532288,0.46292993426322937,1.83950936794281,2.5193893909454346,2.941344976425171,3.754697561264038,4.543237686157227,5.522647857666016,3.69419002532959,1.9957605600357056,1.5842078924179077,1.6529066562652588,1.3037798404693604,0.6598871946334839,0.5077131986618042,1.0822044610977173,1.892425298690796,2.46429181098938,2.65218448638916,2.576524496078491,2.4706199169158936,2.473503828048706,2.61761474609375,2.9485480785369873,3.4910402297973633,3.9418134689331055,3.8182520866394043,3.233004093170166,2.583421230316162,2.2776124477386475,2.348764419555664,2.5669751167297363,2.8152570724487305,3.344080686569214,4.373725891113281,5.621638298034668,6.838536262512207,7.863659858703613
-1.580338954925537,-4.846047878265381,-6.1498799324035645,-4.95173978805542,-2.663480520248413,-1.0091115236282349,0.8278529047966003,2.466184616088867,3.254390001296997,3.1385416984558105,3.5869193077087402,3.250380754470825,-1.1261810064315796,-2.877232789993286,-0.28467702865600586,2.540133237838745,3.151038646697998,1.6376644372940063,0.5290094017982483,0.8778159618377686,1.6998242139816284,2.125270366668701,2.2487404346466064,2.285423517227173,2.3832671642303467,2.5613198280334473,2.7918591499328613,3.1363866329193115,3.5226850509643555,3.906151294708252,4.129737854003906,3.960271120071411,3.398829698562622,2.7917630672454834,2.513232469558716,2.701162576675415,3.256131887435913,3.9026949405670166,4.6151442527771,5.51826286315918,6.622496128082275,7.709287643432617,8.532439231872559
0.23026256263256073,-2.7631609439849854,-6.340842247009277,-6.769653797149658,-5.102787017822266,-1.8436306715011597,1.0916575193405151,2.899669647216797,3.8531816005706787,3.6106717586517334,1.2049309015274048,-4.496845722198486,-7.1015400886535645,-4.803776741027832,-1.8985298871994019,1.8649762868881226,2.6964023113250732,1.1932165622711182,0.8747700452804565,1.8139476776123047,2.3551008701324463,2.284808397293091,2.297508478164673,2.5864224433898926,2.894441843032837,3.0352206230163574,3.227853298187256,3.523988962173462,3.787867307662964,4.014887809753418,4.053249835968018,3.869763135910034,3.4924871921539307,3.064275026321411,2.8992183208465576,3.2169291973114014,3.9930388927459717,4.8930487632751465,5.764045715332031,6.636018753051758,7.404309272766113,8.116851806640625,8.7343111038208
-1.0947226285934448,-1.2833153009414673,-3.186777114868164,-5.296644687652588,-4.637369632720947,-2.4009759426116943,0.29512250423431396,1.0823218822479248,0.2405271977186203,-1.1125704050064087,-4.739417552947998,-7.084972381591797,-6.704730033874512,-5.117697715759277,-2.4195809364318848,1.5062329769134521,2.6957130432128906,1.4268383979797363,1.2171244621276855,1.875409483909607,2.031175374984741,2.032655715942383,2.4002697467803955,3.034435510635376,3.654290199279785,3.981219530105591,3.9998056888580322,3.8791608810424805,3.8425204753875732,3.882917881011963,3.9038209915161133,3.856386661529541,3.678154468536377,3.466931104660034,3.4349899291992188,3.830904245376587,4.653611660003662,5.681830406188965,6.709869861602783,7.632919788360596,8.396659851074219,8.89085578918457,9.126239776611328
-0.8867529034614563,-1.469549298286438,-1.7389707565307617,-2.4194934368133545,-2.3617100715637207,-0.7982364892959595,-1.436389684677124,-5.103768825531006,-6.874927997589111,-6.9582037925720215,-6.50588321685791,-5.723533630371094,-5.438806533813477,-3.800879955291748,-1.118099570274353,0.7926002144813538,1.2790827751159668,0.49506187438964844,0.059518855065107346,1.1174339056015015,1.8922088146209717,2.370574474334717,2.88645339012146,3.58874249458313,4.235041618347168,4.350286483764648,4.202672958374023,4.012539863586426,3.8753485679626465,3.914975643157959,4.006032943725586,4.022763729095459,3.8989529609680176,3.7452213764190674,3.829787254333496,4.367512226104736,5.2782135009765625,6.396068572998047,7.569736957550049,8.510368347167969,9.12457275390625,9.4224214553833,9.544189453125
0.5540418028831482,-1.223311185836792,-3.10083270072937,-3.7903952598571777,-3.0496339797973633,-3.1745142936706543,-5.418792247772217,-6.817056179046631,-7.181481838226318,-7.504817962646484,-6.181449890136719,-4.872113227844238,-2.483259916305542,-2.0782034397125244,-0.3415723443031311,1.4213097095489502,0.289180725812912,-0.9668899774551392,-0.5719209313392639,0.9270046949386597,1.9673850536346436,2.4919815063476562,2.9972760677337646,3.482499361038208,3.6355788707733154,3.4798271656036377,3.5079214572906494,3.710578680038452,3.8908777236938477,4.018334865570068,4.0526227951049805,4.023625373840332,4.01519775390625,4.083202362060547,4.345846652984619,4.943232536315918,5.854806900024414,6.937398910522461,7.996857643127441,8.890905380249023,9.4312105178833,9.61777114868164,9.786892890930176
1.12868070602417,-0.689256489276886,-4.248371124267578,-6.2400736808776855,-5.811796188354492,-4.960623264312744,-4.827046871185303,-5.631768703460693,-5.888519287109375,-6.189882755279541,-7.33076286315918,-5.305194854736328,0.1501675397157669,-1.2555906772613525,-1.1921958923339844,1.2500836849212646,0.31069043278694153,-0.8149190545082092,-0.31306979060173035,0.7532119154930115,1.5060170888900757,1.9789091348648071,2.2421774864196777,2.324436664581299,2.2338521480560303,2.140251874923706,2.400376081466675,2.879561185836792,3.3391010761260986,3.6436986923217773,3.836296558380127,4.037912368774414,4.300788402557373,4.6135640144348145,4.973956108093262,5.605007648468018,6.547635078430176,7.529764652252197,8.403560638427734,9.17658805847168,9.666420936584473,9.79479694366455,9.815469741821289
0.7747325897216797,-2.7574269771575928,-7.624825954437256,-7.963082313537598,-5.358777046203613,-3.576862096786499,-2.626166820526123,-1.822866439819336,-2.818686008453369,-3.8596086502075195,-5.606622219085693,-3.695272922515869,0.8788480162620544,-0.5644611120223999,-1.3446041345596313,0.7699229717254639,0.6580115556716919,-0.07003279775381088,-0.1863815188407898,0.32724466919898987,0.7212616205215454,1.0698789358139038,1.3272078037261963,1.1931260824203491,0.9151294827461243,1.076332926750183,1.6909352540969849,2.4554593563079834,3.121936321258545,3.5593955516815186,3.9241065979003906,4.385133743286133,4.866976737976074,5.282536029815674,5.766167163848877,6.497142314910889,7.397829055786133,8.384284019470215,9.091320991516113,9.414917945861816,9.579808235168457,9.907299995422363,10.108649253845215
-1.0119057893753052,-5.840593338012695,-9.51228141784668,-9.878729820251465,-6.28311824798584,-4.651124000549316,-1.9090441465377808,1.1034033298492432,1.3970764875411987,-0.07366658002138138,-0.08835527300834656,1.103639006614685,0.7522236108779907,-1.6471643447875977,-1.2397034168243408,0.64717698097229,1.0542985200881958,0.6923053860664368,0.5169780850410461,0.5134117603302002,0.4699190557003021,0.6000203490257263,0.8195163607597351,0.718643307685852,0.6415212154388428,1.086771011352539,1.854783535003662,2.6354756355285645,3.303290605545044,3.8888192176818848,4.528223514556885,5.27119255065918,5.865492820739746,6.152700424194336,6.449703216552734,7.259217739105225,8.336240768432617,9.109566688537598,9.45864200592041,9.695768356323242,10.033909797668457,10.520024299621582,10.774595260620117
-4.2043657302856445,-8.107926368713379,-10.399840354919434,-9.883584022521973,-7.216729164123535,-2.8396739959716797,-0.2347119152545929,2.235896348953247,3.4360339641571045,3.099567413330078,3.6659162044525146,3.0446696281433105,-0.17890006303787231,-1.2423779964447021,0.03727228567004204,1.3868021965026855,1.9080849885940552,1.4597893953323364,1.084466814994812,0.930756688117981,0.8958211541175842,1.1311026811599731,1.3882125616073608,1.5098580121994019,1.7086352109909058,2.122112274169922,2.6668312549591064,3.224777936935425,3.789382219314575,4.315038681030273,5.189384937286377,6.22357177734375,6.922697067260742,7.673308372497559,8.174924850463867,8.501236915588379,9.104048728942871,9.56952953338623,9.738200187683105,10.184974670410156,10.989599227905273,11.464006423950195,11.439140319824219
-7.467123508453369,-10.773189544677734,-9.358068466186523,-7.101851940155029,-2.980731725692749,0.582849383354187,2.4954755306243896,3.474179267883301,4.001612663269043,4.1816606521606445,4.5564446449279785,3.073432445526123,0.6411986947059631,0.6211223006248474,1.865967869758606,3.0673444271087646,3.4738380908966064,2.7331249713897705,1.898614525794983,1.6228424310684204,1.7583237886428833,2.0901801586151123,2.5217154026031494,2.908459424972534,3.236441135406494,3.5728845596313477,3.94451904296875,4.319456577301025,4.781879425048828,5.499192237854004,6.247394561767578,7.488639831542969,8.891539573669434,9.474504470825195,9.769217491149902,10.172581672668457,10.179106712341309,10.237000465393066,10.87751293182373,11.28765869140625,11.734354972839355,11.96119499206543,11.959248542785645
-10.107619285583496,-9.577438354492188,-6.0879740715026855,-0.5549930334091187,2.7456109523773193,3.9063777923583984,4.51813268661499,4.149083614349365,4.013622760772705,4.006947040557861,4.059988498687744,3.957679271697998,3.824275255203247,3.6112606525421143,3.7461166381835938,4.5756659507751465,5.0997514724731445,4.480532169342041,3.1944189071655273,2.4026288986206055,2.4362497329711914,3.0079424381256104,3.738661289215088,4.4193220138549805,4.864567279815674,5.2153191566467285,5.426018714904785,5.910876750946045,6.5844926834106445,7.175515651702881,8.015292167663574,9.145585060119629,10.307510375976562,10.952676773071289,11.026188850402832,11.02816104888916,11.310844421386719,11.608970642089844,12.002943992614746,12.362256050109863,12.659841537475586,12.685168266296387,12.689396858215332
-9.129558563232422,-6.3293232917785645,-0.15068744122982025,3.5374221801757812,5.597293853759766,5.4807939529418945,4.952581405639648,4.397036552429199,4.30761194229126,4.533247947692871,4.647637844085693,4.916211128234863,5.725420951843262,6.0008673667907715,5.561408996582031,5.57346773147583,6.080263614654541,6.068994522094727,4.900804042816162,3.554487943649292,3.181030511856079,3.7101972103118896,4.713101387023926,5.506134510040283,6.158665657043457,6.642291069030762,7.297226905822754,8.312203407287598,8.961016654968262,9.56828498840332,10.174339294433594,10.748126029968262,11.475521087646484,12.129772186279297,12.453597068786621,12.513008117675781,12.824564933776855,13.0758695602417,13.39314079284668,13.513026237487793,13.442760467529297,13.515600204467773,13.490961074829102
-7.732270240783691,-1.227279543876648,4.62248420715332,5.672690391540527,5.572498321533203,5.225137710571289,5.71101713180542,5.7551774978637695,5.747193336486816,5.69196891784668,5.177180290222168,5.316957950592041,6.545091152191162,7.542576789855957,7.577198505401611,7.316294193267822,7.388736724853516,7.102458477020264,6.032227516174316,4.887901782989502,4.298139572143555,4.48270320892334,5.16601037979126,6.0973124504089355,7.127236843109131,8.288556098937988,9.424501419067383,10.168000221252441,10.684819221496582,10.960803985595703,11.558588981628418,12.487987518310547,13.149062156677246,13.759861946105957,14.247567176818848,14.257833480834961,14.16702938079834,13.88183307647705,13.823369979858398,13.839881896972656,13.830727577209473,13.644380569458008,13.932745933532715
-5.8563232421875,1.9402097463607788,6.291710376739502,6.986719608306885,5.284712314605713,5.708501815795898,6.818572044372559,7.649132251739502,7.046789169311523,4.802560806274414,3.789078712463379,4.9266676902771,6.504957675933838,7.585466384887695,7.894681930541992,7.893381595611572,8.191840171813965,8.499637603759766,7.9612932205200195,6.651645660400391,5.725442409515381,5.597842693328857,5.917111873626709,6.637566566467285,7.8863630294799805,9.246381759643555,10.377330780029297,11.49911880493164,12.25637149810791,12.449056625366211,12.957191467285156,13.788802146911621,13.95614242553711,13.979019165039062,14.061124801635742,14.143477439880371,14.305472373962402,14.27223014831543,14.138214111328125,14.003107070922852,13.994172096252441,13.6542329788208,13.431212425231934
-2.8257055282592773,3.2886672019958496,6.309791088104248,5.777737617492676,6.251964092254639,7.51518440246582,8.40528678894043,7.595419406890869,3.8994131088256836,0.8354350328445435,1.7308971881866455,4.193023204803467,5.936910629272461,6.549559593200684,6.463090896606445,6.199132442474365,5.966359615325928,6.12966251373291,6.69969367980957,7.2341532707214355,7.35984468460083,7.221512317657471,7.104331970214844,7.805422306060791,9.123876571655273,10.203653335571289,11.158942222595215,12.136924743652344,12.549097061157227,12.828761100769043,13.053787231445312,13.34058952331543,13.63647174835205,13.656082153320312,13.564920425415039,13.70742130279541,14.160402297973633,14.572272300720215,14.702542304992676,14.59561824798584,14.05893611907959,13.889369010925293,12.611827850341797
-0.32707738876342773,3.9008395671844482,5.610812664031982,5.391435623168945,6.69022274017334,8.159087181091309,7.611209869384766,3.1007320880889893,-1.3965402841567993,-1.4596595764160156,0.6381692886352539,2.726469039916992,4.225532054901123,4.470446586608887,3.7948060035705566,3.2438600063323975,3.2764368057250977,3.5987539291381836,4.025466442108154,4.7835307121276855,5.835872650146484,7.05790901184082,8.176613807678223,9.089031219482422,9.963384628295898,10.90704345703125,11.498228073120117,11.426530838012695,10.868569374084473,9.951713562011719,9.51895523071289,9.590967178344727,9.986759185791016,10.166664123535156,10.012471199035645,10.321670532226562,11.356914520263672,12.542442321777344,13.430753707885742,14.535085678100586,14.476795196533203,8.994624137878418,5.361761569976807
0.268526166677475,4.715898513793945,7.3103413581848145,6.656946659088135,6.79185676574707,6.5493693351745605,2.0118372440338135,-3.645711660385132,-4.152446746826172,-2.571497678756714,-1.912468433380127,-1.237803339958191,-0.4165407419204712,-0.8456865549087524,-1.9731987714767456,-2.556293249130249,-2.836656093597412,-2.7537612915039062,-1.5421100854873657,1.2622402906417847,3.9244165420532227,4.980687141418457,5.489045143127441,5.433659076690674,5.554965496063232,7.5199761390686035,6.116837024688721,3.531846046447754,1.2979326248168945,1.33872389793396,2.159001111984253,3.3266632556915283,4.019104480743408,3.943129777908325,4.145498752593994,5.820797920227051,8.06145191192627,9.32668685913086,10.1103515625,12.05197525024414,13.001298904418945,7.183852672576904,4.362569808959961
0.07695876061916351,4.035755634307861,7.4748640060424805,7.197524547576904,5.904481410980225,1.413440227508545,-4.38533353805542,-5.865208148956299,-4.6626787185668945,-4.968372344970703,-5.052603244781494,-3.6857950687408447,-2.2221131324768066,-2.774233102798462,-2.9914674758911133,-2.4402778148651123,-2.4979054927825928,-2.6680660247802734,-1.8623864650726318,-0.6903146505355835,0.3189128637313843,1.1142910718917847,0.8577155470848083,0.030504459515213966,0.6338859796524048,0.9382166862487793,-0.6233627796173096,-1.7071229219436646,-1.3575996160507202,-1.6220648288726807,-1.4793198108673096,-0.25009891390800476,0.2861798405647278,0.4268583059310913,1.0725842714309692,2.907848358154297,4.742007255554199,5.613267421722412,6.188591003417969,9.54145336151123,9.342276573181152,5.167200088500977,3.6851463317871094
