data/wind_data/wind_Surface_37.json
{"header": {"parameterUnit": "KT", "parameterCategory": 2, "nx": 255, "ny": 198, "lo1": 44.73521041870117, "la1": -3.236724853515625, "lo2": 111.26478576660156, "la2": 43.468475341796875, "dx": 0.26192745566368103, "dy": -0.23708222806453705, "refTime": "2025-02-20 13:00:00", "forecastTime": 0, "parameterNumber": 3, "parameterNumberName": "northward_wind"}, "data":
[rows 38 to 56 of 198, columns 43 to 85 of 255]
-4.632669448852539,-5.547157287597656,-7.420086860656738,-7.7524733543396,-5.677460670471191,-4.535426139831543,-5.986584186553955,-6.8025922775268555,-6.148024559020996,-5.719038486480713,-5.830187797546387,-5.92990255355835,-6.667242527008057,-7.789444446563721,-8.122817993164062,-6.6108269691467285,-5.643333435058594,-6.750874042510986,-8.725149154663086,-9.099150657653809,-6.594585418701172,-5.418752670288086,-6.402492523193359,-7.124407768249512,-6.727270603179932,-6.636270046234131,-6.93221378326416,-8.0740966796875,-9.757063865661621,-10.26671028137207,-8.414811134338379,-4.236660003662109,-3.1728241443634033,-3.8418703079223633,-4.081202507019043,-3.777378797531128,-3.870203733444214,-3.8423635959625244,-3.603896379470825,-3.165788173675537,-1.8104114532470703,-1.553565263748169,-2.9248428344726562
-3.9788146018981934,-5.165264129638672,-6.01880407333374,-5.776623725891113,-4.75541353225708,-4.685994625091553,-5.340022563934326,-5.2242889404296875,-5.237720012664795,-5.496917724609375,-5.5432891845703125,-5.775208473205566,-6.04255485534668,-6.426372051239014,-6.665323734283447,-6.242755889892578,-5.953342914581299,-6.154049396514893,-6.44285774230957,-6.620383262634277,-6.31852388381958,-6.0589280128479,-6.279820442199707,-6.887901782989502,-6.668517589569092,-6.290867805480957,-5.617352485656738,-6.451977729797363,-8.227241516113281,-8.969091415405273,-9.036372184753418,-8.18792724609375,-6.829550266265869,-4.984839916229248,-3.286989212036133,-3.396172523498535,-4.043524265289307,-3.813946485519409,-3.5973784923553467,-4.223320960998535,-4.115988731384277,-3.8504698276519775,-4.432603359222412
-2.9460203647613525,-3.92919659614563,-4.2859697341918945,-4.420356273651123,-4.660061836242676,-4.77962589263916,-4.187175750732422,-3.901111602783203,-4.299055576324463,-4.270442008972168,-4.5526604652404785,-5.067942142486572,-5.3958001136779785,-5.654470920562744,-5.915319919586182,-5.759399890899658,-5.627987384796143,-5.872896671295166,-5.556323528289795,-5.136783599853516,-5.249542236328125,-5.859386444091797,-6.337118625640869,-6.253580570220947,-6.572616100311279,-6.74355411529541,-6.382227897644043,-6.257345199584961,-6.74451208114624,-7.6328349113464355,-8.00271987915039,-8.075343132019043,-8.033889770507812,-6.205537796020508,-4.006374359130859,-4.701785087585449,-6.142288684844971,-6.374389171600342,-4.9687676429748535,-4.9048871994018555,-7.06180477142334,-8.551216125488281,-7.483737468719482
-2.4244019985198975,-2.8579206466674805,-3.3461503982543945,-3.721701145172119,-4.217807769775391,-4.159192085266113,-2.9140994548797607,-2.990239381790161,-3.693016290664673,-4.199090003967285,-4.335676193237305,-4.227740287780762,-4.564688682556152,-4.90271520614624,-5.530751705169678,-6.065004348754883,-6.209566116333008,-5.153230667114258,-4.616170883178711,-4.597959041595459,-4.730551242828369,-5.439414978027344,-5.732747554779053,-5.560337066650391,-5.763485431671143,-6.422192573547363,-7.178289890289307,-6.148132801055908,-4.743728160858154,-6.212552070617676,-7.3618693351745605,-7.092679500579834,-6.44486141204834,-5.947709083557129,-5.820644378662109,-6.710968494415283,-8.412155151367188,-8.938554763793945,-7.121424674987793,-5.781815528869629,-7.006913661956787,-8.326184272766113,-7.524464130401611
-4.575199127197266,-4.430279731750488,-3.310795307159424,-2.5688705444335938,-3.4949028491973877,-3.302757978439331,-2.1559109687805176,-2.6642470359802246,-3.6879029273986816,-4.092620372772217,-3.605415105819702,-3.240861654281616,-3.7686855792999268,-4.5633978843688965,-5.181174278259277,-5.602409362792969,-5.40701961517334,-4.057159900665283,-3.9056177139282227,-3.9464364051818848,-4.250767230987549,-4.889750957489014,-4.905012130737305,-5.298032283782959,-5.146358013153076,-4.9641289710998535,-6.1595048904418945,-6.6697282791137695,-5.2280473709106445,-5.030418395996094,-6.4683613777160645,-7.0850300788879395,-6.709609508514404,-6.3928680419921875,-6.616824150085449,-7.019250869750977,-7.765676021575928,-8.156476974487305,-7.558889865875244,-6.683424472808838,-6.400469779968262,-6.1959710121154785,-6.02298641204834
-5.651987075805664,-6.119747638702393,-4.071883678436279,-2.1075522899627686,-3.169445514678955,-4.361791610717773,-4.585646152496338,-4.058234691619873,-3.4728944301605225,-2.9900498390197754,-2.645737886428833,-2.729088544845581,-3.343735694885254,-3.7824974060058594,-3.718454122543335,-3.5969181060791016,-3.3895342350006104,-3.3618056774139404,-4.170235633850098,-5.165767669677734,-5.6868696212768555,-4.638254165649414,-4.0541534423828125,-4.543720722198486,-4.490941047668457,-4.069427490234375,-4.855546474456787,-5.950980186462402,-6.110545635223389,-5.07664680480957,-5.091470241546631,-6.04124116897583,-6.693838596343994,-6.685344219207764,-6.757275104522705,-7.113015651702881,-7.438022613525391,-7.714556694030762,-7.452573299407959,-6.903852939605713,-6.570718288421631,-6.350703716278076,-5.787932872772217
-5.733836650848389,-6.694775104522705,-4.711769104003906,-2.5529541969299316,-2.884589433670044,-5.200799942016602,-6.336643218994141,-4.755002975463867,-2.9017298221588135,-2.3964812755584717,-3.206850528717041,-3.7847394943237305,-3.2522854804992676,-2.732410430908203,-2.854792356491089,-3.0092689990997314,-3.2040774822235107,-3.420621871948242,-4.363349437713623,-5.437259674072266,-5.6372575759887695,-4.081468105316162,-3.498363971710205,-3.788348436355591,-3.914830207824707,-3.9948008060455322,-4.244482040405273,-4.354532241821289,-5.0781426429748535,-5.41638708114624,-4.73267936706543,-5.001548767089844,-5.8223042488098145,-6.189312934875488,-6.321767330169678,-6.646230697631836,-7.051814556121826,-7.338944911956787,-7.265556812286377,-6.842151641845703,-6.830074787139893,-7.655125141143799,-7.591414451599121
-5.237099647521973,-6.519843578338623,-5.217521667480469,-4.229955673217773,-3.717588186264038,-4.349123477935791,-4.966879844665527,-4.450087070465088,-3.0664281845092773,-1.7600106000900269,-2.587968349456787,-3.9092137813568115,-3.2266647815704346,-2.8981916904449463,-3.054050922393799,-3.12032151222229,-3.019277334213257,-3.0817677974700928,-3.5698606967926025,-3.8478918075561523,-3.73594331741333,-3.3307905197143555,-3.2540740966796875,-3.340921640396118,-3.3572819232940674,-3.6220455169677734,-3.4802072048187256,-3.612633228302002,-4.011011600494385,-4.5370378494262695,-4.618600845336914,-4.563202857971191,-4.633159160614014,-5.021167278289795,-5.284258842468262,-5.741319179534912,-6.15432071685791,-6.802404403686523,-7.138813495635986,-6.832769393920898,-6.7233500480651855,-7.978280544281006,-8.396601676940918
-4.590940475463867,-4.534302234649658,-4.159816741943359,-4.619782447814941,-4.67277717590332,-4.827969074249268,-4.939661502838135,-4.243126392364502,-3.590221881866455,-3.72735333442688,-3.216862678527832,-2.862696647644043,-3.0039165019989014,-3.844896078109741,-4.072815418243408,-3.621310234069824,-2.8244659900665283,-2.8621230125427246,-3.180868625640869,-3.447617530822754,-3.3041958808898926,-3.12331223487854,-3.127847671508789,-3.1724841594696045,-3.283816337585449,-3.2948529720306396,-3.166934013366699,-3.2083609104156494,-3.4301867485046387,-3.803459644317627,-4.315114498138428,-4.817244529724121,-4.591578960418701,-3.924325704574585,-3.877910852432251,-4.805904865264893,-5.589434623718262,-6.138670921325684,-6.017653465270996,-5.769186496734619,-5.959999084472656,-6.602744102478027,-6.446445465087891
-4.995039939880371,-4.524737358093262,-3.533287763595581,-2.4579780101776123,-3.831665277481079,-6.264681339263916,-6.924903869628906,-5.404655933380127,-3.8163137435913086,-4.952683448791504,-4.565526962280273,-2.854940414428711,-3.1150479316711426,-4.4897074699401855,-4.622856140136719,-3.9075546264648438,-3.0408122539520264,-2.7164297103881836,-3.0527303218841553,-3.400864601135254,-2.9132251739501953,-2.9570305347442627,-3.191175699234009,-3.5754458904266357,-3.518195390701294,-3.159637689590454,-3.2725424766540527,-3.0917282104492188,-3.2105088233947754,-3.7974936962127686,-4.426360130310059,-5.214812755584717,-5.38336181640625,-3.763293504714966,-3.0258166790008545,-3.898106813430786,-4.764267921447754,-4.700479507446289,-4.5233917236328125,-4.56595516204834,-4.631880760192871,-5.16284704208374,-4.9845781326293945
-4.347518444061279,-5.084765434265137,-4.038017749786377,-2.7500131130218506,-3.443239450454712,-5.379565238952637,-6.813846111297607,-5.975970268249512,-3.5599822998046875,-3.283614158630371,-4.401904582977295,-4.724532127380371,-4.026650428771973,-3.6885018348693848,-3.991783857345581,-4.137292385101318,-3.723846197128296,-3.0365617275238037,-2.764418840408325,-3.003753662109375,-3.0371193885803223,-3.3959853649139404,-3.435771942138672,-3.581926107406616,-3.343925714492798,-3.2741708755493164,-3.3504021167755127,-3.3147454261779785,-3.5045080184936523,-3.810098886489868,-4.238524913787842,-4.940006256103516,-5.202982425689697,-4.221592903137207,-3.354731559753418,-3.5944056510925293,-4.421323299407959,-4.609723091125488,-4.448215484619141,-4.288243293762207,-4.246443271636963,-4.741052627563477,-5.144233226776123
-2.7829952239990234,-3.602961778640747,-3.509298086166382,-3.8354363441467285,-4.386914253234863,-4.752529144287109,-4.709451198577881,-4.267513275146484,-3.467670440673828,-3.1192684173583984,-4.018254280090332,-5.128087520599365,-4.228200912475586,-3.074221611022949,-3.8937466144561768,-4.626853942871094,-5.321771144866943,-5.132718563079834,-3.923707962036133,-3.237396001815796,-3.4246699810028076,-3.9572036266326904,-4.108509063720703,-3.761812686920166,-3.534911632537842,-3.5662217140197754,-3.9293787479400635,-4.433116436004639,-4.568938255310059,-3.8713462352752686,-3.66983962059021,-4.398114204406738,-4.911733150482178,-4.806406497955322,-4.549216270446777,-4.226259231567383,-4.069502830505371,-4.448770523071289,-5.028743743896484,-5.315523624420166,-4.865753173828125,-4.951145648956299,-5.954663276672363
-1.7620364427566528,-2.756955146789551,-3.215158700942993,-3.436436176300049,-3.9050564765930176,-4.069353103637695,-3.70710825920105,-3.3233954906463623,-2.934358596801758,-3.088724136352539,-3.48978328704834,-3.6083574295043945,-3.3036956787109375,-3.246504545211792,-3.8796274662017822,-4.912026405334473,-6.173245906829834,-5.661503791809082,-4.934974193572998,-5.367769718170166,-5.304011821746826,-4.587549686431885,-4.286478042602539,-4.2958598136901855,-3.7265079021453857,-3.406881809234619,-4.251633167266846,-5.41624116897583,-6.0415940284729,-5.602662086486816,-4.19702672958374,-4.292407512664795,-4.916349411010742,-4.813484191894531,-4.9821648597717285,-4.7880048751831055,-4.414383411407471,-4.689043045043945,-5.610127925872803,-5.547652721405029,-4.853302955627441,-5.531816005706787,-6.548805236816406
-1.8700357675552368,-2.38067889213562,-3.1484713554382324,-3.302617073059082,-3.08390212059021,-2.4846351146698,-3.2115132808685303,-2.675784111022949,-1.170571208000183,-1.6090681552886963,-2.7246851921081543,-2.5926709175109863,-2.067692995071411,-2.838869571685791,-4.623868465423584,-5.765426158905029,-5.2727227210998535,-3.919801712036133,-4.133284091949463,-5.812955856323242,-6.140659809112549,-5.326361179351807,-5.098499298095703,-5.638153076171875,-5.753739356994629,-5.345341205596924,-5.273207664489746,-5.6534104347229,-6.282033920288086,-6.547149181365967,-4.892685413360596,-4.244047164916992,-4.398383140563965,-4.107640743255615,-4.249154567718506,-4.615504264831543,-5.015435695648193,-6.03490686416626,-6.127414703369141,-4.983900547027588,-5.358506202697754,-6.688920497894287,-6.6927618980407715
-1.7309906482696533,-1.920101523399353,-2.675340414047241,-3.75597882270813,-3.848630666732788,-2.4772744178771973,-2.8361411094665527,-2.8729755878448486,-2.1853749752044678,-2.0363950729370117,-1.7170989513397217,-2.1050148010253906,-2.9700098037719727,-3.516538619995117,-4.4187421798706055,-5.14585542678833,-4.154924392700195,-2.9271743297576904,-2.95192289352417,-3.758984327316284,-4.195683002471924,-4.875039577484131,-5.757208347320557,-6.374791622161865,-6.693991184234619,-5.688274383544922,-4.7143731117248535,-5.09069299697876,-5.825372695922852,-5.83254337310791,-5.210787296295166,-4.930973529815674,-5.0633955001831055,-4.8955559730529785,-4.379489898681641,-4.502241611480713,-5.362397193908691,-6.305118083953857,-5.954752445220947,-5.641398906707764,-6.2862372398376465,-6.992493152618408,-6.728493690490723
-0.5884568095207214,-1.4443243741989136,-2.1980414390563965,-3.119321584701538,-3.393310308456421,-3.155097246170044,-4.130560874938965,-3.9688196182250977,-2.9386093616485596,-1.9851864576339722,-1.591025471687317,-3.4406299591064453,-4.656117916107178,-3.9359123706817627,-2.8606855869293213,-3.6193249225616455,-4.40839958190918,-4.972982883453369,-4.267707824707031,-2.549280881881714,-1.9848692417144775,-3.6662402153015137,-4.704007148742676,-5.107367038726807,-5.227708339691162,-4.284859657287598,-3.082749366760254,-3.481696605682373,-5.306717872619629,-5.724348068237305,-5.766816139221191,-5.963966369628906,-6.939676284790039,-6.7729291915893555,-5.075197696685791,-4.69990348815918,-5.690454959869385,-6.245242595672607,-5.974443435668945,-5.733701705932617,-5.5414252281188965,-6.170839786529541,-7.517118453979492
-0.8119441866874695,-0.4575935900211334,-0.43646863102912903,-1.3787204027175903,-2.2068092823028564,-3.0345022678375244,-4.423594951629639,-3.300037384033203,-1.6377273797988892,-1.315288782119751,-2.4673662185668945,-3.856693744659424,-3.728224039077759,-3.644108295440674,-3.8755276203155518,-4.383718013763428,-4.328827381134033,-5.554288864135742,-6.140969753265381,-4.746997833251953,-3.4260876178741455,-4.042827606201172,-4.2083868980407715,-4.203489780426025,-5.248296737670898,-5.889681339263916,-5.407301902770996,-3.8749353885650635,-4.058534622192383,-4.861392498016357,-4.9339213371276855,-5.856338977813721,-7.131892681121826,-6.910093784332275,-5.791630268096924,-5.136115074157715,-5.481332778930664,-6.0752058029174805,-6.566492557525635,-6.433426856994629,-5.825488567352295,-6.260889053344727,-8.143329620361328
-0.7923227548599243,-0.3147454857826233,-0.6855074167251587,-0.8718111515045166,-1.2978127002716064,-1.4983140230178833,-2.118992328643799,-2.2012627124786377,-1.8773552179336548,-1.6902050971984863,-2.2775959968566895,-2.1568846702575684,-2.255157232284546,-3.231976270675659,-4.438542366027832,-4.4154953956604,-3.800143241882324,-4.653764724731445,-5.469949245452881,-5.9869232177734375,-5.8379950523376465,-5.84916877746582,-5.416876792907715,-5.146449089050293,-5.793071746826172,-6.407970428466797,-6.542572975158691,-5.281761646270752,-4.407723903656006,-4.573058605194092,-4.713295936584473,-5.466811656951904,-5.717228412628174,-5.733566761016846,-6.3624796867370605,-6.8578314781188965,-7.032627105712891,-6.9642720222473145,-7.436142444610596,-8.390534400939941,-8.122050285339355,-7.337143421173096,-7.326882362365723
-1.44037926197052,-1.4935916662216187,-1.0031969547271729,0.016721585765480995,-0.4866243600845337,-1.0909559726715088,-1.4058605432510376,-0.7030301690101624,0.09121375530958176,0.22415803372859955,-1.0985078811645508,-1.9908658266067505,-2.2517669200897217,-1.9071115255355835,-2.655751943588257,-3.0021841526031494,-3.7221767902374268,-4.909636497497559,-4.778329849243164,-4.377368927001953,-4.211755275726318,-5.034449577331543,-4.87809944152832,-4.308534145355225,-4.864717483520508,-5.309885501861572,-4.975477695465088,-4.399463176727295,-4.4553985595703125,-5.112819194793701,-5.594496726989746,-5.588062763214111,-5.569849014282227,-6.149205207824707,-6.9217610359191895,-7.670025825500488,-7.997308731079102,-8.15677547454834,-8.064217567443848,-8.240885734558105,-8.189383506774902,-7.739650726318359,-7.411820888519287
