data/wind_data/wind_29_2.json
{"header": {"parameterUnit": "KT", "parameterCategory": 2, "nx": 256, "ny": 198, "lo1": 44.73521041870117, "la1": -3.236724853515625, "lo2": 111.26478576660156, "la2": 43.468475341796875, "dx": 0.2609002888202667, "dy": -0.23708222806453705, "refTime": "2025-02-20 05:00:00", "forecastTime": 0, "parameterNumber": 2, "parameterNumberName": "eastward_wind"}, "data":
[rows 95 to 113 of 198, columns 86 to 128 of 256]
6.093272686004639,6.231598377227783,6.232809066772461,6.1776275634765625,6.063185691833496,5.947022438049316,6.173142910003662,6.757376194000244,7.327264308929443,7.34154748916626,6.193650245666504,4.243675231933594,2.9307286739349365,2.6046507358551025,3.410493850708008,3.5582923889160156,2.067678928375244,0.08333182334899902,-1.3402361869812012,-1.552460789680481,-1.8472001552581787,-1.9543343782424927,-1.400693416595459,-0.902001678943634,-1.005867838859558,-0.9437705278396606,0.5678839087486267,2.1275641918182373,2.2099642753601074,1.5580824613571167,1.5980007648468018,2.3985278606414795,3.089015007019043,2.065113067626953,2.6166293621063232,3.825329065322876,5.383798599243164,6.9271016120910645,6.308941841125488,3.2007150650024414,0.1292828619480133,-2.7573964595794678,-3.8394157886505127
5.820801734924316,6.02791166305542,6.248876571655273,6.576002597808838,6.939234256744385,7.194156169891357,7.439962387084961,7.7285308837890625,7.992032051086426,8.105073928833008,7.54932165145874,6.305117607116699,4.84792947769165,3.900860548019409,3.6728689670562744,4.012048244476318,3.738718032836914,2.60541033744812,0.9837454557418823,0.5874549746513367,0.14476214349269867,-0.21438460052013397,0.297491192817688,0.9353331327438354,1.6776282787322998,2.224108934402466,2.535700798034668,2.59562611579895,2.303738832473755,1.934037208557129,2.4616858959198,3.4132018089294434,3.9782376289367676,3.539024829864502,2.8595316410064697,4.67327880859375,5.614262580871582,6.5547380447387695,7.2842864990234375,5.324580192565918,1.9829026460647583,-2.5476181507110596,-5.327439308166504
5.072487831115723,5.533458232879639,6.027639389038086,6.606573581695557,7.253260612487793,7.738005638122559,8.047478675842285,8.276948928833008,8.380837440490723,8.483309745788574,8.84432601928711,8.628239631652832,7.349585056304932,6.373466491699219,5.599210262298584,4.904912948608398,4.586422920227051,3.8555033206939697,2.9126040935516357,2.6608939170837402,2.612311840057373,2.2106192111968994,2.3310892581939697,2.6756644248962402,3.4675493240356445,3.9023454189300537,4.779409885406494,5.182520866394043,4.769471168518066,4.538427352905273,4.475512981414795,4.378913402557373,4.626840114593506,4.731410503387451,5.631045341491699,5.013786792755127,4.507667064666748,4.557703971862793,5.585604667663574,4.6356096267700195,2.7282350063323975,0.5398719906806946,-2.8766095638275146
4.017525672912598,4.8067827224731445,5.638391971588135,6.45018196105957,7.230460166931152,7.713602542877197,7.976759433746338,8.30350399017334,8.572074890136719,8.910907745361328,9.291049003601074,10.18908405303955,10.154751777648926,9.189867973327637,8.758501052856445,8.139214515686035,6.882397174835205,5.66609525680542,5.45390510559082,5.883357524871826,5.622488498687744,4.989298343658447,4.735872268676758,4.856653690338135,4.813469409942627,5.2981858253479,5.266254425048828,6.027895450592041,6.345271587371826,5.941305637359619,5.667383193969727,6.048101902008057,6.215451240539551,6.0492143630981445,6.175638675689697,4.717154502868652,3.3944082260131836,3.1713156700134277,3.4506876468658447,3.7231929302215576,2.7989232540130615,1.187221646308899,-0.10887795686721802
3.420351028442383,4.3233113288879395,5.307764530181885,6.246291637420654,7.027426242828369,7.3992719650268555,7.518834590911865,7.84877872467041,8.681510925292969,9.286752700805664,9.873644828796387,10.432401657104492,11.077805519104004,11.302513122558594,11.235097885131836,11.073806762695312,9.86972713470459,8.138106346130371,7.953298091888428,8.828243255615234,8.821391105651855,7.810188293457031,7.17951774597168,7.3180999755859375,5.8637824058532715,6.486306667327881,6.381324291229248,6.824832439422607,7.761035442352295,7.962390899658203,7.3819990158081055,7.653982639312744,6.9526896476745605,7.272005558013916,5.44997501373291,4.96442985534668,3.304453134536743,3.0459728240966797,2.9338109493255615,3.122936487197876,2.867271661758423,1.1466474533081055,0.34932783246040344
4.571537017822266,5.241417407989502,6.055843353271484,6.827709197998047,7.276932239532471,7.2250261306762695,7.1189165115356445,7.382028579711914,8.61876106262207,9.541969299316406,10.375129699707031,11.065657615661621,11.689506530761719,12.146044731140137,12.409690856933594,12.705307006835938,12.308581352233887,11.30987548828125,10.749919891357422,10.628521919250488,10.601871490478516,10.279513359069824,9.717391967773438,9.05577564239502,9.168039321899414,8.952816009521484,8.416440963745117,8.375922203063965,8.997349739074707,8.896143913269043,8.258356094360352,7.823296546936035,6.845483303070068,6.462608814239502,3.367914915084839,4.509223461151123,3.598422050476074,3.042832612991333,2.8681552410125732,3.253453016281128,2.8021240234375,0.8638507723808289,-0.024199122563004494
7.355766296386719,7.581192493438721,8.045677185058594,8.539612770080566,8.551766395568848,8.051957130432129,7.793323516845703,7.981295585632324,8.929594039916992,10.251012802124023,11.227561950683594,11.69976806640625,12.352534294128418,13.300712585449219,13.994889259338379,14.311227798461914,14.35193157196045,14.031051635742188,13.563135147094727,12.772214889526367,12.203692436218262,11.941025733947754,11.937934875488281,11.517268180847168,11.38952922821045,10.881735801696777,9.889562606811523,9.630831718444824,9.881821632385254,10.250956535339355,10.750725746154785,10.904632568359375,10.868501663208008,10.262361526489258,9.540623664855957,7.218146324157715,2.5495665073394775,2.5942323207855225,3.271901845932007,3.118539810180664,2.168445348739624,-0.18396995961666107,-2.03482985496521
10.195813179016113,10.248468399047852,10.4586820602417,10.787338256835938,10.620341300964355,10.244205474853516,10.079571723937988,10.106548309326172,10.460649490356445,11.800740242004395,12.993276596069336,13.08242130279541,13.414222717285156,14.141554832458496,15.014768600463867,15.571759223937988,15.75317668914795,15.616476058959961,15.202359199523926,14.657914161682129,14.196843147277832,13.820262908935547,13.760978698730469,14.230416297912598,14.193985939025879,13.387458801269531,12.008577346801758,11.150569915771484,11.159316062927246,11.480697631835938,11.826329231262207,11.81173038482666,11.820286750793457,12.111577033996582,12.16736125946045,11.123766899108887,8.837916374206543,5.926181316375732,4.642342567443848,3.5339744091033936,1.9310311079025269,-0.4738915264606476,-2.0875940322875977
12.506534576416016,12.607556343078613,12.817015647888184,13.128576278686523,12.885076522827148,12.607403755187988,12.516870498657227,12.711512565612793,13.045433044433594,13.904626846313477,15.018421173095703,15.337081909179688,15.466230392456055,15.820429801940918,16.17615509033203,16.676532745361328,17.00017547607422,16.961896896362305,16.659181594848633,16.333642959594727,16.172039031982422,15.9765043258667,16.08296775817871,15.977134704589844,16.25804901123047,16.14209747314453,14.775434494018555,13.465850830078125,12.81237506866455,12.84573745727539,13.356315612792969,13.388184547424316,12.612719535827637,12.2811918258667,12.144489288330078,12.26064395904541,10.971577644348145,8.559237480163574,6.652012825012207,4.567404747009277,2.7119736671447754,-0.4103371202945709,-3.0752146244049072
13.89896297454834,14.117013931274414,14.343061447143555,14.525867462158203,14.307454109191895,13.657342910766602,13.436426162719727,13.75489330291748,14.285436630249023,15.045961380004883,16.207664489746094,17.197742462158203,17.69853973388672,17.942516326904297,17.805782318115234,17.58759880065918,17.61422348022461,17.658161163330078,17.63191795349121,17.59134292602539,17.5980167388916,17.654909133911133,18.077157974243164,18.1676082611084,17.428112030029297,18.151575088500977,17.595691680908203,16.339134216308594,15.10291576385498,14.347326278686523,14.610406875610352,14.941043853759766,14.35966968536377,13.703293800354004,13.54942798614502,12.915593147277832,10.605525016784668,8.642459869384766,7.584096431732178,4.729371070861816,2.938718557357788,1.885685920715332,-1.8315062522888184
11.766427993774414,12.291105270385742,12.679692268371582,13.011577606201172,12.92386531829834,11.919509887695312,11.73936653137207,11.967595100402832,12.063004493713379,13.085862159729004,15.132115364074707,16.95514678955078,18.062196731567383,18.600122451782227,18.148639678955078,16.551374435424805,15.632954597473145,16.001644134521484,16.76032066345215,17.444433212280273,18.062936782836914,18.480018615722656,19.011198043823242,19.677345275878906,19.006845474243164,19.22933578491211,19.720439910888672,18.890945434570312,17.388212203979492,15.908621788024902,15.847651481628418,16.42173957824707,16.08325958251953,15.345952033996582,14.99050521850586,13.990202903747559,10.554035186767578,8.34105396270752,7.787553310394287,5.743544101715088,3.8136215209960938,2.7103111743927,0.21093131601810455
6.820873260498047,7.675313949584961,8.204282760620117,8.176594734191895,7.506014823913574,6.6548686027526855,6.852236270904541,7.496364116668701,8.01332950592041,9.256757736206055,11.453817367553711,13.668758392333984,14.855932235717773,15.106683731079102,14.745895385742188,13.527353286743164,12.52672004699707,12.826891899108887,13.99596118927002,15.607144355773926,17.195974349975586,18.27727699279785,19.07254981994629,20.21074676513672,20.762880325317383,19.891111373901367,20.76943016052246,20.72882652282715,19.531742095947266,17.707075119018555,17.102758407592773,17.579437255859375,17.328861236572266,16.649553298950195,16.23904037475586,15.168795585632324,11.376399993896484,8.111518859863281,7.925851821899414,8.436307907104492,6.583276271820068,1.7092609405517578,-0.7521094083786011
2.180744171142578,1.7568086385726929,1.6202709674835205,1.705244779586792,1.303561806678772,1.0828157663345337,1.695940375328064,3.1790990829467773,4.920188903808594,6.68649959564209,8.377911567687988,9.741961479187012,10.56571102142334,10.913744926452637,10.348682403564453,9.757316589355469,10.022425651550293,10.669807434082031,11.50742244720459,13.09203815460205,15.506900787353516,17.275529861450195,18.287403106689453,19.917442321777344,21.346567153930664,19.92143440246582,19.46493148803711,20.95880126953125,21.148143768310547,19.843647003173828,18.665748596191406,18.19078254699707,17.72492790222168,17.180505752563477,16.744911193847656,16.020204544067383,12.177404403686523,8.060272216796875,7.764029502868652,8.382030487060547,7.275416374206543,3.7525532245635986,-0.03027956560254097
-3.976496458053589,-5.170421123504639,-3.8876755237579346,-2.7129855155944824,-2.8415889739990234,-2.5581400394439697,-1.5780527591705322,0.026095887646079063,1.8128786087036133,3.5771470069885254,4.9077277183532715,6.03133487701416,6.7293243408203125,6.968925952911377,6.45193338394165,5.575385093688965,5.9564313888549805,7.74545955657959,9.603842735290527,10.890377044677734,13.074331283569336,15.587480545043945,17.006624221801758,18.647722244262695,20.517475128173828,19.18045425415039,15.021522521972656,16.255786895751953,19.872295379638672,20.267120361328125,19.097740173339844,18.027236938476562,17.359535217285156,16.762773513793945,16.53716468811035,16.369056701660156,12.74032974243164,8.264158248901367,7.745972633361816,8.160057067871094,7.63406229019165,4.575822353363037,1.0086835622787476
-4.525864124298096,-4.930501937866211,-3.467789649963379,-3.2136526107788086,-3.755335569381714,-3.872818946838379,-3.01379132270813,-1.4968748092651367,0.17906132340431213,1.9490941762924194,3.849907636642456,5.405123233795166,5.9446234703063965,5.473821640014648,4.345118999481201,3.245368003845215,3.2394323348999023,4.420924186706543,6.339051723480225,8.153251647949219,10.36142635345459,12.821608543395996,15.109989166259766,17.921316146850586,20.47572135925293,19.418081283569336,16.790563583374023,16.54444122314453,16.9805850982666,18.16158676147461,17.884485244750977,16.97447967529297,17.016517639160156,15.813838005065918,16.15163230895996,15.812663078308105,11.900961875915527,8.051751136779785,7.52722692489624,8.253878593444824,8.006086349487305,5.74532413482666,3.8584468364715576
1.7101842164993286,2.405534029006958,1.351737141609192,-0.6955551505088806,-1.799959659576416,-2.211026430130005,-1.8566980361938477,-0.6809967756271362,0.8158673048019409,2.6793923377990723,4.898690223693848,6.704390525817871,7.6111931800842285,7.211173057556152,6.049243927001953,4.504032611846924,3.7669293880462646,4.129858493804932,5.092418193817139,6.5170159339904785,8.26065731048584,9.920817375183105,11.6002779006958,15.73054313659668,20.477209091186523,20.31499481201172,15.846528053283691,15.219932556152344,18.5435733795166,19.96148109436035,18.38444709777832,17.460216522216797,16.822750091552734,15.532752990722656,15.667061805725098,13.558465003967285,9.685344696044922,7.499528884887695,7.536610126495361,8.630476951599121,8.853729248046875,7.196017265319824,4.984656810760498
4.0797858238220215,6.741827964782715,7.028435230255127,3.4129257202148438,1.428372859954834,0.8398281335830688,0.995432436466217,1.70445716381073,2.684680223464966,3.9120852947235107,5.4084248542785645,6.752598762512207,7.648250102996826,8.007925033569336,7.735733509063721,6.542374134063721,4.66388463973999,4.083116054534912,4.35115385055542,5.496222496032715,6.8741044998168945,7.951809406280518,8.697111129760742,12.02408504486084,17.429906845092773,19.547300338745117,17.669496536254883,16.034011840820312,16.93525505065918,18.10371208190918,18.10751724243164,18.07942771911621,16.559412002563477,15.780098915100098,13.944452285766602,9.816309928894043,7.26140022277832,7.156822681427002,8.067115783691406,9.220535278320312,9.784597396850586,8.910120010375977,5.060840606689453
6.518278121948242,8.11864185333252,9.623919486999512,6.524620532989502,3.2098758220672607,2.1909453868865967,2.019860029220581,2.374826192855835,3.137418031692505,4.113611698150635,5.127058982849121,6.051342487335205,6.951393127441406,8.017093658447266,8.723038673400879,8.723825454711914,6.633404731750488,4.37265682220459,3.997927665710449,5.051496982574463,6.699483871459961,8.346397399902344,9.776927947998047,10.415671348571777,12.427003860473633,15.558682441711426,16.773090362548828,16.40028953552246,15.862431526184082,15.98873233795166,16.781652450561523,17.0562801361084,16.390853881835938,14.778429985046387,10.858585357666016,6.672665119171143,5.166242599487305,6.346724033355713,8.509946823120117,9.981305122375488,10.392677307128906,9.993535995483398,4.891650199890137
9.498912811279297,11.088534355163574,12.324506759643555,8.994258880615234,4.553843021392822,2.0627355575561523,0.3313679099082947,-0.10360847413539886,0.4985837936401367,1.6562873125076294,2.931459903717041,4.211352825164795,5.645801067352295,7.490929126739502,9.123621940612793,10.042405128479004,9.627998352050781,5.8102593421936035,4.367426872253418,5.873523235321045,8.029764175415039,9.63841724395752,11.030097961425781,11.812698364257812,11.877252578735352,12.881978034973145,14.685659408569336,15.485750198364258,15.572093963623047,15.802227973937988,15.858776092529297,15.517536163330078,15.1115140914917,13.043864250183105,7.940290927886963,4.770087718963623,4.674226760864258,6.249088287353516,9.504819869995117,11.242097854614258,11.584527015686035,10.107553482055664,4.4131340980529785
