data/wind_data/wind_55_9.json
{"header": {"parameterUnit": "KT", "parameterCategory": 2, "nx": 256, "ny": 198, "lo1": 44.73521041870117, "la1": -3.236724853515625, "lo2": 111.26478576660156, "la2": 43.468475341796875, "dx": 0.2609002888202667, "dy": -0.23708222806453705, "refTime": "2025-02-21 07:00:00", "forecastTime": 0, "parameterNumber": 2, "parameterNumberName": "eastward_wind"}, "data":
[rows 20 to 39 of 198, columns 86 to 128 of 256]
22.48197364807129,21.54303550720215,19.90619468688965,18.27155113220215,17.48296356201172,17.453105926513672,17.817501068115234,18.023109436035156,18.1133975982666,18.571218490600586,18.592609405517578,17.827510833740234,17.723400115966797,18.902620315551758,20.28766632080078,21.308988571166992,22.254344940185547,23.478004455566406,24.405080795288086,23.524259567260742,22.26311683654785,21.746360778808594,20.907371520996094,20.4964542388916,21.397768020629883,21.87146759033203,21.94313621520996,21.83755111694336,22.204912185668945,21.98324966430664,22.162965774536133,21.8924503326416,22.63084602355957,24.78879165649414,25.582571029663086,23.546709060668945,21.859188079833984,20.71870994567871,21.697669982910156,22.25104522705078,23.29891014099121,22.775728225708008,20.86417007446289
23.829965591430664,23.197893142700195,21.99248695373535,20.605051040649414,19.65913963317871,19.391796112060547,19.46636962890625,19.529569625854492,19.524457931518555,19.59453582763672,19.60888671875,18.99279022216797,18.018207550048828,18.06452751159668,19.66657257080078,21.654481887817383,22.812421798706055,22.9317626953125,22.87590789794922,22.688949584960938,22.312889099121094,22.40701675415039,21.981185913085938,21.203062057495117,21.340476989746094,22.60000228881836,23.54880714416504,23.323596954345703,23.024276733398438,22.77652359008789,23.3055362701416,23.66741371154785,24.290197372436523,25.91183853149414,26.890953063964844,25.366321563720703,22.936803817749023,21.880231857299805,22.937299728393555,22.515710830688477,22.921550750732422,23.815059661865234,23.001977920532227
24.172607421875,23.808969497680664,22.995237350463867,22.04292869567871,21.41098403930664,21.260488510131836,21.31182098388672,21.499067306518555,21.551464080810547,20.98908233642578,20.467941284179688,20.009187698364258,19.4178466796875,19.30118179321289,20.611141204833984,22.72286605834961,23.908111572265625,23.361719131469727,22.53825569152832,22.948524475097656,23.827404022216797,24.2197208404541,23.455774307250977,22.162145614624023,21.785587310791016,23.37784194946289,25.60673713684082,25.68651580810547,24.167375564575195,23.222057342529297,23.66034507751465,24.839487075805664,25.92901039123535,26.684972763061523,27.040666580200195,25.901025772094727,24.39183235168457,23.140209197998047,23.362207412719727,23.195865631103516,22.66602325439453,23.339004516601562,23.83428382873535
23.67544174194336,23.441286087036133,22.741043090820312,22.22173309326172,22.217676162719727,22.4544734954834,22.639158248901367,22.729902267456055,22.56821060180664,21.88134002685547,21.180055618286133,20.956159591674805,21.231237411499023,21.797122955322266,22.72471046447754,23.875816345214844,24.443729400634766,23.800779342651367,23.037946701049805,23.85909080505371,25.557220458984375,26.133317947387695,25.044879913330078,23.186107635498047,22.518512725830078,24.063539505004883,26.45130729675293,26.844289779663086,24.85219383239746,23.51546287536621,23.757081985473633,24.9794979095459,26.39731216430664,26.91043472290039,26.50636100769043,26.130104064941406,25.35352897644043,24.447586059570312,23.808273315429688,23.357786178588867,22.577369689941406,22.67306900024414,23.750505447387695
22.47157859802246,22.24143409729004,21.644411087036133,21.585081100463867,22.123899459838867,22.69342613220215,22.87487030029297,22.815460205078125,22.748472213745117,22.593292236328125,22.20105743408203,21.974210739135742,22.58687973022461,23.62018585205078,24.252687454223633,24.448322296142578,24.44451332092285,24.310699462890625,24.16514015197754,24.787805557250977,26.109756469726562,26.583892822265625,25.71238899230957,24.137361526489258,23.328996658325195,24.263343811035156,25.867645263671875,26.170204162597656,24.522228240966797,23.476099014282227,23.824932098388672,24.827116012573242,26.162052154541016,27.288227081298828,26.934040069580078,26.192140579223633,25.770437240600586,25.09626007080078,23.963167190551758,23.206819534301758,22.816564559936523,22.88499641418457,23.790578842163086
21.136104583740234,20.999122619628906,20.62003517150879,20.627370834350586,21.263835906982422,21.995752334594727,22.232946395874023,22.299108505249023,22.595712661743164,23.096975326538086,23.31243896484375,23.288938522338867,23.567346572875977,24.122133255004883,24.551401138305664,24.602712631225586,24.548606872558594,24.700897216796875,24.871986389160156,25.121572494506836,25.5952205657959,25.857332229614258,25.40434455871582,24.54791259765625,24.09545135498047,24.496206283569336,25.2200870513916,25.172969818115234,24.06928062438965,23.47794532775879,23.812660217285156,24.493701934814453,25.667362213134766,27.73662567138672,28.246238708496094,26.58177375793457,25.69289207458496,25.36020278930664,24.4793758392334,23.233318328857422,23.144628524780273,23.39011001586914,23.840715408325195
20.41579818725586,20.251842498779297,20.0454158782959,19.773895263671875,19.995880126953125,20.63457489013672,21.261795043945312,21.724267959594727,22.316747665405273,23.192577362060547,24.04029655456543,24.440473556518555,24.358684539794922,24.20882797241211,24.408525466918945,24.821243286132812,24.92975425720215,24.688512802124023,24.393455505371094,24.31376838684082,24.713191986083984,25.28885269165039,25.314834594726562,24.831096649169922,24.587060928344727,24.84351921081543,25.17627716064453,24.751728057861328,23.787553787231445,23.453174591064453,24.042911529541016,24.699316024780273,25.665483474731445,27.775169372558594,29.271484375,27.978717803955078,26.123729705810547,25.618703842163086,25.394649505615234,24.130542755126953,23.9898624420166,24.556737899780273,24.312395095825195
20.248212814331055,20.156991958618164,19.99165916442871,19.443313598632812,19.026138305664062,19.329286575317383,20.226022720336914,21.206640243530273,22.03373908996582,22.910343170166016,23.92595672607422,24.655067443847656,24.675647735595703,24.392974853515625,24.52398109436035,25.13039207458496,25.41919708251953,24.837814331054688,23.82414436340332,23.417863845825195,24.035337448120117,25.02557373046875,25.438636779785156,25.071470260620117,24.673282623291016,24.807693481445312,25.168323516845703,24.779966354370117,23.74456024169922,23.37724494934082,24.464675903320312,26.01766014099121,27.003673553466797,28.124347686767578,29.277877807617188,29.047637939453125,27.572843551635742,26.878772735595703,26.766666412353516,25.71116065979004,25.405261993408203,25.78620147705078,24.887126922607422
20.441165924072266,20.537019729614258,20.53334617614746,19.900287628173828,18.99580192565918,18.6959171295166,19.325645446777344,20.390180587768555,21.26485824584961,22.011520385742188,22.880355834960938,23.698041915893555,24.219572067260742,24.410263061523438,24.707271575927734,25.269845962524414,25.597719192504883,25.15968894958496,24.058759689331055,23.36748695373535,23.720426559448242,24.574289321899414,25.086406707763672,24.89548683166504,24.334938049316406,24.259565353393555,24.918489456176758,25.114601135253906,24.088157653808594,23.621042251586914,24.940351486206055,27.213857650756836,28.686981201171875,29.113061904907227,29.4276123046875,29.394058227539062,29.07148551940918,29.00462532043457,28.780916213989258,27.609241485595703,26.824935913085938,26.6152400970459,25.44028091430664
20.80754852294922,20.867107391357422,20.941328048706055,20.444578170776367,19.393800735473633,18.593942642211914,18.60155487060547,19.13485336303711,19.73335075378418,20.270591735839844,21.01912498474121,22.049579620361328,23.09967041015625,23.88390350341797,24.389799118041992,24.81190299987793,25.045713424682617,24.925199508666992,24.38514518737793,23.871084213256836,23.868314743041992,24.210790634155273,24.438241958618164,24.2880916595459,23.789037704467773,23.752487182617188,24.715961456298828,25.613391876220703,25.132858276367188,24.574506759643555,25.517446517944336,27.510730743408203,29.20991325378418,29.81106185913086,29.892730712890625,29.79690933227539,29.862350463867188,30.18798828125,29.882802963256836,28.527503967285156,27.15549659729004,26.59371566772461,26.169782638549805
20.806636810302734,20.38671875,20.405183792114258,20.296783447265625,19.618484497070312,18.718841552734375,18.081790924072266,17.842388153076172,17.928041458129883,18.291353225708008,19.01116943359375,20.134387969970703,21.45359992980957,22.56493377685547,23.268789291381836,23.614791870117188,23.830793380737305,24.002296447753906,24.073734283447266,23.97319793701172,23.931631088256836,24.027969360351562,24.053518295288086,23.895057678222656,23.758811950683594,24.11105728149414,25.10920524597168,26.125774383544922,26.344091415405273,26.11178970336914,26.37356185913086,27.450407028198242,28.815683364868164,29.817428588867188,30.097339630126953,29.81754493713379,29.29647445678711,29.106204986572266,29.003765106201172,28.141822814941406,26.66139030456543,25.86162567138672,26.586000442504883
20.37087059020996,19.551443099975586,19.375003814697266,19.551651000976562,19.483978271484375,18.881879806518555,17.930782318115234,16.96236228942871,16.405210494995117,16.562877655029297,17.339948654174805,18.454622268676758,19.680482864379883,20.775360107421875,21.532018661499023,21.930212020874023,22.332195281982422,22.909475326538086,23.392080307006836,23.57450294494629,23.71507453918457,23.970558166503906,24.214567184448242,24.34391212463379,24.63697052001953,25.27602195739746,25.99253273010254,26.603443145751953,27.021772384643555,27.17597198486328,27.24015235900879,27.61737823486328,28.469655990600586,29.484113693237305,29.9755916595459,29.454792022705078,28.251262664794922,27.335952758789062,27.447370529174805,27.497888565063477,26.489412307739258,25.652956008911133,26.52275848388672
19.9064884185791,19.104639053344727,18.797855377197266,18.92288589477539,19.04293441772461,18.618864059448242,17.630895614624023,16.410404205322266,15.465618133544922,15.265843391418457,15.890862464904785,16.923288345336914,17.96882438659668,18.975358963012695,19.793134689331055,20.461946487426758,21.271970748901367,22.255006790161133,23.079713821411133,23.465545654296875,23.578432083129883,23.867687225341797,24.415557861328125,24.955501556396484,25.605440139770508,26.30145263671875,26.783239364624023,27.08599281311035,27.408231735229492,27.602893829345703,27.597612380981445,27.595773696899414,28.104543685913086,28.930389404296875,29.39777946472168,28.90463638305664,27.63646125793457,26.423538208007812,26.214059829711914,26.70244026184082,26.796640396118164,26.56147003173828,26.730735778808594
19.529367446899414,18.96996307373047,18.629831314086914,18.48274040222168,18.383155822753906,18.024795532226562,17.23954963684082,16.05872917175293,14.839171409606934,14.238253593444824,14.535622596740723,15.403404235839844,16.433834075927734,17.522890090942383,18.57724952697754,19.61420440673828,20.781389236450195,22.006710052490234,23.07647132873535,23.567686080932617,23.555633544921875,23.71076011657715,24.320037841796875,25.144948959350586,25.830339431762695,26.309551239013672,26.710006713867188,27.214380264282227,27.547103881835938,27.395469665527344,27.05329704284668,27.069011688232422,27.58643341064453,28.086721420288086,28.258323669433594,28.038236618041992,27.163267135620117,26.026113510131836,25.240175247192383,25.42003059387207,26.45113182067871,27.2729434967041,27.32996940612793
18.966426849365234,18.641273498535156,18.32111930847168,18.032442092895508,17.788856506347656,17.494352340698242,16.94304656982422,15.990140914916992,14.727409362792969,13.805925369262695,13.771678924560547,14.457805633544922,15.49810791015625,16.653438568115234,17.91303062438965,19.128389358520508,20.361310958862305,21.690025329589844,23.06547737121582,23.866239547729492,23.89289665222168,23.757137298583984,24.105192184448242,24.790103912353516,25.295982360839844,25.449548721313477,25.755361557006836,26.333003997802734,26.61544418334961,26.377798080444336,26.22779655456543,26.65615463256836,27.050640106201172,27.003570556640625,27.02057456970215,27.176610946655273,26.984189987182617,26.18581199645996,24.96562385559082,24.30093002319336,25.151691436767578,26.59526824951172,27.332332611083984
18.04458999633789,17.92076301574707,17.649137496948242,17.327672958374023,17.033302307128906,16.899343490600586,16.80836296081543,16.378711700439453,15.531394004821777,14.597207069396973,14.208593368530273,14.498790740966797,15.271782875061035,16.46184539794922,17.812232971191406,19.070180892944336,20.183435440063477,21.32160758972168,22.743675231933594,23.984689712524414,24.29486083984375,23.88123893737793,23.663066864013672,23.968721389770508,24.334150314331055,24.288225173950195,24.29610252380371,24.779102325439453,25.33378028869629,25.61269187927246,25.815776824951172,25.895498275756836,25.599855422973633,25.41031265258789,25.86177635192871,26.393817901611328,26.868610382080078,26.338085174560547,25.27207374572754,24.494422912597656,24.436233520507812,25.353681564331055,26.245540618896484
17.16387939453125,17.004100799560547,16.771350860595703,16.400209426879883,15.988045692443848,15.909263610839844,16.283077239990234,16.65030860900879,16.59504508972168,16.086950302124023,15.633091926574707,15.487916946411133,15.849132537841797,16.786205291748047,18.16291046142578,19.552597045898438,20.64046287536621,21.225664138793945,22.088972091674805,23.26215362548828,23.72810935974121,23.38735580444336,22.918373107910156,23.02359390258789,23.27262306213379,23.167604446411133,22.917001724243164,23.27443504333496,24.115564346313477,24.690458297729492,24.788118362426758,24.350561141967773,23.86361312866211,23.837881088256836,24.553998947143555,25.34115219116211,25.900442123413086,25.73179054260254,24.8095760345459,24.336517333984375,24.041025161743164,24.229732513427734,24.718997955322266
16.592172622680664,16.289825439453125,15.985953330993652,15.44642448425293,14.784928321838379,14.547181129455566,15.084217071533203,16.065261840820312,16.826780319213867,16.987056732177734,16.74323081970215,16.519649505615234,16.70138168334961,17.220998764038086,18.311800003051758,19.784770965576172,20.820920944213867,21.09217071533203,21.36787986755371,22.023508071899414,22.437070846557617,22.20571517944336,21.71139907836914,21.68380355834961,21.937288284301758,21.924243927001953,21.671018600463867,21.748546600341797,22.402944564819336,22.86924934387207,23.168352127075195,23.15594482421875,22.88822364807129,22.628280639648438,22.783842086791992,23.499799728393555,23.80582046508789,23.941823959350586,23.68562126159668,23.222652435302734,22.961889266967773,23.001323699951172,23.231796264648438
16.421205520629883,16.04697608947754,15.562762260437012,14.753735542297363,13.699915885925293,13.095190048217773,13.51356029510498,14.676994323730469,15.866815567016602,16.499584197998047,16.64558982849121,16.732738494873047,16.910898208618164,17.249780654907227,17.96491050720215,19.290271759033203,20.461782455444336,21.016748428344727,21.08541488647461,21.13532066345215,20.878665924072266,20.391748428344727,19.938392639160156,19.906394958496094,20.266658782958984,20.513999938964844,20.413816452026367,20.32149314880371,20.84705924987793,21.4847469329834,22.067541122436523,22.438459396362305,22.069610595703125,21.63109016418457,21.165559768676758,21.22450828552246,21.348430633544922,21.723691940307617,21.921409606933594,22.214153289794922,22.417768478393555,22.33353042602539,22.09099006652832
16.24856948852539,16.120759963989258,15.53281021118164,14.63081169128418,13.423075675964355,12.45476245880127,12.44776725769043,13.40316104888916,14.591157913208008,15.485037803649902,15.937104225158691,16.30744171142578,16.676427841186523,17.147666931152344,17.763870239257812,18.73044204711914,19.799861907958984,20.441381454467773,20.491621017456055,20.25968360900879,19.698348999023438,18.858182907104492,18.2632999420166,18.289426803588867,18.854246139526367,19.122739791870117,19.085229873657227,19.102100372314453,19.63829231262207,20.70173454284668,21.440113067626953,21.637226104736328,21.11609649658203,20.346920013427734,19.57790756225586,19.378549575805664,19.029211044311523,19.56582260131836,19.77593421936035,20.394723892211914,21.472036361694336,22.032148361206055,21.550081253051758
