data/wind_data/wind_59_4.json
{"header": {"parameterUnit": "KT", "parameterCategory": 2, "nx": 256, "ny": 198, "lo1": 44.73521041870117, "la1": -3.236724853515625, "lo2": 111.26478576660156, "la2": 43.468475341796875, "dx": 0.2609002888202667, "dy": -0.23708222806453705, "refTime": "2025-02-21 11:00:00", "forecastTime": 0, "parameterNumber": 2, "parameterNumberName": "eastward_wind"}, "data":
[rows 57 to 75 of 198, columns 176 to 219 of 256]
-1.9083317518234253,-0.9091368317604065,-0.49239328503608704,-0.6814786195755005,-1.4764173030853271,-2.2864718437194824,-2.0703279972076416,-1.3986058235168457,-1.6205964088439941,-2.3901846408843994,-2.349703550338745,-1.8586398363113403,-2.5118677616119385,-3.67039155960083,-4.335320472717285,-4.612707614898682,-4.737027645111084,-5.15879487991333,-6.042288303375244,-6.527356147766113,-6.7382493019104,-7.116234302520752,-7.506709575653076,-7.870793342590332,-8.52164363861084,-8.911087989807129,-9.251446723937988,-9.988646507263184,-10.335661888122559,-9.42886734008789,-9.228710174560547,-11.19461441040039,-12.288662910461426,-10.751505851745605,-10.14174747467041,-10.596261978149414,-9.752960205078125,-9.064315795898438,-8.855417251586914,-9.215551376342773,-9.680827140808105,-9.872244834899902,-9.358790397644043,-8.90565299987793
-2.6503186225891113,-1.618394374847412,-0.8072277903556824,-0.2287948727607727,-0.19900764524936676,-1.0984975099563599,-1.8081108331680298,-1.2601088285446167,-0.8165375590324402,-1.630677342414856,-1.978877305984497,-2.1316943168640137,-2.866669178009033,-3.6635332107543945,-3.9770498275756836,-3.8383986949920654,-3.786545991897583,-4.64059591293335,-5.986279487609863,-6.663163661956787,-6.6424665451049805,-6.738408088684082,-7.078395366668701,-7.286916732788086,-7.622743129730225,-8.075024604797363,-8.704483985900879,-9.789899826049805,-9.941802978515625,-8.235427856445312,-7.473811626434326,-9.761555671691895,-11.622992515563965,-10.02363109588623,-9.112386703491211,-9.529013633728027,-9.085705757141113,-8.734784126281738,-8.27784538269043,-8.660240173339844,-9.00648307800293,-8.835587501525879,-8.345893859863281,-8.335391998291016
-3.2443809509277344,-2.6221871376037598,-1.7560644149780273,-0.9255875945091248,-0.25667935609817505,-0.42816436290740967,-1.2927395105361938,-1.1296331882476807,-0.5515932440757751,-1.0028491020202637,-1.6175414323806763,-2.0371696949005127,-2.8410303592681885,-3.395711660385132,-3.8052592277526855,-3.3886473178863525,-3.3783702850341797,-4.284569263458252,-5.798723220825195,-6.833603382110596,-7.001175880432129,-6.998140335083008,-7.099374294281006,-7.098968982696533,-7.388781547546387,-7.720226287841797,-7.783431529998779,-8.164979934692383,-8.62243366241455,-7.668103218078613,-6.767196178436279,-8.844621658325195,-10.425312995910645,-8.771953582763672,-8.332934379577637,-8.228896141052246,-8.283929824829102,-8.228015899658203,-7.482874870300293,-7.5803937911987305,-7.836898326873779,-7.858914852142334,-7.736330032348633,-7.668028354644775
-3.291646957397461,-3.153871536254883,-2.5941100120544434,-1.8593428134918213,-0.9271775484085083,-0.18649086356163025,-0.6312978863716125,-1.2593098878860474,-1.1681652069091797,-1.1157276630401611,-1.4351632595062256,-1.6168462038040161,-2.111049175262451,-2.798117160797119,-3.4888296127319336,-3.7119762897491455,-3.739513874053955,-4.233216762542725,-5.39075231552124,-6.700221061706543,-7.342273712158203,-7.208688735961914,-7.12941837310791,-7.3306379318237305,-7.554230213165283,-7.35471773147583,-6.989702224731445,-7.0037970542907715,-7.25545072555542,-6.175822734832764,-5.528746604919434,-8.000967025756836,-8.910137176513672,-7.0478949546813965,-7.387130260467529,-7.030033111572266,-7.547685146331787,-7.72512674331665,-6.614443778991699,-6.577767848968506,-7.011726379394531,-7.073566913604736,-6.805484771728516,-5.800282955169678
-3.1703639030456543,-3.2614376544952393,-3.009282112121582,-2.4616756439208984,-1.7138227224349976,-0.7498806715011597,-0.4105217158794403,-0.847914457321167,-1.3261651992797852,-1.7777982950210571,-1.7337710857391357,-1.1982094049453735,-1.3670064210891724,-2.2147536277770996,-3.1069846153259277,-3.9592642784118652,-4.39933443069458,-4.6950578689575195,-5.258193492889404,-6.096525192260742,-6.641071319580078,-6.527369022369385,-6.220470905303955,-6.301150321960449,-6.539048194885254,-6.146676063537598,-5.6438751220703125,-5.731312274932861,-6.073826789855957,-5.527646541595459,-4.823513031005859,-6.909125804901123,-6.700573444366455,-5.396845817565918,-5.81085205078125,-5.629113674163818,-6.363039016723633,-6.761179447174072,-5.644872665405273,-5.39711856842041,-5.9481329917907715,-5.541655540466309,-4.3106865882873535,-4.2210001945495605
-3.0420076847076416,-3.0315470695495605,-2.8507814407348633,-2.4671599864959717,-1.9154809713363647,-1.1918237209320068,-0.6378428339958191,-0.6800710558891296,-0.8395246863365173,-1.5002788305282593,-2.2420647144317627,-1.653363823890686,-1.171651005744934,-1.9280483722686768,-2.9042916297912598,-3.925924777984619,-4.476213455200195,-4.483010768890381,-4.648433685302734,-5.150283336639404,-5.277101039886475,-4.940519332885742,-4.836390495300293,-4.809008598327637,-4.856799602508545,-4.5488386154174805,-3.9284114837646484,-4.090558052062988,-4.653943061828613,-4.0933661460876465,-3.076719284057617,-4.664107799530029,-4.5327348709106445,-3.554640054702759,-3.926226854324341,-3.954082727432251,-5.044439792633057,-5.470738887786865,-4.409411907196045,-2.85518741607666,-3.4437263011932373,-3.7668068408966064,-2.96942400932312,-4.728001117706299
-2.7894675731658936,-2.694272518157959,-2.488851547241211,-2.1955132484436035,-1.869012713432312,-1.3500056266784668,-0.6433454155921936,-0.46495503187179565,-0.7727712392807007,-0.9153687953948975,-1.917771339416504,-2.322293758392334,-1.3727916479110718,-1.6781479120254517,-2.908496379852295,-3.821796417236328,-4.170680522918701,-3.630072832107544,-3.0700647830963135,-3.258115291595459,-3.3283801078796387,-2.94840931892395,-3.078470468521118,-3.3388941287994385,-3.4629478454589844,-3.24993896484375,-2.8395445346832275,-2.9426376819610596,-2.9967637062072754,-2.2202539443969727,-1.4076547622680664,-1.7898199558258057,-2.1926097869873047,-1.901258111000061,-2.154024124145508,-2.59606671333313,-3.6849753856658936,-3.6396937370300293,-1.6675132513046265,1.002941370010376,-2.138914108276367,-4.779806613922119,-5.212552547454834,-5.7572197914123535
-2.119995355606079,-2.131046772003174,-2.102281093597412,-1.9170171022415161,-1.7144933938980103,-1.538774847984314,-1.057907223701477,-0.563534140586853,-0.5829033851623535,-0.7997047305107117,-1.4476940631866455,-2.2334742546081543,-1.8419090509414673,-1.6038529872894287,-2.494903802871704,-3.4937329292297363,-3.792957305908203,-3.1935269832611084,-2.247809648513794,-1.854167103767395,-1.5556039810180664,-1.4855530261993408,-1.8702176809310913,-2.332933187484741,-2.579871892929077,-2.4576468467712402,-2.497973680496216,-2.759399175643921,-2.2483856678009033,-0.775743842124939,0.2974375784397125,0.1319989114999771,-0.4972904324531555,-1.0921666622161865,-1.1112680435180664,-1.6726737022399902,-2.2667291164398193,-1.350485920906067,1.4453140497207642,1.2634559869766235,-3.975104808807373,-6.7417521476745605,-7.314366817474365,-6.351564407348633
-1.0730574131011963,-1.293511152267456,-1.57917320728302,-1.66199791431427,-1.470302939414978,-1.320863962173462,-1.2070417404174805,-0.8922942876815796,-0.6266963481903076,-0.7013463973999023,-1.2102173566818237,-1.7658424377441406,-1.9663362503051758,-2.159062385559082,-2.475602865219116,-3.0109968185424805,-3.331345558166504,-3.038059949874878,-2.2990965843200684,-1.7624074220657349,-1.1848735809326172,-0.9189260005950928,-1.5644923448562622,-2.28658390045166,-2.380103588104248,-2.1884658336639404,-2.361531972885132,-2.651327133178711,-2.10349702835083,-0.25446197390556335,1.547683835029602,1.1052486896514893,-0.36654433608055115,-0.9349059462547302,-0.2627803087234497,-0.3566263020038605,-1.107486367225647,-0.15709470212459564,1.261151909828186,-2.0233471393585205,-6.139738082885742,-7.481454849243164,-7.754077434539795,-6.807003498077393
0.045593276619911194,-0.25686728954315186,-0.7471363544464111,-1.1798148155212402,-1.2068132162094116,-0.9192816019058228,-0.7565357089042664,-0.7615453004837036,-0.692803144454956,-0.6900421977043152,-1.003972053527832,-1.2914403676986694,-1.5106090307235718,-2.2062954902648926,-3.034628391265869,-3.3333206176757812,-3.3127620220184326,-3.032259464263916,-2.47872257232666,-1.7973823547363281,-1.0743359327316284,-0.7111822366714478,-1.2067852020263672,-2.2375617027282715,-2.5241448879241943,-1.9651027917861938,-1.7045563459396362,-1.9529752731323242,-1.7017523050308228,0.44128745794296265,1.9166178703308105,0.4902570843696594,-1.4218940734863281,-0.7178864479064941,0.597078800201416,1.1985565423965454,0.5687879920005798,0.36548665165901184,-0.31258052587509155,-4.255061626434326,-6.891134738922119,-7.12524938583374,-6.894187927246094,-6.077423095703125
1.1740401983261108,0.8311337828636169,0.3231101632118225,-0.25432467460632324,-0.6430796384811401,-0.5561992526054382,-0.26441991329193115,-0.3102673888206482,-0.5882548093795776,-0.7235197424888611,-0.7964590787887573,-0.9271150827407837,-1.1596416234970093,-1.6823714971542358,-2.7004899978637695,-3.551853895187378,-3.7573933601379395,-3.3861794471740723,-2.7057621479034424,-1.9524714946746826,-1.0652809143066406,-0.36758020520210266,-0.36766138672828674,-0.8011754751205444,-1.466877818107605,-1.6068904399871826,-1.0010044574737549,-0.2578359544277191,0.057554759085178375,1.0409550666809082,1.7202415466308594,-0.6413630247116089,-1.765541911125183,-0.612067461013794,0.6141830086708069,1.117383360862732,0.33437660336494446,-0.6249691843986511,-1.2749733924865723,-3.464162588119507,-5.298979759216309,-4.923329830169678,-4.664437770843506,-4.551909446716309
2.2023911476135254,2.0215542316436768,1.5199065208435059,0.9193552732467651,0.324954092502594,0.017972566187381744,0.12659324705600739,0.15417157113552094,-0.25945600867271423,-0.6749449372291565,-0.7125512361526489,-0.5977398753166199,-0.6911940574645996,-1.1576563119888306,-1.985181212425232,-2.9515221118927,-3.530872106552124,-3.4409899711608887,-2.8169870376586914,-2.0118305683135986,-1.2716856002807617,-0.3367685377597809,0.6215157508850098,0.9694966077804565,0.35711970925331116,-0.579026460647583,-0.3394530415534973,0.9941704869270325,1.6956735849380493,1.747038722038269,1.2620234489440918,-0.8677874207496643,-1.273115873336792,-1.3469479084014893,-0.8910083174705505,-1.276479959487915,-2.403942823410034,-2.2064316272735596,-1.3581105470657349,-1.2738373279571533,-1.1659170389175415,-1.108025312423706,-2.4731059074401855,-3.9485585689544678
2.9786393642425537,3.0601377487182617,2.7425925731658936,2.1347603797912598,1.4361953735351562,0.8823421597480774,0.6507222652435303,0.5880387425422668,0.248891681432724,-0.34718120098114014,-0.644315242767334,-0.4216691255569458,-0.16045956313610077,-0.2599942982196808,-0.9088117480278015,-1.8628928661346436,-2.6718292236328125,-2.8734710216522217,-2.4779703617095947,-1.779853105545044,-1.0781654119491577,-0.3757781386375427,0.6943764090538025,1.4037959575653076,1.0181055068969727,0.28894513845443726,-0.787113606929779,0.873329222202301,1.9948927164077759,0.6244375705718994,0.5175387263298035,-0.05118650570511818,-0.8336935639381409,-2.505133628845215,-2.470597505569458,-2.6540322303771973,-3.085247039794922,-2.0650391578674316,-0.904655933380127,-0.3791148364543915,0.8882697820663452,0.6827264428138733,-2.5970561504364014,-4.635887145996094
3.715184211730957,3.8716108798980713,3.73309063911438,3.200324535369873,2.485259532928467,1.8717620372772217,1.4633426666259766,1.1967772245407104,0.8517073392868042,0.25496119260787964,-0.21657145023345947,-0.1590707004070282,0.25796666741371155,0.6120597124099731,0.43236616253852844,-0.38485443592071533,-1.4945849180221558,-2.084580898284912,-1.894526481628418,-1.3547569513320923,-0.6727184057235718,0.007488341070711613,0.4246564507484436,0.37188413739204407,0.4905427396297455,0.6498733758926392,-0.10628052800893784,0.3870333731174469,3.794067144393921,0.7006534337997437,0.5046747326850891,1.546330213546753,-0.2969862222671509,-2.729287624359131,-2.540297269821167,-2.2423722743988037,-1.2360807657241821,-0.6219656467437744,0.3289833664894104,0.6540398597717285,1.1802119016647339,0.5970145463943481,-2.8334553241729736,-4.648554801940918
4.4863972663879395,4.70094633102417,4.6167497634887695,4.115098476409912,3.3874125480651855,2.814830780029297,2.4839465618133545,2.1856677532196045,1.7087961435317993,1.003243088722229,0.39293697476387024,0.37594568729400635,0.8548624515533447,1.4159883260726929,1.5205340385437012,0.8554576635360718,-0.3646666407585144,-1.3160756826400757,-1.3699215650558472,-0.9100030064582825,-0.23847898840904236,0.33477267622947693,0.5476897954940796,0.36615121364593506,0.5366939306259155,0.9862697124481201,0.4192360043525696,-0.21526198089122772,2.892812967300415,3.7405121326446533,1.258914828300476,2.051095485687256,0.6046102046966553,-1.6861889362335205,-1.4634947776794434,-0.5682675242424011,0.6996710300445557,1.2699252367019653,2.099362373352051,2.812180995941162,3.7140345573425293,2.931544542312622,-0.5522545576095581,-2.749176263809204
5.084604263305664,5.482997417449951,5.623023509979248,5.250305652618408,4.474388122558594,3.8024380207061768,3.4869003295898438,3.3452911376953125,2.9306581020355225,2.04824161529541,1.1570396423339844,0.9217928647994995,1.4552124738693237,2.132112979888916,2.2928333282470703,1.0924770832061768,0.5058001279830933,-0.41110852360725403,-0.5646796822547913,-0.48847636580467224,0.12179897725582123,0.8294581770896912,1.1676232814788818,1.085749626159668,0.6993118524551392,0.42666003108024597,0.03396742418408394,-0.8022079467773438,0.7236728668212891,2.496490955352783,0.6153237223625183,2.132232904434204,2.636580228805542,0.26928260922431946,0.11723760515451431,1.9865384101867676,3.124316692352295,3.3783373832702637,3.9475200176239014,4.591058254241943,5.038032054901123,5.580180644989014,3.1364476680755615,0.132048100233078
5.730323314666748,6.058108806610107,6.424476146697998,6.391674995422363,5.734126567840576,4.939582824707031,4.512604236602783,4.365615367889404,4.098804473876953,3.3260998725891113,2.2744386196136475,1.7139649391174316,2.055724620819092,2.6295177936553955,2.1446032524108887,1.6444247961044312,1.1663621664047241,0.06729012727737427,-0.15101557970046997,0.3543144464492798,0.5674737095832825,1.2844408750534058,1.8912187814712524,2.0760042667388916,1.5957460403442383,-0.06770209223031998,-1.1780556440353394,-2.1559576988220215,-0.6370372772216797,1.2718106508255005,0.4945262670516968,1.7963571548461914,3.858590602874756,3.2626800537109375,2.22151780128479,4.172369003295898,5.692208766937256,6.272961139678955,6.03616189956665,5.4510979652404785,4.590479373931885,5.00856876373291,5.110663890838623,3.178356885910034
6.524440288543701,6.643319129943848,6.96868371963501,7.166872978210449,6.839583873748779,6.137766361236572,5.604821681976318,5.349451541900635,5.066673755645752,4.431079387664795,3.5680551528930664,2.9862661361694336,3.101801872253418,2.7588703632354736,2.8953065872192383,2.7064261436462402,1.8481189012527466,0.8643346428871155,0.2436177134513855,0.385981023311615,1.116658329963684,1.9346390962600708,2.7141404151916504,2.9009337425231934,2.011035680770874,0.9078584909439087,0.30191466212272644,0.027187488973140717,1.6272541284561157,3.1024410724639893,2.1405580043792725,2.8885555267333984,4.308530807495117,4.839897632598877,4.22123384475708,5.527937889099121,6.757439136505127,8.172987937927246,8.306585311889648,7.072711944580078,5.509679317474365,4.473923206329346,5.0596842765808105,5.271089553833008
7.181198596954346,7.198732376098633,7.458839416503906,7.751206398010254,7.704794883728027,7.200349807739258,6.657411098480225,6.295862674713135,5.910924911499023,5.300826549530029,4.581567764282227,4.231076240539551,4.021143913269043,3.8735151290893555,3.4907188415527344,5.5901198387146,4.876965045928955,0.09849388897418976,-1.612606406211853,0.2090895175933838,1.201659917831421,2.331721305847168,3.4138107299804688,3.9537353515625,3.375270366668701,2.75323748588562,2.356966495513916,2.425421714782715,5.640589714050293,5.521524429321289,5.007439613342285,5.1664605140686035,5.364774703979492,5.7770843505859375,5.3163371086120605,6.361695766448975,7.072494029998779,8.392061233520508,8.96848201751709,8.01075553894043,7.53571891784668,6.885509490966797,6.007935047149658,5.832663536071777
