data/wind_data/wind_Surface_44.json
{"header": {"parameterUnit": "KT", "parameterCategory": 2, "nx": 255, "ny": 198, "lo1": 44.73521041870117, "la1": -3.236724853515625, "lo2": 111.26478576660156, "la2": 43.468475341796875, "dx": 0.26192745566368103, "dy": -0.23708222806453705, "refTime": "2025-02-20 20:00:00", "forecastTime": 0, "parameterNumber": 2, "parameterNumberName": "eastward_wind"}, "data":
[rows 76 to 94 of 198, columns 0 to 42 of 255]
1.4908565282821655,1.8087211847305298,1.4165817499160767,1.1637974977493286,-0.8631311058998108,-2.851257801055908,-2.402580976486206,-0.4230758845806122,0.41342049837112427,0.1946345567703247,0.03952143341302872,0.4897956848144531,0.334953635931015,-1.456847906112671,-2.206531524658203,-0.878079354763031,-0.9817653894424438,-3.1323840618133545,-5.224987983703613,-7.433669567108154,-8.065523147583008,-6.612868309020996,-5.284083843231201,-5.926125526428223,-6.625040054321289,-6.829293251037598,-6.110711097717285,-3.9821701049804688,-3.300474166870117,-2.677323818206787,-1.6600310802459717,-0.7116950154304504,-0.526413083076477,-0.6561185121536255,-0.7481485605239868,-1.5250465869903564,-1.7821491956710815,-1.472926139831543,-1.3744863271713257,-1.528143048286438,-2.1336612701416016,-2.27555251121521,-2.782869577407837
1.5225615501403809,0.5843892097473145,1.1934640407562256,3.4119389057159424,2.015530586242676,-1.431833028793335,-1.8181830644607544,0.5366477966308594,1.860766887664795,2.2133374214172363,3.183448553085327,3.7317771911621094,1.5034291744232178,-1.1252928972244263,-1.714967966079712,-1.4636921882629395,-2.1594150066375732,-2.6637585163116455,-3.562669277191162,-6.051388740539551,-6.462489128112793,-4.791891574859619,-5.3922295570373535,-6.38491153717041,-6.5559892654418945,-6.773264408111572,-6.536577224731445,-5.227355480194092,-4.968213081359863,-4.592759609222412,-2.058439254760742,2.0260374546051025,3.748553991317749,2.8788390159606934,1.6026761531829834,0.3816434144973755,-0.9108483791351318,-1.0153225660324097,0.009738248772919178,0.7525386810302734,-0.016654394567012787,-1.5837359428405762,-2.3061745166778564
1.6102851629257202,0.749296247959137,0.9112467765808105,1.140497088432312,1.6790457963943481,1.987350583076477,0.9249607920646667,1.2680175304412842,2.3224754333496094,3.02925181388855,4.520116806030273,4.960578918457031,2.490046501159668,0.1718832403421402,-0.77464759349823,-1.184552788734436,-1.7687137126922607,-2.020693778991699,-2.647352457046509,-4.389360427856445,-5.087107181549072,-4.868661880493164,-5.611475944519043,-6.135615825653076,-5.218925476074219,-4.285590171813965,-3.691606044769287,-3.240525484085083,-2.5815653800964355,-1.327782392501831,0.3348838984966278,1.3017017841339111,1.0149621963500977,2.563995122909546,5.10706901550293,3.8016157150268555,0.2274658977985382,-0.5276840329170227,1.553220510482788,3.2759861946105957,2.8524458408355713,0.624049723148346,-1.4125826358795166
2.306699752807617,1.8839224576950073,1.221888542175293,1.0306520462036133,0.6875017285346985,1.1260813474655151,2.6939938068389893,4.039815425872803,4.933417797088623,5.982259273529053,7.650228977203369,7.598959445953369,5.924591064453125,2.979428768157959,0.9176284670829773,0.057893309742212296,-0.3885217010974884,-1.1286643743515015,-1.9676586389541626,-3.0841665267944336,-4.352575302124023,-5.4798502922058105,-6.37559700012207,-6.552609443664551,-4.647762298583984,-1.9812604188919067,-0.6719820499420166,-0.0398608036339283,0.9511224031448364,1.9790171384811401,2.3053455352783203,1.2133018970489502,-0.5242580771446228,-0.4667375385761261,1.3735510110855103,2.29343318939209,-1.7421101331710815,-4.774776458740234,0.15211957693099976,5.947577953338623,5.659404754638672,1.5438240766525269,-0.9719150066375732
1.8625067472457886,1.9957185983657837,1.6507126092910767,0.0005196867859922349,-2.103658676147461,-3.7058603763580322,-2.7748894691467285,0.9564239382743835,4.422499656677246,7.8748579025268555,8.28688907623291,8.086617469787598,8.353069305419922,7.809099197387695,5.220466613769531,2.4056482315063477,0.72772216796875,-0.5451566576957703,-1.6167619228363037,-2.5417585372924805,-4.315447807312012,-5.887601852416992,-5.831299781799316,-5.06846809387207,-3.22259521484375,-0.4134596288204193,1.0174258947372437,1.601678490638733,2.5778958797454834,3.0793230533599854,2.8782622814178467,2.368441581726074,1.5934443473815918,0.27948126196861267,-1.0447306632995605,-1.3014458417892456,-1.8384521007537842,-2.1452176570892334,0.031230652704834938,3.6033289432525635,3.2647037506103516,0.03447403386235237,-1.9082913398742676
0.8813177943229675,1.2490402460098267,1.0950863361358643,0.6486085653305054,-0.6541229486465454,-1.7614649534225464,-1.8116064071655273,-0.8159227967262268,1.829012155532837,5.86971378326416,7.132517337799072,7.437576770782471,7.992963790893555,8.710164070129395,8.058259963989258,5.370797634124756,2.3311715126037598,0.07003549486398697,-1.2648218870162964,-2.660705089569092,-4.589948654174805,-5.8377909660339355,-4.665802955627441,-2.64581036567688,-1.2784253358840942,0.2168397307395935,1.3185477256774902,1.7915992736816406,2.3984713554382324,2.8654885292053223,2.911407709121704,2.9597349166870117,3.0466694831848145,2.482229232788086,0.6793043613433838,-0.8779599070549011,-0.4249502420425415,0.3233731985092163,-0.6306809782981873,-1.066259741783142,-1.6670855283737183,-3.779218912124634,-3.291428565979004
-0.34367671608924866,0.389265239238739,0.18016374111175537,0.6063567399978638,0.12069634348154068,-0.5956858396530151,0.4471009075641632,-0.06085321679711342,-0.1759524643421173,1.9222278594970703,3.3923614025115967,4.6660661697387695,6.80217170715332,6.6420087814331055,5.57643985748291,4.666706562042236,2.9929704666137695,0.8695752620697021,-0.6100383400917053,-2.124791383743286,-3.837885856628418,-4.928877830505371,-3.9227235317230225,-1.011271595954895,0.5546062588691711,0.6025320887565613,1.028352975845337,1.5429998636245728,1.9183777570724487,2.3245787620544434,2.5089974403381348,2.5357589721679688,2.5026140213012695,2.5337417125701904,2.202916145324707,1.5668742656707764,0.6336205005645752,-0.8063472509384155,-2.5294265747070312,-4.435736656188965,-5.71942663192749,-4.729477405548096,-2.554147481918335
-0.6946980357170105,-0.26781612634658813,-0.8865537047386169,-0.664954662322998,-0.08165565878152847,0.1093137264251709,0.6431936025619507,0.37121203541755676,-0.8327499032020569,-1.2774311304092407,-0.8258657455444336,0.35321083664894104,3.173098564147949,3.500615358352661,-0.9488044381141663,-3.7972099781036377,-1.6043062210083008,-0.27769556641578674,-1.2753839492797852,-1.5152662992477417,-1.818390965461731,-2.763113498687744,-2.7307004928588867,-0.48348748683929443,1.0669474601745605,0.8575331568717957,0.8339244723320007,1.0652942657470703,1.2529195547103882,1.4163599014282227,1.4859148263931274,1.4773237705230713,1.4559037685394287,1.741794466972351,1.759018063545227,0.889880895614624,-0.9213238954544067,-2.8797500133514404,-3.9793272018432617,-4.727447509765625,-6.272899150848389,-5.431368350982666,-3.3093607425689697
-0.2657789885997772,-0.5865611433982849,-1.4929721355438232,-0.8508499264717102,-0.13098357617855072,-0.3861537277698517,-0.2375042736530304,0.44572535157203674,0.39845728874206543,-0.16301484405994415,0.18105000257492065,0.47799885272979736,1.9012624025344849,3.135072946548462,-2.2488062381744385,-7.719615936279297,-6.910103797912598,-3.266449213027954,-1.6141728162765503,-1.372593641281128,-0.9407333135604858,-1.0050349235534668,-1.086374044418335,-0.4372292459011078,0.2862148880958557,0.6460080742835999,0.7799195647239685,0.6361120939254761,0.36470362544059753,0.20382429659366608,0.30294325947761536,0.4016109108924866,0.7978070974349976,1.5148369073867798,1.15692138671875,-0.7153560519218445,-2.397367000579834,-2.903013229370117,-3.1882588863372803,-3.603813409805298,-4.50460958480835,-4.794186592102051,-4.218689441680908
0.026737097650766373,-0.17684632539749146,-1.1408226490020752,-0.5351696014404297,-0.04442819952964783,-0.6827568411827087,-0.2554435133934021,1.1162302494049072,1.463708758354187,0.359171062707901,0.1572447568178177,0.13338005542755127,0.2417970895767212,1.3820973634719849,-2.2294921875,-7.980240821838379,-8.50359058380127,-5.824065685272217,-1.8895249366760254,0.2399681955575943,0.6120547652244568,0.16059331595897675,-0.31584295630455017,-0.5542455911636353,-0.3670700192451477,0.004063642118126154,0.02231641300022602,-0.14202675223350525,-0.47648733854293823,-0.6458864212036133,-0.3853806257247925,-0.0889747142791748,0.821968674659729,1.9456474781036377,1.1792068481445312,-1.0947011709213257,-2.417606830596924,-2.5248236656188965,-2.8838565349578857,-3.368295192718506,-3.8256428241729736,-4.221454620361328,-4.027358055114746
0.11800574511289597,0.0643426775932312,-0.5103979110717773,0.1702805459499359,0.9789610505104065,0.08848375082015991,-0.12957645952701569,1.1277633905410767,2.0008866786956787,1.2374697923660278,0.646225094795227,0.43079501390457153,-0.5984942317008972,0.3721752464771271,0.21257011592388153,-5.558180809020996,-8.61489486694336,-7.262340068817139,-3.4700798988342285,-0.2075696438550949,1.4502521753311157,1.7818450927734375,0.8134309649467468,-0.27236610651016235,-0.7637402415275574,-0.6845534443855286,-0.551557183265686,-0.6444251537322998,-0.781728208065033,-0.6316366791725159,-0.18238228559494019,0.39240822196006775,1.3138633966445923,2.0451176166534424,0.971376895904541,-0.9802938103675842,-1.8503233194351196,-2.4470267295837402,-3.3421928882598877,-3.891023874282837,-4.266022682189941,-4.264487266540527,-3.7607390880584717
-0.08862750232219696,-0.42071446776390076,-0.44004908204078674,0.7885957360267639,2.1641104221343994,1.0688780546188354,-0.07362346351146698,0.7460669875144958,1.8532001972198486,1.9958831071853638,1.5065457820892334,0.7445907592773438,-0.6732653379440308,-1.213929295539856,0.15026356279850006,-1.3841660022735596,-6.2928547859191895,-7.154380798339844,-5.027390003204346,-2.9337096214294434,-1.3824872970581055,0.20781652629375458,0.8653627038002014,0.16759806871414185,-0.5303486585617065,-0.7980502843856812,-0.6627808213233948,-0.4862150251865387,-0.41858384013175964,-0.27432650327682495,0.3162917196750641,1.1935817003250122,1.8079253435134888,1.8511296510696411,0.5906931161880493,-1.12388277053833,-1.8027722835540771,-2.5963387489318848,-3.5034639835357666,-3.9826765060424805,-4.4763970375061035,-4.319335460662842,-3.744795083999634
0.16428382694721222,-0.6016270518302917,-0.35298436880111694,1.4533497095108032,3.1408450603485107,1.9377961158752441,-0.2382022738456726,-0.04965418577194214,1.2474671602249146,2.1491637229919434,2.1196041107177734,1.2924472093582153,0.05786580219864845,-1.3469979763031006,-0.9524102210998535,0.6954684257507324,-0.9874451756477356,-4.586042404174805,-5.206831455230713,-4.218523979187012,-3.3475615978240967,-2.2693381309509277,-1.3842276334762573,-1.0332657098770142,-0.3986365497112274,0.35929080843925476,0.5438802242279053,0.27854812145233154,0.19913192093372345,0.5084913969039917,1.0511430501937866,1.5162787437438965,1.7880488634109497,1.7236759662628174,0.19774095714092255,-1.8260036706924438,-2.2182986736297607,-2.569455862045288,-3.0920777320861816,-3.6320254802703857,-4.5345988273620605,-4.717294216156006,-4.215404510498047
0.6282597780227661,-0.12003062665462494,0.17927856743335724,1.8850557804107666,3.546344041824341,2.8222873210906982,0.3712419271469116,-0.8467331528663635,0.016320521011948586,1.4247193336486816,2.0067989826202393,1.8340134620666504,0.791096031665802,-0.6640269756317139,-0.9895198941230774,-0.04842350631952286,0.8503813743591309,0.4024091362953186,-1.3253952264785767,-2.9252943992614746,-3.388662099838257,-2.9890191555023193,-2.6149802207946777,-1.9439730644226074,-0.6272894740104675,0.9425323605537415,1.902026653289795,1.8246586322784424,1.5263261795043945,1.3983949422836304,1.0703116655349731,1.1904199123382568,1.8035387992858887,1.4007560014724731,-0.8068838715553284,-2.691208600997925,-2.59999680519104,-2.746234178543091,-3.187072277069092,-3.5916969776153564,-4.582357883453369,-5.176998138427734,-4.769309997558594
1.1833056211471558,0.566716730594635,0.6505088806152344,1.9321112632751465,2.751835823059082,2.4305102825164795,1.9772149324417114,0.2994537055492401,-1.0036964416503906,-0.18769708275794983,1.451928734779358,2.2116281986236572,1.1187639236450195,-0.024871479719877243,0.011165801435709,-0.03510439023375511,-0.013714431785047054,0.9537353515625,2.603149890899658,2.918480396270752,0.7338404655456543,-1.8694299459457397,-2.9770941734313965,-2.6966588497161865,-1.566011667251587,-0.29512983560562134,0.6573523283004761,1.4375778436660767,1.7118818759918213,0.7862772941589355,0.15349872410297394,0.7103381156921387,1.2965974807739258,0.1554846316576004,-2.296506881713867,-3.0736544132232666,-2.7293641567230225,-3.4829225540161133,-4.08408784866333,-4.2258124351501465,-4.92665433883667,-5.361215591430664,-4.892712593078613
1.4911812543869019,0.7707276344299316,0.8629910349845886,1.8827898502349854,1.6300969123840332,0.6558004021644592,2.0349221229553223,3.1877171993255615,0.9704745411872864,-0.684834897518158,0.43642204999923706,1.5731418132781982,0.9322324991226196,0.5055888891220093,0.6471506953239441,0.3400857448577881,0.6982008814811707,1.0655120611190796,1.5264320373535156,4.1076555252075195,5.75573205947876,2.973646640777588,-0.9157189726829529,-3.255455493927002,-3.4464054107666016,-3.013772487640381,-2.913362979888916,-2.656517744064331,-2.9125702381134033,-2.9340367317199707,-0.6077080965042114,1.0499505996704102,0.6722553372383118,-1.225675344467163,-3.272552728652954,-3.572004556655884,-3.4587528705596924,-3.7278525829315186,-4.308465957641602,-4.856212615966797,-5.314193248748779,-5.343617916107178,-4.788455009460449
1.6428899765014648,0.8895260691642761,1.1247485876083374,1.8354699611663818,0.4953484833240509,-1.3499802350997925,0.23829922080039978,3.5987935066223145,3.844832420349121,0.5019307136535645,-0.8605183362960815,-0.28106075525283813,0.2792893350124359,1.0020511150360107,1.2086231708526611,0.8283901810646057,1.2454227209091187,1.7082973718643188,1.7016880512237549,2.666499376296997,5.692653656005859,6.461419582366943,3.073723793029785,-0.8373844623565674,-3.4612603187561035,-4.61273717880249,-4.950543403625488,-5.08590841293335,-5.173799991607666,-4.497254848480225,-1.6353161334991455,0.26087406277656555,-0.8594877123832703,-2.7239789962768555,-3.777161121368408,-4.037451267242432,-3.947763204574585,-3.613401412963867,-4.0056562423706055,-4.857591152191162,-5.087803840637207,-5.0878987312316895,-4.727092266082764
1.8894307613372803,1.1180323362350464,0.9982091784477234,2.3051280975341797,1.1666260957717896,-1.834038496017456,-1.0035979747772217,2.1822052001953125,3.916378974914551,2.471576690673828,-0.443916916847229,-1.1608126163482666,-0.46028217673301697,0.7766607999801636,1.457779884338379,1.2308940887451172,1.0115807056427002,1.280575156211853,2.0756313800811768,3.0544192790985107,4.873908042907715,6.782632827758789,5.431066989898682,1.5147908926010132,-1.5204873085021973,-3.4800636768341064,-4.97503662109375,-5.640171527862549,-5.7505903244018555,-5.556009769439697,-4.390501022338867,-3.2111318111419678,-3.301833152770996,-4.429283618927002,-4.293519020080566,-3.8133578300476074,-3.2078042030334473,-3.1088781356811523,-3.8831937313079834,-4.671043395996094,-4.917993545532227,-4.8917460441589355,-4.790839672088623
1.949812650680542,1.1312522888183594,0.6353238821029663,2.000929594039917,2.108994245529175,-0.6252349615097046,-1.0685908794403076,1.4363574981689453,3.744757890701294,4.3957061767578125,2.8823916912078857,0.47937440872192383,-0.5816871523857117,-0.20427989959716797,0.7620788812637329,1.2210254669189453,1.2803905010223389,1.2405273914337158,2.0456652641296387,3.6628708839416504,5.346063613891602,6.056931495666504,5.7018280029296875,2.446936845779419,-0.4987681806087494,-2.0533828735351562,-3.694657564163208,-4.982945919036865,-5.884133338928223,-6.815427780151367,-6.8045454025268555,-5.643830299377441,-5.036222457885742,-5.320988178253174,-4.767692565917969,-3.441859722137451,-2.6690657138824463,-3.0390148162841797,-3.9750921726226807,-4.58524227142334,-4.788629531860352,-4.295652866363525,-4.043570518493652
