data/wind_data/wind_2025-02-19_11.json
{"header": {"parameterUnit": "KT", "parameterCategory": 2, "nx": 255, "ny": 198, "lo1": 44.73521041870117, "la1": -3.236724853515625, "lo2": 111.26478576660156, "la2": 43.468475341796875, "dx": 0.26192745566368103, "dy": -0.23708222806453705, "refTime": "2025-02-19 11:00:00", "forecastTime": 0, "parameterNumber": 3, "parameterNumberName": "northward_wind"}, "data":
[rows 171 to 189 of 198, columns 172 to 214 of 255]
-4.225993633270264,-7.226611137390137,-8.609352111816406,-7.643346786499023,-5.1727519035339355,-5.051983833312988,-10.011728286743164,-12.01317024230957,-10.62807559967041,-7.094725131988525,-10.346429824829102,-11.487719535827637,-12.225273132324219,-13.099600791931152,-13.161892890930176,-12.650015830993652,-11.686941146850586,-10.623053550720215,-10.02096176147461,-8.425333976745605,-6.597898006439209,-5.548178195953369,-5.226871490478516,-5.129687309265137,-5.343829154968262,-4.557460308074951,-5.786570072174072,-7.3545050621032715,-9.87612247467041,-10.314321517944336,-8.28443717956543,-5.970164775848389,-5.118181228637695,-5.946689605712891,-4.848845958709717,-2.5917792320251465,-2.0760014057159424,-2.2141306400299072,-3.1381990909576416,-2.4798901081085205,-2.465453624725342,-1.530300498008728,1.1947071552276611
-3.6592140197753906,-6.856329441070557,-6.396711826324463,-6.485177516937256,-5.967712879180908,-6.8414812088012695,-8.786714553833008,-9.040416717529297,-6.701944828033447,-5.618956565856934,-10.388463020324707,-11.841191291809082,-12.272440910339355,-12.713597297668457,-12.295676231384277,-11.907217025756836,-10.490983963012695,-9.865758895874023,-9.799982070922852,-7.171630382537842,-4.870095729827881,-3.223128080368042,-2.1336069107055664,-1.4520635604858398,-0.5107467174530029,1.8058855533599854,0.05536534637212753,-4.3809027671813965,-7.40309476852417,-8.642237663269043,-8.19390869140625,-6.823661804199219,-8.202571868896484,-9.645261764526367,-8.462823867797852,-5.238667011260986,-3.320664882659912,-2.374094247817993,-1.3988122940063477,-1.630815863609314,-1.3855081796646118,-1.1547166109085083,1.5390527248382568
-4.930081367492676,-6.013082504272461,-5.167099952697754,-5.8255720138549805,-7.82266902923584,-8.829021453857422,-8.007475852966309,-7.2477498054504395,-5.009978294372559,-8.246874809265137,-13.21357250213623,-14.59911823272705,-14.143861770629883,-13.491669654846191,-12.14599323272705,-10.15847110748291,-7.713598251342773,-8.931163787841797,-9.61450481414795,-8.25572395324707,-7.108072757720947,-4.137529373168945,0.2635427713394165,2.607771158218384,3.4485015869140625,4.654525279998779,3.810244083404541,1.8706881999969482,1.0691421031951904,-0.7426302433013916,-4.649018287658691,-6.322159290313721,-7.572449207305908,-7.843608379364014,-8.40072250366211,-5.198040962219238,-3.591958999633789,-2.959317684173584,-2.0448544025421143,-3.7514939308166504,-3.004216194152832,-2.4992356300354004,0.7939385175704956
-4.260027885437012,-5.5639848709106445,-5.198624134063721,-3.975867748260498,-5.4603424072265625,-7.302531719207764,-6.633070945739746,-5.376456260681152,-5.955484867095947,-9.625216484069824,-11.660730361938477,-13.007397651672363,-14.063910484313965,-14.165704727172852,-13.54790210723877,-9.829325675964355,-6.506735324859619,-8.564667701721191,-9.67771053314209,-9.389686584472656,-9.147790908813477,-6.969198703765869,-2.407057523727417,-0.495138019323349,-0.7717267274856567,0.8988861441612244,4.4419331550598145,5.9520158767700195,3.096386671066284,-0.46186670660972595,-2.787860870361328,-4.9783616065979,-6.0658183097839355,-8.277196884155273,-8.063612937927246,-6.556620121002197,-3.2485532760620117,-2.9025301933288574,-4.002658367156982,-5.771346092224121,-4.850233554840088,-4.233326435089111,-1.5066078901290894
-1.3641771078109741,-1.332170844078064,-1.8437552452087402,-2.9585587978363037,-4.592596054077148,-5.033721446990967,-4.482034206390381,-3.757958173751831,-4.73965311050415,-6.576308250427246,-5.827384948730469,-6.0918073654174805,-7.227288722991943,-6.950072765350342,-7.59453010559082,-6.175154209136963,-7.74434757232666,-8.500249862670898,-7.235327243804932,-5.900420188903809,-5.112485885620117,-5.314716339111328,-6.010648250579834,-7.300606727600098,-8.804431915283203,-6.063793659210205,2.373964548110962,0.01109657995402813,-4.899293422698975,-5.819165229797363,-6.019648551940918,-8.309816360473633,-7.904040813446045,-8.713088035583496,-4.600499629974365,-3.077399969100952,-1.15134859085083,-1.1805500984191895,-3.8083739280700684,-4.735504627227783,-4.519463062286377,-5.534656524658203,-4.334085464477539
-0.6441029906272888,-0.6340439319610596,-1.7512775659561157,-3.539222240447998,-3.5696558952331543,-2.356370449066162,-1.986800193786621,-1.7007699012756348,-1.81978178024292,-2.186896324157715,-1.0012565851211548,-0.3672133982181549,-0.8453558087348938,0.1253191977739334,1.2815799713134766,-2.8826828002929688,-7.820046424865723,-5.4079718589782715,-4.15950345993042,-2.028380870819092,0.8096118569374084,-0.1542760133743286,-2.527961254119873,-4.885251522064209,-6.545373916625977,-7.342517375946045,-3.9419429302215576,-6.596683025360107,-6.7148237228393555,-5.413486003875732,-8.217015266418457,-8.715836524963379,-6.25253963470459,-4.6868391036987305,-1.396121859550476,-1.0630924701690674,1.9007145166397095,2.5259203910827637,-1.624474287033081,-2.706223487854004,-4.846682071685791,-4.771396636962891,-4.255324363708496
-0.2645348310470581,-1.2277013063430786,-2.412104368209839,-2.805011510848999,-2.6311135292053223,-2.480212450027466,-2.293137311935425,-0.363944947719574,0.3612017035484314,0.15221920609474182,0.02195679023861885,-0.3068777620792389,-0.3620750308036804,1.213828682899475,0.6217109560966492,-3.7740347385406494,-3.7313971519470215,-1.977340817451477,-2.457237958908081,-2.1217589378356934,-0.748371422290802,0.4043334722518921,0.1769092082977295,-2.127028226852417,-1.7974998950958252,-1.5203710794448853,-3.9964418411254883,-3.4573922157287598,-2.457716464996338,-3.367807626724243,-4.728984832763672,-3.729274272918701,-1.870323657989502,0.20332075655460358,0.1425972431898117,-1.8564932346343994,0.21156266331672668,0.42861175537109375,-2.1256489753723145,-3.5508222579956055,-5.147128582000732,-5.517660140991211,-5.251269817352295
-2.5070557594299316,-2.4273886680603027,-2.071403980255127,-1.9858603477478027,-2.174563407897949,-2.5129034519195557,-2.5745251178741455,-2.150745153427124,-1.9276546239852905,-2.577531099319458,-3.1012096405029297,-3.1817476749420166,-3.0038511753082275,-2.6672327518463135,-4.432135105133057,-3.220167875289917,-0.5130641460418701,0.06367694586515427,-0.4034080505371094,0.11470536142587662,0.5011019110679626,1.9242023229599,0.4924602508544922,-3.743589401245117,-3.125566005706787,-1.7491563558578491,-3.9607999324798584,-3.2938785552978516,-1.1069953441619873,-1.0792970657348633,-0.26830539107322693,0.4060659408569336,-0.9293727278709412,-0.3648677170276642,0.3793807625770569,-2.497629165649414,-4.465310096740723,-4.6340532302856445,-4.5449604988098145,-4.3491740226745605,-5.299644947052002,-5.136606216430664,-5.45667839050293
-2.205630302429199,-2.8458564281463623,-2.6321892738342285,-1.9183696508407593,-1.3025059700012207,-1.1896169185638428,-1.3978570699691772,-2.2686023712158203,-2.8010764122009277,-2.9533135890960693,-2.7018978595733643,-2.5766050815582275,-3.2492902278900146,-3.923997640609741,-3.4580438137054443,-1.914767861366272,-2.0969061851501465,-2.073408842086792,-1.8220746517181396,-0.9756028056144714,-0.5415366888046265,-0.9988707900047302,-3.3096413612365723,-4.372476100921631,-2.987072467803955,-2.3360118865966797,-3.4400107860565186,-2.3124427795410156,0.26510605216026306,0.29200541973114014,0.056280504912137985,1.42355215549469,1.1258189678192139,0.5800151228904724,-0.37622779607772827,-2.3714022636413574,-3.622969150543213,-4.172907829284668,-4.274518966674805,-4.367600917816162,-4.754909515380859,-4.605179786682129,-5.062996864318848
-0.13610315322875977,-1.350390911102295,-1.9440683126449585,-1.5616499185562134,-1.2635236978530884,-1.304361343383789,-1.3904881477355957,-1.0163304805755615,-0.4288690388202667,-0.40528443455696106,-0.7633338570594788,-0.623510479927063,-0.8325492143630981,-1.2203807830810547,-1.7613853216171265,-2.37904953956604,-2.3960249423980713,-2.068418502807617,-2.329502820968628,-2.739551544189453,-2.3848652839660645,-2.492109537124634,-2.70253586769104,-1.718840479850769,-0.7141350507736206,-0.1870473474264145,0.10880481451749802,1.3003485202789307,1.3684728145599365,0.1389176845550537,0.12731224298477173,0.9348827600479126,2.1498124599456787,3.173454999923706,2.712205648422241,0.2788158655166626,-1.638775110244751,-2.42317795753479,-2.5670738220214844,-3.057018995285034,-3.607828140258789,-4.331677436828613,-4.781859874725342
0.7892874479293823,0.8332712650299072,0.11956851929426193,-0.1914147138595581,-0.2708609402179718,-0.5093684792518616,-0.8503965139389038,-1.1080360412597656,-0.7056558728218079,0.8241919279098511,1.9830113649368286,1.7436957359313965,0.6316352486610413,-0.4058350920677185,-0.70130455493927,-0.2857097387313843,0.8960085511207581,0.653700053691864,0.19588114321231842,-0.08661250025033951,0.467875212430954,1.0111050605773926,1.0406455993652344,0.5916635394096375,-0.06643909960985184,0.5179736018180847,1.3116049766540527,2.1368985176086426,1.3503754138946533,1.2110482454299927,1.3982419967651367,2.3048245906829834,3.1520631313323975,4.310614585876465,4.24769926071167,1.210655927658081,-1.275463342666626,-1.5688766241073608,-0.7894980907440186,-0.4614975154399872,-2.6419143676757812,-3.4005444049835205,-3.129209280014038
2.2292943000793457,2.895082712173462,2.124577045440674,1.440504550933838,1.2411003112792969,0.880807638168335,0.2422204315662384,-0.7944097518920898,-1.520218014717102,-1.14557945728302,1.4723633527755737,3.3906288146972656,2.5771708488464355,1.0140235424041748,0.5466671586036682,0.9612736701965332,1.9362727403640747,2.5011446475982666,2.112849235534668,0.9641665816307068,0.25434401631355286,0.6903108954429626,1.239880919456482,1.375606656074524,1.4271986484527588,2.0854547023773193,2.084961175918579,2.827885150909424,3.1726057529449463,3.530487060546875,2.584712505340576,1.931551456451416,1.690342903137207,2.2321090698242188,2.3225831985473633,-0.3990059196949005,-2.6449403762817383,-3.564422845840454,-2.7783150672912598,-0.7387468218803406,-1.8791974782943726,-3.5240113735198975,-2.5827383995056152
2.222902774810791,3.3611884117126465,3.752882242202759,3.2156689167022705,2.6302881240844727,2.0707340240478516,1.2798662185668945,0.4822649359703064,-0.3824246823787689,-1.5162780284881592,-1.2457698583602905,2.0693745613098145,4.3087897300720215,3.9761571884155273,2.9047229290008545,2.1168570518493652,1.866239309310913,1.9223209619522095,2.744722843170166,3.0399296283721924,1.8318440914154053,1.7675286531448364,2.5677905082702637,2.9187796115875244,2.8787200450897217,3.2205965518951416,3.7946298122406006,4.213237285614014,3.355567216873169,2.202441453933716,0.6765478253364563,-1.3250640630722046,-2.275428295135498,-2.3191823959350586,-0.8571131229400635,-1.7156380414962769,-3.219170093536377,-4.44549036026001,-4.689888000488281,-2.876664876937866,-1.8330916166305542,-3.9786324501037598,-3.426628589630127
1.1916953325271606,2.111172676086426,3.3554980754852295,4.329894065856934,4.315157890319824,3.169220447540283,1.6477380990982056,1.0709925889968872,0.768163800239563,0.28138381242752075,-0.2575092613697052,0.24368815124034882,3.0998971462249756,4.65557336807251,4.241575241088867,2.1439735889434814,0.7683121562004089,0.33374902606010437,1.0268173217773438,3.376591920852661,4.461874008178711,3.6232168674468994,3.682232141494751,4.529334545135498,4.963846683502197,4.988895893096924,4.714967250823975,3.8752548694610596,2.297252893447876,0.6687142848968506,-0.7528241276741028,-1.7891874313354492,-2.6060853004455566,-2.6745800971984863,-1.38493013381958,-1.188860297203064,-2.2957489490509033,-3.0822298526763916,-4.2154083251953125,-3.8113861083984375,-2.717303991317749,-4.606443881988525,-6.0147624015808105
1.4055875539779663,1.3717434406280518,2.0979788303375244,3.3075311183929443,3.5642597675323486,1.8417198657989502,0.4762592613697052,0.4931209087371826,0.7723203897476196,0.5067939758300781,0.15817904472351074,-0.03706526383757591,0.3634115159511566,2.291273355484009,3.9345216751098633,2.6675567626953125,1.570367693901062,2.1530792713165283,1.9114097356796265,1.5931143760681152,3.4834659099578857,5.1003007888793945,5.307248592376709,5.5461344718933105,5.707364559173584,5.703066349029541,5.610654354095459,3.996900796890259,2.8160786628723145,1.7473371028900146,0.3684261441230774,-0.9311630725860596,-2.178739309310913,-2.6926229000091553,-1.8470841646194458,-1.1571768522262573,-1.3092811107635498,-2.4008471965789795,-3.1846261024475098,-2.7095720767974854,-2.3359522819519043,-4.341368198394775,-6.502894401550293
-0.2581699788570404,-1.1836131811141968,-1.270005702972412,-0.8931862711906433,-0.7523449659347534,-1.5070605278015137,-1.6675281524658203,-0.7014943361282349,-0.010685223154723644,-0.0402647890150547,-0.8155494928359985,-1.068486213684082,-1.8465226888656616,-1.1846282482147217,1.1480846405029297,2.3049514293670654,2.22830867767334,2.800184965133667,2.86596941947937,1.3864158391952515,1.1981168985366821,3.775001049041748,5.473386287689209,6.34206485748291,6.508688449859619,5.7475104331970215,5.8806023597717285,5.128549098968506,5.130081653594971,3.666369676589966,1.200187087059021,-0.17469623684883118,-0.8558354377746582,-1.0743699073791504,-0.7092382907867432,-0.30818188190460205,-0.5957748889923096,-1.2505428791046143,-1.8779141902923584,-1.504347324371338,-1.4289034605026245,-2.6384084224700928,-3.8896470069885254
-4.092426776885986,-4.19826078414917,-4.082211494445801,-3.744314670562744,-3.2411088943481445,-2.5171353816986084,-2.131343364715576,-2.3108060359954834,-3.2855722904205322,-3.958662509918213,-4.309805393218994,-4.453469753265381,-4.337012767791748,-3.395311117172241,-2.130047082901001,-0.23972095549106598,1.190757155418396,2.641286611557007,3.306084156036377,2.8468527793884277,1.692881464958191,1.8336734771728516,3.710568428039551,5.451787948608398,5.8698201179504395,4.727540969848633,5.513682842254639,6.896812438964844,7.243316173553467,5.726259231567383,4.0582990646362305,3.6820454597473145,2.7639365196228027,2.076605796813965,1.0778533220291138,0.5118043422698975,-0.14143717288970947,-0.6400487422943115,-1.3320084810256958,-0.8862835168838501,-0.44483497738838196,-1.2042973041534424,-2.2957589626312256
-2.2022736072540283,-2.2953684329986572,-2.7461936473846436,-3.337034225463867,-2.9217886924743652,-2.667611598968506,-3.3724701404571533,-3.2793760299682617,-4.178228378295898,-4.815063953399658,-5.266967296600342,-5.683125019073486,-5.7181501388549805,-4.634129047393799,-4.219710350036621,-2.6421797275543213,-1.243582010269165,0.6286957859992981,1.6819627285003662,1.8376508951187134,4.210003852844238,3.6543166637420654,3.1407363414764404,4.515970230102539,5.193948745727539,1.799504280090332,4.1571478843688965,5.747955322265625,5.202436923980713,6.307338237762451,5.708968162536621,4.606161594390869,2.6164276599884033,1.8219563961029053,1.1157745122909546,-0.17111054062843323,-0.9999402761459351,-1.130429744720459,-1.0435259342193604,-0.5535143613815308,-0.06324233114719391,-0.18445150554180145,-0.7558234333992004
-1.9000447988510132,-2.1930782794952393,-2.4870545864105225,-2.822664976119995,-2.115262031555176,-1.291558861732483,-2.364151954650879,-1.9536521434783936,-2.1138572692871094,-2.936404228210449,-4.08812141418457,-5.727004051208496,-5.13503885269165,-2.8099231719970703,-2.5227622985839844,-3.484708070755005,-3.7711217403411865,-2.6905558109283447,-2.116492748260498,-1.79385507106781,4.407064437866211,7.085531234741211,7.1017842292785645,7.136587142944336,6.434818267822266,2.0312917232513428,2.8123717308044434,4.341582775115967,4.428524017333984,5.188692092895508,4.7860612869262695,3.87174654006958,2.4793009757995605,1.9933911561965942,1.3818246126174927,0.8201141357421875,-0.039645034819841385,-0.28350797295570374,-0.32007601857185364,0.12467637658119202,0.8820115923881531,1.6095305681228638,1.7547975778579712
