data/wind_data/wind_26_4.json
{"header": {"parameterUnit": "KT", "parameterCategory": 2, "nx": 256, "ny": 198, "lo1": 44.73521041870117, "la1": -3.236724853515625, "lo2": 111.26478576660156, "la2": 43.468475341796875, "dx": 0.2609002888202667, "dy": -0.23708222806453705, "refTime": "2025-02-20 02:00:00", "forecastTime": 0, "parameterNumber": 2, "parameterNumberName": "eastward_wind"}, "data":
[rows 171 to 189 of 198, columns 44 to 87 of 256]
16.641084671020508,16.793811798095703,16.873409271240234,15.796854972839355,16.40682601928711,17.293550491333008,15.437325477600098,12.690866470336914,12.444893836975098,12.882112503051758,13.242707252502441,13.463935852050781,13.207539558410645,12.678228378295898,12.09990119934082,11.338666915893555,10.428823471069336,9.576449394226074,9.112235069274902,9.039146423339844,8.969378471374512,8.588298797607422,7.918038845062256,7.13576602935791,6.597943305969238,6.6997904777526855,7.228621959686279,7.510327339172363,6.974135875701904,5.8629584312438965,4.847681045532227,4.1056694984436035,3.491664409637451,3.174548864364624,3.4505436420440674,4.287075042724609,5.443013668060303,6.393170356750488,6.812075614929199,7.290306091308594,8.032489776611328,8.56571102142334,7.123272895812988,4.79398775100708
14.859487533569336,14.767993927001953,14.3341646194458,15.509358406066895,17.22642707824707,16.18089485168457,13.39444637298584,12.43600082397461,12.421466827392578,12.559183120727539,13.136608123779297,13.525740623474121,13.382418632507324,12.915122032165527,12.26167106628418,11.420906066894531,10.409327507019043,9.501791954040527,9.0582914352417,9.04328727722168,8.938069343566895,8.428999900817871,7.6564860343933105,6.863165855407715,6.439704418182373,6.795098781585693,7.45167875289917,7.556637763977051,6.834130764007568,5.785034656524658,4.81971549987793,4.065775394439697,3.528500556945801,3.1827340126037598,3.309671401977539,4.0344438552856445,5.218928813934326,6.353299617767334,6.873013019561768,7.010706901550293,7.55104398727417,8.678584098815918,8.660633087158203,6.549274921417236
13.380694389343262,12.347565650939941,13.423608779907227,16.484970092773438,15.796526908874512,13.40754222869873,12.412071228027344,12.285951614379883,12.050952911376953,12.47481632232666,13.221159934997559,13.616141319274902,13.586539268493652,13.176931381225586,12.455008506774902,11.569981575012207,10.580044746398926,9.69029426574707,9.208782196044922,9.130647659301758,8.867142677307129,8.199211120605469,7.409213066101074,6.701088905334473,6.482792854309082,6.927032947540283,7.336122035980225,7.142394065856934,6.55323600769043,5.699728012084961,4.64158296585083,3.8260438442230225,3.3805477619171143,3.033268928527832,3.0914723873138428,3.8085148334503174,4.942477703094482,6.101889133453369,6.815670967102051,6.799398899078369,6.830998420715332,7.4765729904174805,8.224054336547852,7.437833786010742
13.07935619354248,13.244001388549805,16.29743003845215,16.47431755065918,13.217329978942871,11.716631889343262,12.089856147766113,12.123236656188965,12.2847900390625,12.865543365478516,13.392460823059082,13.77021312713623,13.875534057617188,13.44692611694336,12.59577465057373,11.677145957946777,10.746988296508789,9.859630584716797,9.35706615447998,9.169451713562012,8.7604341506958,8.004377365112305,7.185629367828369,6.58234167098999,6.5985307693481445,6.888126850128174,6.789234638214111,6.448192119598389,6.151208400726318,5.370194911956787,4.261980056762695,3.5466113090515137,3.1886966228485107,2.8388166427612305,2.868245840072632,3.6138336658477783,4.692026138305664,5.740940570831299,6.574068069458008,6.547205924987793,5.6907057762146,5.393255710601807,6.6834235191345215,7.682317733764648
13.142742156982422,14.167608261108398,16.120635986328125,14.057648658752441,11.400023460388184,11.481167793273926,12.145554542541504,12.569113731384277,12.99958610534668,13.241485595703125,13.592403411865234,14.124939918518066,14.258564949035645,13.566320419311523,12.513365745544434,11.59815502166748,10.678366661071777,9.795485496520996,9.354806900024414,9.166933059692383,8.721988677978516,7.891988754272461,6.9346442222595215,6.467217445373535,6.64703893661499,6.542639255523682,6.004140377044678,5.75022029876709,5.57774543762207,4.814348220825195,3.848186731338501,3.2770001888275146,2.9344916343688965,2.6251718997955322,2.654878854751587,3.36478853225708,4.3266167640686035,5.180057525634766,5.984698295593262,6.262991905212402,5.606421947479248,5.233743667602539,5.540555953979492,6.75325870513916
12.493739128112793,13.039325714111328,13.523700714111328,12.148086547851562,11.551541328430176,11.99339771270752,12.62177848815918,13.20401668548584,13.313996315002441,13.36560344696045,13.960219383239746,14.502934455871582,14.160229682922363,13.118173599243164,12.113934516906738,11.174680709838867,10.112799644470215,9.372847557067871,9.205021858215332,9.137287139892578,8.648887634277344,7.671579360961914,6.633898735046387,6.409407138824463,6.500514507293701,5.930170059204102,5.278310775756836,5.12831449508667,4.913985729217529,4.236011505126953,3.4679195880889893,2.929657220840454,2.5881502628326416,2.3984436988830566,2.41583514213562,2.9833905696868896,3.7446353435516357,4.389545440673828,5.1740403175354,5.886655807495117,6.178523063659668,6.24107551574707,5.362836837768555,4.8428497314453125
11.792299270629883,11.94172191619873,12.231524467468262,12.181264877319336,12.345314025878906,12.668658256530762,13.1427583694458,13.280937194824219,13.144657135009766,13.592646598815918,14.301280975341797,14.19233512878418,13.271699905395508,12.334339141845703,11.510536193847656,10.377660751342773,9.318002700805664,8.946587562561035,9.053350448608398,8.985283851623535,8.343052864074707,7.247377395629883,6.3772783279418945,6.323908805847168,6.087217807769775,5.2745442390441895,4.737034797668457,4.584380626678467,4.303534984588623,3.6858997344970703,3.0133023262023926,2.450256824493408,2.169111490249634,2.128697156906128,2.1071808338165283,2.511671543121338,3.2224278450012207,3.8117525577545166,4.470912933349609,5.204626560211182,5.732263565063477,5.610416889190674,4.422919273376465,3.281342029571533
11.436675071716309,11.479996681213379,11.969182968139648,12.477513313293457,12.790911674499512,13.084796905517578,13.179606437683105,12.956636428833008,13.124584197998047,13.7562837600708,13.777478218078613,12.905343055725098,12.005187034606934,11.425756454467773,10.596893310546875,9.378663063049316,8.582901954650879,8.565285682678223,8.816263198852539,8.638466835021973,7.809047222137451,6.710080623626709,6.201446056365967,6.141258239746094,5.541167259216309,4.751436233520508,4.34987211227417,4.113091468811035,3.724921703338623,3.108121633529663,2.45792293548584,1.8679735660552979,1.7261362075805664,1.8786988258361816,1.913162350654602,2.2166292667388916,2.8753228187561035,3.3661367893218994,3.704533815383911,4.139446258544922,4.659673690795898,4.895256519317627,4.235041618347168,3.042201042175293
11.598161697387695,11.426617622375488,11.650766372680664,12.089667320251465,12.557390213012695,12.861364364624023,12.797167778015137,12.779622077941895,13.075460433959961,13.030365943908691,12.245264053344727,11.334855079650879,10.787007331848145,10.31578540802002,9.471768379211426,8.522181510925293,8.081304550170898,8.237765312194824,8.460588455200195,8.069602012634277,7.088347911834717,6.2521491050720215,6.130040645599365,5.829090118408203,4.970525741577148,4.321020603179932,3.95375657081604,3.610408067703247,3.1205716133117676,2.4801928997039795,1.7866722345352173,1.2211823463439941,1.384629487991333,1.7711454629898071,1.8176785707473755,1.8819843530654907,2.175265073776245,2.37381649017334,2.6797211170196533,3.202315092086792,3.6488022804260254,4.24461555480957,4.453460216522217,3.3611292839050293
12.069039344787598,11.666556358337402,11.412017822265625,11.562353134155273,12.004467964172363,12.268604278564453,12.351960182189941,12.503971099853516,12.374874114990234,11.614398002624512,10.691412925720215,10.088651657104492,9.72922420501709,9.31696605682373,8.708002090454102,8.103684425354004,7.808151721954346,7.9108710289001465,7.916894912719727,7.29912805557251,6.4020304679870605,6.076749324798584,6.014326095581055,5.300145626068115,4.4129958152771,3.8868696689605713,3.458360433578491,3.0538861751556396,2.465585470199585,1.769405484199524,1.0060268640518188,0.6170180439949036,1.1524901390075684,1.5749889612197876,1.4144574403762817,1.332757830619812,1.5788254737854004,1.8413680791854858,2.313744068145752,2.849069356918335,3.1107733249664307,3.482513189315796,3.759061813354492,2.6965138912200928
12.291309356689453,11.798115730285645,11.435885429382324,11.473943710327148,11.662113189697266,11.734830856323242,11.800743103027344,11.769503593444824,11.26701831817627,10.381609916687012,9.643791198730469,9.261505126953125,9.057208061218262,8.77684211730957,8.32466983795166,7.8053460121154785,7.514423847198486,7.497794151306152,7.2238450050354,6.515776634216309,6.001039981842041,6.039704322814941,5.645559787750244,4.6662726402282715,3.9194576740264893,3.3954145908355713,2.9168787002563477,2.4289705753326416,1.7120332717895508,1.019184947013855,0.246654212474823,0.19392302632331848,0.877971887588501,1.0106570720672607,0.7261125445365906,0.841332733631134,1.328371286392212,1.7607017755508423,2.4320642948150635,3.091968536376953,3.3174455165863037,2.609452962875366,1.6217962503433228,1.2706122398376465
12.080928802490234,11.736339569091797,11.616995811462402,11.62713623046875,11.464778900146484,11.220563888549805,11.099359512329102,10.889846801757812,10.33928108215332,9.613608360290527,9.089616775512695,8.901359558105469,8.7620267868042,8.434368133544922,7.9255218505859375,7.400967121124268,7.178681373596191,7.064813613891602,6.59100866317749,5.97798490524292,5.9033308029174805,5.855591773986816,5.032235145568848,4.05572509765625,3.408262252807617,2.821455240249634,2.3314781188964844,1.7273606061935425,1.0851242542266846,0.46784287691116333,-0.14919978380203247,0.12706086039543152,0.4537416696548462,0.030081750825047493,-0.26323679089546204,0.06952684372663498,0.5911832451820374,0.9984965324401855,1.8271055221557617,3.0182127952575684,3.5398037433624268,1.825149416923523,-0.10517008602619171,0.10314653813838959
11.87207317352295,11.75826644897461,11.842164039611816,11.677461624145508,11.163617134094238,10.744945526123047,10.581623077392578,10.311413764953613,9.776995658874512,9.196490287780762,8.919655799865723,8.8552827835083,8.629033088684082,8.093067169189453,7.406976222991943,6.937075138092041,6.863417148590088,6.700968265533447,6.12617826461792,5.691997528076172,5.737269878387451,5.307084083557129,4.337262153625488,3.5102732181549072,2.8322458267211914,2.2041804790496826,1.7175523042678833,1.1351053714752197,0.670376718044281,0.10799089819192886,-0.06594647467136383,0.21224038302898407,-0.3139505684375763,-1.3308128118515015,-1.6131750345230103,-1.134347915649414,-0.6195753216743469,-0.2531532943248749,0.5467192530632019,1.8987802267074585,2.695350408554077,1.653396725654602,0.2524600923061371,0.10712247341871262
12.151983261108398,12.207253456115723,12.07886028289795,11.46034049987793,10.743936538696289,10.43523120880127,10.314396858215332,9.946429252624512,9.371003150939941,8.950789451599121,8.87602424621582,8.81484603881836,8.3549222946167,7.476743698120117,6.689605712890625,6.490373134613037,6.617586612701416,6.379538059234619,5.672272682189941,5.336175441741943,5.2053704261779785,4.572732448577881,3.7343196868896484,2.9968063831329346,2.196068048477173,1.6254817247390747,1.2317848205566406,0.7719918489456177,0.3369755744934082,-0.09466917812824249,0.09098824113607407,-0.06782609969377518,-1.414263367652893,-2.6734299659729004,-2.824016571044922,-2.367711067199707,-2.110450506210327,-1.9942035675048828,-1.2755259275436401,0.2986879348754883,1.7226976156234741,2.203282117843628,1.7685227394104004,1.0022222995758057
12.666136741638184,12.670997619628906,12.117356300354004,11.145893096923828,10.483057975769043,10.31596565246582,10.112639427185059,9.602560997009277,9.072582244873047,8.857085227966309,8.878850936889648,8.597521781921387,7.7444610595703125,6.779648303985596,6.314121246337891,6.423602104187012,6.492515563964844,5.879361629486084,4.999350070953369,4.756609916687012,4.474375247955322,3.9287071228027344,3.2809956073760986,2.4691238403320312,1.595418930053711,1.200710415840149,0.930424690246582,0.5287708640098572,0.08007993549108505,0.03698505461215973,0.28927281498908997,-0.42421114444732666,-2.104031801223755,-3.262861728668213,-3.4952940940856934,-3.4744672775268555,-3.693887710571289,-3.837651491165161,-3.309447765350342,-1.76221764087677,0.14635072648525238,1.7302790880203247,2.472598075866699,2.4045538902282715
12.945240020751953,12.75560474395752,11.91797924041748,10.874900817871094,10.324712753295898,10.140814781188965,9.806181907653809,9.313279151916504,8.981515884399414,8.929168701171875,8.804413795471191,8.100313186645508,7.109832286834717,6.56502628326416,6.582304000854492,6.657412052154541,6.154557228088379,5.015345096588135,4.2595953941345215,4.118930816650391,3.827998161315918,3.467933177947998,2.87827730178833,1.922928810119629,1.1489531993865967,0.9122005105018616,0.6774699687957764,0.24965234100818634,-0.04948219656944275,0.2720383107662201,0.3282780945301056,-0.6430834531784058,-2.212376117706299,-3.359706163406372,-3.8687195777893066,-4.231065273284912,-4.666746139526367,-4.835396766662598,-4.397765159606934,-3.1457953453063965,-1.3154290914535522,0.6122308969497681,2.0224294662475586,2.8426198959350586
12.99730110168457,12.565896987915039,11.592918395996094,10.632107734680176,10.174422264099121,9.970809936523438,9.708152770996094,9.468067169189453,9.398744583129883,9.365068435668945,8.881109237670898,7.826441287994385,6.949550628662109,6.8287129402160645,6.995487689971924,6.592958450317383,5.394613265991211,4.19425106048584,3.7893824577331543,3.6053481101989746,3.3891851902008057,3.126438856124878,2.429502010345459,1.4371620416641235,0.8267552852630615,0.6301661729812622,0.395535409450531,0.05292367935180664,0.09032587707042694,0.27255740761756897,-0.2626315653324127,-1.2670682668685913,-2.3480818271636963,-3.3405189514160156,-4.000054836273193,-4.375277042388916,-4.708583354949951,-4.816092491149902,-4.451422214508057,-3.582458972930908,-2.1961443424224854,-0.389545738697052,1.2468199729919434,2.327775001525879
13.074676513671875,12.39232349395752,11.303186416625977,10.40219783782959,10.07308578491211,10.069486618041992,10.075516700744629,10.047327995300293,9.98757553100586,9.634749412536621,8.66862964630127,7.448086738586426,6.70436954498291,6.652238845825195,6.590362548828125,5.751067161560059,4.466471195220947,3.7015364170074463,3.424623966217041,3.212924003601074,3.1013779640197754,2.7962608337402344,1.938367247581482,1.0459144115447998,0.5421324968338013,0.34402525424957275,0.16458168625831604,0.06811274588108063,0.3675270676612854,0.018094733357429504,-0.949981153011322,-1.7746630907058716,-2.4318606853485107,-3.1219794750213623,-3.6976845264434814,-3.921355962753296,-4.123324871063232,-4.303511142730713,-4.180903434753418,-3.664670705795288,-2.7868258953094482,-1.357883334159851,0.4663022756576538,1.8272570371627808
13.399090766906738,12.52892017364502,11.395949363708496,10.642729759216309,10.54805850982666,10.81798267364502,11.066651344299316,11.12488079071045,10.970563888549805,10.349701881408691,9.030220985412598,7.513784408569336,6.578108310699463,6.3549370765686035,6.110368728637695,5.222896575927734,4.283112049102783,3.7541046142578125,3.2061822414398193,2.958231210708618,2.854823350906372,2.4309351444244385,1.5639301538467407,0.7916211485862732,0.28902748227119446,0.07253014296293259,-0.010776599869132042,0.20920787751674652,0.38370585441589355,-0.29365044832229614,-1.0018820762634277,-1.6208854913711548,-2.067958354949951,-2.5381314754486084,-2.960925817489624,-3.2223877906799316,-3.4266061782836914,-3.714988946914673,-3.9096076488494873,-3.734342575073242,-3.3524415493011475,-2.5987067222595215,-0.9679380059242249,0.823509931564331
