data/wind_data/wind_54_3.json
{"header": {"parameterUnit": "KT", "parameterCategory": 2, "nx": 256, "ny": 198, "lo1": 44.73521041870117, "la1": -3.236724853515625, "lo2": 111.26478576660156, "la2": 43.468475341796875, "dx": 0.2609002888202667, "dy": -0.23708222806453705, "refTime": "2025-02-21 06:00:00", "forecastTime": 0, "parameterNumber": 2, "parameterNumberName": "eastward_wind"}, "data":
[rows 114 to 132 of 198, columns 132 to 175 of 256]
10.145306587219238,9.624282836914062,9.968548774719238,10.80061149597168,11.085895538330078,11.082508087158203,11.366223335266113,11.600848197937012,12.033211708068848,12.330845832824707,11.080208778381348,9.45382308959961,8.356329917907715,7.200421333312988,6.226531028747559,5.730617523193359,4.843449592590332,3.718100070953369,3.093325614929199,3.178828001022339,3.4377429485321045,3.412580728530884,3.4333062171936035,4.202324867248535,5.736414909362793,7.474350929260254,9.09862232208252,10.71914005279541,12.598913192749023,14.629504203796387,16.33417510986328,17.304094314575195,17.37553596496582,17.08332061767578,17.011581420898438,17.11630630493164,16.981168746948242,16.402103424072266,16.063928604125977,16.139036178588867,16.107173919677734,16.21843147277832,16.491065979003906,16.84878921508789
10.697229385375977,9.984536170959473,10.148442268371582,11.010128021240234,10.966683387756348,10.842984199523926,10.61594295501709,11.078252792358398,12.672037124633789,12.175087928771973,9.650842666625977,7.990797519683838,6.899812698364258,5.667361259460449,4.71156644821167,4.120265007019043,3.524423837661743,2.8348019123077393,2.430171489715576,2.7003631591796875,3.1804885864257812,3.443019151687622,4.099246025085449,5.669102668762207,7.772160053253174,9.586465835571289,10.890153884887695,11.99661922454834,13.314728736877441,15.055249214172363,16.93704605102539,18.280494689941406,18.789091110229492,18.819751739501953,18.568897247314453,18.170907974243164,17.545623779296875,16.186260223388672,15.122198104858398,15.27863883972168,16.090425491333008,16.93122100830078,17.62847137451172,17.914430618286133
11.617168426513672,10.230095863342285,10.223325729370117,10.891003608703613,11.239086151123047,11.20368480682373,10.782432556152344,11.263176918029785,11.670692443847656,10.158905982971191,8.361095428466797,7.2866997718811035,6.118682384490967,4.8523430824279785,4.346663475036621,4.748786449432373,5.313178062438965,5.342155933380127,4.7930779457092285,4.172243118286133,3.7547318935394287,4.266659259796143,6.107659816741943,8.748639106750488,11.068564414978027,12.2527494430542,12.558009147644043,12.815757751464844,13.681645393371582,15.304123878479004,17.27151107788086,18.69150733947754,19.146751403808594,19.187620162963867,19.13446044921875,18.70330238342285,17.313222885131836,15.444557189941406,14.423731803894043,14.540329933166504,15.359577178955078,16.47138786315918,17.5008544921875,18.03037452697754
12.761192321777344,11.488387107849121,10.783251762390137,10.389046669006348,10.825179100036621,11.273696899414062,11.189647674560547,10.956808090209961,10.29428482055664,9.289831161499023,8.640182495117188,8.441844940185547,7.714872360229492,6.725701808929443,6.585005760192871,7.159721851348877,7.809859275817871,7.947624683380127,7.350573539733887,6.490365982055664,6.227764129638672,6.967410564422607,8.57203197479248,10.77023983001709,12.623905181884766,13.21785831451416,12.936006546020508,13.092162132263184,14.207794189453125,15.868391036987305,17.81159210205078,19.29524803161621,19.59990882873535,19.280664443969727,18.847179412841797,17.9940185546875,16.40937042236328,14.957722663879395,14.523959159851074,15.05793285369873,16.035202026367188,16.758159637451172,17.293710708618164,18.189712524414062
13.466414451599121,12.263914108276367,11.721611022949219,10.581554412841797,10.674200057983398,11.06768798828125,10.511192321777344,10.3743314743042,10.040497779846191,9.820860862731934,9.820130348205566,10.309287071228027,10.40120792388916,9.575637817382812,8.805388450622559,8.515188217163086,8.344511985778809,7.950542449951172,7.188747406005859,6.839700698852539,7.953225612640381,10.367368698120117,12.275609016418457,13.124878883361816,13.187980651855469,12.884162902832031,13.041952133178711,14.57554817199707,16.990543365478516,18.447086334228516,19.803760528564453,21.371204376220703,22.625627517700195,22.847795486450195,22.071577072143555,19.92992401123047,16.31848907470703,14.073945999145508,15.047585487365723,17.564470291137695,19.877798080444336,19.760469436645508,18.13665008544922,17.740047454833984
15.263826370239258,13.316686630249023,12.342449188232422,11.33480167388916,10.677119255065918,10.214590072631836,9.693974494934082,10.189352989196777,10.755593299865723,10.744437217712402,10.471659660339355,10.184206008911133,9.826004981994629,9.088942527770996,8.490978240966797,8.176634788513184,7.828668594360352,8.336516380310059,8.53455638885498,7.528863906860352,8.242587089538574,11.942840576171875,15.154069900512695,14.924933433532715,13.871641159057617,14.580419540405273,16.914447784423828,19.270170211791992,21.82392692565918,23.17403221130371,24.21261978149414,25.089384078979492,26.249507904052734,27.55685043334961,28.91802406311035,25.816286087036133,20.52962875366211,17.988401412963867,20.13677215576172,23.669992446899414,27.073144912719727,25.992809295654297,21.232519149780273,19.27181053161621
17.841453552246094,15.187933921813965,13.284097671508789,12.197630882263184,11.075735092163086,10.039420127868652,9.505681037902832,10.151357650756836,11.063857078552246,11.101411819458008,10.218143463134766,9.001185417175293,8.4847993850708,8.83569049835205,9.425732612609863,10.410324096679688,12.14036750793457,13.547975540161133,11.613914489746094,8.246658325195312,8.518507957458496,11.752568244934082,14.4856538772583,15.054722785949707,16.423828125,18.105276107788086,19.25084686279297,20.683868408203125,21.839801788330078,22.357751846313477,24.86888885498047,25.87839698791504,26.907611846923828,26.02406120300293,25.5672664642334,24.07246971130371,23.65167999267578,25.297805786132812,28.242218017578125,29.456390380859375,26.650123596191406,21.93323516845703,17.71011734008789,15.052831649780273
17.218673706054688,14.997905731201172,12.401095390319824,11.281795501708984,9.857242584228516,9.141278266906738,9.458675384521484,10.046076774597168,10.897893905639648,10.453269004821777,8.933354377746582,8.044114112854004,7.852935791015625,8.378512382507324,9.901378631591797,12.04944896697998,13.635286331176758,13.771923065185547,12.794402122497559,12.001355171203613,13.709982872009277,16.662830352783203,19.688995361328125,20.877979278564453,17.25832748413086,13.369872093200684,13.95133113861084,18.121370315551758,21.00355339050293,19.767658233642578,23.867727279663086,26.541561126708984,25.811948776245117,22.434101104736328,22.133628845214844,24.463651657104492,21.585430145263672,23.544288635253906,24.67704200744629,21.69485092163086,13.112516403198242,8.367774963378906,7.779580116271973,10.649429321289062
12.273237228393555,9.920010566711426,7.685779094696045,7.799298286437988,8.209244728088379,8.279709815979004,8.370682716369629,9.210777282714844,9.911086082458496,9.404768943786621,8.542125701904297,7.422937870025635,6.201256275177002,6.413556098937988,8.651118278503418,12.804289817810059,16.410213470458984,18.909461975097656,21.665164947509766,22.583803176879883,20.106599807739258,19.973426818847656,23.32830810546875,26.951398849487305,20.9692325592041,17.2723445892334,22.294851303100586,24.167097091674805,26.282241821289062,21.68548011779785,20.405248641967773,22.87668800354004,18.17027473449707,16.140350341796875,18.12291145324707,18.730045318603516,13.7096586227417,17.948659896850586,12.665010452270508,15.281547546386719,9.057023048400879,5.117957592010498,8.378159523010254,12.22636890411377
4.957388401031494,3.7173268795013428,4.334705352783203,6.0118207931518555,6.970058917999268,6.742148399353027,7.209977626800537,7.530336856842041,7.8947954177856445,7.432575702667236,5.4613261222839355,7.05735445022583,10.12631893157959,10.240629196166992,9.362283706665039,11.621294021606445,15.968151092529297,21.999149322509766,25.16274070739746,25.484790802001953,25.306838989257812,25.42134666442871,26.9586124420166,29.48163414001465,27.6378231048584,25.537975311279297,25.783939361572266,27.905305862426758,31.122114181518555,32.42729949951172,21.108177185058594,15.86530876159668,10.86348819732666,14.513150215148926,14.878721237182617,16.98636245727539,14.914754867553711,17.33727264404297,13.28659439086914,13.302606582641602,9.957493782043457,8.353862762451172,12.175485610961914,13.55341911315918
-0.47607550024986267,0.3721284568309784,2.8273682594299316,4.492558002471924,4.312443733215332,4.337491989135742,3.8532774448394775,4.4261298179626465,4.930195331573486,5.344924449920654,10.058403968811035,12.521699905395508,14.466784477233887,17.06736183166504,18.090837478637695,17.453330993652344,19.814739227294922,24.076026916503906,26.897401809692383,29.026611328125,31.193626403808594,30.561119079589844,29.42057991027832,29.45368766784668,30.985414505004883,32.57719802856445,35.579986572265625,36.11356735229492,34.76259994506836,30.584205627441406,20.191518783569336,8.98597526550293,7.089936256408691,14.45042896270752,18.449556350708008,17.066499710083008,18.93039894104004,19.017053604125977,18.84764289855957,14.501030921936035,14.062256813049316,13.6154203414917,16.23078155517578,22.764467239379883
-2.6182498931884766,-0.16535034775733948,2.4911692142486572,2.491328239440918,1.8511608839035034,1.7229788303375244,0.9300572872161865,3.77352237701416,5.503312587738037,6.819208145141602,10.440397262573242,10.800708770751953,14.535710334777832,18.594764709472656,20.033151626586914,19.740264892578125,23.17654037475586,24.806015014648438,26.770183563232422,28.43638038635254,28.457752227783203,27.951980590820312,28.58406639099121,29.544185638427734,30.40586280822754,31.619367599487305,32.1402587890625,36.50816345214844,40.17769241333008,30.094717025756836,13.684021949768066,8.821446418762207,12.554108619689941,16.078744888305664,19.76093292236328,16.55129051208496,20.276958465576172,20.086965560913086,15.640995979309082,15.392951011657715,14.459246635437012,16.48246955871582,20.605403900146484,20.59161949157715
-2.5883889198303223,-0.3081527650356293,1.2630114555358887,0.7342033982276917,0.446230947971344,0.2779090106487274,2.4398653507232666,4.899721622467041,5.332241535186768,9.501002311706543,11.020299911499023,9.418976783752441,9.987560272216797,16.618465423583984,23.80941390991211,28.406694412231445,25.534395217895508,24.09153938293457,23.31883430480957,22.8460693359375,25.49129295349121,28.68763542175293,29.711219787597656,30.872034072875977,30.935062408447266,34.3697509765625,33.29885482788086,41.416446685791016,34.743263244628906,13.828046798706055,4.364462375640869,8.12747573852539,14.523174285888672,17.867877960205078,20.523178100585938,18.947174072265625,20.69919776916504,20.00526237487793,16.77480125427246,14.658731460571289,15.046871185302734,15.302035331726074,15.929916381835938,16.575414657592773
-2.374872922897339,-0.43395116925239563,0.9700993299484253,0.6259992718696594,0.8939350843429565,4.963535785675049,7.763036251068115,5.85869836807251,5.1948981285095215,9.22325611114502,12.914382934570312,12.296029090881348,10.084040641784668,16.253616333007812,24.895912170410156,30.451692581176758,31.2121524810791,30.740766525268555,26.973899841308594,25.809219360351562,31.16121482849121,31.33122444152832,30.063446044921875,27.992206573486328,27.344680786132812,30.246395111083984,32.25004959106445,27.790193557739258,17.758853912353516,7.653131008148193,6.161725044250488,10.665124893188477,14.903815269470215,18.018442153930664,20.0753231048584,20.751007080078125,18.939220428466797,16.5963077545166,14.568510055541992,13.57713794708252,13.76503849029541,14.613682746887207,17.428546905517578,18.20680046081543
-3.2312519550323486,-0.30441245436668396,0.8146369457244873,0.8006159663200378,1.6318732500076294,3.1910977363586426,7.267022132873535,10.686110496520996,8.696949005126953,10.346705436706543,14.795429229736328,19.383106231689453,15.769842147827148,10.813373565673828,19.641454696655273,30.05486488342285,36.582305908203125,36.064823150634766,32.52108383178711,32.99708557128906,38.6048698425293,37.66550064086914,33.64252853393555,31.93852996826172,31.37198257446289,27.180505752563477,33.15815353393555,37.414485931396484,28.436471939086914,18.132680892944336,17.06427764892578,19.057355880737305,20.234683990478516,20.77086639404297,21.527999877929688,20.56136703491211,17.11640167236328,15.456071853637695,14.894832611083984,14.478693962097168,14.197336196899414,14.970402717590332,16.808277130126953,17.56043815612793
-1.2334177494049072,0.8415602445602417,1.640146255493164,1.9422552585601807,1.9368886947631836,6.2173752784729,9.604887962341309,9.534807205200195,10.75000286102295,14.585931777954102,17.775787353515625,21.895139694213867,25.238035202026367,28.258398056030273,30.62568473815918,33.097450256347656,37.40557098388672,42.08628845214844,41.14337921142578,40.647499084472656,41.69700622558594,36.794410705566406,33.53481674194336,32.33717346191406,30.895160675048828,31.1341495513916,29.949539184570312,30.75771713256836,33.266929626464844,33.78141403198242,31.760169982910156,29.15574836730957,27.02999496459961,26.477535247802734,24.199119567871094,23.005250930786133,22.705909729003906,18.634971618652344,16.0899658203125,14.173041343688965,13.522689819335938,13.533646583557129,14.925848960876465,17.64437484741211
-4.650803089141846,1.5320218801498413,8.242106437683105,7.988917827606201,5.8679938316345215,9.194945335388184,12.38495922088623,12.618135452270508,14.430354118347168,18.104711532592773,19.834346771240234,21.074604034423828,26.080726623535156,32.683738708496094,35.79429244995117,36.96044158935547,40.720489501953125,46.51145935058594,46.23790740966797,41.653995513916016,35.05982971191406,32.08843994140625,32.021270751953125,31.103164672851562,30.586530685424805,31.610261917114258,32.800655364990234,34.33150863647461,35.215660095214844,33.797000885009766,32.317630767822266,31.742321014404297,29.862668991088867,28.52089500427246,23.40499496459961,22.126649856567383,19.28496551513672,17.53589630126953,16.817848205566406,13.568618774414062,12.822175025939941,12.907665252685547,13.918854713439941,16.834440231323242
-0.8581740260124207,4.599689960479736,9.145207405090332,7.0713396072387695,7.044384956359863,11.074275970458984,15.013813972473145,19.13389778137207,20.443124771118164,22.82600212097168,23.676082611083984,22.670461654663086,26.68221664428711,34.6556396484375,41.03993606567383,44.160850524902344,45.74616622924805,47.95641326904297,42.356109619140625,32.59220886230469,30.43920135498047,32.03151321411133,32.539520263671875,33.22381591796875,33.18217086791992,33.181697845458984,34.300743103027344,36.11166000366211,36.429256439208984,35.44954299926758,34.29483413696289,33.343711853027344,30.913497924804688,28.080944061279297,24.163166046142578,19.05345344543457,15.16231918334961,14.040665626525879,10.524863243103027,9.631418228149414,10.78536319732666,11.15504264831543,12.275362014770508,14.208596229553223
7.122903347015381,10.411956787109375,11.22357177734375,10.980799674987793,11.730585098266602,13.923158645629883,18.314077377319336,28.138566970825195,32.58155059814453,31.103506088256836,30.361652374267578,30.20892333984375,35.15239715576172,43.120361328125,49.69709777832031,50.8408088684082,49.80738830566406,44.51576232910156,34.52354049682617,29.060348510742188,30.084428787231445,32.3006706237793,34.711116790771484,36.477561950683594,37.3470458984375,37.149497985839844,37.348289489746094,37.370033264160156,37.1507682800293,36.60980224609375,35.977325439453125,34.368045806884766,31.076129913330078,27.688810348510742,24.25528907775879,19.044677734375,15.948050498962402,16.153669357299805,15.143522262573242,14.846566200256348,14.87108325958252,13.068918228149414,11.64265251159668,13.852863311767578
