data/wind_data/wind_20_9.json
{"header": {"parameterUnit": "KT", "parameterCategory": 2, "nx": 256, "ny": 198, "lo1": 44.73521041870117, "la1": -3.236724853515625, "lo2": 111.26478576660156, "la2": 43.468475341796875, "dx": 0.2609002888202667, "dy": -0.23708222806453705, "refTime": "2025-02-19 20:00:00", "forecastTime": 0, "parameterNumber": 2, "parameterNumberName": "eastward_wind"}, "data":
[rows 120 to 139 of 198, columns 43 to 85 of 256]
4.296314716339111,3.9838666915893555,3.2937281131744385,2.7227139472961426,3.1409225463867188,3.6942508220672607,3.410301685333252,2.7213640213012695,2.5504353046417236,3.50820255279541,5.336658000946045,7.646174430847168,9.72696304321289,11.101844787597656,11.171178817749023,10.028680801391602,8.436264038085938,7.0094733238220215,5.765644073486328,4.568819522857666,3.9857285022735596,5.51841402053833,9.332059860229492,13.942739486694336,17.579721450805664,19.439250946044922,19.447952270507812,17.715160369873047,14.744309425354004,11.498366355895996,9.190993309020996,8.219426155090332,8.262160301208496,9.441173553466797,11.736933708190918,13.688255310058594,13.153037071228027,8.734835624694824,1.8604912757873535,-1.6595896482467651,-0.24047310650348663,2.8031911849975586,11.08428955078125
5.055880069732666,5.237014293670654,4.880499839782715,3.6466753482818604,2.812826156616211,3.208545207977295,3.897672414779663,4.237536907196045,4.294940948486328,4.567538738250732,5.151891708374023,6.592174053192139,8.697027206420898,10.518439292907715,11.055985450744629,10.061637878417969,8.53657341003418,7.047398090362549,5.014724254608154,3.293215274810791,3.7638421058654785,6.901571273803711,11.014277458190918,14.480094909667969,16.63335609436035,17.951427459716797,18.29835319519043,17.343036651611328,15.067855834960938,11.821036338806152,9.228076934814453,8.205439567565918,8.435831069946289,10.134978294372559,12.862700462341309,14.912859916687012,15.147073745727539,12.537247657775879,6.2644429206848145,-0.35191023349761963,-2.0132195949554443,1.3134633302688599,11.315497398376465
4.7714033126831055,5.6515069007873535,6.243438243865967,5.301966667175293,3.8152596950531006,3.6341395378112793,4.634544372558594,5.41825008392334,5.3003411293029785,4.634372234344482,4.309442520141602,5.209013938903809,7.105688571929932,8.5822114944458,8.93248462677002,8.497770309448242,7.653904914855957,5.742080211639404,2.4630863666534424,1.277190089225769,4.091996669769287,8.60608196258545,12.50879192352295,14.648114204406738,15.77127456665039,16.72160530090332,16.83973503112793,15.646575927734375,13.146886825561523,10.519965171813965,9.232192039489746,9.002558708190918,9.584420204162598,11.314568519592285,13.624056816101074,15.202877044677734,15.598520278930664,14.438910484313965,9.465533256530762,1.848891019821167,-2.544783592224121,-0.8680658936500549,10.24863052368164
3.435549259185791,4.677298545837402,6.289371967315674,6.549835681915283,5.725908279418945,5.674760818481445,6.504734516143799,6.709489822387695,5.72316312789917,4.360687255859375,4.237782955169678,5.764767646789551,7.353292942047119,7.234935283660889,5.798763751983643,4.9608988761901855,4.900061130523682,3.192481279373169,0.1959371715784073,0.5722187161445618,4.521734237670898,8.99867057800293,12.073153495788574,13.758217811584473,15.189682960510254,15.858348846435547,14.763452529907227,12.117673873901367,9.410107612609863,8.519732475280762,8.802138328552246,9.33489990234375,10.327634811401367,11.825862884521484,13.316448211669922,13.920369148254395,13.61057186126709,12.929797172546387,9.69161605834961,3.3505518436431885,-1.7366503477096558,-1.365159273147583,9.371935844421387
2.1275672912597656,3.1486990451812744,4.766932964324951,6.295718669891357,7.243834972381592,7.880646228790283,8.112842559814453,7.493719100952148,5.982378959655762,4.8872456550598145,5.4354376792907715,7.024289131164551,7.515122890472412,6.172082901000977,4.879056453704834,4.654857158660889,4.330044269561768,2.0632388591766357,-0.10003653913736343,1.2966413497924805,5.504868030548096,9.61389446258545,12.083756446838379,13.812255859375,15.029034614562988,14.318750381469727,11.320974349975586,7.840440273284912,6.569011211395264,7.089148044586182,7.819909572601318,8.525938987731934,9.52563190460205,10.879351615905762,11.908182144165039,11.686370849609375,10.410384178161621,9.381943702697754,8.041423797607422,4.507650852203369,-0.3679448366165161,-2.2758941650390625,8.233524322509766
1.5608689785003662,2.2603161334991455,3.3841352462768555,5.251262664794922,7.487198352813721,9.192754745483398,9.046926498413086,7.963685512542725,6.854491710662842,6.3097639083862305,6.4967427253723145,6.450544834136963,5.760595798492432,5.743166446685791,6.941769599914551,7.274119853973389,4.9875922203063965,1.445035696029663,0.1095210388302803,2.935917615890503,8.07234001159668,11.977876663208008,13.699585914611816,14.832136154174805,14.945334434509277,12.423530578613281,8.23896598815918,5.645687103271484,5.187390327453613,5.581727027893066,6.344038963317871,7.142791748046875,7.834523677825928,8.845383644104004,9.678085327148438,9.3521728515625,7.697724342346191,6.50266170501709,7.177711009979248,6.553317070007324,3.6874613761901855,1.0066765546798706,9.489643096923828
1.2997080087661743,1.570002794265747,2.062222480773926,3.6707684993743896,6.919631004333496,10.009129524230957,10.03754711151123,8.67149829864502,7.973852634429932,7.864461421966553,7.193384647369385,5.822078227996826,5.049827575683594,6.754293441772461,9.344285011291504,8.644222259521484,4.200525283813477,0.05239105224609375,0.1360415518283844,4.289303779602051,9.694708824157715,13.322830200195312,14.406652450561523,14.543010711669922,13.386119842529297,10.053714752197266,6.538943767547607,4.696020603179932,4.19403600692749,4.152297496795654,4.547996997833252,5.325964450836182,5.989508628845215,6.8025641441345215,7.404994487762451,6.816489219665527,4.8835554122924805,4.168801307678223,5.906909465789795,6.8782501220703125,5.950719356536865,4.3406243324279785,13.187958717346191
0.9905375242233276,0.2966844141483307,0.3179241716861725,2.329036235809326,6.343815803527832,9.990745544433594,10.353585243225098,9.15191650390625,8.930965423583984,8.784200668334961,7.463343620300293,6.285556793212891,6.880659580230713,9.489556312561035,11.06083869934082,7.659172534942627,1.9777263402938843,-0.3585689961910248,2.037421941757202,6.522062301635742,10.726780891418457,13.228432655334473,13.644708633422852,12.882941246032715,11.300663948059082,8.956128120422363,6.443374156951904,4.5740838050842285,3.1549806594848633,2.1271302700042725,2.6924970149993896,4.187140941619873,5.469964981079102,6.035882949829102,5.888782501220703,4.796037673950195,2.7905542850494385,1.8601292371749878,3.084275484085083,5.254166603088379,5.963415622711182,5.8140177726745605,17.064176559448242
0.894798755645752,-0.6486334204673767,0.07840721309185028,3.13240385055542,6.718664646148682,9.162076950073242,9.836409568786621,9.534041404724121,8.829793930053711,7.03135347366333,6.126936435699463,6.999593734741211,8.988081932067871,11.296778678894043,11.286577224731445,6.82253885269165,1.5859190225601196,1.4280539751052856,5.787104606628418,10.62529182434082,12.89240550994873,12.946710586547852,12.077207565307617,11.301714897155762,10.845982551574707,9.904744148254395,7.994527339935303,5.228475570678711,2.1636641025543213,1.3106114864349365,2.499411106109619,4.207511901855469,5.650608539581299,5.925705432891846,4.9769392013549805,3.6237714290618896,1.9502449035644531,-0.117125503718853,-0.40511390566825867,2.8191239833831787,5.552565097808838,7.334704399108887,18.603923797607422
0.6490222215652466,-0.385122150182724,2.1506333351135254,6.04672908782959,7.602077484130859,8.112993240356445,8.71317195892334,7.918542385101318,5.953030586242676,4.832162857055664,5.171736717224121,6.073548793792725,7.677900314331055,9.471328735351562,9.320647239685059,5.6146979331970215,1.9645297527313232,3.7494349479675293,9.637166976928711,13.71084213256836,13.225911140441895,10.580991744995117,9.12553596496582,9.977388381958008,11.26203441619873,11.179322242736816,9.20110034942627,5.738193511962891,2.917579412460327,2.524271011352539,3.3821804523468018,4.607499599456787,5.563016891479492,5.446264266967773,4.330220699310303,3.4782426357269287,2.3302395343780518,-0.6093607544898987,-3.575932741165161,-2.567992687225342,0.05743151158094406,3.487924814224243,17.818567276000977
0.18831484019756317,0.09942930191755295,4.03040885925293,9.000166893005371,9.586517333984375,8.084837913513184,7.469411849975586,6.263171672821045,5.480928897857666,5.38367223739624,4.943540096282959,4.228418827056885,4.174182415008545,4.851128101348877,4.535086154937744,1.6088156700134277,-0.045954782515764236,4.491981506347656,11.306788444519043,13.712423324584961,11.375153541564941,7.54782772064209,7.141390323638916,10.460622787475586,13.162178993225098,12.975456237792969,10.828618049621582,7.885990619659424,5.405701637268066,3.9387409687042236,4.044736385345459,5.275582790374756,6.097358226776123,5.439614295959473,3.9436330795288086,3.5107579231262207,2.659128189086914,-0.5239773392677307,-4.448420524597168,-5.579589366912842,-2.5236082077026367,1.5650287866592407,17.283430099487305
-2.3281688690185547,-1.0927841663360596,4.114880084991455,9.911191940307617,11.466574668884277,9.845726013183594,8.738117218017578,7.325119972229004,6.260501861572266,5.970405101776123,5.698460578918457,4.524385452270508,2.8959426879882812,1.2127119302749634,-0.9630014300346375,-3.220947742462158,-1.6385468244552612,5.026731967926025,11.049973487854004,11.642826080322266,8.462981224060059,5.48670768737793,6.810811996459961,11.446684837341309,14.694830894470215,14.424156188964844,12.429828643798828,9.979681968688965,7.626941204071045,5.511600494384766,4.620072364807129,5.638015270233154,6.933110237121582,6.390944004058838,4.358160972595215,3.185685873031616,1.9299769401550293,-1.0695841312408447,-4.425179958343506,-7.145846843719482,-4.040444850921631,2.3985629081726074,8.561605453491211
-5.083021640777588,-2.620382308959961,3.1403391361236572,8.339451789855957,11.17455005645752,12.393410682678223,11.413606643676758,9.085782051086426,7.03165340423584,6.799063682556152,7.060876846313477,6.222983360290527,4.023413181304932,0.6150346994400024,-3.2597594261169434,-4.5008015632629395,-0.5938447713851929,5.718813896179199,9.43366813659668,8.635387420654297,6.137353897094727,5.338217735290527,7.451492786407471,11.1192626953125,13.911652565002441,14.137187004089355,12.449403762817383,10.31509017944336,8.473066329956055,6.667477607727051,5.527626991271973,5.797857761383057,6.830868721008301,6.750123500823975,4.827911853790283,2.8420376777648926,0.7042725086212158,-2.188218832015991,-3.6709392070770264,-5.497380256652832,-6.694072723388672,-2.0625367164611816,0.08196442574262619
-5.534177780151367,-2.694948434829712,1.8348779678344727,4.968751907348633,7.589044570922852,12.100769996643066,13.757120132446289,10.672818183898926,8.175003051757812,7.420886039733887,7.256625175476074,6.454349994659424,4.423144817352295,1.374929428100586,-1.4435313940048218,-1.5780506134033203,2.0310428142547607,5.803640365600586,6.946384429931641,6.110843658447266,5.669960975646973,6.4654622077941895,7.719613075256348,9.310193061828613,11.202066421508789,12.005321502685547,11.124363899230957,9.667032241821289,8.228391647338867,6.799504280090332,6.052478313446045,6.158103942871094,6.584556579589844,6.271247863769531,4.696023464202881,2.5100152492523193,-0.03665032610297203,-2.7269861698150635,-3.61039400100708,-3.4335482120513916,-4.57511043548584,-4.460608959197998,0.06931286305189133
-4.249822616577148,-3.123746395111084,-1.8020449876785278,-0.297506183385849,2.567262887954712,8.321761131286621,13.376941680908203,12.234025001525879,10.004546165466309,8.496611595153809,7.292238712310791,6.079133987426758,4.316173076629639,2.4956705570220947,1.4349427223205566,1.6707409620285034,3.0187108516693115,3.880063056945801,4.091572284698486,4.753358840942383,5.924558639526367,6.716636657714844,6.517521381378174,6.334882736206055,7.390522480010986,8.662423133850098,8.98849868774414,8.56677532196045,7.773728847503662,6.942297458648682,6.351894378662109,6.477511405944824,7.018756866455078,6.6096014976501465,4.833465099334717,2.5753660202026367,-0.02766638994216919,-2.4748778343200684,-3.640350580215454,-3.6624138355255127,-3.121297836303711,-2.972504138946533,-1.9238088130950928
-3.561540126800537,-5.203464984893799,-5.903491973876953,-4.078951835632324,-0.20367743074893951,4.674488544464111,10.362435340881348,12.995610237121582,12.002182006835938,9.772798538208008,7.986490249633789,6.551868915557861,5.1140360832214355,4.485869407653809,4.495206832885742,4.028862953186035,2.9682586193084717,2.328047037124634,2.737708330154419,3.748218297958374,4.5819196701049805,4.611424922943115,3.675794839859009,2.929426431655884,3.5370383262634277,5.362943649291992,7.294210910797119,8.406800270080566,8.745138168334961,8.290067672729492,7.252570629119873,7.169712543487549,8.164201736450195,7.803607940673828,5.382822036743164,2.6322338581085205,0.15821915864944458,-2.005211591720581,-2.9905383586883545,-3.2281887531280518,-3.102829933166504,-2.7792866230010986,-2.350445508956909
-3.5207009315490723,-5.783106803894043,-5.988990306854248,-3.9159326553344727,-0.47513800859451294,2.7689781188964844,6.349725246429443,10.46399211883545,12.192893981933594,11.448334693908691,9.83113956451416,8.182559967041016,7.047787189483643,7.133127212524414,7.608345031738281,6.646030902862549,4.460268974304199,2.97914719581604,2.547677755355835,2.24753999710083,1.6728521585464478,0.8694431185722351,-0.11638937145471573,-0.45411545038223267,0.6523774266242981,2.9106576442718506,5.725028038024902,8.916030883789062,11.087882041931152,11.016374588012695,9.193497657775879,8.274267196655273,9.38499927520752,9.295785903930664,6.217886447906494,2.6166059970855713,-0.12168850004673004,-1.9041588306427002,-1.9208793640136719,-1.2063441276550293,-1.0220351219177246,-1.0286791324615479,-0.6990377306938171
-1.438454031944275,-3.2858991622924805,-2.667322874069214,-0.9781303405761719,0.5575355887413025,2.1249349117279053,4.481016159057617,7.706380367279053,10.541213035583496,11.395439147949219,10.808625221252441,9.821070671081543,9.31121826171875,9.888238906860352,10.512590408325195,9.520069122314453,7.040278911590576,4.694430828094482,2.866598606109619,1.092280626296997,-0.7160468101501465,-2.2148587703704834,-2.874467134475708,-2.3672378063201904,-0.893252432346344,1.336006760597229,4.910863876342773,9.688953399658203,13.34252643585205,13.867137908935547,11.562907218933105,9.404603004455566,9.942267417907715,10.779027938842773,7.854853630065918,3.5200719833374023,0.024357177317142487,-1.673570990562439,-1.0477241277694702,-0.21305812895298004,0.5665965676307678,2.045421838760376,3.1574347019195557
1.574836015701294,0.5172778367996216,1.228162407875061,2.089099884033203,2.05722975730896,2.4666335582733154,4.1869587898254395,6.435233116149902,8.60935115814209,10.027676582336426,10.313594818115234,9.999115943908691,10.359540939331055,12.116713523864746,13.33926010131836,12.360864639282227,9.574053764343262,6.371214866638184,3.356700897216797,0.6748085021972656,-1.4584492444992065,-2.738541603088379,-2.948151111602783,-2.291287899017334,-0.9834445714950562,1.3652052879333496,5.56253719329834,10.965444564819336,14.987459182739258,15.665045738220215,13.406231880187988,10.51446533203125,10.0391845703125,11.619322776794434,10.386979103088379,6.163055896759033,2.1731581687927246,0.09282347559928894,0.12180763483047485,0.10153713077306747,0.5242487192153931,2.962080240249634,5.5074687004089355
2.787503480911255,3.529768228530884,4.223814964294434,3.6695096492767334,2.7409422397613525,2.767517566680908,3.9574570655822754,5.745236873626709,7.676477909088135,9.23977279663086,9.82487964630127,9.5244779586792,9.965353965759277,12.677741050720215,15.253824234008789,14.757238388061523,11.717954635620117,7.881211757659912,4.223484039306641,1.21478271484375,-0.6832335591316223,-1.5527411699295044,-1.7783143520355225,-1.4989019632339478,-0.40126538276672363,2.2112178802490234,6.690803050994873,12.136918067932129,15.92570686340332,16.503936767578125,14.618127822875977,11.711684226989746,10.26339054107666,11.62032413482666,12.34272289276123,9.463027954101562,5.518950939178467,3.1757426261901855,2.451975107192993,1.7193143367767334,0.8958919644355774,2.0460314750671387,4.48115348815918
