data/wind_data/wind_30_4.json
{"header": {"parameterUnit": "KT", "parameterCategory": 2, "nx": 256, "ny": 198, "lo1": 44.73521041870117, "la1": -3.236724853515625, "lo2": 111.26478576660156, "la2": 43.468475341796875, "dx": 0.2609002888202667, "dy": -0.23708222806453705, "refTime": "2025-02-20 06:00:00", "forecastTime": 0, "parameterNumber": 2, "parameterNumberName": "eastward_wind"}, "data":
[rows 171 to 189 of 198, columns 176 to 219 of 256]
25.257265090942383,26.077844619750977,26.24279022216797,25.952041625976562,25.922422409057617,26.15657615661621,26.396467208862305,26.741796493530273,27.417085647583008,28.24525260925293,29.035348892211914,29.634803771972656,30.181716918945312,31.141586303710938,32.85054016113281,34.85686492919922,36.936424255371094,38.92985916137695,40.68608474731445,41.499393463134766,40.945037841796875,40.37623977661133,40.545265197753906,41.636375427246094,42.63728713989258,42.064884185791016,41.89902114868164,42.57017517089844,42.65959167480469,42.53351974487305,44.11248779296875,46.124229431152344,46.25132369995117,45.762149810791016,43.2653923034668,41.65637969970703,44.25453186035156,43.840721130371094,39.63724899291992,36.609947204589844,35.962486267089844,34.00017547607422,31.43932342529297,31.814807891845703
29.14520835876465,27.896169662475586,26.38866424560547,26.685304641723633,27.446687698364258,27.55594825744629,26.794254302978516,26.41910743713379,26.65406036376953,27.26649284362793,28.27544593811035,29.722444534301758,31.16431427001953,32.45765686035156,33.97395706176758,35.894386291503906,37.70569610595703,38.86058807373047,40.0404167175293,40.79403305053711,40.62301254272461,39.35000228881836,38.57426452636719,39.83954620361328,41.422645568847656,42.03156280517578,43.135826110839844,44.078155517578125,43.55967330932617,42.850276947021484,43.78144836425781,45.40922927856445,45.99087142944336,44.48474884033203,42.77265548706055,43.950069427490234,42.808834075927734,39.31847381591797,36.70240783691406,34.47461700439453,33.31393814086914,32.22821044921875,30.661222457885742,30.25355339050293
29.58295249938965,29.392627716064453,28.89067840576172,28.731569290161133,28.989551544189453,28.225372314453125,26.97284698486328,26.637325286865234,26.667085647583008,27.458791732788086,28.798189163208008,30.78917121887207,32.087364196777344,33.39732360839844,34.357112884521484,35.187782287597656,36.234161376953125,37.8792839050293,39.782962799072266,40.54621505737305,39.47764587402344,36.957847595214844,36.61050033569336,39.04072952270508,40.83612823486328,41.73563003540039,43.23116683959961,44.120609283447266,43.37028503417969,42.61372756958008,43.62565231323242,44.98902893066406,44.9835090637207,42.79475402832031,43.26869201660156,41.736690521240234,39.18921661376953,36.9232292175293,34.257415771484375,32.098880767822266,31.20478630065918,30.734567642211914,29.14415168762207,26.868976593017578
29.988862991333008,29.96728515625,30.234909057617188,29.668350219726562,29.000736236572266,28.56252098083496,28.042387008666992,28.24620246887207,28.72491455078125,29.628767013549805,31.109119415283203,32.352783203125,32.515506744384766,33.30242919921875,34.34354019165039,35.158836364746094,36.47358703613281,38.797786712646484,40.56529998779297,39.323184967041016,36.19245910644531,35.33624267578125,37.70209884643555,39.463966369628906,39.569156646728516,41.13235092163086,43.48389434814453,43.94243240356445,42.78439712524414,42.71035385131836,44.41086959838867,45.017704010009766,43.337615966796875,42.04644012451172,40.54436492919922,39.892635345458984,37.596858978271484,34.21720886230469,32.2081184387207,31.384952545166016,30.050186157226562,28.326740264892578,25.931835174560547,24.246173858642578
27.43813705444336,27.104713439941406,27.05111312866211,27.0401611328125,26.66994857788086,26.842655181884766,27.333595275878906,28.285375595092773,29.472537994384766,30.956846237182617,33.13515853881836,33.62160873413086,32.85853958129883,34.02951431274414,35.76130294799805,37.01972961425781,38.17729949951172,40.11338424682617,40.60903549194336,37.38547897338867,35.09986877441406,37.67991256713867,40.5837516784668,39.742103576660156,38.339805603027344,41.933170318603516,44.81768035888672,43.41351318359375,42.06416320800781,43.50318908691406,44.48418426513672,43.19386291503906,40.805885314941406,39.516029357910156,39.246421813964844,37.540000915527344,33.95478820800781,31.103487014770508,30.035024642944336,29.574539184570312,28.1070499420166,25.37594985961914,23.94427490234375,23.65888023376465
21.205026626586914,21.43151092529297,22.224857330322266,23.307973861694336,24.13341522216797,25.175195693969727,26.71356964111328,28.3044376373291,29.64249038696289,31.065996170043945,32.88564682006836,33.80379104614258,32.888214111328125,33.356868743896484,35.84115219116211,37.516990661621094,38.34965896606445,39.667991638183594,39.81147384643555,37.21870040893555,36.80170440673828,40.10664749145508,41.95846939086914,39.817710876464844,39.18217468261719,43.49917984008789,45.016910552978516,42.06922912597656,41.27851486206055,42.525569915771484,41.85697555541992,40.23824691772461,39.57195281982422,37.56260681152344,34.74113082885742,32.44612503051758,30.321210861206055,28.61646270751953,27.846811294555664,26.749494552612305,25.304393768310547,24.12467384338379,23.347803115844727,22.890840530395508
18.604402542114258,19.981521606445312,21.6252498626709,23.24424171447754,24.757471084594727,25.999624252319336,27.273677825927734,28.52387237548828,29.476900100708008,30.278160095214844,31.27904510498047,32.01233673095703,31.67089080810547,31.253217697143555,32.762969970703125,34.02892303466797,34.84560012817383,36.84626388549805,37.70983123779297,35.94315719604492,35.73224639892578,38.621517181396484,40.24910354614258,39.186683654785156,40.81718444824219,43.29357147216797,42.36308288574219,39.73390579223633,39.58625030517578,39.09688949584961,38.490596771240234,37.82231140136719,35.82059097290039,33.55244827270508,31.521202087402344,29.80037498474121,28.259859085083008,26.881174087524414,25.794523239135742,24.75119972229004,23.646305084228516,22.67880630493164,22.065847396850586,21.890117645263672
19.790374755859375,21.197662353515625,22.806106567382812,24.370113372802734,25.72359275817871,26.801773071289062,27.648653030395508,28.36680030822754,29.043928146362305,29.47918128967285,29.45902442932129,29.225648880004883,29.19989013671875,29.095287322998047,29.373722076416016,29.446382522583008,29.697036743164062,31.40142822265625,32.56559371948242,32.05014419555664,32.52464294433594,35.027530670166016,37.27260208129883,38.48398208618164,39.89006042480469,40.01192092895508,38.42990493774414,37.08403015136719,35.89041519165039,35.649906158447266,35.25056076049805,33.89939880371094,32.32258224487305,30.821277618408203,29.56216049194336,28.537761688232422,27.100797653198242,25.22731590270996,23.620222091674805,22.460309982299805,21.77193832397461,21.432693481445312,21.31177520751953,21.428611755371094
21.31329917907715,22.42365837097168,23.712507247924805,25.01209831237793,26.166255950927734,27.063879013061523,27.561182022094727,27.741716384887695,27.768173217773438,27.796695709228516,27.806486129760742,27.70870018005371,27.392253875732422,26.943037033081055,26.40785026550293,25.481735229492188,24.41010093688965,24.89777183532715,26.79351043701172,28.12765121459961,29.611000061035156,32.79236602783203,35.7000846862793,36.324249267578125,35.82109069824219,35.374637603759766,34.67733383178711,34.21792984008789,33.5549430847168,32.35548400878906,31.52847671508789,30.77849006652832,29.779644012451172,28.7066707611084,27.876705169677734,26.8897762298584,25.107877731323242,23.0118465423584,21.445249557495117,20.58972930908203,20.311288833618164,20.37708282470703,20.613237380981445,20.86019515991211
23.393634796142578,24.163455963134766,24.886301040649414,25.65645980834961,26.466283798217773,27.164819717407227,27.583818435668945,27.482040405273438,26.863859176635742,26.258371353149414,25.856327056884766,25.389080047607422,24.89560890197754,24.33997917175293,23.362348556518555,22.067914962768555,21.526206970214844,22.32374382019043,24.128503799438477,26.606643676757812,29.287296295166016,31.599342346191406,32.95195770263672,32.89352035522461,31.92131996154785,31.63654899597168,32.154701232910156,32.127986907958984,31.170360565185547,29.77188491821289,28.73529815673828,28.097082138061523,27.272005081176758,26.152599334716797,24.97372817993164,23.65300941467285,22.116544723510742,20.68466567993164,19.745763778686523,19.4439754486084,19.57662010192871,19.816152572631836,19.94584846496582,19.91647720336914
25.21303367614746,25.68641471862793,26.086498260498047,26.777664184570312,27.61925506591797,28.231054306030273,28.327558517456055,27.615755081176758,26.369638442993164,25.45185661315918,25.015188217163086,24.56906509399414,23.820859909057617,22.633581161499023,21.426197052001953,20.836177825927734,21.326026916503906,22.62814712524414,24.45702362060547,26.65142059326172,28.616361618041992,29.678346633911133,29.82782745361328,29.590538024902344,29.52439308166504,29.822721481323242,29.939006805419922,29.292783737182617,28.100765228271484,27.16405487060547,26.85753059387207,26.702322006225586,25.884557723999023,24.240230560302734,22.277036666870117,20.30333709716797,18.870210647583008,18.166635513305664,18.090011596679688,18.479738235473633,19.025888442993164,19.30898094177246,19.07840919494629,18.438453674316406
26.471935272216797,26.74243927001953,27.118104934692383,28.098793029785156,29.33831214904785,30.153268814086914,29.661026000976562,27.962671279907227,26.143638610839844,25.161287307739258,24.961688995361328,24.816547393798828,23.998836517333984,22.73929214477539,22.181278228759766,22.511516571044922,23.469327926635742,24.82366943359375,26.491918563842773,28.209901809692383,29.40923309326172,29.47514533996582,28.725923538208008,28.07196044921875,28.112337112426758,28.593372344970703,28.567413330078125,27.680940628051758,26.607393264770508,26.24308967590332,26.533573150634766,26.722686767578125,25.879375457763672,23.59762954711914,20.682781219482422,18.21296501159668,16.95638084411621,16.797109603881836,17.22380828857422,17.836580276489258,18.319889068603516,18.295696258544922,17.628665924072266,16.584426879882812
27.31260871887207,27.527114868164062,27.829633712768555,28.523723602294922,29.45439338684082,30.005842208862305,29.67138671875,28.276287078857422,26.430339813232422,25.18385124206543,24.85258674621582,24.577783584594727,24.039400100708008,24.047391891479492,24.929153442382812,26.02086067199707,27.411775588989258,29.053916931152344,30.409154891967773,30.975934982299805,30.401874542236328,28.954851150512695,27.688499450683594,27.452796936035156,28.252931594848633,29.03984260559082,28.623184204101562,27.400068283081055,26.36043930053711,25.891576766967773,25.82197380065918,25.518007278442383,24.244096755981445,21.620271682739258,18.575422286987305,16.69013214111328,16.206636428833008,16.40266990661621,16.745948791503906,17.001951217651367,17.026718139648438,16.596418380737305,15.806097984313965,14.875089645385742
28.018779754638672,28.00360679626465,27.894081115722656,27.69237518310547,27.600902557373047,27.785356521606445,27.85186004638672,27.09130859375,25.496755599975586,24.017427444458008,23.2689151763916,23.049253463745117,23.576793670654297,24.98236656188965,27.08458709716797,29.408458709716797,31.59822654724121,33.43802261352539,34.04410171508789,32.71871566772461,30.09933090209961,27.701013565063477,26.9364013671875,27.988285064697266,29.802627563476562,30.531824111938477,29.220468521118164,27.083850860595703,25.427684783935547,24.433862686157227,23.658357620239258,22.646106719970703,21.098838806152344,18.758771896362305,16.590713500976562,15.640477180480957,15.665562629699707,15.926507949829102,16.039615631103516,15.87716007232666,15.439159393310547,14.793391227722168,14.217889785766602,13.662063598632812
28.902538299560547,28.14836883544922,27.070850372314453,25.741975784301758,24.69596290588379,24.386032104492188,24.167282104492188,23.469768524169922,22.26327133178711,21.339468002319336,21.42899513244629,22.59232521057129,24.330608367919922,26.205595016479492,28.51205825805664,31.25164222717285,33.70652389526367,34.83817672729492,33.9399299621582,31.348228454589844,28.453014373779297,27.059642791748047,27.9925594329834,30.24131202697754,32.02702713012695,31.80152130126953,29.179136276245117,25.971677780151367,23.676876068115234,22.288803100585938,20.994800567626953,19.485137939453125,18.083740234375,16.59209632873535,15.319287300109863,14.975147247314453,15.166718482971191,15.356995582580566,15.196084022521973,14.640399932861328,13.968570709228516,13.40666675567627,13.126632690429688,12.967266082763672
29.264631271362305,27.703649520874023,25.63222885131836,23.465057373046875,21.704309463500977,20.753211975097656,20.302762985229492,20.145933151245117,20.311967849731445,20.870960235595703,22.0581111907959,23.8843994140625,25.779285430908203,27.553293228149414,29.641799926757812,31.91948890686035,33.20408248901367,32.501338958740234,30.377378463745117,28.24225425720215,27.279491424560547,28.21556282043457,30.285930633544922,32.73020553588867,34.05186080932617,32.904014587402344,28.94088363647461,24.795547485351562,21.99150276184082,20.134349822998047,18.26634979248047,16.65143394470215,15.826824188232422,15.24122142791748,14.650293350219727,14.465795516967773,14.550657272338867,14.496018409729004,14.072650909423828,13.443950653076172,12.993371963500977,12.777059555053711,12.750693321228027,12.896145820617676
28.300678253173828,25.609596252441406,22.833782196044922,20.549713134765625,19.07872772216797,18.67763900756836,19.165145874023438,20.25831413269043,21.548864364624023,22.641977310180664,23.661466598510742,24.962799072265625,26.57999038696289,28.55232810974121,30.509660720825195,31.495492935180664,30.65603256225586,28.34949493408203,26.206680297851562,25.919414520263672,27.559246063232422,29.91275405883789,31.8625545501709,33.478240966796875,34.01747131347656,32.0909538269043,27.169084548950195,22.706174850463867,20.15660858154297,18.41752815246582,16.41132926940918,15.001255989074707,14.681922912597656,14.492313385009766,14.169291496276855,13.963031768798828,13.69405746459961,13.273298263549805,12.856432914733887,12.611644744873047,12.600399017333984,12.720388412475586,12.902935028076172,13.125036239624023
23.734088897705078,20.556886672973633,18.278427124023438,17.455488204956055,17.923383712768555,19.060144424438477,20.47598648071289,21.918298721313477,22.991201400756836,23.634462356567383,24.360937118530273,25.46253776550293,27.05181312561035,28.537628173828125,29.14015007019043,28.443052291870117,26.677452087402344,24.947021484375,24.684751510620117,26.396766662597656,28.925642013549805,31.062238693237305,32.17756652832031,32.56306076049805,32.020530700683594,28.988561630249023,24.067724227905273,20.40320587158203,18.563823699951172,17.15070152282715,15.40058708190918,14.400703430175781,14.15581226348877,13.847004890441895,13.472650527954102,13.006750106811523,12.400242805480957,11.998322486877441,11.927204132080078,12.031917572021484,12.259490966796875,12.608331680297852,13.013810157775879,13.470335960388184
16.513957977294922,15.836813926696777,16.745319366455078,18.577394485473633,20.447420120239258,21.576786041259766,22.01613426208496,22.1325626373291,22.41151237487793,23.320096969604492,24.695837020874023,26.056835174560547,26.618810653686523,25.853374481201172,24.344650268554688,22.869422912597656,22.01162338256836,22.82416343688965,25.492422103881836,28.530319213867188,30.65215301513672,31.657224655151367,31.679908752441406,31.14320945739746,29.569889068603516,25.473670959472656,21.004701614379883,18.233081817626953,16.597793579101562,15.397013664245605,14.257582664489746,13.540343284606934,13.24187183380127,12.815037727355957,12.247580528259277,11.585127830505371,11.133872032165527,11.100746154785156,11.254446029663086,11.574502944946289,12.13597583770752,12.855749130249023,13.489033699035645,13.99734115600586
