data/wind_data/wind_5_8.json
{"header": {"parameterUnit": "KT", "parameterCategory": 2, "nx": 256, "ny": 198, "lo1": 44.73521041870117, "la1": -3.236724853515625, "lo2": 111.26478576660156, "la2": 43.468475341796875, "dx": 0.2609002888202667, "dy": -0.23708222806453705, "refTime": "2025-02-19 05:00:00", "forecastTime": 0, "parameterNumber": 2, "parameterNumberName": "eastward_wind"}, "data":
[rows 19 to 37 of 198, columns 132 to 175 of 256]
-3.7674684524536133,-3.4555575847625732,-3.041933298110962,-3.154419183731079,-3.223472833633423,-3.0674619674682617,-3.208348035812378,-3.318683385848999,-2.5931262969970703,-1.6335394382476807,-1.4627695083618164,-1.807395339012146,-1.939857006072998,-2.6088755130767822,-3.667151689529419,-3.8514506816864014,-3.3188397884368896,-3.202486991882324,-3.493992805480957,-3.9610748291015625,-4.495491027832031,-5.276410102844238,-5.805744647979736,-5.771371364593506,-5.953135013580322,-7.379914283752441,-9.321979522705078,-9.802145957946777,-8.33952808380127,-6.354891777038574,-5.801107406616211,-6.6245269775390625,-6.76692533493042,-6.047743320465088,-6.767688751220703,-8.883892059326172,-8.871451377868652,-7.164633750915527,-6.393468856811523,-7.354188442230225,-7.957165241241455,-7.033640384674072,-5.802134037017822,-5.323659896850586
-3.256032943725586,-3.3392529487609863,-3.740212917327881,-3.952126979827881,-3.6153624057769775,-3.3978078365325928,-3.5675294399261475,-3.373605251312256,-2.585805892944336,-1.7033355236053467,-1.1914174556732178,-1.0310715436935425,-1.2737798690795898,-2.5358874797821045,-3.595789909362793,-3.781517267227173,-3.757887840270996,-3.5037028789520264,-3.3898987770080566,-3.733947515487671,-4.371692180633545,-5.0801825523376465,-5.3461079597473145,-5.443790435791016,-5.915071964263916,-6.678508758544922,-7.121995449066162,-6.921027660369873,-6.175610542297363,-5.1177873611450195,-4.488523006439209,-5.149111747741699,-6.384864807128906,-7.171542167663574,-7.07125186920166,-7.579976558685303,-8.447606086730957,-8.81184196472168,-8.454292297363281,-8.870230674743652,-8.779714584350586,-7.041764259338379,-5.043890476226807,-3.3598663806915283
-3.299546241760254,-3.9237020015716553,-4.566783428192139,-4.160253047943115,-3.5266401767730713,-3.6030633449554443,-4.254058361053467,-4.447575092315674,-3.5274200439453125,-2.121161937713623,-1.280163288116455,-1.2661563158035278,-1.8635108470916748,-3.0602829456329346,-3.893240451812744,-4.706315517425537,-5.173945426940918,-4.41603946685791,-3.5466678142547607,-3.4771511554718018,-4.1727681159973145,-5.015107154846191,-5.008698463439941,-4.6580705642700195,-4.729515552520752,-5.17777681350708,-4.765152931213379,-4.16874885559082,-4.075993061065674,-4.101422309875488,-4.2571306228637695,-5.005170822143555,-6.620322227478027,-8.330323219299316,-8.481743812561035,-7.825103759765625,-8.603965759277344,-9.40012264251709,-9.170280456542969,-8.84077262878418,-8.353578567504883,-6.488397121429443,-3.8623273372650146,-2.2596068382263184
-3.4188945293426514,-4.980230808258057,-5.246601581573486,-4.1175761222839355,-3.242429733276367,-3.460665464401245,-4.430839538574219,-5.316967964172363,-4.587127208709717,-2.7309188842773438,-1.5482244491577148,-1.589420199394226,-2.2501578330993652,-2.9597742557525635,-4.083810329437256,-5.938193321228027,-6.545990943908691,-5.455075740814209,-4.092216968536377,-3.5213685035705566,-4.0024733543396,-4.825562477111816,-4.768182277679443,-4.140965461730957,-3.6335012912750244,-3.251842975616455,-2.876814126968384,-2.7097606658935547,-2.4720821380615234,-2.398200273513794,-3.5847232341766357,-4.692501544952393,-5.845798492431641,-7.171311855316162,-7.282082557678223,-6.608554363250732,-7.2295708656311035,-8.711958885192871,-9.240907669067383,-8.46591854095459,-6.811222076416016,-5.192448616027832,-4.521508693695068,-4.726573467254639
-3.075404167175293,-4.763340950012207,-5.01614236831665,-4.295882701873779,-3.4205102920532227,-3.0937492847442627,-3.7412407398223877,-4.802985668182373,-4.599858283996582,-3.325038433074951,-2.307478189468384,-1.8459211587905884,-1.655798316001892,-2.219557762145996,-4.255972862243652,-6.6514153480529785,-7.21605920791626,-5.896617889404297,-4.024035930633545,-3.0743062496185303,-3.41817045211792,-4.150643348693848,-4.289391994476318,-3.896469831466675,-3.126847982406616,-1.6320565938949585,-0.8372514843940735,-0.8980888724327087,-0.540942370891571,-1.0886679887771606,-2.6956403255462646,-3.690657138824463,-5.0081562995910645,-5.9543538093566895,-5.883636474609375,-5.546114921569824,-5.6551666259765625,-7.078950881958008,-8.085639953613281,-8.026217460632324,-7.335110664367676,-6.525768280029297,-6.36509895324707,-6.789090633392334
-1.7165584564208984,-2.8744351863861084,-3.4637885093688965,-3.5034537315368652,-3.2441723346710205,-3.0379233360290527,-3.2434096336364746,-3.5705344676971436,-3.676919937133789,-3.6383185386657715,-3.2226314544677734,-2.4201412200927734,-1.2689183950424194,-1.5440913438796997,-4.048662185668945,-6.619322776794434,-7.181619644165039,-5.707398891448975,-3.711634635925293,-2.7542340755462646,-2.87491512298584,-3.3188633918762207,-3.6834630966186523,-3.414494514465332,-2.311781644821167,-0.6605088114738464,0.2617260813713074,0.5860576033592224,1.265344500541687,0.46030867099761963,-1.3007502555847168,-2.428802251815796,-4.101053714752197,-4.460750579833984,-4.538083076477051,-4.864701747894287,-4.675987243652344,-6.046380519866943,-7.982944965362549,-8.745959281921387,-8.75290298461914,-8.077013969421387,-6.864878177642822,-6.696185111999512
-0.45062267780303955,-1.162861943244934,-1.6960479021072388,-1.927938461303711,-2.208017110824585,-2.572596311569214,-2.5273799896240234,-2.2017016410827637,-2.5973258018493652,-3.356785297393799,-3.2949893474578857,-2.458062171936035,-1.333203911781311,-1.503765344619751,-3.5604441165924072,-5.776825904846191,-6.540455341339111,-5.587477207183838,-4.31026554107666,-3.7251923084259033,-3.513611316680908,-2.882425308227539,-2.7134382724761963,-2.6225526332855225,-1.6288117170333862,-0.024141613394021988,1.221877932548523,2.2082271575927734,3.001237154006958,1.939073920249939,0.012444187887012959,-1.3013827800750732,-2.1565160751342773,-2.1108596324920654,-2.6048641204833984,-3.6489665508270264,-4.0643415451049805,-4.6942291259765625,-7.078850746154785,-8.816987991333008,-8.647205352783203,-7.530398368835449,-6.882735729217529,-7.130495548248291
0.004388206638395786,-0.014964913949370384,-0.38302096724510193,-1.1931910514831543,-2.0080716609954834,-2.3102781772613525,-1.8635636568069458,-1.4362353086471558,-1.8338388204574585,-2.522378921508789,-2.553361654281616,-2.0993831157684326,-1.8147577047348022,-2.204613447189331,-3.287405014038086,-4.5106682777404785,-5.317722320556641,-5.187349796295166,-4.74207067489624,-4.66927433013916,-4.451252460479736,-3.05350923538208,-1.9735361337661743,-1.7985188961029053,-0.7488802075386047,1.3468005657196045,2.9846160411834717,3.6146645545959473,3.563769817352295,2.616751194000244,1.227657437324524,-0.0852709412574768,-0.2252487987279892,-0.3924822509288788,-1.2719593048095703,-2.33271861076355,-3.3418684005737305,-3.9995267391204834,-5.62817907333374,-7.370234489440918,-6.8310723304748535,-5.241174697875977,-5.391719818115234,-6.857807636260986
-0.7606936097145081,0.2403291016817093,0.47478196024894714,-0.5524165630340576,-2.1254184246063232,-2.8319530487060547,-2.2558605670928955,-1.5426033735275269,-1.3970258235931396,-1.3585139513015747,-1.345877766609192,-1.8238779306411743,-2.3524608612060547,-2.7659413814544678,-3.2398602962493896,-3.917387008666992,-4.266509056091309,-4.030698776245117,-4.004997253417969,-4.496865749359131,-4.6751604080200195,-3.505420684814453,-2.167050361633301,-1.5831754207611084,-0.11333684623241425,2.2087368965148926,3.446743965148926,3.4860410690307617,3.3733601570129395,3.186363697052002,2.4071855545043945,0.8028174638748169,0.828168511390686,0.7162573933601379,-0.012697692960500717,-0.4225270748138428,-1.2901314496994019,-2.257793664932251,-3.210749387741089,-4.595545291900635,-4.6111674308776855,-2.696627616882324,-2.1051688194274902,-4.183015823364258
-1.0900019407272339,0.0933012142777443,0.4307110011577606,-0.22077582776546478,-1.7477502822875977,-2.911956548690796,-2.74942684173584,-1.6774100065231323,-0.7707824110984802,-0.5103622674942017,-0.4827411472797394,-1.5427618026733398,-2.495234489440918,-2.942042112350464,-3.5129904747009277,-4.121779918670654,-3.761587619781494,-2.8678884506225586,-2.6044602394104004,-3.331511974334717,-4.147454738616943,-3.818030834197998,-2.417410135269165,-0.6050117611885071,1.0709409713745117,2.1060683727264404,2.554626941680908,2.671961784362793,2.8911821842193604,3.2006540298461914,2.3662948608398438,0.9048177003860474,0.5167560577392578,1.111716389656067,1.1879613399505615,1.5960381031036377,1.8753035068511963,1.595741629600525,-0.009459145367145538,-2.049330711364746,-2.665257453918457,-1.1574710607528687,-0.7011817097663879,-2.4304587841033936
-0.319524884223938,0.575206995010376,0.6193751096725464,0.009786717593669891,-0.7907093167304993,-1.6119725704193115,-2.0578222274780273,-1.6855599880218506,-0.7281521558761597,-0.5204451084136963,-0.5048383474349976,-0.9303697943687439,-2.0836079120635986,-3.0135579109191895,-3.5726544857025146,-3.584374189376831,-2.8282310962677,-2.2835559844970703,-2.072732448577881,-2.4964771270751953,-3.1861934661865234,-2.8939101696014404,-1.192295789718628,1.0108301639556885,1.6655783653259277,1.0736645460128784,2.0381052494049072,3.385474681854248,3.2088687419891357,3.000969171524048,2.4889254570007324,1.5862464904785156,0.5469526052474976,0.5462306141853333,1.3714220523834229,1.5492165088653564,1.9185287952423096,2.1280384063720703,0.38765251636505127,-1.3141025304794312,-0.8961940407752991,-0.3161640763282776,-0.800780177116394,-2.3390958309173584
0.5211700797080994,1.2903538942337036,1.366280198097229,0.9433866739273071,0.4160687327384949,-0.3825218677520752,-1.2988815307617188,-1.906688928604126,-1.812538743019104,-1.3181229829788208,-1.1629940271377563,-1.0356518030166626,-1.9446266889572144,-3.2983319759368896,-3.42558217048645,-2.1866698265075684,-1.1407054662704468,-1.5851283073425293,-2.3846232891082764,-2.577563524246216,-2.332737445831299,-1.2829487323760986,0.4914490282535553,1.7416510581970215,0.8022580742835999,0.025990400463342667,1.576413631439209,3.3828182220458984,3.841583251953125,3.3792645931243896,2.751798152923584,2.0106422901153564,0.8571701645851135,-0.20796221494674683,-0.2071535885334015,-0.39937183260917664,0.43798354268074036,1.2000905275344849,-0.14242586493492126,-1.0149461030960083,-0.598688006401062,-0.7434055209159851,-1.2511072158813477,-2.559798240661621
0.8443300127983093,1.2898292541503906,1.379369854927063,1.4364300966262817,1.018857717514038,-0.27118977904319763,-1.6239533424377441,-2.4134862422943115,-2.5632431507110596,-1.9440360069274902,-1.6486870050430298,-1.6245064735412598,-1.9355031251907349,-2.7318410873413086,-2.489039659500122,-0.7811880707740784,0.42520540952682495,-0.6237261891365051,-2.1405701637268066,-2.3169209957122803,-1.184982419013977,0.7204998731613159,2.1739280223846436,1.7951191663742065,0.3943766951560974,0.4074345827102661,1.6242225170135498,2.3902428150177,2.8804216384887695,3.2437500953674316,3.273681402206421,2.7653229236602783,1.3505899906158447,-0.6254761219024658,-2.1672956943511963,-2.166487455368042,-0.5185806751251221,0.7664248943328857,0.12934526801109314,-0.7418337464332581,-0.9466322660446167,-1.2771461009979248,-1.7075214385986328,-2.275174140930176
1.0340741872787476,1.0466148853302002,0.6134995222091675,0.6339198350906372,0.26514682173728943,-1.1144027709960938,-2.4501566886901855,-2.6985087394714355,-2.3885457515716553,-1.8105378150939941,-1.3314855098724365,-1.3140279054641724,-1.3407623767852783,-1.4968003034591675,-1.448610782623291,-0.39195600152015686,0.8519881367683411,0.3293231427669525,-1.6469892263412476,-2.017207622528076,-0.39848098158836365,2.0741400718688965,3.572378635406494,2.7849953174591064,1.3112457990646362,1.2428205013275146,1.8692286014556885,2.3728628158569336,2.5695865154266357,2.724385976791382,3.025977373123169,2.946624517440796,1.7069951295852661,-0.6915200352668762,-2.4056344032287598,-2.1027424335479736,-0.9239678382873535,-0.43202298879623413,-0.44053730368614197,-1.0562924146652222,-1.1608514785766602,-0.9946443438529968,-1.0761574506759644,-1.4039560556411743
1.082868218421936,0.9290860891342163,-0.08897701650857925,-0.9434657692909241,-1.7146055698394775,-2.470669746398926,-2.8486952781677246,-2.3611369132995605,-1.630879521369934,-1.0567547082901,-0.6089895367622375,-0.45239728689193726,-0.572601318359375,-0.6464612483978271,-0.8369931578636169,-0.6114848852157593,0.6123731136322021,0.8525324463844299,-0.503427267074585,-1.1367411613464355,0.32184362411499023,2.6216864585876465,4.032092571258545,3.749753713607788,2.9245405197143555,2.5280258655548096,2.511303663253784,2.7864792346954346,2.9780969619750977,2.781282901763916,3.1707777976989746,3.361812114715576,2.507553815841675,0.5758592486381531,-1.0647846460342407,-0.9543627500534058,-1.0998014211654663,-1.6660733222961426,-1.9103230237960815,-1.884928584098816,-1.317151427268982,-0.1805778294801712,0.5448473691940308,0.04969353601336479
0.8947396874427795,0.8556157946586609,-0.2537767291069031,-1.704193353652954,-2.771462917327881,-3.152653455734253,-3.086718797683716,-2.7340707778930664,-1.9836509227752686,-0.8163591027259827,0.04531275853514671,0.23568376898765564,0.005309136118739843,0.03744961693882942,0.06433340162038803,-0.017777057364583015,0.6667132377624512,1.3474000692367554,0.7474315166473389,0.2475665956735611,1.195648193359375,2.8642990589141846,4.255030632019043,4.625608921051025,4.156015872955322,3.6278281211853027,3.4039671421051025,3.2617287635803223,2.9479994773864746,3.0447213649749756,4.0782151222229,4.671319007873535,4.237870216369629,3.6569664478302,2.313047409057617,0.863178014755249,-0.23325715959072113,-1.3905290365219116,-2.0982375144958496,-1.7791216373443604,-1.0450998544692993,-0.5585860013961792,0.08541230857372284,0.3779740333557129
0.24268858134746552,0.22601093351840973,-0.48635926842689514,-1.531145691871643,-2.5700957775115967,-3.293917655944824,-3.5673418045043945,-3.555661678314209,-2.816267728805542,-1.0703402757644653,0.34040507674217224,0.19585071504116058,-0.5342954397201538,-0.3755560517311096,0.6123289465904236,1.1480120420455933,1.6462498903274536,2.5832583904266357,2.166356325149536,1.0410419702529907,1.4776921272277832,2.850736141204834,3.7547430992126465,3.6040635108947754,3.7470202445983887,4.686758518218994,4.646501541137695,3.683192729949951,3.259275197982788,4.018986225128174,5.346836566925049,6.174436569213867,6.283355236053467,6.392448425292969,5.737029552459717,3.8823091983795166,1.9015514850616455,0.3802051544189453,-0.5776388645172119,-0.9054763913154602,-1.0544708967208862,-1.8014891147613525,-2.208927631378174,-1.6768020391464233
0.021893300116062164,0.3634628653526306,0.7549851536750793,0.3390367329120636,-1.0486515760421753,-2.510387420654297,-3.186239719390869,-3.21535325050354,-2.8177294731140137,-1.554074764251709,-0.29076895117759705,-0.780816912651062,-2.1318960189819336,-2.2358500957489014,-1.003137230873108,0.054182909429073334,0.7449039816856384,1.3112270832061768,1.7272493839263916,1.0890915393829346,1.1559820175170898,1.9355114698410034,2.0070672035217285,1.3995728492736816,2.6718692779541016,4.367814064025879,4.440159320831299,3.762328624725342,3.9041593074798584,5.064553260803223,6.7275824546813965,7.985442638397217,8.497730255126953,8.277737617492676,7.3229804039001465,6.011166095733643,4.4980268478393555,3.0302894115448,1.7379075288772583,0.42918968200683594,-0.8962209224700928,-1.9061177968978882,-3.1714365482330322,-3.736762046813965
0.3531460165977478,0.9006904363632202,1.9380197525024414,2.4396121501922607,1.4555379152297974,-0.08537250012159348,-0.9816009402275085,-1.274619221687317,-1.5283772945404053,-1.1925773620605469,-0.369199275970459,-0.7357295155525208,-2.5986430644989014,-3.6668365001678467,-3.026425361633301,-1.8326776027679443,-1.3419593572616577,-1.0744311809539795,-0.0229352954775095,0.513123095035553,0.17614111304283142,0.12039196491241455,0.5319927930831909,1.3869290351867676,2.865309476852417,3.7266197204589844,3.8324007987976074,3.8070015907287598,4.835357666015625,5.666431427001953,6.499334335327148,7.785881996154785,8.669901847839355,7.931352138519287,6.6841254234313965,5.925821781158447,4.984613418579102,3.911506414413452,3.1633551120758057,2.1811234951019287,0.05175000801682472,-1.0677624940872192,-2.144409656524658,-3.303976058959961
