data/wind_data/wind_32_7.json
{"header": {"parameterUnit": "KT", "parameterCategory": 2, "nx": 256, "ny": 198, "lo1": 44.73521041870117, "la1": -3.236724853515625, "lo2": 111.26478576660156, "la2": 43.468475341796875, "dx": 0.2609002888202667, "dy": -0.23708222806453705, "refTime": "2025-02-20 08:00:00", "forecastTime": 0, "parameterNumber": 2, "parameterNumberName": "eastward_wind"}, "data":
[rows 0 to 19 of 198, columns 0 to 43 of 256]
-11.61632251739502,-10.163211822509766,-9.751089096069336,-10.39504623413086,-10.645013809204102,-10.672293663024902,-11.6367769241333,-13.23711109161377,-14.776094436645508,-16.106292724609375,-16.401042938232422,-16.175796508789062,-15.945301055908203,-15.737200736999512,-15.77227783203125,-15.884272575378418,-16.030433654785156,-16.109268188476562,-16.077880859375,-15.877860069274902,-15.45847225189209,-15.057130813598633,-14.696867942810059,-14.574840545654297,-14.684211730957031,-14.356837272644043,-13.630779266357422,-12.48830509185791,-11.153130531311035,-10.69378662109375,-10.673331260681152,-10.493399620056152,-10.074405670166016,-8.850455284118652,-7.559374809265137,-6.985446453094482,-6.485932350158691,-5.735824108123779,-4.941234588623047,-3.945181369781494,-3.9141976833343506,-5.3986921310424805,-6.227120399475098,-6.046488285064697
-9.467411041259766,-9.223877906799316,-9.55074691772461,-10.366518020629883,-10.536219596862793,-10.555906295776367,-11.490410804748535,-12.935380935668945,-14.326664924621582,-15.187823295593262,-15.271413803100586,-15.536642074584961,-15.712555885314941,-15.602861404418945,-15.90274715423584,-16.196752548217773,-16.33344078063965,-16.27450942993164,-15.868980407714844,-15.391229629516602,-14.94362735748291,-15.11345100402832,-15.56435489654541,-15.12651538848877,-14.176509857177734,-12.838955879211426,-11.075848579406738,-9.573774337768555,-8.29163932800293,-7.576613903045654,-7.374307155609131,-7.154799938201904,-6.752529621124268,-5.986544609069824,-4.971157550811768,-3.9380624294281006,-2.7461254596710205,-1.3487673997879028,-0.3237763047218323,0.531520664691925,0.5835535526275635,-0.6748972535133362,-1.792839765548706,-2.452241897583008
-8.132698059082031,-8.493494033813477,-8.958847045898438,-9.518653869628906,-9.573723793029785,-9.654101371765137,-10.436148643493652,-11.742599487304688,-13.449335098266602,-14.649413108825684,-14.775460243225098,-15.086533546447754,-15.373909950256348,-15.301874160766602,-15.457447052001953,-15.709794044494629,-16.236812591552734,-16.67284393310547,-16.56463050842285,-16.019744873046875,-15.239675521850586,-14.937891006469727,-14.84228801727295,-14.007144927978516,-12.650285720825195,-11.01868724822998,-9.35155200958252,-8.414015769958496,-7.849736213684082,-6.727910995483398,-5.298158168792725,-4.125667572021484,-2.9716241359710693,-1.5447227954864502,-0.250820130109787,0.16570869088172913,0.5414595603942871,1.6107678413391113,2.476651906967163,3.3522231578826904,4.077325820922852,3.8344383239746094,3.3750216960906982,3.3372809886932373
-6.896389484405518,-7.419264793395996,-8.068544387817383,-8.707975387573242,-8.74012565612793,-9.034486770629883,-9.547660827636719,-10.380889892578125,-12.088153839111328,-13.782925605773926,-14.263399124145508,-14.522746086120605,-14.739779472351074,-14.64830207824707,-14.59981918334961,-14.783960342407227,-15.602733612060547,-16.370283126831055,-16.444934844970703,-15.65124225616455,-14.204431533813477,-13.085136413574219,-12.52311897277832,-11.653910636901855,-10.065991401672363,-8.0664701461792,-6.184849262237549,-5.270185947418213,-5.207164764404297,-4.590749263763428,-3.1489293575286865,-1.7686183452606201,-0.37595441937446594,1.2462838888168335,2.4788143634796143,2.5411040782928467,2.481353998184204,3.1359031200408936,3.7754485607147217,4.525949954986572,5.5085625648498535,6.047547817230225,6.245841026306152,6.704559803009033
-5.265431880950928,-5.89609956741333,-6.921346187591553,-7.9934611320495605,-8.999039649963379,-9.341898918151855,-9.007936477661133,-8.850749015808105,-9.799436569213867,-11.430109977722168,-12.772541999816895,-13.467503547668457,-13.465974807739258,-13.400303840637207,-13.726536750793457,-14.200201034545898,-14.655614852905273,-14.585068702697754,-13.83602523803711,-12.422820091247559,-10.529082298278809,-8.839899063110352,-7.695980072021484,-6.34680700302124,-3.938091516494751,-0.6772365570068359,2.4423153400421143,3.8975374698638916,2.77964448928833,0.5704433917999268,-0.6116416454315186,-0.5756773352622986,0.012478184886276722,0.22166182100772858,-0.1520172357559204,-0.3521512746810913,-0.4617229402065277,-0.1698317974805832,0.0752323716878891,-0.3309682011604309,-0.46077653765678406,-0.013805312104523182,-0.2141423374414444,-1.3091036081314087
-3.889115333557129,-4.459752082824707,-5.55251407623291,-6.837963104248047,-8.414478302001953,-8.832450866699219,-8.024404525756836,-7.452707290649414,-8.021583557128906,-9.555681228637695,-11.007585525512695,-11.690277099609375,-11.812734603881836,-12.137060165405273,-12.598092079162598,-12.620674133300781,-12.071931838989258,-11.017457962036133,-9.766298294067383,-8.31726360321045,-6.580224990844727,-4.871614456176758,-3.4176013469696045,-1.7652037143707275,0.4526587128639221,2.812291145324707,4.171400547027588,3.877082347869873,2.4748871326446533,1.1232744455337524,0.6770454049110413,1.080155611038208,1.2589894533157349,1.1979148387908936,1.3035732507705688,1.639012098312378,2.3148889541625977,3.163217067718506,3.3688907623291016,3.118695020675659,3.1743414402008057,3.4168472290039062,3.730511426925659,3.9584619998931885
-3.068834066390991,-3.355017900466919,-4.3926191329956055,-5.810845375061035,-7.600552082061768,-7.756011009216309,-6.81701135635376,-6.303791046142578,-6.583734035491943,-7.7667999267578125,-9.238495826721191,-10.304305076599121,-11.007729530334473,-11.618706703186035,-11.597928047180176,-10.53266716003418,-8.737114906311035,-6.774774074554443,-5.086373805999756,-3.575897216796875,-2.093275308609009,-0.7645477652549744,0.39619651436805725,1.735094428062439,3.2740590572357178,4.430723667144775,4.629239082336426,3.748256206512451,2.1522750854492188,0.8369643688201904,0.5613372921943665,0.855547308921814,0.9765830039978027,0.9526216387748718,1.1966201066970825,1.9291598796844482,2.940166711807251,3.9923408031463623,4.608645439147949,4.601397514343262,4.464406490325928,4.580394268035889,4.8222432136535645,4.815178394317627
-1.772324800491333,-1.903976559638977,-3.000270128250122,-4.741649627685547,-6.883567810058594,-7.084634780883789,-6.4055962562561035,-5.906104564666748,-5.66359281539917,-6.270090103149414,-8.040426254272461,-9.975895881652832,-11.210710525512695,-11.450745582580566,-10.352041244506836,-8.110543251037598,-5.492260932922363,-3.3180878162384033,-1.686172366142273,-0.2709106504917145,0.965465247631073,1.9709744453430176,2.8057899475097656,3.6331560611724854,4.433590888977051,4.873379707336426,4.626480579376221,3.4633677005767822,1.9430081844329834,1.1639217138290405,1.273370623588562,1.8390275239944458,2.421959161758423,2.934044122695923,3.4908394813537598,4.026858329772949,4.464232444763184,4.894608974456787,5.3373870849609375,5.805881023406982,6.3383469581604,6.711666584014893,6.872616767883301,7.1565351486206055
0.20467378199100494,0.315930038690567,-0.990199863910675,-3.310197591781616,-5.897894859313965,-6.858557224273682,-6.762846946716309,-6.239278316497803,-5.796721458435059,-6.301183700561523,-8.371197700500488,-10.536213874816895,-11.236141204833984,-10.29584789276123,-8.24013614654541,-5.9088521003723145,-4.097200393676758,-2.6667864322662354,-1.1901392936706543,0.1909055858850479,1.3729184865951538,2.440060615539551,3.3936235904693604,4.122600078582764,4.517333984375,4.510900020599365,4.040776252746582,3.181027412414551,2.3042678833007812,1.7178679704666138,1.5991300344467163,2.130729913711548,2.902252197265625,3.5848305225372314,4.186833381652832,4.433931827545166,4.4378862380981445,4.585277557373047,5.067314624786377,5.806289196014404,6.59669303894043,7.1623430252075195,7.355937957763672,7.5322771072387695
2.5690503120422363,2.6737823486328125,1.230897068977356,-1.4244590997695923,-4.5058088302612305,-6.309545040130615,-6.9250054359436035,-6.718425750732422,-6.784706115722656,-7.724498748779297,-9.480023384094238,-10.553020477294922,-9.972338676452637,-8.123398780822754,-5.997739791870117,-4.409387588500977,-3.1945886611938477,-1.81809663772583,-0.5320733189582825,0.5132353901863098,1.5290271043777466,2.5780935287475586,3.346163272857666,3.5634963512420654,3.3003344535827637,2.8865268230438232,2.6742982864379883,2.848602533340454,3.006748914718628,2.701849937438965,2.4283065795898438,2.6782960891723633,3.097963333129883,3.5352752208709717,3.9901492595672607,4.2177228927612305,4.441575527191162,4.760416030883789,5.095709800720215,5.4491987228393555,5.9622907638549805,6.504828929901123,6.983700275421143,7.502261638641357
5.319413661956787,4.989921569824219,3.541004180908203,0.9377240538597107,-3.0552923679351807,-5.144711494445801,-6.291826248168945,-6.707365989685059,-7.36187219619751,-8.482399940490723,-9.383871078491211,-9.18591022491455,-7.7904276847839355,-5.753632545471191,-3.970820188522339,-2.6776726245880127,-1.0856159925460815,0.16156205534934998,0.7992132902145386,1.2497382164001465,1.8161711692810059,2.3324811458587646,2.366797924041748,2.126389741897583,1.9590561389923096,2.0004117488861084,2.45406436920166,3.2822329998016357,3.875016927719116,3.916024923324585,3.767407178878784,3.6756625175476074,3.556171178817749,3.652007818222046,3.8518824577331543,4.151219367980957,4.640411376953125,4.979883193969727,5.023934841156006,4.954158306121826,5.094146728515625,5.53782844543457,6.137209892272949,6.818434715270996
7.043519020080566,6.9499053955078125,5.544333457946777,2.9339163303375244,-1.3163615465164185,-3.5776989459991455,-4.840892314910889,-5.644283294677734,-6.511577129364014,-7.382019996643066,-7.4230546951293945,-6.619381904602051,-5.243315696716309,-3.6033082008361816,-2.1899256706237793,-0.776655375957489,0.6144102215766907,1.197328805923462,1.1493597030639648,1.0835014581680298,1.1176384687423706,1.0759851932525635,0.9855387806892395,1.211702823638916,1.7242785692214966,2.280553102493286,3.032846212387085,3.8815999031066895,4.464794158935547,4.705644607543945,4.759718894958496,4.805253982543945,4.81964635848999,4.732159614562988,4.618432521820068,4.819684028625488,5.063903331756592,5.063047409057617,4.949044704437256,5.013886451721191,5.29958438873291,5.827510356903076,6.430940628051758,6.92418909072876
7.738776683807373,8.437975883483887,7.488812446594238,4.8111419677734375,0.6576126217842102,-1.9380314350128174,-3.0225167274475098,-3.747012138366699,-4.541954040527344,-5.148343563079834,-4.672641277313232,-3.6740171909332275,-2.605747938156128,-1.5743861198425293,-0.6947488784790039,0.7405751943588257,1.884408712387085,2.266214370727539,2.131896495819092,1.7904319763183594,1.5071485042572021,1.4287760257720947,1.5631974935531616,1.9023665189743042,2.331263780593872,2.8767998218536377,3.7753100395202637,4.544569492340088,4.701765537261963,4.400725364685059,4.1360063552856445,4.382819175720215,5.009139060974121,5.487705707550049,5.651562690734863,5.532415866851807,5.154689788818359,4.796749591827393,4.814229488372803,5.358077526092529,6.019160747528076,6.715458869934082,7.4253644943237305,7.859608173370361
7.004830360412598,7.8046979904174805,7.722041130065918,5.657738208770752,1.5707193613052368,-0.8366693258285522,-1.5976366996765137,-2.071070671081543,-2.6499509811401367,-2.962949752807617,-2.2750236988067627,-1.1849768161773682,-0.288652628660202,0.1905994564294815,0.680692732334137,1.92971670627594,2.8756320476531982,3.0554404258728027,2.7668662071228027,2.2777786254882812,1.9932866096496582,1.9066956043243408,1.9515743255615234,2.190450429916382,2.563443183898926,3.1855931282043457,4.118130683898926,4.820187568664551,4.491949081420898,3.345365524291992,2.410595655441284,2.529067039489746,3.455876111984253,4.474392414093018,5.0488667488098145,5.141820907592773,5.105374813079834,5.023738861083984,5.283549785614014,5.949190616607666,6.627661228179932,7.27263069152832,8.113436698913574,8.879728317260742
5.216451168060303,5.362319469451904,5.730714321136475,4.768057346343994,0.9756989479064941,-0.484688401222229,-1.0990113019943237,-1.6069631576538086,-1.7749550342559814,-1.4088505506515503,-0.5246646404266357,0.5116764903068542,1.2280646562576294,1.2253509759902954,1.8203853368759155,2.9511029720306396,3.6577861309051514,3.7193052768707275,3.227617025375366,2.491117238998413,2.0571742057800293,1.8393583297729492,1.7853724956512451,1.9266144037246704,2.330087423324585,3.1550166606903076,4.161528587341309,4.678560256958008,4.232637882232666,3.1730270385742188,2.206730842590332,1.9799506664276123,2.6607277393341064,3.766165018081665,4.4857707023620605,4.885735034942627,5.437230110168457,5.919251441955566,6.302757263183594,6.729700088500977,7.131389141082764,7.5485968589782715,8.385209083557129,9.53584098815918
4.37891960144043,4.343568325042725,4.504953384399414,3.5025153160095215,-0.03925339877605438,-0.6739544868469238,-1.5569822788238525,-2.284193277359009,-1.7878705263137817,-0.5415306687355042,0.5366912484169006,1.2754952907562256,1.5055688619613647,1.5067899227142334,2.6136984825134277,3.750478982925415,4.262051582336426,4.112361907958984,3.2785351276397705,2.2607717514038086,1.5984281301498413,1.4188286066055298,1.5605417490005493,2.0212643146514893,2.7713944911956787,3.6384942531585693,4.205498218536377,4.17849588394165,3.6897013187408447,3.135885238647461,2.700744152069092,2.5433831214904785,3.1246485710144043,4.317312240600586,5.099079132080078,5.512999057769775,6.196683883666992,6.896749496459961,7.123370170593262,7.043579578399658,7.0947957038879395,7.511798858642578,8.34201717376709,9.605558395385742
3.904315948486328,4.73204231262207,4.449402809143066,2.2849106788635254,-1.2654852867126465,-1.476456642150879,-2.3891990184783936,-3.0845417976379395,-1.9753797054290771,-0.3498971462249756,0.6774014234542847,0.9666140079498291,0.842939555644989,1.593551754951477,3.063560962677002,3.9756460189819336,4.131938934326172,3.68304443359375,2.743744134902954,1.7451443672180176,1.1260638236999512,1.2920295000076294,1.9776636362075806,2.963157892227173,3.972369432449341,4.609192371368408,4.529567718505859,3.9201974868774414,3.304499626159668,2.8862640857696533,2.732480764389038,2.911064863204956,3.5116214752197266,4.708528518676758,5.858727931976318,6.4885334968566895,6.827035427093506,7.041712760925293,7.229183197021484,7.166473865509033,7.1031975746154785,7.529840469360352,8.234994888305664,9.107491493225098
2.682799816131592,3.5846893787384033,3.324934959411621,0.8057026863098145,-2.8971757888793945,-2.624640941619873,-2.8314270973205566,-3.2766802310943604,-2.014296293258667,-0.6430465579032898,0.11603517830371857,0.18410329520702362,0.40564069151878357,1.756868839263916,2.9416873455047607,3.370281457901001,3.256038188934326,2.716851234436035,1.967922568321228,1.281191110610962,1.2016270160675049,1.8764522075653076,2.939242362976074,4.0886921882629395,4.882107734680176,5.010983467102051,4.6159563064575195,4.05028772354126,3.5440258979797363,3.1669857501983643,3.125992774963379,3.384291648864746,3.7857825756073,4.739203453063965,5.910819053649902,6.4476189613342285,6.392028331756592,6.341598033905029,6.969986438751221,7.484030246734619,7.567817687988281,7.957898139953613,8.380282402038574,8.555047988891602
1.2900439500808716,1.5781431198120117,1.3081499338150024,-0.7573144435882568,-4.2492780685424805,-3.4364681243896484,-2.663841485977173,-2.87910795211792,-1.8977465629577637,-0.9701724648475647,-0.4204723834991455,-0.1767088770866394,0.5980599522590637,1.7424525022506714,2.203432083129883,2.255608081817627,2.225071430206299,2.0001296997070312,1.5521048307418823,1.308951497077942,1.6895251274108887,2.5607779026031494,3.557539939880371,4.357085227966309,4.744417667388916,4.681143760681152,4.537756443023682,4.401459693908691,4.133733749389648,3.8603029251098633,3.847231864929199,4.095363616943359,4.527127742767334,5.277193069458008,5.9157819747924805,5.688432693481445,5.169602394104004,5.363336086273193,6.393697261810303,7.375217437744141,7.5860137939453125,8.083423614501953,8.42641544342041,8.200860977172852
0.47874715924263,0.20651759207248688,-0.502221405506134,-2.0358998775482178,-4.663827896118164,-3.7693498134613037,-2.2618517875671387,-2.2964088916778564,-1.8189812898635864,-1.2798124551773071,-0.7209087014198303,-0.08738068491220474,0.8743731379508972,1.3722212314605713,1.2548680305480957,1.3179253339767456,1.6870315074920654,1.9271647930145264,1.927704930305481,2.0337178707122803,2.462636947631836,3.148408889770508,3.821612596511841,4.249910831451416,4.414447784423828,4.498671054840088,4.780128479003906,5.090304374694824,5.038455009460449,4.717370986938477,4.468192100524902,4.4825286865234375,5.10780668258667,6.007214546203613,5.998920917510986,4.842301368713379,4.424339294433594,5.023570537567139,5.868705749511719,6.705376148223877,7.054076671600342,7.73202657699585,7.993502140045166,7.586358547210693
