data/wind_data/wind_71_4.json
{"header": {"parameterUnit": "KT", "parameterCategory": 2, "nx": 256, "ny": 198, "lo1": 44.73521041870117, "la1": -3.236724853515625, "lo2": 111.26478576660156, "la2": 43.468475341796875, "dx": 0.2609002888202667, "dy": -0.23708222806453705, "refTime": "2025-02-21 23:00:00", "forecastTime": 0, "parameterNumber": 2, "parameterNumberName": "eastward_wind"}, "data":
[rows 80 to 99 of 198, columns 43 to 85 of 256]
0.6821709871292114,-0.2612791657447815,-0.14587847888469696,0.5712125301361084,0.803591251373291,0.834763765335083,1.128285527229309,1.394741177558899,1.5558159351348877,1.6925816535949707,1.6937882900238037,1.548486351966858,1.2130738496780396,1.0895861387252808,1.0124428272247314,0.8268395662307739,0.5830563306808472,0.4177608788013458,0.1800704300403595,-0.10453281551599503,-0.4856880307197571,-1.038023591041565,-1.5273300409317017,-1.8441343307495117,-1.8482475280761719,-1.655228614807129,-1.447570562362671,-1.3529138565063477,-1.4738997220993042,-1.8148590326309204,-2.3166909217834473,-2.8458480834960938,-3.2901201248168945,-3.6196227073669434,-3.887369155883789,-4.128629684448242,-4.312737464904785,-4.385746955871582,-4.340198040008545,-4.222580432891846,-4.163496017456055,-4.280498027801514,-4.588829517364502
1.2184505462646484,0.6931709051132202,0.880633533000946,1.3626004457473755,1.3926924467086792,1.3802062273025513,1.6008938550949097,1.9248164892196655,2.176443576812744,2.477217435836792,2.622941493988037,2.5191843509674072,2.3532564640045166,2.278055429458618,2.124072313308716,1.9604393243789673,1.7936441898345947,1.6514064073562622,1.4622875452041626,1.1840018033981323,0.8967628479003906,0.3992231488227844,-0.2532171905040741,-0.8109024167060852,-0.9526113867759705,-0.7483056783676147,-0.4554840922355652,-0.3134399950504303,-0.4068104028701782,-0.7117229104042053,-1.1845585107803345,-1.7249054908752441,-2.185544490814209,-2.4583635330200195,-2.6093173027038574,-2.7732808589935303,-2.92672061920166,-2.9766671657562256,-2.884220838546753,-2.7093663215637207,-2.604218006134033,-2.6874403953552246,-2.9994635581970215
3.3736844062805176,2.2648282051086426,2.1529412269592285,2.3403449058532715,2.226790428161621,2.211705207824707,2.287907123565674,2.352863073348999,2.5856051445007324,3.060541868209839,3.413193941116333,3.573129415512085,3.6523313522338867,3.5575010776519775,3.350144147872925,3.2047321796417236,3.065342426300049,2.8787147998809814,2.664914608001709,2.4423365592956543,2.185966968536377,1.78353750705719,1.141783356666565,0.41558101773262024,0.02547570690512657,0.09682537615299225,0.4176693558692932,0.6365211606025696,0.5816805362701416,0.2944067716598511,-0.11426100879907608,-0.5723358988761902,-0.9652612209320068,-1.1996098756790161,-1.3128104209899902,-1.4093395471572876,-1.5032103061676025,-1.5042552947998047,-1.3824087381362915,-1.1855703592300415,-1.0681740045547485,-1.1312999725341797,-1.3810911178588867
6.789874076843262,5.321713447570801,4.294120788574219,3.7114057540893555,3.354987382888794,3.2326159477233887,3.1956186294555664,3.1270864009857178,3.3113911151885986,3.773742437362671,4.167845249176025,4.486850738525391,4.725030422210693,4.878920555114746,4.8347368240356445,4.685423851013184,4.478816032409668,4.164931297302246,3.8989779949188232,3.6047089099884033,3.3198697566986084,2.9933738708496094,2.4972052574157715,1.8291348218917847,1.2562618255615234,1.0632123947143555,1.2778030633926392,1.5669269561767578,1.5937052965164185,1.3336249589920044,0.9582672715187073,0.6109613180160522,0.33927032351493835,0.1668546497821808,0.058341894298791885,-0.03232254832983017,-0.08674965798854828,-0.04809672385454178,0.10339020192623138,0.30668753385543823,0.42264676094055176,0.3720526099205017,0.17898708581924438
8.183782577514648,7.580348968505859,6.770399570465088,5.755105972290039,5.085378646850586,4.545585632324219,4.189508438110352,4.132487773895264,4.440590858459473,4.842739582061768,5.145694732666016,5.450050354003906,5.748186111450195,6.076156139373779,6.196469783782959,6.199170112609863,6.006484031677246,5.654209136962891,5.265748977661133,4.7859416007995605,4.296250343322754,3.91732120513916,3.5685946941375732,3.121288537979126,2.6222479343414307,2.3246371746063232,2.3732762336730957,2.6189050674438477,2.729348659515381,2.523042917251587,2.1358084678649902,1.8256301879882812,1.6528630256652832,1.5489896535873413,1.453548550605774,1.3607248067855835,1.3161427974700928,1.356109380722046,1.4993005990982056,1.694478988647461,1.8356832265853882,1.847949743270874,1.705590009689331
8.090422630310059,8.009425163269043,7.974785327911377,7.75234842300415,7.183286666870117,6.3309478759765625,5.576235771179199,5.35918664932251,5.694284915924072,6.147809028625488,6.515915870666504,6.760419845581055,6.947549343109131,7.153900623321533,7.28812837600708,7.399165153503418,7.432883262634277,7.2270588874816895,6.749197959899902,6.057868480682373,5.3085222244262695,4.689248561859131,4.3137383460998535,4.057497978210449,3.82722544670105,3.698084831237793,3.7544333934783936,3.898756504058838,3.9265429973602295,3.7157645225524902,3.3328940868377686,3.0154781341552734,2.894176721572876,2.882725715637207,2.850534439086914,2.780987024307251,2.735274076461792,2.7513458728790283,2.8451170921325684,3.025527238845825,3.2355709075927734,3.352034568786621,3.2631664276123047
8.108227729797363,8.499922752380371,8.798690795898438,9.16209888458252,9.247386932373047,8.716116905212402,7.746016979217529,7.124399662017822,7.1332011222839355,7.431121826171875,7.874307155609131,8.230478286743164,8.387495040893555,8.441184997558594,8.448739051818848,8.531530380249023,8.68177604675293,8.67269515991211,8.237431526184082,7.467118263244629,6.541687965393066,5.633302211761475,5.027590751647949,4.8059844970703125,4.859514236450195,5.042581081390381,5.2313947677612305,5.280874729156494,5.087147235870361,4.693530559539795,4.274298191070557,4.020378112792969,4.001738548278809,4.126833438873291,4.238729000091553,4.260860919952393,4.231388568878174,4.2224531173706055,4.2801971435546875,4.4371185302734375,4.677940845489502,4.865473747253418,4.821098327636719
8.824211120605469,9.309456825256348,9.897543907165527,10.503610610961914,10.872302055358887,10.892684936523438,10.30638599395752,9.43879222869873,8.953378677368164,8.956809997558594,9.205607414245605,9.453381538391113,9.643755912780762,9.743950843811035,9.768481254577637,9.837696075439453,9.908129692077637,9.870973587036133,9.48158073425293,8.797323226928711,7.903889179229736,6.879749298095703,6.063562870025635,5.760222434997559,5.923056125640869,6.31551456451416,6.5912861824035645,6.526161193847656,6.096354961395264,5.4581217765808105,4.924050331115723,4.742876052856445,4.917286396026611,5.273115634918213,5.612682342529297,5.811802387237549,5.863295555114746,5.840853691101074,5.841439723968506,5.944271564483643,6.15512228012085,6.350065231323242,6.319084167480469
9.897353172302246,10.139060020446777,10.767938613891602,11.59872055053711,12.151374816894531,12.23390007019043,11.850885391235352,11.273518562316895,10.912755966186523,10.789534568786621,10.75052547454834,10.654913902282715,10.641007423400879,10.73958683013916,10.976669311523438,11.198596000671387,11.194730758666992,10.929577827453613,10.438156127929688,9.769394874572754,8.967497825622559,8.103792190551758,7.395142555236816,7.1389312744140625,7.303286075592041,7.594575881958008,7.727369785308838,7.514913558959961,6.948523044586182,6.2023115158081055,5.615557670593262,5.460018157958984,5.749183177947998,6.301842212677002,6.878976821899414,7.301056385040283,7.4978461265563965,7.525169849395752,7.469995975494385,7.44991397857666,7.5556864738464355,7.722186088562012,7.733774662017822
10.668907165527344,10.946991920471191,11.5225830078125,12.367840766906738,12.976664543151855,13.019915580749512,12.612421035766602,12.153670310974121,12.083661079406738,12.200399398803711,12.184172630310059,11.895033836364746,11.710537910461426,11.754011154174805,12.073580741882324,12.387716293334961,12.383724212646484,11.981277465820312,11.309399604797363,10.492300033569336,9.665396690368652,9.009486198425293,8.660962104797363,8.690937042236328,8.899266242980957,8.97374153137207,8.791213989257812,8.382207870483398,7.783859729766846,7.139262676239014,6.675807952880859,6.556441307067871,6.804244518280029,7.342919826507568,7.998142242431641,8.564214706420898,8.908506393432617,9.021327018737793,8.972457885742188,8.892510414123535,8.906156539916992,9.031922340393066,9.11882495880127
11.174808502197266,11.367985725402832,11.927557945251465,12.781905174255371,13.472578048706055,13.600204467773438,13.28628158569336,12.875401496887207,12.691370964050293,12.84853744506836,13.021781921386719,12.934650421142578,12.826767921447754,12.880845069885254,13.165366172790527,13.43702220916748,13.41049575805664,12.947796821594238,12.14783000946045,11.20441722869873,10.365457534790039,9.878479957580566,9.826131820678711,10.114461898803711,10.402131080627441,10.366353988647461,9.97747802734375,9.432963371276855,8.880973815917969,8.415361404418945,8.130821228027344,8.030134201049805,8.133098602294922,8.499629020690918,9.061936378479004,9.640473365783691,10.07397747039795,10.26378059387207,10.247343063354492,10.178330421447754,10.195003509521484,10.323657035827637,10.500438690185547
12.09734058380127,11.976645469665527,12.036979675292969,12.486186981201172,13.091107368469238,13.537517547607422,13.595087051391602,13.44936752319336,13.374471664428711,13.46312427520752,13.545949935913086,13.554357528686523,13.618123054504395,13.798430442810059,14.15289306640625,14.467049598693848,14.454286575317383,13.959057807922363,13.113965034484863,12.184956550598145,11.440152168273926,11.091620445251465,11.165904998779297,11.468311309814453,11.719453811645508,11.693700790405273,11.340520858764648,10.828875541687012,10.336501121520996,9.969535827636719,9.762882232666016,9.625356674194336,9.573062896728516,9.731507301330566,10.11011028289795,10.590511322021484,11.034494400024414,11.30608081817627,11.375137329101562,11.366931915283203,11.421609878540039,11.56806468963623,11.79327392578125
12.708047866821289,12.830439567565918,12.588850021362305,12.477431297302246,12.712164878845215,13.140862464904785,13.38817310333252,13.566143035888672,13.927607536315918,14.259486198425293,14.322697639465332,14.24233627319336,14.286502838134766,14.49692440032959,14.914155960083008,15.313968658447266,15.435606956481934,15.072108268737793,14.333404541015625,13.529923439025879,12.919782638549805,12.659358978271484,12.708999633789062,12.853736877441406,12.98201847076416,13.035981178283691,12.912975311279297,12.565337181091309,12.059694290161133,11.580648422241211,11.252281188964844,11.048745155334473,10.953560829162598,10.988009452819824,11.17806625366211,11.485170364379883,11.842853546142578,12.141830444335938,12.329837799072266,12.450215339660645,12.586153030395508,12.769851684570312,13.000411033630371
13.10451889038086,13.487056732177734,13.354999542236328,13.190505981445312,13.40473747253418,13.652440071105957,13.539437294006348,13.576116561889648,14.180740356445312,14.930115699768066,15.219159126281738,15.145621299743652,15.179120063781738,15.351924896240234,15.689194679260254,16.079288482666016,16.275957107543945,16.071353912353516,15.585602760314941,15.06613540649414,14.631219863891602,14.384306907653809,14.280284881591797,14.227158546447754,14.26141357421875,14.442625999450684,14.607885360717773,14.513673782348633,14.048271179199219,13.411233901977539,12.773713111877441,12.337785720825195,12.213671684265137,12.204004287719727,12.193252563476562,12.295361518859863,12.511679649353027,12.767014503479004,13.024067878723145,13.267224311828613,13.512609481811523,13.763936042785645,14.013459205627441
14.056645393371582,13.998343467712402,13.738658905029297,13.848421096801758,14.392226219177246,14.761433601379395,14.51082706451416,14.263216018676758,14.615706443786621,15.401679992675781,15.881725311279297,15.954913139343262,16.069597244262695,16.278366088867188,16.592975616455078,16.985445022583008,17.155498504638672,17.024404525756836,16.73916244506836,16.47455406188965,16.28638458251953,16.110994338989258,15.857248306274414,15.597573280334473,15.567923545837402,15.893465995788574,16.300146102905273,16.37821388244629,15.99509048461914,15.422306060791016,14.541789054870605,13.725050926208496,13.294342041015625,13.098814010620117,12.94201946258545,12.845399856567383,12.9252290725708,13.211137771606445,13.55478286743164,13.855962753295898,14.135311126708984,14.459039688110352,14.803826332092285
15.186283111572266,14.814029693603516,14.253336906433105,14.238675117492676,14.860312461853027,15.445113182067871,15.524269104003906,15.472098350524902,15.659374237060547,16.122447967529297,16.509674072265625,16.659564971923828,16.771223068237305,17.02301025390625,17.484352111816406,17.942167282104492,18.08971405029297,18.018476486206055,17.882341384887695,17.7187557220459,17.615234375,17.518604278564453,17.28685760498047,16.994993209838867,16.9591007232666,17.304428100585938,17.714202880859375,17.843643188476562,17.47026252746582,16.962547302246094,16.207416534423828,15.291935920715332,14.514744758605957,14.140580177307129,13.855143547058105,13.57602310180664,13.44596004486084,13.554237365722656,13.844585418701172,14.22070598602295,14.639155387878418,15.106289863586426,15.586751937866211
15.68892765045166,15.521482467651367,15.283876419067383,15.24191951751709,15.600971221923828,16.057071685791016,16.252220153808594,16.379331588745117,16.692264556884766,17.275875091552734,17.854677200317383,18.037874221801758,17.896202087402344,17.975156784057617,18.5168514251709,18.993907928466797,19.062379837036133,18.98412322998047,18.911821365356445,18.787403106689453,18.648908615112305,18.533218383789062,18.394914627075195,18.255905151367188,18.292470932006836,18.590391159057617,18.897708892822266,18.907899856567383,18.506919860839844,17.90287971496582,17.315296173095703,16.6048641204834,15.806089401245117,15.483429908752441,15.379469871520996,15.115360260009766,14.750386238098145,14.440086364746094,14.34821891784668,14.587563514709473,15.024415969848633,15.622902870178223,16.35260581970215
16.45878028869629,16.282968521118164,16.546472549438477,16.911924362182617,17.31891441345215,17.531450271606445,17.505027770996094,17.395551681518555,17.529611587524414,18.12943458557129,19.052032470703125,19.636091232299805,19.590953826904297,19.564971923828125,19.897193908691406,19.98486328125,19.709861755371094,19.579551696777344,19.735145568847656,19.882089614868164,19.806392669677734,19.52729606628418,19.225725173950195,19.098461151123047,19.18863296508789,19.395824432373047,19.52681541442871,19.44627571105957,19.13925552368164,18.56970977783203,17.95608901977539,17.55516242980957,17.049806594848633,16.718063354492188,16.7626895904541,16.84008026123047,16.632915496826172,16.142658233642578,15.527541160583496,15.198796272277832,15.280474662780762,15.81021785736084,16.784381866455078
17.971298217773438,17.7303466796875,18.30375862121582,18.969953536987305,19.345552444458008,19.294946670532227,19.019227981567383,18.597612380981445,18.4154052734375,18.805150985717773,19.710988998413086,20.467824935913086,20.804101943969727,21.205015182495117,21.28285026550293,20.651649475097656,19.87703514099121,19.681407928466797,20.147733688354492,20.77684211730957,21.065980911254883,20.854915618896484,20.367259979248047,19.966665267944336,19.855697631835938,19.900230407714844,19.850412368774414,19.65882682800293,19.387813568115234,18.970806121826172,18.397920608520508,17.9514217376709,17.869050979614258,17.98812484741211,18.028400421142578,17.986759185791016,17.98436737060547,17.97577476501465,17.65929412841797,16.893278121948242,16.22144317626953,16.303709030151367,17.223501205444336
21.568241119384766,20.865158081054688,20.46958351135254,20.803836822509766,21.02073097229004,20.801916122436523,20.275808334350586,19.673898696899414,19.499553680419922,19.88335418701172,20.615734100341797,21.271501541137695,21.978534698486328,22.677520751953125,22.546297073364258,21.50009536743164,20.38206672668457,20.05303192138672,20.565664291381836,21.291336059570312,21.750953674316406,21.861452102661133,21.643508911132812,21.243328094482422,20.9359188079834,20.794809341430664,20.613317489624023,20.23528480529785,19.7249698638916,19.241952896118164,18.814809799194336,18.185100555419922,17.74950408935547,17.845190048217773,18.169475555419922,18.553123474121094,18.64418601989746,18.72418975830078,19.073314666748047,19.043363571166992,18.72669792175293,18.69736099243164,19.120155334472656
