data/wind_data/wind_52_1.json
{"header": {"parameterUnit": "KT", "parameterCategory": 2, "nx": 256, "ny": 198, "lo1": 44.73521041870117, "la1": -3.236724853515625, "lo2": 111.26478576660156, "la2": 43.468475341796875, "dx": 0.2609002888202667, "dy": -0.23708222806453705, "refTime": "2025-02-21 04:00:00", "forecastTime": 0, "parameterNumber": 2, "parameterNumberName": "eastward_wind"}, "data":
[rows 0 to 18 of 198, columns 172 to 214 of 256]
9.714018821716309,9.270882606506348,8.723873138427734,8.191117286682129,8.17948055267334,8.487284660339355,8.891393661499023,9.294441223144531,9.554570198059082,9.420024871826172,8.724739074707031,6.990598678588867,2.7916553020477295,1.0005556344985962,4.215763092041016,7.932190895080566,11.507696151733398,12.873888969421387,11.635865211486816,9.800797462463379,7.427182197570801,4.5031232833862305,1.3583059310913086,0.7456037998199463,1.9408557415008545,3.520662784576416,5.361782073974609,6.436485767364502,7.324044704437256,8.906511306762695,9.931544303894043,8.912202835083008,7.711081027984619,7.40994930267334,7.141566753387451,6.753844261169434,5.97380256652832,4.674357891082764,3.1824421882629395,1.48664391040802,0.8577210903167725,1.2508981227874756,0.7640705108642578
9.087839126586914,8.248017311096191,8.34453296661377,8.354387283325195,8.065072059631348,8.119507789611816,8.915284156799316,9.876605987548828,9.729310035705566,9.118290901184082,9.46789264678955,8.503532409667969,3.635141611099243,0.9310551881790161,3.2665021419525146,6.780105113983154,10.611772537231445,12.359088897705078,11.186779975891113,8.944238662719727,6.355624675750732,3.664395809173584,1.0675803422927856,0.2092362940311432,0.6452382802963257,2.6932356357574463,5.544886589050293,5.843358993530273,5.398205757141113,7.973215103149414,10.89652156829834,10.95621395111084,9.816072463989258,8.698620796203613,7.675435543060303,6.526206016540527,5.279843807220459,4.1511993408203125,3.0213592052459717,1.886509656906128,1.1601895093917847,0.23567096889019012,-0.5876080393791199
8.345067977905273,7.267560958862305,7.154828071594238,7.570439338684082,6.976812362670898,6.523645877838135,7.960107803344727,10.313141822814941,11.090576171875,10.405479431152344,9.882847785949707,8.141974449157715,3.3530304431915283,0.8444816470146179,3.010307788848877,6.257591724395752,9.62890625,10.68500804901123,8.830516815185547,6.378939151763916,3.830191135406494,2.293268918991089,1.8092652559280396,0.6314878463745117,-0.5269119143486023,1.9617434740066528,6.1130757331848145,6.688476085662842,5.586525917053223,7.442045211791992,10.359445571899414,11.231307983398438,10.498862266540527,8.765753746032715,7.2617506980896,6.348446846008301,5.239522933959961,3.9455573558807373,2.9116861820220947,2.272265911102295,1.4276604652404785,-0.049517758190631866,-0.8517066240310669
7.610718727111816,6.3904500007629395,6.1594133377075195,6.635517120361328,6.226618766784668,5.625646114349365,6.456650733947754,9.19372272491455,10.819652557373047,10.601731300354004,9.677908897399902,7.740875720977783,3.2143139839172363,1.7914210557937622,3.991948366165161,6.4445343017578125,8.038553237915039,7.822898864746094,6.649083137512207,4.844573020935059,2.3269875049591064,1.4323978424072266,2.834900379180908,2.2448129653930664,-0.15998852252960205,1.755459189414978,5.981597423553467,6.905221462249756,6.1205034255981445,7.501296520233154,9.654519081115723,10.63529109954834,10.14012622833252,8.160042762756348,6.289065837860107,5.638625621795654,5.079254627227783,3.9903457164764404,3.0014920234680176,2.440825939178467,1.2882678508758545,-0.1521584689617157,-0.3830079734325409
7.849179744720459,7.071694374084473,6.10758113861084,5.708886623382568,5.483244895935059,5.472247123718262,3.4938418865203857,3.145946741104126,5.359399795532227,5.972641468048096,6.563327789306641,6.3283586502075195,3.065251588821411,5.955995559692383,6.9424662590026855,5.580263137817383,6.475113868713379,5.561116695404053,7.31125545501709,8.039925575256348,6.083273887634277,3.418480157852173,1.3529822826385498,1.9635764360427856,2.6458988189697266,3.750836133956909,5.061167240142822,5.456811904907227,5.566943645477295,6.621860980987549,7.824852466583252,8.449246406555176,8.012979507446289,7.178037643432617,5.127419948577881,4.638249397277832,5.195422649383545,5.512189865112305,5.920267581939697,4.646509647369385,1.6271119117736816,2.517160654067993,3.2646803855895996
7.3209428787231445,7.039007186889648,6.924097061157227,6.5604753494262695,7.311959266662598,6.830695152282715,4.8446760177612305,3.7952868938446045,5.424630165100098,5.280969142913818,6.207975387573242,6.915153980255127,5.484996318817139,5.993383407592773,6.057079792022705,7.690804958343506,7.235753059387207,6.016396522521973,7.5560221672058105,6.235195159912109,3.948878765106201,2.237760066986084,1.5704247951507568,2.137500286102295,2.285308599472046,3.760000467300415,5.441858291625977,5.558574676513672,5.117194652557373,4.424188613891602,4.031447887420654,4.713730812072754,4.862518787384033,3.4826157093048096,4.135773658752441,3.6145429611206055,4.607573509216309,5.926207065582275,6.30301570892334,2.1723504066467285,2.707106113433838,2.315054416656494,2.5826361179351807
7.2111968994140625,4.417039394378662,5.965488433837891,7.693935871124268,6.327101230621338,5.853901386260986,4.1481828689575195,4.385066986083984,5.178337097167969,5.1108784675598145,6.003437042236328,6.386031627655029,5.044949531555176,6.629363059997559,5.795194625854492,6.712410926818848,5.680051326751709,4.59539270401001,5.761396884918213,6.094679832458496,4.909186363220215,1.582727074623108,2.889963150024414,3.3266050815582275,3.845738172531128,4.725639820098877,5.730006217956543,5.157351016998291,4.125397682189941,2.825636625289917,3.0401687622070312,1.8418265581130981,2.9872055053710938,1.112626552581787,2.7083616256713867,5.102075576782227,2.3630027770996094,1.9081422090530396,3.4615912437438965,-8.556994438171387,9.25679874420166,2.0412895679473877,4.3137006759643555
5.552119731903076,4.452197074890137,6.114473819732666,8.788925170898438,5.649848461151123,5.304090976715088,5.953758716583252,4.371891021728516,4.10786247253418,3.01190185546875,7.694925308227539,4.380466938018799,2.9076695442199707,5.168130874633789,4.876981258392334,4.989684104919434,2.583310842514038,3.377906322479248,4.874924659729004,4.45142126083374,3.5214285850524902,1.495573878288269,1.1260205507278442,3.09891414642334,4.28796911239624,4.710457801818848,4.979523658752441,3.9174718856811523,3.471752643585205,2.7331433296203613,2.6976258754730225,1.7457118034362793,1.6056876182556152,1.7228286266326904,2.1391539573669434,4.865021705627441,0.2524688243865967,1.331593632698059,3.579535961151123,-2.9127800464630127,1.5152751207351685,3.439244031906128,6.424769878387451
3.890773057937622,3.8973562717437744,6.043090343475342,6.165861129760742,7.192392826080322,7.138467311859131,5.224671840667725,4.038976669311523,3.437861442565918,4.0568976402282715,4.515902996063232,8.182969093322754,-3.5687575340270996,4.820356369018555,5.962157726287842,5.987222671508789,3.9481446743011475,3.2069602012634277,5.2494988441467285,3.0115201473236084,2.6085057258605957,1.072283148765564,1.9279253482818604,2.019800901412964,3.2277443408966064,3.7098517417907715,3.756004571914673,3.3258044719696045,3.0652003288269043,3.0592596530914307,1.8259387016296387,1.153628945350647,0.7176130414009094,1.6225481033325195,4.254136085510254,-0.5059011578559875,-0.6133422255516052,3.3187530040740967,-3.262437343597412,-2.5914604663848877,1.5731335878372192,6.198702812194824,-0.1904919147491455
4.537107944488525,4.989765644073486,4.238912105560303,4.778429985046387,6.244082450866699,7.360988616943359,6.464481830596924,5.544168949127197,3.8770439624786377,5.025307655334473,4.731441020965576,5.667105197906494,0.9717634916305542,4.528725624084473,3.703972578048706,5.029479026794434,4.6946845054626465,4.238246917724609,3.066713333129883,5.855313301086426,3.87357759475708,2.8889970779418945,2.205888032913208,1.9702494144439697,2.8086133003234863,3.203597068786621,3.1567635536193848,2.727884531021118,2.9826552867889404,2.4984381198883057,1.1072256565093994,0.8583945035934448,0.7210476994514465,0.5766944289207458,0.6695624589920044,2.5252768993377686,0.21262001991271973,0.7573245167732239,-3.108732223510742,-1.1324880123138428,-1.4000136852264404,-2.0935330390930176,-5.336501598358154
3.671318531036377,2.694432020187378,3.5532357692718506,3.1084392070770264,6.292117118835449,6.830725193023682,6.554564476013184,4.391524314880371,5.287166118621826,5.8303961753845215,0.9504303336143494,3.192444324493408,2.995485782623291,5.127584934234619,0.5060431957244873,6.97484827041626,1.428540825843811,5.282093048095703,2.5839433670043945,0.034424055367708206,4.869075298309326,1.5457496643066406,2.2988815307617188,2.540616989135742,3.2294793128967285,3.3738491535186768,2.911428451538086,2.5422744750976562,2.224621057510376,1.2982944250106812,1.524048089981079,0.6279875040054321,1.3423171043395996,-1.5352017879486084,1.2910150289535522,-0.7448241710662842,-1.1691198348999023,-2.1598448753356934,-0.7951077222824097,0.8798503279685974,-0.853873074054718,-10.013347625732422,-2.878018379211426
0.40439507365226746,3.494581937789917,3.7217400074005127,2.3238730430603027,4.132328987121582,6.796555042266846,1.6060487031936646,-0.37020325660705566,4.247426986694336,3.756373882293701,3.1494016647338867,1.2571334838867188,4.152543544769287,0.9989765286445618,3.898688793182373,5.598095893859863,1.0536836385726929,6.242239952087402,-0.3569687604904175,3.4800267219543457,1.8512725830078125,0.0001552611793158576,2.272761106491089,2.7899608612060547,3.561265468597412,3.1107096672058105,2.547537326812744,1.556325912475586,1.1660641431808472,0.8185845017433167,1.7855807542800903,0.7234145402908325,1.4932966232299805,-0.9191518425941467,2.407531261444092,-1.3502248525619507,-4.84231424331665,-3.3712477684020996,0.82613205909729,6.118119716644287,-2.674786329269409,-4.785305500030518,-1.1400353908538818
-2.1711156368255615,3.713693380355835,1.0967708826065063,2.7707107067108154,0.5650946497917175,2.2814204692840576,-0.3235108256340027,1.2284122705459595,2.1630449295043945,-3.6337008476257324,3.505173444747925,1.7013537883758545,1.6725152730941772,0.23404265940189362,2.6006224155426025,4.358788967132568,3.110595941543579,3.5653774738311768,2.768472909927368,2.4046084880828857,1.8991520404815674,1.1905632019042969,2.590846538543701,2.6137051582336426,3.0728371143341064,2.2161288261413574,1.6593906879425049,0.5387346744537354,0.7113190293312073,0.5404713153839111,1.5198348760604858,1.8776280879974365,3.394258737564087,-3.635310411453247,2.413870096206665,-5.271999835968018,-4.539190769195557,-2.617858648300171,0.14398927986621857,1.8472058773040771,-6.987590312957764,-2.13962984085083,-1.2358356714248657
0.054148074239492416,0.9875426292419434,0.1781001091003418,1.120182752609253,-2.770719051361084,0.06189283728599548,1.0455751419067383,1.5498522520065308,1.3818010091781616,-0.9567162990570068,3.3928487300872803,1.5030817985534668,3.07308292388916,-2.1441540718078613,3.3428285121917725,1.3171619176864624,3.402921438217163,3.1863107681274414,3.97261381149292,0.9904534220695496,1.7268527746200562,1.7829606533050537,2.347672700881958,1.6799148321151733,2.1327786445617676,1.0462831258773804,0.1132754310965538,-0.635252833366394,-0.3162865936756134,-0.4836255609989166,0.03136855736374855,-0.28204721212387085,-0.8815717697143555,-1.3960704803466797,-0.8253127932548523,-2.439225435256958,-1.2463898658752441,2.6089096069335938,-2.673754930496216,-5.688318729400635,-6.158852577209473,-1.215659260749817,-1.1983195543289185
-0.5041255354881287,4.035301208496094,-1.3610533475875854,3.169214963912964,-5.3891448974609375,-0.6125571131706238,-2.1339986324310303,3.6042842864990234,-0.9023458957672119,0.2462717592716217,0.8703033924102783,2.621522903442383,5.362221717834473,-1.3823587894439697,0.05329311639070511,-1.1591997146606445,3.5340652465820312,1.451961636543274,4.407115459442139,-3.568730354309082,2.1720898151397705,0.12990105152130127,2.2101385593414307,0.5383520126342773,0.933863639831543,-1.1236084699630737,-1.5291651487350464,-2.929982900619507,-1.5434112548828125,-2.2557976245880127,-0.673827588558197,-2.1078600883483887,-5.629183292388916,-3.7604453563690186,-2.234907865524292,-0.14022016525268555,2.9461445808410645,3.2136011123657227,-6.158640384674072,-6.219657897949219,-1.5526365041732788,-1.4562897682189941,-0.4456132650375366
1.411475419998169,3.696701765060425,-3.4686472415924072,5.710381507873535,-5.698371887207031,0.054742734879255295,-1.9186148643493652,0.9257828593254089,-5.2617902755737305,1.936842441558838,-0.7332388162612915,2.352867364883423,3.736459970474243,-0.7337610721588135,-0.9991990923881531,-1.4302254915237427,1.9359893798828125,0.9945075511932373,0.2603929042816162,-5.050229072570801,2.458132743835449,-0.5047315955162048,1.5592091083526611,0.13108620047569275,-0.08484996110200882,-2.440396785736084,-2.9586751461029053,-2.931534767150879,-3.562499761581421,-1.1399164199829102,-3.2702386379241943,-9.478144645690918,-8.585321426391602,-7.214722156524658,-5.5056304931640625,-0.7391538619995117,2.6364285945892334,-3.943878173828125,-9.111279487609863,-0.9896968007087708,-2.126248598098755,-0.9786518216133118,0.23901546001434326
1.7115228176116943,4.002816677093506,-0.7577856183052063,-2.547351837158203,-5.1977996826171875,-0.08672885596752167,-3.0340683460235596,-0.5791072845458984,-2.0481412410736084,-2.386831760406494,-3.1218388080596924,2.205033779144287,1.0758949518203735,-1.5142006874084473,0.04391951113939285,-2.392310619354248,-0.7387480139732361,0.42211586236953735,-4.844223499298096,-0.10120609402656555,-1.09526526927948,1.0016688108444214,0.5633764863014221,1.2115740776062012,-0.7728701233863831,0.027779340744018555,-4.797484397888184,-5.949252128601074,1.637933611869812,-2.3414852619171143,-6.062301158905029,-9.597946166992188,-9.629321098327637,-7.865057468414307,-6.24424409866333,-5.32767391204834,-6.244112968444824,-11.310027122497559,-6.72717809677124,-0.8410118222236633,-3.0200717449188232,-0.4353073239326477,-1.788833498954773
1.8220993280410767,-0.800320565700531,-2.0160131454467773,-4.31073522567749,-2.6745622158050537,-2.6884124279022217,-4.104565143585205,-2.059349298477173,-4.69879674911499,-1.8379346132278442,-2.283529281616211,-2.463371515274048,-1.2605931758880615,0.5788572430610657,-0.434639036655426,-4.692220687866211,-2.6256637573242188,-1.9970927238464355,-4.447612762451172,1.2562659978866577,-2.0889015197753906,1.225079894065857,0.6979973912239075,0.18303152918815613,1.3222750425338745,-0.8351073265075684,-0.5050821900367737,-5.644694805145264,-3.2274506092071533,-1.3345061540603638,-5.795797824859619,-4.887606143951416,-5.76595401763916,-4.732827663421631,-3.7196290493011475,-4.496516704559326,-10.361078262329102,-9.163878440856934,-1.4681270122528076,0.32614457607269287,-1.7785695791244507,-3.597914934158325,-0.41780397295951843
-0.7638829350471497,-8.266766548156738,-1.5726977586746216,-4.921169281005859,-4.307466506958008,-3.1781392097473145,-5.627326488494873,-1.5799022912979126,-6.299914836883545,-2.2307891845703125,-4.229601860046387,-2.5040957927703857,-1.8382312059402466,-2.265509605407715,-3.924215078353882,-3.5285227298736572,-3.1732072830200195,-2.747474431991577,-1.2625212669372559,1.148221731185913,-1.944982647895813,-0.7589711546897888,-0.013146416284143925,-0.013624709099531174,1.4270812273025513,1.7756764888763428,0.2178337275981903,-5.660285949707031,-5.778392791748047,-0.7559894919395447,-4.006481647491455,-1.0752979516983032,0.11381607502698898,-0.40571147203445435,1.061562418937683,0.5809172987937927,-9.398098945617676,-10.259737968444824,-2.4117629528045654,-1.5389474630355835,-5.940293788909912,-1.3626646995544434,-2.3815855979919434
