data/wind_data/wind_6_0.json
{"header": {"parameterUnit": "KT", "parameterCategory": 2, "nx": 255, "ny": 198, "lo1": 44.73521041870117, "la1": -3.236724853515625, "lo2": 111.26478576660156, "la2": 43.468475341796875, "dx": 0.26192745566368103, "dy": -0.23708222806453705, "refTime": "2025-02-19 06:00:00", "forecastTime": 0, "parameterNumber": 3, "parameterNumberName": "northward_wind"}, "data":
[rows 76 to 94 of 198, columns 43 to 85 of 255]
2.545804262161255,2.463010549545288,2.5554049015045166,2.387472152709961,2.1606459617614746,1.926951289176941,1.5810328722000122,1.1703808307647705,0.624070405960083,0.08551805466413498,-0.3593391180038452,-0.9011200070381165,-1.5190414190292358,-2.2247250080108643,-2.860293388366699,-3.2241969108581543,-3.470524549484253,-3.750838279724121,-4.089705467224121,-4.390169143676758,-4.651449680328369,-4.877500057220459,-5.391336441040039,-5.611156940460205,-5.862820148468018,-6.216807842254639,-6.812722206115723,-7.117877006530762,-7.439389228820801,-7.814293384552002,-7.97490930557251,-7.97271203994751,-8.528995513916016,-8.789575576782227,-8.917061805725098,-9.127788543701172,-9.467253684997559,-10.115911483764648,-10.566765785217285,-11.222246170043945,-11.347785949707031,-11.08782958984375,-11.031519889831543
3.637279987335205,3.3477635383605957,3.150998592376709,2.8212270736694336,2.4563794136047363,1.9799273014068604,1.5093048810958862,1.166304349899292,0.708523154258728,0.19259442389011383,-0.10416991263628006,-0.38159167766571045,-0.7136958837509155,-1.246522068977356,-1.8807671070098877,-2.551196813583374,-3.10020112991333,-3.557781457901001,-3.8427536487579346,-4.059667110443115,-4.33560848236084,-4.455459117889404,-4.850787162780762,-5.129443168640137,-5.425113201141357,-5.7067694664001465,-6.206182956695557,-6.484672546386719,-6.987228870391846,-7.545369625091553,-7.767383098602295,-7.9523468017578125,-8.53625774383545,-8.889533996582031,-9.2995023727417,-9.326895713806152,-9.439190864562988,-9.89006233215332,-10.091585159301758,-10.742635726928711,-11.057561874389648,-11.205296516418457,-11.10572624206543
4.901339054107666,4.643180847167969,4.0737810134887695,3.6021347045898438,3.082124948501587,2.6228747367858887,2.1404192447662354,1.7824578285217285,1.3536406755447388,0.8011490702629089,0.30852583050727844,-0.05394252389669418,-0.33944013714790344,-0.5270035862922668,-0.8005192875862122,-1.3893117904663086,-2.151243209838867,-2.88689923286438,-3.269427537918091,-3.606196880340576,-3.921773672103882,-4.139440536499023,-4.405117511749268,-4.387236595153809,-4.586673259735107,-4.792977809906006,-5.177402496337891,-5.507884502410889,-6.162119388580322,-6.826284408569336,-7.282853126525879,-7.833509922027588,-8.442234992980957,-8.859426498413086,-9.391813278198242,-9.467138290405273,-9.729515075683594,-10.140095710754395,-10.053297996520996,-10.373089790344238,-10.74142074584961,-10.964677810668945,-11.052959442138672
5.7125725746154785,5.242505073547363,4.799332141876221,4.348291397094727,3.912029504776001,3.633871078491211,3.2647058963775635,2.7467658519744873,2.1961700916290283,1.5870847702026367,0.9567835927009583,0.4923059940338135,0.13425227999687195,-0.11829623579978943,-0.35265716910362244,-0.7092750072479248,-1.2504005432128906,-1.9151941537857056,-2.332714796066284,-2.758826494216919,-3.072042942047119,-3.406198263168335,-3.776153326034546,-3.810929536819458,-3.8570985794067383,-3.8777153491973877,-4.150999069213867,-4.488019943237305,-5.0438432693481445,-5.635740280151367,-6.368290901184082,-7.256478786468506,-7.973313331604004,-8.428529739379883,-8.977428436279297,-9.176421165466309,-9.575579643249512,-10.102154731750488,-10.19294548034668,-10.449114799499512,-10.520098686218262,-10.60064697265625,-10.877960205078125
5.6407999992370605,4.626352310180664,5.014578342437744,4.65420389175415,4.472752094268799,4.317085266113281,3.9955363273620605,3.329970359802246,2.731905221939087,2.1453757286071777,1.5092682838439941,1.0385773181915283,0.6252976059913635,0.2576427459716797,-0.22335970401763916,-0.6468925476074219,-0.9977226853370667,-1.3880894184112549,-1.711381196975708,-2.137573480606079,-2.360236167907715,-2.6496901512145996,-3.0472958087921143,-3.3922669887542725,-3.505767822265625,-3.4885098934173584,-3.706537961959839,-3.841195821762085,-4.095217704772949,-4.438998222351074,-5.176381587982178,-6.026678562164307,-6.732541084289551,-7.2901835441589355,-7.9619364738464355,-8.349788665771484,-8.644752502441406,-9.05144214630127,-9.274003982543945,-9.728449821472168,-9.60118579864502,-9.800535202026367,-10.130675315856934
6.750242233276367,6.077969551086426,4.916595935821533,4.545522689819336,4.418361663818359,4.1921916007995605,4.049375057220459,3.5683343410491943,3.0312211513519287,2.5695555210113525,2.0820982456207275,1.5512350797653198,0.9640069007873535,0.47641563415527344,-0.08303936570882797,-0.6048511266708374,-0.9511483907699585,-1.208863377571106,-1.4796667098999023,-1.8851168155670166,-2.055485248565674,-2.191866159439087,-2.3372185230255127,-2.5747246742248535,-2.870252847671509,-3.1714553833007812,-3.505147695541382,-3.5747227668762207,-3.6150550842285156,-3.701519727706909,-4.073445796966553,-4.698415756225586,-5.317065715789795,-5.925007343292236,-6.653623580932617,-7.246529579162598,-7.606611728668213,-7.776830196380615,-7.8577961921691895,-8.267023086547852,-8.253941535949707,-8.62282943725586,-8.965858459472656
8.011490821838379,7.236908435821533,6.537313461303711,5.390881538391113,4.8295817375183105,4.213562965393066,3.7384235858917236,3.452693223953247,3.1463568210601807,2.910701036453247,2.6582272052764893,2.0835371017456055,1.4627246856689453,0.7491724491119385,0.1669476330280304,-0.3127119839191437,-0.6715900897979736,-0.9100198745727539,-1.1608937978744507,-1.471121907234192,-1.6370714902877808,-1.6988275051116943,-1.6434838771820068,-1.6883656978607178,-1.9144638776779175,-2.3619189262390137,-2.833164691925049,-3.3022854328155518,-3.541497230529785,-3.6161770820617676,-3.5862374305725098,-3.864912748336792,-4.253270149230957,-4.791684150695801,-5.441049575805664,-6.194672107696533,-6.701550483703613,-6.8552565574646,-7.024641513824463,-7.205312252044678,-7.264931678771973,-7.713886737823486,-8.094572067260742
9.32005500793457,8.333268165588379,7.61925745010376,6.147824764251709,5.2563982009887695,4.3857221603393555,3.7466766834259033,3.528956174850464,3.324800729751587,3.193474054336548,3.050290107727051,2.460597515106201,1.7448452711105347,0.8896405696868896,0.18304118514060974,-0.23446065187454224,-0.5121833682060242,-0.7208812236785889,-0.8845263123512268,-0.9890837073326111,-0.9949216246604919,-1.0295860767364502,-0.9302071928977966,-0.928289532661438,-1.0566169023513794,-1.448567509651184,-2.0171194076538086,-2.800076723098755,-3.42271089553833,-3.7874293327331543,-3.761021614074707,-3.7341830730438232,-3.7498044967651367,-4.052315711975098,-4.431788444519043,-5.021279335021973,-5.476018905639648,-5.732810974121094,-6.015463352203369,-6.1714653968811035,-6.3075032234191895,-6.870647430419922,-7.342621326446533
10.104562759399414,9.352520942687988,7.650899887084961,4.8830246925354,5.308906078338623,4.8896684646606445,4.4521403312683105,4.016620635986328,3.9387848377227783,3.7679758071899414,3.303130626678467,2.454416275024414,1.5649871826171875,0.735866367816925,0.1095535159111023,-0.22911089658737183,-0.4576705992221832,-0.6374337673187256,-0.6311007142066956,-0.4900679588317871,-0.3351275622844696,-0.24668914079666138,-0.24562112987041473,-0.3162745237350464,-0.3955315351486206,-0.6835994720458984,-1.1638048887252808,-1.7958416938781738,-2.460001230239868,-3.0601966381073,-3.4343314170837402,-3.6351771354675293,-3.727116346359253,-3.8072237968444824,-3.789818286895752,-3.936288356781006,-4.148510932922363,-4.526341438293457,-4.72236967086792,-4.960920810699463,-5.393109321594238,-5.768281936645508,-6.441612243652344
9.094219207763672,8.916841506958008,7.681450366973877,5.144656658172607,5.913524150848389,6.02770471572876,5.257561206817627,5.375999450683594,5.115294456481934,4.5193891525268555,3.440426826477051,2.1520166397094727,1.1793665885925293,0.632748007774353,0.38176342844963074,0.16419613361358643,-0.1162940189242363,-0.31656989455223083,-0.24120266735553741,0.0016295735258609056,0.32270655035972595,0.47531378269195557,0.49947893619537354,0.3348820209503174,0.257071852684021,0.11637438833713531,-0.07261303812265396,-0.3347068130970001,-0.6669526100158691,-1.1132383346557617,-1.6962618827819824,-2.3111541271209717,-2.8816795349121094,-3.204988479614258,-3.295064926147461,-3.3760743141174316,-3.519768476486206,-3.975956678390503,-4.1815409660339355,-4.682750225067139,-5.158600807189941,-5.616006851196289,-6.230362415313721
8.023587226867676,7.973507881164551,7.675422668457031,6.8749237060546875,6.787750720977783,6.877232074737549,6.408988952636719,5.955599308013916,5.518044948577881,4.359745502471924,2.9597792625427246,1.6586732864379883,0.7873710989952087,0.5920025110244751,0.6300938129425049,0.5453940629959106,0.37266623973846436,0.19851015508174896,0.21694453060626984,0.39750006794929504,0.6849769353866577,0.8367292284965515,1.0520005226135254,1.059248924255371,1.1613502502441406,1.239137053489685,1.2820638418197632,1.2422733306884766,1.085951805114746,0.7900114059448242,0.26250237226486206,-0.4298807382583618,-1.150377869606018,-1.9088340997695923,-2.5818605422973633,-3.037463665008545,-3.444908618927002,-3.9962213039398193,-4.606192588806152,-5.354885578155518,-5.935027122497559,-6.679598808288574,-7.018896579742432
8.01198959350586,7.546498775482178,7.420710563659668,7.149168014526367,6.817445755004883,6.972680568695068,7.200406551361084,3.8198471069335938,3.6225380897521973,2.8503856658935547,1.8901588916778564,1.4222064018249512,1.0273020267486572,0.8411285281181335,0.7721607685089111,0.6571254134178162,0.5697482228279114,0.49790212512016296,0.45133718848228455,0.43824657797813416,0.4929811358451843,0.7031139731407166,0.9932213425636292,1.3514739274978638,1.848088026046753,2.3468105792999268,2.6613502502441406,2.8254761695861816,2.71508526802063,2.402099132537842,1.7565968036651611,0.8834207057952881,-0.023378517478704453,-0.9459468722343445,-1.8169962167739868,-2.5542454719543457,-3.2554523944854736,-4.096190452575684,-5.042410373687744,-6.006565093994141,-6.865168571472168,-7.576594829559326,-7.865532398223877
8.31449031829834,7.618595123291016,7.151669025421143,6.727112770080566,6.573188304901123,6.843204975128174,6.798885345458984,0.7890763878822327,0.46480515599250793,1.1384973526000977,1.607580304145813,1.8569625616073608,2.017101287841797,1.7632602453231812,1.317847728729248,0.901165783405304,0.5257584452629089,0.21456052362918854,-0.1254175752401352,-0.3739914894104004,-0.3731647729873657,-0.020907510071992874,0.47339820861816406,1.0620392560958862,1.6968183517456055,2.3964455127716064,2.872349977493286,3.2370262145996094,3.224806547164917,3.0008862018585205,2.4892332553863525,1.6862125396728516,0.6714568734169006,-0.3360390067100525,-1.2779165506362915,-2.21582293510437,-3.1737985610961914,-4.224575519561768,-5.079509735107422,-5.961709499359131,-6.796752452850342,-7.4114484786987305,-7.688939571380615
8.591103553771973,7.829331398010254,7.183737754821777,6.77188777923584,6.447719573974609,6.346739292144775,5.232323169708252,-2.138782024383545,-1.6565450429916382,0.07451276481151581,1.8156203031539917,2.643784284591675,2.8260743618011475,2.6110191345214844,1.9984015226364136,1.281477689743042,0.4603358805179596,-0.2577982246875763,-0.8956955671310425,-1.3258106708526611,-1.2248507738113403,-0.8241240978240967,-0.18208014965057373,0.49461662769317627,1.0648430585861206,1.5966899394989014,2.091352701187134,2.4703927040100098,2.543330430984497,2.362070322036743,2.0332188606262207,1.5174325704574585,0.8678885698318481,0.11233526468276978,-0.7773846387863159,-1.8858872652053833,-3.0428144931793213,-4.063936233520508,-4.774139881134033,-5.2798614501953125,-5.876039505004883,-6.384335994720459,-6.777029991149902
7.472367763519287,6.719155788421631,6.014278411865234,5.689768314361572,5.261756420135498,4.1241326332092285,1.543862223625183,-3.7897541522979736,-2.6324007511138916,-0.4286310076713562,1.5562801361083984,2.6570966243743896,2.834393262863159,2.630980968475342,2.1064937114715576,1.3775506019592285,0.5058348774909973,-0.1643877923488617,-0.6306172609329224,-1.0110340118408203,-0.9989895224571228,-0.7159399390220642,-0.173091322183609,0.4293825924396515,0.8561586737632751,1.1199191808700562,1.3655153512954712,1.468990683555603,1.3972408771514893,1.0943464040756226,0.8580582141876221,0.615653932094574,0.3769718110561371,0.02061653696000576,-0.48812443017959595,-1.2713264226913452,-2.2904043197631836,-3.241656541824341,-3.9145443439483643,-4.502568244934082,-4.877462387084961,-5.471787929534912,-6.069370746612549
5.193220138549805,4.490303993225098,3.9879868030548096,3.6673810482025146,2.5587844848632812,-0.01679757609963417,-1.4238777160644531,-3.0317940711975098,-3.514132499694824,-0.09998472779989243,0.3696984350681305,1.3672168254852295,1.8768340349197388,2.0122945308685303,1.7273731231689453,1.3310494422912598,1.0078709125518799,0.799213171005249,0.7145882844924927,0.5635404586791992,0.42990991473197937,0.491904079914093,0.7548055052757263,1.0943928956985474,1.2892707586288452,1.269101858139038,1.0158121585845947,0.6228748559951782,0.2155200093984604,-0.1335068792104721,-0.2574855387210846,-0.2461019903421402,-0.29376107454299927,-0.4557138681411743,-0.7021096348762512,-1.1037261486053467,-1.7036973237991333,-2.5176992416381836,-3.219835042953491,-3.898408889770508,-4.496203422546387,-5.195702075958252,-5.736937046051025
3.5261244773864746,3.4287781715393066,3.1905465126037598,2.483501434326172,0.3224220871925354,-1.8222609758377075,-1.8276927471160889,-1.268092393875122,-2.481598138809204,0.1388786882162094,-0.7952404618263245,0.4120146632194519,0.9004372954368591,1.229716181755066,1.2740373611450195,1.3263099193572998,1.6549080610275269,2.055793046951294,2.3714852333068848,2.4658443927764893,2.3246617317199707,2.089068651199341,1.916158676147461,1.8804830312728882,1.7838581800460815,1.4820818901062012,0.8335140347480774,0.013194180093705654,-0.6543120741844177,-0.9399993419647217,-0.9290891289710999,-0.8158144950866699,-0.7834644913673401,-0.8756634593009949,-1.0682767629623413,-1.3952536582946777,-1.8696999549865723,-2.429028272628784,-3.125443935394287,-3.587428569793701,-4.412603855133057,-5.025363445281982,-5.572770118713379
3.029994249343872,2.8071725368499756,2.5792014598846436,1.6131054162979126,-0.3114703893661499,-1.0846197605133057,-0.9955511093139648,-0.866145133972168,-0.5077889561653137,0.4788171648979187,0.8556599617004395,-0.03640377148985863,0.10182296484708786,0.5269259214401245,1.0814244747161865,1.5853886604309082,2.207240581512451,2.8788297176361084,3.457796335220337,3.85870099067688,3.942854404449463,3.563544273376465,3.070648431777954,2.723896026611328,2.3146612644195557,1.7830049991607666,1.0270448923110962,0.14626486599445343,-0.5052632689476013,-0.7884343862533569,-0.8745753765106201,-0.9372593760490417,-0.9688563942909241,-0.9992623925209045,-1.0380250215530396,-1.190747618675232,-1.693335771560669,-2.045945405960083,-2.6406376361846924,-3.027128219604492,-3.6769866943359375,-4.252060890197754,-5.061966419219971
2.3254122734069824,1.8551024198532104,1.5350650548934937,0.7420822381973267,-0.07006122171878815,-0.2500656843185425,-0.38614621758461,-0.5757911801338196,-0.1628337800502777,0.9042626619338989,2.129342555999756,0.7986898422241211,-0.4643367528915405,0.1940128058195114,1.2969738245010376,2.0971975326538086,2.7079527378082275,3.1834588050842285,3.785784959793091,4.319193363189697,4.616194248199463,4.470577716827393,4.021629333496094,3.4846348762512207,2.8526742458343506,2.199876546859741,1.4995909929275513,0.8580783009529114,0.45782965421676636,0.20558513700962067,-0.04731686785817146,-0.31414705514907837,-0.49044403433799744,-0.5015504956245422,-0.4073123037815094,-0.31724563241004944,-0.6022111773490906,-0.8487777709960938,-1.254128336906433,-1.7909678220748901,-2.240502119064331,-2.910879373550415,-3.913306951522827
