data/wind_data/wind_59_7.json
{"header": {"parameterUnit": "KT", "parameterCategory": 2, "nx": 256, "ny": 198, "lo1": 44.73521041870117, "la1": -3.236724853515625, "lo2": 111.26478576660156, "la2": 43.468475341796875, "dx": 0.2609002888202667, "dy": -0.23708222806453705, "refTime": "2025-02-21 11:00:00", "forecastTime": 0, "parameterNumber": 2, "parameterNumberName": "eastward_wind"}, "data":
[rows 40 to 59 of 198, columns 88 to 131 of 256]
-1.584712028503418,-1.0629912614822388,-0.3483869433403015,0.376518577337265,0.8023537397384644,0.9904671907424927,1.144492268562317,1.2384531497955322,1.1079535484313965,0.9190916419029236,1.1024247407913208,1.4881649017333984,1.866642951965332,2.2026400566101074,2.1733005046844482,2.009234666824341,2.1277942657470703,2.3128373622894287,2.855424404144287,3.614727735519409,3.8894999027252197,4.086826324462891,4.505237102508545,4.85208797454834,5.409292221069336,6.456334114074707,7.5182294845581055,8.230719566345215,8.787067413330078,9.276663780212402,9.635172843933105,9.863808631896973,10.19752311706543,10.661650657653809,11.09173583984375,11.268264770507812,11.369217872619629,11.786264419555664,12.045049667358398,11.799534797668457,11.632262229919434,11.59227466583252,11.546744346618652,11.57438850402832
-1.697275996208191,-1.4346611499786377,-0.9372162222862244,-0.3670474886894226,0.06246642768383026,0.41834843158721924,0.9517849087715149,1.2370940446853638,1.0880520343780518,0.8382568359375,0.7914437651634216,1.0264023542404175,1.4980045557022095,2.01853346824646,2.1532599925994873,2.004498243331909,1.8320997953414917,1.8790745735168457,2.376850128173828,2.946667194366455,3.3069753646850586,3.4420857429504395,3.8431284427642822,4.323983669281006,4.817976474761963,5.569980621337891,6.751506328582764,7.887382984161377,8.596480369567871,9.11074161529541,9.437589645385742,9.471675872802734,9.448210716247559,9.668837547302246,10.274460792541504,10.835904121398926,11.083520889282227,11.374349594116211,11.61122989654541,11.554159164428711,11.49787425994873,11.332947731018066,11.048473358154297,10.691801071166992
-1.8883512020111084,-1.7079130411148071,-1.2347500324249268,-0.6151602268218994,-0.1362684816122055,0.06458234041929245,0.5478838682174683,1.0129469633102417,1.0534141063690186,0.9277953505516052,0.7600875496864319,0.8359140157699585,1.2320390939712524,1.6386587619781494,1.8977582454681396,1.9186246395111084,1.8281059265136719,2.0971903800964355,2.534310817718506,2.7936854362487793,2.9812674522399902,3.2436282634735107,3.7592110633850098,4.367299556732178,4.892200469970703,5.4332275390625,6.360551834106445,7.264317035675049,7.880430221557617,8.328781127929688,8.63714599609375,8.771049499511719,8.695638656616211,8.56171703338623,9.000910758972168,9.704713821411133,10.185437202453613,10.536730766296387,10.977301597595215,11.322017669677734,11.31844425201416,11.0071439743042,10.600101470947266,9.91565227508545
-2.1827144622802734,-2.075739860534668,-1.6473523378372192,-1.0245988368988037,-0.25715363025665283,0.17986181378364563,0.2800138592720032,0.5247066617012024,0.9955753087997437,1.3520927429199219,1.2416462898254395,1.0860353708267212,1.1094127893447876,1.2004398107528687,1.5219935178756714,1.8063212633132935,1.9303617477416992,2.273613691329956,2.546893358230591,2.6204819679260254,2.6386756896972656,2.952035665512085,3.5305304527282715,4.029062271118164,4.403112888336182,4.931813716888428,5.9138407707214355,6.624349117279053,6.879385948181152,7.0488152503967285,7.256111145019531,7.6295976638793945,7.758787631988525,7.386852264404297,7.462801456451416,8.134294509887695,8.825040817260742,9.323610305786133,10.04163646697998,10.70469856262207,10.826714515686035,10.48929214477539,10.071084022521973,9.399666786193848
-2.254962921142578,-2.271113395690918,-1.9388527870178223,-1.2684097290039062,-0.6081579923629761,-0.04550721496343613,0.1347467601299286,0.23512281477451324,0.8574063777923584,1.6534589529037476,1.7359620332717896,1.4274606704711914,1.25495183467865,1.1407716274261475,1.3329166173934937,1.6407428979873657,1.849831223487854,2.006457805633545,2.109037399291992,2.2335152626037598,2.2574262619018555,2.3759653568267822,2.8382577896118164,3.195720672607422,3.423248767852783,3.7918570041656494,5.010321617126465,5.974796295166016,5.984793186187744,5.729077339172363,5.60331392288208,6.083573818206787,6.57985258102417,6.272328853607178,6.035762786865234,6.600722312927246,7.294396877288818,7.871086120605469,8.704813957214355,9.457270622253418,9.907984733581543,9.874922752380371,9.570235252380371,9.03879165649414
-2.040358543395996,-1.9802889823913574,-1.6727701425552368,-1.1118667125701904,-0.7571350336074829,-0.3439882695674896,0.04007602855563164,0.20232994854450226,0.6009882092475891,1.3281805515289307,1.558867335319519,1.5704292058944702,1.7265616655349731,1.5788196325302124,1.5904250144958496,1.6434823274612427,1.6251157522201538,1.6952714920043945,1.7631492614746094,2.0008068084716797,2.0824594497680664,1.968752384185791,2.3348610401153564,2.8961541652679443,3.3718998432159424,3.6049554347991943,4.257836818695068,4.8784589767456055,4.687116622924805,4.16610050201416,3.9399328231811523,4.43402099609375,5.217280864715576,5.218227386474609,4.870129585266113,5.123716354370117,5.759615421295166,6.527520179748535,7.291170120239258,7.915587425231934,8.697953224182129,9.240008354187012,9.215978622436523,8.75074291229248
-1.7253221273422241,-1.4773550033569336,-1.1296730041503906,-0.8369859457015991,-0.6461366415023804,-0.2659982442855835,0.14366556704044342,0.22512537240982056,0.4612862169742584,0.9709548354148865,1.1887468099594116,1.5536789894104004,2.0011723041534424,2.108124256134033,2.243244171142578,2.022212028503418,1.6703613996505737,1.7505429983139038,1.8976784944534302,2.0279455184936523,2.035881757736206,1.9452080726623535,2.3793416023254395,3.1445345878601074,3.6584060192108154,3.5401771068573,3.165222644805908,3.0042872428894043,2.739283323287964,2.469823122024536,2.496649742126465,3.0183961391448975,3.804292917251587,4.059462070465088,3.919076681137085,4.1195549964904785,4.883290767669678,5.737097263336182,6.3109235763549805,6.803346157073975,7.755777359008789,8.702142715454102,9.113374710083008,8.765645027160645
-1.1518553495407104,-0.9998155236244202,-0.8032565116882324,-0.712807834148407,-0.5920746326446533,-0.24688468873500824,0.096956267952919,0.3165467083454132,0.5658631324768066,0.9763925075531006,1.302922248840332,1.6487252712249756,1.9955661296844482,2.265815019607544,2.5559329986572266,2.697283983230591,2.4569220542907715,2.1026320457458496,2.067807197570801,2.258981943130493,2.184964895248413,2.1161139011383057,2.6207847595214844,3.3970730304718018,4.182703018188477,4.085439205169678,3.2852437496185303,2.3746814727783203,1.8839807510375977,1.6131954193115234,1.5731114149093628,1.7679224014282227,2.1322031021118164,2.5121712684631348,2.997926950454712,3.7332687377929688,4.608649730682373,5.253653526306152,5.852835655212402,6.51405143737793,7.410557746887207,8.438567161560059,9.233105659484863,9.156158447265625
-0.19473302364349365,-0.20774255692958832,-0.33358481526374817,-0.5171118974685669,-0.537817120552063,-0.3667512834072113,-0.018201183527708054,0.27404749393463135,0.6792727112770081,1.2120178937911987,1.5497957468032837,1.8371682167053223,2.021179676055908,2.1387174129486084,2.534282684326172,3.1853811740875244,3.3495635986328125,2.8685696125030518,2.505195379257202,2.4934017658233643,2.460911989212036,2.4196221828460693,2.817477226257324,3.6334965229034424,4.643369197845459,5.115721702575684,4.707751750946045,3.612335681915283,2.792633295059204,2.1730873584747314,1.7250169515609741,1.3862358331680298,1.104044795036316,1.2725037336349487,2.169513463973999,3.3087942600250244,4.235115051269531,4.675558567047119,5.381531715393066,6.309992790222168,7.254716873168945,8.251866340637207,9.156925201416016,9.443217277526855
0.9332438111305237,0.7635306119918823,0.5183140635490417,0.1482643187046051,-0.1596277803182602,-0.18562430143356323,-0.018789250403642654,0.27271541953086853,0.8012099266052246,1.2986522912979126,1.7396719455718994,2.154362678527832,2.2973952293395996,2.2870559692382812,2.688671588897705,3.3640146255493164,3.685985803604126,3.6090803146362305,3.306706428527832,2.9436819553375244,2.8062775135040283,2.9085354804992676,3.0859148502349854,3.5523650646209717,4.368465423583984,5.150050163269043,5.462067127227783,5.0476579666137695,4.3525390625,3.665499448776245,2.9503870010375977,2.379082441329956,1.9897679090499878,1.5490106344223022,1.7802679538726807,2.643829345703125,3.5622432231903076,4.012319564819336,4.613748550415039,5.501856327056885,6.5506086349487305,7.553738594055176,8.367525100708008,8.998869895935059
1.7845531702041626,1.6185129880905151,1.3990758657455444,1.0841373205184937,0.6504412889480591,0.4785158336162567,0.4579470753669739,0.5013431906700134,0.8316264748573303,1.377557396888733,2.0081875324249268,2.6317248344421387,2.9570610523223877,2.947543144226074,3.17539644241333,3.446418523788452,3.596956253051758,3.8283259868621826,3.8736584186553955,3.6147301197052,3.3475780487060547,3.4092888832092285,3.5461175441741943,3.7435805797576904,3.9742233753204346,4.364277362823486,4.817635536193848,5.191624641418457,5.301158905029297,4.97055721282959,4.371095180511475,3.887091636657715,3.810878038406372,3.2841429710388184,2.331563711166382,2.3344295024871826,2.9277331829071045,3.42716121673584,3.9481515884399414,4.459818363189697,5.299731254577637,6.245347499847412,6.908125877380371,7.573131084442139
2.2450509071350098,2.266859292984009,2.1908462047576904,1.973357915878296,1.7308157682418823,1.5507675409317017,1.280362606048584,1.1208362579345703,1.1062625646591187,1.5052950382232666,2.16607928276062,3.0279042720794678,3.6454286575317383,3.8494601249694824,4.028363227844238,4.060757637023926,3.9328086376190186,3.799065113067627,3.726508617401123,3.861980676651001,4.096596717834473,4.251577377319336,4.243806838989258,4.194110870361328,4.136806964874268,4.215434551239014,4.414841651916504,4.882356643676758,5.408623695373535,5.487773418426514,5.29270076751709,5.079099178314209,5.17194938659668,5.090333461761475,3.799588441848755,2.8906426429748535,2.8371338844299316,3.0448193550109863,3.484551429748535,3.86531662940979,4.288517951965332,4.962156295776367,5.430214881896973,5.80334997177124
2.343435764312744,2.5775811672210693,2.8259804248809814,2.9157824516296387,2.86022686958313,2.6680901050567627,2.4216983318328857,2.1322579383850098,1.9000784158706665,1.9881048202514648,2.3820436000823975,3.158238410949707,3.836743116378784,4.375110626220703,4.796792030334473,4.9458794593811035,4.808414459228516,4.344799518585205,3.894122838973999,3.9638853073120117,4.473236560821533,5.01551628112793,5.18975830078125,4.966455936431885,4.7292022705078125,4.715073108673096,4.885310649871826,5.178038597106934,5.492690563201904,5.619779586791992,5.616196155548096,5.700977325439453,5.923620700836182,6.1235551834106445,5.261913776397705,4.05384635925293,3.365703821182251,3.050966262817383,3.1164777278900146,3.4108083248138428,3.750114679336548,4.253403663635254,4.570160388946533,4.493203163146973
2.5807454586029053,2.7571959495544434,3.1474449634552,3.6145987510681152,3.872363567352295,3.724896192550659,3.456676483154297,3.2358381748199463,3.0575289726257324,2.911905288696289,2.9553701877593994,3.3180885314941406,3.8771955966949463,4.532588481903076,5.109090805053711,5.493581771850586,5.538403034210205,5.2156476974487305,4.865740776062012,4.8064656257629395,5.073556423187256,5.527785301208496,5.847507476806641,5.8642683029174805,5.7116241455078125,5.536558628082275,5.5600128173828125,5.680296897888184,5.778243541717529,5.811546325683594,5.801767826080322,5.935816764831543,6.296834945678711,6.658298969268799,6.222812652587891,4.945778846740723,4.009077548980713,3.4419779777526855,3.0670692920684814,2.896517753601074,3.079447031021118,3.6738219261169434,4.156192302703857,3.966372489929199
3.674591541290283,3.5485873222351074,3.7297983169555664,4.136440277099609,4.450292587280273,4.492608547210693,4.385073184967041,4.229679107666016,4.13620662689209,3.9989538192749023,3.8055708408355713,3.790407657623291,4.110665321350098,4.659721851348877,5.322867393493652,5.848690509796143,5.98846960067749,5.925510406494141,5.93947696685791,6.064281463623047,6.344681262969971,6.601594924926758,6.594153881072998,6.552667617797852,6.582210063934326,6.512666702270508,6.359999656677246,6.161195278167725,6.048430442810059,6.038759708404541,6.0899152755737305,6.128121852874756,6.431625843048096,6.733433723449707,6.638597011566162,5.659360408782959,4.53483247756958,3.9003052711486816,3.229454517364502,2.6544086933135986,2.5864899158477783,3.0589308738708496,3.7564475536346436,3.914421558380127
5.399102210998535,5.221940517425537,5.16718864440918,5.182971000671387,5.25177001953125,5.2851996421813965,5.200916767120361,5.078343391418457,5.052952289581299,5.002862453460693,4.791465759277344,4.551570415496826,4.540756702423096,4.872348785400391,5.589951038360596,6.298221588134766,6.599878787994385,6.664149284362793,6.78358268737793,7.036559581756592,7.523375511169434,7.9413299560546875,7.885211944580078,7.5985493659973145,7.362551212310791,7.262953281402588,7.1497697830200195,6.8290605545043945,6.532526016235352,6.3672051429748535,6.320363521575928,6.273075103759766,6.445808410644531,6.461577415466309,6.492400169372559,6.449762344360352,5.590465068817139,4.710485935211182,3.78048038482666,2.715427875518799,2.516583204269409,3.067567825317383,3.7420754432678223,4.141916275024414
7.0080766677856445,7.0935211181640625,7.118523120880127,7.04854154586792,6.91241979598999,6.7275848388671875,6.448946952819824,6.1858930587768555,6.088537216186523,6.093733310699463,6.019334316253662,5.728394985198975,5.374044418334961,5.369543075561523,5.955795764923096,6.733728408813477,7.22937536239624,7.4834885597229,7.717484951019287,7.988013744354248,8.393024444580078,8.766773223876953,8.836406707763672,8.659366607666016,8.374496459960938,8.204715728759766,8.044010162353516,7.66444206237793,7.321915149688721,7.082729816436768,6.802685260772705,6.512639999389648,6.415322303771973,6.272185325622559,6.355602741241455,6.9020466804504395,6.844567775726318,6.113040447235107,5.268178939819336,4.02852201461792,3.091628074645996,3.4314258098602295,4.2565155029296875,4.784809589385986
8.612346649169922,8.850778579711914,9.06363582611084,9.157842636108398,9.096532821655273,8.874574661254883,8.486495971679688,8.028865814208984,7.673915863037109,7.530488967895508,7.53496789932251,7.421579837799072,7.083569049835205,6.823977947235107,6.982492446899414,7.43713903427124,7.869145393371582,8.21109390258789,8.52864933013916,8.851248741149902,9.221182823181152,9.46192455291748,9.452836990356445,9.288813591003418,9.14688777923584,9.164280891418457,9.145001411437988,8.853035926818848,8.430892944335938,8.013482093811035,7.688013076782227,7.276037693023682,6.813090801239014,6.410452842712402,6.489658355712891,7.104339599609375,7.706582546234131,7.6905694007873535,7.214903354644775,6.401313304901123,5.316080570220947,4.80020809173584,5.138473987579346,5.697092533111572
10.638254165649414,10.938349723815918,11.164151191711426,11.292595863342285,11.271087646484375,11.084550857543945,10.75672721862793,10.287890434265137,9.768884658813477,9.41035270690918,9.283981323242188,9.325032234191895,9.356371879577637,9.233120918273926,9.068137168884277,8.977283477783203,8.993370056152344,9.140623092651367,9.326912879943848,9.583558082580566,9.903956413269043,10.115065574645996,10.138806343078613,10.006113052368164,9.88322639465332,9.904516220092773,9.953774452209473,9.926472663879395,9.727486610412598,9.197786331176758,8.684513092041016,8.302155494689941,7.917785167694092,7.39254903793335,7.133604049682617,7.467393398284912,8.157787322998047,8.814336776733398,9.028820991516113,8.829453468322754,8.366642951965332,7.793689250946045,7.4746928215026855,7.579020023345947
13.162403106689453,13.39468765258789,13.551026344299316,13.585549354553223,13.433270454406738,13.163909912109375,12.823722839355469,12.379562377929688,11.84847354888916,11.357715606689453,11.04683780670166,11.084362983703613,11.436208724975586,11.694287300109863,11.55193042755127,11.119597434997559,10.674433708190918,10.469169616699219,10.474285125732422,10.573075294494629,10.697092056274414,10.795040130615234,10.870923042297363,10.869650840759277,10.801953315734863,10.743978500366211,10.710209846496582,10.708178520202637,10.690533638000488,10.512425422668457,9.969647407531738,9.393719673156738,9.156513214111328,9.035079002380371,8.641258239746094,8.40693187713623,8.714482307434082,9.467453956604004,10.210287094116211,10.650042533874512,10.897590637207031,10.948410034179688,10.795467376708984,10.656606674194336
