data/wind_data/wind_28_1.json
{"header": {"parameterUnit": "KT", "parameterCategory": 2, "nx": 256, "ny": 198, "lo1": 44.73521041870117, "la1": -3.236724853515625, "lo2": 111.26478576660156, "la2": 43.468475341796875, "dx": 0.2609002888202667, "dy": -0.23708222806453705, "refTime": "2025-02-20 04:00:00", "forecastTime": 0, "parameterNumber": 2, "parameterNumberName": "eastward_wind"}, "data":
[rows 171 to 189 of 198, columns 172 to 214 of 256]
26.602203369140625,7.521744728088379,-1.5659666061401367,5.346741199493408,9.89719295501709,10.35444450378418,-2.207671880722046,-4.604385852813721,-8.075902938842773,-7.004058361053467,-7.061156749725342,-4.021742820739746,-4.594329357147217,-4.777669429779053,-5.801587104797363,-6.407625198364258,-5.150533676147461,-2.6514172554016113,-3.0911500453948975,-0.5717307329177856,0.503339946269989,5.541763782501221,12.135030746459961,17.98920440673828,21.618446350097656,21.702104568481445,21.64598274230957,22.09822654724121,23.183116912841797,24.667112350463867,23.01291847229004,24.533708572387695,22.514007568359375,16.18494987487793,16.99152374267578,19.959653854370117,20.729001998901367,19.22710609436035,17.870689392089844,16.143768310546875,14.556575775146484,12.326614379882812,6.521045684814453
23.215688705444336,8.077502250671387,-1.7008132934570312,6.415714740753174,14.522382736206055,1.3269901275634766,-7.640782833099365,-5.5183916091918945,-7.863352298736572,-6.562711715698242,-6.687414646148682,-6.499206066131592,-6.560418128967285,-5.056064128875732,-4.481471538543701,-4.230204105377197,-2.020487070083618,2.833876848220825,3.053434133529663,3.9325997829437256,4.918508052825928,9.58145523071289,14.838754653930664,19.16628646850586,22.75796127319336,22.488977432250977,21.764148712158203,23.039920806884766,23.735727310180664,23.983625411987305,25.00111961364746,25.9964599609375,22.804752349853516,19.360795974731445,18.419483184814453,20.14627456665039,19.89105224609375,19.870607376098633,17.161579132080078,12.773592948913574,6.423465251922607,2.72986102104187,1.6955418586730957
16.769193649291992,12.982423782348633,6.759397029876709,5.9749603271484375,14.280563354492188,9.451132774353027,-3.1951944828033447,-1.0580390691757202,0.49725809693336487,-1.2428524494171143,-4.7007036209106445,-5.923102855682373,-6.607297420501709,-5.931073188781738,-4.845409870147705,-0.8691626191139221,2.711235523223877,4.8505353927612305,4.882290363311768,7.164412498474121,11.012371063232422,12.758149147033691,13.434037208557129,17.945817947387695,23.463695526123047,23.963401794433594,17.036012649536133,12.603126525878906,16.327655792236328,22.80182647705078,27.39371109008789,28.491119384765625,23.709016799926758,20.73072052001953,20.273334503173828,21.29864501953125,20.430648803710938,18.33167839050293,9.422091484069824,2.7898051738739014,-0.8266955614089966,-0.7266512513160706,0.21669743955135345
11.07154655456543,11.65213394165039,10.324512481689453,7.976512908935547,10.863033294677734,12.510062217712402,7.962065696716309,5.985769748687744,10.815768241882324,9.312901496887207,0.7214977741241455,-5.12421989440918,-6.162932395935059,-4.890423774719238,-2.901219606399536,2.8402493000030518,5.570609092712402,3.9316964149475098,-1.1999274492263794,1.5097752809524536,6.305968284606934,7.78631067276001,12.987343788146973,22.22823143005371,22.259641647338867,13.626029014587402,9.381229400634766,10.041200637817383,16.865217208862305,22.978384017944336,27.569622039794922,28.306495666503906,23.3068790435791,21.728761672973633,21.901670455932617,22.490949630737305,16.79071044921875,7.259084224700928,2.612881660461426,1.7503633499145508,-1.1420868635177612,-0.700386643409729,1.7916135787963867
6.907266616821289,8.047673225402832,9.49849796295166,10.153547286987305,9.72258186340332,9.064164161682129,8.918501853942871,9.255694389343262,10.96329402923584,9.499872207641602,5.538118839263916,-0.7497877478599548,-2.032381772994995,-1.5350710153579712,-1.3774324655532837,11.108274459838867,14.723278999328613,5.6338677406311035,-0.9403184652328491,3.46431827545166,6.441718101501465,8.124744415283203,18.875391006469727,25.415237426757812,15.49024772644043,7.533163547515869,15.903934478759766,23.4051456451416,20.964073181152344,19.804203033447266,25.57809829711914,26.663984298706055,23.52149200439453,22.097070693969727,24.555139541625977,17.416048049926758,5.232428550720215,3.457902431488037,7.258519649505615,3.573831081390381,-1.9995825290679932,0.16845381259918213,4.485320568084717
4.014822006225586,6.257362365722656,8.514113426208496,9.323807716369629,8.054434776306152,7.505623817443848,7.137111186981201,7.3623785972595215,7.841076850891113,7.9357733726501465,7.9229302406311035,6.368534088134766,5.324450492858887,3.495208978652954,2.9975979328155518,16.490690231323242,16.359237670898438,7.254388332366943,5.380369186401367,9.140454292297363,9.887788772583008,9.831714630126953,18.933958053588867,22.89663314819336,14.709213256835938,10.844767570495605,21.589847564697266,30.189258575439453,21.3581485748291,16.242042541503906,23.778085708618164,24.15882682800293,23.692428588867188,20.152496337890625,7.450294017791748,2.440835952758789,5.291413307189941,4.219198226928711,5.292529582977295,2.683432102203369,0.8644277453422546,1.6061190366744995,6.628561973571777
-1.8307127952575684,1.4724148511886597,4.361660003662109,5.881188869476318,5.984038352966309,5.526610374450684,5.742782115936279,5.878002643585205,5.730836391448975,5.788909912109375,6.127420425415039,8.874319076538086,11.06776237487793,10.431905746459961,10.386194229125977,11.930835723876953,3.9543983936309814,3.3652889728546143,8.874397277832031,11.533374786376953,12.591535568237305,12.70833969116211,18.239410400390625,21.926021575927734,16.659473419189453,14.349441528320312,24.14317512512207,24.92169761657715,15.055693626403809,16.336496353149414,22.37343978881836,20.601093292236328,15.676212310791016,5.34630823135376,1.0893877744674683,2.5172762870788574,3.5883426666259766,2.272494077682495,1.14305579662323,2.3263754844665527,3.5352706909179688,4.200939178466797,5.765279293060303
-5.9862380027771,-5.033112049102783,-2.246856927871704,0.03480181470513344,2.4948837757110596,3.5170817375183105,2.855046033859253,1.7278881072998047,0.7169735431671143,1.4339486360549927,3.0671281814575195,4.732887268066406,7.444761276245117,8.472691535949707,8.339268684387207,2.7254114151000977,0.08190729469060898,2.0528323650360107,3.763444185256958,6.6120758056640625,9.717720031738281,14.286720275878906,19.169246673583984,18.81106185913086,12.937664985656738,14.261650085449219,20.894886016845703,16.816856384277344,10.830949783325195,15.372596740722656,16.4222469329834,9.56801986694336,5.459418773651123,4.257414817810059,1.2323020696640015,0.33068689703941345,1.3015233278274536,1.9191218614578247,1.9677339792251587,4.04917573928833,5.044646739959717,4.896136283874512,4.474707126617432
-5.492173194885254,-6.606367588043213,-6.312265872955322,-5.4537739753723145,-3.9182560443878174,-1.316625952720642,-0.6194209456443787,-2.2008519172668457,-3.221996784210205,-2.2870934009552,-0.7514410614967346,0.21507588028907776,1.537606120109558,1.9893656969070435,0.8794050812721252,-3.2518372535705566,-3.611562967300415,-1.0433926582336426,0.4011741280555725,2.4076032638549805,5.638227462768555,10.134345054626465,12.496866226196289,10.472127914428711,7.314462661743164,8.146072387695312,11.004912376403809,9.863080978393555,7.622028350830078,8.072678565979004,6.520287990570068,5.023153781890869,4.235430717468262,2.856407403945923,1.016058325767517,-0.33071285486221313,-1.1637609004974365,0.3560810387134552,1.4188275337219238,3.7979044914245605,3.0890865325927734,2.8935585021972656,3.6896355152130127
-6.050872325897217,-6.306972980499268,-6.571141719818115,-6.541078090667725,-6.772924423217773,-6.64471435546875,-8.379412651062012,-9.219255447387695,-8.106886863708496,-6.452197074890137,-5.171960353851318,-2.9870693683624268,-1.336963176727295,-3.6178014278411865,-9.077340126037598,-10.979036331176758,-9.761726379394531,-7.249104976654053,-4.695944309234619,-1.6697640419006348,0.9646617770195007,3.811711549758911,4.573819637298584,4.8591203689575195,3.7830662727355957,3.7967026233673096,4.966094493865967,4.939317226409912,2.519099712371826,0.9917970299720764,0.659834086894989,0.0866147056221962,1.0943262577056885,0.19633394479751587,-1.9584791660308838,-1.440508246421814,-2.72879958152771,-1.2892309427261353,0.13225017488002777,1.1167850494384766,0.912495493888855,2.319991111755371,3.4883410930633545
-7.648141384124756,-6.9794087409973145,-6.837805271148682,-5.767956256866455,-4.706814289093018,-4.151214599609375,-7.955115795135498,-11.34057331085205,-11.022648811340332,-10.024518966674805,-9.409480094909668,-8.291470527648926,-8.636971473693848,-10.978585243225098,-14.10361099243164,-14.663383483886719,-12.897014617919922,-10.944184303283691,-9.423470497131348,-8.498608589172363,-6.832586765289307,-4.942470550537109,-3.2275404930114746,-2.971703290939331,-1.9849637746810913,-2.990903377532959,-1.4367437362670898,-1.8558067083358765,-1.080968976020813,-2.490985870361328,-1.7383649349212646,-2.2703678607940674,-2.742443561553955,-3.583082675933838,-2.8091447353363037,-2.57646107673645,-2.7164881229400635,-2.0843565464019775,-0.4566696286201477,0.7219961881637573,2.120959997177124,2.893810510635376,3.686828374862671
-9.036396026611328,-8.132061004638672,-6.741036891937256,-5.235494136810303,-2.847259759902954,-0.7481018304824829,-1.108669400215149,-8.871761322021484,-9.320737838745117,-9.62374496459961,-9.659031867980957,-8.595230102539062,-7.4825358390808105,-8.74800968170166,-12.31027889251709,-12.966989517211914,-11.27517032623291,-10.60218334197998,-10.965773582458496,-11.426197052001953,-10.53708267211914,-10.08630657196045,-9.917034149169922,-9.96621036529541,-9.925812721252441,-9.354519844055176,-7.87317419052124,-6.861885070800781,-4.813109397888184,-3.356274366378784,-2.294567823410034,-2.09443998336792,-2.254171371459961,-2.182062864303589,-1.418803334236145,0.4197501540184021,-1.5227911472320557,-0.8654969334602356,-0.9548030495643616,-0.6432844400405884,0.6299400329589844,1.9176946878433228,2.914976119995117
-9.077003479003906,-9.114692687988281,-8.419819831848145,-6.701510429382324,-3.999504327774048,-1.7000502347946167,1.165592074394226,-1.673194408416748,-9.004815101623535,-8.510534286499023,-8.019340515136719,-6.861749649047852,-4.988151550292969,-5.279108047485352,-7.913804054260254,-8.240008354187012,-7.171178817749023,-7.688338279724121,-8.540040016174316,-8.541543960571289,-8.239153861999512,-8.367903709411621,-8.5073823928833,-8.49246883392334,-8.199719429016113,-7.450260162353516,-6.426250457763672,-5.245330810546875,-3.784640312194824,-2.5874085426330566,-1.0454155206680298,-0.27563396096229553,0.39909628033638,0.3151054382324219,1.646515965461731,0.44890445470809937,0.08341147750616074,-0.4639289081096649,-0.6192914843559265,-0.5785197615623474,-0.6178311705589294,0.535520613193512,1.6783974170684814
-8.360311508178711,-7.970353126525879,-7.492384910583496,-7.248995780944824,-6.3188252449035645,-4.698282718658447,-1.8321279287338257,0.9985535144805908,-4.960087299346924,-7.306008815765381,-6.2800211906433105,-4.962911605834961,-2.4855480194091797,-2.314924955368042,-3.9126412868499756,-4.435512542724609,-4.040714263916016,-4.75908088684082,-4.773924350738525,-4.668332576751709,-4.856264591217041,-5.730942726135254,-6.376224040985107,-6.110199451446533,-5.2931904792785645,-4.257076263427734,-2.8815925121307373,-1.3757020235061646,-1.1804157495498657,-0.7616707682609558,0.7652339339256287,1.2416828870773315,3.0198161602020264,2.372300624847412,1.9603216648101807,1.1159892082214355,0.9059978723526001,-0.35311299562454224,-0.42153334617614746,-0.37714681029319763,0.16929848492145538,0.2318711280822754,1.6044490337371826
-6.441640377044678,-4.939148426055908,-3.416534185409546,-4.09102725982666,-5.6682353019714355,-6.438296794891357,-5.174914836883545,-2.9607017040252686,-0.872489869594574,-3.1485583782196045,-4.242793560028076,-3.0675864219665527,-1.2603832483291626,0.7703083753585815,-1.143674373626709,-0.3338966369628906,-1.9233756065368652,-1.866491436958313,0.27258720993995667,-0.14725641906261444,-1.8025602102279663,-2.807485342025757,-3.25046706199646,-3.2378485202789307,-2.4769158363342285,-0.9364835619926453,0.6150621771812439,1.384190320968628,0.5383453369140625,-2.1941721439361572,-0.377287894487381,0.0836884155869484,2.0573391914367676,2.271437883377075,2.172451972961426,2.0041778087615967,1.3164926767349243,-1.1356277465820312,-1.4097683429718018,0.08906712383031845,1.646549105644226,-0.24537868797779083,0.3541814386844635
-3.75919771194458,-2.0183029174804688,-0.9498960375785828,-1.625340461730957,-3.211182117462158,-4.636192798614502,-5.731165409088135,-6.1752495765686035,-5.065362930297852,-3.7298176288604736,-4.002305507659912,-3.034151792526245,-1.77751624584198,-0.22994275391101837,-0.6400085091590881,-0.27857109904289246,-1.1853166818618774,0.3412270247936249,2.0309228897094727,3.240143299102783,2.3618972301483154,1.117613673210144,0.6418138146400452,-0.22252815961837769,-0.4346035122871399,2.871481418609619,2.777930736541748,2.162522077560425,1.4510256052017212,-2.920182466506958,-3.1864142417907715,-2.196976900100708,-1.0898383855819702,0.3371381163597107,2.1155076026916504,1.819512963294983,-1.4159371852874756,-2.7321043014526367,-0.5590372085571289,0.7308995723724365,0.9533766508102417,-0.7320155501365662,-1.8339849710464478
-0.41988405585289,0.29356649518013,0.5953320860862732,-0.7207479476928711,-2.296931266784668,-3.0222103595733643,-2.970898389816284,-3.9017772674560547,-5.014677047729492,-5.348642349243164,-4.621678829193115,-3.702909231185913,-2.9275357723236084,-2.0634613037109375,-0.6467441916465759,0.013715638779103756,0.46898630261421204,2.0024774074554443,1.6303738355636597,2.129453659057617,0.7793391346931458,-0.3540789783000946,0.3722420930862427,-0.16556869447231293,-0.10992936044931412,4.32291841506958,4.250831127166748,2.9517176151275635,2.158956527709961,-1.1332005262374878,-3.377532958984375,-2.677194356918335,-2.8765079975128174,-1.8559597730636597,-0.5682266354560852,-2.7494304180145264,-2.2863011360168457,-1.8035128116607666,0.36261361837387085,-0.13867193460464478,-0.03542064130306244,-2.9766292572021484,-3.1199228763580322
3.52203106880188,3.203869342803955,1.6384254693984985,0.37115442752838135,-0.5795460343360901,-0.8106967806816101,-0.6567530035972595,-1.4336519241333008,-1.8979722261428833,-1.7050268650054932,-1.6369123458862305,-1.7163561582565308,-1.019469976425171,0.08622898906469345,1.2787418365478516,1.499224305152893,2.6603236198425293,2.757161855697632,2.078810930252075,1.8582533597946167,-1.598120927810669,-3.8006551265716553,-3.5416574478149414,-2.992281198501587,-0.6524917483329773,3.21410870552063,6.170854568481445,4.256409645080566,3.548807144165039,1.835862159729004,-3.033973455429077,-3.126739025115967,-2.0658786296844482,-2.266165018081665,-2.8879802227020264,-3.4843592643737793,-3.0651040077209473,-2.4567973613739014,-1.664984941482544,-1.748376727104187,-2.5911450386047363,-3.565906286239624,-5.089723110198975
4.355959892272949,4.575641632080078,3.440150022506714,2.2744998931884766,1.964017391204834,2.0401389598846436,2.1765425205230713,1.6324427127838135,1.5672359466552734,1.489517331123352,2.0757555961608887,2.051626443862915,1.810958743095398,2.2330169677734375,2.745734453201294,1.781267762184143,2.5505495071411133,2.6648924350738525,2.2985050678253174,4.424993515014648,-0.14720414578914642,-3.606429100036621,-2.2013790607452393,-1.0280814170837402,1.1678476333618164,3.288729429244995,6.698780536651611,4.5277628898620605,2.270315647125244,3.814720630645752,1.3272730112075806,-0.8919524550437927,0.7025648355484009,-1.238031268119812,-2.8871302604675293,-3.650298833847046,-3.8408796787261963,-3.8313074111938477,-3.321958303451538,-3.2580628395080566,-3.8698034286499023,-4.800569534301758,-5.869709014892578
