data/wind_data/wind_1_1.json
{"header": {"parameterUnit": "KT", "parameterCategory": 2, "nx": 256, "ny": 198, "lo1": 44.73521041870117, "la1": -3.236724853515625, "lo2": 111.26478576660156, "la2": 43.468475341796875, "dx": 0.2609002888202667, "dy": -0.23708222806453705, "refTime": "2025-02-19 01:00:00", "forecastTime": 0, "parameterNumber": 2, "parameterNumberName": "eastward_wind"}, "data":
[rows 114 to 132 of 198, columns 129 to 171 of 256]
-0.11544835567474365,-0.7788894772529602,-0.4628094732761383,-0.3028980493545532,-0.3403449058532715,0.004727465566247702,0.4466665983200073,0.9297455549240112,0.8586937785148621,0.5129815936088562,-0.14452369511127472,-0.07724937796592712,0.8180819749832153,0.8069521188735962,1.0347480773925781,1.2277617454528809,0.9788218140602112,0.3769640326499939,-0.008432195521891117,-0.24162399768829346,-0.294331431388855,0.4164752662181854,2.489898681640625,2.7607204914093018,2.9645345211029053,2.2929625511169434,1.2240408658981323,0.5684263706207275,0.3816240131855011,-0.24419638514518738,-1.5259878635406494,-2.4313840866088867,-2.566023111343384,-2.3536696434020996,-2.374177932739258,-2.2648375034332275,-1.909929871559143,-1.1702464818954468,-0.8472188711166382,-1.8999327421188354,-3.241755962371826,-3.8155643939971924,-3.622263193130493
1.2035046815872192,1.0812458992004395,1.141905426979065,1.1988980770111084,0.951336681842804,0.8135257363319397,1.2976360321044922,2.23797607421875,2.2880301475524902,1.2962740659713745,0.16206902265548706,0.6930827498435974,1.9108150005340576,1.6442971229553223,1.4097365140914917,1.9897435903549194,1.6836198568344116,0.561464250087738,-0.26162177324295044,-0.6747564077377319,-0.3541870713233948,0.30122825503349304,2.2684311866760254,2.6217470169067383,2.691087007522583,2.3321237564086914,1.3656446933746338,0.4943975806236267,-0.28456977009773254,-1.1309504508972168,-2.311859369277954,-2.8262531757354736,-2.0233049392700195,-1.3661720752716064,-1.717199444770813,-2.7913877964019775,-3.7546932697296143,-3.4888124465942383,-2.8700716495513916,-2.8255181312561035,-3.8984973430633545,-4.4958367347717285,-5.046597480773926
1.5467220544815063,2.1145453453063965,2.2679402828216553,2.408612012863159,1.9672832489013672,1.605272650718689,2.046476364135742,2.9237380027770996,2.9501593112945557,1.178991436958313,-0.36098968982696533,0.4521101117134094,1.5819088220596313,1.741297721862793,1.9388771057128906,2.425266981124878,1.5892871618270874,0.8368281126022339,0.45601287484169006,0.0859256237745285,-0.3646111488342285,-0.5431511998176575,0.11192444711923599,2.2715539932250977,2.37727952003479,1.976620078086853,0.7719858884811401,-0.5277847051620483,-1.4276334047317505,-2.472019910812378,-3.4940667152404785,-3.911423444747925,-3.6875522136688232,-3.0130789279937744,-2.9134387969970703,-3.854337692260742,-5.122784614562988,-5.071707725524902,-4.497692584991455,-3.879502058029175,-4.237330913543701,-4.794677257537842,-5.911051273345947
2.0233399868011475,2.493518829345703,2.672447919845581,2.94854998588562,2.790890693664551,2.029337167739868,1.8484375476837158,2.153430700302124,1.8135515451431274,0.6035827994346619,-0.2624683976173401,0.2446502447128296,1.3079332113265991,1.9231864213943481,2.6550986766815186,2.2658443450927734,0.282728374004364,0.005867872387170792,0.8712215423583984,1.2191060781478882,0.8843702077865601,0.5318759679794312,0.01160266064107418,-0.10093449056148529,0.47040367126464844,-0.2960742712020874,-0.4267306625843048,-1.6827689409255981,-2.352221965789795,-4.153233528137207,-5.867730617523193,-5.044596195220947,-4.446575164794922,-3.579277992248535,-2.695760726928711,-2.7106142044067383,-3.1605796813964844,-3.626858949661255,-5.086479187011719,-3.626588821411133,-2.711827516555786,-3.943185329437256,-5.8705034255981445
1.7982838153839111,1.6714208126068115,2.153529405593872,2.7055540084838867,2.404697895050049,1.3851723670959473,1.0039408206939697,0.8765591382980347,0.9892874956130981,1.6289831399917603,0.8296838402748108,0.665454089641571,1.6719919443130493,2.2721519470214844,2.475315570831299,1.3169020414352417,-0.38706403970718384,-0.018682481721043587,1.3382593393325806,1.792881965637207,1.77421236038208,1.8363031148910522,0.7142112851142883,-1.2816908359527588,-2.967406749725342,-3.5694522857666016,-3.2443578243255615,-3.101433277130127,-3.805943012237549,-5.0442280769348145,-6.684700012207031,-6.400917053222656,-3.692570924758911,-3.3289308547973633,-4.385341167449951,-3.4459731578826904,-1.4631110429763794,0.22200867533683777,-0.4319741129875183,-0.5919544100761414,-1.6124237775802612,-3.1343657970428467,-4.3298234939575195
0.9132556319236755,0.9413822293281555,1.7120838165283203,2.0404906272888184,1.5273008346557617,0.728158175945282,0.6688777208328247,1.0452907085418701,1.7395124435424805,2.5421197414398193,2.0734663009643555,1.5984382629394531,1.906226634979248,2.381685256958008,2.2949538230895996,0.8130849003791809,0.2650609016418457,1.1368638277053833,1.540910005569458,1.047041416168213,0.5938197374343872,-0.2152353823184967,-1.8755385875701904,-3.3410255908966064,-3.763599157333374,-3.950965166091919,-4.0523810386657715,-4.957074165344238,-6.4222412109375,-6.246359825134277,-7.930251598358154,-8.91840648651123,-5.555657863616943,-3.703585624694824,-6.731555461883545,-7.400129318237305,-3.8906447887420654,1.450344204902649,4.254509925842285,1.2367103099822998,-2.519545078277588,-5.240401744842529,-5.630462646484375
0.9138734936714172,1.3742636442184448,1.9246608018875122,1.8906675577163696,1.5876189470291138,1.3943735361099243,1.529693365097046,1.8072935342788696,2.343785285949707,2.8735435009002686,2.417881488800049,1.548837661743164,1.4071580171585083,2.090608835220337,1.9394876956939697,0.5712146162986755,0.6194324493408203,0.513343095779419,-0.8830908536911011,-2.141967296600342,-2.98333740234375,-4.028716564178467,-4.263031959533691,-3.3478543758392334,-4.002106189727783,-5.168835639953613,-4.447381973266602,-5.992064476013184,-8.65443229675293,-8.289314270019531,-8.069422721862793,-7.954479694366455,-5.220995903015137,-0.8837019801139832,-3.6923987865448,-9.113327980041504,-7.042971611022949,2.6636123657226562,4.270430088043213,-2.056805372238159,-3.163250684738159,-3.0763375759124756,-5.372095108032227
1.5135053396224976,2.3797686100006104,2.7104225158691406,2.475921630859375,2.3276541233062744,2.412141799926758,2.520749807357788,2.3806746006011963,2.4703474044799805,2.878248691558838,2.2316296100616455,0.9738358855247498,0.7436001896858215,1.5735899209976196,1.2273873090744019,-0.6479418873786926,-1.2989295721054077,-2.24832820892334,-3.4976155757904053,-4.175640106201172,-3.5528132915496826,-4.951923370361328,-5.028135776519775,-3.7398648262023926,-7.480389595031738,-8.042434692382812,-5.369926929473877,-7.196681022644043,-8.838719367980957,-9.012277603149414,-9.577385902404785,-7.152643203735352,-2.5398287773132324,2.8582992553710938,-1.1559138298034668,-4.9777021408081055,-5.240416049957275,0.12813086807727814,1.9480513334274292,-4.598897933959961,-2.2583067417144775,1.4417277574539185,-2.1729462146759033
2.0521087646484375,3.035682439804077,3.645083427429199,3.5275118350982666,3.1706337928771973,3.070552110671997,3.0676803588867188,2.59576153755188,2.71923565864563,3.317843198776245,2.329802989959717,0.5210556983947754,0.1204518973827362,0.29942092299461365,-1.3241416215896606,-4.191694736480713,-3.4488043785095215,-3.939714193344116,-3.469630479812622,-3.372342109680176,-2.254976987838745,-1.4767087697982788,-3.2070748805999756,-6.863670349121094,-13.001287460327148,-13.54509162902832,-8.141103744506836,-5.7445902824401855,-6.855193138122559,-9.860406875610352,-11.656838417053223,-6.3995537757873535,-1.5585535764694214,4.4185380935668945,1.8197635412216187,-3.445826292037964,-4.039230823516846,0.3351893723011017,3.777907609939575,-3.750993251800537,-1.6878405809402466,3.4357521533966064,-0.17578287422657013
2.5968174934387207,3.5163002014160156,4.152923107147217,4.1069016456604,3.6530866622924805,3.463697910308838,3.301220417022705,3.091318130493164,3.753194570541382,3.8351452350616455,1.8314807415008545,-0.39670291543006897,-1.4909476041793823,-3.253669500350952,-5.7638115882873535,-7.525233745574951,-4.97354793548584,-4.593328475952148,-4.919626712799072,-4.013204574584961,-0.23482397198677063,2.716036319732666,-1.1972227096557617,-7.745430946350098,-11.626239776611328,-11.799798011779785,-9.421465873718262,-6.217200756072998,-5.674511432647705,-9.695554733276367,-12.741242408752441,-9.089723587036133,-2.205622911453247,10.392152786254883,12.460633277893066,-7.197378635406494,-8.089410781860352,3.9254372119903564,10.011262893676758,-0.21737228333950043,-0.7890205383300781,6.100877285003662,2.068005084991455
2.4906504154205322,3.2008514404296875,3.927968978881836,3.9615721702575684,3.4029035568237305,3.2988245487213135,3.354947566986084,3.750692129135132,4.080795764923096,2.3224875926971436,-0.26098939776420593,-3.0163800716400146,-6.043416500091553,-6.664822101593018,-7.720519065856934,-8.838332176208496,-5.829587936401367,-5.3963470458984375,-3.9608500003814697,-2.305567979812622,1.702110767364502,2.557065486907959,-1.7148464918136597,-6.609975814819336,-8.848610877990723,-8.709413528442383,-8.245481491088867,-10.458521842956543,-6.6402692794799805,-5.395864486694336,-13.668487548828125,-11.824888229370117,-3.172719717025757,15.788383483886719,16.000568389892578,-1.14301335811615,-3.531560182571411,9.773326873779297,6.4594855308532715,-1.9517022371292114,4.910537242889404,8.639636993408203,-0.5661270022392273
3.134350061416626,2.8980374336242676,3.141832113265991,3.01344895362854,2.4715371131896973,2.5448575019836426,2.6123716831207275,2.5620615482330322,1.6588551998138428,-1.1810861825942993,-4.359294414520264,-7.428006649017334,-9.113962173461914,-9.87147045135498,-10.960930824279785,-11.909578323364258,-9.1754150390625,-7.711489200592041,-0.4482831656932831,0.13428738713264465,-3.320218801498413,-3.2790379524230957,-2.62893009185791,-3.7936558723449707,-4.167684555053711,-5.965559482574463,-8.284564018249512,-15.924135208129883,-7.896137237548828,-0.1690244823694229,-5.9406232833862305,-1.0526429414749146,4.440506935119629,9.535637855529785,6.891311168670654,5.978725433349609,7.12877893447876,8.954367637634277,4.65238618850708,3.7580668926239014,7.3132171630859375,3.1227400302886963,-0.7083435654640198
4.690778732299805,3.6006035804748535,2.156831979751587,1.3372770547866821,0.942945659160614,0.5962929725646973,0.24792249500751495,0.2909020185470581,-2.2471609115600586,-5.757206916809082,-7.58362340927124,-7.5233683586120605,-10.662712097167969,-11.103830337524414,-9.419567108154297,-12.907147407531738,-14.903308868408203,-10.751428604125977,-2.5336689949035645,1.06831693649292,-3.3360660076141357,-5.151682376861572,-2.8024017810821533,-2.9344098567962646,-1.9782917499542236,-4.511470317840576,-8.028444290161133,-14.015604972839355,-1.065447211265564,3.283277988433838,2.1180670261383057,5.537973403930664,4.995061874389648,4.4959635734558105,7.851385116577148,10.3993558883667,9.648392677307129,10.609380722045898,6.5695109367370605,9.726883888244629,10.187931060791016,2.007513999938965,3.688652753829956
5.259609222412109,3.4496724605560303,1.164321780204773,-0.04784643277525902,-0.8011228442192078,-2.3682680130004883,-1.9724291563034058,-2.4250481128692627,-7.046255588531494,-6.9832258224487305,-5.510108470916748,-6.239297389984131,-11.77684497833252,-11.025935173034668,-5.589487552642822,-10.86647891998291,-15.554676055908203,-13.861895561218262,-9.590036392211914,1.2119948863983154,3.681569814682007,-3.720334053039551,-2.3178536891937256,3.1162986755371094,3.8729255199432373,-0.03193209320306778,1.6148147583007812,-1.631330132484436,1.1963703632354736,2.9977169036865234,3.5406131744384766,4.369175910949707,5.009356498718262,5.981078147888184,8.227139472961426,11.254920959472656,8.151411056518555,8.857253074645996,11.011048316955566,7.804272651672363,8.39449405670166,2.0489916801452637,2.7242565155029297
4.38004207611084,1.6174936294555664,-0.2873484194278717,-1.8635495901107788,-4.89512300491333,-5.176288604736328,-3.9087159633636475,-5.617929935455322,-9.122275352478027,-4.488386631011963,-3.3341097831726074,-9.594898223876953,-15.874225616455078,-14.063579559326172,-6.081452369689941,-7.973031520843506,-10.425443649291992,-10.386354446411133,-12.972097396850586,-0.7343072295188904,8.364519119262695,-0.44044214487075806,-3.513651132583618,5.886849880218506,1.916401743888855,0.49101483821868896,3.8088219165802,2.5489420890808105,2.3356363773345947,5.32790994644165,3.520397186279297,2.8821964263916016,6.112516403198242,7.4741997718811035,9.810277938842773,7.106939792633057,5.1209540367126465,8.12695026397705,11.488070487976074,9.59428596496582,5.010016441345215,3.9181716442108154,5.802811622619629
1.7188842296600342,-2.478180408477783,-4.000548839569092,-6.222459316253662,-8.442059516906738,-5.184261322021484,-1.626657485961914,-6.577035427093506,-10.97995376586914,-4.80854606628418,-6.014030456542969,-12.722731590270996,-16.396711349487305,-15.289519309997559,-11.317086219787598,-13.213662147521973,-13.274673461914062,-8.647826194763184,-9.40358829498291,-4.326030731201172,4.464715480804443,5.77075719833374,-2.804964780807495,3.1267378330230713,2.200136423110962,2.4984538555145264,3.268244743347168,2.1295135021209717,1.8067176342010498,4.938817501068115,7.380906581878662,6.5203537940979,5.64937162399292,6.8060455322265625,6.689709663391113,4.236896514892578,3.467191696166992,7.941494941711426,9.268216133117676,8.592684745788574,-0.8950921893119812,0.04800642281770706,5.345900535583496
-4.310235977172852,-6.546217918395996,-8.351783752441406,-12.787906646728516,-14.10844898223877,-5.934023380279541,0.8034054636955261,-5.617809295654297,-8.539582252502441,-8.542354583740234,-9.35772705078125,-8.394865036010742,-7.766312122344971,-9.532449722290039,-12.913466453552246,-16.986499786376953,-11.390589714050293,-3.9472200870513916,-4.618529319763184,0.12264733016490936,3.133868932723999,5.292033672332764,-0.8690918684005737,0.21885833144187927,2.1525845527648926,3.535461902618408,1.342750072479248,3.154353141784668,3.7086524963378906,3.275794506072998,6.5333943367004395,8.016616821289062,5.288991451263428,5.514203071594238,7.242728233337402,8.697381973266602,6.409598350524902,7.805326461791992,7.266012191772461,6.054553031921387,3.5629866123199463,1.1036165952682495,1.7687329053878784
-8.661343574523926,-8.166979789733887,-11.690637588500977,-12.442577362060547,-12.34034252166748,-5.375054836273193,-1.0521256923675537,-4.783792972564697,-11.417718887329102,-17.787433624267578,-11.936034202575684,-4.118884086608887,3.078815221786499,-1.9500110149383545,-13.93917179107666,-20.512836456298828,-15.050601959228516,-3.2531301975250244,6.611753463745117,4.086477279663086,1.6396561861038208,2.282613754272461,0.1958950012922287,0.28770044445991516,3.3702611923217773,3.185397148132324,3.059253454208374,5.280139446258545,4.611691474914551,4.880947113037109,5.3990654945373535,6.424177646636963,6.208271026611328,8.818714141845703,10.220778465270996,8.422760963439941,7.23052453994751,6.764509677886963,9.20402717590332,6.471274375915527,7.589521884918213,4.320393085479736,2.381401300430298
-13.572768211364746,-13.73294734954834,-13.909880638122559,-8.643651008605957,-7.856062889099121,-5.497239589691162,-2.7525956630706787,-6.031688690185547,-10.681468963623047,-20.789451599121094,-16.41370391845703,-4.694090843200684,6.420082092285156,1.5776816606521606,-13.8643159866333,-17.895431518554688,-12.261917114257812,4.907011985778809,9.392992973327637,3.1352598667144775,1.633139729499817,1.116958737373352,0.021707244217395782,2.327495813369751,3.2578675746917725,4.044075012207031,6.020787715911865,7.917752742767334,6.251272201538086,6.447731018066406,7.7581377029418945,7.302549839019775,7.38006067276001,9.680577278137207,10.409707069396973,7.568197727203369,7.7602620124816895,8.00920295715332,10.266549110412598,7.322839736938477,4.53773832321167,3.743212938308716,4.566437721252441
