data/wind_data/wind_39_3.json
{"header": {"parameterUnit": "KT", "parameterCategory": 2, "nx": 256, "ny": 198, "lo1": 44.73521041870117, "la1": -3.236724853515625, "lo2": 111.26478576660156, "la2": 43.468475341796875, "dx": 0.2609002888202667, "dy": -0.23708222806453705, "refTime": "2025-02-20 15:00:00", "forecastTime": 0, "parameterNumber": 2, "parameterNumberName": "eastward_wind"}, "data":
[rows 133 to 151 of 198, columns 176 to 219 of 256]
8.497392654418945,10.827075004577637,11.545917510986328,10.76040267944336,11.022403717041016,12.012208938598633,8.62841796875,4.1527533531188965,4.1832194328308105,4.108859539031982,4.5418500900268555,6.136547088623047,8.133925437927246,9.881978988647461,13.073925971984863,14.25629997253418,10.736480712890625,8.61470890045166,11.274409294128418,16.780282974243164,20.78483772277832,22.123104095458984,23.040313720703125,20.4716739654541,19.822202682495117,19.472644805908203,24.52307891845703,25.384010314941406,21.0313663482666,18.94858169555664,17.508941650390625,16.98982048034668,17.26895523071289,18.75888442993164,20.88192367553711,22.11952018737793,22.36493492126465,19.474123001098633,23.310789108276367,25.502958297729492,27.210071563720703,29.20525360107422,24.271032333374023,18.689403533935547
4.847947120666504,-1.95210862159729,-4.234208106994629,-0.7145615816116333,1.977616786956787,4.15010404586792,3.5925185680389404,5.785015106201172,5.283935070037842,4.536371231079102,6.272106170654297,8.9258451461792,10.399763107299805,11.765318870544434,13.141151428222656,13.615001678466797,14.459741592407227,15.801576614379883,16.851730346679688,17.35346221923828,18.67475128173828,20.36104965209961,20.113006591796875,21.449281692504883,23.967815399169922,25.98027801513672,26.486413955688477,19.589086532592773,16.01613998413086,16.284669876098633,14.137064933776855,14.305675506591797,16.861309051513672,18.92435646057129,19.047901153564453,18.758602142333984,18.019908905029297,24.239227294921875,28.04749298095703,30.614791870117188,27.227855682373047,23.880300521850586,18.072425842285156,14.047606468200684
0.20699207484722137,1.8099416494369507,0.9485562443733215,0.5710673928260803,2.080718994140625,2.421812057495117,0.9204531908035278,2.021804094314575,5.707064628601074,6.272607326507568,6.755053520202637,9.519932746887207,11.542888641357422,11.910371780395508,13.278937339782715,14.54427433013916,14.846317291259766,13.78443431854248,12.2212553024292,12.292887687683105,12.953401565551758,15.828038215637207,20.15203857421875,24.188539505004883,26.247543334960938,26.165769577026367,21.33475685119629,15.394702911376953,13.864752769470215,14.810182571411133,13.223074913024902,12.617941856384277,18.86602210998535,22.403244018554688,23.662317276000977,23.28395652770996,22.662302017211914,24.64639663696289,29.28346824645996,34.162593841552734,23.951461791992188,8.019913673400879,2.0924265384674072,1.7627662420272827
-1.923624038696289,7.09332799911499,6.005471706390381,1.5254034996032715,0.510515570640564,-0.04968758299946785,1.4225335121154785,3.051314353942871,4.787707805633545,6.6889777183532715,8.158523559570312,9.897098541259766,10.76473331451416,10.6096773147583,11.76802921295166,12.574810028076172,13.029754638671875,13.535725593566895,13.943342208862305,14.2958345413208,15.150921821594238,16.8010196685791,20.767013549804688,23.706466674804688,24.996870040893555,26.277877807617188,23.557416915893555,19.12943458557129,16.67864418029785,14.315610885620117,13.145479202270508,12.344658851623535,18.367406845092773,23.170555114746094,27.5175724029541,27.096202850341797,24.309860229492188,22.274415969848633,24.828310012817383,31.27979278564453,23.717472076416016,7.241241455078125,-8.66115665435791,-3.8528411388397217
8.703618049621582,6.787951946258545,2.7880642414093018,1.7140089273452759,2.853971481323242,2.878566026687622,3.1115779876708984,4.428351879119873,5.355743885040283,6.747348785400391,10.57992935180664,10.645566940307617,9.827667236328125,9.334312438964844,10.26284408569336,11.316495895385742,12.58164119720459,14.070967674255371,15.267746925354004,16.18137550354004,17.879413604736328,20.038990020751953,21.27341651916504,21.953983306884766,24.308565139770508,27.81449317932129,28.28337287902832,25.556364059448242,20.479639053344727,15.611852645874023,11.804458618164062,13.74285888671875,18.65522003173828,23.269121170043945,26.718730926513672,28.191198348999023,29.48667335510254,25.728801727294922,24.308900833129883,22.550607681274414,12.163091659545898,2.7094454765319824,-4.229182720184326,-4.848202228546143
5.924798965454102,6.079919338226318,5.712754726409912,5.3965277671813965,5.258317470550537,4.919320583343506,5.86923885345459,6.71665096282959,6.625271320343018,7.706818103790283,10.820252418518066,11.199530601501465,10.847302436828613,10.163752555847168,9.849350929260254,12.005349159240723,14.115240097045898,16.396669387817383,19.784738540649414,20.698226928710938,20.486387252807617,19.73458480834961,19.317943572998047,19.03583526611328,23.361305236816406,29.099964141845703,30.387123107910156,27.52490234375,23.726709365844727,19.45148277282715,14.676314353942871,18.811004638671875,22.963354110717773,24.68839454650879,25.960491180419922,26.880701065063477,29.908105850219727,25.492273330688477,23.13820457458496,25.238037109375,24.236825942993164,23.34086036682129,15.440196990966797,6.439911842346191
11.242127418518066,11.65347671508789,11.181185722351074,10.111424446105957,8.279803276062012,7.28796911239624,7.242618083953857,6.685117721557617,5.889217376708984,7.243631839752197,8.92504596710205,9.704788208007812,11.856657981872559,13.04235553741455,13.687173843383789,15.01649284362793,15.844021797180176,19.13491439819336,23.028980255126953,22.156906127929688,19.175891876220703,17.02901268005371,17.306554794311523,16.840700149536133,18.94554901123047,26.254859924316406,30.203571319580078,28.998746871948242,25.42526626586914,22.649232864379883,17.729219436645508,21.205730438232422,25.532588958740234,26.36409568786621,27.366044998168945,28.103124618530273,29.494140625,24.32396125793457,18.601497650146484,18.894046783447266,21.04225730895996,28.40976333618164,25.5331974029541,13.833958625793457
15.32177734375,14.613096237182617,15.58923625946045,13.407739639282227,11.540465354919434,11.507002830505371,10.195725440979004,7.293393135070801,5.473771095275879,5.878554821014404,6.404383659362793,7.4572014808654785,9.869384765625,13.223703384399414,15.61760139465332,17.63702392578125,18.421640396118164,20.318592071533203,21.523582458496094,18.1517391204834,15.126582145690918,15.151372909545898,17.645917892456055,19.85268211364746,16.672304153442383,20.424673080444336,27.61492156982422,30.20040512084961,29.12995147705078,26.13605308532715,21.870407104492188,21.050228118896484,25.597837448120117,28.2509822845459,30.067794799804688,29.048381805419922,24.004531860351562,17.466358184814453,14.037927627563477,14.584038734436035,16.233463287353516,24.486804962158203,17.905208587646484,9.381417274475098
16.135974884033203,14.359575271606445,15.327628135681152,13.644761085510254,11.17367935180664,9.662432670593262,6.635542869567871,2.986424207687378,2.9629812240600586,4.747136116027832,6.886190891265869,8.762723922729492,11.030611991882324,13.292549133300781,14.559768676757812,16.215423583984375,17.578857421875,19.587268829345703,17.774017333984375,14.343430519104004,13.157240867614746,14.277276992797852,18.789077758789062,20.828109741210938,19.002534866333008,18.724260330200195,24.27952003479004,30.840822219848633,33.75558853149414,29.870656967163086,24.337181091308594,22.488075256347656,25.034423828125,27.9709415435791,28.34148406982422,27.059192657470703,22.688623428344727,16.586307525634766,14.499385833740234,16.056774139404297,18.4774227142334,20.790790557861328,15.50521469116211,12.341377258300781
12.68159294128418,12.762333869934082,14.486435890197754,13.372458457946777,12.536266326904297,11.517837524414062,9.553966522216797,4.2083635330200195,3.8869524002075195,7.8116278648376465,9.772788047790527,11.185870170593262,12.838184356689453,13.808703422546387,13.579205513000488,15.496252059936523,18.764415740966797,19.384037017822266,17.367284774780273,15.85350513458252,16.519493103027344,18.501941680908203,20.06783103942871,18.951997756958008,17.956296920776367,19.978784561157227,24.060081481933594,30.330259323120117,37.40742111206055,33.949729919433594,28.402467727661133,23.09947967529297,27.780729293823242,30.78300666809082,30.019506454467773,28.164323806762695,24.66231918334961,22.362937927246094,20.23667335510254,19.357080459594727,20.064804077148438,19.288021087646484,17.543325424194336,17.483139038085938
12.65101146697998,11.659246444702148,13.831640243530273,14.421591758728027,14.479244232177734,11.790508270263672,8.293418884277344,7.454656600952148,9.363036155700684,11.897052764892578,12.160334587097168,11.515631675720215,11.780133247375488,10.63563060760498,10.237176895141602,13.728384017944336,17.878629684448242,20.05523109436035,18.458494186401367,16.72397232055664,18.01085090637207,19.935487747192383,19.147911071777344,19.43097496032715,22.36979866027832,22.81029510498047,23.106595993041992,29.696928024291992,41.058387756347656,41.26724624633789,34.216758728027344,31.046327590942383,28.93564796447754,26.345170974731445,27.1693115234375,28.84873390197754,28.618906021118164,27.846691131591797,23.25748062133789,19.419837951660156,18.509159088134766,18.695152282714844,19.550588607788086,20.93088150024414
14.348504066467285,11.355167388916016,11.341191291809082,11.222158432006836,9.472055435180664,8.639304161071777,9.152533531188965,9.381354331970215,10.873779296875,10.59813404083252,8.511999130249023,7.054544925689697,6.513281345367432,7.4936933517456055,11.140803337097168,14.080947875976562,16.746103286743164,18.156526565551758,17.44063377380371,16.85417366027832,16.376562118530273,15.624245643615723,15.549033164978027,17.529203414916992,23.0790958404541,23.031490325927734,21.765520095825195,28.70417594909668,34.99842834472656,35.0330810546875,32.95542907714844,29.66861343383789,25.761037826538086,24.343475341796875,24.487424850463867,26.3775577545166,28.303186416625977,29.03662109375,23.280675888061523,18.55070686340332,16.9466495513916,16.495567321777344,17.210113525390625,18.899080276489258
11.145353317260742,8.530448913574219,6.707760810852051,5.729804039001465,5.508958339691162,6.966604232788086,11.348653793334961,15.9789400100708,15.343743324279785,11.910619735717773,9.235170364379883,7.325268745422363,8.532938957214355,11.665596961975098,14.125631332397461,16.73053741455078,18.39531707763672,18.8297176361084,19.520286560058594,20.548036575317383,17.32845687866211,14.21987533569336,14.131650924682617,16.907188415527344,20.41173553466797,21.383087158203125,20.605466842651367,21.632246017456055,24.43497657775879,25.7058162689209,23.468496322631836,21.162580490112305,20.350229263305664,20.35370445251465,22.532651901245117,28.6081485748291,32.4770622253418,33.07855224609375,28.686784744262695,23.714712142944336,21.041156768798828,19.8964900970459,18.902297973632812,19.549787521362305
16.379758834838867,13.539271354675293,8.877756118774414,6.609485626220703,9.525036811828613,13.748409271240234,19.29082489013672,19.104961395263672,13.141605377197266,8.054221153259277,7.911134719848633,10.02798080444336,11.972647666931152,13.75858211517334,15.767041206359863,18.423969268798828,20.18749237060547,21.60733985900879,23.868122100830078,24.20612335205078,22.18413734436035,18.237802505493164,16.15012550354004,17.50972557067871,18.86587142944336,19.205028533935547,19.90016746520996,20.6177978515625,21.527339935302734,24.614219665527344,27.74990463256836,27.995084762573242,26.89933204650879,26.3904972076416,27.67574691772461,31.174528121948242,35.29617691040039,39.57833480834961,38.88102722167969,37.98667526245117,35.17323684692383,28.33564567565918,23.17506980895996,21.593297958374023
15.550771713256836,14.211554527282715,10.661593437194824,9.598860740661621,12.487390518188477,16.219158172607422,18.07552146911621,14.727022171020508,7.626317024230957,7.495704174041748,11.230504989624023,12.886539459228516,13.873211860656738,14.821322441101074,15.014470100402832,16.26211929321289,18.62892723083496,21.37218475341797,23.352571487426758,24.463985443115234,24.44232177734375,22.066370010375977,20.395103454589844,20.400531768798828,21.75055694580078,23.31001853942871,23.013898849487305,22.905527114868164,24.673738479614258,27.684120178222656,30.720542907714844,32.55840301513672,30.527400970458984,27.47274398803711,27.06519317626953,30.1655330657959,34.39710998535156,35.69281005859375,34.94486618041992,34.85580062866211,32.86531066894531,29.929922103881836,27.40349769592285,21.596534729003906
8.479212760925293,11.24251651763916,14.49754810333252,16.714683532714844,16.172239303588867,14.485219955444336,13.076258659362793,9.585542678833008,8.399249076843262,11.048409461975098,12.775749206542969,12.880046844482422,13.076647758483887,13.431550979614258,13.498092651367188,14.239043235778809,15.569758415222168,17.361141204833984,18.476171493530273,18.94822120666504,19.524185180664062,20.135005950927734,22.214275360107422,24.336727142333984,26.14550018310547,27.716325759887695,27.253232955932617,26.532917022705078,27.380083084106445,28.91617202758789,30.641277313232422,32.412357330322266,31.70032501220703,30.06522560119629,29.642175674438477,29.596965789794922,30.169551849365234,30.070476531982422,30.167156219482422,30.660470962524414,29.786401748657227,30.158096313476562,26.90674591064453,17.576026916503906
9.035835266113281,14.296573638916016,18.845876693725586,17.571481704711914,11.842155456542969,8.426911354064941,8.553584098815918,9.166736602783203,10.630850791931152,12.80055046081543,13.5059175491333,12.200798034667969,11.186506271362305,11.3431978225708,12.331340789794922,14.027776718139648,16.257200241088867,18.246185302734375,17.783226013183594,17.524166107177734,19.037694931030273,20.253740310668945,22.053380966186523,25.166048049926758,27.969486236572266,28.027389526367188,26.179141998291016,26.319377899169922,29.61463737487793,32.709449768066406,33.88166427612305,34.24668884277344,33.66555404663086,30.67676544189453,29.641357421875,28.05341911315918,26.360170364379883,26.13522720336914,25.892425537109375,26.843387603759766,28.76546287536621,26.314294815063477,17.997474670410156,15.864452362060547
16.733200073242188,19.240711212158203,20.264368057250977,18.451778411865234,11.29195499420166,7.47458553314209,8.740996360778809,10.318233489990234,11.005491256713867,12.016658782958984,12.125938415527344,10.517112731933594,10.137981414794922,11.71914291381836,13.778008460998535,15.708629608154297,18.562355041503906,20.97633934020996,18.630861282348633,17.268104553222656,19.12493133544922,21.546077728271484,23.305648803710938,25.248443603515625,26.85536766052246,26.151575088500977,24.835683822631836,25.729530334472656,29.0103702545166,33.02579879760742,34.5001106262207,34.424007415771484,33.31707763671875,28.196727752685547,25.43186378479004,24.920135498046875,24.773378372192383,25.72968292236328,26.978710174560547,27.595916748046875,25.830699920654297,20.051963806152344,18.831758499145508,21.046287536621094
23.57121467590332,19.515121459960938,15.939247131347656,12.72385025024414,9.163617134094238,8.919610977172852,9.690665245056152,9.856427192687988,10.517568588256836,11.714324951171875,11.579275131225586,10.035418510437012,10.869450569152832,13.53928279876709,15.671548843383789,17.88495635986328,20.406566619873047,21.250139236450195,20.781064987182617,21.114721298217773,22.60690689086914,24.53400993347168,25.14589500427246,23.339515686035156,22.205608367919922,23.94248390197754,26.420801162719727,26.74028968811035,26.04127311706543,27.91250228881836,28.318586349487305,26.719148635864258,23.590129852294922,22.020587921142578,23.47300148010254,25.28226661682129,25.243627548217773,25.007883071899414,24.288818359375,20.977291107177734,18.20669174194336,19.64027214050293,23.188825607299805,26.11846160888672
