data/wind_data/wind_27_3.json
{"header": {"parameterUnit": "KT", "parameterCategory": 2, "nx": 256, "ny": 198, "lo1": 44.73521041870117, "la1": -3.236724853515625, "lo2": 111.26478576660156, "la2": 43.468475341796875, "dx": 0.2609002888202667, "dy": -0.23708222806453705, "refTime": "2025-02-20 03:00:00", "forecastTime": 0, "parameterNumber": 2, "parameterNumberName": "eastward_wind"}, "data":
[rows 133 to 151 of 198, columns 88 to 131 of 256]
40.69000244140625,37.09596252441406,38.98625946044922,37.02579116821289,32.42538833618164,31.147184371948242,34.286075592041016,36.57489776611328,37.28302764892578,29.52117919921875,16.365297317504883,10.52797794342041,12.58309268951416,18.285966873168945,21.66397476196289,18.792278289794922,14.999286651611328,15.003171920776367,15.479211807250977,15.723454475402832,15.360504150390625,13.183496475219727,11.292444229125977,10.122781753540039,7.345019340515137,5.558982849121094,7.925678253173828,11.31920051574707,13.809982299804688,16.51905059814453,19.181720733642578,19.68154525756836,18.488237380981445,17.500728607177734,16.306407928466797,14.91891098022461,14.538238525390625,16.202577590942383,16.19721221923828,15.148587226867676,16.324548721313477,18.583051681518555,17.522872924804688,22.72958755493164
42.06735610961914,43.3130989074707,42.05615234375,39.34671401977539,37.549407958984375,35.11422348022461,35.727760314941406,36.6455078125,37.51786422729492,30.31020736694336,20.30327033996582,13.99846363067627,13.136155128479004,17.159975051879883,20.81678581237793,18.766422271728516,14.363627433776855,14.246736526489258,15.14356803894043,15.140562057495117,14.988616943359375,13.855137825012207,12.768827438354492,12.403898239135742,11.695895195007324,10.122122764587402,9.550033569335938,10.483318328857422,12.1845703125,13.134875297546387,14.549832344055176,17.495203018188477,18.763513565063477,18.492252349853516,16.937421798706055,14.294867515563965,9.059306144714355,6.862154960632324,7.783708572387695,10.933754920959473,14.024914741516113,14.877028465270996,16.07269287109375,17.842105865478516
39.13705825805664,39.964351654052734,40.06195831298828,40.675052642822266,39.94209671020508,38.435028076171875,38.57539367675781,37.82301712036133,34.89870834350586,25.913742065429688,20.923587799072266,16.670673370361328,14.850275039672852,16.658430099487305,19.54388999938965,18.06126594543457,13.195603370666504,12.898120880126953,14.494587898254395,14.849535942077637,14.6936616897583,13.624991416931152,12.596545219421387,13.696836471557617,14.621471405029297,14.93945026397705,13.806916236877441,11.189064025878906,10.820538520812988,12.049957275390625,13.203096389770508,15.955421447753906,16.813724517822266,18.00667953491211,16.81612777709961,10.683514595031738,5.577150821685791,5.888341903686523,9.4771728515625,12.151761054992676,14.330877304077148,13.999547958374023,16.299999237060547,22.156179428100586
36.44145202636719,36.711883544921875,36.853599548339844,38.38283157348633,39.262367248535156,37.501869201660156,38.072750091552734,39.34487533569336,35.6558723449707,26.75234031677246,22.733335494995117,18.046720504760742,15.949498176574707,16.15932846069336,17.92792320251465,17.227336883544922,12.320014953613281,11.043110847473145,12.77571964263916,13.733686447143555,13.817197799682617,12.937259674072266,13.123082160949707,14.571864128112793,16.487045288085938,17.11490249633789,15.52583122253418,12.419807434082031,12.066109657287598,13.00383472442627,13.055221557617188,13.06958293914795,12.958370208740234,14.947632789611816,10.246271133422852,5.98794412612915,8.079587936401367,11.930481910705566,14.086143493652344,16.480384826660156,17.86189079284668,16.878231048583984,20.76993751525879,26.83049201965332
34.61512756347656,35.54705047607422,36.138187408447266,37.93622970581055,37.816932678222656,34.457584381103516,32.53766632080078,35.3774299621582,35.08723068237305,27.207120895385742,24.504802703857422,19.284208297729492,16.40900993347168,15.206358909606934,15.300275802612305,15.885939598083496,12.41878604888916,9.82197380065918,10.909358978271484,12.162019729614258,12.132634162902832,11.638188362121582,12.255406379699707,14.080099105834961,16.63515853881836,18.3668212890625,16.614585876464844,14.30623722076416,13.341411590576172,13.869514465332031,10.50883674621582,8.632755279541016,9.212628364562988,10.806272506713867,5.12021017074585,6.376806259155273,11.117603302001953,14.714616775512695,16.141998291015625,18.22035026550293,18.523622512817383,20.65950584411621,25.495716094970703,30.260042190551758
31.132606506347656,33.05830383300781,34.01831817626953,34.854549407958984,34.526763916015625,32.129547119140625,28.07155990600586,30.682231903076172,32.4134521484375,29.755306243896484,27.308992385864258,19.881114959716797,15.009902954101562,13.458592414855957,11.256030082702637,12.814310073852539,12.152874946594238,9.380802154541016,9.141084671020508,10.081448554992676,10.320537567138672,9.837254524230957,10.302506446838379,12.08857250213623,15.067154884338379,17.36526870727539,17.56637954711914,15.930377960205078,13.794255256652832,9.65395450592041,5.505073070526123,4.8329548835754395,7.473419666290283,6.196310520172119,2.708199977874756,6.591717720031738,11.18332290649414,13.370705604553223,15.875744819641113,16.683956146240234,17.1123104095459,21.67145538330078,27.45257568359375,32.28004455566406
25.83019256591797,27.76775550842285,29.067358016967773,29.166545867919922,29.18755531311035,27.5148983001709,26.53497886657715,31.018686294555664,34.227745056152344,34.84046936035156,28.897621154785156,18.877445220947266,12.037525177001953,10.524688720703125,6.654061794281006,8.227733612060547,9.74388313293457,7.743625164031982,7.143846035003662,9.099615097045898,8.653168678283691,6.871331214904785,6.9803619384765625,9.462523460388184,13.432818412780762,14.93114185333252,13.285198211669922,13.670979499816895,13.046183586120605,8.609781265258789,1.8894832134246826,2.099350690841675,1.5317178964614868,-1.8032946586608887,-2.1294219493865967,3.0023207664489746,8.211270332336426,11.102999687194824,13.81033992767334,16.437210083007812,20.172842025756836,23.763824462890625,27.931821823120117,33.17809295654297
22.656177520751953,24.31140899658203,26.19342613220215,27.090593338012695,27.7221622467041,26.877992630004883,29.868396759033203,32.55087661743164,36.60049819946289,36.67314529418945,26.654409408569336,15.754068374633789,8.361374855041504,6.4416608810424805,2.9711544513702393,4.755454063415527,6.891129970550537,6.666146755218506,6.489389896392822,5.486342906951904,6.9281182289123535,5.238588809967041,7.985206604003906,11.559402465820312,13.040966987609863,9.912477493286133,5.898759841918945,8.034653663635254,7.813789367675781,2.043377161026001,-0.033265408128499985,0.7299376130104065,-7.375565528869629,-7.329276084899902,-5.714469909667969,-1.8604952096939087,2.489266872406006,8.991996765136719,14.803860664367676,21.536550521850586,27.285228729248047,29.71244239807129,30.724592208862305,33.063323974609375
21.034528732299805,23.75840187072754,26.951629638671875,28.762292861938477,29.167438507080078,29.816781997680664,31.6746768951416,29.07822036743164,30.6876163482666,29.066198348999023,18.61655044555664,9.367259979248047,3.9428586959838867,1.9293904304504395,0.14898088574409485,2.282557487487793,5.756030559539795,5.8946943283081055,2.62066650390625,3.740105390548706,8.459195137023926,9.067907333374023,11.367765426635742,12.576935768127441,9.179183006286621,3.649174928665161,1.0275382995605469,2.4845526218414307,0.9141901731491089,-3.094528913497925,-2.4853477478027344,-0.31579166650772095,-9.766908645629883,-6.439985752105713,-5.9679460525512695,-3.5178468227386475,0.877977728843689,8.812503814697266,16.073518753051758,24.268131256103516,33.27275085449219,40.190731048583984,34.776512145996094,28.475770950317383
18.761825561523438,22.8920955657959,26.919645309448242,28.89860725402832,29.146465301513672,30.335559844970703,32.27913284301758,30.667678833007812,20.48797035217285,14.300437927246094,9.609163284301758,3.7313108444213867,0.4035228490829468,-1.539202332496643,-1.7465366125106812,2.083937644958496,4.3289594650268555,5.352627277374268,2.8591365814208984,4.6967363357543945,8.285387992858887,8.317148208618164,8.385637283325195,6.906867980957031,3.806655168533325,-0.938901960849762,-0.7103124856948853,-0.07091706246137619,-3.840575695037842,-6.210124969482422,-1.0977063179016113,-0.4173947274684906,-1.4456769227981567,1.5668926239013672,1.8927967548370361,4.192576885223389,7.1324005126953125,12.90563678741455,19.44199562072754,24.076257705688477,35.51268768310547,37.46260452270508,26.195722579956055,21.936796188354492
16.142627716064453,20.864871978759766,25.1358699798584,27.759456634521484,28.83108139038086,30.955894470214844,32.6988639831543,33.01714324951172,27.350488662719727,13.49519157409668,8.312915802001953,3.116215467453003,-3.416090250015259,-1.8032541275024414,-2.9370710849761963,0.6356304883956909,3.6544783115386963,4.30867338180542,3.106870412826538,1.3846218585968018,9.4515380859375,9.700989723205566,5.745790481567383,1.2993837594985962,1.2249761819839478,-3.1260838508605957,-2.231858968734741,-2.738131523132324,-9.751620292663574,-11.015192031860352,-0.9020681381225586,3.598551034927368,6.072581768035889,6.033113956451416,5.678372859954834,9.059331893920898,12.953801155090332,17.31120491027832,21.50955581665039,21.12160301208496,32.143741607666016,25.830081939697266,19.78826141357422,24.519479751586914
13.302472114562988,17.29363441467285,20.81742286682129,23.99869728088379,26.94603729248047,28.718154907226562,30.187358856201172,26.5533390045166,20.3179874420166,12.876555442810059,5.694156646728516,1.2608791589736938,-3.933858871459961,-7.0976996421813965,3.705868721008301,0.26658278703689575,1.9195393323898315,4.910619735717773,2.4387638568878174,7.576996803283691,7.628945827484131,13.170204162597656,8.451026916503906,2.430680513381958,-1.5653318166732788,-5.240260601043701,-6.0314788818359375,-4.464937686920166,-9.559674263000488,-9.950674057006836,-0.10144179314374924,4.3201904296875,3.668548822402954,4.899459362030029,7.152641296386719,11.925146102905273,17.0316219329834,19.91448974609375,22.869409561157227,22.536012649536133,29.35854148864746,27.202491760253906,28.749549865722656,31.1247615814209
10.497316360473633,13.128340721130371,15.684237480163574,18.881183624267578,23.769428253173828,25.067581176757812,24.15561866760254,25.447446823120117,21.387493133544922,12.129630088806152,3.292754888534546,-1.0869182348251343,-3.913893461227417,-4.3314008712768555,1.5689759254455566,0.7149301171302795,1.7900748252868652,3.701350688934326,0.1904658079147339,6.701048374176025,3.6343281269073486,4.347029685974121,10.122918128967285,5.979203701019287,-3.9893126487731934,-4.162851333618164,-2.820249319076538,-1.6945395469665527,-0.5188449621200562,2.76516056060791,-0.011192243546247482,-0.3992486596107483,1.3774704933166504,4.254879951477051,7.848754405975342,13.928479194641113,19.720672607421875,22.23477554321289,24.292421340942383,24.896541595458984,25.03310775756836,27.604976654052734,32.972755432128906,36.422603607177734
10.88582706451416,10.043730735778809,9.568632125854492,12.99307918548584,17.36292266845703,19.568824768066406,18.24883270263672,17.47853660583496,14.726012229919434,6.359933376312256,0.057827264070510864,-3.4286088943481445,-5.181619167327881,-5.098601341247559,3.412606716156006,0.034261174499988556,1.2284780740737915,2.9931044578552246,2.327171564102173,3.267176628112793,5.492924213409424,-5.160017013549805,-3.4381279945373535,0.656449556350708,-5.709012985229492,-3.3375842571258545,-3.60215425491333,4.1765313148498535,9.867002487182617,4.086136817932129,-1.2368066310882568,1.738999843597412,4.0341410636901855,7.570407390594482,11.181960105895996,13.843268394470215,19.64198112487793,23.426271438598633,22.827714920043945,23.16368293762207,24.632577896118164,30.59667205810547,37.08316421508789,36.606773376464844
14.518346786499023,11.134302139282227,5.236742973327637,4.285112380981445,7.469324111938477,11.668184280395508,11.30445671081543,10.198925971984863,8.166647911071777,0.5652118921279907,-2.434699296951294,-4.427783489227295,-3.427563428878784,-0.6002995371818542,2.8255367279052734,-0.003879301017150283,-0.6923015713691711,1.9778554439544678,3.5372977256774902,1.7487822771072388,8.028951644897461,5.083877086639404,-11.690322875976562,-10.760581016540527,-6.02169132232666,-1.0269321203231812,-0.3470340967178345,7.803549766540527,9.033968925476074,3.3214542865753174,0.13651642203330994,1.594037413597107,7.12367057800293,13.788376808166504,18.268247604370117,18.58710289001465,21.12491798400879,22.216215133666992,22.921375274658203,26.207120895385742,30.01216697692871,36.1439323425293,35.18082809448242,28.488826751708984
16.984073638916016,14.776291847229004,7.351795673370361,2.0362002849578857,6.981398582458496,8.318595886230469,4.04119348526001,4.483219623565674,4.277402877807617,-1.1357746124267578,-4.307412624359131,-2.3315110206604004,3.03413987159729,-1.0742905139923096,-0.6441977620124817,-0.5239425897598267,1.3219980001449585,1.4530255794525146,1.4245814085006714,2.2066359519958496,9.01823902130127,11.93343448638916,-2.8518149852752686,-11.06531810760498,-4.672616958618164,2.4074933528900146,11.364672660827637,20.566083908081055,20.42392921447754,12.722665786743164,8.720650672912598,7.395877838134766,14.024148941040039,23.531774520874023,25.346311569213867,25.099254608154297,25.419456481933594,23.715463638305664,26.99949836730957,32.16622543334961,35.38323974609375,37.62969970703125,30.295127868652344,19.62958526611328
15.38769817352295,13.839673042297363,10.850075721740723,6.825139045715332,9.27077579498291,7.919790744781494,2.2914035320281982,-0.5338701605796814,-2.092799186706543,-3.130922794342041,0.1027819886803627,0.13934701681137085,-1.2843166589736938,-0.2850562036037445,2.2213845252990723,-1.4126989841461182,0.8580026030540466,2.0206620693206787,1.2512094974517822,1.5393110513687134,6.296914100646973,13.024048805236816,5.533465385437012,-3.6863996982574463,-0.6054329872131348,6.162539005279541,16.911788940429688,23.754201889038086,15.81605339050293,11.604863166809082,15.635555267333984,20.52898406982422,24.770103454589844,30.791439056396484,32.08518600463867,29.65128517150879,26.931848526000977,25.714120864868164,29.631765365600586,33.565948486328125,36.81060791015625,34.50971984863281,19.91053009033203,12.937971115112305
12.225642204284668,11.505232810974121,8.350729942321777,5.42741060256958,-1.238881230354309,1.342832326889038,4.072882175445557,0.4426252245903015,-4.576079845428467,-4.598779678344727,-2.443864107131958,-5.530869960784912,-7.993066310882568,-3.9084763526916504,-3.858215570449829,2.2729766368865967,1.1135940551757812,2.161796808242798,3.0897443294525146,2.7322139739990234,1.8843528032302856,10.629863739013672,12.111177444458008,7.720242500305176,2.639796257019043,10.210294723510742,11.628911018371582,12.623417854309082,8.049100875854492,9.406815528869629,17.780059814453125,26.49575424194336,29.65774154663086,31.497060775756836,32.34627914428711,32.16655731201172,28.910104751586914,25.55997657775879,30.54889678955078,33.11556625366211,33.25505828857422,24.93916130065918,14.101550102233887,11.624913215637207
10.932963371276855,9.773076057434082,4.2201056480407715,1.6444331407546997,-5.513838768005371,-3.1507036685943604,3.2873456478118896,3.1862986087799072,0.9804841876029968,0.7180774211883545,-1.345462441444397,-0.9352209568023682,-0.052790410816669464,0.6968123316764832,-9.944517135620117,-0.6644496321678162,3.723372220993042,2.5973169803619385,2.637974500656128,3.8321197032928467,3.6460375785827637,6.814602851867676,10.191789627075195,11.985468864440918,6.5876545906066895,5.807658672332764,5.880523204803467,7.602730751037598,6.203524589538574,10.679609298706055,18.033693313598633,25.184505462646484,29.11425018310547,32.92955017089844,34.93642807006836,30.957754135131836,24.458017349243164,27.59477996826172,31.539257049560547,32.8459587097168,28.117380142211914,20.923763275146484,16.7779598236084,15.925990104675293
