data/wind_data/wind_40_9.json
{"header": {"parameterUnit": "KT", "parameterCategory": 2, "nx": 256, "ny": 198, "lo1": 44.73521041870117, "la1": -3.236724853515625, "lo2": 111.26478576660156, "la2": 43.468475341796875, "dx": 0.2609002888202667, "dy": -0.23708222806453705, "refTime": "2025-02-20 16:00:00", "forecastTime": 0, "parameterNumber": 2, "parameterNumberName": "eastward_wind"}, "data":
[rows 19 to 37 of 198, columns 0 to 42 of 256]
24.221830368041992,21.1977596282959,20.941268920898438,21.21613883972168,23.760498046875,25.446975708007812,26.46198272705078,26.77304458618164,26.234928131103516,25.19751739501953,24.556564331054688,24.747779846191406,25.120140075683594,25.05723762512207,24.7921142578125,24.948883056640625,25.357574462890625,25.609907150268555,25.489198684692383,25.16558837890625,24.736547470092773,24.180456161499023,23.316131591796875,22.2296142578125,21.47512435913086,20.907140731811523,19.742647171020508,18.068735122680664,16.334259033203125,15.167630195617676,14.579885482788086,14.457408905029297,14.851909637451172,15.815228462219238,17.185094833374023,18.190467834472656,18.416828155517578,17.819271087646484,17.162120819091797,17.567319869995117,18.46417999267578,19.28049659729004,20.069223403930664
24.75059700012207,21.173519134521484,21.21893882751465,21.982221603393555,24.635446548461914,26.185850143432617,27.015104293823242,27.301916122436523,26.94000244140625,26.149166107177734,25.646705627441406,25.832904815673828,26.140789031982422,25.914993286132812,25.367889404296875,25.128190994262695,25.18665885925293,25.32013511657715,25.21918487548828,24.718172073364258,23.847476959228516,22.84817123413086,21.861217498779297,20.94532585144043,20.42105484008789,20.041982650756836,18.987293243408203,17.447784423828125,15.883262634277344,14.624753952026367,13.744940757751465,13.473719596862793,13.676633834838867,14.683333396911621,16.008115768432617,17.23377799987793,17.434207916259766,16.841129302978516,16.766632080078125,17.673648834228516,18.75336456298828,19.878585815429688,20.60317611694336
24.828794479370117,19.913461685180664,20.344850540161133,21.716297149658203,24.401588439941406,26.004610061645508,27.007015228271484,27.519062042236328,27.46843147277832,26.980161666870117,26.51375961303711,26.374221801757812,26.279932022094727,25.914588928222656,25.37210464477539,24.899160385131836,24.717247009277344,24.64190101623535,24.35732078552246,23.7506046295166,22.78594398498535,21.720903396606445,20.80816078186035,20.19700050354004,19.916505813598633,19.67377471923828,18.80915641784668,17.43109130859375,16.00010871887207,14.728487014770508,13.526905059814453,12.984081268310547,13.054671287536621,13.901359558105469,15.074174880981445,16.15410804748535,15.985050201416016,15.72535514831543,16.442855834960938,18.003774642944336,19.35162353515625,20.807050704956055,21.47438621520996
24.713132858276367,18.861021041870117,19.149431228637695,20.810331344604492,23.634450912475586,25.34415626525879,26.659351348876953,27.399539947509766,27.4176025390625,26.882476806640625,26.179943084716797,25.734546661376953,25.482208251953125,25.210433959960938,24.81947135925293,24.27515411376953,23.91250228881836,23.698028564453125,23.280502319335938,22.6420955657959,21.827749252319336,20.893529891967773,20.0330810546875,19.682540893554688,19.728191375732422,19.536270141601562,18.7805118560791,17.605937957763672,16.241472244262695,14.928046226501465,13.707503318786621,12.989527702331543,12.873763084411621,13.474151611328125,14.46434211730957,14.950270652770996,14.490346908569336,14.75724983215332,15.809399604797363,17.56911849975586,19.26578712463379,21.220157623291016,21.979106903076172
24.512224197387695,18.938026428222656,18.661653518676758,20.151681900024414,23.13735008239746,24.6700496673584,25.85279655456543,26.513967514038086,26.400558471679688,25.681798934936523,24.880306243896484,24.535869598388672,24.553058624267578,24.55924415588379,24.3016300201416,23.768953323364258,23.29975700378418,22.97321128845215,22.461328506469727,21.8465518951416,21.201021194458008,20.306888580322266,19.408952713012695,19.28245735168457,19.602853775024414,19.498973846435547,18.756250381469727,17.708139419555664,16.507631301879883,15.292458534240723,14.134352684020996,13.265021324157715,12.988194465637207,13.420778274536133,14.2594633102417,14.514161109924316,14.014208793640137,14.123738288879395,15.782033920288086,17.399192810058594,18.816408157348633,20.96310043334961,21.97197914123535
24.267704010009766,18.967487335205078,18.304031372070312,19.449291229248047,22.21133041381836,23.42382049560547,24.31792449951172,24.985755920410156,25.05841636657715,24.57200813293457,24.030454635620117,23.970922470092773,24.22046661376953,24.303985595703125,23.932727813720703,23.452905654907227,23.09864044189453,22.784778594970703,22.17917823791504,21.54817008972168,21.01871681213379,20.236101150512695,19.3397274017334,19.139404296875,19.470354080200195,19.4505615234375,18.78877830505371,17.88637351989746,16.895421981811523,15.817282676696777,14.796699523925781,13.911884307861328,13.373502731323242,13.665186882019043,14.459334373474121,14.776554107666016,14.437861442565918,14.792954444885254,16.634016036987305,18.02045440673828,19.141170501708984,20.63796043395996,21.417537689208984
24.046316146850586,19.316577911376953,18.17244529724121,18.80190086364746,21.12795066833496,22.01483726501465,22.74725914001465,23.714649200439453,24.449918746948242,24.502132415771484,24.169536590576172,24.25188446044922,24.489465713500977,24.30974769592285,23.725332260131836,23.33147430419922,23.225048065185547,22.9860897064209,22.367706298828125,21.7838134765625,21.470508575439453,21.034814834594727,20.147804260253906,19.489458084106445,19.403759002685547,19.360641479492188,18.851255416870117,18.088760375976562,17.365888595581055,16.609161376953125,15.790055274963379,14.875494003295898,14.096832275390625,13.925219535827637,14.86378288269043,15.922931671142578,15.965566635131836,16.023216247558594,17.224651336669922,18.736543655395508,19.6872501373291,20.366409301757812,20.87725830078125
23.713708877563477,19.36002540588379,18.107440948486328,18.469173431396484,20.53308868408203,21.090938568115234,21.8447265625,23.2093448638916,24.459436416625977,24.814556121826172,24.529260635375977,24.55219078063965,24.601245880126953,24.188297271728516,23.597410202026367,23.350141525268555,23.32845687866211,23.145038604736328,22.73691749572754,22.422544479370117,22.39642333984375,22.332107543945312,21.628150939941406,20.564443588256836,19.8321533203125,19.531822204589844,19.06460952758789,18.41935920715332,17.853740692138672,17.44479751586914,16.902002334594727,16.02968978881836,15.015291213989258,14.498059272766113,15.300333976745605,16.90939712524414,17.79868507385254,17.714725494384766,17.91391944885254,18.953628540039062,19.640342712402344,20.33407974243164,21.10792350769043
23.15365219116211,18.938732147216797,18.05961036682129,18.624910354614258,20.726396560668945,20.963397979736328,21.359460830688477,22.543792724609375,23.86227035522461,24.286418914794922,24.011451721191406,23.910417556762695,23.712003707885742,23.28775405883789,23.06785011291504,23.232101440429688,23.30561065673828,23.15935516357422,22.963159561157227,22.977767944335938,23.244522094726562,23.453533172607422,23.069316864013672,22.15665054321289,21.157638549804688,20.408357620239258,19.704530715942383,18.97129249572754,18.377822875976562,18.06358528137207,17.77880096435547,17.07896614074707,16.019878387451172,15.313105583190918,15.589733123779297,16.993267059326172,18.489229202270508,18.981462478637695,18.927305221557617,19.408851623535156,20.006526947021484,20.46660041809082,21.00993537902832
22.908214569091797,18.90764617919922,18.351701736450195,19.13009262084961,21.20461654663086,21.13806915283203,20.849407196044922,21.356769561767578,22.372900009155273,22.842647552490234,22.694581985473633,22.53080940246582,22.285419464111328,22.097806930541992,22.347314834594727,22.872554779052734,23.155038833618164,23.10310173034668,22.947980880737305,22.988872528076172,23.378101348876953,23.880416870117188,24.0531063079834,23.76633644104004,23.016143798828125,21.984880447387695,20.857158660888672,19.876392364501953,19.13633918762207,18.648921966552734,18.35475730895996,17.865793228149414,16.946735382080078,16.167163848876953,15.990673065185547,16.684520721435547,18.011978149414062,19.252445220947266,19.814510345458984,20.11330223083496,20.540546417236328,20.406461715698242,20.485883712768555
23.132326126098633,19.73004150390625,19.03512191772461,19.586761474609375,21.61025047302246,21.28047752380371,20.48185920715332,20.48046112060547,21.24532699584961,21.88583755493164,22.024812698364258,21.849040985107422,21.47773551940918,21.35451316833496,21.755210876464844,22.365610122680664,22.66793441772461,22.555810928344727,22.345874786376953,22.349571228027344,22.78972053527832,23.5788516998291,24.34495735168457,24.708240509033203,24.49209213256836,23.65947723388672,22.435842514038086,21.216190338134766,20.22553825378418,19.48719596862793,19.018877029418945,18.575895309448242,17.84004020690918,17.087217330932617,16.705825805664062,16.867158889770508,17.693429946899414,18.997377395629883,20.1400089263916,20.644052505493164,20.81396484375,20.339298248291016,19.958375930786133
23.24065589904785,19.962047576904297,19.3232421875,19.95469093322754,22.04446029663086,21.649822235107422,20.791793823242188,20.59006690979004,21.153087615966797,21.798051834106445,22.05316734313965,21.856948852539062,21.2171573638916,20.72348976135254,20.844778060913086,21.31865119934082,21.616369247436523,21.473726272583008,21.328271865844727,21.50772476196289,21.956716537475586,22.769485473632812,23.76132583618164,24.55491065979004,24.915922164916992,24.630273818969727,23.74220085144043,22.5472469329834,21.42239761352539,20.51536750793457,19.93024444580078,19.561595916748047,19.081823348999023,18.405963897705078,17.82951545715332,17.637714385986328,17.946247100830078,18.818523406982422,19.93520736694336,20.67498779296875,20.815828323364258,20.18246841430664,19.29230499267578
23.188068389892578,19.401853561401367,18.978271484375,19.97319984436035,22.032054901123047,21.71934700012207,21.070804595947266,20.86092758178711,21.26260757446289,21.871015548706055,22.067087173461914,21.630220413208008,20.729412078857422,19.809186935424805,19.476327896118164,19.779638290405273,20.158109664916992,20.356340408325195,20.55295753479004,20.890975952148438,21.297115325927734,21.856958389282227,22.543304443359375,23.294763565063477,24.02911949157715,24.414688110351562,24.166885375976562,23.38275718688965,22.412601470947266,21.50186538696289,20.826501846313477,20.58930015563965,20.525310516357422,20.211870193481445,19.51494789123535,18.814525604248047,18.540809631347656,18.879579544067383,19.575183868408203,20.126529693603516,20.166662216186523,19.716508865356445,18.72214126586914
22.83538055419922,18.698209762573242,18.30290412902832,19.236600875854492,20.961685180664062,20.96727752685547,20.832515716552734,20.797752380371094,21.019968032836914,21.316425323486328,21.325477600097656,20.82097816467285,19.8505859375,18.809328079223633,18.31638526916504,18.518585205078125,19.081636428833008,19.621004104614258,20.03331184387207,20.463909149169922,21.000993728637695,21.477508544921875,21.63313102722168,21.723289489746094,22.187694549560547,22.940603256225586,23.451894760131836,23.32619285583496,22.81086540222168,22.187910079956055,21.590394973754883,21.37641716003418,21.60137367248535,21.77880859375,21.241804122924805,20.091556549072266,19.137344360351562,18.894973754882812,19.091026306152344,19.320541381835938,19.169675827026367,18.779178619384766,18.24228858947754
22.197525024414062,17.793914794921875,17.47404670715332,18.22633934020996,19.66225814819336,19.95420265197754,19.993330001831055,19.88819694519043,20.023120880126953,20.17072296142578,20.07267951965332,19.628049850463867,18.83382225036621,18.06368064880371,17.848987579345703,18.184282302856445,18.731163024902344,19.19106674194336,19.594833374023438,20.164512634277344,20.906572341918945,21.493789672851562,21.392744064331055,20.9235782623291,20.76549530029297,21.158031463623047,21.92452621459961,22.329757690429688,22.298860549926758,22.07420539855957,21.866992950439453,21.778589248657227,21.99060821533203,22.292268753051758,22.008054733276367,20.901134490966797,19.584096908569336,18.65039825439453,18.39263916015625,18.494314193725586,18.237937927246094,17.856340408325195,17.634979248046875
21.581560134887695,17.1257381439209,16.779010772705078,17.497652053833008,18.92588996887207,19.1393985748291,18.822729110717773,18.314666748046875,18.233007431030273,18.342599868774414,18.350996017456055,18.17416000366211,17.77625274658203,17.381881713867188,17.408357620239258,17.85098648071289,18.492233276367188,19.142854690551758,19.678565979003906,20.135957717895508,20.687925338745117,21.1180419921875,21.08207893371582,20.785409927368164,20.51715087890625,20.40952491760254,20.63960075378418,21.035194396972656,21.208051681518555,21.18816566467285,21.276119232177734,21.44565200805664,21.60601043701172,21.8057918548584,21.72955894470215,21.00357437133789,19.771068572998047,18.560623168945312,17.94053840637207,17.72473907470703,17.44282341003418,17.235633850097656,17.066370010375977
20.984596252441406,16.670734405517578,16.228408813476562,17.01774787902832,18.578929901123047,18.389469146728516,17.512510299682617,16.6232967376709,16.339855194091797,16.285734176635742,16.125944137573242,16.004674911499023,16.129093170166016,16.296308517456055,16.501266479492188,17.11954116821289,18.29168128967285,19.70915412902832,20.730998992919922,21.087743759155273,21.084880828857422,20.92028045654297,20.615652084350586,20.46413803100586,20.45077133178711,20.374902725219727,20.186155319213867,20.199636459350586,20.331714630126953,20.3219051361084,20.34610366821289,20.541156768798828,20.736465454101562,20.860363006591797,20.875661849975586,20.589147567749023,19.814599990844727,18.792715072631836,17.824268341064453,17.135589599609375,16.853172302246094,16.80815315246582,16.751541137695312
20.550857543945312,16.323667526245117,15.958888053894043,16.763151168823242,18.052364349365234,17.642431259155273,16.349584579467773,14.930045127868652,14.183998107910156,14.010300636291504,14.008645057678223,14.189118385314941,14.751422882080078,15.357637405395508,15.866355895996094,16.89056396484375,18.688030242919922,20.689517974853516,21.997739791870117,22.269390106201172,21.920639038085938,21.283851623535156,20.501802444458008,20.014419555664062,19.967010498046875,20.165319442749023,20.11795997619629,19.830869674682617,19.66242790222168,19.592227935791016,19.68012237548828,19.895278930664062,20.102638244628906,20.17658233642578,20.052812576293945,19.813528060913086,19.423667907714844,18.76900291442871,17.84764289855957,17.054874420166016,16.69573211669922,16.68048858642578,16.859420776367188
20.196697235107422,16.223407745361328,15.848976135253906,16.39103126525879,16.958452224731445,16.596494674682617,15.274022102355957,13.51246452331543,12.470589637756348,12.436715126037598,12.970708847045898,13.740659713745117,14.6353759765625,15.461633682250977,16.304723739624023,17.5827579498291,19.380929946899414,21.165037155151367,22.193016052246094,22.18536949157715,21.595603942871094,20.90778923034668,20.187841415405273,19.586795806884766,19.45355987548828,19.69663429260254,19.912006378173828,19.7218074798584,19.309593200683594,19.068927764892578,19.171733856201172,19.491743087768555,19.826032638549805,19.888456344604492,19.587360382080078,19.092893600463867,18.747987747192383,18.370994567871094,17.867565155029297,17.408702850341797,17.072956085205078,16.970653533935547,17.23595428466797
