data/wind_data/wind_12_9.json
{"header": {"parameterUnit": "KT", "parameterCategory": 2, "nx": 256, "ny": 198, "lo1": 44.73521041870117, "la1": -3.236724853515625, "lo2": 111.26478576660156, "la2": 43.468475341796875, "dx": 0.2609002888202667, "dy": -0.23708222806453705, "refTime": "2025-02-19 12:00:00", "forecastTime": 0, "parameterNumber": 2, "parameterNumberName": "eastward_wind"}, "data":
[rows 152 to 170 of 198, columns 86 to 128 of 256]
18.82383155822754,16.6087589263916,16.870159149169922,17.00027084350586,14.710454940795898,10.90825366973877,8.162150382995605,7.973224639892578,8.422945022583008,7.5441179275512695,6.907975673675537,7.195356369018555,7.017703533172607,5.446332931518555,4.131772994995117,3.9214413166046143,4.114343643188477,5.235595703125,7.486505508422852,9.724100112915039,10.154627799987793,8.392589569091797,5.9075727462768555,3.890069007873535,2.974543809890747,3.35111665725708,3.749692678451538,3.405323028564453,2.8828938007354736,3.3351316452026367,5.35593318939209,7.801458835601807,9.457417488098145,10.354461669921875,10.97127628326416,11.529707908630371,12.026143074035645,12.992286682128906,14.374410629272461,14.68423080444336,12.846869468688965,10.711755752563477,9.629557609558105
19.215896606445312,17.317943572998047,17.707096099853516,18.77113914489746,17.340063095092773,12.899510383605957,9.094366073608398,7.9321489334106445,6.714858531951904,4.761204242706299,4.386110782623291,5.169710636138916,5.210818767547607,4.26475191116333,4.515556335449219,5.7843828201293945,6.884746551513672,7.741580963134766,8.495702743530273,9.162858009338379,9.208422660827637,8.112263679504395,6.417295455932617,5.05858039855957,4.769181728363037,5.344112873077393,5.148440361022949,4.22491979598999,4.048166751861572,5.461615085601807,7.774051189422607,9.584953308105469,10.781689643859863,11.376168251037598,11.20146369934082,11.051698684692383,11.910346984863281,13.620453834533691,14.872101783752441,14.403112411499023,12.447096824645996,10.719259262084961,9.367141723632812
20.52977180480957,18.808801651000977,19.019563674926758,19.958053588867188,18.464143753051758,14.370366096496582,10.166258811950684,7.466850757598877,5.535254001617432,4.539799690246582,4.845343589782715,5.134566783905029,4.682921409606934,4.189227104187012,4.83579683303833,6.395944595336914,7.898809432983398,8.75788402557373,8.958307266235352,8.784764289855957,8.379241943359375,7.648769378662109,6.776796340942383,6.244259834289551,6.519367694854736,7.0552778244018555,6.453581809997559,5.507933616638184,5.981208324432373,7.980074882507324,9.96858024597168,11.367416381835938,12.62414836883545,12.53126049041748,10.969255447387695,10.380373001098633,11.594427108764648,13.20821475982666,13.661993026733398,12.50809383392334,10.618760108947754,8.625964164733887,5.981840133666992
22.19344711303711,20.51449203491211,20.298892974853516,20.830446243286133,18.818470001220703,15.052461624145508,12.676244735717773,10.391944885253906,6.71657133102417,3.9211742877960205,3.365457534790039,3.934091567993164,4.6762800216674805,5.2176032066345215,5.742103576660156,6.4562506675720215,7.296659469604492,7.778878688812256,7.78489875793457,7.872256755828857,8.21621036529541,8.490514755249023,8.513177871704102,8.409448623657227,8.546167373657227,8.534574508666992,7.959259986877441,7.6946024894714355,8.489776611328125,9.748130798339844,10.866374015808105,12.354721069335938,13.774076461791992,12.988773345947266,10.67288589477539,9.797554016113281,10.727230072021484,11.595921516418457,10.801246643066406,8.584512710571289,6.040137767791748,2.627281904220581,-1.938395619392395
24.222484588623047,22.59126091003418,21.208032608032227,21.053173065185547,19.548805236816406,15.243927955627441,12.277000427246094,11.912308692932129,9.73460865020752,6.189583778381348,3.7050704956054688,3.0891358852386475,4.283241271972656,5.839332580566406,6.3555097579956055,6.3607330322265625,6.511631965637207,6.230729579925537,5.485591411590576,5.423144817352295,6.541363716125488,8.030930519104004,8.75857925415039,9.051091194152832,9.491398811340332,9.837422370910645,10.128193855285645,10.674403190612793,11.113203048706055,11.131258964538574,11.53374195098877,12.774550437927246,13.88979434967041,13.076910972595215,10.804014205932617,9.46142864227295,9.528903007507324,9.053256034851074,6.599900722503662,3.116023540496826,-0.7430680394172668,-4.9942450523376465,-7.922643661499023
26.213388442993164,24.58472442626953,22.12236976623535,21.024616241455078,20.076974868774414,15.679604530334473,10.34314250946045,10.112261772155762,12.102609634399414,11.472199440002441,8.388087272644043,5.436877727508545,4.523866653442383,5.394756317138672,6.310223579406738,6.799610137939453,6.687532901763916,5.497536659240723,3.8460237979888916,3.2371721267700195,4.201085090637207,5.813671588897705,7.223801612854004,8.72673225402832,10.295374870300293,11.73972225189209,12.772632598876953,12.981706619262695,12.288174629211426,11.697979927062988,12.022418975830078,12.904850006103516,13.30905532836914,12.316726684570312,10.466577529907227,9.336352348327637,8.841825485229492,7.159292697906494,3.4102773666381836,-0.8456407189369202,-4.95980167388916,-7.027769565582275,-6.044112682342529
28.052696228027344,26.155561447143555,22.818153381347656,20.5225887298584,19.607681274414062,16.955835342407227,11.755467414855957,8.804509162902832,10.189165115356445,12.270416259765625,12.429672241210938,10.465160369873047,7.830617904663086,6.324398040771484,6.539962291717529,7.749047756195068,8.015591621398926,5.782150745391846,3.0314202308654785,2.7856247425079346,4.551550388336182,6.032734394073486,7.158486843109131,9.287867546081543,12.077718734741211,14.033489227294922,14.227606773376465,13.053439140319824,11.922889709472656,11.982089042663574,12.618537902832031,12.618793487548828,11.778670310974121,10.701083183288574,10.39457893371582,10.446481704711914,9.765822410583496,6.897977352142334,2.0044493675231934,-1.7119650840759277,-3.2839879989624023,-2.6948654651641846,0.05056650936603546
28.934917449951172,27.693767547607422,23.925556182861328,20.15593147277832,18.771753311157227,18.16047477722168,14.865572929382324,10.017857551574707,7.944527626037598,9.23093032836914,11.415098190307617,12.54238510131836,11.565139770507812,9.454483985900879,8.420960426330566,8.803725242614746,8.500101089477539,6.416316032409668,4.746153831481934,5.127150535583496,6.842563152313232,8.120549201965332,9.276150703430176,11.417025566101074,13.608541488647461,14.17025375366211,13.251749992370605,11.988536834716797,11.564839363098145,12.145089149475098,11.92096996307373,10.347742080688477,9.049635887145996,10.186875343322754,12.470181465148926,12.739836692810059,10.696258544921875,6.880630970001221,2.6159560680389404,0.7741560339927673,2.126132011413574,4.355597496032715,5.857669353485107
29.209680557250977,28.722957611083984,25.407602310180664,21.221254348754883,18.926780700683594,18.37155532836914,16.90445327758789,13.723283767700195,10.021478652954102,8.039680480957031,8.785018920898438,10.798444747924805,11.652774810791016,10.923662185668945,10.088417053222656,9.833189964294434,9.508716583251953,8.602739334106445,8.03465747833252,8.198616027832031,8.696195602416992,9.94778060913086,11.964595794677734,13.63110637664795,13.91994571685791,13.412257194519043,12.545241355895996,11.689226150512695,11.220264434814453,10.802213668823242,9.060651779174805,7.100181579589844,8.324390411376953,12.52568531036377,14.89404296875,13.226142883300781,10.108598709106445,5.847862720489502,3.935002326965332,5.787527084350586,8.39728832244873,8.757340431213379,7.5500617027282715
29.31403350830078,29.528261184692383,27.142972946166992,23.46326446533203,20.56361961364746,18.79423713684082,17.674421310424805,16.903404235839844,14.47127628326416,10.708183288574219,8.924752235412598,9.520021438598633,10.114309310913086,10.028485298156738,10.250728607177734,10.80084228515625,11.065258979797363,10.715291976928711,10.36874008178711,10.3005952835083,10.341218948364258,11.180768966674805,12.93897533416748,14.072638511657715,14.137024879455566,14.057306289672852,13.335165023803711,11.773306846618652,10.035682678222656,8.085862159729004,5.874934196472168,6.480673789978027,10.775247573852539,14.431121826171875,14.102978706359863,10.329933166503906,5.618464946746826,4.37662935256958,7.020648002624512,11.242603302001953,11.190825462341309,8.85669994354248,7.068918228149414
29.008716583251953,29.93301773071289,28.76763343811035,26.129653930664062,23.379140853881836,20.796875,18.812376022338867,18.30526351928711,17.470571517944336,14.454660415649414,11.736123085021973,10.863995552062988,10.357635498046875,9.68360424041748,10.027216911315918,11.328219413757324,12.403794288635254,12.301286697387695,11.525546073913574,11.359038352966309,12.006661415100098,12.85763168334961,13.416518211364746,13.740920066833496,14.396749496459961,14.840051651000977,13.817702293395996,11.070755958557129,8.235841751098633,5.680809020996094,5.105472087860107,8.947433471679688,12.755149841308594,13.006058692932129,9.900020599365234,5.316608428955078,4.031553268432617,6.386215686798096,11.089990615844727,13.393293380737305,9.643150329589844,6.777553558349609,5.21923303604126
28.220752716064453,29.549606323242188,29.593685150146484,28.397367477416992,26.480915069580078,23.969573974609375,21.149309158325195,19.426753997802734,18.750797271728516,17.02166748046875,14.680039405822754,13.266693115234375,12.08449649810791,10.730386734008789,10.564234733581543,11.996477127075195,13.544206619262695,13.488723754882812,12.176738739013672,12.008889198303223,13.55772876739502,15.079675674438477,15.0974760055542,14.507094383239746,14.497779846191406,14.432721138000488,12.948176383972168,10.109521865844727,6.876404285430908,4.760084629058838,6.9452223777771,11.214488983154297,11.696732521057129,9.328782081604004,5.715787887573242,3.834394931793213,5.914260387420654,9.89792537689209,13.154125213623047,10.449033737182617,6.194026947021484,4.1022467613220215,4.45166540145874
27.620637893676758,29.008777618408203,29.531696319580078,29.451162338256836,28.685508728027344,26.89118766784668,23.96915626525879,21.148502349853516,19.514842987060547,18.329294204711914,16.872638702392578,15.538325309753418,14.014826774597168,12.391886711120605,12.057723045349121,13.222030639648438,14.367366790771484,14.006704330444336,12.709598541259766,12.901698112487793,15.151167869567871,17.315357208251953,17.3074951171875,15.524304389953613,13.817049026489258,12.884831428527832,11.838720321655273,9.598467826843262,6.653560161590576,5.886340141296387,8.897253036499023,10.637212753295898,8.866035461425781,6.153890132904053,3.326677083969116,4.3144211769104,9.525491714477539,13.355613708496094,11.68375015258789,7.603476524353027,4.824989318847656,4.792854309082031,6.316875457763672
27.61463737487793,28.720569610595703,29.14769744873047,29.35007667541504,29.244081497192383,28.236173629760742,25.75919532775879,22.620737075805664,20.246112823486328,19.021636962890625,18.21722984313965,17.268165588378906,15.926694869995117,14.471219062805176,14.07547378540039,14.657674789428711,14.62977123260498,13.631954193115234,13.11288070678711,14.324898719787598,16.99909782409668,19.25105857849121,18.680015563964844,15.475053787231445,12.623906135559082,11.749028205871582,11.558623313903809,9.731066703796387,7.044462203979492,6.969773769378662,9.058900833129883,8.740684509277344,6.466594219207764,3.830418586730957,2.7289111614227295,7.4116530418396,13.60852336883545,13.475420951843262,10.687385559082031,8.50865364074707,7.503788948059082,7.214005947113037,6.647122859954834
27.809873580932617,28.926490783691406,29.07657814025879,28.80301284790039,28.478137969970703,27.841779708862305,26.259056091308594,23.63517189025879,20.936279296875,19.233640670776367,18.615680694580078,18.33086585998535,17.631912231445312,16.52066421508789,15.945890426635742,15.559651374816895,14.055185317993164,12.807231903076172,13.653392791748047,15.919323921203613,18.67885398864746,20.411409378051758,18.630693435668945,14.412290573120117,11.712165832519531,11.63016414642334,11.567975044250488,9.081151008605957,6.858257293701172,7.707889080047607,8.992841720581055,7.597108840942383,5.205538272857666,3.545830249786377,5.151963233947754,11.171394348144531,14.738110542297363,12.617364883422852,11.098538398742676,11.06454849243164,9.986491203308105,7.996659278869629,6.483455181121826
28.008543014526367,29.482620239257812,29.339868545532227,28.546722412109375,27.708078384399414,27.03723907470703,26.18463897705078,24.48383331298828,21.976593017578125,19.77463722229004,18.9704532623291,19.228553771972656,19.14858627319336,18.208843231201172,17.08344078063965,15.223052978515625,12.729578018188477,12.465991020202637,14.845353126525879,17.502145767211914,19.705652236938477,20.32022476196289,17.648157119750977,13.566961288452148,11.53160572052002,11.183894157409668,9.948909759521484,8.081113815307617,8.007678985595703,9.223405838012695,8.956130981445312,7.289261341094971,5.743376731872559,5.152637004852295,7.245638370513916,12.446462631225586,15.502552032470703,13.583398818969727,12.389801979064941,12.207595825195312,10.997929573059082,8.855117797851562,7.114758014678955
27.430910110473633,29.6644344329834,29.801652908325195,28.830856323242188,27.63751220703125,26.92809295654297,26.608728408813477,25.702423095703125,23.669082641601562,21.40900993347168,20.19202995300293,20.23392677307129,20.247745513916016,19.32208824157715,17.247203826904297,13.825270652770996,11.482531547546387,13.108414649963379,16.51568603515625,18.600257873535156,19.342060089111328,18.815093994140625,16.709606170654297,13.754378318786621,11.397787094116211,9.610057830810547,8.27368450164795,8.401610374450684,9.71464729309082,9.818577766418457,8.705286979675293,8.039287567138672,7.140440464019775,6.12529993057251,7.732621669769287,13.579314231872559,17.29756736755371,15.03764820098877,12.968703269958496,12.009825706481934,11.283673286437988,10.001428604125977,7.91518497467041
25.759973526000977,28.875045776367188,29.910215377807617,29.293766021728516,28.072690963745117,27.380373001098633,27.51473617553711,27.545326232910156,26.36847686767578,24.126440048217773,22.108625411987305,21.095516204833984,20.568490982055664,19.323467254638672,16.27044677734375,12.464807510375977,11.524175643920898,14.311339378356934,17.35171127319336,18.224599838256836,17.779685974121094,17.263031005859375,16.357982635498047,14.294637680053711,11.47441291809082,9.105522155761719,8.110651016235352,8.702478408813477,9.671464920043945,9.467555046081543,9.456136703491211,9.080434799194336,7.1848578453063965,5.347485065460205,8.323051452636719,15.5801420211792,18.05368995666504,14.888904571533203,11.33802318572998,9.695899963378906,10.616378784179688,11.533490180969238,10.012242317199707
23.578962326049805,27.095287322998047,29.11800193786621,29.30280303955078,28.49843406677246,28.027925491333008,28.56642723083496,29.392980575561523,29.094606399536133,26.998628616333008,24.246519088745117,22.01494789123535,20.28067970275879,18.09954261779785,14.849953651428223,12.206206321716309,12.225504875183105,14.342714309692383,16.21323013305664,16.883668899536133,16.982276916503906,16.659032821655273,15.602560997009277,14.093174934387207,12.163952827453613,10.351085662841797,8.880370140075684,8.70858097076416,9.392436981201172,9.835484504699707,10.385529518127441,8.432699203491211,4.822099685668945,3.7135391235351562,10.071416854858398,17.00328826904297,16.716981887817383,12.879973411560059,9.275483131408691,8.507527351379395,10.651171684265137,12.957417488098145,12.708645820617676
