data/wind_data/wind_1_9.json
{"header": {"parameterUnit": "KT", "parameterCategory": 2, "nx": 256, "ny": 198, "lo1": 44.73521041870117, "la1": -3.236724853515625, "lo2": 111.26478576660156, "la2": 43.468475341796875, "dx": 0.2609002888202667, "dy": -0.23708222806453705, "refTime": "2025-02-19 01:00:00", "forecastTime": 0, "parameterNumber": 2, "parameterNumberName": "eastward_wind"}, "data":
[rows 0 to 18 of 198, columns 88 to 131 of 256]
32.92422103881836,33.19736099243164,33.15652084350586,33.374507904052734,33.73284149169922,33.64177703857422,33.841331481933594,33.92827224731445,33.87375259399414,34.5677604675293,34.990631103515625,34.98118209838867,34.55540084838867,34.1263542175293,33.76285934448242,33.28628158569336,32.79921340942383,32.699520111083984,32.8103141784668,33.328189849853516,33.864383697509766,33.66362380981445,33.30196762084961,33.31855010986328,33.90348815917969,34.25882339477539,33.592105865478516,33.19957733154297,32.593666076660156,32.2191162109375,31.56048011779785,32.0451774597168,32.52920150756836,32.346160888671875,31.739307403564453,31.103517532348633,30.88446807861328,31.335901260375977,31.251270294189453,31.671491622924805,32.39326095581055,31.74353790283203,30.356460571289062,29.62827491760254
32.686241149902344,33.48017120361328,33.43210983276367,33.01738357543945,33.2147216796875,33.51631164550781,33.726959228515625,33.08474349975586,32.631439208984375,32.73133087158203,32.917049407958984,33.38005065917969,33.915916442871094,34.09046936035156,34.17060089111328,33.80695343017578,33.062232971191406,32.74546813964844,32.798404693603516,33.064002990722656,33.70546340942383,34.328941345214844,34.490234375,34.2269287109375,33.80192184448242,33.74870681762695,33.70512008666992,33.36445617675781,32.23644256591797,30.77118492126465,30.03704261779785,30.534761428833008,31.569063186645508,32.38771057128906,32.612098693847656,31.840662002563477,30.864675521850586,30.02825927734375,29.928470611572266,31.257347106933594,32.444278717041016,32.66886520385742,32.29254913330078,31.738643646240234
31.947254180908203,32.2261962890625,32.40071105957031,32.313167572021484,32.07582473754883,31.974308013916016,31.944814682006836,31.39093589782715,30.95673179626465,31.39042854309082,31.790739059448242,32.11945724487305,32.67809295654297,33.24736022949219,33.51019287109375,33.268211364746094,32.95819091796875,33.30321502685547,33.74323654174805,33.82229995727539,33.86324691772461,33.82709884643555,33.94536590576172,34.35663986206055,34.64225387573242,34.676361083984375,34.42393493652344,34.067440032958984,32.848079681396484,31.627920150756836,31.233211517333984,31.289825439453125,31.14101219177246,31.63129425048828,32.01497268676758,31.600662231445312,30.838388442993164,30.174482345581055,30.272356033325195,31.095727920532227,32.07706832885742,32.67431640625,32.99925231933594,33.12555694580078
32.34880828857422,32.500423431396484,32.56562423706055,32.0355224609375,31.35100555419922,31.107627868652344,30.932723999023438,30.679180145263672,30.491243362426758,30.416431427001953,30.71733283996582,31.15117835998535,31.460037231445312,32.01042556762695,32.38539123535156,32.4214973449707,32.564605712890625,33.181026458740234,33.58861541748047,33.83510971069336,34.287261962890625,34.366878509521484,34.4365234375,34.16197204589844,33.942325592041016,34.2840576171875,34.31430435180664,34.10703659057617,33.373146057128906,32.616493225097656,32.39122009277344,32.456695556640625,32.2354850769043,31.753570556640625,31.399499893188477,31.109716415405273,30.962753295898438,31.211132049560547,31.450220108032227,31.55841064453125,32.23122024536133,33.02354049682617,33.51565933227539,33.92566680908203
34.34131622314453,34.303955078125,33.59001922607422,32.10261154174805,30.958179473876953,30.789079666137695,31.171476364135742,32.03117370605469,32.853736877441406,32.745418548583984,32.36198425292969,32.33333206176758,32.62423324584961,33.01126480102539,33.28117752075195,33.38023376464844,33.346282958984375,33.77338790893555,33.346839904785156,33.05167007446289,33.24446105957031,32.945804595947266,33.071624755859375,33.69615936279297,33.835594177246094,33.20785903930664,32.662452697753906,33.12104034423828,33.51604080200195,33.74907302856445,33.55647659301758,33.046138763427734,32.697998046875,32.25733184814453,31.436498641967773,30.520986557006836,30.11900520324707,30.44584846496582,30.759719848632812,31.38083267211914,33.27208709716797,35.155147552490234,35.690208435058594,35.55599594116211
33.21772766113281,33.13332748413086,32.778804779052734,31.559423446655273,30.842130661010742,31.411754608154297,32.223419189453125,32.93733596801758,32.87188720703125,32.33335876464844,31.962581634521484,32.03243637084961,32.49209213256836,32.93825149536133,33.45156478881836,33.84807586669922,33.83158874511719,33.831993103027344,32.74570083618164,31.823331832885742,31.6580810546875,31.0583438873291,31.2883243560791,32.80825424194336,33.99363327026367,33.165672302246094,32.19624710083008,32.4139404296875,33.393028259277344,34.62775421142578,35.08292007446289,34.49479293823242,34.59394454956055,34.57067108154297,34.007362365722656,32.963314056396484,31.72089958190918,32.00388717651367,33.54157638549805,34.802852630615234,35.97659683227539,36.6269645690918,36.435943603515625,35.856201171875
32.95492172241211,32.91923904418945,32.82509231567383,31.579591751098633,30.838985443115234,31.88998031616211,32.878318786621094,33.12643814086914,32.72507858276367,32.097782135009766,31.59662437438965,31.39994239807129,31.46233558654785,31.552757263183594,31.84744644165039,32.675899505615234,33.5209846496582,33.81655502319336,33.617713928222656,33.072017669677734,31.881074905395508,31.112144470214844,30.851890563964844,31.530296325683594,32.8336067199707,32.67735290527344,32.01934814453125,32.013736724853516,32.640350341796875,34.00887680053711,35.30986404418945,35.44658279418945,36.09504318237305,36.488555908203125,36.13964080810547,35.05311584472656,33.7126579284668,33.05769729614258,34.03221130371094,35.44854736328125,36.243690490722656,35.75099563598633,35.149478912353516,34.873878479003906
32.26408767700195,32.17692947387695,32.53764343261719,31.68085289001465,31.02936553955078,31.656150817871094,32.729042053222656,33.27211380004883,33.15854263305664,32.425697326660156,31.76516342163086,31.452537536621094,31.085365295410156,31.205034255981445,31.32164764404297,31.772682189941406,33.36044692993164,34.21014404296875,34.42692565917969,34.1893196105957,32.45291519165039,31.567224502563477,31.576499938964844,31.361116409301758,31.391544342041016,31.297622680664062,31.654911041259766,31.337736129760742,31.476139068603516,33.288665771484375,35.19205093383789,35.119834899902344,35.33842086791992,36.18765640258789,36.63981628417969,35.77818298339844,34.646331787109375,33.465431213378906,33.539306640625,34.138099670410156,34.300880432128906,33.7563362121582,33.62737274169922,34.033477783203125
31.41464614868164,31.411230087280273,32.16716384887695,32.43745803833008,32.26943588256836,31.814634323120117,32.02588653564453,32.83073806762695,33.88303756713867,33.714351654052734,32.40047073364258,31.54546356201172,31.554094314575195,32.4316520690918,32.73345947265625,32.77851867675781,33.84576416015625,34.64533233642578,34.759979248046875,34.568397521972656,32.55101776123047,31.669170379638672,32.318748474121094,31.726594924926758,30.54010009765625,30.5396785736084,31.300315856933594,30.4769287109375,30.46959114074707,32.516178131103516,34.31640625,34.18482971191406,33.770423889160156,34.348106384277344,34.80461883544922,33.950138092041016,33.30830383300781,33.082733154296875,33.95726776123047,34.4172248840332,33.60719680786133,33.170989990234375,32.98513412475586,32.38356399536133
31.497943878173828,31.76809310913086,32.34489822387695,32.88710021972656,32.67870330810547,31.360719680786133,30.899738311767578,31.998979568481445,33.99215316772461,34.511348724365234,32.99519348144531,32.462276458740234,33.50418472290039,34.26892852783203,33.791229248046875,33.36513900756836,33.8057861328125,34.20899200439453,34.660804748535156,34.31364822387695,32.542091369628906,31.7252140045166,32.034202575683594,31.221628189086914,29.678802490234375,29.545888900756836,29.867448806762695,29.230812072753906,30.629268646240234,33.0119743347168,33.5053596496582,32.99028015136719,32.31893539428711,32.50888442993164,32.64510726928711,32.25566101074219,32.43714141845703,32.57108688354492,34.20296859741211,35.024776458740234,34.009464263916016,33.327125549316406,33.095096588134766,32.10116958618164
31.639692306518555,31.467430114746094,30.911582946777344,30.564876556396484,30.911882400512695,30.417888641357422,30.386314392089844,31.810426712036133,33.758480072021484,34.44863510131836,33.682647705078125,33.9018440246582,35.105648040771484,35.362823486328125,34.615325927734375,33.704532623291016,32.646156311035156,32.099945068359375,33.330814361572266,33.094818115234375,32.7830810546875,32.44017028808594,30.761213302612305,30.156227111816406,29.223621368408203,28.4847354888916,28.33686065673828,28.364599227905273,30.386150360107422,32.67706298828125,32.97478485107422,32.412071228027344,31.790672302246094,31.93846321105957,32.553741455078125,32.8807258605957,32.94112777709961,32.31752395629883,33.339134216308594,34.29603958129883,34.323509216308594,34.14107894897461,33.79774475097656,33.129695892333984
30.419963836669922,30.21205711364746,29.084779739379883,28.397369384765625,29.666959762573242,30.758089065551758,31.082706451416016,32.16450881958008,33.70663833618164,33.911861419677734,33.77789306640625,34.5693359375,35.56848907470703,35.403472900390625,34.81810760498047,33.81965637207031,31.99567222595215,31.208723068237305,31.82752227783203,31.510257720947266,32.914215087890625,32.8704719543457,30.085233688354492,29.18378257751465,29.06989097595215,28.259981155395508,27.58803939819336,28.229990005493164,30.14311981201172,31.47861671447754,32.62025451660156,33.41522216796875,33.480224609375,33.4274787902832,33.81990051269531,34.04824447631836,33.32712936401367,32.02574920654297,32.40359115600586,33.66425704956055,34.221004486083984,34.62720489501953,33.89166259765625,33.31919860839844
27.983156204223633,28.00440788269043,28.124309539794922,28.29215431213379,29.525001525878906,31.08734703063965,31.700523376464844,32.449554443359375,33.32637405395508,33.320045471191406,33.311256408691406,34.0225715637207,34.768131256103516,34.32990646362305,33.88295364379883,33.996864318847656,32.32929229736328,30.76578140258789,30.29471206665039,29.84231185913086,30.896221160888672,30.934402465820312,29.808795928955078,29.013713836669922,29.501195907592773,29.32335090637207,28.16439437866211,28.880582809448242,30.65688133239746,31.63560676574707,33.38264846801758,35.28254699707031,34.50177001953125,33.41617202758789,34.077632904052734,34.53786087036133,33.95204162597656,32.66046905517578,32.06802749633789,32.7518310546875,33.242332458496094,33.75075149536133,32.92240905761719,32.472190856933594
27.29642677307129,27.286758422851562,27.816770553588867,28.061986923217773,28.478872299194336,28.986391067504883,29.505285263061523,30.88684844970703,32.16389083862305,32.570411682128906,32.81884002685547,33.14560317993164,33.618797302246094,33.128501892089844,32.45072555541992,32.99492645263672,32.61665344238281,31.032978057861328,29.367521286010742,28.982091903686523,28.34300422668457,27.692453384399414,29.232139587402344,30.352008819580078,30.56191635131836,30.301441192626953,30.123991012573242,30.6214542388916,31.187856674194336,31.5338077545166,33.40880584716797,34.44643020629883,33.16472625732422,31.992694854736328,33.32301712036133,34.47066879272461,33.85593795776367,32.88471984863281,32.110755920410156,32.349143981933594,32.51576614379883,32.81977844238281,32.576904296875,32.86471939086914
28.032262802124023,27.53376579284668,27.451269149780273,27.405441284179688,27.020645141601562,26.877973556518555,26.77520179748535,28.27553939819336,30.1602783203125,31.477827072143555,32.519737243652344,32.84757614135742,32.872737884521484,32.41535568237305,31.848066329956055,32.007835388183594,32.361595153808594,32.000732421875,30.213417053222656,28.499011993408203,27.037845611572266,26.97995948791504,29.508867263793945,31.182621002197266,31.113216400146484,30.855854034423828,31.175447463989258,31.435941696166992,31.370532989501953,30.816946029663086,31.43825912475586,31.787246704101562,31.30191993713379,31.504987716674805,32.772850036621094,33.704490661621094,33.13377380371094,32.291900634765625,32.23126220703125,32.38822555541992,32.6632194519043,32.701202392578125,32.74113845825195,33.55622863769531
28.205961227416992,27.602148056030273,27.37274932861328,27.71393394470215,27.572324752807617,27.147357940673828,26.862993240356445,27.87460708618164,29.77707290649414,31.55387306213379,33.259124755859375,33.247642517089844,32.38334655761719,32.00868606567383,31.910659790039062,31.929969787597656,31.958703994750977,32.11686706542969,31.077762603759766,29.048303604125977,28.440706253051758,28.434974670410156,29.23542022705078,30.312976837158203,30.889177322387695,30.83819580078125,30.92690658569336,31.04419708251953,31.519054412841797,31.409395217895508,30.780052185058594,30.29092025756836,30.491565704345703,31.62630844116211,32.74867630004883,33.25977325439453,33.14181900024414,32.3407096862793,32.213409423828125,32.3582878112793,32.868797302246094,32.95664978027344,32.78158950805664,33.73324966430664
27.797657012939453,27.77243995666504,28.25830841064453,29.116455078125,28.791683197021484,28.353897094726562,28.83204460144043,29.810466766357422,30.794231414794922,32.231475830078125,33.74703598022461,32.98008346557617,31.812376022338867,31.536806106567383,31.511072158813477,32.08095932006836,32.46894073486328,32.544918060302734,31.996505737304688,30.388572692871094,29.486690521240234,29.24588966369629,29.878620147705078,31.620494842529297,32.552276611328125,31.784807205200195,31.44667625427246,32.081668853759766,32.80313491821289,32.05056381225586,30.80154800415039,29.62331199645996,29.266677856445312,30.663715362548828,32.282745361328125,33.44822311401367,33.6937255859375,32.36080551147461,31.795351028442383,31.724674224853516,32.929866790771484,33.82143020629883,34.165950775146484,34.29150390625
27.539087295532227,28.341894149780273,29.18856430053711,29.527305603027344,28.501449584960938,28.07146644592285,29.076034545898438,30.7493839263916,31.571561813354492,32.61658477783203,33.79497146606445,33.05192565917969,31.711095809936523,30.98232078552246,30.800230026245117,32.039466857910156,32.901832580566406,33.20712661743164,32.80663299560547,31.17204475402832,30.195646286010742,30.72258186340332,32.01087951660156,33.86051940917969,33.889644622802734,32.69514083862305,33.29571533203125,34.34682846069336,33.96171951293945,32.41729736328125,31.196529388427734,29.967905044555664,29.149747848510742,29.854198455810547,31.590307235717773,33.081336975097656,33.75630569458008,32.87627410888672,32.58790969848633,32.05255126953125,32.71123504638672,34.44855499267578,35.461299896240234,34.91386413574219
27.361289978027344,27.889909744262695,28.738170623779297,28.409854888916016,27.556034088134766,27.52317237854004,28.723461151123047,29.960132598876953,30.60344123840332,31.309328079223633,32.37751007080078,32.19792556762695,31.0092716217041,30.6582088470459,30.892200469970703,31.810226440429688,32.57740783691406,32.83370590209961,32.213741302490234,30.940227508544922,30.564353942871094,31.928056716918945,32.821372985839844,34.53782272338867,35.437591552734375,35.14457702636719,35.095863342285156,35.084877014160156,34.23892593383789,32.441673278808594,31.50187110900879,30.681241989135742,29.447174072265625,29.077131271362305,30.234601974487305,31.508607864379883,32.47878646850586,32.89883041381836,33.994075775146484,34.006168365478516,33.37156677246094,34.47849655151367,35.75321960449219,35.29999923706055
