data/wind_data/wind_70_6.json
{"header": {"parameterUnit": "KT", "parameterCategory": 2, "nx": 256, "ny": 198, "lo1": 44.73521041870117, "la1": -3.236724853515625, "lo2": 111.26478576660156, "la2": 43.468475341796875, "dx": 0.2609002888202667, "dy": -0.23708222806453705, "refTime": "2025-02-21 22:00:00", "forecastTime": 0, "parameterNumber": 2, "parameterNumberName": "eastward_wind"}, "data":
[rows 100 to 119 of 198, columns 132 to 175 of 256]
85.31611633300781,86.3882064819336,87.19275665283203,87.197021484375,86.7098159790039,86.24520874023438,85.87419128417969,85.4064712524414,84.92095947265625,84.78778076171875,84.91252899169922,84.88290405273438,84.63778686523438,84.0938720703125,83.38868713378906,83.01566314697266,83.11090087890625,83.54005432128906,84.2110824584961,84.80986785888672,84.98703002929688,84.98200988769531,85.28083801269531,85.95602416992188,86.70962524414062,87.31438446044922,87.75297546386719,88.09539794921875,88.31583404541016,88.44939422607422,88.61196899414062,88.84406280517578,89.04631042480469,89.1601791381836,89.36302947998047,89.8045654296875,90.43896484375,91.1421127319336,91.84410095214844,92.50483703613281,92.99214172363281,93.20800018310547,93.2205810546875,93.11239624023438
85.65279388427734,86.83570098876953,87.78470611572266,88.07073974609375,87.82768249511719,87.43373107910156,87.0174560546875,86.59515380859375,86.24602508544922,86.08780670166016,86.22406768798828,86.47080993652344,86.53047180175781,86.1418685913086,85.37049102783203,84.72955322265625,84.56016540527344,84.8638916015625,85.52030181884766,86.1596908569336,86.4313735961914,86.5204086303711,86.93062591552734,87.77129364013672,88.54984283447266,88.92625427246094,89.04517364501953,89.1591567993164,89.4323501586914,89.86386108398438,90.29667663574219,90.5566177368164,90.62804412841797,90.56266784667969,90.53170013427734,90.70521545410156,91.14002990722656,91.7748794555664,92.51543426513672,93.29631042480469,94.00688934326172,94.5050277709961,94.78251647949219,94.92459869384766
84.8290786743164,86.15328979492188,87.35368347167969,87.96929168701172,88.00457000732422,87.76646423339844,87.43843841552734,87.07518768310547,86.76223754882812,86.49324798583984,86.37776184082031,86.61508178710938,87.0150146484375,87.17778778076172,86.70369720458984,85.96405792236328,85.63470458984375,85.99854278564453,86.66748809814453,87.10672760009766,87.18902587890625,87.29789733886719,87.90229034423828,88.88966369628906,89.65735626220703,89.9139633178711,89.87462615966797,89.83272552490234,89.97603607177734,90.38197326660156,90.95250701904297,91.43754577636719,91.66996765136719,91.72923278808594,91.67977142333984,91.59835052490234,91.60881042480469,91.87284088134766,92.43193817138672,93.18132781982422,93.9776611328125,94.75772094726562,95.4468002319336,95.94681549072266
82.87959289550781,84.22219848632812,85.59712219238281,86.5973892211914,86.96544647216797,86.8268814086914,86.54225158691406,86.26632690429688,85.95271301269531,85.58660125732422,85.3110122680664,85.44576263427734,85.96183776855469,86.41222381591797,86.39083862304688,86.02002716064453,85.8113784790039,86.2141342163086,86.93138885498047,87.38375091552734,87.4203872680664,87.46791076660156,88.08885192871094,88.95655059814453,89.4429702758789,89.56413269042969,89.58674621582031,89.57477569580078,89.61859893798828,89.84729766845703,90.2796630859375,90.87732696533203,91.53670501708984,92.08914184570312,92.41364288330078,92.43589782714844,92.22925567626953,92.07025146484375,92.20458984375,92.6734848022461,93.31918334960938,94.11422729492188,95.17424011230469,96.42899322509766
80.88774108886719,82.16571807861328,83.5169906616211,84.74224853515625,85.50069427490234,85.6108169555664,85.40630340576172,85.20122528076172,84.98274993896484,84.69088745117188,84.36483764648438,84.28394317626953,84.59422302246094,84.9461898803711,85.13975524902344,85.28153991699219,85.46086120605469,85.74251556396484,86.3047866821289,86.88412475585938,87.19896697998047,87.39842987060547,87.86443328857422,88.46012878417969,88.5357894897461,88.260986328125,88.21907806396484,88.39058685302734,88.50941467285156,88.53270721435547,88.6390609741211,89.06486511230469,89.92770385742188,90.96485900878906,91.72402954101562,92.02511596679688,92.02420806884766,91.89173126220703,91.86678314208984,92.0357437133789,92.32979583740234,92.76970672607422,93.57525634765625,94.91377258300781
78.08279418945312,79.25411987304688,80.51153564453125,81.7420425415039,82.8565673828125,83.46790313720703,83.5769271850586,83.53472137451172,83.40220642089844,83.09137725830078,82.68560791015625,82.47335052490234,82.49281311035156,82.54039764404297,82.80359649658203,83.2774429321289,83.97187805175781,84.62489318847656,85.2048110961914,85.6886215209961,85.88030242919922,85.98661804199219,86.24614715576172,86.53204345703125,86.47147369384766,86.04680633544922,85.7422103881836,85.91271209716797,86.15763092041016,86.11319732666016,86.03158569335938,86.28715515136719,86.97773742675781,87.85211944580078,88.61873626708984,89.2234878540039,89.74156188964844,90.21155548095703,90.67110443115234,91.15888977050781,91.51583862304688,91.69141387939453,91.96366882324219,92.68440246582031
73.39421081542969,74.41463470458984,75.56981658935547,76.61771392822266,77.6907958984375,78.66600799560547,79.20067596435547,79.39158630371094,79.35004425048828,79.03543853759766,78.70494842529297,78.52017974853516,78.46385955810547,78.59911346435547,78.97903442382812,79.59711456298828,80.64222717285156,81.75680541992188,82.55965423583984,83.15995025634766,83.39751434326172,82.97879028320312,82.28821563720703,82.03623962402344,82.26103210449219,82.32335662841797,82.31375885009766,82.53058624267578,82.69606018066406,82.55021667480469,82.36125946044922,82.42597198486328,82.76029205322266,83.2345962524414,83.98399353027344,85.130615234375,86.40729522705078,87.45641326904297,88.32779693603516,89.30006408691406,90.35356903076172,91.12738800048828,91.48507690429688,91.7495346069336
69.3578109741211,70.20150756835938,71.14289855957031,71.95016479492188,72.79704284667969,73.8330307006836,74.65621948242188,74.95793151855469,74.7806625366211,74.3373794555664,74.02668762207031,74.00457763671875,74.05907440185547,74.19429779052734,74.64110565185547,75.43147277832031,76.52603149414062,77.67977905273438,78.53914642333984,79.20634460449219,79.77072143554688,79.95032501220703,79.30557250976562,78.35826873779297,78.07241821289062,78.39612579345703,78.78543090820312,79.08661651611328,79.1347427368164,78.82365417480469,78.44953155517578,78.33967590332031,78.6056900024414,79.17620849609375,80.07977294921875,81.37886047363281,82.81961059570312,84.03517150878906,85.0630111694336,86.2760238647461,87.81071472167969,89.32176208496094,90.34981536865234,90.84337615966797
67.03520202636719,67.805908203125,68.66778564453125,69.38240051269531,70.10214233398438,71.02699279785156,71.8573989868164,72.0877685546875,71.6337890625,70.97514343261719,70.69586181640625,70.73705291748047,70.70024871826172,70.6521987915039,70.97567749023438,71.78912353515625,72.85541534423828,74.0658950805664,75.1082534790039,75.80327606201172,76.3626937866211,76.85709381103516,76.79569244384766,75.96139526367188,75.02626037597656,74.70984649658203,74.98670196533203,75.47893524169922,75.8395004272461,75.88672637939453,75.728271484375,75.66650390625,75.9486083984375,76.56822967529297,77.33890533447266,78.16065216064453,79.03229522705078,79.9535140991211,81.0088882446289,82.32719421386719,83.92926788330078,85.62130737304688,87.1084976196289,88.23509979248047
65.33501434326172,65.89308166503906,66.62739562988281,67.36076354980469,68.08118438720703,68.83961486816406,69.4718017578125,69.61447143554688,69.1353988647461,68.51348876953125,68.3145751953125,68.4181900024414,68.34532165527344,68.12401580810547,68.266357421875,69.02288055419922,70.13667297363281,71.3492660522461,72.48812103271484,73.23902893066406,73.59132385253906,73.67791748046875,73.5375747680664,73.09603118896484,72.52682495117188,72.10282135009766,71.93529510498047,72.05680847167969,72.40656280517578,72.77411651611328,73.11221313476562,73.47782897949219,73.95242309570312,74.60084533691406,75.3198013305664,76.02096557617188,76.68550109863281,77.3709945678711,78.17886352539062,79.2050552368164,80.4641342163086,81.85494232177734,83.30586242675781,84.8338394165039
63.70048522949219,64.23160552978516,65.14069366455078,66.01615905761719,66.6917953491211,67.17503356933594,67.45631408691406,67.45680236816406,67.1152572631836,66.68346405029297,66.4744644165039,66.42593383789062,66.23432922363281,65.98890686035156,66.0950927734375,66.7115249633789,67.68817901611328,68.85664367675781,70.05615997314453,70.8814468383789,71.01144409179688,70.62771606445312,70.26890563964844,70.24462890625,70.37318420410156,70.298095703125,69.85893249511719,69.30821990966797,69.1406478881836,69.4808120727539,70.25656127929688,71.08065795898438,71.77449035644531,72.5206527709961,73.42801666259766,74.3878173828125,75.3151626586914,76.11692810058594,76.77310180664062,77.41342163085938,78.14720153808594,78.97415924072266,79.99103546142578,81.32295989990234
62.510921478271484,63.27055358886719,64.4581298828125,65.43767547607422,65.98906707763672,66.1889877319336,66.15847778320312,65.9889907836914,65.68810272216797,65.34353637695312,65.02778625488281,64.76078033447266,64.5807876586914,64.66162109375,65.02355194091797,65.50577545166016,66.07894134521484,66.87068176269531,67.87156677246094,68.73717498779297,68.98270416259766,68.5436019897461,67.94253540039062,67.7601089477539,68.00759887695312,68.25535583496094,68.13545227050781,67.64973449707031,67.1720962524414,67.24996948242188,67.92893981933594,69.02661895751953,70.23036193847656,71.13091278076172,71.7184066772461,72.34608459472656,73.23382568359375,74.1845932006836,74.90416717529297,75.36393737792969,75.76602172851562,76.25970458984375,76.92069244384766,77.79476928710938
62.25908660888672,63.058109283447266,64.2359390258789,65.1504135131836,65.50678253173828,65.51766204833984,65.38721466064453,65.1865005493164,64.93639373779297,64.6440200805664,64.27122497558594,63.99241256713867,64.00296783447266,64.38456726074219,64.9190902709961,65.25688934326172,65.42446899414062,65.80402374267578,66.5822525024414,67.43594360351562,67.75952911376953,67.38226318359375,66.77996063232422,66.41478729248047,66.38675689697266,66.52630615234375,66.66919708251953,66.65428161621094,66.58160400390625,66.70661163330078,67.03865814208984,67.54641723632812,68.2435531616211,68.93572998046875,69.51329040527344,70.10818481445312,70.85438537597656,71.63251495361328,72.27486419677734,72.79949951171875,73.34870910644531,73.92203521728516,74.4736328125,75.05843353271484
62.5173225402832,63.15605545043945,64.05506896972656,64.77962493896484,65.07459259033203,65.124267578125,65.1224136352539,65.05558776855469,64.86724853515625,64.57916259765625,64.26427459716797,64.12921142578125,64.22698974609375,64.58263397216797,65.07228088378906,65.4247817993164,65.59185791015625,65.9166030883789,66.5714340209961,67.26686096191406,67.5015640258789,67.21809387207031,66.78919982910156,66.46049499511719,66.22114562988281,66.0650634765625,65.97509765625,65.92483520507812,65.99884796142578,66.34756469726562,66.80713653564453,67.08358001708984,67.06619262695312,67.01240539550781,67.1979751586914,67.7145004272461,68.37837982177734,69.00035095214844,69.58045196533203,70.24542236328125,71.08795928955078,71.98916625976562,72.67169952392578,73.2229995727539
62.73909378051758,63.14857482910156,63.701446533203125,64.2015151977539,64.61151885986328,64.93090057373047,65.19055938720703,65.30250549316406,65.15838623046875,64.81031799316406,64.5363998413086,64.53225708007812,64.54825592041016,64.71299743652344,65.22908020019531,65.78252410888672,66.21693420410156,66.62805938720703,66.98490142822266,67.15438079833984,67.18421936035156,67.21703338623047,67.26205444335938,67.17493438720703,66.82413482666016,66.26690673828125,65.70260620117188,65.2991714477539,65.23774719238281,65.64015197753906,66.2713623046875,66.72207641601562,66.68461608886719,66.26453399658203,65.86909484863281,65.85882568359375,66.21269226074219,66.79346466064453,67.49906921386719,68.25338745117188,69.0279769897461,69.90894317626953,70.76719665527344,71.65435791015625
62.889034271240234,63.12232208251953,63.37155532836914,63.62691116333008,64.13892364501953,64.87439727783203,65.56687927246094,65.94296264648438,65.77011108398438,65.1975326538086,64.75982666015625,64.63719177246094,64.62420654296875,64.8414535522461,65.35530090332031,66.03532409667969,66.78926849365234,67.32522583007812,67.33448028564453,66.93668365478516,66.64022827148438,66.79637145996094,67.26396179199219,67.54900360107422,67.28630065917969,66.55097198486328,65.78243255615234,65.41261291503906,65.43553924560547,65.68017578125,66.01602172851562,66.27690124511719,66.32849884033203,66.09718322753906,65.65118408203125,65.29948425292969,65.40909576416016,66.01683044433594,66.82587432861328,67.43194580078125,67.817626953125,68.38219451904297,69.26790618896484,70.37934875488281
62.81666946411133,62.88975524902344,62.923255920410156,63.039756774902344,63.64596176147461,64.77413940429688,65.96907043457031,66.69076538085938,66.51659393310547,65.75322723388672,65.23294067382812,65.17166900634766,65.2142333984375,65.29240417480469,65.5419921875,66.0868911743164,66.86402893066406,67.3626937866211,67.20822143554688,66.72496795654297,66.5115737915039,66.77484130859375,67.25605010986328,67.52989196777344,67.30459594726562,66.74625396728516,66.25935363769531,66.08820343017578,66.11868286132812,66.14492797851562,66.10847473144531,65.9676742553711,65.7906265258789,65.65235137939453,65.41744995117188,65.26431274414062,65.614501953125,66.39131927490234,67.0542221069336,67.18798828125,67.13724517822266,67.52044677734375,68.4320068359375,69.56715393066406
62.42587661743164,62.376285552978516,62.29186248779297,62.390357971191406,63.0512809753418,64.33805847167969,65.86351013183594,66.96430206298828,66.93421936035156,66.19377899169922,65.84725189208984,66.03199768066406,66.09466552734375,65.81080627441406,65.4866714477539,65.43958282470703,65.63823699951172,65.78324890136719,65.78604888916016,65.88037872314453,66.22135925292969,66.71475219726562,67.11778259277344,67.23394775390625,67.0493392944336,66.81659698486328,66.71578216552734,66.59135437011719,66.27867889404297,65.87032318115234,65.60297393798828,65.43541717529297,65.32145690917969,65.20684051513672,64.96177673339844,64.91912841796875,65.44133758544922,66.2728042602539,66.66889190673828,66.42093658447266,66.15487670898438,66.62774658203125,67.85482025146484,69.18436431884766
61.78518295288086,61.65040588378906,61.51784896850586,61.62641906738281,62.30331039428711,63.55989074707031,65.16437530517578,66.47378540039062,66.5821762084961,65.93405151367188,65.65931701660156,65.83394622802734,65.69491577148438,64.9760513305664,64.16183471679688,63.67688751220703,63.54490661621094,63.638145446777344,63.9356575012207,64.50053405761719,65.22797393798828,65.88605499267578,66.27051544189453,66.3796615600586,66.34556579589844,66.34095764160156,66.39904022216797,66.26715850830078,65.66969299316406,64.92407989501953,64.6759033203125,64.88292694091797,65.0981674194336,64.90815734863281,64.34861755371094,64.10932922363281,64.74431610107422,65.6771240234375,65.97012329101562,65.65337371826172,65.44464874267578,66.16049194335938,67.6498794555664,69.07691955566406
60.91966247558594,60.68852996826172,60.46396255493164,60.54999542236328,61.23490524291992,62.637603759765625,64.28441619873047,65.34398651123047,65.25691223144531,64.54132080078125,63.99690628051758,63.7755241394043,63.49712371826172,62.97944259643555,62.50890350341797,62.28725051879883,62.28071594238281,62.45962905883789,62.87944793701172,63.54710006713867,64.30126953125,64.90801239013672,65.2516098022461,65.33999633789062,65.26586151123047,65.22969055175781,65.32331848144531,65.20035552978516,64.28807830810547,63.185306549072266,63.30780029296875,64.14082336425781,64.20146179199219,63.64153289794922,63.47958755493164,64.06818389892578,64.59550476074219,65.15377807617188,65.54605102539062,65.05860900878906,64.66242980957031,66.94773864746094,69.19491577148438,69.13023376464844
