data/wind_data/wind_51_8.json
{"header": {"parameterUnit": "KT", "parameterCategory": 2, "nx": 256, "ny": 198, "lo1": 44.73521041870117, "la1": -3.236724853515625, "lo2": 111.26478576660156, "la2": 43.468475341796875, "dx": 0.2609002888202667, "dy": -0.23708222806453705, "refTime": "2025-02-21 03:00:00", "forecastTime": 0, "parameterNumber": 2, "parameterNumberName": "eastward_wind"}, "data":
[rows 114 to 132 of 198, columns 176 to 219 of 256]
60.49092102050781,60.114234924316406,60.142242431640625,59.879451751708984,58.92039489746094,58.04630661010742,58.144317626953125,59.01301956176758,59.27412796020508,58.027706146240234,55.45161819458008,52.02254867553711,48.91642761230469,47.51131820678711,48.223045349121094,50.876522064208984,54.293785095214844,56.97464370727539,58.29682922363281,58.55012130737305,58.23649597167969,57.44748306274414,55.625335693359375,53.1212043762207,51.41638946533203,50.266170501708984,47.54477310180664,44.2945556640625,43.39118194580078,43.513572692871094,43.18107604980469,43.021446228027344,44.44821548461914,45.711669921875,45.222843170166016,44.30902862548828,44.19368362426758,44.4299201965332,44.81034469604492,45.65620803833008,46.361724853515625,46.21150207519531,45.386924743652344,44.751014709472656
60.24493408203125,59.503963470458984,58.82047653198242,58.2354736328125,57.45673370361328,56.70213317871094,56.65792465209961,57.64192199707031,59.069580078125,59.754425048828125,58.70067596435547,55.59717559814453,51.46186447143555,48.130088806152344,47.375064849853516,49.70451354980469,52.93138885498047,55.108154296875,57.24784469604492,59.171077728271484,59.17525100708008,57.94009017944336,56.61656188964844,55.05924987792969,53.51758575439453,52.12600326538086,49.44169998168945,45.841339111328125,43.59408187866211,43.19743347167969,43.08305358886719,43.2592887878418,44.342872619628906,45.68415069580078,46.3714714050293,46.10166931152344,44.832149505615234,43.756263732910156,44.78244400024414,46.925411224365234,47.413002014160156,46.621620178222656,46.389068603515625,46.40524673461914
58.86613464355469,57.978790283203125,57.01285934448242,56.45933151245117,56.40895080566406,56.45439147949219,56.49591064453125,56.916744232177734,57.94465255737305,59.18459701538086,59.571815490722656,58.112998962402344,54.79174041748047,51.31441116333008,49.66231918334961,50.415889739990234,52.033504486083984,53.0398063659668,54.469913482666016,57.03609848022461,59.105289459228516,59.55290603637695,58.73888397216797,57.02342987060547,54.808128356933594,53.10233688354492,50.55596923828125,46.661590576171875,43.4757194519043,43.158748626708984,44.30983352661133,44.863582611083984,44.21034622192383,44.45733642578125,46.691619873046875,47.8820686340332,45.091556549072266,42.33161544799805,44.17707061767578,47.62930679321289,48.24298095703125,47.63810729980469,48.127418518066406,48.13334655761719
54.25965881347656,53.68334197998047,53.49903106689453,53.71811294555664,54.18479537963867,54.47758102416992,54.665462493896484,55.035682678222656,55.70558547973633,56.64295959472656,57.666751861572266,57.993446350097656,56.986385345458984,55.28096389770508,53.80320739746094,52.65209197998047,52.072540283203125,51.960201263427734,52.33475112915039,54.29549789428711,57.352333068847656,59.49922180175781,59.86930847167969,58.33034133911133,55.63967514038086,53.46501541137695,50.76957321166992,46.630794525146484,43.609012603759766,43.83007049560547,45.829559326171875,46.82081604003906,45.09726333618164,44.50688934326172,47.188655853271484,49.167667388916016,45.94723892211914,42.60877990722656,44.117916107177734,46.945064544677734,47.72566223144531,48.00745391845703,49.189090728759766,49.8753547668457
45.754852294921875,46.15039825439453,47.12032699584961,48.44389343261719,49.57052230834961,50.56309127807617,51.74625015258789,53.0200080871582,54.01582717895508,55.02782440185547,56.466529846191406,57.684242248535156,58.13908386230469,57.799827575683594,56.42035675048828,54.18050003051758,52.2894287109375,51.903778076171875,52.517974853515625,53.61152267456055,55.508670806884766,57.686546325683594,59.04818344116211,58.32482147216797,56.02544021606445,53.897525787353516,51.263057708740234,47.52644729614258,45.26583480834961,45.677711486816406,47.31654739379883,48.01049041748047,46.30424880981445,45.0455207824707,47.07644271850586,49.639339447021484,47.79835510253906,44.7156867980957,45.060035705566406,46.63622283935547,47.42186737060547,48.049617767333984,49.05466079711914,50.00251770019531
38.13267517089844,40.190162658691406,42.591854095458984,44.8199577331543,47.135501861572266,49.85369873046875,52.196617126464844,53.42481231689453,54.07817840576172,55.24896240234375,57.10301971435547,58.555606842041016,59.1212158203125,58.739498138427734,57.03667449951172,54.39906692504883,52.23548889160156,51.8052978515625,52.823055267333984,53.8889274597168,54.84184646606445,56.239158630371094,57.60248565673828,57.871395111083984,56.76231384277344,55.061187744140625,52.82065963745117,49.9747200012207,48.1475715637207,48.11626434326172,49.112274169921875,49.860191345214844,48.35914611816406,45.89590072631836,46.46169662475586,49.432621002197266,49.98472595214844,46.864288330078125,45.478878021240234,47.06332778930664,48.956871032714844,49.30952835083008,48.48719024658203,48.00956726074219
36.00361251831055,40.5622673034668,44.108158111572266,46.240013122558594,49.01179504394531,52.579933166503906,54.926902770996094,55.646392822265625,55.72185516357422,56.14345169067383,57.26268005371094,58.25529479980469,58.78449630737305,58.79924774169922,57.65274429321289,55.37084197998047,52.93655776977539,51.66582489013672,52.00181198120117,53.23108673095703,54.612789154052734,55.9874382019043,57.272865295410156,57.99654769897461,57.578895568847656,56.42583084106445,54.76213455200195,52.464500427246094,50.8098030090332,50.48365020751953,50.80582809448242,51.072147369384766,49.23463439941406,46.75736618041992,47.426673889160156,51.04002380371094,51.918800354003906,47.688663482666016,45.382511138916016,47.506290435791016,50.078914642333984,49.965911865234375,48.39335632324219,47.72941207885742
38.75777053833008,43.8193244934082,46.33258819580078,47.38330078125,49.87448501586914,53.35977554321289,55.726078033447266,56.967185974121094,57.08575439453125,55.87539291381836,54.82948684692383,55.11298370361328,56.54207992553711,58.24869155883789,58.915916442871094,57.65074920654297,54.92545700073242,52.26688003540039,51.09022903442383,51.72060012817383,53.513343811035156,55.4911003112793,56.94173812866211,57.5465202331543,57.349090576171875,56.85956954956055,55.95771789550781,54.29251480102539,52.693115234375,51.88984298706055,51.368717193603516,50.59307861328125,48.74021530151367,48.21615982055664,50.464439392089844,53.74287414550781,52.72738265991211,47.68781661987305,45.163265228271484,47.14200973510742,49.541107177734375,49.866634368896484,50.00590896606445,50.742835998535156
41.94856262207031,45.16534423828125,46.00798797607422,46.92249298095703,49.339473724365234,51.902435302734375,54.03264236450195,56.524105072021484,56.93247604370117,54.38140869140625,52.556190490722656,52.99791717529297,54.71308517456055,56.907127380371094,58.37094497680664,58.031131744384766,56.220149993896484,53.92696762084961,52.18423843383789,51.76677322387695,52.61599349975586,54.08751678466797,55.502132415771484,56.465599060058594,57.006656646728516,57.26351547241211,56.98796081542969,55.8510627746582,54.06801986694336,52.41371154785156,51.1749382019043,49.92041015625,49.12015151977539,50.32423400878906,53.07163619995117,54.641578674316406,52.2918815612793,47.76929473876953,45.54928207397461,47.41721725463867,49.686607360839844,50.33700180053711,51.65862274169922,53.293914794921875
43.47814178466797,44.53337478637695,45.283695220947266,45.84939956665039,46.747379302978516,48.79193878173828,51.19495391845703,53.59218215942383,55.071319580078125,54.258705139160156,52.52974319458008,51.87338638305664,52.81786346435547,54.66957473754883,56.05427551269531,56.361541748046875,55.9886589050293,55.09189987182617,53.89187240600586,53.06192398071289,52.84632873535156,53.207420349121094,54.266448974609375,55.84439468383789,57.271759033203125,58.03047180175781,57.912776947021484,56.70884323120117,54.73200988769531,53.07414245605469,52.12558364868164,51.31889343261719,50.88736343383789,51.80524444580078,53.500675201416016,53.73422622680664,51.7738151550293,48.53883743286133,46.793155670166016,48.316768646240234,50.10302734375,50.62971496582031,51.6400260925293,53.04499435424805
45.56245803833008,44.02915573120117,42.58967590332031,44.936405181884766,46.11812210083008,44.999351501464844,46.17887496948242,50.739322662353516,53.697750091552734,53.50105285644531,53.14204025268555,52.74452209472656,51.982791900634766,52.1614990234375,53.20188903808594,54.25287628173828,54.89984893798828,54.83387756347656,54.148521423339844,53.50845718383789,53.25446319580078,53.40720748901367,54.279850006103516,55.94552230834961,57.615848541259766,58.521697998046875,58.30291748046875,57.0118522644043,55.521427154541016,54.56840896606445,53.86115646362305,53.19377517700195,52.762001037597656,52.96461868286133,53.69858169555664,53.616580963134766,52.1979866027832,49.601226806640625,47.975921630859375,48.42001724243164,49.12065505981445,49.424339294433594,50.273643493652344,51.22160339355469
45.14051818847656,45.12041473388672,42.10206985473633,42.529052734375,44.222442626953125,43.30722427368164,43.35451126098633,48.14203643798828,52.51226806640625,53.10313415527344,52.217987060546875,52.27790451049805,52.75537109375,52.66686248779297,52.09061050415039,52.00088882446289,52.41648483276367,52.80149841308594,53.328819274902344,54.0511474609375,54.43293380737305,54.42754364013672,54.61338806152344,55.4453239440918,56.65763854980469,57.57746505737305,57.8017463684082,57.4356803894043,56.88648986816406,55.98800277709961,54.783294677734375,54.04532241821289,53.89393997192383,53.9643440246582,54.248130798339844,54.587005615234375,53.55335235595703,50.4870719909668,48.680572509765625,48.684326171875,48.14434051513672,47.438865661621094,47.91162109375,48.81194305419922
45.716548919677734,46.834083557128906,43.48373794555664,40.406925201416016,40.237701416015625,41.03572463989258,42.462242126464844,46.80801773071289,50.74490737915039,51.42265701293945,51.433372497558594,52.874568939208984,54.113197326660156,53.48225021362305,51.766204833984375,50.68742370605469,50.326473236083984,50.54755783081055,52.035011291503906,54.163414001464844,55.23276138305664,54.99171447753906,54.48395919799805,54.41829299926758,54.9285774230957,55.95173263549805,57.19622039794922,58.17605209350586,58.21463394165039,57.161964416503906,55.784645080566406,54.94791793823242,54.52106857299805,54.2015266418457,54.12440490722656,54.634525299072266,54.440467834472656,51.198631286621094,48.577762603759766,48.77192306518555,49.110965728759766,47.82841110229492,46.61668014526367,47.168941497802734
47.48855209350586,47.64369201660156,43.59764099121094,39.01652145385742,37.67416763305664,39.77320861816406,42.91877746582031,46.153446197509766,48.535606384277344,49.236480712890625,50.39664840698242,52.83187484741211,54.07599639892578,52.95554733276367,51.233455657958984,50.49003219604492,50.13298797607422,50.07282638549805,51.26626205444336,53.50678253173828,55.12281036376953,55.32954788208008,54.746768951416016,54.25090789794922,54.42778015136719,55.26637649536133,56.43263626098633,57.52523422241211,58.03923034667969,57.823081970214844,57.115989685058594,56.132171630859375,54.949520111083984,54.037376403808594,53.549259185791016,53.58929443359375,54.07048797607422,51.65010452270508,48.79323959350586,48.74396514892578,50.09959411621094,49.51716613769531,47.81959915161133,48.363712310791016
47.02570724487305,45.53521728515625,41.952850341796875,38.819278717041016,37.82796859741211,39.40300750732422,42.10005187988281,44.47053909301758,46.13083267211914,46.806480407714844,47.91529083251953,50.16825866699219,51.58341979980469,51.02573776245117,49.745155334472656,49.55109405517578,50.281253814697266,51.07229995727539,52.02924728393555,53.42662048339844,54.782997131347656,55.42272186279297,55.25313949584961,54.83559799194336,54.863712310791016,54.88578414916992,54.78882598876953,55.412841796875,56.71883773803711,57.72454833984375,57.57172393798828,56.501224517822266,55.280277252197266,54.37850570678711,53.37187194824219,52.549583435058594,53.185813903808594,51.590858459472656,49.128074645996094,48.67332458496094,49.68645477294922,50.94009780883789,50.57230758666992,48.8411750793457
46.243141174316406,43.45518493652344,40.681949615478516,39.29083251953125,38.414310455322266,38.20186996459961,39.32932662963867,41.50331115722656,43.888526916503906,44.96969985961914,45.22596740722656,46.407257080078125,47.88973617553711,48.12762451171875,47.77801513671875,48.49323654174805,49.8267936706543,51.00767135620117,52.40055847167969,54.1679801940918,55.67937469482422,56.17865753173828,55.832794189453125,55.46177291870117,55.25392532348633,54.6437873840332,53.58917236328125,53.16157913208008,54.24723434448242,55.93975067138672,56.45212173461914,56.032203674316406,55.51829528808594,54.88563537597656,53.823394775390625,52.630455017089844,52.67566680908203,51.38875198364258,49.19306182861328,48.668643951416016,49.050025939941406,51.44884490966797,53.35544967651367,49.31268310546875
46.2491569519043,42.438785552978516,39.316062927246094,38.35694122314453,37.49138259887695,36.51792526245117,36.98966979980469,39.2917594909668,41.94485855102539,43.126678466796875,43.17418670654297,43.94482421875,45.31635284423828,45.86955642700195,46.0640983581543,47.10466003417969,48.766395568847656,50.551063537597656,52.64754104614258,55.06804656982422,57.10634231567383,57.4461555480957,56.7680778503418,56.10004806518555,55.197242736816406,54.17467498779297,53.13594055175781,52.15746307373047,52.48310470581055,54.09743118286133,55.17083740234375,55.4931640625,55.70196533203125,55.5439453125,54.623531341552734,52.9398078918457,51.736289978027344,50.239444732666016,48.400184631347656,48.349571228027344,48.580055236816406,50.95454788208008,53.56793212890625,48.96562194824219
46.77777862548828,42.58596420288086,38.077884674072266,36.81325149536133,36.73834991455078,36.64985275268555,37.46873092651367,39.415855407714844,41.12485122680664,41.73334503173828,42.008182525634766,43.39027404785156,45.087745666503906,45.503395080566406,45.23008728027344,45.71513366699219,47.686546325683594,50.584381103515625,53.49524688720703,56.068321228027344,57.68455123901367,57.539066314697266,56.78976821899414,56.142311096191406,55.16733169555664,54.238616943359375,53.34761428833008,51.88687515258789,51.07808303833008,52.18773651123047,54.125911712646484,55.429996490478516,55.78850555419922,55.30495071411133,54.12928009033203,52.61425018310547,50.932373046875,49.00032043457031,47.320411682128906,47.95953369140625,48.479190826416016,50.30863571166992,52.48533248901367,48.819122314453125
47.10831069946289,42.87740707397461,37.69874572753906,37.1766357421875,38.98664855957031,40.037452697753906,40.70654296875,41.69941711425781,42.23602294921875,41.98208999633789,41.84256362915039,43.1098747253418,45.61178970336914,46.85428237915039,46.070735931396484,45.80116653442383,47.93007278442383,51.640621185302734,54.87554168701172,56.73911666870117,57.23689651489258,56.74591827392578,56.15472412109375,55.81036376953125,55.39472198486328,54.723201751708984,53.393104553222656,51.196842193603516,49.69099807739258,50.433006286621094,52.7172737121582,54.426578521728516,54.65416717529297,53.869590759277344,52.66378402709961,51.608680725097656,50.49208068847656,48.56388473510742,46.612220764160156,47.21049118041992,48.04129409790039,48.93356704711914,51.0015754699707,50.188358306884766
