data/wind_data/wind_31_7.json
{"header": {"parameterUnit": "KT", "parameterCategory": 2, "nx": 256, "ny": 198, "lo1": 44.73521041870117, "la1": -3.236724853515625, "lo2": 111.26478576660156, "la2": 43.468475341796875, "dx": 0.2609002888202667, "dy": -0.23708222806453705, "refTime": "2025-02-20 07:00:00", "forecastTime": 0, "parameterNumber": 2, "parameterNumberName": "eastward_wind"}, "data":
[rows 80 to 99 of 198, columns 44 to 87 of 256]
58.36060333251953,58.22534942626953,58.199607849121094,58.24140167236328,58.22732162475586,58.10065841674805,57.95750427246094,57.89310073852539,57.841636657714844,57.690834045410156,57.417781829833984,57.212371826171875,57.249263763427734,57.542930603027344,57.964447021484375,58.33295440673828,58.52866744995117,58.56040573120117,58.50361633300781,58.39097595214844,58.208290100097656,57.93117141723633,57.51846694946289,56.91891098022461,56.113990783691406,55.13821792602539,54.03546142578125,52.84653854370117,51.69203186035156,50.64225769042969,49.64567565917969,48.64316940307617,47.677093505859375,46.84981918334961,46.220951080322266,45.75789260864258,45.40007400512695,45.127662658691406,44.9702262878418,44.92167282104492,44.88397979736328,44.75725173950195,44.55241394042969,44.36631774902344
60.169273376464844,60.030277252197266,60.034271240234375,60.12727355957031,60.18855285644531,60.16941452026367,60.1662483215332,60.24132537841797,60.26036071777344,60.15449523925781,59.972354888916016,59.9007453918457,60.00602722167969,60.209842681884766,60.44655990600586,60.78211212158203,61.23067855834961,61.66939926147461,61.905513763427734,61.81306838989258,61.424903869628906,60.875877380371094,60.264739990234375,59.59805679321289,58.855709075927734,58.035011291503906,57.13469314575195,56.120697021484375,55.04619216918945,53.99675369262695,52.97582244873047,51.87447738647461,50.66208267211914,49.46916198730469,48.45915985107422,47.70375061035156,47.195159912109375,46.92180633544922,46.8768424987793,46.97426223754883,47.04524230957031,46.95643997192383,46.73155212402344,46.50698471069336
62.38235855102539,62.13205337524414,61.9931526184082,61.9152717590332,61.814674377441406,61.72853469848633,61.771026611328125,61.958030700683594,62.12627410888672,62.22504425048828,62.295814514160156,62.47708511352539,62.78038787841797,63.098350524902344,63.35298538208008,63.53251647949219,63.636009216308594,63.62533187866211,63.45839309692383,63.151649475097656,62.78158187866211,62.4190559387207,62.07356262207031,61.6888313293457,61.21407699584961,60.62360382080078,59.92335510253906,59.13145065307617,58.236846923828125,57.281742095947266,56.295928955078125,55.2317008972168,54.022281646728516,52.70956039428711,51.45145797729492,50.407142639160156,49.65786361694336,49.227752685546875,49.09458923339844,49.14299774169922,49.19009780883789,49.11124038696289,48.938419342041016,48.78742218017578
64.82353210449219,64.57149505615234,64.41939544677734,64.24583435058594,63.913230895996094,63.541316986083984,63.358036041259766,63.43928527832031,63.66892623901367,64.01191711425781,64.4113998413086,64.86332702636719,65.3061294555664,65.68736267089844,65.95685577392578,66.10879516601562,66.07951354980469,65.75856018066406,65.18217468261719,64.53431701660156,64.0210189819336,63.7427864074707,63.635128021240234,63.54298400878906,63.335487365722656,62.9632453918457,62.43361282348633,61.76599884033203,60.992671966552734,60.16123962402344,59.30091857910156,58.37614440917969,57.3171501159668,56.12710189819336,54.91840744018555,53.846073150634766,53.01835250854492,52.4603157043457,52.122528076171875,51.906890869140625,51.704410552978516,51.471126556396484,51.277618408203125,51.21148681640625
67.0501708984375,66.82006072998047,66.82865142822266,66.76045989990234,66.44393157958984,65.94214630126953,65.51390075683594,65.37921142578125,65.58544921875,66.07392120361328,66.65235137939453,67.1909408569336,67.62140655517578,67.91433715820312,68.0865707397461,68.10942077636719,67.88835144042969,67.37650299072266,66.7192611694336,66.11640930175781,65.69456481933594,65.49790954589844,65.46183013916016,65.47559356689453,65.42151641845703,65.21449279785156,64.8105239868164,64.20619201660156,63.45463562011719,62.65947723388672,61.90659713745117,61.19794464111328,60.45659255981445,59.600677490234375,58.63365936279297,57.657047271728516,56.797122955322266,56.12031936645508,55.6064338684082,55.184349060058594,54.77571487426758,54.33134460449219,53.95082473754883,53.75840759277344
69.69947052001953,69.37460327148438,69.37619018554688,69.3335952758789,68.96613311767578,68.3529281616211,67.80783081054688,67.64500427246094,67.93653106689453,68.50917053222656,69.16780853271484,69.741455078125,70.13206481933594,70.33250427246094,70.3257827758789,70.02638244628906,69.40406036376953,68.6009292602539,67.85102844238281,67.33255004882812,67.08338165283203,67.04517364501953,67.10321044921875,67.18497467041016,67.22496032714844,67.15894317626953,66.93844604492188,66.52820587158203,65.92611694335938,65.18223571777344,64.40216064453125,63.712379455566406,63.18079376220703,62.74214172363281,62.247467041015625,61.58850860595703,60.76438522338867,59.87681579589844,59.080814361572266,58.49504852294922,58.096107482910156,57.74964904785156,57.3443603515625,56.902103424072266
73.19401550292969,72.84013366699219,72.74627685546875,72.5662612915039,72.00115966796875,71.13042449951172,70.30841827392578,69.95936584472656,70.18414306640625,70.80982208251953,71.5959701538086,72.32786560058594,72.83113861083984,72.9977798461914,72.77542114257812,72.16808319091797,71.26600646972656,70.26119995117188,69.39237213134766,68.82120513916016,68.58525085449219,68.58170318603516,68.70073699951172,68.87162780761719,69.03024291992188,69.10931396484375,69.0472183227539,68.79328155517578,68.32646942138672,67.6717529296875,66.90937805175781,66.18619537353516,65.68123626708984,65.45943450927734,65.37112426757812,65.12263488769531,64.48381805419922,63.52745056152344,62.56864929199219,61.8862190246582,61.51186752319336,61.273555755615234,60.97262191772461,60.51102066040039
75.87295532226562,75.74420928955078,75.81854248046875,75.77064514160156,75.31632232666016,74.4888916015625,73.6296615600586,73.14949035644531,73.18592834472656,73.65802764892578,74.3885269165039,75.12643432617188,75.60905456542969,75.63634490966797,75.2262191772461,74.52404022216797,73.65653991699219,72.74481201171875,71.9013671875,71.2502670288086,70.85713958740234,70.71983337402344,70.79539489746094,71.01832580566406,71.29463958740234,71.50566864013672,71.54376220703125,71.35652160644531,70.9510726928711,70.36893463134766,69.68634033203125,69.02861022949219,68.56282043457031,68.38230895996094,68.38166809082031,68.23979949951172,67.72390747070312,66.90965270996094,66.10003662109375,65.53530883789062,65.23085021972656,65.03337860107422,64.74688720703125,64.2802734375
77.47947692871094,77.44284057617188,77.55516052246094,77.60163116455078,77.36036682128906,76.89339447021484,76.5271224975586,76.5142822265625,76.7853012084961,77.306884765625,77.99694061279297,78.59187316894531,78.784423828125,78.50169372558594,77.90437316894531,77.18742370605469,76.40562438964844,75.63386535644531,74.92166900634766,74.31056213378906,73.8490219116211,73.58382415771484,73.5262222290039,73.64212799072266,73.83960723876953,73.99537658691406,74.00975036621094,73.85065460205078,73.5544662475586,73.17754364013672,72.76351165771484,72.34535217285156,71.97924041748047,71.7117919921875,71.50035858154297,71.20536804199219,70.74776458740234,70.2298812866211,69.80581665039062,69.50959014892578,69.26714324951172,68.99555969238281,68.64659881591797,68.19424438476562
79.11725616455078,79.02143859863281,78.94877624511719,78.78589630126953,78.43354797363281,78.10603332519531,78.1000747680664,78.42343139648438,79.05931854248047,80.00994873046875,81.02606201171875,81.7010269165039,81.78943634033203,81.3858413696289,80.7713851928711,80.1321029663086,79.5314712524414,78.94384002685547,78.35845184326172,77.81135559082031,77.3625259399414,77.06767272949219,76.94007873535156,76.93230438232422,76.96245574951172,76.94869995117188,76.84478759765625,76.6546859741211,76.42632293701172,76.2128677368164,76.0345687866211,75.86455535888672,75.64644622802734,75.34385681152344,74.93647003173828,74.48826599121094,74.0969009399414,73.86283874511719,73.76119232177734,73.64854431152344,73.4290542602539,73.11299133300781,72.7411117553711,72.31417083740234
80.71566772460938,80.58662414550781,80.41093444824219,80.10900115966797,79.78102111816406,79.65267181396484,79.75437927246094,80.09918212890625,80.86616516113281,81.97272491455078,83.0009994506836,83.61388397216797,83.76050567626953,83.58934783935547,83.31048583984375,83.02857971191406,82.74238586425781,82.37700653076172,81.89775085449219,81.35301208496094,80.82859802246094,80.429443359375,80.23196411132812,80.21708679199219,80.2821273803711,80.32666778564453,80.2833480834961,80.130126953125,79.90577697753906,79.67595672607422,79.47295379638672,79.27359008789062,79.029296875,78.71782684326172,78.37853240966797,78.09606170654297,77.9404525756836,77.89012145996094,77.79322814941406,77.56307220458984,77.25454711914062,76.96492004394531,76.71776580810547,76.44931030273438
81.4251708984375,81.37165069580078,81.21995544433594,81.04521942138672,81.07798767089844,81.30268859863281,81.6313247680664,82.2727279663086,83.28388214111328,84.3409194946289,85.12714385986328,85.56514739990234,85.76324462890625,85.8409194946289,85.78717041015625,85.59773254394531,85.27120971679688,84.83422088623047,84.34236907958984,83.84892272949219,83.38518524169922,83.02025604248047,82.84439849853516,82.88137817382812,83.0732192993164,83.33837127685547,83.56912231445312,83.66388702392578,83.58790588378906,83.40399932861328,83.15221405029297,82.80799865722656,82.37448120117188,81.9143295288086,81.57843017578125,81.43536376953125,81.43061828613281,81.3755111694336,81.16259002685547,80.8295669555664,80.51219177246094,80.30573272705078,80.2166748046875,80.15779113769531
81.37999725341797,81.39838409423828,81.32579803466797,81.44800567626953,81.87130737304688,82.33258819580078,82.85848236083984,83.75794982910156,84.93373107910156,85.9980239868164,86.7830581665039,87.38412475585938,87.91336059570312,88.24781799316406,88.27578735351562,87.9847640991211,87.46611022949219,86.85882568359375,86.29195404052734,85.79283905029297,85.34239196777344,84.97657775878906,84.780517578125,84.81057739257812,85.07357025146484,85.50659942626953,85.95488739013672,86.26081848144531,86.37953186035156,86.3489761352539,86.18968200683594,85.88214874267578,85.46623229980469,85.08545684814453,84.86479949951172,84.78547668457031,84.71724700927734,84.55082702636719,84.26752471923828,83.93498992919922,83.64350891113281,83.46014404296875,83.4183120727539,83.47560119628906
81.20838928222656,81.28974914550781,81.45263671875,82.02696228027344,82.79816436767578,83.45088958740234,84.157958984375,85.1499252319336,86.28190612792969,87.26056671142578,88.05012512207031,88.85359191894531,89.64744567871094,90.18991088867188,90.30905151367188,90.04039001464844,89.53252410888672,88.95492553710938,88.41230010986328,87.91704559326172,87.45399475097656,87.02920532226562,86.68436431884766,86.53600311279297,86.70894622802734,87.18934631347656,87.78620910644531,88.26842498779297,88.50811767578125,88.49616241455078,88.3041763305664,88.04129028320312,87.83837127685547,87.76799774169922,87.77259826660156,87.71394348144531,87.55448913574219,87.34431457519531,87.1426010131836,86.95783996582031,86.75596618652344,86.54534149169922,86.42640686035156,86.48664855957031
80.94065856933594,81.16007995605469,81.65162658691406,82.57317352294922,83.65851593017578,84.71829223632812,85.76655578613281,86.80241394042969,87.78914642333984,88.6939468383789,89.5998306274414,90.54357147216797,91.38731384277344,91.8836441040039,91.95626068115234,91.72465515136719,91.34193420410156,90.90563201904297,90.46429443359375,90.03889465332031,89.63146209716797,89.19078826904297,88.71849822998047,88.41421508789062,88.50598907470703,88.98989868164062,89.628173828125,90.14485931396484,90.3794174194336,90.3288345336914,90.12968444824219,89.98976135253906,90.01962280273438,90.11792755126953,90.07054901123047,89.82904052734375,89.54658508300781,89.39827728271484,89.41320037841797,89.47265625,89.45148468017578,89.32196807861328,89.20047760009766,89.24726104736328
80.97713470458984,81.17011260986328,81.68468475341797,82.65754699707031,83.96611022949219,85.3994369506836,86.73838806152344,87.96668243408203,89.03624725341797,90.0794677734375,91.23756408691406,92.48204040527344,93.4338607788086,93.82035827636719,93.74261474609375,93.46190643310547,93.11534118652344,92.72551727294922,92.31180572509766,91.91571044921875,91.51318359375,91.00859069824219,90.46235656738281,90.1600570678711,90.33736419677734,90.90731048583984,91.56954193115234,92.05894470214844,92.28422546386719,92.30178833007812,92.24071502685547,92.20242309570312,92.15486145019531,91.99128723144531,91.66912841796875,91.28033447265625,90.99372100830078,90.95701599121094,91.14128875732422,91.43260955810547,91.7188949584961,91.91513061523438,92.00473022460938,92.06522369384766
81.61387634277344,81.64027404785156,82.0301742553711,82.93041229248047,84.22486114501953,85.59573364257812,86.84723663330078,88.09561157226562,89.43907928466797,90.91465759277344,92.46244049072266,93.92192077636719,94.90961456298828,95.2407455444336,95.22329711914062,95.16452026367188,95.03095245361328,94.7039794921875,94.2336654663086,93.74147033691406,93.22068786621094,92.57341003417969,91.98094177246094,91.81034088134766,92.17564392089844,92.8001937866211,93.39995574951172,93.87789916992188,94.2518539428711,94.52413177490234,94.63616943359375,94.4978256225586,94.09793853759766,93.56770324707031,93.06853485107422,92.719482421875,92.6050796508789,92.75293731689453,93.11815643310547,93.61859130859375,94.16307067871094,94.64049530029297,94.9301986694336,95.00267028808594
82.11426544189453,82.1417465209961,82.60763549804688,83.49695587158203,84.62659454345703,85.75908660888672,86.84978485107422,88.09877014160156,89.64471435546875,91.3833236694336,93.08349609375,94.49147033691406,95.32875061035156,95.68904113769531,95.9740219116211,96.368408203125,96.61151123046875,96.4560317993164,96.01193237304688,95.52814483642578,95.02005767822266,94.42919158935547,94.0262451171875,94.12783813476562,94.60778045654297,95.10789489746094,95.50701141357422,95.90009307861328,96.31758117675781,96.60383605957031,96.58026123046875,96.23403930664062,95.7257080078125,95.25017547607422,94.94377899169922,94.8712158203125,95.03131103515625,95.36144256591797,95.76073455810547,96.16860961914062,96.59234619140625,97.00616455078125,97.31452178955078,97.41865539550781
82.29022979736328,82.4526138305664,83.02154541015625,83.80783081054688,84.67449951171875,85.64655303955078,86.8622055053711,88.4395523071289,90.2607192993164,92.02043914794922,93.4718246459961,94.44281005859375,94.91300964355469,95.36210632324219,96.11849975585938,96.88416290283203,97.24397277832031,97.1341323852539,96.85755157470703,96.61112213134766,96.39238739013672,96.21461486816406,96.31161499023438,96.71571350097656,97.13285827636719,97.36681365966797,97.5176773071289,97.73162841796875,97.98428344726562,98.0604248046875,97.85894775390625,97.49844360351562,97.17809295654297,97.05426788330078,97.16171264648438,97.45298767089844,97.84615325927734,98.23190307617188,98.48478698730469,98.56189727783203,98.58155822753906,98.6979751586914,98.92646789550781,99.14540100097656
82.68473815917969,82.93981170654297,83.3985595703125,83.88301086425781,84.46443939208984,85.44512176513672,87.00285339355469,88.95860290527344,90.88053131103516,92.45793914794922,93.65553283691406,94.23159790039062,94.37235260009766,94.96358489990234,95.94367980957031,96.48938751220703,96.53488159179688,96.51673889160156,96.67815399169922,97.00123596191406,97.33576965332031,97.70352935791016,98.18930053710938,98.64977264404297,98.90950775146484,98.99481964111328,99.03436279296875,99.1094970703125,99.21543884277344,99.24797058105469,99.138671875,98.97062683105469,98.91548156738281,99.07669830322266,99.43170928955078,99.84201049804688,100.20565032958984,100.4687271118164,100.57779693603516,100.50575256347656,100.32994842529297,100.20790100097656,100.2645492553711,100.47756958007812
