data/wind_data/wind_25_6.json
{"header": {"parameterUnit": "KT", "parameterCategory": 2, "nx": 256, "ny": 198, "lo1": 44.73521041870117, "la1": -3.236724853515625, "lo2": 111.26478576660156, "la2": 43.468475341796875, "dx": 0.2609002888202667, "dy": -0.23708222806453705, "refTime": "2025-02-20 01:00:00", "forecastTime": 0, "parameterNumber": 2, "parameterNumberName": "eastward_wind"}, "data":
[rows 160 to 179 of 198, columns 90 to 134 of 256]
15.172708511352539,9.52425765991211,4.685720920562744,3.9252026081085205,2.2698190212249756,0.5268182754516602,-1.0950579643249512,-4.559175491333008,-6.015780448913574,-7.249007225036621,-10.898114204406738,-16.162158966064453,-20.28943634033203,-21.88786506652832,-20.565067291259766,-18.775157928466797,-16.29161834716797,-14.88176155090332,-14.64243221282959,-13.841068267822266,-12.58409595489502,-11.380199432373047,-11.358169555664062,-8.991180419921875,-3.685121774673462,1.6933642625808716,6.610198020935059,14.963589668273926,21.907779693603516,26.49287223815918,29.2104434967041,29.937175750732422,29.983875274658203,30.73933219909668,31.92662239074707,32.90385818481445,34.79753494262695,37.180458068847656,38.651939392089844,38.70749282836914,38.16776657104492,40.1019172668457,43.107643127441406,44.380470275878906,41.415855407714844
12.872476577758789,6.890298366546631,3.5490663051605225,2.1126253604888916,0.09672427922487259,-1.585763931274414,-2.664287805557251,-6.414314270019531,-7.4745073318481445,-8.978593826293945,-11.880316734313965,-16.432584762573242,-20.024520874023438,-21.185077667236328,-19.101276397705078,-16.48366928100586,-14.558530807495117,-13.589777946472168,-14.577219009399414,-13.840657234191895,-12.403903007507324,-10.816082954406738,-8.179693222045898,-4.598364353179932,0.005925146397203207,4.609309196472168,11.151823043823242,19.300695419311523,25.259065628051758,30.491973876953125,33.46011734008789,33.1337776184082,30.998897552490234,29.39786720275879,28.65630531311035,28.803607940673828,30.945680618286133,33.03316116333008,34.31124496459961,34.900657653808594,34.007755279541016,35.48509979248047,36.12761688232422,35.82212829589844,38.87376022338867
10.763799667358398,5.510669708251953,2.561807155609131,0.6189882159233093,-1.4697721004486084,-3.0906662940979004,-3.719179391860962,-7.537136554718018,-8.702201843261719,-10.018872261047363,-11.92720890045166,-15.668230056762695,-18.670242309570312,-18.667755126953125,-17.018878936767578,-13.705818176269531,-13.44997787475586,-13.333056449890137,-13.88121223449707,-12.549535751342773,-10.148574829101562,-6.547939777374268,-2.0180459022521973,0.8222321271896362,3.2111895084381104,6.442842960357666,11.860448837280273,19.4377498626709,24.919153213500977,28.872352600097656,31.219831466674805,31.65219497680664,31.14152717590332,29.58218002319336,27.191776275634766,25.94342041015625,27.180301666259766,28.848552703857422,29.484041213989258,28.590036392211914,25.68570327758789,29.28406524658203,31.55681610107422,35.006919860839844,38.9845085144043
9.381905555725098,4.728679180145264,1.7668613195419312,-0.2488601952791214,-2.329594135284424,-4.1413798332214355,-4.208732604980469,-7.826879024505615,-9.752969741821289,-10.116811752319336,-11.062626838684082,-13.919034004211426,-16.5743350982666,-15.989606857299805,-14.259169578552246,-11.35197925567627,-12.228240013122559,-13.723541259765625,-12.74488353729248,-10.824847221374512,-7.201217174530029,-1.9151465892791748,1.949811577796936,5.6479058265686035,8.205349922180176,9.808561325073242,12.451480865478516,17.753202438354492,22.11507225036621,24.312772750854492,25.83571434020996,28.62479019165039,30.1608829498291,29.27196502685547,27.863880157470703,25.97034454345703,21.98895263671875,18.830890655517578,20.209348678588867,20.086557388305664,25.190839767456055,30.924623489379883,32.868812561035156,34.61775588989258,37.33476257324219
8.964727401733398,5.138032913208008,1.7234447002410889,-0.4640507400035858,-2.6788952350616455,-4.260116100311279,-4.5063629150390625,-6.851860046386719,-9.984196662902832,-9.87683391571045,-9.797151565551758,-11.525508880615234,-13.756573677062988,-13.295797348022461,-11.309457778930664,-10.269404411315918,-10.89927864074707,-13.144113540649414,-11.259617805480957,-9.264215469360352,-4.356258392333984,1.487947702407837,4.948788642883301,9.792943954467773,14.129916191101074,14.559374809265137,14.809198379516602,17.217988967895508,19.889570236206055,20.51294708251953,23.860179901123047,25.89771270751953,25.03512954711914,24.22954559326172,23.466350555419922,22.077272415161133,20.557598114013672,18.797794342041016,19.324947357177734,19.3984317779541,23.9030818939209,28.790502548217773,31.613231658935547,33.075965881347656,34.384010314941406
9.460267066955566,6.4745588302612305,1.8738003969192505,-0.4172416031360626,-2.4751999378204346,-3.681661367416382,-4.319675922393799,-5.778717517852783,-8.657988548278809,-9.482097625732422,-8.601834297180176,-9.002989768981934,-10.343506813049316,-10.218950271606445,-8.346237182617188,-10.110493659973145,-10.43001937866211,-11.228522300720215,-8.91253662109375,-6.761600494384766,-1.3913155794143677,4.006227016448975,8.193366050720215,13.126296997070312,18.0607967376709,17.79631233215332,16.440507888793945,17.336599349975586,17.316661834716797,20.94970703125,23.542436599731445,23.20950698852539,24.316190719604492,25.25128936767578,25.808320999145508,26.38095474243164,25.989398956298828,24.73733139038086,23.520225524902344,22.29340362548828,23.509090423583984,26.43206024169922,29.310625076293945,30.454586029052734,30.88249969482422
10.418255805969238,7.638032913208008,1.7430351972579956,-0.29748180508613586,-1.8334940671920776,-2.8213696479797363,-3.3301072120666504,-4.925684452056885,-6.225077152252197,-7.7020158767700195,-7.249708652496338,-6.798111438751221,-6.9514007568359375,-7.021140098571777,-5.8019208908081055,-8.242915153503418,-10.040905952453613,-9.070603370666504,-7.295127868652344,-4.0654425621032715,2.1306498050689697,7.327561855316162,10.95804500579834,15.09338092803955,19.773414611816406,19.706892013549805,18.29216194152832,19.595285415649414,20.479061126708984,22.878864288330078,22.742172241210938,23.768861770629883,26.1701602935791,27.877769470214844,29.34553337097168,30.263416290283203,29.499204635620117,27.652952194213867,25.531808853149414,23.74529457092285,23.015684127807617,24.677541732788086,27.229494094848633,28.501054763793945,28.947547912597656
11.351189613342285,8.778820037841797,2.043938159942627,-0.7713354229927063,-1.1097201108932495,-1.720427393913269,-1.8033416271209717,-3.1541247367858887,-4.156105041503906,-5.0079426765441895,-5.088149547576904,-4.781850814819336,-4.270685195922852,-4.328945159912109,-3.781336784362793,-4.887280464172363,-7.377624988555908,-6.615484237670898,-5.168410778045654,-2.1798739433288574,4.235806465148926,10.120373725891113,13.727556228637695,18.03180503845215,21.768016815185547,22.2122802734375,21.567407608032227,23.211288452148438,22.194122314453125,22.006162643432617,21.125999450683594,23.813533782958984,26.583219528198242,28.202634811401367,29.898834228515625,31.391136169433594,31.387479782104492,29.82978057861328,27.530643463134766,25.355276107788086,23.190948486328125,23.77897071838379,26.419193267822266,28.38433074951172,29.36724090576172
12.25235366821289,10.21541690826416,3.1483590602874756,-0.982776939868927,-0.9458689093589783,-0.7051069140434265,-0.3223733603954315,-0.7392567992210388,-2.3408384323120117,-2.557025671005249,-2.4836344718933105,-2.448847770690918,-2.1394877433776855,-2.2314648628234863,-1.601588249206543,-1.1682347059249878,-3.1224403381347656,-3.536160707473755,-1.918979287147522,1.3802707195281982,5.062582015991211,10.759176254272461,16.669757843017578,22.236722946166992,25.172378540039062,25.78087043762207,25.474355697631836,23.628252029418945,20.976282119750977,20.5886287689209,20.758987426757812,22.407276153564453,24.71291732788086,26.690778732299805,29.160938262939453,31.595083236694336,33.12810516357422,32.97920608520508,31.227264404296875,28.72780418395996,25.51214599609375,24.623069763183594,26.73687744140625,29.32785987854004,31.25701141357422
13.11756706237793,11.772000312805176,6.352939128875732,0.2751246988773346,-0.9663273692131042,-0.06491067260503769,0.7921149730682373,1.2858234643936157,0.03063519485294819,-0.22734291851520538,0.626933217048645,0.40606415271759033,0.022554703056812286,0.21898020803928375,1.3859728574752808,1.945901870727539,0.38024699687957764,-0.6284129023551941,0.8449955582618713,4.682006359100342,6.743352890014648,11.188671112060547,19.058168411254883,25.3573055267334,27.950559616088867,27.95437240600586,25.69463348388672,22.197040557861328,20.741718292236328,21.747974395751953,22.508270263671875,22.97980308532715,23.710498809814453,24.850732803344727,27.486236572265625,31.01137351989746,33.78510284423828,35.34260559082031,35.34590148925781,33.742801666259766,30.554283142089844,28.16189193725586,28.41614532470703,30.615766525268555,33.10533142089844
13.95831298828125,12.85645866394043,9.763867378234863,3.4222381114959717,0.3100517690181732,0.46228641271591187,1.679557204246521,2.760059118270874,2.327477216720581,2.075711965560913,3.5276713371276855,3.8686211109161377,2.746906042098999,2.8756794929504395,4.654893398284912,4.904275417327881,3.3231921195983887,1.9886959791183472,3.0875911712646484,5.5164031982421875,6.8320488929748535,11.528162956237793,20.343822479248047,26.73125648498535,28.441959381103516,26.527986526489258,23.900863647460938,22.344152450561523,22.337665557861328,23.190725326538086,22.764455795288086,22.849048614501953,24.367847442626953,25.83820343017578,27.373504638671875,29.901161193847656,32.5724983215332,34.86029052734375,36.40391540527344,36.58769226074219,35.23833084106445,33.02470016479492,31.70801544189453,32.54561233520508,34.59913635253906
14.661858558654785,13.809317588806152,12.17916488647461,7.294941425323486,2.9345855712890625,1.9086716175079346,2.775127410888672,3.9734559059143066,3.9232349395751953,4.033406734466553,5.724276065826416,7.039853572845459,5.967828750610352,5.472358703613281,6.8571672439575195,7.867960453033447,7.201436996459961,5.562963962554932,5.535159111022949,5.7076263427734375,6.143428325653076,10.908714294433594,19.357561111450195,26.08021354675293,26.2536563873291,23.11267852783203,23.58841323852539,24.918672561645508,25.181005477905273,24.472074508666992,22.836223602294922,22.673185348510742,24.57879638671875,26.71927261352539,27.98244857788086,29.39681053161621,31.293148040771484,33.2442626953125,35.09554672241211,36.54122543334961,37.214778900146484,36.61429977416992,35.35935974121094,35.03569030761719,35.93667984008789
15.386382102966309,14.985279083251953,13.718929290771484,10.661988258361816,6.048027515411377,4.506987571716309,4.375434875488281,5.220236778259277,5.155898094177246,5.5990309715271,7.442602634429932,9.724319458007812,9.219541549682617,8.483532905578613,8.187932014465332,9.509961128234863,10.939051628112793,10.659664154052734,9.920404434204102,8.979170799255371,7.359355926513672,10.092475891113281,17.628767013549805,24.450082778930664,22.751052856445312,19.41681671142578,23.81250762939453,28.0897274017334,29.457406997680664,26.602313995361328,24.275005340576172,24.231895446777344,25.681007385253906,27.214536666870117,27.98381996154785,29.186748504638672,31.066747665405273,32.496307373046875,33.923377990722656,35.728538513183594,37.26662063598633,37.87046432495117,37.47941970825195,36.907718658447266,37.03750228881836
15.664138793945312,16.04092025756836,15.18404483795166,13.300379753112793,9.056228637695312,7.356715679168701,6.553927898406982,6.4973626136779785,6.168757915496826,7.01924467086792,8.912014961242676,11.585569381713867,12.501895904541016,11.911433219909668,10.658469200134277,10.95276927947998,12.554259300231934,14.132403373718262,14.429832458496094,13.595072746276855,10.936407089233398,11.357840538024902,17.133394241333008,22.320844650268555,19.261293411254883,17.675249099731445,23.610021591186523,29.799333572387695,32.98062515258789,30.193368911743164,27.40483283996582,27.13863182067871,27.751571655273438,28.558958053588867,28.540855407714844,29.60233497619629,31.691553115844727,32.58868408203125,33.205509185791016,34.43860626220703,35.78239822387695,36.895851135253906,37.4105224609375,37.426124572753906,37.74073028564453
15.259583473205566,15.884879112243652,15.972524642944336,15.37236213684082,11.963862419128418,9.938422203063965,9.120789527893066,8.067344665527344,7.106064796447754,8.205353736877441,10.287030220031738,12.464019775390625,14.667756080627441,15.081380844116211,14.07576847076416,13.402637481689453,14.360023498535156,16.4409122467041,18.14957046508789,18.029094696044922,15.012487411499023,13.875405311584473,16.814266204833984,19.61049461364746,19.03043556213379,18.479021072387695,20.909921646118164,26.633005142211914,32.505401611328125,33.4053840637207,31.14613914489746,29.944141387939453,30.424989700317383,31.16629409790039,30.77444839477539,31.694438934326172,33.18955612182617,33.17859649658203,32.61345672607422,32.84708023071289,33.7527961730957,34.89823532104492,35.88621139526367,36.77286148071289,37.89011001586914
14.943449020385742,15.28138256072998,15.962528228759766,16.699020385742188,14.860395431518555,12.440589904785156,11.776034355163574,9.95325756072998,8.244763374328613,9.02125072479248,11.26701831817627,13.730829238891602,15.771700859069824,17.323162078857422,16.899274826049805,16.187620162963867,16.448017120361328,18.307661056518555,20.176998138427734,20.674453735351562,18.694629669189453,16.5119571685791,15.90300178527832,17.817651748657227,19.809206008911133,16.61976432800293,21.387676239013672,30.074392318725586,34.90793228149414,36.435115814208984,34.4940299987793,32.82329559326172,33.78852844238281,35.1493034362793,35.17780685424805,35.0551872253418,34.97357177734375,34.13517761230469,32.716976165771484,31.938199996948242,32.20602798461914,33.115821838378906,34.41407012939453,36.16386795043945,38.18680191040039
15.416607856750488,15.116012573242188,15.666092872619629,16.955289840698242,17.11211395263672,15.030060768127441,14.00387954711914,12.460290908813477,10.065903663635254,10.269851684570312,12.272320747375488,15.308119773864746,17.06318473815918,18.865985870361328,19.594829559326172,18.940797805786133,18.759336471557617,19.55413246154785,19.692630767822266,20.19144058227539,19.57430648803711,17.935314178466797,16.073213577270508,16.581815719604492,18.088510513305664,17.578372955322266,25.71714210510254,34.6771354675293,38.56642532348633,39.56959533691406,38.62358474731445,37.48118209838867,38.031455993652344,39.35288619995117,39.686832427978516,38.567237854003906,36.68378448486328,34.78725814819336,33.13450241088867,32.03824996948242,31.83675765991211,32.53914260864258,34.10417938232422,36.23263931274414,38.07939529418945
16.188549041748047,15.431427001953125,15.335558891296387,16.525772094726562,18.3748836517334,17.66959571838379,16.05480194091797,15.044124603271484,12.99045181274414,12.286927223205566,13.451523780822754,16.699413299560547,19.318574905395508,20.968950271606445,22.00358772277832,21.492361068725586,21.009504318237305,21.31382179260254,21.517711639404297,20.557348251342773,19.653926849365234,19.357845306396484,18.549257278442383,18.103281021118164,18.07835578918457,20.189950942993164,28.351680755615234,36.37406921386719,40.68684387207031,41.79161071777344,41.22468185424805,40.50292205810547,40.304649353027344,41.129573822021484,41.853126525878906,40.93852615356445,38.19707489013672,35.31280517578125,33.531803131103516,32.65919876098633,32.57369613647461,33.23646926879883,34.60113525390625,36.15945816040039,37.30043029785156
16.663352966308594,15.718241691589355,15.74185562133789,16.466339111328125,18.673324584960938,19.899185180664062,18.48440933227539,17.242290496826172,16.278770446777344,15.15442180633545,15.474749565124512,17.913915634155273,21.260835647583008,23.568607330322266,25.07143211364746,24.22318458557129,22.827232360839844,22.066749572753906,23.320186614990234,23.327342987060547,22.438854217529297,21.757099151611328,22.06502342224121,22.20831871032715,21.391265869140625,23.49437141418457,29.502376556396484,36.094058990478516,40.64301681518555,42.162384033203125,41.797264099121094,41.08562469482422,40.61643600463867,41.28335189819336,42.171871185302734,41.657344818115234,39.12810516357422,35.98193359375,33.98917007446289,33.28112030029297,33.35866165161133,33.90241622924805,34.85166549682617,36.15085983276367,37.89834213256836
16.617900848388672,15.77033519744873,16.32012367248535,16.945436477661133,18.3077392578125,20.81294059753418,21.114927291870117,19.541627883911133,18.887048721313477,18.33047866821289,18.359302520751953,19.77084732055664,22.305078506469727,25.018285751342773,27.63714599609375,27.638765335083008,25.20500946044922,22.874292373657227,23.817398071289062,25.558300018310547,25.720684051513672,24.34060287475586,24.26527214050293,25.26678466796875,25.642757415771484,27.134586334228516,30.904022216796875,35.81764602661133,39.82096481323242,41.48295211791992,41.51934051513672,41.306793212890625,41.46720886230469,41.73051071166992,41.56834411621094,40.764286041259766,39.03465270996094,36.41618347167969,34.19973373413086,33.171722412109375,33.17903137207031,33.9202766418457,35.35066604614258,37.517425537109375,40.029903411865234
