data/wind_data/wind_0_5.json
{"header": {"parameterUnit": "KT", "parameterCategory": 2, "nx": 256, "ny": 198, "lo1": 44.73521041870117, "la1": -3.236724853515625, "lo2": 111.26478576660156, "la2": 43.468475341796875, "dx": 0.2609002888202667, "dy": -0.23708222806453705, "refTime": "2025-02-19 00:00:00", "forecastTime": 0, "parameterNumber": 2, "parameterNumberName": "eastward_wind"}, "data":
[rows 38 to 56 of 198, columns 0 to 43 of 256]
-29.430089950561523,-30.111984252929688,-30.209325790405273,-30.012165069580078,-29.744884490966797,-30.381940841674805,-31.58480453491211,-32.25927734375,-32.29234313964844,-31.661510467529297,-31.24989128112793,-30.60783576965332,-29.908090591430664,-29.430871963500977,-28.762014389038086,-28.549762725830078,-28.529254913330078,-28.373769760131836,-28.312698364257812,-27.92814064025879,-27.603708267211914,-27.651580810546875,-27.908079147338867,-28.05921745300293,-27.84815788269043,-27.410358428955078,-26.883831024169922,-26.52454376220703,-26.583446502685547,-26.70071792602539,-26.52419090270996,-25.925180435180664,-25.30683135986328,-25.20488929748535,-25.564655303955078,-26.26262092590332,-26.167476654052734,-25.88759994506836,-26.057209014892578,-26.40629005432129,-26.760047912597656,-27.128084182739258,-27.206497192382812,-27.29091453552246
-29.535566329956055,-29.536827087402344,-29.96942710876465,-29.94548797607422,-29.643497467041016,-29.948772430419922,-30.229948043823242,-30.92507553100586,-31.044662475585938,-30.93121337890625,-30.801742553710938,-30.626388549804688,-30.373287200927734,-30.40107536315918,-29.988420486450195,-29.641517639160156,-29.31511688232422,-28.839462280273438,-28.469514846801758,-28.15198516845703,-28.001169204711914,-28.026325225830078,-27.956907272338867,-27.931364059448242,-27.81412696838379,-27.47034454345703,-26.984891891479492,-26.607418060302734,-26.502565383911133,-26.54682159423828,-26.489782333374023,-26.06137466430664,-25.46323013305664,-25.68711280822754,-26.041887283325195,-26.136760711669922,-25.97214698791504,-25.843446731567383,-26.303630828857422,-26.77569007873535,-26.972423553466797,-27.31580352783203,-27.687549591064453,-27.707931518554688
-29.397258758544922,-28.74479103088379,-28.82076072692871,-28.958852767944336,-29.199583053588867,-29.524873733520508,-29.377059936523438,-29.403779983520508,-29.327348709106445,-29.627328872680664,-29.782052993774414,-29.708280563354492,-29.655853271484375,-30.183380126953125,-30.116792678833008,-29.73005485534668,-29.39558219909668,-28.885448455810547,-28.4385929107666,-28.0958194732666,-28.027006149291992,-28.056360244750977,-27.81025505065918,-27.681795120239258,-27.786563873291016,-27.6915225982666,-27.289892196655273,-26.763107299804688,-26.76605987548828,-26.89965057373047,-26.43880271911621,-25.748172760009766,-25.48827362060547,-26.278512954711914,-26.573246002197266,-26.339569091796875,-26.343917846679688,-26.23895835876465,-26.788742065429688,-27.166091918945312,-27.290618896484375,-27.589872360229492,-28.05982780456543,-28.11949348449707
-28.380094528198242,-28.12172508239746,-27.877918243408203,-28.07232093811035,-28.279996871948242,-28.603879928588867,-28.80475616455078,-28.421001434326172,-28.31365394592285,-28.636180877685547,-28.449296951293945,-28.212169647216797,-28.291494369506836,-28.90880584716797,-29.22623634338379,-28.98172378540039,-28.811731338500977,-28.64940643310547,-28.2249755859375,-27.74701499938965,-27.48407554626465,-27.41765022277832,-27.212430953979492,-27.172006607055664,-27.2441463470459,-27.343387603759766,-27.46241569519043,-26.886507034301758,-26.566736221313477,-26.77069664001465,-26.120777130126953,-25.35982894897461,-25.32489776611328,-26.169879913330078,-26.39192008972168,-26.155742645263672,-25.848896026611328,-25.582611083984375,-26.183141708374023,-26.498735427856445,-26.6474609375,-27.061954498291016,-27.56902503967285,-27.913429260253906
-26.442237854003906,-27.729585647583008,-27.741548538208008,-27.209251403808594,-27.200876235961914,-27.719099044799805,-27.845821380615234,-27.20438575744629,-26.97687339782715,-27.539451599121094,-27.845746994018555,-27.392303466796875,-27.20760154724121,-27.543697357177734,-28.084590911865234,-28.12420082092285,-28.090137481689453,-27.91616439819336,-27.61766242980957,-27.240875244140625,-26.902732849121094,-26.684131622314453,-26.496665954589844,-26.487897872924805,-26.49111557006836,-26.711156845092773,-26.96137809753418,-26.516658782958984,-25.947317123413086,-25.953805923461914,-25.540372848510742,-24.935245513916016,-24.73996925354004,-24.862157821655273,-24.99042510986328,-25.032108306884766,-24.801185607910156,-24.4256649017334,-25.0048885345459,-25.08039665222168,-25.34595489501953,-25.849407196044922,-26.245718002319336,-26.590042114257812
-25.220582962036133,-26.481441497802734,-27.41751480102539,-27.394512176513672,-26.642610549926758,-26.58576202392578,-26.666215896606445,-26.010995864868164,-25.621732711791992,-26.09590721130371,-26.927505493164062,-27.043033599853516,-26.790761947631836,-26.734466552734375,-26.72496223449707,-26.5026798248291,-26.54782485961914,-26.53891944885254,-26.45630645751953,-26.419389724731445,-26.224708557128906,-25.966962814331055,-25.76870346069336,-25.80608558654785,-25.82861328125,-26.032228469848633,-26.482666015625,-26.43868064880371,-25.805477142333984,-25.153034210205078,-24.91202735900879,-24.611438751220703,-24.014436721801758,-23.349971771240234,-23.142284393310547,-23.66419219970703,-23.679044723510742,-23.29759407043457,-23.661916732788086,-23.56778335571289,-24.114965438842773,-24.74090003967285,-24.93305778503418,-24.816421508789062
-24.965959548950195,-25.817514419555664,-26.696304321289062,-27.32693099975586,-26.89952850341797,-25.64999771118164,-25.036027908325195,-25.01454734802246,-24.778715133666992,-24.69318962097168,-25.40532875061035,-25.980506896972656,-26.416244506835938,-26.275489807128906,-25.865373611450195,-25.318632125854492,-25.112621307373047,-24.974040985107422,-24.94390869140625,-25.250028610229492,-25.277395248413086,-25.250885009765625,-25.1099796295166,-25.122295379638672,-25.21111488342285,-25.16965675354004,-25.60858154296875,-25.993703842163086,-25.50309181213379,-24.42225456237793,-23.923845291137695,-23.748069763183594,-23.444345474243164,-22.718475341796875,-22.172874450683594,-22.61988639831543,-22.745725631713867,-22.682172775268555,-22.38745880126953,-22.00891876220703,-22.587011337280273,-23.328699111938477,-23.566253662109375,-23.2522029876709
-24.22132110595703,-24.80756187438965,-25.794219970703125,-26.563039779663086,-26.6175479888916,-25.38941192626953,-24.233726501464844,-24.15376091003418,-24.256723403930664,-24.168865203857422,-24.13301658630371,-24.288923263549805,-24.934743881225586,-25.178457260131836,-24.726099014282227,-24.29865074157715,-24.482236862182617,-24.065223693847656,-23.6440372467041,-23.739255905151367,-23.9164981842041,-23.98973274230957,-24.147682189941406,-24.318029403686523,-24.20597267150879,-23.829132080078125,-23.878751754760742,-24.126068115234375,-24.100561141967773,-23.47743797302246,-23.087656021118164,-22.773799896240234,-22.64950180053711,-22.42707061767578,-21.78378677368164,-21.740983963012695,-21.98105812072754,-22.07870101928711,-21.32581901550293,-21.067373275756836,-21.245712280273438,-21.701847076416016,-21.966747283935547,-21.82621955871582
-23.738595962524414,-23.703067779541016,-24.249845504760742,-25.074464797973633,-25.276025772094727,-24.72722053527832,-23.972156524658203,-23.5770206451416,-23.107986450195312,-23.00011444091797,-23.212257385253906,-22.95665168762207,-23.057992935180664,-23.69188117980957,-23.778520584106445,-23.615785598754883,-24.068681716918945,-23.649200439453125,-22.65216827392578,-22.259695053100586,-22.47893714904785,-22.768321990966797,-22.945356369018555,-22.985004425048828,-22.656389236450195,-22.242958068847656,-22.26036834716797,-22.21275520324707,-22.275598526000977,-22.30719566345215,-22.23724937438965,-21.62409210205078,-21.278301239013672,-21.450542449951172,-20.933115005493164,-20.186782836914062,-20.292278289794922,-20.802152633666992,-20.76856803894043,-20.78984260559082,-20.696210861206055,-20.67063331604004,-20.846345901489258,-20.781665802001953
-22.817668914794922,-22.671974182128906,-22.938323974609375,-23.612646102905273,-24.086477279663086,-23.814167022705078,-23.522659301757812,-22.950828552246094,-21.98872184753418,-21.2609920501709,-21.673547744750977,-22.162622451782227,-22.4821834564209,-22.894399642944336,-23.117324829101562,-22.933712005615234,-23.402578353881836,-22.94634246826172,-21.87765884399414,-21.093109130859375,-21.00234603881836,-21.459016799926758,-21.777490615844727,-21.64383888244629,-21.346696853637695,-20.910663604736328,-20.689483642578125,-20.5949649810791,-20.581214904785156,-20.922868728637695,-21.13605308532715,-20.644643783569336,-20.158004760742188,-20.33699607849121,-19.905197143554688,-18.76795768737793,-18.651565551757812,-19.372299194335938,-19.456636428833008,-19.609983444213867,-19.83938980102539,-19.846023559570312,-19.785438537597656,-19.440017700195312
-21.860984802246094,-21.754770278930664,-21.65770149230957,-22.236478805541992,-22.998363494873047,-22.718841552734375,-22.46078872680664,-22.170663833618164,-21.257766723632812,-20.37664222717285,-20.49756622314453,-20.975873947143555,-21.393054962158203,-22.078405380249023,-23.0080623626709,-22.12417984008789,-21.804536819458008,-21.990367889404297,-21.502899169921875,-20.317277908325195,-19.624486923217773,-19.98978042602539,-20.6162052154541,-20.437767028808594,-20.087617874145508,-19.936546325683594,-19.546955108642578,-19.177026748657227,-18.95706558227539,-19.238487243652344,-19.486713409423828,-19.236183166503906,-18.858612060546875,-18.68022918701172,-18.31709861755371,-17.613903045654297,-17.61862564086914,-18.14884376525879,-18.16398811340332,-18.321609497070312,-18.82817268371582,-18.8880615234375,-18.36284637451172,-17.594249725341797
-20.68016242980957,-20.21856117248535,-19.928096771240234,-20.684904098510742,-21.49233055114746,-21.313446044921875,-21.197267532348633,-21.362077713012695,-20.822391510009766,-20.12866973876953,-19.688119888305664,-19.536088943481445,-20.015857696533203,-20.845163345336914,-22.036027908325195,-21.61871337890625,-20.875831604003906,-21.103086471557617,-20.995502471923828,-19.887683868408203,-18.461856842041016,-18.366392135620117,-19.30824851989746,-19.5906925201416,-19.013126373291016,-18.905799865722656,-18.673389434814453,-18.197063446044922,-18.018566131591797,-18.086294174194336,-18.080190658569336,-17.863365173339844,-17.429210662841797,-16.836444854736328,-16.36260223388672,-16.18328094482422,-16.14183235168457,-16.39835548400879,-16.64729881286621,-17.11417007446289,-17.40385627746582,-17.20264434814453,-16.864429473876953,-16.364648818969727
-18.991369247436523,-18.297452926635742,-18.16745948791504,-19.03717041015625,-19.47190284729004,-19.182090759277344,-19.520170211791992,-20.27440643310547,-19.662921905517578,-19.005022048950195,-18.834970474243164,-18.71368408203125,-18.799915313720703,-19.06428337097168,-20.076690673828125,-20.794286727905273,-20.629356384277344,-20.720855712890625,-20.063528060913086,-19.19297981262207,-17.746370315551758,-16.921001434326172,-17.74896240234375,-18.73819351196289,-18.314321517944336,-17.737743377685547,-17.55143165588379,-17.400218963623047,-17.500864028930664,-17.46333122253418,-17.2283992767334,-16.998714447021484,-16.341188430786133,-15.64877986907959,-15.051454544067383,-14.689078330993652,-14.5403470993042,-14.884204864501953,-15.312673568725586,-15.76577091217041,-15.776622772216797,-15.484123229980469,-15.527846336364746,-15.48275375366211
-16.596172332763672,-16.25072479248047,-16.628870010375977,-17.337377548217773,-17.51877784729004,-17.445688247680664,-17.743839263916016,-18.685213088989258,-17.891645431518555,-17.16699981689453,-17.460391998291016,-17.540939331054688,-17.431835174560547,-17.539783477783203,-18.329803466796875,-19.368267059326172,-19.53213882446289,-19.570905685424805,-19.205223083496094,-18.449325561523438,-17.034420013427734,-15.678627967834473,-16.17656898498535,-17.359155654907227,-17.33867835998535,-16.63565444946289,-16.307682037353516,-16.303844451904297,-16.55571174621582,-16.795915603637695,-16.64274787902832,-16.286296844482422,-15.620508193969727,-14.662923812866211,-13.802128791809082,-13.382104873657227,-13.157230377197266,-13.60702896118164,-14.181753158569336,-14.35190200805664,-14.21544075012207,-14.221932411193848,-14.402884483337402,-14.325657844543457
-14.373172760009766,-14.168545722961426,-14.721717834472656,-15.648872375488281,-15.926779747009277,-15.982149124145508,-15.98695182800293,-16.44870376586914,-16.54657554626465,-15.973088264465332,-15.584123611450195,-15.8286771774292,-15.712550163269043,-16.179155349731445,-16.891151428222656,-17.797073364257812,-18.068117141723633,-17.611785888671875,-17.49140167236328,-17.69363784790039,-16.61966323852539,-14.812433242797852,-14.59519100189209,-15.632281303405762,-15.91996955871582,-15.299052238464355,-14.922615051269531,-15.134232521057129,-15.228315353393555,-15.569180488586426,-15.82043170928955,-15.698370933532715,-15.102229118347168,-13.757268905639648,-12.696406364440918,-12.308342933654785,-12.113799095153809,-12.520462036132812,-13.007709503173828,-13.122888565063477,-13.016626358032227,-13.119297981262207,-13.218864440917969,-13.111592292785645
-12.635028839111328,-12.470958709716797,-12.674190521240234,-13.596943855285645,-14.338367462158203,-14.516654014587402,-14.358607292175293,-14.332075119018555,-14.67706298828125,-13.855237007141113,-13.658734321594238,-14.275718688964844,-14.537453651428223,-14.729659080505371,-15.665399551391602,-16.32248306274414,-16.554996490478516,-16.07497215270996,-15.723908424377441,-15.93996810913086,-15.607904434204102,-14.155060768127441,-13.147958755493164,-13.783232688903809,-14.291398048400879,-13.71440601348877,-13.1689453125,-13.501547813415527,-13.836050987243652,-14.057506561279297,-14.505473136901855,-15.0018310546875,-14.589152336120605,-12.886509895324707,-11.476981163024902,-11.315571784973145,-11.2927885055542,-11.474586486816406,-11.854056358337402,-12.087910652160645,-12.076149940490723,-11.995497703552246,-11.970001220703125,-11.882845878601074
-10.662357330322266,-10.460201263427734,-10.702465057373047,-11.629115104675293,-12.674686431884766,-13.321516990661621,-13.333780288696289,-13.123897552490234,-12.832854270935059,-11.9878568649292,-11.458929061889648,-12.57426643371582,-13.214662551879883,-13.159757614135742,-13.860243797302246,-15.004321098327637,-15.222610473632812,-14.978765487670898,-14.258234024047852,-14.5573148727417,-14.820189476013184,-13.18188762664795,-11.797600746154785,-12.205626487731934,-12.695980072021484,-12.243950843811035,-11.551407814025879,-11.586935043334961,-11.799764633178711,-12.387044906616211,-13.216575622558594,-13.65572738647461,-13.823044776916504,-12.445880889892578,-10.611310958862305,-10.075782775878906,-10.245068550109863,-10.361464500427246,-10.509060859680176,-10.836333274841309,-10.971725463867188,-10.838160514831543,-10.79971981048584,-10.771489143371582
-8.982583999633789,-8.976277351379395,-9.511527061462402,-10.52324104309082,-11.588128089904785,-12.256481170654297,-12.277789115905762,-12.026569366455078,-11.46019458770752,-10.788179397583008,-10.760965347290039,-11.52674388885498,-12.23017406463623,-12.156750679016113,-12.272408485412598,-13.156664848327637,-13.796140670776367,-13.74000358581543,-13.312929153442383,-13.293811798095703,-13.753466606140137,-12.013999938964844,-10.534385681152344,-10.976859092712402,-11.399686813354492,-10.969537734985352,-10.216670036315918,-10.001806259155273,-10.003174781799316,-10.537809371948242,-11.61620044708252,-11.97177791595459,-12.209156036376953,-12.022704124450684,-10.575297355651855,-9.164361953735352,-8.83432388305664,-9.087284088134766,-9.270753860473633,-9.52171802520752,-9.763208389282227,-9.777791023254395,-9.750038146972656,-9.731926918029785
-8.271135330200195,-8.531692504882812,-9.05140209197998,-9.77980899810791,-10.497323036193848,-10.945808410644531,-10.873605728149414,-10.418904304504395,-9.950315475463867,-9.48444938659668,-9.716300010681152,-10.736248016357422,-11.395171165466309,-11.625336647033691,-11.75732421875,-12.007638931274414,-12.590476989746094,-12.553770065307617,-12.580477714538574,-12.582202911376953,-12.378859519958496,-11.086867332458496,-10.002864837646484,-10.35053825378418,-10.556982040405273,-10.039963722229004,-9.197028160095215,-8.834859848022461,-8.915178298950195,-9.218505859375,-9.934942245483398,-10.407881736755371,-10.575230598449707,-10.914359092712402,-10.623861312866211,-9.202066421508789,-7.779976844787598,-7.59382963180542,-8.118049621582031,-8.451628684997559,-8.548248291015625,-8.543595314025879,-8.6126070022583,-8.717218399047852
