data/wind_data/wind_68_3.json
{"header": {"parameterUnit": "KT", "parameterCategory": 2, "nx": 256, "ny": 198, "lo1": 44.73521041870117, "la1": -3.236724853515625, "lo2": 111.26478576660156, "la2": 43.468475341796875, "dx": 0.2609002888202667, "dy": -0.23708222806453705, "refTime": "2025-02-21 20:00:00", "forecastTime": 0, "parameterNumber": 2, "parameterNumberName": "eastward_wind"}, "data":
[rows 38 to 56 of 198, columns 176 to 219 of 256]
-13.613967895507812,-14.723388671875,-15.996814727783203,-14.880498886108398,-15.503695487976074,-15.478475570678711,-15.650476455688477,-15.436856269836426,-14.979558944702148,-14.219453811645508,-13.894071578979492,-13.200860023498535,-13.848464965820312,-14.444849967956543,-15.036514282226562,-15.967159271240234,-16.58736228942871,-16.769454956054688,-16.62160873413086,-16.267824172973633,-15.793843269348145,-17.4008731842041,-23.599609375,-17.96790885925293,-14.787110328674316,-17.704084396362305,-15.604565620422363,-15.829244613647461,-14.679752349853516,-14.573373794555664,-14.012506484985352,-12.938528060913086,-11.631590843200684,-11.461843490600586,-12.384407043457031,-12.870038032531738,-12.612530708312988,-13.19221305847168,-15.185227394104004,-17.15806770324707,-17.83683967590332,-18.449695587158203,-19.4349308013916,-19.857120513916016
-13.74619197845459,-15.51340389251709,-17.50052833557129,-19.73599624633789,-19.62003517150879,-17.093053817749023,-15.873281478881836,-15.16835880279541,-14.13908863067627,-13.556119918823242,-13.374544143676758,-13.397810935974121,-14.510950088500977,-14.577262878417969,-14.244588851928711,-15.453688621520996,-17.191020965576172,-18.24903678894043,-18.756250381469727,-15.676010131835938,-14.598342895507812,-15.326173782348633,-16.194629669189453,-15.367079734802246,-14.347005844116211,-16.862157821655273,-17.142152786254883,-16.738187789916992,-16.482269287109375,-16.4218807220459,-16.584802627563477,-15.378615379333496,-13.748979568481445,-13.030351638793945,-13.355268478393555,-13.59521484375,-14.325797080993652,-15.557549476623535,-17.22085189819336,-18.037010192871094,-17.963727951049805,-18.412519454956055,-19.327604293823242,-20.188581466674805
-14.616500854492188,-16.656301498413086,-17.900503158569336,-19.799222946166992,-20.096921920776367,-18.107603073120117,-16.48429298400879,-14.962481498718262,-13.720513343811035,-13.485595703125,-13.622940063476562,-13.837080955505371,-14.739388465881348,-15.478598594665527,-15.83934211730957,-16.210561752319336,-16.577489852905273,-20.69040870666504,-21.220470428466797,-10.196274757385254,-13.951486587524414,-11.622714042663574,-13.09424877166748,-14.202210426330566,-15.539105415344238,-17.707029342651367,-19.21823501586914,-18.839107513427734,-18.07167625427246,-17.079296112060547,-17.025484085083008,-15.485159873962402,-14.001087188720703,-13.971708297729492,-14.449881553649902,-14.869032859802246,-17.0744571685791,-19.133358001708984,-19.282371520996094,-18.192384719848633,-17.235801696777344,-17.664188385009766,-19.129743576049805,-20.614656448364258
-16.943283081054688,-17.378576278686523,-17.867589950561523,-18.058393478393555,-17.068140029907227,-16.52217674255371,-15.691804885864258,-15.092998504638672,-14.38842487335205,-14.651219367980957,-15.196438789367676,-16.053422927856445,-16.271507263183594,-16.29901123046875,-16.833852767944336,-17.053354263305664,-16.607805252075195,-17.579425811767578,-17.857683181762695,-14.241582870483398,-11.131735801696777,-13.975704193115234,-16.94568634033203,-22.082487106323242,-17.329050064086914,-21.637685775756836,-19.235946655273438,-20.080289840698242,-16.93061065673828,-15.90717601776123,-15.538111686706543,-14.162212371826172,-12.771618843078613,-13.386324882507324,-14.758491516113281,-16.4738826751709,-18.532211303710938,-19.32175064086914,-19.551469802856445,-18.714902877807617,-17.85150146484375,-18.12000274658203,-19.320554733276367,-20.608592987060547
-17.781185150146484,-17.850229263305664,-17.630428314208984,-17.456029891967773,-17.22936248779297,-16.956689834594727,-15.941274642944336,-15.272871971130371,-15.511302947998047,-16.408639907836914,-17.13979721069336,-17.593141555786133,-17.86159896850586,-18.091148376464844,-18.621070861816406,-18.95765495300293,-18.680307388305664,-17.642539978027344,-16.146116256713867,-14.515446662902832,-15.039069175720215,-17.600509643554688,-19.57223129272461,-20.374914169311523,-20.407629013061523,-20.67870330810547,-20.68940544128418,-19.13209342956543,-17.777565002441406,-17.140077590942383,-16.758394241333008,-14.846278190612793,-12.950411796569824,-13.203018188476562,-15.19603443145752,-17.787715911865234,-18.692792892456055,-18.770681381225586,-19.218976974487305,-19.271106719970703,-19.256271362304688,-19.439233779907227,-20.0290584564209,-20.732364654541016
-19.59589385986328,-20.325237274169922,-20.653810501098633,-19.59869384765625,-18.982694625854492,-18.738643646240234,-18.279253005981445,-17.496179580688477,-16.95890998840332,-16.97512435913086,-17.288482666015625,-17.507022857666016,-17.932327270507812,-18.90237808227539,-19.412397384643555,-19.252540588378906,-18.051610946655273,-16.94101905822754,-17.084455490112305,-20.6279239654541,-21.20012092590332,-17.43758773803711,-20.2077693939209,-20.199172973632812,-20.866788864135742,-20.943946838378906,-20.3112735748291,-18.930191040039062,-18.174863815307617,-17.303525924682617,-16.2077579498291,-14.83444881439209,-13.76574420928955,-14.010838508605957,-15.738320350646973,-18.649450302124023,-18.68014907836914,-17.73232078552246,-17.83485984802246,-18.501672744750977,-19.367094039916992,-20.210535049438477,-21.265892028808594,-22.045421600341797
-18.826690673828125,-20.02139663696289,-20.201814651489258,-19.0614070892334,-18.63577651977539,-18.317052841186523,-18.072681427001953,-17.56207275390625,-17.049827575683594,-16.99629020690918,-17.694250106811523,-18.025981903076172,-18.047582626342773,-17.941184997558594,-18.001354217529297,-17.911182403564453,-17.68267822265625,-16.599336624145508,-14.817296981811523,-17.938203811645508,-20.316753387451172,-19.570148468017578,-18.646984100341797,-18.888959884643555,-19.393667221069336,-19.44485855102539,-18.540685653686523,-17.191621780395508,-15.79712200164795,-14.41307544708252,-14.049885749816895,-14.400546073913574,-14.944397926330566,-14.904656410217285,-15.537557601928711,-17.69864845275879,-18.285463333129883,-16.962299346923828,-16.406591415405273,-16.824918746948242,-17.912025451660156,-19.326068878173828,-21.48345184326172,-23.110570907592773
-16.19489288330078,-17.88568687438965,-17.775251388549805,-18.07904624938965,-17.7979736328125,-17.82770538330078,-17.687835693359375,-17.23482894897461,-17.26046371459961,-17.14211654663086,-17.630451202392578,-18.14719009399414,-17.92930030822754,-16.91037368774414,-15.85745620727539,-15.913675308227539,-17.512210845947266,-18.8881778717041,-18.64194107055664,-17.46059799194336,-18.231849670410156,-18.542327880859375,-16.719768524169922,-17.78323745727539,-18.90193748474121,-19.106788635253906,-17.916784286499023,-16.162429809570312,-14.056645393371582,-11.739067077636719,-11.445852279663086,-13.056807518005371,-14.02641487121582,-14.020366668701172,-14.482449531555176,-16.8558349609375,-17.846975326538086,-16.444869995117188,-15.722957611083984,-15.910106658935547,-16.261571884155273,-16.965282440185547,-19.29219627380371,-21.882213592529297
-16.806215286254883,-17.82400131225586,-19.26471519470215,-19.521881103515625,-17.7808780670166,-17.624675750732422,-17.44521141052246,-17.217424392700195,-17.255552291870117,-17.18009376525879,-17.328094482421875,-17.705150604248047,-17.533037185668945,-16.382986068725586,-15.198083877563477,-14.645261764526367,-15.633854866027832,-18.14893913269043,-19.830324172973633,-18.6335391998291,-16.924654006958008,-16.72444725036621,-17.27971839904785,-19.138879776000977,-19.785131454467773,-19.280773162841797,-18.392568588256836,-17.531719207763672,-15.967453956604004,-13.642915725708008,-12.6994047164917,-14.250884056091309,-14.434286117553711,-14.397223472595215,-14.763766288757324,-17.080575942993164,-18.13671112060547,-16.893030166625977,-16.782690048217773,-16.790790557861328,-16.864171981811523,-17.227846145629883,-18.565279006958008,-20.091949462890625
-17.049480438232422,-17.529098510742188,-18.323102951049805,-18.46147346496582,-17.853090286254883,-17.378198623657227,-17.265892028808594,-17.198482513427734,-17.54727554321289,-17.991300582885742,-17.95215606689453,-17.488502502441406,-16.723424911499023,-15.681612968444824,-14.678411483764648,-13.834212303161621,-13.765132904052734,-15.956670761108398,-19.582748413085938,-20.846500396728516,-19.302648544311523,-18.078449249267578,-18.49859046936035,-19.533931732177734,-20.09952163696289,-20.185192108154297,-20.172361373901367,-20.17420768737793,-19.280799865722656,-17.014802932739258,-15.89149284362793,-17.359859466552734,-17.357912063598633,-17.25786781311035,-17.376792907714844,-19.16741180419922,-19.603431701660156,-17.456151962280273,-17.488523483276367,-17.843753814697266,-18.28427505493164,-18.514211654663086,-19.092683792114258,-19.87961196899414
-17.226181030273438,-16.49664306640625,-16.401762008666992,-16.84140968322754,-17.288198471069336,-17.450712203979492,-17.361379623413086,-17.377376556396484,-17.582435607910156,-18.1275691986084,-18.53523826599121,-17.575857162475586,-16.173341751098633,-15.226269721984863,-15.000210762023926,-15.723780632019043,-16.715776443481445,-18.172821044921875,-20.00167465209961,-21.498319625854492,-21.51383399963379,-20.244447708129883,-19.914548873901367,-20.760438919067383,-21.75798225402832,-21.725828170776367,-21.647253036499023,-21.969480514526367,-21.542842864990234,-19.824298858642578,-18.920246124267578,-20.972299575805664,-22.6315975189209,-21.682140350341797,-18.973140716552734,-20.232973098754883,-20.779874801635742,-19.145217895507812,-18.221452713012695,-18.57994270324707,-19.302040100097656,-20.046728134155273,-20.48893165588379,-20.065271377563477
-17.800148010253906,-17.680221557617188,-16.554590225219727,-16.22808265686035,-17.21280860900879,-17.833398818969727,-17.816614151000977,-17.970985412597656,-18.18852996826172,-17.891910552978516,-18.337692260742188,-17.893360137939453,-16.832000732421875,-16.329931259155273,-16.766416549682617,-18.232534408569336,-19.32229232788086,-20.81722640991211,-23.048328399658203,-23.202892303466797,-22.01683235168457,-21.0251522064209,-20.939393997192383,-21.96319007873535,-23.009225845336914,-22.500831604003906,-22.3925838470459,-22.295644760131836,-21.783710479736328,-20.625829696655273,-19.87253761291504,-21.606088638305664,-22.61760902404785,-21.26722526550293,-19.070104598999023,-18.60011100769043,-19.52635383605957,-19.11972999572754,-18.48738670349121,-18.990570068359375,-19.915306091308594,-20.944719314575195,-21.366992950439453,-20.291486740112305
-16.290138244628906,-17.6384334564209,-18.04696273803711,-17.83188247680664,-17.90619468688965,-18.375465393066406,-18.57926368713379,-18.706195831298828,-18.863018035888672,-18.79225730895996,-18.394540786743164,-17.589818954467773,-17.059158325195312,-17.322322845458984,-18.172161102294922,-19.240312576293945,-20.012725830078125,-20.52896499633789,-21.746444702148438,-23.16961097717285,-23.953210830688477,-23.31808853149414,-22.236663818359375,-21.86263656616211,-22.21767234802246,-21.638446807861328,-21.791606903076172,-21.524747848510742,-21.121082305908203,-20.06016731262207,-19.287368774414062,-20.266828536987305,-22.151968002319336,-21.74746322631836,-19.587078094482422,-19.37080955505371,-19.188983917236328,-18.604890823364258,-18.445341110229492,-19.180381774902344,-20.06785011291504,-20.571338653564453,-20.554155349731445,-19.84132194519043
-15.160080909729004,-16.265682220458984,-17.162254333496094,-17.462059020996094,-17.814029693603516,-18.604511260986328,-19.038869857788086,-18.921955108642578,-19.043184280395508,-19.086225509643555,-18.68184471130371,-18.243873596191406,-18.26699447631836,-18.383235931396484,-18.295534133911133,-18.23215675354004,-18.486120223999023,-19.241111755371094,-20.26258087158203,-22.304262161254883,-24.179771423339844,-23.757911682128906,-22.843921661376953,-21.673799514770508,-21.260906219482422,-20.818105697631836,-21.016508102416992,-21.253141403198242,-20.98200225830078,-19.853425979614258,-18.684844970703125,-19.11429214477539,-20.626020431518555,-21.22170066833496,-19.921512603759766,-18.92989730834961,-18.1563720703125,-18.106908798217773,-18.043607711791992,-18.2232608795166,-18.787622451782227,-19.543903350830078,-19.896080017089844,-18.885356903076172
-14.484390258789062,-14.844420433044434,-15.54249095916748,-16.45903205871582,-17.11871337890625,-17.75401496887207,-18.37644386291504,-18.554899215698242,-18.636980056762695,-18.795217514038086,-18.499465942382812,-17.74395751953125,-16.99616050720215,-16.34239387512207,-15.688342094421387,-14.88407039642334,-14.6437406539917,-15.98305606842041,-18.12985610961914,-20.40052032470703,-22.95345687866211,-23.937129974365234,-22.790983200073242,-21.441171646118164,-21.08747100830078,-20.293323516845703,-19.9169921875,-20.103553771972656,-20.35141944885254,-19.585500717163086,-18.145586013793945,-18.14238739013672,-19.598567962646484,-20.434587478637695,-19.074058532714844,-18.08922004699707,-17.739564895629883,-17.722328186035156,-17.321054458618164,-17.25673484802246,-18.476909637451172,-20.045000076293945,-20.473207473754883,-19.470319747924805
-13.394122123718262,-14.046960830688477,-14.797807693481445,-15.938876152038574,-16.771459579467773,-17.241561889648438,-18.021207809448242,-18.646055221557617,-18.813777923583984,-18.457149505615234,-17.761072158813477,-16.996856689453125,-16.265270233154297,-15.343767166137695,-14.149724006652832,-12.892382621765137,-12.246536254882812,-13.007560729980469,-16.336807250976562,-20.37446403503418,-23.292007446289062,-23.589513778686523,-21.851041793823242,-20.974628448486328,-21.026403427124023,-20.333221435546875,-19.516332626342773,-19.290245056152344,-19.595613479614258,-19.45830535888672,-18.26262092590332,-17.891521453857422,-18.720911026000977,-18.98790740966797,-18.318662643432617,-17.501497268676758,-17.07991600036621,-17.430334091186523,-17.966753005981445,-18.696453094482422,-19.86260223388672,-21.103012084960938,-21.04340362548828,-20.311674118041992
-12.632760047912598,-13.533293724060059,-14.672760009765625,-15.614716529846191,-16.067399978637695,-16.40436553955078,-17.49106216430664,-18.82996368408203,-19.427160263061523,-18.942712783813477,-18.069833755493164,-17.127038955688477,-16.213096618652344,-15.254182815551758,-14.476578712463379,-13.752936363220215,-13.018232345581055,-13.252035140991211,-16.278106689453125,-21.220346450805664,-23.031295776367188,-21.640745162963867,-20.797590255737305,-20.75275230407715,-21.20348358154297,-20.646331787109375,-19.56304359436035,-18.421653747558594,-18.210783004760742,-18.474233627319336,-17.61178970336914,-16.634178161621094,-17.6096134185791,-18.56390953063965,-18.29100799560547,-17.460201263427734,-16.77035140991211,-16.96294593811035,-17.99388885498047,-19.632923126220703,-21.193559646606445,-22.041175842285156,-21.658815383911133,-19.14847755432129
-12.556315422058105,-12.633049011230469,-13.764843940734863,-14.980916976928711,-15.436086654663086,-15.674428939819336,-16.549341201782227,-18.38628387451172,-19.68107795715332,-19.900487899780273,-19.491443634033203,-18.580930709838867,-17.409015655517578,-16.411273956298828,-15.839418411254883,-15.147244453430176,-14.032914161682129,-13.867753982543945,-16.067434310913086,-19.430618286132812,-21.034849166870117,-20.75737953186035,-20.539066314697266,-20.991836547851562,-21.55335235595703,-21.20994758605957,-19.958444595336914,-18.49524688720703,-17.77147102355957,-17.926837921142578,-17.562318801879883,-16.065582275390625,-16.335302352905273,-17.991872787475586,-18.67315673828125,-18.06980323791504,-17.55867576599121,-17.503711700439453,-17.965818405151367,-19.117319107055664,-20.19202995300293,-20.56175422668457,-20.67710304260254,-19.88249969482422
-12.283743858337402,-11.86242961883545,-12.141220092773438,-13.575575828552246,-15.271190643310547,-15.93896484375,-16.18644905090332,-17.4389705657959,-19.124692916870117,-19.984220504760742,-19.936975479125977,-19.448890686035156,-18.593660354614258,-17.630834579467773,-16.847318649291992,-16.03818130493164,-14.944883346557617,-14.319806098937988,-15.251859664916992,-17.498878479003906,-19.971275329589844,-21.067441940307617,-20.765596389770508,-21.040367126464844,-21.868921279907227,-21.76767349243164,-20.587656021118164,-19.236635208129883,-18.28988265991211,-18.151487350463867,-17.987117767333984,-16.56346893310547,-15.530122756958008,-16.866609573364258,-18.64547348022461,-18.847070693969727,-18.443025588989258,-18.132461547851562,-17.794734954833984,-18.091154098510742,-18.773971557617188,-19.216806411743164,-19.268945693969727,-18.872920989990234
