data/wind_data/wind_26_9.json
{"header": {"parameterUnit": "KT", "parameterCategory": 2, "nx": 256, "ny": 198, "lo1": 44.73521041870117, "la1": -3.236724853515625, "lo2": 111.26478576660156, "la2": 43.468475341796875, "dx": 0.2609002888202667, "dy": -0.23708222806453705, "refTime": "2025-02-20 02:00:00", "forecastTime": 0, "parameterNumber": 2, "parameterNumberName": "eastward_wind"}, "data":
[rows 19 to 37 of 198, columns 43 to 85 of 256]
28.39615821838379,28.925350189208984,29.09961700439453,28.983905792236328,28.365543365478516,27.85976791381836,27.935298919677734,28.166101455688477,27.80850601196289,27.060503005981445,26.142894744873047,25.728342056274414,25.73797607421875,25.685440063476562,25.402124404907227,24.690107345581055,23.69940185546875,22.796119689941406,22.187456130981445,21.793621063232422,21.676959991455078,22.04542350769043,22.634368896484375,23.170608520507812,23.852819442749023,24.74614715576172,26.04705047607422,27.098617553710938,27.042585372924805,26.48046112060547,26.32772445678711,26.476604461669922,27.006685256958008,27.650936126708984,28.07411766052246,28.044870376586914,27.943143844604492,27.86804962158203,27.909122467041016,28.270864486694336,29.205812454223633,29.90561294555664,29.603418350219727
27.85930061340332,28.881912231445312,29.863496780395508,29.88576316833496,29.656795501708984,29.319839477539062,28.756561279296875,29.211408615112305,29.133007049560547,28.576366424560547,27.958032608032227,27.201358795166016,26.756450653076172,26.360170364379883,25.650800704956055,24.71652603149414,23.683053970336914,22.781450271606445,22.15160369873047,21.707904815673828,21.43971824645996,21.783681869506836,22.840320587158203,23.77826690673828,24.608489990234375,25.25851058959961,26.032377243041992,27.13184356689453,27.330337524414062,27.164690017700195,27.343481063842773,27.437360763549805,27.81109046936035,28.027544021606445,28.000051498413086,27.973445892333984,28.08531379699707,28.24241065979004,28.73401641845703,29.732393264770508,30.839473724365234,31.293437957763672,30.868549346923828
28.635889053344727,29.402572631835938,30.48334312438965,29.971677780151367,29.99416160583496,30.182580947875977,29.418745040893555,29.565977096557617,30.170635223388672,29.6788387298584,29.31842041015625,28.57196044921875,27.476274490356445,26.389392852783203,25.13804817199707,24.092647552490234,23.263551712036133,22.65084457397461,22.21906280517578,21.73767852783203,21.27560806274414,21.288511276245117,22.218658447265625,23.493757247924805,24.640974044799805,25.48984146118164,26.117813110351562,26.874853134155273,27.410064697265625,27.822572708129883,27.8594913482666,27.789026260375977,27.526199340820312,27.5345401763916,27.794130325317383,28.429595947265625,28.309728622436523,28.53534507751465,28.821861267089844,29.634183883666992,30.659160614013672,31.430952072143555,31.432056427001953
29.377023696899414,29.405597686767578,28.7861270904541,28.249605178833008,28.960126876831055,29.527494430541992,29.684118270874023,29.26262855529785,30.750940322875977,30.81027603149414,29.747318267822266,28.753997802734375,27.547271728515625,25.88817596435547,24.234865188598633,23.25661849975586,22.738536834716797,22.557464599609375,22.517751693725586,22.048368453979492,21.278759002685547,20.83146095275879,21.217918395996094,22.329805374145508,23.853540420532227,25.123655319213867,26.023223876953125,26.725309371948242,27.469825744628906,27.960296630859375,27.79802703857422,27.406158447265625,27.05510902404785,27.20499610900879,27.677942276000977,28.346492767333984,28.657384872436523,28.494691848754883,28.373838424682617,28.68671417236328,29.53740882873535,30.51702117919922,30.955350875854492
28.561668395996094,27.997255325317383,26.824708938598633,26.722148895263672,27.16311264038086,27.62785530090332,28.795225143432617,28.835552215576172,29.917470932006836,30.874588012695312,29.95350456237793,28.398075103759766,27.023637771606445,25.604515075683594,24.11591911315918,23.017059326171875,22.684734344482422,22.5302791595459,22.455703735351562,22.04559326171875,21.284893035888672,20.640052795410156,20.771896362304688,21.639493942260742,22.95982551574707,24.513639450073242,25.70752716064453,26.435165405273438,27.058536529541016,27.576156616210938,27.541362762451172,27.2548828125,26.856998443603516,27.0069522857666,27.395307540893555,27.840778350830078,27.8277530670166,27.637083053588867,27.647974014282227,27.66631507873535,28.055566787719727,29.01482391357422,30.04892349243164
27.666887283325195,26.89206886291504,25.813840866088867,24.832067489624023,25.893051147460938,25.878662109375,26.48274803161621,27.5336971282959,27.818979263305664,28.628747940063477,29.295949935913086,28.461061477661133,26.547765731811523,25.572893142700195,24.811687469482422,23.647661209106445,23.261240005493164,22.78518295288086,22.289676666259766,21.734516143798828,21.207611083984375,20.84055519104004,20.960744857788086,21.841733932495117,23.003522872924805,24.149503707885742,25.308706283569336,25.979671478271484,26.30706024169922,26.772972106933594,27.018814086914062,26.918901443481445,26.539262771606445,26.48709487915039,26.774694442749023,27.09304428100586,26.928688049316406,26.71617317199707,26.68557357788086,26.61870574951172,26.71627426147461,27.603652954101562,28.903430938720703
27.371774673461914,26.24214744567871,25.051830291748047,24.947729110717773,24.74155616760254,23.97489356994629,23.449745178222656,24.619659423828125,25.047069549560547,25.849388122558594,27.051586151123047,27.46430015563965,25.75191879272461,24.809114456176758,24.83251953125,24.498310089111328,23.925270080566406,23.394052505493164,22.859365463256836,22.19135284423828,21.553068161010742,21.32738494873047,21.262447357177734,22.087787628173828,23.513036727905273,24.602338790893555,25.20570182800293,25.594329833984375,25.78495979309082,26.15481185913086,26.45697784423828,26.378042221069336,26.003292083740234,25.874326705932617,26.278505325317383,26.641618728637695,26.661142349243164,26.382490158081055,26.145307540893555,26.074005126953125,26.239850997924805,26.971649169921875,28.159032821655273
26.61988639831543,26.733762741088867,25.640457153320312,24.11043930053711,24.246990203857422,22.896310806274414,21.444461822509766,21.962947845458984,22.294878005981445,23.176179885864258,24.140972137451172,25.24811553955078,24.365243911743164,23.245817184448242,24.06203842163086,24.63278579711914,24.15373420715332,24.008508682250977,23.938541412353516,23.724647521972656,22.994932174682617,22.33843231201172,21.722366333007812,21.936986923217773,23.335712432861328,24.806882858276367,25.411989212036133,25.590173721313477,25.68604278564453,25.907560348510742,26.271047592163086,26.35432243347168,25.96803092956543,25.725709915161133,26.043540954589844,26.479076385498047,26.677309036254883,26.70928192138672,26.67620277404785,26.67145347595215,26.874059677124023,27.455520629882812,28.3115291595459
26.673860549926758,26.323244094848633,25.28318214416504,23.866670608520508,23.48455238342285,23.0352725982666,20.9371337890625,20.393878936767578,20.701234817504883,21.841041564941406,22.66678237915039,23.13202476501465,22.717716217041016,22.4360294342041,23.397743225097656,23.947769165039062,24.190608978271484,24.479890823364258,24.678226470947266,25.088886260986328,24.547149658203125,23.82527732849121,22.77701759338379,22.10455894470215,22.771440505981445,24.296815872192383,25.258516311645508,25.629175186157227,25.895671844482422,26.138486862182617,26.52866554260254,26.70550537109375,26.49378204345703,26.237064361572266,26.47654151916504,26.923513412475586,27.228801727294922,27.509496688842773,27.761838912963867,27.865467071533203,28.002105712890625,28.33293914794922,28.758338928222656
26.258350372314453,25.93479347229004,25.689565658569336,24.19524383544922,22.59465980529785,21.598209381103516,21.27935218811035,20.880538940429688,21.16269874572754,21.5596923828125,21.860258102416992,22.09819221496582,21.67598533630371,21.547203063964844,22.856578826904297,23.865774154663086,23.86538314819336,24.26630210876465,24.86202621459961,25.248825073242188,24.43987464904785,23.974605560302734,23.61063003540039,23.0264892578125,23.17546272277832,24.273088455200195,25.157926559448242,25.483808517456055,25.787752151489258,26.32528305053711,26.82495880126953,27.19020652770996,27.151195526123047,26.985027313232422,27.2230224609375,27.789234161376953,28.310935974121094,28.58797264099121,28.712953567504883,28.878324508666992,28.951108932495117,28.99576759338379,29.04123878479004
26.281557083129883,25.77120018005371,25.526050567626953,24.021038055419922,21.70648956298828,20.990264892578125,21.57024574279785,21.925586700439453,21.936262130737305,22.022493362426758,21.812837600708008,21.504467010498047,21.112083435058594,21.626270294189453,22.836265563964844,23.3558406829834,23.77702522277832,24.083654403686523,24.457921981811523,24.30867576599121,23.51768684387207,22.692115783691406,22.94438934326172,23.153486251831055,23.512250900268555,24.612272262573242,25.407697677612305,25.375755310058594,25.317733764648438,25.897981643676758,26.786685943603516,27.46893310546875,27.69474220275879,27.558300018310547,27.623361587524414,28.0965518951416,28.657596588134766,28.87959098815918,28.876293182373047,29.008808135986328,29.113630294799805,28.997888565063477,28.92974281311035
26.037532806396484,25.224218368530273,24.485666275024414,23.444931030273438,22.29022216796875,22.280834197998047,22.94277000427246,22.886550903320312,22.482521057128906,22.437957763671875,22.012067794799805,21.338241577148438,20.696060180664062,21.62061882019043,22.965524673461914,23.224042892456055,23.7174129486084,23.910770416259766,23.74756622314453,22.856264114379883,21.972822189331055,21.467731475830078,21.7867488861084,22.240875244140625,22.71885108947754,23.818334579467773,24.97827911376953,25.15100860595703,24.952783584594727,25.372434616088867,26.420310974121094,27.34556770324707,27.699888229370117,27.542694091796875,27.326139450073242,27.37586212158203,27.671905517578125,27.848596572875977,27.83639907836914,27.945892333984375,28.045873641967773,27.849164962768555,27.73573875427246
25.526304244995117,24.711576461791992,24.46282386779785,24.37286376953125,24.06739616394043,23.692399978637695,23.568267822265625,23.292253494262695,22.837419509887695,22.44525146484375,21.884172439575195,21.14337158203125,20.983989715576172,21.684778213500977,22.399797439575195,22.66507339477539,22.800535202026367,23.06140899658203,22.662586212158203,21.848793029785156,20.000314712524414,19.498537063598633,20.04572105407715,20.902212142944336,21.76462745666504,22.70427894592285,24.053443908691406,24.579238891601562,24.55695343017578,24.78338050842285,25.686725616455078,26.73029136657715,27.336490631103516,27.292707443237305,26.902042388916016,26.619565963745117,26.487178802490234,26.330730438232422,26.150798797607422,26.16705894470215,26.278146743774414,26.102569580078125,26.017484664916992
25.53000831604004,24.700319290161133,24.62291717529297,24.757064819335938,24.501001358032227,23.79926300048828,23.19651222229004,22.787324905395508,22.415327072143555,21.99591827392578,21.817344665527344,21.365514755249023,20.99464988708496,20.80315399169922,20.8446102142334,21.021034240722656,20.848060607910156,20.983943939208984,20.687984466552734,20.97092628479004,19.383087158203125,19.27986717224121,19.08513832092285,19.500335693359375,20.570329666137695,21.756637573242188,23.080734252929688,23.470043182373047,23.593883514404297,23.690792083740234,24.29585075378418,25.444791793823242,26.574420928955078,27.040260314941406,26.949769973754883,26.649246215820312,26.297609329223633,25.829524993896484,25.173583984375,24.744617462158203,24.724166870117188,24.868194580078125,25.021953582763672
25.31814956665039,24.710071563720703,24.427310943603516,24.252714157104492,23.709260940551758,23.010700225830078,22.478744506835938,21.90182113647461,21.443201065063477,21.375484466552734,21.259899139404297,20.593931198120117,19.470447540283203,18.755577087402344,18.671293258666992,18.993457794189453,19.35567283630371,19.60686683654785,19.479938507080078,19.443803787231445,19.077756881713867,19.255088806152344,18.814861297607422,19.297788619995117,20.12433433532715,20.81660270690918,21.513437271118164,21.4299373626709,21.711105346679688,22.358121871948242,22.978715896606445,24.03123664855957,25.33941650390625,26.282861709594727,26.593162536621094,26.66818618774414,26.72933006286621,26.487382888793945,25.70363426208496,24.743396759033203,24.3184757232666,24.580963134765625,24.998394012451172
24.640188217163086,24.41684341430664,24.079700469970703,23.543521881103516,22.892026901245117,22.247751235961914,21.52254295349121,20.689037322998047,20.058849334716797,19.856155395507812,19.609647750854492,18.891860961914062,17.694568634033203,16.925600051879883,17.083206176757812,17.996658325195312,18.74550437927246,18.804412841796875,18.608854293823242,18.404253005981445,18.391557693481445,19.059675216674805,18.986860275268555,19.201383590698242,19.841737747192383,19.852964401245117,19.883533477783203,19.569543838500977,19.7763729095459,20.846942901611328,21.800071716308594,22.719852447509766,23.848125457763672,24.82585906982422,25.377954483032227,25.678863525390625,26.073261260986328,26.38691520690918,26.136442184448242,25.327808380126953,24.717227935791016,24.811317443847656,25.389484405517578
23.666959762573242,23.73567008972168,23.643508911132812,23.098167419433594,22.257301330566406,21.324983596801758,20.480628967285156,19.70700454711914,18.986772537231445,18.510570526123047,18.20100212097168,17.687320709228516,16.821128845214844,16.36771583557129,16.725366592407227,17.70623779296875,18.489049911499023,18.36580467224121,17.806175231933594,17.34157943725586,17.40380859375,18.07893180847168,18.231706619262695,18.74241065979004,18.72570037841797,18.67551040649414,19.02421760559082,19.04328155517578,19.022855758666992,19.649351119995117,20.501115798950195,21.137725830078125,21.94624900817871,22.569421768188477,22.98871612548828,23.38229751586914,23.803733825683594,24.381271362304688,24.71200180053711,24.554540634155273,24.38001251220703,24.668285369873047,25.414108276367188
22.8835391998291,22.960477828979492,23.040454864501953,22.721111297607422,22.018985748291016,21.00583839416504,20.049640655517578,19.308286666870117,18.662229537963867,18.18425941467285,17.866928100585938,17.54503059387207,17.122610092163086,16.769838333129883,16.60846519470215,16.66381072998047,17.019990921020508,17.263689041137695,16.936738967895508,16.449045181274414,16.586336135864258,16.83351707458496,17.254793167114258,17.869924545288086,17.896570205688477,18.083715438842773,18.576684951782227,18.201372146606445,18.517980575561523,18.932825088500977,19.37984275817871,19.69096565246582,20.004840850830078,20.24139976501465,20.61357307434082,21.23914909362793,21.98233413696289,22.7323055267334,23.140090942382812,23.05946922302246,22.96770668029785,23.276029586791992,23.975265502929688
22.74180030822754,22.697649002075195,22.64308738708496,22.426584243774414,21.859146118164062,21.040416717529297,20.15238380432129,19.41580581665039,18.85163116455078,18.443389892578125,18.0402889251709,17.546287536621094,17.12990379333496,16.803449630737305,16.405004501342773,15.790013313293457,15.370494842529297,15.522066116333008,15.824589729309082,15.807160377502441,15.878366470336914,16.19101333618164,16.64679527282715,16.942781448364258,16.98712730407715,17.27267074584961,17.707826614379883,17.63330841064453,17.522411346435547,17.354021072387695,17.877065658569336,18.240705490112305,18.85826301574707,19.338823318481445,20.031164169311523,20.600074768066406,21.371700286865234,21.925203323364258,21.955692291259766,21.513883590698242,21.160432815551758,21.4079532623291,22.048677444458008
