data/wind_data/wind_2025-02-21_14.json
{"header": {"parameterUnit": "KT", "parameterCategory": 2, "nx": 255, "ny": 198, "lo1": 44.73521041870117, "la1": -3.236724853515625, "lo2": 111.26478576660156, "la2": 43.468475341796875, "dx": 0.26192745566368103, "dy": -0.23708222806453705, "refTime": "2025-02-21 14:00:00", "forecastTime": 0, "parameterNumber": 3, "parameterNumberName": "northward_wind"}, "data":
[rows 114 to 132 of 198, columns 86 to 128 of 255]
-5.3360676765441895,-6.276158809661865,-6.0704803466796875,-6.7295379638671875,-6.550241470336914,-6.496069431304932,-6.67030143737793,-6.513747692108154,-6.42126989364624,-7.602028846740723,-7.605539798736572,-7.391864776611328,-7.009465217590332,-5.793429374694824,-6.562528133392334,-6.083437442779541,-6.948554992675781,-6.610915184020996,-5.909501552581787,-5.087990760803223,-4.682791709899902,-4.724349021911621,-4.624122619628906,-5.038729667663574,-5.121355056762695,-5.242977619171143,-5.58242654800415,-5.69235897064209,-5.041269779205322,-4.4578633308410645,-4.492763519287109,-3.564202070236206,-2.675773859024048,-1.9174437522888184,-1.5035147666931152,-1.2463831901550293,-1.5730235576629639,-2.254542589187622,-2.70603346824646,-4.147347450256348,-4.020813941955566,-4.008396148681641,-3.8560667037963867
-5.15144157409668,-5.768068790435791,-5.780527591705322,-5.743131637573242,-6.026281833648682,-6.370298862457275,-6.240945339202881,-6.6187968254089355,-6.233098983764648,-7.37574577331543,-7.778063774108887,-6.870818614959717,-7.829814434051514,-4.942829608917236,-3.9245612621307373,-4.048417568206787,-4.648374080657959,-5.3688249588012695,-5.154260635375977,-4.472784996032715,-4.498091220855713,-4.8903632164001465,-4.599678039550781,-4.837300777435303,-5.056914806365967,-5.157393932342529,-5.631674766540527,-5.542811870574951,-5.562195301055908,-5.459847450256348,-5.236841678619385,-4.710120677947998,-4.0688581466674805,-2.9947688579559326,-2.2937488555908203,-2.060051202774048,-1.8348864316940308,-1.3246628046035767,-1.563538670539856,-1.8283360004425049,-2.304396152496338,-2.9404702186584473,-3.037574529647827
-4.78291654586792,-5.230906963348389,-4.909083366394043,-4.275519371032715,-5.117238998413086,-5.741002082824707,-5.477636337280273,-7.1760358810424805,-6.942470550537109,-7.603845119476318,-7.50183629989624,-5.128173828125,-7.0396528244018555,-4.940597057342529,-2.988180160522461,-2.666792154312134,-2.8109793663024902,-4.450108528137207,-4.653325080871582,-4.802638053894043,-5.14691162109375,-5.714672565460205,-4.613492965698242,-4.556419849395752,-4.9365339279174805,-5.166291236877441,-5.56680965423584,-6.046076774597168,-6.421063423156738,-6.067311763763428,-5.674946308135986,-4.9343109130859375,-4.648661136627197,-4.122405529022217,-3.7175495624542236,-3.030367612838745,-2.8531148433685303,-2.7398147583007812,-2.2879559993743896,-1.364256739616394,-1.2915301322937012,-1.7906017303466797,-2.3328676223754883
-4.703503131866455,-5.031376361846924,-4.087684154510498,-3.895843744277954,-4.378293037414551,-5.704038619995117,-5.6130523681640625,-7.174437522888184,-7.950188159942627,-7.810190200805664,-7.51934814453125,-4.342051029205322,-5.7165632247924805,-5.638906955718994,-4.601872444152832,-3.84867787361145,-2.7965407371520996,-3.517017126083374,-4.8808159828186035,-5.463704586029053,-6.159929275512695,-6.3092265129089355,-5.188633441925049,-4.665327548980713,-4.949833869934082,-5.142660617828369,-5.661985874176025,-6.047356128692627,-6.542565822601318,-6.258109092712402,-5.811307907104492,-5.436640739440918,-5.527134895324707,-5.092428684234619,-4.669500350952148,-4.446341514587402,-3.757689952850342,-3.5042617321014404,-3.300250291824341,-3.0978708267211914,-2.7240071296691895,-1.9654005765914917,-1.2441755533218384
-4.836483955383301,-5.7321271896362305,-4.6835103034973145,-4.437658786773682,-4.327578067779541,-6.908486366271973,-7.111682891845703,-7.546475410461426,-8.040103912353516,-8.233044624328613,-8.140461921691895,-5.56113862991333,-5.16996431350708,-5.978357315063477,-6.179693222045898,-5.95328426361084,-5.017212867736816,-3.8298182487487793,-4.452820777893066,-6.2964935302734375,-6.151362895965576,-6.502120018005371,-6.6093268394470215,-5.333634376525879,-5.515798568725586,-5.245530128479004,-5.77030086517334,-5.610317230224609,-6.145994186401367,-5.724334239959717,-5.7798309326171875,-5.810461044311523,-6.020844459533691,-5.8103861808776855,-5.431731700897217,-5.118310451507568,-4.108602523803711,-4.392806529998779,-3.9148941040039062,-3.9145705699920654,-3.3222484588623047,-2.2691872119903564,-1.8558026552200317
-5.367795944213867,-6.37388277053833,-4.171668529510498,-4.226573944091797,-4.004149913787842,-5.565018177032471,-7.323871612548828,-7.906679630279541,-8.393484115600586,-8.784250259399414,-8.80044174194336,-8.351152420043945,-6.561186790466309,-6.54034948348999,-7.551697254180908,-7.229853630065918,-6.697509765625,-6.484437942504883,-5.0471272468566895,-6.162015438079834,-5.772368907928467,-6.327313423156738,-6.527892112731934,-5.656303882598877,-5.765365123748779,-5.46647834777832,-5.924009323120117,-5.68084192276001,-5.886175632476807,-5.602865219116211,-6.580012798309326,-5.848395824432373,-6.10541296005249,-5.972591400146484,-5.644582271575928,-5.480963706970215,-5.004787445068359,-5.743642807006836,-4.721415996551514,-4.97831916809082,-3.9767909049987793,-2.727289915084839,-3.477842330932617
-6.050266742706299,-7.104018211364746,-4.712680339813232,-3.8912086486816406,-3.456132173538208,-3.745546340942383,-5.396775245666504,-6.53369665145874,-7.582217693328857,-8.038061141967773,-8.463005065917969,-8.732805252075195,-7.948690414428711,-6.607141017913818,-7.698038578033447,-7.500558376312256,-8.22098445892334,-8.394139289855957,-6.794485569000244,-6.565824031829834,-6.029496669769287,-5.3059163093566895,-6.024704456329346,-5.781149387359619,-5.936966419219971,-5.495136260986328,-5.826147556304932,-6.115732192993164,-6.61443567276001,-6.286281585693359,-6.433368682861328,-5.628260135650635,-5.85090970993042,-5.67545747756958,-5.635324954986572,-5.5374932289123535,-5.323431491851807,-5.767232418060303,-5.509916305541992,-5.641951560974121,-4.806694507598877,-3.429976463317871,-2.2685437202453613
-5.158058166503906,-7.129475116729736,-6.1513566970825195,-5.4636945724487305,-4.357034683227539,-3.6769397258758545,-3.6770191192626953,-4.498659133911133,-6.198326587677002,-7.054648399353027,-7.859886646270752,-8.238147735595703,-8.161389350891113,-8.1353120803833,-8.284977912902832,-8.377537727355957,-8.578393936157227,-8.505720138549805,-8.327371597290039,-7.023998737335205,-6.977568626403809,-6.190667152404785,-6.310301303863525,-5.989468097686768,-6.040904998779297,-6.288854598999023,-6.222002029418945,-5.7653961181640625,-6.532407283782959,-5.584841728210449,-5.342335224151611,-5.2144083976745605,-5.145731449127197,-4.977585315704346,-4.920557498931885,-4.773396015167236,-4.877706050872803,-5.26359748840332,-5.530117988586426,-5.361564636230469,-5.04241418838501,-4.240325927734375,-1.6366153955459595
-3.4217042922973633,-6.141124248504639,-5.967446804046631,-6.402166843414307,-5.495817184448242,-4.760470867156982,-3.2841923236846924,-2.7268354892730713,-4.1351213455200195,-5.960871696472168,-7.136708736419678,-7.630138397216797,-8.02035903930664,-8.06294059753418,-8.43636417388916,-7.265495777130127,-8.176607131958008,-8.457415580749512,-7.363631248474121,-7.262480735778809,-7.14058780670166,-6.275984287261963,-7.084774494171143,-7.282907962799072,-6.812199592590332,-6.229841232299805,-5.8072075843811035,-5.6925225257873535,-5.36942195892334,-5.331729412078857,-4.724431991577148,-4.853193283081055,-4.450298309326172,-4.3074750900268555,-3.958156108856201,-4.035379886627197,-4.621735572814941,-5.025777816772461,-5.128148078918457,-5.136811256408691,-5.17448091506958,-5.149612903594971,-3.7874767780303955
-1.0280154943466187,-3.452141523361206,-4.735516548156738,-5.973175525665283,-5.865046977996826,-5.316286087036133,-4.463494777679443,-3.1416571140289307,-2.0994014739990234,-2.4093000888824463,-4.334913730621338,-5.542298793792725,-5.938560485839844,-6.220488548278809,-7.2605061531066895,-7.751127243041992,-7.147032737731934,-8.058018684387207,-6.5336809158325195,-6.880825996398926,-6.2410502433776855,-6.000027179718018,-7.166624546051025,-6.526028156280518,-6.248483657836914,-6.198266983032227,-5.701130390167236,-5.40339469909668,-4.881729602813721,-4.261289596557617,-4.057407855987549,-4.201196193695068,-3.683844804763794,-3.739267349243164,-3.4898006916046143,-4.045022964477539,-4.556498050689697,-4.64957332611084,-4.719336032867432,-5.08315896987915,-5.588572978973389,-6.040237903594971,-5.139263153076172
2.0437471866607666,-0.19106772541999817,-2.674471855163574,-4.659365653991699,-5.2900824546813965,-5.393352031707764,-5.2552876472473145,-4.299328327178955,-1.9717122316360474,0.23411229252815247,0.1810407042503357,-2.0596089363098145,-3.1200203895568848,-4.436146259307861,-5.180453300476074,-5.5431389808654785,-6.505805969238281,-6.794715881347656,-6.224974632263184,-6.408184051513672,-5.3510236740112305,-5.489139556884766,-4.4341301918029785,-4.574394702911377,-5.236196041107178,-6.325271129608154,-6.173996925354004,-5.796332836151123,-5.079464912414551,-4.604790687561035,-4.464651107788086,-4.146990776062012,-3.313843011856079,-3.4875948429107666,-3.4338231086730957,-4.351836204528809,-4.2617011070251465,-3.9391040802001953,-3.9999899864196777,-4.548902988433838,-4.981494426727295,-5.69110631942749,-4.899101734161377
2.4631152153015137,1.5963166952133179,-0.8553407788276672,-2.705312967300415,-3.897615432739258,-4.304437160491943,-4.321328639984131,-4.401766777038574,-4.551141738891602,-2.6858232021331787,0.7450551986694336,2.0235040187835693,0.48056623339653015,-2.238981008529663,-3.2840700149536133,-3.8333370685577393,-4.4495344161987305,-5.513721942901611,-4.854649543762207,-4.454807281494141,-3.5520002841949463,-4.634936332702637,-4.262746334075928,-3.1994781494140625,-2.9491236209869385,-4.446199893951416,-5.018616199493408,-5.109652519226074,-5.10812520980835,-4.830793857574463,-4.814563274383545,-4.8524169921875,-3.357879877090454,-3.5686614513397217,-3.7643823623657227,-4.020249843597412,-3.3280835151672363,-2.670727252960205,-2.5601449012756348,-3.0778825283050537,-3.5480849742889404,-4.1214494705200195,-4.454973220825195
3.339015007019043,2.875016450881958,0.5203730463981628,-0.008940452709794044,-1.2134860754013062,-2.0309720039367676,-2.1723532676696777,-1.500429391860962,-1.2277642488479614,-1.0155808925628662,0.5303575992584229,2.7423062324523926,3.470334053039551,2.7356135845184326,0.8597067594528198,-1.2804187536239624,-1.3547635078430176,-1.7295533418655396,-3.5758273601531982,-4.523657321929932,-4.584423065185547,-5.812833309173584,-5.61611795425415,-4.1544880867004395,-2.6833035945892334,-3.41144061088562,-4.3586745262146,-4.336757183074951,-4.855993270874023,-5.154936790466309,-5.111743450164795,-4.753879070281982,-3.523202419281006,-3.213130474090576,-3.3110482692718506,-2.4614179134368896,-1.814346194267273,-1.61257004737854,-1.4645782709121704,-1.9041876792907715,-2.8047032356262207,-3.4111270904541016,-3.54217267036438
4.019604682922363,3.162304401397705,2.642798662185669,3.634800910949707,2.9950482845306396,1.7398004531860352,2.257061004638672,3.0103981494903564,4.722304821014404,5.212621212005615,2.2052347660064697,0.043737173080444336,2.655529260635376,3.891824245452881,3.8183982372283936,2.8390002250671387,2.078765630722046,0.26109227538108826,-2.0797078609466553,-4.425605773925781,-5.617453098297119,-5.655421733856201,-4.841461181640625,-4.655497074127197,-4.216073989868164,-4.107304096221924,-3.7680673599243164,-3.742551326751709,-4.431586265563965,-4.559086799621582,-4.4602837562561035,-4.0176286697387695,-3.549738645553589,-2.048804759979248,-1.2551453113555908,-0.425455242395401,-0.5986223220825195,-1.0677533149719238,-1.8625472784042358,-1.812304973602295,-1.8824182748794556,-2.3492207527160645,-2.7428171634674072
0.9931408166885376,4.657872200012207,4.868692398071289,5.289238929748535,4.393611431121826,2.8373947143554688,2.4640140533447266,2.9091172218322754,4.273697376251221,4.477278709411621,3.085059642791748,0.08248975872993469,-0.20441077649593353,2.0510830879211426,2.124324083328247,3.0875134468078613,1.4918513298034668,1.9740090370178223,0.37903058528900146,-0.42471322417259216,-1.5703248977661133,-1.8741868734359741,-1.284505844116211,-2.48201322555542,-4.619116306304932,-4.7770795822143555,-4.081313610076904,-4.06947660446167,-4.480722427368164,-4.027694225311279,-3.4556167125701904,-3.036670446395874,-1.939429521560669,-0.4234946370124817,0.539623498916626,0.33958709239959717,-0.734272837638855,-0.8466623425483704,-1.1674245595932007,-1.035968542098999,-0.9543118476867676,-2.0244178771972656,-2.7637786865234375
-3.1471920013427734,4.550394535064697,5.559171199798584,4.982857704162598,3.1388156414031982,1.42423677444458,0.8431973457336426,1.4876224994659424,3.974215507507324,3.721221685409546,2.6725809574127197,0.39068910479545593,-1.4606164693832397,-0.24706393480300903,-1.52085542678833,-1.1419388055801392,-1.1700048446655273,-0.533319354057312,0.3208777606487274,1.0819898843765259,-0.4232965111732483,-0.98716139793396,0.04410076513886452,-0.7399929165840149,-2.7595059871673584,-3.651271104812622,-3.82538104057312,-3.911660671234131,-3.8128039836883545,-3.2330832481384277,-2.363187313079834,-1.6270637512207031,-1.0416419506072998,-0.2709691524505615,-0.14157624542713165,-0.25290876626968384,-1.4632716178894043,-1.7533458471298218,-0.49837398529052734,-0.02971438691020012,-0.934370219707489,-2.393447160720825,-3.0309994220733643
-3.3150453567504883,2.3113508224487305,3.3091585636138916,2.134639024734497,1.478788137435913,0.7450756430625916,0.2412949949502945,0.39974966645240784,2.851675033569336,4.419678211212158,2.23152756690979,-0.8946961760520935,-3.3342437744140625,-2.964726686477661,-4.022325038909912,-4.334208965301514,-4.374999523162842,-4.378278732299805,-3.4675629138946533,-2.699704170227051,-1.928372859954834,-2.005808115005493,-2.6885499954223633,-2.8541059494018555,-2.7880566120147705,-2.871424436569214,-3.340832233428955,-3.2525992393493652,-3.036478042602539,-2.6251418590545654,-2.581953525543213,-2.063682794570923,-2.21471905708313,-2.4598405361175537,-2.57356595993042,-1.5964503288269043,-0.8156293034553528,-1.0930672883987427,-1.2265573740005493,-0.8244819641113281,-0.2147464007139206,-1.0648078918457031,-3.7170586585998535
-1.6175892353057861,0.6278993487358093,-0.81170254945755,-0.8691285252571106,0.010391194373369217,1.1408965587615967,1.3584667444229126,0.8694592714309692,1.6791435480117798,5.576425075531006,2.5412380695343018,-2.731224298477173,-4.798644542694092,-3.7540783882141113,-3.554332971572876,-4.209873199462891,-4.655598163604736,-4.391167640686035,-4.019191265106201,-4.428433895111084,-3.758030652999878,-3.9593420028686523,-4.228605270385742,-4.564206123352051,-4.501513957977295,-4.311642169952393,-4.390842437744141,-4.3848090171813965,-4.134863376617432,-3.7264721393585205,-3.8909974098205566,-3.4788994789123535,-3.596492052078247,-3.479031801223755,-3.1566014289855957,-2.7648823261260986,-1.1775734424591064,0.2214813530445099,-0.599507212638855,-1.8187344074249268,-0.7965470552444458,-2.096463680267334,-6.2854905128479
0.3106382191181183,0.6322190165519714,-0.6021891236305237,-0.46641743183135986,0.9585898518562317,2.7944607734680176,3.2117514610290527,2.300760507583618,1.3936355113983154,4.382806777954102,3.6765828132629395,-2.776853561401367,-5.385857105255127,-4.194631099700928,-3.201918125152588,-3.6843340396881104,-3.93564510345459,-4.309502124786377,-3.7431960105895996,-4.533419132232666,-4.234989166259766,-4.254570960998535,-4.120803356170654,-4.470179080963135,-3.9958033561706543,-4.4989471435546875,-5.2305192947387695,-5.004325866699219,-4.647736072540283,-3.9773826599121094,-3.9159648418426514,-3.1142630577087402,-2.6410136222839355,-2.4928951263427734,-2.7587056159973145,-2.8365325927734375,-2.3182480335235596,-0.6291819214820862,0.8595778346061707,0.03898833319544792,-2.270909547805786,-5.490306854248047,-6.403561115264893
