data/wind_data/wind_49_4.json
{"header": {"parameterUnit": "KT", "parameterCategory": 2, "nx": 256, "ny": 198, "lo1": 44.73521041870117, "la1": -3.236724853515625, "lo2": 111.26478576660156, "la2": 43.468475341796875, "dx": 0.2609002888202667, "dy": -0.23708222806453705, "refTime": "2025-02-21 01:00:00", "forecastTime": 0, "parameterNumber": 2, "parameterNumberName": "eastward_wind"}, "data":
[rows 133 to 151 of 198, columns 88 to 131 of 256]
26.8226261138916,24.861648559570312,24.60420799255371,25.210887908935547,26.65736198425293,27.759458541870117,28.8607177734375,30.223234176635742,31.892322540283203,30.475353240966797,25.812490463256836,23.237632751464844,22.89964485168457,23.19112205505371,23.259613037109375,23.29000473022461,23.662519454956055,24.307472229003906,24.963350296020508,25.379533767700195,25.530202865600586,25.637861251831055,25.970535278320312,26.70712661743164,27.740827560424805,28.663972854614258,29.203447341918945,29.354297637939453,29.328954696655273,29.54892921447754,30.247825622558594,31.112689971923828,31.595264434814453,31.28493881225586,30.19344139099121,28.9913330078125,28.114965438842773,27.329288482666016,26.250503540039062,25.447769165039062,25.666427612304688,27.323589324951172,30.445993423461914,33.68966293334961
30.882518768310547,27.595247268676758,23.69068717956543,24.133848190307617,26.492387771606445,28.39670181274414,29.233036041259766,29.49163818359375,30.465538024902344,32.79667663574219,30.817386627197266,26.627737045288086,23.61850357055664,22.267227172851562,22.547452926635742,23.527626037597656,24.28799819946289,24.898305892944336,25.310749053955078,25.555301666259766,25.871313095092773,26.295028686523438,26.9088077545166,27.858356475830078,28.954845428466797,29.716279983520508,29.850204467773438,29.58673095703125,29.527854919433594,30.097606658935547,31.024139404296875,31.812881469726562,31.99557876586914,31.26972007751465,29.78545379638672,28.517276763916016,27.90755271911621,27.216875076293945,26.251277923583984,26.627899169921875,28.891088485717773,31.03661346435547,32.094932556152344,31.48930549621582
31.421100616455078,28.58263397216797,25.96253204345703,25.239408493041992,26.25480842590332,28.001501083374023,28.960643768310547,28.96137046813965,27.34428596496582,28.63578987121582,28.444435119628906,24.11327362060547,22.350093841552734,22.520841598510742,23.118209838867188,23.904495239257812,24.78621482849121,25.41657066345215,25.700634002685547,26.064075469970703,26.640182495117188,27.28992462158203,28.092252731323242,29.00792694091797,29.689882278442383,29.832412719726562,29.64569664001465,29.657276153564453,30.105606079101562,30.861948013305664,31.509614944458008,31.7344913482666,31.262224197387695,30.094402313232422,28.722042083740234,28.203569412231445,29.400196075439453,30.98593521118164,30.993000030517578,31.18692970275879,32.637184143066406,33.624595642089844,34.7222900390625,35.83136749267578
29.581295013427734,26.45421028137207,25.81208038330078,25.813343048095703,25.37649154663086,25.31261444091797,25.840042114257812,25.966272354125977,24.521465301513672,25.73160171508789,25.901281356811523,22.832090377807617,22.19573402404785,22.776920318603516,23.561086654663086,24.43182945251465,25.229887008666992,25.739986419677734,26.177654266357422,26.806734085083008,27.520015716552734,28.234445571899414,28.888578414916992,29.36334800720215,29.57171058654785,29.645627975463867,29.855445861816406,30.180387496948242,30.54078483581543,30.968158721923828,31.186250686645508,30.941715240478516,29.83831214904785,28.051681518554688,26.904756546020508,28.525646209716797,32.963932037353516,37.118412017822266,38.42054748535156,37.02971267700195,34.8353271484375,35.089698791503906,39.45962905883789,45.043922424316406
29.596385955810547,28.086864471435547,28.00034523010254,28.450788497924805,26.34536361694336,23.533748626708984,23.569183349609375,23.913049697875977,22.44870948791504,23.758716583251953,24.23927879333496,23.191242218017578,23.188549041748047,23.537092208862305,24.00435447692871,24.696775436401367,25.407487869262695,25.910001754760742,26.400279998779297,26.982255935668945,27.64733123779297,28.29703140258789,28.80169677734375,29.281328201293945,29.836984634399414,30.33890151977539,30.48065948486328,30.30950355529785,30.328020095825195,30.634117126464844,30.595232009887695,29.72113800048828,27.797494888305664,25.299570083618164,24.500537872314453,27.451282501220703,33.169193267822266,38.30280303955078,40.46378707885742,39.09449768066406,39.45283126831055,43.63446044921875,48.45545196533203,53.173583984375
29.156478881835938,28.714921951293945,27.84202766418457,27.475419998168945,24.59011459350586,22.63400650024414,23.902667999267578,23.876476287841797,21.205331802368164,21.491262435913086,22.705154418945312,22.96440887451172,23.683452606201172,24.330427169799805,24.78471565246582,25.25889015197754,25.563873291015625,25.604206085205078,25.753137588500977,26.210174560546875,27.006206512451172,27.918840408325195,28.822986602783203,29.777605056762695,30.481388092041016,30.584836959838867,30.216278076171875,29.95790672302246,30.121707916259766,30.151546478271484,29.241680145263672,27.26463508605957,24.72541046142578,22.563926696777344,22.28998565673828,25.216415405273438,30.504613876342773,34.54595947265625,36.57838821411133,39.50364685058594,45.480125427246094,52.80052185058594,58.799293518066406,63.19374084472656
26.47928237915039,26.040096282958984,24.364788055419922,23.442440032958984,21.681127548217773,20.796924591064453,24.10211753845215,25.31148338317871,22.642805099487305,20.994131088256836,21.49932098388672,22.307273864746094,23.87221336364746,24.99358367919922,25.283222198486328,25.13375473022461,24.79522132873535,24.5090274810791,24.718517303466797,25.5174503326416,26.795230865478516,28.15793800354004,29.244653701782227,29.8452205657959,29.980562210083008,29.824321746826172,29.66811752319336,29.705888748168945,29.627899169921875,28.50455093383789,26.120534896850586,23.5158634185791,21.57684326171875,20.179174423217773,19.127607345581055,21.03766632080078,27.1842041015625,31.24667739868164,33.04222106933594,39.25513458251953,48.25194549560547,56.752410888671875,64.05814361572266,69.40438079833984
24.51776123046875,23.157072067260742,20.717023849487305,20.072851181030273,19.892988204956055,19.574190139770508,22.762714385986328,25.037281036376953,22.960412979125977,21.02674674987793,20.849031448364258,21.719701766967773,23.74658203125,25.02680778503418,24.93837547302246,24.2310848236084,23.643234252929688,23.57460594177246,24.22066879272461,25.393207550048828,26.956161499023438,28.177183151245117,28.746801376342773,28.979541778564453,29.234220504760742,29.30236053466797,29.04108428955078,28.440738677978516,27.0881404876709,24.62732696533203,22.039186477661133,20.446001052856445,19.67279624938965,17.710359573364258,15.137430191040039,14.290264129638672,19.643115997314453,28.495912551879883,38.14362716674805,47.921688079833984,54.76786804199219,58.173309326171875,62.88182067871094,66.8438491821289
22.424057006835938,20.981645584106445,19.378995895385742,19.713539123535156,20.106233596801758,18.603466033935547,21.307849884033203,23.06936264038086,22.28720474243164,22.075742721557617,21.697114944458008,22.163022994995117,23.532405853271484,24.328018188476562,24.205453872680664,23.596635818481445,23.163803100585938,23.27536964416504,23.914932250976562,24.97679901123047,26.36617660522461,27.382631301879883,27.958372116088867,28.444795608520508,28.78385353088379,28.38739013671875,27.13640785217285,25.080970764160156,22.442689895629883,19.73248863220215,18.367673873901367,17.656776428222656,16.53000831604004,14.235759735107422,14.322739601135254,18.0557918548584,23.51140594482422,34.4559211730957,49.42286682128906,60.73276138305664,62.91145706176758,60.05480194091797,60.21357727050781,63.599525451660156
19.768810272216797,19.734291076660156,20.780481338500977,22.31049156188965,21.403905868530273,17.903898239135742,19.230331420898438,22.59447479248047,23.220108032226562,24.210607528686523,24.283721923828125,23.93238067626953,23.659748077392578,23.50079345703125,23.321212768554688,23.01371192932129,22.975290298461914,23.122276306152344,23.328927993774414,24.00005340576172,25.3680362701416,26.584327697753906,27.366207122802734,27.7698917388916,27.42205810546875,26.083599090576172,23.913557052612305,21.00277328491211,18.196483612060547,15.649471282958984,14.530754089355469,14.416423797607422,15.692119598388672,19.530467987060547,27.180309295654297,35.92578125,40.678768157958984,47.502403259277344,60.7169303894043,67.51966857910156,64.25529479980469,58.99317169189453,59.24134826660156,62.05366897583008
17.951627731323242,19.527610778808594,22.226770401000977,23.88105010986328,24.207294464111328,20.663164138793945,18.387653350830078,23.406705856323242,25.44226837158203,26.966064453125,26.947620391845703,25.539758682250977,24.04322052001953,23.131553649902344,22.549137115478516,22.35175323486328,23.224546432495117,24.28426170349121,24.472763061523438,24.284700393676758,24.898204803466797,25.7204647064209,26.16558265686035,25.877286911010742,24.53536033630371,22.681995391845703,20.60679054260254,17.659170150756836,14.814303398132324,12.518577575683594,11.366512298583984,12.287992477416992,17.710695266723633,27.04800033569336,36.93880844116211,45.688106536865234,50.672035217285156,55.80927276611328,65.32672119140625,67.81698608398438,64.28204345703125,61.82448196411133,61.41312789916992,62.058746337890625
18.546615600585938,20.585248947143555,22.796958923339844,23.519208908081055,22.631956100463867,20.36366081237793,19.256921768188477,20.1109676361084,25.069581985473633,29.001712799072266,28.314891815185547,25.50611114501953,23.311676025390625,22.280399322509766,21.732669830322266,22.085546493530273,23.692493438720703,25.64324951171875,26.751184463500977,26.43755531311035,25.87253189086914,25.062576293945312,23.841440200805664,22.38627815246582,20.651649475097656,19.114953994750977,17.582849502563477,14.775362968444824,12.218401908874512,11.502365112304688,12.378530502319336,14.564708709716797,17.23154640197754,25.734010696411133,35.97924041748047,40.8586311340332,47.217830657958984,59.01140594482422,68.14278411865234,67.89531707763672,64.40937805175781,61.87153244018555,60.383602142333984,59.71010971069336
20.32016944885254,20.530214309692383,19.9522762298584,18.72217559814453,17.208251953125,17.46479606628418,18.748743057250977,21.351844787597656,23.239852905273438,26.213741302490234,26.159835815429688,23.809720993041992,21.641204833984375,21.11121368408203,21.48871421813965,22.463748931884766,24.00457763671875,25.697240829467773,26.932363510131836,27.060577392578125,26.359891891479492,24.152008056640625,20.976490020751953,18.387977600097656,16.972551345825195,16.4323787689209,15.68703842163086,13.438876152038574,11.885248184204102,13.286178588867188,17.545024871826172,19.206554412841797,18.805049896240234,23.14396095275879,33.57734680175781,39.21223068237305,47.25905990600586,61.0582160949707,65.25765228271484,61.6275634765625,56.66420364379883,53.99694061279297,52.55782699584961,51.394500732421875
20.970539093017578,18.439172744750977,17.226621627807617,16.982210159301758,16.39158058166504,17.202816009521484,17.093107223510742,19.62828254699707,22.02118492126465,23.82907485961914,23.69285011291504,22.510522842407227,21.07315444946289,21.50594139099121,22.843652725219727,23.98214340209961,24.854019165039062,25.36058807373047,25.355314254760742,24.579429626464844,23.471662521362305,21.458044052124023,18.229211807250977,15.482341766357422,14.875222206115723,15.38476848602295,15.318509101867676,14.596091270446777,14.247682571411133,15.878711700439453,18.64862632751465,19.828088760375977,20.970285415649414,26.099889755249023,36.6436882019043,46.46299362182617,52.93973922729492,55.173614501953125,52.84043884277344,50.63702392578125,49.81551742553711,49.089351654052734,43.94438171386719,40.40211868286133
20.624971389770508,15.929262161254883,16.304611206054688,17.746610641479492,17.296613693237305,17.825336456298828,17.509071350097656,16.9604549407959,19.78466033935547,22.68303871154785,22.536426544189453,21.779918670654297,20.760526657104492,21.967267990112305,24.114086151123047,25.19515609741211,25.135814666748047,24.23055076599121,22.953981399536133,21.31816291809082,19.91255760192871,18.581945419311523,16.560245513916016,14.74941349029541,14.8719482421875,15.847495079040527,17.212661743164062,19.25487518310547,19.92556381225586,18.908645629882812,17.971328735351562,18.267663955688477,21.420211791992188,29.5033016204834,41.75667190551758,49.95181655883789,49.60076141357422,42.610740661621094,39.61371994018555,42.82601547241211,45.59760665893555,46.28871154785156,39.83639144897461,36.3748893737793
20.628896713256836,16.67516326904297,14.664216995239258,16.083126068115234,16.88848304748535,18.820711135864258,19.83660125732422,15.343530654907227,17.08710289001465,20.869840621948242,22.16450309753418,22.342327117919922,21.491559982299805,22.602542877197266,24.54281997680664,24.920671463012695,24.03734016418457,22.402700424194336,21.03963851928711,19.70214080810547,18.239070892333984,16.944232940673828,15.862312316894531,15.218741416931152,15.493103981018066,16.97384262084961,21.63653564453125,23.949993133544922,22.056438446044922,20.34576416015625,19.80873680114746,20.6204833984375,25.88916778564453,36.39292526245117,44.872100830078125,45.558921813964844,41.28456115722656,37.52262878417969,38.03496170043945,40.07476043701172,43.30970764160156,45.63766860961914,42.84724044799805,38.02518844604492
18.184850692749023,14.055654525756836,13.998420715332031,16.76288414001465,17.927165985107422,18.99896240234375,21.945186614990234,18.191762924194336,15.796799659729004,19.511564254760742,22.209627151489258,23.606626510620117,24.18068504333496,24.561368942260742,24.266021728515625,23.658824920654297,23.155027389526367,21.700599670410156,19.630382537841797,18.090639114379883,16.93922996520996,16.145771026611328,15.625307083129883,15.742185592651367,16.153284072875977,18.61675453186035,23.229543685913086,22.47191619873047,19.71593475341797,20.383838653564453,23.737878799438477,27.579988479614258,34.10211181640625,42.30087661743164,43.4982795715332,39.49440383911133,37.382545471191406,36.629146575927734,36.0865364074707,36.49565887451172,39.471092224121094,43.98572540283203,42.85493850708008,40.83354568481445
15.896613121032715,12.3833646774292,11.970726013183594,16.421836853027344,21.049142837524414,21.815963745117188,23.31763458251953,21.26760482788086,18.901288986206055,18.58094024658203,20.939632415771484,23.378786087036133,25.32933235168457,25.922170639038086,23.988590240478516,21.782119750976562,20.866905212402344,19.322811126708984,16.328916549682617,14.658031463623047,14.250141143798828,14.595993041992188,15.03696060180664,15.750576972961426,16.78466033935547,20.16974449157715,20.310077667236328,20.22947883605957,19.642520904541016,22.249099731445312,26.560148239135742,31.35638427734375,37.45560073852539,41.02060317993164,39.3524169921875,35.3465576171875,31.04526710510254,29.83070945739746,31.028457641601562,32.92477035522461,35.09525680541992,37.46976089477539,38.46269226074219,40.781497955322266
14.220487594604492,13.473015785217285,13.688996315002441,16.223417282104492,20.378259658813477,22.390485763549805,22.8907527923584,23.03940200805664,22.859928131103516,21.662492752075195,20.917198181152344,20.25375747680664,20.436527252197266,21.06116485595703,19.696697235107422,17.389572143554688,15.494974136352539,13.769580841064453,12.201571464538574,11.904815673828125,11.880050659179688,12.687026023864746,13.998332977294922,15.848174095153809,18.36145782470703,18.639554977416992,18.571767807006836,18.433353424072266,20.825857162475586,25.10630989074707,29.91938591003418,33.061092376708984,34.91487503051758,34.31672286987305,31.570419311523438,25.13614845275879,23.717079162597656,27.424644470214844,29.833707809448242,30.753156661987305,30.2686824798584,31.986064910888672,35.67487716674805,36.66948699951172
