data/wind_data/wind_28_3.json
{"header": {"parameterUnit": "KT", "parameterCategory": 2, "nx": 256, "ny": 198, "lo1": 44.73521041870117, "la1": -3.236724853515625, "lo2": 111.26478576660156, "la2": 43.468475341796875, "dx": 0.2609002888202667, "dy": -0.23708222806453705, "refTime": "2025-02-20 04:00:00", "forecastTime": 0, "parameterNumber": 2, "parameterNumberName": "eastward_wind"}, "data":
[rows 95 to 113 of 198, columns 0 to 43 of 256]
17.44929313659668,17.382362365722656,17.510700225830078,18.830530166625977,20.270090103149414,20.937088012695312,21.41248893737793,21.053333282470703,19.986644744873047,19.01677131652832,18.391029357910156,18.2769718170166,18.618608474731445,19.05613899230957,19.57314109802246,20.472496032714844,21.652402877807617,22.873228073120117,24.02643394470215,24.97878646850586,25.503801345825195,25.48221778869629,24.93147087097168,23.879457473754883,22.415807723999023,20.846771240234375,19.49319076538086,18.576425552368164,18.383686065673828,18.54217529296875,18.415481567382812,18.1545352935791,17.864316940307617,17.147947311401367,16.18355369567871,15.603015899658203,15.533052444458008,15.447525024414062,14.79623031616211,13.499820709228516,11.832927703857422,10.333881378173828,9.453076362609863,9.008597373962402
23.801780700683594,21.769269943237305,20.66159439086914,20.724267959594727,21.76043128967285,22.1457576751709,22.441987991333008,22.366458892822266,21.332164764404297,20.006057739257812,19.049774169921875,18.65176010131836,18.945417404174805,19.35749626159668,19.379241943359375,19.62255096435547,20.62052345275879,22.122745513916016,23.650117874145508,24.8386287689209,25.50648307800293,25.566001892089844,25.05123519897461,24.120031356811523,22.991369247436523,21.94771957397461,21.101871490478516,20.41790199279785,20.094179153442383,20.061491012573242,19.800411224365234,19.277446746826172,18.75322151184082,18.0745849609375,17.22251319885254,16.495555877685547,16.196226119995117,16.196924209594727,15.696432113647461,14.326617240905762,12.555343627929688,11.006343841552734,9.907546997070312,9.164491653442383
27.852874755859375,24.980302810668945,23.041217803955078,22.670631408691406,23.755380630493164,24.07480239868164,24.18927001953125,24.40793800354004,23.658044815063477,21.792661666870117,20.319671630859375,19.730886459350586,19.75946807861328,20.02278709411621,19.955657958984375,19.804719924926758,20.382095336914062,21.76197624206543,23.337331771850586,24.516965866088867,25.051807403564453,24.95720672607422,24.301258087158203,23.478397369384766,22.843639373779297,22.411954879760742,22.07532501220703,21.780580520629883,21.571205139160156,21.419130325317383,21.077007293701172,20.526376724243164,19.996620178222656,19.406909942626953,18.575639724731445,17.53396224975586,16.77954864501953,16.58142852783203,15.936513900756836,14.530470848083496,12.986175537109375,11.688241958618164,10.606633186340332,9.807845115661621
29.700830459594727,27.470762252807617,24.89610481262207,23.997638702392578,24.973526000976562,25.607454299926758,25.601978302001953,25.897287368774414,25.705171585083008,23.956703186035156,21.97120475769043,21.087526321411133,20.82836151123047,20.637208938598633,20.4547061920166,20.365562438964844,20.70976448059082,21.73670768737793,23.07375717163086,24.154979705810547,24.687129974365234,24.598365783691406,24.028018951416016,23.465484619140625,23.231922149658203,23.159488677978516,23.045997619628906,22.927549362182617,22.77649688720703,22.521587371826172,22.10572052001953,21.610021591186523,21.17387580871582,20.62589454650879,19.657018661499023,18.31009292602539,17.16168975830078,16.450485229492188,15.60651969909668,14.481331825256348,13.30445384979248,12.13892936706543,11.13102912902832,10.66311264038086
29.732873916625977,28.45635986328125,25.860931396484375,24.297210693359375,24.755342483520508,25.881132125854492,26.188894271850586,26.3271484375,26.423540115356445,25.464000701904297,23.78738021850586,22.580381393432617,21.820812225341797,21.054527282714844,20.54616928100586,20.565908432006836,20.931489944458008,21.579269409179688,22.595197677612305,23.811798095703125,24.773996353149414,25.025657653808594,24.68844223022461,24.37026596069336,24.326942443847656,24.35144805908203,24.21514129638672,24.024539947509766,23.796937942504883,23.415470123291016,22.923601150512695,22.435606002807617,21.89986801147461,21.022397994995117,19.700727462768555,18.200456619262695,16.871885299682617,15.947425842285156,15.401260375976562,14.881487846374512,13.914497375488281,12.590413093566895,11.47079086303711,11.194319725036621
28.19219970703125,27.953393936157227,26.100120544433594,24.386014938354492,24.64563751220703,25.710750579833984,26.37531280517578,26.226919174194336,26.12645721435547,25.69254493713379,24.83229637145996,23.694311141967773,22.469837188720703,21.229068756103516,20.397756576538086,20.356353759765625,20.667871475219727,21.144241333007812,21.934213638305664,23.150150299072266,24.490734100341797,25.339527130126953,25.551685333251953,25.514638900756836,25.33700180053711,25.077852249145508,24.785633087158203,24.5277156829834,24.231788635253906,23.786357879638672,23.30181884765625,22.82237434387207,22.028928756713867,20.719141006469727,19.129356384277344,17.66636848449707,16.582551956176758,15.974663734436035,15.799576759338379,15.598288536071777,14.650713920593262,13.098535537719727,11.755208969116211,11.392085075378418
28.272056579589844,28.24386215209961,26.984216690063477,25.41814422607422,25.75434684753418,26.185829162597656,26.97539710998535,26.50103187561035,25.498125076293945,25.040117263793945,24.991939544677734,24.301977157592773,22.805967330932617,21.309804916381836,20.339580535888672,20.187551498413086,20.402158737182617,20.782203674316406,21.35017967224121,21.99739646911621,22.981176376342773,24.23064422607422,25.243152618408203,25.631240844726562,25.213420867919922,24.472848892211914,23.964719772338867,23.78961181640625,23.64049530029297,23.317800521850586,22.92688751220703,22.431795120239258,21.449708938598633,20.043994903564453,18.653518676757812,17.562652587890625,16.91253089904785,16.705867767333984,16.668136596679688,16.348773956298828,15.361379623413086,13.743563652038574,12.267690658569336,11.770071029663086
28.72310447692871,28.684232711791992,28.12669563293457,27.29497718811035,27.713651657104492,27.51541519165039,27.87910270690918,26.958581924438477,25.36009407043457,24.504365921020508,24.893823623657227,24.931039810180664,23.522594451904297,21.87331771850586,20.704082489013672,19.934642791748047,19.759929656982422,20.115877151489258,20.645498275756836,20.80109214782715,20.97272491455078,21.82807159423828,23.085763931274414,23.734352111816406,23.236886978149414,22.45491600036621,22.159530639648438,22.21465301513672,22.260005950927734,22.0792179107666,21.839536666870117,21.5516300201416,20.81283187866211,19.72533416748047,18.798198699951172,18.16901206970215,17.751659393310547,17.561317443847656,17.470945358276367,17.027727127075195,15.986564636230469,14.459406852722168,13.034709930419922,12.63237476348877
29.23454475402832,29.470497131347656,29.33184814453125,29.024885177612305,29.20038604736328,28.920764923095703,28.763431549072266,27.83989143371582,26.200759887695312,25.270893096923828,25.426074981689453,25.733579635620117,24.76248550415039,22.827987670898438,20.957677841186523,19.086288452148438,17.818660736083984,17.869665145874023,18.545242309570312,19.264110565185547,19.65436553955078,20.003665924072266,20.574827194213867,20.892621994018555,20.669395446777344,20.033321380615234,19.500566482543945,19.653100967407227,20.29566764831543,20.87598419189453,21.072538375854492,20.915206909179688,20.51403045654297,20.024534225463867,19.649494171142578,19.294649124145508,18.808349609375,18.279001235961914,17.963729858398438,17.603534698486328,16.67926788330078,15.37033462524414,14.24169921875,14.07082462310791
30.847082138061523,30.86643409729004,30.407297134399414,29.736902236938477,29.476673126220703,29.3559513092041,29.42012596130371,29.25396156311035,27.547378540039062,26.442106246948242,26.363386154174805,26.388591766357422,25.70155906677246,23.868534088134766,21.500707626342773,19.02091407775879,16.986223220825195,16.281639099121094,16.49700355529785,17.80030059814453,19.044307708740234,19.412870407104492,19.40702247619629,19.160139083862305,18.724536895751953,18.267202377319336,17.716569900512695,17.57590103149414,18.259929656982422,19.40677833557129,20.33051872253418,20.831480026245117,20.97397804260254,20.868295669555664,20.63054084777832,20.23455810546875,19.604856491088867,18.81758689880371,18.252283096313477,17.96003532409668,17.346345901489258,16.471542358398438,15.865352630615234,15.839601516723633
32.7558708190918,32.002437591552734,31.19078254699707,30.18376922607422,29.459287643432617,29.471406936645508,30.31523895263672,30.802814483642578,28.856670379638672,27.33728790283203,27.158573150634766,27.10115623474121,26.374887466430664,24.770795822143555,22.685800552368164,20.320690155029297,18.293594360351562,17.083782196044922,17.244831085205078,18.612838745117188,19.510826110839844,19.575166702270508,18.906982421875,17.847455978393555,17.378385543823242,16.89620590209961,16.373735427856445,16.247854232788086,16.658613204956055,17.65154266357422,19.051841735839844,20.455867767333984,21.320331573486328,21.394933700561523,20.95870018005371,20.389314651489258,19.809511184692383,19.10841178894043,18.32571792602539,17.88679313659668,17.787851333618164,17.592716217041016,17.202129364013672,17.555362701416016
35.307865142822266,33.645076751708984,32.13178253173828,31.119070053100586,30.515552520751953,30.920015335083008,32.00537872314453,32.31028366088867,29.310211181640625,27.221281051635742,27.32516098022461,27.63172721862793,26.891149520874023,25.296648025512695,23.411235809326172,21.361679077148438,19.536169052124023,18.45636558532715,18.462873458862305,19.646394729614258,20.220632553100586,19.458515167236328,17.506053924560547,15.638699531555176,15.312227249145508,16.336524963378906,17.721681594848633,18.460037231445312,18.569860458374023,18.54193115234375,18.684925079345703,19.1702823638916,19.714618682861328,19.822952270507812,19.43885040283203,18.959728240966797,18.721546173095703,18.578702926635742,18.223764419555664,17.70290184020996,17.35011100769043,17.603235244750977,18.214256286621094,19.501981735229492
36.73833465576172,34.6031608581543,32.64240646362305,31.816892623901367,32.137847900390625,33.257423400878906,33.93674087524414,32.72318649291992,28.36445426940918,26.502117156982422,26.996103286743164,27.47036361694336,27.124164581298828,25.778295516967773,24.022064208984375,22.4805908203125,21.13072967529297,20.77177619934082,19.663129806518555,20.39339256286621,20.39881706237793,17.87519073486328,15.537762641906738,14.482039451599121,14.620617866516113,15.67249584197998,16.828983306884766,17.208404541015625,16.24394416809082,15.768926620483398,15.942415237426758,16.35014533996582,16.935142517089844,17.294692993164062,17.227712631225586,17.09033203125,17.31578826904297,17.833221435546875,18.1989688873291,18.145557403564453,17.66693878173828,17.526384353637695,18.5730037689209,20.987945556640625
36.49425506591797,34.57855224609375,32.72312545776367,32.104862213134766,32.964515686035156,34.63098907470703,34.98103332519531,32.673641204833984,28.577503204345703,27.291099548339844,27.298463821411133,27.527456283569336,27.34246253967285,26.449024200439453,25.183012008666992,24.20448875427246,23.53445816040039,23.085845947265625,22.06053924560547,20.913005828857422,19.859743118286133,18.672771453857422,18.140718460083008,17.78034210205078,16.945602416992188,16.373065948486328,17.449731826782227,19.457542419433594,20.108924865722656,19.213233947753906,18.33434295654297,18.375614166259766,18.74648666381836,18.576122283935547,17.861042022705078,17.282978057861328,17.354782104492188,17.94761085510254,18.58688735961914,18.918485641479492,18.98453712463379,18.910722732543945,20.032928466796875,21.79879379272461
35.73078918457031,34.38774871826172,32.93230056762695,32.42729187011719,32.92555236816406,34.579345703125,35.30216598510742,33.00682067871094,30.303281784057617,28.806427001953125,27.61981773376465,27.004526138305664,26.41692352294922,25.690093994140625,25.118919372558594,24.962446212768555,24.799638748168945,24.458749771118164,24.069276809692383,21.79589080810547,20.873098373413086,20.51029396057129,20.422088623046875,20.321699142456055,19.648916244506836,19.429548263549805,20.181203842163086,21.634212493896484,23.033058166503906,23.18674659729004,22.542184829711914,22.539920806884766,22.790912628173828,21.814971923828125,20.019729614257812,18.67328453063965,18.375349044799805,18.782711029052734,19.381380081176758,19.7712459564209,20.15369987487793,20.356645584106445,21.443256378173828,22.690568923950195
35.03014373779297,34.422298431396484,33.424686431884766,32.600189208984375,32.68741989135742,34.494667053222656,35.98113250732422,33.91128158569336,31.672260284423828,30.148332595825195,28.44675064086914,26.768259048461914,25.37015151977539,24.752960205078125,25.17700958251953,25.56893539428711,25.600051879882812,25.523792266845703,25.02431297302246,22.78447723388672,21.511314392089844,20.684751510620117,20.5465087890625,20.17393684387207,19.146337509155273,18.753080368041992,19.892969131469727,21.270679473876953,21.709932327270508,21.445297241210938,21.363298416137695,21.548433303833008,21.572526931762695,21.234304428100586,20.528430938720703,19.76070213317871,19.453506469726562,19.529800415039062,19.704788208007812,19.83314323425293,20.17376708984375,20.722450256347656,21.723812103271484,22.242263793945312
34.32260513305664,34.32442092895508,33.688148498535156,32.337982177734375,32.341312408447266,34.427120208740234,35.59341812133789,33.349849700927734,31.65216064453125,30.69062614440918,28.973888397216797,26.737815856933594,25.43064308166504,24.605661392211914,25.606365203857422,26.45490264892578,26.581283569335938,26.531221389770508,26.07774543762207,23.933414459228516,21.7562198638916,20.157499313354492,19.255889892578125,18.665576934814453,18.042701721191406,17.949716567993164,18.35110855102539,18.609737396240234,18.70027732849121,18.759511947631836,18.976398468017578,19.291793823242188,19.6217098236084,19.962596893310547,20.046043395996094,19.70210075378418,19.1414737701416,18.63992691040039,18.286561965942383,18.127037048339844,18.572124481201172,19.620866775512695,20.58372688293457,20.7637939453125
33.498512268066406,33.79903030395508,33.450016021728516,32.102943420410156,31.843969345092773,32.74872970581055,31.98948097229004,30.436180114746094,30.29150390625,29.549365997314453,27.529664993286133,25.759960174560547,24.991371154785156,24.697019577026367,25.638532638549805,27.00873565673828,27.703533172607422,27.72738265991211,27.095857620239258,24.895137786865234,22.194046020507812,20.141067504882812,18.824542999267578,18.56209373474121,18.77094841003418,18.74761962890625,18.210102081298828,17.551227569580078,17.312097549438477,17.451129913330078,17.746850967407227,18.058629989624023,18.29517936706543,18.423410415649414,18.291540145874023,17.800098419189453,16.977218627929688,16.07060432434082,15.685871124267578,15.877528190612793,16.70821762084961,18.02248191833496,19.079734802246094,19.41455078125
32.73978042602539,33.04391098022461,33.0731201171875,32.50039291381836,31.813447952270508,30.47132110595703,28.69278335571289,28.493860244750977,28.845048904418945,27.360483169555664,25.311864852905273,24.267723083496094,24.046527862548828,24.47085189819336,25.668800354003906,27.328340530395508,28.656841278076172,28.896474838256836,27.959848403930664,25.624866485595703,22.788246154785156,20.542219161987305,19.50417137145996,19.632787704467773,19.92577362060547,19.65024185180664,18.653125762939453,17.48308563232422,16.858503341674805,16.784494400024414,16.77552604675293,16.55852699279785,16.23153305053711,15.829843521118164,15.430066108703613,15.156651496887207,14.677395820617676,13.779939651489258,13.209785461425781,13.813267707824707,15.113499641418457,16.572052001953125,17.874027252197266,18.56615447998047
