data/wind_data/wind_17_3.json
{"header": {"parameterUnit": "KT", "parameterCategory": 2, "nx": 256, "ny": 198, "lo1": 44.73521041870117, "la1": -3.236724853515625, "lo2": 111.26478576660156, "la2": 43.468475341796875, "dx": 0.2609002888202667, "dy": -0.23708222806453705, "refTime": "2025-02-19 17:00:00", "forecastTime": 0, "parameterNumber": 2, "parameterNumberName": "eastward_wind"}, "data":
[rows 114 to 132 of 198, columns 132 to 175 of 256]
16.883949279785156,17.04802131652832,17.637035369873047,18.189132690429688,18.212139129638672,18.30865478515625,19.19023895263672,20.62565040588379,22.029525756835938,21.916358947753906,20.443403244018555,19.31364631652832,19.16737937927246,19.180051803588867,18.46306037902832,16.771909713745117,14.930985450744629,13.918705940246582,13.885738372802734,14.423669815063477,14.860376358032227,15.03099536895752,15.254098892211914,15.781682014465332,16.148818969726562,16.15139389038086,16.20942497253418,16.861051559448242,17.844091415405273,18.554967880249023,18.846769332885742,18.98361587524414,19.213106155395508,19.570457458496094,20.012989044189453,20.7390079498291,21.813501358032227,22.288776397705078,21.715896606445312,20.805959701538086,20.53731918334961,21.141342163085938,21.284473419189453,21.186630249023438
17.0611515045166,18.64568519592285,19.44070053100586,19.404613494873047,19.280370712280273,19.275236129760742,19.438627243041992,19.367095947265625,18.64277458190918,17.82818031311035,17.255477905273438,16.885602951049805,16.72496795654297,16.523380279541016,15.604283332824707,14.678515434265137,14.389931678771973,14.259553909301758,13.675749778747559,13.164073944091797,13.180580139160156,13.269003868103027,13.052475929260254,12.98636245727539,13.551895141601562,14.720532417297363,15.834718704223633,16.599885940551758,17.151775360107422,17.54887580871582,17.736530303955078,17.83802604675293,18.051916122436523,18.316781997680664,18.51970100402832,18.845354080200195,19.226882934570312,19.201704025268555,18.88923454284668,18.496620178222656,17.919986724853516,17.678510665893555,17.68962860107422,18.00934410095215
15.451950073242188,17.124103546142578,17.836673736572266,17.40201759338379,16.935382843017578,16.39557456970215,15.461103439331055,14.6964111328125,14.815681457519531,15.783516883850098,16.838911056518555,17.085590362548828,16.62525177001953,16.12505340576172,16.01169776916504,15.980417251586914,15.48232364654541,14.363441467285156,12.880343437194824,12.108701705932617,12.501762390136719,12.949840545654297,12.72633171081543,12.648479461669922,13.363533020019531,14.568679809570312,15.789677619934082,16.701168060302734,17.225505828857422,17.6636962890625,17.981435775756836,18.011730194091797,17.81597900390625,17.2032527923584,15.753493309020996,13.785788536071777,12.524072647094727,12.713927268981934,13.722018241882324,14.298460006713867,13.675475120544434,13.627555847167969,14.253960609436035,15.268585205078125
12.398513793945312,13.821881294250488,14.817014694213867,15.586930274963379,16.34737205505371,16.62024688720703,16.571495056152344,16.830135345458984,17.844738006591797,18.71917152404785,18.25287628173828,16.837696075439453,15.593376159667969,15.23756217956543,15.152369499206543,14.760761260986328,14.301362037658691,13.753756523132324,13.160945892333984,12.609199523925781,12.569156646728516,12.86445426940918,13.175003051757812,13.722665786743164,14.57394790649414,15.405872344970703,16.00058364868164,16.348186492919922,16.672584533691406,17.1107177734375,17.297441482543945,17.25216293334961,16.370115280151367,14.094168663024902,9.788846969604492,7.367588996887207,7.627097129821777,8.869216918945312,10.93366527557373,13.589936256408691,14.63653564453125,13.878287315368652,13.445621490478516,14.099370002746582
13.769471168518066,15.50316333770752,16.866575241088867,17.681365966796875,18.104536056518555,18.440996170043945,18.96012306213379,19.720571517944336,20.165538787841797,19.097455978393555,16.577199935913086,14.54934024810791,14.067688941955566,14.408233642578125,14.465780258178711,13.944048881530762,13.08635139465332,12.820308685302734,13.054362297058105,12.8560791015625,12.274426460266113,12.110723495483398,12.682381629943848,13.737203598022461,14.679168701171875,15.089405059814453,15.043810844421387,15.08456039428711,15.604253768920898,16.357685089111328,16.69574737548828,17.48234748840332,16.781360626220703,14.830705642700195,9.702644348144531,6.830986976623535,7.5034403800964355,8.646038055419922,9.655600547790527,11.314221382141113,12.783780097961426,12.95637035369873,12.847990989685059,13.342485427856445
15.85844898223877,16.496023178100586,17.39207649230957,18.200626373291016,19.002492904663086,19.46649169921875,18.898983001708984,17.9514102935791,16.923368453979492,15.633687019348145,14.560346603393555,14.348245620727539,14.601299285888672,14.621649742126465,14.489957809448242,14.30739974975586,13.863707542419434,13.526845932006836,13.389388084411621,13.066948890686035,11.728216171264648,10.819746017456055,11.422677993774414,12.670398712158203,13.562993049621582,13.727421760559082,13.850484848022461,14.805405616760254,16.1014347076416,17.979473114013672,19.594873428344727,21.99709701538086,23.737396240234375,22.33462905883789,17.77301597595215,14.255496978759766,12.356614112854004,11.315709114074707,13.80022144317627,18.649065017700195,21.615461349487305,17.164047241210938,13.44255256652832,12.421586990356445
17.09499740600586,17.75006103515625,18.478206634521484,19.27346420288086,19.480106353759766,18.114442825317383,15.823332786560059,14.365326881408691,14.073848724365234,14.4755859375,14.810833930969238,14.888357162475586,14.754526138305664,14.705245971679688,15.111883163452148,15.397930145263672,15.088512420654297,14.243512153625488,13.845512390136719,12.547456741333008,10.133750915527344,9.051336288452148,9.950048446655273,11.19360637664795,11.831831932067871,12.690827369689941,14.349570274353027,16.49148178100586,18.197731018066406,19.872791290283203,21.268762588500977,22.039268493652344,22.185224533081055,19.566072463989258,17.407033920288086,18.226051330566406,17.37742042541504,19.690994262695312,24.77010154724121,27.76751136779785,27.69700050354004,24.10598373413086,19.7639102935791,18.435152053833008
18.551559448242188,18.77360725402832,19.353666305541992,18.594541549682617,16.064491271972656,14.271204948425293,13.9678955078125,14.218168258666992,14.33017349243164,14.359057426452637,14.385170936584473,14.614725112915039,14.780797958374023,14.7595796585083,14.861539840698242,15.085171699523926,14.482659339904785,13.164965629577637,12.366987228393555,10.413280487060547,8.496642112731934,8.34731388092041,10.107386589050293,12.322549819946289,13.226016998291016,13.848076820373535,14.48376750946045,15.711699485778809,18.066438674926758,18.26289939880371,18.393953323364258,20.009923934936523,19.677352905273438,18.69884490966797,19.663105010986328,22.29265594482422,23.402929306030273,25.755115509033203,27.67803955078125,26.435937881469727,24.013246536254883,20.586915969848633,17.747314453125,17.240375518798828
14.682111740112305,14.20671558380127,12.956786155700684,12.081414222717285,12.752265930175781,13.592430114746094,13.825790405273438,13.708683967590332,13.558743476867676,13.549249649047852,13.659605026245117,13.812324523925781,13.997978210449219,14.117149353027344,14.231514930725098,13.980162620544434,12.860323905944824,11.595308303833008,10.252055168151855,8.73847770690918,8.502140998840332,10.073111534118652,12.753225326538086,15.077322006225586,13.414617538452148,10.77331829071045,11.206955909729004,15.660338401794434,21.963926315307617,21.959054946899414,24.170434951782227,25.773147583007812,23.902347564697266,25.535606384277344,26.079946517944336,25.36088752746582,24.2679443359375,25.156532287597656,24.281951904296875,19.01896858215332,14.633959770202637,9.599723815917969,12.265819549560547,16.164920806884766
13.039241790771484,12.710399627685547,12.420270919799805,12.692991256713867,12.747830390930176,12.473695755004883,12.547537803649902,12.877577781677246,12.829339981079102,12.333900451660156,12.074496269226074,12.442567825317383,13.00195026397705,13.327102661132812,13.526108741760254,13.294111251831055,14.040708541870117,14.160564422607422,12.615604400634766,10.29762077331543,9.119011878967285,9.38316822052002,10.452018737792969,12.502897262573242,11.979750633239746,11.426950454711914,13.74706745147705,21.924392700195312,27.314233779907227,30.598127365112305,29.76214027404785,26.478673934936523,22.37849235534668,25.27083969116211,29.078689575195312,27.934701919555664,24.124557495117188,23.047521591186523,22.177135467529297,16.479846954345703,12.20434284210205,9.87915325164795,14.833771705627441,14.557906150817871
14.647830963134766,14.1812744140625,13.368406295776367,11.816913604736328,10.175104141235352,9.874296188354492,10.760942459106445,11.416621208190918,11.646486282348633,12.005927085876465,12.29362964630127,12.4788236618042,12.539101600646973,12.560028076171875,12.58273696899414,13.444820404052734,14.917119979858398,14.917814254760742,13.13309097290039,11.430317878723145,10.782929420471191,11.230072975158691,12.666912078857422,15.62694263458252,18.67354393005371,22.097644805908203,25.376630783081055,26.088735580444336,25.084705352783203,26.939525604248047,23.04006576538086,20.377151489257812,23.426170349121094,27.229137420654297,30.29806900024414,29.380220413208008,27.81773567199707,26.167306900024414,20.38361167907715,14.11485481262207,13.995789527893066,18.272653579711914,19.761167526245117,17.449342727661133
13.145339965820312,12.774602890014648,11.528778076171875,9.546090126037598,8.221693992614746,8.03579044342041,8.819355964660645,9.298853874206543,9.681180953979492,9.898667335510254,10.228726387023926,11.032147407531738,11.54653549194336,11.593243598937988,12.452122688293457,14.266861915588379,15.044526100158691,15.923369407653809,15.646430969238281,14.330755233764648,14.940723419189453,17.461536407470703,19.90094566345215,21.08401107788086,22.462512969970703,21.825273513793945,21.16163444519043,22.620269775390625,25.089506149291992,26.179214477539062,26.153654098510742,24.394832611083984,25.32572364807129,26.35898208618164,23.897741317749023,20.43787956237793,17.17382049560547,15.449851989746094,9.236281394958496,9.019871711730957,14.118645668029785,19.3293399810791,18.97383689880371,17.969934463500977
11.379150390625,11.116260528564453,9.985126495361328,8.309261322021484,6.226693630218506,4.324076175689697,4.751715660095215,6.436354160308838,6.332460880279541,6.2748026847839355,7.655276298522949,9.254390716552734,10.132498741149902,12.255833625793457,14.951040267944336,17.08168601989746,17.368486404418945,18.800434112548828,20.134883880615234,20.901695251464844,20.618621826171875,19.381227493286133,18.012027740478516,17.79468536376953,19.41684913635254,20.474945068359375,21.836315155029297,23.95096206665039,25.538354873657227,25.199556350708008,24.681812286376953,23.754257202148438,23.203611373901367,22.386444091796875,21.550643920898438,21.570402145385742,21.251272201538086,17.309194564819336,14.242452621459961,16.68660545349121,17.47991371154785,20.697681427001953,20.270631790161133,17.547605514526367
9.188104629516602,9.2650728225708,8.136370658874512,5.978192329406738,2.0975534915924072,0.2104620486497879,2.512995481491089,4.65374755859375,3.357699394226074,4.017429351806641,7.3163065910339355,9.430865287780762,9.574694633483887,12.228955268859863,15.153820037841797,17.26640510559082,17.808204650878906,18.36474609375,18.8450927734375,18.85309410095215,16.967267990112305,16.94480323791504,17.468490600585938,17.552139282226562,17.96538543701172,19.847890853881836,22.70316505432129,24.221315383911133,24.473087310791016,24.0040225982666,23.183645248413086,22.83221435546875,20.690065383911133,19.54071617126465,20.922517776489258,20.991151809692383,19.574630737304688,18.070804595947266,14.871028900146484,14.64689826965332,15.376501083374023,15.000845909118652,15.493643760681152,10.918635368347168
6.54180383682251,6.988080024719238,5.979300498962402,3.7729954719543457,-0.28438815474510193,0.6208159327507019,4.888867378234863,3.6704108715057373,1.6899834871292114,3.906468152999878,9.53292465209961,14.195374488830566,14.342751502990723,13.851448059082031,15.054312705993652,16.659364700317383,16.73525047302246,14.39906120300293,15.513392448425293,16.924467086791992,16.65149688720703,15.430824279785156,16.315824508666992,18.125926971435547,19.40133285522461,21.656208038330078,23.27387237548828,22.763004302978516,22.579450607299805,23.111331939697266,22.442808151245117,22.156112670898438,19.971698760986328,21.81494140625,24.371444702148438,26.644380569458008,26.356590270996094,24.222347259521484,18.29628562927246,12.907783508300781,11.620769500732422,9.530357360839844,13.457010269165039,0.5516253113746643
4.192071914672852,3.972752332687378,3.5763423442840576,3.4662740230560303,1.7466204166412354,5.321216583251953,7.175542831420898,4.124911785125732,3.055737257003784,7.558829307556152,12.699423789978027,15.370705604553223,15.7033052444458,15.781400680541992,15.695006370544434,16.558238983154297,16.863567352294922,15.684274673461914,12.739289283752441,14.367192268371582,14.798874855041504,14.400099754333496,15.357279777526855,17.135671615600586,18.946191787719727,21.627098083496094,23.61872673034668,23.534175872802734,22.801244735717773,23.186872482299805,23.779428482055664,25.05311393737793,26.132503509521484,29.701278686523438,29.238344192504883,26.446533203125,22.7288875579834,15.897117614746094,10.77225399017334,9.819478988647461,7.280559062957764,5.50526762008667,7.485998630523682,7.1973114013671875
2.0703046321868896,2.5952670574188232,5.3852949142456055,4.126237869262695,2.573324680328369,3.8713912963867188,4.617481708526611,4.352235794067383,6.829577922821045,10.711669921875,12.622323036193848,13.564082145690918,13.983041763305664,13.998191833496094,14.481419563293457,15.702350616455078,15.777510643005371,13.949646949768066,11.126555442810059,10.294648170471191,13.181840896606445,16.50336265563965,18.287424087524414,19.549047470092773,20.459367752075195,21.676572799682617,24.91495132446289,26.01981544494629,24.441144943237305,23.699481964111328,24.84080696105957,26.582836151123047,28.393556594848633,24.838035583496094,21.678787231445312,22.777502059936523,24.57569122314453,18.08805274963379,10.717803001403809,4.914412021636963,1.5592644214630127,-1.716967225074768,2.303830862045288,3.9382858276367188
1.3024728298187256,1.0655066967010498,2.646979331970215,1.9046730995178223,1.1025166511535645,1.3095256090164185,3.858691930770874,8.861978530883789,14.873895645141602,16.144712448120117,11.657247543334961,9.296253204345703,9.857832908630371,11.899825096130371,13.3631591796875,13.98890209197998,12.97492504119873,11.971573829650879,10.948556900024414,11.287274360656738,13.625246047973633,15.789562225341797,17.30267333984375,18.507314682006836,18.802846908569336,17.55743980407715,17.18182373046875,16.841691970825195,17.928516387939453,21.09148406982422,22.81939125061035,20.96213150024414,16.23341178894043,17.825410842895508,19.23161506652832,18.9019718170166,16.537242889404297,17.66570472717285,10.093066215515137,3.0375068187713623,1.6707005500793457,3.7874698638916016,6.242181777954102,13.959487915039062
2.304424524307251,0.5766404867172241,0.29704248905181885,2.2596447467803955,4.08021879196167,5.942882537841797,9.196112632751465,12.670771598815918,16.25587272644043,16.888412475585938,12.07996940612793,8.025596618652344,9.22155475616455,12.049315452575684,12.785127639770508,10.326864242553711,10.16790771484375,12.390364646911621,13.125678062438965,12.959885597229004,14.871679306030273,15.577811241149902,15.089527130126953,14.018563270568848,13.201705932617188,14.398726463317871,16.790847778320312,19.2865047454834,19.27509117126465,20.897567749023438,22.67432975769043,17.481727600097656,11.71789836883545,13.468652725219727,15.622788429260254,14.675373077392578,4.144491195678711,3.612628221511841,6.980001449584961,6.518331527709961,7.143725395202637,7.821541786193848,10.396896362304688,16.445877075195312
