data/wind_data/wind_45_8.json
{"header": {"parameterUnit": "KT", "parameterCategory": 2, "nx": 256, "ny": 198, "lo1": 44.73521041870117, "la1": -3.236724853515625, "lo2": 111.26478576660156, "la2": 43.468475341796875, "dx": 0.2609002888202667, "dy": -0.23708222806453705, "refTime": "2025-02-20 21:00:00", "forecastTime": 0, "parameterNumber": 2, "parameterNumberName": "eastward_wind"}, "data":
[rows 57 to 75 of 198, columns 44 to 87 of 256]
3.9754977226257324,4.894515037536621,5.529894828796387,5.923255920410156,6.183231830596924,6.458477020263672,6.730350017547607,6.738442420959473,6.267182350158691,5.321619987487793,4.107716083526611,2.8255603313446045,1.7109034061431885,0.9375178813934326,0.5572082996368408,0.6142998933792114,0.9627261757850647,1.3500022888183594,1.510146975517273,1.5738760232925415,1.7474589347839355,1.9856460094451904,2.1855549812316895,2.2560501098632812,2.264509916305542,2.3106820583343506,2.4781646728515625,2.732438802719116,2.9538331031799316,2.9658243656158447,2.7801833152770996,2.540032386779785,2.273714065551758,1.870423436164856,1.376276969909668,0.8444611430168152,0.2154100239276886,-0.45561110973358154,-1.0445657968521118,-1.4448108673095703,-1.7539327144622803,-2.1456637382507324,-2.738868474960327,-3.43388032913208
5.192399024963379,6.137594223022461,6.936746597290039,7.47611665725708,7.821976661682129,8.141719818115234,8.432525634765625,8.440764427185059,7.9315185546875,6.916100978851318,5.576174736022949,4.185011386871338,3.0586533546447754,2.3909687995910645,2.0842325687408447,2.0182864665985107,2.2357993125915527,2.725144863128662,3.30440354347229,3.750347137451172,3.895951271057129,3.825944185256958,3.7178380489349365,3.6894335746765137,3.574446439743042,3.445420026779175,3.2968528270721436,3.251248836517334,3.2939529418945312,3.266833543777466,3.164957284927368,2.9832005500793457,2.7688660621643066,2.466498374938965,2.043635368347168,1.641793131828308,1.162718653678894,0.673877477645874,0.18611650168895721,-0.20123837888240814,-0.5126293897628784,-0.9021480679512024,-1.5312654972076416,-2.29827618598938
6.6592535972595215,7.287252902984619,8.033846855163574,8.713506698608398,9.158266067504883,9.397507667541504,9.511436462402344,9.392228126525879,8.840839385986328,7.824500560760498,6.472873687744141,5.041680812835693,3.9235315322875977,3.4306187629699707,3.3770101070404053,3.484119415283203,3.7819488048553467,4.423228740692139,5.3194899559021,6.021693229675293,6.127879619598389,5.756354808807373,5.2647881507873535,4.9676690101623535,4.818388938903809,4.673424243927002,4.460224628448486,4.261383533477783,4.044794082641602,3.830794095993042,3.62581467628479,3.439134359359741,3.232278347015381,3.0099122524261475,2.7236013412475586,2.430356502532959,2.1006827354431152,1.7837580442428589,1.374089002609253,0.9512100219726562,0.6046877503395081,0.2758849263191223,-0.22670219838619232,-0.9632691144943237
8.612408638000488,8.846665382385254,9.284177780151367,9.817366600036621,10.205265998840332,10.296391487121582,10.072744369506836,9.58436107635498,8.877256393432617,8.027166366577148,6.992138862609863,5.836343765258789,4.8552656173706055,4.388725280761719,4.462210655212402,4.851268768310547,5.462864398956299,6.251895904541016,7.102088928222656,7.771000385284424,7.811886310577393,7.332416534423828,6.749451637268066,6.3475494384765625,6.124578475952148,5.991474151611328,5.735383987426758,5.340334892272949,4.902057647705078,4.480268478393555,4.17097282409668,3.962507486343384,3.8078572750091553,3.6606009006500244,3.4836649894714355,3.243286371231079,2.940520763397217,2.6166787147521973,2.246675491333008,1.863342046737671,1.53046715259552,1.237141728401184,0.9143543839454651,0.4183771312236786
10.628841400146484,10.743815422058105,10.911234855651855,11.169071197509766,11.34161376953125,11.2070894241333,10.640756607055664,9.684374809265137,8.603948593139648,7.739077091217041,7.117429256439209,6.603415489196777,6.113646507263184,5.817185878753662,5.999490261077881,6.585510730743408,7.389482021331787,8.24818229675293,8.923135757446289,9.280964851379395,9.1262788772583,8.550742149353027,7.9865875244140625,7.648134708404541,7.486376762390137,7.222371578216553,6.820423603057861,6.333583831787109,5.861065864562988,5.46366548538208,5.1289591789245605,4.857071876525879,4.631782054901123,4.464728355407715,4.320532321929932,4.095101833343506,3.751437187194824,3.2991650104522705,2.802528142929077,2.383577585220337,2.1075847148895264,1.946494698524475,1.8065441846847534,1.5319091081619263
12.284844398498535,12.374284744262695,12.495189666748047,12.612103462219238,12.561450004577637,12.215576171875,11.438010215759277,10.211206436157227,8.772809982299805,7.634485721588135,7.099636554718018,7.022727966308594,7.12425422668457,7.387130260467529,7.957889080047607,8.780768394470215,9.628999710083008,10.284421920776367,10.589509010314941,10.545066833496094,10.259954452514648,9.82336711883545,9.386945724487305,8.993497848510742,8.599929809570312,8.111344337463379,7.594480037689209,7.157680034637451,6.824113845825195,6.521047592163086,6.17276668548584,5.75002384185791,5.362308979034424,5.107362270355225,4.942741870880127,4.759364128112793,4.447202205657959,3.984525680541992,3.460353374481201,2.9999334812164307,2.7172164916992188,2.625335216522217,2.5835907459259033,2.45312762260437
13.658073425292969,13.70527172088623,13.747981071472168,13.715659141540527,13.487574577331543,12.97843074798584,12.164726257324219,11.030394554138184,9.665266036987305,8.395812034606934,7.627514362335205,7.493553161621094,7.896733283996582,8.648143768310547,9.702670097351074,10.846230506896973,11.764427185058594,12.204710006713867,12.123124122619629,11.674800872802734,11.19499397277832,10.902946472167969,10.786941528320312,10.545520782470703,9.980393409729004,9.208462715148926,8.534440040588379,8.082963943481445,7.7592010498046875,7.445257186889648,7.0326128005981445,6.504941940307617,5.982187271118164,5.578981876373291,5.319897651672363,5.128422260284424,4.867122173309326,4.50412130355835,4.106368541717529,3.795626163482666,3.6212544441223145,3.542383909225464,3.4674746990203857,3.3366103172302246
14.750810623168945,14.917694091796875,14.752386093139648,14.408016204833984,13.962489128112793,13.330254554748535,12.527717590332031,11.637689590454102,10.705187797546387,9.780439376831055,9.042864799499512,8.727764129638672,9.016858100891113,9.928165435791016,11.288206100463867,12.695634841918945,13.712550163269043,14.02979564666748,13.652987480163574,12.904863357543945,12.204524040222168,11.812518119812012,11.710481643676758,11.668614387512207,11.372486114501953,10.745800018310547,10.011582374572754,9.386585235595703,8.914581298828125,8.508872032165527,8.026956558227539,7.375856876373291,6.667491912841797,6.046351909637451,5.589715480804443,5.225059509277344,4.8797502517700195,4.539468288421631,4.251092910766602,4.102872371673584,4.112020015716553,4.187863826751709,4.240494728088379,4.222135066986084
15.365013122558594,15.773866653442383,15.632203102111816,15.022340774536133,14.216012001037598,13.38253402709961,12.615280151367188,11.967881202697754,11.433637619018555,10.980215072631836,10.617486953735352,10.480090141296387,10.796346664428711,11.740426063537598,13.172191619873047,14.591170310974121,15.498945236206055,15.64316177368164,15.145036697387695,14.327319145202637,13.505035400390625,12.815266609191895,12.323391914367676,12.108278274536133,12.044464111328125,11.844594955444336,11.350729942321777,10.741278648376465,10.207850456237793,9.756556510925293,9.191302299499512,8.444343566894531,7.651910305023193,6.882880687713623,6.187320709228516,5.6142191886901855,5.155285835266113,4.778263568878174,4.457067012786865,4.232457637786865,4.213459491729736,4.372711181640625,4.62044095993042,4.8587870597839355
15.599946022033691,16.088834762573242,16.16722869873047,15.610794067382812,14.592789649963379,13.536084175109863,12.734393119812012,12.192780494689941,11.855493545532227,11.704301834106445,11.706717491149902,11.968945503234863,12.66496467590332,13.869175910949707,15.354016304016113,16.59364891052246,17.19996452331543,17.11935806274414,16.570667266845703,15.847310066223145,15.043120384216309,14.083490371704102,13.063933372497559,12.355842590332031,12.169103622436523,12.258594512939453,12.178474426269531,11.808173179626465,11.29766845703125,10.84284496307373,10.394004821777344,9.815762519836426,9.058232307434082,8.163731575012207,7.286863803863525,6.568197727203369,6.086242198944092,5.765016078948975,5.461190223693848,5.164694786071777,4.988150596618652,5.007599830627441,5.197273254394531,5.479849815368652
15.61185073852539,15.985054016113281,16.151731491088867,15.795557975769043,14.960999488830566,14.015484809875488,13.253002166748047,12.69360065460205,12.32742691040039,12.203085899353027,12.373887062072754,12.946040153503418,14.046501159667969,15.59091567993164,17.174983978271484,18.258684158325195,18.63739585876465,18.453187942504883,17.984914779663086,17.420379638671875,16.68620491027832,15.59763240814209,14.221203804016113,13.010893821716309,12.370877265930176,12.254777908325195,12.27737045288086,12.198348999023438,11.953136444091797,11.598860740661621,11.187552452087402,10.706836700439453,10.086688995361328,9.244149208068848,8.291176795959473,7.4988179206848145,7.090160846710205,6.933233737945557,6.812410831451416,6.623695373535156,6.4457783699035645,6.398282527923584,6.51123046875,6.703108310699463
15.435426712036133,15.716540336608887,15.749459266662598,15.457517623901367,14.925609588623047,14.36998176574707,13.918853759765625,13.50654411315918,13.119073867797852,12.87980842590332,12.996247291564941,13.656588554382324,14.914755821228027,16.554210662841797,18.062740325927734,18.957666397094727,19.208040237426758,19.077070236206055,18.846067428588867,18.551759719848633,17.96853256225586,16.934860229492188,15.517152786254883,13.999961853027344,12.824125289916992,12.255556106567383,12.092848777770996,12.011877059936523,11.879182815551758,11.64365005493164,11.31389045715332,10.869091987609863,10.259499549865723,9.427961349487305,8.481542587280273,7.692013740539551,7.334308624267578,7.372237205505371,7.569628715515137,7.707141399383545,7.767691612243652,7.867719650268555,8.079218864440918,8.31307315826416
15.008028984069824,15.296599388122559,15.260293960571289,14.97338581085205,14.594919204711914,14.292146682739258,14.091767311096191,13.914926528930664,13.728204727172852,13.570338249206543,13.701201438903809,14.370457649230957,15.60825252532959,17.077272415161133,18.25051498413086,18.79440689086914,18.843780517578125,18.787229537963867,18.829519271850586,18.81171417236328,18.434799194335938,17.575029373168945,16.353551864624023,14.981523513793945,13.684629440307617,12.711572647094727,12.166206359863281,11.918198585510254,11.8136568069458,11.738594055175781,11.532833099365234,11.0182523727417,10.18807601928711,9.15897274017334,8.161578178405762,7.445868968963623,7.154893398284912,7.298853397369385,7.714540481567383,8.164623260498047,8.515420913696289,8.793684959411621,9.110013961791992,9.466968536376953
14.370824813842773,14.589629173278809,14.632691383361816,14.519332885742188,14.33145523071289,14.14514446258545,13.962462425231934,13.84154224395752,13.785603523254395,13.80709457397461,14.155376434326172,15.003392219543457,16.27012062072754,17.53914451599121,18.323171615600586,18.450855255126953,18.24138069152832,18.11748504638672,18.200355529785156,18.248363494873047,17.976926803588867,17.349884033203125,16.53795623779297,15.610986709594727,14.60251522064209,13.636571884155273,12.874022483825684,12.407559394836426,12.281935691833496,12.328523635864258,12.219925880432129,11.655553817749023,10.592730522155762,9.270477294921875,8.032629013061523,7.25178337097168,7.079057693481445,7.407626152038574,8.020798683166504,8.68313980102539,9.19282341003418,9.544662475585938,9.831402778625488,10.128151893615723
13.84394645690918,13.707489013671875,13.741528511047363,13.937579154968262,14.100435256958008,14.131572723388672,14.015279769897461,13.836027145385742,13.688397407531738,13.764330863952637,14.307007789611816,15.3487548828125,16.67110824584961,17.788095474243164,18.309425354003906,18.22471046447754,17.909448623657227,17.710126876831055,17.667755126953125,17.5624942779541,17.226484298706055,16.753591537475586,16.312734603881836,15.857794761657715,15.203483581542969,14.377664566040039,13.597796440124512,13.068700790405273,12.875542640686035,12.846492767333984,12.668046951293945,12.073892593383789,10.972350120544434,9.52506160736084,8.116058349609375,7.222074508666992,7.1174421310424805,7.669654369354248,8.559898376464844,9.466154098510742,10.151893615722656,10.53709888458252,10.708497047424316,10.80643367767334
13.757684707641602,13.271570205688477,13.092137336730957,13.35147762298584,13.824917793273926,14.191701889038086,14.258423805236816,14.08260726928711,13.867337226867676,13.910490036010742,14.445669174194336,15.470264434814453,16.701290130615234,17.639362335205078,17.995450973510742,17.8713321685791,17.644515991210938,17.533428192138672,17.444883346557617,17.19868278503418,16.80204963684082,16.412437438964844,16.112548828125,15.818644523620605,15.383967399597168,14.719547271728516,13.980840682983398,13.417710304260254,13.123574256896973,12.927258491516113,12.556832313537598,11.866854667663574,10.877448081970215,9.688078880310059,8.538138389587402,7.793202877044678,7.763946533203125,8.445514678955078,9.526140213012695,10.646727561950684,11.505583763122559,11.949080467224121,12.013500213623047,11.857906341552734
14.028676986694336,13.635918617248535,13.286538124084473,13.29510498046875,13.650157928466797,14.125997543334961,14.433734893798828,14.458412170410156,14.347430229187012,14.36584186553955,14.73784065246582,15.444486618041992,16.291528701782227,16.906753540039062,17.091245651245117,17.018596649169922,17.01759910583496,17.14114761352539,17.15526008605957,16.916349411010742,16.551868438720703,16.238975524902344,15.981072425842285,15.684553146362305,15.293961524963379,14.767949104309082,14.179448127746582,13.675068855285645,13.32022762298584,12.978936195373535,12.490439414978027,11.84261703491211,11.126343727111816,10.440899848937988,9.887689590454102,9.574920654296875,9.675024032592773,10.264069557189941,11.209456443786621,12.262612342834473,13.12069034576416,13.56916332244873,13.58416748046875,13.284914016723633
14.212578773498535,14.223637580871582,14.027653694152832,13.783198356628418,13.723669052124023,13.952465057373047,14.296772003173828,14.542304039001465,14.663187980651855,14.746121406555176,14.933243751525879,15.244351387023926,15.58361530303955,15.766019821166992,15.733135223388672,15.695067405700684,15.853927612304688,16.173099517822266,16.41385269165039,16.413330078125,16.240222930908203,16.014986038208008,15.7633056640625,15.498641014099121,15.211925506591797,14.876930236816406,14.516866683959961,14.181438446044922,13.878433227539062,13.551759719848633,13.137101173400879,12.66103744506836,12.209209442138672,11.861000061035156,11.700074195861816,11.778331756591797,12.098692893981934,12.617537498474121,13.271924018859863,13.976387977600098,14.562307357788086,14.875057220458984,14.848320960998535,14.53603458404541
14.294772148132324,14.559646606445312,14.547032356262207,14.299775123596191,14.04521369934082,13.98668098449707,14.1168212890625,14.301399230957031,14.447684288024902,14.537850379943848,14.608139038085938,14.670022010803223,14.669136047363281,14.565107345581055,14.41650390625,14.402018547058105,14.601688385009766,14.966923713684082,15.334765434265137,15.587119102478027,15.709515571594238,15.747711181640625,15.76565933227539,15.781481742858887,15.763470649719238,15.636016845703125,15.410415649414062,15.1385498046875,14.857528686523438,14.579014778137207,14.273611068725586,13.929266929626465,13.569250106811523,13.264547348022461,13.151291847229004,13.341927528381348,13.796950340270996,14.344257354736328,14.849030494689941,15.278931617736816,15.62104606628418,15.825713157653809,15.82018756866455,15.562701225280762
