data/wind_data/wind_2025-02-21_03.json
{"header": {"parameterUnit": "KT", "parameterCategory": 2, "nx": 255, "ny": 198, "lo1": 44.73521041870117, "la1": -3.236724853515625, "lo2": 111.26478576660156, "la2": 43.468475341796875, "dx": 0.26192745566368103, "dy": -0.23708222806453705, "refTime": "2025-02-21 03:00:00", "forecastTime": 0, "parameterNumber": 3, "parameterNumberName": "northward_wind"}, "data":
[rows 0 to 18 of 198, columns 43 to 85 of 255]
-6.143861293792725,-5.762360572814941,-5.558833122253418,-5.7846198081970215,-5.856104373931885,-5.47174596786499,-4.887232780456543,-4.017811298370361,-3.944068670272827,-5.054409980773926,-5.26284122467041,-4.384125232696533,-3.7634129524230957,-3.3426127433776855,-2.9221391677856445,-2.5367233753204346,-2.519491195678711,-2.7251534461975098,-2.7806284427642822,-2.813077211380005,-2.91813063621521,-3.0176572799682617,-3.0489346981048584,-3.092386484146118,-3.2460193634033203,-3.2949817180633545,-3.1979527473449707,-2.9308764934539795,-2.404849052429199,-1.9328590631484985,-1.6438180208206177,-1.4434407949447632,-1.3303285837173462,-1.2168877124786377,-1.11285400390625,-0.99277663230896,-0.8338901996612549,-0.767382800579071,-0.7567527890205383,-0.8663505911827087,-0.9874134063720703,-0.8352273106575012,-0.5763279795646667
-5.642683029174805,-5.229282855987549,-4.992215633392334,-5.166421413421631,-5.220453262329102,-4.956835746765137,-4.653220176696777,-4.35683012008667,-4.146446704864502,-4.022836685180664,-3.709075450897217,-3.2438502311706543,-3.059955596923828,-3.093184232711792,-2.9475817680358887,-2.662933588027954,-2.7499542236328125,-3.0423173904418945,-3.0451481342315674,-2.9540328979492188,-2.915797710418701,-2.8484530448913574,-2.771432876586914,-2.7828493118286133,-3.046170234680176,-3.3225622177124023,-3.534355878829956,-3.4395742416381836,-2.9195151329040527,-2.462630271911621,-2.2085626125335693,-1.9950969219207764,-1.78885018825531,-1.599584698677063,-1.4703094959259033,-1.4426153898239136,-1.4308565855026245,-1.2533708810806274,-1.0311322212219238,-1.094382405281067,-1.234633207321167,-1.127189040184021,-0.9350249171257019
-6.322925090789795,-5.815618991851807,-5.31106424331665,-5.472504615783691,-5.581480503082275,-5.3417463302612305,-5.065187454223633,-4.787418365478516,-4.450257301330566,-3.9359703063964844,-3.245236396789551,-2.7644855976104736,-2.8131251335144043,-3.216765880584717,-3.4495041370391846,-3.322726011276245,-3.1403305530548096,-3.1459875106811523,-3.200690507888794,-3.2318220138549805,-3.0933070182800293,-2.820420503616333,-2.8597023487091064,-3.0002028942108154,-3.233572244644165,-3.65028977394104,-4.122178077697754,-4.148894786834717,-3.71010160446167,-3.3010194301605225,-2.8746232986450195,-2.4555182456970215,-2.185969591140747,-1.9481875896453857,-1.8990024328231812,-1.764758825302124,-1.5990389585494995,-1.4301084280014038,-1.3258389234542847,-1.427675485610962,-1.5046725273132324,-1.4051347970962524,-1.2204240560531616
-9.749629974365234,-9.458855628967285,-8.530707359313965,-8.032548904418945,-7.881155967712402,-7.638862133026123,-7.560401916503906,-7.494588375091553,-6.999732494354248,-5.785235404968262,-3.75984263420105,-2.9203033447265625,-3.7265870571136475,-5.046049118041992,-5.847688674926758,-5.574606895446777,-4.379853248596191,-3.676142692565918,-4.101009845733643,-4.994340896606445,-5.462292194366455,-5.004084587097168,-4.807816982269287,-4.661172866821289,-4.8084187507629395,-5.50926399230957,-6.309993743896484,-6.291744709014893,-5.816788673400879,-5.410338878631592,-4.847331523895264,-3.665339946746826,-2.6578609943389893,-2.1038920879364014,-2.8672327995300293,-2.4292402267456055,-2.2902109622955322,-1.844131350517273,-1.6616644859313965,-1.7137510776519775,-1.6550315618515015,-1.7500202655792236,-1.6290532350540161
-10.050403594970703,-9.851110458374023,-8.459748268127441,-6.877503871917725,-6.149557113647461,-6.314323425292969,-6.9575581550598145,-6.972320556640625,-6.8408589363098145,-7.037494659423828,-6.140931606292725,-4.075222015380859,-3.6786375045776367,-6.178047180175781,-7.162442684173584,-6.687372207641602,-3.8287465572357178,-1.1366760730743408,-2.365142583847046,-5.239185810089111,-6.492554187774658,-5.64323091506958,-4.710023880004883,-3.918626308441162,-4.017684459686279,-5.467339038848877,-6.721743583679199,-6.4635210037231445,-6.1282572746276855,-6.037998199462891,-5.5296101570129395,-4.823132038116455,-4.6435465812683105,-3.880425214767456,-3.360299825668335,-3.0622591972351074,-2.658059597015381,-2.42948579788208,-2.383235216140747,-2.3468542098999023,-2.014345407485962,-2.465028762817383,-2.546417236328125
-7.701675891876221,-6.859911918640137,-5.9009881019592285,-4.5308918952941895,-2.762547016143799,-3.306729793548584,-4.863034725189209,-4.739151954650879,-5.356639385223389,-6.731236934661865,-7.351983547210693,-5.57372522354126,-4.237890720367432,-5.88510274887085,-6.998969554901123,-8.1171875,-6.2731404304504395,-1.5990650653839111,-1.6610839366912842,-4.725458145141602,-5.181725025177002,-3.6107547283172607,-2.0134642124176025,-1.0432144403457642,-2.0745906829833984,-3.6405019760131836,-4.440394878387451,-4.682891845703125,-5.229544162750244,-5.93630313873291,-5.621087074279785,-5.322413444519043,-5.088521957397461,-4.330130100250244,-2.4688894748687744,-2.503718137741089,-2.735168218612671,-3.2115347385406494,-4.045053005218506,-4.496933937072754,-4.121887683868408,-4.406243801116943,-3.916212558746338
-5.633261680603027,-5.029768943786621,-4.9938812255859375,-4.7768402099609375,-4.9258527755737305,-5.660375595092773,-4.819910526275635,-4.884768009185791,-5.933903217315674,-6.335226058959961,-6.004698753356934,-5.444655895233154,-5.002460479736328,-5.284040451049805,-6.230899810791016,-8.461614608764648,-9.062064170837402,-5.668254852294922,-3.6435306072235107,-3.9821231365203857,-3.8368277549743652,-4.152700424194336,-4.541293144226074,-3.227428436279297,-2.2969467639923096,-2.2905900478363037,-2.7541351318359375,-3.9720849990844727,-5.182564735412598,-5.904333591461182,-5.639908790588379,-5.262664318084717,-4.698354721069336,-3.852283239364624,-2.835048198699951,-2.4836952686309814,-2.5050876140594482,-4.065653324127197,-5.295912265777588,-6.244804382324219,-6.085168838500977,-5.349538803100586,-5.188305377960205
-4.301753044128418,-3.0018699169158936,-3.738860607147217,-5.884537696838379,-7.8071441650390625,-7.650348663330078,-5.292525768280029,-4.843135833740234,-4.893797397613525,-5.445311546325684,-5.7674384117126465,-4.119534969329834,-3.412912130355835,-3.792642831802368,-4.207762241363525,-4.84760046005249,-5.826413154602051,-5.349364757537842,-4.201308727264404,-3.760329246520996,-3.8529725074768066,-4.359195709228516,-5.900250434875488,-5.027678489685059,-2.849811315536499,-1.6296042203903198,-1.634482979774475,-3.0475354194641113,-4.250161647796631,-4.536448001861572,-4.460556983947754,-4.8345770835876465,-4.516103744506836,-3.3837220668792725,-2.8844048976898193,-3.575946569442749,-3.0509917736053467,-3.8764283657073975,-4.854040622711182,-5.730899333953857,-5.972415924072266,-5.268671989440918,-6.20299768447876
-4.014438629150391,-3.2753403186798096,-4.479682445526123,-6.4357757568359375,-7.391196250915527,-7.5800604820251465,-6.7919511795043945,-5.614693641662598,-4.2972259521484375,-4.695814609527588,-5.230390548706055,-3.224302291870117,-2.120410203933716,-2.4375736713409424,-3.074171543121338,-3.307561159133911,-3.6613998413085938,-4.3303656578063965,-4.857254981994629,-5.493322849273682,-5.376504421234131,-3.187413215637207,-2.629622220993042,-3.5426502227783203,-4.53994083404541,-3.9985644817352295,-2.968811273574829,-2.873481035232544,-3.8706185817718506,-4.105434894561768,-3.4713714122772217,-3.368955135345459,-3.2353100776672363,-3.958332061767578,-3.7766480445861816,-4.159764289855957,-3.6981594562530518,-2.4612293243408203,-3.807222843170166,-4.5584397315979,-4.134711742401123,-3.6252925395965576,-2.2707064151763916
-6.511996269226074,-7.502511024475098,-6.3702592849731445,-5.44334602355957,-5.74343729019165,-6.550287246704102,-6.031856536865234,-5.7513556480407715,-5.556305885314941,-4.090432167053223,-2.6864829063415527,-3.0663843154907227,-3.0741748809814453,-3.0113043785095215,-3.7230212688446045,-4.458871364593506,-4.840304851531982,-4.7866106033325195,-4.898952484130859,-6.113728046417236,-7.3783345222473145,-5.844949245452881,-2.7091546058654785,-3.9537394046783447,-5.455422401428223,-5.990581512451172,-5.571435928344727,-4.145914554595947,-3.9507460594177246,-3.846733570098877,-3.4614505767822266,-3.5373892784118652,-2.3666634559631348,-3.0948994159698486,-4.654463768005371,-4.408936977386475,-3.5431406497955322,-1.773427963256836,-1.9609745740890503,-3.7525227069854736,-2.3570573329925537,-1.4948177337646484,0.05295071378350258
-6.670995712280273,-7.563499450683594,-6.3694167137146,-5.8117995262146,-5.925230026245117,-5.7691240310668945,-4.9374775886535645,-5.239467620849609,-5.61021089553833,-2.840216636657715,-1.1314259767532349,-2.9926259517669678,-3.5937907695770264,-2.674927234649658,-2.95269513130188,-4.695350646972656,-5.39293909072876,-5.280111312866211,-5.281740188598633,-6.229278564453125,-7.850655555725098,-7.436801910400391,-4.788515090942383,-4.897731781005859,-5.449574947357178,-6.164681434631348,-6.092377662658691,-4.601959228515625,-3.276132822036743,-2.5233538150787354,-2.3045620918273926,-3.200134515762329,-1.621716022491455,-0.384930819272995,-1.9384675025939941,-2.5298237800598145,-3.4692466259002686,-3.7111597061157227,-3.563537359237671,-5.541343688964844,-6.4147047996521,-6.138985633850098,-1.3236993551254272
-4.163685321807861,-4.608013153076172,-4.598988056182861,-5.028207778930664,-6.4069132804870605,-7.624327182769775,-7.086673259735107,-5.435047626495361,-4.178311824798584,-2.9075865745544434,-2.3223040103912354,-3.3713767528533936,-3.3909902572631836,-1.5174552202224731,-0.20813442766666412,-3.1371817588806152,-3.9269466400146484,-4.521430492401123,-5.4245710372924805,-5.686717510223389,-5.413151264190674,-5.176372051239014,-5.394863128662109,-5.627138614654541,-5.672831058502197,-4.847702980041504,-4.196145534515381,-3.865708827972412,-3.793443202972412,-3.777414321899414,-2.830200433731079,-2.7894394397735596,-3.617479085922241,-2.8269269466400146,-0.2573612332344055,-1.436418890953064,-5.416502952575684,-6.343647003173828,-7.333061218261719,-7.731706142425537,-9.573284149169922,-8.196196556091309,-0.5805065035820007
-1.4372069835662842,-2.837310791015625,-3.370600938796997,-3.031388759613037,-2.478332757949829,-2.5998661518096924,-4.706333160400391,-5.025760173797607,-3.4817214012145996,-2.6597301959991455,-2.4725115299224854,-3.0196850299835205,-4.921975135803223,-5.487741947174072,-4.5216779708862305,-4.209518909454346,-2.8109028339385986,-0.9514663219451904,-3.3396811485290527,-4.538338661193848,-2.9137492179870605,-2.305603265762329,-3.60198712348938,-4.8284149169921875,-4.762609004974365,-3.460813045501709,-1.9350881576538086,-1.4147485494613647,-2.1721866130828857,-3.0699462890625,-2.981948137283325,-2.1578879356384277,-2.931941270828247,-3.7833075523376465,-2.566045045852661,-5.636904716491699,-8.764923095703125,-7.5913262367248535,-7.534712314605713,-7.961505889892578,-7.833645343780518,-5.896742820739746,-3.043637752532959
-1.9399434328079224,-3.0145907402038574,-3.2649080753326416,-2.6930460929870605,-1.050972580909729,0.7943395376205444,-1.9899721145629883,-4.317028999328613,-3.846705675125122,-2.737877130508423,-0.7221664190292358,-3.1010634899139404,-6.797822952270508,-9.023507118225098,-9.909215927124023,-8.294556617736816,-6.4175567626953125,-2.246272087097168,-1.7667622566223145,-4.193722248077393,-3.9242818355560303,-1.6068040132522583,-1.1932806968688965,-3.081510305404663,-2.8688724040985107,-1.9981194734573364,-1.3285086154937744,-0.8011910915374756,-0.43082109093666077,0.2611922323703766,0.622410237789154,-0.04683513939380646,-1.2357584238052368,-2.943394422531128,-5.822515964508057,-8.288413047790527,-7.829504489898682,-6.072694778442383,-5.334040641784668,-6.93007755279541,-6.555936813354492,-5.498876571655273,-4.804469108581543
-3.3408820629119873,-0.83941650390625,1.5959804058074951,-0.44049587845802307,-4.226609230041504,-5.9103803634643555,-6.367478370666504,-6.367429256439209,-6.423490524291992,-5.920874118804932,-3.691682815551758,-5.08798885345459,-6.703248500823975,-8.22650146484375,-8.98221492767334,-8.67746353149414,-7.7744550704956055,-4.896225929260254,-2.1201140880584717,-4.145059585571289,-5.963024616241455,-4.563787937164307,-2.828852415084839,-2.922333240509033,-2.575176477432251,-1.1248565912246704,0.36617130041122437,1.42983078956604,0.8397530317306519,-0.24422992765903473,0.3307456374168396,-1.6644456386566162,-3.665558099746704,-4.541329860687256,-6.665266036987305,-6.978668689727783,-5.880980491638184,-5.587802410125732,-4.820343971252441,-4.970491409301758,-5.1482462882995605,-5.096443176269531,-3.930948495864868
-4.18949031829834,-2.734355926513672,-0.33574378490448,-0.14657624065876007,-3.4804959297180176,-6.32643461227417,-6.15737247467041,-5.9666290283203125,-6.517496585845947,-6.9474897384643555,-6.728515148162842,-4.873292446136475,-4.151848316192627,-5.430412769317627,-5.908186435699463,-5.727359294891357,-4.786159992218018,-3.103111505508423,-1.4757628440856934,-1.4643604755401611,-3.8710310459136963,-5.04080057144165,-4.614935874938965,-3.1939942836761475,-3.159273386001587,-3.923271417617798,-3.577255964279175,-2.6014723777770996,-2.8984055519104004,-2.316960096359253,-0.9538671970367432,-2.831515312194824,-4.760739326477051,-5.139979362487793,-5.965023517608643,-6.388153076171875,-6.610428333282471,-7.426734447479248,-6.606612682342529,-4.409635066986084,-4.599704265594482,-5.297332763671875,-3.356239080429077
-4.743735313415527,-6.123721599578857,-7.44287633895874,-5.059696197509766,-2.4276797771453857,-3.138932228088379,-3.841799736022949,-4.107416152954102,-4.715762615203857,-6.765547275543213,-6.22882604598999,-2.6870276927948,-2.156628370285034,-2.7757349014282227,-1.491892695426941,-1.3443104028701782,-3.8802876472473145,-3.8878395557403564,-2.6277825832366943,-1.1973075866699219,-1.5188660621643066,-2.039497137069702,-2.3732404708862305,-1.8325023651123047,-1.7207711935043335,-3.963136672973633,-6.894059658050537,-8.976330757141113,-8.548985481262207,-5.452785968780518,-4.145877838134766,-3.879601240158081,-4.242616176605225,-4.789280891418457,-5.311822891235352,-5.708544731140137,-5.934680938720703,-6.142799377441406,-6.165536880493164,-5.562256813049316,-6.3920979499816895,-6.987614631652832,-5.082334995269775
-3.266618490219116,-4.339121341705322,-6.47422981262207,-6.170008182525635,-3.6601152420043945,-3.0566229820251465,-2.657256603240967,-2.6403512954711914,-5.1020684242248535,-8.603849411010742,-6.895808219909668,-3.474120616912842,-3.3402419090270996,-3.7821991443634033,-2.3298354148864746,-1.9293231964111328,-3.733227252960205,-5.157736778259277,-5.9964599609375,-5.060503005981445,-2.4249107837677,-1.8770064115524292,-2.2428319454193115,-2.680337905883789,-2.8346121311187744,-3.631964921951294,-5.642131805419922,-8.151888847351074,-8.739073753356934,-7.721086025238037,-7.32850980758667,-4.822474002838135,-1.6480071544647217,-2.2553863525390625,-4.451769828796387,-5.005385875701904,-3.9995617866516113,-3.2455520629882812,-5.10042667388916,-6.0889363288879395,-6.800570487976074,-8.187309265136719,-8.546796798706055
-3.1246659755706787,-4.445898056030273,-5.359408378601074,-4.9310479164123535,-3.774205446243286,-1.9645594358444214,-0.5765289068222046,-0.40445977449417114,-4.074910640716553,-6.9781599044799805,-5.868956565856934,-4.4217963218688965,-4.642742156982422,-5.884855270385742,-6.965426921844482,-5.501748561859131,-2.897864580154419,-3.386752128601074,-5.272014617919922,-5.934428691864014,-4.064711093902588,-3.761277914047241,-3.476834535598755,-2.3213324546813965,-2.438375234603882,-4.170934677124023,-6.596357822418213,-8.436358451843262,-7.587306022644043,-6.349329948425293,-6.982401371002197,-7.707248687744141,-5.942506313323975,-3.567214012145996,-3.564659595489502,-3.804206132888794,-3.7405292987823486,-3.846536636352539,-4.725438117980957,-4.148138999938965,-3.992868185043335,-6.379009246826172,-8.80514144897461
