data/wind_data/wind_69_8.json
{"header": {"parameterUnit": "KT", "parameterCategory": 2, "nx": 256, "ny": 198, "lo1": 44.73521041870117, "la1": -3.236724853515625, "lo2": 111.26478576660156, "la2": 43.468475341796875, "dx": 0.2609002888202667, "dy": -0.23708222806453705, "refTime": "2025-02-21 21:00:00", "forecastTime": 0, "parameterNumber": 2, "parameterNumberName": "eastward_wind"}, "data":
[rows 19 to 37 of 198, columns 44 to 87 of 256]
-13.76044750213623,-12.613801956176758,-11.478363990783691,-10.62954330444336,-10.190263748168945,-10.258439064025879,-10.505712509155273,-10.744904518127441,-10.711779594421387,-10.35103988647461,-10.112302780151367,-10.257424354553223,-10.66735553741455,-11.118437767028809,-11.269536972045898,-10.914438247680664,-10.152593612670898,-9.240067481994629,-8.57351016998291,-8.261516571044922,-8.106573104858398,-8.168538093566895,-8.336759567260742,-8.307366371154785,-8.149510383605957,-8.083209991455078,-8.02883243560791,-7.777919292449951,-7.515222072601318,-7.120212078094482,-6.211363315582275,-5.045611381530762,-4.385709762573242,-4.478294849395752,-5.00092887878418,-5.577116012573242,-5.923501968383789,-6.281599044799805,-7.111159324645996,-7.871556758880615,-8.073083877563477,-7.923310279846191,-7.335625171661377,-6.378454208374023
-14.578460693359375,-13.532279968261719,-12.50233268737793,-11.576622009277344,-10.991547584533691,-10.942496299743652,-11.234794616699219,-11.52667236328125,-11.401540756225586,-10.907647132873535,-10.425213813781738,-10.256179809570312,-10.519800186157227,-11.091850280761719,-11.395883560180664,-10.933016777038574,-9.876795768737793,-8.9634428024292,-8.40011978149414,-8.050002098083496,-7.942439556121826,-8.116260528564453,-8.365577697753906,-8.303080558776855,-8.156994819641113,-8.157747268676758,-8.074892044067383,-7.84231424331665,-7.620776653289795,-7.316487789154053,-6.619218349456787,-5.639254570007324,-4.9636101722717285,-4.84935188293457,-4.990966796875,-4.9776291847229,-4.899660110473633,-5.3082733154296875,-6.4367756843566895,-7.5320281982421875,-7.815667152404785,-7.497223854064941,-7.050906658172607,-6.551996231079102
-14.231541633605957,-13.63353157043457,-13.038281440734863,-12.245189666748047,-11.572785377502441,-11.481034278869629,-11.795835494995117,-12.060242652893066,-11.938103675842285,-11.576935768127441,-11.049084663391113,-10.538071632385254,-10.427530288696289,-10.74500560760498,-11.002552032470703,-10.665307998657227,-9.689986228942871,-8.786231994628906,-8.23744010925293,-7.912472724914551,-7.873190879821777,-8.034233093261719,-8.14035701751709,-8.083416938781738,-8.093809127807617,-8.153776168823242,-8.09175968170166,-7.891923427581787,-7.6626296043396,-7.391834735870361,-6.885426044464111,-6.1182966232299805,-5.450006484985352,-5.2049946784973145,-5.246160984039307,-5.129366874694824,-4.848001003265381,-4.998961925506592,-5.953660011291504,-7.092313766479492,-7.487157821655273,-7.091874122619629,-6.580831527709961,-6.187399387359619
-13.725336074829102,-13.434671401977539,-13.090468406677246,-12.46644401550293,-11.830052375793457,-11.612971305847168,-11.875143051147461,-12.157268524169922,-12.098153114318848,-11.819229125976562,-11.336687088012695,-10.768903732299805,-10.389634132385254,-10.406869888305664,-10.55327033996582,-10.377737998962402,-9.63998794555664,-8.675066947937012,-8.041021347045898,-7.769601345062256,-7.795371055603027,-7.854770183563232,-7.820557594299316,-7.909540176391602,-7.991420269012451,-7.963700771331787,-7.910940647125244,-7.82191801071167,-7.65363883972168,-7.3699870109558105,-6.934263706207275,-6.34997034072876,-5.749012470245361,-5.395623207092285,-5.408425807952881,-5.503134250640869,-5.36569356918335,-5.215311527252197,-5.524672985076904,-6.261681079864502,-6.776280403137207,-6.639102458953857,-6.196983814239502,-5.790997505187988
-13.567696571350098,-13.365995407104492,-13.00639820098877,-12.465137481689453,-11.827320098876953,-11.524243354797363,-11.772553443908691,-12.09581184387207,-12.00122356414795,-11.604639053344727,-11.151739120483398,-10.764032363891602,-10.43700122833252,-10.31916332244873,-10.362339973449707,-10.186196327209473,-9.536375045776367,-8.634522438049316,-8.027960777282715,-7.816682815551758,-7.774962425231934,-7.716630458831787,-7.784298896789551,-7.932243824005127,-7.887322425842285,-7.743286609649658,-7.63854455947876,-7.600278377532959,-7.5051140785217285,-7.2822418212890625,-6.982706069946289,-6.507838726043701,-5.864457130432129,-5.374538421630859,-5.441131591796875,-5.789364814758301,-5.826385498046875,-5.43892240524292,-5.203164100646973,-5.463269233703613,-5.904963970184326,-6.023195266723633,-5.904364109039307,-5.72181510925293
-13.563867568969727,-13.436671257019043,-12.975059509277344,-12.356409072875977,-11.74716567993164,-11.504865646362305,-11.677361488342285,-11.969219207763672,-11.772530555725098,-11.239867210388184,-10.840315818786621,-10.643157005310059,-10.454001426696777,-10.193758010864258,-10.056863784790039,-9.960691452026367,-9.539819717407227,-8.892854690551758,-8.375073432922363,-8.01817798614502,-7.824682235717773,-7.849472999572754,-7.9872212409973145,-8.015421867370605,-7.900548458099365,-7.6635332107543945,-7.3989338874816895,-7.308616638183594,-7.345768451690674,-7.325944900512695,-7.164449214935303,-6.712423801422119,-5.974413871765137,-5.4689836502075195,-5.600706577301025,-6.087862491607666,-6.140120506286621,-5.524922847747803,-4.988038539886475,-5.04775857925415,-5.5453200340271,-5.821560859680176,-5.833520412445068,-5.641308307647705
-13.507275581359863,-13.405077934265137,-12.969497680664062,-12.246237754821777,-11.703725814819336,-11.689477920532227,-11.762887954711914,-11.846102714538574,-11.558178901672363,-10.894598007202148,-10.563417434692383,-10.445586204528809,-10.170318603515625,-9.715373039245605,-9.499534606933594,-9.6170072555542,-9.658343315124512,-9.378801345825195,-8.960972785949707,-8.485502243041992,-8.182312965393066,-8.130516052246094,-8.086649894714355,-8.07670783996582,-8.05413818359375,-7.747222423553467,-7.306171417236328,-7.102535724639893,-7.171567440032959,-7.312820911407471,-7.322268486022949,-6.966959476470947,-6.34200382232666,-5.979907989501953,-6.050891876220703,-6.423315525054932,-6.449509620666504,-5.807514190673828,-5.125559329986572,-5.062406063079834,-5.648195266723633,-6.189087867736816,-6.1354241371154785,-5.621424198150635
-13.436457633972168,-13.337263107299805,-13.049845695495605,-12.272292137145996,-11.796977996826172,-12.000778198242188,-12.114821434020996,-11.824275970458984,-11.486854553222656,-10.77524185180664,-10.309309959411621,-10.183231353759766,-9.871094703674316,-9.321619033813477,-9.099925994873047,-9.383672714233398,-9.717429161071777,-9.84535026550293,-9.66328239440918,-9.335564613342285,-8.92353630065918,-8.48589038848877,-8.16552448272705,-8.067243576049805,-7.998773574829102,-7.842436790466309,-7.534188747406006,-7.224063396453857,-7.064310550689697,-7.10454797744751,-7.305513858795166,-7.250875473022461,-6.812088489532471,-6.434907913208008,-6.416791915893555,-6.627033233642578,-6.638565540313721,-6.1037163734436035,-5.473240852355957,-5.256911277770996,-5.717591285705566,-6.502352714538574,-6.651994705200195,-6.010298252105713
-13.2103271484375,-13.170531272888184,-12.964642524719238,-12.44488525390625,-12.201661109924316,-12.230247497558594,-12.288939476013184,-11.715030670166016,-11.322543144226074,-10.884931564331055,-10.389580726623535,-10.153836250305176,-9.826661109924316,-9.41241455078125,-9.226941108703613,-9.501466751098633,-9.88936996459961,-10.125626564025879,-10.166627883911133,-10.090386390686035,-9.714401245117188,-8.968439102172852,-8.316692352294922,-8.012514114379883,-7.915795803070068,-8.06525993347168,-7.998656749725342,-7.595579147338867,-7.2556328773498535,-7.157290935516357,-7.36173152923584,-7.516392230987549,-7.151495933532715,-6.568332672119141,-6.326586723327637,-6.429832935333252,-6.462881088256836,-6.145042419433594,-5.681690216064453,-5.366988658905029,-5.6640400886535645,-6.570115566253662,-6.97092342376709,-6.598414897918701
-12.897448539733887,-12.763176918029785,-12.657861709594727,-12.593440055847168,-12.693680763244629,-12.510466575622559,-12.168785095214844,-11.58881950378418,-11.244863510131836,-11.068460464477539,-10.715139389038086,-10.428427696228027,-10.069039344787598,-9.71607780456543,-9.553895950317383,-9.737826347351074,-10.179094314575195,-10.41755485534668,-10.518689155578613,-10.533112525939941,-10.177526473999023,-9.271698951721191,-8.382831573486328,-8.06981372833252,-8.139631271362305,-8.378520011901855,-8.342658042907715,-8.044147491455078,-7.853517055511475,-7.7574543952941895,-7.726242542266846,-7.696922779083252,-7.310121536254883,-6.605775833129883,-6.110060691833496,-5.881528377532959,-5.954041004180908,-6.125118732452393,-5.81873893737793,-5.543188095092773,-5.680899143218994,-6.629584789276123,-7.145252227783203,-6.804351329803467
-12.464186668395996,-12.246648788452148,-12.480369567871094,-12.671669006347656,-12.8831205368042,-12.802191734313965,-12.313486099243164,-11.69922924041748,-11.437002182006836,-11.33877944946289,-11.16720962524414,-10.85246753692627,-10.35692024230957,-9.911892890930176,-9.669035911560059,-9.819432258605957,-10.380767822265625,-10.822349548339844,-11.048867225646973,-10.881491661071777,-10.358380317687988,-9.49796199798584,-8.569021224975586,-8.270936012268066,-8.46823787689209,-8.61688232421875,-8.575742721557617,-8.552666664123535,-8.415913581848145,-8.349445343017578,-8.133633613586426,-7.832309246063232,-7.463831901550293,-6.966622829437256,-6.231400966644287,-5.645378112792969,-5.714760780334473,-6.037999153137207,-6.027247428894043,-5.944501876831055,-6.143816947937012,-6.726208686828613,-7.509887218475342,-7.037712574005127
-12.240957260131836,-11.944748878479004,-12.140726089477539,-12.528827667236328,-12.80789566040039,-12.696660995483398,-12.48786735534668,-11.919856071472168,-11.887290954589844,-11.864736557006836,-11.741718292236328,-11.319424629211426,-10.609684944152832,-9.976316452026367,-9.752660751342773,-10.021775245666504,-10.65223217010498,-11.153380393981934,-11.55260944366455,-11.359163284301758,-10.649959564208984,-9.784037590026855,-8.969881057739258,-8.596453666687012,-8.68685245513916,-8.887125968933105,-8.897705078125,-8.661344528198242,-8.553495407104492,-8.427223205566406,-8.315107345581055,-8.011453628540039,-7.72884464263916,-7.315360069274902,-6.818044185638428,-6.319079399108887,-6.100934028625488,-6.399074554443359,-6.4443678855896,-6.573827266693115,-6.868471145629883,-7.086844444274902,-7.759177207946777,-7.449573516845703
-12.423853874206543,-12.062561988830566,-12.03695011138916,-12.02785587310791,-12.390060424804688,-12.741573333740234,-12.463960647583008,-12.101880073547363,-12.236369132995605,-12.134737014770508,-12.048084259033203,-11.684595108032227,-11.055286407470703,-10.391729354858398,-9.988687515258789,-10.304758071899414,-11.038520812988281,-11.552080154418945,-11.946533203125,-11.800046920776367,-11.178458213806152,-10.175464630126953,-9.361224174499512,-8.967812538146973,-8.824862480163574,-8.976763725280762,-8.909590721130371,-8.616242408752441,-8.39300537109375,-8.311145782470703,-8.168691635131836,-7.965850830078125,-8.028850555419922,-7.974593639373779,-7.832424640655518,-7.1385369300842285,-6.976027965545654,-7.197947978973389,-6.995861530303955,-7.317509651184082,-7.317506313323975,-7.5363616943359375,-7.779675006866455,-7.577433109283447
-12.77323055267334,-12.346774101257324,-11.866399765014648,-11.645295143127441,-11.90625,-12.160319328308105,-12.259102821350098,-12.431588172912598,-12.210092544555664,-11.871155738830566,-11.97504997253418,-11.94766902923584,-11.520940780639648,-10.93623161315918,-10.623226165771484,-10.82701587677002,-11.442612648010254,-12.138127326965332,-12.41808795928955,-12.14073371887207,-11.772332191467285,-10.911121368408203,-9.960736274719238,-9.380000114440918,-9.035747528076172,-8.933648109436035,-8.931440353393555,-8.636993408203125,-8.244247436523438,-8.105245590209961,-8.19238567352295,-8.325470924377441,-8.48859977722168,-8.390575408935547,-8.46070671081543,-8.38383674621582,-8.07381534576416,-7.902179718017578,-7.7935919761657715,-7.733526229858398,-7.67093563079834,-7.713766574859619,-7.767895221710205,-7.658009052276611
-13.166727066040039,-12.751700401306152,-12.201951026916504,-11.870882034301758,-11.847676277160645,-12.138627052307129,-12.555078506469727,-12.486639976501465,-11.902137756347656,-11.6632719039917,-11.907801628112793,-11.995881080627441,-11.690173149108887,-11.339215278625488,-11.309337615966797,-11.66934585571289,-12.262899398803711,-12.638863563537598,-12.621858596801758,-12.542781829833984,-12.302994728088379,-11.624961853027344,-11.018381118774414,-10.370782852172852,-9.792200088500977,-9.354948997497559,-9.0807466506958,-8.80396556854248,-8.54481029510498,-8.364814758300781,-8.30689811706543,-8.44611930847168,-8.608108520507812,-8.911140441894531,-8.947335243225098,-8.876105308532715,-8.789887428283691,-8.569286346435547,-8.532535552978516,-8.135988235473633,-8.139887809753418,-8.260210990905762,-8.019622802734375,-7.913971900939941
-13.390631675720215,-13.360679626464844,-13.152281761169434,-12.833212852478027,-12.661486625671387,-12.828909873962402,-12.994726181030273,-12.7120361328125,-12.266173362731934,-12.087871551513672,-12.061007499694824,-11.94703197479248,-11.77786922454834,-11.657105445861816,-11.83055305480957,-12.394057273864746,-12.828741073608398,-12.9724760055542,-13.010634422302246,-12.989409446716309,-12.719192504882812,-12.40217113494873,-12.020832061767578,-11.407909393310547,-10.746355056762695,-10.257312774658203,-9.779635429382324,-9.233259201049805,-8.977787017822266,-8.75126838684082,-8.533171653747559,-8.922706604003906,-9.1189603805542,-9.395991325378418,-9.420245170593262,-9.389984130859375,-9.405752182006836,-9.198418617248535,-9.241835594177246,-8.982872009277344,-8.824712753295898,-8.833385467529297,-8.600325584411621,-8.314434051513672
-13.601141929626465,-13.767232894897461,-13.792227745056152,-13.639555931091309,-13.531630516052246,-13.584385871887207,-13.622337341308594,-13.482137680053711,-13.165839195251465,-12.759665489196777,-12.326334953308105,-12.03445816040039,-11.997086524963379,-12.17693042755127,-12.487364768981934,-12.939678192138672,-13.251115798950195,-13.314592361450195,-13.376891136169434,-13.36038589477539,-13.284967422485352,-13.158736228942871,-12.853283882141113,-12.391582489013672,-11.852951049804688,-11.175272941589355,-10.534496307373047,-9.99127197265625,-9.514198303222656,-9.332388877868652,-9.189329147338867,-9.37063217163086,-9.744420051574707,-10.078947067260742,-10.163030624389648,-10.174076080322266,-9.943687438964844,-9.880444526672363,-9.881649017333984,-9.669395446777344,-9.382598876953125,-9.370723724365234,-9.180124282836914,-8.799418449401855
-13.505350112915039,-13.622335433959961,-13.762721061706543,-13.897881507873535,-14.000224113464355,-14.091989517211914,-14.200060844421387,-14.231189727783203,-13.985894203186035,-13.40196418762207,-12.78819751739502,-12.515718460083008,-12.61107063293457,-12.915820121765137,-13.186222076416016,-13.286273956298828,-13.295963287353516,-13.476754188537598,-13.749046325683594,-13.803776741027832,-13.671276092529297,-13.538772583007812,-13.449390411376953,-13.283502578735352,-12.820940971374512,-11.997904777526855,-11.295835494995117,-10.785757064819336,-10.588810920715332,-10.37092399597168,-10.217662811279297,-10.19607925415039,-10.475423812866211,-10.883001327514648,-11.084922790527344,-10.980626106262207,-10.866732597351074,-10.683300971984863,-10.540040016174316,-10.309171676635742,-10.01650333404541,-9.835393905639648,-9.520835876464844,-9.3430757522583
-13.004616737365723,-13.199987411499023,-13.460742950439453,-13.826271057128906,-14.158589363098145,-14.389904022216797,-14.58675479888916,-14.687162399291992,-14.443741798400879,-13.871552467346191,-13.29871940612793,-13.112658500671387,-13.332000732421875,-13.608084678649902,-13.636299133300781,-13.412866592407227,-13.34259033203125,-13.657706260681152,-13.987224578857422,-13.992053031921387,-13.827604293823242,-13.768320083618164,-13.905301094055176,-13.87402629852295,-13.494729995727539,-12.659167289733887,-11.856433868408203,-11.469449043273926,-11.560983657836914,-11.710801124572754,-11.626110076904297,-11.594100952148438,-11.615891456604004,-11.849323272705078,-12.10305118560791,-12.12913703918457,-11.995235443115234,-11.66299057006836,-11.404916763305664,-11.127334594726562,-10.806142807006836,-10.326102256774902,-9.80151653289795,-9.568964004516602
