data/wind_data/wind_Surface_47.json
{"header": {"parameterUnit": "KT", "parameterCategory": 2, "nx": 255, "ny": 198, "lo1": 44.73521041870117, "la1": -3.236724853515625, "lo2": 111.26478576660156, "la2": 43.468475341796875, "dx": 0.26192745566368103, "dy": -0.23708222806453705, "refTime": "2025-02-20 23:00:00", "forecastTime": 0, "parameterNumber": 3, "parameterNumberName": "northward_wind"}, "data":
[rows 19 to 37 of 198, columns 129 to 171 of 255]
-9.15880012512207,-9.610952377319336,-7.9650750160217285,-6.780058860778809,-8.76081657409668,-10.161603927612305,-9.134590148925781,-7.229101181030273,-7.827542304992676,-9.065239906311035,-10.198619842529297,-9.208464622497559,-9.342192649841309,-8.38598918914795,-8.629554748535156,-7.4536566734313965,-7.6475043296813965,-9.444910049438477,-8.837821006774902,-7.575193405151367,-6.606942653656006,-6.16062593460083,-5.928956508636475,-5.513413429260254,-5.173036098480225,-6.265505313873291,-9.506150245666504,-8.007307052612305,-8.841558456420898,-8.759876251220703,-8.173040390014648,-8.685005187988281,-9.014249801635742,-8.841409683227539,-8.490818977355957,-8.713909149169922,-8.261951446533203,-6.292640209197998,-5.363358497619629,-6.434993267059326,-7.115351676940918,-6.732007026672363,-7.072793960571289
-9.481524467468262,-9.445281982421875,-8.5471830368042,-7.7249369621276855,-8.23919677734375,-8.042865753173828,-7.596855163574219,-6.747488021850586,-7.05524206161499,-8.967570304870605,-11.676478385925293,-12.843454360961914,-11.6274995803833,-9.153834342956543,-8.318785667419434,-8.208216667175293,-7.786147117614746,-7.505164623260498,-7.857686996459961,-7.699777603149414,-7.733974456787109,-8.492451667785645,-9.103456497192383,-8.56646728515625,-7.165316581726074,-8.322836875915527,-7.2418928146362305,-7.478313446044922,-8.19760513305664,-8.112550735473633,-7.918576717376709,-6.752476215362549,-7.052639484405518,-7.188363075256348,-7.593231678009033,-7.181382179260254,-6.5927734375,-5.738912105560303,-4.922442436218262,-4.528847694396973,-4.937966823577881,-6.672216892242432,-6.302022457122803
-8.303703308105469,-8.261429786682129,-9.299858093261719,-9.964284896850586,-8.480112075805664,-6.246986389160156,-5.481116771697998,-5.213489055633545,-5.821601390838623,-7.514059543609619,-9.782184600830078,-11.579474449157715,-11.572943687438965,-10.219537734985352,-9.865992546081543,-10.130510330200195,-9.622283935546875,-6.364993095397949,-6.157328128814697,-7.394577503204346,-9.828271865844727,-10.79517936706543,-9.788383483886719,-9.197460174560547,-10.248889923095703,-7.424429893493652,-6.116407871246338,-10.763019561767578,-10.665135383605957,-8.282712936401367,-6.821590423583984,-5.222496032714844,-5.135603904724121,-4.967067241668701,-5.203474998474121,-4.044607162475586,-3.597700834274292,-4.954740524291992,-5.902292251586914,-4.612378120422363,-6.3783860206604,-6.356595039367676,-6.662939548492432
-7.101291179656982,-8.09105396270752,-9.497336387634277,-10.245718002319336,-10.45483112335205,-10.479819297790527,-6.343445301055908,-2.35526704788208,-4.803430557250977,-6.978272914886475,-7.136288642883301,-7.802119731903076,-9.03729248046875,-10.261728286743164,-10.08212947845459,-10.458524703979492,-11.840616226196289,-8.247739791870117,-6.2574357986450195,-8.591975212097168,-11.192557334899902,-11.139803886413574,-10.707170486450195,-11.56119441986084,-12.575645446777344,-10.096966743469238,-11.687704086303711,-13.319952964782715,-13.20484733581543,-9.651203155517578,-5.841022491455078,-5.841705322265625,-4.848488807678223,-4.76801061630249,-4.263906955718994,-3.3398711681365967,-1.6151741743087769,-3.2528860569000244,-7.147144317626953,-8.008209228515625,-8.040895462036133,-6.285229682922363,-6.204797744750977
-6.681866645812988,-7.306849479675293,-7.9833831787109375,-9.301922798156738,-11.382224082946777,-13.848875999450684,-11.842424392700195,-7.6425065994262695,-8.139662742614746,-7.412408828735352,-5.299116134643555,-5.71448278427124,-8.6820707321167,-9.869200706481934,-10.022835731506348,-9.903194427490234,-11.490757942199707,-10.511446952819824,-8.928033828735352,-9.801795959472656,-11.180405616760254,-12.314908981323242,-14.131568908691406,-14.92050552368164,-13.35700511932373,-12.148656845092773,-11.338133811950684,-11.422674179077148,-11.796692848205566,-10.694626808166504,-8.023850440979004,-8.19758415222168,-9.728073120117188,-10.616415977478027,-8.243544578552246,-6.334939956665039,-4.1681132316589355,-4.338778495788574,-7.004473686218262,-8.709811210632324,-7.649214267730713,-6.688541412353516,-5.629039287567139
-7.263804912567139,-8.578713417053223,-9.456679344177246,-10.15182113647461,-10.653862953186035,-10.89795970916748,-11.023673057556152,-9.862431526184082,-9.690526962280273,-8.795598983764648,-8.572278022766113,-9.288579940795898,-9.18770980834961,-8.34176254272461,-8.26674747467041,-8.40942096710205,-9.30693244934082,-9.552249908447266,-9.69070816040039,-10.180306434631348,-11.549175262451172,-13.360516548156738,-14.530937194824219,-14.117209434509277,-13.387467384338379,-12.511832237243652,-11.084901809692383,-11.316478729248047,-10.845396041870117,-11.14156436920166,-8.844648361206055,-8.737592697143555,-11.300048828125,-12.445840835571289,-10.415513038635254,-8.412274360656738,-6.718794822692871,-5.794823169708252,-5.922893524169922,-7.1673736572265625,-7.587797164916992,-6.5046796798706055,-3.3234262466430664
-7.6989312171936035,-9.170435905456543,-10.246810913085938,-10.908468246459961,-11.343484878540039,-10.4979887008667,-9.39457893371582,-8.173052787780762,-9.036479949951172,-10.671582221984863,-11.7549409866333,-10.89755630493164,-8.068256378173828,-5.802020072937012,-5.237249374389648,-6.524802207946777,-7.384568214416504,-7.366544723510742,-8.02886962890625,-10.032937049865723,-11.802148818969727,-12.199865341186523,-12.052652359008789,-12.37570858001709,-12.78357219696045,-11.944557189941406,-11.61678409576416,-11.862663269042969,-11.3582124710083,-11.134027481079102,-10.65401840209961,-10.14089584350586,-9.887430191040039,-11.813427925109863,-11.66851806640625,-9.378204345703125,-5.941102981567383,-5.840989112854004,-6.0867156982421875,-7.855635643005371,-8.332164764404297,-8.49988842010498,-6.428128242492676
-7.825150966644287,-8.745996475219727,-9.693005561828613,-10.628579139709473,-11.462736129760742,-11.630380630493164,-11.170138359069824,-10.75424575805664,-10.69168472290039,-10.583152770996094,-10.39207935333252,-9.323859214782715,-7.83993673324585,-6.19018030166626,-5.604471683502197,-5.975672245025635,-5.977142333984375,-5.615910053253174,-6.048482894897461,-8.887763977050781,-10.09627628326416,-10.850484848022461,-11.669954299926758,-11.970446586608887,-10.721795082092285,-10.257638931274414,-10.67611026763916,-11.41217041015625,-12.4257173538208,-14.110054016113281,-14.725282669067383,-12.120353698730469,-12.080208778381348,-13.180387496948242,-13.482563018798828,-12.396117210388184,-9.262314796447754,-7.0053300857543945,-6.801551818847656,-8.664521217346191,-10.020647048950195,-11.397180557250977,-10.56428050994873
-8.202330589294434,-8.963937759399414,-9.658727645874023,-9.583587646484375,-9.802655220031738,-10.312116622924805,-9.974093437194824,-10.140438079833984,-11.085219383239746,-10.454814910888672,-9.662980079650879,-8.743351936340332,-8.711031913757324,-9.315162658691406,-8.11291790008545,-5.993366718292236,-5.552701473236084,-6.248941898345947,-6.502433776855469,-7.104059219360352,-8.697173118591309,-10.515227317810059,-12.041159629821777,-11.782533645629883,-9.697651863098145,-9.212538719177246,-10.105940818786621,-10.872143745422363,-13.22789478302002,-14.483895301818848,-14.2747163772583,-12.486725807189941,-12.180289268493652,-11.14060115814209,-11.977432250976562,-12.768828392028809,-10.676769256591797,-6.874370574951172,-7.007138729095459,-8.279151916503906,-10.26186752319336,-12.524395942687988,-12.093511581420898
-8.001541137695312,-8.951136589050293,-9.507184982299805,-8.471546173095703,-8.12004566192627,-9.657195091247559,-10.090163230895996,-9.646414756774902,-9.825630187988281,-10.712063789367676,-9.833856582641602,-8.292662620544434,-8.500712394714355,-8.800054550170898,-7.970961093902588,-5.885365009307861,-5.317636489868164,-6.202042579650879,-6.357424259185791,-6.4603729248046875,-8.270883560180664,-9.269647598266602,-10.373468399047852,-11.43844223022461,-11.04476547241211,-9.266002655029297,-9.320873260498047,-9.999129295349121,-11.89519214630127,-11.675736427307129,-12.022562980651855,-11.939351081848145,-9.2750883102417,-8.710335731506348,-10.477813720703125,-10.459624290466309,-9.10771369934082,-6.195333957672119,-6.220230579376221,-7.273060321807861,-9.092899322509766,-11.229338645935059,-12.409141540527344
-7.182931423187256,-8.167656898498535,-8.75251579284668,-7.640469074249268,-6.774331092834473,-8.291428565979004,-9.917672157287598,-8.978043556213379,-7.4583587646484375,-8.562668800354004,-8.900531768798828,-7.939457416534424,-7.660451412200928,-8.033744812011719,-7.973324298858643,-5.518676280975342,-5.079858303070068,-5.595484733581543,-6.160359859466553,-6.807129859924316,-7.292388439178467,-7.079952716827393,-8.485523223876953,-9.925801277160645,-10.078139305114746,-9.556480407714844,-9.684593200683594,-10.534208297729492,-9.705252647399902,-9.840190887451172,-11.277658462524414,-11.494759559631348,-8.552892684936523,-5.743221282958984,-8.00674819946289,-9.75423812866211,-10.844752311706543,-8.167947769165039,-5.242126941680908,-6.878761291503906,-8.690272331237793,-9.363301277160645,-10.163321495056152
-6.513298511505127,-6.895456790924072,-7.58172082901001,-7.398805618286133,-6.469648361206055,-6.383075714111328,-7.745636463165283,-8.528970718383789,-7.783587455749512,-7.218832015991211,-8.331918716430664,-8.143774032592773,-8.019248962402344,-9.772985458374023,-10.728666305541992,-8.92995548248291,-6.471273422241211,-6.170037746429443,-8.084917068481445,-7.626828670501709,-7.104002952575684,-7.449859142303467,-8.238199234008789,-7.785120487213135,-7.449475288391113,-8.746034622192383,-10.748367309570312,-10.061494827270508,-8.051435470581055,-8.740133285522461,-10.461038589477539,-13.237838745117188,-13.177639961242676,-8.05189037322998,-7.120478630065918,-10.470866203308105,-13.16112995147705,-12.621743202209473,-8.350442886352539,-8.094644546508789,-9.41392993927002,-10.512356758117676,-11.011204719543457
-6.136732578277588,-5.570549964904785,-5.915568828582764,-6.7001776695251465,-6.396713733673096,-5.923337459564209,-6.8526997566223145,-8.840929985046387,-9.742659568786621,-8.3123140335083,-8.265693664550781,-9.3900728225708,-9.91681957244873,-11.28957748413086,-12.503429412841797,-11.54854965209961,-7.752403259277344,-7.053588390350342,-7.826234817504883,-7.887570858001709,-8.324226379394531,-9.074771881103516,-8.42013931274414,-6.607542037963867,-6.011363506317139,-7.395116329193115,-9.33389949798584,-8.431893348693848,-8.733330726623535,-8.062694549560547,-8.866503715515137,-12.35006046295166,-13.769153594970703,-11.57598876953125,-8.910440444946289,-10.330790519714355,-12.521450996398926,-12.953675270080566,-11.03718376159668,-9.188586235046387,-9.380677223205566,-11.095458984375,-12.499295234680176
-4.6999640464782715,-4.137031555175781,-4.033276081085205,-4.633515357971191,-5.414531230926514,-5.6757941246032715,-6.431759357452393,-7.941451549530029,-9.432618141174316,-9.351016998291016,-8.046101570129395,-9.029227256774902,-10.698455810546875,-11.391240119934082,-11.502123832702637,-10.541053771972656,-7.876473426818848,-6.019268989562988,-5.1799397468566895,-6.305386543273926,-7.547356605529785,-7.878689289093018,-7.305977821350098,-6.6246418952941895,-6.838120937347412,-7.572179317474365,-8.332572937011719,-9.424805641174316,-11.310980796813965,-10.899703979492188,-10.03857135772705,-9.889336585998535,-12.02170181274414,-13.888680458068848,-12.317304611206055,-8.26050853729248,-9.978816986083984,-11.178353309631348,-11.05408000946045,-9.217049598693848,-8.224838256835938,-8.770881652832031,-10.670673370361328
-2.3146402835845947,-2.583021402359009,-2.24607253074646,-1.5896837711334229,-3.6952149868011475,-5.272679328918457,-6.566898822784424,-7.6507720947265625,-9.567285537719727,-11.722179412841797,-11.327139854431152,-8.291829109191895,-9.275171279907227,-10.595601081848145,-10.646349906921387,-9.76829719543457,-8.533170700073242,-5.462822437286377,-3.1000518798828125,-4.823311805725098,-5.855768203735352,-5.904917240142822,-6.097367286682129,-7.815783977508545,-9.246572494506836,-9.078080177307129,-9.163359642028809,-11.155821800231934,-13.142181396484375,-13.162217140197754,-10.940170288085938,-10.074769020080566,-12.471290588378906,-15.034000396728516,-15.379072189331055,-10.267638206481934,-7.715334415435791,-10.140597343444824,-10.389564514160156,-8.975761413574219,-8.053998947143555,-7.157533168792725,-8.414902687072754
-3.170117139816284,-1.2990375757217407,0.3526003360748291,0.8097473978996277,-2.0465710163116455,-4.549185276031494,-7.0337629318237305,-8.830897331237793,-11.534573554992676,-14.965118408203125,-15.90054702758789,-9.978411674499512,-8.097577095031738,-9.956381797790527,-10.715676307678223,-9.547419548034668,-10.007094383239746,-10.813262939453125,-7.803443908691406,-5.740497589111328,-6.440712928771973,-7.12545919418335,-7.97050666809082,-9.833257675170898,-10.029163360595703,-9.259265899658203,-9.838937759399414,-11.820716857910156,-12.746140480041504,-12.248126983642578,-11.069648742675781,-10.805798530578613,-11.020922660827637,-13.09605598449707,-14.364989280700684,-12.713847160339355,-7.9532470703125,-8.768011093139648,-9.002337455749512,-9.07776927947998,-10.202027320861816,-10.2774019241333,-8.78685188293457
-4.178750991821289,-2.663116931915283,-1.4878743886947632,0.09531094878911972,0.5243995189666748,-2.6546175479888916,-5.678338527679443,-8.48816967010498,-11.033815383911133,-13.384686470031738,-14.791007041931152,-12.238052368164062,-8.242347717285156,-9.527300834655762,-10.915574073791504,-10.657803535461426,-10.960565567016602,-12.404236793518066,-11.24466609954834,-8.046638488769531,-8.013921737670898,-8.97800064086914,-9.655338287353516,-8.996800422668457,-7.9221320152282715,-8.437175750732422,-10.44942569732666,-11.429123878479004,-11.174355506896973,-11.152650833129883,-11.835013389587402,-11.582232475280762,-10.359087944030762,-11.086094856262207,-12.255449295043945,-12.555973052978516,-11.875182151794434,-11.389341354370117,-9.577611923217773,-9.866290092468262,-12.25377368927002,-12.907418251037598,-9.944148063659668
-3.4970829486846924,-2.9223878383636475,-2.8180007934570312,-1.3910483121871948,0.8335622549057007,0.6224469542503357,-1.9215143918991089,-4.284560203552246,-6.397749900817871,-6.9316558837890625,-8.29582691192627,-11.590596199035645,-8.625792503356934,-8.462124824523926,-10.044261932373047,-9.59610652923584,-8.673178672790527,-8.530698776245117,-9.110832214355469,-8.397858619689941,-7.638768196105957,-7.716030120849609,-7.510812759399414,-6.727287292480469,-7.110905647277832,-8.522168159484863,-9.733607292175293,-10.096349716186523,-10.174822807312012,-10.8190279006958,-11.587102890014648,-12.224971771240234,-11.814864158630371,-10.778190612792969,-11.401726722717285,-12.069368362426758,-13.195438385009766,-13.889057159423828,-10.590888023376465,-9.425955772399902,-11.29628849029541,-12.037052154541016,-11.864068984985352
-3.360191822052002,-1.8605315685272217,-0.7272861003875732,-0.15894809365272522,-0.10284530371427536,0.6793292164802551,-0.19441886246204376,-2.3668041229248047,-6.414341449737549,-7.939262866973877,-7.86164665222168,-7.673340320587158,-7.5479230880737305,-7.9476847648620605,-8.956582069396973,-8.132062911987305,-7.275930881500244,-7.014984130859375,-7.331011772155762,-6.8538818359375,-5.25273323059082,-4.93239688873291,-6.025954246520996,-6.441356182098389,-7.893760681152344,-8.7712984085083,-8.685751914978027,-8.740631103515625,-9.848503112792969,-10.478669166564941,-10.351929664611816,-10.838525772094727,-11.36069107055664,-10.933303833007812,-10.639988899230957,-10.534664154052734,-10.644041061401367,-11.551263809204102,-10.653069496154785,-9.54322624206543,-10.195303916931152,-10.943852424621582,-11.31653881072998
