data/wind_data/wind_56_5.json
{"header": {"parameterUnit": "KT", "parameterCategory": 2, "nx": 256, "ny": 198, "lo1": 44.73521041870117, "la1": -3.236724853515625, "lo2": 111.26478576660156, "la2": 43.468475341796875, "dx": 0.2609002888202667, "dy": -0.23708222806453705, "refTime": "2025-02-21 08:00:00", "forecastTime": 0, "parameterNumber": 2, "parameterNumberName": "eastward_wind"}, "data":
[rows 19 to 37 of 198, columns 176 to 219 of 256]
3.451702356338501,4.091213703155518,3.334266424179077,4.6268391609191895,5.272771835327148,5.586205959320068,5.1187896728515625,5.325117588043213,5.563106060028076,5.327500343322754,4.91205358505249,5.365045547485352,5.892622947692871,6.758668899536133,7.193542957305908,7.009023189544678,6.852447032928467,7.379153728485107,7.803055763244629,7.870842456817627,7.5361008644104,6.397741317749023,5.513955116271973,5.6167473793029785,6.725571155548096,6.45227575302124,6.188358306884766,5.899613857269287,5.235599040985107,4.4272236824035645,4.37880277633667,3.397845983505249,5.568140506744385,6.009071350097656,6.040252208709717,4.460394859313965,6.089034080505371,5.492137432098389,4.761587619781494,5.288437843322754,5.0171613693237305,4.418837547302246,3.7639248371124268,3.525923728942871
3.098766803741455,2.631666898727417,3.595451593399048,3.267904043197632,5.271229267120361,5.659747123718262,4.438298225402832,4.391356945037842,5.135790824890137,5.698837757110596,5.677818775177002,5.920273303985596,5.762260913848877,6.492570877075195,6.8507256507873535,6.665066242218018,6.435187339782715,6.737380504608154,6.88015079498291,6.912041664123535,7.14283561706543,6.0312724113464355,4.954105377197266,5.2691216468811035,5.914567947387695,5.268030166625977,5.189096450805664,4.660745620727539,3.670958995819092,2.8911683559417725,3.581393241882324,4.290492057800293,4.809540271759033,5.169088840484619,5.132423400878906,4.987510681152344,7.181970596313477,5.15688943862915,4.148181915283203,3.626481533050537,3.137113094329834,2.587315559387207,2.2874960899353027,2.311382532119751
2.811415433883667,2.569819450378418,1.8966556787490845,3.9120476245880127,4.888061046600342,4.037271976470947,3.2141776084899902,3.4371511936187744,4.524092674255371,5.302082061767578,5.548116683959961,5.772778511047363,5.759448528289795,6.49078893661499,6.3828582763671875,6.064518928527832,5.760396957397461,5.5277018547058105,5.70954704284668,6.226557731628418,5.904788017272949,5.25822639465332,4.471832752227783,4.349714279174805,4.309103965759277,4.141530990600586,3.99224591255188,3.2416324615478516,2.092088460922241,2.5168910026550293,4.174500465393066,5.426295757293701,2.453254461288452,3.264115333557129,3.732832431793213,4.7672119140625,5.323690891265869,4.6778764724731445,3.876020908355713,2.2598609924316406,1.7593168020248413,1.503204584121704,1.022497534751892,1.5853191614151
2.026560068130493,3.023031711578369,2.7229299545288086,3.386317014694214,3.675032615661621,3.511810064315796,3.361320972442627,3.261666774749756,4.17484188079834,4.6931867599487305,5.045209884643555,5.421346187591553,5.7776079177856445,5.846250534057617,4.769778251647949,4.533144950866699,4.453876972198486,4.155703544616699,4.502967357635498,5.265240669250488,4.640462398529053,4.044414520263672,4.0679521560668945,3.454636812210083,2.740447998046875,2.4048473834991455,1.499097228050232,1.510481357574463,1.7139784097671509,3.340409517288208,3.0323004722595215,4.437585353851318,3.364290714263916,3.854365587234497,3.176344394683838,3.7786543369293213,4.26289701461792,3.2560460567474365,2.4028942584991455,1.1023063659667969,0.9266499876976013,0.8640450835227966,-0.7949574589729309,2.312120199203491
0.7015494108200073,2.240262746810913,3.1259448528289795,3.5128095149993896,4.09146785736084,3.9462597370147705,3.7377610206604004,3.4028282165527344,3.7389276027679443,4.292875289916992,4.501626491546631,4.929180145263672,4.4965081214904785,3.659428119659424,2.842209815979004,3.1113674640655518,2.7020139694213867,2.5210299491882324,2.9707741737365723,3.702223777770996,2.777407169342041,2.1481692790985107,2.4474573135375977,2.245102882385254,1.5903537273406982,0.2957507371902466,-0.07375481724739075,1.4454913139343262,3.0582473278045654,3.6979119777679443,0.16089746356010437,0.42670077085494995,1.9908716678619385,2.44792103767395,2.682708501815796,2.513572931289673,2.6012868881225586,2.1197669506073,1.2704799175262451,0.46191176772117615,0.34717991948127747,0.25467100739479065,0.08128078281879425,0.1987941712141037
0.9085713624954224,2.590115785598755,3.6759185791015625,3.60499906539917,4.339966297149658,3.9357635974884033,3.5088999271392822,3.5242514610290527,3.2744641304016113,3.4805619716644287,3.6628808975219727,3.5757594108581543,2.621204137802124,1.3693687915802002,1.2259385585784912,1.4738165140151978,1.0878838300704956,0.7911003232002258,0.980235755443573,1.3204152584075928,0.8650656938552856,0.528327226638794,0.9452025890350342,1.0905218124389648,0.8146864771842957,-0.44742220640182495,0.4754491150379181,2.6745827198028564,2.9822380542755127,-0.08139295130968094,-3.927424430847168,-1.1799802780151367,0.9302482604980469,2.6807005405426025,2.6961867809295654,2.282644033432007,0.8107941150665283,0.2809881865978241,0.23004235327243805,0.1154227927327156,-0.5382695198059082,0.24491135776042938,-0.263023316860199,-0.04346789792180061
2.3022947311401367,3.7953879833221436,4.363894462585449,3.3761658668518066,3.1064088344573975,3.6984946727752686,3.7570533752441406,3.3271749019622803,2.5478627681732178,2.3166964054107666,2.1511125564575195,1.7129597663879395,0.9244065880775452,0.004628248047083616,-0.00866882037371397,0.2608998119831085,0.03107132948935032,-0.7587372064590454,-0.8398193120956421,-0.6646061539649963,-0.2219773381948471,-0.06972841173410416,0.13347725570201874,0.46185562014579773,0.40258073806762695,2.661567211151123,1.591750979423523,0.9898386597633362,0.07406966388225555,-1.1257902383804321,-2.2506349086761475,-1.045097827911377,0.16072003543376923,0.6508829593658447,1.9098142385482788,1.2446212768554688,0.017914654687047005,-0.5519979596138,-0.49583104252815247,-0.041577912867069244,0.20033124089241028,-0.1387723684310913,-0.13330449163913727,-0.45240408182144165
4.160617351531982,4.376046180725098,4.105438709259033,2.4646339416503906,2.3926026821136475,3.163097620010376,3.899691343307495,2.4305450916290283,1.5489726066589355,1.2790722846984863,0.7314355373382568,0.21915335953235626,-0.06831666082143784,-0.8009385466575623,-0.8810349702835083,-0.3821989893913269,-0.7934809327125549,-1.7836780548095703,-1.7299803495407104,-0.9357870221138,-0.2045133113861084,-0.0790756344795227,-0.1397009640932083,0.339200884103775,1.115257978439331,1.9289368391036987,-3.4181594848632812,-3.329223155975342,-1.5768616199493408,-1.4913270473480225,-1.5747239589691162,-0.5175155997276306,-0.28818169236183167,0.05650528892874718,1.7943817377090454,0.7573204040527344,-0.9844471216201782,-1.309778094291687,-1.9643864631652832,-1.4948149919509888,0.28660717606544495,-0.6250806450843811,-0.8746321201324463,-1.284136414527893
3.9024431705474854,3.1611342430114746,2.608403205871582,1.9880743026733398,1.8625022172927856,2.858684539794922,3.072021961212158,1.2211625576019287,0.24549171328544617,0.7991102933883667,-0.027265094220638275,-0.365653395652771,-0.7256218791007996,-1.678717017173767,-1.7271357774734497,-0.8475767374038696,-0.9166012406349182,-2.060028076171875,-1.5113104581832886,-0.43708232045173645,-0.27569183707237244,-0.41011640429496765,-1.2446740865707397,-0.7178621292114258,0.5802595615386963,-2.534719944000244,-7.096186637878418,-2.459963321685791,-1.193138837814331,-0.9664758443832397,-0.958204984664917,-0.15661998093128204,-3.811936767306179e-05,-0.22023622691631317,0.8336589336395264,-0.04676128551363945,-2.002622127532959,-2.925161361694336,-3.1360650062561035,-2.060617685317993,0.2659633159637451,-0.4861910939216614,-1.6332536935806274,-1.1224480867385864
1.4525983333587646,1.290729284286499,1.3269330263137817,1.8235983848571777,1.720137119293213,1.9112112522125244,1.7743327617645264,-0.0068298764526844025,-0.6142007112503052,0.5259058475494385,-0.2612541913986206,-0.6993475556373596,-1.2231791019439697,-1.9619109630584717,-1.697832465171814,-0.7506574988365173,-0.16209790110588074,-1.0411152839660645,-0.7947092652320862,-0.33746272325515747,-0.9398455023765564,-0.7857760787010193,-1.4948557615280151,-0.6387666463851929,-2.2620391845703125,-6.7241058349609375,-4.317612171173096,-1.4439754486083984,-0.47137510776519775,-1.234572172164917,-1.7652223110198975,-1.0212353467941284,-0.8148518204689026,-1.0173882246017456,-0.8226588368415833,-1.6635370254516602,-3.16453218460083,-3.9891231060028076,-3.492109775543213,-1.0202630758285522,0.009337691590189934,-1.080288290977478,-1.1991127729415894,-0.4589708149433136
0.2557685077190399,0.0005218950100243092,0.4630902409553528,1.7268660068511963,1.282592535018921,0.41823509335517883,0.08242414891719818,0.02920348010957241,-0.8179984092712402,0.007177714258432388,-0.23904255032539368,-0.7660725712776184,-1.1131737232208252,-1.1924149990081787,-1.109324336051941,-0.8887854814529419,-0.36073824763298035,-0.08449973165988922,-0.2469542920589447,-0.9023536443710327,-2.091137409210205,0.23226836323738098,1.3738936185836792,-0.710974931716919,-3.376528739929199,-4.816653251647949,-3.303422451019287,-2.339506149291992,-1.9517351388931274,-3.2608394622802734,-4.127930641174316,-3.5424764156341553,-2.3818888664245605,-1.7516857385635376,-2.444091796875,-2.6184113025665283,-3.668029308319092,-4.70374059677124,-4.631054878234863,-1.926122784614563,1.33108389377594,-0.7816471457481384,-0.22387374937534332,-0.8127404451370239
-1.5865274667739868,-0.5758781433105469,0.16901208460330963,1.4243284463882446,-0.4324261248111725,-0.7031699419021606,-0.3284599483013153,-0.594830334186554,-0.5952549576759338,-0.11125202476978302,-0.1345086246728897,-0.5588483810424805,-0.6393893361091614,-0.5490183234214783,-1.1133795976638794,-1.919653058052063,-1.9765286445617676,-1.194475769996643,-0.9928467273712158,-1.5614728927612305,-2.171692371368408,2.338907480239868,-0.2839745283126831,-4.176443099975586,-4.401170253753662,-4.172348976135254,-3.5122458934783936,-4.842998504638672,-5.24249792098999,-5.776075839996338,-5.935218811035156,-4.37510347366333,-2.0491943359375,-2.845588445663452,-3.595611333847046,-3.037374973297119,-3.8881773948669434,-4.676836967468262,-4.126283645629883,-4.38685417175293,2.0226659774780273,-0.4613579213619232,-0.12544159591197968,-1.1596031188964844
-1.86175537109375,-0.8672473430633545,-0.06877421587705612,0.5386190414428711,-1.2226645946502686,-1.4505465030670166,-1.536653757095337,-1.5075469017028809,-0.47142958641052246,0.23081715404987335,-0.6705830097198486,-0.9187855124473572,-0.949616014957428,-0.7315084338188171,-1.5905323028564453,-2.7501814365386963,-2.6334614753723145,-1.8653078079223633,-2.3180041313171387,-0.8715801239013672,0.5816828608512878,-0.6043926477432251,-4.714449405670166,-4.451511383056641,-4.687807083129883,-4.639243125915527,-4.7200212478637695,-4.5886125564575195,-5.000759601593018,-4.1065449714660645,-2.996795654296875,-2.648756742477417,-2.283834218978882,-3.3993630409240723,-4.062340259552002,-3.8155696392059326,-3.9770374298095703,-5.528293132781982,-5.565092086791992,-0.8142063021659851,-1.8787431716918945,-0.9691559672355652,-0.8249784708023071,-2.058831214904785
-2.5600993633270264,-1.6090093851089478,-1.230965256690979,-1.1872023344039917,-1.6165508031845093,-2.1538991928100586,-0.9414367079734802,-0.8511817455291748,-0.4143490493297577,-0.1915930211544037,-0.9996471405029297,-1.3331869840621948,-1.4667927026748657,-0.8284177184104919,-1.1062086820602417,-2.5470821857452393,-2.688485860824585,0.5877484083175659,-2.1385388374328613,-0.5953873991966248,-2.720522403717041,-3.053866386413574,-4.500979423522949,-6.055228233337402,-5.934987545013428,-5.376668930053711,-4.24552583694458,-2.912896156311035,-3.389976978302002,-4.1715407371521,-4.985816955566406,-4.8031840324401855,-3.9003632068634033,-4.28784704208374,-4.3557658195495605,-3.7183196544647217,-3.671226978302002,-5.004434108734131,-2.9334120750427246,-2.6805367469787598,-2.231799364089966,-1.4683213233947754,-1.6175204515457153,-3.312856912612915
-4.000187397003174,-2.7541494369506836,-1.7239524126052856,-2.374849557876587,-1.153229832649231,-2.471923828125,-0.12977544963359833,-0.23157399892807007,-0.6875158548355103,-0.4961126446723938,-0.8398737907409668,-1.1203844547271729,-1.3612775802612305,-1.3017765283584595,-1.3520841598510742,-1.8484338521957397,-2.180720090866089,-2.3484208583831787,-3.1871731281280518,-1.1718404293060303,-2.124643087387085,-4.975329875946045,-5.625524044036865,-5.672565460205078,-4.64240837097168,-4.383865833282471,-4.298486709594727,-4.444291114807129,-5.47849178314209,-6.129996299743652,-5.938324451446533,-4.709685325622559,-3.874575614929199,-4.038291931152344,-3.9017767906188965,-3.6414732933044434,-4.30625057220459,-4.756708145141602,-4.1744561195373535,-3.5942554473876953,-2.6659510135650635,-1.940709114074707,-2.1345322132110596,-3.8806142807006836
-3.3951542377471924,-2.939962387084961,-3.247028112411499,-2.8981661796569824,0.03860681876540184,-1.8862265348434448,-0.028628993779420853,-0.1562834233045578,-0.25130122900009155,-0.47508445382118225,-0.17653755843639374,-0.7246662974357605,-1.279270887374878,-1.917036771774292,-2.206852912902832,-1.897638201713562,-1.9269249439239502,-3.481637477874756,-3.2804317474365234,-3.040825128555298,-3.43831467628479,-4.681021213531494,-2.6417176723480225,-3.807150363922119,-4.27859354019165,-4.927183628082275,-5.845273017883301,-6.328856468200684,-7.067418098449707,-7.015539169311523,-6.13435173034668,-4.9453277587890625,-4.143326282501221,-4.003711700439453,-3.7377095222473145,-3.7058610916137695,-4.305480003356934,-4.858277797698975,-4.790321350097656,-4.325685977935791,-3.1530120372772217,-2.1858439445495605,-3.1186459064483643,-4.522261142730713
-3.2581377029418945,-3.008810043334961,-3.0306479930877686,-2.4355599880218506,-1.5956814289093018,-2.1714489459991455,-0.7984672784805298,-0.6341496706008911,1.2366565465927124,-0.6297886967658997,0.7669622302055359,-0.14259187877178192,-1.3512629270553589,-1.730578899383545,-1.1574641466140747,-1.820597767829895,-2.4322943687438965,-3.1967644691467285,-3.310979127883911,-2.9888789653778076,-1.7328157424926758,-1.8680192232131958,-2.570356845855713,-4.98059606552124,-6.371769428253174,-6.379408359527588,-6.640220642089844,-7.145314693450928,-7.410797119140625,-7.046210289001465,-5.810176372528076,-4.755324840545654,-4.189047813415527,-3.6970407962799072,-3.2585341930389404,-3.1905078887939453,-3.7886812686920166,-4.710180282592773,-5.160492420196533,-4.345529079437256,-3.1295559406280518,-2.999206066131592,-4.50938081741333,-5.10396146774292
-3.077775478363037,-2.8793680667877197,-1.8478460311889648,-1.4951612949371338,-1.865566611289978,-1.4121893644332886,-0.9189716577529907,-0.7231959104537964,-0.8614737391471863,-1.3570799827575684,-1.0245882272720337,-2.1983327865600586,-3.486248016357422,-3.5209922790527344,-2.4634134769439697,-3.6540849208831787,-4.6419548988342285,-4.831230640411377,-5.032815456390381,-5.350610733032227,-5.077717304229736,-4.957782745361328,-5.810319900512695,-6.543564319610596,-6.439765453338623,-6.437337398529053,-6.835764408111572,-7.317862033843994,-7.293078899383545,-6.474790573120117,-5.296597003936768,-4.462917327880859,-3.9461324214935303,-3.3932740688323975,-2.9812209606170654,-3.045170307159424,-3.676691770553589,-4.381523132324219,-4.425054550170898,-3.7851486206054688,-3.1370983123779297,-4.109033584594727,-5.264917373657227,-5.221073150634766
-2.423306941986084,-1.861388087272644,-1.304695725440979,-1.5080876350402832,-1.4482849836349487,-1.3086366653442383,-2.6361443996429443,-4.433200836181641,-7.796443462371826,-8.49325180053711,-7.398198127746582,-7.501178741455078,-7.950526714324951,-7.376244068145752,-6.373166561126709,-6.736568927764893,-5.936370372772217,-6.112683296203613,-6.533383846282959,-6.503705978393555,-6.415728569030762,-6.0685811042785645,-6.455142974853516,-6.818948268890381,-6.987061977386475,-7.113013744354248,-7.15858793258667,-7.195615291595459,-6.905047416687012,-6.107287883758545,-5.257275581359863,-4.729418754577637,-4.260775089263916,-3.627175807952881,-3.1826717853546143,-3.297612190246582,-3.474764585494995,-3.362149953842163,-3.2558789253234863,-3.1270391941070557,-3.4290027618408203,-4.208806037902832,-4.786713600158691,-4.362487316131592
