data/wind_data/wind_0_2.json
{"header": {"parameterUnit": "KT", "parameterCategory": 2, "nx": 256, "ny": 198, "lo1": 44.73521041870117, "la1": -3.236724853515625, "lo2": 111.26478576660156, "la2": 43.468475341796875, "dx": 0.2609002888202667, "dy": -0.23708222806453705, "refTime": "2025-02-19 00:00:00", "forecastTime": 0, "parameterNumber": 2, "parameterNumberName": "eastward_wind"}, "data":
[rows 38 to 56 of 198, columns 86 to 128 of 256]
-9.748516082763672,-9.44650936126709,-8.953998565673828,-8.465497970581055,-8.185580253601074,-8.118086814880371,-8.07791519165039,-8.14732837677002,-8.232208251953125,-8.40310287475586,-8.233540534973145,-8.149208068847656,-8.112605094909668,-7.977884769439697,-7.673239707946777,-7.514268398284912,-7.4894795417785645,-7.386176586151123,-7.19983434677124,-6.909843444824219,-6.566697597503662,-6.395131587982178,-6.592911720275879,-7.000785827636719,-7.280850410461426,-7.717310428619385,-8.500874519348145,-9.48817253112793,-10.346630096435547,-11.073980331420898,-11.876928329467773,-12.693171501159668,-13.656250953674316,-14.678960800170898,-14.708170890808105,-13.253756523132324,-11.78530502319336,-11.316696166992188,-11.624208450317383,-12.5044584274292,-11.840888977050781,-10.297614097595215,-8.9210844039917
-9.606365203857422,-9.330973625183105,-8.817800521850586,-8.289649963378906,-8.15912914276123,-8.265298843383789,-8.255187034606934,-8.325457572937012,-8.341166496276855,-8.246548652648926,-8.027795791625977,-7.9723615646362305,-7.961341857910156,-7.737604141235352,-7.342838764190674,-7.191587448120117,-7.219304084777832,-7.278349876403809,-7.093889236450195,-6.891138076782227,-6.688373565673828,-6.453219413757324,-6.3175811767578125,-6.075405120849609,-5.9376959800720215,-6.096699237823486,-6.258312225341797,-6.372201919555664,-7.132052421569824,-8.640981674194336,-10.003232955932617,-10.492770195007324,-11.600502967834473,-13.9290132522583,-14.233048439025879,-12.729314804077148,-11.774264335632324,-11.464983940124512,-11.074756622314453,-11.128060340881348,-10.528678894042969,-9.726587295532227,-9.16128158569336
-9.436034202575684,-9.011556625366211,-8.570731163024902,-8.235952377319336,-8.090585708618164,-7.894522666931152,-7.765198230743408,-7.944387912750244,-7.984764099121094,-7.896603584289551,-7.5771403312683105,-7.300729274749756,-7.236767292022705,-7.122836589813232,-6.844710350036621,-6.7085676193237305,-6.637582302093506,-6.807463645935059,-7.12343168258667,-7.201223850250244,-6.9825334548950195,-6.486205577850342,-5.874993324279785,-5.307899475097656,-5.084638595581055,-5.081039905548096,-4.913073539733887,-4.639571666717529,-4.592019557952881,-4.887373924255371,-6.076274871826172,-7.533510684967041,-8.18681812286377,-8.022719383239746,-9.462105751037598,-10.308208465576172,-11.709357261657715,-12.613714218139648,-12.102605819702148,-11.66353702545166,-10.98147964477539,-10.223599433898926,-9.593497276306152
-9.330140113830566,-8.647757530212402,-8.128996849060059,-7.978983402252197,-7.943761348724365,-7.5821003913879395,-7.127324104309082,-7.096095561981201,-6.921323776245117,-6.6965484619140625,-6.8441057205200195,-7.1094841957092285,-7.268922328948975,-6.78438663482666,-6.261815071105957,-5.9974493980407715,-5.992371559143066,-6.5538330078125,-7.310896396636963,-7.51730489730835,-7.049679279327393,-6.2387895584106445,-5.398946285247803,-4.809296607971191,-4.555893898010254,-4.239926815032959,-4.034873008728027,-3.983273983001709,-3.953221321105957,-3.6524224281311035,-3.2727277278900146,-3.685025930404663,-4.440897464752197,-5.000145435333252,-6.083651542663574,-7.169723987579346,-9.236618041992188,-14.369932174682617,-15.302070617675781,-13.354743957519531,-11.898540496826172,-10.179435729980469,-9.356809616088867
-9.5003023147583,-8.725902557373047,-8.20615291595459,-7.950142860412598,-7.533080101013184,-6.909682750701904,-6.3957200050354,-6.26043176651001,-5.917901039123535,-5.584915637969971,-6.115480899810791,-6.449877738952637,-6.336652755737305,-6.186026096343994,-5.7790913581848145,-5.487308502197266,-5.957677841186523,-6.599867820739746,-7.001673698425293,-7.057859897613525,-6.79176139831543,-6.25546407699585,-5.487382411956787,-4.787303924560547,-4.241561412811279,-3.760401964187622,-3.615499973297119,-3.7378029823303223,-3.851015567779541,-3.7708096504211426,-3.3648529052734375,-2.826633930206299,-2.039839029312134,-1.5503772497177124,-2.1826565265655518,-3.6102731227874756,-4.13775110244751,-6.025845527648926,-11.73293685913086,-15.001968383789062,-12.930717468261719,-10.736775398254395,-9.26912784576416
-9.39598274230957,-9.176493644714355,-8.615238189697266,-8.210333824157715,-7.812452793121338,-7.0210371017456055,-6.386821746826172,-5.972235679626465,-5.30390739440918,-4.882931709289551,-5.235879898071289,-5.553890705108643,-5.655180931091309,-5.582542896270752,-5.34039831161499,-5.440085411071777,-5.898104667663574,-6.102760314941406,-6.046293258666992,-5.921642303466797,-5.722304344177246,-5.3064165115356445,-4.577906131744385,-3.703559637069702,-2.8240466117858887,-2.4727747440338135,-2.632124900817871,-2.9046008586883545,-3.162297010421753,-3.154984712600708,-3.127114772796631,-3.051508903503418,-2.424624443054199,-1.5088300704956055,-0.9143908619880676,-0.6283813118934631,-0.5932717323303223,0.3967881202697754,-0.3762660622596741,-7.100138187408447,-12.706621170043945,-10.91499137878418,-9.220440864562988
-8.877326965332031,-8.531502723693848,-8.443892478942871,-8.310908317565918,-7.943784236907959,-7.271538734436035,-6.496517658233643,-5.8166656494140625,-5.063534259796143,-4.50753116607666,-4.487532138824463,-4.60138463973999,-4.91752815246582,-5.159660339355469,-5.376107692718506,-5.681037902832031,-5.861515522003174,-5.666481018066406,-5.391304969787598,-5.238033771514893,-5.023416042327881,-4.651621341705322,-4.035501480102539,-3.3370180130004883,-2.5853371620178223,-2.126904249191284,-2.163174867630005,-2.4612221717834473,-2.5852291584014893,-2.1876745223999023,-1.8565130233764648,-2.1226255893707275,-1.8669252395629883,-1.6668580770492554,-1.8784016370773315,-1.6166092157363892,0.08373554795980453,1.2329357862472534,-0.00874042883515358,-2.427212715148926,-6.351200580596924,-9.767127990722656,-8.855263710021973
-9.395339012145996,-8.410767555236816,-7.6076178550720215,-7.11504602432251,-6.864933967590332,-6.365072727203369,-5.883470058441162,-5.488234043121338,-5.122070789337158,-4.482235908508301,-4.280099868774414,-4.287398815155029,-4.4738640785217285,-4.558156967163086,-4.7217326164245605,-4.861352920532227,-4.958506107330322,-4.671679973602295,-4.411493301391602,-4.378249645233154,-4.456295013427734,-4.338965892791748,-3.966628313064575,-3.4066269397735596,-2.820060968399048,-2.4008703231811523,-2.124746084213257,-1.8381431102752686,-1.6824733018875122,-1.4858869314193726,-1.3150640726089478,-1.8060283660888672,-1.9197319746017456,-1.8902279138565063,-1.6310043334960938,-1.9864243268966675,-1.382623314857483,-0.7569965124130249,-2.756098747253418,-3.0425424575805664,-3.605210065841675,-6.864973068237305,-8.633206367492676
-9.118043899536133,-8.633810997009277,-8.23976993560791,-7.714445114135742,-6.895332336425781,-6.275582790374756,-5.561448097229004,-5.102792263031006,-4.831509590148926,-4.44581937789917,-4.379581451416016,-4.670199394226074,-4.596617698669434,-4.150113582611084,-3.8139946460723877,-3.600862503051758,-3.5425755977630615,-3.464916706085205,-3.3560068607330322,-3.535515069961548,-3.8348188400268555,-3.956303596496582,-3.7434258460998535,-3.124173879623413,-2.582186698913574,-2.461449146270752,-1.9665778875350952,-1.2933813333511353,-0.9451300501823425,-0.981841504573822,-1.3323434591293335,-1.429345726966858,-1.5695433616638184,-2.107495069503784,-2.495738983154297,-2.999169111251831,-5.184087753295898,-4.924294471740723,-5.08917236328125,-5.670921325683594,-4.202991962432861,-6.550072193145752,-8.690205574035645
-8.990755081176758,-8.745513916015625,-8.329126358032227,-8.122310638427734,-7.197331428527832,-6.6988725662231445,-6.175906658172607,-5.8828606605529785,-4.929802894592285,-4.568905830383301,-4.46546745300293,-4.523352146148682,-4.3962531089782715,-4.272095203399658,-4.159916400909424,-3.7859017848968506,-3.558112382888794,-3.591823101043701,-3.4376301765441895,-3.447298765182495,-3.5654401779174805,-3.395939350128174,-2.936549186706543,-2.4335038661956787,-2.2853400707244873,-2.307033061981201,-1.8614740371704102,-1.379569411277771,-1.2650973796844482,-1.3567205667495728,-1.544154167175293,-1.486281394958496,-1.3490427732467651,-1.4241325855255127,-1.4387519359588623,-2.500422477722168,-5.808537006378174,-8.924402236938477,-9.836738586425781,-8.53880500793457,-5.925044059753418,-7.495664119720459,-9.115691184997559
-8.900092124938965,-8.648032188415527,-7.914329528808594,-7.467337131500244,-7.120160102844238,-6.423889636993408,-6.1290693283081055,-5.692371845245361,-5.354913234710693,-5.107025146484375,-4.832330226898193,-4.726778984069824,-4.344263553619385,-4.231688976287842,-4.494363307952881,-4.591219425201416,-4.489576816558838,-4.269999980926514,-3.8098320960998535,-3.508604049682617,-3.5308337211608887,-3.2866082191467285,-2.877459764480591,-2.646494150161743,-2.4021430015563965,-2.1947872638702393,-1.7554043531417847,-1.6011295318603516,-1.5614465475082397,-1.565646767616272,-1.4428019523620605,-1.237380027770996,-1.0926618576049805,-0.8714199066162109,0.04077179357409477,0.325531542301178,-0.8341087698936462,-2.1895766258239746,-3.8926992416381836,-6.654350757598877,-7.131986618041992,-7.686939716339111,-8.815351486206055
-8.120150566101074,-7.594130039215088,-7.17305326461792,-6.786636829376221,-6.562106132507324,-6.277671813964844,-6.13967752456665,-5.403008460998535,-4.896673202514648,-5.071386337280273,-4.730659484863281,-4.509040355682373,-4.561448574066162,-4.709941387176514,-4.755302906036377,-4.8799147605896,-4.901735305786133,-4.534779071807861,-4.117491245269775,-3.969496250152588,-3.8699281215667725,-3.7092065811157227,-3.644310235977173,-3.6333792209625244,-3.2269814014434814,-2.5906264781951904,-2.2023487091064453,-2.2495369911193848,-2.3838839530944824,-2.408125162124634,-2.1130242347717285,-1.7424287796020508,-1.2715184688568115,-0.43990445137023926,0.8140243291854858,0.5519299507141113,-0.3420941233634949,-3.245891809463501,-7.470873832702637,-6.9798736572265625,-5.695950031280518,-7.211811065673828,-8.051348686218262
-7.352012634277344,-6.815694808959961,-6.701961994171143,-6.480036735534668,-5.969568252563477,-5.667301654815674,-5.128671169281006,-4.97882080078125,-5.078539848327637,-5.1131134033203125,-4.622368812561035,-4.148715019226074,-4.101509094238281,-4.404800891876221,-4.753211498260498,-4.70800256729126,-4.418223857879639,-4.206106185913086,-4.157839298248291,-4.1615376472473145,-3.985135316848755,-3.8713743686676025,-3.8619728088378906,-3.8935139179229736,-3.7512471675872803,-3.421630859375,-3.155060291290283,-3.0770699977874756,-3.462796688079834,-3.723975896835327,-3.530670642852783,-3.111795663833618,-2.125624418258667,-0.49492019414901733,0.8993287086486816,0.13850675523281097,-1.189687728881836,-3.4020516872406006,-7.762065887451172,-7.42172384262085,-2.78090238571167,-4.004755020141602,-6.312839031219482
-7.055413246154785,-6.689234733581543,-6.266414642333984,-5.8422322273254395,-5.374561309814453,-5.036569595336914,-4.676026344299316,-4.649768829345703,-4.618298530578613,-4.237488746643066,-4.179396152496338,-3.9194257259368896,-3.553805112838745,-3.44480037689209,-3.6139891147613525,-3.7726967334747314,-3.570483922958374,-3.5456488132476807,-3.572267770767212,-3.422841787338257,-3.253129482269287,-3.408656358718872,-3.6066033840179443,-3.6289772987365723,-3.54367733001709,-3.5077545642852783,-3.574564218521118,-3.729396343231201,-3.732914447784424,-3.7589333057403564,-3.6874189376831055,-3.4526772499084473,-2.193024158477783,-0.6560507416725159,0.48154670000076294,0.9160194396972656,-0.21972979605197906,-1.456524133682251,-2.1118345260620117,-4.469631195068359,-2.835482120513916,-1.136239767074585,-3.4839119911193848
-6.936436653137207,-6.5090460777282715,-5.821570873260498,-5.212994575500488,-4.753236770629883,-4.4270920753479,-4.22682523727417,-4.161313533782959,-4.143238067626953,-3.9235591888427734,-3.6702322959899902,-3.4734020233154297,-3.0322022438049316,-2.8962535858154297,-2.9875729084014893,-2.964263916015625,-2.7742795944213867,-2.754779577255249,-2.8526668548583984,-2.8248813152313232,-2.7060317993164062,-2.780717372894287,-2.755524158477783,-2.626366376876831,-2.463430643081665,-2.427241325378418,-2.6856250762939453,-3.0239453315734863,-2.9079906940460205,-2.6965386867523193,-2.7342517375946045,-2.854867696762085,-2.2454750537872314,-1.8480538129806519,-2.662170886993408,-2.5459706783294678,-3.0611588954925537,-5.9317803382873535,-6.378591537475586,-5.243778228759766,-5.077789783477783,-4.961622714996338,-5.684861183166504
-6.76116418838501,-6.103446006774902,-5.433234691619873,-4.965539455413818,-4.6303815841674805,-4.338424205780029,-3.9488346576690674,-3.8479950428009033,-4.018154621124268,-3.8956239223480225,-3.4662537574768066,-3.1202714443206787,-2.8897602558135986,-2.852160692214966,-2.7296559810638428,-2.531883716583252,-2.4764325618743896,-2.527977228164673,-2.4232394695281982,-2.303593873977661,-2.181344747543335,-2.2395527362823486,-2.1959152221679688,-1.9378514289855957,-1.7230851650238037,-1.6054562330245972,-1.6698310375213623,-1.883863091468811,-1.7743122577667236,-1.4686230421066284,-1.3656377792358398,-1.5374245643615723,-1.3526169061660767,-2.304926633834839,-6.694146633148193,-10.621858596801758,-10.155658721923828,-11.073774337768555,-9.868880271911621,-9.808975219726562,-9.181780815124512,-8.166345596313477,-8.630459785461426
-6.503842353820801,-5.842517852783203,-5.2514119148254395,-4.828951358795166,-4.506019115447998,-4.523456573486328,-4.296549320220947,-3.9623916149139404,-3.8995201587677,-3.8780200481414795,-3.621095657348633,-3.3873419761657715,-3.1575257778167725,-2.950878620147705,-2.6953892707824707,-2.446054697036743,-2.336839437484741,-2.4488584995269775,-2.442150354385376,-2.306082248687744,-2.1606671810150146,-2.080695152282715,-2.0343170166015625,-1.8749231100082397,-1.6940422058105469,-1.5289733409881592,-1.418424129486084,-1.3976483345031738,-1.1170146465301514,-0.642610490322113,-0.4250178039073944,-0.3489375114440918,-0.24981330335140228,-0.7862290143966675,-2.4958555698394775,-6.751991271972656,-10.195286750793457,-11.26642894744873,-9.872509002685547,-9.709890365600586,-9.898414611816406,-9.599325180053711,-9.61733341217041
-6.553935527801514,-5.812950611114502,-4.987805366516113,-4.5387349128723145,-4.275022983551025,-4.454405307769775,-4.794151306152344,-4.627084732055664,-4.175308704376221,-3.9595890045166016,-3.7458178997039795,-3.595196485519409,-3.403696298599243,-3.0200681686401367,-2.7091689109802246,-2.476041555404663,-2.422022581100464,-2.471946954727173,-2.331404447555542,-2.18281626701355,-2.181239604949951,-2.261610269546509,-2.237786293029785,-2.0974767208099365,-1.89370596408844,-1.5993443727493286,-1.2612742185592651,-1.078187108039856,-0.7539321780204773,-0.1450035721063614,0.3998275101184845,1.0644992589950562,1.2318857908248901,0.9619032740592957,-0.28619468212127686,-2.929928779602051,-5.950266361236572,-7.132981777191162,-7.182069301605225,-8.153068542480469,-7.596664905548096,-6.149288654327393,-5.172399520874023
-6.557934284210205,-5.820446014404297,-4.859784126281738,-4.374638557434082,-4.297937393188477,-4.401826858520508,-4.761539936065674,-4.947210788726807,-4.614933013916016,-4.391819953918457,-4.193115711212158,-3.856332302093506,-3.617281675338745,-3.265338659286499,-2.9428458213806152,-2.5832231044769287,-2.4120583534240723,-2.4116907119750977,-2.26249361038208,-2.1334023475646973,-2.2427332401275635,-2.4112274646759033,-2.3466005325317383,-2.25778865814209,-2.2186574935913086,-1.9030916690826416,-1.3963476419448853,-1.0256386995315552,-0.5232077240943909,0.3262622058391571,1.5644598007202148,2.2604825496673584,2.2806427478790283,1.6008021831512451,0.4879610538482666,-1.493648886680603,-5.8977227210998535,-7.169729709625244,-5.01991605758667,-3.766181707382202,-3.9868874549865723,-4.0251569747924805,-4.249142169952393
