data/wind_data/wind_63_7.json
{"header": {"parameterUnit": "KT", "parameterCategory": 2, "nx": 256, "ny": 198, "lo1": 44.73521041870117, "la1": -3.236724853515625, "lo2": 111.26478576660156, "la2": 43.468475341796875, "dx": 0.2609002888202667, "dy": -0.23708222806453705, "refTime": "2025-02-21 15:00:00", "forecastTime": 0, "parameterNumber": 2, "parameterNumberName": "eastward_wind"}, "data":
[rows 80 to 99 of 198, columns 88 to 131 of 256]
54.62499237060547,54.575927734375,54.3817024230957,54.02049255371094,53.5806770324707,53.1765022277832,52.85336685180664,52.52647018432617,52.15751266479492,51.77254867553711,51.40327072143555,51.07316589355469,50.76608657836914,50.47500991821289,50.321205139160156,50.2285041809082,49.724586486816406,48.80924987792969,48.028656005859375,47.4047966003418,46.72978210449219,46.007286071777344,45.479820251464844,44.739871978759766,44.001922607421875,43.8754768371582,43.67681121826172,43.13127899169922,42.51401901245117,42.04227828979492,41.82415008544922,41.855106353759766,42.002193450927734,42.10471725463867,41.95905685424805,41.504844665527344,40.83477020263672,40.019073486328125,39.28805160522461,38.562889099121094,38.636409759521484,40.403663635253906,42.037681579589844,42.055477142333984
55.3837776184082,55.449989318847656,55.420780181884766,55.173561096191406,54.75289535522461,54.3255500793457,54.02418899536133,53.77625274658203,53.46648406982422,53.09825134277344,52.737937927246094,52.420230865478516,52.11191940307617,51.80186462402344,51.62752151489258,51.70896530151367,51.616455078125,50.97758483886719,50.18187713623047,49.612091064453125,49.20105743408203,48.576210021972656,47.616416931152344,46.673927307128906,45.91577911376953,45.583309173583984,45.48209762573242,45.290279388427734,44.90055465698242,44.36929702758789,43.928592681884766,43.68307876586914,43.66468811035156,43.85744857788086,44.04736328125,43.93001937866211,43.54803466796875,42.97202682495117,42.21341323852539,41.45872116088867,40.73207473754883,40.910911560058594,42.41958999633789,43.542354583740234
55.959659576416016,55.9730224609375,55.98012161254883,55.85213851928711,55.5617790222168,55.220401763916016,54.96773147583008,54.786746978759766,54.541080474853516,54.19023895263672,53.8237190246582,53.51032257080078,53.24076461791992,52.968807220458984,52.7563362121582,52.80224609375,52.916072845458984,52.68519592285156,52.13434982299805,51.61827087402344,51.36042022705078,51.216461181640625,50.46176528930664,49.13584518432617,48.06736373901367,47.5124626159668,47.228668212890625,47.10507583618164,47.0029296875,46.754032135009766,46.42919158935547,46.078956604003906,45.75491714477539,45.65234375,45.78904342651367,45.87162399291992,45.80816650390625,45.73175811767578,45.396358489990234,44.72819137573242,43.92982864379883,43.22187042236328,43.44704818725586,44.52708053588867
56.813507080078125,56.62355422973633,56.46025085449219,56.2812614440918,56.09615707397461,55.939109802246094,55.83555603027344,55.75490188598633,55.583404541015625,55.23908233642578,54.791805267333984,54.36152267456055,53.99345016479492,53.69870376586914,53.52713394165039,53.59865188598633,53.842044830322266,53.861671447753906,53.606773376464844,53.29482650756836,53.155860900878906,53.31516647338867,53.14192581176758,52.14421463012695,50.907691955566406,50.0445671081543,49.489540100097656,49.14196014404297,48.98007583618164,48.863433837890625,48.73527526855469,48.54680633544922,48.22820281982422,47.881263732910156,47.71000289916992,47.707313537597656,47.747039794921875,47.9012565612793,48.05548095703125,47.749473571777344,46.9965705871582,46.23788833618164,45.934349060058594,46.341312408447266
57.9882926940918,57.55651092529297,57.15150451660156,56.793373107910156,56.57966232299805,56.56321334838867,56.68585968017578,56.80143737792969,56.752708435058594,56.44450378417969,55.888038635253906,55.2117919921875,54.552188873291016,54.03514862060547,53.79555130004883,53.91062927246094,54.349369049072266,54.67156982421875,54.60976028442383,54.416229248046875,54.365264892578125,54.67923355102539,55.02952575683594,54.764556884765625,53.8988151550293,52.95943069458008,52.24894332885742,51.70562744140625,51.33757019042969,51.11766815185547,50.91952133178711,50.76702117919922,50.685218811035156,50.5016975402832,50.18931579589844,49.97578430175781,49.89699935913086,49.930904388427734,50.112525939941406,50.124908447265625,49.7038688659668,49.11808395385742,48.8072509765625,49.02567672729492
59.29697799682617,58.63552474975586,58.04216384887695,57.56977462768555,57.312278747558594,57.346702575683594,57.61708068847656,57.914405822753906,58.00042724609375,57.734012603759766,57.10602951049805,56.22532653808594,55.28801727294922,54.48903274536133,54.024173736572266,54.03636169433594,54.50318145751953,55.09019470214844,55.314273834228516,55.15702438354492,55.036712646484375,55.25878143310547,55.82698440551758,56.373558044433594,56.27672576904297,55.61948776245117,54.974822998046875,54.43366241455078,53.94403076171875,53.556251525878906,53.22068786621094,53.007022857666016,53.013797760009766,53.0589485168457,52.941680908203125,52.75507736206055,52.561119079589844,52.360511779785156,52.32697296142578,52.39961624145508,52.29685592651367,51.97901916503906,51.64266586303711,51.62664031982422
60.58165740966797,59.80784225463867,59.11294174194336,58.62797546386719,58.43851089477539,58.55088806152344,58.86865234375,59.2015495300293,59.310081481933594,59.019309997558594,58.32118225097656,57.37973403930664,56.41154861450195,55.56585693359375,54.947120666503906,54.6925048828125,54.90372085571289,55.410797119140625,55.8204460144043,55.737464904785156,55.45939254760742,55.51033020019531,55.96600341796875,56.78358459472656,57.47709655761719,57.5306396484375,57.201072692871094,56.80582809448242,56.37638473510742,55.95151138305664,55.59700393676758,55.36708450317383,55.36282730102539,55.53003692626953,55.60310745239258,55.548038482666016,55.423667907714844,55.13568878173828,54.85432815551758,54.85805892944336,54.99124526977539,54.99668502807617,54.822669982910156,54.57820510864258
61.84574508666992,61.10166931152344,60.46525192260742,60.048179626464844,59.955101013183594,60.165504455566406,60.49800109863281,60.71870803833008,60.65352249145508,60.215126037597656,59.45778274536133,58.58468246459961,57.78322219848633,57.1124382019043,56.55577850341797,56.160037994384766,56.02583312988281,56.146873474121094,56.35068130493164,56.30006790161133,55.96977233886719,55.823028564453125,56.110984802246094,56.83129119873047,57.8016471862793,58.466033935546875,58.63188552856445,58.582603454589844,58.432254791259766,58.2393684387207,58.006038665771484,57.74382400512695,57.64153289794922,57.81877136230469,58.03129577636719,58.095947265625,58.12904739379883,57.99803161621094,57.58604049682617,57.291561126708984,57.39242935180664,57.70191955566406,57.9091682434082,57.78803253173828
63.1755485534668,62.53990173339844,62.0462646484375,61.71929168701172,61.643821716308594,61.83721923828125,62.111690521240234,62.19599533081055,61.9289436340332,61.328189849853516,60.576839447021484,59.87666702270508,59.28559875488281,58.77205276489258,58.28834533691406,57.87629699707031,57.61621856689453,57.41094207763672,57.157554626464844,56.90654373168945,56.65360641479492,56.51259994506836,56.68533706665039,57.16299819946289,58.00896453857422,58.899383544921875,59.352027893066406,59.55835723876953,59.75249099731445,60.037391662597656,60.29658889770508,60.2938232421875,60.1223258972168,60.098060607910156,60.24423599243164,60.32478332519531,60.35939025878906,60.429603576660156,60.31499099731445,59.9629020690918,59.7183952331543,59.8804817199707,60.23982238769531,60.3004264831543
64.72376251220703,64.18378448486328,63.822654724121094,63.57392883300781,63.4385871887207,63.4503173828125,63.501014709472656,63.40536880493164,63.04520797729492,62.465904235839844,61.872615814208984,61.400856018066406,60.987815856933594,60.51811981201172,59.98078536987305,59.477779388427734,59.163944244384766,58.88058090209961,58.34831237792969,57.73758316040039,57.42203903198242,57.42924499511719,57.6077880859375,57.96591567993164,58.656593322753906,59.40067672729492,59.75951385498047,59.94287109375,60.23976516723633,60.71808624267578,61.45242691040039,62.25067138671875,62.69343185424805,62.74217224121094,62.66822052001953,62.567848205566406,62.4270133972168,62.38902282714844,62.50846862792969,62.51826858520508,62.306114196777344,62.19416809082031,62.3447265625,62.36143112182617
66.54939270019531,66.02151489257812,65.69540405273438,65.48442077636719,65.31613159179688,65.15119171142578,64.91893005371094,64.5628890991211,64.06523895263672,63.58740997314453,63.290802001953125,63.09759521484375,62.85187911987305,62.41197204589844,61.78619384765625,61.10216522216797,60.60454177856445,60.24626159667969,59.64697265625,58.85538864135742,58.38497543334961,58.413787841796875,58.5849723815918,58.8704719543457,59.49501037597656,60.094669342041016,60.293399810791016,60.301856994628906,60.44364929199219,60.819820404052734,61.581809997558594,62.78422927856445,63.99725341796875,64.70450592041016,64.88098907470703,64.82083129882812,64.66927337646484,64.48973083496094,64.4803237915039,64.61615753173828,64.6686782836914,64.59005737304688,64.53389739990234,64.48403930664062
68.48733520507812,67.88259887695312,67.46305084228516,67.16909790039062,66.96012878417969,66.76769256591797,66.47252655029297,65.95478057861328,65.24969482421875,64.73686981201172,64.60325622558594,64.60530853271484,64.51368713378906,64.17916870117188,63.570831298828125,62.830440521240234,62.1923942565918,61.71415710449219,61.04756546020508,60.19013595581055,59.65776443481445,59.548744201660156,59.643089294433594,59.8392448425293,60.26301574707031,60.80032730102539,61.049293518066406,60.98757553100586,60.9683837890625,61.1736946105957,61.68189239501953,62.65463638305664,63.97574234008789,65.16077423095703,65.8968276977539,66.28305053710938,66.47715759277344,66.52955627441406,66.55587768554688,66.66978454589844,66.81937408447266,66.87979125976562,66.820068359375,66.69176483154297
70.26094818115234,69.58128356933594,69.02562713623047,68.5413818359375,68.17326354980469,67.955810546875,67.76737976074219,67.33477783203125,66.64283752441406,66.08541870117188,65.81966400146484,65.74940490722656,65.74144744873047,65.57567596435547,65.15767669677734,64.58106994628906,64.03227996826172,63.50053405761719,62.72000503540039,61.76397705078125,61.11880874633789,60.90803527832031,60.856266021728516,60.823909759521484,60.993953704833984,61.47420883178711,61.908084869384766,62.01180648803711,61.95405578613281,62.030845642089844,62.27695083618164,62.755496978759766,63.622928619384766,64.76669311523438,65.83682250976562,66.60641479492188,67.11956024169922,67.53130340576172,67.9278335571289,68.39226531982422,68.87236785888672,69.16677856445312,69.18848419189453,68.97067260742188
71.66504669189453,70.97982025146484,70.3515396118164,69.72463989257812,69.15924072265625,68.7882080078125,68.57422637939453,68.24341583251953,67.77906036376953,67.39165496826172,67.09442138671875,66.96371459960938,66.9042739868164,66.73502349853516,66.49102783203125,66.16316223144531,65.79412841796875,65.30265045166016,64.4585952758789,63.460723876953125,62.725582122802734,62.336063385009766,62.13544464111328,61.91864776611328,61.7257080078125,61.92497253417969,62.52071762084961,63.0807991027832,63.36147689819336,63.48214340209961,63.51959228515625,63.5447883605957,63.824562072753906,64.5683822631836,65.56370544433594,66.37801361083984,66.88595581054688,67.34730529785156,67.9815444946289,68.8861083984375,70.12137603759766,71.23558807373047,71.56260681152344,71.25945281982422
72.7695541381836,72.09185028076172,71.47248840332031,70.8298568725586,70.16637420654297,69.61138153076172,69.20299530029297,68.79669952392578,68.42285919189453,68.16818237304688,68.08167266845703,68.24952697753906,68.3760986328125,68.19731903076172,67.88279724121094,67.5436019897461,67.18453216552734,66.68374633789062,65.873291015625,64.95784759521484,64.25370788574219,63.7708625793457,63.39375686645508,63.062618255615234,62.73346710205078,62.59247970581055,62.96747970581055,63.76116180419922,64.50917053222656,64.96625518798828,65.11617279052734,65.03492736816406,65.01898193359375,65.39083862304688,66.0698013305664,66.62493133544922,66.84131622314453,66.97856140136719,67.3677749633789,68.18846130371094,69.77872467041016,71.9305648803711,73.33818054199219,73.39474487304688
73.5465316772461,72.97731018066406,72.42369842529297,71.8194580078125,71.11808776855469,70.44384002685547,69.91004943847656,69.42617797851562,69.00700378417969,68.69602966308594,68.64146423339844,69.05380249023438,69.63603210449219,69.87255096435547,69.54488372802734,68.90312957763672,68.26696014404297,67.67620849609375,66.96996307373047,66.20069885253906,65.5579833984375,65.02983093261719,64.54010009765625,64.1337661743164,63.82334518432617,63.63311767578125,63.80870056152344,64.47502136230469,65.32793426513672,65.9453125,66.21809387207031,66.28041076660156,66.37577056884766,66.7121353149414,67.2705078125,67.74108123779297,67.79718780517578,67.5174331665039,67.3333969116211,67.56341552734375,68.58621215820312,70.8541259765625,73.45983123779297,74.65342712402344
73.95870971679688,73.59661102294922,73.13031005859375,72.5190658569336,71.79122924804688,71.1275634765625,70.66724395751953,70.22046661376953,69.7852554321289,69.52210235595703,69.37926483154297,69.59503936767578,70.33146667480469,71.06840515136719,71.04238891601562,70.18048858642578,69.1021728515625,68.3321533203125,67.85472869873047,67.38626861572266,66.76532745361328,66.0700454711914,65.39958953857422,64.90027618408203,64.64647674560547,64.62094116210938,64.91558074951172,65.58385467529297,66.40959930419922,66.98572540283203,67.1512451171875,67.1565170288086,67.29393768310547,67.69569396972656,68.26487731933594,68.7303237915039,68.8408203125,68.54769897460938,68.08138275146484,67.79766845703125,68.09848022460938,69.51901245117188,72.18012237548828,74.55531311035156
74.38230895996094,74.09611511230469,73.63172149658203,72.95635223388672,72.20030975341797,71.66802215576172,71.43153381347656,71.1479263305664,70.77245330810547,70.55526733398438,70.43696594238281,70.46731567382812,70.96595764160156,71.71073913574219,71.85189819335938,71.0245590209961,69.83763122558594,68.94078826904297,68.4742202758789,68.15908813476562,67.67208099365234,66.9155502319336,66.12367248535156,65.60509490966797,65.48161315917969,65.7013168334961,66.17764282226562,66.88691711425781,67.714111328125,68.272705078125,68.35449981689453,68.20053100585938,68.17212677001953,68.48098754882812,68.9837417602539,69.32316589355469,69.34373474121094,69.09026336669922,68.69429016113281,68.35223388671875,68.38136291503906,69.14138793945312,71.00098419189453,73.52392578125
75.11196899414062,74.82001495361328,74.29608917236328,73.53373718261719,72.73490905761719,72.30220031738281,72.34474182128906,72.35079956054688,72.00985717773438,71.5811538696289,71.33984375,71.45536041259766,71.94136810302734,72.40889739990234,72.27751922607422,71.40936279296875,70.39060974121094,69.6860580444336,69.13114929199219,68.53877258300781,67.97577667236328,67.34064483642578,66.65508270263672,66.31169891357422,66.57334899902344,67.18553161621094,67.73884582519531,68.22315979003906,68.81976318359375,69.37661743164062,69.59490966796875,69.4548568725586,69.29442596435547,69.49272918701172,69.9290771484375,70.15019226074219,69.98190307617188,69.57203674316406,69.11328887939453,68.7891616821289,68.78851318359375,69.32904815673828,70.46598052978516,72.25570678710938
75.82725524902344,75.65880584716797,75.22968292236328,74.5203628540039,73.79065704345703,73.44580078125,73.6116714477539,73.75267791748047,73.33305358886719,72.56321716308594,72.08409118652344,72.25868225097656,72.76900482177734,72.98168182373047,72.65780639648438,71.93457794189453,71.13360595703125,70.45390319824219,69.65029907226562,68.71041870117188,67.97176361083984,67.42378997802734,66.94430541992188,66.91099548339844,67.60871124267578,68.60797882080078,69.27617645263672,69.50814056396484,69.68609619140625,70.0991439819336,70.56431579589844,70.74329376220703,70.72526550292969,70.86720275878906,71.20677185058594,71.44696044921875,71.37227630615234,70.97488403320312,70.38362121582031,69.8846435546875,69.66688537597656,69.83794403076172,70.46011352539062,71.4791488647461
