data/wind_data/wind_65_5.json
{"header": {"parameterUnit": "KT", "parameterCategory": 2, "nx": 256, "ny": 198, "lo1": 44.73521041870117, "la1": -3.236724853515625, "lo2": 111.26478576660156, "la2": 43.468475341796875, "dx": 0.2609002888202667, "dy": -0.23708222806453705, "refTime": "2025-02-21 17:00:00", "forecastTime": 0, "parameterNumber": 2, "parameterNumberName": "eastward_wind"}, "data":
[rows 57 to 75 of 198, columns 88 to 131 of 256]
-12.270763397216797,-12.084083557128906,-11.99638557434082,-11.971232414245605,-12.125163078308105,-12.408955574035645,-12.52021598815918,-12.364258766174316,-12.062491416931152,-11.68026351928711,-11.309643745422363,-11.012123107910156,-10.871962547302246,-10.989799499511719,-11.1774320602417,-10.860969543457031,-10.346442222595215,-10.060959815979004,-9.625520706176758,-9.083786010742188,-8.6458101272583,-8.08991527557373,-7.306241989135742,-6.921996593475342,-7.3234333992004395,-7.763767242431641,-7.693063259124756,-7.365902423858643,-6.743147850036621,-5.98037576675415,-5.364992618560791,-4.698890686035156,-6.1471171379089355,-7.1508355140686035,-6.833130359649658,-7.171118259429932,-7.689848899841309,-7.881532192230225,-6.346316814422607,-4.990084648132324,-4.89561128616333,-4.504798412322998,-2.466198205947876,-0.12297984212636948
-12.085247993469238,-11.889131546020508,-11.629465103149414,-11.461954116821289,-11.533382415771484,-11.783333778381348,-11.950738906860352,-11.860743522644043,-11.545740127563477,-11.19165325164795,-10.861926078796387,-10.704767227172852,-10.858722686767578,-11.188023567199707,-11.24234390258789,-10.78459358215332,-10.435205459594727,-10.252562522888184,-9.841796875,-9.204422950744629,-8.44607162475586,-7.660845756530762,-7.044518947601318,-6.985612869262695,-7.076040267944336,-6.436982154846191,-5.802903175354004,-5.839487075805664,-5.444353103637695,-5.338644981384277,-6.575893402099609,-6.638592720031738,-7.652626037597656,-7.246593475341797,-6.778388023376465,-7.343460559844971,-7.5770368576049805,-6.8411736488342285,-5.980024337768555,-5.725986003875732,-5.435984134674072,-4.520071983337402,-2.5838112831115723,-0.6408889293670654
-11.837021827697754,-11.622174263000488,-11.31340503692627,-11.074702262878418,-11.047377586364746,-11.238595008850098,-11.350379943847656,-11.203459739685059,-10.946440696716309,-10.655671119689941,-10.327550888061523,-10.300299644470215,-10.682658195495605,-11.106287002563477,-11.157093048095703,-10.906903266906738,-10.669204711914062,-10.436783790588379,-10.063332557678223,-9.336348533630371,-8.371145248413086,-7.643036365509033,-7.4183669090271,-7.4471917152404785,-6.822371006011963,-5.252265930175781,-4.11191987991333,-4.083413124084473,-3.870389938354492,-3.636169910430908,-6.012847900390625,-8.05785083770752,-9.792622566223145,-8.678181648254395,-7.4773664474487305,-7.500176906585693,-7.248552322387695,-5.963339328765869,-5.42879581451416,-5.693247318267822,-5.118870735168457,-3.7472803592681885,-2.2500672340393066,-1.1400858163833618
-11.166321754455566,-11.00225830078125,-10.8473539352417,-10.725038528442383,-10.649707794189453,-10.640501022338867,-10.656651496887207,-10.617916107177734,-10.447697639465332,-10.111125946044922,-9.788374900817871,-9.7802095413208,-10.15811824798584,-10.644695281982422,-10.865704536437988,-10.802726745605469,-10.658970832824707,-10.520079612731934,-10.18505859375,-9.419999122619629,-8.471938133239746,-8.020612716674805,-8.223353385925293,-8.11129379272461,-6.972157955169678,-5.519516944885254,-3.7814443111419678,-2.773037910461426,-2.0820138454437256,-1.9787861108779907,-2.914374351501465,-5.870436668395996,-9.290448188781738,-9.96425724029541,-7.937258243560791,-6.749835014343262,-6.637969970703125,-6.050019264221191,-5.237850666046143,-4.933325290679932,-4.31982946395874,-2.9769766330718994,-2.1804864406585693,-1.3983261585235596
-10.225852966308594,-10.12878131866455,-10.085637092590332,-10.135160446166992,-10.168895721435547,-10.110875129699707,-10.056079864501953,-10.016701698303223,-9.933952331542969,-9.696144104003906,-9.371359825134277,-9.237302780151367,-9.495379447937012,-9.910713195800781,-10.191847801208496,-10.312698364257812,-10.358152389526367,-10.324357986450195,-10.047260284423828,-9.371267318725586,-8.661578178405762,-8.617015838623047,-9.106400489807129,-8.78168773651123,-7.393641948699951,-6.135420799255371,-4.633631229400635,-2.330979824066162,-0.19703374803066254,-0.7312614321708679,-0.2251894176006317,-3.0857977867126465,-7.18068790435791,-9.520557403564453,-7.903481960296631,-6.235121726989746,-6.224818706512451,-5.9327778816223145,-4.9272565841674805,-4.0329670906066895,-3.552485942840576,-2.761698007583618,-2.22843337059021,-1.2597607374191284
-9.257552146911621,-9.093400955200195,-9.073184967041016,-9.260489463806152,-9.52137565612793,-9.6202392578125,-9.508122444152832,-9.41065502166748,-9.451272964477539,-9.372539520263672,-9.072317123413086,-8.81010913848877,-8.893046379089355,-9.259415626525879,-9.591044425964355,-9.736565589904785,-9.834872245788574,-9.89371395111084,-9.679594039916992,-9.149787902832031,-8.761781692504883,-9.080317497253418,-9.807275772094727,-9.474973678588867,-7.372982025146484,-5.411041736602783,-4.686555862426758,-2.924139976501465,0.21482589840888977,0.5561050176620483,0.9052190184593201,-1.3049368858337402,-5.404688835144043,-8.015907287597656,-7.3549370765686035,-5.959157466888428,-5.518138885498047,-5.028802871704102,-4.134871959686279,-3.3918631076812744,-2.9564454555511475,-2.5297446250915527,-2.0347626209259033,-1.125303030014038
-8.438345909118652,-8.0944242477417,-7.945973873138428,-8.154231071472168,-8.573721885681152,-8.904685974121094,-8.968979835510254,-8.897741317749023,-8.910184860229492,-8.92284870147705,-8.730402946472168,-8.472127914428711,-8.491449356079102,-8.854694366455078,-9.203449249267578,-9.299034118652344,-9.315963745117188,-9.350844383239746,-9.2022066116333,-8.804716110229492,-8.617072105407715,-9.166410446166992,-9.998498916625977,-9.48633861541748,-7.012717247009277,-4.543455123901367,-3.7632334232330322,-2.8910090923309326,-0.9589027166366577,1.0562527179718018,1.3963758945465088,-0.16041208803653717,-3.723602294921875,-5.803783416748047,-6.1492486000061035,-5.419492244720459,-4.817838668823242,-3.9928507804870605,-3.0006613731384277,-2.5827319622039795,-2.388453245162964,-2.0189085006713867,-1.691037654876709,-1.0601609945297241
-7.747669696807861,-7.2676568031311035,-6.918773651123047,-6.934903144836426,-7.349192142486572,-7.886149883270264,-8.226723670959473,-8.303731918334961,-8.26965618133545,-8.257150650024414,-8.20262622833252,-8.083921432495117,-8.103941917419434,-8.415176391601562,-8.839816093444824,-9.07572078704834,-9.09421443939209,-8.966998100280762,-8.635984420776367,-8.215124130249023,-8.234560012817383,-8.988849639892578,-9.638558387756348,-9.009763717651367,-6.854237079620361,-4.79178524017334,-3.05073618888855,-1.8147084712982178,-0.8627359867095947,0.7181140780448914,0.8846775889396667,-0.9019583463668823,-2.7855470180511475,-4.014959812164307,-4.312861919403076,-4.065134048461914,-3.9130361080169678,-3.260983943939209,-2.1671462059020996,-1.6400415897369385,-1.6096426248550415,-1.312496542930603,-1.0634043216705322,-0.6241691708564758
-7.093437671661377,-6.551962852478027,-6.0550947189331055,-5.876864910125732,-6.156632423400879,-6.711231708526611,-7.188603401184082,-7.430777072906494,-7.494002342224121,-7.4834794998168945,-7.476096153259277,-7.509150505065918,-7.621192455291748,-7.851068019866943,-8.232596397399902,-8.67055606842041,-8.90028190612793,-8.710996627807617,-8.150727272033691,-7.632394790649414,-7.802401542663574,-8.82251262664795,-9.086028099060059,-8.517903327941895,-6.232392311096191,-3.670454740524292,-2.7337992191314697,-1.632746934890747,-0.5189208388328552,0.17551171779632568,-0.5603480935096741,-1.6683346033096313,-2.0268874168395996,-2.978447437286377,-2.719421863555908,-2.33647084236145,-2.3880367279052734,-2.2950775623321533,-1.5603121519088745,-0.99844890832901,-0.9594430327415466,-0.7772870659828186,-0.5415384769439697,-0.14159297943115234
-6.380816459655762,-5.896942138671875,-5.342071056365967,-5.0240960121154785,-5.143905162811279,-5.624739170074463,-6.110735893249512,-6.364358901977539,-6.46851921081543,-6.55857515335083,-6.683831691741943,-6.845528602600098,-7.039310455322266,-7.22592830657959,-7.454677104949951,-7.848094463348389,-8.220846176147461,-8.172242164611816,-7.739264011383057,-7.448819637298584,-7.673481464385986,-8.24221134185791,-8.43145751953125,-7.469404220581055,-5.2363505363464355,-2.877884864807129,-2.222526788711548,-1.1951392889022827,-0.21955044567584991,-0.8138569593429565,-1.788526177406311,-1.3216376304626465,-1.0924088954925537,-1.9790375232696533,-1.8664175271987915,-1.0356696844100952,-0.7099836468696594,-0.7522552609443665,-0.4985448718070984,-0.3289415240287781,-0.3647099733352661,-0.2435942441225052,-0.05974290147423744,0.12558236718177795
-5.530082702636719,-5.194529056549072,-4.660382270812988,-4.253635406494141,-4.239932060241699,-4.632493495941162,-5.108647346496582,-5.333083152770996,-5.36238956451416,-5.459981441497803,-5.757969856262207,-6.139304161071777,-6.426890850067139,-6.585363388061523,-6.724375247955322,-6.91895055770874,-7.127519607543945,-7.223331928253174,-7.253729820251465,-7.493593692779541,-7.9064621925354,-8.12227725982666,-7.214177131652832,-5.504032611846924,-3.8349695205688477,-2.661771059036255,-1.8094558715820312,-0.8485940098762512,-0.4267227053642273,-1.772970199584961,-2.7652602195739746,-0.8829982876777649,-0.4514831602573395,-0.9379802942276001,-1.5197871923446655,-0.6927059888839722,0.3456723988056183,0.7951837182044983,0.8719937801361084,0.6688655614852905,0.48820802569389343,0.47078293561935425,0.5897018313407898,0.6723380088806152
-4.457828044891357,-4.32231330871582,-3.88810133934021,-3.4430947303771973,-3.301760196685791,-3.576873779296875,-4.048069000244141,-4.332302570343018,-4.366827964782715,-4.446305274963379,-4.807497501373291,-5.336251258850098,-5.703761100769043,-5.865108966827393,-6.0381364822387695,-6.185086727142334,-6.217227935791016,-6.391545295715332,-6.911080360412598,-7.6088480949401855,-8.116691589355469,-8.006271362304688,-5.9391913414001465,-3.5959060192108154,-1.896340012550354,-1.6132700443267822,-1.0838253498077393,-0.8762030005455017,-1.1248408555984497,-2.668860912322998,-2.6998255252838135,-0.7703036665916443,0.08212614059448242,-0.2637275159358978,-1.4721801280975342,-1.0558207035064697,0.49385008215904236,1.678771734237671,2.0578222274780273,1.8414479494094849,1.5411286354064941,1.3455617427825928,1.488795518875122,1.6865512132644653
-3.158219337463379,-3.237107753753662,-2.977782726287842,-2.5568795204162598,-2.2828311920166016,-2.384629964828491,-2.8085415363311768,-3.225262403488159,-3.4294211864471436,-3.6087067127227783,-4.038584232330322,-4.613517761230469,-4.937993049621582,-5.000039100646973,-5.195063591003418,-5.478982925415039,-5.57658576965332,-5.8126749992370605,-6.621787071228027,-7.691173076629639,-8.441732406616211,-8.130163192749023,-4.931368827819824,-2.4992377758026123,-1.0466200113296509,-0.6027101278305054,0.2197755128145218,-0.36021143198013306,-1.1162109375,-2.9362237453460693,-1.865975260734558,-0.3825215697288513,0.9867674708366394,0.6831687688827515,-1.0972071886062622,-1.6093380451202393,-0.2685096859931946,1.5051919221878052,2.578507661819458,2.797011137008667,2.5669052600860596,2.3284826278686523,2.6626203060150146,2.9006879329681396
-1.7176504135131836,-1.951268196105957,-1.9205313920974731,-1.648297905921936,-1.3243499994277954,-1.2147517204284668,-1.4677882194519043,-1.9537566900253296,-2.4175000190734863,-2.8359642028808594,-3.3967792987823486,-4.001125335693359,-4.276226043701172,-4.2022013664245605,-4.228046417236328,-4.498525142669678,-4.719200611114502,-4.998047828674316,-5.873354911804199,-7.126040458679199,-8.037394523620605,-7.708952903747559,-4.93560266494751,-1.8544700145721436,-1.277114987373352,0.04287236928939819,0.8558634519577026,-0.662239134311676,-1.8178616762161255,-3.0071182250976562,-1.241353154182434,0.055243778973817825,2.0508949756622314,2.4631242752075195,0.5442553162574768,-1.4621704816818237,-1.2616831064224243,0.42856112122535706,2.060567855834961,3.1223347187042236,3.4331836700439453,3.315378189086914,3.843564510345459,4.077437400817871
-0.3081391453742981,-0.5701876878738403,-0.7416577935218811,-0.7206349968910217,-0.5188568234443665,-0.2993817627429962,-0.32577648758888245,-0.7138381004333496,-1.3152778148651123,-1.9756137132644653,-2.6669325828552246,-3.281731605529785,-3.5970096588134766,-3.556640625,-3.408306121826172,-3.3977255821228027,-3.517252206802368,-3.8002307415008545,-4.643962383270264,-5.93324613571167,-6.666040897369385,-6.113509178161621,-4.042632102966309,-2.202648878097534,-1.9143731594085693,0.2406853437423706,1.3091686964035034,-0.8979909420013428,-2.7258875370025635,-2.341737985610962,-1.0864405632019043,0.1797959953546524,2.4336674213409424,3.9869236946105957,3.103280782699585,0.09294255822896957,-1.1885501146316528,-0.5804672241210938,0.6490591168403625,2.8408236503601074,4.312137603759766,4.340205669403076,4.754312038421631,5.091495990753174
0.8745198845863342,0.6639547944068909,0.39697039127349854,0.2040175050497055,0.18518243730068207,0.3309716582298279,0.4412497580051422,0.24344594776630402,-0.2928989827632904,-0.9832348823547363,-1.6852940320968628,-2.291020154953003,-2.6896114349365234,-2.8172860145568848,-2.6915228366851807,-2.4710733890533447,-2.409848213195801,-2.7448697090148926,-3.5517361164093018,-4.6166582107543945,-5.127608776092529,-4.735329627990723,-3.4618914127349854,-3.036195993423462,-2.089033842086792,0.13511143624782562,1.0963162183761597,-0.5028015971183777,-2.580415725708008,-1.708593487739563,-1.2727510929107666,0.04434306547045708,2.017561674118042,4.193481922149658,5.049171447753906,2.4585273265838623,-0.2832444906234741,-0.9537653923034668,-0.5145204067230225,2.466174840927124,5.023721694946289,5.435266971588135,5.582543849945068,5.941468238830566
1.747267723083496,1.5724023580551147,1.2696903944015503,0.9777172803878784,0.7996597290039062,0.7893919944763184,0.9158956408500671,0.9232544898986816,0.6095518469810486,0.07413090765476227,-0.5080662369728088,-1.0441621541976929,-1.466103196144104,-1.7608424425125122,-1.8550145626068115,-1.7140839099884033,-1.6449989080429077,-2.1247737407684326,-2.9865376949310303,-3.8334898948669434,-4.079055309295654,-3.789992570877075,-3.2999868392944336,-2.885986089706421,-1.5155054330825806,0.94059157371521,1.0050708055496216,-0.3687826991081238,-1.920867681503296,-1.6085376739501953,-1.2151824235916138,-0.1217225193977356,1.237780213356018,3.144540309906006,5.402445316314697,5.1470441818237305,1.3275444507598877,-0.6910734176635742,-0.0657588392496109,2.418031692504883,4.915058612823486,5.9801154136657715,6.410444259643555,6.814551830291748
2.361053228378296,2.201535224914551,1.858830213546753,1.52993905544281,1.3247814178466797,1.2414255142211914,1.3119151592254639,1.4612454175949097,1.4448318481445312,1.1547572612762451,0.7301974296569824,0.3141176104545593,-0.027832606807351112,-0.3723122477531433,-0.7337160706520081,-0.8863457441329956,-0.9548421502113342,-1.5294678211212158,-2.6349921226501465,-3.69812273979187,-3.9866483211517334,-3.7061848640441895,-3.109827995300293,-2.0596213340759277,0.3567329943180084,2.64150333404541,1.6156983375549316,-0.825269877910614,-1.6547127962112427,-1.4462146759033203,-0.8852123618125916,0.015340272337198257,0.8962807059288025,2.256153106689453,4.51835823059082,6.75239896774292,4.437109470367432,0.6672029495239258,1.225022554397583,2.338930130004883,3.8481626510620117,5.456203460693359,6.666071891784668,7.3551177978515625
2.832977771759033,2.6996474266052246,2.3364181518554688,1.979387640953064,1.818943738937378,1.8081097602844238,1.861121416091919,2.0106942653656006,2.1968460083007812,2.197263240814209,1.944520354270935,1.6004005670547485,1.3358415365219116,1.081709861755371,0.6382980346679688,0.1663960963487625,-0.1483246088027954,-0.6751771569252014,-1.739810824394226,-3.1399052143096924,-3.923191785812378,-3.8236780166625977,-2.9018969535827637,-0.9485346078872681,2.079780101776123,3.268238067626953,2.005363941192627,-1.4191945791244507,-1.91414213180542,-1.3805328607559204,-0.6291105151176453,0.3495946228504181,1.1675515174865723,2.4456558227539062,4.615163803100586,7.210984706878662,7.797182083129883,3.2515439987182617,1.841935396194458,1.9220340251922607,2.7564685344696045,4.32947301864624,5.943235874176025,7.092166423797607
