data/wind_data/wind_1_0.json
{"header": {"parameterUnit": "KT", "parameterCategory": 2, "nx": 255, "ny": 198, "lo1": 44.73521041870117, "la1": -3.236724853515625, "lo2": 111.26478576660156, "la2": 43.468475341796875, "dx": 0.26192745566368103, "dy": -0.23708222806453705, "refTime": "2025-02-19 01:00:00", "forecastTime": 0, "parameterNumber": 2, "parameterNumberName": "eastward_wind"}, "data":
[rows 0 to 18 of 198, columns 86 to 128 of 255]
-3.9335744380950928,-4.042612075805664,-3.893409252166748,-3.5332343578338623,-3.2442209720611572,-3.1534316539764404,-3.3404147624969482,-3.402531147003174,-2.9941489696502686,-2.572540283203125,-2.2555549144744873,-1.9239662885665894,-1.7911303043365479,-1.9120535850524902,-2.1908204555511475,-2.417827844619751,-2.3871188163757324,-2.2479610443115234,-2.0525062084198,-1.8054531812667847,-1.6274726390838623,-1.3368186950683594,-0.830045759677887,-0.3180326223373413,0.07409980893135071,0.3422987461090088,0.628046452999115,0.9833068251609802,1.216797113418579,1.1532493829727173,0.8440236449241638,0.6073759198188782,0.6692803502082825,0.9358252286911011,1.2202491760253906,1.3662270307540894,1.326621651649475,1.210964560508728,1.2477775812149048,1.5786131620407104,1.843216061592102,1.7803330421447754,1.809045433998108
-4.267425060272217,-4.463383674621582,-4.444695949554443,-4.069410800933838,-3.7001285552978516,-3.5936644077301025,-3.7339091300964355,-3.7331011295318604,-3.2950878143310547,-2.6886184215545654,-2.299997568130493,-2.201021909713745,-2.3084254264831543,-2.5584120750427246,-2.8932225704193115,-3.1801064014434814,-3.2490479946136475,-3.05782151222229,-2.698563575744629,-2.428640604019165,-2.2449121475219727,-1.9091336727142334,-1.4436912536621094,-0.9854232668876648,-0.6227998733520508,-0.3867167532444,-0.05248198285698891,0.421899676322937,0.6730162501335144,0.571037769317627,0.438368022441864,0.48744478821754456,0.6611738801002502,0.9043740034103394,1.1352568864822388,1.2213636636734009,1.0923758745193481,0.9156219363212585,0.9972264766693115,1.3378243446350098,1.4936141967773438,1.3544702529907227,1.389632225036621
-4.4428391456604,-4.555963039398193,-4.643867015838623,-4.456031322479248,-4.161698818206787,-4.033236503601074,-4.0244059562683105,-3.884434461593628,-3.4698543548583984,-2.92844820022583,-2.7094502449035645,-2.7679603099823,-2.906764268875122,-3.1542844772338867,-3.3939409255981445,-3.6575844287872314,-3.7804226875305176,-3.6219727993011475,-3.3402116298675537,-3.0394105911254883,-2.6815030574798584,-2.2936224937438965,-2.02004075050354,-1.7262221574783325,-1.3685767650604248,-1.0280301570892334,-0.7197299003601074,-0.41657939553260803,-0.16235533356666565,-0.09584847837686539,-0.0603334903717041,0.09066244214773178,0.2965121865272522,0.5505213737487793,0.7302480936050415,0.6284030675888062,0.4335832893848419,0.4550069272518158,0.6912732720375061,0.9613012075424194,1.0391345024108887,0.9579652547836304,0.9725724458694458
-4.748116970062256,-4.7530598640441895,-4.7532758712768555,-4.604752540588379,-4.435334205627441,-4.308259010314941,-4.061395168304443,-3.7351739406585693,-3.4487464427948,-3.3060221672058105,-3.4064531326293945,-3.4957504272460938,-3.554032325744629,-3.705742597579956,-3.823807716369629,-3.9400060176849365,-3.9836368560791016,-3.9011037349700928,-3.6938138008117676,-3.3502795696258545,-2.891968011856079,-2.5689163208007812,-2.4655508995056152,-2.339235782623291,-1.9873206615447998,-1.5543487071990967,-1.2943686246871948,-1.1202493906021118,-0.9479585289955139,-0.8759163618087769,-0.8489086627960205,-0.8624956011772156,-0.8230260014533997,-0.5149485468864441,-0.24284152686595917,-0.28316938877105713,-0.2994934916496277,-0.05249582603573799,0.3069460093975067,0.527443528175354,0.5317879319190979,0.4595610499382019,0.4424155652523041
-5.207193374633789,-5.065689563751221,-4.870388031005859,-4.718443870544434,-4.605072021484375,-4.351741313934326,-3.7651679515838623,-3.2264158725738525,-3.290182113647461,-3.684847593307495,-3.942394256591797,-4.020546913146973,-4.199204921722412,-4.384000778198242,-4.375376224517822,-4.1875691413879395,-4.085080146789551,-3.984009027481079,-3.6853229999542236,-3.407865285873413,-2.959907293319702,-2.577518939971924,-2.6213271617889404,-2.6357476711273193,-2.317364454269409,-1.96693754196167,-1.7474349737167358,-1.571663498878479,-1.3305654525756836,-0.9998605847358704,-0.8890273571014404,-1.2971707582473755,-1.7783654928207397,-1.503568172454834,-1.1102581024169922,-1.148064374923706,-1.0452754497528076,-0.7085144519805908,-0.34315356612205505,-0.12772569060325623,-0.12515880167484283,-0.12915381789207458,-0.06219732388854027
-5.469791889190674,-5.373573303222656,-5.269179344177246,-5.055587291717529,-4.8046793937683105,-4.512322902679443,-3.9392621517181396,-3.5285775661468506,-3.7587900161743164,-4.192956447601318,-4.317569732666016,-4.180912017822266,-4.08773946762085,-4.206525802612305,-4.439639568328857,-4.481439590454102,-4.405282020568848,-4.228374481201172,-3.8343076705932617,-3.436666250228882,-2.998748779296875,-2.6870689392089844,-2.7081966400146484,-2.690046787261963,-2.553287982940674,-2.451803207397461,-2.2220122814178467,-2.1321120262145996,-2.142873525619507,-1.8289662599563599,-1.5861765146255493,-1.7620668411254883,-1.857597827911377,-1.7088007926940918,-1.6371952295303345,-1.5801512002944946,-1.4723718166351318,-1.2961219549179077,-1.0828614234924316,-0.9926785230636597,-0.9338248372077942,-0.7195982336997986,-0.4679645597934723
-5.7541656494140625,-5.810905456542969,-5.833043098449707,-5.700666427612305,-5.454331398010254,-4.977650165557861,-4.25759220123291,-3.8519296646118164,-4.089015007019043,-4.542800426483154,-4.677001953125,-4.412096977233887,-3.9440736770629883,-3.797452211380005,-4.256809711456299,-4.660585880279541,-4.606419086456299,-4.312088489532471,-3.807276964187622,-3.2344248294830322,-2.8579416275024414,-2.67212176322937,-2.630373239517212,-2.5404412746429443,-2.4592490196228027,-2.490185499191284,-2.367973566055298,-2.4382107257843018,-2.7826945781707764,-2.7753655910491943,-2.5179197788238525,-2.260617256164551,-2.078585386276245,-2.1033926010131836,-2.0486364364624023,-2.0009865760803223,-1.9367609024047852,-1.762547492980957,-1.7322094440460205,-1.7821290493011475,-1.6471067667007446,-1.2748178243637085,-0.8399393558502197
-6.250075340270996,-6.431845188140869,-6.413083076477051,-6.326791763305664,-6.136354446411133,-5.503742694854736,-4.674192428588867,-4.260569095611572,-4.322479248046875,-4.603878498077393,-4.9127302169799805,-4.9075212478637695,-4.362078666687012,-3.8963401317596436,-4.20523738861084,-4.7120041847229,-4.629967212677002,-4.152733325958252,-3.618212938308716,-2.973543167114258,-2.5200579166412354,-2.5052852630615234,-2.5272252559661865,-2.3478291034698486,-2.304090976715088,-2.514784812927246,-2.6185250282287598,-2.71201753616333,-2.7919318675994873,-2.66918683052063,-2.659846067428589,-2.8832337856292725,-2.9299328327178955,-2.7824645042419434,-2.6962883472442627,-2.658825635910034,-2.42586612701416,-2.165010690689087,-2.2018935680389404,-2.3153297901153564,-2.205591917037964,-1.7483562231063843,-1.1304186582565308
-6.714868068695068,-6.897762775421143,-6.788086414337158,-6.716066360473633,-6.579392910003662,-6.065802097320557,-5.428967475891113,-5.011641502380371,-4.763315200805664,-4.761672496795654,-5.121702671051025,-5.216243267059326,-4.659071922302246,-4.224430561065674,-4.465566635131836,-4.846164703369141,-4.767398357391357,-4.3059515953063965,-3.7392890453338623,-2.989051342010498,-2.485895872116089,-2.673185348510742,-2.874274492263794,-2.626011610031128,-2.4675071239471436,-2.623642921447754,-2.7131800651550293,-2.711535930633545,-2.6990973949432373,-2.582167148590088,-2.7282283306121826,-3.421290874481201,-3.651731014251709,-3.431554079055786,-3.4168593883514404,-3.3500688076019287,-3.046226978302002,-2.724815607070923,-2.632964849472046,-2.659860610961914,-2.556809902191162,-2.15079927444458,-1.52390718460083
-7.011157512664795,-7.047578811645508,-6.882929801940918,-6.87964391708374,-6.836940765380859,-6.626397609710693,-6.2994232177734375,-5.791299819946289,-5.19263219833374,-5.0195207595825195,-5.491349697113037,-5.583781719207764,-4.9716691970825195,-4.652613162994385,-4.788686752319336,-4.857656955718994,-4.756467819213867,-4.551966190338135,-4.1581878662109375,-3.508021831512451,-3.0479393005371094,-3.2598814964294434,-3.5761218070983887,-3.271357297897339,-2.976174831390381,-2.985914945602417,-2.782719612121582,-2.623478412628174,-2.7952558994293213,-2.836841344833374,-2.9954984188079834,-3.945490598678589,-4.436819553375244,-3.932969093322754,-3.6594607830047607,-3.7566633224487305,-3.6751041412353516,-3.5465872287750244,-3.324291467666626,-3.0639843940734863,-2.900216817855835,-2.512328624725342,-1.9207477569580078
-7.20305061340332,-7.25022029876709,-7.094244480133057,-6.842540264129639,-6.627561569213867,-6.629763126373291,-6.576869010925293,-6.127236843109131,-5.616999626159668,-5.654354095458984,-6.111844539642334,-6.058849811553955,-5.5242180824279785,-5.205258846282959,-5.0619401931762695,-4.8709564208984375,-4.701208591461182,-4.731729984283447,-4.796670436859131,-4.6412272453308105,-4.227510929107666,-3.920546770095825,-4.014832973480225,-3.7278432846069336,-3.330204725265503,-3.364307165145874,-3.161426544189453,-3.041908025741577,-3.286494493484497,-3.4538068771362305,-3.8208885192871094,-4.875082969665527,-5.401741981506348,-4.671924591064453,-3.902618408203125,-3.75639009475708,-3.9845564365386963,-4.2128448486328125,-3.9346277713775635,-3.4721391201019287,-3.22265887260437,-2.972447156906128,-2.6499929428100586
-7.317531585693359,-7.354124069213867,-7.132017135620117,-6.85543155670166,-6.591145992279053,-6.42497444152832,-6.2289886474609375,-6.024545192718506,-6.043989181518555,-6.184999942779541,-6.317111968994141,-6.1988911628723145,-5.861898899078369,-5.641082286834717,-5.405522346496582,-5.043470859527588,-4.682842254638672,-4.530421257019043,-4.733633995056152,-5.041584014892578,-4.9715776443481445,-4.646158218383789,-4.520232200622559,-4.034451007843018,-3.4322869777679443,-3.5251972675323486,-3.8002939224243164,-4.0028157234191895,-4.057459354400635,-3.9686007499694824,-4.403284072875977,-5.3653883934021,-5.852285385131836,-5.532308101654053,-4.7082977294921875,-4.048810005187988,-4.094813823699951,-4.329932689666748,-4.161381244659424,-3.8055241107940674,-3.6546404361724854,-3.625636577606201,-3.5164167881011963
-7.0183281898498535,-7.369256019592285,-7.179144382476807,-7.202115535736084,-7.232214450836182,-6.929484844207764,-6.124764442443848,-5.727893352508545,-6.249607563018799,-6.590674877166748,-6.381394863128662,-6.142577171325684,-5.838608741760254,-5.5018486976623535,-5.1507110595703125,-4.758839130401611,-4.439121246337891,-4.2338714599609375,-4.232773303985596,-4.409351348876953,-4.721219062805176,-5.205668926239014,-5.403428077697754,-4.898727893829346,-4.451262950897217,-4.443803787231445,-4.940656661987305,-5.4619140625,-5.214505195617676,-4.734930992126465,-4.789251327514648,-5.4590325355529785,-5.92009162902832,-5.850959777832031,-5.275055885314941,-4.4889020919799805,-4.225471019744873,-4.385519504547119,-4.474954128265381,-4.355428218841553,-4.180009841918945,-4.042247295379639,-4.064027309417725
-7.726833343505859,-7.960911750793457,-7.547248840332031,-7.331338882446289,-7.280915260314941,-7.2293243408203125,-6.853928565979004,-6.33120059967041,-6.478227615356445,-6.794660568237305,-6.43013858795166,-6.012739181518555,-5.661787033081055,-5.221322059631348,-5.096548557281494,-4.99962043762207,-4.735114574432373,-4.843681335449219,-5.248334884643555,-5.320662498474121,-5.416328430175781,-6.025929927825928,-6.151577472686768,-5.676578521728516,-5.530404090881348,-5.311787128448486,-5.423944473266602,-5.85664176940918,-5.617981910705566,-5.235054016113281,-5.263968467712402,-5.562003135681152,-5.781010150909424,-5.849376678466797,-5.383067607879639,-4.82470703125,-4.753076553344727,-4.741734981536865,-4.7184929847717285,-4.661338806152344,-4.6248979568481445,-4.515542984008789,-4.547633647918701
-8.108440399169922,-8.580190658569336,-8.33680534362793,-7.867852210998535,-7.570064067840576,-7.4769062995910645,-7.2536940574646,-6.843865871429443,-6.704047203063965,-6.851963996887207,-6.4484477043151855,-5.767061710357666,-5.620791435241699,-5.877073287963867,-6.212925434112549,-6.275789260864258,-5.970152854919434,-5.891569137573242,-6.284657955169678,-6.553744792938232,-6.345256328582764,-6.1913228034973145,-6.081819534301758,-6.0670318603515625,-6.082236289978027,-5.545314788818359,-5.367353439331055,-5.857761383056641,-5.923856735229492,-5.725636959075928,-5.716831684112549,-5.80955696105957,-6.00838041305542,-6.309393882751465,-5.835447788238525,-5.076735496520996,-5.068296909332275,-4.978206157684326,-4.6358842849731445,-4.565230846405029,-4.858278274536133,-5.0695481300354,-5.138525009155273
-8.994670867919922,-9.334794044494629,-9.043972969055176,-8.534661293029785,-8.15902328491211,-8.071149826049805,-7.8211588859558105,-7.1377692222595215,-6.603954792022705,-6.628802299499512,-6.63617467880249,-6.188545227050781,-5.919300556182861,-6.593988418579102,-7.537537574768066,-7.478712558746338,-6.835420608520508,-6.569357872009277,-6.767629623413086,-7.002164363861084,-6.671741962432861,-6.189639091491699,-5.953636646270752,-6.039311408996582,-6.005119323730469,-5.441667079925537,-5.506105899810791,-6.435986518859863,-6.717400550842285,-6.425216197967529,-6.3099446296691895,-6.357563018798828,-6.653436660766602,-6.896892547607422,-6.462817192077637,-5.5096821784973145,-5.057558536529541,-5.020260810852051,-4.8377275466918945,-4.89610481262207,-5.194464206695557,-5.376838684082031,-5.468990802764893
-10.450911521911621,-9.760286331176758,-9.394513130187988,-9.14499568939209,-8.707833290100098,-8.307613372802734,-8.12218189239502,-7.621112823486328,-6.832537651062012,-6.632678031921387,-6.946394920349121,-6.948995590209961,-7.194909572601318,-7.797820568084717,-7.969717025756836,-7.7958221435546875,-7.464415550231934,-7.2341203689575195,-7.221990585327148,-7.229724884033203,-6.915859699249268,-6.4948554039001465,-6.350357532501221,-6.391643524169922,-6.214702606201172,-5.984429359436035,-6.397741794586182,-7.312580108642578,-7.697072505950928,-7.367358207702637,-7.001481533050537,-6.814902305603027,-6.929344177246094,-7.095553874969482,-6.754329204559326,-5.955663681030273,-5.166721343994141,-4.847793102264404,-5.124876499176025,-5.386716842651367,-5.402418613433838,-5.454751491546631,-5.536435604095459
-10.546213150024414,-9.991829872131348,-9.7267427444458,-9.232364654541016,-8.655704498291016,-8.373984336853027,-8.191488265991211,-7.755822658538818,-7.2218098640441895,-7.2952775955200195,-7.393167018890381,-6.795854091644287,-7.036009311676025,-7.9712443351745605,-8.23907470703125,-7.965311527252197,-7.410240650177002,-6.963525772094727,-7.080181121826172,-7.407727241516113,-7.303370475769043,-6.935428142547607,-6.660999298095703,-6.638580322265625,-6.998511791229248,-7.622809886932373,-7.973026275634766,-8.291836738586426,-8.618645668029785,-8.210870742797852,-7.65419864654541,-7.360954761505127,-7.152205467224121,-6.989777565002441,-6.731924533843994,-6.303468227386475,-5.659142017364502,-5.0433268547058105,-4.881433010101318,-5.364494800567627,-5.539608955383301,-5.514228343963623,-5.668601036071777
-9.942622184753418,-9.59024715423584,-9.617274284362793,-9.296148300170898,-8.751460075378418,-8.606108665466309,-8.980912208557129,-8.636289596557617,-7.904230117797852,-7.933262348175049,-8.094413757324219,-7.66139554977417,-7.326387882232666,-7.811551570892334,-8.019349098205566,-7.387080669403076,-7.035560607910156,-7.159742832183838,-7.304452896118164,-7.385006904602051,-7.369361400604248,-7.293860912322998,-7.3063459396362305,-7.426790237426758,-7.861780166625977,-8.440716743469238,-8.712383270263672,-8.983113288879395,-9.015251159667969,-8.588586807250977,-8.391081809997559,-8.307819366455078,-7.990890979766846,-7.438358306884766,-6.833998203277588,-6.343554496765137,-5.851755142211914,-5.368194103240967,-4.726317405700684,-4.881746292114258,-5.578608512878418,-5.82721471786499,-5.938906669616699
