data/wind_data/wind_30_5.json
{"header": {"parameterUnit": "KT", "parameterCategory": 2, "nx": 256, "ny": 198, "lo1": 44.73521041870117, "la1": -3.236724853515625, "lo2": 111.26478576660156, "la2": 43.468475341796875, "dx": 0.2609002888202667, "dy": -0.23708222806453705, "refTime": "2025-02-20 06:00:00", "forecastTime": 0, "parameterNumber": 2, "parameterNumberName": "eastward_wind"}, "data":
[rows 152 to 170 of 198, columns 44 to 87 of 256]
15.785146713256836,16.46762466430664,17.6788387298584,19.347015380859375,20.600662231445312,20.752660751342773,20.381425857543945,20.626953125,22.186573028564453,23.80414390563965,25.33425521850586,26.705713272094727,27.188230514526367,26.802946090698242,26.08987808227539,25.78415298461914,26.249101638793945,26.938642501831055,27.31529426574707,27.3585205078125,27.511932373046875,27.75657844543457,27.577573776245117,27.21426773071289,27.68717384338379,29.007400512695312,30.05290985107422,30.609495162963867,31.070117950439453,31.35405731201172,31.684030532836914,32.20143508911133,32.361175537109375,32.08659744262695,31.43462562561035,30.373682022094727,29.064945220947266,28.067113876342773,27.868337631225586,28.447092056274414,28.566770553588867,26.98680877685547,24.224929809570312,22.276994705200195
16.233291625976562,17.450786590576172,19.408157348632812,21.107614517211914,21.45865821838379,20.688629150390625,19.6809139251709,20.211835861206055,22.38541603088379,24.45475959777832,26.208404541015625,27.074230194091797,26.692264556884766,25.91357421875,25.75088882446289,26.350990295410156,27.05677032470703,27.189022064208984,26.906753540039062,26.844913482666016,27.094697952270508,27.42795181274414,27.723480224609375,28.01243019104004,28.543935775756836,29.522565841674805,30.400102615356445,30.43468475341797,30.26412582397461,30.401607513427734,30.93504524230957,31.658893585205078,31.721670150756836,30.938404083251953,29.547754287719727,28.298643112182617,27.077363967895508,26.265111923217773,26.187915802001953,26.83969497680664,27.43276023864746,26.728778839111328,24.4034366607666,21.461627960205078
17.612106323242188,19.568212509155273,21.19049644470215,21.62623405456543,21.344572067260742,20.74240493774414,20.09532356262207,21.031286239624023,23.30061149597168,25.2817440032959,26.352134704589844,26.418249130249023,25.895153045654297,25.448455810546875,25.647659301757812,26.413475036621094,26.80523109436035,26.440839767456055,26.044506072998047,26.223684310913086,26.732994079589844,27.226869583129883,27.566511154174805,27.78443717956543,27.950647354125977,28.188642501831055,28.20728302001953,27.637088775634766,27.094867706298828,27.241575241088867,28.188962936401367,29.47298240661621,30.173511505126953,29.80522918701172,28.3573055267334,26.80405616760254,25.7829647064209,25.383432388305664,25.442951202392578,25.711393356323242,25.666994094848633,25.116086959838867,23.511167526245117,20.72969627380371
19.77779197692871,21.189401626586914,21.64105224609375,21.24435043334961,20.978321075439453,21.09516716003418,21.33344268798828,22.51469612121582,24.094280242919922,25.147796630859375,25.621002197265625,25.631031036376953,25.501726150512695,25.46489143371582,25.96040916442871,26.582401275634766,26.476762771606445,25.942678451538086,25.7048282623291,25.89358139038086,26.24104881286621,26.257925033569336,25.957313537597656,25.563907623291016,25.12025260925293,24.629087448120117,23.90898895263672,23.22784996032715,23.048925399780273,23.3985538482666,24.38107681274414,25.84916877746582,27.077682495117188,27.407258987426758,26.723655700683594,25.522321701049805,25.018911361694336,24.932899475097656,24.791013717651367,24.532398223876953,24.1850528717041,23.442888259887695,22.155296325683594,19.43279266357422
21.136432647705078,21.617298126220703,21.54930305480957,21.10981559753418,20.99771499633789,21.437034606933594,22.437360763549805,23.752656936645508,24.68390464782715,25.237485885620117,25.47235870361328,25.657501220703125,25.893484115600586,25.992048263549805,26.397789001464844,26.351356506347656,25.872867584228516,25.66361427307129,25.75777244567871,25.862668991088867,25.668481826782227,25.05755043029785,24.19583511352539,23.286924362182617,22.415836334228516,21.62198829650879,20.911542892456055,20.74325180053711,21.513404846191406,22.92100715637207,24.35919952392578,25.196834564208984,25.26296615600586,25.084075927734375,25.05671501159668,24.85386085510254,24.595813751220703,24.218055725097656,23.416454315185547,22.8120059967041,22.867816925048828,22.10481071472168,20.447124481201172,17.781936645507812
21.702709197998047,21.911731719970703,22.155559539794922,22.346080780029297,22.309974670410156,22.78915786743164,24.04629135131836,25.14352798461914,25.917428970336914,26.44040870666504,26.923803329467773,27.43402099609375,27.30988121032715,26.772912979125977,26.01829719543457,25.313194274902344,25.41294288635254,25.92236328125,26.213272094726562,25.713441848754883,24.81867218017578,23.853042602539062,22.682796478271484,21.574399948120117,20.596576690673828,19.8089599609375,19.425752639770508,19.757190704345703,21.23879623413086,23.54914093017578,25.3929500579834,25.869489669799805,25.1163387298584,24.190839767456055,23.811023712158203,23.496566772460938,22.909748077392578,22.538158416748047,21.968534469604492,21.202821731567383,20.900331497192383,20.21125602722168,18.35257339477539,15.780043601989746
22.719310760498047,23.032543182373047,23.528850555419922,23.845314025878906,24.194225311279297,24.948505401611328,25.733095169067383,26.36477279663086,26.841411590576172,27.49970817565918,28.44706916809082,28.190906524658203,27.087663650512695,26.241558074951172,25.348373413085938,24.92407989501953,25.196346282958984,25.58262825012207,25.50615119934082,24.793338775634766,23.883453369140625,22.649044036865234,21.213659286499023,20.126056671142578,19.177764892578125,18.42384147644043,18.152029037475586,18.535573959350586,19.77923583984375,21.454391479492188,22.53325080871582,22.707962036132812,22.34321403503418,21.684782028198242,20.978822708129883,20.523595809936523,20.25325584411621,20.046716690063477,19.63764762878418,19.0273494720459,18.463905334472656,17.71639633178711,16.066457748413086,13.394001007080078
24.354633331298828,24.35305404663086,24.062469482421875,23.679729461669922,24.251550674438477,25.520275115966797,26.52550506591797,26.534929275512695,25.88329315185547,25.98399543762207,26.179161071777344,25.615636825561523,25.465274810791016,25.434814453125,24.50270652770996,23.789915084838867,23.625503540039062,23.850603103637695,23.94962501525879,23.344213485717773,22.26387596130371,20.893327713012695,19.683706283569336,18.839452743530273,18.02696990966797,17.409297943115234,17.30746078491211,17.813840866088867,18.68174934387207,19.247465133666992,19.039846420288086,18.383241653442383,17.887609481811523,17.654245376586914,17.644296646118164,18.008455276489258,18.221172332763672,17.14643669128418,15.265229225158691,14.802568435668945,15.274328231811523,15.212959289550781,13.597086906433105,10.75224781036377
25.8557186126709,25.167133331298828,23.75320053100586,22.76448631286621,23.137222290039062,24.341154098510742,25.427244186401367,25.104278564453125,23.945404052734375,23.46711540222168,23.633438110351562,24.298015594482422,25.283552169799805,24.776660919189453,22.731382369995117,21.580121994018555,21.83515739440918,22.497188568115234,22.32455062866211,21.093538284301758,19.65764045715332,18.552324295043945,17.902862548828125,17.488508224487305,17.053991317749023,16.799562454223633,17.055885314941406,17.83803939819336,18.74787139892578,18.91049575805664,17.938695907592773,16.601369857788086,15.585814476013184,15.134737968444824,15.362815856933594,15.857010841369629,15.524430274963379,13.470345497131348,11.141365051269531,11.171422004699707,12.621597290039062,13.245576858520508,11.875012397766113,8.56436824798584
26.89805030822754,25.461729049682617,23.891815185546875,23.388784408569336,23.95126724243164,24.995065689086914,25.37942886352539,24.071067810058594,22.48004913330078,22.438232421875,23.955753326416016,25.559764862060547,25.32745361328125,22.727909088134766,20.65308380126953,20.951772689819336,22.024105072021484,21.947927474975586,20.408172607421875,18.633115768432617,17.457597732543945,16.774364471435547,16.44465446472168,16.36292266845703,16.32248878479004,16.470165252685547,17.021570205688477,17.904014587402344,18.764362335205078,18.705957412719727,17.464984893798828,15.97599983215332,14.790250778198242,14.04043960571289,13.80549430847168,13.662084579467773,12.431510925292969,10.218113899230957,9.0796480178833,9.99421215057373,11.51331901550293,11.988097190856934,11.443633079528809,8.039592742919922
26.292476654052734,24.888704299926758,24.03838348388672,24.40008544921875,25.53550910949707,26.349611282348633,24.804746627807617,22.050622940063477,21.123640060424805,23.821456909179688,26.50589370727539,25.7386474609375,22.95992660522461,21.045211791992188,21.162364959716797,22.043336868286133,21.87397003173828,20.267017364501953,18.29999542236328,16.962345123291016,16.17325210571289,15.595118522644043,15.338899612426758,15.426602363586426,15.621421813964844,16.010601043701172,16.64090347290039,17.50212287902832,18.17888832092285,17.872432708740234,16.715164184570312,15.577834129333496,14.529072761535645,13.50146770477295,12.822931289672852,12.318772315979004,11.035508155822754,9.156085968017578,8.237980842590332,9.121960639953613,10.654170036315918,11.127168655395508,10.81611156463623,8.072906494140625
25.25780487060547,23.965078353881836,23.582820892333984,24.337026596069336,25.269025802612305,24.810062408447266,23.221302032470703,21.815399169921875,23.087921142578125,26.561473846435547,26.473800659179688,22.74439811706543,21.28875732421875,22.000995635986328,22.866809844970703,22.020225524902344,19.990345001220703,18.099191665649414,16.855304718017578,15.988540649414062,15.166081428527832,14.488654136657715,14.216829299926758,14.390738487243652,14.764312744140625,15.268333435058594,15.904013633728027,16.69440460205078,17.082822799682617,16.555252075195312,15.727547645568848,15.128142356872559,14.283955574035645,13.104610443115234,12.21701717376709,11.742576599121094,10.802084922790527,9.052148818969727,7.7459516525268555,8.28216552734375,9.838960647583008,10.3497314453125,9.296680450439453,7.080712795257568
26.038053512573242,24.791053771972656,23.970613479614258,23.585126876831055,23.352853775024414,23.385873794555664,23.300893783569336,24.22184181213379,26.176006317138672,25.422142028808594,22.901233673095703,21.875741958618164,22.906091690063477,23.940385818481445,23.012615203857422,20.487873077392578,18.221315383911133,16.902233123779297,16.021587371826172,15.11661434173584,14.175527572631836,13.503426551818848,13.200104713439941,13.401759147644043,13.944780349731445,14.613323211669922,15.291499137878418,15.859461784362793,15.817245483398438,15.162903785705566,14.73066520690918,14.480796813964844,13.802785873413086,12.784245491027832,11.939992904663086,11.46092700958252,10.677762985229492,9.07194995880127,7.689633369445801,7.8783278465271,9.349020004272461,9.847797393798828,8.285297393798828,6.2082366943359375
26.858301162719727,26.04414939880371,25.242431640625,24.686534881591797,24.41974639892578,24.285987854003906,24.87657356262207,25.308422088623047,23.62027931213379,21.962242126464844,22.061901092529297,23.159507751464844,23.428577423095703,22.298908233642578,20.225772857666016,18.310195922851562,17.061094284057617,16.199935913085938,15.315411567687988,14.30935287475586,13.394736289978027,12.739692687988281,12.421850204467773,12.701454162597656,13.440582275390625,14.267313003540039,14.878243446350098,15.055828094482422,14.6035795211792,14.068258285522461,14.077408790588379,14.04736328125,13.488075256347656,12.707785606384277,11.951874732971191,11.415872573852539,10.780007362365723,9.402820587158203,7.87386417388916,7.583960056304932,9.012810707092285,9.891674995422363,8.394760131835938,6.173752784729004
25.95143699645996,26.17119598388672,26.59256935119629,26.845874786376953,25.816669464111328,24.260128021240234,23.379854202270508,22.02678680419922,20.959644317626953,21.907833099365234,23.137954711914062,22.092212677001953,20.5693302154541,18.996932983398438,17.699771881103516,16.899816513061523,16.221908569335938,15.505559921264648,14.669158935546875,13.79979133605957,13.00969123840332,12.338013648986816,12.053508758544922,12.435150146484375,13.285343170166016,14.09553337097168,14.4562349319458,14.190712928771973,13.559730529785156,13.396100044250488,13.794515609741211,13.930153846740723,13.52448844909668,12.886373519897461,12.105914115905762,11.409672737121582,10.824249267578125,9.81854248046875,8.240256309509277,7.35321044921875,8.55023193359375,10.105354309082031,8.977831840515137,6.6852006912231445
24.401233673095703,25.108402252197266,24.53224754333496,23.03862953186035,21.55891990661621,20.88948631286621,21.213132858276367,21.356138229370117,22.737459182739258,24.089115142822266,22.201274871826172,20.11383056640625,18.640995025634766,17.707735061645508,17.03335189819336,16.337100982666016,15.706109046936035,15.071361541748047,14.323038101196289,13.606130599975586,12.872922897338867,12.19201946258545,11.987984657287598,12.447042465209961,13.299577713012695,13.92259407043457,13.916333198547363,13.30236530303955,12.769505500793457,13.03614330291748,13.71168041229248,13.973614692687988,13.68766975402832,13.078553199768066,12.211538314819336,11.316773414611816,10.73104476928711,10.15621566772461,9.057214736938477,7.781820774078369,8.37004280090332,10.114765167236328,9.318100929260254,7.5306077003479
20.993444442749023,21.037309646606445,19.912151336669922,18.950176239013672,19.00271224975586,20.413389205932617,21.565017700195312,23.817724227905273,25.044967651367188,21.72174835205078,19.84979248046875,19.459733963012695,18.49199867248535,17.47283935546875,16.54237174987793,15.862442016601562,15.327346801757812,14.655170440673828,13.933234214782715,13.307303428649902,12.560335159301758,11.924331665039062,11.87779426574707,12.469390869140625,13.299818992614746,13.701211929321289,13.372650146484375,12.592717170715332,12.258678436279297,12.812052726745605,13.639976501464844,14.016666412353516,13.840744972229004,13.245681762695312,12.299731254577637,11.210596084594727,10.563377380371094,10.381586074829102,10.26747989654541,9.27278995513916,8.735834121704102,10.155351638793945,9.34597396850586,7.971162796020508
18.13667106628418,18.76127052307129,18.726673126220703,18.72979736328125,19.537240982055664,21.356943130493164,24.636734008789062,24.470008850097656,20.223966598510742,18.641090393066406,19.30337142944336,19.12392234802246,18.127840042114258,16.8995361328125,15.836602210998535,15.2041654586792,14.690091133117676,14.115129470825195,13.588595390319824,12.933115005493164,12.003979682922363,11.433818817138672,11.657563209533691,12.475597381591797,13.320796966552734,13.58929443359375,13.034401893615723,12.143896102905273,11.934964179992676,12.607789993286133,13.47931957244873,13.943042755126953,13.930124282836914,13.428997993469238,12.40148639678955,11.104647636413574,10.32901382446289,10.4628324508667,11.116257667541504,11.017308235168457,9.354303359985352,10.052245140075684,9.704072952270508,8.16580867767334
17.179174423217773,17.993940353393555,18.758012771606445,19.00480842590332,20.979402542114258,24.838809967041016,23.421268463134766,18.832719802856445,17.282005310058594,18.495620727539062,19.046005249023438,18.424400329589844,17.28212547302246,16.064191818237305,15.177684783935547,14.564135551452637,14.012848854064941,13.57433032989502,13.132396697998047,12.289868354797363,11.249500274658203,10.919170379638672,11.480237007141113,12.541228294372559,13.473282814025879,13.609908103942871,12.818221092224121,11.84848403930664,11.714674949645996,12.403592109680176,13.21397876739502,13.706562995910645,13.867158889770508,13.581074714660645,12.577261924743652,11.05726432800293,10.078269004821777,10.341174125671387,11.161101341247559,11.39365005493164,10.27651596069336,9.614141464233398,10.238066673278809,8.97002124786377
