data/wind_data/wind_13_4.json
{"header": {"parameterUnit": "KT", "parameterCategory": 2, "nx": 256, "ny": 198, "lo1": 44.73521041870117, "la1": -3.236724853515625, "lo2": 111.26478576660156, "la2": 43.468475341796875, "dx": 0.2609002888202667, "dy": -0.23708222806453705, "refTime": "2025-02-19 13:00:00", "forecastTime": 0, "parameterNumber": 2, "parameterNumberName": "eastward_wind"}, "data":
[rows 76 to 94 of 198, columns 44 to 87 of 256]
0.03603743761777878,-0.027164610102772713,-0.09588924795389175,-0.06308504939079285,0.01722041517496109,0.04638822749257088,0.036394234746694565,0.02589469589293003,-0.0011648365762084723,-0.04832680523395538,-0.1000291258096695,-0.1857052594423294,-0.2328808605670929,-0.19022110104560852,-0.040103476494550705,0.23042120039463043,0.5668642520904541,0.8937951922416687,1.1752723455429077,1.4436206817626953,1.7204811573028564,2.016751289367676,2.3046703338623047,2.5620510578155518,2.824998140335083,3.1258833408355713,3.4527244567871094,3.7565951347351074,4.005164623260498,4.2362799644470215,4.531003952026367,4.932390213012695,5.426071643829346,5.982231616973877,6.580620288848877,7.231747150421143,7.95920991897583,8.712353706359863,9.329828262329102,9.745865821838379,10.072257041931152,10.433324813842773,10.815756797790527,11.097901344299316
1.0780335664749146,1.1830559968948364,1.1397837400436401,1.0599616765975952,0.9997698664665222,0.9934609532356262,1.1234411001205444,1.323704481124878,1.3522008657455444,1.162264347076416,0.9554322957992554,0.8396638035774231,0.8528226017951965,0.9672586917877197,1.135253667831421,1.3662850856781006,1.6888322830200195,2.02227520942688,2.272552013397217,2.4571521282196045,2.6493539810180664,2.89996337890625,3.2041234970092773,3.4823596477508545,3.6613759994506836,3.769434690475464,3.873828172683716,4.051340579986572,4.298205852508545,4.58873987197876,4.952991008758545,5.384111404418945,5.8437957763671875,6.3487420082092285,6.866394519805908,7.416141510009766,8.079564094543457,8.9259614944458,9.879657745361328,10.727155685424805,11.321470260620117,11.734427452087402,12.10240364074707,12.420307159423828
1.9352322816848755,2.2648606300354004,2.441335439682007,2.2965879440307617,1.9554485082626343,1.6961088180541992,1.7672874927520752,2.106611967086792,2.301485300064087,2.2135543823242188,2.041527509689331,1.9903099536895752,2.080984354019165,2.2361490726470947,2.425234794616699,2.654209852218628,2.9508442878723145,3.2500805854797363,3.4642858505249023,3.5910966396331787,3.709969997406006,3.897956132888794,4.1629557609558105,4.455451488494873,4.681644439697266,4.798288822174072,4.826087474822998,4.8538312911987305,4.981438159942627,5.261111736297607,5.671860218048096,6.178537845611572,6.718270301818848,7.209792137145996,7.635111331939697,8.035593032836914,8.482111930847168,9.071823120117188,9.875186920166016,10.827117919921875,11.768620491027832,12.583355903625488,13.2404203414917,13.725151062011719
2.874887466430664,3.0059521198272705,3.3997867107391357,3.453305959701538,3.0186288356781006,2.502140522003174,2.3204450607299805,2.5073866844177246,2.7631192207336426,2.8515007495880127,2.848501205444336,2.960109233856201,3.198991537094116,3.4346354007720947,3.6413230895996094,3.916365623474121,4.247786521911621,4.536601543426514,4.721017360687256,4.8211236000061035,4.9218549728393555,5.1014227867126465,5.364950656890869,5.659108638763428,5.896457672119141,6.036258220672607,6.103173732757568,6.122714519500732,6.1588826179504395,6.327814102172852,6.670949935913086,7.142022132873535,7.675989151000977,8.224705696105957,8.724292755126953,9.147265434265137,9.491315841674805,9.790635108947754,10.166147232055664,10.772603034973145,11.656871795654297,12.720565795898438,13.789770126342773,14.678025245666504
4.079725742340088,3.7060389518737793,3.699509382247925,3.9109020233154297,3.8154478073120117,3.4080917835235596,3.1268694400787354,3.123117685317993,3.216367721557617,3.2906806468963623,3.3804702758789062,3.6121363639831543,3.9868760108947754,4.384700775146484,4.7080817222595215,4.999820232391357,5.304630279541016,5.591800212860107,5.829192638397217,6.025041103363037,6.217268466949463,6.44741153717041,6.726997375488281,7.024270057678223,7.2766432762146,7.440991401672363,7.530433654785156,7.58734130859375,7.673600196838379,7.847921371459961,8.140453338623047,8.516698837280273,8.91784954071045,9.32808780670166,9.791332244873047,10.27762508392334,10.67230224609375,10.903215408325195,11.067071914672852,11.359766006469727,11.914067268371582,12.756218910217285,13.818046569824219,14.910258293151855
5.302677631378174,4.827843189239502,4.211304664611816,3.8624627590179443,3.8832881450653076,4.003504753112793,4.0401740074157715,4.027149677276611,3.998990535736084,3.9551451206207275,3.954866886138916,4.130182266235352,4.526447296142578,5.076636791229248,5.588435173034668,5.941184043884277,6.189953327178955,6.438721656799316,6.737823009490967,7.059345722198486,7.368700981140137,7.675238132476807,8.008458137512207,8.362019538879395,8.687623023986816,8.923885345458984,9.066611289978027,9.159933090209961,9.262276649475098,9.41785717010498,9.657427787780762,9.980596542358398,10.367822647094727,10.744050025939941,11.111934661865234,11.477134704589844,11.788446426391602,11.999480247497559,12.147875785827637,12.373431205749512,12.779129981994629,13.395245552062988,14.210471153259277,15.143641471862793
6.969390869140625,6.629270076751709,5.916017532348633,5.005225658416748,4.396811008453369,4.370734691619873,4.689026832580566,4.947759628295898,5.017472267150879,4.959006309509277,4.868864059448242,4.860287189483643,5.128176689147949,5.713002681732178,6.357272148132324,6.808187961578369,7.107468605041504,7.3775954246521,7.682409286499023,8.010316848754883,8.335546493530273,8.67875862121582,9.078824043273926,9.520576477050781,9.951330184936523,10.302186965942383,10.520846366882324,10.649092674255371,10.761473655700684,10.904139518737793,11.098088264465332,11.373422622680664,11.736337661743164,12.144293785095215,12.52543830871582,12.823070526123047,13.033620834350586,13.216876029968262,13.430319786071777,13.697503089904785,14.043249130249023,14.498676300048828,15.108813285827637,15.858731269836426
8.648953437805176,8.0242919921875,7.470685958862305,6.768780708312988,6.005367755889893,5.555582046508789,5.623288631439209,5.837709903717041,5.925438404083252,5.897415637969971,5.839229583740234,5.829912185668945,6.006884574890137,6.4432196617126465,6.9885640144348145,7.472402572631836,7.889362812042236,8.280653953552246,8.673398971557617,9.054505348205566,9.387073516845703,9.690587997436523,10.038307189941406,10.458026885986328,10.896592140197754,11.306255340576172,11.651383399963379,11.93442440032959,12.153993606567383,12.315338134765625,12.48992919921875,12.761941909790039,13.135865211486816,13.529476165771484,13.870075225830078,14.147915840148926,14.360725402832031,14.532240867614746,14.72512149810791,14.99503231048584,15.342729568481445,15.74155330657959,16.22479820251465,16.820905685424805
10.236411094665527,9.643569946289062,8.709986686706543,7.774479389190674,7.1797871589660645,6.904069423675537,6.946250915527344,7.092018127441406,7.09757661819458,6.92997932434082,6.77971887588501,6.809318542480469,7.029022693634033,7.3640336990356445,7.729062557220459,8.110177040100098,8.489269256591797,8.897452354431152,9.377413749694824,9.879029273986816,10.313830375671387,10.677165985107422,11.023876190185547,11.383231163024902,11.735684394836426,12.065966606140137,12.411766052246094,12.8109130859375,13.20553970336914,13.529592514038086,13.8261137008667,14.141548156738281,14.492071151733398,14.847344398498535,15.173458099365234,15.444292068481445,15.670064926147461,15.87503719329834,16.081100463867188,16.306255340576172,16.560632705688477,16.852230072021484,17.222570419311523,17.708219528198242
11.354436874389648,10.91551685333252,10.321331024169922,9.06136417388916,8.098651885986328,7.777462482452393,8.00162124633789,8.339386940002441,8.492383003234863,8.37402057647705,8.139229774475098,8.099801063537598,8.335675239562988,8.66088581085205,8.957625389099121,9.193778038024902,9.358556747436523,9.561663627624512,9.924092292785645,10.41484546661377,10.905963897705078,11.325566291809082,11.686193466186523,12.01613712310791,12.315117835998535,12.617767333984375,13.005781173706055,13.516810417175293,14.049126625061035,14.507041931152344,14.911358833312988,15.320948600769043,15.725029945373535,16.058700561523438,16.34821891784668,16.614694595336914,16.84430694580078,17.06205177307129,17.3009090423584,17.553564071655273,17.77192497253418,17.958486557006836,18.179317474365234,18.50414276123047
12.553194046020508,11.890216827392578,11.582639694213867,10.47390365600586,9.108580589294434,8.635679244995117,8.955183982849121,9.442010879516602,9.808695793151855,9.866083145141602,9.712082862854004,9.626771926879883,9.73629379272461,9.982108116149902,10.261685371398926,10.449252128601074,10.487011909484863,10.483589172363281,10.60709285736084,10.884523391723633,11.233242988586426,11.585733413696289,11.920449256896973,12.248313903808594,12.59150505065918,12.974194526672363,13.474261283874512,14.111926078796387,14.777993202209473,15.376753807067871,15.898987770080566,16.359376907348633,16.740585327148438,17.025991439819336,17.248796463012695,17.4644775390625,17.70716667175293,17.9818172454834,18.228689193725586,18.408039093017578,18.54540252685547,18.723011016845703,18.97832679748535,19.286760330200195
13.802044868469238,13.075496673583984,12.5535306930542,11.77136516571045,10.454259872436523,9.529948234558105,9.619855880737305,10.326104164123535,10.91592025756836,11.178053855895996,11.203598022460938,11.17276668548584,11.216626167297363,11.358478546142578,11.534695625305176,11.653707504272461,11.648187637329102,11.548273086547852,11.469439506530762,11.478832244873047,11.571368217468262,11.739052772521973,12.006946563720703,12.407482147216797,12.945937156677246,13.604620933532715,14.312726020812988,14.996965408325195,15.628410339355469,16.205806732177734,16.74504280090332,17.214244842529297,17.569246292114258,17.829500198364258,18.0201473236084,18.175582885742188,18.367238998413086,18.629323959350586,18.872922897338867,18.992313385009766,19.031679153442383,19.152698516845703,19.4538516998291,19.874250411987305
14.703241348266602,14.392005920410156,13.848613739013672,13.556885719299316,12.010226249694824,9.595499992370605,10.610962867736816,11.367948532104492,11.583640098571777,11.877909660339355,12.222037315368652,12.558263778686523,12.769388198852539,12.839903831481934,12.853837966918945,12.835132598876953,12.74370288848877,12.571126937866211,12.36707878112793,12.187568664550781,12.069597244262695,12.065775871276855,12.255142211914062,12.7084379196167,13.438902854919434,14.3517427444458,15.266206741333008,16.04734230041504,16.670398712158203,17.19483184814453,17.67744255065918,18.07700538635254,18.33953857421875,18.519245147705078,18.68695068359375,18.840267181396484,19.00607681274414,19.218008041381836,19.41702651977539,19.53391456604004,19.598106384277344,19.72871208190918,20.011383056640625,20.415712356567383
15.528792381286621,15.349774360656738,15.052726745605469,14.858319282531738,13.789992332458496,10.622852325439453,11.149250984191895,12.287996292114258,12.275343894958496,12.418922424316406,12.773506164550781,13.12121295928955,13.368736267089844,13.52139949798584,13.632892608642578,13.684782028198242,13.627775192260742,13.473429679870605,13.283655166625977,13.110599517822266,13.005977630615234,13.030899047851562,13.253250122070312,13.715330123901367,14.399673461914062,15.203778266906738,15.979687690734863,16.654420852661133,17.244853973388672,17.81110954284668,18.370412826538086,18.836183547973633,19.139400482177734,19.3055477142334,19.37569808959961,19.387632369995117,19.413705825805664,19.51033592224121,19.680971145629883,19.898591995239258,20.14120864868164,20.40831184387207,20.709144592285156,21.012998580932617
16.446640014648438,16.16245460510254,15.973404884338379,15.864225387573242,15.171014785766602,12.902776718139648,12.237290382385254,12.74415111541748,12.695570945739746,12.975016593933105,13.393152236938477,13.504650115966797,13.459159851074219,13.53943157196045,13.760420799255371,13.974190711975098,14.12623119354248,14.24126148223877,14.30951976776123,14.336786270141602,14.41354751586914,14.628998756408691,14.9793701171875,15.431906700134277,15.942055702209473,16.42311668395996,16.791732788085938,17.085874557495117,17.422693252563477,17.880598068237305,18.445884704589844,19.01787757873535,19.492347717285156,19.810115814208984,19.922544479370117,19.858295440673828,19.734237670898438,19.6564884185791,19.6922607421875,19.874948501586914,20.1783390045166,20.549863815307617,20.923295974731445,21.19379997253418
17.647808074951172,17.28139305114746,16.93769073486328,16.797109603881836,16.713212966918945,15.300472259521484,13.729328155517578,13.442079544067383,13.415494918823242,13.722437858581543,13.93404769897461,13.761863708496094,13.582605361938477,13.66179084777832,13.889683723449707,14.145308494567871,14.44831657409668,14.79024600982666,15.06631851196289,15.245099067687988,15.428447723388672,15.713312149047852,16.099393844604492,16.58036994934082,17.13856315612793,17.619853973388672,17.850744247436523,17.881162643432617,17.950504302978516,18.2000675201416,18.590356826782227,19.03629493713379,19.50070571899414,19.916366577148438,20.152156829833984,20.182649612426758,20.094106674194336,19.967191696166992,19.88722038269043,19.871212005615234,19.902196884155273,20.044301986694336,20.320051193237305,20.553613662719727
18.694183349609375,18.458377838134766,18.01600456237793,17.6284122467041,17.376619338989258,16.542015075683594,15.003779411315918,14.589681625366211,14.393195152282715,14.481023788452148,14.807365417480469,14.90861988067627,14.835616111755371,14.717296600341797,14.621146202087402,14.665888786315918,14.89895248413086,15.270933151245117,15.63063907623291,15.868830680847168,16.045434951782227,16.271650314331055,16.57967185974121,17.03079605102539,17.66703987121582,18.32683563232422,18.717836380004883,18.785022735595703,18.78224754333496,18.92620277404785,19.195606231689453,19.501420974731445,19.82929039001465,20.13019371032715,20.329618453979492,20.428794860839844,20.42635154724121,20.33180809020996,20.244945526123047,20.12504768371582,19.916223526000977,19.73771858215332,19.69087791442871,19.61083984375
19.521207809448242,19.229381561279297,18.821996688842773,18.193208694458008,17.539812088012695,16.938209533691406,16.114398956298828,15.662885665893555,15.637338638305664,15.744609832763672,16.21568489074707,16.7115535736084,16.93644905090332,16.861352920532227,16.693199157714844,16.635841369628906,16.689098358154297,16.772876739501953,16.861583709716797,16.993186950683594,17.178117752075195,17.365922927856445,17.55922508239746,17.891521453857422,18.454492568969727,19.116731643676758,19.614044189453125,19.794004440307617,19.790576934814453,19.841596603393555,20.02931785583496,20.28754425048828,20.56113052368164,20.756641387939453,20.808849334716797,20.760845184326172,20.58490562438965,20.363555908203125,20.260704040527344,20.199663162231445,20.064285278320312,19.84541130065918,19.5135555267334,18.911357879638672
20.197708129882812,19.743104934692383,19.22286033630371,18.5428409576416,17.92959213256836,17.4312686920166,17.07960319519043,17.09547233581543,17.306560516357422,17.203283309936523,17.77927589416504,18.71994400024414,19.156494140625,19.113534927368164,18.815141677856445,18.57194709777832,18.449575424194336,18.384658813476562,18.456741333007812,18.756837844848633,19.15284538269043,19.39100456237793,19.43903923034668,19.53984260559082,19.874122619628906,20.363737106323242,20.764781951904297,20.953857421875,20.983715057373047,20.977344512939453,21.03731346130371,21.195158004760742,21.434612274169922,21.627408981323242,21.62856101989746,21.39702796936035,20.9017276763916,20.328889846801758,19.95037078857422,19.830516815185547,19.863378524780273,19.80842399597168,19.355350494384766,18.383596420288086
