data/wind_data/wind_61_2.json
{"header": {"parameterUnit": "KT", "parameterCategory": 2, "nx": 256, "ny": 198, "lo1": 44.73521041870117, "la1": -3.236724853515625, "lo2": 111.26478576660156, "la2": 43.468475341796875, "dx": 0.2609002888202667, "dy": -0.23708222806453705, "refTime": "2025-02-21 13:00:00", "forecastTime": 0, "parameterNumber": 2, "parameterNumberName": "eastward_wind"}, "data":
[rows 19 to 37 of 198, columns 172 to 214 of 256]
-1.0755997896194458,-2.2023308277130127,-2.187239646911621,-1.813280701637268,-7.808376312255859,-5.316340446472168,-3.6408345699310303,-3.3132455348968506,-3.20531964302063,-4.1790289878845215,-5.175621032714844,-6.135789394378662,-4.815049648284912,-3.920149564743042,-4.110754013061523,-3.301467180252075,-4.506917953491211,-5.911843776702881,-3.509824514389038,-2.084160566329956,-1.9240256547927856,-0.4228438138961792,0.015268412418663502,2.374826192855835,1.82512629032135,0.46404698491096497,0.8094994425773621,-0.2702481150627136,-1.659549355506897,-1.2944293022155762,-3.5914907455444336,-5.501896858215332,-6.141303062438965,-5.903950214385986,-7.604119777679443,-6.964426517486572,-4.471860408782959,-4.576798439025879,-3.072603225708008,-4.7768731117248535,-3.0522382259368896,-4.463587284088135,-4.377662658691406
-3.0846734046936035,-2.6144354343414307,-0.950700044631958,-5.300449371337891,-3.321460723876953,-3.1274733543395996,-4.386476993560791,-6.349671840667725,-6.130300521850586,-5.844521999359131,-6.079240798950195,-7.547828674316406,-7.238888740539551,-5.489719867706299,-3.4866831302642822,-3.0594980716705322,-3.669779062271118,-5.536582946777344,-3.838000774383545,-3.431387424468994,-4.142892360687256,-3.948918581008911,-1.9306102991104126,0.4538044333457947,3.398731231689453,1.5555235147476196,1.413477897644043,0.8259968757629395,-0.39436396956443787,-0.07916684448719025,-2.145989179611206,-3.620789051055908,-4.520876407623291,-4.193403244018555,-7.095411777496338,-7.517325401306152,-6.180484771728516,-6.8224592208862305,-1.537843108177185,-3.313774585723877,-2.1670925617218018,-4.399394989013672,-5.600950241088867
-3.765235185623169,-2.285290002822876,-0.8539491891860962,-4.935883522033691,-4.904775619506836,-0.9423393607139587,-4.809912204742432,-7.95697021484375,-8.441210746765137,-7.353874206542969,-6.663527965545654,-7.948054790496826,-7.656533241271973,-5.921525001525879,-4.0526347160339355,-3.0026755332946777,-3.0129923820495605,-4.090226650238037,-4.5022807121276855,-4.608601093292236,-4.226827144622803,-3.0590996742248535,-1.755203127861023,-0.006559716537594795,2.2951507568359375,1.8138805627822876,1.2016708850860596,1.4789111614227295,1.7734947204589844,2.1058297157287598,0.7761846780776978,-1.2932759523391724,-0.8589187264442444,0.37862467765808105,2.7797868251800537,-1.0547391176223755,-5.099046230316162,-6.34090518951416,-2.875563621520996,-2.868178367614746,-0.8246755003929138,-3.8739092350006104,-6.14632511138916
-3.5237278938293457,-3.1286633014678955,-4.490107536315918,-3.8343000411987305,-3.2885665893554688,-4.276352882385254,-7.042470932006836,-6.783622741699219,-7.036596775054932,-6.0243048667907715,-6.177240371704102,-8.610584259033203,-6.833757400512695,-5.253811836242676,-4.872910976409912,-4.4178032875061035,-3.819019079208374,-3.904977798461914,-4.417947769165039,-4.320252895355225,-3.675330877304077,-0.5994006991386414,-0.6182424426078796,0.280532568693161,1.0125558376312256,1.6199312210083008,1.0514888763427734,1.6121654510498047,3.125074863433838,2.3072168827056885,2.7128257751464844,1.3853538036346436,1.725380539894104,3.4017274379730225,-1.1042768955230713,-1.9466063976287842,-2.0489284992218018,-3.5483298301696777,-5.10555362701416,-1.5478872060775757,-0.7437310814857483,-4.712499141693115,-6.441917419433594
-6.712454319000244,-6.30642032623291,-3.4281718730926514,-4.811528205871582,-5.036562442779541,-5.821781158447266,-8.551609992980957,-6.375957012176514,-5.612881183624268,-5.548341274261475,-6.5885138511657715,-6.566366672515869,-5.163404941558838,-6.12584924697876,-5.384163856506348,-4.565060615539551,-5.226006507873535,-4.301199436187744,-3.7594361305236816,-3.424916982650757,-3.1185295581817627,-1.605515956878662,-1.3416037559509277,-0.5651437044143677,-0.36066949367523193,1.1156548261642456,1.167671799659729,2.448882579803467,3.6895902156829834,3.3087236881256104,0.5592395663261414,-0.7203692197799683,5.491206645965576,2.1589043140411377,-8.08669662475586,-5.148855686187744,-2.5901448726654053,-3.5412650108337402,-3.804710865020752,-1.8042341470718384,-1.9652278423309326,-5.202741622924805,-6.598361968994141
-7.632867813110352,-6.1371307373046875,-5.5892486572265625,-5.605887413024902,-6.573196887969971,-6.429651260375977,-6.024707794189453,-5.945323467254639,-6.589115619659424,-6.8191447257995605,-6.754110336303711,-6.497572422027588,-6.202517986297607,-6.688010215759277,-5.5997748374938965,-4.579226970672607,-5.491513252258301,-4.3726043701171875,-3.3618814945220947,-3.659656047821045,-3.364405870437622,-2.3794119358062744,-0.2950255572795868,1.6992095708847046,0.6890670657157898,-0.21908700466156006,1.6119282245635986,1.7286229133605957,4.670976161956787,2.867219924926758,-2.1109910011291504,-4.956391334533691,-2.3881289958953857,-7.0728020668029785,-10.35086441040039,-8.683869361877441,-1.047858715057373,-3.24515962600708,-1.1514554023742676,-2.059343099594116,-3.1081504821777344,-6.396991729736328,-6.8627190589904785
-8.0634126663208,-7.683853626251221,-7.16232442855835,-7.411672115325928,-7.350522041320801,-5.918457508087158,-4.7984514236450195,-5.1494221687316895,-7.643733978271484,-8.16519546508789,-8.111824989318848,-7.744816780090332,-7.128844738006592,-6.512749671936035,-5.899044513702393,-5.2404398918151855,-5.30205774307251,-4.718385696411133,-4.145781993865967,-3.843256950378418,-3.1510050296783447,-2.085646629333496,-0.8191261291503906,1.5253634452819824,1.569251298904419,2.241999387741089,2.1435577869415283,2.6713247299194336,4.190929889678955,3.0305817127227783,-5.823315143585205,-12.0890474319458,-2.1188886165618896,-4.846543312072754,-2.7919492721557617,-4.234401702880859,-2.46761155128479,-3.3006038665771484,-2.672332525253296,-3.642972469329834,-5.781809329986572,-6.930635929107666,-6.562038421630859
-11.640803337097168,-9.446020126342773,-9.419478416442871,-9.129157066345215,-7.247806549072266,-5.833319187164307,-5.5427021980285645,-5.822413921356201,-7.026931285858154,-9.383606910705566,-9.74481201171875,-8.551473617553711,-7.407419204711914,-6.83473014831543,-6.848916530609131,-6.213349342346191,-5.297786235809326,-4.851804733276367,-4.207981586456299,-2.513170003890991,0.026482483372092247,0.48684850335121155,-0.8799479007720947,-0.38028573989868164,1.0190119743347168,1.6863245964050293,1.1790579557418823,5.107213497161865,13.31020736694336,-5.836045265197754,-14.837774276733398,-5.758368015289307,-1.760002851486206,-2.2274718284606934,-3.403427839279175,-2.7247982025146484,-3.0363271236419678,-2.170057535171509,-4.348063945770264,-6.47247314453125,-7.509772777557373,-7.282400608062744,-7.119488716125488
-12.952970504760742,-10.896618843078613,-9.659334182739258,-9.758949279785156,-8.489826202392578,-7.343939781188965,-6.586714267730713,-6.630735397338867,-7.331892013549805,-7.991754055023193,-9.332935333251953,-9.347481727600098,-8.11340045928955,-8.05991268157959,-8.163249015808105,-7.098886966705322,-5.6113691329956055,-4.7017903327941895,-3.809705972671509,-1.151273488998413,1.3752050399780273,4.50444221496582,3.8320131301879883,2.0622735023498535,0.8951334357261658,2.204066038131714,1.2389130592346191,4.2681884765625,10.156878471374512,-8.615324974060059,-9.977190017700195,-5.971090316772461,-1.9361557960510254,-0.1441829949617386,-0.9087883234024048,-2.9646360874176025,-1.5064551830291748,-1.1213858127593994,-4.216536521911621,-5.8141679763793945,-6.469512939453125,-6.591296195983887,-7.247099876403809
-12.92864990234375,-11.256291389465332,-8.031020164489746,-10.908402442932129,-12.661322593688965,-10.496933937072754,-11.432372093200684,-8.8840913772583,-7.298766613006592,-5.212762832641602,-5.503726482391357,-9.015935897827148,-8.23218059539795,-8.013544082641602,-8.262084007263184,-7.386399745941162,-5.780763626098633,-3.903903007507324,-1.8496122360229492,-0.34471395611763,2.0919671058654785,4.0018792152404785,6.00079870223999,5.0029497146606445,3.9523792266845703,2.7812654972076416,3.652005672454834,1.9549087285995483,-4.380192756652832,-10.337446212768555,-12.365459442138672,-5.51762580871582,-1.8346483707427979,-1.1075385808944702,-2.5851759910583496,-2.979243040084839,-2.734890937805176,-3.757363796234131,-4.531210422515869,-5.436203956604004,-5.029355049133301,-3.2860987186431885,-2.8685598373413086
-13.559462547302246,-10.990153312683105,-11.495246887207031,-15.070364952087402,-11.201828002929688,-9.81276798248291,-15.499008178710938,-9.643993377685547,-8.003271102905273,-6.523163318634033,-5.834218502044678,-7.206150531768799,-7.859211444854736,-8.52368450164795,-8.761990547180176,-6.935201644897461,-5.3788251876831055,-3.9413959980010986,0.8970387578010559,2.2984817028045654,3.9598560333251953,4.594110012054443,5.599789142608643,5.730110168457031,6.920356750488281,5.598448276519775,0.645689845085144,-4.4189605712890625,-5.992859840393066,-8.62791633605957,-5.260143280029297,-3.070312738418579,-2.6393253803253174,-5.579727649688721,-7.073047161102295,-7.99026346206665,-7.3354902267456055,-6.292633056640625,-6.009968280792236,-6.514584541320801,-5.547353267669678,-4.008460521697998,-1.1458089351654053
-14.138794898986816,-15.03370189666748,-13.653942108154297,-13.380285263061523,-10.800567626953125,-13.980829238891602,-12.331735610961914,-11.199392318725586,-10.598322868347168,-9.310664176940918,-8.633909225463867,-7.868594646453857,-8.599909782409668,-9.253901481628418,-7.779651641845703,-4.622028827667236,-6.045512676239014,-7.174166679382324,-1.1702643632888794,-0.1891704946756363,0.7543572783470154,0.06350348144769669,1.2940106391906738,1.5488964319229126,2.579272508621216,-0.8584498763084412,-10.406647682189941,-10.105854034423828,-11.309887886047363,-9.619722366333008,-7.1921868324279785,-5.979287624359131,-6.548295497894287,-7.966308116912842,-9.109780311584473,-9.475398063659668,-9.253525733947754,-9.031411170959473,-7.623233795166016,-5.756682872772217,-4.951701641082764,-4.8139753341674805,-2.0412540435791016
-15.564533233642578,-18.108367919921875,-16.49929428100586,-14.716809272766113,-12.580615043640137,-13.414475440979004,-12.250345230102539,-11.487895965576172,-16.144020080566406,-12.33105754852295,-10.793238639831543,-11.977612495422363,-10.778572082519531,-7.37857723236084,-5.8331685066223145,-14.175911903381348,-11.8211088180542,-11.237109184265137,-9.850136756896973,-8.897356986999512,-9.753371238708496,-11.614642143249512,-12.937190055847168,-14.975630760192871,-20.207538604736328,-22.4005184173584,-18.607995986938477,-16.59735679626465,-13.664093971252441,-10.027365684509277,-6.622216701507568,-6.484650135040283,-7.904571056365967,-9.79279613494873,-11.269893646240234,-10.991971015930176,-9.938158988952637,-9.160284042358398,-8.41980266571045,-7.288926124572754,-6.569035530090332,-7.249530792236328,-3.9131503105163574
-17.574180603027344,-18.28397560119629,-15.825257301330566,-10.277548789978027,-8.981226921081543,-16.715591430664062,-13.24999713897705,-13.403717041015625,-16.598949432373047,-14.43136215209961,-17.77825164794922,-14.419626235961914,-12.103082656860352,-11.430015563964844,-13.51340389251709,-14.585548400878906,-15.15304946899414,-15.426658630371094,-15.02987289428711,-14.796117782592773,-15.15001392364502,-18.113107681274414,-20.936342239379883,-18.450729370117188,-18.391441345214844,-20.493680953979492,-19.02489471435547,-15.121015548706055,-11.912416458129883,-9.516106605529785,-9.585602760314941,-11.128528594970703,-13.65108871459961,-14.882147789001465,-14.81678295135498,-13.614498138427734,-11.643293380737305,-10.222511291503906,-10.432027816772461,-11.254055976867676,-9.40994930267334,-8.776490211486816,-9.043368339538574
-17.391843795776367,-16.573549270629883,-14.518628120422363,-13.552597999572754,-13.68439769744873,-16.017024993896484,-17.837589263916016,-15.546069145202637,-16.153308868408203,-14.62568473815918,-15.353830337524414,-15.778435707092285,-16.120235443115234,-15.110514640808105,-15.168968200683594,-14.94153881072998,-14.331632614135742,-14.59593677520752,-15.42060375213623,-16.804838180541992,-18.319835662841797,-19.04156494140625,-22.268835067749023,-22.16314697265625,-18.126956939697266,-17.702144622802734,-17.183130264282227,-16.11971092224121,-15.693389892578125,-15.347613334655762,-15.935185432434082,-16.858531951904297,-17.82554054260254,-18.518543243408203,-18.16921615600586,-16.52951431274414,-14.351781845092773,-12.831814765930176,-12.401470184326172,-12.73661994934082,-11.63449478149414,-9.142255783081055,-10.549140930175781
-18.604270935058594,-16.744970321655273,-15.48027229309082,-16.48455238342285,-16.325885772705078,-15.29295825958252,-16.552318572998047,-18.305635452270508,-18.26451301574707,-15.114892959594727,-14.526941299438477,-16.21697425842285,-16.236459732055664,-16.113388061523438,-15.781220436096191,-15.118046760559082,-14.913930892944336,-14.745193481445312,-14.334094047546387,-16.09317970275879,-19.602458953857422,-20.82709312438965,-18.632417678833008,-20.28439712524414,-21.49493980407715,-21.619693756103516,-21.305511474609375,-20.723737716674805,-20.071638107299805,-19.698780059814453,-19.954288482666016,-20.80072021484375,-21.739830017089844,-21.67817497253418,-19.636537551879883,-16.730783462524414,-15.059502601623535,-15.772157669067383,-17.615962982177734,-17.600069046020508,-15.74205207824707,-14.574515342712402,-15.400057792663574
-17.18743324279785,-18.01639175415039,-19.14873695373535,-17.98169708251953,-14.18293285369873,-10.732391357421875,-13.34531307220459,-19.37061309814453,-21.20672035217285,-18.63568115234375,-15.38659954071045,-13.726309776306152,-16.94880485534668,-19.823381423950195,-17.670169830322266,-17.035978317260742,-15.443648338317871,-15.150466918945312,-14.845352172851562,-17.335853576660156,-20.90277862548828,-20.442428588867188,-20.074254989624023,-22.91143226623535,-23.873777389526367,-23.274898529052734,-24.269615173339844,-24.687280654907227,-24.825851440429688,-24.980792999267578,-24.883813858032227,-24.519245147705078,-23.36150550842285,-20.57930564880371,-16.82316017150879,-15.929349899291992,-17.137035369873047,-17.145599365234375,-16.09194564819336,-16.84015464782715,-17.493574142456055,-17.155715942382812,-18.37788963317871
-18.63553810119629,-17.577932357788086,-15.301886558532715,-14.788061141967773,-12.47856616973877,-6.514620780944824,-11.95767879486084,-22.266014099121094,-23.535682678222656,-20.626529693603516,-16.75263214111328,-16.26020050048828,-19.363496780395508,-21.795936584472656,-19.055295944213867,-16.60084342956543,-15.402634620666504,-15.418924331665039,-15.942521095275879,-17.117464065551758,-18.488101959228516,-20.431987762451172,-22.387699127197266,-22.496475219726562,-23.137313842773438,-24.693662643432617,-26.075489044189453,-26.557044982910156,-26.60564422607422,-26.487316131591797,-25.984865188598633,-24.55581283569336,-21.78384017944336,-18.094738006591797,-15.991209030151367,-16.307050704956055,-16.55524444580078,-16.794437408447266,-16.823957443237305,-16.670705795288086,-17.090240478515625,-18.974807739257812,-19.188690185546875
-18.424354553222656,-16.847742080688477,-15.45594596862793,-15.486987113952637,-14.513476371765137,-11.437935829162598,-16.933740615844727,-24.118135452270508,-24.157991409301758,-21.179458618164062,-17.667734146118164,-16.78911590576172,-17.597192764282227,-18.352222442626953,-17.562084197998047,-17.2845458984375,-16.051532745361328,-16.04083251953125,-16.915504455566406,-16.752023696899414,-17.517894744873047,-20.527488708496094,-22.15675163269043,-22.352245330810547,-23.72663116455078,-25.075937271118164,-25.316627502441406,-24.746837615966797,-24.110851287841797,-23.961469650268555,-24.304935455322266,-24.29647445678711,-22.741554260253906,-19.49810028076172,-16.533599853515625,-16.279924392700195,-17.51297950744629,-18.799480438232422,-20.058645248413086,-21.86684799194336,-22.681230545043945,-21.530982971191406,-18.771841049194336
