data/wind_data/wind_28_0.json
{"header": {"parameterUnit": "KT", "parameterCategory": 2, "nx": 255, "ny": 198, "lo1": 44.73521041870117, "la1": -3.236724853515625, "lo2": 111.26478576660156, "la2": 43.468475341796875, "dx": 0.26192745566368103, "dy": -0.23708222806453705, "refTime": "2025-02-20 04:00:00", "forecastTime": 0, "parameterNumber": 3, "parameterNumberName": "northward_wind"}, "data":
[rows 38 to 56 of 198, columns 0 to 42 of 255]
-1.9425618648529053,-2.675896644592285,-2.7809722423553467,-3.055284023284912,-3.745008707046509,-3.004534959793091,-3.260881185531616,-3.382704019546509,-3.589660167694092,-3.7416813373565674,-4.2375168800354,-4.716036319732666,-5.140665054321289,-5.395549297332764,-5.616454124450684,-6.247355937957764,-6.802854061126709,-7.125668048858643,-7.822418689727783,-7.772686958312988,-8.627808570861816,-9.63654899597168,-10.173895835876465,-9.100890159606934,-8.8466796875,-9.493083953857422,-11.676403045654297,-10.667191505432129,-8.269805908203125,-7.329768657684326,-6.398113250732422,-8.049455642700195,-9.77286434173584,-9.266070365905762,-6.1869025230407715,-3.915743589401245,-4.695678234100342,-6.361386299133301,-4.833644390106201,-2.652270555496216,-2.907538414001465,-5.639533519744873,-8.588232040405273
-2.73046875,-2.269209623336792,-2.1362717151641846,-2.386645793914795,-3.2926909923553467,-2.366079330444336,-2.7935197353363037,-3.1371262073516846,-3.489283800125122,-3.5132923126220703,-3.922603130340576,-4.860231399536133,-5.359615802764893,-5.468562126159668,-6.065555095672607,-7.759921073913574,-9.222970008850098,-9.786002159118652,-10.359025001525879,-8.467154502868652,-8.009058952331543,-9.986604690551758,-12.112187385559082,-11.1905517578125,-8.023665428161621,-7.559316635131836,-9.728900909423828,-8.871366500854492,-7.120329856872559,-8.98621940612793,-10.474223136901855,-8.667428970336914,-6.092925071716309,-6.393619537353516,-7.843019962310791,-5.265845775604248,-4.215753555297852,-6.329253196716309,-6.416186809539795,-4.532968044281006,-4.354559898376465,-4.8711628913879395,-5.464735984802246
-1.917383074760437,-1.3665878772735596,-1.107820987701416,-1.4938597679138184,-3.242734432220459,-1.8486714363098145,-1.6118723154067993,-1.6123915910720825,-2.5799195766448975,-3.503268003463745,-4.2226104736328125,-3.9744884967803955,-3.6866531372070312,-4.3485541343688965,-5.66576623916626,-6.95385217666626,-8.289074897766113,-9.496898651123047,-10.392663955688477,-10.950079917907715,-8.185611724853516,-8.74609088897705,-9.898423194885254,-10.089221954345703,-7.4555583000183105,-5.863870620727539,-5.288060665130615,-4.587255001068115,-6.063657760620117,-8.894789695739746,-10.123900413513184,-8.387116432189941,-4.691371917724609,-4.297129154205322,-7.531091213226318,-7.830806255340576,-6.756855487823486,-5.353487491607666,-6.4600749015808105,-6.691792964935303,-5.352798938751221,-3.3875064849853516,-3.013339042663574
-0.27737221121788025,-0.1071300283074379,0.09356960654258728,-0.45504453778266907,-3.37898588180542,-2.9380953311920166,-3.586503267288208,-3.20943021774292,-2.650590658187866,-3.2984519004821777,-4.462826251983643,-3.6975154876708984,-3.6977293491363525,-4.36589241027832,-5.234882354736328,-6.233260631561279,-7.218120098114014,-8.681897163391113,-10.639720916748047,-13.076361656188965,-10.202048301696777,-8.1892728805542,-7.911239147186279,-7.465673446655273,-6.044464111328125,-4.023591995239258,-2.8981428146362305,-4.4051833152771,-6.667990684509277,-7.162895679473877,-6.688251972198486,-7.465592861175537,-8.378621101379395,-6.654031276702881,-4.946596145629883,-5.898294448852539,-7.411012649536133,-6.527889251708984,-5.870564937591553,-6.700019836425781,-6.717042922973633,-5.472980499267578,-3.2484591007232666
1.1174763441085815,1.1534019708633423,0.961517333984375,-0.1889655739068985,-4.269018650054932,-4.09736442565918,-4.2737135887146,-3.0987117290496826,-2.40169095993042,-4.074153900146484,-5.377052307128906,-4.792538166046143,-5.4400858879089355,-5.714883327484131,-5.996810436248779,-6.359573841094971,-6.606894016265869,-7.332523345947266,-9.46037483215332,-11.432827949523926,-12.59577751159668,-9.85558795928955,-7.795627593994141,-8.325642585754395,-9.666925430297852,-7.196316719055176,-6.431855201721191,-8.832176208496094,-8.352261543273926,-5.642131805419922,-5.5023651123046875,-7.595637321472168,-8.408425331115723,-6.480430603027344,-4.631465435028076,-5.304962158203125,-6.68336820602417,-6.486562252044678,-4.9512763023376465,-5.684492111206055,-7.693053722381592,-9.414846420288086,-6.451135635375977
2.036346435546875,1.9737356901168823,1.3324322700500488,-0.3117264211177826,-4.514283180236816,-2.943028211593628,-1.9267276525497437,-1.7643711566925049,-3.037738561630249,-4.726132392883301,-5.915078163146973,-6.616641044616699,-6.519925117492676,-5.431198596954346,-4.828943729400635,-4.255315780639648,-4.533599376678467,-5.61749267578125,-7.4809489250183105,-9.513238906860352,-12.647541046142578,-12.511457443237305,-9.938331604003906,-11.054478645324707,-13.72332763671875,-11.409187316894531,-8.897701263427734,-7.82084846496582,-6.921010494232178,-6.38924503326416,-6.538766860961914,-7.383672714233398,-6.663275241851807,-6.398727893829346,-7.040776252746582,-7.267863750457764,-6.489177703857422,-6.3610711097717285,-5.025330543518066,-3.6608474254608154,-4.004846572875977,-7.058356761932373,-9.212021827697754
2.1555395126342773,2.257023334503174,1.646592378616333,0.30193427205085754,-3.115138530731201,-1.9336801767349243,-1.621998906135559,-3.2460334300994873,-4.6906232833862305,-4.152029514312744,-3.4485857486724854,-3.3435537815093994,-2.543285369873047,-2.0209665298461914,-1.7114505767822266,-2.028364658355713,-2.8026740550994873,-4.438889503479004,-6.414613723754883,-8.04611873626709,-9.611531257629395,-12.614274024963379,-11.861235618591309,-10.72359561920166,-11.776883125305176,-10.310890197753906,-7.374757289886475,-5.000487804412842,-5.810474872589111,-8.674357414245605,-9.598882675170898,-7.636627674102783,-5.3142828941345215,-5.844649314880371,-7.749000072479248,-8.2373685836792,-6.454634189605713,-6.720906734466553,-6.137726783752441,-3.8008058071136475,-3.3183746337890625,-4.3298749923706055,-6.595924377441406
2.3890981674194336,2.3596529960632324,2.030998468399048,1.071973443031311,-2.268156051635742,-2.815160036087036,-3.600728988647461,-3.3199281692504883,-2.0470097064971924,-0.06785794347524643,1.4420069456100464,1.9267394542694092,1.264825701713562,1.130594253540039,1.0750125646591187,0.24429422616958618,-1.5478909015655518,-5.140620708465576,-6.4473161697387695,-7.363854885101318,-8.20490550994873,-9.35647964477539,-11.954673767089844,-8.958213806152344,-8.649567604064941,-8.350408554077148,-8.253376007080078,-8.837567329406738,-8.824357032775879,-8.844871520996094,-8.498331069946289,-6.4458136558532715,-4.611103057861328,-5.8109049797058105,-7.625166893005371,-7.409636974334717,-6.499671459197998,-6.839479446411133,-6.435051441192627,-4.632705211639404,-3.749528646469116,-4.006466388702393,-4.0534515380859375
2.8042984008789062,2.4504992961883545,2.126800537109375,0.5841705799102783,-3.624176502227783,-2.4862124919891357,-2.1946985721588135,-0.08615001291036606,2.4413230419158936,3.5013575553894043,2.6105122566223145,0.924260675907135,-1.4505884647369385,-1.8258097171783447,-0.3548905551433563,-0.030205583199858665,-4.117892265319824,-7.321187496185303,-6.5239338874816895,-5.79867696762085,-6.953205108642578,-7.6460747718811035,-10.153990745544434,-9.118130683898926,-9.447896957397461,-10.305876731872559,-12.135106086730957,-12.813593864440918,-10.318944931030273,-7.227285385131836,-6.021341800689697,-5.384855270385742,-6.338502883911133,-7.064920902252197,-6.931713104248047,-6.050103187561035,-6.678617477416992,-6.6004157066345215,-6.70955228805542,-7.026301860809326,-5.263216495513916,-4.2339277267456055,-5.294748306274414
3.2880239486694336,2.5434136390686035,1.7319799661636353,-0.3351058065891266,-3.395707845687866,0.6821039319038391,1.512904167175293,1.7112656831741333,2.482246160507202,2.3907217979431152,0.34117698669433594,-1.9826264381408691,-5.149664878845215,-6.780522346496582,-6.050840377807617,-6.334448337554932,-8.135589599609375,-6.761285781860352,-4.648988723754883,-4.237448692321777,-5.35083532333374,-6.579592227935791,-7.144853115081787,-10.859535217285156,-13.111096382141113,-13.235305786132812,-12.086021423339844,-10.49230670928955,-8.043718338012695,-6.455580234527588,-8.183871269226074,-9.206293106079102,-8.254323959350586,-6.347292423248291,-5.3396501541137695,-4.1949381828308105,-5.319666385650635,-6.026393890380859,-6.996334075927734,-8.188565254211426,-7.071251392364502,-5.359418869018555,-5.851600170135498
3.5682523250579834,2.501091480255127,1.1749677658081055,-0.8242738246917725,-3.0558764934539795,0.42394667863845825,1.2906523942947388,-0.1539536714553833,-1.4174410104751587,-1.233750820159912,-2.2818264961242676,-4.092832088470459,-6.298694610595703,-7.670584201812744,-8.219054222106934,-7.956021308898926,-6.734237194061279,-5.670717239379883,-5.045877456665039,-3.92924165725708,-4.702940464019775,-6.046905517578125,-6.997625827789307,-10.11166763305664,-11.144468307495117,-10.04924201965332,-8.518754005432129,-4.5393781661987305,-4.983478546142578,-8.130814552307129,-11.209403038024902,-11.253143310546875,-7.824307441711426,-5.915547847747803,-6.279134750366211,-5.782026290893555,-5.26345157623291,-5.947871208190918,-7.088446140289307,-7.257043361663818,-6.280598163604736,-5.085122108459473,-3.929309129714966
3.3546206951141357,2.417051076889038,1.3418411016464233,0.16785280406475067,-1.4127812385559082,-0.7220754027366638,-0.2750847339630127,-1.4234974384307861,-4.044905185699463,-6.25949764251709,-7.7089409828186035,-8.19080638885498,-7.665155410766602,-7.251250743865967,-6.795239448547363,-5.742424488067627,-5.152096748352051,-6.436554431915283,-7.228820323944092,-4.807531833648682,-4.936367511749268,-5.197661399841309,-5.880291938781738,-6.437607765197754,-7.26689338684082,-5.805305480957031,-7.4346089363098145,-3.611086845397949,-5.75921106338501,-8.60731029510498,-9.194622039794922,-7.849583148956299,-7.317148685455322,-7.897255897521973,-9.212672233581543,-9.955196380615234,-7.461409568786621,-4.541703701019287,-4.245077610015869,-4.692259311676025,-4.732378959655762,-4.56231164932251,-3.6074447631835938
1.9495937824249268,1.6691325902938843,2.3921430110931396,2.6574316024780273,4.716418743133545,3.279806137084961,2.251493453979492,2.5000407695770264,-2.8841164112091064,-8.415447235107422,-11.298219680786133,-10.439469337463379,-8.779930114746094,-7.420995712280273,-6.221805095672607,-5.444448471069336,-4.485793590545654,-4.487730979919434,-4.270247936248779,-2.315427541732788,-2.1855242252349854,-2.864438772201538,-3.9306554794311523,-4.468407154083252,-7.301577091217041,-6.189322471618652,-6.487974643707275,-6.894784927368164,-7.224879741668701,-5.696893692016602,-4.665624618530273,-5.484254360198975,-7.473038673400879,-7.933112144470215,-7.758023738861084,-7.963222503662109,-6.558029651641846,-4.337438106536865,-3.4138691425323486,-4.2440900802612305,-5.180430889129639,-4.697094440460205,-4.578056335449219
-0.2663235366344452,0.364960640668869,2.267887592315674,3.892951726913452,9.115045547485352,7.512696266174316,7.1071319580078125,5.024618625640869,-3.1968610286712646,-6.19031286239624,-9.442133903503418,-9.51813793182373,-9.22565746307373,-8.454826354980469,-6.082481384277344,-2.3971004486083984,0.4033474326133728,1.4960688352584839,2.998500108718872,4.391758918762207,2.6515605449676514,0.35117489099502563,-1.0748916864395142,-2.769554853439331,-7.372547626495361,-7.1778483390808105,-5.768119812011719,-7.065987586975098,-4.640599727630615,-3.0227577686309814,-3.428360939025879,-4.498104572296143,-4.9461283683776855,-3.9639153480529785,-2.8504176139831543,-3.615037441253662,-3.9815657138824463,-4.718020439147949,-5.32307243347168,-6.035026550292969,-5.542008876800537,-4.986008167266846,-4.076964855194092
-0.9989802837371826,0.684583842754364,0.801983118057251,2.448664426803589,8.945494651794434,6.1700520515441895,6.863016605377197,4.490322589874268,-0.7438291907310486,0.22901776432991028,-2.940209150314331,-6.672370910644531,-8.959399223327637,-8.228472709655762,-5.093714714050293,-0.8433157801628113,3.4906206130981445,5.493514537811279,6.311164855957031,4.078022480010986,-0.7721645832061768,-2.2741758823394775,-0.9969601035118103,-1.2004960775375366,-5.340544700622559,-5.53766393661499,-4.757411956787109,-4.559060096740723,-1.6117573976516724,-2.545142412185669,-4.651542663574219,-4.339004993438721,-3.755525827407837,-3.3207626342773438,-3.184370756149292,-3.6923224925994873,-3.990060329437256,-4.033788204193115,-3.82137131690979,-3.8678319454193115,-3.1941163539886475,-3.823232889175415,-2.8874924182891846
-1.4679049253463745,0.8621246218681335,-0.1086767390370369,0.2733857035636902,4.863286018371582,1.7868989706039429,1.2166246175765991,2.9403631687164307,2.7063393592834473,6.567183971405029,5.1450514793396,0.5051614046096802,-2.683175802230835,-2.123816967010498,-1.2523244619369507,-0.21828636527061462,2.913689374923706,5.91585111618042,2.187602996826172,-4.34187126159668,-8.538960456848145,-7.591019153594971,-4.090459823608398,-1.1062599420547485,-2.2351694107055664,-2.5562376976013184,-2.0504746437072754,-1.820563554763794,-2.203908681869507,-3.722142457962036,-3.8722951412200928,-3.4704864025115967,-3.4646525382995605,-4.303858757019043,-4.915960311889648,-4.341943740844727,-4.380331039428711,-4.942971706390381,-4.22407865524292,-3.529146671295166,-4.010807514190674,-4.058274745941162,-3.9236412048339844
-2.073329448699951,-0.48914283514022827,-0.7596492171287537,-0.9209471344947815,-0.5471640229225159,-2.8148193359375,-4.317600727081299,-3.6862268447875977,-0.5251855850219727,6.960267066955566,10.923672676086426,10.761051177978516,9.59177303314209,9.181482315063477,8.7992525100708,9.052836418151855,9.823593139648438,8.818995475769043,1.3711003065109253,-3.676347494125366,-4.271637439727783,-2.412783622741699,-1.1946913003921509,-1.9349172115325928,-1.9081333875656128,-1.7827426195144653,-0.49553558230400085,-2.108881711959839,-2.8689305782318115,-2.7478909492492676,-1.573463797569275,-1.9367879629135132,-2.596849203109741,-2.917792320251465,-3.681795358657837,-4.473966598510742,-5.114300727844238,-6.106972694396973,-6.028701305389404,-5.851598262786865,-6.137322902679443,-5.717967510223389,-5.561977863311768
-2.3072001934051514,-1.9206212759017944,-2.0239882469177246,-2.8194713592529297,-5.122132301330566,-6.577889442443848,-8.105677604675293,-9.013848304748535,-6.79311466217041,-1.6173516511917114,4.093561172485352,7.156382083892822,9.329733848571777,12.43531322479248,14.330394744873047,15.072333335876465,14.481423377990723,10.491632461547852,5.167868614196777,5.9451069831848145,9.085546493530273,9.691095352172852,5.0051188468933105,-2.6155433654785156,-3.3645801544189453,-1.7183665037155151,-1.1106486320495605,-1.7032201290130615,-1.2286758422851562,-1.0360338687896729,-0.9593188166618347,-1.6130841970443726,-3.0933196544647217,-2.809443235397339,-2.1444594860076904,-3.39581561088562,-4.910717487335205,-4.336108207702637,-4.424243450164795,-4.810015678405762,-4.997435569763184,-4.645169734954834,-4.075282096862793
-1.9476736783981323,-2.1064984798431396,-2.4592127799987793,-3.5428993701934814,-5.819243431091309,-6.526933670043945,-8.218883514404297,-9.066865921020508,-9.24738597869873,-8.426033973693848,-6.8771491050720215,-5.742092132568359,-3.4812378883361816,1.602210521697998,4.7339277267456055,5.890925407409668,7.511775016784668,6.609769821166992,5.857529163360596,10.717991828918457,13.51674747467041,12.892251968383789,8.40401840209961,2.4833133220672607,0.5380693078041077,1.935632586479187,0.7493757605552673,0.05316854640841484,-1.1493000984191895,0.4020293056964874,0.42712730169296265,-0.42422235012054443,-1.7040103673934937,-1.765975832939148,-1.5128414630889893,-1.8118788003921509,-2.6650617122650146,-2.5205681324005127,-3.369793176651001,-3.27500319480896,-3.2497482299804688,-3.394728183746338,-3.39460825920105
