data/wind_data/wind_4_5.json
{"header": {"parameterUnit": "KT", "parameterCategory": 2, "nx": 256, "ny": 198, "lo1": 44.73521041870117, "la1": -3.236724853515625, "lo2": 111.26478576660156, "la2": 43.468475341796875, "dx": 0.2609002888202667, "dy": -0.23708222806453705, "refTime": "2025-02-19 04:00:00", "forecastTime": 0, "parameterNumber": 2, "parameterNumberName": "eastward_wind"}, "data":
[rows 171 to 189 of 198, columns 132 to 175 of 256]
13.344529151916504,13.095057487487793,12.18659782409668,12.187052726745605,13.302470207214355,15.000129699707031,16.533891677856445,17.317195892333984,17.312023162841797,16.931381225585938,16.77943992614746,17.137847900390625,17.654138565063477,18.119243621826172,19.046768188476562,20.983379364013672,23.044782638549805,23.557573318481445,22.96778678894043,23.330930709838867,25.08745765686035,27.198619842529297,28.640464782714844,28.957712173461914,28.380523681640625,27.442289352416992,26.474544525146484,25.621286392211914,25.243677139282227,25.156570434570312,25.304353713989258,26.100618362426758,27.156930923461914,28.030916213989258,28.117326736450195,28.243680953979492,29.078325271606445,29.280128479003906,28.75763702392578,26.40205955505371,24.955202102661133,28.91469955444336,32.35755920410156,33.69912338256836
14.124361038208008,12.859580993652344,12.232449531555176,12.710904121398926,14.411979675292969,15.929364204406738,16.820877075195312,17.148441314697266,16.93380355834961,16.706100463867188,17.07124900817871,17.90639305114746,18.712451934814453,19.38671875,20.672134399414062,22.697275161743164,23.565719604492188,22.36690330505371,21.523611068725586,22.72184944152832,24.786848068237305,26.351364135742188,26.897356033325195,26.332958221435547,25.097763061523438,23.951040267944336,23.111743927001953,22.607267379760742,22.7421817779541,23.19651985168457,23.583641052246094,24.0312557220459,24.898683547973633,26.020545959472656,26.79425048828125,27.399351119995117,28.04819679260254,28.65180206298828,28.659828186035156,27.251907348632812,26.30208969116211,28.658323287963867,31.403234481811523,32.123779296875
13.56721019744873,12.94161319732666,12.469951629638672,13.779278755187988,15.568968772888184,16.462873458862305,16.97854995727539,17.015594482421875,16.640962600708008,16.79253578186035,17.77838134765625,19.06245231628418,20.020774841308594,20.798025131225586,22.335830688476562,23.794292449951172,23.011873245239258,20.90511131286621,20.59992027282715,22.244617462158203,24.00202178955078,24.830644607543945,24.421751022338867,22.93220329284668,21.110736846923828,19.88386344909668,19.346824645996094,19.516952514648438,20.615095138549805,22.037723541259766,23.17439842224121,23.80229377746582,24.383747100830078,25.26378631591797,26.362442016601562,27.280000686645508,27.630016326904297,28.082319259643555,28.39159393310547,27.9614200592041,27.11878776550293,27.73503875732422,29.815898895263672,31.503145217895508
12.917963027954102,12.531800270080566,13.0957670211792,14.778388977050781,15.847556114196777,16.41376304626465,16.86886215209961,16.676773071289062,16.56686019897461,17.437658309936523,18.992481231689453,20.390094757080078,21.173696517944336,22.138498306274414,23.68349266052246,23.88509178161621,21.861507415771484,19.998741149902344,20.313180923461914,21.66588020324707,22.986339569091797,23.428844451904297,22.31088638305664,20.17207145690918,18.20208168029785,17.001991271972656,16.530529022216797,16.739303588867188,17.67534065246582,19.249820709228516,20.979143142700195,22.292116165161133,23.10590362548828,23.655054092407227,24.33213233947754,25.334774017333984,26.138566970825195,26.746906280517578,27.48761749267578,28.073129653930664,28.257017135620117,28.48183250427246,29.404146194458008,30.58577537536621
11.700942039489746,12.664910316467285,14.440961837768555,15.350422859191895,15.663202285766602,16.282373428344727,16.39335060119629,16.181243896484375,16.884328842163086,18.52317237854004,20.257396697998047,21.31923484802246,22.009992599487305,23.42457389831543,24.332704544067383,22.911975860595703,20.602325439453125,19.914838790893555,20.415653228759766,20.88302993774414,22.04654312133789,22.614580154418945,20.939008712768555,18.14006233215332,16.009204864501953,14.906595230102539,14.580021858215332,14.884469985961914,15.599239349365234,16.683137893676758,18.070560455322266,19.227645874023438,19.808055877685547,20.034788131713867,20.32791519165039,21.03627586364746,22.107677459716797,23.415054321289062,24.988248825073242,26.530061721801758,27.59592056274414,28.294652938842773,28.844642639160156,29.284055709838867
12.151405334472656,14.487781524658203,15.198515892028809,15.266934394836426,15.798176765441895,15.94168472290039,15.585137367248535,16.062225341796875,17.678016662597656,19.537023544311523,20.931865692138672,21.74812126159668,22.976022720336914,24.519485473632812,23.80755615234375,21.101837158203125,19.64280891418457,20.29746437072754,20.416730880737305,19.86537742614746,21.173625946044922,22.410371780395508,20.575830459594727,17.20989418029785,14.640519142150879,13.392874717712402,13.4146728515625,14.358647346496582,15.643020629882812,16.785165786743164,17.627605438232422,18.066043853759766,18.11163330078125,18.15323829650879,18.6783447265625,19.708471298217773,20.928434371948242,22.210264205932617,23.405902862548828,24.358741760253906,25.119279861450195,25.78359603881836,26.293994903564453,26.67470932006836
13.94867992401123,14.719152450561523,14.890140533447266,15.545164108276367,15.710880279541016,15.080349922180176,15.156318664550781,16.631223678588867,18.43250846862793,19.9151554107666,21.09699249267578,22.43511962890625,24.29915428161621,24.629215240478516,21.859159469604492,18.983556747436523,19.078794479370117,20.40459442138672,19.901203155517578,18.752635955810547,20.22459602355957,22.490089416503906,21.525293350219727,17.876386642456055,14.755911827087402,13.210078239440918,13.506092071533203,15.276220321655273,17.352922439575195,18.651397705078125,18.967342376708984,18.70008659362793,18.40577507019043,18.65271759033203,19.49785041809082,20.43763542175293,21.115175247192383,21.646114349365234,22.133995056152344,22.637218475341797,23.203781127929688,23.820404052734375,24.37248992919922,24.794620513916016
14.30456829071045,14.176630973815918,14.704070091247559,15.059759140014648,14.479425430297852,14.263070106506348,15.533090591430664,17.17938804626465,18.474546432495117,19.90367889404297,21.630443572998047,23.635210037231445,24.732311248779297,22.688901901245117,18.808006286621094,17.310733795166016,18.584501266479492,19.652666091918945,19.187814712524414,18.116764068603516,19.247087478637695,22.196514129638672,23.113601684570312,20.307443618774414,16.704113006591797,14.90230655670166,15.00089168548584,16.43575668334961,18.372392654418945,19.637897491455078,19.644746780395508,19.02308464050293,18.777685165405273,19.340925216674805,20.313703536987305,20.978496551513672,20.993078231811523,20.822967529296875,20.967323303222656,21.427427291870117,21.983322143554688,22.523109436035156,23.010772705078125,23.496326446533203
13.956207275390625,13.76192855834961,13.643974304199219,13.062643051147461,12.96725082397461,14.225640296936035,15.904781341552734,16.931673049926758,18.146684646606445,20.085195541381836,22.210996627807617,23.631677627563477,22.5905818939209,18.750288009643555,15.898852348327637,16.58635902404785,17.903528213500977,18.732633590698242,19.374492645263672,18.84897232055664,18.72048568725586,21.17243194580078,23.610084533691406,23.15511131286621,20.287355422973633,17.98361587524414,17.46370506286621,17.95956802368164,18.790842056274414,19.580076217651367,19.755996704101562,19.495119094848633,19.551450729370117,20.064430236816406,20.646257400512695,20.932558059692383,20.829113006591797,20.665449142456055,20.766206741333008,21.042463302612305,21.323034286499023,21.57822036743164,21.859281539916992,22.348352432250977
12.945759773254395,11.955672264099121,11.03892707824707,11.308443069458008,12.746575355529785,14.512725830078125,15.54065227508545,16.19654083251953,17.41260528564453,19.2095890045166,20.811370849609375,20.823314666748047,18.051687240600586,14.647544860839844,14.892144203186035,16.680309295654297,17.683780670166016,18.976825714111328,20.508014678955078,20.355613708496094,19.18623924255371,20.134716033935547,22.811113357543945,24.402185440063477,23.7061824798584,21.864219665527344,20.93259048461914,20.924457550048828,20.65340232849121,20.239744186401367,20.18064308166504,20.40006446838379,20.679054260253906,20.830900192260742,20.84780502319336,20.818449020385742,20.809711456298828,20.885009765625,21.051027297973633,21.192230224609375,21.24457359313965,21.221460342407227,21.203222274780273,21.47080421447754
10.440596580505371,9.436931610107422,10.236684799194336,11.705745697021484,13.063996315002441,14.14148235321045,14.761224746704102,14.786555290222168,15.018678665161133,16.188047409057617,17.335102081298828,16.401052474975586,13.61434268951416,13.470210075378418,15.890058517456055,17.671981811523438,19.004261016845703,20.61783218383789,21.560274124145508,21.115198135375977,19.951496124267578,19.934982299804688,21.866342544555664,24.09164810180664,25.13411521911621,25.171058654785156,25.10236930847168,24.622900009155273,23.11311912536621,21.442935943603516,20.81987762451172,21.1416015625,21.54676628112793,21.651580810546875,21.445003509521484,21.095922470092773,20.884553909301758,20.92096710205078,21.178499221801758,21.536897659301758,21.808320999145508,21.83416175842285,21.492755889892578,21.10135269165039
8.082335472106934,9.83493709564209,11.713828086853027,12.335862159729004,12.733001708984375,13.534828186035156,13.572098731994629,12.365947723388672,11.825355529785156,12.905096054077148,14.008452415466309,13.131020545959473,13.026985168457031,15.627490997314453,18.363964080810547,20.12601089477539,21.447023391723633,22.365102767944336,22.24021339416504,21.288921356201172,20.488136291503906,20.456222534179688,21.52495574951172,23.358083724975586,25.292997360229492,26.85891342163086,27.475502014160156,26.50729751586914,24.38333511352539,22.515037536621094,21.795122146606445,22.00133514404297,22.472740173339844,22.701313018798828,22.298948287963867,21.518346786499023,21.018653869628906,21.02984619140625,21.401416778564453,22.02376937866211,22.647871017456055,22.961545944213867,22.61826515197754,21.630632400512695
10.549901962280273,12.529884338378906,12.898191452026367,12.30203914642334,12.554089546203613,12.774436950683594,11.875818252563477,10.604514122009277,10.26296329498291,11.15108585357666,12.326742172241211,13.49307918548584,15.997176170349121,19.23712730407715,21.73406410217285,23.01360511779785,23.43302345275879,23.362382888793945,22.8547306060791,21.956974029541016,21.188575744628906,21.08909797668457,21.677764892578125,22.832252502441406,24.4724063873291,26.115934371948242,26.810182571411133,26.104114532470703,24.722389221191406,23.606874465942383,23.104585647583008,23.09647560119629,23.292781829833984,23.255664825439453,22.71464729309082,22.082237243652344,21.878320693969727,22.06319808959961,22.354297637939453,22.833730697631836,23.501340866088867,24.0744686126709,24.01889419555664,22.9057559967041
14.229034423828125,14.065485000610352,12.935201644897461,12.525138854980469,12.372286796569824,11.39268970489502,10.603175163269043,10.639700889587402,10.67871379852295,10.956670761108398,12.736912727355957,15.802151679992676,19.284963607788086,22.210142135620117,23.743974685668945,24.139257431030273,24.170289993286133,23.989471435546875,23.533042907714844,22.963693618774414,22.38654136657715,21.970401763916016,22.033573150634766,22.764217376708984,23.966981887817383,25.18907928466797,25.87357521057129,25.94217300415039,25.62601661682129,25.006528854370117,24.294370651245117,23.75487518310547,23.466337203979492,23.287952423095703,23.193077087402344,23.343589782714844,23.56273078918457,23.604591369628906,23.62886619567871,24.037841796875,24.670923233032227,24.965538024902344,24.772445678710938,23.91611099243164
14.121508598327637,13.21611499786377,12.715078353881836,12.871504783630371,11.91360092163086,10.593904495239258,10.502753257751465,11.169739723205566,11.392940521240234,12.0696382522583,14.194866180419922,17.356157302856445,20.3702392578125,22.283184051513672,23.168676376342773,23.836015701293945,24.483482360839844,24.647605895996094,24.311487197875977,23.979488372802734,23.778697967529297,23.378620147705078,23.000289916992188,23.299182891845703,24.20964241027832,25.140310287475586,25.764286041259766,26.172683715820312,26.083675384521484,25.240198135375977,24.2508487701416,23.839754104614258,23.977903366088867,24.37215232849121,24.673095703125,24.76207160949707,24.645740509033203,24.431758880615234,24.43748664855957,25.108095169067383,25.81960678100586,25.388900756835938,24.749862670898438,24.413043975830078
13.820554733276367,13.003758430480957,13.72858715057373,13.703447341918945,12.777191162109375,11.507139205932617,10.961886405944824,11.153471946716309,12.182567596435547,14.215792655944824,16.45853614807129,18.30038070678711,19.63068199157715,20.76263999938965,22.189842224121094,23.830350875854492,24.918474197387695,25.150264739990234,25.01901626586914,25.03893280029297,25.174644470214844,25.073348999023438,24.775156021118164,24.78635597229004,25.190792083740234,25.460115432739258,25.410518646240234,25.299421310424805,24.93722152709961,24.36956787109375,24.13298797607422,24.493026733398438,25.074085235595703,25.44462776184082,25.239778518676758,24.748952865600586,24.59810447692871,24.742412567138672,25.199560165405273,25.959169387817383,26.337970733642578,25.91703987121582,25.402868270874023,25.202993392944336
15.54614543914795,15.212265968322754,16.46094512939453,15.599806785583496,15.943655014038086,13.512660026550293,11.42080307006836,11.506649017333984,13.546555519104004,16.249004364013672,17.739089965820312,18.088741302490234,18.74300193786621,20.37167739868164,22.515108108520508,24.33957290649414,25.235408782958984,25.485918045043945,25.724929809570312,26.213735580444336,26.743070602416992,27.01314926147461,26.98451042175293,26.92108917236328,26.90323829650879,26.291170120239258,25.25908851623535,24.69101333618164,24.789234161376953,25.23223304748535,25.593931198120117,25.684770584106445,25.393583297729492,24.860607147216797,24.030025482177734,23.33388328552246,23.944374084472656,25.230390548706055,26.210006713867188,26.811412811279297,27.162126541137695,27.055448532104492,26.391071319580078,25.82716941833496
17.75722312927246,18.584209442138672,19.234783172607422,17.673473358154297,19.224971771240234,15.137866020202637,13.145874977111816,14.502273559570312,15.824387550354004,17.030752182006836,17.216445922851562,17.51504898071289,19.17921257019043,21.52247428894043,23.450136184692383,24.590776443481445,25.14373016357422,25.698545455932617,26.593435287475586,27.642871856689453,28.542753219604492,29.015743255615234,29.056427001953125,29.063241958618164,28.872339248657227,27.7323055267334,26.54557991027832,26.45990753173828,26.999475479125977,27.19804573059082,26.746803283691406,25.85293197631836,24.934249877929688,24.23192024230957,23.725996017456055,24.012313842773438,25.133867263793945,26.220853805541992,27.056015014648438,27.711776733398438,27.889358520507812,27.30862045288086,26.3649845123291,25.72226333618164
19.20101547241211,20.40147590637207,21.09342384338379,21.70277214050293,18.44736099243164,15.318522453308105,16.187902450561523,18.250608444213867,18.432430267333984,18.320554733276367,18.135282516479492,18.82714080810547,21.028701782226562,23.01289176940918,24.02935791015625,24.506790161132812,25.01352310180664,25.675308227539062,27.17462921142578,28.992624282836914,30.240726470947266,30.919994354248047,31.373699188232422,31.5457763671875,30.813037872314453,29.422698974609375,28.77825164794922,28.80497932434082,28.321653366088867,27.301326751708984,26.26728057861328,25.603803634643555,25.43446159362793,25.691267013549805,26.083019256591797,26.49962043762207,26.758745193481445,26.503589630126953,26.241899490356445,26.492721557617188,26.68004035949707,26.321880340576172,25.68923568725586,25.197242736816406
