data/wind_data/wind_47_7.json
{"header": {"parameterUnit": "KT", "parameterCategory": 2, "nx": 256, "ny": 198, "lo1": 44.73521041870117, "la1": -3.236724853515625, "lo2": 111.26478576660156, "la2": 43.468475341796875, "dx": 0.2609002888202667, "dy": -0.23708222806453705, "refTime": "2025-02-20 23:00:00", "forecastTime": 0, "parameterNumber": 2, "parameterNumberName": "eastward_wind"}, "data":
[rows 140 to 159 of 198, columns 0 to 43 of 256]
100.68389892578125,99.56332397460938,98.71180725097656,97.67362976074219,97.15369415283203,97.1167221069336,96.48372650146484,95.38858795166016,94.48605346679688,93.98493194580078,93.74177551269531,93.56551361083984,93.53592681884766,93.92009735107422,94.51919555664062,94.88760375976562,94.59181213378906,93.34051513671875,91.82337951660156,91.04717254638672,90.47565460205078,89.17816162109375,87.70561981201172,86.37054443359375,84.94418334960938,84.51675415039062,85.77030181884766,87.90350341796875,90.3064193725586,91.7491455078125,90.41119384765625,87.02873992919922,84.87422180175781,84.55253601074219,84.69818115234375,86.85150909423828,90.26141357421875,89.82156372070312,87.0753173828125,87.2942123413086,89.15919494628906,88.71868133544922,86.5115966796875,86.24012756347656
98.7396240234375,97.66680908203125,96.90922546386719,96.0589828491211,95.62373352050781,95.52654266357422,94.74408721923828,93.65643310546875,92.9400634765625,92.53636169433594,92.3322982788086,92.37992858886719,92.67015838623047,93.20648956298828,93.77262878417969,93.84490203857422,93.1841049194336,91.90168762207031,90.5322494506836,89.5465316772461,88.36477661132812,86.44729614257812,84.9568099975586,84.68392944335938,84.68359375,85.13115692138672,86.58163452148438,88.15253448486328,89.13644409179688,88.6920166015625,86.62525939941406,84.92715454101562,84.58364868164062,84.55144500732422,85.90296936035156,88.20791625976562,87.37857818603516,84.70999908447266,84.91744995117188,87.38683319091797,88.20719146728516,86.53082275390625,85.0172119140625,86.38037109375
97.11245727539062,96.08939361572266,95.45503997802734,94.58283996582031,94.00720977783203,93.96990203857422,93.30235290527344,92.17264556884766,91.33010864257812,90.9339828491211,90.89849090576172,91.05159759521484,91.61189270019531,92.63373565673828,93.42818450927734,93.08658599853516,91.818603515625,90.32929229736328,89.09283447265625,87.86373138427734,85.76271057128906,83.27896118164062,82.70695495605469,84.0921859741211,85.02838897705078,85.52460479736328,86.18665313720703,86.38480377197266,86.14974212646484,85.62398529052734,84.8299560546875,84.27184295654297,84.02855682373047,84.65666198730469,86.27986145019531,85.94731903076172,83.46525573730469,82.97702026367188,85.02656555175781,86.61139678955078,86.15340423583984,84.57166290283203,83.93574523925781,85.20268249511719
95.70634460449219,94.9095458984375,94.34599304199219,93.17394256591797,92.39435577392578,92.48988342285156,92.0125732421875,90.93646240234375,89.95789337158203,89.48544311523438,89.41666412353516,89.73762512207031,90.65381622314453,92.17814636230469,93.05461120605469,92.0702133178711,90.46585845947266,89.07164001464844,87.65469360351562,85.73958587646484,82.99594116210938,81.03565979003906,82.04420471191406,84.1749038696289,84.71202087402344,84.6080322265625,84.61408996582031,84.19563293457031,83.7658462524414,83.72359466552734,83.45464324951172,83.04801940917969,83.34259796142578,84.27159881591797,84.27802276611328,82.66768646240234,81.65091705322266,82.71968078613281,84.52593231201172,85.15679931640625,84.09122467041016,82.7674331665039,82.47784423828125,82.96981811523438
94.33734130859375,93.68598937988281,93.18472290039062,91.80564880371094,90.77845764160156,90.84590911865234,90.67083740234375,89.80522155761719,88.75592803955078,88.1456069946289,88.03338623046875,88.72361755371094,90.21025848388672,91.60831451416016,91.94120025634766,90.73460388183594,89.15421295166016,87.8599853515625,86.0692367553711,83.4587173461914,80.87164306640625,80.45549011230469,82.47248077392578,83.62681579589844,83.21739959716797,83.36759948730469,83.59255981445312,82.69316101074219,81.77654266357422,81.68446350097656,81.84091186523438,82.23062896728516,82.85639190673828,82.59383392333984,81.27495574951172,80.38069915771484,80.73151397705078,81.94343566894531,83.39546966552734,83.98387145996094,82.89368438720703,81.25161743164062,80.42294311523438,80.58138275146484
92.86289978027344,92.11569213867188,91.69245147705078,90.33445739746094,89.05038452148438,88.90370178222656,88.93501281738281,88.2762222290039,87.3921890258789,86.8560562133789,87.2364501953125,88.37725067138672,89.75758361816406,90.53042602539062,90.3461685180664,89.36412811279297,88.10333251953125,86.58219146728516,84.27339172363281,81.4723892211914,79.80305480957031,80.739501953125,82.45669555664062,82.32019805908203,81.9810791015625,82.75750732421875,82.26839447021484,80.32868957519531,79.58257293701172,80.62998962402344,81.86322784423828,82.32244873046875,81.2867202758789,79.2261734008789,78.29878234863281,78.91755676269531,80.0380859375,81.12869262695312,82.22040557861328,82.67752075195312,81.60798645019531,79.70365905761719,78.51890563964844,78.77146911621094
91.84912109375,90.88917541503906,90.34200286865234,88.94834899902344,87.43833923339844,86.98251342773438,86.88172912597656,86.45187377929688,86.03673553466797,86.17283630371094,86.88032531738281,87.71745300292969,88.62257385253906,89.16598510742188,88.83856201171875,88.1380386352539,87.03997039794922,85.08661651611328,82.50525665283203,80.30091094970703,79.65513610839844,80.7298812866211,81.55638122558594,81.0953140258789,81.0690689086914,81.2152099609375,79.68726348876953,78.10337829589844,79.02896118164062,81.18473815917969,81.6593017578125,80.17868041992188,78.12738800048828,76.87525939941406,76.88457489013672,77.76878356933594,79.16638946533203,80.381591796875,80.95906829833984,80.90571594238281,79.90612030029297,78.2325210571289,77.03624725341797,77.19558715820312
91.73157501220703,90.35355377197266,89.41555786132812,87.80363464355469,86.09947204589844,85.3562240600586,84.9553451538086,84.63736724853516,84.90863037109375,85.84930419921875,86.40740203857422,86.44780731201172,86.95429229736328,87.63826751708984,87.60049438476562,86.87508392333984,85.45166778564453,83.67431640625,81.75810241699219,79.9179916381836,79.1176528930664,79.93795776367188,80.49629974365234,79.90083312988281,79.51588439941406,78.71687316894531,77.17808532714844,77.72331237792969,80.37825775146484,80.54623413085938,78.00743103027344,76.46407318115234,76.07483673095703,75.98343658447266,76.05850982666016,77.01049041748047,78.46113586425781,79.19652557373047,79.1771011352539,78.93232727050781,78.22328186035156,76.85584259033203,75.64360046386719,75.3476333618164
92.01885223388672,90.21492767333984,88.87540435791016,86.98265838623047,84.9603042602539,83.9244384765625,83.31163787841797,83.13404846191406,84.05451202392578,85.2238540649414,85.32413482666016,85.07579803466797,85.62578582763672,86.39142608642578,86.25740814208984,85.13874053955078,83.73632049560547,82.72828674316406,81.36824035644531,79.27782440185547,78.0203857421875,78.7198257446289,79.41059875488281,78.90682220458984,77.8001708984375,76.5976333618164,76.82492065429688,78.39940643310547,78.35247802734375,76.29779052734375,74.71705627441406,74.84886932373047,75.35885620117188,75.57440948486328,75.64173889160156,76.37245178222656,77.26883697509766,77.35895538330078,77.06330871582031,77.072021484375,76.62470245361328,75.25489807128906,74.01400756835938,73.47940063476562
92.34132385253906,90.24995422363281,88.74070739746094,86.75159454345703,84.22480010986328,82.79004669189453,82.16027069091797,82.23146057128906,83.2731704711914,84.33614349365234,84.36502838134766,84.13448333740234,84.54811096191406,84.93860626220703,84.51932525634766,83.7258071899414,82.794189453125,81.2905044555664,79.6534652709961,78.48566436767578,78.11498260498047,78.00364685058594,77.52328491210938,76.8455581665039,76.09455108642578,76.02920532226562,77.33626556396484,77.38072967529297,75.09758758544922,73.24732971191406,73.0499496459961,73.7060546875,74.62297058105469,75.17606353759766,75.16898345947266,75.29621124267578,75.45515441894531,75.20238494873047,74.88067626953125,74.9875259399414,74.98584747314453,73.77978515625,72.042724609375,71.56713104248047
92.7139892578125,90.40375518798828,88.90408325195312,87.0685043334961,84.1297836303711,82.29414367675781,81.68826293945312,81.9744644165039,82.95919036865234,83.84904479980469,83.97360229492188,83.7413101196289,83.57953643798828,83.3597640991211,83.26142120361328,83.06669616699219,81.46401977539062,78.9862289428711,78.05925750732422,78.43021392822266,78.36287689208984,77.10216522216797,75.98672485351562,75.1040267944336,74.97016143798828,75.74581909179688,76.05440521240234,74.71731567382812,73.26888275146484,72.72418212890625,72.47897338867188,72.59133911132812,73.43836975097656,74.11363983154297,74.07867431640625,73.77056121826172,73.41683197021484,73.01116180419922,72.45635986328125,72.85740661621094,73.30989074707031,71.98341369628906,70.11759948730469,70.3113021850586
92.50436401367188,90.18672180175781,88.77314758300781,87.11920928955078,84.03382110595703,81.87319946289062,81.24906158447266,81.99003601074219,83.22359466552734,83.75920104980469,83.62007904052734,83.4205551147461,83.14192199707031,82.86237335205078,82.81693267822266,81.99862670898438,79.83198547363281,78.02465057373047,78.13705444335938,78.46015930175781,77.73165130615234,76.0865478515625,74.70407104492188,74.03801727294922,74.79979705810547,75.02183532714844,73.8049087524414,72.50838470458984,72.37700653076172,72.43118286132812,72.1463851928711,72.01319885253906,72.36530303955078,72.62456512451172,72.35216522216797,71.83668518066406,71.35316467285156,70.88197326660156,70.44745635986328,70.73974609375,71.10308074951172,70.14379119873047,69.40678405761719,70.06234741210938
91.76689910888672,89.70165252685547,88.41446685791016,86.8042221069336,83.61491394042969,81.22193908691406,80.69268798828125,81.98274993896484,83.3270263671875,83.35235595703125,83.03709411621094,83.14013671875,83.19817352294922,83.17337036132812,82.56216430664062,80.83087921142578,79.10929870605469,78.48609924316406,78.47966766357422,78.05028533935547,77.09950256347656,75.7405776977539,74.65875244140625,73.75299072265625,73.44078826904297,73.45103454589844,72.93057250976562,71.88214111328125,71.25399017333984,71.23346710205078,71.43140411376953,71.7260513305664,71.8002700805664,71.31532287597656,70.46572875976562,69.84243774414062,69.54719543457031,69.16583251953125,68.8016357421875,68.79712677001953,68.9870834350586,68.94868469238281,69.24140930175781,69.55464172363281
90.4337158203125,88.65930938720703,87.46694946289062,85.81727600097656,82.65435028076172,80.33975219726562,80.09661865234375,81.55023956298828,82.6178207397461,82.54386138916016,82.5815200805664,83.0549087524414,83.25712585449219,83.080810546875,82.16251373291016,80.64124298095703,79.53791809082031,78.85320281982422,78.24319458007812,77.67781829833984,77.0252914428711,76.34864044189453,75.0145492553711,72.84529876708984,71.56925964355469,72.21930694580078,72.53887176513672,71.47509765625,70.19544219970703,69.81279754638672,70.38469696044922,71.19842529296875,71.29168701171875,70.3750228881836,69.04264831542969,68.27450561523438,68.12694549560547,67.85367584228516,67.43220520019531,67.2837142944336,67.50260925292969,67.94669342041016,68.50174713134766,68.51419830322266
88.39737701416016,86.87744903564453,85.64482879638672,83.8304443359375,80.90679931640625,79.0839614868164,79.03897094726562,80.19113159179688,81.20841217041016,81.69683074951172,82.27216339111328,82.7997055053711,82.90747833251953,82.66654968261719,81.91268157958984,81.01978302001953,80.17060089111328,79.05120849609375,77.95549011230469,77.3823471069336,77.02484893798828,76.44392395019531,74.70036315917969,72.15748596191406,70.83612060546875,71.34391784667969,71.81504821777344,70.94869995117188,69.4276123046875,68.74030303955078,69.31239318847656,70.29879760742188,70.56633758544922,69.74544525146484,68.36117553710938,67.39737701416016,67.07814025878906,66.76133728027344,66.34751892089844,66.17741394042969,66.28961181640625,66.64722442626953,67.14678955078125,67.27103424072266
85.88111877441406,84.31185913085938,83.02664947509766,81.00515747070312,78.4195785522461,77.1854476928711,77.07090759277344,77.85646057128906,79.17755126953125,80.29850006103516,81.10436248779297,81.80072784423828,82.34471130371094,82.40748596191406,81.95573425292969,81.27891540527344,80.49825286865234,79.35325622558594,78.02008819580078,76.96908569335938,76.35230255126953,75.77235412597656,74.31584167480469,72.05667114257812,70.61591339111328,70.8467025756836,71.30335235595703,70.36576080322266,68.7043685913086,67.97518157958984,68.49386596679688,69.39091491699219,69.79637145996094,69.27192687988281,68.0800552368164,66.94681549072266,66.225341796875,65.87316131591797,65.6974868774414,65.4332046508789,65.08269500732422,65.10723876953125,65.60599517822266,65.99275970458984
82.9296875,81.6481704711914,80.30638122558594,78.06105041503906,75.72761535644531,74.76719665527344,74.51951599121094,75.1783447265625,76.48756408691406,77.64445495605469,78.79016876220703,80.27662658691406,81.59141540527344,82.00328063964844,81.57891082763672,80.9908447265625,80.4186019897461,79.43756103515625,77.89181518554688,76.4476089477539,75.7705078125,75.2219009399414,73.96089172363281,72.064697265625,70.77052307128906,70.82168579101562,70.78221893310547,69.41883087158203,67.80329895019531,67.28165435791016,67.76996612548828,68.5882568359375,69.12139129638672,68.87454986572266,67.77406311035156,66.56275177001953,65.95439147949219,65.82728576660156,65.51299285888672,64.6724624633789,63.78743362426758,63.573150634765625,64.09581756591797,64.79459381103516
79.68525695800781,78.4488754272461,77.12377166748047,74.92037963867188,72.61799621582031,71.78364562988281,71.80656433105469,72.4239730834961,73.39292907714844,74.72457122802734,76.67877197265625,78.78872680664062,80.2805404663086,80.77307891845703,80.4129638671875,79.89835357666016,79.53572845458984,78.8515396118164,77.46764373779297,76.24249267578125,75.5199203491211,74.684326171875,73.53695678710938,72.152099609375,70.98636627197266,70.40794372558594,69.67986297607422,68.15702819824219,66.66340637207031,66.20880126953125,66.88277435302734,67.94801330566406,68.6371841430664,68.39479064941406,67.33037567138672,66.4258804321289,66.39066314697266,66.45274353027344,65.54584503173828,63.8209342956543,62.38307571411133,62.033363342285156,62.80320358276367,64.05730438232422
76.93035125732422,75.17096710205078,73.79019927978516,71.63510131835938,69.144775390625,68.54612731933594,68.98773956298828,69.65055847167969,70.89656066894531,73.02232360839844,75.2508316040039,76.90697479248047,78.09180450439453,78.62165069580078,78.38590240478516,78.08222961425781,78.07403564453125,77.71939086914062,76.8213882446289,75.92784118652344,74.99951171875,73.89979553222656,72.95026397705078,71.88286590576172,70.49595642089844,69.2437973022461,68.21476745605469,66.83517456054688,65.45397186279297,65.20550537109375,66.19197082519531,67.5027084350586,68.16717529296875,67.6983642578125,66.70481872558594,66.36267852783203,66.7202377319336,66.44245910644531,64.95453643798828,62.94661331176758,61.45513153076172,61.26374053955078,62.411224365234375,64.11199188232422
74.6088638305664,72.01927947998047,70.59432220458984,68.33842468261719,65.91200256347656,65.53968811035156,66.51095581054688,68.07356262207031,70.121337890625,72.13068389892578,73.45501708984375,74.44047546386719,75.45801544189453,76.03813934326172,76.05022430419922,76.14476013183594,76.34183502197266,76.1426010131836,75.60972595214844,74.9431381225586,73.93327331542969,72.72148895263672,71.8009033203125,70.791748046875,69.2713394165039,67.98021697998047,67.1930160522461,66.03482818603516,65.00119018554688,65.31620788574219,66.25216674804688,66.8062973022461,66.50792694091797,65.72418212890625,65.3281478881836,65.93819427490234,66.40235900878906,65.59532928466797,63.89769744873047,62.37306594848633,61.6298942565918,61.87947463989258,62.968406677246094,64.3706283569336
