data/wind_data/wind_18_1.json
{"header": {"parameterUnit": "KT", "parameterCategory": 2, "nx": 256, "ny": 198, "lo1": 44.73521041870117, "la1": -3.236724853515625, "lo2": 111.26478576660156, "la2": 43.468475341796875, "dx": 0.2609002888202667, "dy": -0.23708222806453705, "refTime": "2025-02-19 18:00:00", "forecastTime": 0, "parameterNumber": 2, "parameterNumberName": "eastward_wind"}, "data":
[rows 152 to 170 of 198, columns 43 to 85 of 256]
-5.082367420196533,-5.172940731048584,-4.472423553466797,-4.5846266746521,-4.400102138519287,-1.2868404388427734,-1.686051368713379,-9.22670841217041,-8.930761337280273,-5.297255992889404,-1.2098454236984253,2.1759543418884277,3.4147655963897705,0.2587876319885254,-5.281849384307861,-4.968143939971924,-5.111935138702393,-10.029111862182617,-9.288352966308594,-8.410178184509277,-6.632014274597168,-5.553811073303223,-5.329935550689697,-4.255405902862549,-4.474074840545654,-8.46324634552002,-12.589213371276855,-10.158761978149414,-5.129846572875977,-2.958812952041626,-1.4767491817474365,-3.7772953510284424,-3.8189868927001953,-5.207666873931885,-4.662312984466553,-0.9045631885528564,-0.4103269875049591,4.013474464416504,4.1368408203125,2.906477212905884,0.2367219626903534,-3.890916347503662,0.4674908220767975
-4.259553909301758,-3.2358462810516357,-2.6547014713287354,-6.766759872436523,-8.264373779296875,-3.036377191543579,2.0466647148132324,-6.240987777709961,-6.203344821929932,-2.253859519958496,1.81935453414917,3.867832660675049,3.178426504135132,0.11445818841457367,-6.929964065551758,-7.071389198303223,-10.739351272583008,-11.037191390991211,-5.997003078460693,-3.983931541442871,-4.434805393218994,-4.02032470703125,-6.568985939025879,-8.203372955322266,-7.529387950897217,-7.595179080963135,-9.045223236083984,-9.264494895935059,-5.42348575592041,-3.2114200592041016,-1.0515553951263428,-3.534252166748047,0.7757789492607117,-2.4088807106018066,-1.1385374069213867,-1.0659559965133667,-0.17148782312870026,4.21348762512207,-1.6264277696609497,-3.5714282989501953,-1.4817537069320679,-2.044530153274536,-0.9158081412315369
-3.4831085205078125,-2.8004558086395264,-3.501819133758545,-8.145354270935059,-7.83295202255249,-1.828636646270752,3.4974217414855957,0.37449514865875244,-3.440188407897949,-0.24786436557769775,2.310758113861084,2.089513063430786,-1.5134904384613037,-5.456531047821045,-9.530266761779785,-10.248578071594238,-11.26583480834961,-7.29754114151001,-1.9287292957305908,-0.039945490658283234,-3.0544357299804688,-7.1272077560424805,-9.281572341918945,-8.368836402893066,-7.217418670654297,-8.088075637817383,-8.990747451782227,-7.184138298034668,-3.971475124359131,-1.6862993240356445,1.3680170774459839,-2.3256304264068604,0.06150989979505539,-4.3971662521362305,-0.3165619373321533,0.6248078942298889,1.1700689792633057,-0.35257047414779663,-6.876162052154541,-4.430779933929443,0.4780959188938141,-0.3223123848438263,-1.909841775894165
-2.2421936988830566,-2.709045886993408,-4.813107013702393,-8.54623794555664,-6.62147331237793,-1.2808820009231567,1.7742066383361816,5.587838172912598,0.579237699508667,-1.6902052164077759,-2.6864540576934814,-4.990744590759277,-6.665827751159668,-7.566331386566162,-10.78964614868164,-11.215325355529785,-8.562606811523438,-2.6652579307556152,1.1258350610733032,1.240083932876587,-3.6769261360168457,-8.055146217346191,-6.736711502075195,-5.412609100341797,-5.426490783691406,-6.886666774749756,-7.436206340789795,-4.317384243011475,-0.010407608933746815,-2.1044445037841797,-1.962344765663147,-2.4435086250305176,-4.727560043334961,-5.133633613586426,-2.8608648777008057,1.4669439792633057,2.4032461643218994,-4.6468400955200195,-5.290829181671143,0.12027444690465927,2.3829030990600586,-1.6056203842163086,-1.6340047121047974
-1.5462251901626587,-4.101767063140869,-8.647175788879395,-9.077457427978516,-4.023767471313477,0.5383127331733704,2.510279893875122,0.9681875705718994,-1.8329393863677979,-3.8530614376068115,-3.6202125549316406,-2.771280288696289,-2.106998920440674,-4.687321186065674,-9.085245132446289,-7.98335075378418,-4.007926940917969,-0.40623244643211365,2.613476037979126,-1.2516406774520874,-3.832937479019165,-4.251156806945801,-1.9898573160171509,-0.8940033316612244,-1.4286144971847534,-2.9504265785217285,-3.8416082859039307,-0.40207549929618835,1.6521133184432983,2.273369073867798,-4.845457077026367,-4.666234493255615,-5.440299987792969,-3.410628318786621,-2.5058209896087646,1.3287436962127686,0.22621369361877441,-1.073725938796997,1.1003369092941284,4.83651876449585,1.211259365081787,-2.9889943599700928,-0.9530481100082397
-1.3296267986297607,-6.857187747955322,-9.970122337341309,-6.153402328491211,-1.1617037057876587,1.7030471563339233,2.509946584701538,1.6064913272857666,0.9154494404792786,-1.0825387239456177,-0.7998190522193909,0.546535849571228,1.866503357887268,-0.8347650766372681,-3.6518795490264893,-1.313745379447937,0.2771068215370178,1.3516052961349487,-0.35331955552101135,-4.440522193908691,-2.27523136138916,-1.9065836668014526,-0.8690721392631531,0.4736860394477844,0.33062678575515747,1.256361961364746,-0.5596309900283813,-0.2200450748205185,0.34965673089027405,-1.930377721786499,-6.432164192199707,-5.986566066741943,-4.034848690032959,-2.1368746757507324,-0.5857799053192139,0.306978315114975,2.2589893341064453,4.455989837646484,5.662648677825928,4.123782634735107,-0.3912562429904938,-1.9451168775558472,-0.6892423033714294
3.8758161067962646,-3.7722039222717285,-8.830133438110352,-3.3848931789398193,0.671876072883606,0.9179400205612183,2.029208183288574,3.296532392501831,2.238027811050415,-0.7184722423553467,0.2807855010032654,3.07340407371521,4.198282241821289,2.7139925956726074,3.1249475479125977,4.635166645050049,2.9227945804595947,0.7785646915435791,-1.7895759344100952,-1.9551154375076294,-0.32837381958961487,-2.366792917251587,-3.127286911010742,-1.8333685398101807,-1.057183027267456,2.421405792236328,2.334214448928833,-0.7516267895698547,-4.439377784729004,-2.9950685501098633,-5.375926971435547,-5.552189826965332,-4.431004524230957,-1.8732620477676392,0.32822853326797485,1.3657276630401611,3.7316343784332275,6.882941246032715,5.349637985229492,1.0796034336090088,1.1461858749389648,0.8126813769340515,0.6343095898628235
5.868200778961182,4.9116315841674805,-3.6026506423950195,-0.4942411184310913,0.028167499229311943,-1.4960191249847412,-0.5360376238822937,0.9577330946922302,2.580564022064209,0.3930140733718872,0.1235627681016922,2.488477945327759,1.2570281028747559,-0.3213948905467987,5.157323837280273,7.257132053375244,4.006242275238037,0.9281200170516968,-1.2179862260818481,-0.5203202366828918,0.04897613823413849,-3.728665590286255,-4.41000509262085,-3.6617136001586914,-2.7366795539855957,-0.09792790561914444,1.3733887672424316,-0.023984873667359352,-5.102357387542725,-3.135512113571167,-5.193418502807617,-4.962602615356445,-3.7547004222869873,-0.9393500685691833,-0.947383463382721,1.1755563020706177,2.783291816711426,5.730086326599121,4.413459777832031,0.5751815438270569,1.3922324180603027,4.253161430358887,3.0659890174865723
7.252409934997559,8.170446395874023,2.2299628257751465,-1.8430687189102173,-3.4758949279785156,-3.5933971405029297,-3.896638870239258,-1.5316145420074463,0.3038279712200165,-1.1434990167617798,-1.276925802230835,-3.7521371841430664,-4.772751331329346,2.451503038406372,7.820728778839111,8.221735954284668,4.230230808258057,1.5127583742141724,-0.5903722643852234,-0.22699560225009918,-0.12558510899543762,-4.080405235290527,-4.623007297515869,-4.253316402435303,-3.5627148151397705,-1.8273433446884155,-4.622669219970703,-5.280671119689941,-5.486502647399902,-3.8086626529693604,-4.7335205078125,-2.4995884895324707,0.5313246846199036,0.9260867834091187,-0.46370965242385864,0.16374742984771729,-0.01442206371575594,1.5229592323303223,5.609167575836182,4.947987079620361,4.663809776306152,6.575080394744873,4.813417434692383
6.370776176452637,6.901581287384033,1.8592109680175781,-7.762725830078125,-6.650720596313477,-3.8903894424438477,-2.752272129058838,-3.2880003452301025,-6.0904011726379395,-6.0721893310546875,-5.243113040924072,-5.202789306640625,1.2583677768707275,6.263128280639648,7.457135200500488,2.2560675144195557,-1.2894492149353027,-0.909432590007782,0.2076539546251297,1.0946896076202393,-0.7265944480895996,-4.879887580871582,-5.0211029052734375,-5.195560932159424,-4.369347095489502,-3.8696024417877197,-8.668728828430176,-8.260581016540527,-4.812145233154297,-2.9233736991882324,-2.2401070594787598,-1.7395433187484741,2.853397846221924,4.769221305847168,1.403509497642517,0.5207642912864685,2.078970432281494,3.226381301879883,4.059877872467041,2.80682635307312,4.461117267608643,7.931381702423096,3.391413927078247
3.044630289077759,3.813535451889038,-0.5112584829330444,-6.386703014373779,-3.3888328075408936,0.4207909405231476,4.091629981994629,-0.21233855187892914,-7.3095526695251465,-7.150049209594727,-4.059713840484619,1.0048381090164185,7.215514659881592,5.709901332855225,-2.664008378982544,-3.9774439334869385,-0.4590073823928833,-0.07543624192476273,0.43890684843063354,0.6442350745201111,-2.49100923538208,-5.560330867767334,-6.249200344085693,-6.6238298416137695,-5.117628574371338,-5.362950801849365,-8.67834186553955,-8.665267944335938,-6.196227550506592,-3.7460973262786865,-0.9408517479896545,1.5661503076553345,3.2872214317321777,6.150096893310547,5.996447563171387,3.7202084064483643,4.442656517028809,4.83790397644043,2.04931640625,0.7442692518234253,3.124924421310425,7.337085247039795,2.0765368938446045
2.4572911262512207,2.9119269847869873,-1.8858048915863037,-2.0111467838287354,2.977731227874756,5.329751968383789,0.9561368227005005,-6.584240913391113,-7.896944522857666,-5.288083076477051,0.2042851746082306,7.123866558074951,5.8786091804504395,-1.1545201539993286,-3.922527551651001,0.992354691028595,3.5455715656280518,2.5394418239593506,0.7164328694343567,-1.2471650838851929,-4.631081581115723,-6.545228481292725,-7.200319766998291,-6.80093240737915,-5.650498867034912,-5.721970081329346,-7.088405609130859,-6.736210346221924,-5.1667256355285645,-3.649740695953369,-1.8546788692474365,0.9582779407501221,3.66849946975708,6.309475421905518,7.833885192871094,6.459944725036621,6.304642677307129,7.312894344329834,6.190200328826904,5.162194728851318,4.383186340332031,6.702744483947754,5.666523456573486
4.515172958374023,3.016942024230957,-1.6777790784835815,-2.1493265628814697,-1.7113651037216187,-3.871030569076538,-9.558893203735352,-8.552306175231934,-2.3975119590759277,3.431234359741211,6.220439910888672,1.4086973667144775,-1.7135610580444336,5.535245418548584,5.940109729766846,5.023814678192139,3.9363656044006348,3.4330766201019287,0.35163599252700806,-3.9509925842285156,-5.862072944641113,-7.514200687408447,-7.361292362213135,-6.416678428649902,-5.512023448944092,-5.469544887542725,-6.6096720695495605,-6.662812232971191,-5.045762538909912,-3.0005085468292236,-1.140861988067627,0.7984877228736877,3.1737303733825684,6.17441463470459,7.8489861488342285,7.663032054901123,7.9541730880737305,8.577595710754395,8.587931632995605,7.578178882598877,6.755645751953125,7.50648832321167,9.973294258117676
0.8145591616630554,-1.3562264442443848,-2.60377836227417,-3.8961074352264404,-7.187962055206299,-7.589527130126953,-8.324889183044434,-3.825533866882324,6.145677089691162,8.442892074584961,-0.29806235432624817,-0.44484075903892517,5.350022315979004,9.43691635131836,9.271405220031738,3.7120888233184814,1.0218936204910278,0.9432981610298157,-2.6274964809417725,-6.205594062805176,-6.715117931365967,-7.566490173339844,-7.114311695098877,-6.125764846801758,-5.454293251037598,-6.4110260009765625,-7.289153099060059,-6.25613260269165,-4.227581024169922,-2.0625252723693848,-0.2800002992153168,0.9000129699707031,2.515939950942993,4.861517906188965,6.4018354415893555,7.350923538208008,8.498207092285156,9.951876640319824,9.868517875671387,10.02579402923584,11.131291389465332,12.544120788574219,14.15990161895752
-3.0170185565948486,-3.9022202491760254,-1.8765053749084473,-3.4161438941955566,-4.486067295074463,-1.221818208694458,0.668856680393219,5.005173206329346,2.8954029083251953,-3.949436664581299,1.5509639978408813,8.123064994812012,8.162094116210938,8.333868026733398,8.311564445495605,0.7735721468925476,-2.9676215648651123,-3.386359930038452,-6.378453254699707,-7.0383710861206055,-7.159049034118652,-7.224372863769531,-7.003067970275879,-6.062195777893066,-5.912495136260986,-7.236555576324463,-7.304853916168213,-5.559895038604736,-3.501199722290039,-1.5359110832214355,-0.21014739573001862,0.34397098422050476,1.345599889755249,2.8634283542633057,3.9973156452178955,5.634055137634277,7.6488728523254395,9.536275863647461,11.112580299377441,13.329668998718262,14.759941101074219,15.819860458374023,17.758481979370117
-4.564719200134277,-2.312782049179077,0.9557931423187256,0.5770623087882996,-0.7107211947441101,0.0430641807615757,0.041113320738077164,-3.884366273880005,-6.794068813323975,2.8618226051330566,10.189221382141113,10.630014419555664,9.463955879211426,8.49670124053955,2.3177595138549805,-5.887960910797119,-6.6187310218811035,-7.246345520019531,-8.627547264099121,-8.559834480285645,-8.213729858398438,-7.668686389923096,-7.042273998260498,-6.7530837059021,-6.989449501037598,-7.445891380310059,-6.697225570678711,-5.046647548675537,-3.4116740226745605,-2.198153495788574,-1.4168647527694702,-0.762011706829071,0.6872231364250183,2.5428478717803955,4.228832721710205,5.585723400115967,6.281401634216309,7.544247627258301,9.681303977966309,7.366954803466797,7.971621990203857,13.34241008758545,14.388962745666504
-3.602180242538452,-0.4559628367424011,-1.3384901285171509,-5.082953929901123,-7.4687089920043945,-8.216056823730469,-8.444236755371094,-4.962240695953369,2.9877805709838867,8.951909065246582,10.267788887023926,6.809152603149414,4.115713596343994,-0.3557184338569641,-7.043157577514648,-9.35119915008545,-8.664778709411621,-9.132635116577148,-9.585363388061523,-9.236241340637207,-9.221700668334961,-8.852117538452148,-8.386984825134277,-7.815398216247559,-7.163593292236328,-7.034824848175049,-6.228569030761719,-5.0745439529418945,-4.008615016937256,-2.95829701423645,-2.013639450073242,-0.3764750361442566,1.2874428033828735,3.3550775051116943,3.9789791107177734,5.087123870849609,4.745541095733643,3.5785114765167236,3.509154796600342,-2.2386529445648193,-0.20289821922779083,7.263240814208984,13.497593879699707
-8.501069068908691,-8.758438110351562,-10.290136337280273,-10.950166702270508,-9.761091232299805,-7.01615047454834,-1.295945167541504,2.3301544189453125,5.4060163497924805,8.112835884094238,8.25612735748291,2.626208543777466,-2.0430760383605957,-6.633133888244629,-10.284744262695312,-9.944184303283691,-9.501142501831055,-9.753363609313965,-10.029064178466797,-9.730408668518066,-8.965537071228027,-8.966178894042969,-9.227537155151367,-8.064033508300781,-7.068194389343262,-6.973381042480469,-6.00554895401001,-5.226965427398682,-4.221039295196533,-2.9209811687469482,-1.223765254020691,1.0107048749923706,2.274514675140381,3.5016684532165527,3.948575258255005,3.9029502868652344,2.9862396717071533,0.6263342499732971,-1.0802369117736816,-3.849701404571533,-3.639796495437622,3.816054105758667,15.61405086517334
-11.271324157714844,-11.837995529174805,-11.052021980285645,-10.47109317779541,-7.2088189125061035,2.0036725997924805,5.568248271942139,6.027303695678711,5.80702018737793,5.338773250579834,1.5625053644180298,-5.673654079437256,-9.08322811126709,-10.568229675292969,-10.425430297851562,-9.59375,-9.231019973754883,-9.07125473022461,-8.572367668151855,-7.9176506996154785,-8.531517028808594,-8.767782211303711,-8.534660339355469,-7.989273548126221,-7.287036895751953,-6.6145806312561035,-5.6328253746032715,-4.597473621368408,-3.652646780014038,-2.3344485759735107,-0.26273852586746216,1.5675586462020874,2.7225019931793213,3.3470826148986816,2.901474952697754,2.765267848968506,2.1107330322265625,-0.36827683448791504,-2.716745376586914,-4.45759916305542,-5.1293864250183105,0.17377550899982452,12.20462703704834
