data/wind_data/wind_70_0.json
{"header": {"parameterUnit": "KT", "parameterCategory": 2, "nx": 255, "ny": 198, "lo1": 44.73521041870117, "la1": -3.236724853515625, "lo2": 111.26478576660156, "la2": 43.468475341796875, "dx": 0.26192745566368103, "dy": -0.23708222806453705, "refTime": "2025-02-21 22:00:00", "forecastTime": 0, "parameterNumber": 2, "parameterNumberName": "eastward_wind"}, "data":
[rows 114 to 132 of 198, columns 129 to 171 of 255]
3.8118882179260254,4.403303623199463,4.440252304077148,3.3947436809539795,3.0706169605255127,3.41679048538208,3.5569679737091064,3.095783233642578,1.8464363813400269,0.743093729019165,2.4619367122650146,3.4751808643341064,2.1950266361236572,1.2133911848068237,2.1861720085144043,0.1605590581893921,-3.949312925338745,-4.580176830291748,-3.0400173664093018,-0.8393810391426086,-0.2263861745595932,-1.460357904434204,-3.737502098083496,-4.778592586517334,-5.072805881500244,-4.852946758270264,-4.957268238067627,-4.737120151519775,-3.9645802974700928,-3.4869251251220703,-3.005948305130005,-3.038538694381714,-3.4738848209381104,-3.473410129547119,-3.1064717769622803,-2.9454896450042725,-2.937229633331299,-3.30435848236084,-3.4217584133148193,-4.4489874839782715,-5.307055473327637,-5.161806583404541,-4.460784912109375
4.144294261932373,4.185701370239258,4.183226108551025,3.6774752140045166,3.1829445362091064,3.283781051635742,3.383615732192993,3.198904275894165,1.8762614727020264,0.3285854458808899,1.1836117506027222,1.770822286605835,0.574184000492096,0.27004197239875793,-0.5412929058074951,-3.906019687652588,-5.5366926193237305,-4.719605922698975,-2.6167616844177246,-1.3072201013565063,-1.384804368019104,-2.162572145462036,-3.6962594985961914,-4.664339542388916,-5.002047061920166,-4.6686906814575195,-4.409120082855225,-4.47727632522583,-4.435694217681885,-3.473416805267334,-3.672001361846924,-3.884228467941284,-4.3617072105407715,-4.284709453582764,-3.743037462234497,-3.471064567565918,-3.5159053802490234,-3.7081987857818604,-3.2872509956359863,-3.44655179977417,-5.095205783843994,-5.485071182250977,-5.3780951499938965
4.616105556488037,4.250901222229004,3.795430898666382,3.820833444595337,3.6985957622528076,3.474539279937744,3.629335641860962,3.703338146209717,2.4407033920288086,0.9627555012702942,0.8851519227027893,0.25893011689186096,-0.5635461807250977,0.2093254178762436,-1.420355200767517,-4.920312881469727,-5.72508430480957,-4.539235591888428,-3.209967851638794,-2.5027377605438232,-2.2474725246429443,-2.044018030166626,-2.696923017501831,-4.203652381896973,-4.822038650512695,-4.849907875061035,-4.497170448303223,-3.9711456298828125,-3.582939624786377,-3.302360773086548,-3.2980806827545166,-3.878889322280884,-4.085372447967529,-3.4205641746520996,-2.8418800830841064,-3.241511344909668,-3.683704137802124,-3.208960771560669,-2.3663151264190674,-2.93991756439209,-4.2606329917907715,-5.336757659912109,-6.546473503112793
4.692752838134766,4.336302280426025,4.121472358703613,4.265373229980469,4.2735395431518555,4.017243385314941,4.128546237945557,4.112087249755859,3.16520357131958,1.9685431718826294,1.055417776107788,-0.8405160903930664,-1.7971010208129883,-0.27501896023750305,-1.0324922800064087,-4.584578037261963,-5.743760108947754,-5.171008110046387,-4.4485979080200195,-3.815060615539551,-2.9096343517303467,-1.9691118001937866,-1.1570907831192017,-1.6067936420440674,-3.1401937007904053,-4.008514881134033,-4.089380741119385,-2.893674373626709,-2.427217960357666,-2.2578847408294678,-2.0649991035461426,-2.5822858810424805,-3.0675392150878906,-2.389904499053955,-2.570875406265259,-3.1251137256622314,-2.6245691776275635,-1.1172237396240234,0.4889489412307739,-0.10292378813028336,-2.3978655338287354,-4.622156620025635,-5.866799354553223
4.0353288650512695,3.88666033744812,4.089941501617432,4.542835712432861,4.660379409790039,4.499385833740234,4.415017127990723,4.3985795974731445,3.4474523067474365,2.6787638664245605,0.9933915138244629,-1.196334719657898,-2.5102057456970215,-0.27746373414993286,1.7135999202728271,-1.3156830072402954,-4.523404598236084,-4.812121391296387,-4.6396965980529785,-4.306478023529053,-3.4011876583099365,-1.9909615516662598,-0.34809938073158264,0.11486905813217163,-1.0142383575439453,-2.8053321838378906,-3.857412099838257,-3.11588978767395,-2.156532049179077,-3.1701459884643555,-3.7230947017669678,-1.2620283365249634,-0.553190290927887,-2.2825570106506348,-2.5060038566589355,-0.5945761203765869,0.07365365326404572,1.255379557609558,2.7012269496917725,0.4914281666278839,-3.004537343978882,-1.8749233484268188,-0.4440864026546478
3.9380600452423096,4.000934600830078,4.377346515655518,4.732331275939941,4.819436073303223,4.481817722320557,4.161144256591797,3.8461525440216064,3.3919641971588135,2.7551522254943848,0.8987686634063721,-1.2427014112472534,-2.116887331008911,0.26928651332855225,3.1124467849731445,1.69789457321167,-1.4851397275924683,-3.172541379928589,-3.9374983310699463,-4.234014987945557,-3.7957494258880615,-2.2150118350982666,-0.07659506052732468,1.1865464448928833,0.4668070375919342,-1.0779435634613037,-2.817035436630249,-3.244704484939575,-3.9248416423797607,-3.4278321266174316,-1.5375404357910156,2.4431707859039307,5.0633134841918945,2.0017900466918945,-0.37223321199417114,1.7985867261886597,3.9323208332061768,4.085152626037598,1.3426263332366943,-1.3546442985534668,-0.19222591817378998,2.767641544342041,5.436624050140381
4.2505083084106445,4.675271034240723,5.013674736022949,5.079777240753174,4.746791839599609,3.6546175479888916,3.3552751541137695,3.6345632076263428,3.712120771408081,3.2056024074554443,1.6129741668701172,-0.8139427900314331,-1.1677223443984985,1.7093214988708496,4.030548095703125,1.4354193210601807,-2.9795494079589844,-4.882758140563965,-5.00372838973999,-4.992031097412109,-4.397639274597168,-3.7319722175598145,-2.258721113204956,-1.039941430091858,-1.7714024782180786,-2.303539276123047,-3.0294320583343506,-4.965836048126221,-5.4307427406311035,-3.397615671157837,-0.03184431791305542,3.78979229927063,5.375790596008301,0.1984628438949585,-4.710770130157471,-1.7024409770965576,3.9225666522979736,4.365429878234863,-1.7281543016433716,-2.2424280643463135,3.1342031955718994,6.1985273361206055,7.9477458000183105
4.894917011260986,5.294022083282471,5.461084842681885,5.269791603088379,4.226535320281982,3.2377140522003174,3.43914532661438,4.106910228729248,3.8566436767578125,3.3369665145874023,2.1252923011779785,0.4073963463306427,0.4395996034145355,3.0655088424682617,4.3392462730407715,1.8219257593154907,-1.435582160949707,-2.8297410011291504,-3.478569269180298,-3.966747999191284,-3.4675207138061523,-3.7679684162139893,-4.196672439575195,-4.834743022918701,-5.010421276092529,-3.337153911590576,-2.6324241161346436,-3.5723214149475098,-4.538853168487549,-2.612412929534912,2.4569056034088135,7.67692232131958,8.275300979614258,2.0794179439544678,-3.367476224899292,-0.5967040657997131,5.199663162231445,4.601863861083984,-2.4738576412200928,-2.6711132526397705,5.877257823944092,10.208707809448242,7.692172050476074
5.461045742034912,5.604491233825684,5.590418338775635,5.055491924285889,4.3117876052856445,3.6798245906829834,3.6734683513641357,3.7980127334594727,3.0098090171813965,1.8138673305511475,1.3721847534179688,1.8627948760986328,2.1847941875457764,1.6845706701278687,0.8673368096351624,-0.11315562576055527,-1.7575476169586182,-2.6215875148773193,-2.6606221199035645,-1.9931955337524414,-1.6769578456878662,-1.6159772872924805,-4.075764179229736,-8.356995582580566,-9.472940444946289,-5.532917499542236,-1.4849358797073364,-1.4070374965667725,-3.6006417274475098,-1.607136845588684,4.832507133483887,11.42825984954834,12.693046569824219,5.29102087020874,-1.3429286479949951,0.21899816393852234,7.973191738128662,8.963476181030273,-0.057220228016376495,-2.1581826210021973,5.089278697967529,8.797204971313477,4.910696506500244
5.70538854598999,5.526309490203857,5.409955978393555,4.864486217498779,3.9605705738067627,3.2346749305725098,3.1420705318450928,2.878465175628662,0.7572447657585144,-0.12333591282367706,1.1267069578170776,3.199871063232422,2.621893882751465,-2.41463303565979,-4.548276901245117,-3.8625361919403076,-2.4198336601257324,-1.4895906448364258,-0.1592579483985901,1.2707802057266235,1.8870927095413208,0.9439638257026672,-1.7758233547210693,-5.417216777801514,-6.764765739440918,-4.634053707122803,-0.4569709897041321,1.814414620399475,0.6735974550247192,1.9195613861083984,7.830569744110107,17.70041847229004,20.268266677856445,12.860913276672363,0.34536921977996826,1.5827319622039795,14.032073020935059,13.757952690124512,3.2023420333862305,0.4808906018733978,5.1919097900390625,7.881983757019043,6.638864040374756
5.446880340576172,5.146902084350586,4.953065872192383,4.340060710906982,3.2793848514556885,2.6976990699768066,2.679044723510742,1.53389573097229,-0.4939355254173279,0.35385406017303467,2.3546719551086426,2.895970344543457,-1.9195637702941895,-6.107734203338623,-6.188928127288818,-4.0269083976745605,-1.8781907558441162,0.15198977291584015,1.909308910369873,3.1464946269989014,4.2805562019348145,2.4912378787994385,-1.2179964780807495,-2.57537579536438,-1.3049778938293457,0.7573293447494507,3.50317645072937,6.660154342651367,7.212644100189209,8.89145278930664,15.312119483947754,25.67066764831543,27.130069732666016,12.73009967803955,-0.010863451287150383,2.053257465362549,13.5628662109375,14.432600021362305,10.026782035827637,8.443546295166016,6.921077728271484,7.734068870544434,6.519716262817383
5.055265426635742,4.681349754333496,4.326309680938721,3.314868927001953,2.4885377883911133,2.6019914150238037,2.7769522666931152,2.1171815395355225,1.054060935974121,0.9823787212371826,1.770429015159607,-3.3455607891082764,-7.428481578826904,-8.133397102355957,-8.171775817871094,-5.433287620544434,-1.1451847553253174,3.0870282649993896,5.057368278503418,4.4457573890686035,4.818187236785889,5.428397178649902,3.954835891723633,3.485764265060425,4.276907920837402,6.085325717926025,7.703573703765869,13.865497589111328,17.541778564453125,16.80388641357422,19.246721267700195,19.72473907470703,14.609474182128906,7.527773857116699,3.996743679046631,5.185055255889893,8.485227584838867,8.750960350036621,8.459567070007324,10.388421058654785,13.442349433898926,14.64637565612793,13.320100784301758
3.836747169494629,4.110296249389648,3.947436571121216,2.921898603439331,2.2364695072174072,2.569474935531616,2.7494964599609375,2.429128885269165,0.28016364574432373,-2.1333975791931152,-3.445232629776001,-7.698856353759766,-9.640670776367188,-7.788824081420898,-8.848138809204102,-7.35213565826416,-2.166424512863159,2.7413527965545654,4.721917629241943,4.136558532714844,5.355069637298584,8.484793663024902,8.365069389343262,8.489871978759766,8.727311134338379,8.980758666992188,11.925230979919434,17.625322341918945,17.602876663208008,15.229412078857422,12.626496315002441,7.470244407653809,4.644628524780273,3.891573905944824,4.4879913330078125,6.201644420623779,7.652602195739746,8.207328796386719,11.240177154541016,14.78784465789795,15.58191967010498,15.036931037902832,14.75703239440918
3.409937858581543,3.0683083534240723,3.5369811058044434,3.3710460662841797,2.1784377098083496,0.6172075271606445,-0.24196328222751617,-2.0209665298461914,-4.776853561401367,-4.736701488494873,-4.662545204162598,-8.107993125915527,-9.25609302520752,-6.414234638214111,-6.62123966217041,-6.866118907928467,-5.129552364349365,0.09355703741312027,5.756121635437012,7.7507805824279785,6.22974967956543,9.270277976989746,13.843207359313965,14.262297630310059,10.862133026123047,10.348187446594238,11.04819393157959,10.883186340332031,8.852593421936035,8.430874824523926,7.696961879730225,5.994422912597656,6.323942184448242,8.150798797607422,11.068836212158203,12.640848159790039,12.646150588989258,14.054361343383789,15.139275550842285,14.886008262634277,12.286229133605957,8.380054473876953,8.279126167297363
3.5195250511169434,3.5670645236968994,2.1887595653533936,-0.03900499641895294,-2.1077969074249268,-3.422696828842163,-3.4597978591918945,-5.525525093078613,-6.099289417266846,-4.39180326461792,-5.647434234619141,-10.681891441345215,-10.38032054901123,-6.531561851501465,-5.099448204040527,-4.348977565765381,-3.8500704765319824,-2.1482157707214355,5.128457546234131,11.212847709655762,10.06789779663086,6.9734039306640625,11.617798805236816,16.465484619140625,15.904349327087402,15.40588092803955,13.449772834777832,9.387893676757812,9.527750015258789,12.545519828796387,11.294510841369629,10.044978141784668,11.492114067077637,14.604737281799316,14.892586708068848,13.183334350585938,11.284010887145996,12.603792190551758,14.083024024963379,12.41923713684082,9.819475173950195,7.541027545928955,6.909744739532471
3.4012529850006104,1.3279560804367065,-3.7018918991088867,-6.040219306945801,-5.384891033172607,-3.828660488128662,-4.301884174346924,-7.200784206390381,-6.887198448181152,-5.5443549156188965,-7.717867851257324,-10.855233192443848,-10.98494815826416,-7.972177982330322,-6.631345748901367,-6.289694786071777,-4.035793781280518,-1.836971402168274,2.63070011138916,11.75218391418457,16.04037094116211,10.069053649902344,9.007976531982422,12.468215942382812,10.740459442138672,7.6654744148254395,5.481760025024414,4.853177070617676,5.0386128425598145,6.643911361694336,9.677446365356445,9.974421501159668,9.1629056930542,10.310832977294922,11.292244911193848,8.999604225158691,7.4993438720703125,8.981874465942383,9.007011413574219,7.248728275299072,5.7624945640563965,4.882353782653809,5.163194179534912
-1.5221521854400635,-3.731210231781006,-7.698911190032959,-10.194613456726074,-8.187361717224121,-3.4729650020599365,-3.2894840240478516,-6.611490249633789,-8.135422706604004,-8.174534797668457,-8.048798561096191,-6.441349983215332,-6.7323102951049805,-9.770303726196289,-10.655193328857422,-7.2013349533081055,-1.8619577884674072,1.1542068719863892,2.6914584636688232,9.58545207977295,15.525514602661133,9.894238471984863,4.145432472229004,4.292502403259277,6.063723087310791,6.83819580078125,7.790463924407959,8.482295989990234,8.14626693725586,7.82133674621582,9.702667236328125,10.187533378601074,8.373801231384277,8.297234535217285,9.591531753540039,9.109901428222656,7.7759504318237305,5.9791388511657715,5.08833122253418,6.543083190917969,6.295433044433594,3.0801966190338135,2.24619460105896
-5.550220012664795,-6.282523155212402,-8.405373573303223,-9.286429405212402,-6.547976493835449,-2.6794755458831787,-2.0734708309173584,-8.30098819732666,-12.386502265930176,-9.183961868286133,-5.799289703369141,-3.3170998096466064,-1.8442420959472656,-6.876009941101074,-10.95413589477539,-7.001598834991455,0.9601311683654785,7.387320518493652,6.129766941070557,5.041201591491699,6.040621280670166,4.715476989746094,5.359155178070068,9.442819595336914,10.755305290222168,9.942341804504395,10.469893455505371,10.805949211120605,11.909685134887695,11.90843677520752,13.200458526611328,13.974416732788086,12.643773078918457,12.922273635864258,13.186393737792969,11.353934288024902,9.081353187561035,7.6456618309021,6.4100446701049805,6.933371067047119,6.985296726226807,4.652622699737549,3.8317525386810303
-10.113767623901367,-9.808159828186035,-8.749714851379395,-7.707841873168945,-5.907287120819092,-4.480611324310303,-5.496207237243652,-6.529837131500244,-8.373300552368164,-8.87073802947998,-3.9990146160125732,0.16085082292556763,-0.5565540194511414,-5.043524265289307,-6.66978645324707,-0.0390334315598011,7.590086460113525,9.863205909729004,5.921621322631836,2.09958815574646,3.4646594524383545,5.401577472686768,8.212260246276855,12.075385093688965,12.924072265625,11.73552131652832,10.740775108337402,10.630973815917969,11.679272651672363,14.588541984558105,16.016847610473633,15.521601676940918,13.195272445678711,12.383216857910156,11.550803184509277,8.88658618927002,6.532682418823242,7.489754676818848,9.22029972076416,9.394356727600098,7.708648681640625,6.082015037536621,6.94860315322876
