data/wind_data/wind_Surface_50.json
{"header": {"parameterUnit": "KT", "parameterCategory": 2, "nx": 255, "ny": 198, "lo1": 44.73521041870117, "la1": -3.236724853515625, "lo2": 111.26478576660156, "la2": 43.468475341796875, "dx": 0.26192745566368103, "dy": -0.23708222806453705, "refTime": "2025-02-21 02:00:00", "forecastTime": 0, "parameterNumber": 2, "parameterNumberName": "eastward_wind"}, "data":
[rows 152 to 170 of 198, columns 43 to 85 of 255]
-1.0177680253982544,-3.7424471378326416,-3.8043212890625,-5.343457221984863,-7.886325359344482,-6.37161111831665,-6.262313365936279,-9.15259838104248,-6.590939044952393,0.8948507905006409,5.402386665344238,2.7888925075531006,-1.2680853605270386,-4.213033199310303,-5.70938777923584,-6.062156677246094,-8.458392143249512,-7.0110626220703125,-3.1931612491607666,0.1118660643696785,0.34187936782836914,-1.230603814125061,-1.654618501663208,-0.9543973803520203,-1.7144665718078613,-4.181400775909424,-4.673454284667969,-4.0012102127075195,-4.984727382659912,-5.521974086761475,-6.188953876495361,-7.779835224151611,-5.829159259796143,-2.8085670471191406,-1.6869230270385742,-2.1799912452697754,-3.685856819152832,-6.119406223297119,-8.003021240234375,-8.563578605651855,-8.726930618286133,-7.504083156585693,-5.134756565093994
-4.042843818664551,-5.3221755027771,-7.687222003936768,-12.185276985168457,-13.476339340209961,-7.579221725463867,-4.1453070640563965,-3.654642343521118,-2.8493003845214844,0.4034910500049591,-0.5342587232589722,-3.9944190979003906,-4.937171936035156,-5.683660507202148,-8.761466979980469,-10.17176342010498,-8.399116516113281,-3.392512321472168,0.6814802289009094,0.33416515588760376,-2.8437182903289795,-4.578091621398926,-4.305882930755615,-2.150278329849243,-1.4502198696136475,-3.6200709342956543,-4.4943718910217285,-2.7174620628356934,-3.9624674320220947,-6.576338291168213,-7.547289848327637,-6.860929012298584,-3.3738040924072266,-0.001995127648115158,-1.7044333219528198,-4.228237152099609,-6.944118499755859,-8.693855285644531,-9.12321949005127,-8.814861297607422,-5.610925197601318,-4.052192211151123,-3.4681880474090576
-8.155540466308594,-9.75067138671875,-10.61805248260498,-13.695294380187988,-14.281678199768066,-9.081435203552246,-6.560714244842529,-6.837015628814697,-6.414693355560303,-5.090814590454102,-5.6344523429870605,-6.833822727203369,-7.020675182342529,-8.311657905578613,-10.812628746032715,-9.916837692260742,-4.916572093963623,1.1691468954086304,3.8461146354675293,0.516650378704071,-3.6736247539520264,-3.3415021896362305,-0.4854687452316284,1.3376232385635376,1.548174500465393,0.046989984810352325,-1.132843255996704,-0.7534626722335815,-1.2347040176391602,-2.6404647827148438,-3.9452009201049805,-4.699855804443359,-3.9642953872680664,-3.2685043811798096,-2.597792863845825,-4.576563835144043,-8.673874855041504,-9.95777416229248,-9.048498153686523,-5.636801719665527,-3.693389415740967,-3.0778989791870117,-3.312227964401245
-10.226123809814453,-12.173773765563965,-13.51862621307373,-15.043843269348145,-15.106778144836426,-12.45946979522705,-9.266342163085938,-8.150760650634766,-8.162368774414062,-8.333839416503906,-8.699291229248047,-8.932816505432129,-8.574719429016113,-9.669559478759766,-10.838343620300293,-7.458409309387207,-1.0269755125045776,4.771162509918213,5.851280212402344,1.5291084051132202,-1.4569056034088135,0.6936876177787781,3.097700357437134,3.140263319015503,2.282874345779419,1.1089293956756592,0.060767028480768204,-0.973457396030426,-2.652226209640503,-3.568354368209839,-4.321981430053711,-5.946530342102051,-6.4720458984375,-5.4563751220703125,-4.7641072273254395,-6.674661159515381,-9.303564071655273,-10.440192222595215,-3.180302858352661,-0.1097513809800148,-2.01768159866333,-0.332366943359375,4.049845218658447
-8.756092071533203,-14.127219200134277,-17.051334381103516,-16.54813575744629,-13.812227249145508,-11.715523719787598,-11.15074348449707,-11.260894775390625,-11.54775619506836,-11.422828674316406,-10.463360786437988,-8.908048629760742,-8.091109275817871,-8.63577651977539,-8.159160614013672,-3.383169174194336,2.5878846645355225,6.231306076049805,6.723628044128418,4.516490936279297,2.7300310134887695,3.4100234508514404,4.1739702224731445,3.073542833328247,1.171318531036377,-1.0409839153289795,-2.9232258796691895,-4.857264518737793,-7.922396183013916,-9.052947044372559,-8.77196979522705,-7.764876842498779,-6.601690292358398,-7.024427890777588,-8.449264526367188,-9.163387298583984,-8.074358940124512,-6.1091718673706055,2.65726375579834,3.429738759994507,-1.6739709377288818,0.3349044919013977,6.462852478027344
-6.300157070159912,-12.979120254516602,-16.83005714416504,-13.957801818847656,-11.64799976348877,-11.372203826904297,-11.458889961242676,-11.111907005310059,-11.143998146057129,-11.438749313354492,-9.757761001586914,-7.099895000457764,-6.613123416900635,-6.409130573272705,-3.3322641849517822,1.1923444271087646,4.693777561187744,5.092442512512207,5.937626361846924,7.525780200958252,6.722270488739014,4.583896636962891,3.905482530593872,2.708780288696289,0.4012734889984131,-1.5389972925186157,-2.9986202716827393,-4.9209489822387695,-7.746669292449951,-8.461989402770996,-8.120316505432129,-6.510806560516357,-4.806920528411865,-3.956594228744507,-5.1234450340271,-5.170467853546143,-3.618237257003784,-1.60337233543396,1.7877053022384644,3.60904598236084,1.2716490030288696,1.1703832149505615,4.825839996337891
-3.932023763656616,-7.9804840087890625,-12.221487998962402,-11.876981735229492,-11.341012954711914,-10.697708129882812,-8.674783706665039,-6.679086685180664,-6.658988952636719,-7.657370090484619,-6.002701282501221,-3.728841781616211,-3.713231086730957,-2.5311999320983887,1.778214454650879,4.772688388824463,3.9114441871643066,3.361624240875244,6.368697166442871,9.69968032836914,6.703248977661133,3.4683990478515625,3.0075795650482178,2.151900291442871,1.5678048133850098,0.5129995942115784,-0.6533129215240479,-1.6399527788162231,-4.245873928070068,-5.190815448760986,-4.2494707107543945,-3.523066759109497,-2.7634963989257812,-1.7221529483795166,-1.068560242652893,-2.2899134159088135,-2.3885462284088135,-0.1784931868314743,1.2564789056777954,2.2883572578430176,3.3752036094665527,2.991649866104126,2.5624921321868896
-0.33354052901268005,0.828865647315979,-3.025660753250122,-5.864027976989746,-6.760282039642334,-7.178902626037598,-4.016322135925293,-0.6226279139518738,-0.8930288553237915,-2.5907704830169678,-1.9415360689163208,-2.319612979888916,-4.168281078338623,-0.7401396036148071,5.116949081420898,6.069933891296387,3.896679162979126,3.731722354888916,6.918960094451904,8.269075393676758,3.419034957885742,0.5241279006004333,1.6146888732910156,2.0435147285461426,2.0455925464630127,-0.05117824301123619,-3.0332539081573486,-4.260393142700195,-4.727462291717529,-3.9916021823883057,-3.466238498687744,-2.461822986602783,-1.5345045328140259,-1.2422934770584106,-0.9700065851211548,-2.229706287384033,-2.4463839530944824,0.9705877900123596,3.3114161491394043,3.1550710201263428,3.3621771335601807,3.1120238304138184,1.310578465461731
3.4656906127929688,4.448777198791504,-0.4440957307815552,-5.932384490966797,-7.867577075958252,-8.295748710632324,-6.932041645050049,-5.77406120300293,-6.290188312530518,-5.711545467376709,-6.492150783538818,-7.114991188049316,-3.725757360458374,4.113563537597656,8.743171691894531,5.894264221191406,4.579459190368652,6.516665458679199,8.192468643188477,6.005948543548584,0.8672584891319275,-0.9938173294067383,-0.193169966340065,0.18830837309360504,-0.24739107489585876,-3.102560043334961,-6.341800212860107,-6.073343276977539,-5.469622611999512,-4.761831760406494,-3.118123769760132,-0.11060221493244171,0.3895275294780731,-1.227523922920227,-2.0497124195098877,-2.5972611904144287,-2.369149923324585,1.0765457153320312,3.963024139404297,3.2585272789001465,2.4673426151275635,1.3386470079421997,-3.156482458114624
4.292150974273682,4.445057392120361,-3.699394702911377,-9.947565078735352,-10.146763801574707,-8.798931121826172,-7.751791000366211,-9.160051345825195,-9.780403137207031,-8.698421478271484,-7.823200702667236,-4.8994669914245605,1.4380896091461182,7.828789234161377,6.892965793609619,3.794888496398926,6.23927640914917,9.981110572814941,10.740547180175781,4.916314601898193,-0.21719393134117126,-1.1014432907104492,-1.853540062904358,-2.072232246398926,-2.005307912826538,-3.9608798027038574,-5.858463764190674,-5.006178379058838,-4.182757377624512,-3.943190813064575,-1.9820774793624878,0.99273681640625,1.579392671585083,-1.0948896408081055,-2.6684279441833496,-2.4180140495300293,-0.96577388048172,0.6044861078262329,0.4834878444671631,-0.2669365704059601,1.3203336000442505,-2.2626571655273438,-10.359549522399902
2.0387473106384277,2.6835906505584717,-4.716042518615723,-9.347280502319336,-7.383384704589844,-6.446619987487793,-6.184659957885742,-7.518256664276123,-10.136825561523438,-10.047858238220215,-6.321008205413818,-0.32818400859832764,5.618850231170654,5.638573169708252,3.785982608795166,7.239859580993652,10.27551555633545,11.664881706237793,8.580424308776855,1.126705288887024,-2.2937822341918945,-1.7990329265594482,-2.7529168128967285,-2.9274673461914062,-2.870863676071167,-4.543604850769043,-4.989946365356445,-3.3094892501831055,-2.559255599975586,-2.815178871154785,-2.549129009246826,-1.9475276470184326,-1.3215574026107788,-1.7264803647994995,-2.987001419067383,-2.5949459075927734,-1.4920917749404907,-1.624772310256958,-3.146932601928711,-4.286231517791748,-2.0081145763397217,-4.54545259475708,-10.686471939086914
-2.262598991394043,-2.8603882789611816,-6.015509605407715,-6.593291282653809,-5.213720798492432,-5.023220539093018,-7.296802520751953,-9.153244018554688,-7.83541202545166,-5.0765228271484375,-1.0216846466064453,2.8107991218566895,2.612757444381714,1.8318616151809692,6.687163829803467,11.282931327819824,12.34168529510498,9.371844291687012,3.824883460998535,-2.4629416465759277,-4.086424827575684,-2.886465549468994,-2.6988632678985596,-2.6928069591522217,-2.3230302333831787,-3.1998391151428223,-3.636615037918091,-2.550147771835327,-1.996490478515625,-2.1748359203338623,-2.8582918643951416,-3.426743745803833,-3.5916497707366943,-3.204921245574951,-3.776811361312866,-4.874088287353516,-6.887401580810547,-6.749654293060303,-5.839834690093994,-6.13718318939209,-4.625744819641113,-3.5644524097442627,-6.324766159057617
-4.881366729736328,-5.5019450187683105,-6.584423065185547,-7.291168689727783,-6.929046154022217,-8.26513385772705,-10.94314956665039,-7.581340312957764,-2.9078311920166016,-0.09629432111978531,-0.9604783654212952,-3.1603899002075195,-0.98943030834198,4.501491546630859,7.767974853515625,11.179667472839355,10.745820999145508,6.044832706451416,-1.8586317300796509,-5.760046482086182,-5.83028507232666,-4.435221195220947,-2.9786734580993652,-2.937699556350708,-2.78029465675354,-3.257844924926758,-4.222662925720215,-4.057026386260986,-3.1847565174102783,-3.2235803604125977,-4.052201747894287,-4.922435760498047,-5.750380039215088,-6.411630153656006,-7.978658676147461,-10.587495803833008,-12.104421615600586,-12.204293251037598,-11.525019645690918,-10.065101623535156,-8.794318199157715,-7.1189069747924805,-8.012163162231445
-5.824475288391113,-7.599494457244873,-9.047430038452148,-9.648088455200195,-8.923030853271484,-9.011798858642578,-7.500489711761475,-2.4278697967529297,-0.020900888368487358,-3.3604278564453125,-4.733729362487793,-1.4108786582946777,2.816336154937744,5.501288890838623,6.701080799102783,7.801471710205078,6.392617702484131,0.3773760497570038,-5.25161075592041,-7.185112953186035,-6.701667785644531,-5.754769802093506,-4.7537970542907715,-4.25018310546875,-4.195321083068848,-4.6828484535217285,-5.778441905975342,-5.5501389503479,-4.9096479415893555,-5.627913475036621,-7.2095465660095215,-7.929915428161621,-8.74838638305664,-10.328557014465332,-12.496495246887207,-14.785919189453125,-16.4727840423584,-17.648723602294922,-18.079195022583008,-17.029232025146484,-15.012142181396484,-13.059017181396484,-11.59386920928955
-3.983902931213379,-6.174950122833252,-7.835151195526123,-7.317389011383057,-4.48647403717041,-2.397592782974243,-2.252002000808716,-2.6271159648895264,-4.862111568450928,-4.875903129577637,0.6457205414772034,5.063472270965576,5.772623538970947,5.152373313903809,4.963714599609375,5.764435768127441,1.8480403423309326,-4.8676981925964355,-8.031213760375977,-8.722283363342285,-7.709628582000732,-6.86308479309082,-5.916576385498047,-4.496262073516846,-4.386255264282227,-5.593288898468018,-6.780879974365234,-6.747072219848633,-7.132453441619873,-8.70970344543457,-9.900436401367188,-10.188619613647461,-10.657219886779785,-12.099464416503906,-14.034191131591797,-16.137868881225586,-17.830551147460938,-18.726774215698242,-19.61817169189453,-19.98069953918457,-17.396099090576172,-12.182863235473633,-7.48063850402832
-1.320186972618103,-0.6739717721939087,-1.397681474685669,-2.5467541217803955,-2.9745218753814697,-3.7234442234039307,-5.705984592437744,-7.525397300720215,-5.413681507110596,1.3250900506973267,5.986818313598633,8.70712661743164,7.532696723937988,4.993802070617676,2.8138577938079834,-0.8394609093666077,-4.983791351318359,-6.961452484130859,-9.298463821411133,-9.270245552062988,-8.144392013549805,-7.322671413421631,-6.068432807922363,-5.380758285522461,-5.958539962768555,-7.414438247680664,-8.279086112976074,-8.5908784866333,-9.340785026550293,-10.307072639465332,-10.616581916809082,-10.558777809143066,-10.947564125061035,-12.175843238830566,-13.899707794189453,-15.282419204711914,-15.947757720947266,-16.431257247924805,-20.03257942199707,-24.504802703857422,-21.294357299804688,-13.383925437927246,-7.874311923980713
1.7582441568374634,0.565987229347229,-4.765358924865723,-7.61354923248291,-8.421451568603516,-9.066863059997559,-8.266304969787598,-5.3146772384643555,1.0890791416168213,4.998732089996338,6.502151966094971,6.943916320800781,4.8615899085998535,0.6391818523406982,-4.8272552490234375,-6.123596668243408,-5.977532386779785,-7.973397731781006,-9.963827133178711,-9.824599266052246,-8.504825592041016,-7.362766742706299,-6.653440475463867,-6.574599266052246,-7.547784805297852,-8.846006393432617,-9.765395164489746,-10.36292839050293,-10.737381935119629,-10.7728910446167,-10.469194412231445,-10.397552490234375,-10.725339889526367,-11.32097053527832,-11.566507339477539,-11.118180274963379,-10.105682373046875,-11.093828201293945,-18.587846755981445,-24.683645248413086,-20.0060977935791,-11.575404167175293,-6.419451713562012
-2.3018627166748047,-5.218719482421875,-7.813089370727539,-8.528172492980957,-8.00729751586914,-6.483367919921875,-2.8285951614379883,0.861892580986023,4.171321868896484,6.303236484527588,6.073305130004883,5.409249782562256,2.7298240661621094,-2.9187850952148438,-5.696432590484619,-6.6353960037231445,-7.241071701049805,-9.306876182556152,-10.521754264831543,-9.720222473144531,-8.817180633544922,-8.486689567565918,-8.314057350158691,-8.112919807434082,-8.963667869567871,-9.997310638427734,-10.670153617858887,-10.789396286010742,-10.483528137207031,-9.926010131835938,-9.264679908752441,-8.745830535888672,-8.250808715820312,-7.4326372146606445,-5.904311180114746,-4.8959736824035645,-5.073701858520508,-8.296122550964355,-17.42181968688965,-22.678924560546875,-19.7335147857666,-11.93381404876709,-5.951564788818359
-4.742001056671143,-6.90421199798584,-8.429081916809082,-7.72237491607666,-4.494787216186523,0.2873110771179199,3.1167876720428467,4.1971564292907715,4.692224502563477,6.011557579040527,4.400689125061035,0.12159500271081924,-4.303567886352539,-5.814890384674072,-6.898138999938965,-7.530353546142578,-8.01630687713623,-9.624007225036621,-9.24161434173584,-8.87879753112793,-9.11082649230957,-9.635003089904785,-9.715100288391113,-9.460227012634277,-9.625916481018066,-10.352005004882812,-10.403759002685547,-10.026220321655273,-9.51605224609375,-8.819498062133789,-8.020339965820312,-7.294031620025635,-6.566044807434082,-5.621372699737549,-5.10837459564209,-4.098636150360107,-5.65742301940918,-8.15607738494873,-12.441977500915527,-16.7010498046875,-18.39801788330078,-13.016276359558105,-8.321085929870605
