data/wind_data/wind_31_9.json
{"header": {"parameterUnit": "KT", "parameterCategory": 2, "nx": 256, "ny": 198, "lo1": 44.73521041870117, "la1": -3.236724853515625, "lo2": 111.26478576660156, "la2": 43.468475341796875, "dx": 0.2609002888202667, "dy": -0.23708222806453705, "refTime": "2025-02-20 07:00:00", "forecastTime": 0, "parameterNumber": 2, "parameterNumberName": "eastward_wind"}, "data":
[rows 114 to 132 of 198, columns 129 to 171 of 256]
-4.157163143157959,-2.4899818897247314,-0.6616620421409607,1.794959545135498,5.0028276443481445,7.661912441253662,8.282174110412598,6.883807182312012,5.039198398590088,3.4142520427703857,1.686432957649231,0.42624470591545105,0.9604718685150146,1.8572641611099243,0.9462662935256958,-0.2489287257194519,0.07553132623434067,1.4187225103378296,2.622706413269043,3.5970845222473145,4.634470462799072,5.2779541015625,4.741089344024658,3.2841174602508545,2.1452648639678955,2.2937710285186768,3.349949359893799,4.546392917633057,5.3237152099609375,5.383392810821533,4.300510406494141,2.0215094089508057,-0.2755945324897766,-2.189089775085449,-2.8123092651367188,-1.911972165107727,-0.905144453048706,-0.3122463524341583,-0.07186166197061539,0.21989181637763977,0.7822340726852417,1.2523897886276245,1.4434654712677002
-2.2616918087005615,-0.784525454044342,0.5053625702857971,2.0268547534942627,4.304311275482178,6.734127521514893,7.810117721557617,6.873237133026123,5.389651775360107,4.275940418243408,2.8519368171691895,1.0069973468780518,-0.5199036002159119,-1.6285216808319092,-2.4842166900634766,-2.8546464443206787,-2.093639850616455,-0.8261067867279053,0.013567201793193817,0.5984901785850525,1.8465282917022705,3.707550287246704,4.988485813140869,4.931386947631836,4.1788458824157715,3.747864007949829,4.1161956787109375,4.902863025665283,5.505911350250244,5.5351362228393555,4.874227046966553,3.3092217445373535,1.6221363544464111,0.3213716149330139,-0.7331157326698303,-1.493640422821045,-2.3603410720825195,-3.186910629272461,-3.138921022415161,-2.2203733921051025,-0.9787089228630066,0.22138814628124237,1.3903270959854126
-0.058944616466760635,1.1313536167144775,1.763452410697937,2.418480157852173,3.463432550430298,4.845034599304199,5.800912857055664,5.52714204788208,4.392437934875488,3.308654308319092,2.32051944732666,0.7875357866287231,-1.2997597455978394,-3.471450090408325,-4.724401950836182,-4.694948673248291,-3.995859384536743,-3.593201160430908,-3.3645265102386475,-2.593377113342285,-0.7781369090080261,2.078766107559204,4.672387599945068,6.082667827606201,6.591602325439453,6.597839832305908,6.631069660186768,6.867740154266357,6.945754051208496,6.371115684509277,5.3373212814331055,4.069576263427734,2.754042863845825,2.1902058124542236,1.2626957893371582,-0.5275419354438782,-2.4214534759521484,-4.2503252029418945,-4.993563652038574,-4.337830543518066,-2.9823410511016846,-1.1454240083694458,0.9479540586471558
1.7383449077606201,2.3315961360931396,2.280893564224243,2.459139108657837,2.7194435596466064,2.975271463394165,3.1443729400634766,3.020693778991699,2.220236301422119,0.8888736367225647,0.10714113712310791,-0.7099369764328003,-2.3969998359680176,-3.408709764480591,-4.112470626831055,-4.961846828460693,-5.7299723625183105,-6.394186973571777,-6.531384468078613,-5.500933647155762,-2.9674530029296875,0.8944856524467468,4.6878275871276855,7.302455902099609,8.682833671569824,9.040027618408203,8.94186782836914,8.889656066894531,8.556934356689453,7.487460136413574,6.277370452880859,5.569252967834473,5.077866077423096,4.400132656097412,2.7677698135375977,0.26734721660614014,-1.9810841083526611,-3.5508553981781006,-4.167540550231934,-3.6217777729034424,-2.604888439178467,-1.3065781593322754,0.09663689881563187
1.8183846473693848,2.464341163635254,2.3505678176879883,2.4410464763641357,2.4713399410247803,2.2149734497070312,1.8016414642333984,1.2415015697479248,0.5919306874275208,-0.6896734833717346,-1.6380280256271362,-2.2560572624206543,-2.5098471641540527,-2.075801134109497,-2.427846908569336,-4.373937129974365,-6.7105207443237305,-7.902029514312744,-7.982274532318115,-6.877150058746338,-4.205408573150635,-0.046513915061950684,4.451112270355225,8.07289981842041,10.19367790222168,10.783531188964844,10.674078941345215,10.50187873840332,9.889975547790527,8.832271575927734,7.754685401916504,7.148586750030518,7.089056015014648,6.593985557556152,4.413487434387207,1.3538167476654053,-0.7450878024101257,-1.3767662048339844,-1.2954120635986328,-0.828700602054596,-0.4961489737033844,-0.5385313630104065,-1.1037919521331787
0.20452362298965454,1.149443507194519,1.3378549814224243,1.7188135385513306,2.2798452377319336,2.5243124961853027,2.191249370574951,1.4782004356384277,0.9573718309402466,0.13257470726966858,-1.0591418743133545,-1.5982308387756348,-1.0233732461929321,-0.9143381714820862,-1.6408647298812866,-3.576040029525757,-6.386673927307129,-8.372455596923828,-8.752838134765625,-7.605962753295898,-4.87706995010376,-0.8297598958015442,3.696429967880249,7.845315456390381,10.939959526062012,12.56221866607666,12.83520793914795,12.037782669067383,10.772697448730469,9.542765617370605,8.899001121520996,9.080009460449219,9.306193351745605,8.56789493560791,6.721411228179932,4.591367721557617,3.0010530948638916,2.1909539699554443,1.2757701873779297,0.27034446597099304,-0.33514729142189026,-0.9247781038284302,-2.1778311729431152
-1.354418158531189,-0.7129006385803223,-0.4286019802093506,0.20337268710136414,1.284622073173523,2.285231828689575,2.557400941848755,2.5092906951904297,2.836879253387451,3.126514434814453,2.7912659645080566,2.361222505569458,1.296816110610962,-0.4436981678009033,-1.589487910270691,-3.002169370651245,-5.255833148956299,-7.637095928192139,-8.601335525512695,-7.404447555541992,-4.159707546234131,0.059317924082279205,4.0745625495910645,7.920018672943115,11.660348892211914,14.179289817810059,14.408305168151855,12.75697135925293,10.82323932647705,9.62639045715332,9.46960735321045,10.009622573852539,10.402938842773438,10.199557304382324,9.491564750671387,9.09797477722168,8.443805694580078,5.941940784454346,2.352238893508911,-0.17341835796833038,-1.6050469875335693,-2.096672773361206,-2.9891467094421387
-1.6787676811218262,-1.4772417545318604,-1.048231601715088,-0.18338170647621155,1.1183481216430664,2.4887397289276123,3.3369479179382324,4.140912055969238,5.605032920837402,6.971920013427734,7.2731828689575195,6.364484786987305,3.6642367839813232,0.2785651981830597,-1.7785582542419434,-2.729384422302246,-3.9059500694274902,-5.66554594039917,-6.978277206420898,-6.041130542755127,-2.4774749279022217,1.6363404989242554,4.502635955810547,7.28141975402832,10.775972366333008,13.37214469909668,14.186850547790527,13.153471946716309,11.056507110595703,9.476162910461426,9.392467498779297,10.128006935119629,10.500417709350586,11.132067680358887,11.556594848632812,12.087533950805664,11.079922676086426,6.722755432128906,3.3760111331939697,1.0928784608840942,-0.589688241481781,-1.355422019958496,-2.334298610687256
-0.7349962592124939,-0.6879519820213318,-0.14597386121749878,0.8237320184707642,1.9318000078201294,2.98675274848938,3.970302104949951,5.52908992767334,7.721802711486816,9.185006141662598,9.127314567565918,7.442422389984131,4.38787841796875,1.0431959629058838,-1.5011253356933594,-2.983332872390747,-4.03358268737793,-5.0920209884643555,-5.811584949493408,-4.672423362731934,-1.1143760681152344,2.4313831329345703,4.600790977478027,6.794411659240723,9.866907119750977,12.417306900024414,13.53735065460205,13.06029987335205,11.016315460205078,9.119317054748535,8.853927612304688,9.527758598327637,9.934383392333984,11.65865421295166,12.264634132385254,13.268576622009277,13.096080780029297,10.001943588256836,8.01982307434082,6.800260543823242,3.8426873683929443,0.8433510661125183,-1.5482239723205566
0.023899927735328674,-0.26397180557250977,0.2107277512550354,1.2733304500579834,2.2648630142211914,3.048285961151123,4.162868976593018,6.098428249359131,8.180030822753906,8.899137496948242,7.870595932006836,5.527195453643799,2.944361686706543,1.0801044702529907,-0.845874011516571,-3.309352397918701,-5.161447048187256,-5.561643123626709,-4.263310432434082,-1.3276515007019043,1.8825039863586426,3.738828659057617,5.168041706085205,7.305284023284912,10.254190444946289,12.663363456726074,13.359747886657715,12.27023983001709,9.434897422790527,7.838297367095947,8.35511302947998,8.815561294555664,9.727994918823242,12.410560607910156,13.184700012207031,14.271151542663574,14.444764137268066,13.158763885498047,13.624591827392578,12.286042213439941,5.549666404724121,0.4929373860359192,-1.2804986238479614
0.5041236281394958,-0.9716079831123352,-1.0869640111923218,-0.008989179506897926,1.6188271045684814,3.3119888305664062,4.863585948944092,6.511507987976074,7.694364547729492,7.35159158706665,5.595529556274414,3.473930597305298,2.19697904586792,1.5254393815994263,-0.3613198697566986,-3.302640438079834,-4.9409589767456055,-3.7501089572906494,0.23390249907970428,5.1736040115356445,6.785556793212891,5.984443187713623,5.972750186920166,8.261446952819824,11.741984367370605,13.836427688598633,13.121294975280762,9.986502647399902,6.806016445159912,7.612823009490967,9.336825370788574,9.700427055358887,10.998956680297852,13.343839645385742,13.838740348815918,15.060819625854492,15.330180168151855,14.796710014343262,15.198230743408203,12.072054862976074,6.652223587036133,3.9644711017608643,2.715324640274048
0.8190003037452698,-2.107990264892578,-3.1210317611694336,-1.9267311096191406,0.5825735926628113,3.0697643756866455,4.918742656707764,6.543525218963623,7.345367431640625,6.6996283531188965,5.220579147338867,4.114858150482178,3.9205291271209717,2.9220826625823975,0.027187101542949677,-2.4792428016662598,-2.181913137435913,0.8455890417098999,7.030679702758789,10.257153511047363,8.953596115112305,7.296850681304932,7.700255870819092,10.088541030883789,12.828444480895996,13.803729057312012,11.474770545959473,7.262043476104736,5.535356044769287,8.611846923828125,11.444252967834473,11.337645530700684,12.434247970581055,13.886527061462402,14.177690505981445,14.4544038772583,13.762208938598633,12.654930114746094,13.040386199951172,12.118483543395996,10.78036880493164,10.5282621383667,9.419931411743164
0.7887537479400635,-2.816718339920044,-4.323525905609131,-3.227259874343872,-0.7271612286567688,1.7663533687591553,4.254400730133057,6.549017429351807,7.345486164093018,6.870131492614746,6.039440631866455,5.223955154418945,4.526484489440918,2.1179919242858887,-1.1569260358810425,-1.5074728727340698,1.1057268381118774,6.152942657470703,11.331230163574219,11.809800148010254,10.1967191696167,9.610759735107422,10.453055381774902,11.603069305419922,12.405043601989746,11.724897384643555,8.667988777160645,5.904221534729004,5.867527484893799,8.079257011413574,11.871903419494629,13.066274642944336,14.082923889160156,14.261454582214355,13.223896980285645,11.893146514892578,10.596528053283691,10.055477142333984,11.642683982849121,14.591185569763184,15.167813301086426,14.213805198669434,12.137946128845215
0.2241830825805664,-2.4522147178649902,-3.9510416984558105,-3.9519171714782715,-2.5360076427459717,0.22739918529987335,3.632629871368408,5.670137882232666,5.873741149902344,6.033143043518066,6.264284133911133,5.291220664978027,3.0536415576934814,-0.17911329865455627,-1.5641610622406006,1.3063013553619385,5.529867649078369,10.347884178161621,12.846935272216797,12.57107925415039,12.39218521118164,12.29342269897461,12.377420425415039,12.458921432495117,10.730714797973633,7.833642482757568,6.513269901275635,7.469998359680176,8.71080207824707,9.200010299682617,11.317486763000488,13.699769973754883,15.223870277404785,14.866304397583008,13.291646957397461,11.68629264831543,10.102822303771973,9.52512264251709,11.047276496887207,15.918475151062012,16.995458602905273,15.070168495178223,12.3150053024292
-0.48854580521583557,-1.1586812734603882,-2.206446409225464,-4.060824394226074,-4.015969753265381,-1.1779506206512451,1.5724916458129883,2.880758762359619,4.02439546585083,5.333149433135986,6.144933223724365,5.022214412689209,2.1035685539245605,0.06864620745182037,0.9103389382362366,4.956200122833252,8.694812774658203,11.108348846435547,12.357129096984863,13.38957405090332,14.156044006347656,13.749335289001465,12.931690216064453,10.277623176574707,6.689610481262207,5.610358238220215,7.734570026397705,11.053370475769043,12.322792053222656,10.572830200195312,9.343072891235352,11.248201370239258,13.786420822143555,14.588534355163574,13.931574821472168,13.291893005371094,12.299209594726562,11.797560691833496,12.825898170471191,15.663084030151367,17.15323829650879,14.552545547485352,11.139961242675781
-0.6845310926437378,0.23136770725250244,-0.4721234142780304,-3.8835532665252686,-5.372290134429932,-3.4120466709136963,-1.8724875450134277,-0.33673664927482605,1.5816816091537476,3.1478052139282227,4.273952484130859,3.385467767715454,0.28087618947029114,-0.2811097502708435,2.707958698272705,5.63848876953125,7.154417991638184,8.271449089050293,11.080273628234863,14.44756031036377,15.381044387817383,13.965357780456543,10.465604782104492,6.618683815002441,6.171899318695068,8.258645057678223,10.625834465026855,12.44975471496582,12.804643630981445,10.565425872802734,7.700855255126953,8.040167808532715,11.004880905151367,13.62817668914795,14.52747631072998,14.8585205078125,15.494536399841309,15.736623764038086,15.57433795928955,15.724579811096191,16.796493530273438,14.492653846740723,10.047684669494629
-0.06654921174049377,0.9704416990280151,0.2024236023426056,-3.4879565238952637,-5.741936683654785,-5.348531723022461,-4.525622367858887,-2.970311164855957,-1.7082476615905762,-1.0960747003555298,-0.5284813046455383,-0.5283862948417664,-0.5034949779510498,1.3390341997146606,4.1790289878845215,5.462713718414307,5.0973219871521,6.485860347747803,11.570565223693848,15.608906745910645,15.514638900756836,11.714485168457031,7.798626899719238,7.535619735717773,10.640929222106934,13.586578369140625,13.432296752929688,12.619421005249023,12.13651180267334,9.942187309265137,6.339419364929199,5.466908931732178,9.539175033569336,14.2601957321167,15.757451057434082,16.051847457885742,17.636459350585938,17.715688705444336,15.84921932220459,14.387262344360352,14.262269020080566,12.933187484741211,9.616811752319336
0.40450865030288696,1.4569411277770996,1.3205454349517822,-1.538355827331543,-3.8848228454589844,-4.370429992675781,-3.6321356296539307,-2.525634527206421,-2.233983039855957,-1.3396953344345093,0.5751285552978516,3.207615375518799,5.747631549835205,7.603109359741211,8.110027313232422,6.506129741668701,4.820734977722168,7.382268905639648,13.252626419067383,14.792866706848145,12.980585098266602,11.043383598327637,10.066388130187988,11.620149612426758,14.293054580688477,15.108541488647461,13.598419189453125,11.936361312866211,10.316549301147461,7.684314727783203,4.499087333679199,5.009486198425293,10.834718704223633,15.746011734008789,16.901365280151367,17.00543785095215,17.46248435974121,16.070884704589844,13.44019603729248,11.796996116638184,11.204930305480957,10.012613296508789,7.667888164520264
1.0615078210830688,2.387467622756958,2.8568997383117676,1.5410237312316895,0.13143213093280792,-0.4652935266494751,0.031923066824674606,0.8390557169914246,1.2973240613937378,2.5933220386505127,4.644962310791016,6.619849681854248,7.983853816986084,8.177373886108398,7.459571361541748,6.059805870056152,6.228726863861084,8.522464752197266,12.386087417602539,12.933011054992676,13.148686408996582,14.348227500915527,14.339109420776367,13.350606918334961,12.459663391113281,11.503718376159668,10.120442390441895,8.470704078674316,6.854875087738037,5.2847819328308105,4.649624347686768,7.7493815422058105,14.411592483520508,17.404556274414062,17.040977478027344,16.712156295776367,15.317643165588379,13.42025089263916,12.498479843139648,11.641919136047363,9.854610443115234,6.836183071136475,4.4237165451049805
