data/wind_data/wind_2025-02-21_14.json
{"header": {"parameterUnit": "KT", "parameterCategory": 2, "nx": 255, "ny": 198, "lo1": 44.73521041870117, "la1": -3.236724853515625, "lo2": 111.26478576660156, "la2": 43.468475341796875, "dx": 0.26192745566368103, "dy": -0.23708222806453705, "refTime": "2025-02-21 14:00:00", "forecastTime": 0, "parameterNumber": 3, "parameterNumberName": "northward_wind"}, "data":
[rows 19 to 37 of 198, columns 129 to 171 of 255]
-9.867865562438965,-8.972756385803223,-9.561607360839844,-7.8755927085876465,-6.291825771331787,-7.449183940887451,-7.535623073577881,-7.69374418258667,-7.506937026977539,-7.247897148132324,-7.466480731964111,-8.16345500946045,-9.256298065185547,-10.823380470275879,-11.399773597717285,-10.406659126281738,-8.48399543762207,-9.662407875061035,-10.533964157104492,-10.555061340332031,-9.950395584106445,-9.436233520507812,-9.91263484954834,-10.316174507141113,-9.236530303955078,-8.728118896484375,-8.613686561584473,-9.600763320922852,-10.34032154083252,-7.255430698394775,-5.029919624328613,-7.076571464538574,-7.6541032791137695,-7.532095432281494,-8.147537231445312,-8.381614685058594,-7.326404094696045,-6.883900165557861,-5.223911762237549,-4.3997979164123535,-5.03837251663208,-4.440553665161133,-3.7251651287078857
-9.504422187805176,-9.814350128173828,-10.62289810180664,-11.219924926757812,-9.892334938049316,-8.350066184997559,-7.721563816070557,-7.184998989105225,-7.329556465148926,-7.295851230621338,-7.514485836029053,-8.179952621459961,-9.424432754516602,-10.464536666870117,-10.138381004333496,-9.931842803955078,-10.233071327209473,-10.697811126708984,-10.342948913574219,-10.076922416687012,-9.917098045349121,-10.66893196105957,-11.766180038452148,-11.70199966430664,-8.38973617553711,-8.157639503479004,-7.989755630493164,-9.362421989440918,-11.004852294921875,-9.921393394470215,-5.781180381774902,-5.373018264770508,-6.375645637512207,-7.059598922729492,-7.627203464508057,-7.0096940994262695,-6.217388153076172,-4.483760356903076,-3.7443668842315674,-4.686219692230225,-5.916818618774414,-4.282100677490234,-3.0007567405700684
-10.227476119995117,-10.6847562789917,-10.983868598937988,-11.002779960632324,-10.27372932434082,-7.120368957519531,-6.296415328979492,-6.89024019241333,-7.3976287841796875,-7.501162528991699,-7.533534049987793,-8.377683639526367,-9.436117172241211,-9.766152381896973,-9.444195747375488,-9.644523620605469,-10.048641204833984,-10.15118408203125,-9.840028762817383,-10.091781616210938,-10.514348983764648,-11.194704055786133,-12.593235969543457,-13.234299659729004,-11.513543128967285,-8.82556438446045,-7.674376964569092,-8.56456470489502,-10.313899040222168,-11.611655235290527,-9.183014869689941,-5.566563606262207,-5.787642955780029,-6.814105033874512,-7.905824184417725,-7.711151123046875,-6.543086528778076,-3.678420305252075,-3.5263419151306152,-5.023479461669922,-6.940825939178467,-4.871135234832764,-2.2896783351898193
-9.267746925354004,-9.581241607666016,-9.746562004089355,-10.116782188415527,-9.256697654724121,-6.2494707107543945,-5.08558988571167,-6.512152671813965,-7.270172595977783,-7.174042224884033,-6.898015022277832,-7.822328567504883,-9.060532569885254,-9.494389533996582,-9.710785865783691,-10.078903198242188,-9.873553276062012,-9.771503448486328,-9.90718936920166,-10.821330070495605,-10.610328674316406,-10.084863662719727,-11.172906875610352,-12.105048179626465,-13.34697437286377,-10.777647972106934,-7.364363670349121,-7.41804838180542,-8.723302841186523,-9.092188835144043,-8.3975191116333,-6.745282173156738,-6.127803802490234,-7.207199573516846,-8.493247985839844,-9.331074714660645,-7.382550239562988,-6.490099906921387,-5.893054962158203,-6.930257320404053,-7.080071449279785,-4.5584492683410645,-1.8836668729782104
-8.3561372756958,-8.893302917480469,-9.278200149536133,-9.302990913391113,-8.788247108459473,-6.535234451293945,-5.03684663772583,-5.853593826293945,-7.127165794372559,-7.301509857177734,-7.2248759269714355,-7.829648494720459,-8.702386856079102,-9.57783317565918,-9.886521339416504,-10.036229133605957,-9.82729434967041,-10.340910911560059,-11.167081832885742,-12.338653564453125,-11.78586483001709,-9.369924545288086,-8.839726448059082,-10.257318496704102,-12.050848007202148,-11.204534530639648,-7.592685222625732,-5.4370951652526855,-7.361683368682861,-8.030564308166504,-7.377194881439209,-7.412341117858887,-7.352551460266113,-8.097481727600098,-8.460258483886719,-8.750144004821777,-8.314064025878906,-7.753550052642822,-7.518138408660889,-6.677219867706299,-5.855928897857666,-3.197441816329956,-1.2974836826324463
-8.024813652038574,-8.774930953979492,-8.858939170837402,-8.010294914245605,-7.232316493988037,-5.7158589363098145,-4.7065324783325195,-5.7512407302856445,-6.885220527648926,-7.468281269073486,-7.763752460479736,-7.582919120788574,-8.58318042755127,-9.679491996765137,-9.61463451385498,-9.60543155670166,-9.999259948730469,-10.782471656799316,-12.24034309387207,-12.938427925109863,-12.08858871459961,-9.61401653289795,-8.622199058532715,-9.568355560302734,-10.765769958496094,-10.283036231994629,-7.387612819671631,-5.392986297607422,-7.265986919403076,-8.296918869018555,-7.79526424407959,-7.4049296379089355,-8.014452934265137,-8.49039077758789,-8.570871353149414,-8.833187103271484,-9.682723045349121,-9.971186637878418,-8.091389656066895,-5.46084451675415,-5.3432698249816895,-2.361238956451416,-0.7690648436546326
-7.495863914489746,-7.709385395050049,-7.693680286407471,-7.992925643920898,-8.15040397644043,-5.7668776512146,-3.638678789138794,-5.520469665527344,-6.94419002532959,-6.975033760070801,-7.1617279052734375,-7.734529972076416,-9.052313804626465,-10.001952171325684,-10.251312255859375,-9.908326148986816,-9.606661796569824,-10.534390449523926,-11.818321228027344,-11.70097827911377,-10.557084083557129,-9.74288558959961,-10.260452270507812,-10.131010055541992,-9.471648216247559,-8.85152816772461,-7.560558319091797,-6.997096061706543,-7.468270301818848,-7.890804767608643,-7.1696882247924805,-6.103021621704102,-7.225146770477295,-8.022553443908691,-8.436347961425781,-9.686505317687988,-11.69292163848877,-11.403003692626953,-6.485690116882324,-5.505979537963867,-6.710285186767578,-5.53817081451416,-1.7048088312149048
-7.100193023681641,-6.977231979370117,-7.367527961730957,-9.185091018676758,-10.937244415283203,-9.379430770874023,-5.31352424621582,-5.121609210968018,-7.113623142242432,-7.3315277099609375,-7.639702320098877,-8.464234352111816,-9.003729820251465,-9.638120651245117,-9.95887279510498,-9.627263069152832,-9.293070793151855,-10.277321815490723,-10.640830993652344,-9.89139175415039,-8.928497314453125,-9.555450439453125,-10.984950065612793,-11.393173217773438,-10.037210464477539,-9.155872344970703,-8.828014373779297,-6.457629203796387,-6.557547092437744,-7.647802829742432,-7.936246871948242,-7.192477226257324,-5.9915876388549805,-6.46556282043457,-7.712782382965088,-9.170488357543945,-10.286078453063965,-9.347457885742188,-6.1544318199157715,-6.3398919105529785,-5.998805046081543,-5.029221057891846,-2.2145683765411377
-6.540585517883301,-6.114617824554443,-7.050048828125,-9.66814136505127,-10.947196006774902,-10.053143501281738,-6.4190673828125,-5.465692043304443,-7.087254047393799,-7.7155442237854,-7.873327255249023,-8.140128135681152,-7.867647171020508,-7.775022029876709,-7.922385215759277,-8.359773635864258,-9.122076988220215,-9.7359619140625,-9.611202239990234,-8.529122352600098,-8.334264755249023,-9.35703182220459,-10.204301834106445,-10.762025833129883,-10.606928825378418,-10.125070571899414,-9.952109336853027,-8.49260425567627,-6.281534194946289,-7.214356899261475,-8.457369804382324,-8.60450553894043,-6.2790608406066895,-5.842002868652344,-7.13767671585083,-8.394240379333496,-8.013689994812012,-7.503349781036377,-7.641120910644531,-7.371452331542969,-5.642385959625244,-3.9952569007873535,-3.1509172916412354
-6.453313827514648,-5.1749725341796875,-6.313681125640869,-8.969263076782227,-9.476832389831543,-8.525482177734375,-7.22091817855835,-7.016088008880615,-7.3829216957092285,-7.39528751373291,-7.101247310638428,-7.002920150756836,-6.993422985076904,-7.074244499206543,-7.556547164916992,-8.271744728088379,-8.928494453430176,-9.361145973205566,-9.363378524780273,-8.570018768310547,-8.502747535705566,-9.08047866821289,-9.165716171264648,-9.068167686462402,-9.022531509399414,-9.144818305969238,-10.238714218139648,-10.098129272460938,-6.801088809967041,-6.890476703643799,-8.439708709716797,-8.977524757385254,-8.284314155578613,-7.3922247886657715,-6.774743556976318,-6.974749565124512,-6.434388637542725,-6.464876651763916,-6.74082088470459,-6.987448692321777,-6.239703178405762,-5.064056396484375,-4.578923225402832
-6.355402946472168,-5.041751861572266,-5.829863548278809,-7.269514560699463,-7.503327369689941,-7.50895357131958,-7.805193901062012,-7.804317951202393,-7.953165531158447,-7.720424652099609,-7.283389568328857,-6.831899166107178,-6.971474647521973,-7.508007049560547,-8.38205623626709,-9.078289031982422,-9.46807861328125,-9.26101016998291,-9.340324401855469,-9.099026679992676,-8.598063468933105,-8.538046836853027,-8.760238647460938,-8.430063247680664,-8.223421096801758,-8.141802787780762,-9.201279640197754,-8.796850204467773,-7.825786113739014,-7.987051963806152,-9.239543914794922,-9.96985912322998,-9.961694717407227,-9.759488105773926,-7.423959255218506,-4.793020725250244,-5.640317440032959,-7.136066913604736,-6.179480075836182,-6.014283180236816,-5.779963493347168,-2.9412918090820312,-3.8086934089660645
-5.30994987487793,-4.761655807495117,-4.703093528747559,-4.890608310699463,-5.013833522796631,-5.806164741516113,-6.573122501373291,-7.501943111419678,-8.27279281616211,-8.150901794433594,-7.7786736488342285,-7.5519232749938965,-7.636975288391113,-8.096492767333984,-8.913387298583984,-9.58919906616211,-9.676634788513184,-8.650378227233887,-8.982157707214355,-9.354429244995117,-9.101521492004395,-8.749771118164062,-8.713600158691406,-8.466191291809082,-8.709054946899414,-8.943300247192383,-8.610282897949219,-8.61992073059082,-8.625977516174316,-8.55311393737793,-9.075407028198242,-9.681600570678711,-9.835580825805664,-9.132850646972656,-6.358697414398193,-3.5531039237976074,-5.075181484222412,-6.703581809997559,-5.870124340057373,-6.818310260772705,-8.999835014343262,-7.9309773445129395,-6.168379783630371
-4.396674156188965,-3.8794116973876953,-3.076205015182495,-2.6876885890960693,-3.1311659812927246,-4.496458053588867,-6.098403453826904,-7.222696304321289,-7.89196252822876,-8.210227966308594,-8.421385765075684,-8.575465202331543,-8.949183464050293,-9.19791030883789,-9.273509979248047,-9.209708213806152,-9.333587646484375,-9.107976913452148,-8.96898078918457,-9.350316047668457,-9.746821403503418,-9.31299114227295,-8.747265815734863,-8.784808158874512,-8.798395156860352,-8.997742652893066,-8.581031799316406,-7.78707218170166,-7.636757850646973,-8.146283149719238,-8.787467002868652,-9.015486717224121,-8.756532669067383,-7.187495231628418,-5.200406551361084,-4.300317764282227,-4.874878883361816,-5.301828861236572,-5.518145561218262,-7.636804580688477,-9.708272933959961,-10.739550590515137,-8.963042259216309
-4.019449234008789,-2.895627498626709,-1.7089890241622925,-1.1586147546768188,-1.51760995388031,-2.8779053688049316,-5.073705196380615,-6.884620189666748,-7.8683295249938965,-8.669095993041992,-9.301764488220215,-9.873895645141602,-10.160161018371582,-9.988203048706055,-9.500938415527344,-9.000741004943848,-8.856332778930664,-8.829691886901855,-8.806464195251465,-9.294404029846191,-9.822461128234863,-9.610748291015625,-9.247668266296387,-9.194849967956543,-9.044432640075684,-8.766268730163574,-8.95856761932373,-8.444459915161133,-5.862489700317383,-6.9026594161987305,-8.086227416992188,-8.498714447021484,-7.92171573638916,-7.007601261138916,-6.330036640167236,-5.959171295166016,-5.28978157043457,-3.833695411682129,-4.591036796569824,-7.588503360748291,-8.457262992858887,-9.855276107788086,-10.396597862243652
-3.689445734024048,-2.600153684616089,-1.467653512954712,-0.9887397885322571,-0.9554021954536438,-1.8777717351913452,-3.928607940673828,-6.1386399269104,-7.714385509490967,-8.922123908996582,-10.068264961242676,-11.003984451293945,-10.984371185302734,-10.409435272216797,-9.394840240478516,-8.715841293334961,-8.219525337219238,-7.702762126922607,-8.116375923156738,-8.712501525878906,-8.376781463623047,-8.72577953338623,-8.943792343139648,-8.767407417297363,-8.76768684387207,-8.878168106079102,-9.743071556091309,-10.469063758850098,-8.171835899353027,-5.806099891662598,-6.764615535736084,-7.731574058532715,-7.448657035827637,-7.432436943054199,-7.248666286468506,-6.866118907928467,-8.824740409851074,-9.091347694396973,-7.4105329513549805,-8.057794570922852,-9.269732475280762,-10.916022300720215,-11.55903434753418
-3.4884002208709717,-3.0370266437530518,-2.218790292739868,-1.7387378215789795,-1.5379945039749146,-2.1999363899230957,-3.522125720977783,-4.58581018447876,-6.109875679016113,-7.5735039710998535,-9.873311996459961,-11.935456275939941,-12.55631160736084,-11.433206558227539,-9.258999824523926,-7.9445109367370605,-6.758960247039795,-7.591666221618652,-7.641448020935059,-8.061293601989746,-7.1090087890625,-7.215214729309082,-8.257646560668945,-7.789516448974609,-7.987202167510986,-8.918984413146973,-10.002659797668457,-10.118657112121582,-9.315845489501953,-6.389967918395996,-6.508996963500977,-7.145347595214844,-7.544286251068115,-7.693334579467773,-7.2113871574401855,-8.09949016571045,-12.825519561767578,-14.643898963928223,-10.919073104858398,-8.085761070251465,-9.949751853942871,-10.82144546508789,-10.980813026428223
-3.7661850452423096,-3.5354628562927246,-2.9593663215637207,-2.370915412902832,-2.075167179107666,-3.3360002040863037,-4.7080464363098145,-4.010596752166748,-4.092477321624756,-4.809591770172119,-7.611011981964111,-12.336482048034668,-13.629796981811523,-11.784448623657227,-9.94640064239502,-9.131126403808594,-5.53708028793335,-6.43491792678833,-6.553291320800781,-8.98436164855957,-9.419794082641602,-7.474356174468994,-7.05231237411499,-7.11855936050415,-8.079000473022461,-9.14677906036377,-9.069762229919434,-8.074260711669922,-7.8788933753967285,-7.551829814910889,-7.486678600311279,-7.701839923858643,-7.679893970489502,-7.358929634094238,-8.885757446289062,-10.99309253692627,-11.615857124328613,-11.898427963256836,-11.021672248840332,-9.929898262023926,-11.426348686218262,-11.934370040893555,-10.761733055114746
-4.595105171203613,-4.352816104888916,-3.9284772872924805,-3.4771888256073,-2.3551535606384277,-3.3569631576538086,-2.846040725708008,-3.1462981700897217,-2.9169251918792725,-2.629964828491211,-3.8889007568359375,-10.490601539611816,-13.155938148498535,-11.865259170532227,-11.8533353805542,-12.708285331726074,-8.807697296142578,-4.469541072845459,-6.345345497131348,-10.026447296142578,-10.87356948852539,-7.992863655090332,-5.045734405517578,-7.0252532958984375,-9.092864036560059,-9.515305519104004,-7.527499198913574,-4.809650421142578,-6.773630619049072,-6.7857255935668945,-7.339913368225098,-7.606003761291504,-7.674692153930664,-9.025276184082031,-11.68996524810791,-11.560433387756348,-9.502176284790039,-9.97435188293457,-11.022951126098633,-11.281508445739746,-11.368731498718262,-11.220126152038574,-10.196887969970703
-6.140960216522217,-6.140383243560791,-5.995293140411377,-5.616810321807861,-4.2924485206604,-3.866100311279297,-1.3499997854232788,-2.0423178672790527,-4.3456339836120605,-6.213974952697754,-5.776938438415527,-6.070267200469971,-10.457377433776855,-12.293478965759277,-13.178234100341797,-13.748275756835938,-11.064783096313477,-5.486830711364746,-7.137908935546875,-8.689896583557129,-8.456279754638672,-7.634319305419922,-6.272059917449951,-7.728438854217529,-9.785261154174805,-10.598408699035645,-8.937532424926758,-5.891934871673584,-4.230687618255615,-4.567820072174072,-4.973325729370117,-5.8375043869018555,-8.858453750610352,-11.34719467163086,-11.056938171386719,-9.564346313476562,-9.574058532714844,-9.627152442932129,-9.188118934631348,-9.307022094726562,-9.497138023376465,-8.863885879516602,-8.726569175720215
