data/wind_data/wind_37_2.json
{"header": {"parameterUnit": "KT", "parameterCategory": 2, "nx": 256, "ny": 198, "lo1": 44.73521041870117, "la1": -3.236724853515625, "lo2": 111.26478576660156, "la2": 43.468475341796875, "dx": 0.2609002888202667, "dy": -0.23708222806453705, "refTime": "2025-02-20 13:00:00", "forecastTime": 0, "parameterNumber": 2, "parameterNumberName": "eastward_wind"}, "data":
[rows 57 to 75 of 198, columns 0 to 42 of 256]
-7.99415922164917,-8.081999778747559,-7.635010242462158,-6.438814163208008,-3.3666739463806152,-1.0255120992660522,-0.26881736516952515,0.9924905896186829,2.0047569274902344,1.7510011196136475,-2.106717824935913,-5.394459247589111,-7.221462249755859,-7.737452507019043,-7.473084926605225,-7.127183437347412,-6.816244125366211,-7.693871021270752,-8.682680130004883,-9.045034408569336,-11.209043502807617,-11.747013092041016,-10.884760856628418,-11.532317161560059,-10.692307472229004,-11.438193321228027,-10.83839225769043,-11.098669052124023,-11.340551376342773,-11.484177589416504,-11.451826095581055,-11.157208442687988,-10.76486587524414,-12.288044929504395,-11.798921585083008,-11.1615629196167,-11.277961730957031,-11.941031455993652,-12.548831939697266,-12.770859718322754,-13.3801851272583,-13.570512771606445,-13.078638076782227
-8.078054428100586,-8.319364547729492,-7.693532943725586,-6.144649505615234,-3.1564128398895264,-2.788242816925049,-2.236628770828247,-0.9857627153396606,-0.33611035346984863,-0.8322786688804626,-3.6275479793548584,-5.65270471572876,-6.6256937980651855,-7.2363996505737305,-8.095268249511719,-8.786943435668945,-9.290743827819824,-9.883345603942871,-9.755881309509277,-11.499373435974121,-15.580957412719727,-18.707996368408203,-18.812641143798828,-16.26144027709961,-11.593626976013184,-13.8555908203125,-12.127961158752441,-11.997223854064941,-12.056035995483398,-12.0807466506958,-11.622964859008789,-12.502274513244629,-13.035568237304688,-13.19821548461914,-12.951315879821777,-12.530393600463867,-12.321383476257324,-12.479745864868164,-12.761131286621094,-12.951116561889648,-13.245097160339355,-13.763060569763184,-13.917539596557617
-8.312203407287598,-8.692541122436523,-7.901862621307373,-6.022396087646484,-2.433166027069092,-3.576284646987915,-3.2228517532348633,-2.640202760696411,-2.589865207672119,-3.4113121032714844,-5.399530410766602,-6.296092987060547,-6.681972026824951,-7.9484124183654785,-9.430214881896973,-10.281871795654297,-10.412689208984375,-9.516158103942871,-8.417255401611328,-9.39025592803955,-12.637738227844238,-15.072044372558594,-15.392684936523438,-14.689560890197754,-13.812514305114746,-13.954863548278809,-13.143869400024414,-12.461675643920898,-12.700980186462402,-13.457742691040039,-13.535723686218262,-14.034624099731445,-13.930450439453125,-13.298760414123535,-12.236410140991211,-11.089865684509277,-12.44482421875,-12.921003341674805,-12.368462562561035,-12.77260684967041,-12.858701705932617,-13.226469993591309,-13.571211814880371
-8.705135345458984,-9.23094654083252,-8.259461402893066,-6.316241264343262,-2.693359136581421,-3.372793674468994,-3.414947748184204,-3.2114343643188477,-3.8077423572540283,-4.756520748138428,-6.1445722579956055,-6.711628437042236,-7.483101844787598,-8.939933776855469,-9.843954086303711,-9.985554695129395,-9.672856330871582,-9.298236846923828,-9.130866050720215,-9.717836380004883,-11.259819984436035,-12.9730863571167,-14.367851257324219,-14.75778865814209,-14.310550689697266,-13.639397621154785,-13.145164489746094,-12.671204566955566,-12.610600471496582,-12.573858261108398,-11.7718505859375,-10.624126434326172,-8.767727851867676,-6.622797012329102,-6.069650173187256,-4.520166873931885,-9.03802490234375,-11.316571235656738,-11.991188049316406,-12.078004837036133,-12.49376106262207,-12.409028053283691,-12.570297241210938
-8.734047889709473,-8.424680709838867,-7.687697410583496,-6.31438684463501,-3.511368989944458,-3.0835800170898438,-2.4538984298706055,-2.514234781265259,-3.4500555992126465,-4.743818759918213,-5.773578643798828,-6.2917585372924805,-7.649217128753662,-9.207170486450195,-9.855897903442383,-9.759730339050293,-9.309900283813477,-8.978931427001953,-9.266963958740234,-10.122756004333496,-11.241216659545898,-12.667892456054688,-13.867841720581055,-14.079434394836426,-13.386344909667969,-12.372607231140137,-11.798739433288574,-11.699277877807617,-11.447991371154785,-10.707368850708008,-9.957242965698242,-8.526229858398438,-6.537125110626221,-6.263630390167236,-7.467785835266113,-3.777803897857666,-7.459004878997803,-6.475470542907715,-11.656623840332031,-11.076085090637207,-11.603690147399902,-12.016209602355957,-12.294669151306152
-7.914008617401123,-7.052542209625244,-6.528250217437744,-6.20759916305542,-4.9284234046936035,-4.098227024078369,-3.307842254638672,-1.9661003351211548,-1.7860729694366455,-2.8716986179351807,-4.244939804077148,-5.502133846282959,-7.277578353881836,-8.87573528289795,-9.834870338439941,-9.898624420166016,-9.402935028076172,-9.12592601776123,-9.232394218444824,-9.602749824523926,-10.467169761657715,-11.814090728759766,-12.519696235656738,-12.416170120239258,-12.393007278442383,-12.15772533416748,-11.139701843261719,-10.440838813781738,-10.249404907226562,-10.19212818145752,-9.485026359558105,-7.996902942657471,-7.130531311035156,-7.113033294677734,-6.895629405975342,-5.038384914398193,-5.952760219573975,-8.047107696533203,-11.642780303955078,-10.970118522644043,-11.067605018615723,-12.159701347351074,-12.73082447052002
-6.837100982666016,-3.4562997817993164,-4.153182506561279,-4.903555393218994,-5.586255073547363,-5.2158732414245605,-4.500749111175537,-2.9617090225219727,-1.7764971256256104,-1.5548161268234253,-2.780789375305176,-5.016939640045166,-7.0536980628967285,-8.464797973632812,-9.523478507995605,-10.015364646911621,-9.942252159118652,-9.536998748779297,-9.185359001159668,-9.236044883728027,-9.594290733337402,-10.320398330688477,-10.762228012084961,-10.871664047241211,-11.355463027954102,-11.088736534118652,-10.700063705444336,-10.101046562194824,-9.820699691772461,-9.979586601257324,-9.863044738769531,-9.232060432434082,-8.829922676086426,-8.027799606323242,-6.646005630493164,-5.996314525604248,-7.433384895324707,-9.768900871276855,-10.777960777282715,-10.470268249511719,-11.069321632385254,-12.126503944396973,-12.224967002868652
-5.795727729797363,-0.7633306384086609,0.23179061710834503,0.7819274067878723,4.172179698944092,0.725479006767273,-4.039522171020508,-3.8974459171295166,-3.335549831390381,-2.7797958850860596,-3.06791615486145,-4.855340480804443,-6.990663051605225,-8.105196952819824,-8.938104629516602,-9.523110389709473,-9.687984466552734,-9.210569381713867,-8.254989624023438,-7.891880989074707,-8.339561462402344,-9.275774002075195,-9.505904197692871,-9.789196968078613,-10.563136100769043,-10.808178901672363,-10.233832359313965,-9.690199851989746,-9.134133338928223,-9.39966869354248,-8.940961837768555,-8.548527717590332,-9.13339900970459,-9.072680473327637,-7.914509296417236,-7.565341949462891,-8.709296226501465,-9.5275239944458,-9.918285369873047,-10.110960960388184,-10.405903816223145,-11.43022632598877,-11.5779447555542
-1.5436002016067505,3.5789787769317627,3.0713741779327393,2.4550209045410156,2.0428457260131836,4.845388412475586,2.6684491634368896,-4.157100200653076,-4.940523624420166,-3.154332399368286,-3.6111807823181152,-5.033593654632568,-5.90430212020874,-6.97967529296875,-7.679125785827637,-8.067852973937988,-8.097914695739746,-7.768505573272705,-7.33960485458374,-7.293146133422852,-7.781894683837891,-8.185619354248047,-8.35615062713623,-8.753129005432129,-9.278182029724121,-10.039039611816406,-9.1411771774292,-8.43283462524414,-8.32626724243164,-8.61042594909668,-7.829858779907227,-7.471009731292725,-8.692155838012695,-9.471845626831055,-8.989277839660645,-8.40995979309082,-8.162260055541992,-7.876635551452637,-8.438929557800293,-9.737504959106445,-9.844535827636719,-10.04725456237793,-10.650988578796387
3.908085584640503,8.19409465789795,6.236265659332275,3.506453037261963,8.343931198120117,8.825726509094238,8.416481971740723,-1.7886821031570435,-8.258654594421387,-2.5047197341918945,0.05379560589790344,-3.4582154750823975,-5.832869052886963,-6.159836769104004,-6.030948162078857,-6.228997230529785,-6.303041458129883,-6.3590192794799805,-6.17495584487915,-6.2485737800598145,-6.686346530914307,-6.97494649887085,-6.883249759674072,-7.233100891113281,-7.745138168334961,-8.094939231872559,-8.21153450012207,-8.149947166442871,-8.004517555236816,-7.370272159576416,-7.878061771392822,-8.10647201538086,-8.209803581237793,-8.763407707214355,-8.501970291137695,-7.662155628204346,-7.153623104095459,-6.875959873199463,-7.1819305419921875,-7.905452728271484,-8.370875358581543,-8.350050926208496,-9.491904258728027
8.080798149108887,7.651369571685791,5.2431960105896,3.2963521480560303,6.6823344230651855,2.79797625541687,3.6870276927948,3.7070534229278564,0.49218833446502686,-2.443067789077759,1.5805431604385376,1.2803149223327637,-4.225685119628906,-4.376190185546875,-3.266824245452881,-3.0937840938568115,-3.714603900909424,-4.229746341705322,-4.696103572845459,-5.388354778289795,-5.523650646209717,-5.522093772888184,-5.388672351837158,-5.739677429199219,-6.28877592086792,-6.454248428344727,-6.783969879150391,-7.214156150817871,-7.734292030334473,-7.677972316741943,-7.812239646911621,-7.80659294128418,-7.783867359161377,-7.956609725952148,-7.581244468688965,-7.002203941345215,-6.742560386657715,-6.376996994018555,-6.381372928619385,-6.72681188583374,-6.7433881759643555,-6.738485336303711,-7.92268180847168
9.688583374023438,6.249629497528076,2.9867656230926514,4.286013603210449,4.421920299530029,-2.930108070373535,-2.386507749557495,1.5598291158676147,1.6441844701766968,-3.3916215896606445,-1.4543803930282593,1.8212019205093384,0.007320208474993706,-1.9538183212280273,-2.7127835750579834,1.4927479028701782,1.4645318984985352,-0.5586408376693726,-2.49074125289917,-3.1525018215179443,-3.463911533355713,-3.6487605571746826,-4.048162937164307,-4.606837749481201,-5.064306735992432,-5.027899265289307,-5.280722141265869,-5.49439811706543,-6.560092926025391,-7.577367305755615,-7.999359130859375,-7.693259239196777,-7.0060930252075195,-6.573234558105469,-6.34719181060791,-6.119981288909912,-6.406698703765869,-5.9004974365234375,-5.846457004547119,-6.045839786529541,-5.917829513549805,-6.017445087432861,-6.929896831512451
10.175311088562012,3.4788763523101807,0.33328062295913696,3.5458576679229736,-2.3857181072235107,-4.677058696746826,-4.916381359100342,-1.6723445653915405,0.5139932036399841,-3.52392315864563,0.00721921818330884,2.541534900665283,1.3836727142333984,0.006452790927141905,0.5217440724372864,3.9289662837982178,4.6330718994140625,3.1768248081207275,0.16195151209831238,-2.013563871383667,-2.4780921936035156,-2.052462339401245,-1.867302417755127,-2.804523229598999,-3.537721872329712,-3.967606782913208,-3.858896493911743,-4.038923263549805,-5.285041332244873,-6.548058986663818,-6.8029632568359375,-7.193878650665283,-6.1625142097473145,-5.813271999359131,-6.057986259460449,-6.036279201507568,-5.821417331695557,-4.83854866027832,-5.141201972961426,-5.428246974945068,-5.6568474769592285,-5.734005928039551,-6.152508735656738
9.243019104003906,1.171113133430481,-3.349337577819824,-4.54824161529541,-10.757551193237305,-6.903716564178467,-5.87194299697876,-4.9307684898376465,-3.7452847957611084,-2.1180238723754883,1.3205687999725342,2.852860450744629,3.559114933013916,4.0235137939453125,4.037919998168945,6.819202899932861,6.709882736206055,2.982642650604248,0.8234708309173584,-0.038349639624357224,0.14638207852840424,0.1327521950006485,-0.13752490282058716,-1.1316792964935303,-1.918346643447876,-1.7770280838012695,-1.7266616821289062,-2.4577958583831787,-3.571272373199463,-4.787912368774414,-5.4732666015625,-6.012012004852295,-5.990898609161377,-5.490024089813232,-5.589054107666016,-5.573461532592773,-5.3475518226623535,-4.482049465179443,-4.521516799926758,-4.823760509490967,-4.894805908203125,-5.219933032989502,-5.508657932281494
5.195328235626221,-1.7476356029510498,-6.372547626495361,-11.528360366821289,-15.940546035766602,-10.886019706726074,-10.345145225524902,-8.62767219543457,-8.408912658691406,-3.506662368774414,3.892822504043579,3.3124146461486816,4.153110027313232,5.986443996429443,6.725061893463135,2.84971022605896,5.194101333618164,1.857248306274414,0.11266497522592545,0.782553493976593,2.5343377590179443,3.3418657779693604,2.3275835514068604,0.6811692118644714,-0.4993715286254883,-0.5056124925613403,-0.679236114025116,-0.9007906913757324,-2.013154983520508,-3.332287311553955,-4.195778846740723,-4.908438205718994,-5.364375591278076,-5.418177604675293,-5.156113624572754,-4.673389434814453,-4.628688335418701,-4.259378433227539,-3.989948034286499,-3.9936611652374268,-4.135828018188477,-4.5434465408325195,-4.71321964263916
0.31880930066108704,-3.4058620929718018,-4.943437576293945,-9.159224510192871,-15.157327651977539,-13.373549461364746,-13.08813190460205,-10.993941307067871,-7.647345066070557,-4.120156288146973,0.5228534936904907,3.4029653072357178,4.7475738525390625,5.314886569976807,5.310238361358643,1.424577236175537,-0.3846871852874756,3.5241825580596924,0.6468719244003296,1.8090118169784546,3.1239254474639893,3.3452236652374268,1.8396682739257812,0.7898801565170288,0.5061261653900146,0.582839846611023,0.9303861260414124,1.5079126358032227,0.45325323939323425,-1.1639925241470337,-2.7216014862060547,-3.959442615509033,-4.125527381896973,-4.661142349243164,-4.382506370544434,-3.7670953273773193,-3.5640876293182373,-3.419708251953125,-3.391063928604126,-3.2924327850341797,-3.4525928497314453,-3.514329671859741,-3.898228168487549
-0.006229504011571407,1.5520004034042358,1.1327956914901733,-4.150622844696045,-12.625734329223633,-12.643167495727539,-11.03166675567627,-8.951202392578125,-5.23127555847168,-1.0666348934173584,0.5984905958175659,0.8294144868850708,1.6239845752716064,3.3340916633605957,2.767927408218384,3.204369306564331,-1.4487923383712769,4.692154884338379,3.8695871829986572,5.122377395629883,4.896174907684326,3.275082588195801,0.6782979369163513,0.33461666107177734,0.5408594012260437,0.8420425653457642,-0.7347785234451294,-0.9496405124664307,-0.6290768980979919,-0.7215569615364075,-1.3561831712722778,-2.3953592777252197,-2.296860933303833,-3.5182549953460693,-3.732459306716919,-3.0494816303253174,-2.4670350551605225,-2.297750949859619,-2.389803886413574,-2.4216604232788086,-2.5202600955963135,-2.7595326900482178,-3.287604808807373
4.11149787902832,8.543744087219238,7.716551303863525,1.6283469200134277,-8.468374252319336,-10.234881401062012,-7.684926986694336,-5.54409646987915,-2.840719223022461,0.5082439184188843,2.0085458755493164,1.4353828430175781,2.3782548904418945,3.4730758666992188,2.1532890796661377,2.868784189224243,-3.66585373878479,-1.3798683881759644,2.9424026012420654,4.0209174156188965,1.3107881546020508,-2.479196071624756,-1.9685642719268799,1.9624338150024414,1.967409372329712,0.29808735847473145,2.2642266750335693,0.8917725682258606,1.1285274028778076,1.9752089977264404,-0.2615290880203247,-0.856188178062439,-0.7849850058555603,-2.2727818489074707,-2.6115808486938477,-1.9856754541397095,-1.8439364433288574,-1.4701071977615356,-1.3944240808486938,-1.574865698814392,-1.7724854946136475,-2.0452523231506348,-2.473220109939575
10.697240829467773,13.957449913024902,10.797378540039062,2.737628698348999,-4.860426425933838,-7.691447734832764,-6.395038604736328,-3.251974582672119,-0.6250035166740417,1.315291166305542,3.3611526489257812,3.0175297260284424,3.8936190605163574,3.969604969024658,2.4484245777130127,2.1883766651153564,-4.518273830413818,-4.495115756988525,-0.5744822025299072,-0.5707031488418579,-4.675951957702637,-7.906065464019775,-4.887667179107666,-1.0584971904754639,-1.5448312759399414,-4.668450832366943,-5.588901996612549,-6.081225872039795,-1.5044643878936768,2.1662697792053223,0.9258568286895752,0.5117878913879395,0.7805068492889404,-0.07867750525474548,-1.018599033355713,-1.2496287822723389,-0.6180328130722046,-0.12417568266391754,0.0069499691016972065,-0.0853329747915268,-0.479255735874176,-1.159368634223938,-1.8263784646987915
