data/wind_data/wind_71_1.json
{"header": {"parameterUnit": "KT", "parameterCategory": 2, "nx": 256, "ny": 198, "lo1": 44.73521041870117, "la1": -3.236724853515625, "lo2": 111.26478576660156, "la2": 43.468475341796875, "dx": 0.2609002888202667, "dy": -0.23708222806453705, "refTime": "2025-02-21 23:00:00", "forecastTime": 0, "parameterNumber": 2, "parameterNumberName": "eastward_wind"}, "data":
[rows 76 to 94 of 198, columns 86 to 128 of 256]
-2.246943950653076,-1.4028087854385376,-1.0311838388442993,-1.1769415140151978,-1.3199176788330078,-1.5413792133331299,-2.2605903148651123,-3.4932303428649902,-5.193028450012207,-6.438612461090088,-6.5473856925964355,-6.374226093292236,-5.543837070465088,-4.9150004386901855,-4.812222003936768,-4.871670246124268,-4.643077850341797,-3.7529797554016113,-2.2313990592956543,-0.9771645069122314,-0.7459155917167664,-0.30750301480293274,-1.526261329650879,-3.6515519618988037,-7.134720802307129,-11.934814453125,-11.958144187927246,-6.636801719665527,-2.6722655296325684,-3.2112910747528076,-3.7958641052246094,-2.3760623931884766,-2.586763381958008,-3.570598840713501,-4.009157657623291,-2.7445991039276123,-1.236886739730835,-0.7190228700637817,-2.171369791030884,-4.31718635559082,-5.471782207489014,-5.879413604736328,-3.6043171882629395
-2.19606351852417,-1.963489055633545,-1.5358359813690186,-1.4645313024520874,-1.5268203020095825,-1.6607004404067993,-2.130774736404419,-3.0781280994415283,-4.674831867218018,-6.672050952911377,-6.952976226806641,-6.2532525062561035,-5.086751937866211,-4.377407073974609,-4.540898323059082,-4.991957664489746,-5.508866786956787,-4.922171115875244,-3.376089334487915,-2.1301321983337402,-2.3652291297912598,-2.9408137798309326,-4.173886299133301,-4.8237409591674805,-7.410451412200928,-12.826983451843262,-10.909684181213379,-5.6279706954956055,-4.586150169372559,-5.4667277336120605,-3.8879237174987793,-3.154233455657959,-4.357994079589844,-3.5376808643341064,-2.674041271209717,-2.058546543121338,-1.519627332687378,-1.5556697845458984,-4.409132957458496,-5.910088062286377,-5.407866954803467,-4.666571140289307,-1.9152921438217163
-1.8658753633499146,-1.9719574451446533,-1.937542200088501,-1.9813765287399292,-2.2666075229644775,-2.3074724674224854,-2.306882381439209,-2.940744400024414,-4.146621227264404,-6.036829471588135,-6.847012996673584,-6.317079067230225,-5.502690315246582,-4.556534767150879,-4.922573566436768,-5.791709899902344,-6.376553535461426,-5.781446933746338,-4.320171356201172,-3.3208999633789062,-3.7247722148895264,-5.424163818359375,-6.682618618011475,-5.12260103225708,-7.833138942718506,-14.36672592163086,-9.216754913330078,-2.302630662918091,-3.919074535369873,-7.883968353271484,-5.7109479904174805,-3.8687756061553955,-2.015976667404175,-0.674734354019165,-0.9324991106987,-2.6863958835601807,-2.890709400177002,-2.081840991973877,-4.062694072723389,-5.526954650878906,-4.426379680633545,-3.1511752605438232,-0.25708886981010437
-1.8261451721191406,-1.6070612668991089,-1.537162184715271,-1.8260252475738525,-2.4968090057373047,-2.8791558742523193,-2.837132692337036,-3.0044021606445312,-3.5274627208709717,-4.464696407318115,-6.177494049072266,-6.8458428382873535,-5.941010475158691,-5.083303451538086,-5.4895806312561035,-6.594180107116699,-6.890631675720215,-6.0444183349609375,-4.890040874481201,-4.185805797576904,-5.137234687805176,-7.25031042098999,-8.154369354248047,-5.569878578186035,-9.266915321350098,-15.798040390014648,-7.619142532348633,-1.0280685424804688,-7.994145393371582,-10.026681900024414,-6.948605060577393,-4.176130771636963,-2.2441272735595703,-2.641871690750122,-5.8691086769104,-7.025178909301758,-5.649370193481445,-4.0300116539001465,-3.009019613265991,-3.1890933513641357,-3.739617109298706,-1.9493309259414673,1.6097960472106934
-1.9345182180404663,-1.26573646068573,-1.3150571584701538,-1.8786875009536743,-2.6015753746032715,-2.9492032527923584,-2.9995646476745605,-3.1934778690338135,-3.3008921146392822,-3.767242670059204,-4.731434345245361,-5.9766693115234375,-6.269478797912598,-5.416718006134033,-5.23565673828125,-6.484847068786621,-6.905606269836426,-6.244290828704834,-5.424951076507568,-5.287996768951416,-6.715152740478516,-7.223910331726074,-7.107025623321533,-4.646966934204102,-10.1647367477417,-16.26470947265625,-8.870256423950195,-6.825145244598389,-9.803258895874023,-4.255377292633057,-2.0938994884490967,-2.4186437129974365,-3.2302310466766357,-4.294889450073242,-8.142363548278809,-8.785011291503906,-5.5115647315979,-3.8950650691986084,-3.4445345401763916,-2.450873613357544,-1.5815194845199585,1.3420665264129639,3.597336530685425
-1.9401570558547974,-1.4868329763412476,-1.5879292488098145,-2.1752188205718994,-2.6617541313171387,-2.834502935409546,-2.808565855026245,-2.916663646697998,-3.108739137649536,-3.5793356895446777,-4.057981967926025,-4.790947914123535,-5.306338310241699,-5.0779547691345215,-4.442691802978516,-5.320446491241455,-6.500513553619385,-6.421287536621094,-6.206575393676758,-6.727807998657227,-8.490584373474121,-6.15685510635376,-2.910158157348633,-5.843578338623047,-13.79729175567627,-14.42612361907959,-8.107404708862305,-4.223966598510742,-4.7121381759643555,-0.3527466952800751,1.1680017709732056,-2.47768497467041,-4.1914143562316895,-4.36143159866333,-7.861285209655762,-7.2066144943237305,-4.48622465133667,-3.4885451793670654,-2.054419994354248,0.1500626504421234,2.1462461948394775,4.394662857055664,3.4930613040924072
-2.103484869003296,-1.83029305934906,-2.166788339614868,-2.751296281814575,-2.9191396236419678,-2.7089803218841553,-2.396526336669922,-2.3186938762664795,-2.5551207065582275,-3.179039478302002,-3.553117275238037,-3.582324504852295,-3.781430244445801,-4.114940643310547,-3.6649742126464844,-3.7721095085144043,-5.754644393920898,-6.776955604553223,-7.085205554962158,-8.003425598144531,-9.068953514099121,-7.260580062866211,-4.1734232902526855,-8.358283996582031,-16.718204498291016,-14.860950469970703,-6.725008487701416,2.066732406616211,2.184847116470337,3.0478744506835938,3.447831392288208,-0.9140632748603821,-4.484682559967041,-7.950863838195801,-10.887451171875,-7.711759567260742,-3.5272858142852783,-1.141277551651001,0.10674797743558884,1.8067004680633545,4.700129508972168,4.687809944152832,1.4147974252700806
-2.229120969772339,-2.3174755573272705,-2.8239424228668213,-3.202077865600586,-3.0017354488372803,-2.52091646194458,-2.0362367630004883,-1.7843375205993652,-1.7833057641983032,-2.192235231399536,-2.551363945007324,-2.4333481788635254,-2.260939836502075,-2.850674867630005,-3.014772415161133,-2.648212194442749,-4.512413501739502,-6.874402046203613,-7.87644100189209,-8.56480598449707,-8.27493667602539,-6.774058818817139,-4.469694137573242,-10.909021377563477,-17.2391357421875,-12.748448371887207,-5.060578346252441,3.349059820175171,4.779792308807373,1.8437637090682983,-2.3093254566192627,-6.451652526855469,-6.165315628051758,-7.142536163330078,-6.520578384399414,-4.626889228820801,-4.620182037353516,-2.9662270545959473,1.7490259408950806,4.856746673583984,6.115866184234619,1.707322597503662,0.4201567471027374
-2.0921120643615723,-2.8351008892059326,-3.3253531455993652,-3.237294912338257,-2.7006587982177734,-2.0232887268066406,-1.6106315851211548,-1.3374840021133423,-1.0305193662643433,-1.0350282192230225,-1.317505955696106,-1.353622317314148,-0.8881315588951111,-1.6206324100494385,-2.118298053741455,-2.169354200363159,-3.2442691326141357,-6.433456897735596,-8.34660816192627,-8.820568084716797,-7.78123664855957,-5.054094314575195,-4.1528849601745605,-12.041824340820312,-17.05391502380371,-10.942214012145996,-2.689962387084961,1.4301530122756958,1.8404638767242432,-1.982701301574707,-5.450285911560059,-7.081618309020996,-7.534876346588135,-6.755352020263672,-3.8844146728515625,-0.6942396759986877,-0.3043801486492157,-1.5426350831985474,0.504562258720398,5.698977470397949,5.053324222564697,-0.19996638596057892,0.22084175050258636
-2.1331229209899902,-3.0654730796813965,-3.43276047706604,-2.9085192680358887,-2.096017837524414,-1.3162274360656738,-1.2064324617385864,-0.9123486876487732,-0.3784303069114685,0.014796319417655468,-0.1101485937833786,-0.31290072202682495,0.18738989531993866,-0.4747796356678009,-1.0063974857330322,-1.9916939735412598,-2.574967622756958,-5.3719987869262695,-7.943347930908203,-8.578875541687012,-8.4111328125,-5.6902594566345215,-5.452739238739014,-13.534788131713867,-16.093948364257812,-10.293998718261719,-2.6552348136901855,-1.8442631959915161,-3.1420135498046875,-3.5821287631988525,-4.745152950286865,-7.342477798461914,-6.899610996246338,-4.5884857177734375,-1.8254023790359497,-0.1791095733642578,0.6948644518852234,1.8550801277160645,1.934562087059021,3.6041433811187744,3.7418746948242188,2.361083507537842,2.635185956954956
-2.208911657333374,-3.1900014877319336,-3.241615056991577,-2.38761830329895,-1.344599723815918,-0.8416892886161804,-1.049672245979309,-0.690894365310669,-0.047151919454336166,0.804701030254364,0.9840318560600281,0.8786197900772095,1.1422395706176758,0.7053960561752319,-0.01643226481974125,-1.253188133239746,-2.587968111038208,-3.938053607940674,-6.500589370727539,-7.47770357131958,-8.435222625732422,-6.946758270263672,-4.232072830200195,-12.369583129882812,-16.793067932128906,-12.681879043579102,-6.438271522521973,-3.9802944660186768,-3.1812286376953125,-2.066178798675537,-3.08835506439209,-4.472268104553223,-3.1808605194091797,-1.0954583883285522,0.18769370019435883,1.363277554512024,2.240227460861206,3.3453354835510254,4.047806262969971,3.5251994132995605,0.26543331146240234,1.2886043787002563,3.4519755840301514
-1.967672348022461,-3.0043771266937256,-2.809216260910034,-1.6897205114364624,-0.7321262955665588,-0.9714056253433228,-1.1072193384170532,-0.6221622228622437,0.03392136096954346,1.0093861818313599,1.6020915508270264,1.9495543241500854,2.0307652950286865,1.8929840326309204,0.9800382256507874,0.0882255882024765,-2.2903988361358643,-3.0613038539886475,-4.860812664031982,-6.0790534019470215,-6.9591240882873535,-7.221220016479492,-4.072726726531982,-7.392035007476807,-16.62190055847168,-15.369333267211914,-8.372286796569824,-1.1040618419647217,1.6232104301452637,2.0573208332061768,1.7173258066177368,1.1003738641738892,-0.7710791826248169,0.060906846076250076,1.080339789390564,1.3757051229476929,0.992465078830719,1.3964672088623047,1.898672103881836,-0.02157808095216751,-1.327500820159912,-1.3308229446411133,-0.7630477547645569
-1.6323210000991821,-2.6778435707092285,-2.2412683963775635,-1.1820858716964722,-0.7705345749855042,-1.4608055353164673,-1.0868927240371704,-0.6217578053474426,-0.052213698625564575,0.7609684467315674,1.550646424293518,2.561641216278076,2.779799699783325,2.7491910457611084,1.7940254211425781,1.231049656867981,-0.8417842388153076,-2.8747432231903076,-4.059652328491211,-5.267148494720459,-4.817266941070557,-5.3829569816589355,-4.6044535636901855,-5.186636924743652,-14.705231666564941,-16.116579055786133,-8.368634223937988,1.3925206661224365,4.578555583953857,4.704179763793945,4.134883403778076,2.3671188354492188,-0.9987360239028931,-0.5746905207633972,-0.34517404437065125,-0.6282222270965576,-0.8524813055992126,-1.3495656251907349,-2.1565864086151123,-2.152615785598755,-0.6588438749313354,-0.3735232651233673,-2.1721973419189453
-1.1412516832351685,-1.9607014656066895,-1.5104557275772095,-0.9450606107711792,-1.4573339223861694,-1.7100584506988525,-0.9333805441856384,-0.6846539974212646,-0.29168900847435,0.18668575584888458,1.0794740915298462,2.4985036849975586,3.1057865619659424,3.1560401916503906,2.3290786743164062,1.7873263359069824,0.5805999040603638,-1.916008710861206,-3.488929510116577,-5.306413173675537,-4.065957546234131,-3.4939475059509277,-5.083930015563965,-10.326987266540527,-14.371846199035645,-13.55235767364502,-6.232116222381592,1.9469126462936401,3.942363739013672,4.013608455657959,2.092818260192871,-4.140260696411133,-3.3343851566314697,-1.2796515226364136,-1.906459093093872,-2.450082778930664,-1.747878909111023,-1.3312174081802368,-1.0938464403152466,1.4807987213134766,1.9000158309936523,1.2423866987228394,1.4610979557037354
-0.7100902795791626,-1.2856593132019043,-1.0699126720428467,-1.4021190404891968,-2.08293080329895,-1.5927082300186157,-0.8743406534194946,-0.8244080543518066,-0.5753903388977051,-0.29012784361839294,0.6541140675544739,2.046717405319214,3.0442535877227783,2.9869065284729004,2.258554697036743,1.823798418045044,1.1738280057907104,-0.3819156885147095,-2.333458185195923,-5.102851867675781,-4.131808280944824,-3.371196746826172,-7.5513916015625,-12.969447135925293,-13.814204216003418,-9.872735977172852,-3.0875682830810547,0.14211101830005646,0.8771144151687622,-0.19473549723625183,-5.462066650390625,-5.916082382202148,-2.2092676162719727,-0.2250826209783554,-1.9119157791137695,-3.0326309204101562,-1.8973232507705688,-0.6358804702758789,0.39523810148239136,2.7752573490142822,4.754255771636963,3.8959836959838867,3.294440984725952
-0.3500629663467407,-0.8587536811828613,-1.393263578414917,-2.3070991039276123,-2.4035861492156982,-1.5307295322418213,-0.8571835160255432,-0.906457781791687,-0.9907039999961853,-0.4399263262748718,0.4475744962692261,1.6288437843322754,2.575512170791626,2.580630302429199,1.3494563102722168,1.274443507194519,1.2774312496185303,0.7261711955070496,-0.8885208368301392,-4.3062543869018555,-5.053940773010254,-2.7634494304656982,-7.533860683441162,-13.282099723815918,-12.862139701843262,-9.223519325256348,-4.32523250579834,-2.175568103790283,-0.824904203414917,-0.5869596600532532,-4.27015495300293,-5.832800388336182,-2.7958157062530518,-0.9643920063972473,-2.6243879795074463,-2.3421478271484375,0.5045167207717896,1.6064908504486084,1.1793028116226196,2.6996402740478516,5.016706466674805,5.693504810333252,3.624555826187134
-0.2602178156375885,-0.9627111554145813,-2.1581995487213135,-2.997316360473633,-2.5946505069732666,-1.56316339969635,-0.7198900580406189,-0.7201179265975952,-1.4009801149368286,-0.6702665090560913,-0.058935243636369705,1.2516238689422607,1.8208566904067993,1.4971554279327393,0.5686114430427551,1.1310218572616577,1.2057353258132935,0.8726359009742737,-0.21893230080604553,-2.6972646713256836,-4.986912250518799,-2.4624481201171875,-4.400274276733398,-11.632328033447266,-12.99364948272705,-11.662803649902344,-7.322096347808838,-1.4381954669952393,2.299816131591797,4.67479133605957,0.39800265431404114,-5.12343692779541,-4.516121864318848,-3.013188600540161,-2.7470357418060303,-0.5032575726509094,2.9831414222717285,3.950875759124756,2.3295319080352783,2.0988199710845947,2.819859743118286,2.656155824661255,2.5330984592437744
-0.36726614832878113,-1.4231035709381104,-2.7164785861968994,-3.1183602809906006,-2.530364751815796,-1.4851521253585815,-0.37863889336586,-0.3254684805870056,-1.5177439451217651,-1.3238743543624878,-1.1666656732559204,0.41918373107910156,1.220733642578125,0.4163617193698883,0.15137414634227753,1.1433770656585693,1.1132380962371826,0.8365280032157898,-0.3431846499443054,-2.743926763534546,-4.571621417999268,-3.1905877590179443,-1.9312824010849,-8.277835845947266,-12.629537582397461,-13.002862930297852,-8.861821174621582,-1.2330305576324463,2.655667304992676,4.491922855377197,3.8707115650177,1.2097729444503784,-3.1853299140930176,-3.8626909255981445,-2.2129740715026855,0.7644169330596924,3.257962465286255,2.8451225757598877,0.7631098031997681,-1.3373736143112183,-2.0454041957855225,-0.6500750780105591,1.4507931470870972
-0.6089591383934021,-1.8582427501678467,-2.6120972633361816,-2.688643455505371,-2.0654773712158203,-1.1826432943344116,-0.04470374807715416,-0.21069732308387756,-1.355589747428894,-2.1423332691192627,-2.4180188179016113,-1.1614636182785034,-0.43078336119651794,-1.5898666381835938,-0.7957000732421875,1.5083940029144287,2.462977409362793,2.2771859169006348,0.12757645547389984,-3.090963363647461,-4.089320182800293,-3.1751160621643066,-2.023681402206421,-2.9907419681549072,-8.336483001708984,-12.17971420288086,-9.944925308227539,-3.080836057662964,2.170644521713257,4.0223822593688965,3.6174893379211426,2.856295347213745,0.23106971383094788,-2.730177640914917,-1.4457001686096191,0.12827414274215698,0.24824045598506927,-0.6019352674484253,-1.7542096376419067,-3.01413631439209,-3.8728060722351074,-2.477267026901245,-1.7861981391906738
