data/wind_data/wind_8_0.json
{"header": {"parameterUnit": "KT", "parameterCategory": 2, "nx": 255, "ny": 198, "lo1": 44.73521041870117, "la1": -3.236724853515625, "lo2": 111.26478576660156, "la2": 43.468475341796875, "dx": 0.26192745566368103, "dy": -0.23708222806453705, "refTime": "2025-02-19 08:00:00", "forecastTime": 0, "parameterNumber": 3, "parameterNumberName": "northward_wind"}, "data":
[rows 57 to 75 of 198, columns 0 to 42 of 255]
-0.9622402787208557,-1.6602433919906616,-2.2447142601013184,-3.124769687652588,-4.473666667938232,-4.759498596191406,-5.374186992645264,-5.342789649963379,-6.061016082763672,-6.5945353507995605,-6.873910903930664,-7.191422462463379,-6.978908061981201,-6.29471492767334,-5.195196628570557,-4.696474075317383,-4.339152812957764,-5.346927642822266,-6.425721168518066,-7.791377067565918,-9.336610794067383,-9.283740997314453,-2.8734874725341797,2.0794031620025635,1.1712568998336792,0.10771102458238602,-0.9174863696098328,-1.3535141944885254,-1.760215163230896,-2.0059759616851807,-2.369722604751587,-2.472249746322632,-3.1691505908966064,-4.242857933044434,-5.250569820404053,-6.099364757537842,-6.2440571784973145,-5.932870864868164,-5.092880725860596,-4.574998378753662,-4.278480529785156,-4.66316032409668,-5.214801788330078
-0.6066664457321167,-1.2385334968566895,-1.6875181198120117,-2.624131441116333,-4.31065034866333,-4.360466003417969,-5.2355499267578125,-5.396296501159668,-5.153013229370117,-5.271707534790039,-6.411943435668945,-6.99777364730835,-7.2172369956970215,-6.364402770996094,-4.646788120269775,-3.175393581390381,-2.557117462158203,-3.0757076740264893,-3.946073055267334,-4.5065202713012695,-5.980293273925781,-9.36320686340332,-9.843668937683105,-1.6866353750228882,0.29840320348739624,1.3436905145645142,-1.3639827966690063,-1.2662802934646606,-0.791782557964325,-1.1512658596038818,-1.6557060480117798,-2.261275053024292,-2.675431728363037,-3.1434953212738037,-3.8354926109313965,-5.162452697753906,-6.126842021942139,-5.502130508422852,-5.390410900115967,-5.4304609298706055,-5.502194404602051,-5.082871913909912,-4.849451541900635
-0.5411956310272217,-1.2514183521270752,-1.6608543395996094,-2.2267520427703857,-3.2164058685302734,-3.9873459339141846,-4.612406253814697,-5.0104522705078125,-4.7946906089782715,-4.457702159881592,-4.9017181396484375,-4.871014595031738,-5.653731822967529,-6.202146530151367,-5.209500312805176,-3.2756855487823486,-2.4430394172668457,-2.610570192337036,-2.5800423622131348,-2.5596747398376465,-3.0434703826904297,-4.668991565704346,-6.316166400909424,-4.734587669372559,-0.2670561969280243,0.5030678510665894,-1.6873992681503296,-1.665761947631836,-0.9306040406227112,0.21675361692905426,0.18931007385253906,-1.5402448177337646,-2.806140422821045,-1.5650297403335571,2.567418098449707,-0.7711796760559082,-5.757144927978516,-5.383637428283691,-5.548290729522705,-4.942511081695557,-5.0779619216918945,-4.536310195922852,-4.320075511932373
-0.6041407585144043,-1.3950132131576538,-1.7962268590927124,-2.1382248401641846,-2.617762327194214,-3.2716283798217773,-3.748913526535034,-4.2861328125,-4.790456295013428,-4.929066181182861,-4.48957633972168,-4.492930889129639,-4.838998794555664,-5.410747528076172,-5.769660949707031,-4.497439384460449,-2.6535933017730713,-1.9110373258590698,-1.6722407341003418,-1.2280491590499878,-1.480234980583191,-2.28098464012146,-2.3740246295928955,-1.336350679397583,-0.2927244305610657,-0.952549397945404,-1.8545585870742798,-2.3680994510650635,-2.069120407104492,-1.404648780822754,-0.8976066708564758,-2.145517110824585,-3.8837902545928955,-3.7711973190307617,-0.622156023979187,-2.3563523292541504,-0.713119387626648,-5.686872959136963,-4.466192245483398,-4.7974748611450195,-4.395145893096924,-4.437269687652588,-4.237704753875732
-0.3225703537464142,-0.8384830951690674,-1.1996747255325317,-1.5126714706420898,-1.677125096321106,-2.2838613986968994,-2.7722504138946533,-2.9855422973632812,-3.252307653427124,-3.581195116043091,-4.215764999389648,-4.750835418701172,-4.463573455810547,-4.0328850746154785,-4.2385053634643555,-4.474453926086426,-3.3866214752197266,-1.8341306447982788,-1.5335276126861572,-1.4577641487121582,-1.3515872955322266,-1.8118983507156372,-1.8521186113357544,-1.2334210872650146,-0.5733659863471985,-0.6925340890884399,-1.387048363685608,-2.3630642890930176,-2.9242658615112305,-2.5317811965942383,-2.2923052310943604,-3.058074712753296,-4.3456339836120605,-5.942158222198486,-6.419761657714844,-7.150515079498291,-2.455798864364624,-2.1074671745300293,-3.349255084991455,-3.737539768218994,-3.6405739784240723,-3.8392088413238525,-4.04731559753418
0.41619154810905457,0.9294823408126831,0.7249552607536316,-0.22345396876335144,-1.2725013494491577,-1.3338831663131714,-1.2982865571975708,-1.0881357192993164,-1.7192291021347046,-2.4254231452941895,-3.3353004455566406,-3.887085437774658,-3.88026762008667,-3.678222179412842,-3.2165963649749756,-3.1204068660736084,-3.022831678390503,-2.449183225631714,-1.6665698289871216,-1.4734419584274292,-0.9571144580841064,-0.9092558026313782,-0.667930006980896,-0.42459988594055176,-0.47074228525161743,-0.5964147448539734,-1.083962082862854,-1.9323304891586304,-2.2046751976013184,-2.165897846221924,-2.054194927215576,-2.0396769046783447,-2.45011305809021,-3.1948111057281494,-2.9857640266418457,-3.793034553527832,-5.103889465332031,-0.7196693420410156,-2.6852781772613525,-2.586318254470825,-2.9616572856903076,-3.1843247413635254,-3.432926654815674
2.1930718421936035,3.246553421020508,3.0573439598083496,2.18959379196167,0.1755768358707428,-1.510892629623413,-0.9683665633201599,0.0950276330113411,0.06977849453687668,-0.6940239667892456,-2.1443159580230713,-3.4490556716918945,-3.3775436878204346,-2.5383946895599365,-2.1827330589294434,-1.880689263343811,-1.9508079290390015,-1.7904701232910156,-1.3378684520721436,-1.1640554666519165,-0.4199112057685852,0.027220141142606735,0.4569868743419647,0.414309561252594,0.290520578622818,-0.06317687779664993,-0.592268168926239,-1.0853756666183472,-1.572952389717102,-1.7759077548980713,-1.3225781917572021,-0.7252421379089355,-0.6001102924346924,-0.8007360100746155,-1.0531625747680664,-0.867546558380127,-0.9017491340637207,-1.6378906965255737,-1.577845573425293,-2.1926209926605225,-2.2899413108825684,-2.4885637760162354,-2.7198691368103027
4.44027042388916,4.719483852386475,5.521236419677734,5.795485019683838,3.5268166065216064,1.4890953302383423,1.4191195964813232,2.6622889041900635,3.6102242469787598,2.809434413909912,-0.10581346601247787,-2.8861072063446045,-2.648880958557129,-1.6260507106781006,-1.3432108163833618,-1.4110034704208374,-1.4842209815979004,-1.2777410745620728,-1.0838080644607544,-0.857805073261261,-0.3075331449508667,0.24972055852413177,0.6641143560409546,0.6538002490997314,0.8499042391777039,0.8958300352096558,0.5821663737297058,0.3688492476940155,-0.22059690952301025,-0.7129114270210266,-0.8752747774124146,-0.7880390882492065,-0.7273839712142944,-0.6544140577316284,-0.6138331890106201,-0.7057591676712036,-0.9032939076423645,-0.65726238489151,-1.0671204328536987,-1.3513579368591309,-1.7714952230453491,-2.17256760597229,-2.482482433319092
4.775744438171387,4.864376068115234,6.416128158569336,8.068421363830566,6.618160247802734,4.571141242980957,4.319657802581787,4.592158317565918,4.999537467956543,4.319777488708496,2.92392897605896,0.7591293454170227,-1.2760978937149048,-0.4518418610095978,-0.7116813659667969,-1.1259549856185913,-1.7171351909637451,-1.7886282205581665,-1.4791635274887085,-0.795785129070282,-0.7418612837791443,-0.37630000710487366,-0.054121002554893494,0.05577743798494339,0.019238349050283432,0.35746920108795166,0.47687920928001404,0.5625327229499817,0.6732642650604248,0.6628753542900085,0.39098870754241943,0.2453315407037735,0.17271341383457184,0.07226736843585968,-0.15141791105270386,-0.41570642590522766,-0.5616353154182434,-0.7979165315628052,-0.876899003982544,-1.1322615146636963,-1.5772124528884888,-2.032404899597168,-2.380492687225342
3.5122129917144775,3.728825330734253,5.653086185455322,7.516923904418945,7.785194396972656,6.629884719848633,6.631348133087158,6.286712646484375,5.610869884490967,5.237209320068359,3.9330825805664062,3.0976293087005615,3.0677387714385986,4.172666072845459,3.127279758453369,0.6101084351539612,-1.9415619373321533,-1.5209681987762451,-1.240112543106079,-1.1169624328613281,-0.9857075810432434,-0.7741327285766602,-0.6220540404319763,-0.5346947908401489,-0.7426245808601379,-0.5588741898536682,-0.33565494418144226,-0.003832298330962658,0.3624148964881897,0.7073548436164856,0.8619423508644104,0.7953847646713257,0.5510101914405823,0.27299606800079346,0.07608870416879654,-0.17468474805355072,-0.4190217852592468,-0.5257715582847595,-0.743015468120575,-1.0838181972503662,-1.5824204683303833,-1.9801321029663086,-2.326402187347412
2.4413607120513916,2.3011441230773926,3.1131365299224854,3.666816473007202,3.439486503601074,6.688343524932861,8.084680557250977,8.527464866638184,7.692811965942383,6.375739574432373,4.1891632080078125,3.738517999649048,5.208395481109619,5.3811354637146,5.061856269836426,3.237138032913208,0.13362190127372742,-1.7316137552261353,-1.5967458486557007,-1.4774986505508423,-1.1411752700805664,-0.7944213151931763,-0.6863344311714172,-0.5240123271942139,-0.6382802724838257,-0.8929442763328552,-1.058465600013733,-0.9026357531547546,-0.5806305408477783,-0.10176436603069305,0.33435487747192383,0.5328481793403625,0.5166780948638916,0.3439166247844696,0.12495394051074982,-0.09772127121686935,-0.23964723944664001,-0.35485294461250305,-0.6603088974952698,-0.9990785121917725,-1.4285894632339478,-1.7835150957107544,-2.151367664337158
1.6278316974639893,0.8080731630325317,0.15077228844165802,-0.889390230178833,-3.578500747680664,-1.714000940322876,0.3870605230331421,6.950421333312988,7.325782299041748,6.774407863616943,5.759372234344482,5.5775370597839355,5.485126972198486,6.0346879959106445,6.676529884338379,5.745710372924805,3.5750961303710938,0.5313020944595337,-1.729378342628479,-1.4776337146759033,-1.3989359140396118,-0.8326191902160645,-0.7064428329467773,-0.6738632321357727,-0.5754592418670654,-0.9237495064735413,-1.2800620794296265,-1.3284718990325928,-1.1987637281417847,-0.9360096454620361,-0.628665566444397,-0.3879125714302063,-0.23250603675842285,-0.12772905826568604,0.041325002908706665,0.07715298235416412,-0.10010328888893127,-0.40251874923706055,-0.7598719596862793,-1.029163122177124,-1.1900640726089478,-1.3702178001403809,-1.6090410947799683
1.0006340742111206,-0.5029096603393555,-1.631489634513855,-3.5857200622558594,-6.440004825592041,-6.50753116607666,-4.578915119171143,2.2635929584503174,5.4173126220703125,7.072251796722412,7.8121209144592285,7.770354270935059,8.079235076904297,9.565633773803711,9.988354682922363,8.470575332641602,6.889814376831055,4.73756742477417,2.6361687183380127,2.2880232334136963,1.8055394887924194,1.0787758827209473,-1.000205636024475,-1.1547131538391113,-1.0755741596221924,-1.2801450490951538,-1.9323657751083374,-1.6942811012268066,-1.5771626234054565,-1.5127596855163574,-1.3419408798217773,-1.1901062726974487,-0.9496298432350159,-0.6887642741203308,-0.40797755122184753,-0.1392730325460434,-0.14556267857551575,-0.4039836525917053,-0.7575589418411255,-0.9908307790756226,-1.050932765007019,-1.0161324739456177,-0.9837735891342163
0.668914258480072,-1.1194767951965332,-2.7272584438323975,-4.362921714782715,-6.348575592041016,-5.293263912200928,-2.746497869491577,0.5048443675041199,3.9071013927459717,5.496120452880859,7.436490058898926,7.690777778625488,7.942803859710693,8.841004371643066,8.471064567565918,8.297986030578613,10.62179946899414,8.953313827514648,7.527897357940674,6.448705673217773,6.1090569496154785,5.171604156494141,2.510871410369873,1.6479142904281616,0.7107341289520264,-1.4499263763427734,-2.5801053047180176,-2.77968168258667,-2.4004790782928467,-2.2061657905578613,-1.9895663261413574,-1.7409942150115967,-1.5035395622253418,-1.382076621055603,-1.2656081914901733,-0.9738807678222656,-0.7857226729393005,-0.7595987915992737,-0.7591966390609741,-0.7692878246307373,-0.7738406658172607,-0.80913907289505,-0.7458263635635376
0.5834602117538452,-1.2516998052597046,-2.9209766387939453,-3.976624011993408,-5.779531955718994,-4.343671798706055,-2.0331737995147705,2.1885790824890137,4.2892680168151855,2.1803579330444336,2.856959104537964,4.967275142669678,5.254819393157959,4.54672384262085,3.151749610900879,4.5267486572265625,11.371014595031738,12.318063735961914,11.330961227416992,10.501622200012207,9.968039512634277,9.145902633666992,7.578834533691406,6.38285493850708,4.953790664672852,3.207509994506836,0.6057792901992798,-3.2532384395599365,-3.175924062728882,-3.6919660568237305,-3.0262703895568848,-2.3317291736602783,-1.9856988191604614,-1.9570070505142212,-2.033867359161377,-1.9969921112060547,-1.8730496168136597,-1.6935194730758667,-1.4095375537872314,-1.085962176322937,-0.873262345790863,-0.8920782804489136,-0.8998427391052246
0.3590964078903198,-1.0444611310958862,-2.2062337398529053,-3.080498456954956,-4.749383449554443,-3.303382158279419,-0.4271275997161865,3.008986234664917,4.533408164978027,-0.00797775387763977,-2.0316550731658936,-1.1866321563720703,-0.9271652698516846,-0.8030291199684143,-0.8735538125038147,1.2749477624893188,7.870431900024414,10.740105628967285,10.834948539733887,10.831408500671387,11.840096473693848,11.9313325881958,10.313529014587402,9.054726600646973,7.954217433929443,6.13607120513916,3.6894149780273438,0.8040469884872437,-0.15257705748081207,-5.5925140380859375,-4.626855850219727,-3.121251344680786,-2.4885330200195312,-2.2535440921783447,-2.1729226112365723,-2.1452412605285645,-2.2676055431365967,-2.3779456615448,-2.301571846008301,-2.087953567504883,-1.7266356945037842,-1.4948538541793823,-1.3080933094024658
-0.018897566944360733,0.015415285713970661,-0.7775922417640686,-1.7322145700454712,-3.782392978668213,-3.871025562286377,-0.8999208211898804,2.8835415840148926,5.119956970214844,1.612053394317627,-1.6910278797149658,-3.5412333011627197,-2.433981418609619,-0.6095163822174072,0.010001151822507381,1.2679911851882935,4.878692626953125,5.983123302459717,3.4988138675689697,2.0130772590637207,4.275397300720215,9.168411254882812,11.230009078979492,11.310502052307129,10.430447578430176,7.830060005187988,6.9707722663879395,5.730854511260986,1.231337308883667,-5.677906513214111,-5.266173839569092,-3.089759111404419,-2.445636034011841,-2.0661349296569824,-1.73630690574646,-1.515501618385315,-1.5473053455352783,-1.6830358505249023,-1.7890568971633911,-1.8215820789337158,-1.8629016876220703,-1.7948020696640015,-1.57156503200531
-0.2279292345046997,1.9567838907241821,0.6369853615760803,-1.100071907043457,-3.138380289077759,-2.9112019538879395,-0.7201071381568909,2.258269786834717,4.657336711883545,3.8494060039520264,2.0241446495056152,1.2333627939224243,2.8939521312713623,4.202487945556641,3.668811082839966,3.618358612060547,5.123812198638916,3.959730386734009,0.022829897701740265,-1.682897925376892,-0.8466199040412903,4.288465976715088,8.844006538391113,9.240445137023926,7.9359049797058105,7.081852912902832,6.307438850402832,3.1096086502075195,-0.0342194028198719,-3.0078985691070557,-3.3939642906188965,-1.9143121242523193,-1.3855961561203003,-1.3407846689224243,-1.1128671169281006,-0.8803328275680542,-0.7099672555923462,-0.7109572291374207,-0.7646377682685852,-0.8551325798034668,-0.9135174751281738,-0.9738041758537292,-0.968683660030365
1.4065369367599487,3.6755685806274414,1.2508742809295654,-1.7194180488586426,-3.2760214805603027,-2.768590211868286,-0.8513909578323364,1.363019585609436,3.783073902130127,5.194568157196045,5.778196334838867,6.021602630615234,6.500694751739502,6.977466106414795,6.304617404937744,6.373405933380127,6.933660507202148,5.171478271484375,2.423780918121338,1.7783147096633911,2.6421172618865967,4.830623626708984,6.440323829650879,4.6547746658325195,2.481330633163452,3.051988124847412,2.694545269012451,1.640968680381775,1.7104288339614868,1.9949008226394653,0.3484203517436981,0.6903572082519531,0.4022480547428131,-0.17091193795204163,-0.13469107449054718,0.19978487491607666,0.13119332492351532,0.2569041848182678,0.5996527075767517,0.8436673879623413,0.7879850268363953,0.4816009998321533,0.3086872100830078
