data/wind_data/wind_8_2.json
{"header": {"parameterUnit": "KT", "parameterCategory": 2, "nx": 256, "ny": 198, "lo1": 44.73521041870117, "la1": -3.236724853515625, "lo2": 111.26478576660156, "la2": 43.468475341796875, "dx": 0.2609002888202667, "dy": -0.23708222806453705, "refTime": "2025-02-19 08:00:00", "forecastTime": 0, "parameterNumber": 2, "parameterNumberName": "eastward_wind"}, "data":
[rows 38 to 56 of 198, columns 129 to 171 of 256]
-4.64988374710083,-1.2703032493591309,1.779822826385498,3.79911208152771,4.001026630401611,2.5521607398986816,1.4398213624954224,5.530734062194824,6.681534767150879,0.564735472202301,-5.834193706512451,-7.6325459480285645,-6.365835666656494,-7.23731803894043,-9.043349266052246,-6.013303279876709,-8.067687034606934,-7.202779293060303,-7.929660320281982,-8.270833969116211,-9.464481353759766,-9.678050994873047,-9.129047393798828,-8.998208045959473,-8.843883514404297,-8.906718254089355,-9.00837230682373,-9.024001121520996,-8.732837677001953,-8.523869514465332,-8.705974578857422,-8.846633911132812,-8.514270782470703,-8.29903793334961,-8.275650978088379,-8.665632247924805,-9.307380676269531,-9.76291275024414,-9.994209289550781,-9.967427253723145,-8.925774574279785,-8.237552642822266,-8.67171573638916
-5.836956024169922,-4.180013179779053,-2.158190965652466,-0.7065529227256775,-0.3250751793384552,-0.3385966122150421,0.6349579691886902,4.3393354415893555,2.286363363265991,0.9372206330299377,-3.0127885341644287,-5.480014324188232,-5.83331823348999,-6.433352470397949,-7.389634132385254,-6.0816216468811035,-7.0602593421936035,-6.784564971923828,-7.195754051208496,-7.316732883453369,-8.245109558105469,-9.446178436279297,-9.216558456420898,-8.940775871276855,-8.749211311340332,-8.677096366882324,-8.631440162658691,-8.609448432922363,-8.5044584274292,-8.324911117553711,-8.328386306762695,-8.41272258758545,-8.314519882202148,-7.958657264709473,-7.760312080383301,-8.127326965332031,-8.79843521118164,-9.546196937561035,-10.244194984436035,-10.410560607910156,-9.65047550201416,-8.671137809753418,-8.736358642578125
-6.982115268707275,-5.854739189147949,-4.880912780761719,-4.067854881286621,-2.8278632164001465,-1.8705470561981201,-1.1545614004135132,1.3591279983520508,-3.4956231117248535,-2.5351815223693848,-0.8067519664764404,-5.620939254760742,-5.151721477508545,-6.622602462768555,-6.299839496612549,-6.480603218078613,-6.5827436447143555,-6.649466514587402,-6.6790947914123535,-7.130996227264404,-7.621444225311279,-8.221772193908691,-8.736246109008789,-8.6514892578125,-8.703831672668457,-8.502034187316895,-8.299880981445312,-8.180584907531738,-8.428915977478027,-8.454473495483398,-8.224250793457031,-8.08850383758545,-8.13888168334961,-7.876269340515137,-7.371761798858643,-7.567081928253174,-8.617427825927734,-9.423998832702637,-9.990346908569336,-10.35020637512207,-10.173788070678711,-9.432263374328613,-9.167206764221191
-7.5952043533325195,-6.876237392425537,-5.780867099761963,-5.333584308624268,-4.216991424560547,-1.0560234785079956,-3.9627645015716553,-4.963047504425049,-7.181954860687256,-8.01934814453125,-5.752690315246582,-5.084132194519043,-5.637386322021484,-6.4841437339782715,-4.762520790100098,-6.100933074951172,-6.083702087402344,-6.6960673332214355,-6.797067642211914,-7.098642349243164,-7.559191703796387,-7.8128662109375,-7.979620933532715,-8.065549850463867,-8.333817481994629,-8.368986129760742,-8.12873649597168,-7.918989181518555,-8.042052268981934,-8.45692253112793,-8.685870170593262,-8.27570629119873,-8.19974136352539,-7.6642913818359375,-7.11768913269043,-7.2184576988220215,-8.05288028717041,-9.092662811279297,-9.58076286315918,-9.804166793823242,-10.131519317626953,-10.404243469238281,-10.16380786895752
-8.549942970275879,-8.555977821350098,-8.335474967956543,-8.741071701049805,-8.463997840881348,-5.521180629730225,-6.721365928649902,-7.099825859069824,-7.782184600830078,-8.225419044494629,-6.190571308135986,-7.258172988891602,-4.874688625335693,-7.953479766845703,-4.074143886566162,-4.85498571395874,-5.027683258056641,-5.875118255615234,-6.5711565017700195,-6.988969326019287,-7.399287700653076,-7.611834526062012,-7.713571548461914,-7.630283355712891,-8.047300338745117,-8.219194412231445,-8.189827919006348,-7.730412006378174,-7.801977634429932,-8.02634048461914,-8.70715618133545,-8.463456153869629,-8.339301109313965,-7.824139595031738,-7.273626804351807,-7.020060062408447,-7.651605129241943,-8.640082359313965,-9.157349586486816,-9.380996704101562,-9.642325401306152,-9.886314392089844,-9.765389442443848
-9.434486389160156,-9.390654563903809,-10.637428283691406,-11.223526954650879,-10.312344551086426,-6.716799259185791,-6.443540096282959,-8.038944244384766,-7.908824443817139,-8.666509628295898,-7.42736291885376,-8.516918182373047,-6.5533881187438965,-6.520974636077881,-5.145163536071777,-4.366065979003906,-4.300203323364258,-4.674246311187744,-5.6816935539245605,-6.362437725067139,-6.82264518737793,-7.237334728240967,-7.445180416107178,-7.393126010894775,-7.960267543792725,-8.208539009094238,-7.952909469604492,-7.731328010559082,-7.801854610443115,-7.9417524337768555,-8.169014930725098,-8.378911972045898,-8.325124740600586,-8.216228485107422,-7.675286293029785,-7.321041584014893,-7.466405391693115,-8.034192085266113,-8.577567100524902,-9.075921058654785,-9.455885887145996,-9.612773895263672,-9.261602401733398
-10.151763916015625,-8.497197151184082,-9.904267311096191,-10.206870079040527,-10.083096504211426,-8.099228858947754,-6.0024824142456055,-7.44520902633667,-8.134644508361816,-8.52032470703125,-8.297768592834473,-7.451122760772705,-9.15902328491211,-4.805182456970215,-6.613454341888428,-5.225071430206299,-4.833559513092041,-4.653055191040039,-5.258618354797363,-5.983983039855957,-6.435703754425049,-6.909386157989502,-7.100921630859375,-7.306951999664307,-7.675225257873535,-7.8515520095825195,-7.915533542633057,-7.9154953956604,-7.675159931182861,-7.815869331359863,-8.129237174987793,-8.25371265411377,-8.50988483428955,-8.552989959716797,-8.087801933288574,-7.67723274230957,-7.335726737976074,-7.321268081665039,-7.749979496002197,-8.475242614746094,-9.218670845031738,-9.821382522583008,-9.797221183776855
-10.736072540283203,-8.87972354888916,-10.221548080444336,-10.600674629211426,-11.09695053100586,-11.09024429321289,-7.443536281585693,-6.677326679229736,-8.1694974899292,-8.348024368286133,-9.637856483459473,-6.856450080871582,-8.149261474609375,-5.885158538818359,-6.340641021728516,-5.921525001525879,-5.51499080657959,-5.403998851776123,-5.571260929107666,-6.143282890319824,-6.355916500091553,-6.4587836265563965,-6.706605434417725,-7.063225746154785,-7.346494197845459,-7.977421283721924,-7.9917521476745605,-7.62244176864624,-7.5281219482421875,-7.657052993774414,-7.801898002624512,-8.217121124267578,-8.762247085571289,-8.928256034851074,-8.579245567321777,-8.100080490112305,-7.490380764007568,-7.099909782409668,-7.267919540405273,-7.795151233673096,-8.38901138305664,-9.146718978881836,-9.623221397399902
-9.538629531860352,-9.835938453674316,-9.791255950927734,-10.586033821105957,-11.298164367675781,-9.98845386505127,-5.68707799911499,-7.007812023162842,-7.893836975097656,-8.516522407531738,-8.824392318725586,-9.36831283569336,-5.977327823638916,-7.250123023986816,-5.93980598449707,-6.1201019287109375,-5.824896335601807,-5.90778112411499,-5.920870304107666,-5.865438938140869,-6.125849723815918,-6.4177117347717285,-6.68324613571167,-6.869466781616211,-7.390438556671143,-8.098846435546875,-8.070969581604004,-7.633210182189941,-7.617488384246826,-7.485086917877197,-7.7165398597717285,-8.234829902648926,-8.731977462768555,-8.93043327331543,-8.742257118225098,-8.413475036621094,-7.838896751403809,-7.271632194519043,-7.176529884338379,-7.403596878051758,-7.727379322052002,-8.183213233947754,-8.81269359588623
-7.686704158782959,-10.23076057434082,-9.060739517211914,-10.115756034851074,-9.693872451782227,-8.9344482421875,-7.549044609069824,-7.264804363250732,-8.143752098083496,-8.959005355834961,-7.624209403991699,-7.970475196838379,-7.177696228027344,-7.211714267730713,-6.1564435958862305,-5.962149620056152,-5.531340599060059,-5.770521640777588,-5.812065601348877,-5.5962653160095215,-5.751498222351074,-6.215732574462891,-6.793994426727295,-6.974820137023926,-7.549890041351318,-7.917430877685547,-8.068768501281738,-8.286054611206055,-8.296998023986816,-8.082640647888184,-8.073169708251953,-8.339919090270996,-8.717229843139648,-8.961864471435547,-8.871106147766113,-8.665963172912598,-8.193765640258789,-7.619309902191162,-7.528069496154785,-7.7342071533203125,-7.771277904510498,-7.8277788162231445,-8.11676025390625
-7.43095064163208,-9.740755081176758,-8.491548538208008,-10.52983283996582,-9.361002922058105,-10.148244857788086,-9.922741889953613,-8.6769437789917,-9.385136604309082,-9.911907196044922,-8.900923728942871,-6.334859848022461,-7.777108192443848,-6.702042579650879,-6.538388252258301,-6.024158000946045,-5.688320159912109,-5.823487281799316,-5.47900915145874,-5.6191487312316895,-5.181433200836182,-6.313606262207031,-7.312755107879639,-6.9966840744018555,-7.713749408721924,-7.923254489898682,-8.340023040771484,-8.604086875915527,-8.677431106567383,-8.57569408416748,-8.585308074951172,-8.90728759765625,-9.219932556152344,-9.366460800170898,-9.282142639160156,-9.038265228271484,-8.619989395141602,-8.126424789428711,-7.8892669677734375,-7.8476738929748535,-7.725101470947266,-7.643975734710693,-7.681548118591309
-7.406370162963867,-9.196554183959961,-7.850499629974365,-9.837235450744629,-8.353072166442871,-9.66288948059082,-9.578617095947266,-10.545062065124512,-10.456982612609863,-8.421674728393555,-7.733595848083496,-6.999843120574951,-6.81117582321167,-6.6136956214904785,-6.477114677429199,-6.118809700012207,-6.01855993270874,-5.749653339385986,-5.357947826385498,-5.638986110687256,-5.87253475189209,-7.902198314666748,-9.114995002746582,-7.997326374053955,-7.503872871398926,-7.936862468719482,-8.24886703491211,-8.601027488708496,-8.561544418334961,-8.482282638549805,-8.485209465026855,-8.745203018188477,-9.219722747802734,-9.726776123046875,-9.87374496459961,-9.534560203552246,-9.020225524902344,-8.575849533081055,-8.147024154663086,-7.630320072174072,-7.187328338623047,-7.184191703796387,-7.366070747375488
-6.681135177612305,-7.5762786865234375,-8.836962699890137,-7.2581586837768555,-8.812552452087402,-8.674068450927734,-9.376971244812012,-9.232807159423828,-8.822986602783203,-8.211743354797363,-7.159215450286865,-6.614727973937988,-6.397835731506348,-6.188424110412598,-6.120443820953369,-6.199469566345215,-5.895142078399658,-6.0339884757995605,-5.394996643066406,-5.922785758972168,-7.617874622344971,-8.651738166809082,-8.996837615966797,-7.435865879058838,-7.503535747528076,-7.62101411819458,-8.075308799743652,-8.382152557373047,-8.44576644897461,-8.378276824951172,-8.278471946716309,-8.508451461791992,-9.037704467773438,-9.658770561218262,-10.053520202636719,-10.059897422790527,-9.414443969726562,-8.65888500213623,-8.201545715332031,-7.816336154937744,-7.334359645843506,-6.95172119140625,-7.014012336730957
-6.118264675140381,-6.708712100982666,-8.05506706237793,-7.289815902709961,-8.398764610290527,-6.654668807983398,-8.261579513549805,-7.674572467803955,-7.877740383148193,-7.436185359954834,-6.889603137969971,-6.5400471687316895,-6.304770469665527,-6.14535665512085,-5.938163757324219,-5.807762145996094,-5.452699661254883,-5.217080116271973,-5.34030294418335,-6.626220703125,-8.17296028137207,-8.824397087097168,-6.930617809295654,-6.456521034240723,-7.240439414978027,-7.274813652038574,-7.944787979125977,-8.210139274597168,-8.467021942138672,-8.444056510925293,-8.286529541015625,-8.317906379699707,-8.688641548156738,-9.370482444763184,-9.956831932067871,-10.21125316619873,-9.821097373962402,-8.929144859313965,-8.115728378295898,-7.634703636169434,-7.096242904663086,-6.745314598083496,-7.043333053588867
-5.583479404449463,-5.829519271850586,-6.72676944732666,-6.513558864593506,-7.6592912673950195,-6.694133281707764,-7.239095211029053,-7.7745208740234375,-6.783196926116943,-6.8967132568359375,-6.377150058746338,-6.608959197998047,-6.538071632385254,-6.330875873565674,-5.919350624084473,-5.649470329284668,-5.383950233459473,-5.392778396606445,-5.867259502410889,-6.4094953536987305,-7.488612174987793,-7.290811061859131,-6.908466815948486,-6.669422626495361,-6.864377498626709,-7.605350494384766,-8.005656242370605,-8.262589454650879,-8.584121704101562,-8.614335060119629,-8.39833927154541,-8.223931312561035,-8.371526718139648,-8.877622604370117,-9.435799598693848,-9.797231674194336,-9.821813583374023,-9.3568754196167,-8.601848602294922,-7.702123641967773,-6.9976420402526855,-6.799670696258545,-7.118088245391846
-5.184566497802734,-5.172342777252197,-5.739377498626709,-6.310988426208496,-6.5535454750061035,-7.3328094482421875,-6.277182579040527,-7.521758079528809,-6.797082424163818,-6.426970958709717,-6.554195880889893,-6.639928817749023,-6.864267826080322,-6.6125993728637695,-6.2359771728515625,-6.162590026855469,-6.141214847564697,-6.079833984375,-6.42844820022583,-6.937698841094971,-7.457469463348389,-7.624486446380615,-6.676915168762207,-6.409342288970947,-7.419636249542236,-8.117350578308105,-8.369142532348633,-8.454444885253906,-8.577554702758789,-8.77690315246582,-8.545790672302246,-8.282611846923828,-8.246186256408691,-8.515902519226074,-8.786676406860352,-9.027737617492676,-9.247747421264648,-9.174964904785156,-8.863826751708984,-8.277873992919922,-7.2298078536987305,-6.813554763793945,-7.257452011108398
-5.311426639556885,-5.314871788024902,-5.294940948486328,-5.788906574249268,-5.860292434692383,-7.0799102783203125,-5.353686332702637,-6.991900444030762,-5.279751777648926,-6.2369465827941895,-6.344633102416992,-6.3627800941467285,-6.965618133544922,-6.827887535095215,-6.678831100463867,-6.469998836517334,-6.298399448394775,-5.921109676361084,-5.45360803604126,-5.2299394607543945,-5.358128070831299,-5.886435508728027,-6.558154106140137,-7.1862382888793945,-7.670892715454102,-8.255108833312988,-8.713257789611816,-8.77172565460205,-8.758776664733887,-8.810705184936523,-8.726517677307129,-8.449485778808594,-8.310160636901855,-8.390291213989258,-8.479990005493164,-8.469615936279297,-8.507740020751953,-8.481038093566895,-8.320138931274414,-8.080223083496094,-7.6595892906188965,-7.256107330322266,-7.403044700622559
-6.101336479187012,-6.104355335235596,-5.560277462005615,-5.42668342590332,-5.3891472816467285,-5.7969770431518555,-5.171834468841553,-6.451162338256836,-5.505327224731445,-5.749556541442871,-6.343165874481201,-6.14935827255249,-6.688974857330322,-6.762413501739502,-6.792626857757568,-6.49806547164917,-6.103728771209717,-5.720163345336914,-5.475457191467285,-5.653155326843262,-6.178205490112305,-6.857066631317139,-7.349013328552246,-7.497768402099609,-7.6186933517456055,-8.033893585205078,-8.4576416015625,-8.755491256713867,-9.067778587341309,-9.268133163452148,-9.043963432312012,-8.743205070495605,-8.541454315185547,-8.346136093139648,-8.335549354553223,-8.267635345458984,-8.058820724487305,-7.984522342681885,-7.848293781280518,-7.5979108810424805,-7.458289623260498,-7.38869047164917,-7.549595832824707
-6.602474689483643,-6.062394618988037,-6.032310962677002,-5.552968502044678,-6.263515949249268,-4.148550033569336,-6.519294738769531,-3.321051836013794,-5.849550247192383,-4.888208389282227,-6.325382232666016,-6.325831413269043,-6.685782432556152,-6.668715953826904,-6.750946521759033,-6.613453388214111,-6.461662769317627,-6.373541831970215,-6.47920036315918,-6.770082473754883,-7.1098313331604,-7.4438018798828125,-7.596112251281738,-7.59136962890625,-7.6348652839660645,-7.770479679107666,-8.107394218444824,-8.47607707977295,-8.914579391479492,-9.385723114013672,-9.53420639038086,-9.321398735046387,-8.991596221923828,-8.583938598632812,-8.239173889160156,-8.050591468811035,-8.03548526763916,-7.866436958312988,-7.455526351928711,-7.248302459716797,-7.098553657531738,-7.125892162322998,-7.2242889404296875
