data/wind_data/wind_61_8.json
{"header": {"parameterUnit": "KT", "parameterCategory": 2, "nx": 256, "ny": 198, "lo1": 44.73521041870117, "la1": -3.236724853515625, "lo2": 111.26478576660156, "la2": 43.468475341796875, "dx": 0.2609002888202667, "dy": -0.23708222806453705, "refTime": "2025-02-21 13:00:00", "forecastTime": 0, "parameterNumber": 2, "parameterNumberName": "eastward_wind"}, "data":
[rows 38 to 56 of 198, columns 88 to 131 of 256]
-6.099384784698486,-6.3933000564575195,-6.199597358703613,-5.928536891937256,-5.737181663513184,-5.467572212219238,-5.125962734222412,-4.691891670227051,-4.261836051940918,-4.049202919006348,-4.136639595031738,-4.263648986816406,-4.067376613616943,-3.7421133518218994,-3.5637447834014893,-3.3397698402404785,-3.45086669921875,-3.869535207748413,-4.039244174957275,-4.0981855392456055,-4.005366802215576,-4.252458572387695,-4.565700054168701,-4.364550590515137,-4.087453365325928,-4.306950092315674,-4.907619476318359,-5.365485191345215,-5.454034328460693,-5.212310791015625,-4.968332290649414,-5.019161224365234,-5.088728904724121,-4.9528656005859375,-4.531777858734131,-4.106941223144531,-3.480905771255493,-3.1178112030029297,-3.208322525024414,-3.394279718399048,-3.7642810344696045,-4.037005424499512,-4.005433082580566,-4.133538246154785
-6.4961838722229,-6.32277774810791,-6.014967918395996,-5.872949600219727,-5.872427940368652,-5.86688756942749,-5.5948567390441895,-4.981292724609375,-4.3316969871521,-3.9410812854766846,-3.9437716007232666,-4.039544105529785,-4.010538578033447,-3.990278482437134,-3.8041203022003174,-3.398953914642334,-3.3444180488586426,-3.7011220455169678,-3.8221230506896973,-3.653296709060669,-3.340848922729492,-3.488063335418701,-4.135686874389648,-4.589450359344482,-4.539953708648682,-4.4228515625,-4.589366436004639,-4.9516448974609375,-5.27658748626709,-5.181053638458252,-4.757474899291992,-4.41981315612793,-4.167160511016846,-4.0105719566345215,-3.9011213779449463,-3.7372279167175293,-3.4070818424224854,-3.2233335971832275,-3.2979774475097656,-3.4667725563049316,-3.683171033859253,-3.7777721881866455,-3.635187864303589,-3.6648101806640625
-6.74808406829834,-6.2827229499816895,-6.050889015197754,-6.163702964782715,-6.338067054748535,-6.6263556480407715,-6.689234733581543,-6.107639312744141,-5.3094916343688965,-4.690587997436523,-4.274387359619141,-3.983961343765259,-4.081740379333496,-4.3566365242004395,-4.189499378204346,-3.825098752975464,-3.7142245769500732,-3.5857040882110596,-3.370131015777588,-3.277876377105713,-2.9926960468292236,-3.0131468772888184,-3.6043431758880615,-4.393689155578613,-4.712553977966309,-4.458072185516357,-4.263269901275635,-4.514159202575684,-5.025289058685303,-5.185352802276611,-4.8876824378967285,-4.439837455749512,-3.9258763790130615,-3.4360742568969727,-3.286972761154175,-3.4752955436706543,-3.595344066619873,-3.5517055988311768,-3.6461637020111084,-3.852572202682495,-3.842404365539551,-3.7310070991516113,-3.437633752822876,-3.2267584800720215
-8.130435943603516,-7.811366081237793,-7.610313415527344,-7.599709510803223,-7.6608567237854,-7.983920574188232,-8.246882438659668,-7.945754051208496,-7.280364036560059,-6.405750274658203,-5.322634696960449,-4.549239158630371,-4.4170966148376465,-4.5989670753479,-4.584460735321045,-4.413689613342285,-4.106534004211426,-3.5602595806121826,-3.278555393218994,-2.996774673461914,-2.7817156314849854,-2.9601640701293945,-3.259910821914673,-3.692506790161133,-4.043517112731934,-4.000868320465088,-3.9011683464050293,-4.160926342010498,-4.64199686050415,-4.907796382904053,-4.870665073394775,-4.690086841583252,-4.2610931396484375,-3.642441987991333,-3.354870557785034,-3.641242742538452,-3.8812992572784424,-3.878384590148926,-4.043616771697998,-4.285957336425781,-4.265749454498291,-4.0991716384887695,-3.704097032546997,-3.239288568496704
-10.547924995422363,-10.340855598449707,-9.913461685180664,-9.518719673156738,-9.455117225646973,-9.608965873718262,-9.788647651672363,-9.747666358947754,-9.355345726013184,-8.431744575500488,-7.020287990570068,-5.850193977355957,-5.16846227645874,-4.930608749389648,-5.068207263946533,-5.089539527893066,-4.802835464477539,-4.307288646697998,-3.6788933277130127,-2.9759724140167236,-2.8072726726531982,-2.9709556102752686,-3.017745018005371,-2.936542272567749,-3.077786922454834,-3.3384106159210205,-3.6684014797210693,-3.95536470413208,-4.149980068206787,-4.360117435455322,-4.5668535232543945,-4.722575664520264,-4.621918201446533,-4.291688919067383,-4.087283134460449,-4.273451805114746,-4.387782573699951,-4.355074882507324,-4.455656051635742,-4.608214855194092,-4.554052352905273,-4.360435485839844,-4.064111709594727,-3.7256009578704834
-11.983144760131836,-11.782977104187012,-11.5380277633667,-11.290555000305176,-11.085844993591309,-10.986041069030762,-10.9138822555542,-10.8649263381958,-10.714646339416504,-9.991448402404785,-8.69691276550293,-7.422513008117676,-6.394402980804443,-5.900272846221924,-6.074955940246582,-6.08430814743042,-5.649453163146973,-5.089840888977051,-4.262572288513184,-3.5878849029541016,-3.306082010269165,-3.1007351875305176,-2.932176351547241,-2.619319200515747,-2.4422855377197266,-2.7271218299865723,-3.418949604034424,-3.7978458404541016,-3.779731273651123,-3.9537904262542725,-4.330418109893799,-4.680496692657471,-4.855230808258057,-4.849573612213135,-4.787021160125732,-4.817241668701172,-4.893732070922852,-4.9767303466796875,-4.947089672088623,-4.823672771453857,-4.523838043212891,-4.271386623382568,-4.190059661865234,-4.1955389976501465
-11.986309051513672,-11.906472206115723,-12.070718765258789,-12.360705375671387,-12.199223518371582,-12.061429023742676,-11.86807632446289,-11.561532020568848,-11.365209579467773,-10.811341285705566,-9.815985679626465,-8.849857330322266,-7.939535617828369,-7.325925827026367,-7.207334518432617,-6.885428428649902,-6.151209831237793,-5.390994071960449,-4.705459117889404,-4.301948070526123,-3.967576503753662,-3.509608268737793,-3.2576839923858643,-2.9493227005004883,-2.431826114654541,-2.3998920917510986,-3.099551200866699,-3.6394925117492676,-3.652212381362915,-3.8410747051239014,-4.321752071380615,-4.813988208770752,-5.182770729064941,-5.223951816558838,-5.016637325286865,-4.843207836151123,-5.069077491760254,-5.41457986831665,-5.427126407623291,-5.068065643310547,-4.590202808380127,-4.294875621795654,-4.2327656745910645,-4.347240447998047
-11.182859420776367,-11.278945922851562,-11.753626823425293,-12.259224891662598,-12.46910572052002,-12.63201904296875,-12.331961631774902,-11.803815841674805,-11.456149101257324,-10.99615478515625,-10.309524536132812,-9.786168098449707,-9.183816909790039,-8.576226234436035,-8.282125473022461,-7.775147914886475,-6.943958759307861,-6.083680152893066,-5.401010513305664,-4.976719856262207,-4.6310200691223145,-4.315659046173096,-4.240656852722168,-3.7566211223602295,-2.923288345336914,-2.6935110092163086,-3.1142895221710205,-3.5187366008758545,-3.6712653636932373,-3.9582858085632324,-4.481513023376465,-5.1171698570251465,-5.663853645324707,-5.646184921264648,-5.118309020996094,-4.6789374351501465,-4.9148335456848145,-5.460941791534424,-5.742367744445801,-5.474633693695068,-5.007818222045898,-4.71481466293335,-4.587948799133301,-4.574532508850098
-10.447199821472168,-10.705496788024902,-11.1242094039917,-11.538819313049316,-12.03021240234375,-12.297388076782227,-12.076455116271973,-11.610278129577637,-11.267375946044922,-10.928582191467285,-10.445623397827148,-10.035490036010742,-9.587306022644043,-9.203641891479492,-9.021716117858887,-8.706547737121582,-8.226621627807617,-7.57050085067749,-6.758774280548096,-6.06597375869751,-5.5701141357421875,-5.472696781158447,-5.533254623413086,-4.905429840087891,-3.9896273612976074,-3.7505855560302734,-3.7430295944213867,-3.8001320362091064,-3.9923062324523926,-4.304110050201416,-4.705546855926514,-5.293388366699219,-5.9355316162109375,-6.00789737701416,-5.441707134246826,-4.833266735076904,-4.828097820281982,-5.362727165222168,-5.909896373748779,-5.944967269897461,-5.56580924987793,-5.34455680847168,-5.335603713989258,-5.290281772613525
-10.085427284240723,-10.304147720336914,-10.698631286621094,-11.136306762695312,-11.502968788146973,-11.620908737182617,-11.535895347595215,-11.259966850280762,-11.007097244262695,-10.793931007385254,-10.480195999145508,-10.187639236450195,-9.738919258117676,-9.381216049194336,-9.262965202331543,-9.262605667114258,-9.212321281433105,-8.839484214782715,-8.181029319763184,-7.483717441558838,-6.826564788818359,-6.7561564445495605,-6.861867427825928,-6.365516662597656,-5.538365840911865,-5.224238395690918,-4.922271728515625,-4.698746204376221,-4.751360893249512,-4.98091459274292,-5.129268646240234,-5.359902381896973,-5.871695041656494,-6.234040260314941,-6.012554168701172,-5.4285569190979,-5.115384101867676,-5.374114036560059,-5.9592742919921875,-6.249642372131348,-6.112966060638428,-6.000030040740967,-6.135091781616211,-6.198716163635254
-10.146069526672363,-10.225343704223633,-10.591821670532227,-11.097352027893066,-11.413924217224121,-11.52483081817627,-11.35293197631836,-10.966944694519043,-10.66199779510498,-10.524768829345703,-10.435470581054688,-10.405415534973145,-10.054733276367188,-9.635276794433594,-9.517836570739746,-9.57178783416748,-9.488973617553711,-9.286032676696777,-8.991536140441895,-8.556718826293945,-8.114935874938965,-8.032896995544434,-8.054646492004395,-7.7158660888671875,-7.181674480438232,-6.66155481338501,-6.146042346954346,-5.708556652069092,-5.661167144775391,-5.860250473022461,-5.916455268859863,-5.850302219390869,-6.087182521820068,-6.494899272918701,-6.488381385803223,-6.052522659301758,-5.628881931304932,-5.5875935554504395,-5.965419769287109,-6.275378227233887,-6.411182880401611,-6.513440132141113,-6.60346794128418,-6.629763126373291
-10.685696601867676,-10.605586051940918,-10.85501766204834,-11.351632118225098,-11.83625602722168,-12.119770050048828,-11.831068992614746,-11.156670570373535,-10.61337947845459,-10.295734405517578,-10.28577995300293,-10.42415714263916,-10.2406587600708,-9.95956039428711,-9.80715560913086,-9.620243072509766,-9.417670249938965,-9.309139251708984,-9.033065795898438,-8.812088012695312,-8.822936058044434,-9.059867858886719,-9.161722183227539,-8.943239212036133,-8.5025634765625,-7.859626770019531,-7.243199348449707,-6.786938190460205,-6.659478664398193,-6.684826374053955,-6.728610515594482,-6.689676761627197,-6.72972297668457,-6.845361232757568,-6.696563720703125,-6.3325347900390625,-6.005900859832764,-5.82816743850708,-5.932327747344971,-6.067845344543457,-6.245866298675537,-6.556947708129883,-6.588451385498047,-6.414444923400879
-11.434051513671875,-11.275671005249023,-11.36660385131836,-11.865097045898438,-12.487014770507812,-12.767407417297363,-12.479092597961426,-11.753164291381836,-10.984946250915527,-10.486282348632812,-10.378238677978516,-10.366150856018066,-10.281535148620605,-10.179096221923828,-10.064072608947754,-9.86065673828125,-9.672420501708984,-9.525691986083984,-9.184287071228027,-8.909915924072266,-9.011418342590332,-9.416234970092773,-9.767240524291992,-9.822795867919922,-9.486428260803223,-8.901097297668457,-8.35738754272461,-7.954588413238525,-7.656098365783691,-7.435776233673096,-7.442563056945801,-7.451584815979004,-7.352512836456299,-7.3124823570251465,-7.122314453125,-6.581009387969971,-6.067930221557617,-5.865452289581299,-5.892763137817383,-5.862844467163086,-5.879952430725098,-6.148516654968262,-6.134697437286377,-5.876801013946533
-11.793774604797363,-11.717628479003906,-11.873376846313477,-12.251608848571777,-12.692322731018066,-12.885804176330566,-12.6593656539917,-12.14539623260498,-11.548733711242676,-11.033897399902344,-10.676044464111328,-10.537260055541992,-10.464017868041992,-10.353954315185547,-10.28984260559082,-10.25224781036377,-10.274236679077148,-10.183470726013184,-9.847275733947754,-9.584871292114258,-9.584577560424805,-9.74393081665039,-9.937835693359375,-10.121011734008789,-10.052440643310547,-9.731672286987305,-9.326177597045898,-8.907636642456055,-8.497920989990234,-8.218592643737793,-8.124194145202637,-7.9727582931518555,-7.769896984100342,-7.779275417327881,-7.801080703735352,-7.223315238952637,-6.283379077911377,-5.735884189605713,-5.747398376464844,-5.796661376953125,-5.717916488647461,-5.740355968475342,-5.6168389320373535,-5.398539066314697
-11.406755447387695,-11.464187622070312,-11.760122299194336,-12.001708030700684,-12.08139419555664,-12.103728294372559,-12.113618850708008,-12.134357452392578,-11.96316146850586,-11.57405948638916,-11.058799743652344,-10.807214736938477,-10.74404239654541,-10.699349403381348,-10.620075225830078,-10.623369216918945,-10.643959045410156,-10.550507545471191,-10.417037963867188,-10.423507690429688,-10.461287498474121,-10.363389015197754,-10.232901573181152,-10.261137008666992,-10.344712257385254,-10.298739433288574,-10.008125305175781,-9.51656723022461,-9.106687545776367,-8.904993057250977,-8.72192668914795,-8.44985294342041,-8.17050838470459,-8.084053993225098,-8.167409896850586,-7.934381008148193,-7.067426681518555,-6.097693920135498,-5.724354267120361,-5.776741981506348,-5.714094161987305,-5.656937599182129,-5.488032817840576,-5.262794017791748
-10.737707138061523,-10.888710021972656,-11.19462776184082,-11.356289863586426,-11.193655014038086,-10.86971378326416,-10.79861831665039,-11.175485610961914,-11.706348419189453,-11.826955795288086,-11.451371192932129,-11.02566909790039,-10.855831146240234,-10.906757354736328,-10.883237838745117,-10.769083023071289,-10.619630813598633,-10.439958572387695,-10.362348556518555,-10.447562217712402,-10.614938735961914,-10.74206829071045,-10.658074378967285,-10.49228572845459,-10.52007007598877,-10.6141939163208,-10.404109954833984,-9.833475112915039,-9.387469291687012,-9.282735824584961,-9.234996795654297,-9.072190284729004,-8.759757995605469,-8.390769958496094,-8.252681732177734,-8.280031204223633,-8.010721206665039,-7.1183953285217285,-6.299944877624512,-5.9510416984558105,-5.790103912353516,-5.787958145141602,-5.7372331619262695,-5.499118804931641
-10.086552619934082,-10.285715103149414,-10.582365036010742,-10.76240062713623,-10.544513702392578,-9.959646224975586,-9.514786720275879,-9.702763557434082,-10.50032901763916,-11.206851959228516,-11.4236421585083,-11.205317497253418,-10.930493354797363,-10.743301391601562,-10.540159225463867,-10.410224914550781,-10.267691612243652,-10.06767463684082,-9.877157211303711,-9.77487564086914,-9.883735656738281,-10.235109329223633,-10.496183395385742,-10.519868850708008,-10.531021118164062,-10.635255813598633,-10.507169723510742,-9.956364631652832,-9.482905387878418,-9.415874481201172,-9.621858596801758,-9.688735961914062,-9.437601089477539,-8.890348434448242,-8.416054725646973,-8.38291072845459,-8.603721618652344,-8.163156509399414,-7.219857692718506,-6.48093843460083,-6.129783630371094,-6.091645240783691,-6.179620265960693,-6.050898551940918
-9.54712963104248,-9.629551887512207,-9.939400672912598,-10.195167541503906,-10.056744575500488,-9.486776351928711,-8.821529388427734,-8.557523727416992,-8.952473640441895,-9.767985343933105,-10.578164100646973,-11.009732246398926,-10.990281105041504,-10.569930076599121,-10.026265144348145,-9.769938468933105,-9.6912260055542,-9.522090911865234,-9.238799095153809,-9.014811515808105,-9.049365043640137,-9.375871658325195,-9.717795372009277,-9.943044662475586,-10.14306640625,-10.378430366516113,-10.40377426147461,-9.994792938232422,-9.547708511352539,-9.444779396057129,-9.722052574157715,-9.956274032592773,-9.90478229522705,-9.440825462341309,-8.804248809814453,-8.456538200378418,-8.58198356628418,-8.555768966674805,-7.900118350982666,-7.081836223602295,-6.638399124145508,-6.556427001953125,-6.597566604614258,-6.551253795623779
-9.142729759216309,-9.030363082885742,-9.119226455688477,-9.30167007446289,-9.334376335144043,-9.04877758026123,-8.513768196105957,-8.083305358886719,-8.0343017578125,-8.452019691467285,-9.318652153015137,-10.234851837158203,-10.67885971069336,-10.441255569458008,-9.816178321838379,-9.317619323730469,-9.135547637939453,-9.018052101135254,-8.763757705688477,-8.516850471496582,-8.505681991577148,-8.717177391052246,-8.94895076751709,-9.148024559020996,-9.430695533752441,-9.827603340148926,-10.045798301696777,-9.877469062805176,-9.585793495178223,-9.403039932250977,-9.47143840789795,-9.702792167663574,-9.807659149169922,-9.642946243286133,-9.189730644226074,-8.570351600646973,-8.168924331665039,-8.116519927978516,-7.940998077392578,-7.446304798126221,-7.024520397186279,-6.862130641937256,-6.783280372619629,-6.703434944152832
