data/wind_data/wind_26_3.json
{"header": {"parameterUnit": "KT", "parameterCategory": 2, "nx": 256, "ny": 198, "lo1": 44.73521041870117, "la1": -3.236724853515625, "lo2": 111.26478576660156, "la2": 43.468475341796875, "dx": 0.2609002888202667, "dy": -0.23708222806453705, "refTime": "2025-02-20 02:00:00", "forecastTime": 0, "parameterNumber": 2, "parameterNumberName": "eastward_wind"}, "data":
[rows 171 to 189 of 198, columns 0 to 43 of 256]
8.052016258239746,9.571352005004883,6.727804183959961,7.752861976623535,9.262235641479492,9.341869354248047,8.056464195251465,6.752473831176758,7.8209381103515625,10.079442977905273,12.033424377441406,13.642091751098633,10.936188697814941,12.638344764709473,16.60833168029785,21.131404876708984,18.160533905029297,10.144632339477539,8.240967750549316,7.727772235870361,10.29136848449707,12.722493171691895,14.596256256103516,16.2510929107666,17.934537887573242,19.99131965637207,22.082599639892578,23.394054412841797,23.563251495361328,22.715160369873047,21.5045166015625,20.027265548706055,18.084060668945312,16.25984764099121,15.097232818603516,14.321395874023438,13.13408088684082,11.592229843139648,10.577627182006836,10.433871269226074,10.900276184082031,10.80957317352295,10.844769477844238,10.716365814208984
9.958220481872559,10.200475692749023,6.422949314117432,7.215331554412842,10.301697731018066,11.334833145141602,9.204122543334961,8.423404693603516,10.136914253234863,9.284911155700684,6.642398834228516,8.947944641113281,10.309913635253906,13.039974212646484,14.854109764099121,18.44487953186035,16.50841522216797,10.827679634094238,10.670866012573242,10.485433578491211,12.89849853515625,15.157763481140137,15.76378345489502,16.038089752197266,16.797164916992188,18.07538604736328,19.52275276184082,20.341650009155273,19.94489097595215,18.74355697631836,17.26765251159668,15.447301864624023,14.013812065124512,13.467960357666016,12.908147811889648,11.706311225891113,10.278890609741211,9.291088104248047,9.169149398803711,9.48019790649414,10.260231018066406,10.649429321289062,10.859654426574707,10.738373756408691
14.31377124786377,9.992572784423828,5.976208686828613,7.101337432861328,8.903421401977539,9.316431999206543,9.400640487670898,11.771737098693848,15.210768699645996,11.721819877624512,9.051689147949219,10.291336059570312,9.871291160583496,13.487715721130371,11.23360824584961,17.0762939453125,14.63837718963623,11.2170991897583,11.929974555969238,12.87734317779541,15.617295265197754,17.557064056396484,17.28627586364746,16.496477127075195,16.20151138305664,16.407760620117188,16.84435272216797,16.948768615722656,16.36144256591797,15.158833503723145,13.641225814819336,12.45069408416748,11.967138290405273,11.401390075683594,10.03431510925293,8.504359245300293,7.646908760070801,7.384727954864502,7.639901638031006,8.00857162475586,8.371929168701172,8.947661399841309,9.193412780761719,8.690813064575195
15.17448616027832,8.616257667541504,4.992143154144287,7.11198616027832,9.258844375610352,10.585138320922852,13.691941261291504,13.532965660095215,14.622371673583984,14.094510078430176,13.172748565673828,13.611522674560547,13.36495590209961,12.874886512756348,13.998771667480469,13.461546897888184,11.440372467041016,9.633658409118652,10.345985412597656,13.173844337463379,16.45404624938965,18.502351760864258,18.818862915039062,18.195039749145508,17.271547317504883,16.36923599243164,15.424588203430176,14.684505462646484,13.835745811462402,12.737055778503418,11.885870933532715,11.358640670776367,10.541821479797363,8.885452270507812,7.176327228546143,6.169816017150879,5.963471412658691,5.850560665130615,5.856133460998535,5.775922775268555,6.323435306549072,6.732620716094971,6.1531524658203125,4.237147331237793
10.858149528503418,6.69213342666626,3.9560728073120117,6.6609344482421875,10.149078369140625,16.02419090270996,19.026065826416016,15.349955558776855,11.722856521606445,11.906338691711426,11.725698471069336,11.898345947265625,13.129756927490234,12.871904373168945,12.27127456665039,9.496665000915527,8.983593940734863,8.161885261535645,9.043874740600586,12.28010082244873,15.435603141784668,17.762134552001953,19.049819946289062,19.14148712158203,18.417903900146484,17.060598373413086,15.121566772460938,13.035703659057617,11.761584281921387,11.414217948913574,11.0074462890625,10.111926078796387,8.500751495361328,6.595401763916016,5.389419078826904,5.0739970207214355,4.967281818389893,4.740738391876221,4.24187707901001,4.057386875152588,4.655065536499023,4.441595077514648,2.5782663822174072,1.0061360597610474
7.303511142730713,5.251984119415283,4.3550896644592285,9.135124206542969,14.83447265625,19.17568016052246,21.53362274169922,17.163908004760742,11.938623428344727,11.000227928161621,9.870999336242676,8.841827392578125,9.8814058303833,10.778549194335938,10.996500968933105,9.773186683654785,9.011682510375977,8.65251636505127,9.486754417419434,12.281845092773438,14.37320327758789,15.825995445251465,17.08460807800293,17.8385009765625,17.937469482421875,16.939512252807617,14.452940940856934,11.611868858337402,10.337614059448242,10.361933708190918,9.673490524291992,8.080951690673828,6.574625492095947,5.303488731384277,4.544153213500977,4.529607772827148,4.579677104949951,4.299185276031494,3.5132229328155518,3.1363675594329834,3.4542953968048096,3.116431951522827,1.2273801565170288,0.3551560044288635
4.783594131469727,4.647563457489014,8.593528747558594,15.00481128692627,20.155235290527344,22.2636661529541,23.694589614868164,20.927684783935547,16.41845703125,14.165763854980469,9.130375862121582,6.280235767364502,7.496684551239014,9.08478832244873,10.31452465057373,9.83799934387207,8.00946044921875,7.666518211364746,9.722593307495117,12.44658374786377,13.26650333404541,13.394174575805664,14.311723709106445,15.501471519470215,16.095151901245117,15.319398880004883,12.92674732208252,10.554021835327148,9.467180252075195,9.011378288269043,7.819888114929199,6.3426513671875,5.555389881134033,4.785129070281982,4.095359802246094,3.8632302284240723,4.312184810638428,4.795657157897949,4.841394424438477,3.7304062843322754,2.8506200313568115,2.597398519515991,1.6737045049667358,1.1498851776123047
1.6413891315460205,8.215191841125488,13.96486759185791,19.712955474853516,24.847061157226562,27.213109970092773,27.072608947753906,23.857078552246094,19.582128524780273,13.153647422790527,5.4482598304748535,3.9023454189300537,6.308618545532227,7.88165283203125,8.485514640808105,8.287790298461914,6.562301158905029,6.650636672973633,8.788130760192871,10.864139556884766,11.525188446044922,11.646855354309082,12.621047973632812,13.811751365661621,14.011250495910645,13.045736312866211,11.489501953125,10.060701370239258,8.968218803405762,7.706197738647461,6.53074836730957,5.889103412628174,5.483193874359131,4.847279071807861,3.9439945220947266,3.3913636207580566,3.9177772998809814,5.176819324493408,5.55810546875,3.763136386871338,2.6763157844543457,2.716590404510498,2.249572992324829,1.7217285633087158
1.9359235763549805,13.447432518005371,18.9741153717041,23.730552673339844,27.63926124572754,26.464309692382812,28.961889266967773,25.965744018554688,17.283117294311523,8.638508796691895,3.4883203506469727,3.243441581726074,5.34027624130249,6.714509963989258,7.301476001739502,7.9947357177734375,7.36792516708374,7.272121906280518,7.871387481689453,9.014566421508789,9.991519927978516,11.232151985168457,12.516575813293457,12.815013885498047,12.174834251403809,11.411737442016602,10.688963890075684,10.063515663146973,8.9371919631958,7.454983234405518,6.64886474609375,6.5637311935424805,6.245025157928467,5.526632785797119,4.391873359680176,3.674405813217163,3.9976885318756104,4.060725212097168,3.947699785232544,3.489598512649536,2.9482600688934326,2.7509567737579346,2.48720645904541,2.0483686923980713
6.842001914978027,17.610807418823242,20.616212844848633,22.78313446044922,25.517162322998047,25.466259002685547,26.32120132446289,28.053043365478516,19.32429313659668,7.796097755432129,3.99056077003479,4.368685722351074,4.61717414855957,4.728700637817383,6.049962520599365,8.699711799621582,9.521191596984863,9.222886085510254,7.890863418579102,8.523604393005371,10.020756721496582,11.877384185791016,12.669875144958496,12.44329833984375,11.342544555664062,10.74672794342041,10.59035873413086,10.311674118041992,9.27041244506836,7.883486270904541,7.150017738342285,7.248188018798828,7.246556282043457,6.745613098144531,5.935119152069092,5.013358116149902,4.197358131408691,3.2870538234710693,3.4243059158325195,3.9643375873565674,4.015255451202393,3.50030779838562,3.2905843257904053,3.124546527862549
9.559422492980957,16.554710388183594,18.61191749572754,19.035036087036133,24.248178482055664,25.301637649536133,30.863805770874023,30.35508918762207,14.160815238952637,3.932340145111084,3.103095531463623,5.09065580368042,5.147903919219971,4.160742282867432,6.483764171600342,9.161890983581543,11.881296157836914,12.125349044799805,9.546014785766602,9.565069198608398,11.071390151977539,12.115974426269531,12.552721977233887,12.0358247756958,11.67910385131836,11.443020820617676,11.548410415649414,11.1561279296875,9.929140090942383,8.262694358825684,7.1266913414001465,7.175765514373779,7.68511438369751,7.6575422286987305,7.147494792938232,6.004547119140625,4.463314056396484,3.428859233856201,3.60990834236145,4.340966701507568,5.091588020324707,4.965645790100098,4.605230808258057,4.6307268142700195
9.467928886413574,12.480238914489746,15.105169296264648,16.48944091796875,21.077966690063477,20.56842613220215,20.475526809692383,14.875191688537598,6.167136192321777,2.749622344970703,2.9954779148101807,4.111024379730225,5.758969783782959,7.771296501159668,10.697026252746582,14.643797874450684,16.523117065429688,16.15235137939453,12.216763496398926,11.036463737487793,12.288358688354492,13.027820587158203,13.419133186340332,12.822465896606445,12.625569343566895,12.909482955932617,12.991209983825684,12.508517265319824,11.01023006439209,8.808273315429688,7.207925796508789,7.098850727081299,7.8983154296875,7.937664031982422,7.251461982727051,6.384042263031006,5.194848537445068,4.133984088897705,4.096608638763428,4.568347454071045,5.517733097076416,6.089424133300781,6.197971343994141,6.4846110343933105
7.59262228012085,9.69349479675293,9.774176597595215,10.038947105407715,10.162323951721191,10.571499824523926,10.136922836303711,6.72982931137085,3.5291221141815186,2.78419828414917,3.4905543327331543,5.792156219482422,9.641131401062012,15.949127197265625,21.575740814208984,23.366851806640625,21.510812759399414,18.051288604736328,14.194122314453125,12.197864532470703,13.445597648620605,14.299790382385254,14.434751510620117,14.665159225463867,14.261819839477539,14.211769104003906,14.127772331237793,13.622419357299805,12.542925834655762,10.463155746459961,8.438688278198242,7.730806350708008,8.368579864501953,8.474575996398926,7.716248035430908,6.786916255950928,5.968103885650635,5.163811683654785,4.751886367797852,4.89926815032959,5.51030969619751,6.160462856292725,6.816889762878418,7.600290298461914
1.1655809879302979,1.7106781005859375,2.556962490081787,4.869013786315918,4.422898769378662,4.297459125518799,3.6077141761779785,3.599228858947754,3.869020462036133,3.9540300369262695,5.751933574676514,11.173539161682129,17.399402618408203,22.71624755859375,25.160930633544922,24.63399314880371,23.233963012695312,18.707969665527344,14.941509246826172,13.29549789428711,14.631366729736328,16.44309425354004,16.331092834472656,16.303245544433594,16.314220428466797,15.538532257080078,14.850454330444336,14.595324516296387,14.055729866027832,12.462628364562988,10.401402473449707,8.968537330627441,9.024286270141602,9.415164947509766,8.967242240905762,7.854916572570801,6.763345241546631,6.272662162780762,5.84237813949585,5.780980587005615,5.913665294647217,6.040936470031738,6.432401657104492,7.1917243003845215
-6.053139686584473,-3.2240254878997803,0.38967934250831604,2.0521130561828613,1.9456084966659546,0.28877493739128113,1.902251958847046,3.2469403743743896,3.4044852256774902,5.330626487731934,11.545941352844238,19.78976821899414,24.357864379882812,24.4888973236084,25.133541107177734,24.51735496520996,21.636632919311523,18.301267623901367,16.18805694580078,15.194066047668457,15.343419075012207,17.44297981262207,18.396804809570312,17.819461822509766,17.61280059814453,17.106592178344727,16.322885513305664,15.781142234802246,15.209545135498047,14.10946273803711,12.236685752868652,10.652292251586914,10.292256355285645,10.687052726745605,10.475733757019043,9.478849411010742,8.111252784729004,7.569118976593018,7.665641784667969,7.864692211151123,7.468067646026611,6.510396957397461,6.066304683685303,6.4359450340271
-1.0169081687927246,3.169954299926758,3.6260762214660645,1.0201884508132935,2.9543344974517822,1.615423321723938,0.1084459200501442,1.2370996475219727,2.7608180046081543,7.780152320861816,20.97780418395996,27.87723159790039,26.37086296081543,26.724109649658203,24.330490112304688,21.335956573486328,18.698904037475586,17.177452087402344,17.27098846435547,17.56070327758789,17.106449127197266,18.294763565063477,19.594717025756836,19.19451141357422,18.182485580444336,17.69230079650879,17.396297454833984,16.633424758911133,15.690816879272461,15.081008911132812,13.895125389099121,12.47980785369873,11.922880172729492,12.013466835021973,11.880718231201172,11.002843856811523,9.786349296569824,9.600264549255371,10.077518463134766,10.08665657043457,8.973485946655273,7.302066326141357,6.365986347198486,6.485457897186279
5.497624397277832,5.006544589996338,1.13347589969635,-2.968885898590088,-1.156235933303833,-1.4605644941329956,0.2342451959848404,-0.03690915182232857,1.3109304904937744,16.715972900390625,29.21965980529785,31.034069061279297,26.181913375854492,23.449968338012695,20.471614837646484,17.328813552856445,15.926928520202637,16.41530418395996,17.944732666015625,19.302352905273438,19.611507415771484,20.301286697387695,21.255979537963867,20.750869750976562,19.1833438873291,18.107324600219727,17.805686950683594,17.09638786315918,16.153202056884766,15.951817512512207,15.80102252960205,14.739051818847656,13.884126663208008,13.74599838256836,13.429220199584961,13.070533752441406,12.785422325134277,12.881868362426758,12.716962814331055,11.794639587402344,10.025127410888672,8.206116676330566,7.212135314941406,7.0407395362854
10.755104064941406,8.310181617736816,3.0280871391296387,-1.374987244606018,-2.242260456085205,-1.8028188943862915,-2.122069835662842,1.6066974401474,16.914581298828125,30.448762893676758,33.564327239990234,31.44424057006836,28.028865814208984,21.822959899902344,16.099870681762695,13.51441478729248,14.122540473937988,15.956857681274414,18.18449592590332,20.040695190429688,21.16827392578125,22.306550979614258,23.392120361328125,23.157407760620117,21.51162338256836,19.766395568847656,18.679466247558594,17.741771697998047,16.92784309387207,16.481904983520508,16.949317932128906,16.855588912963867,15.799287796020508,15.168472290039062,14.682324409484863,14.927536010742188,15.640058517456055,15.803685188293457,14.328096389770508,12.197477340698242,10.329347610473633,8.74091911315918,7.766636848449707,7.335904121398926
16.222885131835938,13.991487503051758,10.034808158874512,2.981550931930542,1.1327722072601318,-0.518317699432373,8.300877571105957,21.930580139160156,33.74317932128906,37.05318832397461,36.37956237792969,32.41482162475586,25.206663131713867,16.968406677246094,11.927299499511719,11.483284950256348,13.655221939086914,15.947698593139648,18.10589027404785,20.220613479614258,21.774791717529297,23.473169326782227,25.269838333129883,26.14725112915039,25.31045913696289,23.62648582458496,21.800569534301758,20.03046989440918,18.514326095581055,17.339380264282227,17.711048126220703,18.805727005004883,18.083078384399414,16.643184661865234,16.138803482055664,16.690793991088867,17.67178726196289,17.589677810668945,15.561766624450684,13.090192794799805,11.310982704162598,9.972415924072266,8.838414192199707,8.032088279724121
