data/wind_data/wind_22_6.json
{"header": {"parameterUnit": "KT", "parameterCategory": 2, "nx": 256, "ny": 198, "lo1": 44.73521041870117, "la1": -3.236724853515625, "lo2": 111.26478576660156, "la2": 43.468475341796875, "dx": 0.2609002888202667, "dy": -0.23708222806453705, "refTime": "2025-02-19 22:00:00", "forecastTime": 0, "parameterNumber": 2, "parameterNumberName": "eastward_wind"}, "data":
[rows 20 to 39 of 198, columns 180 to 224 of 256]
-4.1706719398498535,-4.095487117767334,-4.704761505126953,-5.674652099609375,-6.304625988006592,-6.7232513427734375,-6.893611431121826,-6.731208324432373,-6.722448825836182,-5.061326026916504,-5.882232189178467,-6.276452541351318,-6.149205207824707,-6.497334957122803,-7.32420539855957,-8.377492904663086,-8.971814155578613,-9.126853942871094,-10.08622932434082,-11.200639724731445,-11.084077835083008,-9.585531234741211,-7.66058349609375,-6.1844964027404785,-5.4085588455200195,-5.261558532714844,-5.049834251403809,-5.085943222045898,-7.18217134475708,-9.706259727478027,-11.043352127075195,-12.12095832824707,-12.845279693603516,-10.353928565979004,-7.767569541931152,-8.112641334533691,-7.260008335113525,-6.828708648681641,-7.363790512084961,-9.588674545288086,-11.30649185180664,-11.750595092773438,-10.412688255310059,-9.834465980529785,-9.268274307250977
-4.588546276092529,-4.686053276062012,-5.389647960662842,-6.45771598815918,-6.898031711578369,-7.311529159545898,-7.138772964477539,-6.204992294311523,-6.386730670928955,-6.2225446701049805,-6.2914605140686035,-6.3677873611450195,-6.372481822967529,-6.656325340270996,-7.335858345031738,-7.8741135597229,-8.255170822143555,-8.94778823852539,-9.785833358764648,-9.63602352142334,-8.415122032165527,-6.731161117553711,-4.7209014892578125,-3.239497423171997,-2.2707693576812744,-1.7843215465545654,-4.040068626403809,-5.371186256408691,-8.012566566467285,-12.407598495483398,-12.366294860839844,-10.73171329498291,-9.475502967834473,-9.31071662902832,-8.465349197387695,-8.074549674987793,-7.813675403594971,-7.843194961547852,-8.243173599243164,-9.479576110839844,-12.946806907653809,-11.528894424438477,-10.587709426879883,-9.841927528381348,-8.478181838989258
-6.239621162414551,-5.311370372772217,-5.684347152709961,-6.1912946701049805,-6.587587356567383,-7.55356502532959,-7.802839756011963,-6.766448497772217,-6.304795265197754,-6.632043838500977,-6.588585376739502,-6.6119513511657715,-6.723831653594971,-6.875429630279541,-7.211701393127441,-7.131643772125244,-7.068242073059082,-7.5296735763549805,-7.421464920043945,-6.295388698577881,-5.1225385665893555,-4.0860371589660645,-2.8861749172210693,-2.210489511489868,-0.8853890299797058,1.2705869674682617,0.11779875308275223,-5.034056663513184,-9.018441200256348,-12.525094032287598,-10.986538887023926,-9.718740463256836,-9.545741081237793,-8.515840530395508,-8.434836387634277,-8.852341651916504,-8.795918464660645,-8.56268310546875,-7.289614677429199,-9.689310073852539,-12.96341609954834,-9.908886909484863,-9.133332252502441,-9.221619606018066,-7.658086776733398
-7.039761543273926,-6.599672794342041,-5.767819881439209,-5.24056339263916,-5.709170818328857,-7.0250067710876465,-7.500326633453369,-7.220805644989014,-6.9197821617126465,-6.85679817199707,-6.985763072967529,-7.4803056716918945,-7.58546781539917,-7.520835876464844,-7.543957710266113,-7.241174697875977,-6.782443046569824,-6.1435675621032715,-4.888134956359863,-3.3478167057037354,-1.9682343006134033,-0.7711487412452698,0.4596655070781708,0.5618956089019775,0.8502401113510132,2.261744499206543,4.331343650817871,-1.2027690410614014,-8.397616386413574,-9.18563461303711,-8.82836627960205,-8.542126655578613,-8.429211616516113,-7.745346546173096,-9.008614540100098,-10.44249153137207,-10.4743013381958,-9.123507499694824,-6.807553768157959,-7.889897346496582,-8.942302703857422,-8.15704345703125,-6.961869716644287,-8.297764778137207,-7.805436134338379
-6.779106616973877,-5.9591803550720215,-5.332035064697266,-4.786046028137207,-4.7798380851745605,-5.8313164710998535,-6.5958638191223145,-6.712489128112793,-6.693034648895264,-6.701980113983154,-7.530570030212402,-8.569090843200684,-8.740348815917969,-8.685674667358398,-8.692742347717285,-8.584636688232422,-7.831289768218994,-6.194807529449463,-4.1172590255737305,-2.254168748855591,-0.6489766240119934,1.1035475730895996,3.241384744644165,3.444960117340088,3.2335498332977295,3.231252670288086,3.4168272018432617,2.0160961151123047,-4.681960105895996,-6.897098064422607,-7.291859149932861,-8.023819923400879,-7.421389579772949,-7.23206090927124,-8.333486557006836,-9.860383033752441,-10.110089302062988,-8.483841896057129,-6.04636812210083,-6.1563401222229,-6.933457374572754,-5.389443874359131,-6.333383560180664,-8.47284984588623,-9.827972412109375
-6.360952854156494,-5.126796245574951,-5.108728408813477,-5.0181121826171875,-4.4214324951171875,-4.207573890686035,-4.898047924041748,-5.458366394042969,-5.512012004852295,-6.089710712432861,-7.73444938659668,-9.060883522033691,-9.390157699584961,-9.448524475097656,-9.560225486755371,-9.480364799499512,-8.404974937438965,-6.506083965301514,-4.6107587814331055,-2.6526758670806885,-0.5530468821525574,1.778154730796814,4.026197910308838,4.5059590339660645,4.681144714355469,3.159315824508667,1.9126391410827637,1.3051835298538208,-2.7744853496551514,-5.288177490234375,-6.202853679656982,-7.30510139465332,-7.184451580047607,-7.549137592315674,-6.761316299438477,-7.3268303871154785,-7.775498390197754,-7.070769786834717,-6.86154317855835,-7.752987861633301,-8.057907104492188,-6.016536712646484,-6.324178695678711,-8.514596939086914,-10.327535629272461
-5.76149320602417,-5.272439956665039,-5.273039817810059,-5.442823886871338,-5.029015064239502,-4.381564617156982,-4.374197006225586,-4.629135608673096,-4.858120918273926,-5.743196964263916,-7.568564414978027,-9.048973083496094,-9.591635704040527,-9.855201721191406,-10.277254104614258,-10.185627937316895,-8.634282112121582,-6.336606502532959,-4.658842086791992,-3.938041925430298,-2.4459328651428223,-0.24275653064250946,1.9166803359985352,4.105279922485352,4.588738441467285,2.370147705078125,0.2584306001663208,-0.4655674695968628,-3.1181092262268066,-5.038638591766357,-5.44298791885376,-5.7591471672058105,-5.870187759399414,-7.338241100311279,-4.7535576820373535,-5.124849796295166,-5.7743048667907715,-7.469604015350342,-9.507162094116211,-10.431197166442871,-9.645387649536133,-7.6417460441589355,-7.2205963134765625,-8.207307815551758,-9.17836856842041
-6.560333251953125,-5.931162357330322,-5.602572441101074,-5.7827301025390625,-5.873037338256836,-5.462899208068848,-4.658265590667725,-4.527684211730957,-5.155073165893555,-6.246631145477295,-7.789668560028076,-9.033584594726562,-9.564286231994629,-9.759751319885254,-9.829784393310547,-9.049896240234375,-7.141299247741699,-4.890720844268799,-3.3803107738494873,-3.35325026512146,-2.2353031635284424,-1.1653021574020386,0.4927320182323456,1.8032338619232178,2.4539413452148438,0.48954927921295166,-1.5230519771575928,-2.788428783416748,-4.680841445922852,-5.130590438842773,-4.782252788543701,-4.9694414138793945,-5.5088210105896,-6.377078056335449,-6.582278251647949,-5.79033088684082,-6.257687568664551,-8.375858306884766,-10.299275398254395,-11.032647132873535,-10.03177547454834,-8.449703216552734,-7.617793083190918,-7.276491641998291,-7.445276737213135
-7.705042839050293,-6.77564811706543,-6.24173641204834,-6.2388997077941895,-6.372424125671387,-6.1562018394470215,-5.4192280769348145,-5.33059024810791,-6.10797119140625,-7.293920993804932,-8.378107070922852,-9.194761276245117,-9.649202346801758,-9.387433052062988,-8.683090209960938,-7.638219833374023,-5.979696750640869,-4.091886520385742,-2.5223934650421143,-1.9678637981414795,-1.818556308746338,-1.5472384691238403,-1.188574194908142,-0.7787876725196838,-0.8858442306518555,-2.3824071884155273,-3.875011444091797,-5.14979362487793,-5.576574802398682,-4.8081955909729,-4.425314903259277,-4.771657943725586,-5.814748287200928,-6.80000114440918,-6.966336727142334,-7.137289047241211,-7.016745090484619,-8.18073558807373,-9.202173233032227,-9.679817199707031,-9.18128490447998,-8.203291893005371,-6.830037593841553,-6.248483180999756,-5.862064838409424
-8.603837966918945,-7.545835494995117,-6.867773056030273,-6.503777503967285,-6.635954856872559,-6.755427837371826,-6.633566856384277,-6.7365217208862305,-7.528308868408203,-8.429232597351074,-8.64346694946289,-8.749772071838379,-9.058225631713867,-8.561685562133789,-7.3658061027526855,-6.0863142013549805,-4.727989196777344,-3.0078682899475098,-1.0111587047576904,0.07628031075000763,-1.2469221353530884,-2.70164155960083,-3.0445141792297363,-3.1267757415771484,-4.124924182891846,-5.327966690063477,-6.091849327087402,-6.3459649085998535,-5.421457290649414,-4.413654327392578,-4.488329887390137,-5.151119709014893,-5.882848739624023,-6.6684746742248535,-7.827273845672607,-8.211030960083008,-8.15735149383545,-8.316949844360352,-8.319587707519531,-8.022197723388672,-8.173226356506348,-7.38450813293457,-5.017487525939941,-4.373706340789795,-5.677769660949707
-9.840714454650879,-8.538117408752441,-7.786547660827637,-7.426361083984375,-7.4745097160339355,-7.195683002471924,-7.276128768920898,-7.797976493835449,-8.565276145935059,-9.04460334777832,-8.770627975463867,-8.335103988647461,-7.762183666229248,-6.633421897888184,-5.11452579498291,-3.634957790374756,-2.3567779064178467,-0.9791139960289001,0.8919371366500854,1.4886571168899536,-1.7956125736236572,-4.56540060043335,-4.688694000244141,-4.874424934387207,-6.221008777618408,-7.026772499084473,-7.052473068237305,-6.292157173156738,-4.831080436706543,-4.145490646362305,-4.763567924499512,-5.7442193031311035,-6.368067741394043,-6.4246697425842285,-6.8713555335998535,-8.352341651916504,-9.937653541564941,-9.977323532104492,-9.162967681884766,-8.192303657531738,-7.2588419914245605,-5.469662189483643,-4.022026538848877,-4.181739330291748,-4.962949752807617
-10.617305755615234,-9.460565567016602,-8.62396240234375,-8.11294174194336,-8.067915916442871,-7.680330753326416,-7.729726314544678,-8.257183074951172,-8.838297843933105,-9.174869537353516,-9.027688980102539,-8.490036964416504,-7.332751750946045,-5.4974365234375,-3.318796396255493,-1.380235195159912,-0.2270418107509613,0.31683024764060974,0.06001850962638855,-1.7882250547409058,-4.412140846252441,-6.318630695343018,-6.108598709106445,-5.999340057373047,-6.858886241912842,-7.22581148147583,-6.8917436599731445,-5.735761642456055,-4.393521308898926,-4.197732448577881,-5.195440769195557,-6.283869743347168,-6.368866443634033,-6.312660217285156,-6.594743251800537,-7.619622230529785,-10.037667274475098,-12.212274551391602,-10.913838386535645,-8.383941650390625,-6.1748738288879395,-4.090421199798584,-3.7743492126464844,-6.189426422119141,-4.680421829223633
-9.181427955627441,-8.966643333435059,-8.225629806518555,-7.904500484466553,-7.911592483520508,-7.597534656524658,-7.758551120758057,-8.131221771240234,-8.559307098388672,-8.966378211975098,-8.999792098999023,-8.494590759277344,-7.661025524139404,-6.259450435638428,-4.128011226654053,-2.1404426097869873,-1.6697391271591187,-3.158078908920288,-4.815948009490967,-5.086482048034668,-5.704592227935791,-6.837983131408691,-6.953927993774414,-6.654627323150635,-6.574552059173584,-6.622654438018799,-6.295419692993164,-5.219660758972168,-4.373751163482666,-4.538487434387207,-5.613945007324219,-6.447400093078613,-6.02097749710083,-6.076187610626221,-6.451186656951904,-5.931326866149902,-7.58219051361084,-10.638222694396973,-10.565878868103027,-7.759652137756348,-3.9425768852233887,-3.300175666809082,-6.636496067047119,-6.373925685882568,-5.434133529663086
-7.359039306640625,-7.446486473083496,-6.836630344390869,-7.062997817993164,-7.151598930358887,-6.893794536590576,-7.165907859802246,-7.522617340087891,-7.874024391174316,-8.304407119750977,-8.606276512145996,-8.370698928833008,-8.024714469909668,-7.359257698059082,-6.178181171417236,-5.222229957580566,-5.441164493560791,-6.608481407165527,-7.328534126281738,-6.546394348144531,-5.660942077636719,-6.467661380767822,-7.342455863952637,-6.861588478088379,-6.089242935180664,-5.55265998840332,-5.50275993347168,-5.08964204788208,-4.637608528137207,-4.816985130310059,-5.702996253967285,-5.970771312713623,-5.449543476104736,-5.2955641746521,-5.716839790344238,-4.7458176612854,-4.215878963470459,-5.196706295013428,-4.717641830444336,-2.5729100704193115,-4.30953311920166,-5.207508087158203,-8.09177017211914,-6.542638301849365,-6.194089889526367
-7.40967321395874,-6.832685947418213,-6.566188335418701,-6.858025550842285,-6.653227806091309,-6.288204669952393,-6.353044033050537,-6.706835746765137,-7.022611618041992,-7.682684898376465,-8.464812278747559,-8.934181213378906,-9.039151191711426,-8.665193557739258,-7.975123405456543,-7.470477104187012,-7.612447738647461,-7.8691935539245605,-7.697190761566162,-6.972200393676758,-5.895373821258545,-6.436145305633545,-7.587056636810303,-7.717037200927734,-6.722776889801025,-4.46607780456543,-5.528061866760254,-5.212407112121582,-4.893714427947998,-4.8025970458984375,-5.327147006988525,-5.0260701179504395,-4.722484111785889,-4.746816158294678,-3.5567750930786133,-2.949547052383423,-2.0897512435913086,-1.6937565803527832,-0.8329444527626038,-0.8047464489936829,-2.732832431793213,-7.358996391296387,-7.362453460693359,-6.783117294311523,-6.277073383331299
-8.163517951965332,-8.008320808410645,-7.707139015197754,-7.399044990539551,-6.6037726402282715,-5.974266052246094,-5.923608303070068,-6.323922634124756,-6.813259601593018,-7.583010673522949,-8.356012344360352,-8.9750337600708,-9.2222261428833,-9.061956405639648,-8.609501838684082,-7.890013217926025,-7.663605690002441,-7.807868957519531,-7.398478031158447,-7.286416053771973,-6.608212947845459,-8.148565292358398,-8.435856819152832,-7.737635612487793,-5.558896064758301,-2.005303144454956,-4.585353851318359,-5.48851203918457,-4.843292236328125,-4.6793012619018555,-4.6421589851379395,-4.120758056640625,-3.630955934524536,-3.3618905544281006,-1.5166847705841064,-0.6361198425292969,-0.8468283414840698,-1.8916382789611816,-1.9864410161972046,-1.1332473754882812,-5.516885280609131,-5.678992748260498,-6.214469909667969,-5.906792163848877,-5.886655330657959
-9.193357467651367,-8.897186279296875,-8.625669479370117,-7.409992218017578,-6.486181259155273,-5.936531066894531,-6.213326454162598,-6.388863563537598,-7.196564674377441,-7.737332820892334,-8.269314765930176,-8.579874992370605,-8.523934364318848,-8.198386192321777,-7.815731048583984,-7.52061128616333,-7.354720115661621,-7.398092269897461,-7.205386161804199,-7.995049953460693,-9.328736305236816,-8.6693115234375,-5.30867862701416,-4.1110382080078125,-3.412109136581421,-5.496744155883789,-4.5567145347595215,-5.762758255004883,-4.998001575469971,-4.221059799194336,-3.928239107131958,-3.472567081451416,-2.764101266860962,-1.9991719722747803,-0.8335281014442444,0.1047409176826477,0.1337624192237854,-1.9843263626098633,-2.077971935272217,-1.2601879835128784,-5.146427154541016,-4.050112247467041,-3.8855013847351074,-4.3955230712890625,-4.977968692779541
-9.250682830810547,-8.462736129760742,-8.164325714111328,-7.00219202041626,-6.087278366088867,-5.6602253913879395,-6.283803462982178,-6.169304847717285,-7.1314473152160645,-7.291361331939697,-8.024650573730469,-8.484930038452148,-8.453167915344238,-7.9899797439575195,-7.364566326141357,-7.168705940246582,-7.340878963470459,-7.447456359863281,-7.356649398803711,-7.248014450073242,-8.441461563110352,-7.884872913360596,-1.4012185335159302,-4.3819169998168945,-4.9942169189453125,-5.496924877166748,-5.255045413970947,-5.822628498077393,-5.2580084800720215,-3.96903920173645,-3.1029746532440186,-2.414750337600708,-1.5596674680709839,-1.1224467754364014,-1.1442046165466309,0.13635790348052979,2.014425754547119,0.3642437756061554,0.6895201206207275,-2.103001594543457,-3.376415252685547,-2.7599282264709473,-1.948590636253357,-2.981224536895752,-4.106378078460693
-9.070499420166016,-7.5623064041137695,-6.498480796813965,-5.978517532348633,-6.528877258300781,-5.197911262512207,-4.618120193481445,-5.281890392303467,-6.058195114135742,-6.071111679077148,-7.05635929107666,-7.737833499908447,-8.048554420471191,-7.910759925842285,-7.366086006164551,-7.06607723236084,-7.2541937828063965,-7.5714874267578125,-7.6275835037231445,-6.507931709289551,-3.4627468585968018,-5.302149295806885,-5.623474597930908,-4.085165500640869,-5.243769645690918,-4.799520969390869,-5.24600076675415,-5.388430118560791,-4.986968517303467,-3.674481153488159,-2.166259288787842,-0.8601158857345581,0.42231348156929016,0.6399638652801514,-0.07943729311227798,1.4113168716430664,4.2729387283325195,3.739837408065796,1.9497028589248657,-3.269007682800293,-1.908583402633667,-1.4470715522766113,-1.546907663345337,-2.2324156761169434,-3.2710630893707275
-7.991775989532471,-7.037030220031738,-5.8407206535339355,-4.854998588562012,-4.871554374694824,-4.186192512512207,-4.274982452392578,-3.8245174884796143,-4.1737189292907715,-4.661571025848389,-5.755945205688477,-6.542909145355225,-7.050620079040527,-7.120406627655029,-6.750802516937256,-6.63084077835083,-6.998149871826172,-7.422346115112305,-7.302893161773682,-6.667791843414307,-3.959573745727539,-3.7523701190948486,-6.682126998901367,-3.8718507289886475,-4.176745414733887,-4.794493675231934,-4.477209568023682,-4.700610160827637,-4.031674385070801,-2.775513172149658,-1.048403263092041,0.6564654111862183,2.253587484359741,2.7203245162963867,1.9458178281784058,3.58048152923584,5.00613260269165,5.250584602355957,1.433461308479309,-1.5468380451202393,-0.2914457619190216,-0.0028557113837450743,-1.2983735799789429,-1.8475662469863892,-2.434896945953369
