data/wind_data/wind_13_5.json
{"header": {"parameterUnit": "KT", "parameterCategory": 2, "nx": 256, "ny": 198, "lo1": 44.73521041870117, "la1": -3.236724853515625, "lo2": 111.26478576660156, "la2": 43.468475341796875, "dx": 0.2609002888202667, "dy": -0.23708222806453705, "refTime": "2025-02-19 13:00:00", "forecastTime": 0, "parameterNumber": 2, "parameterNumberName": "eastward_wind"}, "data":
[rows 114 to 132 of 198, columns 88 to 131 of 256]
44.8856201171875,43.80327606201172,43.49473571777344,43.29125213623047,43.048851013183594,43.431610107421875,44.71286392211914,46.49009704589844,47.624996185302734,47.6878776550293,46.62324523925781,45.1075325012207,43.94384765625,43.49605941772461,43.82425308227539,44.568241119384766,44.54637908935547,43.66560363769531,43.732913970947266,45.52073669433594,47.38972091674805,47.92722702026367,47.85428237915039,47.076683044433594,45.59700012207031,44.0816535949707,42.72526931762695,42.556129455566406,43.63361358642578,44.20951461791992,43.52447509765625,41.42509078979492,38.86861038208008,37.485755920410156,37.04825973510742,37.632450103759766,38.20493698120117,38.79401779174805,38.877220153808594,37.8775520324707,35.25075149536133,32.48904800415039,32.227962493896484,33.59366989135742
45.69035339355469,44.61750411987305,44.2528076171875,43.92860794067383,43.76089859008789,44.45689010620117,46.01696014404297,47.801692962646484,48.792945861816406,48.615699768066406,47.01567459106445,44.875614166259766,43.24009704589844,42.73797607421875,43.27874755859375,44.196266174316406,43.92305374145508,42.53611373901367,42.37824630737305,44.073272705078125,45.9609375,46.38899230957031,46.5631103515625,46.66477966308594,45.372127532958984,43.445499420166016,41.925533294677734,41.736595153808594,42.46830368041992,42.557823181152344,41.748870849609375,40.26721954345703,38.94987869262695,38.077144622802734,37.865806579589844,37.66409683227539,37.134098052978516,37.23073959350586,37.9854621887207,38.105064392089844,36.1088752746582,33.07429885864258,31.749025344848633,32.23728561401367
46.52143859863281,46.1288948059082,45.982486724853516,45.44974136352539,44.8358154296875,45.000457763671875,46.84819030761719,48.21888732910156,49.537635803222656,49.57311248779297,47.833927154541016,45.412418365478516,43.179962158203125,42.27399444580078,42.8275260925293,43.64002990722656,43.257694244384766,42.09477615356445,42.07010269165039,43.52167892456055,44.74074172973633,45.01850509643555,45.13393783569336,45.91610336303711,45.17320251464844,43.09154510498047,41.451271057128906,41.07178497314453,41.37675094604492,41.2112922668457,40.32788848876953,39.63289260864258,39.628395080566406,39.389591217041016,38.837074279785156,37.48149490356445,35.961849212646484,36.100345611572266,37.240638732910156,37.627769470214844,36.44005584716797,34.370887756347656,32.301658630371094,30.292617797851562
46.19176483154297,46.907875061035156,46.863189697265625,45.77492141723633,45.295921325683594,46.115623474121094,47.67313003540039,49.1097297668457,50.08550262451172,49.94862747192383,48.56354904174805,46.11845016479492,43.50607681274414,42.25028610229492,42.604148864746094,43.04823303222656,42.70197296142578,41.95790481567383,41.85541915893555,42.5296516418457,43.10802459716797,43.84986114501953,44.44163131713867,45.10746765136719,44.729095458984375,42.863624572753906,41.43559646606445,41.04496383666992,40.80843734741211,39.76655960083008,39.0639533996582,39.96815490722656,41.2586669921875,41.01254653930664,39.06504821777344,36.67875289916992,35.325462341308594,35.74394989013672,36.9001579284668,37.438262939453125,36.920711517333984,35.72914505004883,33.87283706665039,30.47850227355957
46.055816650390625,47.263092041015625,47.69287872314453,46.382564544677734,45.873226165771484,47.615028381347656,49.545318603515625,50.16623306274414,50.00339889526367,49.21109390258789,47.75548553466797,45.56105422973633,43.16221237182617,41.83662796020508,41.867366790771484,41.895668029785156,41.868255615234375,41.63705062866211,41.518733978271484,41.4205436706543,41.911006927490234,42.39778518676758,43.188106536865234,44.633506774902344,44.374752044677734,42.943599700927734,41.911190032958984,41.33259582519531,40.000186920166016,38.006797790527344,37.67258834838867,40.522647857666016,42.795982360839844,41.90679168701172,38.362037658691406,34.98097229003906,34.35167694091797,35.94255447387695,38.19440841674805,39.489253997802734,38.62998962402344,36.65772247314453,34.77692413330078,32.345237731933594
45.457435607910156,46.790687561035156,47.7426872253418,47.7237663269043,47.80113983154297,48.55500030517578,49.75341033935547,50.448509216308594,49.77521896362305,48.18701934814453,46.503543853759766,44.676082611083984,42.59150695800781,41.2200927734375,40.802757263183594,40.44518280029297,40.915645599365234,41.41149139404297,41.28957748413086,41.161563873291016,41.44364547729492,41.40669250488281,41.9859619140625,43.40688705444336,44.067420959472656,43.01606750488281,41.935489654541016,40.71474075317383,38.19911193847656,36.708770751953125,37.14348220825195,40.65679931640625,43.081809997558594,41.47492980957031,36.78599166870117,33.742950439453125,34.33839797973633,35.560768127441406,37.307979583740234,38.71669387817383,36.680641174316406,32.555992126464844,30.78446388244629,31.691104888916016
45.511756896972656,46.789302825927734,47.18638610839844,47.64698791503906,48.89993667602539,50.16653060913086,50.86852264404297,50.55970764160156,49.08834457397461,47.256134033203125,45.75546646118164,44.27369689941406,42.49494552612305,41.15561294555664,40.459190368652344,40.063682556152344,40.46381378173828,41.31937789916992,41.334171295166016,40.89457321166992,40.433349609375,40.258155822753906,41.23999786376953,43.043846130371094,43.53719711303711,41.253849029541016,39.967063903808594,38.69551467895508,35.385498046875,35.231990814208984,38.63970184326172,41.53580093383789,39.84279251098633,35.27104187011719,33.12620544433594,33.76089859008789,34.6614875793457,34.042022705078125,33.3375129699707,31.189733505249023,26.853158950805664,24.082612991333008,22.358501434326172,21.47616195678711
45.692779541015625,46.59665298461914,46.898983001708984,46.14498519897461,46.537818908691406,49.93404006958008,52.290950775146484,51.32902908325195,48.444461822509766,45.94245529174805,44.749107360839844,43.90342330932617,42.63986587524414,41.454498291015625,40.62582778930664,40.09153366088867,40.213340759277344,41.052093505859375,41.133846282958984,40.569522857666016,39.677085876464844,39.566001892089844,40.9734992980957,42.1667366027832,41.46981430053711,39.847251892089844,37.904449462890625,35.84366989135742,36.1938591003418,37.5023307800293,39.182559967041016,39.58121871948242,35.89740753173828,32.445579528808594,33.111324310302734,34.930335998535156,34.5469856262207,31.907516479492188,28.87489128112793,26.911216735839844,25.085643768310547,20.627342224121094,15.44039249420166,12.995340347290039
47.00107192993164,47.33212661743164,47.218223571777344,45.60689926147461,45.40176010131836,50.10483169555664,53.413631439208984,51.29587936401367,47.757652282714844,45.88313674926758,45.24734115600586,44.25497055053711,42.62649917602539,40.88251876831055,40.0096549987793,39.47323989868164,39.463436126708984,40.31744384765625,40.58535385131836,40.191646575927734,39.627098083496094,39.534751892089844,40.98780059814453,40.15656280517578,39.74962615966797,39.00263595581055,38.03963851928711,38.05583953857422,39.350040435791016,40.595584869384766,40.61756134033203,41.21208190917969,42.737430572509766,43.12986755371094,40.75331497192383,36.979766845703125,34.0778694152832,31.842260360717773,30.07743263244629,28.635974884033203,25.53118133544922,20.112789154052734,15.000680923461914,12.057724952697754
50.07852554321289,49.94384765625,49.355804443359375,47.688194274902344,48.01411437988281,51.56906509399414,52.425811767578125,50.41292953491211,48.54525375366211,47.35963439941406,45.98738479614258,43.67583084106445,41.289974212646484,39.52505874633789,39.0738410949707,38.8358039855957,39.21551513671875,40.20783996582031,39.5553092956543,40.249969482421875,40.94181442260742,40.697261810302734,40.68561935424805,39.66221237182617,39.430633544921875,39.973812103271484,39.650909423828125,38.78727722167969,39.29542541503906,40.0970573425293,40.487186431884766,41.1843147277832,42.4099006652832,43.47716522216797,41.451263427734375,38.59309387207031,36.367279052734375,33.961605072021484,31.927730560302734,29.611614227294922,25.929475784301758,20.529905319213867,15.015398979187012,12.317728042602539
52.09661102294922,52.19988250732422,51.35763931274414,50.13666534423828,49.96435546875,50.86158752441406,51.301185607910156,51.19841384887695,50.68794631958008,48.18294906616211,44.39717102050781,41.36591339111328,39.47649383544922,38.77229309082031,38.784847259521484,38.578548431396484,39.117919921875,39.91593551635742,38.927791595458984,39.935306549072266,40.94892883300781,41.39699935913086,41.196102142333984,39.719940185546875,38.66571044921875,38.89046859741211,38.630252838134766,37.67875671386719,38.42486572265625,39.7026252746582,39.67274856567383,40.663055419921875,43.163509368896484,44.18728256225586,42.50912857055664,40.01866912841797,37.7891960144043,35.80032730102539,32.74588394165039,28.356542587280273,23.51045799255371,18.373138427734375,14.224706649780273,12.77988052368164
52.6858024597168,51.73190689086914,50.46546173095703,49.6958122253418,51.20675277709961,53.47923278808594,53.94301223754883,52.3459358215332,49.12074661254883,45.31952667236328,42.6461296081543,41.21484375,40.238643646240234,39.4358024597168,38.82599639892578,38.234683990478516,37.66066360473633,38.44411849975586,39.35337829589844,38.96165084838867,40.93663024902344,39.36174011230469,41.8508415222168,41.504920959472656,38.972930908203125,38.412200927734375,38.06627655029297,37.44911193847656,37.62392044067383,37.49644088745117,37.15245819091797,39.14857864379883,42.65145492553711,44.019012451171875,41.81806945800781,38.544456481933594,36.18593978881836,33.69542694091797,29.702421188354492,25.175935745239258,20.9408016204834,17.431838989257812,15.121003150939941,14.289125442504883
51.89126968383789,50.257537841796875,49.58027267456055,52.71779251098633,53.34617233276367,52.602725982666016,50.933006286621094,48.14181900024414,45.30672836303711,43.52691650390625,42.498756408691406,41.05974578857422,39.392112731933594,38.22837829589844,37.40104293823242,36.90547180175781,36.96998977661133,37.69697570800781,39.96202087402344,39.918277740478516,40.13856506347656,40.150299072265625,37.533382415771484,41.81892776489258,41.72211837768555,39.2104606628418,36.89448547363281,34.66615295410156,34.726715087890625,36.69721984863281,38.735748291015625,42.138832092285156,43.62908172607422,41.75095748901367,38.25181579589844,34.61090087890625,30.828582763671875,26.571884155273438,22.217300415039062,18.514667510986328,15.714714050292969,14.417824745178223,13.786462783813477,13.704087257385254
51.50783920288086,49.932315826416016,50.40032196044922,52.24637985229492,51.715492248535156,49.98033142089844,47.794883728027344,45.87419891357422,44.0955810546875,42.35550308227539,40.49629211425781,38.480281829833984,36.90810012817383,36.22711944580078,36.07954788208008,36.1451301574707,36.97941207885742,37.8177604675293,39.2745475769043,40.49106979370117,40.10886764526367,40.31713104248047,37.66707229614258,36.63386154174805,40.58305358886719,37.72338104248047,31.26249122619629,28.418107986450195,33.018917083740234,39.048362731933594,43.017005920410156,43.32035446166992,39.70214080810547,34.97627639770508,30.695188522338867,25.945743560791016,20.95014190673828,17.417516708374023,15.440813064575195,14.350516319274902,14.448153495788574,14.37429141998291,13.139617919921875,12.830099105834961
51.854896545410156,50.730533599853516,50.641624450683594,50.93364715576172,49.992820739746094,48.89113998413086,47.77402877807617,46.513397216796875,44.0799674987793,40.634124755859375,37.6132926940918,35.855838775634766,35.15225601196289,34.95798110961914,35.10142135620117,35.33226776123047,36.56474685668945,38.2034797668457,38.53976821899414,39.36537170410156,40.35307693481445,38.274497985839844,41.921085357666016,32.799713134765625,26.340906143188477,28.24335479736328,27.272733688354492,28.608287811279297,34.1596565246582,38.84652328491211,44.07469177246094,44.866455078125,33.93707275390625,22.237539291381836,17.260974884033203,14.339868545532227,12.769646644592285,12.586459159851074,12.226162910461426,11.8582181930542,11.613499641418457,11.24573040008545,11.640426635742188,12.399096488952637
51.7564697265625,48.87253189086914,47.31897735595703,46.62674331665039,46.11106491088867,45.52059555053711,45.71821212768555,46.069759368896484,44.5042724609375,40.9058952331543,37.70162582397461,35.8017578125,34.847782135009766,34.36237335205078,34.178955078125,34.418006896972656,36.1380500793457,38.05252456665039,37.92781066894531,39.02717590332031,38.22822570800781,37.955169677734375,45.38019943237305,34.23308563232422,17.879053115844727,22.453964233398438,26.6602725982666,29.80138397216797,32.875823974609375,38.58514404296875,47.77358627319336,42.73072814941406,21.267459869384766,10.07507610321045,9.321823120117188,9.695079803466797,9.93258285522461,9.560908317565918,9.267199516296387,9.293878555297852,9.539454460144043,10.42819881439209,11.368032455444336,12.22799015045166
49.00688171386719,44.73527908325195,41.97725296020508,42.25462341308594,44.40738296508789,47.019893646240234,47.927467346191406,46.11691665649414,43.297115325927734,41.16219711303711,39.24315643310547,36.89372634887695,35.052791595458984,34.259307861328125,33.670372009277344,34.04835510253906,36.25336456298828,37.435577392578125,37.16377258300781,37.06241226196289,36.75678634643555,40.26839828491211,45.79315948486328,32.546634674072266,18.097694396972656,22.223377227783203,27.908164978027344,29.670513153076172,33.15983200073242,40.20460510253906,39.86212158203125,25.38878631591797,11.857980728149414,7.6645636558532715,7.373417377471924,7.9372406005859375,8.388708114624023,8.764163970947266,8.53233814239502,8.355088233947754,8.471076965332031,8.42040729522705,9.561250686645508,10.88833236694336
52.22830581665039,48.822723388671875,47.210731506347656,47.9015998840332,48.54146957397461,48.62031555175781,47.835567474365234,44.805294036865234,40.32843780517578,37.0792236328125,35.597110748291016,34.19963836669922,33.0997428894043,32.628501892089844,32.604400634765625,33.6909065246582,35.981014251708984,37.18921661376953,36.54194641113281,35.91862869262695,36.477294921875,40.163944244384766,42.56718063354492,27.279451370239258,12.60969352722168,18.434036254882812,27.167234420776367,29.799955368041992,33.77497100830078,38.41736602783203,32.76307678222656,17.805299758911133,8.788331031799316,6.254295349121094,6.335816860198975,7.329278469085693,8.080145835876465,7.356614112854004,6.499443054199219,6.326010704040527,6.542443752288818,8.321352005004883,11.01937198638916,11.737812995910645
52.72884750366211,51.50559616088867,51.08731460571289,50.069580078125,47.583770751953125,45.847774505615234,45.00986862182617,42.66452407836914,38.02787399291992,33.78504943847656,32.745994567871094,32.68638610839844,32.285316467285156,32.00414276123047,32.71723937988281,34.19188690185547,35.772377014160156,36.88905715942383,36.50910186767578,35.58587646484375,35.835418701171875,39.36064147949219,38.0805549621582,20.633846282958984,6.250101566314697,15.229681968688965,25.478422164916992,29.864160537719727,33.80265808105469,38.484825134277344,33.778099060058594,19.07502555847168,10.137876510620117,8.17906665802002,6.927678108215332,7.158385276794434,6.798595905303955,5.130385875701904,4.267810821533203,4.915559768676758,7.105758190155029,10.53251838684082,11.990411758422852,11.847949028015137
