data/wind_data/wind_66_2.json
{"header": {"parameterUnit": "KT", "parameterCategory": 2, "nx": 256, "ny": 198, "lo1": 44.73521041870117, "la1": -3.236724853515625, "lo2": 111.26478576660156, "la2": 43.468475341796875, "dx": 0.2609002888202667, "dy": -0.23708222806453705, "refTime": "2025-02-21 18:00:00", "forecastTime": 0, "parameterNumber": 2, "parameterNumberName": "eastward_wind"}, "data":
[rows 133 to 151 of 198, columns 0 to 42 of 256]
-5.334725379943848,-5.131288051605225,-4.56049108505249,-4.0543599128723145,-1.884093999862671,0.3002221882343292,2.3337366580963135,3.181246042251587,3.768224000930786,1.362022042274475,-0.43216946721076965,-0.5732569098472595,2.2755818367004395,1.8621690273284912,1.5606200695037842,3.4192562103271484,4.137548446655273,4.56007719039917,3.080841541290283,1.0451382398605347,-0.12334998697042465,-2.228060245513916,-5.107781887054443,-6.747035026550293,-5.95961332321167,-4.578720569610596,-0.6966524124145508,6.220796585083008,15.542762756347656,16.876567840576172,11.184917449951172,9.139016151428223,8.810335159301758,6.017589569091797,9.975607872009277,16.05376434326172,21.37601661682129,16.614395141601562,13.738749504089355,14.014318466186523,15.013496398925781,15.616949081420898,17.36600112915039
-3.4360859394073486,-3.2483303546905518,-2.7056729793548584,-2.4613113403320312,-1.1352874040603638,0.8559883832931519,2.759751319885254,2.335390329360962,1.976819396018982,1.2353020906448364,1.1491681337356567,1.273827314376831,3.5178840160369873,4.339651584625244,5.513682842254639,5.942502975463867,6.037653923034668,6.690024375915527,4.8426513671875,1.7482889890670776,0.39580461382865906,-1.304640293121338,-3.3958754539489746,-7.838780879974365,-8.38608455657959,-4.927978515625,0.27917131781578064,9.702080726623535,19.317955017089844,19.49783706665039,16.20843505859375,17.18597412109375,14.733481407165527,12.660147666931152,17.682960510253906,19.96939468383789,17.768402099609375,15.106988906860352,12.354677200317383,13.413360595703125,16.678966522216797,19.462276458740234,21.062227249145508
-2.1273069381713867,-1.9155770540237427,-1.2744067907333374,-0.8421050310134888,0.2376856505870819,2.307379722595215,3.408794641494751,1.953230619430542,1.563084363937378,2.088331699371338,3.332664966583252,4.658731460571289,5.602316379547119,5.2276411056518555,6.474431037902832,6.848310470581055,7.0388946533203125,7.427523136138916,5.399031639099121,3.252349615097046,0.2516450583934784,-2.203859329223633,-3.604593515396118,-6.720370769500732,-2.501920461654663,4.427421569824219,8.73602294921875,16.314224243164062,22.05699348449707,22.624399185180664,22.870920181274414,23.943222045898438,20.82653045654297,20.357105255126953,20.782716751098633,15.477151870727539,14.978480339050293,14.478694915771484,14.823143005371094,18.418535232543945,21.01238441467285,21.238218307495117,20.417739868164062
-1.4271665811538696,-1.1399571895599365,-0.28945595026016235,0.5407869219779968,1.4711209535598755,3.0851378440856934,3.903216600418091,3.1387698650360107,2.267317056655884,2.612941265106201,3.7984344959259033,4.625554084777832,6.6884355545043945,6.974376201629639,7.269949913024902,7.92035436630249,7.176896095275879,4.793548583984375,2.6129703521728516,2.8780078887939453,-0.034538473933935165,-1.6796783208847046,-3.5545313358306885,-4.031299591064453,3.6689465045928955,15.521232604980469,19.434118270874023,22.774700164794922,25.13694190979004,26.159469604492188,27.586807250976562,26.32756233215332,23.49704360961914,20.422224044799805,17.04105567932129,14.800625801086426,11.925580024719238,14.061213493347168,18.59345817565918,22.136859893798828,22.30133819580078,20.621627807617188,19.560632705688477
-0.14984150230884552,0.008553232997655869,0.8910353779792786,1.9097400903701782,2.322063446044922,3.4334189891815186,4.3663554191589355,4.602685928344727,4.654821872711182,6.993743419647217,9.35930347442627,11.282652854919434,11.727436065673828,8.331927299499512,7.44553279876709,8.541328430175781,7.636448860168457,6.887761116027832,4.013700485229492,2.3008038997650146,0.03011578693985939,-3.1310887336730957,-2.6794121265411377,-2.097175359725952,8.218095779418945,17.485815048217773,20.609987258911133,24.383087158203125,28.782819747924805,30.447856903076172,29.051490783691406,25.632888793945312,21.4503173828125,18.347787857055664,13.226451873779297,12.709983825683594,15.2499418258667,18.45395851135254,21.57955551147461,22.768531799316406,22.463275909423828,21.4926815032959,21.059852600097656
2.8364763259887695,2.4016220569610596,2.5472776889801025,3.200092077255249,3.8173375129699707,4.868179798126221,6.0192766189575195,6.829941272735596,8.433826446533203,10.572314262390137,11.1422700881958,10.031420707702637,8.478129386901855,5.800760746002197,7.827749252319336,8.131270408630371,7.253967761993408,7.335840225219727,2.6872363090515137,1.298416018486023,-1.5968595743179321,0.8603543043136597,6.971776485443115,6.099478244781494,11.51325798034668,17.328845977783203,19.965898513793945,25.73750114440918,32.075618743896484,32.1130256652832,27.629365921020508,24.000629425048828,20.82004165649414,15.70419692993164,12.135726928710938,12.612293243408203,16.720365524291992,21.69911766052246,23.157840728759766,22.165395736694336,22.179153442382812,21.96477508544922,21.34404945373535
5.527719020843506,4.579324245452881,4.094381809234619,4.250673294067383,5.283304691314697,6.605292797088623,8.01530647277832,9.355148315429688,10.92078971862793,11.668832778930664,10.259359359741211,8.39792537689209,7.478401184082031,5.62672758102417,7.354619026184082,8.650593757629395,9.307476043701172,7.540464878082275,2.128814697265625,0.8304340243339539,-0.2891152799129486,2.151186943054199,11.382089614868164,5.056817054748535,6.565611839294434,16.567502975463867,24.770763397216797,31.752750396728516,34.63913345336914,31.079708099365234,24.510303497314453,21.741783142089844,19.639631271362305,17.134828567504883,14.281042098999023,14.918777465820312,20.127307891845703,21.729034423828125,20.993234634399414,20.438392639160156,21.5057315826416,21.08352279663086,20.007204055786133
5.176599502563477,5.175800800323486,4.914494514465332,5.108650207519531,5.939723014831543,7.39445161819458,8.794600486755371,10.382134437561035,11.75699520111084,11.612865447998047,9.948646545410156,8.892423629760742,9.413358688354492,7.549405097961426,7.391947269439697,9.526545524597168,9.434407234191895,3.672593116760254,1.7042332887649536,1.890573263168335,3.316112995147705,2.6992406845092773,8.84046459197998,8.86484432220459,10.807084083557129,21.53407859802246,30.079513549804688,34.93621063232422,34.25233459472656,28.398595809936523,23.273012161254883,18.98879623413086,15.82802677154541,14.398262977600098,13.189902305603027,18.346351623535156,18.71700668334961,15.342598915100098,17.316478729248047,19.795364379882812,21.217391967773438,19.77779197692871,20.244428634643555
3.221778631210327,4.6631999015808105,5.359251022338867,6.234556198120117,6.964070796966553,7.9865570068359375,9.141995429992676,10.610651016235352,11.564033508300781,11.124982833862305,9.83830451965332,8.870023727416992,9.765256881713867,8.984187126159668,6.222172260284424,7.645491123199463,6.493443965911865,1.5095102787017822,0.6112580895423889,0.3495790958404541,2.266871213912964,5.289798259735107,10.390040397644043,13.351569175720215,20.225770950317383,29.481752395629883,33.28084945678711,32.90403747558594,30.67609405517578,26.120338439941406,17.698429107666016,11.791459083557129,12.517253875732422,14.395869255065918,18.231149673461914,18.02803611755371,13.998761177062988,15.406726837158203,19.167539596557617,21.6470947265625,20.436540603637695,17.962356567382812,20.244237899780273
2.0081846714019775,4.103023052215576,5.760133743286133,7.585306644439697,8.968076705932617,9.715880393981934,9.951053619384766,11.002464294433594,12.319536209106445,13.413039207458496,13.949472427368164,11.795658111572266,10.47445011138916,9.346571922302246,5.078372001647949,7.148902416229248,5.860480308532715,0.735426127910614,0.1863597333431244,0.3662163019180298,2.9120848178863525,11.493430137634277,21.89116096496582,23.61790657043457,27.75543785095215,33.51750946044922,32.916481018066406,28.792530059814453,26.68036651611328,24.043245315551758,16.005884170532227,9.926424026489258,12.639486312866211,18.83465003967285,21.24329376220703,18.023088455200195,17.673458099365234,20.493818283081055,23.2132568359375,24.775188446044922,22.82489585876465,21.993701934814453,22.58329200744629
1.0936250686645508,3.482147693634033,5.7557196617126465,8.458921432495117,10.524513244628906,11.135598182678223,10.713762283325195,10.817627906799316,11.876124382019043,12.262822151184082,12.609823226928711,11.66200065612793,10.452430725097656,10.33216667175293,5.957274436950684,7.774825572967529,6.011422634124756,1.0032907724380493,1.1057827472686768,0.7439190149307251,5.565126419067383,20.62609100341797,32.14691925048828,30.97249984741211,28.916942596435547,28.96839141845703,25.502641677856445,23.289457321166992,23.335987091064453,21.47093391418457,17.6583309173584,16.95124626159668,19.58651351928711,23.819082260131836,25.935710906982422,23.817325592041016,20.53531265258789,17.153993606567383,19.42296028137207,21.24842071533203,16.886505126953125,16.83816909790039,18.156339645385742
0.4798450469970703,3.2200865745544434,5.722077369689941,8.592157363891602,10.469764709472656,10.999594688415527,11.191312789916992,11.187725067138672,12.34913444519043,13.387748718261719,13.103848457336426,11.025358200073242,8.92690372467041,10.228025436401367,10.202348709106445,11.01513671875,5.450875282287598,2.3627798557281494,3.8574459552764893,7.981015205383301,16.24980926513672,29.582313537597656,36.567955017089844,33.79829788208008,29.714853286743164,26.936729431152344,22.758808135986328,19.075870513916016,17.184741973876953,17.061824798583984,17.321958541870117,20.90338897705078,25.222881317138672,25.916423797607422,25.72187614440918,23.855459213256836,16.94637107849121,11.445206642150879,6.651259422302246,-0.41432490944862366,-0.09170183539390564,1.879075288772583,-1.5053062438964844
0.15732446312904358,3.451033592224121,6.057749271392822,8.624945640563965,10.06313705444336,11.82680606842041,12.481780052185059,13.035959243774414,13.23554515838623,12.457818984985352,10.937334060668945,9.164593696594238,6.960654258728027,7.838730812072754,7.199584007263184,9.295079231262207,5.433841705322266,4.157460689544678,5.639323711395264,12.685664176940918,24.907535552978516,36.0169677734375,37.049747467041016,33.69459533691406,31.56937026977539,28.901578903198242,23.881628036499023,17.792892456054688,13.848851203918457,14.721659660339355,21.18286895751953,26.503032684326172,28.66234016418457,24.2817440032959,22.60664939880371,22.279827117919922,20.813684463500977,14.752421379089355,4.310827255249023,-0.15518693625926971,0.26887696981430054,1.471545934677124,-0.8698793649673462
0.21887537837028503,3.7855029106140137,6.2393059730529785,8.564884185791016,9.22010326385498,10.566481590270996,12.67198657989502,11.658973693847656,9.976506233215332,9.832586288452148,9.441110610961914,7.651740074157715,5.448307991027832,4.836897850036621,5.595930099487305,8.412518501281738,7.729430198669434,6.698562145233154,9.636605262756348,20.096073150634766,30.290346145629883,37.139991760253906,38.1468620300293,35.557743072509766,32.08381652832031,26.477783203125,19.736255645751953,15.81308364868164,17.573789596557617,22.529869079589844,26.793806076049805,28.283491134643555,26.890676498413086,24.652528762817383,21.46232032775879,19.700881958007812,18.746431350708008,6.254688262939453,0.40064215660095215,4.6168317794799805,7.680423736572266,7.945488929748535,1.7867943048477173
0.9115046858787537,3.9074831008911133,5.88051176071167,8.082026481628418,7.45482063293457,7.67313814163208,8.106865882873535,7.932535648345947,8.83626937866211,9.935749053955078,8.885932922363281,6.853596210479736,6.464593887329102,6.773632526397705,6.677999973297119,8.206252098083496,10.117463111877441,10.419904708862305,18.128488540649414,27.8856143951416,34.202842712402344,39.408775329589844,39.68342590332031,37.78484344482422,31.669111251831055,20.415424346923828,17.15862274169922,21.539255142211914,26.86003875732422,28.954776763916016,30.35147476196289,29.741714477539062,25.252851486206055,20.54224395751953,17.573110580444336,15.118865966796875,12.837580680847168,6.651233196258545,4.960900783538818,4.048127174377441,-1.8794493675231934,-1.4472061395645142,-2.4707281589508057
1.7789323329925537,4.09932804107666,5.455724716186523,7.168139457702637,4.686495780944824,4.197691440582275,5.0749077796936035,7.360598087310791,10.640624046325684,9.343143463134766,7.793886184692383,7.094229221343994,7.695694446563721,10.126511573791504,10.845826148986816,9.925712585449219,12.6193208694458,15.307716369628906,20.690414428710938,25.63733673095703,33.26795959472656,38.747764587402344,34.89639663696289,31.675058364868164,29.93229103088379,27.70612907409668,29.509471893310547,31.39702033996582,28.734216690063477,21.641857147216797,19.462371826171875,20.12798309326172,20.329179763793945,18.934829711914062,17.59238624572754,11.517300605773926,5.489675521850586,6.996125221252441,7.343184471130371,0.9137494564056396,-5.927847862243652,-5.228199481964111,-2.6405861377716064
2.2665882110595703,4.745854377746582,5.41640567779541,5.621518611907959,2.326700448989868,2.792982578277588,5.786017894744873,10.193801879882812,10.446451187133789,7.6801652908325195,7.444104194641113,8.584210395812988,8.631512641906738,8.979647636413574,11.965521812438965,16.550901412963867,17.3220272064209,17.711368560791016,20.47842025756836,26.364990234375,34.29415512084961,30.628446578979492,24.369409561157227,23.377941131591797,26.873592376708984,32.82035827636719,36.242252349853516,28.433237075805664,12.231842041015625,7.19935941696167,8.699085235595703,9.761326789855957,10.388648986816406,11.96224594116211,8.473189353942871,-0.21889092028141022,-0.2988554835319519,4.163802623748779,2.6287896633148193,-5.990728855133057,-8.360328674316406,-7.157777309417725,-4.850544452667236
2.54518461227417,5.615235805511475,5.642601490020752,4.1555914878845215,1.4418905973434448,3.158759593963623,7.314670085906982,10.008435249328613,10.785926818847656,7.536001205444336,7.395410060882568,10.174449920654297,11.30310344696045,11.390496253967285,15.943990707397461,22.53065299987793,20.027711868286133,18.00445556640625,22.76560401916504,31.15755844116211,35.26548385620117,26.9598331451416,20.25474739074707,20.792217254638672,27.63084602355957,35.19862747192383,24.737607955932617,7.931921005249023,4.463139533996582,6.858382701873779,1.44007408618927,-0.6244370341300964,-1.7350014448165894,-1.0461171865463257,-2.405266046524048,-2.90509295463562,0.03408921882510185,1.956146001815796,-0.7855818867683411,-6.788959980010986,-8.998766899108887,-10.396200180053711,-8.415140151977539
2.4607667922973633,6.0370025634765625,5.956320762634277,3.9669458866119385,1.5079115629196167,3.225154399871826,8.074869155883789,10.107044219970703,10.645347595214844,11.68317985534668,10.7876558303833,10.892562866210938,14.189122200012207,18.124406814575195,22.482337951660156,22.772876739501953,19.600717544555664,20.97810173034668,29.779399871826172,34.15671920776367,29.340665817260742,24.055265426635742,21.382841110229492,23.3837833404541,32.887847900390625,29.078454971313477,8.249648094177246,3.8914923667907715,7.962879180908203,8.565474510192871,2.0629498958587646,-1.5640913248062134,-0.9071738719940186,-1.10085928440094,-0.5259273052215576,-0.41858723759651184,-0.3602987825870514,-1.5257149934768677,-3.2513089179992676,-5.0928263664245605,-7.12766170501709,-9.288623809814453,-8.880247116088867
