data/wind_data/wind_3_6.json
{"header": {"parameterUnit": "KT", "parameterCategory": 2, "nx": 256, "ny": 198, "lo1": 44.73521041870117, "la1": -3.236724853515625, "lo2": 111.26478576660156, "la2": 43.468475341796875, "dx": 0.2609002888202667, "dy": -0.23708222806453705, "refTime": "2025-02-19 03:00:00", "forecastTime": 0, "parameterNumber": 2, "parameterNumberName": "eastward_wind"}, "data":
[rows 0 to 19 of 198, columns 88 to 131 of 256]
-22.214588165283203,-22.69685935974121,-21.883079528808594,-20.372007369995117,-20.412490844726562,-21.00210189819336,-20.31696319580078,-19.31429100036621,-18.819713592529297,-18.922513961791992,-20.44297218322754,-21.56911277770996,-21.07586097717285,-19.76373291015625,-17.42323112487793,-16.20037269592285,-16.888010025024414,-17.27403450012207,-17.05817985534668,-17.504592895507812,-18.604379653930664,-18.923236846923828,-18.48583984375,-16.71137809753418,-14.186074256896973,-12.969505310058594,-12.875011444091797,-14.943723678588867,-17.385469436645508,-17.01750373840332,-16.43872833251953,-17.941598892211914,-19.492368698120117,-20.20587730407715,-20.143272399902344,-18.999418258666992,-17.903127670288086,-17.14944839477539,-16.505598068237305,-16.013248443603516,-14.371282577514648,-11.607847213745117,-9.953174591064453,-9.220301628112793
-20.919618606567383,-22.157426834106445,-21.830055236816406,-20.851036071777344,-20.68235969543457,-20.434030532836914,-19.49775505065918,-18.808094024658203,-19.16254997253418,-19.928911209106445,-20.81627082824707,-21.00916862487793,-20.130504608154297,-18.9190731048584,-17.47157859802246,-16.880111694335938,-17.432889938354492,-17.929914474487305,-18.206443786621094,-18.84181022644043,-19.792987823486328,-19.61263084411621,-18.263113021850586,-15.932632446289062,-13.455399513244629,-12.01932430267334,-11.4374361038208,-13.084712982177734,-15.083451271057129,-15.271353721618652,-15.566451072692871,-16.737205505371094,-17.765457153320312,-18.389081954956055,-18.09083366394043,-16.6424560546875,-15.823637008666992,-15.611348152160645,-14.554819107055664,-12.729523658752441,-10.738322257995605,-8.904545783996582,-8.171197891235352,-8.040420532226562
-22.011104583740234,-22.44406509399414,-21.963838577270508,-21.077693939208984,-20.65085792541504,-20.17190170288086,-18.967031478881836,-17.710494995117188,-17.348464965820312,-17.993410110473633,-19.511606216430664,-20.001447677612305,-19.002859115600586,-18.378480911254883,-18.425737380981445,-18.727113723754883,-19.15383529663086,-19.580711364746094,-19.97867202758789,-19.98291015625,-19.66603660583496,-18.96088409423828,-17.778736114501953,-15.883740425109863,-13.762163162231445,-12.510843276977539,-11.921616554260254,-12.493881225585938,-13.51471996307373,-14.348891258239746,-15.2014741897583,-15.992688179016113,-16.42693519592285,-16.411155700683594,-16.075267791748047,-15.213174819946289,-14.855023384094238,-14.880570411682129,-13.523317337036133,-11.261648178100586,-9.382306098937988,-7.914763450622559,-7.30763053894043,-7.278463363647461
-22.64121437072754,-22.371976852416992,-21.807228088378906,-20.932626724243164,-20.179441452026367,-19.491479873657227,-18.168258666992188,-16.51662826538086,-15.712882041931152,-16.498760223388672,-18.347848892211914,-18.841999053955078,-18.156089782714844,-18.3027400970459,-19.21229362487793,-20.034460067749023,-20.62357521057129,-21.016845703125,-21.219322204589844,-20.552412033081055,-19.276819229125977,-18.367956161499023,-17.740034103393555,-16.434326171875,-14.523748397827148,-13.248780250549316,-12.610179901123047,-12.446060180664062,-12.978740692138672,-14.149044036865234,-15.096245765686035,-15.601792335510254,-15.583976745605469,-14.98515510559082,-14.712434768676758,-14.573317527770996,-14.417695045471191,-14.15186882019043,-12.792850494384766,-10.785497665405273,-9.11052131652832,-7.884364128112793,-7.119664669036865,-6.774062633514404
-22.222354888916016,-21.625768661499023,-20.78622055053711,-19.541948318481445,-18.31987953186035,-17.54538917541504,-17.008766174316406,-16.64980697631836,-16.736888885498047,-17.256181716918945,-18.108522415161133,-18.894010543823242,-19.150165557861328,-19.03636360168457,-19.149520874023438,-19.82362937927246,-20.684328079223633,-21.029409408569336,-21.081605911254883,-20.745969772338867,-20.0141658782959,-19.063396453857422,-18.07503318786621,-16.65836524963379,-14.986249923706055,-13.99405574798584,-13.848974227905273,-14.020484924316406,-14.239748001098633,-14.359875679016113,-14.708276748657227,-15.192158699035645,-15.177314758300781,-14.859770774841309,-14.724349021911621,-14.54565143585205,-13.947639465332031,-13.168388366699219,-12.338521957397461,-11.375639915466309,-9.970880508422852,-8.479942321777344,-7.19185209274292,-6.574019908905029
-22.190690994262695,-21.05221176147461,-19.34994125366211,-17.72218132019043,-16.694833755493164,-16.208194732666016,-15.926811218261719,-16.051050186157227,-16.891815185546875,-18.032299041748047,-18.95857810974121,-19.750577926635742,-20.07621955871582,-20.014863967895508,-19.684066772460938,-19.66205406188965,-20.262739181518555,-20.752099990844727,-21.40686798095703,-21.889657974243164,-21.198490142822266,-19.753110885620117,-18.279521942138672,-16.62175941467285,-15.332748413085938,-14.864059448242188,-14.892860412597656,-15.148637771606445,-14.83012580871582,-14.031290054321289,-14.060474395751953,-14.821869850158691,-15.405313491821289,-15.72159194946289,-15.663797378540039,-15.229366302490234,-14.319562911987305,-13.455259323120117,-12.75232219696045,-11.464761734008789,-9.39029312133789,-7.659651279449463,-6.97812032699585,-6.552130222320557
-21.603063583374023,-20.63092613220215,-18.886363983154297,-17.232755661010742,-16.571226119995117,-16.882795333862305,-17.473180770874023,-18.176288604736328,-19.22987937927246,-20.2595157623291,-20.472837448120117,-19.997417449951172,-19.790733337402344,-20.26279640197754,-20.329513549804688,-19.86678695678711,-20.186800003051758,-21.234867095947266,-22.064224243164062,-21.711956024169922,-20.242218017578125,-18.937557220458984,-18.035093307495117,-16.98956298828125,-15.914144515991211,-15.139684677124023,-14.609607696533203,-14.581293106079102,-14.564906120300293,-14.289886474609375,-14.337751388549805,-14.698383331298828,-15.262529373168945,-15.836277961730957,-15.800731658935547,-15.174034118652344,-14.503207206726074,-14.148001670837402,-13.333993911743164,-11.337270736694336,-8.770742416381836,-7.190972328186035,-6.753809928894043,-5.796003818511963
-21.905954360961914,-20.837053298950195,-19.86191749572754,-19.391447067260742,-19.465078353881836,-20.325550079345703,-21.666275024414062,-22.539087295532227,-22.647708892822266,-22.298343658447266,-21.417522430419922,-20.120729446411133,-19.387773513793945,-19.8138484954834,-20.628936767578125,-20.81244468688965,-21.06061363220215,-22.067100524902344,-22.30793571472168,-20.726444244384766,-18.700666427612305,-17.455978393554688,-17.086576461791992,-17.095638275146484,-16.51211166381836,-15.43925666809082,-14.548758506774902,-14.391027450561523,-14.63182544708252,-14.551309585571289,-14.176013946533203,-13.937414169311523,-14.051761627197266,-14.576756477355957,-15.00318431854248,-15.091043472290039,-15.150529861450195,-14.795660972595215,-13.17592716217041,-10.717918395996094,-8.522500991821289,-7.580349922180176,-6.8569416999816895,-5.311576843261719
-22.40291404724121,-21.582767486572266,-21.188199996948242,-21.47968864440918,-22.02916717529297,-22.898723602294922,-24.02761459350586,-24.40008544921875,-23.621387481689453,-22.32929801940918,-21.251995086669922,-20.642026901245117,-20.202552795410156,-19.944950103759766,-20.432151794433594,-21.136693954467773,-21.52161979675293,-21.7258358001709,-20.901546478271484,-19.13249969482422,-17.551048278808594,-16.64095115661621,-16.78904151916504,-17.553932189941406,-17.719009399414062,-17.122764587402344,-16.069259643554688,-15.243587493896484,-14.573790550231934,-13.73002815246582,-13.1260347366333,-13.270000457763672,-13.922950744628906,-14.610807418823242,-14.984944343566895,-15.044023513793945,-14.963932037353516,-14.188108444213867,-12.278463363647461,-10.13617992401123,-8.403101921081543,-7.247383117675781,-5.994774341583252,-4.878578186035156
-23.351097106933594,-22.957096099853516,-22.702116012573242,-22.9111328125,-23.346328735351562,-23.88881492614746,-24.440467834472656,-24.3503475189209,-23.244855880737305,-21.807727813720703,-21.203872680664062,-21.718067169189453,-21.813884735107422,-20.771329879760742,-20.305797576904297,-20.66291618347168,-20.560808181762695,-20.13937759399414,-19.362096786499023,-18.260095596313477,-17.24018669128418,-16.648374557495117,-17.155176162719727,-18.348203659057617,-18.986713409423828,-18.64359474182129,-17.297592163085938,-15.475825309753418,-13.967808723449707,-13.445018768310547,-13.733202934265137,-14.143793106079102,-14.535983085632324,-14.661882400512695,-14.007078170776367,-13.110987663269043,-12.509872436523438,-11.888724327087402,-10.889893531799316,-9.366135597229004,-7.505637168884277,-6.068649768829346,-5.050992965698242,-4.686601638793945
-23.7639102935791,-23.552043914794922,-23.484580993652344,-24.050447463989258,-24.822830200195312,-24.970619201660156,-24.037263870239258,-22.53545570373535,-21.31338882446289,-21.085826873779297,-21.926549911499023,-22.904462814331055,-22.931217193603516,-21.57124900817871,-20.20012855529785,-19.867176055908203,-19.501983642578125,-18.69792366027832,-18.22022247314453,-18.039243698120117,-17.41712760925293,-16.391874313354492,-16.170822143554688,-17.31012725830078,-18.164411544799805,-17.752220153808594,-16.88385581970215,-15.8072509765625,-14.572874069213867,-14.194831848144531,-14.372651100158691,-14.229963302612305,-13.83418083190918,-13.034870147705078,-11.828432083129883,-10.862713813781738,-10.559757232666016,-10.429149627685547,-9.11288833618164,-6.759282112121582,-5.055790901184082,-4.567187309265137,-4.14686918258667,-4.149383068084717
-23.59202766418457,-23.622650146484375,-23.46055030822754,-23.80662727355957,-24.684402465820312,-25.05243492126465,-24.035844802856445,-21.906333923339844,-19.858911514282227,-19.71725845336914,-21.91615867614746,-24.103416442871094,-24.515602111816406,-23.136016845703125,-20.611204147338867,-18.214982986450195,-16.812400817871094,-16.488649368286133,-16.737905502319336,-17.101346969604492,-16.464956283569336,-14.318371772766113,-13.125035285949707,-14.813873291015625,-16.541378021240234,-16.136566162109375,-15.772364616394043,-15.05999755859375,-13.543229103088379,-12.810978889465332,-13.313346862792969,-13.545432090759277,-13.205498695373535,-12.579689979553223,-11.55163860321045,-10.910524368286133,-10.790483474731445,-9.688552856445312,-6.622552394866943,-3.5450479984283447,-2.746854305267334,-2.6176793575286865,-2.7129876613616943,-3.181220054626465
-22.304885864257812,-22.05038070678711,-22.142120361328125,-22.62541389465332,-23.6530704498291,-24.738618850708008,-25.065536499023438,-24.027177810668945,-21.98265838623047,-20.60791015625,-21.28090476989746,-22.835832595825195,-23.098846435546875,-21.8740291595459,-19.938018798828125,-17.895294189453125,-16.316177368164062,-15.782779693603516,-15.993059158325195,-15.797098159790039,-14.685964584350586,-13.320613861083984,-12.43661117553711,-12.422261238098145,-13.973669052124023,-14.438380241394043,-13.710583686828613,-11.195601463317871,-8.398024559020996,-8.455008506774902,-10.424947738647461,-11.816197395324707,-12.595789909362793,-12.765761375427246,-11.994915962219238,-10.932379722595215,-9.768087387084961,-7.3770060539245605,-4.1314616203308105,-2.145925760269165,-1.802259922027588,-1.1497845649719238,-1.2907557487487793,-2.152235507965088
-21.571435928344727,-20.327526092529297,-19.926334381103516,-20.511869430541992,-21.611772537231445,-22.845458984375,-23.900951385498047,-24.564472198486328,-24.35693359375,-23.108362197875977,-21.825897216796875,-20.842641830444336,-19.434595108032227,-17.662797927856445,-16.602340698242188,-16.441503524780273,-16.094417572021484,-15.814963340759277,-16.173568725585938,-15.423254013061523,-13.872633934020996,-13.530023574829102,-14.040847778320312,-13.088157653808594,-12.255549430847168,-11.824220657348633,-10.088374137878418,-6.994621276855469,-4.867246150970459,-5.649439811706543,-7.384536266326904,-9.019118309020996,-10.27413272857666,-11.114253044128418,-10.773993492126465,-9.32717227935791,-6.934178352355957,-4.063046932220459,-2.3429739475250244,-2.0478219985961914,-1.702359676361084,-0.7600440979003906,-0.1602085679769516,-0.25878670811653137
-21.26011848449707,-20.159423828125,-19.500221252441406,-19.367155075073242,-19.599491119384766,-20.072311401367188,-20.878398895263672,-22.197927474975586,-23.50072479248047,-23.337860107421875,-21.6888370513916,-19.661678314208984,-17.544952392578125,-15.70561408996582,-15.117459297180176,-16.1453914642334,-17.940078735351562,-18.355472564697266,-17.47904396057129,-15.775707244873047,-14.468690872192383,-15.454756736755371,-16.880634307861328,-15.767915725708008,-13.242359161376953,-10.858784675598145,-8.631951332092285,-6.863986968994141,-5.842891693115234,-5.451726913452148,-5.510426998138428,-6.912872791290283,-8.111732482910156,-8.951542854309082,-8.481937408447266,-6.974260330200195,-4.305110931396484,-1.5172570943832397,-1.2834386825561523,-1.761121392250061,-1.6846870183944702,-0.6824461221694946,0.45532968640327454,0.8590875267982483
-21.466175079345703,-21.059438705444336,-20.621543884277344,-19.695451736450195,-18.61746597290039,-18.176223754882812,-18.734140396118164,-19.911540985107422,-21.311975479125977,-21.849699020385742,-20.720014572143555,-18.930538177490234,-17.393505096435547,-16.515838623046875,-16.03516960144043,-15.872886657714844,-17.408512115478516,-18.620952606201172,-16.74684715270996,-15.280220985412598,-14.898548126220703,-14.668770790100098,-15.1373929977417,-14.876901626586914,-12.579657554626465,-10.338390350341797,-9.707433700561523,-9.76379680633545,-8.513032913208008,-6.527486801147461,-5.06794548034668,-6.565074920654297,-7.9966349601745605,-7.95875358581543,-6.550722122192383,-5.190944671630859,-2.4458677768707275,-0.026746265590190887,0.3392283320426941,-0.017543470486998558,-0.5693740844726562,0.3313465714454651,0.66655433177948,-0.08757387846708298
-23.341642379760742,-23.777942657470703,-23.201589584350586,-21.800094604492188,-19.989990234375,-18.24595832824707,-17.402915954589844,-17.78005599975586,-18.908857345581055,-19.61089324951172,-18.749736785888672,-17.192991256713867,-16.268651962280273,-15.744997024536133,-14.708148956298828,-13.850436210632324,-13.247191429138184,-12.751697540283203,-12.646845817565918,-13.132081985473633,-13.765381813049316,-12.896191596984863,-11.058395385742188,-10.296374320983887,-9.430289268493652,-9.284481048583984,-9.975371360778809,-10.637032508850098,-10.136046409606934,-8.304506301879883,-6.689098834991455,-7.214107036590576,-7.0749735832214355,-5.478565692901611,-3.454878330230713,-1.7551151514053345,0.3589423596858978,1.8456048965454102,1.9831842184066772,1.3414825201034546,0.8628222346305847,1.0295333862304688,0.1437605768442154,-1.0548063516616821
-21.46102523803711,-22.91276741027832,-22.7225399017334,-21.294553756713867,-19.684370040893555,-18.031585693359375,-16.837844848632812,-16.62824058532715,-16.924440383911133,-16.441848754882812,-15.191725730895996,-14.557191848754883,-14.623897552490234,-14.123456001281738,-13.401261329650879,-13.1810302734375,-12.393230438232422,-11.0730619430542,-10.182657241821289,-9.942252159118652,-10.157000541687012,-9.852474212646484,-8.800342559814453,-8.483552932739258,-9.22148323059082,-9.075906753540039,-8.687286376953125,-8.945322036743164,-9.407610893249512,-8.399757385253906,-6.4654459953308105,-5.043206214904785,-2.5514376163482666,0.4273172914981842,1.2206215858459473,1.8345783948898315,1.6998631954193115,1.2881855964660645,0.6091101169586182,0.260224848985672,0.7184627056121826,-0.3150561451911926,-0.7670645713806152,0.5784202218055725
-19.418094635009766,-19.46976089477539,-19.650314331054688,-18.934207916259766,-17.92352294921875,-17.361597061157227,-16.892894744873047,-15.919072151184082,-14.684788703918457,-13.457620620727539,-12.827566146850586,-12.854715347290039,-12.095760345458984,-10.694724082946777,-10.477005958557129,-11.449668884277344,-11.489709854125977,-10.935246467590332,-10.647659301757812,-10.453668594360352,-9.918414115905762,-8.898124694824219,-7.612157344818115,-6.7634687423706055,-7.74441385269165,-8.43887710571289,-7.267232418060303,-6.600334167480469,-7.22554874420166,-6.834944248199463,-3.6824471950531006,-0.08114738762378693,2.1772608757019043,2.384019136428833,2.1195733547210693,2.5657222270965576,1.600683569908142,-0.36279651522636414,-1.0318554639816284,-0.3717280626296997,-0.23290890455245972,-0.4169110059738159,2.370607614517212,4.517989158630371
-20.664657592773438,-19.440893173217773,-18.599510192871094,-17.7369441986084,-16.55729866027832,-15.456836700439453,-14.662155151367188,-13.939424514770508,-13.106040954589844,-11.952057838439941,-10.854877471923828,-9.734663009643555,-8.524081230163574,-7.660336017608643,-7.601108074188232,-8.591642379760742,-9.719523429870605,-10.061972618103027,-10.162156105041504,-9.623151779174805,-8.45181655883789,-7.892733573913574,-8.180084228515625,-7.095306873321533,-5.948451995849609,-5.8643059730529785,-5.242431163787842,-5.565393924713135,-6.802487850189209,-7.056512832641602,-5.39745569229126,-2.2085442543029785,0.05536670982837677,1.2530794143676758,2.472126007080078,3.3998584747314453,2.561556816101074,0.09124759584665298,-0.5192399621009827,0.47763386368751526,1.835575819015503,3.8824076652526855,5.611839294433594,5.469531536102295
