data/wind_data/wind_16_6.json
{"header": {"parameterUnit": "KT", "parameterCategory": 2, "nx": 256, "ny": 198, "lo1": 44.73521041870117, "la1": -3.236724853515625, "lo2": 111.26478576660156, "la2": 43.468475341796875, "dx": 0.2609002888202667, "dy": -0.23708222806453705, "refTime": "2025-02-19 16:00:00", "forecastTime": 0, "parameterNumber": 2, "parameterNumberName": "eastward_wind"}, "data":
[rows 40 to 59 of 198, columns 44 to 87 of 256]
-6.5088043212890625,-6.1456451416015625,-5.6817498207092285,-5.319669723510742,-5.386748313903809,-5.839283466339111,-6.215099334716797,-6.106265068054199,-5.55588436126709,-5.057545185089111,-4.96276330947876,-5.260923385620117,-5.757385730743408,-6.196487903594971,-6.551464080810547,-6.79931116104126,-6.812326431274414,-6.4511542320251465,-5.823427677154541,-5.324615001678467,-5.205273151397705,-5.434954643249512,-5.776323318481445,-6.029604434967041,-6.314253330230713,-6.356379508972168,-5.837547779083252,-5.17595100402832,-4.920962333679199,-4.933831691741943,-4.799696922302246,-4.827202320098877,-5.272684097290039,-5.818294525146484,-6.129732608795166,-5.880974292755127,-5.662457466125488,-5.397983551025391,-5.818600177764893,-6.271128177642822,-6.366185665130615,-6.196480751037598,-5.837116718292236,-5.487387657165527
-5.543308734893799,-5.2156081199646,-4.901534557342529,-4.587128162384033,-4.338344097137451,-4.282668590545654,-4.5089430809021,-4.8086395263671875,-4.799103736877441,-4.446429252624512,-4.20529842376709,-4.515603542327881,-5.104430675506592,-5.427683353424072,-5.60201358795166,-5.824059009552002,-5.900557518005371,-5.733256816864014,-5.409282684326172,-5.008840084075928,-4.633605480194092,-4.552544116973877,-4.944763660430908,-5.547939777374268,-5.765622138977051,-5.450523376464844,-5.001623630523682,-4.909895420074463,-5.1945366859436035,-5.209070205688477,-4.859961986541748,-4.804439067840576,-5.1305317878723145,-5.348598003387451,-5.072033405303955,-4.8374834060668945,-5.130217552185059,-5.242760181427002,-5.879332542419434,-6.399952411651611,-6.418044567108154,-6.272202014923096,-5.774206161499023,-5.4316864013671875
-4.771440029144287,-4.405712127685547,-4.2670111656188965,-4.170142650604248,-3.8274755477905273,-3.3180742263793945,-2.9798030853271484,-2.9316062927246094,-2.840465545654297,-2.498584508895874,-2.4152915477752686,-3.1069092750549316,-4.04890775680542,-4.56941556930542,-4.668325901031494,-4.721580982208252,-4.745915412902832,-4.7573370933532715,-4.832405090332031,-4.822602272033691,-4.5611796379089355,-4.198966979980469,-4.2103424072265625,-4.720606327056885,-5.185220718383789,-5.201375484466553,-4.998466968536377,-4.850090503692627,-4.8620686531066895,-4.833478927612305,-4.7498602867126465,-4.7925333976745605,-4.7811126708984375,-4.3967413902282715,-3.7436795234680176,-4.071165084838867,-5.2094244956970215,-5.716194152832031,-6.274695873260498,-6.522960662841797,-6.161361217498779,-5.977691173553467,-5.779735088348389,-5.6000261306762695
-4.55891227722168,-4.153945446014404,-3.916876792907715,-3.724167585372925,-3.238732099533081,-2.526735782623291,-1.8608094453811646,-1.4515888690948486,-1.257497787475586,-1.1261557340621948,-1.2250992059707642,-1.9637019634246826,-2.9732043743133545,-3.603036642074585,-3.7457003593444824,-3.662262439727783,-3.506889581680298,-3.4105100631713867,-3.5977556705474854,-3.9925146102905273,-4.188745975494385,-4.009899616241455,-3.793358087539673,-4.025265216827393,-4.724146366119385,-5.241456508636475,-5.194925308227539,-4.768824577331543,-4.509663105010986,-4.503118991851807,-4.547304153442383,-4.375718593597412,-3.9281280040740967,-3.3524532318115234,-3.121917724609375,-3.7909202575683594,-4.8547844886779785,-5.680466175079346,-6.321835517883301,-6.212545394897461,-5.830691337585449,-5.375786781311035,-5.342814922332764,-5.662288665771484
-4.51399040222168,-4.2282819747924805,-3.898023843765259,-3.6280364990234375,-3.314587354660034,-3.068796157836914,-2.7927017211914062,-2.342322826385498,-2.048551559448242,-2.0521790981292725,-2.087876081466675,-2.225405693054199,-2.634888172149658,-2.9450454711914062,-2.9952001571655273,-2.8468270301818848,-2.533496856689453,-2.2031373977661133,-2.2211594581604004,-2.740673303604126,-3.3793928623199463,-3.6675102710723877,-3.6323978900909424,-3.7217447757720947,-4.230590343475342,-4.723117828369141,-4.727542877197266,-4.512436389923096,-4.391733646392822,-4.313819408416748,-4.2750043869018555,-4.123228073120117,-3.7638580799102783,-3.2912776470184326,-3.0875015258789062,-3.2981088161468506,-3.9867122173309326,-4.833809852600098,-5.360973358154297,-5.578841686248779,-5.592596530914307,-5.227336883544922,-5.026478290557861,-5.314478874206543
-4.03677225112915,-4.002013683319092,-3.9353020191192627,-3.95304799079895,-4.027423858642578,-4.158529758453369,-4.177382469177246,-3.9914824962615967,-3.8321657180786133,-3.7372515201568604,-3.4905879497528076,-3.123359203338623,-2.957226276397705,-2.956932783126831,-2.8470468521118164,-2.5569639205932617,-2.155874252319336,-1.8523567914962769,-1.840588927268982,-2.179023265838623,-2.7854220867156982,-3.3150899410247803,-3.5506045818328857,-3.5875437259674072,-3.656573534011841,-3.7842299938201904,-3.90297532081604,-4.113498687744141,-4.247305870056152,-4.1706461906433105,-3.9768576622009277,-3.7642948627471924,-3.539530038833618,-3.2569897174835205,-3.0209009647369385,-2.93053936958313,-3.2487356662750244,-3.9387905597686768,-4.588866710662842,-5.158820629119873,-5.558367729187012,-5.661335468292236,-5.507214069366455,-5.375738620758057
-3.028123140335083,-3.2467641830444336,-3.654432535171509,-4.0176167488098145,-4.210203170776367,-4.378868579864502,-4.622834205627441,-4.848240375518799,-4.797389984130859,-4.4193034172058105,-3.862630844116211,-3.254612445831299,-2.825684070587158,-2.7639191150665283,-2.8382935523986816,-2.761099100112915,-2.512592077255249,-2.388901710510254,-2.522149085998535,-2.72536039352417,-2.9644083976745605,-3.1818809509277344,-3.2730491161346436,-3.250572681427002,-3.1204516887664795,-3.03619647026062,-3.250527858734131,-3.675734758377075,-3.865307092666626,-3.8090927600860596,-3.625321388244629,-3.3434700965881348,-3.1131865978240967,-3.2002720832824707,-3.453662633895874,-3.493710994720459,-3.4377033710479736,-3.5378942489624023,-4.012399196624756,-5.1934404373168945,-6.274473667144775,-6.331820011138916,-5.832833766937256,-5.525813102722168
-2.08491587638855,-2.2441418170928955,-2.8176732063293457,-3.4006738662719727,-3.6652865409851074,-3.902435779571533,-4.371441841125488,-4.76863956451416,-4.639968395233154,-4.059087753295898,-3.371854305267334,-2.662337303161621,-2.0823755264282227,-1.9393236637115479,-2.213707685470581,-2.604135513305664,-2.9521141052246094,-3.293273448944092,-3.6041181087493896,-3.648848533630371,-3.464982271194458,-3.252941131591797,-3.0572128295898438,-2.9383041858673096,-2.807462215423584,-2.7433526515960693,-2.931694507598877,-3.2331998348236084,-3.3446402549743652,-3.182419538497925,-2.8190054893493652,-2.4389567375183105,-2.390950918197632,-2.880810499191284,-3.439256191253662,-3.6147046089172363,-3.505708932876587,-3.641906976699829,-4.387917518615723,-5.604459285736084,-6.362356185913086,-6.186161518096924,-5.72556734085083,-5.359497547149658
-1.5114076137542725,-1.4961858987808228,-1.9162360429763794,-2.432640314102173,-2.8238320350646973,-3.3044183254241943,-3.926166534423828,-4.221018314361572,-3.92466139793396,-3.3080806732177734,-2.6386606693267822,-1.996212124824524,-1.5282355546951294,-1.3724943399429321,-1.646497130393982,-2.1877076625823975,-2.850050210952759,-3.5625858306884766,-4.107054710388184,-4.147927761077881,-3.733762741088867,-3.260226011276245,-3.0033230781555176,-2.9388232231140137,-2.8317346572875977,-2.6353671550750732,-2.640369176864624,-2.7179007530212402,-2.5504748821258545,-2.1273696422576904,-1.57282292842865,-1.1981061697006226,-1.3994324207305908,-2.147706985473633,-2.8373208045959473,-3.168414831161499,-3.3613994121551514,-3.717625379562378,-4.237669944763184,-4.791263103485107,-5.314602375030518,-5.692410469055176,-5.570137023925781,-4.963176727294922
-1.0020325183868408,-0.8658946752548218,-1.0439473390579224,-1.4535962343215942,-1.9955545663833618,-2.6901915073394775,-3.3209235668182373,-3.452796220779419,-3.048020124435425,-2.479273557662964,-1.985355019569397,-1.5881876945495605,-1.3091739416122437,-1.2413069009780884,-1.4428339004516602,-1.8714122772216797,-2.4655776023864746,-3.2069249153137207,-3.851309061050415,-3.9963219165802,-3.638869524002075,-3.192596912384033,-3.008033275604248,-3.0189411640167236,-2.966188430786133,-2.649256706237793,-2.334892988204956,-2.106736183166504,-1.7007869482040405,-1.1759676933288574,-0.6692946553230286,-0.3673033118247986,-0.5105473399162292,-1.2140734195709229,-2.037963390350342,-2.533838987350464,-2.7986228466033936,-3.0123324394226074,-3.2477853298187256,-3.4748518466949463,-3.93359112739563,-4.63047456741333,-4.845756530761719,-4.320864677429199
-0.18690478801727295,-0.03715027496218681,-0.01797451078891754,-0.30255764722824097,-0.9646820425987244,-1.78913152217865,-2.3800156116485596,-2.426089286804199,-2.053091526031494,-1.5880119800567627,-1.2890247106552124,-1.1797845363616943,-1.1526583433151245,-1.1860902309417725,-1.3509598970413208,-1.636368989944458,-2.0053675174713135,-2.538769245147705,-3.1581296920776367,-3.487884521484375,-3.3705101013183594,-3.026935338973999,-2.8301823139190674,-2.7914655208587646,-2.767369270324707,-2.5701589584350586,-2.1662650108337402,-1.6999239921569824,-1.275761365890503,-0.9885044693946838,-0.7356568574905396,-0.5017281770706177,-0.4068957567214966,-0.7341647148132324,-1.4147891998291016,-1.8936471939086914,-2.003490924835205,-1.857836127281189,-1.7771309614181519,-1.8923591375350952,-2.1781773567199707,-2.593951463699341,-3.0501136779785156,-3.11539888381958
1.1137728691101074,1.0947449207305908,0.9731464385986328,0.6906018853187561,0.19768714904785156,-0.44396162033081055,-0.9966679811477661,-1.1738593578338623,-0.9748790264129639,-0.5732468366622925,-0.31692594289779663,-0.48093172907829285,-0.8007122278213501,-0.9841262698173523,-1.1371456384658813,-1.3452045917510986,-1.620793342590332,-1.9029642343521118,-2.3331239223480225,-2.759134292602539,-2.8249869346618652,-2.5608997344970703,-2.3020687103271484,-2.222595453262329,-2.255359172821045,-2.1953842639923096,-1.9743750095367432,-1.6767054796218872,-1.4311696290969849,-1.293330192565918,-1.1630899906158447,-1.014493703842163,-0.8440653681755066,-0.8517641425132751,-1.1623549461364746,-1.4484755992889404,-1.4454864263534546,-1.120510458946228,-0.7199438214302063,-0.5167368650436401,-0.40143072605133057,-0.24450233578681946,-0.5245184898376465,-0.9947648644447327
2.6013994216918945,2.3425405025482178,1.8710788488388062,1.4048775434494019,1.1476802825927734,0.9679087996482849,0.6927037835121155,0.3569687008857727,0.14464446902275085,0.20434752106666565,0.3472953736782074,0.2845194339752197,-0.003532213857397437,-0.2627771198749542,-0.5014173984527588,-0.8125174641609192,-1.1106091737747192,-1.3319624662399292,-1.7056328058242798,-2.136744976043701,-2.233651638031006,-1.923871636390686,-1.5530380010604858,-1.4454586505889893,-1.5599511861801147,-1.6504719257354736,-1.641313076019287,-1.5814646482467651,-1.482581615447998,-1.2901592254638672,-1.1465740203857422,-1.1663017272949219,-1.1610673666000366,-1.0749847888946533,-1.099004864692688,-1.2922070026397705,-1.4260399341583252,-1.2421560287475586,-0.7062863111495972,-0.01677105948328972,0.586944580078125,1.1207414865493774,1.1937334537506104,0.7737676501274109
3.7299044132232666,3.337564468383789,2.8311376571655273,2.311190128326416,2.0682811737060547,2.137761116027832,2.189371347427368,1.9359937906265259,1.446877121925354,1.0241281986236572,0.8280214071273804,0.7761313915252686,0.7688512206077576,0.747355580329895,0.547949492931366,0.12062647938728333,-0.3545437455177307,-0.7895590662956238,-1.2974135875701904,-1.785680890083313,-1.9574978351593018,-1.6976923942565918,-1.208956003189087,-0.8536208868026733,-0.7888116240501404,-0.889227032661438,-1.0203437805175781,-1.0920668840408325,-0.9847881197929382,-0.7059460282325745,-0.6122893691062927,-0.8335628509521484,-1.0564841032028198,-1.100475788116455,-1.093598484992981,-1.25452721118927,-1.524280309677124,-1.5986313819885254,-1.234706997871399,-0.4421219825744629,0.414828896522522,0.9984611868858337,1.3691960573196411,1.4185435771942139
4.42748498916626,3.9189646244049072,3.5964550971984863,3.3869893550872803,3.1883156299591064,3.195998430252075,3.38603138923645,3.386929750442505,2.972784996032715,2.279059886932373,1.6269607543945312,1.3631333112716675,1.5038299560546875,1.6289148330688477,1.4839093685150146,1.123377799987793,0.6061678528785706,0.006921840365976095,-0.610596776008606,-1.1785293817520142,-1.534854769706726,-1.4647315740585327,-1.0261341333389282,-0.39646250009536743,0.0734897032380104,0.18459419906139374,0.048720527440309525,-0.06941387057304382,0.031171457841992378,0.21147118508815765,0.13016922771930695,-0.2533482015132904,-0.6616122126579285,-0.9260099530220032,-1.1019023656845093,-1.3321523666381836,-1.5665932893753052,-1.6711679697036743,-1.503391981124878,-0.9467537999153137,-0.18120265007019043,0.3731135129928589,0.9513037800788879,1.3442574739456177
5.2635369300842285,4.663733959197998,4.362685680389404,4.435556411743164,4.4949774742126465,4.460745811462402,4.543856620788574,4.616881847381592,4.393035888671875,3.8152129650115967,3.0911552906036377,2.4922122955322266,2.2609493732452393,2.186302661895752,2.061586380004883,1.925349235534668,1.617169976234436,1.1188706159591675,0.6357213854789734,0.17831070721149445,-0.1965341418981552,-0.2881133258342743,-0.03520658612251282,0.45761638879776,0.9981274008750916,1.3123830556869507,1.3010497093200684,1.1999106407165527,1.197410225868225,1.1840510368347168,0.9610961675643921,0.5382185578346252,0.005349846091121435,-0.49923187494277954,-0.8717003464698792,-1.192612886428833,-1.4002423286437988,-1.4406388998031616,-1.2929043769836426,-0.9536886811256409,-0.46387970447540283,0.04501495137810707,0.6938502788543701,1.1771025657653809
6.114067077636719,5.826878547668457,5.729122638702393,5.947240829467773,6.219379425048828,6.234527587890625,6.041607856750488,5.899975776672363,5.717306613922119,5.332757472991943,4.784203052520752,4.07317590713501,3.374803304672241,2.924375534057617,2.701154947280884,2.6832737922668457,2.6838648319244385,2.4804575443267822,2.2032153606414795,1.9863390922546387,1.809552788734436,1.7501041889190674,1.8425976037979126,1.929953694343567,2.0252811908721924,2.179349899291992,2.248250722885132,2.1852645874023438,2.1036784648895264,2.050783395767212,1.8764995336532593,1.5564674139022827,1.1058913469314575,0.5247800350189209,-0.002591538242995739,-0.40626829862594604,-0.6982738375663757,-0.8032069802284241,-0.6990691423416138,-0.4435378909111023,-0.10439373552799225,0.28604525327682495,0.7248172163963318,1.1412379741668701
6.614718914031982,6.785513401031494,7.013731002807617,7.373315811157227,7.778034210205078,7.979211330413818,7.7596354484558105,7.30019998550415,6.916515827178955,6.579718112945557,6.19390869140625,5.675276756286621,4.928460597991943,4.191565036773682,3.796074151992798,3.730599880218506,3.8118228912353516,3.8189187049865723,3.750788688659668,3.750650644302368,3.8368358612060547,3.9107837677001953,3.907203197479248,3.7122955322265625,3.3703527450561523,3.1375699043273926,3.0828475952148438,3.0259177684783936,2.911226987838745,2.8310091495513916,2.7369704246520996,2.573265552520752,2.3781542778015137,2.0375263690948486,1.5663444995880127,1.0813124179840088,0.6193991303443909,0.3215777575969696,0.29424816370010376,0.5024928450584412,0.812388002872467,1.082401990890503,1.2001100778579712,1.4088536500930786
6.964838981628418,7.333576202392578,7.767185211181641,8.190983772277832,8.54095458984375,8.781902313232422,8.778422355651855,8.447854042053223,7.971208572387695,7.5065202713012695,7.045133590698242,6.567187786102295,6.062938213348389,5.505700588226318,5.077550888061523,4.9484968185424805,5.0165696144104,5.115940570831299,5.209610462188721,5.360004425048828,5.578455924987793,5.7072649002075195,5.63352632522583,5.345415115356445,4.9263916015625,4.584299564361572,4.426924705505371,4.303511619567871,4.141480922698975,4.056392669677734,4.001570701599121,3.8574769496917725,3.681553840637207,3.4540855884552,3.141472816467285,2.7563045024871826,2.2672533988952637,1.8813821077346802,1.7608143091201782,1.8865892887115479,2.1340649127960205,2.305570602416992,2.2909796237945557,2.350217342376709
7.393681526184082,7.5178351402282715,7.873403549194336,8.289811134338379,8.628498077392578,8.930747032165527,9.191205978393555,9.211174011230469,8.868322372436523,8.302918434143066,7.685619354248047,7.035054683685303,6.495144367218018,6.195664405822754,6.078406810760498,6.073559761047363,6.180821418762207,6.418912887573242,6.742666244506836,7.049095153808594,7.219501495361328,7.23524808883667,7.109275817871094,6.852749347686768,6.493618488311768,6.216415882110596,6.103118419647217,6.063846111297607,5.975541591644287,5.888364791870117,5.799973964691162,5.652381420135498,5.400321006774902,5.014981746673584,4.58331298828125,4.213337421417236,3.8304030895233154,3.5079755783081055,3.440391778945923,3.597073554992676,3.7892425060272217,3.8897836208343506,3.8968470096588135,3.920161724090576
