data/wind_data/wind_4_1.json
{"header": {"parameterUnit": "KT", "parameterCategory": 2, "nx": 256, "ny": 198, "lo1": 44.73521041870117, "la1": -3.236724853515625, "lo2": 111.26478576660156, "la2": 43.468475341796875, "dx": 0.2609002888202667, "dy": -0.23708222806453705, "refTime": "2025-02-19 04:00:00", "forecastTime": 0, "parameterNumber": 2, "parameterNumberName": "eastward_wind"}, "data":
[rows 0 to 18 of 198, columns 43 to 85 of 256]
-3.7762773036956787,-3.7057294845581055,-3.9643852710723877,-4.1068830490112305,-4.170382022857666,-4.38728141784668,-4.625980854034424,-4.3271026611328125,-3.781430721282959,-3.5009946823120117,-3.390080451965332,-3.549710988998413,-3.747973918914795,-3.7671279907226562,-3.635662794113159,-3.24025297164917,-2.9609954357147217,-3.018923282623291,-3.002915143966675,-2.7968008518218994,-2.655609130859375,-2.608154773712158,-2.6166892051696777,-2.684899091720581,-3.036604642868042,-3.578050374984741,-3.5323996543884277,-3.1169962882995605,-2.8948965072631836,-2.776857852935791,-2.783987045288086,-2.8771300315856934,-3.0259816646575928,-3.1693689823150635,-3.2058379650115967,-3.2446060180664062,-3.3405027389526367,-3.4820046424865723,-3.6846842765808105,-3.8890888690948486,-4.1091766357421875,-4.0761637687683105,-3.7274014949798584
-4.410153865814209,-4.288717746734619,-4.35594367980957,-4.563027858734131,-4.842614650726318,-5.035572528839111,-4.946926116943359,-4.518682479858398,-4.215788841247559,-4.129791259765625,-4.036377906799316,-4.128854274749756,-4.2614641189575195,-4.220976829528809,-4.103102684020996,-3.929388999938965,-3.6897404193878174,-3.4133706092834473,-3.2544116973876953,-3.159449815750122,-2.963395118713379,-2.812106132507324,-3.0078420639038086,-3.3526313304901123,-3.6563634872436523,-3.9428999423980713,-3.7652077674865723,-3.383157730102539,-3.2458691596984863,-3.2001898288726807,-3.192364454269409,-3.3151464462280273,-3.793752431869507,-4.157859802246094,-4.005442142486572,-3.8497326374053955,-3.8806405067443848,-3.980198621749878,-4.144662380218506,-4.328395366668701,-4.5397257804870605,-4.457406997680664,-4.120944976806641
-4.759504318237305,-4.918529510498047,-5.278659820556641,-5.414698600769043,-5.406249523162842,-5.244916915893555,-4.850829601287842,-4.567740440368652,-4.584298610687256,-4.606314182281494,-4.615808486938477,-4.760071754455566,-4.74338436126709,-4.517836093902588,-4.400467872619629,-4.412193775177002,-4.307680130004883,-4.021712779998779,-3.722986936569214,-3.4112422466278076,-3.213981866836548,-3.126776933670044,-3.2413532733917236,-3.5695366859436035,-3.792755126953125,-3.9337286949157715,-3.9785420894622803,-3.908027172088623,-3.7721128463745117,-3.7028005123138428,-3.700732469558716,-3.784149408340454,-4.170363426208496,-4.516959190368652,-4.429217338562012,-4.30950403213501,-4.393459796905518,-4.439364433288574,-4.413405895233154,-4.481823921203613,-4.614831924438477,-4.549899101257324,-4.370945930480957
-5.375736236572266,-5.463559150695801,-5.91972541809082,-6.186403751373291,-6.227263927459717,-5.651434898376465,-4.981746673583984,-4.621657371520996,-4.796051025390625,-5.117133140563965,-5.168782711029053,-5.398482799530029,-5.326679229736328,-4.948096752166748,-4.935418605804443,-4.96275520324707,-4.8119587898254395,-4.345399856567383,-4.027353763580322,-3.6876213550567627,-3.6433157920837402,-3.4632976055145264,-3.4295637607574463,-3.8356175422668457,-3.964909315109253,-3.8500707149505615,-4.065235614776611,-4.249504089355469,-4.061916351318359,-4.115089416503906,-4.143416404724121,-4.193079471588135,-4.386721134185791,-4.6088409423828125,-4.6791486740112305,-4.6753830909729,-4.779393672943115,-4.781397819519043,-4.690953731536865,-4.745621681213379,-4.7356414794921875,-4.586119651794434,-4.4397873878479
-6.368620872497559,-5.965487003326416,-6.079585075378418,-6.983366966247559,-7.431842803955078,-6.398169040679932,-5.617511749267578,-4.525732040405273,-4.68893575668335,-5.94399356842041,-5.869263172149658,-6.109444618225098,-6.192120552062988,-5.525480270385742,-5.570511341094971,-5.419561862945557,-5.255607604980469,-4.279724597930908,-4.250542163848877,-3.9952077865600586,-4.0737810134887695,-3.495694160461426,-3.637937068939209,-4.234877586364746,-4.254100322723389,-3.6861259937286377,-3.922170639038086,-4.219771862030029,-3.9256911277770996,-4.248309135437012,-4.147085666656494,-4.230380058288574,-4.278325080871582,-4.230784893035889,-4.44930362701416,-4.64314079284668,-4.739104747772217,-4.902126312255859,-5.0517706871032715,-5.103899955749512,-4.830674648284912,-4.4636149406433105,-4.142490863800049
-6.469692230224609,-6.538608074188232,-6.750976085662842,-7.939225673675537,-7.884988784790039,-7.062785625457764,-6.62393045425415,-5.781142234802246,-5.315383434295654,-5.897839546203613,-6.405055046081543,-6.587507724761963,-6.716830730438232,-6.4798712730407715,-6.295158863067627,-5.94680118560791,-5.580881118774414,-5.115889549255371,-4.902717113494873,-4.2699294090271,-3.786609411239624,-2.808120012283325,-3.7050440311431885,-4.3187150955200195,-4.768881320953369,-4.428317070007324,-4.766000747680664,-5.051998138427734,-4.999941825866699,-4.848952770233154,-4.762553691864014,-4.795260429382324,-4.918213367462158,-4.768374919891357,-4.677493095397949,-4.826232433319092,-5.269092559814453,-5.645969390869141,-5.6137542724609375,-5.349828243255615,-5.1599345207214355,-4.921027183532715,-4.680184364318848
-6.879216194152832,-7.156413555145264,-7.502861022949219,-7.799230575561523,-8.03548526763916,-7.87716007232666,-7.506582260131836,-6.591280460357666,-5.910866737365723,-6.144602298736572,-6.93074369430542,-7.197183132171631,-7.150638103485107,-6.948418140411377,-6.593563556671143,-6.034006595611572,-5.956932544708252,-5.371838092803955,-4.759589195251465,-3.935137987136841,-3.1637237071990967,-2.6607825756073,-3.353909969329834,-4.033327102661133,-5.147439956665039,-5.144425868988037,-5.587466716766357,-5.615441799163818,-5.860780239105225,-5.5053887367248535,-5.138354301452637,-4.989663600921631,-5.084907531738281,-5.014738082885742,-5.0181779861450195,-5.079663276672363,-5.407212734222412,-5.841292858123779,-5.7032012939453125,-5.411003112792969,-5.419504165649414,-5.381802558898926,-5.311349391937256
-6.949145317077637,-7.733487606048584,-8.246317863464355,-8.2993745803833,-8.405219078063965,-8.182241439819336,-7.906020641326904,-7.066651821136475,-6.363593578338623,-6.505137920379639,-7.211123943328857,-7.6786980628967285,-7.462390422821045,-7.348690032958984,-7.081834316253662,-6.244378566741943,-6.327383518218994,-5.494258880615234,-4.627360820770264,-3.924981117248535,-2.931041955947876,-2.409097671508789,-2.771392583847046,-4.009517192840576,-5.497282028198242,-5.714748859405518,-5.943336009979248,-6.156783580780029,-6.454358100891113,-6.276451110839844,-5.5419487953186035,-4.7320685386657715,-4.7213969230651855,-5.2925519943237305,-5.575906753540039,-5.585572719573975,-5.8174848556518555,-5.8692474365234375,-5.476990699768066,-5.164586067199707,-5.405030250549316,-5.684797763824463,-5.780869483947754
-6.94374418258667,-8.0835542678833,-8.91950798034668,-9.062344551086426,-8.895833015441895,-8.44455337524414,-7.80079984664917,-7.243558883666992,-6.890008449554443,-7.105505466461182,-7.874892711639404,-8.180397033691406,-7.7734880447387695,-7.467286586761475,-7.370434284210205,-6.480607986450195,-6.086942195892334,-5.565025329589844,-4.665968418121338,-3.984025239944458,-2.396594524383545,-1.778138279914856,-2.688995122909546,-4.477336883544922,-6.183591842651367,-6.4724602699279785,-6.216492652893066,-6.33252477645874,-6.5290303230285645,-6.4909539222717285,-5.677428722381592,-4.8020124435424805,-4.5245137214660645,-5.173276424407959,-5.893083095550537,-6.1620001792907715,-6.166711330413818,-5.6130452156066895,-4.974347114562988,-4.75304651260376,-5.236922264099121,-5.931783199310303,-6.017934322357178
-6.962726593017578,-8.667713165283203,-9.598490715026855,-9.484602928161621,-9.43403148651123,-8.760297775268555,-7.694456100463867,-7.273256301879883,-7.28055477142334,-7.672861099243164,-8.305990219116211,-8.33669376373291,-7.770164489746094,-7.458990573883057,-7.545441150665283,-6.765097618103027,-5.786403179168701,-5.049825191497803,-4.0832014083862305,-3.3025929927825928,-2.3151137828826904,-1.9474222660064697,-2.9507739543914795,-5.169142723083496,-6.551243305206299,-6.524028778076172,-5.927188873291016,-5.724757194519043,-6.035611629486084,-6.456777572631836,-6.129953861236572,-4.822870254516602,-4.278985023498535,-5.226898670196533,-6.046581745147705,-6.0650224685668945,-5.813047885894775,-5.18866491317749,-4.480367183685303,-4.671005725860596,-5.397975444793701,-6.191861152648926,-6.239739894866943
-7.160536766052246,-8.932866096496582,-9.278303146362305,-9.166746139526367,-9.531618118286133,-9.104864120483398,-8.01733684539795,-7.495380401611328,-7.732933044433594,-8.313957214355469,-8.663314819335938,-8.388043403625488,-8.056792259216309,-7.477066993713379,-7.137153625488281,-6.382744312286377,-4.951206207275391,-3.971011161804199,-3.00252366065979,-2.5086872577667236,-2.8336379528045654,-3.384828567504883,-3.376603841781616,-4.264969825744629,-5.373640060424805,-5.698930740356445,-5.430148124694824,-5.044682025909424,-5.381847858428955,-5.724277973175049,-5.9308180809021,-5.227495193481445,-4.369561195373535,-5.000601291656494,-5.772421360015869,-5.696581840515137,-5.406704425811768,-4.735053062438965,-4.41630220413208,-4.916647911071777,-5.667815685272217,-6.342117786407471,-6.314148902893066
-7.33507776260376,-8.786758422851562,-9.16140365600586,-9.22598648071289,-10.181344032287598,-9.744389533996582,-8.594870567321777,-8.056963920593262,-8.39023494720459,-8.813499450683594,-8.757267951965332,-8.44061279296875,-8.402569770812988,-7.4348649978637695,-6.326601982116699,-5.259969711303711,-3.51248836517334,-2.3022077083587646,-1.7781492471694946,-2.2894341945648193,-2.9974207878112793,-3.930760383605957,-3.8361494541168213,-2.9260191917419434,-2.9004337787628174,-4.4560651779174805,-4.773640155792236,-4.6433820724487305,-5.111893177032471,-5.416509628295898,-5.4187421798706055,-4.601309299468994,-4.176802635192871,-5.38267707824707,-6.32316255569458,-6.028243541717529,-5.630552768707275,-5.1749467849731445,-5.221335411071777,-5.466836929321289,-6.056411266326904,-6.124372482299805,-5.548379421234131
-7.320756912231445,-8.876769065856934,-9.880399703979492,-9.936699867248535,-10.281262397766113,-10.323047637939453,-9.994285583496094,-9.402783393859863,-9.015202522277832,-8.989075660705566,-8.631455421447754,-8.479325294494629,-8.487028121948242,-7.564185619354248,-6.0131025314331055,-4.66450834274292,-3.3509628772735596,-2.489805221557617,-2.4231982231140137,-3.010326623916626,-2.802762985229492,-3.3668127059936523,-4.194238662719727,-3.158759832382202,-2.0063846111297607,-3.0014586448669434,-3.117539405822754,-3.004445791244507,-4.067680358886719,-4.704947471618652,-4.709294319152832,-4.936753273010254,-5.567627429962158,-6.975255489349365,-7.018008232116699,-6.942337989807129,-6.357047080993652,-5.861511707305908,-6.265399932861328,-6.52924108505249,-6.684398651123047,-5.861300468444824,-5.159850597381592
-8.27832317352295,-9.949161529541016,-9.830184936523438,-10.308364868164062,-10.791496276855469,-10.815642356872559,-10.60753345489502,-9.73155689239502,-9.267884254455566,-9.142900466918945,-8.830150604248047,-8.649918556213379,-8.408828735351562,-7.722925186157227,-6.843088626861572,-5.453991889953613,-3.9734835624694824,-4.126420497894287,-4.462048530578613,-4.268965244293213,-4.279407501220703,-4.282656192779541,-3.8228960037231445,-4.00369119644165,-3.926609754562378,-3.8003296852111816,-2.974674940109253,-2.345223903656006,-3.5233423709869385,-3.933373212814331,-4.3760528564453125,-4.641167163848877,-5.320007801055908,-7.486410617828369,-7.26661491394043,-6.739120006561279,-6.4706878662109375,-6.521223068237305,-7.05081844329834,-7.0730695724487305,-6.791187286376953,-6.051687717437744,-6.372530937194824
-9.409996032714844,-10.47728157043457,-10.550311088562012,-11.402042388916016,-11.673880577087402,-11.547718048095703,-10.790122985839844,-9.602090835571289,-9.11014461517334,-9.31669807434082,-9.326313018798828,-8.846717834472656,-8.101632118225098,-7.569141387939453,-6.909622669219971,-6.453669548034668,-5.937406063079834,-5.602425575256348,-4.905849456787109,-5.192846775054932,-5.576923847198486,-4.336091995239258,-4.185494422912598,-4.830494403839111,-3.953028440475464,-3.86596941947937,-3.664217710494995,-3.6733386516571045,-3.4374029636383057,-3.1920416355133057,-5.041263103485107,-5.54578161239624,-5.761989593505859,-6.739992141723633,-6.47808313369751,-6.134050369262695,-6.281731605529785,-6.7827534675598145,-6.901271343231201,-6.776486873626709,-6.925448417663574,-7.0777201652526855,-7.52783727645874
-10.362248420715332,-11.337102890014648,-11.592639923095703,-11.987689971923828,-11.886824607849121,-11.44603443145752,-10.941211700439453,-9.955595970153809,-9.18668270111084,-9.421113014221191,-9.72570514678955,-8.907422065734863,-7.60872220993042,-7.177845478057861,-7.1402459144592285,-7.561245918273926,-7.55124568939209,-6.03785514831543,-6.016805648803711,-6.926743984222412,-6.448737621307373,-5.183633327484131,-5.7566046714782715,-5.859551429748535,-4.415552616119385,-3.9952800273895264,-3.311903238296509,-3.077766180038452,-2.5812418460845947,-2.4211268424987793,-4.96154260635376,-6.75748348236084,-6.168525695800781,-6.4624786376953125,-6.665295600891113,-6.068504333496094,-6.196206569671631,-6.713631629943848,-6.780832767486572,-6.754862308502197,-7.073868274688721,-8.129728317260742,-9.648831367492676
-11.118842124938965,-11.399285316467285,-11.631197929382324,-11.978549003601074,-11.815743446350098,-11.071283340454102,-10.900550842285156,-10.710909843444824,-9.975415229797363,-9.824020385742188,-9.906168937683105,-8.950399398803711,-7.489242076873779,-7.482059955596924,-7.8455305099487305,-8.358915328979492,-8.456903457641602,-7.545060634613037,-8.026936531066895,-7.934357643127441,-7.898815155029297,-7.587742328643799,-7.673264980316162,-6.589926719665527,-4.942299842834473,-3.5701041221618652,-2.3194942474365234,-2.825594663619995,-3.5992510318756104,-4.144726753234863,-5.195969581604004,-6.352572917938232,-6.193474292755127,-6.667847156524658,-6.9732584953308105,-6.188926696777344,-6.56433629989624,-7.201494216918945,-7.613211154937744,-7.92767858505249,-7.737490653991699,-10.187978744506836,-10.351552963256836
-11.824708938598633,-11.415014266967773,-11.390591621398926,-11.860252380371094,-11.848272323608398,-11.48875904083252,-11.269097328186035,-11.034560203552246,-10.201967239379883,-10.090266227722168,-10.187262535095215,-10.004941940307617,-8.568228721618652,-7.432559013366699,-7.88791561126709,-7.991220951080322,-8.42435073852539,-8.618172645568848,-8.961871147155762,-8.711509704589844,-9.021828651428223,-8.683270454406738,-8.128514289855957,-6.953746318817139,-5.275771141052246,-4.277564525604248,-3.6651854515075684,-4.941314697265625,-6.150252819061279,-6.7206549644470215,-5.890354156494141,-5.561548709869385,-6.024309158325195,-6.734707832336426,-6.623476505279541,-6.085207462310791,-7.287265300750732,-9.023517608642578,-9.042540550231934,-9.38715934753418,-9.914560317993164,-9.935612678527832,-8.97880744934082
-12.42460823059082,-11.986381530761719,-11.13269329071045,-11.49801254272461,-12.121500968933105,-11.945138931274414,-11.454361915588379,-10.819585800170898,-10.022748947143555,-10.1477632522583,-10.503562927246094,-10.243804931640625,-8.982489585876465,-7.250970840454102,-6.457032680511475,-7.8855671882629395,-8.896075248718262,-8.978880882263184,-9.177572250366211,-9.511773109436035,-9.317545890808105,-8.973542213439941,-8.300671577453613,-6.9738969802856445,-5.920464515686035,-4.878373622894287,-5.706842422485352,-8.096970558166504,-8.454010963439941,-7.135552883148193,-5.808884143829346,-5.339290618896484,-5.273608684539795,-5.885788440704346,-6.111276149749756,-5.840493679046631,-8.201157569885254,-10.267088890075684,-9.772869110107422,-9.93073844909668,-9.616093635559082,-9.514291763305664,-9.090888023376465
