data/wind_data/wind_45_3.json
{"header": {"parameterUnit": "KT", "parameterCategory": 2, "nx": 256, "ny": 198, "lo1": 44.73521041870117, "la1": -3.236724853515625, "lo2": 111.26478576660156, "la2": 43.468475341796875, "dx": 0.2609002888202667, "dy": -0.23708222806453705, "refTime": "2025-02-20 21:00:00", "forecastTime": 0, "parameterNumber": 2, "parameterNumberName": "eastward_wind"}, "data":
[rows 19 to 37 of 198, columns 132 to 175 of 256]
-7.47832727432251,-7.598921298980713,-8.056357383728027,-8.802824020385742,-7.890388011932373,-7.001808166503906,-8.075970649719238,-9.554253578186035,-9.862093925476074,-2.738499402999878,-6.0874223709106445,-7.188161849975586,-6.345451831817627,-5.7143778800964355,-4.855006217956543,-4.516097068786621,-5.346904277801514,-6.981331825256348,-6.498313903808594,-5.474084854125977,-4.301119804382324,-3.0574522018432617,-3.5115134716033936,-3.940026044845581,-2.2695608139038086,-0.7982682585716248,-1.543677806854248,-2.8936944007873535,-4.54313850402832,-1.4009727239608765,-1.8626970052719116,-2.142664670944214,-2.2851266860961914,-2.2955667972564697,-3.5661613941192627,-3.590036630630493,-2.7886672019958496,-2.7724709510803223,-1.918449878692627,-0.40602266788482666,-0.4259066581726074,-1.017526626586914,-1.929713249206543,-0.9024189710617065
-6.3145270347595215,-8.23460578918457,-6.841169357299805,-7.177067756652832,-6.22707986831665,-7.4960222244262695,-8.817420959472656,-9.490208625793457,-7.4458136558532715,-4.966331481933594,-5.928752422332764,-6.587305545806885,-7.27350378036499,-6.270777225494385,-5.671327114105225,-4.905106544494629,-4.654236793518066,-4.871603012084961,-5.089288234710693,-4.922497272491455,-4.716413974761963,-4.942195892333984,-6.414058685302734,-7.208330154418945,-0.8176359534263611,-2.4172415733337402,-1.0220623016357422,-1.385608196258545,-3.477066993713379,-2.3035478591918945,-3.9122562408447266,-3.65405535697937,-2.307858943939209,-1.854461669921875,-2.241422176361084,-3.309504270553589,-3.961045742034912,-3.8717408180236816,-2.116969108581543,-0.5114038586616516,-0.44369176030158997,-1.0902557373046875,-3.128828763961792,-0.2451668083667755
-9.123896598815918,-9.072895050048828,-6.772032260894775,-5.824066162109375,-4.026538372039795,-4.366576194763184,-6.791301250457764,-7.916950702667236,-6.50828742980957,-4.492005348205566,-3.697035551071167,-4.576858043670654,-6.593262195587158,-6.009618282318115,-5.475281238555908,-4.068258285522461,-3.4549293518066406,-3.4917798042297363,-3.6497690677642822,-4.121039390563965,-4.549842834472656,-5.409101963043213,-8.436821937561035,-7.849706172943115,-3.4763875007629395,-7.542407035827637,-3.433357000350952,-2.96937894821167,-3.246028423309326,-3.278996229171753,-4.817459583282471,-5.479365348815918,-3.8434736728668213,-2.4018070697784424,-2.4609715938568115,-3.451946496963501,-4.967376708984375,-4.855996608734131,-3.282118558883667,-1.8357759714126587,-1.2935192584991455,-1.310065746307373,-1.4155490398406982,-1.177247405052185
-5.728100776672363,-6.90518045425415,-6.046427249908447,-4.824444770812988,-3.137983560562134,-1.4855380058288574,-2.3725433349609375,-4.52780294418335,-5.447139263153076,-4.2724480628967285,-2.487761974334717,-2.721613645553589,-4.516322612762451,-5.052616119384766,-4.96671724319458,-4.1812615394592285,-3.6358139514923096,-2.9017224311828613,-3.467620372772217,-3.58640193939209,-3.976717233657837,-4.316004276275635,-5.206031799316406,-5.709120750427246,-4.928664684295654,-5.8514275550842285,-4.917076587677002,-8.655424118041992,-4.724233627319336,-4.173126697540283,-4.541941165924072,-6.115420341491699,-5.304925918579102,-3.908705711364746,-3.053020715713501,-3.3203582763671875,-4.0879645347595215,-4.389142990112305,-3.2044336795806885,-2.365121603012085,-1.949634075164795,-1.561311960220337,-2.1042730808258057,-0.9258614778518677
-3.9564945697784424,-3.874945878982544,-4.37955904006958,-4.599166393280029,-3.706254243850708,-1.776572346687317,1.6093792915344238,-0.8520203828811646,-3.1330597400665283,-4.109690189361572,-3.4335336685180664,-2.471043348312378,-3.313213586807251,-3.959879159927368,-4.008728504180908,-3.896486520767212,-4.724379539489746,-2.887744903564453,-3.9788002967834473,-3.0433685779571533,-2.873724937438965,-3.1315736770629883,-4.260993957519531,-5.467803478240967,-0.5438690781593323,-3.1007931232452393,-3.0942776203155518,-5.672750473022461,-6.502979278564453,-6.004643440246582,-4.916006088256836,-5.605024337768555,-4.664050579071045,-4.197406768798828,-3.476811647415161,-3.658379316329956,-2.793977975845337,-2.4635908603668213,-2.6293821334838867,-2.284982919692993,-2.1376194953918457,-1.071075439453125,-0.9739452600479126,-1.1776808500289917
-2.445044994354248,-2.943671226501465,-3.608797311782837,-3.9460012912750244,-9.595552444458008,-8.059463500976562,0.29981258511543274,-4.668682098388672,-3.7690770626068115,-4.0855021476745605,-4.707306385040283,-3.247316360473633,-3.0867488384246826,-3.5252387523651123,-3.5134003162384033,-3.671962022781372,-3.457494020462036,-3.2752256393432617,-3.8633506298065186,-2.453850746154785,-2.3784031867980957,-3.9878296852111816,-5.5846357345581055,-4.304215431213379,-1.183724284172058,-2.2407586574554443,-2.1062140464782715,-3.2583985328674316,-3.185149908065796,-3.1787548065185547,-4.322037220001221,-5.5873703956604,-6.315886974334717,-5.734808444976807,-4.964123725891113,-4.73210334777832,-2.849036455154419,-2.7169086933135986,-2.5207059383392334,-2.2819504737854004,-1.952649712562561,-1.5356130599975586,-1.4324450492858887,-1.2504706382751465
-2.9120678901672363,-2.5708768367767334,-2.740664005279541,-4.29910945892334,-8.7493896484375,-13.91573429107666,-10.276849746704102,-8.190828323364258,-5.915142059326172,-5.065165996551514,-5.037603855133057,-3.603442907333374,-2.5317728519439697,-3.3819689750671387,-3.319159507751465,-3.296394109725952,-3.4063172340393066,-3.7108845710754395,-2.881756544113159,-2.238971710205078,-2.906059503555298,-3.925027370452881,-3.088742256164551,-3.5873324871063232,-2.688375234603882,-2.906818389892578,-1.9959582090377808,-1.2277204990386963,-0.27762410044670105,0.02515602298080921,-0.8174263834953308,-1.1425163745880127,-4.988452434539795,-6.529957294464111,-6.165794372558594,-3.8115453720092773,-3.8572421073913574,-3.481179714202881,-3.4575440883636475,-2.8652162551879883,-2.9137136936187744,-2.6428067684173584,-5.490514755249023,-3.3044700622558594
-3.238126754760742,-2.817681312561035,-2.377782106399536,-2.360326051712036,-2.438516855239868,-5.059143543243408,-5.896218299865723,-5.341457843780518,-6.927191257476807,-5.9501519203186035,-5.768136501312256,-2.7741799354553223,-2.112109661102295,-2.7265818119049072,-3.491926431655884,-3.6410179138183594,-2.9123005867004395,-2.666141986846924,-2.653160333633423,-2.3712873458862305,-2.1967687606811523,-2.857053279876709,-4.268936634063721,-3.9821043014526367,-3.3725497722625732,-2.339045524597168,-2.116424798965454,-1.5620133876800537,-1.1045514345169067,0.21696090698242188,-1.8002963066101074,-0.5582702159881592,-2.529132843017578,-3.4924862384796143,-2.585113048553467,-1.274609923362732,-2.6150131225585938,-2.161238431930542,-3.0981240272521973,-3.8069140911102295,-6.145024299621582,-6.105289459228516,-10.07625675201416,-5.745447635650635
-3.7338058948516846,-2.9161815643310547,-1.8808388710021973,-1.2715023756027222,-0.1987268477678299,0.3409111797809601,-1.5119487047195435,-4.653120517730713,-7.211089611053467,-7.4257001876831055,-4.5291829109191895,-2.9868342876434326,-2.3671488761901855,-2.209862232208252,-3.076103925704956,-2.2769687175750732,-2.3747663497924805,-2.2675554752349854,-1.5535436868667603,-1.6060489416122437,-2.2501895427703857,-3.2812399864196777,-3.5901083946228027,-3.832113027572632,-2.8806896209716797,-2.5221915245056152,-2.5061111450195312,-1.9105031490325928,-1.801548719406128,-1.244917631149292,-2.7074015140533447,0.36423519253730774,-0.4753513038158417,0.9783006310462952,-1.6618130207061768,-0.054257187992334366,-2.491854667663574,0.19157305359840393,-2.2146031856536865,-2.975926637649536,-3.3395700454711914,-5.30339241027832,-6.984886169433594,-6.730790615081787
-4.159500598907471,-3.55562162399292,-2.5862953662872314,-1.6908475160598755,-1.1109472513198853,-1.4434486627578735,-3.42331600189209,-5.613292694091797,-7.376979827880859,-6.602255344390869,-4.937187194824219,-3.581012010574341,-2.710935115814209,-2.4734389781951904,-2.670288562774658,-0.6258040070533752,-1.7736742496490479,-1.3695992231369019,-0.9525260329246521,-1.8044894933700562,-2.253269910812378,-2.677605628967285,-2.7989871501922607,-2.873920202255249,-2.6494741439819336,-2.4581077098846436,-2.212986469268799,-2.0168144702911377,-2.3447041511535645,-1.959415078163147,-1.2862577438354492,-0.47858381271362305,-1.4016690254211426,-0.7697933912277222,0.06329679489135742,-3.0685551166534424,-4.152871131896973,-0.934232234954834,-1.9804614782333374,-3.303473949432373,-4.112488269805908,-3.059755325317383,-2.8230810165405273,-6.024152755737305
-4.946904182434082,-4.422201156616211,-3.659679889678955,-2.9153530597686768,-2.3735876083374023,-2.6597743034362793,-3.8267662525177,-5.635056018829346,-6.402457237243652,-6.3400959968566895,-5.508522987365723,-4.1883440017700195,-3.5420374870300293,-2.7213480472564697,-0.9078346490859985,-0.14599116146564484,-0.7833821177482605,-0.7616710662841797,-0.7063619494438171,-1.504440426826477,-1.435367226600647,-1.2585256099700928,-1.3478875160217285,-1.966822624206543,-1.5685973167419434,-1.8951469659805298,-2.0950989723205566,-1.937045693397522,-1.2539349794387817,-0.5403833985328674,-0.7085207104682922,-0.6679201722145081,-1.1075551509857178,-2.980592727661133,-3.4159553050994873,-2.243699312210083,-2.4986274242401123,-1.9165056943893433,-2.3013715744018555,-3.1169419288635254,-3.4254050254821777,-4.653850555419922,-6.037467002868652,-7.819286823272705
-7.048274040222168,-6.125945568084717,-5.293330669403076,-4.733736515045166,-4.033286094665527,-4.008595943450928,-4.446117877960205,-4.81517219543457,-4.957396507263184,-5.615467548370361,-5.663774490356445,-4.534020900726318,-3.0756828784942627,-2.2937769889831543,-1.5769284963607788,1.218178391456604,-1.2001287937164307,-0.24457205832004547,-0.9811570048332214,-0.8116851449012756,-0.3252546787261963,-0.16579027473926544,-0.620358407497406,-0.19942836463451385,-0.6582891345024109,-1.1280874013900757,-1.1515430212020874,-1.140594482421875,-0.7815943956375122,-0.49986690282821655,-1.0726337432861328,-1.9974942207336426,-1.4365458488464355,-2.126696825027466,-1.3399736881256104,-1.862452745437622,-1.7104814052581787,0.16057012975215912,-2.8530547618865967,-2.7296862602233887,-3.7783432006835938,-5.085714340209961,-7.191123962402344,-7.63510799407959
-9.397915840148926,-8.667261123657227,-7.698071479797363,-6.817709445953369,-5.9606428146362305,-5.538550853729248,-5.565580368041992,-5.403656959533691,-5.133103847503662,-5.331931114196777,-5.6923933029174805,-4.98964786529541,-3.5466511249542236,-3.0783300399780273,-5.365687370300293,3.6950724124908447,-3.638737678527832,0.9357188940048218,-1.513054370880127,-0.03821777552366257,0.2123514860868454,0.6630653738975525,0.7729467749595642,0.2547818720340729,-0.4494222104549408,-0.11379320174455643,-1.001805305480957,-1.4454840421676636,-1.5818308591842651,-1.4467215538024902,-1.9263885021209717,-3.4636902809143066,-0.8158153891563416,-3.4809932708740234,-2.377216100692749,-4.573772430419922,-7.475462436676025,0.06614307314157486,-4.73644495010376,-2.183298110961914,-4.2542724609375,-4.530028820037842,-5.4832305908203125,-6.649606227874756
-11.231575965881348,-11.078252792358398,-10.339844703674316,-9.1785306930542,-8.307499885559082,-8.04084300994873,-7.646250247955322,-7.035515785217285,-6.451323509216309,-6.1288886070251465,-6.230197429656982,-5.910916328430176,-4.079748630523682,-2.235389471054077,-0.8732397556304932,-2.501877546310425,-3.4747776985168457,0.4453124403953552,-1.7487514019012451,-0.2862025499343872,-0.643017053604126,0.02134779468178749,0.26606354117393494,0.09110890328884125,0.18458975851535797,-0.275861918926239,-1.1566513776779175,-1.797232747077942,-1.9785497188568115,-1.8320722579956055,-1.5580017566680908,-0.9146609306335449,-3.8757400512695312,-5.515485763549805,-3.695219039916992,-3.25860595703125,-1.8783918619155884,-5.053860187530518,-5.916510105133057,-3.748340129852295,-3.9620721340179443,-4.033510684967041,-4.919665336608887,-6.758239269256592
-12.087858200073242,-12.033541679382324,-11.871647834777832,-11.067449569702148,-10.368896484375,-10.284587860107422,-9.66407585144043,-8.627103805541992,-7.735536098480225,-7.136645793914795,-7.119630813598633,-6.989166736602783,-5.5240983963012695,-4.334692478179932,-2.970017194747925,-1.5472828149795532,-1.5334993600845337,-1.7020817995071411,-2.0963544845581055,-1.7951382398605347,-1.6457356214523315,-1.1222747564315796,-0.6220625042915344,-0.38652873039245605,-0.11660190671682358,-0.7702261805534363,-1.7414932250976562,-2.4846081733703613,-2.4706382751464844,-2.3992629051208496,-3.978895425796509,-3.5664262771606445,-5.061972141265869,-7.138922691345215,-5.175654411315918,-4.645773410797119,-4.644187927246094,-3.6224606037139893,-4.3702850341796875,-4.449676513671875,-3.8554139137268066,-4.208004951477051,-4.776412010192871,-6.094019889831543
-12.509736061096191,-12.158923149108887,-12.359545707702637,-12.453843116760254,-12.19847583770752,-12.004582405090332,-11.527043342590332,-10.28396987915039,-9.347867965698242,-8.588342666625977,-8.020256042480469,-7.816190719604492,-6.422659873962402,-5.398212909698486,-4.072793960571289,-3.2230334281921387,-3.5214364528656006,-3.114532470703125,-3.7490296363830566,-2.6471450328826904,-2.9047420024871826,-2.776282548904419,-1.6403886079788208,-1.107018232345581,-1.1614959239959717,-1.870815396308899,-2.754725456237793,-3.435701370239258,-3.141463279724121,-2.9436447620391846,-1.958585262298584,-4.279219627380371,-6.232515335083008,-8.449312210083008,-4.458193778991699,-4.679449081420898,-2.837355375289917,-4.6837005615234375,-4.6715826988220215,-4.512800693511963,-5.195406913757324,-4.644887924194336,-5.549074649810791,-6.3126444816589355
-13.252485275268555,-12.689297676086426,-13.176820755004883,-13.578873634338379,-13.695788383483887,-13.413735389709473,-13.163707733154297,-11.853500366210938,-10.71833610534668,-10.404300689697266,-9.224261283874512,-8.410911560058594,-7.141009330749512,-7.099555969238281,-5.842848777770996,-4.758411884307861,-4.433226585388184,-3.3795318603515625,-5.364939212799072,-2.771472215652466,-4.6969895362854,-3.7532999515533447,-2.428117513656616,-2.0306077003479004,-2.3594517707824707,-3.242676258087158,-3.914537191390991,-4.391453742980957,-4.895763874053955,-3.211744785308838,-2.098602056503296,-4.606995105743408,-5.3141770362854,-8.673256874084473,-4.557518005371094,-8.325096130371094,-4.989629745483398,-7.258506774902344,-7.431584358215332,-6.65234899520874,-6.254391670227051,-7.016937255859375,-6.828658103942871,-7.843668460845947
-14.331111907958984,-13.710789680480957,-13.828824996948242,-14.446684837341309,-14.439897537231445,-14.63298225402832,-14.799214363098145,-13.632965087890625,-12.375103950500488,-11.742982864379883,-10.376130104064941,-8.472001075744629,-7.9625115394592285,-8.01514720916748,-6.934452056884766,-6.560737609863281,-5.906114101409912,-5.150566577911377,-4.042710781097412,-4.791013717651367,-5.555877208709717,-4.616713047027588,-3.4941020011901855,-3.287099599838257,-3.5784573554992676,-4.377993583679199,-4.905324935913086,-5.42606258392334,-5.132404804229736,-4.392483234405518,-4.398054122924805,-4.9957170486450195,-6.351388454437256,-7.839698791503906,-9.469588279724121,-10.534774780273438,-8.963598251342773,-8.820249557495117,-8.3950834274292,-8.597939491271973,-7.682163238525391,-8.72915267944336,-8.180716514587402,-7.9188666343688965
-14.82935619354248,-14.743895530700684,-14.773165702819824,-15.214118003845215,-15.498473167419434,-14.812814712524414,-15.718575477600098,-15.294336318969727,-13.509415626525879,-11.916199684143066,-10.662117004394531,-9.795825004577637,-9.229719161987305,-8.63325023651123,-7.465633392333984,-7.271162033081055,-6.047609806060791,-5.443592548370361,-5.814793109893799,-6.388285160064697,-6.302032947540283,-5.127522945404053,-4.526297092437744,-4.574273109436035,-4.79542350769043,-5.0206499099731445,-5.226778030395508,-5.44016170501709,-5.909144878387451,-6.347016334533691,-6.222498416900635,-6.391404628753662,-7.472082138061523,-8.228907585144043,-8.259861946105957,-9.722763061523438,-10.239697456359863,-8.908726692199707,-8.540266036987305,-10.1563081741333,-9.341408729553223,-9.501158714294434,-12.5319242477417,-6.220238208770752
