data/wind_data/wind_46_8.json
{"header": {"parameterUnit": "KT", "parameterCategory": 2, "nx": 256, "ny": 198, "lo1": 44.73521041870117, "la1": -3.236724853515625, "lo2": 111.26478576660156, "la2": 43.468475341796875, "dx": 0.2609002888202667, "dy": -0.23708222806453705, "refTime": "2025-02-20 22:00:00", "forecastTime": 0, "parameterNumber": 2, "parameterNumberName": "eastward_wind"}, "data":
[rows 38 to 56 of 198, columns 132 to 175 of 256]
3.235002040863037,3.035325765609741,3.2578725814819336,3.3557755947113037,3.0945708751678467,2.908224105834961,3.2681162357330322,3.9512975215911865,4.703030586242676,6.094422340393066,7.558112144470215,7.390284061431885,6.326135635375977,5.745899200439453,5.277609825134277,4.44908332824707,3.5227036476135254,2.025322198867798,1.355181336402893,2.015854597091675,3.344813108444214,4.41950798034668,4.754846096038818,4.291718482971191,3.480034351348877,2.46874737739563,1.4198145866394043,1.1705718040466309,1.5428029298782349,2.1228322982788086,2.438790798187256,1.8613452911376953,0.31866416335105896,-1.6892859935760498,-3.7991089820861816,-4.953999996185303,-3.8651468753814697,-1.626083254814148,-0.3293297588825226,-0.4331746995449066,-1.0978925228118896,-1.065716028213501,-0.9845744371414185,-0.950668454170227
4.267466068267822,3.7155566215515137,3.4751126766204834,3.444202423095703,3.404447317123413,3.399775743484497,3.7770752906799316,4.723531246185303,5.625864028930664,6.573472499847412,7.601741313934326,7.3008904457092285,6.587294578552246,6.258721828460693,5.492218494415283,4.570193767547607,3.7690365314483643,2.405190944671631,1.840920329093933,2.5068423748016357,3.86857533454895,4.796013832092285,5.018317222595215,4.503238677978516,3.4356508255004883,2.322777509689331,1.066322922706604,0.7406898140907288,1.497663974761963,2.388644218444824,2.5722436904907227,2.0856759548187256,0.9272722005844116,-0.9210268259048462,-3.0461955070495605,-4.388493061065674,-3.6257283687591553,-1.4350082874298096,0.6397557854652405,0.9283568859100342,0.18985877931118011,-0.3301694095134735,-0.3847585618495941,-0.5317324995994568
4.959754467010498,4.124645233154297,3.481424570083618,3.2269914150238037,3.2674434185028076,3.4810497760772705,3.9186739921569824,4.737710475921631,5.696516036987305,6.742831707000732,7.6554436683654785,7.448951244354248,6.9963459968566895,6.379905700683594,5.188349723815918,4.278014183044434,3.85894513130188,3.193814277648926,2.5269722938537598,2.881876230239868,4.130069255828857,5.1037516593933105,5.1633710861206055,4.506262302398682,3.2995431423187256,2.0935022830963135,0.8951709866523743,0.4286147952079773,1.2391531467437744,2.3672211170196533,2.540637969970703,2.2633135318756104,2.0748040676116943,0.3635043203830719,-1.910950779914856,-3.331845998764038,-2.8158621788024902,-0.569270133972168,1.224501371383667,1.1688904762268066,0.8233489394187927,0.7794638276100159,0.3363634943962097,0.2739972472190857
5.438349723815918,4.416954040527344,3.5506722927093506,3.1802847385406494,3.212815284729004,3.473806858062744,3.7337234020233154,4.0975260734558105,5.129768371582031,6.661993026733398,7.836397171020508,8.022436141967773,7.591841220855713,6.085239887237549,4.466355800628662,3.9502530097961426,3.896556854248047,3.773233413696289,3.276667356491089,3.4422924518585205,4.436853408813477,5.199547290802002,5.208280563354492,4.465092182159424,3.009657859802246,1.9032195806503296,0.9100820422172546,0.2377598136663437,0.881065309047699,2.118190050125122,2.7818262577056885,2.393993854522705,2.454362630844116,1.2770167589187622,-0.5801455974578857,-1.5096994638442993,-1.3176603317260742,0.22345179319381714,1.0723837614059448,1.0000920295715332,1.429497480392456,1.7077038288116455,1.0717705488204956,0.8162273168563843
5.849283218383789,4.807033538818359,3.805671215057373,3.3655073642730713,3.466521739959717,3.648996591567993,3.433213233947754,3.2491748332977295,4.276956558227539,6.304762840270996,8.044281005859375,8.764585494995117,7.981784343719482,6.027095317840576,4.137025356292725,3.7717909812927246,3.9664206504821777,4.059946537017822,3.9637253284454346,4.093878269195557,4.745876789093018,5.342815399169922,5.180771350860596,4.275099277496338,2.8335583209991455,1.7049486637115479,0.9230694770812988,0.44369450211524963,0.8534300923347473,1.8559423685073853,3.1318204402923584,3.0088956356048584,2.117785692214966,1.6091657876968384,0.4705449640750885,0.3811258375644684,0.3194771111011505,0.8874126076698303,1.5641471147537231,1.587876796722412,1.4788181781768799,1.7647162675857544,2.2309067249298096,1.7310431003570557
6.4119648933410645,5.370357990264893,4.253333568572998,3.682046890258789,3.7591869831085205,3.837407112121582,3.379330635070801,2.946894645690918,3.74899959564209,5.793231010437012,7.707298278808594,8.781927108764648,8.312975883483887,6.7832255363464355,4.934887409210205,4.087531566619873,4.1048736572265625,4.136505126953125,4.337601661682129,4.356799125671387,4.737054824829102,5.194502353668213,4.9444990158081055,4.076228618621826,2.97192120552063,1.963072657585144,1.131812572479248,0.6503496766090393,0.9539317488670349,2.1316723823547363,3.1167564392089844,3.2823634147644043,2.3612329959869385,2.0299055576324463,1.359963059425354,1.062083125114441,1.0203351974487305,1.21409010887146,2.082202434539795,2.2820403575897217,1.5864832401275635,1.490298867225647,3.1509642601013184,3.0912020206451416
7.068904399871826,6.08501672744751,4.850151538848877,4.142045974731445,4.127631664276123,4.120885372161865,3.719620943069458,3.495253086090088,3.9526548385620117,5.409135341644287,6.9655561447143555,8.285694122314453,8.510774612426758,7.594509601593018,6.107900142669678,4.996763229370117,4.558761119842529,4.451766490936279,4.659698963165283,4.556392192840576,4.6762895584106445,4.883180141448975,4.499332904815674,3.7608752250671387,3.1014177799224854,2.3303093910217285,1.4406465291976929,0.9149630069732666,1.2336077690124512,2.277589797973633,3.366787910461426,3.603684663772583,3.059695243835449,2.8822693824768066,2.0406088829040527,1.1802117824554443,1.170428991317749,1.6546156406402588,2.94183349609375,3.404719829559326,2.9074652194976807,2.509953498840332,3.142117977142334,3.188953399658203
7.439239501953125,6.66184663772583,5.52927827835083,4.934994697570801,4.943075656890869,4.898989677429199,4.431868553161621,4.200055122375488,4.524284839630127,5.38593864440918,6.520712852478027,7.663792133331299,8.426880836486816,8.04748821258545,6.827381134033203,5.969659805297852,5.193312644958496,5.149890422821045,5.357226371765137,5.219542503356934,4.985445976257324,4.8347978591918945,4.228451251983643,3.268988609313965,2.726780652999878,2.3836967945098877,1.5971323251724243,1.1685302257537842,1.6282234191894531,2.511523723602295,3.66672420501709,4.082042217254639,3.848830461502075,3.925201654434204,2.781576156616211,1.4391025304794312,1.5436512231826782,2.5210208892822266,4.22151517868042,4.285462856292725,3.8117926120758057,3.539165735244751,2.842613458633423,2.7378528118133545
7.331550598144531,6.956698417663574,6.250679016113281,6.032341003417969,6.0976080894470215,5.860097408294678,5.261186599731445,4.969662666320801,5.474905967712402,6.052188396453857,6.597161293029785,7.1263322830200195,7.841729640960693,7.845691204071045,7.131166458129883,6.54005241394043,5.8444414138793945,5.710880279541016,6.010156631469727,5.9543070793151855,5.603792667388916,5.066683769226074,4.273050785064697,2.9472012519836426,1.9599870443344116,1.857866644859314,1.738148808479309,1.6734448671340942,2.256793260574341,3.114199161529541,3.909994602203369,4.385218143463135,4.620867729187012,4.744749069213867,3.591517210006714,2.3654019832611084,2.4281980991363525,3.5346124172210693,5.036187648773193,5.02193021774292,3.8601973056793213,3.837700128555298,3.223402738571167,2.8411600589752197
6.899310111999512,6.830782413482666,6.708683967590332,7.1945085525512695,7.595178127288818,7.083438873291016,5.997976303100586,5.600812911987305,6.2479448318481445,6.96036434173584,7.192184925079346,6.91291618347168,6.872469425201416,7.0828537940979,7.206106662750244,6.909316062927246,6.353105068206787,6.06418514251709,6.195037364959717,6.255475044250488,6.046553611755371,5.505564212799072,4.559517860412598,2.9761338233947754,1.4223880767822266,1.203796625137329,1.748382329940796,2.307220458984375,2.9493603706359863,3.6820409297943115,4.158572196960449,4.5674004554748535,5.27688455581665,5.2444610595703125,4.153019905090332,3.553767681121826,3.6466612815856934,4.484094619750977,5.238232612609863,5.094141960144043,4.041362285614014,3.804835796356201,3.826677083969116,3.585411548614502
6.648189544677734,6.531655788421631,6.647599697113037,7.793858051300049,8.700239181518555,8.262307167053223,7.072880744934082,6.316659927368164,6.804741859436035,7.470148086547852,7.70413875579834,7.133055210113525,6.296682357788086,6.355498313903809,6.970855236053467,7.183460235595703,6.778188228607178,6.465926170349121,6.448688507080078,6.4905195236206055,6.417261123657227,5.892722129821777,5.048123836517334,3.485185384750366,1.5243628025054932,0.9674936532974243,1.7881197929382324,2.6712801456451416,3.2881062030792236,3.8620901107788086,4.383425235748291,4.973506450653076,5.726644515991211,5.734364032745361,4.822531223297119,4.682176113128662,4.91063928604126,5.2997026443481445,5.521101474761963,4.962894916534424,3.999932050704956,4.1743927001953125,4.257307529449463,4.372936725616455
7.113815784454346,6.7556233406066895,6.361532211303711,7.516354084014893,8.823915481567383,8.642616271972656,7.903027057647705,7.020915985107422,7.153325080871582,7.542568683624268,7.7258830070495605,7.4344706535339355,6.4393205642700195,5.969939708709717,6.380092144012451,7.057931900024414,7.1554694175720215,6.958014965057373,6.975288391113281,7.032969951629639,6.928033351898193,6.49295711517334,5.790618896484375,4.334441184997559,2.2388010025024414,1.2154453992843628,1.8528913259506226,2.905956506729126,3.563760280609131,4.110504150390625,4.858546257019043,5.751230716705322,6.413924217224121,6.429670333862305,6.065144062042236,5.948239326477051,6.085221767425537,6.168861389160156,5.808943271636963,4.831352233886719,3.799088716506958,4.275641441345215,4.944655895233154,5.223682403564453
7.782118320465088,7.553019046783447,6.541264057159424,6.874641418457031,8.283069610595703,8.4202880859375,7.97685432434082,7.407235622406006,7.158579349517822,7.329837322235107,7.395232200622559,7.4431538581848145,6.665529251098633,5.756890773773193,5.711764812469482,6.522398471832275,7.1091508865356445,7.216133117675781,7.445290565490723,7.684778213500977,7.606723785400391,7.297890663146973,6.707083702087402,5.307562351226807,3.190481424331665,1.7393780946731567,2.0247392654418945,3.21612811088562,4.087855815887451,4.853597640991211,5.8111419677734375,6.793017387390137,7.251385688781738,7.332464694976807,7.501491069793701,7.397078514099121,7.260219573974609,6.949848651885986,6.216403007507324,5.083132743835449,4.319444179534912,4.649982452392578,5.2635955810546875,5.702765464782715
7.699039459228516,8.188492774963379,7.419779300689697,6.892363548278809,7.638333320617676,8.130270004272461,7.627054691314697,7.388556957244873,7.0453643798828125,6.776477336883545,6.64784049987793,6.78374719619751,6.256044387817383,5.424099445343018,5.110845565795898,5.646687030792236,6.407777786254883,6.9656476974487305,7.559216022491455,8.131376266479492,8.344721794128418,8.194108963012695,7.6545586585998535,6.441693305969238,4.444045543670654,2.5897862911224365,2.3053338527679443,3.4648385047912598,4.831947326660156,6.1146955490112305,7.320178508758545,8.099140167236328,8.079841613769531,8.122610092163086,8.468117713928223,8.530593872070312,8.449433326721191,7.894564151763916,6.779323101043701,6.017503261566162,5.14952278137207,5.022887706756592,5.420139312744141,5.414553165435791
6.983695030212402,8.000194549560547,8.232964515686035,7.681507587432861,7.518759727478027,7.6941914558410645,7.376169681549072,7.140854835510254,6.782572269439697,6.112734794616699,5.6427531242370605,5.677233695983887,5.511072635650635,4.942098140716553,4.579723358154297,4.780415058135986,5.330234050750732,6.11915397644043,7.244095325469971,8.319682121276855,9.05505084991455,9.165763854980469,8.670740127563477,7.7531514167785645,6.087642669677734,3.933009386062622,2.977612257003784,3.631539821624756,5.403459548950195,7.34476375579834,8.876020431518555,9.409067153930664,8.962271690368652,8.639066696166992,8.754060745239258,9.07913589477539,9.294225692749023,8.916375160217285,7.982972621917725,6.811717987060547,6.030601978302002,5.300256729125977,5.732342720031738,5.662333011627197
6.492312431335449,7.453855037689209,8.254084587097168,8.184911727905273,7.620115756988525,7.221847057342529,7.014211177825928,6.824332237243652,6.355581760406494,5.4808197021484375,4.850245952606201,4.923585414886475,5.0600266456604,4.60263729095459,4.198075294494629,4.251255512237549,4.532077312469482,5.2579874992370605,6.676506042480469,8.199470520019531,9.373515129089355,9.870543479919434,9.556727409362793,8.777219772338867,7.531235218048096,5.693469524383545,4.400688648223877,4.361865043640137,5.961973667144775,8.011208534240723,9.571773529052734,10.054707527160645,9.731595039367676,9.216207504272461,9.027690887451172,9.133496284484863,9.423528671264648,9.337278366088867,9.003811836242676,7.83500862121582,6.744920253753662,5.635111331939697,5.770194053649902,6.384721755981445
6.529819965362549,7.233015060424805,7.812238693237305,7.868346214294434,7.374851703643799,6.792245388031006,6.6291351318359375,6.621032238006592,6.064863204956055,5.05134391784668,4.342771053314209,4.411925792694092,4.8635759353637695,4.78261661529541,4.296876430511475,4.047039985656738,4.2505364418029785,4.875389099121094,6.022510051727295,7.723415851593018,9.148921966552734,9.872509002685547,9.900249481201172,9.361478805541992,8.434040069580078,7.1431498527526855,6.0576581954956055,5.834259510040283,6.943503379821777,8.354677200317383,9.589265823364258,10.166393280029297,10.09597110748291,9.702425003051758,9.390263557434082,9.263595581054688,9.310230255126953,9.22384262084961,9.298927307128906,8.584848403930664,7.442611217498779,6.25735330581665,6.192823886871338,7.03095817565918
6.748730182647705,7.233641624450684,7.491739749908447,7.331631660461426,6.8519134521484375,6.450096607208252,6.362826347351074,6.524834156036377,6.161476135253906,5.108464241027832,4.14386510848999,3.8737239837646484,4.421070098876953,4.996586322784424,4.832395076751709,4.146526336669922,4.1486053466796875,4.7012834548950195,5.508444786071777,6.871883869171143,8.533943176269531,9.521697044372559,9.814347267150879,9.553715705871582,8.837691307067871,7.975833415985107,7.263732433319092,7.2699737548828125,8.134345054626465,8.932351112365723,9.66484546661377,10.270550727844238,10.448822975158691,10.136290550231934,9.792905807495117,9.699135780334473,9.510531425476074,9.148862838745117,9.256064414978027,8.77497673034668,7.845270156860352,6.891573905944824,7.016143321990967,8.303810119628906
6.711336135864258,6.9640889167785645,7.125118255615234,6.9609150886535645,6.499988079071045,6.16023588180542,6.11924409866333,6.359711170196533,6.2084574699401855,5.456803321838379,4.450633525848389,3.7480835914611816,3.9104862213134766,4.661757469177246,5.021044731140137,4.479997158050537,4.225371360778809,4.622920513153076,5.190676212310791,6.058081150054932,7.70240592956543,9.197836875915527,9.774372100830078,9.670075416564941,9.1045503616333,8.440835952758789,8.026805877685547,8.214442253112793,8.988525390625,9.623623847961426,10.079827308654785,10.598771095275879,10.890464782714844,10.668910026550293,10.240397453308105,10.189422607421875,10.160625457763672,9.708349227905273,9.438873291015625,8.970815658569336,8.279172897338867,7.530377388000488,7.965190887451172,9.473024368286133
