data/wind_data/wind_70_8.json
{"header": {"parameterUnit": "KT", "parameterCategory": 2, "nx": 256, "ny": 198, "lo1": 44.73521041870117, "la1": -3.236724853515625, "lo2": 111.26478576660156, "la2": 43.468475341796875, "dx": 0.2609002888202667, "dy": -0.23708222806453705, "refTime": "2025-02-21 22:00:00", "forecastTime": 0, "parameterNumber": 2, "parameterNumberName": "eastward_wind"}, "data":
[rows 152 to 170 of 198, columns 176 to 219 of 256]
40.67918014526367,42.70294952392578,45.201377868652344,46.797698974609375,47.55714797973633,48.29310607910156,48.96561813354492,49.51233673095703,50.5479736328125,52.105709075927734,52.689273834228516,51.465972900390625,49.89106369018555,49.46922302246094,50.102054595947266,50.4638671875,49.87644958496094,49.17963409423828,49.08384704589844,49.670413970947266,50.133270263671875,49.5853385925293,48.75664138793945,49.4992790222168,52.11540985107422,55.131431579589844,57.6953010559082,59.37340545654297,59.81867218017578,59.939239501953125,59.87661361694336,59.33060836791992,58.552181243896484,57.75993728637695,56.75216293334961,55.6995964050293,55.68963623046875,56.475643157958984,57.006900787353516,57.5474967956543,58.40260314941406,57.843170166015625,54.71657180786133,50.94290542602539
42.21275329589844,43.82920455932617,44.94322204589844,45.505226135253906,46.52093505859375,48.079769134521484,49.10881042480469,49.40290069580078,49.8114013671875,50.93586349487305,51.70132827758789,51.02406311035156,49.78470993041992,49.35037612915039,49.97978591918945,50.58658981323242,50.175838470458984,49.22639846801758,48.703548431396484,48.904380798339844,49.43421173095703,49.3770637512207,48.84105682373047,49.43904495239258,51.899173736572266,55.00373077392578,57.59041976928711,59.26325988769531,59.77156066894531,59.91994094848633,59.41305923461914,57.874019622802734,56.28678894042969,55.378135681152344,55.2197380065918,55.787113189697266,56.864288330078125,57.83912658691406,58.22880554199219,58.52054977416992,58.73710632324219,57.358482360839844,53.839202880859375,50.13142776489258
43.940093994140625,44.357444763183594,44.0434684753418,44.190555572509766,45.758872985839844,47.710384368896484,48.4709587097168,48.2783088684082,48.494850158691406,49.56670379638672,50.577293395996094,50.879295349121094,50.679447174072266,50.46904754638672,50.57026290893555,50.36075973510742,49.2829704284668,48.30005645751953,48.347198486328125,48.86186981201172,48.84959030151367,48.2080192565918,47.91139221191406,48.966880798339844,51.2047233581543,53.658077239990234,56.06868362426758,58.35047149658203,59.76543045043945,59.84714126586914,58.391395568847656,56.07376480102539,54.247642517089844,53.84112548828125,54.952857971191406,56.89850997924805,58.6072883605957,59.243614196777344,58.688629150390625,57.67815399169922,56.72459411621094,55.178123474121094,52.60966110229492,49.90329360961914
45.4766960144043,45.138118743896484,44.147762298583984,43.783512115478516,44.89469909667969,46.28370666503906,46.640235900878906,46.57377243041992,47.43378829956055,49.03908920288086,50.28968048095703,50.97584533691406,51.36606979370117,51.305049896240234,50.71101379394531,49.832420349121094,48.67008590698242,47.52977752685547,47.155391693115234,47.29096984863281,47.08738708496094,46.76272964477539,47.337921142578125,48.648406982421875,50.03855514526367,51.85366439819336,54.33876419067383,56.94755554199219,58.57710266113281,58.49761962890625,56.928260803222656,54.6162223815918,52.8072395324707,52.77501678466797,54.4857292175293,56.80015563964844,58.829345703125,59.72404479980469,58.566261291503906,56.19413757324219,54.09294891357422,52.15153121948242,49.975502014160156,48.07835006713867
46.90658950805664,46.4025764465332,45.44819641113281,44.325801849365234,43.8869743347168,43.96385955810547,44.1832389831543,45.026123046875,46.93213653564453,49.109657287597656,50.20177459716797,50.25393295288086,50.26572799682617,50.50112533569336,50.17781066894531,49.144466400146484,47.86054229736328,46.22734832763672,44.833518981933594,44.482666015625,44.984657287597656,46.029258728027344,47.479000091552734,48.71684265136719,49.5610466003418,50.69328689575195,52.39192581176758,54.05145263671875,54.95652389526367,54.765464782714844,53.47322463989258,51.479122161865234,50.091712951660156,50.783935546875,53.17896270751953,55.560089111328125,57.4372444152832,58.61772537231445,57.74751663208008,54.91642761230469,51.81684494018555,49.401527404785156,47.550392150878906,46.03888702392578
47.96928787231445,47.54319381713867,46.8703498840332,45.344879150390625,43.51047897338867,42.50665283203125,42.89590835571289,44.60112380981445,46.84410858154297,48.7745361328125,49.135677337646484,48.215553283691406,47.71783447265625,48.35662841796875,48.93929672241211,48.17112731933594,46.33192825317383,44.27412796020508,42.87803268432617,42.7791748046875,43.75146484375,45.3339958190918,47.233890533447266,48.81092071533203,49.55012130737305,49.55532455444336,49.39339065551758,49.57075500488281,50.12242126464844,50.49539566040039,50.22602844238281,49.387760162353516,48.840232849121094,49.78071212768555,52.137786865234375,54.21767044067383,55.54744338989258,56.4488525390625,55.90890884399414,53.63783645629883,50.841732025146484,48.7039909362793,47.10778045654297,45.585601806640625
48.35963821411133,47.919315338134766,47.39765930175781,46.07598876953125,44.02151870727539,42.747825622558594,43.156307220458984,44.81624221801758,46.45808792114258,47.34426498413086,47.11302185058594,45.88080978393555,45.26133346557617,46.182823181152344,47.420570373535156,47.05419921875,45.02084732055664,42.888633728027344,41.91962814331055,42.2841682434082,43.34061050415039,44.90647506713867,47.05931854248047,48.871768951416016,49.130611419677734,47.99070358276367,46.677101135253906,46.2234992980957,46.872432708740234,47.96229553222656,48.753475189208984,48.9753303527832,49.073604583740234,49.739891052246094,50.883056640625,51.9719352722168,52.83662796020508,53.37116622924805,53.271018981933594,52.32474136352539,50.65069580078125,48.61634826660156,46.44487762451172,44.61727523803711
48.01884460449219,47.568931579589844,47.09168243408203,46.19484329223633,44.92081069946289,44.00040054321289,43.92829895019531,44.51919937133789,45.09787368774414,45.20174789428711,44.966957092285156,44.44428253173828,44.33165740966797,45.1565055847168,46.126583099365234,45.73917770385742,43.87051773071289,42.02224349975586,41.51445388793945,42.17852783203125,43.15082550048828,44.49418258666992,46.48125076293945,48.028656005859375,47.86477279663086,46.46996307373047,45.28076171875,45.062339782714844,45.85934829711914,47.295166015625,48.47635269165039,48.613704681396484,48.432464599609375,48.921630859375,49.488338470458984,49.67416000366211,50.02351760864258,50.68889236450195,51.25593948364258,51.08275604248047,49.764984130859375,47.43617248535156,44.806087493896484,43.076480865478516
47.50890350341797,46.9397087097168,46.70702362060547,46.41508865356445,45.726680755615234,44.914615631103516,44.2222900390625,43.67596435546875,43.2614631652832,42.98318862915039,43.080684661865234,43.510284423828125,44.175533294677734,44.93111801147461,45.19055938720703,44.25920867919922,42.46630859375,41.05543899536133,40.90676498413086,41.67413330078125,42.5549201965332,43.689857482910156,45.46442413330078,46.7203254699707,46.39714431762695,45.39209747314453,45.147491455078125,45.59400177001953,46.024742126464844,46.50218200683594,46.97085189819336,46.797447204589844,46.46311950683594,46.915740966796875,47.6559944152832,48.00130844116211,48.4135627746582,49.17176055908203,49.785858154296875,49.63533020019531,48.446773529052734,46.36513137817383,44.118492126464844,42.80731201171875
46.836605072021484,46.135009765625,46.32802963256836,46.87669372558594,46.417171478271484,44.95686340332031,43.38139343261719,42.13176345825195,41.35503005981445,41.18855667114258,41.7424201965332,42.846466064453125,44.04131317138672,44.744598388671875,44.46826171875,43.157161712646484,41.388587951660156,40.1338005065918,39.92438888549805,40.54066848754883,41.57023239135742,42.98679733276367,44.64685821533203,45.66129684448242,45.50209045410156,44.99747848510742,45.16853332519531,45.733253479003906,45.73830795288086,45.21205520629883,44.94126892089844,44.94849395751953,45.06988525390625,45.63468933105469,46.41518020629883,46.80508041381836,47.06222915649414,47.6862678527832,48.46294021606445,48.700843811035156,47.829341888427734,46.061607360839844,44.41371154785156,43.37517547607422
46.35173797607422,45.80034637451172,45.702842712402344,46.306793212890625,46.30819320678711,44.671810150146484,42.203861236572266,40.38951873779297,39.69285202026367,39.979801177978516,41.07321548461914,42.530609130859375,43.85033416748047,44.53993606567383,44.150962829589844,42.67750930786133,40.77277755737305,39.2586669921875,38.60816192626953,39.086055755615234,40.66065979003906,42.7894172668457,44.57470703125,45.32108688354492,45.009220123291016,44.45210266113281,44.526512145996094,44.96146011352539,44.8013801574707,44.13764572143555,43.90126419067383,44.28578567504883,44.880706787109375,45.49706268310547,45.91497039794922,46.001766204833984,46.13975524902344,46.68252944946289,47.37104797363281,47.53730773925781,46.8085823059082,45.475154876708984,44.2360954284668,43.08114242553711
45.91876983642578,46.01648712158203,45.445030212402344,44.89432907104492,44.678497314453125,43.74879455566406,41.711029052734375,39.785499572753906,38.928749084472656,39.16707992553711,40.46762466430664,42.367610931396484,43.97404098510742,44.505611419677734,43.66685485839844,41.889183044433594,40.085296630859375,38.767982482910156,38.058799743652344,38.48697280883789,40.28847122192383,42.685333251953125,44.518516540527344,45.125457763671875,44.60085678100586,43.68444061279297,43.11515426635742,43.052635192871094,43.20705032348633,43.463226318359375,43.92032241821289,44.510215759277344,45.089149475097656,45.553253173828125,45.796775817871094,45.67531967163086,45.299644470214844,45.07344055175781,45.30811309814453,45.660274505615234,45.4559211730957,44.58323287963867,43.423004150390625,42.0900764465332
45.07155227661133,45.46211624145508,45.188289642333984,44.3090934753418,43.06730651855469,41.72088623046875,40.555973052978516,39.687599182128906,39.37518310546875,39.67611312866211,40.66756820678711,42.31592559814453,43.888336181640625,44.29642105102539,43.128639221191406,41.27751159667969,39.85805130004883,38.960113525390625,38.31460952758789,38.51422119140625,40.068477630615234,42.32303237915039,44.04746627807617,44.46709442138672,43.70161437988281,42.4702262878418,41.53486633300781,41.34839630126953,41.91285705566406,42.83526611328125,43.67524719238281,44.17243194580078,44.42430877685547,44.68409729003906,44.9140510559082,44.78364181518555,44.194522857666016,43.70038986206055,43.95559310913086,44.74911117553711,45.14381408691406,44.56174850463867,43.221317291259766,41.64494323730469
43.83702087402344,44.39029312133789,44.013824462890625,43.29356002807617,42.63228225708008,41.216007232666016,39.5860481262207,39.008140563964844,39.3765754699707,39.96323013305664,40.78022003173828,42.1130485534668,43.508243560791016,43.951751708984375,42.83732604980469,40.95586395263672,39.53031539916992,38.80697250366211,38.47432327270508,38.79737091064453,40.206214904785156,42.21411895751953,43.671939849853516,43.8311653137207,42.886444091796875,41.64891052246094,40.86070251464844,40.80213928222656,41.30668640136719,42.030242919921875,42.658164978027344,42.99989318847656,43.18151092529297,43.42251968383789,43.66646957397461,43.68833541870117,43.36127853393555,42.962589263916016,43.123077392578125,43.929927825927734,44.566162109375,44.27775955200195,43.24262619018555,42.008548736572266
42.296485900878906,42.866214752197266,43.13725280761719,42.33546829223633,41.53215026855469,41.05467224121094,40.31983947753906,39.69850158691406,39.72264862060547,39.98714065551758,40.32442092895508,41.20854949951172,42.51761245727539,43.21332550048828,42.43319320678711,40.59128952026367,39.007991790771484,38.3932991027832,38.47105026245117,39.003761291503906,40.28769302368164,42.08202362060547,43.297569274902344,43.256717681884766,42.295982360839844,41.27244567871094,40.78853225708008,40.78963088989258,40.85706329345703,40.862064361572266,41.041378021240234,41.54313659667969,42.2008171081543,42.655555725097656,42.69509506225586,42.51456832885742,42.370506286621094,42.246524810791016,42.193359375,42.474151611328125,42.97644805908203,43.342926025390625,43.274078369140625,42.656864166259766
41.01987075805664,41.3223762512207,42.15053939819336,42.18818664550781,41.33766174316406,40.788475036621094,40.85133743286133,40.96588134765625,40.771583557128906,40.43777084350586,40.059783935546875,40.05988311767578,40.84257888793945,41.767372131347656,41.728092193603516,40.5091552734375,39.057682037353516,38.43617630004883,38.50508499145508,38.914703369140625,40.06753158569336,41.75777053833008,42.86008834838867,42.83998107910156,42.04770278930664,41.1403923034668,40.692604064941406,40.75321960449219,40.79403305053711,40.54685974121094,40.41865921020508,40.85359191894531,41.646507263183594,41.99211120605469,41.617008209228516,41.25237274169922,41.3590087890625,41.590797424316406,41.516571044921875,41.347442626953125,41.63930130004883,42.422874450683594,42.946876525878906,42.58953094482422
40.154666900634766,40.385162353515625,41.08787536621094,41.86823654174805,42.078941345214844,41.78437423706055,41.52162170410156,41.487403869628906,41.42177963256836,40.98805618286133,40.08812713623047,39.137474060058594,38.96705627441406,39.63051223754883,40.23455047607422,39.982200622558594,39.01786422729492,38.43293380737305,38.6118278503418,38.98870086669922,39.875205993652344,41.47453308105469,42.7756233215332,42.9499626159668,42.1541633605957,41.11012268066406,40.61569595336914,40.83076095581055,41.071929931640625,40.79756164550781,40.477813720703125,40.81551742553711,41.48019790649414,41.53294372558594,40.956050872802734,40.63374710083008,40.90232849121094,41.2314338684082,41.13134002685547,40.72562789916992,40.66067123413086,41.31406784057617,41.993194580078125,41.68370819091797
39.7005500793457,39.9001350402832,40.53974151611328,41.56708908081055,42.49030303955078,42.79994201660156,42.467166900634766,41.9041633605957,41.384971618652344,40.758544921875,39.73910140991211,38.43535232543945,37.57472229003906,37.75627136230469,38.55709457397461,38.92189025878906,38.31083679199219,37.81682205200195,38.45518493652344,39.26365280151367,39.89393997192383,41.15782928466797,42.6023063659668,43.106788635253906,42.52604675292969,41.50770568847656,40.90349578857422,41.12327194213867,41.581382751464844,41.387062072753906,40.88666915893555,40.998233795166016,41.44669723510742,41.37514877319336,41.04046630859375,41.07049560546875,41.1846809387207,40.95286178588867,40.47708511352539,40.06071472167969,39.87313461303711,40.07298278808594,40.57265090942383,40.818115234375
39.75230026245117,39.645484924316406,40.0160026550293,41.31145477294922,42.90789031982422,43.639068603515625,42.931976318359375,41.456695556640625,40.19035339355469,39.53891372680664,39.172813415527344,38.52690505981445,37.666080474853516,37.32451248168945,37.73836898803711,38.18340301513672,37.734493255615234,36.90876770019531,37.50238800048828,39.31071090698242,40.62382888793945,41.43507385253906,42.376895904541016,43.00857925415039,42.82063674926758,42.05082321166992,41.36606979370117,41.24371337890625,41.43611145019531,41.216915130615234,40.884307861328125,41.28168869018555,41.902286529541016,41.870059967041016,41.594970703125,41.565696716308594,41.39942169189453,40.98426818847656,40.5158576965332,40.02897262573242,39.57075500488281,39.406917572021484,39.624366760253906,39.88908386230469
