data/wind_data/wind_36_8.json
{"header": {"parameterUnit": "KT", "parameterCategory": 2, "nx": 256, "ny": 198, "lo1": 44.73521041870117, "la1": -3.236724853515625, "lo2": 111.26478576660156, "la2": 43.468475341796875, "dx": 0.2609002888202667, "dy": -0.23708222806453705, "refTime": "2025-02-20 12:00:00", "forecastTime": 0, "parameterNumber": 2, "parameterNumberName": "eastward_wind"}, "data":
[rows 19 to 37 of 198, columns 132 to 175 of 256]
-2.9774789810180664,-1.3974207639694214,-0.30894753336906433,0.8246468305587769,-1.3083909749984741,-2.929008960723877,-2.61491060256958,0.7242431640625,0.8369690775871277,0.7154533267021179,2.527134656906128,2.2630457878112793,1.813934326171875,3.1885650157928467,3.7352728843688965,3.999203681945801,2.5868468284606934,2.1201062202453613,2.220219612121582,1.7890161275863647,3.012631416320801,4.234344482421875,-0.7036088705062866,-3.7508246898651123,-5.340980529785156,-5.1248273849487305,-4.953193187713623,-3.8205654621124268,-2.9424448013305664,-3.321402072906494,-1.2420315742492676,1.4032511711120605,4.490315914154053,3.3311002254486084,5.380659580230713,3.284907102584839,0.3424740731716156,1.168411135673523,1.2498854398727417,-0.14758364856243134,-1.5063124895095825,-0.9176222085952759,0.18730401992797852,0.2338569164276123
-1.5568453073501587,-1.3776748180389404,-0.6972509026527405,0.15996786952018738,-1.3260210752487183,-3.4150140285491943,-2.486757516860962,1.7891640663146973,0.7701584696769714,-0.4450293481349945,1.0531723499298096,1.952406644821167,1.112176537513733,2.3742873668670654,4.0924811363220215,3.959367513656616,2.278815984725952,2.8674869537353516,3.2247514724731445,3.0872926712036133,2.580655097961426,3.1120877265930176,-0.5063412189483643,-3.330073118209839,-4.042646884918213,-4.306243419647217,-4.565930366516113,-3.676339626312256,-1.824603796005249,-0.31831708550453186,1.9740709066390991,3.6986582279205322,5.413108825683594,3.0472333431243896,5.683981418609619,5.606614589691162,1.887728214263916,1.3614798784255981,1.8684531450271606,0.6290664672851562,-0.8503007888793945,-1.241736650466919,-0.878742516040802,-0.1805563122034073
-2.4233856201171875,-1.4361307621002197,-0.5396668314933777,-0.6390928030014038,-1.8771004676818848,-3.2311654090881348,-1.7727619409561157,1.234639286994934,0.9401232004165649,-0.3494463860988617,-0.5713610649108887,0.5717493295669556,0.08511487394571304,0.8771732449531555,3.2938778400421143,3.6882717609405518,2.173966884613037,2.9427332878112793,4.305616855621338,3.4603121280670166,2.4718058109283447,2.29544997215271,-0.35895439982414246,-3.241755485534668,-3.3360795974731445,-2.9643449783325195,-2.880728006362915,-2.6033411026000977,-0.9177905917167664,1.5429649353027344,3.5488035678863525,3.642688274383545,7.147548675537109,7.330295562744141,3.753223419189453,5.221116542816162,3.2141342163085938,1.8249386548995972,1.5186915397644043,0.968096911907196,0.19578826427459717,0.5138845443725586,0.44871780276298523,-0.5056291818618774
-1.9322352409362793,-1.4094752073287964,-1.2206439971923828,-0.7733542919158936,-2.085658311843872,-2.986067295074463,-2.0340030193328857,0.10723137110471725,1.2480285167694092,0.18162445724010468,-0.8391446471214294,0.40230461955070496,1.0001647472381592,0.7235045433044434,1.860910415649414,2.641998529434204,1.861928105354309,2.794703245162964,4.412520885467529,3.7624223232269287,3.071641206741333,2.4874939918518066,0.2681214213371277,-2.4255688190460205,-2.223461866378784,-1.1383601427078247,-0.936813473701477,-0.9190298318862915,-0.5873361825942993,0.808695375919342,3.592641830444336,3.6544089317321777,5.406592845916748,8.569287300109863,4.342665195465088,3.7075035572052,2.93605637550354,1.1951881647109985,0.6593759059906006,0.5065980553627014,1.0288904905319214,2.168302536010742,3.084925413131714,2.442389488220215
-1.7506057024002075,-1.5529687404632568,-1.542079210281372,-0.8487415909767151,-1.7611087560653687,-2.7214043140411377,-2.5376291275024414,-1.2507569789886475,0.5949323773384094,-0.27921193838119507,-1.383092999458313,1.4460906982421875,2.903689384460449,1.7151323556900024,1.1664263010025024,1.8061180114746094,1.522495150566101,2.4327375888824463,4.305400371551514,4.315800189971924,3.9515602588653564,3.1129934787750244,1.2008463144302368,-1.1541125774383545,-1.2669659852981567,-0.08662451058626175,0.3765735626220703,-0.04236217215657234,-0.48340216279029846,-0.5786038041114807,3.4825735092163086,4.549489498138428,5.515951156616211,6.888484477996826,4.572126865386963,2.7715649604797363,1.6037626266479492,0.37602463364601135,-0.5420209169387817,-0.7143215537071228,1.2402255535125732,2.9333083629608154,4.300985336303711,4.728121757507324
-1.7235926389694214,-1.9223673343658447,-1.2938125133514404,-1.3738787174224854,-2.6930453777313232,-2.5266528129577637,-1.629284143447876,-1.0504554510116577,-0.3408965468406677,-0.007104838266968727,-0.6034529805183411,1.4878534078598022,2.531632423400879,1.3518617153167725,0.6995453238487244,1.380074381828308,1.6029177904129028,2.4729130268096924,4.321633338928223,4.8345417976379395,4.235933303833008,3.1397907733917236,1.5969146490097046,-0.08224169164896011,0.01571471057832241,1.294248104095459,0.9802720546722412,-0.6637024283409119,-0.4714166224002838,1.140511393547058,3.6470577716827393,4.56609582901001,5.904753684997559,6.986186504364014,5.636634349822998,3.0277700424194336,0.6097665429115295,-0.4203982353210449,-1.3213425874710083,-1.3038522005081177,1.3966034650802612,3.5270965099334717,4.79976749420166,5.228114604949951
-1.0417283773422241,-1.2980859279632568,-1.3698546886444092,-2.7647430896759033,-3.993866443634033,-2.248501777648926,-0.3234727084636688,0.004285824950784445,-0.4952874779701233,0.7530015110969543,1.4783481359481812,1.244728684425354,0.6801687479019165,-0.04454410821199417,0.5780706405639648,1.495849847793579,1.6699321269989014,2.5774779319763184,4.430891036987305,4.9771246910095215,3.936863422393799,2.7531614303588867,1.2981418371200562,0.3281455636024475,1.1445083618164062,2.3011279106140137,1.391934871673584,-0.06373707205057144,0.6348565816879272,2.699131488800049,4.129263877868652,4.850106716156006,6.392767429351807,7.896502494812012,7.407487869262695,4.817905426025391,1.5533502101898193,-0.13216741383075714,-0.695336103439331,-0.25993964076042175,2.2737531661987305,4.3820905685424805,5.6887407302856445,5.895244598388672
-0.19885052740573883,-0.8374511003494263,-1.2203073501586914,-2.9086692333221436,-3.948765277862549,-2.167335271835327,0.20418180525302887,0.4026847779750824,-0.055483683943748474,1.0774345397949219,2.0716164112091064,1.1062963008880615,-0.5416105389595032,-0.5193551182746887,1.2013245820999146,1.8472940921783447,1.6361867189407349,2.6927101612091064,4.232683181762695,4.337924957275391,3.494259834289551,2.574254035949707,0.7094635963439941,-0.03883740305900574,1.3571228981018066,2.939176559448242,2.565798759460449,1.6618950366973877,1.8518174886703491,3.280277729034424,4.252496719360352,5.41763162612915,6.878164291381836,7.623989582061768,6.973065376281738,5.233891487121582,2.6960806846618652,0.9090439677238464,0.3197178542613983,1.7495906352996826,4.372992515563965,5.793856143951416,6.779417991638184,6.6715569496154785
0.06312135607004166,-1.2482728958129883,-0.9165909290313721,-1.8145527839660645,-3.157585859298706,-2.179368495941162,-0.21420921385288239,0.6807982325553894,0.5765393376350403,1.1694915294647217,1.510550618171692,0.5243306159973145,-1.1018415689468384,-0.22288645803928375,2.080195426940918,2.5251305103302,2.1401803493499756,2.951174259185791,3.7457516193389893,3.6636760234832764,3.5523526668548584,2.5383546352386475,0.1029321625828743,-0.7198258638381958,0.9832167625427246,3.3013193607330322,4.383042812347412,3.966020345687866,3.3645052909851074,3.8558948040008545,4.8447771072387695,6.270572662353516,7.468068599700928,6.822969436645508,4.605204105377197,3.3147897720336914,2.4612948894500732,1.6616971492767334,1.4948853254318237,3.2352774143218994,5.866971015930176,7.140537738800049,7.448462009429932,6.513394355773926
0.03943442180752754,-1.3031405210494995,-0.82045978307724,-0.739284336566925,-1.8449896574020386,-2.0545148849487305,-0.6616575121879578,1.0348074436187744,1.8145502805709839,2.158017158508301,1.5402934551239014,0.039169035851955414,-1.3149334192276,-0.5077607035636902,2.1629230976104736,3.33027720451355,3.14941143989563,3.283461332321167,3.4553048610687256,3.5549354553222656,3.8948726654052734,2.661566972732544,-0.09245555847883224,-1.0793681144714355,0.5381637215614319,3.199373245239258,5.324038982391357,5.599380970001221,4.762566089630127,4.557762145996094,5.79592752456665,7.7989959716796875,8.623891830444336,6.285403728485107,2.9077954292297363,1.8450734615325928,1.9912875890731812,2.0918521881103516,2.4527089595794678,4.066112995147705,6.153789043426514,7.513001918792725,7.4341254234313965,6.092884540557861
-0.00014950588229112327,-0.542140781879425,-0.1022617295384407,0.2534016966819763,-0.718729555606842,-1.9410834312438965,-1.0167357921600342,1.3957326412200928,3.0488533973693848,2.6644604206085205,1.368101716041565,0.44988203048706055,-0.1517982929944992,-0.9879863262176514,1.4601737260818481,3.9173688888549805,4.050217151641846,3.5497684478759766,3.574169635772705,3.867405891418457,4.305003643035889,3.010253667831421,0.47716018557548523,-0.906247615814209,0.3409571349620819,2.8959598541259766,4.878838062286377,5.393811225891113,4.968114852905273,5.184533596038818,6.9605560302734375,9.339790344238281,9.685927391052246,6.088432312011719,2.1677300930023193,1.50239098072052,2.213850736618042,2.738809585571289,3.140744686126709,4.172189712524414,5.627497673034668,6.90350866317749,6.819171905517578,5.825580596923828
0.8117393851280212,0.9340324401855469,0.813650906085968,0.7740302085876465,-0.08153048157691956,-1.3146932125091553,-0.9196674823760986,1.2316762208938599,2.7978737354278564,2.902817487716675,2.3622992038726807,0.962866485118866,0.07732443511486053,-0.06272568553686142,1.0573773384094238,3.5896031856536865,4.1953229904174805,3.699812889099121,4.017038822174072,4.665913105010986,5.013362407684326,3.607787609100342,1.1340676546096802,-0.35434868931770325,0.31846627593040466,2.2242345809936523,3.53214693069458,3.8034768104553223,3.978522777557373,4.872852802276611,6.9955620765686035,9.273293495178223,9.42738151550293,6.296800136566162,3.396054983139038,2.6185624599456787,3.0782806873321533,3.5333681106567383,3.246293067932129,3.628730058670044,4.7923197746276855,5.997791290283203,6.171875,5.39141845703125
2.1508936882019043,1.7820059061050415,1.2812055349349976,1.2059749364852905,0.7248421907424927,-0.35077017545700073,-0.5895046591758728,0.9043466448783875,2.6590254306793213,3.4456276893615723,3.014796733856201,1.7876304388046265,1.1003087759017944,0.15653176605701447,1.6992698907852173,3.6804072856903076,3.8284904956817627,3.8416571617126465,4.6664018630981445,5.284971714019775,5.155815601348877,3.5488767623901367,1.2851618528366089,0.15015381574630737,0.6379315853118896,1.2117831707000732,1.9980261325836182,2.4369683265686035,3.0741641521453857,4.211470127105713,6.10593318939209,8.086355209350586,8.009025573730469,6.193938255310059,5.341300964355469,4.310847759246826,3.8199079036712646,3.717935085296631,3.240403652191162,3.606149673461914,4.4930500984191895,5.329926013946533,5.541342735290527,5.187905788421631
2.956331729888916,2.0938644409179688,2.0105409622192383,2.034803628921509,1.5329527854919434,0.9605627059936523,0.5466480851173401,1.1700384616851807,2.718639612197876,3.7038846015930176,3.3773207664489746,2.164628505706787,1.2108176946640015,1.4448963403701782,3.040525436401367,3.254199504852295,3.339769124984741,3.855085849761963,4.792175769805908,4.679306507110596,3.9831461906433105,2.8421928882598877,1.6021724939346313,0.9514734745025635,0.8052472472190857,0.5479891300201416,1.672528862953186,2.463364839553833,3.182636022567749,4.055960655212402,5.691932678222656,7.464284420013428,7.207630634307861,5.86335563659668,5.349123001098633,4.591632843017578,3.717768907546997,3.2422001361846924,3.307723045349121,3.930772304534912,4.370070934295654,4.685157299041748,4.923008441925049,5.168938159942627
3.160060405731201,2.6199159622192383,2.9133150577545166,2.7592437267303467,2.407121419906616,2.7494993209838867,2.8221070766448975,2.716546058654785,3.106766700744629,3.4989237785339355,3.4873242378234863,2.710813045501709,1.8375799655914307,2.204454183578491,3.0391108989715576,2.9049346446990967,2.9891693592071533,3.5886263847351074,4.104588031768799,3.5512290000915527,2.8695218563079834,2.659515142440796,2.232851266860962,1.3717477321624756,0.16018041968345642,-0.0596659779548645,1.8097087144851685,3.032045602798462,3.736036777496338,4.273512363433838,5.407632350921631,6.639089584350586,6.422213077545166,5.112285614013672,4.061460971832275,3.8995063304901123,3.6470770835876465,3.1976821422576904,3.4471042156219482,3.717473030090332,3.5179169178009033,3.261319637298584,3.3017537593841553,3.926438093185425
3.383486747741699,3.3832967281341553,3.28963041305542,2.9133460521698,3.4432272911071777,4.696811676025391,5.137349605560303,4.635427951812744,4.024229049682617,3.872781753540039,4.038609027862549,3.8474950790405273,3.0354201793670654,2.375098705291748,2.2913923263549805,2.3102867603302,2.6656174659729004,3.3001651763916016,3.47737193107605,2.8233397006988525,2.4332056045532227,2.506359100341797,1.5536638498306274,0.6779507994651794,-0.4086047410964966,-0.2429312765598297,2.0091233253479004,3.6715283393859863,4.687526702880859,5.16924524307251,5.284827709197998,5.379981994628906,4.97243070602417,3.823716640472412,2.8430402278900146,3.296267509460449,3.8150343894958496,3.6554977893829346,3.4690585136413574,3.1167521476745605,2.469283103942871,1.390256404876709,0.7769969701766968,1.420396089553833
3.641505479812622,3.5221691131591797,3.0418105125427246,3.2245497703552246,4.595989227294922,6.129595756530762,6.640796661376953,6.166446685791016,5.5009050369262695,5.2292938232421875,5.077784538269043,4.651218414306641,3.639585018157959,2.5347042083740234,2.210686206817627,2.537743091583252,2.882924795150757,3.1528401374816895,2.9507534503936768,2.1489098072052,2.1277778148651123,2.4736571311950684,0.6794249415397644,-1.1594634056091309,-0.5028412342071533,0.5505619645118713,2.7129805088043213,4.441030502319336,5.6330246925354,6.11371374130249,5.428212642669678,4.506577968597412,3.6474609375,2.4993069171905518,1.865626573562622,2.50022554397583,3.3265204429626465,3.5142738819122314,3.3148906230926514,2.976816415786743,2.049760580062866,0.09127455949783325,-1.244346022605896,-0.4904720187187195
3.4023804664611816,3.251218557357788,3.3538272380828857,4.369640827178955,5.701192855834961,6.604471683502197,7.120790004730225,7.21645975112915,7.04367208480835,6.625738620758057,6.084942817687988,5.426344871520996,4.529027462005615,3.60550856590271,3.248581647872925,3.5044732093811035,3.3865137100219727,3.0741078853607178,2.618666648864746,1.7098617553710938,1.1174267530441284,1.380734920501709,0.556398332118988,-1.168695092201233,-0.5237359404563904,1.526964545249939,3.3926753997802734,4.781656265258789,5.66452169418335,5.867757797241211,5.042911052703857,3.895796298980713,2.740978479385376,1.3466249704360962,0.6615601778030396,1.0769157409667969,2.1124119758605957,3.0125796794891357,3.5887537002563477,3.4303176403045654,2.1804511547088623,0.1287095546722412,-1.3604146242141724,-0.5629140138626099
3.1094608306884766,3.5287511348724365,4.46917200088501,5.699596405029297,6.5566301345825195,6.880199432373047,7.245523929595947,7.487858295440674,7.473348140716553,7.005588054656982,6.647132396697998,6.651169776916504,6.497474670410156,5.755570411682129,4.906999588012695,4.684463977813721,4.21867036819458,3.5362002849578857,2.8255271911621094,1.6351839303970337,0.2900749146938324,0.18594466149806976,0.7069478631019592,0.20687678456306458,0.06858954578638077,1.6996740102767944,3.172438383102417,4.194396495819092,5.100796222686768,5.299435138702393,4.869691848754883,3.97845458984375,2.5824239253997803,0.7813736200332642,-0.3722093999385834,-0.19211117923259735,1.008568525314331,2.3165090084075928,3.077737331390381,3.047757148742676,2.464203357696533,1.6767418384552002,0.7317591905593872,0.9663139581680298
