data/wind_data/wind_60_3.json
{"header": {"parameterUnit": "KT", "parameterCategory": 2, "nx": 256, "ny": 198, "lo1": 44.73521041870117, "la1": -3.236724853515625, "lo2": 111.26478576660156, "la2": 43.468475341796875, "dx": 0.2609002888202667, "dy": -0.23708222806453705, "refTime": "2025-02-21 12:00:00", "forecastTime": 0, "parameterNumber": 2, "parameterNumberName": "eastward_wind"}, "data":
[rows 57 to 75 of 198, columns 132 to 175 of 256]
-19.616247177124023,-19.479108810424805,-19.48186683654785,-19.52570915222168,-19.730043411254883,-19.908348083496094,-20.365692138671875,-20.828224182128906,-21.330791473388672,-21.556413650512695,-21.88191032409668,-22.024892807006836,-22.29460334777832,-22.373477935791016,-22.424476623535156,-22.168546676635742,-21.75676727294922,-21.241313934326172,-20.718469619750977,-20.098247528076172,-19.303619384765625,-18.676856994628906,-18.171009063720703,-17.593170166015625,-16.832365036010742,-15.927664756774902,-14.854715347290039,-14.0424165725708,-13.66558837890625,-13.713687896728516,-13.786466598510742,-13.406706809997559,-13.14888858795166,-13.26219654083252,-13.759992599487305,-14.486994743347168,-14.980669975280762,-14.83293342590332,-14.085970878601074,-13.231221199035645,-12.859585762023926,-13.523776054382324,-15.456262588500977,-17.635351181030273
-19.151060104370117,-19.189008712768555,-19.323572158813477,-19.32319450378418,-19.706466674804688,-19.975393295288086,-19.88397789001465,-19.749174118041992,-19.752635955810547,-19.860124588012695,-20.301618576049805,-20.435836791992188,-20.68231201171875,-20.666980743408203,-21.000530242919922,-21.179059982299805,-21.061092376708984,-20.762727737426758,-20.441810607910156,-20.05486488342285,-19.494686126708984,-18.968441009521484,-18.436738967895508,-17.818775177001953,-17.11750030517578,-16.38055992126465,-15.598445892333984,-14.580615043640137,-13.834878921508789,-13.434021949768066,-13.300858497619629,-12.933204650878906,-12.718668937683105,-12.971537590026855,-13.429917335510254,-13.845500946044922,-14.181936264038086,-14.110968589782715,-13.487008094787598,-12.69902229309082,-12.171483993530273,-12.212535858154297,-13.054615020751953,-14.628132820129395
-18.924169540405273,-18.362499237060547,-18.330015182495117,-18.753131866455078,-19.814128875732422,-20.64777183532715,-20.377647399902344,-19.74079132080078,-19.30267906188965,-19.040828704833984,-19.139442443847656,-19.315139770507812,-19.176193237304688,-19.03658103942871,-19.230134963989258,-19.553483963012695,-19.74991798400879,-19.69736099243164,-19.659563064575195,-19.472257614135742,-18.983116149902344,-18.58301544189453,-18.28252601623535,-17.863800048828125,-17.356433868408203,-16.665027618408203,-16.0439395904541,-15.148218154907227,-14.08313274383545,-13.129385948181152,-12.597774505615234,-12.230884552001953,-11.910856246948242,-12.075352668762207,-12.601924896240234,-12.889447212219238,-13.02523422241211,-13.172897338867188,-13.063182830810547,-12.62212085723877,-12.075495719909668,-11.706586837768555,-11.691458702087402,-12.186341285705566
-18.93118667602539,-17.86891746520996,-16.772323608398438,-16.99199104309082,-18.71825408935547,-20.5095272064209,-21.131940841674805,-20.564029693603516,-20.069293975830078,-19.642412185668945,-19.414249420166016,-19.307762145996094,-19.06401824951172,-18.803518295288086,-18.568349838256836,-18.443115234375,-18.350862503051758,-18.456262588500977,-18.819869995117188,-18.920621871948242,-18.483936309814453,-17.988439559936523,-17.706180572509766,-17.46312141418457,-17.13947105407715,-16.662702560424805,-16.160999298095703,-15.485697746276855,-14.44079875946045,-13.053958892822266,-11.94046401977539,-11.272111892700195,-11.020712852478027,-11.052128791809082,-11.462645530700684,-11.967313766479492,-12.202404022216797,-12.359920501708984,-12.539310455322266,-12.479881286621094,-12.104721069335938,-11.618753433227539,-11.144576072692871,-10.799602508544922
-18.376497268676758,-17.748064041137695,-16.0445499420166,-15.278910636901855,-16.82608413696289,-18.563758850097656,-20.283689498901367,-20.37096405029297,-20.718259811401367,-20.504343032836914,-20.317108154296875,-20.06280517578125,-19.80352020263672,-19.495933532714844,-18.830495834350586,-18.218828201293945,-17.733524322509766,-17.75480842590332,-18.026037216186523,-18.328554153442383,-18.299299240112305,-17.86859130859375,-17.291282653808594,-16.940149307250977,-16.682147979736328,-16.38205909729004,-15.95627212524414,-15.37748908996582,-14.554563522338867,-13.410099983215332,-12.05638313293457,-10.826395988464355,-10.060442924499512,-9.945240020751953,-10.249466896057129,-10.753493309020996,-11.332717895507812,-11.7067232131958,-11.911519050598145,-11.951608657836914,-11.69813346862793,-11.202046394348145,-10.677631378173828,-10.173937797546387
-17.44232177734375,-17.146448135375977,-15.853670120239258,-15.004615783691406,-15.39529800415039,-16.080873489379883,-17.611162185668945,-18.456132888793945,-19.869041442871094,-20.142091751098633,-20.40182876586914,-20.250205993652344,-19.842350006103516,-19.700231552124023,-19.155118942260742,-18.682058334350586,-18.083295822143555,-17.736352920532227,-17.645259857177734,-17.77554702758789,-17.988208770751953,-17.815031051635742,-17.16014289855957,-16.681394577026367,-16.151336669921875,-15.885246276855469,-15.567615509033203,-15.186454772949219,-14.569746017456055,-13.696497917175293,-12.605447769165039,-11.420988082885742,-10.208884239196777,-9.365184783935547,-9.306654930114746,-9.726776123046875,-10.264997482299805,-10.821023941040039,-11.097248077392578,-11.06291389465332,-10.81067180633545,-10.334085464477539,-9.780630111694336,-9.327032089233398
-15.350555419921875,-15.649962425231934,-15.447027206420898,-15.322084426879883,-15.351046562194824,-14.9962158203125,-15.139887809753418,-16.347427368164062,-17.49728775024414,-18.296497344970703,-18.86345863342285,-19.31202507019043,-19.00424575805664,-18.894119262695312,-18.71396255493164,-18.280834197998047,-17.867162704467773,-17.43474006652832,-17.39601707458496,-17.270835876464844,-17.437049865722656,-17.35187530517578,-17.07339859008789,-16.547407150268555,-15.944644927978516,-15.418548583984375,-15.072134971618652,-14.800924301147461,-14.466565132141113,-13.846267700195312,-12.968401908874512,-12.020411491394043,-10.94022274017334,-9.772555351257324,-8.976862907409668,-8.90145492553711,-9.25637435913086,-9.674720764160156,-9.970934867858887,-9.938162803649902,-9.70134449005127,-9.374034881591797,-8.886829376220703,-8.358070373535156
-12.969968795776367,-13.683998107910156,-14.474797248840332,-15.076061248779297,-15.1685209274292,-14.939645767211914,-14.95602798461914,-15.088220596313477,-15.413655281066895,-16.14255142211914,-16.962108612060547,-17.45819664001465,-17.659175872802734,-17.80359649658203,-17.719043731689453,-17.424877166748047,-16.969791412353516,-16.74593162536621,-16.739126205444336,-16.456377029418945,-16.57640266418457,-16.590864181518555,-16.59169578552246,-16.395652770996094,-15.920026779174805,-15.22805404663086,-14.714296340942383,-14.352595329284668,-14.168736457824707,-13.739054679870605,-13.144073486328125,-12.32871150970459,-11.36432933807373,-10.268550872802734,-9.146998405456543,-8.394838333129883,-8.246166229248047,-8.444785118103027,-8.673076629638672,-8.768587112426758,-8.694021224975586,-8.51214599609375,-8.188325881958008,-7.697410583496094
-12.122330665588379,-13.158194541931152,-14.12912654876709,-14.596306800842285,-14.760443687438965,-15.11764907836914,-15.053183555603027,-14.655214309692383,-14.39876651763916,-14.836821556091309,-15.487130165100098,-15.956631660461426,-16.365734100341797,-16.613561630249023,-16.70012855529785,-16.751110076904297,-16.40314292907715,-16.37077522277832,-15.954997062683105,-15.547032356262207,-15.382452964782715,-15.3897705078125,-15.600679397583008,-15.869816780090332,-15.835248947143555,-15.311168670654297,-14.754983901977539,-14.237937927246094,-13.885069847106934,-13.492884635925293,-12.979997634887695,-12.383209228515625,-11.535400390625,-10.487524032592773,-9.332254409790039,-8.223865509033203,-7.441683769226074,-7.206250190734863,-7.362733840942383,-7.659499168395996,-7.860371112823486,-7.823939800262451,-7.575974464416504,-7.225901126861572
-12.570852279663086,-13.523359298706055,-14.363381385803223,-14.460887908935547,-14.257797241210938,-14.723528861999512,-15.046868324279785,-14.68098258972168,-14.40650749206543,-14.252928733825684,-14.639628410339355,-14.989360809326172,-15.528219223022461,-16.047229766845703,-16.302940368652344,-16.275419235229492,-16.034496307373047,-15.959451675415039,-15.586153984069824,-15.045958518981934,-14.566452026367188,-14.460617065429688,-14.591034889221191,-14.866215705871582,-15.089056015014648,-15.09919261932373,-14.785773277282715,-14.319293975830078,-13.835637092590332,-13.42204761505127,-12.736989974975586,-12.0407075881958,-11.278738975524902,-10.376386642456055,-9.308968544006348,-8.127303123474121,-6.961519241333008,-6.228878974914551,-6.232822895050049,-6.747830867767334,-7.156746864318848,-7.140477180480957,-6.8751373291015625,-6.59226131439209
-13.179112434387207,-13.628422737121582,-13.996264457702637,-14.014253616333008,-13.71963882446289,-14.168744087219238,-14.79227066040039,-14.388139724731445,-14.399789810180664,-14.211569786071777,-14.24379825592041,-14.401732444763184,-14.91581916809082,-15.410041809082031,-15.685798645019531,-15.740874290466309,-15.624224662780762,-15.418511390686035,-15.135774612426758,-14.806803703308105,-14.440629959106445,-14.062506675720215,-13.951086044311523,-14.09116268157959,-14.280317306518555,-14.399840354919434,-14.49355411529541,-14.170919418334961,-13.631143569946289,-13.190196990966797,-12.574848175048828,-11.739843368530273,-10.751248359680176,-9.776435852050781,-8.853178977966309,-7.802966594696045,-6.5943169593811035,-5.597415924072266,-5.3729472160339355,-5.953973293304443,-6.521553039550781,-6.433225631713867,-6.042415618896484,-5.7723846435546875
-13.224698066711426,-13.34440803527832,-13.518289566040039,-13.531343460083008,-13.388188362121582,-13.79568862915039,-14.119002342224121,-13.997849464416504,-13.859662055969238,-14.137568473815918,-14.139760971069336,-14.056023597717285,-14.36594009399414,-14.596467018127441,-14.804707527160645,-14.925777435302734,-14.800982475280762,-14.645499229431152,-14.523088455200195,-14.426780700683594,-14.231398582458496,-13.848555564880371,-13.53818416595459,-13.543222427368164,-13.72864055633545,-13.94636058807373,-14.053801536560059,-13.86694622039795,-13.431600570678711,-12.698711395263672,-11.94084358215332,-11.199542999267578,-10.3004789352417,-9.2105131149292,-8.111834526062012,-7.109888553619385,-6.189826965332031,-5.39730978012085,-4.977070331573486,-5.11514139175415,-5.548343658447266,-5.635884761810303,-5.2521796226501465,-4.929535865783691
-12.775439262390137,-12.492788314819336,-12.871991157531738,-13.079898834228516,-12.894577980041504,-12.999820709228516,-13.4763765335083,-13.549389839172363,-13.308682441711426,-13.323038101196289,-13.509496688842773,-13.67772388458252,-13.952003479003906,-13.828168869018555,-13.7548828125,-13.669207572937012,-13.711771011352539,-13.653908729553223,-13.667450904846191,-13.767721176147461,-13.742225646972656,-13.527067184448242,-13.127967834472656,-12.968120574951172,-13.133366584777832,-13.39384937286377,-13.765954971313477,-13.872426986694336,-13.517236709594727,-12.586457252502441,-11.415321350097656,-10.300434112548828,-9.375967979431152,-8.484503746032715,-7.534859657287598,-6.586615085601807,-5.820938587188721,-5.33749532699585,-4.954729080200195,-4.564078330993652,-4.3657546043396,-4.456016540527344,-4.464703559875488,-4.226944923400879
-11.362505912780762,-11.238715171813965,-11.876554489135742,-12.180245399475098,-12.046157836914062,-12.125865936279297,-12.579648971557617,-12.910355567932129,-12.818136215209961,-12.590975761413574,-12.4946870803833,-12.890892028808594,-13.1047945022583,-12.894091606140137,-12.58296012878418,-12.501861572265625,-12.505111694335938,-12.498357772827148,-12.599233627319336,-12.801042556762695,-12.90363883972168,-12.753081321716309,-12.462979316711426,-12.18441390991211,-12.298261642456055,-12.698415756225586,-13.31080436706543,-13.813231468200684,-13.789286613464355,-12.973122596740723,-11.58349895477295,-10.015295028686523,-8.643719673156738,-7.618340015411377,-6.916317939758301,-6.359830379486084,-5.793741226196289,-5.308307647705078,-4.8670783042907715,-4.258029937744141,-3.5878567695617676,-3.234951972961426,-3.2534353733062744,-3.3426296710968018
-9.344476699829102,-10.273395538330078,-10.932628631591797,-11.165778160095215,-10.988186836242676,-11.320290565490723,-12.082772254943848,-12.51565933227539,-12.318221092224121,-12.134740829467773,-11.912317276000977,-11.925026893615723,-11.946332931518555,-11.681962013244629,-11.503005027770996,-11.554727554321289,-11.537237167358398,-11.360330581665039,-11.589698791503906,-11.685827255249023,-11.696769714355469,-11.610930442810059,-11.44827938079834,-11.325906753540039,-11.475893020629883,-12.004325866699219,-12.673257827758789,-13.08622932434082,-13.114886283874512,-12.615429878234863,-11.642383575439453,-10.258727073669434,-8.81017017364502,-7.523265838623047,-6.606516361236572,-6.175527572631836,-5.854874610900879,-5.335038185119629,-4.720714569091797,-4.049345970153809,-3.2505271434783936,-2.5184760093688965,-2.090265989303589,-1.966115117073059
-7.432144641876221,-9.422247886657715,-10.085593223571777,-10.165607452392578,-9.951038360595703,-10.368473052978516,-11.158207893371582,-11.930808067321777,-12.058303833007812,-11.79228687286377,-11.55369758605957,-11.301076889038086,-10.970288276672363,-10.487467765808105,-10.196495056152344,-10.22643756866455,-10.369340896606445,-10.54733943939209,-10.654293060302734,-10.551517486572266,-10.371002197265625,-10.200639724731445,-10.139622688293457,-10.260440826416016,-10.703815460205078,-11.391133308410645,-11.818359375,-11.76579475402832,-11.311214447021484,-10.710814476013184,-10.087197303771973,-9.506484031677246,-8.802896499633789,-7.940864562988281,-6.881717205047607,-6.102855205535889,-5.748946666717529,-5.333745002746582,-4.651345252990723,-3.8967297077178955,-3.1676831245422363,-2.366440773010254,-1.5371049642562866,-0.8737817406654358
-4.776792049407959,-7.8535919189453125,-8.585309028625488,-8.884532928466797,-8.979228973388672,-9.574009895324707,-9.89063549041748,-10.679372787475586,-11.051667213439941,-10.943172454833984,-11.035426139831543,-10.731569290161133,-10.11575698852539,-9.279871940612793,-8.913900375366211,-9.072883605957031,-9.4015474319458,-9.550527572631836,-9.670490264892578,-9.529332160949707,-9.185647010803223,-8.797269821166992,-8.783034324645996,-8.954816818237305,-9.5528564453125,-10.259450912475586,-10.577865600585938,-10.170409202575684,-9.228721618652344,-8.381712913513184,-7.780853748321533,-7.546230792999268,-7.546029567718506,-7.5611796379089355,-7.129936695098877,-6.31187105178833,-5.591335296630859,-5.072850704193115,-4.591411590576172,-3.979207754135132,-3.2413411140441895,-2.442350387573242,-1.517560601234436,-0.5013247132301331
-1.1155930757522583,-4.4398603439331055,-5.3346428871154785,-6.484236240386963,-7.650745868682861,-8.640543937683105,-8.496331214904785,-9.437682151794434,-9.512605667114258,-9.200972557067871,-9.885038375854492,-10.082343101501465,-9.335051536560059,-8.042387008666992,-7.5597710609436035,-7.771385192871094,-8.181913375854492,-8.40149974822998,-8.507436752319336,-8.378825187683105,-8.042158126831055,-7.642854690551758,-7.4610209465026855,-7.619654655456543,-8.065282821655273,-8.533961296081543,-8.844137191772461,-8.52282428741455,-7.81650972366333,-6.856503963470459,-6.591737747192383,-6.444510459899902,-6.409733772277832,-6.43317174911499,-6.545359134674072,-6.304751873016357,-5.636318683624268,-4.821267127990723,-4.185302257537842,-3.871452808380127,-3.4213156700134277,-2.6814827919006348,-1.772522211074829,-0.7281416654586792
1.0767282247543335,-1.0128897428512573,-2.720571517944336,-4.3951897621154785,-5.876182556152344,-6.902573585510254,-6.9685139656066895,-8.189384460449219,-7.303906440734863,-6.878989219665527,-7.618549823760986,-8.81592082977295,-8.542218208312988,-7.075115203857422,-6.16512393951416,-6.071530342102051,-6.615416526794434,-7.300136566162109,-7.3325514793396,-7.020064353942871,-6.657908916473389,-6.373682022094727,-6.186867713928223,-6.283356666564941,-6.581961154937744,-6.849825859069824,-7.0371904373168945,-7.096597194671631,-6.96008825302124,-6.329556465148926,-6.228540897369385,-6.475080490112305,-6.542682647705078,-6.143017292022705,-5.805102348327637,-5.7780537605285645,-5.4083251953125,-4.680340766906738,-3.6845521926879883,-3.0746850967407227,-3.0016980171203613,-2.8401403427124023,-2.2640323638916016,-1.300877571105957
