data/wind_data/wind_Surface_5.json
{"header": {"parameterUnit": "KT", "parameterCategory": 2, "nx": 255, "ny": 198, "lo1": 44.73521041870117, "la1": -3.236724853515625, "lo2": 111.26478576660156, "la2": 43.468475341796875, "dx": 0.26192745566368103, "dy": -0.23708222806453705, "refTime": "2025-02-19 05:00:00", "forecastTime": 0, "parameterNumber": 3, "parameterNumberName": "northward_wind"}, "data":
[rows 0 to 18 of 198, columns 172 to 214 of 255]
-4.59458589553833,-4.694340229034424,-4.732308864593506,-4.726652145385742,-4.736804008483887,-4.639652252197266,-4.362496376037598,-4.1040496826171875,-3.908473014831543,-3.876836061477661,-3.956491708755493,-4.196688175201416,-4.459198474884033,-4.328703880310059,-3.9350013732910156,-3.637854814529419,-3.4784135818481445,-3.6015069484710693,-3.6761038303375244,-3.4920196533203125,-3.3624792098999023,-3.3487627506256104,-3.474736213684082,-3.799903631210327,-4.220390319824219,-4.654731273651123,-4.864297389984131,-4.849368095397949,-5.047616958618164,-5.41943359375,-5.679460048675537,-5.835864067077637,-5.923813819885254,-6.0079240798950195,-6.240261554718018,-6.611217021942139,-7.058738708496094,-7.5815277099609375,-7.783089637756348,-7.901323318481445,-7.695013999938965,-8.368034362792969,-9.261855125427246
-5.114014625549316,-5.220081806182861,-5.315524101257324,-5.361472129821777,-5.456446170806885,-5.483046054840088,-5.33697509765625,-5.150763034820557,-4.9548726081848145,-4.953014373779297,-5.0728936195373535,-5.23729133605957,-5.435492515563965,-5.3210296630859375,-4.971681118011475,-4.8917155265808105,-4.971132278442383,-4.864308834075928,-4.578733921051025,-4.371475696563721,-4.297123908996582,-4.259324073791504,-4.471973419189453,-5.063401699066162,-5.585617542266846,-5.859516143798828,-6.024918556213379,-6.05365514755249,-6.144510269165039,-6.174734115600586,-6.253800868988037,-6.323173999786377,-6.405064105987549,-6.476532459259033,-6.765982627868652,-7.431387424468994,-7.916081428527832,-8.55843734741211,-9.048239707946777,-9.119370460510254,-6.916432857513428,-8.581120491027832,-9.354571342468262
-5.929301738739014,-6.145366668701172,-6.062076091766357,-5.973415851593018,-6.140255451202393,-6.370849609375,-6.471994400024414,-6.415512561798096,-6.21256160736084,-6.135244369506836,-6.141128063201904,-6.08243465423584,-6.208472728729248,-6.277160167694092,-6.159304618835449,-6.194704532623291,-6.34359884262085,-6.172567367553711,-5.8087053298950195,-5.682859897613525,-5.6532206535339355,-5.704074382781982,-6.012203693389893,-6.265428066253662,-6.371936321258545,-6.416530132293701,-6.617557048797607,-6.729092597961426,-6.620212078094482,-6.36171817779541,-6.439126968383789,-6.772961139678955,-7.186242580413818,-7.4250288009643555,-7.566196918487549,-8.065366744995117,-8.43006706237793,-8.915026664733887,-9.610844612121582,-9.359296798706055,-9.478333473205566,-9.269450187683105,-7.832885265350342
-7.086609840393066,-7.1544365882873535,-6.867545127868652,-6.7850661277771,-7.192240238189697,-7.687554836273193,-8.01392936706543,-8.109245300292969,-7.8003082275390625,-7.400473594665527,-6.804082870483398,-6.587207317352295,-7.1710205078125,-7.671768665313721,-7.73315954208374,-7.957976818084717,-8.338083267211914,-8.257384300231934,-7.795334815979004,-7.490929126739502,-7.286179065704346,-7.263991355895996,-7.541308879852295,-7.140536785125732,-6.870245933532715,-6.9186272621154785,-7.329402923583984,-7.711810111999512,-7.469852447509766,-7.254372596740723,-7.443977355957031,-8.118349075317383,-8.865279197692871,-9.160935401916504,-8.990644454956055,-8.677592277526855,-8.644603729248047,-9.452719688415527,-10.64601993560791,-10.53906536102295,-10.056640625,-8.813380241394043,-5.618757724761963
-7.309655666351318,-7.32064151763916,-7.48475456237793,-7.554205894470215,-7.702793121337891,-7.855723857879639,-8.321134567260742,-8.838714599609375,-8.654467582702637,-8.336177825927734,-7.896100044250488,-8.08740234375,-8.616412162780762,-8.711956024169922,-8.468494415283203,-8.450993537902832,-8.48660945892334,-8.260713577270508,-7.935188293457031,-7.73496675491333,-7.783687114715576,-7.887354850769043,-7.627201080322266,-6.7500128746032715,-6.608617782592773,-6.869498252868652,-7.387356758117676,-8.235116004943848,-8.450254440307617,-8.68300724029541,-8.765576362609863,-9.101410865783691,-9.59836196899414,-9.632235527038574,-9.67750072479248,-8.039020538330078,-6.629631519317627,-9.234848022460938,-10.754919052124023,-10.417916297912598,-9.14493465423584,-7.460887908935547,-4.593783855438232
-7.32952356338501,-7.774312496185303,-8.032171249389648,-7.88165807723999,-7.708005905151367,-7.9424729347229,-8.360445976257324,-8.552160263061523,-8.70665168762207,-8.631781578063965,-8.899691581726074,-9.601473808288574,-9.786442756652832,-9.403477668762207,-8.939654350280762,-8.322150230407715,-7.933779239654541,-7.585562229156494,-7.243817329406738,-7.095529079437256,-7.186433792114258,-7.154240131378174,-6.903865814208984,-7.160360813140869,-7.265600204467773,-7.0945916175842285,-7.318422317504883,-8.03680419921875,-8.32896900177002,-8.476996421813965,-8.42050552368164,-8.537193298339844,-8.705015182495117,-8.916407585144043,-9.31068229675293,-5.706761837005615,-3.745107412338257,-8.869815826416016,-9.980057716369629,-9.572003364562988,-8.40056037902832,-5.346321105957031,-2.540543556213379
-8.155457496643066,-8.432994842529297,-8.309103965759277,-8.095209121704102,-8.142485618591309,-8.44942569732666,-8.395219802856445,-8.224824905395508,-8.643125534057617,-8.909316062927246,-9.040273666381836,-9.216832160949707,-9.317020416259766,-9.411672592163086,-9.438127517700195,-8.949982643127441,-8.40115737915039,-7.990158557891846,-7.416599750518799,-6.820246696472168,-6.571652412414551,-6.39380407333374,-6.555424213409424,-7.255697250366211,-7.5704450607299805,-7.444945335388184,-7.473698616027832,-7.605946063995361,-7.68570613861084,-7.792470455169678,-7.970417022705078,-8.0672607421875,-7.978333473205566,-8.916097640991211,-8.013192176818848,-5.165953636169434,-6.708836078643799,-9.995650291442871,-9.731575965881348,-8.870593070983887,-7.445250034332275,-1.7626484632492065,-0.6264246702194214
-8.942554473876953,-8.6642484664917,-8.658218383789062,-8.846668243408203,-9.002908706665039,-8.856780052185059,-8.460782051086426,-8.44993782043457,-8.72459888458252,-9.139086723327637,-9.407915115356445,-9.151604652404785,-8.898916244506836,-8.946159362792969,-8.884305953979492,-8.858333587646484,-8.419859886169434,-7.844890117645264,-7.340956687927246,-6.900763034820557,-6.699511528015137,-6.5703301429748535,-6.479092597961426,-6.395267009735107,-6.72864294052124,-7.073805332183838,-7.1810760498046875,-7.159743309020996,-7.381356239318848,-7.948474407196045,-8.252716064453125,-8.202898025512695,-7.988579273223877,-8.958593368530273,-5.540897369384766,-4.846553325653076,-9.625154495239258,-9.556102752685547,-8.371211051940918,-7.341263771057129,-5.646657943725586,1.2023143768310547,-0.7314298152923584
-9.164993286132812,-9.018322944641113,-9.010162353515625,-9.240400314331055,-9.513339042663574,-9.537138938903809,-9.246044158935547,-8.856513023376465,-8.667426109313965,-8.797517776489258,-9.249692916870117,-9.417003631591797,-9.337015151977539,-9.03510856628418,-8.557470321655273,-8.14442253112793,-7.8194684982299805,-7.408819675445557,-7.065455913543701,-6.853309154510498,-6.621258735656738,-6.396901607513428,-6.193232536315918,-6.268076419830322,-6.432033061981201,-6.515811443328857,-6.515228271484375,-6.5208916664123535,-6.723831653594971,-7.231634616851807,-7.516519546508789,-7.766474723815918,-7.952942848205566,-8.044382095336914,-5.8258562088012695,-5.895963668823242,-7.771786689758301,-7.54030704498291,-6.195328712463379,-5.113371849060059,-3.6150426864624023,-1.8786075115203857,-2.7844083309173584
-8.75294303894043,-8.893095970153809,-8.923742294311523,-8.932363510131836,-9.081317901611328,-9.31529426574707,-9.42264175415039,-9.149676322937012,-8.757925033569336,-8.679977416992188,-8.707182884216309,-8.740833282470703,-9.16805362701416,-8.480780601501465,-7.805956840515137,-7.393368721008301,-7.225413799285889,-7.015745639801025,-6.619789123535156,-6.329502105712891,-6.207736015319824,-6.1085309982299805,-5.990884780883789,-6.041186809539795,-6.0390944480896,-5.914804458618164,-5.7648749351501465,-5.703984260559082,-5.895938873291016,-6.425670623779297,-6.654053211212158,-7.140128135681152,-7.650853633880615,-6.907899379730225,-7.825989723205566,-8.483041763305664,-7.270984172821045,-5.682252883911133,-4.148543357849121,-1.511453628540039,-1.4209340810775757,-4.28524112701416,-3.9144821166992188
-8.438301086425781,-8.580674171447754,-8.829845428466797,-9.02724838256836,-9.025430679321289,-9.16887092590332,-9.446170806884766,-9.502328872680664,-9.126822471618652,-8.668998718261719,-8.368840217590332,-7.828630447387695,-8.219564437866211,-7.5126566886901855,-6.932034015655518,-6.962179660797119,-7.059325218200684,-7.000912189483643,-6.713456153869629,-6.478785037994385,-6.525180816650391,-6.470524311065674,-6.267534255981445,-6.00486946105957,-5.705950736999512,-5.427923202514648,-5.355650424957275,-5.410174369812012,-5.633514404296875,-6.024120330810547,-6.427016258239746,-6.931275844573975,-7.596527576446533,-5.687302112579346,-5.9988298416137695,-6.952275276184082,-4.852822303771973,-4.108678817749023,-2.784848690032959,2.524766445159912,0.3185833692550659,-3.084139108657837,-1.3769625425338745
-8.335626602172852,-8.479409217834473,-8.70112133026123,-9.149497032165527,-9.514588356018066,-9.335224151611328,-8.989462852478027,-8.823366165161133,-8.617076873779297,-8.134220123291016,-7.948617935180664,-7.46124267578125,-6.500887393951416,-6.5927019119262695,-6.7855916023254395,-6.779353618621826,-6.709107398986816,-6.6284637451171875,-6.483639240264893,-6.466780662536621,-6.630928993225098,-6.668092727661133,-6.4063496589660645,-5.813270092010498,-5.184431076049805,-4.829728126525879,-4.975893974304199,-5.260034084320068,-5.536778450012207,-5.674078464508057,-6.243217945098877,-6.559022903442383,-7.207975387573242,-4.812514305114746,-6.48789119720459,-7.112926959991455,-4.187392234802246,-2.3168740272521973,-0.9578210115432739,1.4707363843917847,-1.6649833917617798,-3.633716583251953,-2.2631421089172363
-8.340030670166016,-8.50837230682373,-8.47411823272705,-8.571985244750977,-8.870760917663574,-8.582144737243652,-7.899539947509766,-7.731398105621338,-7.801767349243164,-7.554004669189453,-7.849114894866943,-7.703660011291504,-6.7177653312683105,-6.86458683013916,-7.100581169128418,-6.970160007476807,-6.573664665222168,-6.2390923500061035,-6.079374313354492,-6.063076496124268,-6.0237627029418945,-6.001828670501709,-5.848623275756836,-5.356775283813477,-4.705076217651367,-4.3976545333862305,-4.550704002380371,-4.8089470863342285,-5.119534015655518,-5.615574359893799,-6.030861854553223,-5.864089488983154,-6.357340335845947,-6.380100250244141,-6.971785068511963,-5.92446756362915,-2.2294719219207764,0.47377800941467285,2.365262269973755,-1.7698438167572021,-4.968831539154053,-4.3386311531066895,-4.4273600578308105
-8.43567180633545,-8.747725486755371,-8.674053192138672,-8.356433868408203,-8.087532043457031,-8.11876392364502,-8.302757263183594,-8.386275291442871,-8.054668426513672,-7.875316619873047,-7.709705829620361,-7.9591875076293945,-8.108197212219238,-7.9165263175964355,-7.8496785163879395,-7.72282075881958,-7.1713643074035645,-6.34906530380249,-5.8139519691467285,-5.623308181762695,-5.309851169586182,-4.9584550857543945,-4.704365253448486,-4.547369003295898,-4.363068580627441,-4.272384166717529,-4.246151924133301,-4.26954984664917,-4.707108974456787,-5.485342979431152,-5.606066703796387,-4.984242916107178,-6.001343250274658,-7.219272136688232,-6.784232139587402,-5.009592056274414,0.21721753478050232,2.540515661239624,1.9678888320922852,-3.520376205444336,-4.665040493011475,-3.100862503051758,-2.9976398944854736
-8.760143280029297,-9.216903686523438,-9.284358024597168,-9.079385757446289,-8.554424285888672,-8.944172859191895,-9.854133605957031,-9.838022232055664,-9.168478012084961,-8.829141616821289,-8.288168907165527,-8.364401817321777,-8.41501522064209,-8.257951736450195,-8.17364501953125,-7.97189998626709,-7.624095439910889,-6.781773090362549,-5.841983318328857,-5.426695823669434,-5.181332588195801,-4.74357271194458,-4.158718109130859,-3.912487030029297,-4.035403728485107,-4.147927761077881,-3.8988449573516846,-3.767062187194824,-4.165255546569824,-4.624833583831787,-3.763728380203247,-3.959671974182129,-6.181660175323486,-7.331528186798096,-6.29629373550415,-4.540609836578369,-0.8615138530731201,0.6974495053291321,-2.083383321762085,-4.948915004730225,-3.3710458278656006,-1.930155634880066,-1.2341833114624023
-8.895455360412598,-9.287423133850098,-9.591102600097656,-9.826951026916504,-9.749553680419922,-9.79337215423584,-10.161728858947754,-9.97811508178711,-9.733847618103027,-9.315186500549316,-9.009692192077637,-8.739190101623535,-8.747346878051758,-8.709798812866211,-8.363162994384766,-7.697874069213867,-7.293105125427246,-6.920282363891602,-6.314880847930908,-5.752560138702393,-5.445045471191406,-5.121721267700195,-4.507945537567139,-3.943512439727783,-3.8615474700927734,-3.9816153049468994,-3.7161951065063477,-3.625537395477295,-3.7935705184936523,-3.4031174182891846,-1.2594165802001953,-3.77498722076416,-6.144870758056641,-6.489866733551025,-5.341700077056885,-3.4579384326934814,-3.0133204460144043,-4.1007914543151855,-4.773714542388916,-5.374861717224121,-3.397839069366455,-2.2118875980377197,-1.8436152935028076
-8.51282787322998,-8.748425483703613,-9.235490798950195,-9.708443641662598,-10.0660400390625,-9.886765480041504,-9.584175109863281,-9.365983009338379,-9.415698051452637,-9.339000701904297,-9.099115371704102,-9.073309898376465,-9.172930717468262,-9.310853004455566,-9.013143539428711,-8.312983512878418,-7.674397945404053,-7.361761569976807,-6.9826741218566895,-6.363183498382568,-5.675659656524658,-5.221713066101074,-4.952765941619873,-4.408466339111328,-3.959686279296875,-3.9511468410491943,-3.940124750137329,-3.7977426052093506,-3.694681406021118,-1.462603211402893,-2.4194161891937256,-4.589340686798096,-5.45238733291626,-4.994401931762695,-3.5150203704833984,-1.4727897644042969,-3.965463638305664,-7.030431270599365,-5.2190656661987305,-4.214644908905029,-3.2556092739105225,-2.3664536476135254,-2.0841526985168457
-8.035321235656738,-8.198823928833008,-8.368630409240723,-8.782146453857422,-9.132227897644043,-8.976862907409668,-8.74201488494873,-8.712409973144531,-8.897153854370117,-9.187175750732422,-9.392058372497559,-9.650321006774902,-9.809836387634277,-9.958542823791504,-9.842244148254395,-9.436132431030273,-8.684544563293457,-8.241997718811035,-7.705200672149658,-6.599945068359375,-5.370120525360107,-4.675604820251465,-4.576744079589844,-4.442574977874756,-4.2358598709106445,-4.125008583068848,-4.121243953704834,-4.101406574249268,-3.657473564147949,-3.4014127254486084,-4.683913707733154,-4.13348388671875,-3.9297361373901367,-3.1405422687530518,-1.589694857597351,-0.18915952742099762,-2.2128283977508545,-4.052331447601318,-4.093358516693115,-2.6420867443084717,-1.9210327863693237,-1.8639451265335083,-1.4492573738098145
-7.646474838256836,-7.828250408172607,-7.590839862823486,-7.6880011558532715,-7.928985595703125,-7.877450942993164,-8.181915283203125,-8.692319869995117,-9.090849876403809,-9.46732234954834,-9.880407333374023,-10.234768867492676,-10.551656723022461,-10.690814018249512,-10.343696594238281,-9.730000495910645,-9.0430908203125,-8.559781074523926,-7.765061378479004,-6.307745456695557,-4.959464073181152,-4.333831310272217,-4.19832181930542,-4.234991550445557,-4.289402961730957,-4.343109607696533,-4.532642841339111,-4.483221530914307,-3.8668360710144043,-4.537712574005127,-2.9820151329040527,-2.3926756381988525,-1.6944842338562012,-0.3082265555858612,0.7615309357643127,2.425351142883301,1.7217830419540405,-0.8203068971633911,-2.4661428928375244,-3.0931496620178223,-2.1133387088775635,-1.6209099292755127,-1.4136598110198975
