data/wind_data/wind_55_5.json
{"header": {"parameterUnit": "KT", "parameterCategory": 2, "nx": 256, "ny": 198, "lo1": 44.73521041870117, "la1": -3.236724853515625, "lo2": 111.26478576660156, "la2": 43.468475341796875, "dx": 0.2609002888202667, "dy": -0.23708222806453705, "refTime": "2025-02-21 07:00:00", "forecastTime": 0, "parameterNumber": 2, "parameterNumberName": "eastward_wind"}, "data":
[rows 19 to 37 of 198, columns 176 to 219 of 256]
4.093599796295166,4.459551811218262,4.31138277053833,4.701383590698242,4.180671691894531,4.0971879959106445,4.231054306030273,3.895845890045166,3.7296531200408936,4.030672073364258,5.285651206970215,5.616357803344727,5.31464147567749,5.045141696929932,5.925287246704102,7.285681247711182,7.55918550491333,6.988893508911133,6.829558372497559,7.108028888702393,7.655856132507324,7.560523509979248,7.093618869781494,6.052835464477539,5.8503618240356445,5.97260046005249,6.854927062988281,6.873296737670898,6.1104350090026855,5.457446098327637,4.660207271575928,4.100574493408203,4.296431541442871,5.374061584472656,4.42875862121582,4.421907424926758,5.4359917640686035,4.4420318603515625,4.698049545288086,5.7979607582092285,6.01750373840332,5.802855014801025,5.314456939697266,3.878002882003784
3.515990972518921,4.108837604522705,4.001166343688965,4.6175408363342285,3.902503490447998,3.229426145553589,3.237173318862915,3.6327755451202393,3.8518893718719482,4.7101945877075195,5.609709739685059,5.681737899780273,5.7311930656433105,5.521120071411133,6.123443603515625,6.860964775085449,6.818116188049316,6.547379493713379,6.460268020629883,6.524763107299805,6.446248531341553,7.032104969024658,6.576385974884033,6.0046868324279785,5.768637657165527,5.309745788574219,5.780317783355713,5.160205841064453,4.233953952789307,3.949920177459717,3.3222854137420654,4.287776947021484,4.704981327056885,4.557241439819336,3.9216485023498535,3.7056119441986084,6.9805169105529785,5.286349296569824,4.685649394989014,4.038198947906494,4.2980523109436035,4.035120010375977,3.615013837814331,2.5535528659820557
2.5016872882843018,3.1325032711029053,3.2546281814575195,4.053384304046631,3.201721668243408,2.5307130813598633,2.922098159790039,3.812974214553833,4.215216159820557,4.9168243408203125,5.501557350158691,5.815927505493164,6.016697406768799,5.961886405944824,5.854677200317383,5.77569580078125,5.630703926086426,5.855685710906982,5.478031158447266,5.415679931640625,5.494747638702393,6.373231410980225,5.975063323974609,4.99994421005249,4.4431986808776855,4.687020301818848,4.366539478302002,3.3347411155700684,2.030592918395996,2.5937750339508057,4.544304847717285,4.346994876861572,2.094573974609375,3.442521095275879,3.6862010955810547,4.265233039855957,4.816215515136719,4.32358980178833,4.399761199951172,3.236889600753784,3.300335645675659,2.979912757873535,2.1657919883728027,1.2609407901763916
2.185392141342163,2.6420884132385254,3.3146331310272217,3.455930233001709,3.895247220993042,2.9378840923309326,3.0049500465393066,3.460144281387329,4.23367977142334,4.9300537109375,5.337975978851318,5.643475532531738,5.844025135040283,5.346865177154541,4.445826053619385,4.120874881744385,4.587085247039795,5.1427764892578125,4.648419380187988,4.478687286376953,4.597062110900879,5.3822808265686035,4.648288249969482,3.4817416667938232,2.9588301181793213,2.7481582164764404,2.656778335571289,2.2429006099700928,1.1376614570617676,4.231260776519775,4.12387752532959,2.584386110305786,2.795926094055176,1.8343605995178223,2.872144937515259,3.2259604930877686,3.550400495529175,3.0648415088653564,2.7681243419647217,2.6140809059143066,2.8810842037200928,2.2497177124023438,0.9115062355995178,0.40274277329444885
1.7173527479171753,2.1095590591430664,2.8876254558563232,3.7642033100128174,3.99457049369812,3.40012264251709,3.1484429836273193,3.050119638442993,3.97002911567688,4.333549976348877,4.537688255310059,4.721510410308838,4.628950595855713,3.595306158065796,2.984198570251465,2.567918539047241,3.2427570819854736,3.8851921558380127,3.7598795890808105,3.682656764984131,3.408431053161621,3.3386547565460205,2.7298412322998047,1.5013644695281982,0.8759738802909851,0.6262405514717102,1.1165260076522827,2.1453380584716797,1.7550899982452393,2.8209526538848877,1.0790501832962036,2.198984384536743,1.2209606170654297,0.3072950839996338,1.9951478242874146,1.4110004901885986,2.0895230770111084,1.7378175258636475,1.8587374687194824,2.2038867473602295,2.241877317428589,1.1347144842147827,0.24795998632907867,-0.1079491376876831
1.4226562976837158,2.25108003616333,3.161409616470337,3.3202767372131348,3.1325252056121826,2.839082956314087,2.9851958751678467,2.939765453338623,3.6351640224456787,3.55348801612854,3.167029619216919,2.8352580070495605,2.69492506980896,2.2794055938720703,1.7504478693008423,1.4352740049362183,1.9137779474258423,2.0400805473327637,1.9201679229736328,1.7350274324417114,1.5517323017120361,1.2345240116119385,1.1674658060073853,0.22962534427642822,-0.5751033425331116,-1.1636826992034912,-0.019195610657334328,2.1587250232696533,0.8262288570404053,-1.9705630540847778,-0.7972639203071594,-0.3165208399295807,0.36292964220046997,1.2840584516525269,0.8960674405097961,0.8747529983520508,1.265141248703003,0.7461638450622559,1.2722458839416504,1.1982923746109009,0.9575537443161011,0.07420884817838669,-0.3681350648403168,-0.1719256341457367
1.5714435577392578,1.8127336502075195,2.6982529163360596,2.769761800765991,2.6129777431488037,2.5265955924987793,3.0606918334960938,2.8841006755828857,3.016343593597412,2.3112282752990723,1.4548473358154297,1.3396658897399902,1.532178521156311,1.455819845199585,0.592383861541748,0.31956639885902405,0.44060227274894714,-0.02061586081981659,-0.605715811252594,-0.7978795170783997,-0.133463516831398,0.3994658887386322,0.3302209675312042,-0.31581202149391174,-0.6918960213661194,0.06891503930091858,-0.5622202754020691,-1.2800675630569458,-1.3314118385314941,-1.5201693773269653,-1.0503907203674316,-0.7593885064125061,-0.5390551686286926,-0.3703795075416565,0.42464959621429443,0.3833326995372772,0.6592502593994141,0.20101162791252136,0.5459889769554138,0.12546038627624512,0.17823775112628937,-0.2032736837863922,-0.4872102737426758,-0.7747852206230164
3.5661046504974365,2.550790786743164,2.40767765045166,2.179577112197876,2.3669991493225098,2.731837511062622,3.02032208442688,2.393129825592041,1.6802797317504883,0.6340950727462769,0.49813148379325867,0.8884072303771973,1.0429164171218872,0.6272240877151489,-0.510235607624054,-1.009739637374878,-0.8356987237930298,-1.1386449337005615,-1.8849763870239258,-1.4503620862960815,-0.2990756928920746,0.108660489320755,-0.26930567622184753,-0.2935793995857239,-0.024301616474986076,1.9503651857376099,-2.8984827995300293,-3.225924253463745,-2.5882394313812256,-2.0014896392822266,-1.7781388759613037,-1.2717546224594116,-0.3396088778972626,-0.07673539966344833,0.7031501531600952,0.24456465244293213,0.7409101724624634,-0.4623883068561554,-0.9210224747657776,-0.6180568337440491,-0.10194821655750275,-0.39598116278648376,-1.309998869895935,-1.6496706008911133
2.837441921234131,1.4177237749099731,1.7671855688095093,2.0942893028259277,2.6191372871398926,2.3533341884613037,1.6952569484710693,1.6378849744796753,0.44410941004753113,-0.15928174555301666,0.45069435238838196,0.44939661026000977,0.41847139596939087,-0.752640962600708,-1.653914213180542,-1.8364508152008057,-1.3420615196228027,-1.3125052452087402,-1.3729181289672852,-1.033508539199829,-0.0998668447136879,0.07272210717201233,-0.8124913573265076,-0.6101868152618408,1.1387193202972412,-3.2879858016967773,-7.173395156860352,-4.141368389129639,-3.3103489875793457,-2.5052196979522705,-1.8931574821472168,-1.0122109651565552,0.03154651075601578,-0.32177484035491943,1.1189615726470947,0.6816482543945312,-0.9886460900306702,-2.5010581016540527,-2.204942226409912,-0.4624369442462921,-0.3981739580631256,-1.302692174911499,-1.8496837615966797,-1.4928239583969116
-0.053321387618780136,-0.6520271897315979,0.6683726906776428,1.6116615533828735,2.2775685787200928,1.9792548418045044,-0.15294253826141357,1.2902830839157104,0.09261176735162735,-0.26979273557662964,-0.019799189642071724,0.07478024810552597,-0.1131950169801712,-1.79391348361969,-1.8388532400131226,-1.5503180027008057,-1.073625087738037,-1.4757094383239746,-1.089452862739563,-0.4426844120025635,0.4444705545902252,0.100310318171978,-1.6912776231765747,-0.5992281436920166,-3.2304999828338623,-8.10416030883789,-4.848914623260498,-3.7086575031280518,-3.158034324645996,-2.702061891555786,-2.0502569675445557,-1.5228909254074097,-0.7459672689437866,-0.3853318393230438,-0.375467449426651,-1.2249852418899536,-2.788508892059326,-3.271530866622925,-2.5983471870422363,-0.3621101975440979,-1.5728211402893066,-1.6758341789245605,-1.271092414855957,-0.5612168908119202
-0.8554789423942566,-1.0750104188919067,-0.4581427276134491,-0.35479283332824707,0.8257113695144653,2.9825260639190674,-2.25120210647583,0.7567676901817322,-0.04035135358572006,-0.5419526100158691,-0.6089984774589539,0.29533520340919495,-0.10341776907444,-1.2468714714050293,-1.168476939201355,-1.3681648969650269,-0.8866569995880127,-1.251011610031128,-0.8691657781600952,-0.43710455298423767,-0.13097742199897766,0.5626686811447144,0.03386873006820679,-0.6427943706512451,-5.494137763977051,-4.685976505279541,-3.7860934734344482,-3.408892869949341,-3.67546010017395,-3.900507926940918,-4.211673736572266,-4.170135021209717,-3.2058913707733154,-1.0502681732177734,-1.4589632749557495,-2.765359401702881,-3.3027970790863037,-3.973912000656128,-2.935466766357422,-0.7566662430763245,-2.3906216621398926,-1.520167350769043,-0.49680376052856445,-0.5364797711372375
-0.6716477274894714,-1.9200161695480347,-1.173378586769104,-1.9515944719314575,0.19360804557800293,0.5345425605773926,-0.15430349111557007,0.10890176892280579,-0.650830864906311,-0.8348903656005859,-0.32769307494163513,0.5029895305633545,-0.2913597524166107,-0.7660304307937622,-1.3327912092208862,-2.228013277053833,-1.845484733581543,-1.425986647605896,-0.8888942003250122,-1.1233018636703491,-0.9180931448936462,2.2829959392547607,-1.2055401802062988,-3.2841718196868896,-4.615358352661133,-3.8326163291931152,-4.12831974029541,-4.900334358215332,-6.377516746520996,-6.327424049377441,-6.869572639465332,-4.713357448577881,-2.7026267051696777,-3.642876625061035,-2.436042308807373,-3.1812081336975098,-4.430419445037842,-4.123569488525391,-3.345855236053467,-2.2509894371032715,-2.650651216506958,-1.46884286403656,-0.37825456261634827,-0.814894437789917
-0.89189213514328,-2.805485963821411,-1.923631191253662,-1.9445161819458008,-0.3131200671195984,-0.10184485465288162,-0.8911617398262024,-0.9536183476448059,-0.6535881161689758,-0.1684560775756836,-0.09178993850946426,-0.3851257264614105,-0.810765266418457,-1.500591516494751,-2.0672965049743652,-3.291975975036621,-2.992093324661255,-2.7346031665802,-1.4347959756851196,-0.8305986523628235,0.217948779463768,-0.6461523771286011,-3.5172019004821777,-5.6747541427612305,-4.4037957191467285,-4.420268535614014,-5.532734394073486,-6.240690231323242,-5.427184104919434,-4.017017364501953,-3.471719741821289,-1.9780348539352417,-2.0277462005615234,-2.9627223014831543,-3.6014952659606934,-4.499535083770752,-4.31917667388916,-3.696403980255127,-2.387030839920044,-3.3248202800750732,-2.799842119216919,-1.4832807779312134,-1.0370323657989502,-1.879047155380249
-2.3792474269866943,-2.465341806411743,-2.2733044624328613,-2.5220165252685547,-0.5118532776832581,-0.7662858963012695,-1.6374175548553467,-0.7480215430259705,-0.2014576494693756,-0.019029345363378525,-0.569801926612854,-1.345003604888916,-1.325777530670166,-1.8253289461135864,-2.332367420196533,-2.869631767272949,-2.7605862617492676,-3.570173740386963,-0.0034372976515442133,-1.772567629814148,-2.664379358291626,-3.713606834411621,-4.808681488037109,-5.977695465087891,-6.256709098815918,-6.102205753326416,-5.515035152435303,-3.935938835144043,-2.5049829483032227,-3.589749813079834,-3.8716681003570557,-3.708146810531616,-3.917022705078125,-4.130771160125732,-4.142795562744141,-3.6024420261383057,-3.124715805053711,-3.5061020851135254,-4.024590969085693,-3.8735837936401367,-3.17155122756958,-2.2053511142730713,-1.9217177629470825,-3.134871482849121
-2.5076441764831543,-3.0839431285858154,-3.242252826690674,-2.070516586303711,-1.3094826936721802,-1.151520848274231,-1.9955334663391113,-0.2740537226200104,-0.19761531054973602,-0.11076445132493973,-0.5141352415084839,-1.1986255645751953,-1.587296724319458,-2.0335679054260254,-2.2301971912384033,-2.0610203742980957,-1.8451040983200073,-1.8704770803451538,-2.2807352542877197,-2.123518705368042,-3.190877914428711,-4.565927982330322,-6.83160924911499,-6.152399063110352,-5.724031448364258,-5.112458229064941,-4.767806529998779,-4.598634243011475,-4.992303848266602,-5.166873455047607,-4.788934230804443,-4.595288276672363,-4.599151611328125,-4.155402660369873,-3.3792760372161865,-3.1359174251556396,-3.973701000213623,-4.484560489654541,-4.286931037902832,-4.271507263183594,-3.7641756534576416,-2.6970462799072266,-2.404357433319092,-3.5219690799713135
-2.869795083999634,-3.308941602706909,-3.0109894275665283,-1.3762693405151367,-2.001967191696167,-0.6706141233444214,-1.5931472778320312,0.39455708861351013,-0.04588131979107857,0.14077892899513245,-0.28396716713905334,-1.2108279466629028,-1.729506492614746,-1.8534226417541504,-1.9289460182189941,-2.35908579826355,-2.8521804809570312,-1.8855478763580322,-1.7122656106948853,-2.5875213146209717,-7.844132900238037,-5.596843242645264,-4.854526042938232,-3.1840128898620605,-4.349562644958496,-4.614159107208252,-5.682690620422363,-6.705373764038086,-6.4255805015563965,-6.102390766143799,-5.531215667724609,-5.477357387542725,-5.076275825500488,-4.120556354522705,-3.459956169128418,-3.812441825866699,-4.217764854431152,-4.088010311126709,-4.4537577629089355,-5.049506187438965,-4.0417633056640625,-2.578791379928589,-2.8294990062713623,-3.8779051303863525
-2.1548426151275635,-3.3786396980285645,-2.8998916149139404,-2.102952241897583,-1.3896986246109009,-1.9629958868026733,-0.7149195075035095,0.6357547640800476,0.49706798791885376,0.964461088180542,-0.17339877784252167,-1.0267177820205688,-1.1951488256454468,-1.1527307033538818,-0.8247374296188354,-1.4946151971817017,-3.30143141746521,-2.7044997215270996,-1.5197467803955078,-2.4989819526672363,-3.779407024383545,-1.6281729936599731,-2.823091983795166,-3.9416518211364746,-6.051312446594238,-7.199331283569336,-6.911932945251465,-6.856075286865234,-6.647975444793701,-6.321753025054932,-5.823758602142334,-5.330009937286377,-4.717352390289307,-3.875164031982422,-3.4888088703155518,-3.5766165256500244,-3.7132484912872314,-4.258829593658447,-5.164328575134277,-5.055398941040039,-3.5497612953186035,-2.813438653945923,-3.9002950191497803,-4.641533374786377
-1.2873591184616089,-2.1853528022766113,-3.416468858718872,-2.868990659713745,-1.5475980043411255,-1.4234586954116821,-0.2692793905735016,0.4988323152065277,1.0263046026229858,0.4961429834365845,-1.208064317703247,-1.9262819290161133,-1.2632588148117065,-1.9818555116653442,-2.015108823776245,-2.9206960201263428,-4.447270393371582,-4.335186004638672,-3.8460397720336914,-3.374542713165283,-4.479515552520752,-4.767585277557373,-5.582307815551758,-6.668569564819336,-6.881655693054199,-7.0803327560424805,-7.194785118103027,-7.174589157104492,-6.894728660583496,-6.1747894287109375,-5.451605796813965,-4.763705730438232,-4.177596569061279,-3.6687607765197754,-3.389737129211426,-3.481276035308838,-3.7538459300994873,-4.426159381866455,-4.832189083099365,-4.179505348205566,-3.018873929977417,-3.543084144592285,-4.954533100128174,-5.425800800323486
-0.2730333209037781,-1.5822588205337524,-2.776150941848755,-2.744274616241455,-1.7110176086425781,-1.1780695915222168,-0.19335725903511047,-1.2729095220565796,-3.0175819396972656,-4.919347763061523,-6.667637825012207,-6.956422805786133,-6.589278697967529,-5.792654037475586,-6.677548408508301,-5.7764105796813965,-6.669589996337891,-6.011741638183594,-5.48203706741333,-5.058910846710205,-5.501924991607666,-6.107642650604248,-6.546755790710449,-7.023072719573975,-7.400111198425293,-7.7036309242248535,-7.725137710571289,-7.418267250061035,-6.817287921905518,-6.06553840637207,-5.425131797790527,-5.062002182006836,-4.746419906616211,-4.197819709777832,-3.7758536338806152,-3.750241994857788,-3.694754123687744,-3.6729602813720703,-3.6202046871185303,-3.2422385215759277,-3.105975389480591,-3.7775213718414307,-4.725218296051025,-4.913713455200195
