data/wind_data/wind_43_8.json
{"header": {"parameterUnit": "KT", "parameterCategory": 2, "nx": 256, "ny": 198, "lo1": 44.73521041870117, "la1": -3.236724853515625, "lo2": 111.26478576660156, "la2": 43.468475341796875, "dx": 0.2609002888202667, "dy": -0.23708222806453705, "refTime": "2025-02-20 19:00:00", "forecastTime": 0, "parameterNumber": 2, "parameterNumberName": "eastward_wind"}, "data":
[rows 171 to 189 of 198, columns 0 to 43 of 256]
49.68384552001953,53.021121978759766,53.571739196777344,53.5147819519043,54.47842788696289,54.799537658691406,54.55167770385742,54.37688446044922,53.81406021118164,52.33334732055664,50.14506912231445,47.74552917480469,45.867576599121094,44.75486755371094,43.4151725769043,41.19565963745117,38.31813049316406,35.52836990356445,34.564884185791016,35.840187072753906,37.463897705078125,37.626068115234375,36.99285125732422,37.6546630859375,39.90907287597656,42.40342712402344,44.46303939819336,46.52062225341797,48.863704681396484,50.90878677368164,51.80559539794922,51.32760238647461,49.850521087646484,47.88911437988281,46.07456588745117,44.80926513671875,43.767494201660156,42.639896392822266,41.89353561401367,41.86882019042969,42.159950256347656,42.26433181762695,42.08613204956055,41.71255111694336
49.15537643432617,55.143550872802734,55.69541549682617,55.346534729003906,56.000205993652344,55.875553131103516,55.01992416381836,54.08775329589844,52.96467971801758,51.4127311706543,49.670135498046875,48.033477783203125,47.055728912353516,46.88943099975586,46.643043518066406,45.61075210571289,43.36501693725586,40.27950668334961,38.36592102050781,38.621246337890625,39.51624298095703,39.20753860473633,37.87358856201172,37.185306549072266,38.17931365966797,40.43281936645508,43.04349899291992,45.63401794433594,48.06211853027344,50.01641845703125,51.021697998046875,50.77180480957031,49.438087463378906,47.467166900634766,45.33859634399414,43.51642608642578,42.30885696411133,41.88677215576172,42.258766174316406,43.013118743896484,43.44155502319336,43.35696029663086,43.06984329223633,42.7259407043457
48.57796096801758,54.11549758911133,55.31999588012695,55.6178092956543,56.695945739746094,56.676448822021484,55.55149841308594,54.18036651611328,52.64511489868164,51.08507537841797,49.94024658203125,49.19511032104492,48.933349609375,49.117252349853516,49.24932098388672,48.71266174316406,46.80447006225586,44.1550407409668,42.4547233581543,41.960201263427734,41.727455139160156,40.931312561035156,39.631927490234375,38.53660583496094,38.22425842285156,38.925113677978516,40.58241271972656,42.91290283203125,45.41728973388672,47.496299743652344,48.7303466796875,49.0673942565918,48.5981330871582,47.31830596923828,45.39248275756836,43.37520217895508,42.00904846191406,41.795310974121094,42.609867095947266,43.66585922241211,44.1773796081543,44.141700744628906,43.92627716064453,43.585205078125
47.99583053588867,53.0199089050293,54.170166015625,54.78034210205078,56.279075622558594,56.56177520751953,55.43268966674805,53.88954544067383,52.370784759521484,51.357887268066406,51.13969039916992,51.25577926635742,51.39280319213867,51.52883529663086,51.491756439208984,50.66374206542969,48.86071014404297,47.25258255004883,46.254215240478516,44.959320068359375,43.42910385131836,42.181785583496094,41.32573699951172,40.60749435424805,39.67915344238281,38.66111373901367,38.312923431396484,39.23576354980469,41.123294830322266,43.0827522277832,44.633968353271484,45.92210388183594,46.88528060913086,46.982452392578125,45.953590393066406,44.27503967285156,42.85947036743164,42.4688720703125,43.133880615234375,44.11524963378906,44.730369567871094,44.92345428466797,44.77500534057617,44.329959869384766
47.37858963012695,52.35585403442383,53.42705535888672,54.41361618041992,56.267303466796875,56.18254852294922,54.4415283203125,52.75331115722656,51.912899017333984,52.07979202270508,52.77439498901367,53.28065490722656,53.41511535644531,53.35575866699219,52.92537307739258,51.655616760253906,50.232112884521484,49.757591247558594,49.18356704711914,47.16716766357422,44.691650390625,43.29257583618164,42.952430725097656,42.58313751220703,41.383941650390625,39.33524703979492,37.18764114379883,36.05256652832031,36.40880584716797,37.88236999511719,39.9146842956543,42.205039978027344,44.364933013916016,45.739559173583984,45.893245697021484,44.95668029785156,43.768028259277344,43.29364013671875,43.80364990234375,44.73232650756836,45.429073333740234,45.6802864074707,45.40814971923828,44.79789352416992
46.744632720947266,50.656925201416016,52.190223693847656,54.52570724487305,57.02106857299805,56.27468490600586,54.16769027709961,52.76954650878906,52.74861526489258,53.270263671875,53.40574264526367,53.45780563354492,53.74148941040039,54.023197174072266,53.66840362548828,52.38144302368164,51.39340591430664,51.38877487182617,50.718719482421875,48.31606674194336,45.6530647277832,44.55521774291992,44.74108123779297,44.521705627441406,43.05516052246094,40.60609817504883,37.631561279296875,34.824867248535156,33.32273864746094,33.8929557800293,36.13986587524414,39.016902923583984,41.605613708496094,43.39948654174805,44.16510009765625,43.88398361206055,43.241886138916016,43.24388122558594,44.13710021972656,45.268463134765625,46.00580596923828,46.166839599609375,45.757415771484375,45.1308708190918
46.50949478149414,48.13254165649414,50.3153190612793,54.15217971801758,57.34473419189453,56.74409103393555,54.948219299316406,53.93625259399414,53.85243606567383,53.559364318847656,53.16477966308594,53.250823974609375,53.74509811401367,54.28219985961914,54.12303924560547,52.98086166381836,51.956275939941406,51.54763412475586,50.55194091796875,48.33769989013672,46.17786407470703,45.58902359008789,46.210960388183594,46.188133239746094,44.602901458740234,42.1101188659668,39.438697814941406,36.73272705078125,34.509830474853516,33.8822135925293,35.31028366088867,37.80817413330078,40.024269104003906,41.25690841674805,41.46622848510742,40.9201545715332,40.47944259643555,41.14033508300781,42.823429107666016,44.527095794677734,45.55109405517578,45.819854736328125,45.558197021484375,45.35456085205078
46.95819091796875,50.31187438964844,51.81276321411133,55.2577018737793,58.194984436035156,57.19682693481445,55.0076904296875,53.99744415283203,53.99399185180664,53.766395568847656,53.491085052490234,53.72105026245117,54.248958587646484,54.65608215332031,54.32206344604492,52.99205780029297,51.40732192993164,50.16096878051758,48.89765167236328,47.28694152832031,45.9415168762207,45.7829475402832,46.59808349609375,46.791038513183594,45.45943832397461,43.467288970947266,41.902069091796875,40.6785774230957,39.143863677978516,37.61372756958008,37.37955093383789,38.70346450805664,40.2233772277832,40.425785064697266,39.10120391845703,37.31611251831055,36.53132247924805,37.574562072753906,39.93143081665039,42.27429962158203,43.70174789428711,44.234954833984375,44.44023895263672,44.940494537353516
47.39500045776367,53.47100067138672,54.788570404052734,57.56431198120117,59.414974212646484,57.26112365722656,54.62171936035156,53.705196380615234,53.71711349487305,53.63335037231445,53.58016586303711,53.95001220703125,54.518455505371094,54.68558883666992,53.93195343017578,52.25193405151367,50.08412170410156,48.10847854614258,46.66531753540039,45.61619186401367,44.97451400756836,45.054134368896484,45.69652557373047,46.004398345947266,45.443111419677734,44.5877571105957,44.2672119140625,44.47856903076172,44.19643783569336,42.73434066772461,41.19940185546875,40.9819221496582,41.30995178222656,40.207462310791016,37.486572265625,34.807373046875,33.811641693115234,34.96544647216797,37.5118522644043,40.015899658203125,41.54580307006836,42.25822448730469,42.78143310546875,43.65680694580078
47.11958694458008,53.99992370605469,55.757171630859375,58.25011444091797,59.39707946777344,57.15892028808594,54.732872009277344,53.69784927368164,53.5401611328125,53.55693817138672,53.49519729614258,53.67022705078125,54.08168411254883,53.97639083862305,52.92461013793945,51.040687561035156,48.51448440551758,46.09437942504883,44.69297790527344,44.217185974121094,43.99435043334961,43.94052505493164,44.208072662353516,44.70820999145508,45.189414978027344,45.64666748046875,46.31147003173828,47.32633972167969,48.038883209228516,47.32522201538086,45.430938720703125,43.682228088378906,42.14890670776367,39.889915466308594,36.9780387878418,34.55918884277344,33.704036712646484,34.67982482910156,36.795387268066406,38.876033782958984,40.24629592895508,40.94646453857422,41.35506820678711,42.12577438354492
46.41489028930664,51.5627555847168,53.741249084472656,56.062278747558594,57.30052185058594,55.736412048339844,53.81191635131836,53.26548767089844,53.7404670715332,54.068050384521484,53.79764175415039,53.577842712402344,53.65669250488281,53.2263298034668,51.76972961425781,49.45235824584961,46.628562927246094,44.38335418701172,43.69328308105469,43.72777557373047,43.380191802978516,42.96185302734375,43.15383529663086,44.00493240356445,45.263031005859375,46.629417419433594,47.955596923828125,49.28297424316406,50.33049774169922,50.24760437011719,48.62217712402344,45.92645263671875,42.9389762878418,40.18891525268555,37.9039192199707,36.168922424316406,35.42118835449219,35.988250732421875,37.442039489746094,38.98383331298828,40.092872619628906,40.59973907470703,40.82046127319336,41.477718353271484
45.71089172363281,48.244876861572266,50.44062805175781,52.47124099731445,53.32503128051758,52.01339340209961,51.066768646240234,51.80509948730469,53.10663604736328,53.745121002197266,53.70922088623047,53.74638366699219,53.90308380126953,53.12715148925781,51.0126838684082,48.14296340942383,45.38673782348633,44.09623336791992,44.30611801147461,44.112937927246094,42.99715805053711,42.36939239501953,42.876224517822266,44.04962921142578,45.60493469238281,47.35226821899414,49.00423049926758,50.29129409790039,51.03121566772461,51.03977584838867,49.97346878051758,47.60798263549805,44.59231948852539,41.965850830078125,40.07072830200195,38.59099578857422,37.718929290771484,37.875244140625,38.864871978759766,40.060401916503906,40.91217803955078,41.274620056152344,41.54450988769531,42.21552276611328
44.88423538208008,47.019126892089844,48.29148864746094,49.24081039428711,49.07913589477539,48.02024841308594,48.20317077636719,49.6419792175293,50.967071533203125,51.680912017822266,52.230594635009766,53.119747161865234,53.761531829833984,52.99321746826172,50.71073532104492,47.53719711303711,45.25153350830078,45.48476028442383,46.379112243652344,45.2053108215332,42.93401336669922,42.25004196166992,43.276363372802734,44.84786605834961,46.497459411621094,48.10895919799805,49.45492172241211,50.26688766479492,50.48298645019531,50.35871505737305,49.9206428527832,48.77874755859375,46.84133529663086,44.68986129760742,42.780757904052734,41.1738166809082,40.18014144897461,40.13253402709961,40.84197998046875,41.752254486083984,42.39147186279297,42.760475158691406,43.192081451416016,43.82628631591797
44.32009506225586,44.852294921875,45.61763381958008,45.858985900878906,45.25807189941406,44.86783218383789,45.842010498046875,47.46553421020508,48.557350158691406,49.0958251953125,49.95642852783203,51.36697769165039,52.3497314453125,51.944950103759766,49.535396575927734,46.48871994018555,45.81021499633789,48.04730224609375,49.41439437866211,47.048248291015625,43.53049087524414,42.696964263916016,44.38494110107422,46.58270263671875,48.20279312133789,49.050132751464844,49.437347412109375,49.58790969848633,49.480316162109375,49.365867614746094,49.51419448852539,49.52033233642578,48.67919921875,47.004127502441406,45.054588317871094,43.41379928588867,42.55230712890625,42.554046630859375,43.07470703125,43.67341995239258,44.14812088012695,44.64815902709961,45.244380950927734,45.7691535949707
44.649330139160156,46.097652435302734,45.53495407104492,44.51008987426758,43.42731475830078,43.134002685546875,44.15916061401367,45.818485260009766,46.79543685913086,47.15431594848633,47.89200973510742,48.99565505981445,49.65057373046875,48.79801559448242,46.68598937988281,45.46876907348633,47.15610885620117,50.77013397216797,52.395164489746094,49.34978485107422,44.86952590942383,43.62909698486328,45.93486404418945,48.79552459716797,50.107749938964844,49.8581428527832,49.213592529296875,48.8449592590332,48.641353607177734,48.72249984741211,49.2939567565918,49.820430755615234,49.4552116394043,47.99834060668945,46.08028030395508,44.634521484375,44.213645935058594,44.58878707885742,45.22500991821289,45.75951385498047,46.245948791503906,46.91532516479492,47.64331817626953,47.98680877685547
45.614017486572266,47.821937561035156,46.78781509399414,45.28009796142578,44.05690383911133,43.47197341918945,44.154541015625,45.63595962524414,46.41645431518555,46.466251373291016,46.534278869628906,46.46752166748047,45.637184143066406,44.53179931640625,44.31775665283203,45.65011978149414,48.50811004638672,52.14200210571289,53.7678108215332,50.95866775512695,46.31074142456055,44.70479202270508,47.3781852722168,50.76337814331055,51.72600173950195,50.55971145629883,49.16703796386719,48.45782470703125,48.30729675292969,48.62022399902344,49.311737060546875,49.78394317626953,49.24152374267578,47.54148483276367,45.57109451293945,44.48507308959961,44.67888641357422,45.67127990722656,46.84418869018555,47.81401443481445,48.62270736694336,49.50999450683594,50.254920959472656,50.2796630859375
46.19758224487305,46.491050720214844,46.150840759277344,45.42578125,44.72317123413086,44.419471740722656,45.34815979003906,46.9692497253418,47.8100471496582,47.78596878051758,46.606815338134766,44.0107536315918,41.96648406982422,42.09587860107422,43.834922790527344,45.92455291748047,48.475643157958984,51.554386138916016,53.264286041259766,51.44364547729492,47.534420013427734,46.034889221191406,48.86848449707031,52.52663040161133,53.386287689208984,51.782840728759766,49.945960998535156,48.964256286621094,48.795814514160156,49.201210021972656,49.920257568359375,50.176517486572266,48.93729782104492,46.47793197631836,44.314125061035156,43.56895446777344,44.29821014404297,45.87419891357422,47.646400451660156,49.191219329833984,50.50637435913086,51.74331283569336,52.582191467285156,52.405906677246094
46.13887405395508,45.64916229248047,45.5626220703125,45.17760467529297,44.94075012207031,45.463539123535156,47.0401496887207,49.02924346923828,50.47124099731445,49.852317810058594,46.19645690917969,42.13174819946289,40.812767028808594,42.01216506958008,43.54561233520508,44.975711822509766,47.08488464355469,49.81355667114258,51.66755294799805,50.807464599609375,48.02507400512695,47.076637268066406,49.96268844604492,53.69184494018555,54.76039505004883,53.33026885986328,51.53342056274414,50.51193618774414,50.240638732910156,50.57559585571289,51.33425521850586,51.29700469970703,49.12497329711914,45.775108337402344,43.34123229980469,42.72057342529297,43.675086975097656,45.52714538574219,47.56311798095703,49.393821716308594,51.091190338134766,52.71882247924805,53.8228759765625,53.71384811401367
45.8474006652832,43.6926383972168,44.24816131591797,44.44332504272461,45.180335998535156,46.95161437988281,49.13107681274414,51.43455123901367,52.34028244018555,49.99663543701172,45.685935974121094,42.857025146484375,42.46226501464844,42.68537139892578,42.92879867553711,43.92757797241211,45.81695556640625,48.1030387878418,49.84462356567383,49.6655158996582,47.986576080322266,47.576725006103516,50.2286262512207,53.76675796508789,55.253726959228516,54.55593490600586,53.391231536865234,52.78587341308594,52.6710205078125,52.98086166381836,53.549434661865234,52.96868133544922,50.08341598510742,46.228336334228516,43.518123626708984,42.73300552368164,43.62055206298828,45.39352798461914,47.28883361816406,49.120391845703125,50.99970245361328,52.851261138916016,54.22902297973633,54.424232482910156
