data/wind_data/wind_22_4.json
{"header": {"parameterUnit": "KT", "parameterCategory": 2, "nx": 256, "ny": 198, "lo1": 44.73521041870117, "la1": -3.236724853515625, "lo2": 111.26478576660156, "la2": 43.468475341796875, "dx": 0.2609002888202667, "dy": -0.23708222806453705, "refTime": "2025-02-19 22:00:00", "forecastTime": 0, "parameterNumber": 2, "parameterNumberName": "eastward_wind"}, "data":
[rows 133 to 151 of 198, columns 88 to 131 of 256]
42.96162414550781,40.341285705566406,39.335365295410156,38.57441329956055,37.24288558959961,40.397151947021484,44.46595001220703,46.1828498840332,44.07709884643555,39.61517333984375,35.77592468261719,36.88173294067383,36.690521240234375,35.586753845214844,34.6198844909668,29.69556999206543,23.427824020385742,20.872556686401367,19.780784606933594,19.056873321533203,18.716909408569336,16.917110443115234,19.41282844543457,24.48798942565918,28.023033142089844,28.918798446655273,27.99099349975586,26.8386173248291,26.316360473632812,25.98358154296875,24.786333084106445,24.24100685119629,24.971885681152344,27.133798599243164,29.205101013183594,29.354785919189453,31.58420753479004,32.10593032836914,30.683727264404297,29.496292114257812,20.23780632019043,9.630566596984863,-0.186873659491539,-3.0706264972686768
49.767391204833984,47.49972915649414,44.17312240600586,42.80626678466797,40.823673248291016,36.94002914428711,37.997406005859375,42.420345306396484,43.581581115722656,40.16109085083008,34.83497619628906,33.94648742675781,34.88247299194336,35.31624221801758,34.34956741333008,31.318593978881836,27.728940963745117,25.531909942626953,21.73638153076172,21.394500732421875,22.881284713745117,17.122005462646484,18.403776168823242,26.281553268432617,29.833881378173828,29.810535430908203,28.719392776489258,27.364601135253906,26.677593231201172,25.139400482177734,24.482484817504883,26.187875747680664,27.665151596069336,28.785947799682617,29.392480850219727,30.592885971069336,34.75985336303711,34.01454162597656,30.44541358947754,23.719478607177734,14.097112655639648,3.116471290588379,-6.558684825897217,-2.861873149871826
51.87615203857422,49.52387619018555,47.020286560058594,45.920875549316406,46.51702117919922,46.079524993896484,41.67902755737305,40.2862548828125,41.238712310791016,39.31036376953125,35.057884216308594,32.95631408691406,32.934444427490234,34.14769744873047,34.08266067504883,31.956100463867188,30.79294204711914,30.19676971435547,26.587610244750977,23.72580337524414,24.087175369262695,21.939544677734375,21.714344024658203,18.64296531677246,18.49394989013672,24.701961517333984,27.355072021484375,26.718036651611328,26.125263214111328,25.513431549072266,25.22574806213379,27.353666305541992,29.500732421875,30.784759521484375,31.620962142944336,33.44183349609375,36.10350799560547,32.55474853515625,26.829099655151367,20.377012252807617,11.201759338378906,-2.4962778091430664,-4.675604343414307,3.1219871044158936
51.56338882446289,50.20791244506836,48.43340301513672,47.3506965637207,46.246498107910156,46.59254455566406,47.23723220825195,45.364654541015625,42.044029235839844,36.65778732299805,32.37446594238281,32.02798843383789,31.91486167907715,32.800052642822266,33.44611358642578,32.67321014404297,32.58597183227539,32.46299743652344,31.720483779907227,29.2656192779541,26.733638763427734,24.372495651245117,21.664344787597656,18.15256118774414,19.17719078063965,24.264339447021484,26.476871490478516,25.85701560974121,25.88239288330078,26.57335090637207,24.474817276000977,28.517826080322266,31.507925033569336,34.06500244140625,38.1087760925293,37.414791107177734,34.545955657958984,32.12344741821289,25.442306518554688,23.7847843170166,18.630626678466797,12.770052909851074,14.427620887756348,22.81636619567871
51.655155181884766,51.62316131591797,50.71756362915039,49.67527770996094,47.39972686767578,44.96038818359375,44.54166793823242,45.56260299682617,44.2273063659668,35.020957946777344,26.562305450439453,28.116621017456055,30.223512649536133,31.546424865722656,32.41841506958008,32.89712142944336,32.87620544433594,33.33066940307617,34.210205078125,34.201324462890625,32.420692443847656,29.85966682434082,27.443279266357422,24.629079818725586,24.000864028930664,25.756195068359375,26.65983772277832,26.335208892822266,27.05203628540039,26.64989471435547,25.401033401489258,26.411907196044922,27.25166130065918,31.551055908203125,38.120811462402344,42.01377868652344,43.971561431884766,46.4424934387207,44.40816116333008,38.22113037109375,33.063907623291016,32.06215286254883,31.949193954467773,36.14305114746094
50.12983703613281,51.50783920288086,51.36549758911133,50.08382797241211,48.08396911621094,44.27725601196289,40.38644027709961,40.60859298706055,41.26251983642578,31.54125213623047,20.77838706970215,23.81301498413086,27.75827980041504,29.869224548339844,31.014698028564453,31.96613311767578,32.302425384521484,33.58164978027344,34.59333419799805,35.86331558227539,36.25241470336914,35.44424819946289,32.74571228027344,28.95339584350586,27.06954574584961,27.255319595336914,27.176815032958984,26.803083419799805,27.92218780517578,27.601028442382812,22.753978729248047,23.783533096313477,31.845129013061523,37.179466247558594,38.92197799682617,38.96240997314453,38.865535736083984,37.81878662109375,35.29538345336914,32.49980163574219,36.177669525146484,42.34730911254883,43.15734100341797,42.50847625732422
46.257240295410156,48.7749137878418,49.47565460205078,48.187095642089844,46.75827407836914,44.03621292114258,37.9064826965332,36.44669723510742,37.483787536621094,27.815261840820312,18.084665298461914,21.897979736328125,25.866912841796875,27.982091903686523,29.00796890258789,29.763118743896484,30.746902465820312,32.45879364013672,33.735748291015625,35.18375778198242,36.67668533325195,37.01408386230469,34.998512268066406,31.562366485595703,28.932964324951172,28.147550582885742,27.752124786376953,27.38857650756836,30.06287956237793,26.892398834228516,25.871747970581055,28.73900604248047,20.82460594177246,12.141789436340332,9.513904571533203,8.646876335144043,11.149560928344727,12.139575958251953,10.825762748718262,12.174847602844238,18.26517105102539,28.915651321411133,38.51877212524414,41.46152114868164
41.679962158203125,45.1484260559082,46.5362434387207,45.876502990722656,44.71886444091797,42.3221435546875,36.0152587890625,34.37002944946289,34.91431427001953,26.888193130493164,21.135852813720703,22.811779022216797,24.83458137512207,26.358924865722656,27.056161880493164,27.42279052734375,28.336753845214844,29.95602798461914,31.709617614746094,32.83991241455078,34.14942169189453,34.919952392578125,33.89143753051758,31.59190559387207,29.210615158081055,29.215314865112305,28.83277702331543,28.802072525024414,30.565746307373047,26.951858520507812,32.3549690246582,21.897844314575195,1.7028998136520386,-7.1207075119018555,-9.101018905639648,-8.927635192871094,-4.121386528015137,0.9499126076698303,3.525559902191162,4.1404314041137695,4.604224681854248,9.527301788330078,18.169580459594727,19.662038803100586
37.508689880371094,42.23329544067383,44.327606201171875,44.77518081665039,43.985939025878906,40.79833984375,34.412879943847656,32.04103469848633,31.17426872253418,26.861324310302734,23.899808883666992,22.923097610473633,23.657978057861328,24.968515396118164,25.490520477294922,25.491483688354492,26.047916412353516,26.94171142578125,29.519262313842773,31.429405212402344,31.967634201049805,31.379697799682617,29.98627281188965,28.486967086791992,28.0908145904541,28.842653274536133,27.663209915161133,27.31647300720215,23.8068790435791,27.015560150146484,27.693811416625977,2.817441463470459,-18.136425018310547,-15.725031852722168,-4.853039741516113,5.723093032836914,9.992630004882812,15.149395942687988,16.0023193359375,12.22669506072998,6.862476825714111,4.049426555633545,6.96111536026001,9.293889045715332
31.781173706054688,38.18482208251953,41.803279876708984,43.37693405151367,42.72557830810547,39.46004104614258,33.79436492919922,29.363910675048828,26.923696517944336,24.340652465820312,22.923572540283203,22.23872184753418,22.378400802612305,23.358673095703125,24.013368606567383,24.07575798034668,24.3719425201416,25.004201889038086,25.969226837158203,27.823331832885742,28.617965698242188,28.00325584411621,26.0273380279541,24.48819923400879,25.206462860107422,25.0732421875,24.740978240966797,21.70911979675293,22.177288055419922,28.599042892456055,15.793440818786621,-11.54718017578125,-17.368642807006836,-0.6605325937271118,16.001920700073242,22.95848274230957,23.045021057128906,24.63733673095703,28.32962417602539,24.979616165161133,13.6231050491333,6.668234825134277,5.593451976776123,6.222451686859131
26.24393081665039,34.372318267822266,38.81260299682617,40.291465759277344,38.98970413208008,35.74757766723633,31.172462463378906,25.47787857055664,22.08346176147461,21.645362854003906,20.84783172607422,20.58995246887207,20.641904830932617,21.23824691772461,22.063711166381836,22.958572387695312,23.45684242248535,24.81781768798828,24.279979705810547,23.350797653198242,24.308547973632812,25.27776336669922,23.41269302368164,23.238513946533203,23.115955352783203,23.20456314086914,23.99345588684082,25.61379051208496,34.620948791503906,26.623760223388672,0.5963307023048401,-15.195747375488281,-2.0014379024505615,15.451814651489258,20.81723976135254,22.17549705505371,24.033000946044922,26.157474517822266,31.554136276245117,26.0460147857666,13.402539253234863,7.878385543823242,7.7924113273620605,7.048327922821045
22.38127899169922,30.615694046020508,35.79106521606445,35.905155181884766,33.46348571777344,29.35103988647461,26.03495979309082,21.631526947021484,18.475221633911133,19.705522537231445,19.18465805053711,17.83673095703125,17.605043411254883,18.317583084106445,19.539445877075195,21.384187698364258,22.718015670776367,24.299814224243164,23.945554733276367,22.25719451904297,23.002592086791992,22.413244247436523,22.062021255493164,22.706697463989258,23.990201950073242,24.47748374938965,25.62489891052246,36.93899154663086,36.94525909423828,13.478665351867676,-7.311463832855225,-6.1669464111328125,5.211019992828369,15.330228805541992,20.075023651123047,22.939891815185547,26.337709426879883,27.699556350708008,29.97515106201172,27.393545150756836,21.326610565185547,16.247255325317383,13.689552307128906,13.323456764221191
20.599685668945312,25.35590171813965,31.30413055419922,30.234228134155273,27.33791160583496,23.193675994873047,19.387500762939453,18.78298568725586,17.18122100830078,16.627485275268555,15.808135986328125,14.888575553894043,14.614802360534668,15.424739837646484,17.144086837768555,19.816884994506836,21.716394424438477,22.638656616210938,21.94601821899414,20.4366512298584,19.395233154296875,18.961198806762695,21.22327423095703,22.668153762817383,24.941091537475586,25.241783142089844,32.501365661621094,35.096309661865234,17.90608787536621,-1.6277391910552979,-1.8072187900543213,4.147365570068359,3.1545941829681396,6.524266242980957,17.77560043334961,24.687379837036133,28.179967880249023,27.743879318237305,24.911283493041992,26.591047286987305,26.85538101196289,21.27922821044922,17.292449951171875,16.371044158935547
20.090452194213867,20.976463317871094,26.623085021972656,24.53523063659668,21.360118865966797,18.401758193969727,12.989387512207031,14.165749549865723,13.963759422302246,12.33314037322998,11.868367195129395,11.589529037475586,11.47864055633545,12.618302345275879,14.81222915649414,17.389404296875,19.139171600341797,19.4979190826416,18.48093032836914,17.121400833129883,15.352871894836426,16.76439666748047,20.14937400817871,23.044675827026367,24.659992218017578,28.972036361694336,30.215251922607422,17.906679153442383,-1.7307676076889038,-8.890703201293945,0.3950280249118805,4.881141662597656,-0.0442526750266552,3.320338010787964,15.030777931213379,22.383703231811523,24.014476776123047,21.13352394104004,21.5699462890625,25.303022384643555,25.56777572631836,21.207000732421875,14.995454788208008,11.31125259399414
17.841886520385742,19.226825714111328,21.81061363220215,19.874935150146484,15.896876335144043,12.626392364501953,8.371036529541016,8.435691833496094,8.134363174438477,6.344113826751709,7.120943069458008,7.709752082824707,7.505147933959961,8.733567237854004,10.950210571289062,12.841445922851562,14.282870292663574,15.413188934326172,15.306758880615234,14.480886459350586,13.919831275939941,16.344234466552734,19.815561294555664,23.021493911743164,25.82394027709961,27.743629455566406,21.56758689880371,6.016691207885742,-7.975533485412598,-7.827572822570801,-3.907625913619995,-2.553971767425537,0.7792475819587708,7.224872589111328,14.082043647766113,18.995141983032227,17.97095489501953,15.827022552490234,18.0357666015625,21.028133392333984,22.09406089782715,18.673795700073242,12.941102981567383,9.83836555480957
15.305547714233398,15.195413589477539,18.20680046081543,17.270397186279297,12.63838005065918,8.355672836303711,5.854729175567627,4.88460111618042,6.5465545654296875,2.60632061958313,2.8676657676696777,4.645019054412842,4.610910415649414,6.0696940422058105,8.648255348205566,9.31152057647705,9.197107315063477,10.356941223144531,11.651000022888184,12.658445358276367,14.402630805969238,17.049985885620117,19.269615173339844,20.65755844116211,20.00021743774414,17.58148193359375,15.27306079864502,2.985952615737915,-3.9112937450408936,-2.763638973236084,-5.917089939117432,-1.6334068775177002,7.22280740737915,14.183304786682129,17.502853393554688,17.930818557739258,16.253890991210938,14.445409774780273,13.292563438415527,13.860394477844238,15.074932098388672,16.160287857055664,11.972612380981445,8.92005443572998
18.139062881469727,15.247614860534668,14.639039039611816,13.198079109191895,8.653337478637695,5.733256816864014,3.5946731567382812,2.871302604675293,4.156064033508301,0.30267149209976196,0.8141313195228577,3.814549684524536,4.671135902404785,6.48079776763916,2.5839955806732178,6.914879322052002,6.364334583282471,6.33890962600708,8.81378173828125,11.107942581176758,13.429659843444824,15.305475234985352,14.935515403747559,13.676076889038086,8.83423137664795,7.67333459854126,8.070770263671875,1.4015439748764038,-3.1227402687072754,-1.6742933988571167,-2.3643903732299805,3.3599557876586914,10.468358039855957,16.026424407958984,18.00774383544922,19.299531936645508,17.365089416503906,12.59373664855957,10.801881790161133,9.276494026184082,11.518954277038574,11.303385734558105,8.74199104309082,7.238828182220459
19.913118362426758,16.619625091552734,17.361661911010742,15.865243911743164,7.4200615882873535,1.8537745475769043,-0.377421498298645,0.5140770673751831,2.042430877685547,0.5092955827713013,1.2208137512207031,3.172882318496704,3.4737958908081055,4.2237019538879395,0.7718597054481506,8.518533706665039,8.253609657287598,6.3011298179626465,6.944886207580566,8.262643814086914,10.904358863830566,12.20492935180664,8.865640640258789,2.0837514400482178,-3.16149640083313,-3.4460086822509766,-1.379879355430603,-4.280211448669434,-6.286195278167725,-1.197894811630249,4.6640777587890625,7.054559707641602,8.828076362609863,11.113012313842773,12.217411041259766,12.29986572265625,13.080641746520996,15.746430397033691,14.700970649719238,9.958467483520508,9.426334381103516,8.269566535949707,6.992520809173584,5.124960422515869
17.048851013183594,14.137377738952637,16.421131134033203,16.792789459228516,6.038210868835449,-1.4863190650939941,-4.011685848236084,-6.395744800567627,2.0417957305908203,-0.9252252578735352,-0.41611772775650024,-0.3773166239261627,0.1065177395939827,1.0469048023223877,1.6142665147781372,7.153255939483643,9.409010887145996,10.43246078491211,8.518282890319824,6.554229736328125,8.351978302001953,5.711726188659668,-2.861847162246704,-9.7658109664917,-10.767059326171875,-8.651488304138184,-8.79556941986084,-8.669975280761719,-4.383393287658691,3.4459586143493652,9.10755729675293,8.433895111083984,7.86784553527832,8.640523910522461,8.864094734191895,10.010801315307617,14.248778343200684,15.543272972106934,14.225713729858398,11.604820251464844,9.668450355529785,9.69115161895752,7.200738430023193,5.160876750946045
