data/wind_data/wind_Surface_15.json
{"header": {"parameterUnit": "KT", "parameterCategory": 2, "nx": 255, "ny": 198, "lo1": 44.73521041870117, "la1": -3.236724853515625, "lo2": 111.26478576660156, "la2": 43.468475341796875, "dx": 0.26192745566368103, "dy": -0.23708222806453705, "refTime": "2025-02-19 15:00:00", "forecastTime": 0, "parameterNumber": 3, "parameterNumberName": "northward_wind"}, "data":
[rows 95 to 113 of 198, columns 172 to 214 of 255]
8.226543426513672,7.763950824737549,7.059854984283447,6.023794651031494,5.124397277832031,3.930678606033325,2.68113374710083,1.3392269611358643,0.14032435417175293,-1.3531414270401,-2.7380032539367676,-3.375331163406372,-3.061805248260498,-1.5149154663085938,-3.335059881210327,-4.780818939208984,-3.394810914993286,-1.4156674146652222,-0.5521787405014038,2.314741611480713,2.853710174560547,2.0404975414276123,-0.05490696802735329,-0.11077503859996796,2.3149704933166504,2.6447360515594482,2.6373682022094727,3.991349220275879,5.033547878265381,3.6526379585266113,0.7935629487037659,-1.3601326942443848,-2.3639254570007324,-2.028898000717163,0.21703128516674042,3.156400203704834,4.253097057342529,3.6239731311798096,1.4253705739974976,-1.2984331846237183,-3.2054710388183594,-3.7521958351135254,2.3928463459014893
8.400788307189941,7.61836051940918,6.601557731628418,5.919190406799316,5.5486931800842285,4.862121105194092,3.5946648120880127,2.0355052947998047,0.4333004653453827,-0.3194635212421417,-1.66293466091156,-3.456651210784912,-3.1369423866271973,-3.4272525310516357,-4.77747106552124,-4.2318525314331055,-1.669459581375122,-0.21716192364692688,-1.979928731918335,-1.6479246616363525,-1.358078122138977,-1.4380773305892944,-2.7332658767700195,-2.0083279609680176,2.559918165206909,3.778705596923828,3.8369555473327637,3.6625406742095947,4.455263137817383,3.0171656608581543,-0.4456816613674164,-2.111330509185791,-2.3491501808166504,-2.7862319946289062,-1.4496039152145386,2.1446216106414795,3.310295343399048,3.8835043907165527,1.6525402069091797,-1.5801998376846313,-3.6637861728668213,-3.01996111869812,-0.5245530009269714
8.824479103088379,7.829567909240723,6.331973075866699,5.982029438018799,5.9459075927734375,5.389926910400391,4.336009979248047,2.702489137649536,1.6273187398910522,0.8279282450675964,0.15504133701324463,-1.4084446430206299,-2.10715389251709,-3.367504358291626,-3.8390679359436035,-2.1144561767578125,0.3299873471260071,-0.28697243332862854,-2.5131797790527344,-0.8882906436920166,-0.6916324496269226,-1.3178620338439941,-1.9607220888137817,-2.010256052017212,-0.8148351907730103,-0.7001563310623169,0.6543554663658142,2.638810157775879,4.237314701080322,1.2769962549209595,-1.3462239503860474,-1.546626091003418,-1.4815523624420166,-3.125277042388916,-2.508319616317749,2.140005111694336,3.600269079208374,3.5873513221740723,-0.09633126109838486,-3.5093350410461426,-3.4672329425811768,-1.7023212909698486,-1.3082700967788696
7.82335090637207,6.17160177230835,5.069570541381836,5.385063648223877,6.060384273529053,5.674822807312012,5.113487243652344,3.5942206382751465,2.2495694160461426,2.0009827613830566,1.8286372423171997,0.11191682517528534,-1.2889039516448975,-2.537337303161621,-3.1924068927764893,-0.3058997392654419,1.7918002605438232,-0.6805984973907471,-2.6340715885162354,-0.5039722323417664,0.9810692667961121,1.149277925491333,0.06998517364263535,-0.4543149471282959,-2.0965237617492676,-3.922105312347412,-3.684486150741577,-1.6415791511535645,2.784789800643921,2.0222089290618896,-0.2776966691017151,-0.0017995897214859724,-0.9019443988800049,-3.100409507751465,-2.474806308746338,2.9040191173553467,3.532153606414795,2.0702152252197266,-2.6422224044799805,-3.7812628746032715,-1.3262348175048828,-0.25577592849731445,0.06426235288381577
4.041703224182129,3.533735752105713,3.9923593997955322,5.510837554931641,5.50133752822876,6.126076698303223,5.590042591094971,4.751392364501953,2.3675878047943115,2.9829518795013428,2.8045458793640137,-0.20620401203632355,-2.0174543857574463,-2.868114709854126,-3.3943116664886475,-1.1574381589889526,-0.5931416153907776,-1.4339680671691895,-1.5872414112091064,-0.9348536133766174,0.4553481936454773,1.2992745637893677,0.6647511124610901,0.6834332942962646,0.5113909244537354,-0.45368438959121704,-2.1362996101379395,-2.244130849838257,1.1347155570983887,4.22105598449707,2.558710813522339,0.5279861092567444,-2.855241060256958,-2.0209789276123047,-0.9367095828056335,0.8130791783332825,2.136925220489502,2.003464460372925,-0.17312267422676086,-0.851089596748352,1.3557875156402588,1.5815008878707886,-0.9368390440940857
4.865303993225098,4.947289943695068,4.976590156555176,5.818209171295166,5.239116191864014,6.526910781860352,6.055016040802002,4.8713908195495605,2.530416250228882,3.1154096126556396,2.403486490249634,-0.8840901255607605,-2.0497758388519287,-3.2340312004089355,-3.0085644721984863,-1.816257357597351,-1.9949525594711304,-2.1712708473205566,0.2123555690050125,0.43977460265159607,-0.1034163311123848,1.230157732963562,0.9608479142189026,0.12968599796295166,-0.09639006108045578,0.2697654664516449,-0.5560709834098816,-2.090297222137451,-1.7242329120635986,3.1870081424713135,3.7210581302642822,0.15322305262088776,-3.0321903228759766,0.044707413762807846,0.8359273076057434,-0.08777561783790588,1.8541520833969116,2.656365156173706,2.8674886226654053,1.9342551231384277,3.2836899757385254,1.920101523399353,-2.947143793106079
7.059924602508545,6.647601127624512,6.585403919219971,6.915108680725098,5.725647449493408,6.5993971824646,6.3226141929626465,3.2463912963867188,1.8469865322113037,1.872604250907898,1.6748906373977661,-0.1487855315208435,-0.3698957562446594,-1.3539304733276367,-1.7692400217056274,-0.1435495764017105,-0.1801312416791916,-0.404447466135025,1.8557183742523193,1.4703996181488037,-1.3677879571914673,0.8329339027404785,0.8774639964103699,-0.1997099071741104,-0.7381306886672974,0.34324973821640015,0.8500974178314209,-1.8253724575042725,-3.1607494354248047,-1.721526861190796,0.8899157643318176,-0.604099452495575,-2.0244455337524414,1.247099757194519,2.011261463165283,2.097294807434082,0.6552229523658752,0.9866077303886414,1.1991170644760132,1.6253174543380737,3.3908040523529053,1.7862720489501953,0.044937193393707275
7.976907730102539,7.106276512145996,7.401100158691406,7.78218412399292,6.225761413574219,5.826415538787842,5.1508989334106445,2.7282493114471436,1.3464099168777466,0.9805799722671509,0.8291248083114624,0.25633034110069275,1.057312250137329,1.1667288541793823,-0.4699838161468506,-0.21594980359077454,0.2440652847290039,0.978108286857605,0.4548037350177765,-2.0957443714141846,-2.468999147415161,-1.5048837661743164,-0.574272096157074,0.48660460114479065,1.722175121307373,3.7790093421936035,4.470990180969238,2.224219799041748,-2.82022762298584,-3.64902400970459,-1.3446513414382935,-1.6865471601486206,-3.223531723022461,1.107055902481079,3.7664551734924316,2.194500207901001,0.4037206470966339,0.3232329189777374,1.0324008464813232,1.080382227897644,0.5910588502883911,0.40915554761886597,3.784288167953491
6.795155048370361,7.384969711303711,7.4541120529174805,9.576447486877441,6.521416664123535,5.665095806121826,4.660345554351807,3.2122793197631836,1.9634915590286255,1.0743058919906616,-0.0600547194480896,-0.45736944675445557,0.5161912441253662,2.2758712768554688,0.46149471402168274,-1.4041845798492432,-0.5713390707969666,-0.04556382820010185,-3.1381072998046875,-3.7490158081054688,-3.6523520946502686,-4.018404483795166,-3.049733877182007,-0.8424439430236816,3.0933990478515625,5.673617839813232,6.30711555480957,3.1921801567077637,-2.4115524291992188,-3.8146727085113525,-3.7255876064300537,-3.5217580795288086,-3.524611711502075,-1.4805591106414795,3.1192924976348877,1.2048900127410889,2.420578718185425,3.0601868629455566,4.3519439697265625,2.267146587371826,-0.6042732000350952,-2.9579408168792725,0.0284289363771677
5.539262294769287,5.986605167388916,6.473799705505371,9.872241973876953,6.026116847991943,5.477868556976318,3.614557981491089,2.915494918823242,1.9019556045532227,0.9597430229187012,0.394301176071167,-0.011499173939228058,-0.13854749500751495,1.1524724960327148,1.0136698484420776,-1.5943375825881958,-2.356260299682617,-2.161907196044922,-2.990894317626953,-2.3991215229034424,-3.4638357162475586,-4.324950218200684,-4.352652549743652,-2.99324631690979,1.1750069856643677,4.333906650543213,5.849701404571533,3.815234661102295,2.2314512729644775,-3.126042366027832,-5.338048934936523,-4.746130466461182,-4.393529415130615,-4.166561126708984,-2.8921494483947754,-1.068163275718689,3.111858606338501,5.6323394775390625,2.4153659343719482,-0.7860329747200012,-1.6264632940292358,-2.8852901458740234,-3.028902053833008
2.362623929977417,5.087953090667725,5.4520134925842285,7.020290374755859,5.905083179473877,5.692590713500977,3.2460854053497314,2.9724936485290527,2.5405006408691406,2.1581509113311768,2.12518572807312,2.580078363418579,2.128333568572998,1.7379108667373657,2.1119401454925537,-1.0795700550079346,-3.5446736812591553,-2.8735873699188232,-3.030707359313965,-3.7572293281555176,-3.51739764213562,-3.944248914718628,-3.3567707538604736,-3.1318869590759277,-2.7349274158477783,1.892865777015686,2.397616147994995,4.0182271003723145,3.6327714920043945,-0.21299737691879272,-3.3787639141082764,-3.639320135116577,-3.696265697479248,-4.372654914855957,-4.753409385681152,-4.104095935821533,-2.2370035648345947,1.0515066385269165,-0.3169897496700287,-1.478919506072998,-2.2604429721832275,-2.6642861366271973,-2.4525506496429443
-2.108227252960205,2.310840606689453,3.5926196575164795,5.167203426361084,5.8716044425964355,5.387394428253174,3.3192713260650635,3.223939895629883,3.1577823162078857,3.494453191757202,3.123255491256714,3.278154134750366,3.5071206092834473,3.8215928077697754,3.3584835529327393,0.4547266960144043,-1.9194639921188354,-1.9229466915130615,-3.1744019985198975,-4.704993724822998,-3.5524892807006836,-3.4714865684509277,-3.048707962036133,-4.067216396331787,-3.3141636848449707,-1.7514644861221313,-0.22175782918930054,1.3312910795211792,2.8561460971832275,1.2684980630874634,0.15742504596710205,0.9432017803192139,-0.5992258191108704,-3.095628261566162,-4.484007358551025,-4.501134395599365,-3.583897829055786,-1.7025591135025024,1.0739818811416626,1.909955620765686,-1.0645227432250977,-3.020970344543457,-1.8692044019699097
-3.9223792552948,-1.9497216939926147,1.50786292552948,2.7757904529571533,3.906193971633911,3.856896162033081,1.6721830368041992,2.1757500171661377,2.4920401573181152,2.2284457683563232,3.5844032764434814,4.12938928604126,4.357133388519287,4.115795612335205,3.8296926021575928,2.6327309608459473,-0.49871310591697693,-2.4742627143859863,-2.2808516025543213,-3.733458995819092,-3.7404632568359375,-3.4962668418884277,-3.7058067321777344,-3.286196708679199,-3.402385711669922,-3.736455202102661,-1.3480017185211182,0.44107311964035034,1.9412510395050049,0.8487523198127747,-1.6351792812347412,-0.7798446416854858,1.5401246547698975,-3.5515506267547607,-4.061743259429932,-1.992780327796936,0.8725284337997437,1.5121649503707886,1.3826216459274292,3.658770799636841,1.7232400178909302,0.3627106249332428,-0.5465704798698425
-4.811965465545654,-4.643157005310059,-1.7219840288162231,0.020853117108345032,0.7795683145523071,1.3639012575149536,-0.530221164226532,-0.794407069683075,-0.16421645879745483,0.28880730271339417,1.435863971710205,3.9274849891662598,4.919804096221924,3.7669365406036377,3.4086484909057617,1.9195080995559692,-0.8912739753723145,-4.287224769592285,-2.7231528759002686,-1.4029088020324707,-3.1053519248962402,-3.2447125911712646,-3.9190475940704346,-3.457704782485962,-4.107767581939697,-4.497629165649414,-3.3811392784118652,-1.6474961042404175,0.232908695936203,0.9187754392623901,-1.7362160682678223,-3.1830081939697266,-2.0138282775878906,-1.9759968519210815,-1.4289847612380981,-1.3522062301635742,-0.050248533487319946,2.7818353176116943,1.4473451375961304,2.084063768386841,3.8309497833251953,2.5670065879821777,-0.6716164350509644
-4.723224639892578,-5.057160377502441,-4.6111602783203125,-2.75427508354187,-1.7655718326568604,-2.0002973079681396,-3.1551554203033447,-4.398182392120361,-4.736072063446045,-2.755037784576416,-2.4979374408721924,0.4620450437068939,2.451043128967285,2.2643964290618896,0.9498435258865356,-0.8799493908882141,-3.594273567199707,-4.9316840171813965,-6.113276958465576,-3.3234875202178955,-3.248121738433838,-2.873499631881714,-3.146559000015259,-3.877918243408203,-5.1753129959106445,-4.734960079193115,-4.690056800842285,-3.4936602115631104,-0.11528497189283371,1.8454761505126953,0.1630670428276062,-2.9412333965301514,-3.661928415298462,-1.8659230470657349,1.0253143310546875,-0.6341232061386108,-2.7603933811187744,-1.3714184761047363,0.9734567999839783,0.8107638359069824,2.247875213623047,0.8518468737602234,-0.6384021639823914
-3.282689332962036,-3.755236864089966,-4.353195667266846,-4.6745524406433105,-4.395934581756592,-4.512566089630127,-5.61998176574707,-6.269521713256836,-7.096074104309082,-7.3792243003845215,-8.647150993347168,-7.091411590576172,-5.42697811126709,-2.1711087226867676,-1.5728954076766968,-3.9286413192749023,-6.543737888336182,-5.528011322021484,-7.317595481872559,-6.85464334487915,-4.413815498352051,-3.575641632080078,-3.0923500061035156,-3.546255588531494,-4.174107074737549,-4.055019855499268,-3.915093421936035,-3.711125612258911,0.8911846876144409,1.6167597770690918,-0.3939359784126282,-3.5864970684051514,-3.290706157684326,-3.450723171234131,-1.227503776550293,-0.35578081011772156,-2.0111587047576904,-2.5160999298095703,0.46512526273727417,1.0852940082550049,-0.5906873345375061,-0.37558647990226746,0.4446558952331543
-3.0613043308258057,-5.176426887512207,-6.630268573760986,-6.575628280639648,-6.648589611053467,-7.046587944030762,-9.140896797180176,-10.029576301574707,-10.38589096069336,-10.359760284423828,-10.02597713470459,-7.144351005554199,-5.902390956878662,-4.7762837409973145,-3.4394192695617676,-3.355163335800171,-4.194552898406982,-3.9057669639587402,-4.4239182472229,-5.5945916175842285,-4.7254180908203125,-3.735302209854126,-2.8697152137756348,-2.916745185852051,-2.081918478012085,-2.074232816696167,-4.029723644256592,-3.0723657608032227,-0.5496241450309753,1.3462626934051514,0.3458567261695862,-2.4363155364990234,-2.6636884212493896,-3.148786783218384,-2.5334348678588867,-3.688295841217041,-3.283808708190918,-2.649815797805786,-0.08884057402610779,1.2151424884796143,-1.1106579303741455,-0.8751544952392578,-0.852267324924469
-4.080162525177002,-6.7220330238342285,-6.728909492492676,-6.325443744659424,-6.62957763671875,-7.363875389099121,-7.154121398925781,-6.513472080230713,-6.31458854675293,-5.123732566833496,-2.6675431728363037,-0.7435677647590637,-1.965326189994812,-1.7450801134109497,1.3612165451049805,1.388443946838379,-0.7261484861373901,-0.23585084080696106,-0.6713009476661682,-3.1213483810424805,-5.272152900695801,-3.6812195777893066,-2.3994596004486084,-2.49401593208313,-2.9422128200531006,-3.0337917804718018,-3.6213715076446533,-3.583486795425415,-4.018195629119873,-1.4916638135910034,3.1684529781341553,1.6546508073806763,-1.4938007593154907,-4.239475727081299,-2.3698906898498535,-5.2570929527282715,-5.398478031158447,-3.8134753704071045,-1.9293709993362427,-0.15724176168441772,0.37222519516944885,0.7595003247261047,0.860822319984436
-3.1215789318084717,-3.5907814502716064,-4.937344551086426,-4.795299053192139,-4.5229597091674805,-4.287013053894043,-2.784238815307617,-1.7063285112380981,-1.661863088607788,-1.9227184057235718,-1.5283488035202026,-1.0631523132324219,0.006556255742907524,3.0182125568389893,5.32515287399292,4.627960681915283,3.3251845836639404,2.279106616973877,2.0687735080718994,-1.647478699684143,-5.9685845375061035,-6.043187141418457,-3.3470911979675293,-3.7161121368408203,-4.934321880340576,-5.02293586730957,-3.838700771331787,-4.98145866394043,-6.164109230041504,-4.437591552734375,2.8356783390045166,3.6423544883728027,0.4172442555427551,-2.255679130554199,-2.0590596199035645,-5.674071311950684,-6.0311598777771,-5.4091477394104,-3.613586664199829,-1.431578516960144,2.1088314056396484,3.0469887256622314,3.4020955562591553
