data/wind_data/wind_28_7.json
{"header": {"parameterUnit": "KT", "parameterCategory": 2, "nx": 256, "ny": 198, "lo1": 44.73521041870117, "la1": -3.236724853515625, "lo2": 111.26478576660156, "la2": 43.468475341796875, "dx": 0.2609002888202667, "dy": -0.23708222806453705, "refTime": "2025-02-20 04:00:00", "forecastTime": 0, "parameterNumber": 2, "parameterNumberName": "eastward_wind"}, "data":
[rows 100 to 119 of 198, columns 0 to 43 of 256]
89.29196166992188,88.10110473632812,88.10185241699219,88.27391815185547,88.14518737792969,88.4008560180664,89.06534576416016,89.56843566894531,89.69255065917969,89.59367370605469,89.54985809326172,89.70843505859375,90.00472259521484,90.35997009277344,90.62545776367188,90.62846374511719,90.36590576171875,89.94967651367188,89.51072692871094,89.10964965820312,88.70648193359375,88.25164031982422,87.72211456298828,87.1438217163086,86.53456115722656,85.84976196289062,85.14266204833984,84.6229248046875,84.46619415283203,84.7357177734375,85.40467834472656,86.26856231689453,87.01522064208984,87.54505920410156,88.06145477294922,88.75955963134766,89.68651580810547,90.80949401855469,92.03300476074219,93.15868377685547,94.00206756591797,94.5449447631836,94.91645050048828,95.25056457519531
91.01901245117188,89.48477935791016,89.20079040527344,89.11116027832031,88.87967681884766,89.17584991455078,89.79000091552734,90.43019104003906,90.98430633544922,91.0449447631836,90.76065826416016,90.5499267578125,90.59700775146484,90.99269104003906,91.46039581298828,91.54207611083984,91.19656372070312,90.7223129272461,90.28173828125,89.81937408447266,89.29953002929688,88.75048065185547,88.20629119873047,87.70947265625,87.2245101928711,86.6036376953125,85.88040924072266,85.31185150146484,85.05838012695312,85.15122985839844,85.61166381835938,86.33467102050781,87.04013061523438,87.55585479736328,88.01545715332031,88.64187622070312,89.4874267578125,90.50450134277344,91.6581802368164,92.81167602539062,93.74767303466797,94.31999969482422,94.60797882080078,94.86579132080078
92.4034423828125,90.85088348388672,90.35693359375,89.82036590576172,89.5146713256836,89.65763092041016,89.97036743164062,90.62332153320312,91.62380981445312,92.06269836425781,91.78718566894531,91.53265380859375,91.7002944946289,92.19342803955078,92.63468933105469,92.68057250976562,92.41258239746094,92.10499572753906,91.71732330322266,91.14846801757812,90.52002716064453,89.92776489257812,89.3168716430664,88.66203308105469,87.97955322265625,87.23267364501953,86.52765655517578,86.04468536376953,85.80953979492188,85.80156707763672,86.06620025634766,86.60719299316406,87.2947769165039,87.9344253540039,88.42475128173828,88.87525939941406,89.45893859863281,90.19737243652344,91.06594848632812,92.062744140625,93.09957885742188,93.94031524658203,94.43515014648438,94.74617004394531
93.86135864257812,92.17467498779297,91.60713195800781,90.99102783203125,90.69436645507812,90.63664245605469,90.62593078613281,91.10009002685547,92.3828353881836,93.32161712646484,93.2328872680664,93.0545883178711,93.41812896728516,93.966552734375,94.26831817626953,94.19634246826172,94.00817108154297,93.91658782958984,93.68563842773438,93.15828704833984,92.50421905517578,91.79015350341797,90.85520935058594,89.68037414550781,88.4461441040039,87.37288665771484,86.64022827148438,86.30680084228516,86.20215606689453,86.18299865722656,86.32103729248047,86.69834899902344,87.27951049804688,87.93478393554688,88.529052734375,89.04503631591797,89.5280990600586,89.99952697753906,90.46551513671875,91.07330322265625,91.99118041992188,93.12100219726562,94.1004638671875,94.66644287109375
95.45336151123047,93.2431640625,92.60234069824219,92.24046325683594,92.09525299072266,91.98431396484375,91.75650024414062,92.09481048583984,93.61798095703125,95.0392074584961,95.24175262451172,95.0821304321289,95.35979461669922,95.83519744873047,96.04560852050781,95.90400695800781,95.84426879882812,96.00641632080078,95.98820495605469,95.62403106689453,94.92752838134766,93.7697525024414,92.15193176269531,90.33502960205078,88.64045715332031,87.35894012451172,86.68614959716797,86.50287628173828,86.44379425048828,86.35842895507812,86.3614501953125,86.54632568359375,86.9457015991211,87.55015563964844,88.2960205078125,89.05230712890625,89.62488555908203,89.9186019897461,89.99146270751953,90.15321350097656,90.75752258300781,91.82076263427734,93.04594421386719,93.97216033935547
97.01508331298828,94.58172607421875,93.90140533447266,93.67719268798828,93.7032470703125,93.59938049316406,93.35005187988281,93.82416534423828,95.62512969970703,97.40445709228516,97.73908996582031,97.34434509277344,97.32240295410156,97.65959167480469,97.81331634521484,97.75537872314453,97.89878845214844,98.1852035522461,98.21409606933594,97.81867218017578,96.80304718017578,95.09931945800781,92.87542724609375,90.46891021728516,88.55738067626953,87.5202407836914,87.10962677001953,86.7990951538086,86.44328308105469,86.24493408203125,86.32644653320312,86.61019134521484,87.03282928466797,87.57891082763672,88.21857452392578,88.88005828857422,89.40227508544922,89.69769287109375,89.75299835205078,89.69889831542969,89.98253631591797,90.7544937133789,91.74950408935547,92.57649230957031
98.5594253540039,96.42359924316406,95.77670288085938,95.43946075439453,95.28038024902344,95.0769271850586,95.104736328125,96.00825500488281,98.05484771728516,99.70072937011719,99.6707534790039,99.0577621459961,98.97191619873047,99.2455062866211,99.3878402709961,99.46533966064453,99.59513854980469,99.70684814453125,99.66948699951172,99.03954315185547,97.6236572265625,95.61729431152344,93.19280242919922,90.83291625976562,89.07235717773438,87.93465423583984,87.17240142822266,86.64643859863281,86.4337387084961,86.41875457763672,86.54418182373047,86.77360534667969,87.08623504638672,87.50440979003906,88.0053482055664,88.49484252929688,88.86067962646484,89.08683013916016,89.25042724609375,89.44792175292969,89.76473236083984,90.13323974609375,90.56730651855469,91.04025268554688
99.90316772460938,98.01142883300781,97.40493774414062,96.86064910888672,96.26641845703125,95.97742462158203,96.4236831665039,97.82747650146484,99.7495346069336,100.72595977783203,100.46817016601562,100.11119842529297,100.20977020263672,100.45083618164062,100.49674987792969,100.54348754882812,100.49723052978516,100.44474029541016,100.22039031982422,99.38272094726562,97.83549499511719,95.81056213378906,93.57300567626953,91.5304946899414,89.83363342285156,88.53736114501953,87.58548736572266,86.78129577636719,86.12820434570312,85.90052032470703,86.35847473144531,86.9580078125,87.15552520751953,87.04105377197266,87.06588745117188,87.44601440429688,87.94595336914062,88.28712463378906,88.55343627929688,89.0565414428711,89.75303649902344,90.0362548828125,89.84699249267578,89.8418197631836
100.96985626220703,99.0020980834961,98.43709564208984,97.79273986816406,96.9501724243164,96.6219711303711,97.23966979980469,98.77632904052734,100.33786010742188,100.98351287841797,100.96638488769531,100.96420288085938,101.15250396728516,101.24624633789062,101.13278198242188,101.03758239746094,100.67630004882812,100.29393005371094,100.237060546875,99.48163604736328,97.57769775390625,95.37815856933594,93.49659729003906,91.88705444335938,90.3748779296875,88.98521423339844,87.89881896972656,86.98506164550781,86.20027923583984,85.72128295898438,85.7464828491211,85.90752410888672,85.92593383789062,85.9859390258789,86.3973388671875,86.98696899414062,87.30418395996094,87.3746566772461,87.68396759033203,88.53628540039062,89.61373901367188,90.04004669189453,89.69650268554688,89.51283264160156
101.83828735351562,99.66633605957031,99.15168762207031,98.51424407958984,97.66065979003906,97.21837615966797,97.6162109375,99.00299835205078,100.47789001464844,101.2461166381836,101.52375030517578,101.67337036132812,101.7577133178711,101.54157257080078,101.18527221679688,100.9451675415039,100.51673889160156,100.0758056640625,99.78689575195312,98.78783416748047,97.01020050048828,95.24163818359375,93.73253631591797,92.22517395019531,90.74659729003906,89.2596435546875,87.84325408935547,86.88125610351562,86.20455932617188,85.71357727050781,85.51653289794922,85.32244110107422,84.76078796386719,84.3231430053711,84.60697174072266,85.50587463378906,86.22103881835938,86.55548095703125,87.09092712402344,88.19315338134766,89.44412994384766,90.01016235351562,89.94242858886719,89.95020294189453
102.6020736694336,100.43875885009766,99.96566009521484,99.30513000488281,98.36170196533203,97.65087890625,97.79033660888672,99.0811996459961,100.48699188232422,101.27539825439453,101.75440979003906,101.91246795654297,101.64842987060547,101.1046371459961,100.70536041259766,100.60888671875,100.2502212524414,99.65074157714844,98.97795867919922,97.96324920654297,96.56285095214844,95.1858139038086,93.92327880859375,92.58122253417969,91.16346740722656,89.7480239868164,88.32408142089844,87.11573028564453,86.26189422607422,85.73268127441406,85.3799819946289,85.15252685546875,84.70648193359375,84.04264831542969,83.6142578125,83.76469421386719,84.2481460571289,84.91059875488281,85.98945617675781,87.54124450683594,88.99433898925781,89.73524475097656,89.96092987060547,90.0995864868164
103.02462768554688,100.85106658935547,100.33800506591797,99.63204193115234,98.47262573242188,97.51619720458984,97.59333801269531,98.61418151855469,99.64588928222656,100.63402557373047,101.54786682128906,101.55182647705078,100.81485748291016,100.20203399658203,100.01319885253906,99.98438262939453,99.60551452636719,98.89360809326172,98.08441162109375,97.13996887207031,96.0522689819336,95.154052734375,94.36264038085938,93.31521606445312,92.02218627929688,90.71199798583984,89.42743682861328,88.08035278320312,86.8046646118164,85.90736389160156,85.44053649902344,85.22344970703125,84.86927795410156,84.17019653320312,83.35344696044922,82.7961196899414,82.76127624511719,83.4377670288086,84.8436050415039,86.63507843017578,88.09304809570312,88.80258178710938,89.16179656982422,89.50875854492188
102.80760192871094,100.39237976074219,99.76896667480469,99.04090881347656,97.84455108642578,96.92249298095703,96.81023406982422,97.19121551513672,98.05113983154297,99.63513946533203,100.94639587402344,100.84507751464844,100.02654266357422,99.52215576171875,99.37946319580078,99.2237777709961,98.82835388183594,98.20443725585938,97.46227264404297,96.61591339111328,95.79026794433594,95.21903991699219,94.7282485961914,93.96952056884766,92.8663330078125,91.59197998046875,90.35208892822266,89.10955810546875,87.7635498046875,86.51797485351562,85.68782806396484,85.26472473144531,84.87165832519531,84.1900863647461,83.19013214111328,82.20443725585938,81.90836334228516,82.70228576660156,84.26313781738281,85.87879943847656,86.93562316894531,87.38050079345703,87.77761840820312,88.32940673828125
102.34607696533203,99.58395385742188,98.94062805175781,98.28963470458984,97.36549377441406,96.50150299072266,95.92198944091797,95.86670684814453,96.88079833984375,98.77167510986328,100.1335220336914,100.2434310913086,99.77999877929688,99.3573226928711,99.0625991821289,98.8157958984375,98.43701934814453,97.81050109863281,97.03504180908203,96.3553466796875,95.84725952148438,95.42160034179688,94.94219207763672,94.25171661376953,93.22667694091797,91.96797943115234,90.73301696777344,89.58088684082031,88.4071044921875,87.24679565429688,86.3007583618164,85.60636901855469,84.9496841430664,84.06294250488281,82.83843994140625,81.71529388427734,81.51402282714844,82.46166229248047,83.99031066894531,85.3396224975586,85.9820785522461,86.08241271972656,86.42042541503906,87.1442642211914
102.08361053466797,99.15922546386719,98.61592864990234,98.19419860839844,97.60601043701172,96.56275177001953,95.60315704345703,95.51627349853516,96.54712677001953,98.16869354248047,99.43955993652344,99.8953628540039,99.77902221679688,99.51858520507812,99.2762222290039,98.93883514404297,98.31485748291016,97.41558837890625,96.55094909667969,96.00006103515625,95.59471893310547,95.20606994628906,94.76913452148438,94.04070281982422,92.92045593261719,91.63603210449219,90.48114776611328,89.48670196533203,88.5429916381836,87.64212036132812,86.84517669677734,86.09244537353516,85.15381622314453,83.89473724365234,82.5339584350586,81.55497741699219,81.4825210571289,82.49890899658203,84.05907440185547,85.2724609375,85.63728332519531,85.43733215332031,85.57487487792969,86.32162475585938
101.77822875976562,98.83204650878906,98.36890411376953,98.25406646728516,97.93379211425781,96.76973724365234,95.69325256347656,95.59475708007812,96.33259582519531,97.43785858154297,98.49402618408203,99.17671966552734,99.4836654663086,99.5570297241211,99.31063079833984,98.70075988769531,97.80135345458984,96.75147247314453,95.80810546875,95.12252807617188,94.53368377685547,94.01881408691406,93.49519348144531,92.68744659423828,91.58402252197266,90.49870300292969,89.65764617919922,88.98238372802734,88.27400970458984,87.5375747680664,86.85791778564453,86.07648468017578,84.88201904296875,83.4113998413086,82.19477081298828,81.56170654296875,81.67713165283203,82.72628784179688,84.36971282958984,85.55049133300781,85.65162658691406,85.18537139892578,85.17205810546875,86.01111602783203
101.22724914550781,98.23529052734375,97.67412567138672,97.70757293701172,97.5834732055664,96.6361312866211,95.6486587524414,95.33707427978516,95.67280578613281,96.38799285888672,97.22743225097656,98.00602722167969,98.65650939941406,98.8952407836914,98.5166244506836,97.79269409179688,96.90734100341797,95.8351058959961,94.67555236816406,93.59932708740234,92.70051574707031,92.02084350585938,91.39645385742188,90.60796356201172,89.76483917236328,89.1283950805664,88.7213363647461,88.30562591552734,87.7256088256836,87.06309509277344,86.36238861083984,85.40492248535156,84.06324768066406,82.6578140258789,81.65875244140625,81.37774658203125,81.85993194580078,83.0155258178711,84.60447692871094,85.81439971923828,85.94366455078125,85.3273696899414,85.109619140625,86.00701141357422
100.45166778564453,97.45865631103516,96.72816467285156,96.66707611083984,96.6710205078125,96.14905548095703,95.29391479492188,94.69644927978516,94.7273941040039,95.24473571777344,95.94758605957031,96.70951080322266,97.37010192871094,97.57799530029297,97.27167510986328,96.67256927490234,95.77748107910156,94.58428955078125,93.2272720336914,91.96898651123047,90.995849609375,90.19939422607422,89.45206451416016,88.86212921142578,88.51677703857422,88.3080062866211,88.04226684570312,87.60836791992188,87.0765609741211,86.54722595214844,85.90269470214844,84.93194580078125,83.5610580444336,82.03142547607422,80.953369140625,80.94398498535156,81.97209167480469,83.4017562866211,84.81026458740234,85.89418029785156,86.17782592773438,85.77188110351562,85.56275177001953,86.35353088378906
99.2625503540039,96.46165466308594,95.75812530517578,95.50598907470703,95.55156707763672,95.41114044189453,94.7513198852539,94.02928161621094,93.76197052001953,93.98258972167969,94.54109954833984,95.27986907958984,95.93643951416016,96.19915008544922,95.9968490600586,95.39643859863281,94.34729766845703,93.06292724609375,91.81829071044922,90.76510620117188,89.86656951904297,89.07527160644531,88.47052764892578,88.1234359741211,87.98507690429688,87.91029357910156,87.6856918334961,87.22907257080078,86.71636199951172,86.29739379882812,85.8629379272461,85.0359878540039,83.53643035888672,81.78609466552734,80.78782653808594,81.20433044433594,82.69791412353516,84.32923889160156,85.43750762939453,86.12369537353516,86.48789978027344,86.5177001953125,86.62034606933594,87.39035034179688
97.74394226074219,95.33467102050781,94.78086853027344,94.33416748046875,94.36265563964844,94.54971313476562,94.22126007080078,93.5807876586914,93.04588317871094,92.85012817382812,93.13214874267578,93.78710174560547,94.48680114746094,94.7884521484375,94.53031158447266,93.81098937988281,92.6915054321289,91.50669860839844,90.48834228515625,89.67604064941406,89.01482391357422,88.43660736083984,88.02596282958984,87.91751098632812,87.89698028564453,87.61682891845703,87.14112854003906,86.7364730834961,86.6091537475586,86.64896392822266,86.39353942871094,85.2350082397461,83.17694091796875,81.27804565429688,80.83572387695312,82.0556411743164,83.95551300048828,85.4284439086914,86.067626953125,86.39657592773438,86.97859191894531,87.69156646728516,88.39840698242188,89.22223663330078
