data/wind_data/wind_53_5.json
{"header": {"parameterUnit": "KT", "parameterCategory": 2, "nx": 256, "ny": 198, "lo1": 44.73521041870117, "la1": -3.236724853515625, "lo2": 111.26478576660156, "la2": 43.468475341796875, "dx": 0.2609002888202667, "dy": -0.23708222806453705, "refTime": "2025-02-21 05:00:00", "forecastTime": 0, "parameterNumber": 2, "parameterNumberName": "eastward_wind"}, "data":
[rows 152 to 170 of 198, columns 132 to 175 of 256]
40.38322830200195,39.877323150634766,38.26454162597656,38.23930358886719,36.552947998046875,30.89682388305664,28.39961814880371,28.140846252441406,25.906965255737305,23.195037841796875,19.381738662719727,15.290010452270508,13.285687446594238,13.804150581359863,18.876882553100586,23.5636043548584,24.91474151611328,27.037586212158203,29.642728805541992,30.227140426635742,28.50111961364746,27.393796920776367,29.602924346923828,31.8353328704834,29.744020462036133,30.42714500427246,35.45062255859375,36.1293830871582,31.776119232177734,27.37803077697754,27.004364013671875,29.241283416748047,31.16546630859375,32.40806579589844,33.133567810058594,32.828277587890625,31.342374801635742,28.74634552001953,27.092037200927734,27.315431594848633,28.992761611938477,31.909122467041016,34.73686599731445,36.327423095703125
39.44594192504883,40.26936721801758,38.42026901245117,36.375343322753906,35.54179000854492,32.896297454833984,30.960880279541016,29.957426071166992,27.283952713012695,23.229333877563477,19.97869873046875,18.594696044921875,19.356332778930664,16.712779998779297,15.904141426086426,21.00686264038086,23.413496017456055,24.771114349365234,27.12128448486328,28.182985305786133,27.030786514282227,26.91577911376953,28.936038970947266,30.89530372619629,31.615114212036133,32.7244873046875,29.919965744018555,26.373146057128906,25.271883010864258,25.80544662475586,27.8839054107666,29.947792053222656,31.193878173828125,31.848844528198242,32.17886734008789,32.0296745300293,30.935596466064453,28.62171745300293,26.409189224243164,26.709726333618164,29.44285011291504,32.46022415161133,33.97627639770508,33.55558395385742
37.62224578857422,36.80118179321289,32.58350372314453,28.89468002319336,28.883827209472656,29.24146842956543,29.071184158325195,26.2220401763916,22.639612197875977,21.848758697509766,22.147098541259766,22.330154418945312,25.510910034179688,26.22779655456543,19.280153274536133,17.43006706237793,20.17412567138672,22.683183670043945,24.203330993652344,22.958049774169922,21.12157440185547,21.738693237304688,24.039419174194336,25.476465225219727,26.680194854736328,27.292083740234375,24.564332962036133,22.06900405883789,22.87496566772461,26.353906631469727,29.63947296142578,31.054210662841797,32.472381591796875,33.09577941894531,31.41637420654297,29.313386917114258,28.10765838623047,27.5767822265625,27.397666931152344,28.844491958618164,31.198816299438477,31.827739715576172,31.26943016052246,31.46868324279785
36.40507125854492,32.751953125,28.875577926635742,24.778553009033203,23.66213607788086,27.55351448059082,26.72149658203125,23.700157165527344,24.693557739257812,22.38408088684082,20.100547790527344,20.46343231201172,21.47479248046875,17.878639221191406,13.573661804199219,14.849650382995605,19.16203498840332,20.909347534179688,20.058387756347656,18.738529205322266,18.35512924194336,17.932212829589844,18.54305076599121,19.5371036529541,21.110410690307617,22.856508255004883,22.50885581970215,20.794116973876953,21.632736206054688,25.17046356201172,28.527061462402344,30.647472381591797,31.931835174560547,30.84002685546875,27.837419509887695,25.433897018432617,25.294065475463867,26.589635848999023,27.672725677490234,29.167966842651367,30.243362426757812,30.261911392211914,30.782175064086914,32.43490219116211
33.20659255981445,29.16349220275879,25.70534324645996,24.84031867980957,24.99386215209961,27.006567001342773,27.086984634399414,23.408536911010742,20.081037521362305,18.416366577148438,16.670251846313477,16.36343765258789,12.530274391174316,6.7416582107543945,6.1303629875183105,9.17502212524414,15.084263801574707,18.618080139160156,19.92453384399414,21.13428497314453,20.285518646240234,18.873191833496094,18.687602996826172,19.709808349609375,21.448835372924805,22.32329750061035,20.203676223754883,19.702428817749023,23.250606536865234,26.699695587158203,27.905656814575195,27.19728660583496,25.297412872314453,23.678224563598633,22.536653518676758,22.215852737426758,23.340017318725586,24.508106231689453,25.376813888549805,27.762598037719727,30.41762351989746,31.55257797241211,31.969181060791016,33.226200103759766
31.725900650024414,25.979957580566406,22.254962921142578,23.265380859375,26.05462646484375,27.099727630615234,28.45939826965332,24.438692092895508,13.43283462524414,15.88034439086914,17.683677673339844,13.338000297546387,7.330676555633545,5.98456335067749,6.91032075881958,9.395231246948242,13.789613723754883,17.061664581298828,18.13983917236328,18.53839874267578,18.403806686401367,18.347368240356445,19.457599639892578,20.93403434753418,21.74970245361328,20.58485221862793,18.936120986938477,20.69507598876953,21.732648849487305,21.446752548217773,21.17315101623535,20.392108917236328,20.007644653320312,19.912113189697266,19.981094360351562,20.761308670043945,22.599246978759766,24.212303161621094,25.28623390197754,27.2943172454834,29.834259033203125,31.69219207763672,32.838626861572266,33.8695182800293
34.64675521850586,30.10098648071289,26.49737548828125,26.70453643798828,29.293594360351562,30.394025802612305,29.69462776184082,20.48255729675293,14.074105262756348,18.05077362060547,17.20355796813965,10.502609252929688,5.177270889282227,6.401154518127441,10.757121086120605,10.748270034790039,11.967063903808594,13.13211441040039,14.074570655822754,14.431873321533203,14.608227729797363,17.063549041748047,20.09880256652832,20.908212661743164,20.719472885131836,21.182147979736328,20.752058029174805,20.826929092407227,19.72737693786621,17.340293884277344,15.741332054138184,16.250263214111328,17.479841232299805,18.78706932067871,20.298423767089844,22.171173095703125,24.29109764099121,25.56954002380371,25.979816436767578,26.664478302001953,27.984554290771484,29.5892391204834,30.69378662109375,31.143150329589844
34.646610260009766,34.26496505737305,30.578718185424805,26.504716873168945,26.591489791870117,29.142614364624023,30.556642532348633,23.01650047302246,15.84784984588623,15.6997709274292,15.241308212280273,8.840821266174316,4.712033748626709,6.636048316955566,11.483742713928223,13.624064445495605,16.021991729736328,15.020892143249512,13.413778305053711,12.67290210723877,14.478667259216309,16.321924209594727,18.30977439880371,19.891345977783203,22.934240341186523,21.988788604736328,19.284576416015625,20.4826717376709,23.126258850097656,18.973609924316406,15.53763198852539,16.167539596557617,17.538925170898438,19.673202514648438,22.216720581054688,24.176666259765625,25.209705352783203,25.340246200561523,25.331480026245117,25.45587921142578,26.047927856445312,26.45587921142578,26.318458557128906,26.697154998779297
22.023988723754883,17.89299201965332,13.787938117980957,15.04827880859375,17.501708984375,17.819774627685547,19.37266731262207,23.867021560668945,22.604562759399414,19.28175163269043,18.14828109741211,15.705483436584473,15.26259708404541,14.513914108276367,11.99473762512207,10.029309272766113,7.930804252624512,7.9488043785095215,9.864213943481445,11.252167701721191,14.12364387512207,16.498870849609375,16.515762329101562,18.022541046142578,19.227890014648438,17.25054168701172,16.309659957885742,18.788694381713867,18.93927001953125,16.73003578186035,16.421907424926758,17.599742889404297,19.036951065063477,20.55083656311035,22.766254425048828,25.64823341369629,26.981908798217773,26.35875701904297,25.792648315429688,24.2100830078125,24.047338485717773,24.7780818939209,23.700061798095703,22.94059181213379
17.310745239257812,16.35230255126953,28.406808853149414,33.42198181152344,33.54307174682617,31.021636962890625,23.714624404907227,20.53179931640625,22.579809188842773,22.408355712890625,18.545799255371094,16.531169891357422,17.136838912963867,17.13201332092285,19.781322479248047,17.632421493530273,15.112507820129395,19.59999656677246,23.202709197998047,16.131898880004883,11.624825477600098,11.036218643188477,11.95697021484375,14.43164348602295,17.40316390991211,19.129234313964844,19.856399536132812,18.89423179626465,16.25178337097168,15.901350021362305,17.64747428894043,19.422822952270508,20.858657836914062,22.067333221435547,23.41254997253418,25.2957763671875,27.431917190551758,28.48634147644043,26.510915756225586,24.722728729248047,24.20992660522461,26.838577270507812,28.712278366088867,26.329328536987305
31.18673324584961,31.3226318359375,31.664710998535156,33.498252868652344,31.257539749145508,29.045068740844727,27.9030818939209,24.227205276489258,20.529172897338867,20.763023376464844,19.54310417175293,17.464717864990234,17.00149154663086,18.396190643310547,20.58082389831543,20.86441421508789,20.50166893005371,22.82442283630371,24.536958694458008,19.685131072998047,15.393832206726074,14.711204528808594,13.972758293151855,16.732389450073242,21.11960220336914,23.729055404663086,22.690258026123047,19.67696189880371,16.797374725341797,15.75701904296875,18.880048751831055,24.265390396118164,26.790752410888672,27.46430206298828,27.53572654724121,26.285634994506836,26.62200355529785,27.883678436279297,28.02102279663086,28.58168601989746,28.00565528869629,28.294504165649414,29.063390731811523,27.41374969482422
34.07729721069336,36.67879104614258,35.95470428466797,35.740577697753906,34.644081115722656,31.49959373474121,30.349390029907227,30.42381477355957,27.072479248046875,24.045785903930664,23.599271774291992,23.952011108398438,23.7298526763916,24.155683517456055,25.345434188842773,25.435476303100586,24.18206787109375,22.16056251525879,21.023853302001953,17.30244255065918,11.992854118347168,13.237519264221191,18.420307159423828,22.93094253540039,23.006877899169922,21.589780807495117,19.861602783203125,17.79249382019043,17.103944778442383,18.945480346679688,22.100526809692383,25.38339614868164,28.411531448364258,29.290544509887695,28.531761169433594,27.90801239013672,28.10325050354004,28.81136703491211,29.517208099365234,28.918346405029297,29.375579833984375,28.808561325073242,27.42491912841797,28.691221237182617
24.989580154418945,25.77733612060547,27.32261848449707,29.503173828125,31.20094108581543,30.638465881347656,29.01021957397461,29.291425704956055,29.429100036621094,27.85167694091797,27.11251449584961,28.19902801513672,29.2514705657959,29.85157012939453,29.778217315673828,28.19291114807129,25.367496490478516,22.498859405517578,20.645797729492188,18.443485260009766,15.52958869934082,14.406005859375,18.2799072265625,22.613285064697266,25.048526763916016,23.464609146118164,21.621665954589844,22.7161865234375,22.46710777282715,23.41545295715332,21.897676467895508,22.15383529663086,26.213916778564453,29.079320907592773,29.593435287475586,30.27012062072754,30.701045989990234,31.057971954345703,29.62404441833496,28.852153778076172,29.339160919189453,28.736942291259766,29.35711097717285,28.875505447387695
20.220191955566406,18.20159149169922,20.041898727416992,23.21698570251465,25.671388626098633,26.86554718017578,26.705745697021484,27.074846267700195,28.41687774658203,28.711162567138672,28.705141067504883,29.57605743408203,30.358497619628906,31.018861770629883,30.453088760375977,27.687368392944336,23.988332748413086,21.423582077026367,20.626344680786133,20.341703414916992,21.078758239746094,20.754343032836914,19.50623893737793,23.49314308166504,27.953947067260742,27.676828384399414,24.088857650756836,20.66387367248535,18.262847900390625,20.569263458251953,23.016799926757812,25.62582015991211,28.08873176574707,29.239261627197266,30.058727264404297,31.594526290893555,32.10164260864258,32.5056037902832,31.27307891845703,29.84906005859375,28.86264419555664,26.800329208374023,26.082895278930664,25.021991729736328
20.918983459472656,17.38783073425293,17.176864624023438,19.30586051940918,21.597919464111328,23.427120208740234,24.82798194885254,26.044029235839844,27.29759407043457,28.16317367553711,29.02509880065918,29.81378936767578,30.19203758239746,30.086639404296875,28.319303512573242,24.404830932617188,20.997896194458008,19.881250381469727,20.24567222595215,20.733442306518555,22.698381423950195,24.478805541992188,24.753267288208008,27.0754451751709,29.11870765686035,26.219120025634766,21.426746368408203,18.983463287353516,19.930286407470703,22.776016235351562,25.44882583618164,27.79228401184082,29.444782257080078,30.183067321777344,31.09332275390625,31.784910202026367,31.90054702758789,31.942678451538086,31.616397857666016,29.745147705078125,27.909223556518555,25.76201057434082,23.934682846069336,22.20331573486328
19.244001388549805,16.547039031982422,16.112455368041992,17.456335067749023,19.603059768676758,21.77396583557129,23.693700790405273,25.097043991088867,25.97388458251953,26.77642822265625,27.96871566772461,29.01584243774414,29.09690284729004,27.454137802124023,23.91834259033203,19.451810836791992,17.846942901611328,18.73542022705078,19.48019790649414,19.321189880371094,19.765880584716797,20.578584671020508,21.684839248657227,22.456531524658203,20.67160415649414,18.26683235168457,18.703777313232422,20.143402099609375,21.924293518066406,23.138582229614258,24.162307739257812,25.717058181762695,28.15982437133789,30.18951416015625,32.25588607788086,33.37628173828125,32.99939727783203,32.115028381347656,30.480350494384766,28.656652450561523,27.513212203979492,25.791175842285156,24.66949462890625,24.301393508911133
16.963970184326172,15.050714492797852,14.485699653625488,15.015090942382812,16.83636474609375,19.38690757751465,21.826904296875,23.402040481567383,23.94702911376953,24.632171630859375,25.668447494506836,26.015954971313477,24.77193832397461,21.914501190185547,17.933940887451172,15.442578315734863,16.319063186645508,16.742795944213867,14.744965553283691,12.265727043151855,11.546435356140137,12.266280174255371,13.307374954223633,13.381720542907715,13.112868309020996,13.921856880187988,16.18036460876465,18.9786319732666,20.322654724121094,20.931310653686523,21.72877311706543,23.309795379638672,25.592201232910156,28.40570831298828,31.51824378967285,33.184364318847656,33.03153610229492,31.727291107177734,29.338756561279297,26.625574111938477,25.030517578125,24.252798080444336,23.209640502929688,24.160871505737305
14.201844215393066,12.579277038574219,11.382538795471191,11.581825256347656,13.614009857177734,16.243812561035156,18.66693115234375,20.17938232421875,20.685365676879883,20.993070602416992,21.261564254760742,20.489517211914062,18.843799591064453,16.50733757019043,14.637747764587402,13.689868927001953,14.04276180267334,11.889642715454102,7.986123085021973,5.9560933113098145,6.017825126647949,6.9898881912231445,7.858898162841797,8.508821487426758,9.731136322021484,10.931026458740234,12.030133247375488,14.066503524780273,16.85356330871582,19.195363998413086,20.670318603515625,21.417205810546875,21.18332290649414,21.497089385986328,23.360212326049805,25.008962631225586,25.595561981201172,26.008193969726562,25.40318489074707,22.649215698242188,21.143152236938477,21.444900512695312,21.528888702392578,21.25040626525879
11.298880577087402,10.110413551330566,8.845389366149902,8.384477615356445,10.791590690612793,14.388605117797852,16.00265884399414,15.977251052856445,16.016002655029297,16.132923126220703,16.17243194580078,15.669221878051758,14.821281433105469,14.209943771362305,13.474771499633789,11.948709487915039,10.462461471557617,7.912167072296143,5.0284504890441895,4.164948463439941,4.518161296844482,5.106447696685791,5.677863597869873,6.620215892791748,7.752278804779053,8.637200355529785,9.426491737365723,10.374907493591309,11.813470840454102,13.501371383666992,14.446852684020996,14.454610824584961,14.824368476867676,15.67513370513916,16.227886199951172,16.874916076660156,17.922449111938477,18.405641555786133,18.483970642089844,18.569751739501953,18.951730728149414,19.414411544799805,18.995494842529297,18.268068313598633
