data/wind_data/wind_7_2.json
{"header": {"parameterUnit": "KT", "parameterCategory": 2, "nx": 256, "ny": 198, "lo1": 44.73521041870117, "la1": -3.236724853515625, "lo2": 111.26478576660156, "la2": 43.468475341796875, "dx": 0.2609002888202667, "dy": -0.23708222806453705, "refTime": "2025-02-19 07:00:00", "forecastTime": 0, "parameterNumber": 2, "parameterNumberName": "eastward_wind"}, "data":
[rows 152 to 170 of 198, columns 43 to 85 of 256]
2.2613205909729004,0.9674710631370544,1.2745157480239868,1.831976056098938,2.4997363090515137,2.388949155807495,3.1886768341064453,2.9793777465820312,3.422220230102539,4.294590950012207,5.170712471008301,6.5161356925964355,5.4668803215026855,2.4006521701812744,1.8411848545074463,-0.5827780365943909,-1.2687572240829468,0.43777382373809814,0.601227343082428,-4.626589775085449,-7.618431568145752,-5.506682395935059,-1.4965101480484009,-1.1203014850616455,0.9898239374160767,2.1213998794555664,5.336498737335205,9.00683879852295,9.572072982788086,10.3453369140625,8.739691734313965,8.550298690795898,1.5131539106369019,-4.817310810089111,-1.5408051013946533,2.066269874572754,3.7740414142608643,2.99188232421875,-2.3888051509857178,-4.177252292633057,0.07425209134817123,3.3010592460632324,2.580137252807617
0.8997077345848083,0.9194642901420593,1.0231245756149292,1.6162663698196411,1.9488918781280518,0.09945978224277496,2.6971023082733154,2.7619853019714355,2.715970516204834,3.2985174655914307,3.996483564376831,3.4210097789764404,1.7725024223327637,0.7865811586380005,-0.17553307116031647,-2.716832160949707,0.36526215076446533,2.904269218444824,-3.0447235107421875,-8.897749900817871,-9.444746971130371,-7.018139362335205,-4.908008575439453,-0.8655461668968201,1.1748203039169312,1.6271793842315674,2.7924351692199707,3.7183139324188232,4.2198920249938965,5.725372791290283,6.565619468688965,6.607937812805176,5.319231986999512,-0.8724225163459778,0.2011922001838684,6.8259429931640625,8.390780448913574,4.640156269073486,1.4607068300247192,-4.712639808654785,-0.9584344029426575,1.9598925113677979,0.6125249862670898
0.5112289786338806,0.9186494946479797,0.6732113361358643,0.4740411341190338,0.059361204504966736,0.16087257862091064,1.200394630432129,1.0287350416183472,0.3620785176753998,0.19372136890888214,0.6627267599105835,-1.6054458618164062,-3.0680012702941895,-2.144030809402466,-1.4964361190795898,-2.0189311504364014,1.4827765226364136,1.502885341644287,-5.076069355010986,-7.271396160125732,-8.847917556762695,-10.009063720703125,-6.578799247741699,-4.104312896728516,-2.628506660461426,-2.0001368522644043,-1.9727413654327393,-0.7861475944519043,1.564427137374878,3.553107500076294,5.7519659996032715,7.789859294891357,7.071587085723877,1.5049477815628052,1.2541085481643677,9.34670352935791,14.008440017700195,9.477448463439941,-0.5989829897880554,-1.3554182052612305,2.4991071224212646,2.1354987621307373,0.21650758385658264
0.6363067626953125,1.3902333974838257,0.48580294847488403,-0.47252169251441956,-0.9255077242851257,1.6220723390579224,1.461363673210144,-1.5303593873977661,-1.957876205444336,-2.3942718505859375,-4.571089744567871,-5.372222900390625,-4.408618450164795,-3.104220390319824,-1.3383032083511353,0.9918690919876099,6.4623284339904785,0.9647020101547241,-3.252683401107788,-3.78938889503479,-9.329303741455078,-13.833462715148926,-12.929095268249512,-11.340765953063965,-9.464600563049316,-6.759425640106201,-3.4584972858428955,0.8598088026046753,4.760390281677246,6.212028503417969,7.067644119262695,8.946008682250977,9.666801452636719,4.609700679779053,1.8370925188064575,6.050872325897217,12.642622947692871,10.202741622924805,2.0300350189208984,2.4777095317840576,4.693976402282715,3.733365535736084,1.440324306488037
1.0583744049072266,0.8429890275001526,-0.3220418691635132,-1.2141146659851074,0.8160079717636108,1.3660383224487305,-0.16316130757331848,-3.0236012935638428,-3.272202253341675,-3.367243528366089,-1.8013213872909546,-0.9099056720733643,-1.5335955619812012,-2.5886881351470947,-2.353945016860962,3.6404502391815186,5.837008476257324,1.1565128564834595,-1.697537899017334,-3.2141315937042236,-9.321228981018066,-12.006780624389648,-10.41650104522705,-8.513728141784668,-7.096376895904541,-6.0806193351745605,-5.146914005279541,-2.6579208374023438,0.9674963355064392,5.0667338371276855,6.20906400680542,6.2414374351501465,6.330052852630615,4.3661370277404785,1.6505331993103027,2.9420769214630127,5.778486251831055,6.328075885772705,4.36435604095459,6.138782024383545,8.113988876342773,6.591757774353027,6.11521577835083
0.4967471659183502,-0.33944380283355713,-0.17219692468643188,2.0574147701263428,2.741220235824585,2.9078619480133057,2.9780449867248535,2.9289638996124268,3.1576714515686035,1.5404664278030396,0.6076878905296326,1.822474479675293,1.9400371313095093,2.180452585220337,1.7841447591781616,1.6247252225875854,3.332432270050049,0.6791468262672424,-0.6549960970878601,-1.605329155921936,-6.539666652679443,-8.879234313964844,-7.63850212097168,-8.118330001831055,-7.518276214599609,-5.347367286682129,-4.765149116516113,-4.9560441970825195,-3.5981297492980957,0.3050903081893921,4.784367561340332,6.994436740875244,5.9040374755859375,2.6838486194610596,1.1909563541412354,1.308676838874817,3.7393014430999756,4.18546724319458,4.054107189178467,6.514916896820068,8.547494888305664,9.157063484191895,5.2717766761779785
4.317677974700928,3.615600347518921,0.9993921518325806,2.777437925338745,5.504828453063965,4.300848007202148,3.8714756965637207,3.857689380645752,2.4381940364837646,1.7191072702407837,2.340121030807495,2.365537166595459,1.8921574354171753,1.1736823320388794,0.2873445153236389,0.32046908140182495,2.1196420192718506,1.636450171470642,0.06915974617004395,-0.5490986108779907,-2.995175838470459,-3.9352002143859863,-3.6951756477355957,-6.2472825050354,-7.338014125823975,-6.19729471206665,-4.95132303237915,-4.429590225219727,-5.801093101501465,-4.670952320098877,-0.8813313245773315,3.285227060317993,4.5211100578308105,2.3068506717681885,4.14962911605835,4.266196250915527,3.983776807785034,4.230996131896973,3.229796886444092,3.946624517440796,6.684389591217041,7.348896503448486,7.507505416870117
7.470524311065674,6.817203998565674,5.285684108734131,4.329873085021973,2.8372342586517334,2.497638463973999,3.253159284591675,3.259504795074463,2.264488935470581,0.944699227809906,0.12040433287620544,0.7103744149208069,2.2831897735595703,1.894681692123413,1.7280054092407227,2.2667596340179443,2.9062726497650146,2.1589083671569824,0.6073526740074158,-0.0951419398188591,-0.4092939496040344,-2.114959478378296,-3.143190860748291,-5.709505558013916,-7.4669084548950195,-6.166500568389893,-4.72696590423584,-3.6709628105163574,-4.488321781158447,-7.581177711486816,-6.526672840118408,-3.6877634525299072,-0.650043785572052,1.3132407665252686,3.0151140689849854,5.615874290466309,4.545823574066162,5.008430004119873,5.583055019378662,6.1322503089904785,8.31931209564209,9.558806419372559,9.136527061462402
8.39692497253418,7.574032306671143,2.77901029586792,0.2103908360004425,-0.7693564295768738,-0.6316903233528137,0.4699850380420685,1.1711208820343018,1.944237232208252,1.2696843147277832,0.9449129104614258,1.16437828540802,1.4620718955993652,3.0448617935180664,3.7626335620880127,5.054769515991211,4.557671070098877,3.9374709129333496,3.9192416667938232,3.526662588119507,0.6198746562004089,-1.1588789224624634,-3.6912524700164795,-5.6908416748046875,-6.178618907928467,-5.401041030883789,-3.9778151512145996,-2.0196938514709473,-1.2277731895446777,-4.979101657867432,-6.992371082305908,-6.132131099700928,-3.6075117588043213,-0.37537261843681335,2.8836169242858887,5.130179405212402,5.441868782043457,5.819490432739258,7.679815769195557,7.348409175872803,6.782395362854004,8.07591438293457,9.104321479797363
4.946615695953369,7.058995246887207,2.8140885829925537,-0.21255554258823395,-0.26741844415664673,2.355336904525757,2.019113779067993,2.051546812057495,2.4772000312805176,2.2007510662078857,1.3611854314804077,1.2652299404144287,1.996793270111084,5.1550726890563965,6.381063938140869,6.334122657775879,5.0677900314331055,3.660172700881958,4.326769828796387,3.5935187339782715,0.1726965308189392,-1.182663917541504,-2.340526819229126,-3.509801149368286,-3.7595903873443604,-3.6870968341827393,-2.5262856483459473,-0.634296715259552,-1.4588592052459717,-2.9371871948242188,-3.451193332672119,-4.689159393310547,-4.493350505828857,-2.7195968627929688,-0.9760141372680664,1.3564475774765015,3.1990342140197754,4.482575416564941,5.147050380706787,4.2724289894104,3.957280158996582,5.725066661834717,5.643681526184082
7.663333415985107,6.377845287322998,3.9399712085723877,3.2787954807281494,5.133986949920654,6.499565601348877,4.326833248138428,3.6172080039978027,3.2905592918395996,2.5557761192321777,2.1066553592681885,2.7578682899475098,3.0614914894104004,5.103726387023926,4.1313371658325195,5.4142584800720215,5.13674783706665,5.103783130645752,2.1214683055877686,0.6891216039657593,0.5178621411323547,-0.8119155764579773,-0.5728982090950012,-0.5580206513404846,-1.0213444232940674,-1.5352569818496704,-1.766466736793518,-0.543864905834198,-0.9312398433685303,-1.9391052722930908,-2.399844169616699,-2.2437570095062256,-3.292720079421997,-2.381915330886841,-1.1388676166534424,-1.8814300298690796,-1.474374771118164,0.1060042604804039,0.08677561581134796,0.19128857553005219,1.5515576601028442,2.6250922679901123,3.920071840286255
6.375482082366943,6.082934856414795,4.2115373611450195,4.434334754943848,5.606479644775391,6.678191184997559,5.475057125091553,4.136000633239746,3.634568691253662,3.0050408840179443,3.40289568901062,5.545271396636963,6.430522918701172,4.13677978515625,3.6519646644592285,5.690014839172363,5.259641170501709,1.3597990274429321,-0.21789707243442535,0.19221143424510956,0.02105899713933468,-0.48871248960494995,0.8624498248100281,1.721542477607727,1.6603792905807495,0.5814144611358643,0.508298933506012,0.5482164025306702,0.5947873592376709,-0.5078338384628296,-1.661903738975525,-0.9714155197143555,-2.6416094303131104,-1.1926183700561523,0.045483190566301346,-5.841787815093994,-8.387276649475098,-8.06086254119873,-8.087780952453613,-7.571463584899902,-6.672842979431152,-5.073365211486816,-2.940626382827759
7.707930564880371,6.414687633514404,5.329204082489014,5.739616870880127,5.46724271774292,4.0992021560668945,3.8545875549316406,5.798202037811279,7.0352396965026855,5.5725226402282715,5.688419342041016,6.229154586791992,5.690182685852051,2.8659605979919434,2.955880641937256,5.8905439376831055,2.416944980621338,0.45172932744026184,0.03109864704310894,-0.20861861109733582,0.6212124228477478,1.436569333076477,2.603874444961548,3.1157970428466797,3.181211233139038,2.3629648685455322,1.5482189655303955,1.848949909210205,2.2446138858795166,1.2162861824035645,0.035686202347278595,-0.9010361433029175,-0.8525217771530151,0.633572518825531,0.9932333827018738,-5.638546466827393,-10.485156059265137,-11.409375190734863,-10.759720802307129,-10.480165481567383,-10.060897827148438,-8.308588027954102,-6.8697404861450195
10.714424133300781,9.74677848815918,8.03800106048584,6.764051914215088,6.069759368896484,6.884899139404297,8.558005332946777,10.154820442199707,8.708585739135742,6.853574275970459,7.277318477630615,7.519027233123779,6.265993118286133,4.913050174713135,3.9422478675842285,1.3842988014221191,-1.4727215766906738,-1.7468560934066772,-0.9100212454795837,-0.1966141313314438,0.6279640197753906,2.44144868850708,3.7177481651306152,4.430970191955566,4.289131164550781,3.51766037940979,2.4065194129943848,2.2289063930511475,3.21427321434021,3.6212375164031982,2.5253448486328125,1.061509132385254,-0.3310167193412781,0.472420871257782,1.7884408235549927,-3.3409249782562256,-7.369318008422852,-8.721214294433594,-6.67576789855957,-6.7090606689453125,-7.88994026184082,-7.712137222290039,-7.088403701782227
7.907606601715088,11.968528747558594,11.791186332702637,10.753350257873535,11.256462097167969,11.707764625549316,10.756656646728516,9.05404281616211,7.817924976348877,8.56662368774414,9.814696311950684,7.978899002075195,6.390543460845947,3.6870808601379395,-0.4983803927898407,-4.197777271270752,-4.674774646759033,-3.1520023345947266,-1.993211269378662,-0.5459532737731934,0.684058666229248,2.478571653366089,3.643805980682373,4.424152851104736,4.493435859680176,4.185352802276611,3.669914960861206,3.2367935180664062,3.410122871398926,4.728365421295166,5.074315547943115,3.9650986194610596,2.0048341751098633,1.2316584587097168,1.144782304763794,-1.1352972984313965,-5.0965681076049805,-7.1312713623046875,-5.334054470062256,-3.3672842979431152,-3.470684289932251,-4.145831108093262,-6.035309314727783
6.522454261779785,10.434486389160156,12.033360481262207,10.437461853027344,9.532342910766602,7.620790004730225,7.294101715087891,7.651012897491455,9.649200439453125,11.030957221984863,10.56204891204834,8.239981651306152,3.506606101989746,-1.3726177215576172,-4.855900764465332,-5.692490100860596,-4.506563186645508,-2.8481616973876953,-1.2572160959243774,-0.15894722938537598,1.146100640296936,2.3500306606292725,3.439330577850342,4.3259100914001465,4.348775386810303,4.288027286529541,4.003837585449219,3.749807834625244,3.476017475128174,4.329527378082275,5.862521171569824,6.240659713745117,4.540563106536865,3.6167945861816406,2.9460697174072266,2.562426805496216,-0.6836758255958557,-3.113352060317993,-1.4621989727020264,1.9907033443450928,1.49443781375885,1.1678556203842163,-2.8198516368865967
5.151297569274902,7.332738399505615,5.016933441162109,2.745673656463623,3.830159902572632,5.461052894592285,8.76211929321289,11.45938777923584,12.448554039001465,11.042096138000488,8.438767433166504,3.8955163955688477,-1.9214451313018799,-4.739165782928467,-5.412435054779053,-4.551364898681641,-3.2059483528137207,-1.9372011423110962,-0.49943098425865173,0.5698267221450806,1.495050072669983,2.4080581665039062,3.1804723739624023,4.165497303009033,4.851937294006348,4.835446834564209,4.639420509338379,4.603094577789307,4.234854221343994,4.172593593597412,5.3808159828186035,7.13503360748291,7.02542781829834,5.855299949645996,5.59097146987915,6.810518741607666,4.621481895446777,2.6525747776031494,3.97873592376709,5.772152423858643,7.219651222229004,4.6200785636901855,3.25107741355896
2.8718905448913574,4.141478538513184,3.9900765419006348,4.46494722366333,6.827917575836182,10.029915809631348,13.046534538269043,12.241569519042969,10.92398738861084,7.1745734214782715,0.2934666574001312,-3.8060247898101807,-5.382569313049316,-5.0277228355407715,-3.9351065158843994,-2.9414472579956055,-2.42012882232666,-0.9564476609230042,0.2003038376569748,1.09339439868927,2.1752216815948486,2.7386252880096436,3.923246383666992,4.374697685241699,5.332774639129639,5.3275322914123535,5.264588356018066,5.164000034332275,4.781352519989014,4.399957656860352,5.095321178436279,6.885791301727295,8.530927658081055,8.643269538879395,7.02515983581543,8.29047679901123,9.075190544128418,6.827417850494385,6.837838649749756,4.377132892608643,1.0466241836547852,5.60480260848999,4.435739040374756
1.0636245012283325,3.2766451835632324,6.082014083862305,8.6917142868042,11.99781608581543,13.37542724609375,11.206833839416504,6.2168192863464355,4.114230155944824,-2.5178892612457275,-6.2682719230651855,-6.218879699707031,-5.229475498199463,-3.6720287799835205,-2.398214340209961,-1.808607816696167,-1.265234112739563,-0.07579156756401062,0.4916984736919403,1.4566004276275635,2.4752755165100098,3.565823793411255,4.044755935668945,4.446900367736816,4.991078853607178,5.50216817855835,5.691898822784424,5.599696636199951,5.210181713104248,4.619018077850342,4.923290252685547,6.222448825836182,8.252272605895996,9.969497680664062,9.444563865661621,8.940755844116211,10.217598915100098,8.372232437133789,10.64107894897461,6.913415431976318,-0.5585412979125977,1.2105631828308105,0.621441662311554
