data/wind_data/wind_42_9.json
{"header": {"parameterUnit": "KT", "parameterCategory": 2, "nx": 256, "ny": 198, "lo1": 44.73521041870117, "la1": -3.236724853515625, "lo2": 111.26478576660156, "la2": 43.468475341796875, "dx": 0.2609002888202667, "dy": -0.23708222806453705, "refTime": "2025-02-20 18:00:00", "forecastTime": 0, "parameterNumber": 2, "parameterNumberName": "eastward_wind"}, "data":
[rows 38 to 56 of 198, columns 129 to 171 of 256]
25.97301483154297,25.949954986572266,26.091720581054688,26.306232452392578,26.537044525146484,26.825275421142578,26.990066528320312,26.848386764526367,26.434764862060547,26.56612205505371,27.57802963256836,29.08712387084961,30.277286529541016,30.378137588500977,29.97815704345703,29.91929817199707,30.191349029541016,30.240306854248047,30.112123489379883,29.854724884033203,28.559722900390625,27.381694793701172,27.659700393676758,27.891265869140625,28.382545471191406,30.887371063232422,33.42010498046875,34.32448959350586,34.64059829711914,34.7722282409668,33.912166595458984,32.71795654296875,32.26877975463867,31.948518753051758,30.911941528320312,30.485902786254883,31.116073608398438,31.842697143554688,32.07106399536133,31.552188873291016,30.369295120239258,31.837724685668945,32.06389617919922
25.809194564819336,26.1717586517334,26.611234664916992,27.0189151763916,27.214433670043945,27.302305221557617,27.32649040222168,27.18522071838379,26.95750617980957,27.028905868530273,27.66240882873535,28.483978271484375,29.047365188598633,29.203834533691406,29.30548667907715,29.774799346923828,30.293516159057617,30.215164184570312,29.54625129699707,29.580141067504883,29.607099533081055,28.130319595336914,27.927942276000977,28.673925399780273,29.556795120239258,31.430967330932617,33.468807220458984,34.405860900878906,33.96300506591797,33.06898880004883,32.27921676635742,31.41974639892578,30.66650390625,30.53396987915039,30.77358627319336,31.663026809692383,32.88462448120117,33.4240837097168,33.32756042480469,32.795928955078125,32.193634033203125,33.08311462402344,31.813926696777344
25.80682373046875,26.483123779296875,27.03986358642578,27.360517501831055,27.57099723815918,27.74550437927246,27.784244537353516,27.74197769165039,27.70063018798828,27.776803970336914,27.95945167541504,28.08879852294922,27.992948532104492,27.766639709472656,28.018543243408203,28.91732406616211,29.76620864868164,30.021499633789062,29.55130386352539,28.93703842163086,29.578636169433594,29.718400955200195,29.30084800720215,29.756704330444336,30.783979415893555,32.0184326171875,33.098079681396484,33.670936584472656,33.00181198120117,31.566797256469727,30.61490249633789,30.140830993652344,29.761579513549805,29.948911666870117,30.926891326904297,32.3985595703125,34.075111389160156,34.968849182128906,34.55078887939453,33.81344223022461,33.58564758300781,33.33576202392578,32.0081901550293
25.579437255859375,26.197059631347656,26.804983139038086,27.144968032836914,27.496191024780273,27.936201095581055,28.24921989440918,28.46028709411621,28.57066535949707,28.489864349365234,28.184139251708984,27.793304443359375,27.388059616088867,27.021669387817383,27.265432357788086,28.092243194580078,28.953336715698242,29.476137161254883,29.526121139526367,28.895475387573242,29.138025283813477,30.514455795288086,31.153316497802734,31.529521942138672,32.21059036254883,32.54403305053711,32.29551315307617,31.918319702148438,31.202159881591797,30.052001953125,29.35504722595215,29.3656005859375,29.45052146911621,29.93893051147461,31.243244171142578,32.78805160522461,34.41958236694336,35.55773162841797,35.25075912475586,34.31108093261719,33.92543411254883,33.404659271240234,33.11658477783203
25.144643783569336,25.290151596069336,25.8059139251709,26.488100051879883,27.341556549072266,28.070798873901367,28.40928840637207,28.670137405395508,28.96531105041504,29.042308807373047,28.670570373535156,27.976987838745117,27.488292694091797,27.436182022094727,27.55355453491211,27.77733039855957,28.2305850982666,28.726858139038086,29.010068893432617,29.090267181396484,29.37699317932129,30.88157844543457,32.31703186035156,33.170597076416016,33.52229690551758,33.013248443603516,31.566831588745117,30.058643341064453,29.288898468017578,28.883352279663086,28.8627986907959,29.164020538330078,29.441661834716797,29.90696144104004,31.320932388305664,32.85687255859375,34.38216781616211,35.138980865478516,34.966224670410156,34.30073547363281,33.96656799316406,33.46097183227539,33.06076431274414
24.79121971130371,24.39398193359375,24.705646514892578,25.659608840942383,26.975065231323242,27.98707389831543,28.24741554260254,28.291133880615234,28.568559646606445,29.068300247192383,29.26866340637207,28.84870147705078,28.431110382080078,28.378665924072266,28.33159065246582,28.11557388305664,27.896425247192383,27.961912155151367,28.4382381439209,29.15213966369629,30.073753356933594,31.556690216064453,33.140987396240234,34.208045959472656,34.330955505371094,33.31156921386719,31.323198318481445,29.3663272857666,28.272972106933594,28.11750602722168,28.62704086303711,29.36447525024414,29.654237747192383,30.10907745361328,31.207862854003906,32.98978805541992,34.62834930419922,35.097904205322266,34.399444580078125,33.8895378112793,33.821197509765625,33.26637649536133,32.734798431396484
24.63783836364746,24.10226821899414,24.14211654663086,25.000751495361328,26.395906448364258,27.514110565185547,27.762813568115234,27.56598663330078,27.73337173461914,28.722166061401367,29.692644119262695,29.829345703125,29.542043685913086,29.319869995117188,29.259328842163086,29.04450225830078,28.341903686523438,27.734037399291992,28.08844566345215,29.305984497070312,30.841907501220703,32.46040725708008,33.86631774902344,34.71701431274414,34.68669509887695,33.5521240234375,31.623939514160156,29.648902893066406,28.21743392944336,27.918128967285156,28.606401443481445,29.589256286621094,30.224525451660156,30.603296279907227,31.72637939453125,33.640174865722656,35.01786804199219,35.495819091796875,34.68611145019531,33.92522048950195,33.42571258544922,33.270103454589844,33.74965286254883
24.473506927490234,24.331111907958984,24.161500930786133,24.64373016357422,25.85491180419922,26.979381561279297,27.26412010192871,26.94051742553711,26.99614143371582,28.221601486206055,29.849029541015625,30.81391716003418,30.569137573242188,29.966712951660156,29.942609786987305,29.869836807250977,29.143461227416992,28.332761764526367,28.522525787353516,29.843822479248047,31.568031311035156,33.22331619262695,34.33497619628906,34.84173583984375,34.68585968017578,33.72043228149414,32.175506591796875,30.492441177368164,29.169889450073242,28.701311111450195,29.12188148498535,30.064054489135742,30.931106567382812,31.612445831298828,32.715030670166016,34.655513763427734,35.96333694458008,36.26553726196289,35.471168518066406,34.493778228759766,33.7042121887207,33.61737823486328,34.45353317260742
24.31612777709961,24.74429702758789,24.503704071044922,24.473655700683594,25.401641845703125,26.587928771972656,27.007335662841797,26.791805267333984,26.684389114379883,27.686094284057617,29.276262283325195,30.766502380371094,31.39630126953125,30.640151977539062,30.171361923217773,30.007061004638672,29.596099853515625,29.26643943786621,29.58172607421875,30.752321243286133,32.30206298828125,33.77727508544922,34.6996955871582,35.00123596191406,34.78279495239258,33.989810943603516,32.8280029296875,31.664628982543945,30.874345779418945,30.44361686706543,30.404800415039062,30.97340965270996,31.866514205932617,32.618473052978516,33.67302322387695,35.48921585083008,36.931766510009766,37.288631439208984,36.21878433227539,34.8651237487793,34.0301399230957,34.01447677612305,34.81858444213867
24.273996353149414,25.151124954223633,25.089914321899414,24.62928009033203,25.005443572998047,26.20586395263672,26.965211868286133,26.915376663208008,26.62009620666504,27.129356384277344,28.42812728881836,30.022567749023438,31.409311294555664,31.257341384887695,30.370750427246094,29.839384078979492,29.681875228881836,30.00225067138672,30.683698654174805,31.70575714111328,33.00739669799805,34.36924362182617,35.35540771484375,35.675025939941406,35.410926818847656,34.66991424560547,33.71088409423828,32.99006271362305,32.63051223754883,32.39150619506836,32.26814270019531,32.48512649536133,33.0261116027832,33.620513916015625,34.47496032714844,35.99177169799805,37.43488311767578,37.86512756347656,36.56640625,34.79452133178711,33.9753532409668,34.123497009277344,34.911434173583984
24.434614181518555,25.47101593017578,25.78089714050293,25.33860206604004,25.126667022705078,25.8690242767334,26.83328628540039,27.09328842163086,26.796110153198242,26.814302444458008,27.634204864501953,29.08279037475586,30.821041107177734,31.523889541625977,30.916610717773438,30.222454071044922,30.008663177490234,30.4912166595459,31.40074920654297,32.55369186401367,33.76414489746094,35.08966064453125,36.33450698852539,36.847511291503906,36.52445983886719,35.794124603271484,35.00308609008789,34.425758361816406,34.07392883300781,33.83100128173828,33.87615203857422,34.311187744140625,34.70536422729492,34.92097473144531,35.30588150024414,36.119258880615234,37.05134582519531,37.46837615966797,36.3120002746582,34.80059051513672,34.171485900878906,34.301795959472656,34.84526443481445
24.9572696685791,25.79112434387207,26.407699584960938,26.38741683959961,26.129127502441406,26.354660034179688,26.989295959472656,27.285587310791016,26.994577407836914,26.722700119018555,27.042112350463867,28.08411407470703,29.84702491760254,31.281940460205078,31.591167449951172,31.23666763305664,30.838729858398438,30.838455200195312,31.58951759338379,32.984107971191406,34.58090591430664,35.95479202270508,37.089778900146484,37.81097412109375,37.77051544189453,37.12709426879883,36.44039535522461,35.83972930908203,35.23179244995117,34.78102111816406,34.89341354370117,35.75162887573242,36.505496978759766,36.508689880371094,36.13467788696289,35.76689529418945,35.882137298583984,36.19123840332031,35.616947174072266,34.88725662231445,34.63093185424805,34.54487991333008,34.72423553466797
25.80611228942871,26.217592239379883,26.93941307067871,27.433931350708008,27.50608253479004,27.570388793945312,27.813337326049805,27.748260498046875,27.21973419189453,26.64703369140625,26.708208084106445,27.49081039428711,28.97551155090332,30.7305908203125,31.883785247802734,32.06443405151367,31.584993362426758,31.145706176757812,31.508283615112305,32.968624114990234,34.99583053588867,36.75340270996094,37.7191162109375,38.252384185791016,38.63429260253906,38.443729400634766,37.70716857910156,36.96516036987305,36.18269348144531,35.5763053894043,35.69044494628906,36.56814956665039,37.53816604614258,37.7435302734375,36.92809295654297,35.47953796386719,34.70005416870117,34.59720230102539,34.98711013793945,35.24360656738281,35.359100341796875,35.10969543457031,34.89405822753906
26.67425537109375,26.811630249023438,27.3699951171875,28.045942306518555,28.436681747436523,28.519193649291992,28.59892463684082,28.395328521728516,27.73705291748047,26.98526954650879,26.775894165039062,27.40123748779297,28.592845916748047,30.181909561157227,31.693025588989258,32.25281524658203,31.825916290283203,31.290048599243164,31.4919490814209,32.804561614990234,34.937747955322266,37.18674087524414,38.46122741699219,38.72622299194336,38.94449234008789,39.206546783447266,38.70600128173828,37.795841217041016,36.96444320678711,36.28970718383789,36.254459381103516,36.9808235168457,37.816036224365234,38.23709487915039,37.64105224609375,35.8668098449707,34.21904754638672,33.85234832763672,34.79125213623047,35.857872009277344,36.4427490234375,36.06494140625,35.38502502441406
27.301481246948242,27.536149978637695,27.815431594848633,28.20360565185547,28.593994140625,28.78297996520996,28.84726333618164,28.800983428955078,28.476499557495117,27.843046188354492,27.297319412231445,27.523984909057617,28.48120880126953,29.81194305419922,31.234405517578125,32.02043914794922,31.981672286987305,31.625598907470703,31.68923568725586,32.733097076416016,34.6696891784668,37.043663024902344,38.89998245239258,39.320404052734375,39.06839370727539,39.31337356567383,39.32394027709961,38.503143310546875,37.56864929199219,36.902076721191406,36.724205017089844,37.19346237182617,37.753631591796875,38.086856842041016,37.91207504272461,36.63494110107422,34.8188362121582,34.31806564331055,35.32061004638672,36.7159423828125,37.25909423828125,36.477294921875,35.50973892211914
27.516475677490234,27.998210906982422,28.145143508911133,28.11223602294922,28.27066421508789,28.594289779663086,28.873458862304688,28.976734161376953,28.951581954956055,28.600967407226562,27.890933990478516,27.66867446899414,28.350522994995117,29.55961799621582,30.950572967529297,32.063655853271484,32.56475067138672,32.38585662841797,32.072269439697266,32.62548828125,34.19208908081055,36.35124969482422,38.520511627197266,39.53045654296875,39.14369201660156,38.970333099365234,39.261959075927734,38.86336898803711,37.91372299194336,37.261775970458984,37.2151985168457,37.53032684326172,37.807647705078125,37.803775787353516,37.70935821533203,37.02189254760742,35.680641174316406,35.30975341796875,36.212554931640625,37.26618957519531,37.07837677001953,35.95643615722656,35.000770568847656
27.307741165161133,27.736881256103516,27.903568267822266,27.771392822265625,27.80828857421875,28.233936309814453,28.707168579101562,28.876346588134766,28.882720947265625,28.789047241210938,28.326589584350586,27.988113403320312,28.402179718017578,29.49761390686035,30.966594696044922,32.43223190307617,33.37136459350586,33.3418083190918,32.734676361083984,32.590423583984375,33.46125793457031,35.09011459350586,37.1775016784668,38.84186553955078,38.94462585449219,38.472537994384766,38.59918975830078,38.66095733642578,38.0284423828125,37.4815559387207,37.56085205078125,37.92206954956055,37.89807891845703,37.45930099487305,37.108402252197266,36.78586959838867,36.315277099609375,35.87350845336914,36.46761703491211,36.652198791503906,35.91806411743164,34.697967529296875,33.8048210144043
26.638883590698242,26.85495376586914,27.177845001220703,27.37080955505371,27.502408981323242,27.86172866821289,28.259708404541016,28.34739112854004,28.3436336517334,28.581972122192383,28.73474884033203,28.66884994506836,28.918781280517578,29.728755950927734,31.025197982788086,32.589969635009766,33.7844352722168,34.02317428588867,33.535789489746094,32.89352798461914,32.84743118286133,33.698909759521484,35.34670639038086,37.29326248168945,38.19143295288086,37.922996520996094,37.82058334350586,38.102840423583984,37.995487213134766,37.672607421875,37.64124298095703,37.76393127441406,37.452125549316406,36.768310546875,36.26163864135742,36.076637268066406,36.02298355102539,36.00263977050781,35.99502944946289,35.3437614440918,34.2496452331543,33.247196197509766,32.82798767089844
25.784210205078125,26.022659301757812,26.632722854614258,27.243528366088867,27.5178165435791,27.635828018188477,27.739524841308594,27.748023986816406,27.857051849365234,28.35550308227539,29.067188262939453,29.412473678588867,29.66221046447754,30.148435592651367,31.042837142944336,32.32360076904297,33.49932098388672,34.01899719238281,33.900760650634766,33.349063873291016,32.87244415283203,33.10301971435547,34.114845275878906,35.668800354003906,37.005130767822266,37.27603530883789,37.240692138671875,37.60220718383789,37.90925598144531,37.80323791503906,37.48053741455078,37.11320114135742,36.4809684753418,35.65232467651367,35.15364074707031,35.06568145751953,35.0712890625,35.21302032470703,35.071327209472656,34.294185638427734,33.03529357910156,32.25119400024414,32.2635612487793
