data/wind_data/wind_58_0.json
{"header": {"parameterUnit": "KT", "parameterCategory": 2, "nx": 255, "ny": 198, "lo1": 44.73521041870117, "la1": -3.236724853515625, "lo2": 111.26478576660156, "la2": 43.468475341796875, "dx": 0.26192745566368103, "dy": -0.23708222806453705, "refTime": "2025-02-21 10:00:00", "forecastTime": 0, "parameterNumber": 2, "parameterNumberName": "eastward_wind"}, "data":
[rows 19 to 37 of 198, columns 86 to 128 of 255]
-8.855228424072266,-9.801475524902344,-9.002406120300293,-8.406031608581543,-7.912114143371582,-6.992373466491699,-6.402234077453613,-6.385275363922119,-6.121672630310059,-6.832002639770508,-7.9223432540893555,-8.011124610900879,-7.5495829582214355,-6.952489376068115,-6.56959342956543,-5.5756516456604,-4.397370338439941,-3.9374938011169434,-3.7189414501190186,-3.6147801876068115,-4.608800888061523,-5.5386128425598145,-4.457016944885254,-4.113883018493652,-5.056037902832031,-4.1493377685546875,-3.363949775695801,-5.66254186630249,-6.993896007537842,-5.055269241333008,-2.8685600757598877,-1.9661096334457397,-4.520235061645508,-7.9160590171813965,-8.534685134887695,-7.318880081176758,-5.9549560546875,-6.298388957977295,-7.575051784515381,-8.030183792114258,-6.896538734436035,-4.868343353271484,-3.467233896255493
-9.415857315063477,-9.69539737701416,-7.998302459716797,-6.303117752075195,-6.28049898147583,-6.665366172790527,-6.2700324058532715,-6.55570650100708,-7.468812465667725,-8.091876983642578,-8.367136001586914,-8.11923599243164,-7.521489143371582,-7.1000847816467285,-6.773595809936523,-6.409372806549072,-6.338686466217041,-5.932641506195068,-4.951568603515625,-4.394866943359375,-4.677173137664795,-4.558279991149902,-4.45705509185791,-6.486279487609863,-7.3826823234558105,-5.224752426147461,-3.517446994781494,-3.457751512527466,-4.196245193481445,-3.6560959815979004,-2.201056718826294,-1.551417589187622,-2.832401752471924,-5.485438823699951,-8.584786415100098,-8.312082290649414,-4.999241352081299,-4.268813610076904,-7.348536491394043,-9.269025802612305,-7.676387310028076,-5.701082706451416,-4.60357141494751
-9.85853099822998,-9.556734085083008,-7.7440996170043945,-6.19104528427124,-6.234024524688721,-7.115029335021973,-7.458202362060547,-7.624131202697754,-7.773434638977051,-8.009332656860352,-8.412657737731934,-8.337016105651855,-7.741544246673584,-7.107579231262207,-6.782713413238525,-6.943591117858887,-7.145848751068115,-6.794317245483398,-6.041135787963867,-5.556671619415283,-5.43897008895874,-4.986093044281006,-4.975066661834717,-5.353891849517822,-5.555452823638916,-5.503946781158447,-4.322103977203369,-3.74931001663208,-4.487677097320557,-3.8886959552764893,-1.4506968259811401,0.6671165823936462,-4.115753173828125,-9.579368591308594,-10.190068244934082,-8.666849136352539,-4.993442058563232,-4.067551612854004,-8.08878231048584,-10.24030590057373,-7.99387264251709,-6.258337497711182,-5.857826232910156
-10.035012245178223,-9.707915306091309,-9.033462524414062,-8.80744457244873,-9.026859283447266,-8.979376792907715,-8.343995094299316,-7.537447452545166,-7.08568811416626,-7.278817653656006,-7.667532920837402,-7.800933837890625,-7.742034435272217,-7.2777533531188965,-6.593620777130127,-6.671201705932617,-7.379753112792969,-7.493282794952393,-6.685077667236328,-6.157740116119385,-6.145736217498779,-5.487435817718506,-4.535353183746338,-4.277516841888428,-4.901644229888916,-5.637823581695557,-5.834621429443359,-5.353048324584961,-4.7660956382751465,-4.57198429107666,-3.016603946685791,-2.045600175857544,-5.616262435913086,-10.749123573303223,-11.359853744506836,-8.582398414611816,-6.083981513977051,-5.856832027435303,-8.2645263671875,-9.484368324279785,-7.645411014556885,-6.301809787750244,-6.819577217102051
-9.482645034790039,-9.831088066101074,-9.930892944335938,-9.66824722290039,-9.47054386138916,-9.24984073638916,-8.628148078918457,-7.651320934295654,-6.882027626037598,-6.375545024871826,-5.926172256469727,-5.911430358886719,-6.887736797332764,-7.412121772766113,-6.292483329772949,-6.113261699676514,-7.731089115142822,-7.91233491897583,-6.911971092224121,-6.9300384521484375,-6.7212347984313965,-5.829192161560059,-6.202438831329346,-6.8417181968688965,-5.622100830078125,-4.285789489746094,-5.745924949645996,-6.717008590698242,-5.495795249938965,-5.232114315032959,-5.1434125900268555,-4.990235805511475,-6.502178192138672,-9.279383659362793,-10.649435997009277,-9.335437774658203,-7.471599102020264,-7.19863748550415,-7.967855930328369,-8.310433387756348,-7.507535934448242,-6.875393390655518,-7.635993957519531
-9.036595344543457,-9.821203231811523,-9.881616592407227,-9.455491065979004,-9.33852767944336,-9.367100715637207,-9.149481773376465,-8.38537311553955,-7.543795585632324,-6.842560768127441,-5.844706058502197,-5.603665351867676,-7.110942363739014,-7.957019329071045,-6.996861457824707,-7.079960346221924,-8.64063549041748,-8.22645378112793,-6.904601097106934,-7.382688999176025,-7.4278764724731445,-6.600748062133789,-6.875103950500488,-6.947898864746094,-5.53853702545166,-4.67525577545166,-5.885752201080322,-6.858048915863037,-5.6011152267456055,-4.635794639587402,-5.722416877746582,-6.737020492553711,-7.519733428955078,-8.31550121307373,-8.851051330566406,-9.463937759399414,-8.470734596252441,-7.236212730407715,-7.304630279541016,-7.490285396575928,-7.378917694091797,-7.217782497406006,-7.311107158660889
-9.561205863952637,-8.851278305053711,-8.397088050842285,-8.754767417907715,-9.043522834777832,-8.74157428741455,-8.310511589050293,-8.337553977966309,-8.437287330627441,-8.217246055603027,-8.2347412109375,-8.8473482131958,-9.408500671386719,-9.114221572875977,-8.571179389953613,-8.996379852294922,-9.1455659866333,-8.35511589050293,-7.756258010864258,-8.168949127197266,-8.694202423095703,-8.261967658996582,-7.3820881843566895,-6.533898830413818,-6.222439765930176,-6.018635272979736,-5.949273586273193,-6.198519706726074,-5.399233818054199,-4.568141460418701,-5.712648391723633,-7.448582172393799,-7.707054138183594,-6.974393367767334,-7.445738792419434,-8.800148963928223,-8.454445838928223,-7.01162576675415,-6.717987060546875,-7.113844394683838,-7.561584949493408,-7.552809715270996,-6.957976341247559
-10.665938377380371,-9.178380966186523,-8.289719581604004,-8.696478843688965,-9.67556095123291,-9.222582817077637,-7.8221940994262695,-8.061326026916504,-9.325185775756836,-9.474884986877441,-9.356578826904297,-9.579764366149902,-9.477533340454102,-9.45406723022461,-9.43225383758545,-9.207231521606445,-9.130001068115234,-8.96975326538086,-8.731602668762207,-8.932377815246582,-9.109256744384766,-8.454113006591797,-6.987304210662842,-6.078957557678223,-7.057967185974121,-7.345573425292969,-6.274267196655273,-6.411513328552246,-6.502125263214111,-5.9187188148498535,-6.402588367462158,-8.061127662658691,-8.448990821838379,-6.9406890869140625,-7.063931941986084,-8.700401306152344,-8.337825775146484,-6.8773579597473145,-6.538442611694336,-7.1759538650512695,-7.843465805053711,-7.736213684082031,-7.3537397384643555
-10.695144653320312,-10.107665061950684,-9.859803199768066,-9.735092163085938,-9.912904739379883,-10.289725303649902,-10.2561616897583,-10.378686904907227,-10.404053688049316,-9.555510520935059,-8.405106544494629,-7.495047569274902,-7.78215217590332,-9.570747375488281,-10.240816116333008,-9.3034086227417,-9.248815536499023,-9.520435333251953,-9.224478721618652,-9.0658540725708,-8.683361053466797,-7.987039089202881,-7.802203178405762,-8.09167766571045,-8.111827850341797,-7.567741870880127,-6.749777793884277,-6.601598739624023,-6.778815269470215,-6.516951084136963,-6.511043548583984,-7.364973545074463,-7.598363876342773,-6.850940227508545,-7.255551815032959,-8.296015739440918,-8.06765079498291,-6.970419883728027,-6.754358291625977,-7.458507061004639,-7.981150150299072,-7.974798202514648,-8.195517539978027
-9.183454513549805,-9.709144592285156,-9.670352935791016,-8.790213584899902,-8.6077880859375,-9.72207260131836,-10.659259796142578,-10.851649284362793,-10.575589179992676,-9.56644058227539,-8.028681755065918,-7.157347202301025,-8.146726608276367,-9.891180038452148,-10.04118824005127,-9.564535140991211,-9.789566040039062,-9.663093566894531,-9.297344207763672,-9.238358497619629,-8.80103588104248,-8.711137771606445,-9.27392864227295,-8.876566886901855,-7.82228422164917,-7.572364807128906,-7.59720516204834,-7.207868576049805,-6.99153470993042,-6.8211212158203125,-6.2040486335754395,-6.231387138366699,-7.176745414733887,-7.521188735961914,-7.376804351806641,-7.370406150817871,-7.146421909332275,-6.978425979614258,-7.67781925201416,-8.3048095703125,-7.956781387329102,-7.6585612297058105,-8.18057918548584
-7.681735038757324,-8.652217864990234,-9.189605712890625,-8.195255279541016,-7.181989669799805,-7.984527111053467,-9.109959602355957,-9.4808931350708,-9.894821166992188,-9.994383811950684,-9.445992469787598,-9.39970874786377,-9.726508140563965,-9.699722290039062,-9.668177604675293,-10.05860710144043,-9.7930908203125,-8.363859176635742,-8.18497371673584,-9.942987442016602,-10.522493362426758,-9.595576286315918,-9.256951332092285,-8.696033477783203,-7.9053144454956055,-7.957145690917969,-7.9499897956848145,-7.268909931182861,-6.898461818695068,-6.763434886932373,-6.6717963218688965,-7.046952247619629,-7.368690013885498,-7.588767051696777,-7.444651126861572,-6.667806625366211,-5.861806869506836,-6.004475116729736,-7.470331192016602,-8.480993270874023,-8.17128849029541,-7.7293596267700195,-7.808591365814209
-10.393996238708496,-10.684792518615723,-10.513008117675781,-9.961103439331055,-9.262537956237793,-8.301563262939453,-7.61862850189209,-7.879067420959473,-9.358570098876953,-10.631155967712402,-10.461195945739746,-10.083230018615723,-9.702634811401367,-9.029176712036133,-9.516335487365723,-10.676129341125488,-9.801624298095703,-7.983674049377441,-8.779711723327637,-10.943354606628418,-10.961019515991211,-9.698880195617676,-9.404450416564941,-9.192787170410156,-8.38267993927002,-8.122762680053711,-7.984914302825928,-7.393702030181885,-6.864067077636719,-6.535678386688232,-6.9779582023620605,-7.623154163360596,-7.5225114822387695,-7.524128437042236,-7.767232894897461,-6.716553688049316,-4.761835098266602,-3.8049750328063965,-5.75784969329834,-8.038126945495605,-8.298425674438477,-7.96808385848999,-7.438277721405029
-10.78983211517334,-11.087340354919434,-11.032821655273438,-10.906563758850098,-10.903493881225586,-9.935929298400879,-7.97970724105835,-7.017240524291992,-8.765748977661133,-10.754352569580078,-10.898937225341797,-10.170743942260742,-9.15658950805664,-8.85612964630127,-10.183344841003418,-11.384891510009766,-10.645040512084961,-10.139774322509766,-11.329691886901855,-11.93392276763916,-10.90579891204834,-9.947243690490723,-10.055784225463867,-9.990592002868652,-8.94130802154541,-8.545947074890137,-8.228492736816406,-7.31581449508667,-6.897254943847656,-6.914956092834473,-7.3735127449035645,-7.932212829589844,-7.65147590637207,-6.818597793579102,-6.896854400634766,-6.407388687133789,-5.252053737640381,-5.479907989501953,-6.407844543457031,-7.622556209564209,-8.523028373718262,-8.248536109924316,-7.752779483795166
-9.343289375305176,-8.47634506225586,-7.989635944366455,-9.052229881286621,-9.818148612976074,-9.373976707458496,-8.88027286529541,-8.250908851623535,-8.306904792785645,-9.406764030456543,-10.19398307800293,-9.817404747009277,-8.880985260009766,-9.031530380249023,-10.617432594299316,-11.49274730682373,-11.069769859313965,-11.283198356628418,-12.038723945617676,-12.306113243103027,-11.796404838562012,-10.628286361694336,-9.996328353881836,-9.790558815002441,-9.205733299255371,-8.828994750976562,-8.182600021362305,-7.339062690734863,-7.005980014801025,-6.788816452026367,-7.115224361419678,-8.00598430633545,-8.09610652923584,-7.411202430725098,-6.140144348144531,-4.65062141418457,-4.87938928604126,-6.706897258758545,-8.517263412475586,-9.460860252380371,-9.134148597717285,-8.57905101776123,-8.563382148742676
-8.322845458984375,-7.532099723815918,-5.244847297668457,-6.039438724517822,-7.727100372314453,-8.4029541015625,-8.89638900756836,-8.419684410095215,-7.037439823150635,-6.523387908935547,-7.934728622436523,-9.185213088989258,-8.577977180480957,-7.317237377166748,-8.38924789428711,-10.344696998596191,-10.338329315185547,-9.970316886901855,-10.629562377929688,-11.673504829406738,-11.814648628234863,-10.895363807678223,-9.811198234558105,-9.521109580993652,-9.362147331237793,-8.722275733947754,-7.773454666137695,-7.2547287940979,-7.331418514251709,-7.078437805175781,-7.12630558013916,-7.794693470001221,-8.249381065368652,-8.105512619018555,-7.376664161682129,-6.077998161315918,-4.46229362487793,-4.969890117645264,-6.5313639640808105,-7.930759429931641,-9.191426277160645,-9.04319953918457,-8.534722328186035
-7.831770896911621,-8.189569473266602,-7.251628398895264,-6.703363418579102,-7.150906085968018,-7.548173427581787,-7.46886682510376,-7.119400501251221,-6.437897205352783,-6.380971908569336,-6.875859260559082,-8.16218376159668,-8.533931732177734,-6.653315544128418,-5.9992146492004395,-7.77597188949585,-9.096381187438965,-8.377010345458984,-7.72119665145874,-8.818278312683105,-10.400273323059082,-10.908284187316895,-10.413729667663574,-9.690101623535156,-8.903045654296875,-7.7042155265808105,-6.488624572753906,-6.185413360595703,-6.771587371826172,-6.904138088226318,-6.882608890533447,-7.383171081542969,-8.17354679107666,-8.595916748046875,-8.348587989807129,-7.870606899261475,-7.093704700469971,-6.1231842041015625,-4.722782135009766,-5.372583389282227,-7.422660827636719,-8.002314567565918,-7.67189884185791
-8.579913139343262,-8.583274841308594,-8.488923072814941,-8.817578315734863,-9.39514446258545,-8.916131019592285,-7.895747184753418,-7.498223781585693,-7.580872535705566,-8.153846740722656,-8.164726257324219,-8.331380844116211,-9.237275123596191,-9.259511947631836,-8.118023872375488,-7.168925762176514,-7.762897968292236,-8.23493766784668,-6.960536003112793,-6.772230625152588,-8.6533784866333,-9.765898704528809,-9.291847229003906,-8.741870880126953,-8.481771469116211,-7.90078592300415,-6.756178379058838,-5.440704822540283,-5.629157543182373,-6.2018327713012695,-6.138176918029785,-6.0724639892578125,-6.530238151550293,-8.633014678955078,-9.984746932983398,-9.609335899353027,-8.054238319396973,-5.512188911437988,-3.991719961166382,-3.7617082595825195,-4.771526336669922,-5.763935565948486,-6.045464038848877
-10.154897689819336,-9.578725814819336,-8.511575698852539,-8.408282279968262,-9.195808410644531,-8.97846794128418,-7.698028087615967,-6.898462772369385,-6.625107765197754,-6.217686653137207,-5.660468578338623,-5.6684441566467285,-7.749571323394775,-9.520410537719727,-9.17759895324707,-7.973292827606201,-6.988160133361816,-8.08293342590332,-9.398659706115723,-9.952008247375488,-10.312041282653809,-9.7273530960083,-8.69884204864502,-7.942495822906494,-7.797523021697998,-8.04940128326416,-8.582767486572266,-8.792348861694336,-7.678984642028809,-6.043209075927734,-6.771787643432617,-9.281846046447754,-9.527257919311523,-9.105630874633789,-9.83388614654541,-9.166411399841309,-7.815759658813477,-7.339431285858154,-6.580249309539795,-5.497166633605957,-5.424533367156982,-6.436522960662842,-6.251765251159668
-10.139262199401855,-9.3436918258667,-8.279265403747559,-7.970541954040527,-8.262359619140625,-7.774527549743652,-6.61610746383667,-5.5881476402282715,-4.888251304626465,-4.542129039764404,-4.4641618728637695,-3.9752795696258545,-5.023263931274414,-7.369990348815918,-8.900976181030273,-9.273486137390137,-7.784305572509766,-7.626459121704102,-10.28377628326416,-11.938618659973145,-11.17570686340332,-9.960199356079102,-8.678250312805176,-7.147024631500244,-6.458280086517334,-7.511036396026611,-8.474251747131348,-8.767914772033691,-9.426780700683594,-10.16065788269043,-11.278046607971191,-12.563637733459473,-12.288566589355469,-11.324748992919922,-10.377829551696777,-7.910195350646973,-7.972010135650635,-11.199213027954102,-10.578469276428223,-7.3021345138549805,-6.504162311553955,-6.774650573730469,-5.844663619995117
