data/wind_data/wind_29_6.json
{"header": {"parameterUnit": "KT", "parameterCategory": 2, "nx": 256, "ny": 198, "lo1": 44.73521041870117, "la1": -3.236724853515625, "lo2": 111.26478576660156, "la2": 43.468475341796875, "dx": 0.2609002888202667, "dy": -0.23708222806453705, "refTime": "2025-02-20 05:00:00", "forecastTime": 0, "parameterNumber": 2, "parameterNumberName": "eastward_wind"}, "data":
[rows 80 to 99 of 198, columns 0 to 44 of 256]
48.80854034423828,48.236209869384766,47.69890213012695,47.50565719604492,48.111446380615234,48.139068603515625,48.046669006347656,48.15221405029297,48.49680709838867,48.75972366333008,48.74156951904297,48.673797607421875,48.78406524658203,48.86713409423828,48.62712097167969,48.0904541015625,47.51866149902344,47.05299758911133,46.63575744628906,46.33140563964844,46.29280090332031,46.444557189941406,46.540794372558594,46.43715286254883,46.11444854736328,45.66969299316406,45.45773696899414,45.68657684326172,46.14800262451172,46.58200454711914,46.91323471069336,47.22662353515625,47.62389373779297,48.058475494384766,48.32722473144531,48.22724533081055,47.82273483276367,47.36658477783203,47.019046783447266,46.77943420410156,46.68943405151367,46.847633361816406,46.99786376953125,46.68215560913086,45.98746109008789
49.996829986572266,49.02168273925781,48.76677322387695,48.88499450683594,49.46900939941406,49.56452941894531,49.594886779785156,49.84724807739258,50.190185546875,50.38164520263672,50.371742248535156,50.437374114990234,50.74032211303711,50.98475646972656,50.859657287597656,50.4044303894043,49.87217712402344,49.38927459716797,48.903099060058594,48.45918273925781,48.28833770751953,48.438961029052734,48.6534309387207,48.64243698120117,48.34992218017578,47.966156005859375,47.84799575805664,48.170433044433594,48.68970489501953,49.09479522705078,49.30971145629883,49.419105529785156,49.57050704956055,49.828609466552734,50.09550094604492,50.16747283935547,49.96759796142578,49.71338653564453,49.602352142333984,49.53083419799805,49.38541030883789,49.31956100463867,49.303321838378906,48.88593673706055,48.06544876098633
51.285064697265625,50.480037689208984,50.47727966308594,50.757354736328125,51.24502182006836,51.241310119628906,51.15435791015625,51.446815490722656,51.8121337890625,51.92827606201172,51.80681228637695,51.79054260253906,52.084896087646484,52.41905212402344,52.44139099121094,52.167564392089844,51.72015380859375,51.134395599365234,50.5164794921875,50.029266357421875,49.83251190185547,49.94758224487305,50.188907623291016,50.256954193115234,50.024574279785156,49.696693420410156,49.628944396972656,49.995933532714844,50.53660202026367,50.94273376464844,51.175785064697266,51.25395584106445,51.25001525878906,51.315696716308594,51.50816345214844,51.68246841430664,51.69498062133789,51.71151351928711,51.8392219543457,51.8851318359375,51.72146224975586,51.435264587402344,51.115943908691406,50.56854248046875,49.79664993286133
53.357452392578125,52.75607681274414,52.62549591064453,52.59819412231445,52.885562896728516,52.911376953125,52.911617279052734,53.180931091308594,53.5085563659668,53.57643508911133,53.384605407714844,53.17546081542969,53.20743942260742,53.454708099365234,53.64784622192383,53.661964416503906,53.4249153137207,52.85253143310547,52.15620422363281,51.67049789428711,51.50712966918945,51.60893249511719,51.8305549621582,51.922428131103516,51.72684097290039,51.38349914550781,51.20269775390625,51.40383529663086,51.87183380126953,52.34088134765625,52.70478439331055,52.898616790771484,52.861732482910156,52.73616409301758,52.75619125366211,52.92183303833008,53.058292388916016,53.205142974853516,53.44715118408203,53.64046096801758,53.633522033691406,53.40824890136719,52.99192810058594,52.39510726928711,51.72587966918945
55.88811492919922,55.57746887207031,55.18365478515625,54.59172058105469,54.73733139038086,54.85612869262695,54.91930389404297,55.15184783935547,55.412601470947266,55.43387222290039,55.158607482910156,54.755767822265625,54.48173904418945,54.50981521606445,54.754512786865234,54.99213790893555,55.01039123535156,54.646121978759766,54.10602569580078,53.756591796875,53.70943069458008,53.85708236694336,54.04389953613281,54.0756950378418,53.82510757446289,53.372344970703125,52.98457717895508,52.92155075073242,53.213382720947266,53.69634246826172,54.19659423828125,54.55197525024414,54.61387634277344,54.437889099121094,54.28274917602539,54.29649353027344,54.4067268371582,54.58189392089844,54.847816467285156,55.126686096191406,55.31645584106445,55.33039093017578,55.064727783203125,54.555030822753906,53.97855758666992
58.27678298950195,58.06489181518555,57.59278106689453,56.74983215332031,56.920074462890625,57.28133773803711,57.326847076416016,57.344757080078125,57.49873352050781,57.603721618652344,57.395896911621094,56.87120819091797,56.31092071533203,56.04362487792969,56.127288818359375,56.348663330078125,56.439876556396484,56.27031326293945,56.008670806884766,55.8929328918457,55.922393798828125,56.00175857543945,56.08009338378906,56.05247497558594,55.76408004760742,55.23387145996094,54.68482208251953,54.379791259765625,54.456966400146484,54.86143112182617,55.417396545410156,55.91088104248047,56.15526580810547,56.11945343017578,55.990055084228516,55.938201904296875,55.987464904785156,56.13367462158203,56.367095947265625,56.65322494506836,56.93265151977539,57.08544158935547,56.970069885253906,56.596473693847656,56.13492965698242
60.57646179199219,60.22941970825195,59.71048355102539,58.85233688354492,58.961341857910156,59.43172836303711,59.521095275878906,59.412105560302734,59.436607360839844,59.63717269897461,59.683372497558594,59.28129577636719,58.58488082885742,58.042724609375,57.87030029296875,57.90072250366211,57.86092758178711,57.6820182800293,57.57093811035156,57.68344497680664,57.862205505371094,57.9085578918457,57.891143798828125,57.882266998291016,57.67379379272461,57.10017776489258,56.36286926269531,55.820556640625,55.68196105957031,55.92998123168945,56.41425323486328,56.93386459350586,57.28520965576172,57.4108772277832,57.430145263671875,57.49112319946289,57.617759704589844,57.78425979614258,57.97830581665039,58.20829391479492,58.4644660949707,58.63039779663086,58.56425476074219,58.273338317871094,57.90635299682617
62.47658157348633,62.0388298034668,61.521846771240234,60.7561149597168,60.64754104614258,60.898353576660156,60.953346252441406,60.89139175415039,60.9279899597168,61.22511672973633,61.55922317504883,61.448753356933594,60.81174087524414,60.0965690612793,59.71534729003906,59.62620162963867,59.49125289916992,59.2203254699707,59.099220275878906,59.32693099975586,59.67997360229492,59.848514556884766,59.8679313659668,59.88819122314453,59.736446380615234,59.168094635009766,58.30540084838867,57.55271530151367,57.21747970581055,57.31918716430664,57.67369079589844,58.088871002197266,58.41299057006836,58.587013244628906,58.69447708129883,58.85245132446289,59.089141845703125,59.36330032348633,59.632225036621094,59.870880126953125,60.067501068115234,60.1500244140625,60.051170349121094,59.79219436645508,59.46694564819336
64.08796691894531,63.625553131103516,63.2274055480957,62.59557342529297,62.14548110961914,62.06100082397461,62.07487106323242,62.176918029785156,62.38760757446289,62.827728271484375,63.39583206176758,63.58959197998047,63.09245681762695,62.24208450317383,61.59264373779297,61.357627868652344,61.240562438964844,60.96730422973633,60.75358200073242,60.8985481262207,61.30514144897461,61.645355224609375,61.785614013671875,61.823875427246094,61.6756591796875,61.12175750732422,60.25254440307617,59.4587516784668,59.07925796508789,59.140750885009766,59.424800872802734,59.74742126464844,60.061710357666016,60.35518264770508,60.56592559814453,60.708343505859375,60.89994430541992,61.18057632446289,61.50684356689453,61.7969856262207,61.96055603027344,61.93903732299805,61.742462158203125,61.44794464111328,61.11985778808594
65.73748016357422,65.48259735107422,65.12153625488281,64.28583526611328,63.40427017211914,63.1386604309082,63.2547492980957,63.567195892333984,63.949745178222656,64.48139953613281,65.16861724853516,65.59516906738281,65.32025146484375,64.45999908447266,63.55048370361328,63.022857666015625,62.83168029785156,62.67578125,62.535064697265625,62.629512786865234,62.951908111572266,63.29475784301758,63.49433517456055,63.55072784423828,63.4182243347168,62.93391036987305,62.12610626220703,61.33892059326172,60.9311408996582,60.9528923034668,61.19886016845703,61.526424407958984,61.925323486328125,62.397953033447266,62.783592224121094,62.969459533691406,63.12089920043945,63.37409973144531,63.63810729980469,63.79969024658203,63.82914352416992,63.73185729980469,63.522335052490234,63.23787307739258,62.88999938964844
67.29624938964844,67.37956237792969,67.0249252319336,65.77464294433594,64.54235076904297,64.27149963378906,64.5230712890625,64.96073150634766,65.3992919921875,65.86367797851562,66.46515655517578,66.97319030761719,66.98529815673828,66.40725708007812,65.53992462158203,64.80712890625,64.39920806884766,64.27244567871094,64.36102294921875,64.5991439819336,64.88555908203125,65.12828826904297,65.29813385009766,65.34442901611328,65.20418548583984,64.80467987060547,64.14807891845703,63.441673278808594,62.97747039794922,62.880611419677734,63.04652786254883,63.36827850341797,63.817508697509766,64.3517074584961,64.82014465332031,65.1008071899414,65.3104248046875,65.60516357421875,65.86820983886719,65.90176391601562,65.71161651611328,65.4537582397461,65.23492431640625,65.03601837158203,64.73583221435547
68.14141082763672,68.3173828125,67.9958267211914,66.6795883178711,65.33783721923828,65.10030364990234,65.40572357177734,65.91197967529297,66.42802429199219,66.89507293701172,67.43244171142578,67.99617004394531,68.29222106933594,68.12004089355469,67.5865478515625,66.9619369506836,66.42703247070312,66.16181182861328,66.30281066894531,66.6737289428711,66.97611236572266,67.13448333740234,67.23104858398438,67.24250793457031,67.05957794189453,66.66936492919922,66.16844940185547,65.66057586669922,65.27799987792969,65.1224136352539,65.21135711669922,65.48860168457031,65.9035873413086,66.3906478881836,66.84397888183594,67.18392181396484,67.48511505126953,67.84526824951172,68.15890502929688,68.1954345703125,67.9213638305664,67.54023742675781,67.22754669189453,66.9851303100586,66.66602325439453
68.66425323486328,68.45086669921875,68.1766357421875,67.20089721679688,65.8183822631836,65.38652038574219,65.59976196289062,66.16346740722656,66.8514175415039,67.4828872680664,68.0688247680664,68.7127685546875,69.26216125488281,69.43599700927734,69.25794982910156,68.94374084472656,68.56889343261719,68.28460693359375,68.31658172607422,68.62796783447266,68.95597839355469,69.16466522216797,69.28448486328125,69.30587768554688,69.12579345703125,68.72721862792969,68.24589538574219,67.81937408447266,67.51384735107422,67.37254333496094,67.43427276611328,67.7237319946289,68.18182373046875,68.67340087890625,69.09400939941406,69.42378997802734,69.74234008789062,70.12518310546875,70.48410034179688,70.59661102294922,70.38483428955078,70.0110855102539,69.648681640625,69.33043670654297,68.93862915039062
70.73503875732422,70.04093170166016,69.68346405029297,68.98808288574219,67.60100555419922,66.83634185791016,66.74701690673828,67.13936614990234,67.74324798583984,68.31436920166016,68.81541442871094,69.40168762207031,70.07424926757812,70.51717376708984,70.6020278930664,70.51908874511719,70.38529968261719,70.25975036621094,70.25196075439453,70.4107666015625,70.64627075195312,70.86873626708984,71.0682144165039,71.21395874023438,71.18281555175781,70.86262512207031,70.34188079833984,69.8405532836914,69.49935913085938,69.34213256835938,69.39201354980469,69.69654083251953,70.23753356933594,70.84849548339844,71.3473892211914,71.6827163696289,71.94628143310547,72.2624282836914,72.62139129638672,72.84048461914062,72.77064514160156,72.45741271972656,72.06195831298828,71.70811462402344,71.3069839477539
73.94187927246094,72.84393310546875,72.2955551147461,71.72450256347656,70.50763702392578,69.72897338867188,69.45451354980469,69.60041809082031,69.96322631835938,70.29145050048828,70.5694351196289,70.9153060913086,71.46321868896484,72.02497100830078,72.30976867675781,72.338134765625,72.30116271972656,72.28602600097656,72.29638671875,72.35179901123047,72.4578628540039,72.57014465332031,72.67913818359375,72.80514526367188,72.8780746459961,72.69435119628906,72.20173645019531,71.63632202148438,71.25066375732422,71.11042785644531,71.19110107421875,71.50160217285156,72.0487060546875,72.71037292480469,73.29183959960938,73.70481872558594,74.0015640258789,74.27500915527344,74.55155944824219,74.7520980834961,74.75648498535156,74.52159881591797,74.12905883789062,73.72421264648438,73.31086730957031
76.91585540771484,75.66646575927734,74.87853240966797,74.08515167236328,72.91471862792969,72.21656036376953,71.951171875,72.00106811523438,72.29426574707031,72.57904052734375,72.76358795166016,72.9266586303711,73.23690795898438,73.71084594726562,74.11410522460938,74.29727172851562,74.35658264160156,74.38163757324219,74.36063385009766,74.35084533691406,74.44586181640625,74.59027862548828,74.65827178955078,74.65927124023438,74.6081771850586,74.40531158447266,73.94892883300781,73.36798095703125,72.9588623046875,72.8765869140625,73.04191589355469,73.3562240600586,73.82771301269531,74.40983581542969,74.9666976928711,75.4446792602539,75.88494873046875,76.2920150756836,76.6130142211914,76.77298736572266,76.7221450805664,76.46692657470703,76.06633758544922,75.61911010742188,75.1568374633789
79.79634094238281,78.53395080566406,77.51000213623047,76.25958251953125,74.93473815917969,74.08040618896484,73.81138610839844,73.87129211425781,74.16300964355469,74.56856536865234,74.88041687011719,75.03314208984375,75.16985321044922,75.46082305908203,75.87142181396484,76.26966857910156,76.55318450927734,76.66559600830078,76.61100006103516,76.50850677490234,76.53671264648438,76.74127960205078,76.96199798583984,77.02303314208984,76.91141510009766,76.60814666748047,76.1109848022461,75.46886444091797,74.94408416748047,74.79523468017578,74.98133087158203,75.29437255859375,75.66533660888672,76.09808349609375,76.54576110839844,77.01923370361328,77.56511688232422,78.13314819335938,78.58763122558594,78.8084945678711,78.75536346435547,78.47607421875,78.03575897216797,77.51504516601562,77.02777862548828
82.79666137695312,81.38703918457031,80.26365661621094,78.89319610595703,77.46806335449219,76.35626220703125,75.9068832397461,75.86538696289062,76.05823516845703,76.49908447265625,76.96784210205078,77.26773071289062,77.39033508300781,77.475341796875,77.7593002319336,78.29448699951172,78.81717681884766,79.0643539428711,79.0278549194336,78.89483642578125,78.85649871826172,78.97603607177734,79.17388916015625,79.3212890625,79.36756896972656,79.27503967285156,78.89691925048828,78.2313461303711,77.49996948242188,77.04804229736328,76.9988021850586,77.18917083740234,77.46556091308594,77.8067855834961,78.21907806396484,78.7247314453125,79.32626342773438,79.93331909179688,80.38409423828125,80.57062530517578,80.51203155517578,80.26161193847656,79.81430053710938,79.24151611328125,78.7498550415039
85.88968658447266,84.34420776367188,83.16558837890625,81.93265533447266,80.52517700195312,79.26659393310547,78.51239013671875,78.24546813964844,78.36808776855469,78.85466766357422,79.42283630371094,79.81884002685547,79.9836196899414,79.9289779663086,79.9702377319336,80.40315246582031,80.95088195800781,81.2426528930664,81.29304504394531,81.29268646240234,81.33333587646484,81.36347198486328,81.34243774414062,81.30171203613281,81.34233856201172,81.47206115722656,81.48614501953125,81.13519287109375,80.4463119506836,79.69148254394531,79.16806030273438,78.95845031738281,78.99940490722656,79.23540496826172,79.65615844726562,80.26282501220703,80.97801208496094,81.61993408203125,81.984130859375,82.01057434082031,81.84620666503906,81.61114501953125,81.2372055053711,80.7198715209961,80.23883056640625
88.71206665039062,87.19166564941406,86.0551986694336,84.86582946777344,83.43557739257812,82.12106323242188,81.14863586425781,80.67636108398438,80.7685775756836,81.36180877685547,82.09260559082031,82.57044982910156,82.77938842773438,82.78376770019531,82.7268295288086,82.8494644165039,83.07971954345703,83.2047119140625,83.29737091064453,83.50972747802734,83.75331115722656,83.80419158935547,83.60742950439453,83.31055450439453,83.13449096679688,83.16809844970703,83.2642822265625,83.2214584350586,82.90399169921875,82.3069839477539,81.56925964355469,80.90947723388672,80.49695587158203,80.41011047363281,80.68035888671875,81.28421020507812,82.08570861816406,82.81423950195312,83.18630981445312,83.14028930664062,82.91242980957031,82.69355773925781,82.42552185058594,82.06807708740234,81.70576477050781
