data/wind_data/wind_12_8.json
{"header": {"parameterUnit": "KT", "parameterCategory": 2, "nx": 256, "ny": 198, "lo1": 44.73521041870117, "la1": -3.236724853515625, "lo2": 111.26478576660156, "la2": 43.468475341796875, "dx": 0.2609002888202667, "dy": -0.23708222806453705, "refTime": "2025-02-19 12:00:00", "forecastTime": 0, "parameterNumber": 2, "parameterNumberName": "eastward_wind"}, "data":
[rows 133 to 151 of 198, columns 88 to 131 of 256]
44.309818267822266,48.935020446777344,54.49119186401367,54.048744201660156,49.14142608642578,45.83832550048828,45.643028259277344,47.61480712890625,49.12150955200195,47.935821533203125,46.714847564697266,48.94047927856445,52.463417053222656,54.373687744140625,53.669559478759766,51.80160903930664,48.97960662841797,47.68674087524414,47.26528549194336,46.04436111450195,45.51748275756836,48.12827682495117,53.14939880371094,58.04638671875,61.581233978271484,63.81252670288086,63.97343444824219,61.99951934814453,58.74000930786133,55.9143180847168,54.47928237915039,55.05603790283203,56.426395416259766,56.54747772216797,54.80003356933594,51.8782958984375,48.09886169433594,44.1672477722168,43.00311279296875,45.26737976074219,48.314273834228516,49.700843811035156,49.28301239013672,48.67113494873047
42.48197937011719,46.93617248535156,51.194942474365234,50.71833419799805,48.78956985473633,47.6841926574707,46.99942398071289,47.731529235839844,48.66112518310547,47.68222427368164,46.82722854614258,49.17317581176758,52.833953857421875,54.76582717895508,52.971885681152344,49.42217254638672,46.3681755065918,46.15492630004883,46.02698516845703,44.84164810180664,45.38410186767578,48.851806640625,54.239505767822266,59.34362030029297,62.89179992675781,64.3829116821289,63.387691497802734,60.29612731933594,57.11765670776367,55.42694091796875,55.364437103271484,56.40896224975586,57.477294921875,56.8586540222168,54.17256164550781,50.984161376953125,48.860050201416016,47.07351303100586,44.75659942626953,43.527992248535156,44.3005256652832,45.7779541015625,47.59693145751953,49.85337829589844
44.12980651855469,45.91606903076172,46.34597396850586,46.0880126953125,47.12015151977539,47.356689453125,46.91254806518555,47.32590103149414,47.98970031738281,48.12995529174805,48.9929084777832,51.09519958496094,53.417110443115234,53.79957962036133,50.78245544433594,47.095279693603516,45.0677490234375,45.313602447509766,45.947593688964844,45.394920349121094,45.695648193359375,49.29179763793945,54.996665954589844,60.11388397216797,63.29906463623047,64.1552505493164,62.23225784301758,58.620513916015625,56.12309646606445,55.28639221191406,55.20140075683594,55.998966217041016,57.11502456665039,56.588016510009766,54.4211311340332,52.387306213378906,51.16817092895508,49.964656829833984,46.478599548339844,41.259971618652344,38.862937927246094,41.15361404418945,45.70307922363281,50.05994415283203
44.58696365356445,45.11424255371094,44.5980110168457,43.55596160888672,44.09926986694336,44.908294677734375,44.97703552246094,45.77012634277344,47.64439392089844,50.66222381591797,52.51771926879883,52.62173080444336,52.74441909790039,52.04503631591797,49.4390983581543,46.66665267944336,45.44772720336914,45.46673583984375,46.22780990600586,46.79225158691406,47.51218032836914,50.345237731933594,55.18052291870117,60.18709945678711,63.310089111328125,63.32408905029297,60.78838348388672,57.2458381652832,54.35430145263672,52.730918884277344,52.820289611816406,54.42156982421875,55.714168548583984,55.30693054199219,54.31532287597656,53.72547149658203,52.865108489990234,51.27107620239258,47.885215759277344,42.404598236083984,38.83279037475586,40.645938873291016,45.285823822021484,49.17123794555664
43.90402603149414,43.86575698852539,43.19334411621094,41.55573654174805,41.06260299682617,41.78688049316406,43.18394470214844,45.8862419128418,48.6055908203125,51.213722229003906,52.40788650512695,51.72807693481445,50.907447814941406,49.88499450683594,48.153690338134766,46.81138610839844,46.770591735839844,46.997833251953125,47.401798248291016,48.685157775878906,51.01384735107422,53.54099655151367,56.219486236572266,59.92552947998047,62.9210319519043,62.723670959472656,60.588619232177734,57.73302459716797,53.387733459472656,49.50054931640625,48.88035202026367,51.239505767822266,53.32575988769531,54.08661651611328,54.45378112792969,54.42027282714844,53.352203369140625,51.37187957763672,48.474769592285156,45.14945983886719,43.67326736450195,45.102264404296875,46.88700485229492,48.214012145996094
42.5497932434082,42.39388656616211,42.700496673583984,42.013946533203125,40.86277770996094,40.327239990234375,41.5064582824707,45.465171813964844,49.63783645629883,51.174171447753906,49.89627456665039,47.846431732177734,46.859825134277344,46.57748794555664,46.83958053588867,47.60127258300781,48.25408172607422,48.41157531738281,48.328773498535156,49.47394561767578,52.48991012573242,55.93470764160156,58.467472076416016,60.80358123779297,62.91963195800781,63.52777099609375,62.44374084472656,59.9594612121582,55.841304779052734,51.487483978271484,49.17998504638672,49.22581481933594,50.559200286865234,52.33341598510742,54.030296325683594,54.79048156738281,54.16138458251953,52.319427490234375,49.774688720703125,48.30742263793945,49.281105041503906,50.48556137084961,49.602108001708984,48.98337173461914
42.88703918457031,42.490718841552734,42.80287170410156,42.44719696044922,41.584957122802734,41.14305877685547,42.104400634765625,45.50536346435547,48.66412353515625,49.23191833496094,47.94026565551758,46.15193176269531,44.800018310546875,44.547264099121094,45.75080490112305,47.30324935913086,47.926727294921875,48.4686393737793,49.794044494628906,51.820560455322266,54.094478607177734,56.75289535522461,59.054996490478516,60.803794860839844,62.7732048034668,64.39627075195312,64.45294189453125,62.495670318603516,59.33833694458008,56.189517974853516,53.44462966918945,51.34299850463867,50.39377212524414,51.45433044433594,53.78799819946289,55.61904525756836,55.63740921020508,53.9595832824707,52.430912017822266,53.08341598510742,54.820011138916016,54.22281265258789,52.370262145996094,52.308494567871094
43.72251510620117,43.56770324707031,43.44737243652344,42.628662109375,42.16422653198242,42.787113189697266,43.93488693237305,45.57401657104492,46.530792236328125,46.82911682128906,47.0494499206543,46.55644226074219,44.91547775268555,43.236000061035156,43.99995422363281,47.00735092163086,49.099853515625,49.38528060913086,50.48856735229492,53.244590759277344,56.13815689086914,57.825660705566406,58.5394172668457,59.56708526611328,61.52988815307617,63.205101013183594,63.56644058227539,62.638492584228516,60.91851806640625,59.019775390625,56.965152740478516,54.75932312011719,53.16973876953125,53.454551696777344,55.15447998046875,56.423614501953125,56.06739044189453,55.19954299926758,55.83259963989258,58.47740173339844,59.2806282043457,56.50579833984375,54.94241714477539,55.743377685546875
43.661964416503906,44.245304107666016,43.867156982421875,42.39494323730469,42.070377349853516,43.260009765625,44.76316833496094,45.55051803588867,45.40303039550781,45.2722282409668,45.08840560913086,46.145084381103516,45.84838104248047,43.423988342285156,42.556976318359375,45.467742919921875,50.3125114440918,53.405391693115234,54.29441833496094,54.94960403442383,56.344810485839844,57.422752380371094,57.748748779296875,58.306541442871094,59.49287796020508,61.0875129699707,62.297157287597656,62.46256637573242,61.627685546875,60.05158615112305,57.964080810546875,55.9570198059082,54.919960021972656,55.35429763793945,56.3591423034668,56.41331481933594,55.88138198852539,56.19036865234375,58.57632827758789,61.5657958984375,60.83966827392578,57.597923278808594,57.03655242919922,58.318782806396484
44.063724517822266,44.27912139892578,43.33881759643555,41.82212829589844,41.8464469909668,43.728511810302734,44.89981460571289,44.154727935791016,43.61985778808594,44.27724838256836,44.69487762451172,46.22241973876953,46.519309997558594,44.4066047668457,42.79324722290039,45.055171966552734,50.183441162109375,54.54073715209961,55.96730041503906,55.45005416870117,55.01110076904297,55.287784576416016,55.862266540527344,56.5886344909668,57.97737503051758,60.290618896484375,62.40044403076172,62.92973709106445,61.95918655395508,60.024574279785156,57.23682403564453,54.66299819946289,53.853214263916016,54.677734375,55.5315055847168,55.42728805541992,55.40068435668945,56.914695739746094,59.97205352783203,61.93751525878906,60.02495574951172,57.60505676269531,58.332489013671875,60.635013580322266
43.7027587890625,42.92728042602539,41.862117767333984,41.494441986083984,42.77916717529297,44.53330612182617,44.08426284790039,41.83782196044922,41.383644104003906,43.55280303955078,45.37637710571289,46.44497299194336,46.615970611572266,45.465457916259766,44.211673736572266,45.549476623535156,49.24805450439453,52.462486267089844,53.666282653808594,53.44508361816406,52.76332092285156,52.16160583496094,51.842952728271484,52.816036224365234,55.58714294433594,59.2655143737793,62.0852165222168,62.927120208740234,61.84143829345703,59.126922607421875,55.73636245727539,53.755470275878906,54.05471420288086,55.16572952270508,55.64425277709961,55.58311462402344,56.189395904541016,57.74016571044922,59.86223602294922,60.50480651855469,58.70372009277344,57.394187927246094,59.18124771118164,62.45765686035156
42.752723693847656,41.489723205566406,40.940059661865234,41.52149963378906,42.782066345214844,43.46038818359375,42.41366195678711,40.82500076293945,41.045631408691406,43.221466064453125,45.112098693847656,45.52834701538086,45.2839241027832,45.28125762939453,45.60441970825195,46.66634750366211,48.45675277709961,49.59865951538086,49.577144622802734,48.699371337890625,47.321044921875,46.115413665771484,46.05599594116211,48.250972747802734,52.25228500366211,56.541324615478516,59.674537658691406,60.74235916137695,59.564701080322266,56.949729919433594,55.05497741699219,55.398536682128906,56.914913177490234,57.785728454589844,57.67855453491211,57.8800163269043,58.565452575683594,58.985084533691406,59.266666412353516,59.198612213134766,58.60475158691406,58.90884017944336,60.81458282470703,62.201454162597656
42.77779006958008,41.18122863769531,40.54841995239258,41.09260177612305,41.73015213012695,41.9483757019043,41.81303405761719,41.19379425048828,41.1855583190918,42.53913879394531,44.3985710144043,45.39137268066406,45.350948333740234,45.27339553833008,46.10898208618164,47.34819030761719,47.48296356201172,45.9267463684082,43.44812774658203,41.729557037353516,41.23029327392578,41.883384704589844,43.46588897705078,45.92914962768555,48.88229751586914,51.79328918457031,54.17023468017578,55.23237228393555,54.670475006103516,53.814754486083984,54.433345794677734,56.268924713134766,57.70947265625,57.818790435791016,57.86081314086914,58.92962646484375,59.630859375,58.977779388427734,58.38117599487305,59.05659103393555,60.001564025878906,60.461700439453125,60.71364212036133,60.35939025878906
42.9714469909668,41.39651107788086,40.37259292602539,40.28044509887695,40.85347366333008,41.72016525268555,42.16475296020508,41.645179748535156,41.2874641418457,42.45831298828125,44.57988357543945,46.35422134399414,47.06563186645508,46.74286651611328,47.09218215942383,47.66631317138672,45.784149169921875,41.566368103027344,37.88153839111328,37.001426696777344,38.150543212890625,39.67934036254883,41.05449676513672,42.31038284301758,43.90359115600586,45.952392578125,48.14215850830078,49.44068145751953,49.837886810302734,50.280643463134766,51.48673629760742,52.72126007080078,53.17258071899414,53.47598648071289,54.956729888916016,57.10630798339844,57.97896957397461,57.13581085205078,57.00118637084961,58.734928131103516,60.215057373046875,60.06052780151367,59.096805572509766,57.9283447265625
42.616737365722656,40.82157516479492,39.79839324951172,39.67731857299805,40.49076461791992,41.9299430847168,42.580997467041016,41.97002410888672,41.91419219970703,43.47787094116211,45.71897506713867,47.407470703125,47.50993347167969,46.26068878173828,45.511138916015625,45.39326095581055,43.63443374633789,40.32722473144531,37.36771011352539,35.915042877197266,36.02374267578125,36.726688385009766,37.215389251708984,37.6264533996582,39.18379592895508,41.734493255615234,44.173709869384766,45.54496765136719,45.86216735839844,45.95160675048828,46.3213005065918,46.80074691772461,47.37538146972656,48.819026947021484,51.40506362915039,53.60355758666992,54.14595413208008,54.34489822387695,55.50220489501953,57.145687103271484,58.47884750366211,58.84910583496094,57.153751373291016,54.54957962036133
42.2850456237793,39.85340118408203,38.46274185180664,38.37594985961914,39.467742919921875,41.39535903930664,42.74579620361328,42.839473724365234,43.26419448852539,44.73204803466797,46.31378936767578,47.12480545043945,46.677547454833984,45.02247619628906,43.69313430786133,43.42705535888672,43.04823684692383,41.73796463012695,39.44829559326172,37.160888671875,36.338775634765625,36.551177978515625,36.63492965698242,36.95164489746094,38.44282150268555,40.71449279785156,42.5881462097168,43.348941802978516,43.06725311279297,42.724159240722656,43.03877258300781,43.8197135925293,45.006996154785156,47.01321029663086,48.7226676940918,48.976985931396484,49.625160217285156,51.951725006103516,53.88189697265625,54.55336380004883,55.588287353515625,56.093631744384766,54.14183807373047,51.30170440673828
40.92350387573242,38.081817626953125,36.64970779418945,36.61682891845703,38.026859283447266,40.75056838989258,42.65977478027344,43.150569915771484,44.18272399902344,45.65449142456055,46.435447692871094,46.52830123901367,46.12118911743164,45.224971771240234,44.20073318481445,43.4886474609375,43.16375732421875,42.14400863647461,39.82284164428711,37.66682052612305,37.46268081665039,38.255802154541016,39.00779342651367,39.9298210144043,41.00408172607422,42.178104400634766,43.12526321411133,43.05187225341797,42.34024429321289,42.31070327758789,43.251468658447266,44.38191223144531,45.54869842529297,46.25801086425781,45.20433807373047,44.313926696777344,46.536346435546875,49.54450988769531,50.40449905395508,50.644142150878906,52.021461486816406,52.63322830200195,50.53905487060547,46.976966857910156
38.49845504760742,36.21181869506836,34.987205505371094,34.7852668762207,36.9726448059082,40.515037536621094,42.36460494995117,43.05365753173828,44.27448272705078,45.180816650390625,45.64045715332031,46.653053283691406,47.474422454833984,47.00175476074219,45.25554275512695,43.4726676940918,42.044769287109375,40.57887649536133,39.19034957885742,38.50341796875,38.97657012939453,39.95591354370117,40.9903564453125,41.955631256103516,42.809104919433594,43.7831916809082,44.239501953125,43.24852752685547,42.280765533447266,42.90532302856445,44.23204803466797,44.89366912841797,44.835227966308594,43.76797866821289,41.90217208862305,41.886905670166016,44.15739059448242,46.10821533203125,46.623565673828125,47.11276626586914,48.47352600097656,49.036277770996094,46.324459075927734,41.53070068359375
37.28340530395508,35.35884475708008,33.89867401123047,33.8613395690918,36.94605255126953,40.630836486816406,41.985198974609375,42.42900466918945,43.35884094238281,44.39028549194336,45.73516082763672,47.68815612792969,49.07698440551758,47.92924499511719,44.832603454589844,41.75346755981445,39.460330963134766,38.388309478759766,38.600013732910156,39.51182556152344,40.470699310302734,41.124664306640625,41.83042907714844,42.98134994506836,44.50934982299805,45.66095733642578,44.97802734375,42.68709182739258,41.218719482421875,41.678131103515625,42.721534729003906,42.849082946777344,42.4261474609375,41.905818939208984,40.7216911315918,40.464927673339844,42.20981216430664,43.94027328491211,44.13998031616211,43.942344665527344,44.41569900512695,44.3448486328125,41.607173919677734,37.62586212158203
