data/wind_data/wind_12_3.json
{"header": {"parameterUnit": "KT", "parameterCategory": 2, "nx": 256, "ny": 198, "lo1": 44.73521041870117, "la1": -3.236724853515625, "lo2": 111.26478576660156, "la2": 43.468475341796875, "dx": 0.2609002888202667, "dy": -0.23708222806453705, "refTime": "2025-02-19 12:00:00", "forecastTime": 0, "parameterNumber": 2, "parameterNumberName": "eastward_wind"}, "data":
[rows 152 to 170 of 198, columns 0 to 43 of 256]
5.80499792098999,4.999975681304932,4.891115665435791,5.348456859588623,7.033212184906006,9.976889610290527,13.904181480407715,14.069290161132812,11.029871940612793,9.976937294006348,10.733613967895508,11.776171684265137,12.005438804626465,11.503693580627441,12.477339744567871,12.90626049041748,12.412693977355957,12.490423202514648,13.712273597717285,12.604896545410156,11.585245132446289,12.243420600891113,11.958478927612305,13.022374153137207,18.358919143676758,17.13751792907715,12.424286842346191,11.287566184997559,11.302045822143555,10.340255737304688,9.050192832946777,9.300529479980469,8.642822265625,7.4111762046813965,7.135056495666504,7.657415390014648,8.117386817932129,8.483881950378418,8.74478530883789,8.996322631835938,9.356026649475098,8.32404899597168,5.797794818878174,4.127237319946289
6.372842311859131,5.309179306030273,4.926180362701416,5.2171502113342285,6.691377639770508,9.32127857208252,14.553691864013672,14.329381942749023,11.80565357208252,11.416515350341797,12.271744728088379,12.227805137634277,12.109440803527832,12.609101295471191,13.420977592468262,13.284795761108398,12.000370025634766,13.08720588684082,14.501042366027832,13.211215019226074,12.606640815734863,13.410491943359375,15.4556245803833,17.324840545654297,16.6738338470459,12.738438606262207,10.199873924255371,10.69446086883545,10.81991195678711,9.941374778747559,9.371542930603027,9.179186820983887,8.499432563781738,7.936370372772217,7.879233360290527,8.289297103881836,8.760988235473633,9.078360557556152,9.173174858093262,9.046856880187988,8.648956298828125,7.056563377380371,4.957491397857666,4.455790996551514
6.890962600708008,5.805976867675781,5.522245407104492,5.708973407745361,6.819970607757568,8.59731388092041,13.321477890014648,15.65945053100586,14.863663673400879,13.753929138183594,13.458230018615723,13.357906341552734,13.900765419006348,14.048126220703125,13.619403839111328,13.049129486083984,12.730741500854492,14.049104690551758,14.99779987335205,14.484831809997559,13.294342041015625,15.077797889709473,17.712488174438477,17.962467193603516,16.0655517578125,12.18968391418457,9.808487892150879,10.490813255310059,10.907431602478027,10.84732723236084,10.51645565032959,9.914295196533203,8.845355987548828,7.9209723472595215,7.771280288696289,8.261178016662598,8.973576545715332,9.38752269744873,9.27210807800293,8.772791862487793,7.740298748016357,5.937380790710449,4.6878156661987305,4.920884609222412
7.664830207824707,6.734118938446045,7.3475542068481445,7.5116376876831055,7.64931058883667,8.638733863830566,12.774524688720703,17.32683563232422,17.469709396362305,15.10480785369873,14.262836456298828,14.658079147338867,15.041402816772461,14.316667556762695,13.182004928588867,12.958514213562012,13.241966247558594,14.951127052307129,15.827320098876953,14.62432861328125,12.30793285369873,14.435203552246094,17.5140380859375,18.41692352294922,16.873422622680664,13.743371963500977,11.79535961151123,11.27084732055664,11.066564559936523,11.30092716217041,10.978215217590332,10.396100997924805,9.599600791931152,8.62788200378418,8.333841323852539,8.821829795837402,9.370187759399414,9.409768104553223,8.970654487609863,8.102458953857422,6.5641632080078125,5.070542812347412,4.835923194885254,5.293968200683594
8.627814292907715,8.585139274597168,10.003190994262695,10.563568115234375,9.444635391235352,9.20531940460205,12.839550018310547,16.84419059753418,16.915283203125,15.380826950073242,15.001665115356445,15.486543655395508,15.343291282653809,14.20348834991455,13.34360122680664,13.330842971801758,14.538229942321777,16.546550750732422,16.503679275512695,14.353297233581543,11.394588470458984,13.324650764465332,17.303068161010742,19.502166748046875,17.45220947265625,13.734708786010742,12.286593437194824,11.896805763244629,12.054515838623047,12.51657485961914,12.63708209991455,12.18966007232666,11.187454223632812,9.59215259552002,9.280739784240723,9.675362586975098,9.187411308288574,7.953768730163574,6.920022964477539,6.497635364532471,5.601029872894287,4.818764686584473,4.990479946136475,5.383691310882568
9.80830192565918,10.723793029785156,12.336213111877441,13.392923355102539,12.772396087646484,12.163837432861328,14.664626121520996,17.400331497192383,16.957340240478516,15.133231163024902,14.894957542419434,16.047183990478516,15.91832160949707,14.66641902923584,14.00775146484375,14.69019603729248,16.656410217285156,18.33515167236328,17.282516479492188,14.934758186340332,12.012301445007324,13.521300315856934,18.140056610107422,20.028623580932617,15.886604309082031,12.060885429382324,11.708566665649414,12.360133171081543,13.921952247619629,16.25157928466797,17.447721481323242,17.05043601989746,13.986373901367188,10.383576393127441,10.442081451416016,10.231274604797363,8.6734619140625,7.729395389556885,7.387817859649658,7.26353120803833,6.375467777252197,5.587897300720215,5.643214225769043,5.726261138916016
11.299718856811523,11.964387893676758,13.591683387756348,15.449999809265137,16.889467239379883,17.188980102539062,18.312047958374023,19.529008865356445,18.154600143432617,14.888591766357422,14.592854499816895,16.37541389465332,16.646892547607422,15.870095252990723,15.804971694946289,16.84972381591797,18.64493751525879,18.523622512817383,15.328044891357422,11.199848175048828,11.125741958618164,14.251871109008789,18.856067657470703,17.692962646484375,13.70816707611084,13.175212860107422,14.665090560913086,16.378793716430664,18.961673736572266,21.345813751220703,22.325101852416992,20.70509910583496,16.800514221191406,12.86982250213623,11.194802284240723,10.249480247497559,7.7511467933654785,7.109678268432617,8.577905654907227,7.60346794128418,6.148810386657715,5.7306742668151855,5.659441947937012,5.302566051483154
12.815683364868164,12.057719230651855,13.85030746459961,18.043413162231445,21.072778701782227,22.273052215576172,22.10100746154785,20.991247177124023,18.27797508239746,14.981849670410156,15.24901008605957,17.166133880615234,17.469940185546875,17.230504989624023,17.792110443115234,18.866268157958984,19.283063888549805,16.60626983642578,11.210840225219727,9.995017051696777,12.595029830932617,15.726398468017578,16.385421752929688,15.159850120544434,15.569964408874512,17.7128963470459,19.52566909790039,21.73785972595215,23.537174224853516,22.84933853149414,22.724231719970703,18.916095733642578,16.891084671020508,16.303546905517578,15.162878036499023,10.361071586608887,7.641087055206299,7.012382984161377,8.300060272216797,7.843585968017578,6.157261848449707,5.966259002685547,5.657604217529297,5.122801303863525
12.929524421691895,11.793206214904785,13.394433975219727,20.437875747680664,24.96979522705078,25.80587387084961,23.398244857788086,20.40293312072754,18.999189376831055,17.344497680664062,17.294301986694336,18.82510757446289,19.240116119384766,19.376489639282227,20.109928131103516,20.74515724182129,19.1016902923584,14.55795669555664,10.853039741516113,12.163137435913086,15.585753440856934,15.414396286010742,15.026824951171875,16.787389755249023,20.5799560546875,22.37794303894043,22.253896713256836,22.496660232543945,20.37549591064453,16.56052589416504,15.42563247680664,16.657785415649414,16.66737174987793,15.154562950134277,15.18792724609375,11.37374210357666,8.858304023742676,6.6788225173950195,6.185161113739014,6.33613395690918,6.204013824462891,6.532824993133545,7.963894367218018,6.852046966552734
14.727214813232422,16.179121017456055,17.72710609436035,24.690227508544922,27.6070613861084,25.86810302734375,21.75202751159668,20.38042449951172,21.089754104614258,20.881778717041016,20.209339141845703,20.011831283569336,19.92593765258789,20.598920822143555,21.798664093017578,21.716201782226562,18.483797073364258,13.563748359680176,10.847243309020996,14.662187576293945,18.021366119384766,17.138628005981445,18.517452239990234,23.181682586669922,24.9493465423584,18.63136100769043,15.78799819946289,15.288959503173828,16.631622314453125,14.668798446655273,10.270755767822266,8.936296463012695,11.382024765014648,11.892573356628418,12.31239128112793,12.877647399902344,11.069389343261719,6.758642196655273,6.5658345222473145,7.378583908081055,7.428426265716553,7.055508613586426,6.543249130249023,10.843567848205566
21.105838775634766,22.424150466918945,25.307191848754883,28.849306106567383,27.38225555419922,21.980321884155273,17.891826629638672,18.795467376708984,21.28373908996582,23.745819091796875,23.305774688720703,19.866769790649414,19.39986228942871,21.283138275146484,22.7224178314209,22.32295799255371,18.443763732910156,11.087443351745605,4.980231761932373,11.889453887939453,18.58315086364746,21.02387237548828,24.347177505493164,25.574708938598633,17.636371612548828,10.745184898376465,13.185442924499512,15.640141487121582,17.358848571777344,13.649712562561035,11.411768913269043,10.9317626953125,10.32936954498291,8.8969087600708,8.133712768554688,10.659843444824219,14.167511940002441,14.866680145263672,14.456868171691895,10.985734939575195,7.786591529846191,7.210903644561768,6.803381443023682,10.37810230255127
25.5291690826416,29.813758850097656,31.93752670288086,30.56900405883789,25.487274169921875,17.94778060913086,15.477007865905762,17.784530639648438,22.345977783203125,25.967632293701172,22.897058486938477,15.651344299316406,16.914154052734375,19.751192092895508,21.269084930419922,20.49413299560547,14.529428482055664,4.074841499328613,6.490004062652588,13.371768951416016,19.61270523071289,25.055557250976562,26.29191780090332,17.873876571655273,14.298019409179688,15.60712718963623,14.570796966552734,12.827546119689941,12.611842155456543,12.221992492675781,11.56499195098877,10.35928726196289,7.734105110168457,5.010949611663818,3.5151207447052,6.928236961364746,9.152398109436035,9.645301818847656,11.696125984191895,13.565862655639648,13.19388484954834,9.978226661682129,7.739320278167725,9.022047996520996
28.640775680541992,35.49812316894531,35.696998596191406,30.79033660888672,24.671775817871094,19.38572120666504,18.516521453857422,21.13779067993164,25.31888771057129,25.933427810668945,18.270099639892578,10.212271690368652,14.871393203735352,18.284645080566406,19.515024185180664,16.556303024291992,9.888806343078613,6.963273525238037,9.497291564941406,14.259333610534668,19.12788963317871,22.728574752807617,21.543134689331055,21.230470657348633,17.79378890991211,16.394865036010742,15.425820350646973,13.296696662902832,12.492111206054688,12.167123794555664,10.805207252502441,8.624862670898438,5.304955959320068,2.2302684783935547,1.0640270709991455,3.8145673274993896,7.340416431427002,7.622600555419922,7.686504364013672,8.366825103759766,9.922147750854492,12.163734436035156,12.273492813110352,10.334306716918945
30.646589279174805,38.233665466308594,36.940494537353516,29.458505630493164,24.3272705078125,22.384607315063477,23.75166130065918,26.227893829345703,27.861656188964844,24.998254776000977,17.17377471923828,15.003118515014648,17.260366439819336,18.29248046875,18.332481384277344,16.6356143951416,12.211482048034668,11.111932754516602,13.080283164978027,13.864813804626465,16.844072341918945,19.48721694946289,20.731447219848633,22.459457397460938,22.025314331054688,20.38222885131836,18.84214210510254,17.07527732849121,15.489513397216797,13.701403617858887,10.822901725769043,7.777720928192139,4.8243184089660645,2.4755592346191406,1.6284644603729248,2.7713496685028076,6.393518447875977,7.241641044616699,6.00511360168457,5.097854137420654,6.470987796783447,8.882814407348633,12.456442832946777,13.279985427856445
31.22872543334961,37.08404541015625,32.87712478637695,25.382125854492188,22.80552864074707,23.80432891845703,26.50232696533203,28.82678985595703,28.5001220703125,24.94609260559082,21.14558219909668,20.164762496948242,20.372779846191406,20.37535858154297,21.0144100189209,20.832048416137695,15.404757499694824,13.479663848876953,14.90629768371582,15.246626853942871,16.420318603515625,18.248607635498047,20.05512046813965,21.374887466430664,21.82562255859375,21.712757110595703,21.280763626098633,20.094282150268555,18.278825759887695,15.728303909301758,11.780200004577637,8.086122512817383,5.669408321380615,4.069793701171875,3.3696553707122803,3.8585634231567383,5.750914096832275,6.24896240234375,6.004128932952881,5.50875997543335,5.661128044128418,6.765779495239258,9.533323287963867,13.455855369567871
30.116579055786133,31.715946197509766,25.42633819580078,20.294940948486328,20.88472557067871,24.20330810546875,27.373815536499023,28.14598846435547,25.11684226989746,21.971649169921875,20.471954345703125,20.367206573486328,20.814697265625,21.567256927490234,22.392770767211914,21.011632919311523,12.694106101989746,14.157200813293457,15.932597160339355,16.282915115356445,16.714801788330078,17.414140701293945,18.05269432067871,18.45325469970703,18.761262893676758,19.239675521850586,19.75373649597168,19.57986068725586,18.489456176757812,16.112695693969727,12.078742980957031,8.712835311889648,7.111571788787842,5.98514461517334,5.139437198638916,5.283015251159668,5.950064659118652,6.433584213256836,6.613635540008545,6.608384609222412,6.783785820007324,7.2238993644714355,9.029260635375977,11.636802673339844
26.876399993896484,24.234207153320312,19.10498809814453,17.144784927368164,19.408117294311523,23.387805938720703,26.207752227783203,25.014257431030273,18.587617874145508,16.203163146972656,15.608217239379883,15.814380645751953,17.315019607543945,19.007890701293945,19.531187057495117,14.421196937561035,3.2591030597686768,11.331645965576172,13.708683967590332,13.566072463989258,14.055670738220215,14.645735740661621,14.852514266967773,14.877888679504395,14.976212501525879,15.317367553710938,15.899909019470215,16.210657119750977,15.79636001586914,14.074633598327637,11.088292121887207,8.989665985107422,8.473682403564453,7.814096927642822,6.87896203994751,6.766150951385498,7.074122428894043,7.168755054473877,6.986292839050293,6.884815216064453,7.156300067901611,7.935454368591309,8.915420532226562,10.842082023620605
23.129457473754883,17.892406463623047,14.278562545776367,14.582255363464355,16.576372146606445,19.24764060974121,21.30565643310547,19.438674926757812,15.141657829284668,15.918973922729492,13.877330780029297,13.376092910766602,15.003649711608887,14.638092994689941,13.862809181213379,7.066306114196777,3.2838594913482666,10.092720985412598,10.597944259643555,8.791510581970215,8.38762092590332,9.353350639343262,10.732888221740723,11.860859870910645,12.388938903808594,12.521634101867676,12.660554885864258,12.68315601348877,12.407491683959961,11.52112865447998,9.963851928710938,9.042925834655762,9.300363540649414,9.153422355651855,8.462963104248047,8.146638870239258,8.144277572631836,7.949348449707031,7.489649295806885,7.037042140960693,6.9856343269348145,7.476283550262451,8.159337043762207,9.633088111877441
20.25820541381836,17.040395736694336,13.268328666687012,14.224571228027344,15.06162166595459,15.252859115600586,16.235889434814453,16.706459045410156,15.508062362670898,15.712084770202637,15.0405912399292,15.071860313415527,13.920957565307617,9.521081924438477,9.820451736450195,8.121990203857422,7.915879249572754,10.500497817993164,8.292411804199219,6.013810157775879,5.628409385681152,6.82499361038208,8.823633193969727,10.745165824890137,11.715155601501465,11.409460067749023,10.620110511779785,10.010804176330566,9.758047103881836,9.737649917602539,9.38545036315918,9.147074699401855,9.631814956665039,9.95163345336914,9.716816902160645,9.445853233337402,9.325963973999023,9.095832824707031,8.565786361694336,7.936992168426514,7.595237731933594,7.678699016571045,8.250247955322266,9.565958023071289
