data/wind_data/wind_2025-02-19_23.json
{"header": {"parameterUnit": "KT", "parameterCategory": 2, "nx": 255, "ny": 198, "lo1": 44.73521041870117, "la1": -3.236724853515625, "lo2": 111.26478576660156, "la2": 43.468475341796875, "dx": 0.26192745566368103, "dy": -0.23708222806453705, "refTime": "2025-02-19 23:00:00", "forecastTime": 0, "parameterNumber": 3, "parameterNumberName": "northward_wind"}, "data":
[rows 19 to 37 of 198, columns 43 to 85 of 255]
-1.2370800971984863,-1.5155054330825806,-1.1552186012268066,-1.0878008604049683,-1.3055434226989746,-1.12759268283844,-1.6334078311920166,-2.385671377182007,-3.3984060287475586,-4.49190092086792,-5.468441486358643,-6.138097763061523,-6.548943996429443,-6.834774017333984,-6.830957889556885,-6.7277326583862305,-6.924174785614014,-7.566742897033691,-8.266871452331543,-8.435955047607422,-8.546489715576172,-8.744586944580078,-8.573568344116211,-8.924569129943848,-11.032212257385254,-11.666375160217285,-8.353931427001953,-4.916416168212891,-5.350823879241943,-6.147640705108643,-7.393259525299072,-6.034842491149902,-4.141371726989746,-6.396493434906006,-6.181588172912598,-7.629183292388916,-7.596292495727539,-6.720926761627197,-7.164339065551758,-7.321685314178467,-7.271895885467529,-7.495365142822266,-8.127044677734375
-1.0159742832183838,-1.5320398807525635,-1.7056546211242676,-1.4361238479614258,-0.917472243309021,-0.49185866117477417,-0.5476303696632385,-1.506990909576416,-2.664484739303589,-3.7130727767944336,-4.44498872756958,-5.020111083984375,-5.612009525299072,-6.467398166656494,-6.755481719970703,-6.273093223571777,-5.754518032073975,-6.013545513153076,-7.217663288116455,-7.861112594604492,-6.905261516571045,-5.5263166427612305,-5.607741355895996,-7.300232887268066,-8.863978385925293,-7.562916278839111,-4.592213153839111,-6.872478485107422,-10.600261688232422,-8.98974323272705,-9.649856567382812,-10.148858070373535,-5.982254505157471,-4.41143798828125,-5.905449390411377,-6.474663734436035,-6.129059791564941,-6.601261138916016,-8.042301177978516,-8.06506061553955,-7.802655220031738,-7.383252143859863,-6.547173023223877
0.5660976767539978,-0.02365836873650551,-0.24175944924354553,-0.3609974682331085,0.22378681600093842,0.7347368001937866,0.5137156844139099,-0.3617803752422333,-1.113570213317871,-2.585531234741211,-3.5397274494171143,-4.126438617706299,-4.7191996574401855,-5.122160911560059,-5.851415157318115,-6.194252014160156,-5.830129623413086,-5.276724338531494,-5.5032830238342285,-6.1152520179748535,-5.788484573364258,-4.3969502449035645,-3.962888240814209,-5.1037774085998535,-6.499975681304932,-7.019250392913818,-6.787491798400879,-7.844635486602783,-8.746140480041504,-8.038153648376465,-6.797731399536133,-8.16451644897461,-8.123525619506836,-6.222751140594482,-6.005234241485596,-5.323323726654053,-5.099740028381348,-6.918698787689209,-7.061058044433594,-6.9282450675964355,-7.5893683433532715,-7.261647701263428,-5.654369831085205
1.6918699741363525,0.2756657898426056,0.7427401542663574,1.6964988708496094,2.2730820178985596,1.917141079902649,0.987666130065918,0.2735558748245239,-0.6031786203384399,-1.5432355403900146,-2.4364876747131348,-3.0785727500915527,-3.8055031299591064,-3.9598162174224854,-4.06697416305542,-4.925755977630615,-5.513030052185059,-5.2071967124938965,-4.5761590003967285,-4.901797771453857,-5.79138708114624,-5.8548479080200195,-5.194831848144531,-4.829676628112793,-6.54984188079834,-8.530755996704102,-8.985322952270508,-5.9016313552856445,-4.569160461425781,-6.146115779876709,-6.186766147613525,-6.063570022583008,-6.781311511993408,-8.800041198730469,-7.772312164306641,-7.594075679779053,-6.595256805419922,-5.485047817230225,-5.623040199279785,-6.0673675537109375,-6.674007415771484,-6.942320346832275,-6.749499320983887
0.13001050055027008,-1.221494197845459,-0.24016880989074707,1.9536352157592773,3.13531231880188,2.5776519775390625,1.5086725950241089,0.18507274985313416,-0.5061875581741333,-0.5861459374427795,-0.944638729095459,-1.705493450164795,-2.45065975189209,-3.0891661643981934,-2.9709432125091553,-2.835400342941284,-3.568866014480591,-4.31899881362915,-4.490102767944336,-4.091806888580322,-3.8812592029571533,-4.840524673461914,-5.61281156539917,-5.86798620223999,-5.617372989654541,-5.563439846038818,-6.698125839233398,-6.973631858825684,-5.868680000305176,-5.679887771606445,-6.69842004776001,-7.977367401123047,-9.006614685058594,-8.825898170471191,-7.9883551597595215,-9.073558807373047,-9.279032707214355,-6.539129257202148,-6.0650105476379395,-6.303438186645508,-5.846117973327637,-5.971102714538574,-7.610296726226807
-3.1095566749572754,-3.766294002532959,-3.824342727661133,-3.389535903930664,-1.3727930784225464,1.931762933731079,2.2404980659484863,0.7682949304580688,-0.3487147390842438,-0.562894880771637,-0.6762275695800781,-1.3205910921096802,-1.7266418933868408,-1.877490520477295,-1.922179102897644,-1.7272483110427856,-2.275064706802368,-3.317462682723999,-3.858609199523926,-3.252772331237793,-2.148984909057617,-2.32924485206604,-2.9000847339630127,-4.148270606994629,-3.8366775512695312,-4.018971920013428,-5.255162239074707,-6.908161640167236,-6.259513854980469,-5.435464382171631,-6.622990131378174,-7.333996772766113,-7.838161945343018,-6.776209354400635,-6.198902130126953,-6.850100040435791,-8.534039497375488,-8.235199928283691,-7.217162609100342,-6.994505405426025,-6.856078147888184,-6.225606441497803,-6.796518802642822
-6.928376197814941,-6.844846248626709,-8.136292457580566,-9.82949161529541,-9.4173583984375,-5.326484680175781,0.4425824284553528,1.7224934101104736,0.3381591737270355,-1.2152721881866455,-1.8400180339813232,-2.1637156009674072,-2.1891088485717773,-1.2628446817398071,0.0380692295730114,-0.29465433955192566,-2.4858763217926025,-3.622918128967285,-3.316192626953125,-2.795220136642456,-2.3626010417938232,-2.4186151027679443,-2.122680187225342,-1.924554467201233,-1.8769571781158447,-3.1884350776672363,-4.144810199737549,-5.066830158233643,-5.910804748535156,-6.222264766693115,-5.975210189819336,-5.425551891326904,-4.957667827606201,-4.9773688316345215,-5.455524444580078,-5.520153999328613,-6.02404260635376,-6.971349239349365,-7.40685510635376,-7.261938571929932,-7.620774269104004,-7.7950286865234375,-6.755444049835205
-10.962141036987305,-8.95623779296875,-8.838134765625,-10.540772438049316,-12.283435821533203,-12.4268159866333,-7.3076491355896,-1.6761971712112427,0.6412727236747742,-1.962557077407837,-3.3150386810302734,-3.4267051219940186,-3.2492315769195557,-2.4498002529144287,0.21516406536102295,1.6986746788024902,-2.0963969230651855,-3.6508307456970215,-2.6724350452423096,-2.151076078414917,-2.6778597831726074,-3.587958335876465,-3.4418134689331055,-2.367913007736206,-1.9195411205291748,-2.0561535358428955,-2.8649051189422607,-3.7823522090911865,-4.881935119628906,-4.815065860748291,-4.144294738769531,-4.455575466156006,-5.060686111450195,-5.166609287261963,-5.320435523986816,-5.778619289398193,-5.908498764038086,-6.005945205688477,-6.628240585327148,-6.986094951629639,-7.445282459259033,-7.971846103668213,-7.332607746124268
-10.319389343261719,-9.010571479797363,-8.590080261230469,-9.614997863769531,-10.349447250366211,-11.7796630859375,-12.308545112609863,-8.22184944152832,-2.625509738922119,-3.077468156814575,-4.351095676422119,-4.537412166595459,-4.678713798522949,-5.362103462219238,-4.378117561340332,-1.4327962398529053,-1.7023319005966187,-2.898395538330078,-1.3394801616668701,-0.7680736780166626,-2.3862948417663574,-3.5349225997924805,-3.874156951904297,-3.2708323001861572,-2.5940911769866943,-2.492708921432495,-2.5777018070220947,-3.095015048980713,-3.543320894241333,-4.155958652496338,-4.35794734954834,-4.527135848999023,-5.119164943695068,-5.660207748413086,-5.597532749176025,-5.587168216705322,-6.013354301452637,-6.000012397766113,-5.786576747894287,-6.264352321624756,-6.912265300750732,-7.255654811859131,-7.533746719360352
-9.38099193572998,-8.904467582702637,-9.046963691711426,-9.738753318786621,-10.084660530090332,-10.48486614227295,-11.443859100341797,-11.365415573120117,-7.8626227378845215,-4.631842613220215,-5.085904598236084,-5.686824321746826,-6.225488662719727,-7.586986541748047,-8.789902687072754,-7.8115386962890625,-4.2800068855285645,-3.0121724605560303,-0.07367432117462158,0.9601062536239624,-1.5752686262130737,-3.18839693069458,-3.6699395179748535,-3.6502602100372314,-2.938831090927124,-3.215406894683838,-3.630502223968506,-3.9404759407043457,-4.564411640167236,-5.250391006469727,-5.472426414489746,-5.529600620269775,-5.376201629638672,-5.392358779907227,-5.784905433654785,-5.802840232849121,-5.9264092445373535,-6.19325590133667,-5.904325008392334,-5.947083950042725,-6.197719097137451,-6.744637966156006,-7.6197075843811035
-10.253070831298828,-10.052043914794922,-9.6998291015625,-9.469289779663086,-9.931523323059082,-10.502779006958008,-11.124776840209961,-11.401053428649902,-10.60525131225586,-6.956413745880127,-6.3841872215271,-6.801614284515381,-7.087146759033203,-7.549381256103516,-8.984092712402344,-9.864989280700684,-7.680304050445557,-5.6740403175354,-2.584552764892578,1.0364038944244385,-1.1770681142807007,-3.145928382873535,-3.3512942790985107,-3.88299298286438,-4.403763294219971,-4.410059452056885,-4.702524185180664,-5.081589221954346,-5.355181694030762,-5.484445571899414,-6.352480888366699,-6.575285911560059,-6.25847053527832,-5.764466762542725,-5.771600246429443,-6.270956516265869,-6.5426411628723145,-7.041930198669434,-7.429452896118164,-7.265984535217285,-7.069089412689209,-7.611295223236084,-8.13577938079834
-7.975484371185303,-9.008073806762695,-9.670987129211426,-9.230154037475586,-8.997527122497559,-9.675131797790527,-10.24897289276123,-10.015070915222168,-9.770330429077148,-9.103071212768555,-8.432669639587402,-7.81496000289917,-7.8322577476501465,-7.964979648590088,-8.576838493347168,-8.98794174194336,-8.263256072998047,-8.62222671508789,-8.742334365844727,-4.94827938079834,-1.0147340297698975,-2.726154088973999,-3.300295829772949,-3.9061169624328613,-5.119366645812988,-5.295062065124512,-5.053194999694824,-5.262502193450928,-4.932689189910889,-4.840085029602051,-5.51267671585083,-5.945792198181152,-6.023530006408691,-6.053390026092529,-6.393864631652832,-6.957733154296875,-7.075866222381592,-7.250051498413086,-7.920078277587891,-8.27386474609375,-8.050722122192383,-8.52476978302002,-8.474153518676758
-6.7969231605529785,-7.612967491149902,-8.774582862854004,-8.78116512298584,-8.66584300994873,-9.048035621643066,-9.458234786987305,-9.53717041015625,-9.520000457763672,-9.301759719848633,-8.712241172790527,-8.527016639709473,-9.009440422058105,-9.44802188873291,-9.002015113830566,-7.956736087799072,-7.716171741485596,-9.113115310668945,-11.499199867248535,-10.254960060119629,-1.7263574600219727,-1.2906004190444946,-3.1420555114746094,-4.170013427734375,-4.31253719329834,-4.395174503326416,-4.735366344451904,-4.9292802810668945,-4.576802730560303,-4.3000311851501465,-4.462507247924805,-4.800209045410156,-5.318851470947266,-5.95049524307251,-6.729161262512207,-7.007676601409912,-6.807010650634766,-6.422524929046631,-6.53455114364624,-7.130044460296631,-7.135843753814697,-7.347185134887695,-7.565558433532715
-8.261091232299805,-8.03011417388916,-8.144590377807617,-7.96781587600708,-7.840860843658447,-8.500509262084961,-9.427888870239258,-9.492304801940918,-8.647810935974121,-7.183779239654541,-6.703782558441162,-7.73817777633667,-8.78335952758789,-9.262956619262695,-8.873225212097168,-7.984807968139648,-7.891448020935059,-8.431929588317871,-9.368672370910645,-9.182197570800781,-4.367000579833984,-0.6848278045654297,-3.275312900543213,-5.04271936416626,-4.200046062469482,-3.562019109725952,-4.012049198150635,-4.489922046661377,-4.908069133758545,-4.828348159790039,-5.1184186935424805,-5.520265102386475,-5.978444576263428,-6.216452121734619,-6.501181602478027,-6.812804222106934,-6.967461585998535,-6.709812641143799,-6.218956470489502,-6.160396099090576,-6.355840682983398,-6.507779121398926,-6.992584705352783
-7.937358379364014,-7.822555065155029,-8.197588920593262,-8.171011924743652,-7.316470623016357,-7.190059185028076,-8.157295227050781,-8.331418991088867,-8.218127250671387,-7.365400314331055,-6.551219463348389,-6.7828216552734375,-7.614513874053955,-8.244002342224121,-8.8772611618042,-9.040245056152344,-8.509377479553223,-8.127532005310059,-9.128864288330078,-10.218878746032715,-8.037517547607422,-3.1260879039764404,-4.050428867340088,-5.846076488494873,-4.947494983673096,-3.861147403717041,-3.4574568271636963,-3.57419753074646,-4.561776638031006,-5.372908115386963,-5.463642120361328,-5.800739288330078,-6.572935581207275,-6.567467212677002,-6.779220104217529,-6.815202713012695,-7.223562717437744,-7.922473430633545,-7.5852885246276855,-7.299629211425781,-7.214081764221191,-7.193933486938477,-7.406070232391357
-6.91672420501709,-7.215451240539551,-7.8243865966796875,-8.119438171386719,-8.043054580688477,-7.6569976806640625,-7.57808780670166,-7.997701644897461,-8.965608596801758,-9.550146102905273,-9.053618431091309,-8.082228660583496,-7.6291608810424805,-8.077217102050781,-8.749316215515137,-9.166213035583496,-9.064565658569336,-9.83753490447998,-11.794015884399414,-10.632343292236328,-8.215417861938477,-6.903746128082275,-6.658626079559326,-6.340423107147217,-5.622486114501953,-4.293051242828369,-3.00858736038208,-2.667818784713745,-3.9440653324127197,-5.110464096069336,-5.090480327606201,-5.472670078277588,-6.371552467346191,-6.585390567779541,-6.7787861824035645,-6.849792957305908,-7.092702865600586,-7.683597087860107,-7.975122928619385,-8.10919189453125,-7.851615905761719,-8.173782348632812,-8.078929901123047
-6.818857192993164,-6.944187641143799,-7.400894641876221,-7.861773490905762,-8.437918663024902,-8.697728157043457,-7.623812675476074,-7.640023231506348,-7.677163600921631,-8.302821159362793,-8.815098762512207,-8.790047645568848,-8.08047866821289,-7.914355278015137,-7.695862293243408,-7.982971668243408,-9.343753814697266,-11.80502700805664,-13.52453327178955,-10.069931983947754,-6.702645778656006,-8.076346397399902,-8.66079044342041,-7.511590003967285,-6.975717067718506,-7.313961029052734,-7.402905464172363,-4.092489242553711,-3.596109628677368,-4.29563045501709,-4.889184474945068,-5.324270725250244,-5.978727340698242,-6.344254493713379,-6.483767986297607,-6.787643909454346,-7.10858154296875,-7.006675720214844,-7.138194561004639,-7.5509233474731445,-7.814146995544434,-8.48444652557373,-8.351499557495117
-6.521810054779053,-6.559508800506592,-7.385599613189697,-7.964179039001465,-7.774571895599365,-8.019885063171387,-7.618880748748779,-7.19243049621582,-6.558820724487305,-6.492467880249023,-7.046186447143555,-7.516802787780762,-7.779500484466553,-8.162446975708008,-8.481144905090332,-8.480473518371582,-9.206634521484375,-11.636226654052734,-13.831459045410156,-12.08405876159668,-7.597425937652588,-6.792832374572754,-7.917702674865723,-8.274802207946777,-9.192840576171875,-10.872335433959961,-12.688913345336914,-10.116241455078125,-5.41355037689209,-3.803156852722168,-4.7277631759643555,-5.5185723304748535,-5.628650188446045,-5.641690731048584,-5.887981414794922,-6.2894158363342285,-7.194464683532715,-7.0940022468566895,-6.646637916564941,-6.827333450317383,-7.420520305633545,-7.891407489776611,-8.358540534973145
-7.733950138092041,-7.514253616333008,-7.46888542175293,-7.7470221519470215,-8.0092134475708,-7.880596160888672,-8.35682201385498,-7.835733413696289,-6.965078353881836,-6.465823173522949,-6.741795539855957,-6.951496124267578,-7.349335193634033,-8.498795509338379,-9.905562400817871,-10.178261756896973,-9.354992866516113,-10.142677307128906,-12.249975204467773,-12.652477264404297,-9.507740020751953,-7.112254619598389,-7.926241874694824,-9.30939769744873,-9.85584831237793,-10.166635513305664,-11.914599418640137,-12.88267993927002,-7.877779006958008,-5.496069431304932,-6.59998893737793,-7.948897838592529,-7.1682047843933105,-4.817805767059326,-3.8741984367370605,-4.962687015533447,-6.76048469543457,-7.012281894683838,-6.04812479019165,-5.974058628082275,-6.601125717163086,-6.941682815551758,-7.557149887084961
