data/wind_data/wind_54_4.json
{"header": {"parameterUnit": "KT", "parameterCategory": 2, "nx": 256, "ny": 198, "lo1": 44.73521041870117, "la1": -3.236724853515625, "lo2": 111.26478576660156, "la2": 43.468475341796875, "dx": 0.2609002888202667, "dy": -0.23708222806453705, "refTime": "2025-02-21 06:00:00", "forecastTime": 0, "parameterNumber": 2, "parameterNumberName": "eastward_wind"}, "data":
[rows 114 to 132 of 198, columns 44 to 87 of 256]
41.92498016357422,41.1998291015625,39.48733901977539,38.46495056152344,38.15078353881836,37.851749420166016,37.603965759277344,37.71614074707031,37.76924514770508,37.40596008300781,36.79755783081055,36.5242805480957,36.87975311279297,37.873870849609375,38.96564483642578,39.564579010009766,39.78798294067383,39.6634521484375,39.238983154296875,38.85725402832031,38.713157653808594,38.668495178222656,38.61794662475586,38.79634094238281,39.11879348754883,39.16244888305664,38.9495735168457,38.7436408996582,38.65870666503906,39.20958709716797,39.72271728515625,39.61065673828125,40.68519592285156,42.18452453613281,41.37527847290039,39.54426956176758,39.01820373535156,39.110660552978516,35.440181732177734,27.569257736206055,24.00910758972168,25.632884979248047,28.45755958557129,30.912879943847656
42.6782341003418,42.9942626953125,40.985355377197266,39.33332824707031,39.07378387451172,39.216766357421875,39.256526947021484,39.56022262573242,40.15226745605469,40.38042068481445,39.995391845703125,39.38688659667969,39.19804382324219,39.743682861328125,40.66436767578125,41.46543884277344,41.97261047363281,42.13069152832031,41.96587371826172,41.60179138183594,41.066131591796875,40.61254119873047,40.56633758544922,40.965362548828125,41.373443603515625,41.492496490478516,41.59016036987305,41.92536163330078,42.31854248046875,42.92373275756836,43.443904876708984,43.79224395751953,44.402198791503906,43.7813835144043,41.824031829833984,40.83641815185547,39.69831848144531,37.52227783203125,33.81119155883789,29.079818725585938,27.150800704956055,29.633935928344727,32.397430419921875,32.5545768737793
41.69254684448242,41.26163101196289,40.093265533447266,39.0601921081543,39.072471618652344,40.471153259277344,41.597774505615234,42.20113754272461,42.95463943481445,43.423492431640625,43.20449447631836,42.78580093383789,42.71232223510742,43.14268493652344,43.9365348815918,44.79842758178711,45.45357131958008,45.87031936645508,46.06753921508789,45.739688873291016,44.896873474121094,44.14883041381836,43.89060974121094,44.30501174926758,45.19007110595703,45.89583206176758,46.0491943359375,45.9228515625,45.830379486083984,45.7958984375,45.862403869628906,46.26890563964844,46.762081146240234,45.96781539916992,43.583614349365234,41.20615768432617,38.63800048828125,35.693389892578125,33.5042724609375,32.80701446533203,32.676090240478516,33.43687057495117,32.16429138183594,30.097965240478516
40.34592819213867,39.31082534790039,38.84563064575195,38.24890899658203,38.69127655029297,41.37684631347656,43.80618667602539,44.7240104675293,45.04137420654297,45.399417877197266,45.87282943725586,46.46138000488281,47.08312225341797,47.67232131958008,48.35519790649414,49.07017135620117,49.48405838012695,49.598236083984375,49.59220504760742,49.27720642089844,48.705657958984375,48.13397979736328,47.779666900634766,48.03031921386719,48.93730545043945,49.730751037597656,49.83892059326172,49.540931701660156,49.06569290161133,48.60746765136719,48.63764190673828,49.143550872802734,49.90850830078125,48.982086181640625,45.7578125,41.97087860107422,39.05842208862305,36.90884780883789,36.67659378051758,36.57511901855469,36.1739501953125,32.47185516357422,28.937231063842773,29.6264591217041
40.80440902709961,41.309635162353516,41.628231048583984,40.53495407104492,39.41282272338867,41.88353729248047,45.976444244384766,47.82155227661133,48.14242172241211,48.197059631347656,48.330562591552734,48.72724914550781,49.434547424316406,49.994239807128906,50.49214553833008,51.14444351196289,51.6757698059082,51.95278549194336,51.98851013183594,51.766510009765625,51.55379104614258,51.13798141479492,50.794246673583984,51.1448974609375,51.89546585083008,52.269134521484375,52.279388427734375,52.04543685913086,51.347530364990234,50.44527816772461,50.18808364868164,50.86359405517578,51.20711898803711,50.1785774230957,47.81248092651367,45.02845764160156,42.023555755615234,40.83108901977539,41.8839225769043,38.72773742675781,32.4285774230957,28.26139259338379,28.684186935424805,30.089597702026367
41.079978942871094,41.95683288574219,43.13825607299805,43.49043655395508,42.24250793457031,44.17921447753906,48.39720153808594,50.40896987915039,50.049251556396484,49.19630432128906,48.79618835449219,48.83038330078125,49.35501480102539,50.015602111816406,50.64885330200195,51.397743225097656,52.19244384765625,52.95638656616211,53.52497482299805,53.637184143066406,53.373714447021484,52.70857620239258,52.2660026550293,52.803558349609375,53.501182556152344,53.726016998291016,53.700538635253906,53.25986099243164,51.97218704223633,50.71921920776367,50.27418899536133,51.036338806152344,51.045589447021484,50.81612777709961,51.28280258178711,49.028778076171875,45.824462890625,44.98798751831055,41.65531539916992,34.06434631347656,28.40511131286621,28.21982192993164,29.749340057373047,30.597810745239258
39.279239654541016,39.91696548461914,41.26776123046875,43.48212814331055,46.07276153564453,48.54716110229492,50.483055114746094,50.86252212524414,49.27030563354492,48.162193298339844,48.1602897644043,48.46256637573242,48.70892333984375,49.10475158691406,49.9144172668457,51.024478912353516,52.0415153503418,52.88426971435547,53.60512924194336,53.970462799072266,53.556785583496094,52.803184509277344,52.771663665771484,53.37318420410156,53.80819320678711,54.08451843261719,54.316707611083984,53.365318298339844,51.585872650146484,50.66368103027344,50.61467742919922,50.4776611328125,50.71933364868164,52.2071418762207,53.35179138183594,54.764095306396484,56.492637634277344,50.696041107177734,39.25929260253906,31.91977310180664,30.268884658813477,31.410737991333008,32.18374252319336,32.127647399902344
39.504600524902344,37.92658233642578,37.7133674621582,42.11826705932617,47.47713851928711,52.465972900390625,54.53683853149414,52.437164306640625,49.37696075439453,48.439208984375,49.0313835144043,49.59584045410156,49.70684814453125,50.000125885009766,51.01088333129883,52.3901481628418,53.44178009033203,53.99505615234375,54.33401870727539,54.59071350097656,54.12424087524414,53.70271301269531,53.85114669799805,54.10140609741211,54.5200080871582,54.79917907714844,54.65485382080078,53.19526290893555,51.30080032348633,50.53187561035156,50.36336898803711,50.758331298828125,52.900428771972656,54.908145904541016,55.74972915649414,58.84868621826172,58.69293212890625,47.94002914428711,36.964542388916016,32.839839935302734,32.612159729003906,33.67023849487305,34.33833694458008,33.66548156738281
41.774253845214844,41.66465759277344,41.89809799194336,42.88999938964844,46.339664459228516,49.17805099487305,50.021236419677734,49.686649322509766,49.863460540771484,51.10144805908203,51.86631393432617,51.45728302001953,50.934913635253906,51.39379119873047,52.75668716430664,54.2495002746582,55.33810806274414,55.56892776489258,55.29804992675781,54.879051208496094,54.18728256225586,54.400360107421875,55.1693229675293,55.966888427734375,56.39094924926758,55.603599548339844,54.26611328125,52.99220275878906,51.94379806518555,50.97781753540039,50.35673141479492,51.087623596191406,53.2934455871582,55.6005973815918,58.41210174560547,59.49352264404297,53.052799224853516,42.88528823852539,36.07599639892578,32.273799896240234,32.48375701904297,35.64100646972656,36.698917388916016,35.13063430786133
43.09646224975586,45.14708709716797,45.698429107666016,45.050697326660156,45.9993782043457,46.40891647338867,42.62590789794922,41.08668518066406,45.557029724121094,51.82661056518555,55.82815933227539,56.0241584777832,53.61168670654297,51.878753662109375,52.21947479248047,53.731449127197266,55.013675689697266,54.83530044555664,54.17765808105469,53.924583435058594,53.89674758911133,54.403106689453125,55.06897735595703,56.8448486328125,57.5330924987793,55.946495056152344,54.038265228271484,53.32402801513672,53.47855758666992,53.44642639160156,52.8847541809082,52.69486618041992,53.327762603759766,56.011531829833984,58.43260192871094,56.536983489990234,50.489540100097656,44.09980392456055,37.167022705078125,33.08334732055664,34.338783264160156,37.6659049987793,37.41600036621094,35.03825759887695
42.30608367919922,45.38362121582031,46.99730682373047,47.11943054199219,47.553077697753906,46.845542907714844,43.62455368041992,40.74952697753906,40.32816696166992,46.050899505615234,52.99488067626953,55.0689697265625,53.16960144042969,51.558494567871094,52.340763092041016,53.997047424316406,54.2273063659668,52.81523895263672,52.696678161621094,53.56895446777344,53.806976318359375,52.62538528442383,54.86729431152344,58.2082405090332,57.13655090332031,54.61705780029297,53.421592712402344,54.022830963134766,55.116519927978516,55.213661193847656,54.585758209228516,53.75792694091797,54.530540466308594,56.42280197143555,54.44044494628906,47.70063400268555,42.06138229370117,39.411067962646484,36.68647003173828,35.878868103027344,38.117027282714844,39.346336364746094,36.571102142333984,32.79875946044922
39.70107650756836,42.8964729309082,44.76047134399414,45.02430725097656,46.73492431640625,48.36341857910156,48.06411361694336,47.21010208129883,46.21073913574219,48.007171630859375,50.639102935791016,49.02886962890625,47.347328186035156,48.618160247802734,52.40560531616211,56.69961166381836,57.70027542114258,54.55672073364258,52.87902069091797,53.36018753051758,52.38505935668945,53.443050384521484,57.81633758544922,57.66615295410156,56.10707092285156,55.093841552734375,53.701087951660156,53.31098556518555,54.400142669677734,55.35262680053711,55.39108657836914,55.637367248535156,55.63361740112305,52.41160202026367,44.06304168701172,36.49520492553711,33.40947723388672,33.62934494018555,35.58993148803711,38.02000427246094,41.3698844909668,40.51251983642578,34.78736877441406,29.620729446411133
37.978092193603516,40.547000885009766,42.317955017089844,41.99155807495117,43.08695602416992,47.6357536315918,51.06072998046875,51.983524322509766,50.2406120300293,48.65705490112305,43.55174255371094,41.09282302856445,41.40730667114258,43.6876220703125,47.057064056396484,51.80936050415039,53.21816635131836,51.73038101196289,51.92290496826172,51.9673957824707,54.993892669677734,59.290863037109375,58.9575309753418,56.46539306640625,55.581207275390625,56.950992584228516,57.78054428100586,57.31772994995117,56.77039337158203,55.902652740478516,54.85136795043945,53.88337326049805,49.5498161315918,41.42081069946289,36.62498474121094,35.70231246948242,34.38545227050781,35.116973876953125,38.60791015625,41.26449966430664,42.126487731933594,37.38722610473633,30.21133041381836,26.377681732177734
38.116554260253906,40.216793060302734,40.96854782104492,39.0650520324707,40.243778228759766,44.50815963745117,49.32573699951172,49.85719299316406,46.172061920166016,47.25199890136719,44.556705474853516,42.19243240356445,43.205081939697266,44.4232063293457,44.18933868408203,43.576698303222656,43.230018615722656,43.28514862060547,49.28642654418945,49.74500274658203,47.55104064941406,51.675907135009766,52.03537368774414,52.04801559448242,53.31982421875,54.218929290771484,54.14484786987305,53.270111083984375,51.50213623046875,50.050819396972656,49.9777946472168,47.973960876464844,42.54121398925781,37.70785140991211,35.690853118896484,37.47563934326172,38.10115432739258,38.750335693359375,40.531002044677734,40.897342681884766,38.025306701660156,31.748947143554688,26.1212100982666,24.56926918029785
37.696311950683594,38.65222930908203,37.39249038696289,36.215396881103516,37.873260498046875,40.57111358642578,43.75678253173828,43.865394592285156,43.763851165771484,47.72823715209961,48.144283294677734,46.939002990722656,46.46279525756836,47.34773635864258,50.41679763793945,50.28300094604492,47.35742950439453,46.729122161865234,51.27812576293945,44.719390869140625,36.13444900512695,39.55811309814453,41.184513092041016,42.03776168823242,43.7958869934082,45.83266830444336,47.44414138793945,48.15968322753906,47.43524932861328,47.70439529418945,48.22124481201172,43.66804504394531,37.26447296142578,36.01750564575195,38.28113555908203,37.353759765625,33.434478759765625,32.90765380859375,33.89299774169922,33.59812545776367,31.11800193786621,26.28605842590332,24.2099609375,24.878053665161133
36.11238098144531,37.232486724853516,37.28423309326172,38.76057052612305,42.34797286987305,43.877601623535156,38.560054779052734,35.28767776489258,39.76838302612305,44.88493347167969,48.308250427246094,49.872337341308594,50.054805755615234,50.28801345825195,54.682533264160156,57.838523864746094,56.305397033691406,53.839515686035156,54.160400390625,46.04676818847656,39.13225173950195,36.89024353027344,35.45028305053711,33.66014862060547,32.406272888183594,32.447689056396484,33.75658416748047,36.39250183105469,38.3966064453125,40.5667610168457,41.385986328125,38.29547882080078,34.320884704589844,31.481597900390625,28.71923828125,24.92947769165039,20.90105438232422,19.42540168762207,19.829757690429688,20.494962692260742,20.963092803955078,19.85243034362793,21.888076782226562,25.039548873901367
36.455039978027344,38.96650314331055,40.11823654174805,41.44810485839844,40.9688720703125,37.0985221862793,26.99894905090332,24.248741149902344,30.983983993530273,37.64189910888672,43.25998306274414,46.38322448730469,47.697959899902344,49.83938217163086,55.991539001464844,60.90292739868164,61.01069641113281,58.246307373046875,57.022518157958984,54.499629974365234,50.41893005371094,45.51344299316406,45.17277145385742,43.85946273803711,41.08695602416992,37.1719970703125,31.825366973876953,27.085283279418945,25.27284049987793,24.406490325927734,23.765663146972656,24.156442642211914,23.107580184936523,19.864131927490234,17.23886489868164,15.693026542663574,13.761305809020996,12.658607482910156,13.258584976196289,13.587236404418945,14.83006763458252,15.97500228881836,20.456056594848633,24.007484436035156
38.145957946777344,39.36962890625,36.23615646362305,31.472171783447266,30.25982666015625,31.556846618652344,16.90736961364746,15.20211124420166,25.386077880859375,32.80419158935547,36.41626739501953,38.49909973144531,41.002384185791016,45.71500778198242,53.47322463989258,59.22845458984375,60.43571472167969,59.20598602294922,60.59421157836914,60.07573699951172,53.44903564453125,50.33463668823242,49.880157470703125,48.55701446533203,47.3162956237793,46.087730407714844,42.912841796875,36.12095260620117,27.863279342651367,24.338146209716797,25.462528228759766,27.78290557861328,28.193361282348633,26.910226821899414,25.40743064880371,23.963668823242188,22.22763442993164,21.320222854614258,21.267595291137695,20.61237335205078,19.924240112304688,20.0888729095459,23.742908477783203,25.965726852416992
36.31612014770508,30.437475204467773,23.699024200439453,25.621339797973633,30.7890682220459,35.348419189453125,14.031835556030273,16.019363403320312,25.75189208984375,29.364192962646484,30.921566009521484,32.95644760131836,36.30575942993164,41.464073181152344,48.95656967163086,54.657657623291016,56.975433349609375,58.012996673583984,58.748287200927734,55.72187042236328,52.74811553955078,51.89962387084961,51.31117248535156,49.24690628051758,47.699832916259766,46.73252868652344,44.99248123168945,42.58854293823242,39.74235534667969,36.256465911865234,34.7401237487793,35.13526916503906,34.03189468383789,31.564739227294922,29.055973052978516,26.83405113220215,25.90380859375,27.656291961669922,31.463960647583008,33.58122634887695,32.72063064575195,30.73238754272461,30.69281578063965,30.624706268310547
