data/wind_data/wind_65_2.json
{"header": {"parameterUnit": "KT", "parameterCategory": 2, "nx": 256, "ny": 198, "lo1": 44.73521041870117, "la1": -3.236724853515625, "lo2": 111.26478576660156, "la2": 43.468475341796875, "dx": 0.2609002888202667, "dy": -0.23708222806453705, "refTime": "2025-02-21 17:00:00", "forecastTime": 0, "parameterNumber": 2, "parameterNumberName": "eastward_wind"}, "data":
[rows 57 to 75 of 198, columns 43 to 85 of 256]
-11.746819496154785,-13.329523086547852,-14.114556312561035,-14.717586517333984,-13.931238174438477,-13.325345039367676,-15.332270622253418,-14.740753173828125,-14.6757230758667,-15.486437797546387,-16.33526611328125,-16.622024536132812,-16.42224884033203,-16.868770599365234,-17.563461303710938,-18.4342041015625,-19.593290328979492,-19.843494415283203,-19.61579132080078,-19.087438583374023,-19.269163131713867,-19.29863739013672,-18.597259521484375,-17.771081924438477,-17.567306518554688,-18.429960250854492,-19.676816940307617,-20.874469757080078,-20.848979949951172,-19.553695678710938,-18.84844970703125,-18.866487503051758,-19.050508499145508,-19.3708438873291,-19.377933502197266,-18.693336486816406,-18.25831413269043,-17.92245101928711,-17.004810333251953,-15.825489044189453,-14.677838325500488,-13.801122665405273,-13.04918098449707
-10.841931343078613,-12.469327926635742,-13.04286003112793,-14.031546592712402,-14.254015922546387,-14.167648315429688,-15.195426940917969,-15.168898582458496,-14.988037109375,-16.014490127563477,-16.102123260498047,-16.57513999938965,-16.6682186126709,-16.79591178894043,-17.28325843811035,-18.609214782714844,-20.050880432128906,-20.150249481201172,-19.639780044555664,-19.32819938659668,-19.720703125,-19.520465850830078,-18.841386795043945,-18.29188346862793,-18.47391700744629,-19.267675399780273,-20.281835556030273,-21.46075439453125,-22.085250854492188,-21.228519439697266,-19.967308044433594,-19.5684814453125,-19.45456886291504,-19.423070907592773,-19.39412498474121,-18.50543785095215,-18.006824493408203,-17.985734939575195,-17.331478118896484,-16.506702423095703,-15.419922828674316,-14.646544456481934,-13.935188293457031
-12.3486909866333,-13.090096473693848,-12.843217849731445,-12.893977165222168,-14.046438217163086,-14.542545318603516,-14.621251106262207,-14.434248924255371,-14.833020210266113,-15.644670486450195,-16.02695655822754,-16.582075119018555,-17.175342559814453,-17.23046875,-17.454450607299805,-18.377239227294922,-19.321990966796875,-19.507564544677734,-19.43639373779297,-19.493999481201172,-19.727142333984375,-19.61114501953125,-19.16535758972168,-19.233633041381836,-19.779510498046875,-20.349145889282227,-21.015806198120117,-21.797941207885742,-22.45199966430664,-22.35059928894043,-20.951452255249023,-19.84821128845215,-19.55344581604004,-19.377073287963867,-19.026281356811523,-18.339977264404297,-17.64710807800293,-17.308876037597656,-16.70848846435547,-16.012741088867188,-15.479806900024414,-15.20073127746582,-14.93368148803711
-12.56739616394043,-13.006993293762207,-12.856584548950195,-12.8841552734375,-13.741584777832031,-14.162734031677246,-14.262420654296875,-14.319607734680176,-14.858001708984375,-15.662155151367188,-16.393508911132812,-16.7514591217041,-16.94792938232422,-17.08490753173828,-17.269466400146484,-17.861045837402344,-18.585012435913086,-19.045185089111328,-19.179513931274414,-19.337604522705078,-19.602670669555664,-19.845500946044922,-19.973350524902344,-20.159690856933594,-20.50858497619629,-20.98381996154785,-21.555404663085938,-22.13374900817871,-22.47548484802246,-22.485740661621094,-21.834434509277344,-20.625959396362305,-19.776535034179688,-18.821056365966797,-18.2401180267334,-17.84784507751465,-17.286195755004883,-16.82929039001465,-16.443979263305664,-16.03954315185547,-15.721822738647461,-15.433015823364258,-15.235042572021484
-12.675738334655762,-13.183520317077637,-12.881328582763672,-12.549506187438965,-13.066280364990234,-13.599303245544434,-13.989346504211426,-14.35038948059082,-14.765822410583496,-15.040799140930176,-15.676080703735352,-16.34946060180664,-16.809711456298828,-17.032655715942383,-17.336904525756836,-17.90248680114746,-18.412492752075195,-18.743270874023438,-18.950822830200195,-19.1038818359375,-19.63205337524414,-20.287904739379883,-20.566822052001953,-20.557510375976562,-20.72342300415039,-21.198833465576172,-21.916898727416992,-22.39156150817871,-22.352073669433594,-22.099214553833008,-21.777841567993164,-21.177356719970703,-19.824745178222656,-18.616472244262695,-18.12082862854004,-17.777210235595703,-17.361087799072266,-16.947755813598633,-16.662094116210938,-16.19024085998535,-15.761638641357422,-15.42385482788086,-14.962349891662598
-12.28166675567627,-12.513883590698242,-12.024123191833496,-11.839784622192383,-12.39549446105957,-12.899048805236816,-13.272111892700195,-13.793506622314453,-14.386478424072266,-15.001349449157715,-15.805686950683594,-16.461116790771484,-16.723384857177734,-17.165090560913086,-17.813444137573242,-18.08980941772461,-18.292179107666016,-18.693143844604492,-18.873640060424805,-19.2435245513916,-20.0219783782959,-20.572002410888672,-20.568037033081055,-20.490928649902344,-20.738231658935547,-21.349842071533203,-22.04117202758789,-22.302385330200195,-22.181325912475586,-21.93041229248047,-21.561100006103516,-20.91988182067871,-19.88286590576172,-19.040008544921875,-18.597326278686523,-18.165302276611328,-17.740896224975586,-17.416873931884766,-16.816198348999023,-15.993291854858398,-15.265630722045898,-14.935248374938965,-14.399486541748047
-11.341972351074219,-11.408034324645996,-11.437444686889648,-11.801477432250977,-12.270959854125977,-12.763601303100586,-13.15719985961914,-13.736674308776855,-14.505642890930176,-15.195131301879883,-15.559144020080566,-15.782330513000488,-16.266550064086914,-17.002161026000977,-17.651336669921875,-17.989553451538086,-18.130098342895508,-18.360092163085938,-18.849123001098633,-19.48845863342285,-20.114580154418945,-20.299989700317383,-20.1380672454834,-20.242431640625,-20.658233642578125,-21.298385620117188,-21.843303680419922,-22.06067657470703,-22.01202392578125,-21.767789840698242,-21.329147338867188,-20.786813735961914,-20.190217971801758,-19.611572265625,-18.98287010192871,-18.376123428344727,-17.900074005126953,-17.359079360961914,-16.575428009033203,-15.640196800231934,-14.829122543334961,-14.381377220153809,-13.631908416748047
-10.969786643981934,-10.54842758178711,-10.874039649963379,-11.65844440460205,-12.154717445373535,-12.776103019714355,-13.394571304321289,-13.916563034057617,-14.516151428222656,-14.983715057373047,-15.128582954406738,-15.279162406921387,-15.872306823730469,-16.491260528564453,-16.944669723510742,-17.50358772277832,-17.84800148010254,-18.04792022705078,-18.667396545410156,-19.336698532104492,-19.543928146362305,-19.472505569458008,-19.618024826049805,-20.133750915527344,-20.7191162109375,-21.26592445373535,-21.69302749633789,-21.89676284790039,-21.749963760375977,-21.386995315551758,-20.966615676879883,-20.58917808532715,-20.220874786376953,-19.672176361083984,-18.96010398864746,-18.30295181274414,-17.735008239746094,-17.12675666809082,-16.334157943725586,-15.492053985595703,-14.705183029174805,-14.122028350830078,-13.264022827148438
-10.7965669631958,-10.703493118286133,-10.721488952636719,-11.245003700256348,-11.941843032836914,-12.615270614624023,-13.21303653717041,-13.793320655822754,-14.346325874328613,-14.906755447387695,-15.083980560302734,-15.129406929016113,-15.66867733001709,-16.202192306518555,-16.55390167236328,-17.113195419311523,-17.50774383544922,-17.53852081298828,-18.275283813476562,-18.835214614868164,-18.841827392578125,-18.840070724487305,-19.159822463989258,-19.811540603637695,-20.559066772460938,-21.13227653503418,-21.481056213378906,-21.55593490600586,-21.277746200561523,-20.882051467895508,-20.479204177856445,-20.09246063232422,-19.743070602416992,-19.301692962646484,-18.748151779174805,-18.153032302856445,-17.53722381591797,-16.696895599365234,-15.844996452331543,-15.32593059539795,-14.770295143127441,-14.099772453308105,-13.391606330871582
-10.686214447021484,-10.683440208435059,-10.94400405883789,-10.767549514770508,-11.688206672668457,-12.467307090759277,-13.069103240966797,-13.85228443145752,-14.41296672821045,-14.714139938354492,-14.951642990112305,-15.136478424072266,-15.57862377166748,-16.033145904541016,-16.25775909423828,-16.679553985595703,-17.047218322753906,-17.149139404296875,-17.835220336914062,-18.15398406982422,-18.19839859008789,-18.322782516479492,-18.724586486816406,-19.38957977294922,-20.12100601196289,-20.71683120727539,-21.080894470214844,-21.024089813232422,-20.663118362426758,-20.257726669311523,-19.8070068359375,-19.39077377319336,-19.150802612304688,-18.848337173461914,-18.347225189208984,-17.695390701293945,-16.84050750732422,-16.0166072845459,-15.664072036743164,-15.262600898742676,-14.665072441101074,-14.096107482910156,-13.546533584594727
-10.532670974731445,-10.386008262634277,-10.738429069519043,-10.981451988220215,-11.590129852294922,-12.345595359802246,-13.237899780273438,-13.995723724365234,-14.213167190551758,-14.109188079833984,-14.406261444091797,-15.0394868850708,-15.445008277893066,-15.368328094482422,-15.56401538848877,-16.420066833496094,-16.678184509277344,-16.620929718017578,-17.152851104736328,-17.403059005737305,-17.490230560302734,-17.80071258544922,-18.397945404052734,-19.07839584350586,-19.70395278930664,-20.154752731323242,-20.359045028686523,-20.134925842285156,-19.779966354370117,-19.555503845214844,-19.268165588378906,-18.93080711364746,-18.638103485107422,-18.178142547607422,-17.624549865722656,-16.790531158447266,-16.062908172607422,-15.69117259979248,-15.488920211791992,-15.208683013916016,-14.76504135131836,-14.229910850524902,-13.706649780273438
-10.618583679199219,-11.03260326385498,-10.894354820251465,-11.304357528686523,-11.370794296264648,-12.048434257507324,-13.038276672363281,-13.493118286132812,-13.456732749938965,-13.5274019241333,-14.030667304992676,-14.680475234985352,-14.722551345825195,-14.428609848022461,-15.105512619018555,-15.934990882873535,-16.022855758666992,-16.030162811279297,-16.4949893951416,-16.662551879882812,-16.816301345825195,-17.446809768676758,-18.189416885375977,-18.88129234313965,-19.404306411743164,-19.43437385559082,-19.12761116027832,-18.8939151763916,-18.88788414001465,-18.950122833251953,-18.85980796813965,-18.561132431030273,-18.155139923095703,-17.399341583251953,-16.638715744018555,-15.930473327636719,-15.446039199829102,-15.161380767822266,-15.061826705932617,-15.080872535705566,-14.887532234191895,-14.455262184143066,-13.973363876342773
-10.318499565124512,-10.595803260803223,-10.972539901733398,-11.348567008972168,-11.456046104431152,-11.984034538269043,-12.522359848022461,-12.632468223571777,-12.625271797180176,-13.06955337524414,-13.89860725402832,-14.221108436584473,-13.714295387268066,-13.650997161865234,-14.401363372802734,-15.100995063781738,-15.355558395385742,-15.528406143188477,-15.801321029663086,-15.942071914672852,-16.2376766204834,-17.138452529907227,-17.982202529907227,-18.54841423034668,-18.840044021606445,-18.55033302307129,-18.09243392944336,-17.97699546813965,-17.932376861572266,-17.98544692993164,-18.07577896118164,-17.842920303344727,-17.57867431640625,-17.099672317504883,-16.402721405029297,-15.659502029418945,-14.973322868347168,-14.489442825317383,-14.385416984558105,-14.550383567810059,-14.656822204589844,-14.474462509155273,-14.026128768920898
-9.634652137756348,-10.008157730102539,-10.426950454711914,-11.257087707519531,-11.560859680175781,-11.950953483581543,-12.014810562133789,-11.90049934387207,-12.042478561401367,-12.869288444519043,-13.796822547912598,-13.431550025939941,-12.926983833312988,-13.34939193725586,-14.038914680480957,-14.49814224243164,-14.641219139099121,-14.74393081665039,-14.896183013916016,-15.165322303771973,-15.799988746643066,-16.759780883789062,-17.511343002319336,-17.798107147216797,-17.943452835083008,-18.033714294433594,-17.778053283691406,-17.221057891845703,-16.7398624420166,-16.52064323425293,-16.77508544921875,-17.134174346923828,-17.322694778442383,-17.10387420654297,-16.487342834472656,-15.7459135055542,-15.07562255859375,-14.479072570800781,-14.092801094055176,-14.086164474487305,-14.273545265197754,-14.245767593383789,-13.791003227233887
-9.043607711791992,-9.494277954101562,-10.192998886108398,-10.870678901672363,-10.974165916442871,-11.440855979919434,-11.3197603225708,-11.473617553710938,-11.86199951171875,-12.732015609741211,-13.114855766296387,-12.60562515258789,-12.6033353805542,-13.182426452636719,-13.838872909545898,-14.135693550109863,-13.955507278442383,-13.784721374511719,-14.060663223266602,-14.835506439208984,-15.656099319458008,-16.192102432250977,-16.668041229248047,-16.90394401550293,-17.218116760253906,-17.719402313232422,-17.348609924316406,-16.18006134033203,-15.473566055297852,-15.451793670654297,-15.953448295593262,-16.5178165435791,-16.844980239868164,-16.729312896728516,-16.269577026367188,-15.674249649047852,-15.034050941467285,-14.397981643676758,-13.905313491821289,-13.741642951965332,-13.953831672668457,-14.150976181030273,-13.735851287841797
-8.453591346740723,-9.657867431640625,-10.026232719421387,-10.163297653198242,-10.87297248840332,-10.732953071594238,-10.63169002532959,-10.629891395568848,-11.461295127868652,-12.240045547485352,-12.186430931091309,-12.058984756469727,-12.411299705505371,-12.93115520477295,-13.331816673278809,-13.550092697143555,-13.453125953674316,-13.432723045349121,-13.944039344787598,-14.723820686340332,-15.417242050170898,-15.826740264892578,-15.982575416564941,-16.242162704467773,-16.679908752441406,-16.827449798583984,-16.12384796142578,-15.245594024658203,-14.87503719329834,-14.87539005279541,-15.261281967163086,-15.796915054321289,-16.230960845947266,-16.268964767456055,-15.846117973327637,-15.181169509887695,-14.55051040649414,-14.02783203125,-13.614373207092285,-13.432950019836426,-13.640721321105957,-14.005128860473633,-13.833420753479004
-7.883971691131592,-9.297171592712402,-9.552984237670898,-9.544191360473633,-10.452719688415527,-10.441473007202148,-9.576254844665527,-9.833540916442871,-10.749731063842773,-11.412850379943848,-11.285529136657715,-11.518477439880371,-12.002345085144043,-12.448301315307617,-12.659711837768555,-12.684558868408203,-12.88254165649414,-13.683318138122559,-14.400693893432617,-14.372177124023438,-14.915761947631836,-15.598005294799805,-15.57866382598877,-15.72250747680664,-15.872081756591797,-15.373598098754883,-14.910148620605469,-14.608270645141602,-14.424850463867188,-14.327463150024414,-14.65731430053711,-15.185471534729004,-15.69847297668457,-15.856924057006836,-15.568036079406738,-14.984746932983398,-14.313859939575195,-13.683151245117188,-13.197266578674316,-13.017518997192383,-13.286872863769531,-13.779145240783691,-13.969709396362305
-6.635201930999756,-7.712205410003662,-8.747992515563965,-9.201412200927734,-9.719162940979004,-9.97464370727539,-8.855484008789062,-9.184178352355957,-10.53238296508789,-10.283147811889648,-10.501547813415527,-10.791656494140625,-11.273355484008789,-11.82934856414795,-12.19798469543457,-12.27653980255127,-12.464715957641602,-13.446518898010254,-14.366798400878906,-14.294312477111816,-14.363276481628418,-14.99418830871582,-15.307754516601562,-15.287518501281738,-14.683834075927734,-14.160215377807617,-14.045109748840332,-13.872818946838379,-13.810256958007812,-13.833993911743164,-14.12442398071289,-14.60499382019043,-15.147696495056152,-15.496872901916504,-15.520872116088867,-15.212023735046387,-14.642431259155273,-13.929112434387207,-13.279494285583496,-12.960014343261719,-13.130756378173828,-13.609585762023926,-14.07679557800293
-5.072576522827148,-6.433518409729004,-7.812122821807861,-8.787224769592285,-9.12096118927002,-9.074482917785645,-8.344453811645508,-9.165227890014648,-10.120075225830078,-9.242112159729004,-9.823174476623535,-10.219035148620605,-10.613219261169434,-10.964075088500977,-11.498702049255371,-12.22793960571289,-12.733315467834473,-13.119392395019531,-13.612039566040039,-14.164265632629395,-14.398025512695312,-14.44524097442627,-14.707844734191895,-14.62678337097168,-13.675854682922363,-13.3797607421875,-13.340434074401855,-13.080870628356934,-13.150335311889648,-13.291378021240234,-13.556836128234863,-14.042742729187012,-14.683260917663574,-15.21739387512207,-15.439820289611816,-15.359813690185547,-15.03672981262207,-14.477806091308594,-13.811507225036621,-13.339836120605469,-13.300546646118164,-13.579364776611328,-14.018478393554688
