data/wind_data/wind_2025-02-21_03.json
{"header": {"parameterUnit": "KT", "parameterCategory": 2, "nx": 255, "ny": 198, "lo1": 44.73521041870117, "la1": -3.236724853515625, "lo2": 111.26478576660156, "la2": 43.468475341796875, "dx": 0.26192745566368103, "dy": -0.23708222806453705, "refTime": "2025-02-21 03:00:00", "forecastTime": 0, "parameterNumber": 2, "parameterNumberName": "eastward_wind"}, "data":
[rows 76 to 94 of 198, columns 86 to 128 of 255]
-3.7260515689849854,-3.2022948265075684,-2.921231508255005,-2.928393602371216,-3.363779306411743,-4.069485187530518,-4.6409010887146,-4.795938968658447,-4.523859977722168,-4.1583476066589355,-4.107095241546631,-4.287772178649902,-4.351356506347656,-4.126589298248291,-3.597445249557495,-2.947086811065674,-2.539713144302368,-2.7745985984802246,-4.398301124572754,-7.2783989906311035,-9.204517364501953,-10.195767402648926,-11.979104042053223,-12.348306655883789,-10.78878116607666,-11.51921558380127,-9.028717041015625,-5.467255592346191,-4.183686256408691,-3.7561099529266357,-3.4059503078460693,-4.047937393188477,-5.233891010284424,-5.7605299949646,-5.487718105316162,-4.846789836883545,-4.161944389343262,-4.198416233062744,-4.605886936187744,-4.6665754318237305,-4.569662570953369,-4.535286903381348,-3.843404769897461
-3.5979697704315186,-3.08325457572937,-2.8167498111724854,-2.8962883949279785,-3.2535719871520996,-3.9052188396453857,-4.614779949188232,-4.853396892547607,-4.572235107421875,-4.151195526123047,-3.940476894378662,-4.020016193389893,-4.159728050231934,-4.112070083618164,-3.8460941314697266,-3.480412483215332,-3.1748788356781006,-3.5150198936462402,-5.457362174987793,-8.26225757598877,-9.33404541015625,-8.87084674835205,-11.02987289428711,-13.565488815307617,-12.236306190490723,-11.913418769836426,-8.74715805053711,-4.865486145019531,-3.87560772895813,-4.404592990875244,-4.802047252655029,-5.233426094055176,-6.061671257019043,-6.444061756134033,-6.363828659057617,-5.554993152618408,-4.268317222595215,-4.260746479034424,-4.974401950836182,-4.864506244659424,-4.319475173950195,-3.9353599548339844,-3.4422760009765625
-3.376760721206665,-3.1185903549194336,-3.1149888038635254,-3.2975218296051025,-3.592966318130493,-4.117226600646973,-4.615283012390137,-4.692143440246582,-4.4661993980407715,-4.092716217041016,-3.7003426551818848,-3.5749611854553223,-3.706327438354492,-3.968261957168579,-4.172647953033447,-4.075684547424316,-3.762065887451172,-4.040501117706299,-5.605360984802246,-7.5367021560668945,-8.152119636535645,-7.284055709838867,-8.462014198303223,-12.772085189819336,-13.140073776245117,-11.825406074523926,-7.912898540496826,-4.850200176239014,-5.589075088500977,-5.548797130584717,-4.475200176239014,-4.57395601272583,-4.8364152908325195,-5.1978068351745605,-5.629971981048584,-5.242851257324219,-4.0974955558776855,-3.7393314838409424,-4.005483150482178,-3.9952027797698975,-3.690455913543701,-3.2994303703308105,-2.921778440475464
-3.1761350631713867,-3.2292819023132324,-3.5139241218566895,-3.9823410511016846,-4.5999603271484375,-4.988528728485107,-4.90146017074585,-4.502449035644531,-4.186042308807373,-3.917275905609131,-3.5991103649139404,-3.4227213859558105,-3.47259259223938,-3.9089486598968506,-4.5171966552734375,-4.704256534576416,-4.426540851593018,-4.350184440612793,-4.975404739379883,-5.999989986419678,-6.386081218719482,-6.1620073318481445,-5.2654337882995605,-8.82850170135498,-13.990936279296875,-12.082584381103516,-7.219435214996338,-5.620702743530273,-6.042355060577393,-3.7779462337493896,-2.3514978885650635,-3.5418825149536133,-4.844404220581055,-5.632720947265625,-5.805608749389648,-5.346349239349365,-4.414366722106934,-3.6166374683380127,-3.018533945083618,-2.6474838256835938,-2.6145238876342773,-2.1996824741363525,-1.7282845973968506
-3.06353759765625,-3.4416399002075195,-4.090121269226074,-4.776674270629883,-5.489101886749268,-5.885778903961182,-5.344356536865234,-4.563354015350342,-4.005569934844971,-3.6518123149871826,-3.43851637840271,-3.3449387550354004,-3.4109957218170166,-3.933420419692993,-4.697880268096924,-5.0642619132995605,-4.916396141052246,-4.561824321746826,-4.359225273132324,-4.492220401763916,-4.509771347045898,-4.8744215965271,-6.368103981018066,-10.692194938659668,-15.332387924194336,-13.540680885314941,-8.285589218139648,-6.22441291809082,-4.870838642120361,-1.920141577720642,-1.5769798755645752,-3.243323564529419,-4.881937026977539,-5.914908409118652,-6.772112846374512,-6.081140995025635,-4.620813369750977,-3.6135318279266357,-2.7257192134857178,-1.8329874277114868,-1.061964511871338,-0.720363199710846,-0.8487628698348999
-2.919532060623169,-3.428340196609497,-4.3198466300964355,-5.4482340812683105,-6.243117809295654,-6.284190654754639,-5.65721321105957,-4.89947509765625,-4.218478202819824,-3.7049825191497803,-3.34285306930542,-3.239290952682495,-3.4927191734313965,-4.094805717468262,-4.806621074676514,-5.330950736999512,-5.373847484588623,-5.028391361236572,-4.720524311065674,-4.241696834564209,-3.396007537841797,-3.641165256500244,-8.401554107666016,-13.805063247680664,-16.31244659423828,-13.737466812133789,-8.00321102142334,-4.918619155883789,-3.5058460235595703,-1.201236367225647,-1.484311819076538,-3.25018048286438,-4.768618583679199,-5.668676853179932,-5.875805377960205,-4.876192092895508,-3.8663883209228516,-2.9975860118865967,-1.8111648559570312,-0.20827652513980865,0.7858828902244568,0.547840416431427,-0.07296370714902878
-2.8658461570739746,-3.4828953742980957,-4.602227210998535,-5.94622802734375,-6.7158522605896,-6.518054962158203,-5.94578218460083,-5.2594218254089355,-4.6595845222473145,-4.084301471710205,-3.533719301223755,-3.306767463684082,-3.730811357498169,-4.375357151031494,-4.971508502960205,-5.7403764724731445,-5.989480972290039,-5.593369483947754,-5.2648797035217285,-4.5624589920043945,-3.6400182247161865,-3.2586827278137207,-8.806907653808594,-15.443075180053711,-17.614046096801758,-13.327407836914062,-6.377070903778076,-1.936744213104248,-1.1844536066055298,-0.5329060554504395,-1.521073579788208,-3.4458484649658203,-5.028390407562256,-5.8130340576171875,-4.811335563659668,-2.9886109828948975,-1.9301209449768066,-1.2455716133117676,-0.360058456659317,0.8792738318443298,1.177225112915039,0.5867366194725037,0.8782477974891663
-2.8150181770324707,-3.643219232559204,-4.911026477813721,-6.196442604064941,-6.922871112823486,-6.741823673248291,-6.1823530197143555,-5.6151933670043945,-5.124328136444092,-4.586055278778076,-4.08989143371582,-3.8011474609375,-4.178444862365723,-4.702517509460449,-5.212735652923584,-6.223641395568848,-6.6373748779296875,-6.206078052520752,-5.69191837310791,-4.653110980987549,-4.11851167678833,-2.2977821826934814,-6.359312057495117,-15.518350601196289,-15.279115676879883,-10.455545425415039,-4.850003242492676,-0.18139736354351044,0.5701966881752014,-0.2836856245994568,-2.165393352508545,-3.6662001609802246,-4.893980503082275,-5.2865424156188965,-3.471191644668579,-1.4331575632095337,-0.4026838541030884,0.4332314133644104,1.432978868484497,1.6693758964538574,0.6383710503578186,0.16893723607063293,1.7931758165359497
-2.7977123260498047,-3.6932883262634277,-4.994292736053467,-6.26800012588501,-7.020052433013916,-6.848905563354492,-6.287008762359619,-5.929376602172852,-5.6473541259765625,-5.232295989990234,-4.89084529876709,-4.728455066680908,-4.92261266708374,-5.111654281616211,-5.5800700187683105,-6.580892086029053,-7.048921585083008,-6.757228374481201,-6.170809745788574,-4.971730709075928,-4.177587032318115,-2.409769296646118,-6.302483081817627,-14.89237117767334,-14.473526000976562,-7.728875637054443,-3.4989078044891357,-1.240951418876648,-0.5505980253219604,-0.47488880157470703,-0.4267548620700836,-1.8703452348709106,-4.367750644683838,-4.921396732330322,-2.7545928955078125,-0.5393640995025635,0.41009244322776794,1.190972089767456,2.5766689777374268,2.2106409072875977,0.5361249446868896,0.746573269367218,2.850053548812866
-2.8555188179016113,-3.712459087371826,-4.911412239074707,-6.121756076812744,-6.8182692527771,-6.750138759613037,-6.295405387878418,-6.272243976593018,-6.326226234436035,-5.921409606933594,-5.715106010437012,-5.760632038116455,-5.943079471588135,-6.07147216796875,-6.536128997802734,-7.320618629455566,-7.340610504150391,-7.004411697387695,-6.484110355377197,-5.5720109939575195,-4.721899509429932,-2.695915460586548,-5.894498825073242,-13.773178100585938,-14.106066703796387,-7.5360212326049805,-3.0317723751068115,-2.049530029296875,-2.2998969554901123,-2.1445517539978027,-2.5926883220672607,-4.445878028869629,-5.850094795227051,-5.2995381355285645,-2.9707694053649902,-0.5866987705230713,0.42594560980796814,0.8566715717315674,2.155066728591919,1.9817612171173096,0.7453178763389587,1.4164133071899414,3.0788416862487793
-2.7299656867980957,-3.5250728130340576,-4.623401641845703,-5.797042369842529,-6.394594192504883,-6.464700698852539,-6.58130407333374,-6.721906661987305,-6.468905925750732,-6.27839994430542,-6.2581586837768555,-6.338170051574707,-6.735543727874756,-7.260261535644531,-7.677954196929932,-7.9247727394104,-7.713747978210449,-7.178958892822266,-6.61226749420166,-6.051096439361572,-5.2375407218933105,-2.676731824874878,-3.1301932334899902,-10.91653823852539,-14.552112579345703,-10.589048385620117,-6.732296466827393,-5.291525840759277,-4.193337917327881,-2.8977766036987305,-3.130510091781616,-3.238877058029175,-2.0490520000457764,-2.0422587394714355,-2.262972593307495,-0.8499084711074829,0.7212889194488525,0.9258490800857544,0.1995183676481247,-0.7726699113845825,-0.37610602378845215,1.3271152973175049,2.4062929153442383
-2.5362789630889893,-3.163005828857422,-4.189661979675293,-5.465073108673096,-6.145774841308594,-6.280949115753174,-6.546324729919434,-6.923338890075684,-6.840024948120117,-6.458207607269287,-6.371829509735107,-6.300046443939209,-6.606705188751221,-7.505805969238281,-8.467934608459473,-8.751075744628906,-8.281253814697266,-7.586633682250977,-6.881357192993164,-6.241995811462402,-5.494424819946289,-3.187650203704834,-1.0460617542266846,-7.373285293579102,-14.749420166015625,-12.61873722076416,-6.731008052825928,-2.5508716106414795,-0.5736867785453796,0.27440145611763,0.8525011539459229,0.9293838739395142,1.1203199625015259,1.4919666051864624,0.5501956343650818,-1.0225837230682373,-1.0131763219833374,-0.3216927945613861,-1.1471697092056274,-1.959155797958374,-1.1620031595230103,0.027986502274870872,0.7818087935447693
-2.2453877925872803,-2.825153112411499,-3.8315088748931885,-5.028897285461426,-5.673710346221924,-5.831387519836426,-6.279004096984863,-6.722511291503906,-6.756469249725342,-6.625941753387451,-6.307898998260498,-5.833158016204834,-5.761263847351074,-6.694499492645264,-8.216669082641602,-8.963560104370117,-8.73330307006836,-8.235518455505371,-7.65041446685791,-6.618300437927246,-5.173154354095459,-3.3961949348449707,-1.1119602918624878,-5.866343975067139,-13.657395362854004,-12.328662872314453,-5.1525139808654785,0.2777051627635956,1.8952385187149048,2.005190372467041,2.2037882804870605,2.3252601623535156,1.8870620727539062,1.6290866136550903,1.143913745880127,-0.011044985614717007,-0.8136810660362244,-0.9505911469459534,-2.0338120460510254,-3.2485058307647705,-2.5525875091552734,-1.5798306465148926,-1.1691099405288696
-1.9574573040008545,-2.438244104385376,-3.3422927856445312,-4.412179946899414,-4.974356174468994,-5.430641174316406,-6.174907207489014,-6.918209075927734,-7.1333699226379395,-6.859262466430664,-6.166019916534424,-5.373692035675049,-5.070590496063232,-5.880452632904053,-7.4646220207214355,-8.386358261108398,-8.479557991027832,-8.531416893005371,-8.662915229797363,-7.453455924987793,-4.415043830871582,-1.8302655220031738,-3.780683994293213,-9.223655700683594,-12.519547462463379,-9.70035171508789,-3.535108804702759,0.7291494011878967,1.6162018775939941,2.06229305267334,0.916147768497467,-0.8211461305618286,-0.8811487555503845,-1.086072325706482,-1.8620332479476929,-2.045172691345215,-1.6646158695220947,-1.9327651262283325,-2.715505599975586,-3.2920260429382324,-3.3619091510772705,-3.6169886589050293,-3.1595983505249023
-1.7256717681884766,-2.130493402481079,-2.8731613159179688,-3.834794282913208,-4.512922763824463,-4.984891891479492,-5.90188455581665,-7.014064788818359,-7.465134620666504,-6.876341342926025,-5.717084884643555,-4.836631774902344,-4.713350772857666,-5.612528324127197,-7.166842937469482,-7.772256851196289,-7.716874122619629,-7.989398002624512,-8.777215003967285,-8.369879722595215,-5.408932685852051,-2.92600154876709,-5.9912543296813965,-9.825360298156738,-9.889636039733887,-6.761258125305176,-2.704746723175049,-0.744701087474823,-0.44889721274375916,-1.4189249277114868,-3.723292350769043,-4.076817512512207,-2.4932971000671387,-2.205045461654663,-2.610928773880005,-2.2027149200439453,-1.4199073314666748,-0.9637876749038696,-0.657196581363678,0.004966813139617443,-1.725330114364624,-3.8532299995422363,-3.2885537147521973
-1.4358078241348267,-1.831928014755249,-2.478262186050415,-3.2680258750915527,-3.9394948482513428,-4.665764808654785,-5.619422435760498,-6.9128899574279785,-7.496339797973633,-6.727084159851074,-5.377516746520996,-4.458480358123779,-4.62037992477417,-5.7436723709106445,-6.964615345001221,-7.3466715812683105,-7.059607982635498,-7.16321325302124,-8.049436569213867,-8.635217666625977,-6.601801872253418,-3.6383228302001953,-6.054105281829834,-9.120499610900879,-8.531696319580078,-6.26421594619751,-3.9679884910583496,-2.4606337547302246,-1.3472577333450317,-2.1020925045013428,-3.4060983657836914,-2.634861707687378,-1.5075749158859253,-1.5782897472381592,-1.5986539125442505,-0.4871140420436859,0.6252801418304443,0.8798129558563232,0.9644814133644104,1.2769834995269775,0.25695693492889404,-2.5357813835144043,-4.644598960876465
-1.049363136291504,-1.5189875364303589,-2.1296277046203613,-2.8361194133758545,-3.5409812927246094,-4.3753132820129395,-5.267378807067871,-6.487503528594971,-7.208083152770996,-6.658720970153809,-5.561126232147217,-4.520768642425537,-4.239412307739258,-5.0734076499938965,-6.18626594543457,-6.5552849769592285,-6.286678791046143,-6.227978229522705,-6.854130268096924,-8.036019325256348,-8.086254119873047,-5.207056999206543,-4.977561950683594,-8.456270217895508,-9.164606094360352,-7.493960857391357,-4.440704822540283,-1.2106870412826538,2.2077817916870117,1.9986364841461182,-1.7921161651611328,-3.084956407546997,-2.464205265045166,-1.595315933227539,-0.2257443219423294,1.6770038604736328,2.9744179248809814,2.971944570541382,2.644136428833008,2.409011125564575,0.7840802669525146,-1.6989643573760986,-4.738739490509033
-0.6005670428276062,-1.1243300437927246,-1.8176679611206055,-2.6397478580474854,-3.518376350402832,-4.380005836486816,-4.958466529846191,-5.8228373527526855,-6.627170085906982,-6.75762939453125,-6.038150310516357,-4.739089012145996,-4.155274868011475,-4.55779504776001,-4.7737507820129395,-4.630979061126709,-4.400808334350586,-4.824962139129639,-5.694367408752441,-6.6594672203063965,-7.501912593841553,-5.775787830352783,-4.19514274597168,-7.4872636795043945,-9.925088882446289,-8.461904525756836,-4.502313613891602,-0.3372390568256378,2.470363140106201,3.507404088973999,1.481123924255371,-0.7117859721183777,-1.040522813796997,-0.15994639694690704,1.6666910648345947,3.4182662963867188,3.8601841926574707,3.5483076572418213,2.965226411819458,1.2476966381072998,-0.8763259053230286,-1.542383074760437,-1.7303756475448608
-0.034653082489967346,-0.5840221047401428,-1.3844865560531616,-2.43699049949646,-3.579875946044922,-4.433966636657715,-4.753735542297363,-5.032222270965576,-5.902266025543213,-6.929653644561768,-6.552422046661377,-5.379386901855469,-4.400473594665527,-4.100024223327637,-2.9682891368865967,-1.6947126388549805,-1.4320801496505737,-2.858114242553711,-4.632115364074707,-5.361332893371582,-5.3440070152282715,-4.855621814727783,-3.627471685409546,-4.963079929351807,-8.121376037597656,-8.898868560791016,-5.567813396453857,-0.7329521179199219,2.3781449794769287,3.7360732555389404,3.394775390625,1.2760398387908936,0.14860942959785461,0.7373877763748169,1.7544234991073608,2.8798255920410156,2.9711077213287354,1.8289040327072144,1.3350073099136353,0.768052339553833,-1.045905351638794,-2.0172581672668457,-2.043354034423828
