data/wind_data/wind_17_8.json
{"header": {"parameterUnit": "KT", "parameterCategory": 2, "nx": 256, "ny": 198, "lo1": 44.73521041870117, "la1": -3.236724853515625, "lo2": 111.26478576660156, "la2": 43.468475341796875, "dx": 0.2609002888202667, "dy": -0.23708222806453705, "refTime": "2025-02-19 17:00:00", "forecastTime": 0, "parameterNumber": 2, "parameterNumberName": "eastward_wind"}, "data":
[rows 152 to 170 of 198, columns 44 to 87 of 256]
47.1053581237793,46.648765563964844,45.7698860168457,43.897403717041016,41.751556396484375,39.91847610473633,38.2077751159668,36.874637603759766,36.130489349365234,35.650482177734375,35.2065315246582,34.78748321533203,35.07184600830078,36.150970458984375,36.49215316772461,36.356082916259766,37.420440673828125,38.732181549072266,38.86996078491211,38.565155029296875,38.613372802734375,39.14201354980469,40.08955383300781,40.8998908996582,41.06604766845703,40.503395080566406,39.635318756103516,39.304622650146484,40.066009521484375,41.460811614990234,42.45150375366211,42.79069519042969,43.20783996582031,42.599056243896484,39.407676696777344,34.13337326049805,29.5191593170166,28.002521514892578,29.640836715698242,32.74980545043945,35.339202880859375,37.198482513427734,39.055423736572266,39.74278259277344
47.3266487121582,46.593177795410156,45.22666931152344,43.22073745727539,41.11577606201172,39.553585052490234,38.526119232177734,37.75857925415039,37.13278579711914,36.54906463623047,36.043792724609375,35.58770751953125,35.59219741821289,36.50313186645508,37.07685852050781,36.87908172607422,37.34004592895508,38.30677795410156,38.727474212646484,38.78981399536133,38.938228607177734,39.28834533691406,40.03494644165039,40.785091400146484,41.05630874633789,40.714256286621094,39.99786376953125,39.65509796142578,40.23377227783203,41.222816467285156,41.63435745239258,41.34311294555664,41.21760177612305,40.98275375366211,39.3485221862793,35.78987503051758,31.755931854248047,29.763147354125977,30.748090744018555,32.96458435058594,34.247802734375,35.345489501953125,37.23552322387695,38.65068817138672
47.518516540527344,46.1253662109375,44.624488830566406,43.35832214355469,42.02944564819336,40.52376937866211,39.360233306884766,38.70874786376953,38.2036018371582,37.603450775146484,36.91439437866211,36.15371322631836,35.69194030761719,36.304039001464844,37.25413131713867,37.423221588134766,37.39190673828125,37.64337158203125,38.03953552246094,38.56578826904297,39.05195617675781,39.41128158569336,39.88081359863281,40.39668273925781,40.71197509765625,40.633209228515625,40.141971588134766,39.735225677490234,39.947669982910156,40.53784942626953,40.65315246582031,40.038429260253906,39.28409194946289,38.746795654296875,37.546607971191406,34.80812072753906,31.78569984436035,30.53585433959961,31.492891311645508,33.08771896362305,33.5452995300293,33.801048278808594,35.35182189941406,37.2307014465332
47.593509674072266,46.06941604614258,45.21403121948242,44.807655334472656,44.08241653442383,42.49428939819336,40.61017990112305,39.37548065185547,38.81850814819336,38.41498565673828,37.72376251220703,36.652687072753906,35.642181396484375,35.62380599975586,36.59922409057617,37.363441467285156,37.391273498535156,37.08269119262695,37.132232666015625,37.91141128540039,38.858253479003906,39.44528579711914,39.75522232055664,39.93357467651367,40.11703109741211,40.25687789916992,40.075618743896484,39.71672058105469,39.607852935791016,39.757720947265625,39.63154220581055,38.84320831298828,37.633174896240234,36.54261779785156,35.22028350830078,32.85664367675781,30.655410766601562,30.454349517822266,31.760562896728516,32.849735260009766,32.87461471557617,32.69602966308594,33.95989990234375,36.10126876831055
48.36424255371094,47.288875579833984,46.85052490234375,46.55404281616211,45.88594436645508,44.39973068237305,42.11366653442383,39.992713928222656,38.848941802978516,38.451393127441406,37.936065673828125,36.870609283447266,35.651832580566406,35.096641540527344,35.63899230957031,36.641876220703125,37.116817474365234,36.86729431152344,36.698974609375,37.414222717285156,38.58001708984375,39.33854293823242,39.570865631103516,39.610595703125,39.78864669799805,40.04148483276367,39.96419143676758,39.618473052978516,39.405548095703125,39.34834289550781,39.021114349365234,38.01136016845703,36.416996002197266,34.88060760498047,33.51266860961914,31.616342544555664,30.0980167388916,30.537490844726562,32.14630126953125,32.892887115478516,32.6115837097168,32.63050079345703,34.0528450012207,36.10564041137695
49.73793029785156,48.86711120605469,48.24317932128906,47.749610900878906,47.03294372558594,45.54371643066406,43.04243469238281,40.320186614990234,38.49448776245117,37.764163970947266,37.337501525878906,36.552085876464844,35.54230880737305,34.88615798950195,35.11269760131836,35.96832275390625,36.6607780456543,36.8769416809082,37.05284118652344,37.753353118896484,38.8460807800293,39.512969970703125,39.45733642578125,39.28270721435547,39.656063079833984,40.300289154052734,40.301109313964844,39.646549224853516,39.15755081176758,39.09590148925781,38.96454620361328,38.010009765625,36.095001220703125,34.09635543823242,32.52839279174805,30.87969207763672,29.867435455322266,30.67675018310547,32.466278076171875,33.296058654785156,32.79304885864258,32.8438606262207,34.664371490478516,36.583683013916016
50.09440994262695,49.388343811035156,48.74895095825195,48.15380859375,47.35252380371094,45.74345016479492,43.134159088134766,40.31071853637695,38.2501220703125,37.229400634765625,36.776771545410156,36.249168395996094,35.4893798828125,34.88261413574219,35.01616668701172,35.713016510009766,36.35099792480469,36.912086486816406,37.664512634277344,38.60498046875,39.563232421875,40.07352828979492,39.75515365600586,39.134117126464844,39.29316329956055,40.316104888916016,40.86012268066406,40.19575500488281,39.26542282104492,38.971981048583984,39.10928726196289,38.590797424316406,36.699684143066406,34.2593994140625,32.13877487182617,30.33585548400879,29.502193450927734,30.492420196533203,32.38086700439453,33.350868225097656,32.84465026855469,32.677310943603516,34.453983306884766,36.33887481689453
49.156124114990234,48.927005767822266,48.49454116821289,47.69850158691406,46.66077423095703,45.158145904541016,42.979427337646484,40.6002082824707,38.582672119140625,37.34535217285156,36.959632873535156,36.69254684448242,36.03352737426758,35.44512176513672,35.51915740966797,35.94806671142578,36.31687927246094,36.91451644897461,37.974098205566406,39.106910705566406,39.91240692138672,40.29137420654297,40.113929748535156,39.420047760009766,39.022178649902344,39.69757080078125,40.72893524169922,40.8427619934082,40.04690170288086,39.289886474609375,39.138919830322266,38.92593002319336,37.43583297729492,34.95996856689453,32.502784729003906,30.461118698120117,29.455875396728516,30.131303787231445,31.828397750854492,32.742549896240234,32.344749450683594,32.35177230834961,33.79279327392578,35.273773193359375
48.494911193847656,48.418174743652344,47.78285217285156,46.71268081665039,45.58604049682617,44.42683410644531,42.97586441040039,41.29999923706055,39.516075134277344,38.117244720458984,37.747581481933594,37.74577331542969,37.269588470458984,36.67290115356445,36.52830123901367,36.57986068725586,36.61244201660156,36.96699142456055,37.88024139404297,38.97984313964844,39.71418380737305,39.98238754272461,40.00313186645508,39.721378326416016,39.188594818115234,39.126251220703125,39.8628044128418,40.76786804199219,40.939510345458984,40.1243782043457,39.18549346923828,38.68851089477539,37.65946578979492,35.607643127441406,33.2596321105957,31.18861961364746,29.882295608520508,29.863258361816406,30.919099807739258,31.696088790893555,31.624929428100586,31.76963233947754,32.85810470581055,33.91587448120117
48.37716293334961,47.98112869262695,47.116825103759766,46.13036346435547,45.1185302734375,44.065975189208984,42.96593475341797,41.77500915527344,40.40901184082031,39.23350143432617,38.89042663574219,38.88749694824219,38.501564025878906,37.88837814331055,37.41693878173828,37.082672119140625,36.93470764160156,37.0870361328125,37.66718673706055,38.604122161865234,39.455352783203125,39.83442306518555,39.82839584350586,39.697303771972656,39.42888259887695,39.12350082397461,39.16925048828125,39.8935432434082,40.98344802856445,41.049442291259766,39.711063385009766,38.37360763549805,37.35222625732422,35.83144760131836,33.88600158691406,32.00819778442383,30.48808479309082,29.834199905395508,30.2203426361084,30.81485939025879,31.130537033081055,31.34882926940918,31.70225715637207,32.37631607055664
48.05466079711914,47.60181427001953,46.89684295654297,46.15165328979492,45.11711502075195,43.833709716796875,42.66353988647461,41.597225189208984,40.58287048339844,39.979278564453125,40.0067024230957,40.04764175415039,39.5117301940918,38.570133209228516,37.67002868652344,37.08628845214844,36.95505905151367,37.12028503417969,37.51881408691406,38.285972595214844,39.200836181640625,39.79188919067383,39.82999801635742,39.561607360839844,39.38032913208008,39.36979675292969,39.24960708618164,39.214027404785156,40.10377502441406,41.225868225097656,40.65626525878906,38.76508712768555,37.124061584472656,35.746681213378906,34.2520637512207,32.63743209838867,31.03513526916504,29.978364944458008,29.972383499145508,30.436485290527344,31.00864028930664,31.475664138793945,31.181535720825195,31.152912139892578
47.250221252441406,47.31208038330078,46.97752380371094,46.28477478027344,44.99964141845703,43.275272369384766,41.7065544128418,40.53367614746094,39.8947639465332,40.02188491821289,40.71309280395508,41.11330795288086,40.57376480102539,39.28189468383789,37.823524475097656,36.836158752441406,36.67888641357422,37.080299377441406,37.64255905151367,38.317108154296875,39.01218795776367,39.50878143310547,39.63233184814453,39.37638473510742,39.142967224121094,39.353824615478516,39.64950180053711,39.39213562011719,39.37855911254883,40.46156692504883,41.05887985229492,39.69184112548828,37.5101432800293,35.78192901611328,34.521202087402344,33.243202209472656,31.596364974975586,30.19597816467285,29.986783981323242,30.480464935302734,31.029319763183594,31.855236053466797,31.637807846069336,30.62264633178711
46.081825256347656,46.59278106689453,46.859947204589844,46.36372375488281,44.95637512207031,42.80867004394531,40.51863098144531,38.87726593017578,38.61347961425781,39.62334442138672,40.989498138427734,41.70783233642578,41.38493728637695,40.17178726196289,38.4053955078125,36.87737274169922,36.40372848510742,36.90530014038086,37.73209762573242,38.483070373535156,38.99604034423828,39.23544692993164,39.26717758178711,39.042274475097656,38.804725646972656,39.05146408081055,39.73318862915039,39.927249908447266,39.465843200683594,39.61259460449219,40.424434661865234,40.12089538574219,38.250919342041016,36.24744415283203,34.94070053100586,33.87254333496094,32.27690887451172,30.54792022705078,29.990306854248047,30.559051513671875,31.17399787902832,31.939971923828125,32.18240737915039,31.204002380371094
45.86256790161133,46.279605865478516,46.60338592529297,45.91229248046875,44.50217056274414,42.45322799682617,39.88276672363281,37.795555114746094,37.52936553955078,38.99188995361328,40.768192291259766,41.652923583984375,41.49290466308594,40.57478713989258,39.000389099121094,37.28569793701172,36.4033203125,36.62437057495117,37.38217544555664,38.155792236328125,38.736019134521484,39.03121566772461,39.06686782836914,38.81580352783203,38.509483337402344,38.669559478759766,39.433021545410156,40.10574722290039,39.91084671020508,39.37002182006836,39.453311920166016,39.602874755859375,38.65406036376953,36.995849609375,35.60588836669922,34.488487243652344,32.88584899902344,30.906190872192383,29.860734939575195,30.353261947631836,31.38863754272461,31.98813819885254,32.16922378540039,31.834793090820312
46.74446105957031,46.98195266723633,47.04247283935547,45.68727111816406,43.64689636230469,41.47868728637695,39.1580924987793,37.41324234008789,37.273284912109375,38.552982330322266,40.19900894165039,41.19561004638672,41.15464782714844,40.38010025024414,39.158912658691406,37.69963073730469,36.607906341552734,36.387001037597656,36.816871643066406,37.428932189941406,38.08206558227539,38.64981460571289,38.94286346435547,38.84273147583008,38.54108810424805,38.56024169921875,39.19457244873047,40.00121307373047,40.17784881591797,39.56919479370117,38.92741775512695,38.72699737548828,38.41029739379883,37.52785873413086,36.347957611083984,35.0795783996582,33.313690185546875,31.054683685302734,29.47008514404297,29.654762268066406,31.13966941833496,32.204864501953125,32.031654357910156,31.64972496032715
47.8262825012207,47.28712463378906,46.99603271484375,45.84394073486328,43.64981460571289,40.92255783081055,38.4219856262207,37.040985107421875,37.12540817260742,38.24342346191406,39.648963928222656,40.593326568603516,40.62996292114258,40.0034065246582,39.079063415527344,37.910587310791016,36.79822540283203,36.3114128112793,36.50764083862305,36.93326950073242,37.52708053588867,38.29869079589844,38.86115264892578,38.9987907409668,38.89554214477539,38.931053161621094,39.39304733276367,40.0793342590332,40.36310958862305,39.87516784667969,38.9156494140625,38.13290023803711,37.77996063232422,37.48772048950195,36.772483825683594,35.496498107910156,33.5747184753418,31.08224105834961,28.996826171875,28.666439056396484,30.249500274658203,32.1555061340332,32.269527435302734,31.15631675720215
48.53000259399414,46.97013854980469,45.803855895996094,44.99990463256836,43.656700134277344,41.3958854675293,38.859657287597656,37.17795944213867,37.00732421875,38.031455993652344,39.275211334228516,39.955177307128906,40.011802673339844,39.78533935546875,39.287967681884766,38.303443908691406,37.05569076538086,36.34782409667969,36.51539993286133,36.93947982788086,37.40805435180664,38.184364318847656,38.90715408325195,39.17557144165039,39.227542877197266,39.44330596923828,39.932220458984375,40.49089050292969,40.68473815917969,40.207115173339844,39.15526580810547,37.96002197265625,37.15105438232422,36.88935470581055,36.62134552001953,35.58606719970703,33.64597702026367,31.099220275878906,28.73847007751465,27.854028701782227,29.13353157043457,31.498729705810547,32.41469955444336,31.01893424987793
47.60312271118164,45.78841018676758,44.65812683105469,44.16640853881836,43.49259567260742,42.0340576171875,39.90506362915039,38.14860153198242,37.867225646972656,38.71749496459961,39.50137710571289,39.655033111572266,39.66389846801758,39.819969177246094,39.763702392578125,39.08214569091797,37.81066131591797,36.792728424072266,36.7904052734375,37.266605377197266,37.636478424072266,38.180965423583984,38.87324142456055,39.23649978637695,39.37614822387695,39.75269317626953,40.44569778442383,41.07057571411133,41.144927978515625,40.52295684814453,39.413753509521484,38.08186340332031,36.859500885009766,36.162899017333984,35.90447235107422,35.184471130371094,33.48049545288086,31.105525970458984,28.789384841918945,27.541244506835938,28.215728759765625,30.41319465637207,31.962604522705078,31.081329345703125
45.73959732055664,44.30680465698242,44.067718505859375,44.09391784667969,43.736000061035156,42.76150131225586,41.20028305053711,39.88675308227539,39.61765670776367,40.04879379272461,40.270381927490234,40.035682678222656,39.951656341552734,40.168434143066406,40.21125411987305,39.745826721191406,38.702232360839844,37.60533905029297,37.33912658691406,37.71110916137695,37.941402435302734,38.111019134521484,38.555809020996094,39.032047271728516,39.3929557800293,39.925804138183594,40.77107238769531,41.53846740722656,41.6280517578125,40.864013671875,39.658145904541016,38.3786735534668,37.028602600097656,35.82689666748047,35.06193542480469,34.33573913574219,32.982383728027344,31.02587890625,29.023183822631836,27.71893882751465,27.778003692626953,29.268695831298828,30.935588836669922,31.08612823486328
