data/wind_data/wind_15_3.json
{"header": {"parameterUnit": "KT", "parameterCategory": 2, "nx": 256, "ny": 198, "lo1": 44.73521041870117, "la1": -3.236724853515625, "lo2": 111.26478576660156, "la2": 43.468475341796875, "dx": 0.2609002888202667, "dy": -0.23708222806453705, "refTime": "2025-02-19 15:00:00", "forecastTime": 0, "parameterNumber": 2, "parameterNumberName": "eastward_wind"}, "data":
[rows 57 to 75 of 198, columns 176 to 219 of 256]
-0.11717119812965393,-0.6868614554405212,-1.7577263116836548,-2.890787124633789,-3.7206168174743652,-4.044114589691162,-4.247276782989502,-5.051202774047852,-6.332928657531738,-6.744288444519043,-6.75952672958374,-7.705671310424805,-8.2543363571167,-8.55152702331543,-9.117105484008789,-9.817049026489258,-10.345198631286621,-10.826922416687012,-11.306090354919434,-11.521053314208984,-11.479211807250977,-11.585947036743164,-12.054696083068848,-12.506071090698242,-12.599212646484375,-12.49936580657959,-11.887401580810547,-11.114643096923828,-11.072328567504883,-11.085219383239746,-10.061830520629883,-10.245983123779297,-12.66785717010498,-13.636211395263672,-12.736851692199707,-13.1151123046875,-13.04641056060791,-13.568540573120117,-13.770979881286621,-13.477411270141602,-13.033462524414062,-13.427854537963867,-14.678290367126465,-15.40062427520752
-0.11192799359560013,-0.3671504557132721,-1.2248371839523315,-2.280975580215454,-3.1355576515197754,-3.7088541984558105,-3.647695302963257,-3.9890642166137695,-5.55954122543335,-6.663504600524902,-6.814828395843506,-7.429865837097168,-8.18671703338623,-8.414400100708008,-8.719340324401855,-9.245016098022461,-9.805006980895996,-10.476633071899414,-11.056724548339844,-11.144769668579102,-10.92745590209961,-10.885954856872559,-11.119647026062012,-11.403974533081055,-11.390028953552246,-11.258037567138672,-11.018302917480469,-10.905277252197266,-11.356963157653809,-11.63568115234375,-10.714582443237305,-10.127208709716797,-11.729537010192871,-12.991504669189453,-13.053268432617188,-12.830546379089355,-12.486604690551758,-12.100629806518555,-11.414412498474121,-10.621896743774414,-10.729811668395996,-12.242189407348633,-14.180475234985352,-15.14930248260498
-0.08515664935112,0.04758033528923988,-0.4312809407711029,-1.40457022190094,-2.1901049613952637,-2.819385528564453,-3.0721659660339355,-3.299283742904663,-4.719600677490234,-6.306631088256836,-6.776611804962158,-7.054325103759766,-7.911428451538086,-8.229813575744629,-8.29825496673584,-8.503711700439453,-8.91928482055664,-9.661001205444336,-10.40361213684082,-10.541364669799805,-10.297606468200684,-10.153099060058594,-10.110607147216797,-10.138045310974121,-10.067312240600586,-9.867300987243652,-9.81367301940918,-10.060796737670898,-10.548565864562988,-10.800106048583984,-10.684558868408203,-10.728691101074219,-10.97563362121582,-11.909636497497559,-13.17783260345459,-13.031641006469727,-12.379938125610352,-11.848392486572266,-11.560708999633789,-10.351119041442871,-9.593230247497559,-10.022361755371094,-11.326262474060059,-12.941601753234863
0.07547066360712051,0.4389152526855469,0.34566396474838257,-0.43098095059394836,-1.2030738592147827,-1.9450336694717407,-2.7772419452667236,-2.7559709548950195,-3.4272971153259277,-5.521829605102539,-6.582828044891357,-6.517392158508301,-7.277924537658691,-7.767305850982666,-7.859151363372803,-7.852635383605957,-8.02231502532959,-8.447426795959473,-9.07147216796875,-9.421796798706055,-9.448680877685547,-9.37435245513916,-9.123842239379883,-8.821183204650879,-8.542695999145508,-8.38950252532959,-8.2874116897583,-7.738386154174805,-7.379180431365967,-8.464776992797852,-9.844003677368164,-10.298108100891113,-10.074237823486328,-10.738840103149414,-12.584220886230469,-13.298998832702637,-11.737651824951172,-11.970206260681152,-12.556986808776855,-11.957141876220703,-11.562037467956543,-11.992849349975586,-12.584527015686035,-13.028697967529297
0.028564056381583214,0.5512117743492126,0.6201152205467224,0.18406133353710175,-0.3602783679962158,-0.9941766262054443,-2.1304497718811035,-2.333256483078003,-2.390286684036255,-4.369705677032471,-5.9279961585998535,-6.023664474487305,-6.349241256713867,-6.925417900085449,-7.245830535888672,-7.40348482131958,-7.584397792816162,-7.653869152069092,-7.765857219696045,-7.964303970336914,-8.065723419189453,-8.039680480957031,-7.912922382354736,-7.646434783935547,-7.223062992095947,-7.324795722961426,-7.953408241271973,-7.71013879776001,-6.865444660186768,-7.57355260848999,-9.677988052368164,-9.845126152038574,-8.740839958190918,-9.698946952819824,-11.963095664978027,-13.077840805053711,-10.891743659973145,-11.255643844604492,-11.91568374633789,-12.382692337036133,-13.11528491973877,-13.672759056091309,-13.935543060302734,-14.199646949768066
-0.12838850915431976,0.44037699699401855,0.5496033430099487,0.3395102918148041,-0.05608844757080078,-0.5109648704528809,-1.209861159324646,-1.5203611850738525,-1.4064021110534668,-2.906909942626953,-4.823116302490234,-5.476276397705078,-5.453956127166748,-5.909501552581787,-6.432366847991943,-6.958566188812256,-7.445645332336426,-7.588525772094727,-7.340773105621338,-7.10739803314209,-6.89945650100708,-6.580819129943848,-6.39619779586792,-6.311211109161377,-6.093723773956299,-6.56270694732666,-7.978692054748535,-8.222628593444824,-7.42228889465332,-8.152558326721191,-10.090598106384277,-10.344535827636719,-8.534692764282227,-9.099735260009766,-11.495719909667969,-12.37114143371582,-10.162187576293945,-9.392391204833984,-9.445341110229492,-9.936490058898926,-10.880401611328125,-11.92652702331543,-12.634371757507324,-13.514720916748047
-0.294659286737442,0.34438222646713257,0.4622765779495239,0.26287999749183655,-0.20007261633872986,-0.8018351793289185,-1.0840073823928833,-1.1130380630493164,-0.49324285984039307,-0.9804354906082153,-3.2623281478881836,-4.613422870635986,-4.654066562652588,-4.978464126586914,-5.422650337219238,-6.180105209350586,-6.964104652404785,-7.3236308097839355,-7.2461771965026855,-7.036336898803711,-6.714467525482178,-6.110321521759033,-5.478829383850098,-5.095069885253906,-5.00967264175415,-5.839170932769775,-7.496004104614258,-7.762543678283691,-6.722041606903076,-7.478912830352783,-9.548120498657227,-9.914422035217285,-9.658707618713379,-10.251415252685547,-12.782809257507324,-13.036088943481445,-10.35255241394043,-9.170435905456543,-8.856608390808105,-8.564127922058105,-8.341123580932617,-8.86995792388916,-10.360913276672363,-12.422322273254395
-0.5498263835906982,0.17219866812229156,0.35311612486839294,0.21012242138385773,-0.21764183044433594,-0.8886668086051941,-1.259182333946228,-1.2307606935501099,-0.3307756781578064,0.4172203838825226,-1.3498493432998657,-3.3272762298583984,-3.641777515411377,-4.031886577606201,-4.337047100067139,-4.869521617889404,-5.633485317230225,-6.061570644378662,-6.173682689666748,-6.364729404449463,-6.499181747436523,-6.135309219360352,-5.3770432472229,-4.529854774475098,-4.162027835845947,-5.038902282714844,-6.784744739532471,-7.576971530914307,-7.1794328689575195,-7.388054370880127,-9.148539543151855,-9.613293647766113,-9.468118667602539,-11.783368110656738,-14.527981758117676,-13.63587760925293,-10.24460506439209,-7.9123077392578125,-7.054662227630615,-7.364547252655029,-8.280338287353516,-8.558934211730957,-9.195453643798828,-11.144871711730957
-0.9401584267616272,-0.07392209023237228,0.1234198585152626,0.05925889313220978,-0.10060806572437286,-0.40820804238319397,-0.8421752452850342,-1.102199673652649,-0.524985134601593,0.5855443477630615,0.34661778807640076,-1.8013193607330322,-2.4236555099487305,-2.849982261657715,-3.1293463706970215,-3.3580527305603027,-3.7239134311676025,-4.01125955581665,-4.146884441375732,-4.477756023406982,-4.9627156257629395,-5.010442733764648,-4.615573883056641,-3.916539430618286,-3.3078463077545166,-3.8397631645202637,-5.664390563964844,-7.08364200592041,-6.959872245788574,-6.128279209136963,-7.008368968963623,-7.9921441078186035,-8.007685661315918,-11.470208168029785,-13.818741798400879,-13.035456657409668,-11.488335609436035,-10.4560546875,-8.757476806640625,-7.871802806854248,-8.5938720703125,-9.858263969421387,-9.467260360717773,-9.448205947875977
-1.6127835512161255,-0.4885891377925873,-0.14105303585529327,-0.14377623796463013,-0.07450374215841293,0.11839964985847473,0.1661658138036728,-0.2409481555223465,-0.4619717597961426,0.2637631893157959,1.192585825920105,-0.21429835259914398,-1.0725107192993164,-1.5543017387390137,-1.7795090675354004,-1.853060007095337,-1.8726789951324463,-1.9449235200881958,-2.0502800941467285,-2.3157591819763184,-2.764531373977661,-2.980945587158203,-2.8673436641693115,-2.4114859104156494,-1.853484034538269,-2.2029306888580322,-4.100741863250732,-6.1089863777160645,-6.352079391479492,-5.489869594573975,-5.288213729858398,-4.773472785949707,-8.552938461303711,-11.387349128723145,-12.662554740905762,-13.728535652160645,-14.149206161499023,-14.663361549377441,-12.149178504943848,-9.512664794921875,-9.75340747833252,-10.21379566192627,-9.293949127197266,-7.966780662536621
-2.2798144817352295,-1.1787950992584229,-0.5373931527137756,-0.35698163509368896,-0.11476816236972809,0.35586017370224,1.0454473495483398,1.2322067022323608,0.3097207546234131,0.18089087307453156,1.3921308517456055,0.9422884583473206,0.2770916223526001,-0.17644846439361572,-0.4028374254703522,-0.42231467366218567,-0.34004727005958557,-0.3506014347076416,-0.5308198928833008,-0.7941413521766663,-1.131669282913208,-1.2814604043960571,-1.2416388988494873,-0.8762147426605225,-0.2950096130371094,-0.5115429759025574,-2.1811962127685547,-4.509371757507324,-5.477593421936035,-4.093538284301758,-2.554879903793335,-1.562130093574524,-5.1706719398498535,-11.233170509338379,-13.272052764892578,-14.73144245147705,-13.945713996887207,-13.573817253112793,-12.904633522033691,-10.26932430267334,-8.9475736618042,-10.450532913208008,-9.415730476379395,-7.816574573516846
-2.527209758758545,-1.747490644454956,-0.9950336217880249,-0.6254578232765198,-0.28675249218940735,0.3203199505805969,1.2480814456939697,2.228512763977051,1.5762611627578735,0.8204280734062195,1.601088523864746,1.6669560670852661,1.3072788715362549,1.0780185461044312,0.956024169921875,0.9149383902549744,0.8557565212249756,0.7054482698440552,0.42852267622947693,0.026615262031555176,-0.3734690248966217,-0.5797037482261658,-0.46815726161003113,-0.005475207697600126,0.7212073802947998,0.8225433826446533,-0.291757196187973,-1.9097081422805786,-2.548251152038574,-0.7365236878395081,0.041060641407966614,-1.9484084844589233,-6.201849460601807,-10.620798110961914,-12.431110382080078,-14.654077529907227,-12.979789733886719,-11.533960342407227,-8.812390327453613,-5.767157554626465,-7.153777599334717,-10.10396957397461,-9.393316268920898,-6.86276912689209
-2.4637351036071777,-1.8602573871612549,-1.1926344633102417,-0.701410710811615,-0.3912338316440582,0.09450638294219971,0.8841933012008667,2.118934392929077,2.3870773315429688,1.900091290473938,2.1562442779541016,2.321073293685913,2.11112904548645,2.058161497116089,2.0596935749053955,2.0071206092834473,1.7929517030715942,1.411115050315857,1.0203614234924316,0.5760089159011841,0.006527601275593042,-0.4505574107170105,-0.4827663004398346,0.13649006187915802,1.1051878929138184,1.4963421821594238,1.1263800859451294,0.41237932443618774,0.7059181332588196,0.3958064913749695,-1.3154858350753784,-1.8223373889923096,-2.729447603225708,-6.359483242034912,-10.091120719909668,-12.575782775878906,-11.891621589660645,-7.293875217437744,-7.041426181793213,-8.768156051635742,-12.137689590454102,-9.010400772094727,-5.520802974700928,-8.565637588500977
-2.3895719051361084,-1.6540770530700684,-1.074363350868225,-0.5418964624404907,-0.1922129988670349,0.12548936903476715,0.5716477036476135,1.3771849870681763,2.213181257247925,2.5382497310638428,2.7806742191314697,2.999691963195801,2.938771963119507,2.9105606079101562,2.807737112045288,2.5703139305114746,2.3154451847076416,1.9031805992126465,1.4852553606033325,1.1345083713531494,0.5548738241195679,-0.15713952481746674,-0.43416789174079895,-0.06366600096225739,0.6527608036994934,1.145552158355713,1.5853155851364136,2.3083112239837646,3.3530030250549316,2.6021835803985596,-0.8586092591285706,-0.9835631847381592,-0.08513129502534866,-4.106467247009277,-8.106118202209473,-10.825087547302246,-12.199810981750488,-9.340951919555664,-8.647046089172363,-9.8019437789917,-11.181756019592285,-10.229548454284668,-9.312262535095215,-8.447588920593262
-2.584345579147339,-1.6268179416656494,-0.8526126742362976,-0.290296733379364,0.12034083902835846,0.4330381751060486,0.7453793883323669,1.1087392568588257,1.6821014881134033,2.394752264022827,2.9741103649139404,3.4096460342407227,3.6421806812286377,3.7280113697052,3.4538943767547607,2.9201745986938477,2.4501092433929443,2.0689826011657715,1.7821768522262573,1.6680001020431519,1.382415533065796,0.678329348564148,0.17753344774246216,0.2531522810459137,0.35934197902679443,0.4474914073944092,0.9701951146125793,2.434239387512207,4.160571575164795,4.511411190032959,1.2128974199295044,-3.7845876216888428,-6.3075690269470215,-6.628318786621094,-8.137304306030273,-9.295967102050781,-12.022768020629883,-11.4465970993042,-11.537862777709961,-11.977301597595215,-12.959485054016113,-12.33488655090332,-8.252017974853516,-5.7913055419921875
-2.7030794620513916,-1.7777483463287354,-0.8927027583122253,-0.17614175379276276,0.35040202736854553,0.7549595236778259,1.138331413269043,1.4699901342391968,1.7955209016799927,2.2547624111175537,2.840291976928711,3.433267831802368,3.9542412757873535,4.254815578460693,4.200847625732422,3.5931460857391357,2.7090885639190674,1.9286227226257324,1.5182774066925049,1.6745123863220215,1.9137672185897827,1.701356053352356,1.1940592527389526,0.9814034104347229,1.0198537111282349,0.9794286489486694,1.0762897729873657,1.9917494058609009,3.373307228088379,3.970344305038452,1.069178819656372,-2.2143759727478027,-3.9817862510681152,-7.396514892578125,-8.702530860900879,-10.820229530334473,-11.490097045898438,-10.45522689819336,-13.613821983337402,-15.641357421875,-8.308578491210938,-5.35540246963501,-4.4383697509765625,-4.584047794342041
-2.4496984481811523,-1.6715388298034668,-0.8705572485923767,-0.155668243765831,0.4339148998260498,0.9085807204246521,1.3908394575119019,1.9025412797927856,2.32261323928833,2.6950111389160156,3.079442024230957,3.5622284412384033,4.083882808685303,4.385533809661865,4.611193656921387,4.4010491371154785,3.6136691570281982,2.4887356758117676,1.6259855031967163,1.441715955734253,1.9226436614990234,2.1608011722564697,2.0277693271636963,1.8180650472640991,1.84244704246521,1.8812954425811768,2.2407000064849854,2.7365379333496094,3.726325750350952,-0.06990799307823181,-2.094386100769043,1.0349562168121338,-0.8677971363067627,-5.595362186431885,-8.606311798095703,-10.794702529907227,-10.986772537231445,-12.373226165771484,-13.359933853149414,-12.935300827026367,-0.15711748600006104,0.7148221731185913,-0.7469332814216614,-2.118898868560791
-1.673380732536316,-1.2422778606414795,-0.5284076929092407,0.10941167920827866,0.6192134022712708,1.0419594049453735,1.4631412029266357,2.0341947078704834,2.657208204269409,3.228701591491699,3.6806082725524902,4.083539009094238,4.472539901733398,4.6934814453125,4.671565532684326,4.994663238525391,4.933321952819824,3.9926156997680664,2.3895375728607178,1.3482666015625,1.6127256155014038,2.1968743801116943,2.262502908706665,2.265152931213379,2.276024103164673,2.149838447570801,2.620270013809204,4.028254508972168,4.9909186363220215,0.22384721040725708,-2.561370611190796,0.22777216136455536,1.4320783615112305,-3.2720489501953125,-7.027922630310059,-7.674137592315674,-10.544656753540039,-13.323336601257324,-14.459272384643555,-10.481295585632324,-0.19552546739578247,2.0679516792297363,1.2769877910614014,0.7171206474304199
-0.9963135719299316,-0.7950337529182434,-0.2536269724369049,0.43972668051719666,0.9752492904663086,1.3618855476379395,1.679951786994934,2.0923025608062744,2.6829733848571777,3.389199733734131,4.061607360839844,4.650419235229492,5.028928756713867,5.368837356567383,5.163606643676758,5.460892200469971,6.111888885498047,5.735118865966797,4.2610249519348145,2.2594590187072754,1.3028217554092407,1.893843173980713,2.3637123107910156,2.4306631088256836,2.541443347930908,2.3597469329833984,2.8798811435699463,4.880702972412109,5.727288246154785,3.4885847568511963,1.2681503295898438,1.1255651712417603,2.7320194244384766,-2.611171245574951,-5.393424034118652,-4.718694686889648,-7.641631126403809,-10.601795196533203,-12.207622528076172,-6.209768772125244,-0.9980847835540771,0.36793139576911926,0.16280266642570496,-1.2907487154006958
