data/wind_data/wind_32_3.json
{"header": {"parameterUnit": "KT", "parameterCategory": 2, "nx": 256, "ny": 198, "lo1": 44.73521041870117, "la1": -3.236724853515625, "lo2": 111.26478576660156, "la2": 43.468475341796875, "dx": 0.2609002888202667, "dy": -0.23708222806453705, "refTime": "2025-02-20 08:00:00", "forecastTime": 0, "parameterNumber": 2, "parameterNumberName": "eastward_wind"}, "data":
[rows 120 to 139 of 198, columns 129 to 171 of 256]
18.552183151245117,14.987521171569824,13.636431694030762,15.307016372680664,15.687142372131348,15.285261154174805,15.404048919677734,15.014623641967773,14.416033744812012,14.017101287841797,13.342001914978027,12.333101272583008,11.816320419311523,11.71627140045166,10.991097450256348,9.47529411315918,8.519221305847168,8.736921310424805,9.978349685668945,11.575204849243164,12.314661026000977,11.60926628112793,10.235051155090332,8.936305046081543,7.945612907409668,7.389184474945068,7.340908050537109,7.42351770401001,7.523379802703857,7.697976112365723,8.393296241760254,10.341869354248047,14.240038871765137,15.524468421936035,14.453747749328613,14.825793266296387,14.924298286437988,18.81313705444336,19.253816604614258,16.644895553588867,18.335899353027344,23.7874813079834,26.562255859375
21.191648483276367,17.515167236328125,14.50501537322998,14.437650680541992,15.606185913085938,15.591066360473633,15.70508861541748,15.584208488464355,15.069517135620117,14.534833908081055,14.103606224060059,13.613917350769043,13.573476791381836,13.668128967285156,12.13992977142334,9.542357444763184,8.098918914794922,8.388198852539062,9.821060180664062,11.595732688903809,12.285648345947266,11.436737060546875,9.652338027954102,7.764739513397217,6.757811546325684,6.2447404861450195,5.651544094085693,4.910433769226074,4.944129467010498,5.96351432800293,8.001626014709473,12.30451774597168,16.176443099975586,18.63311004638672,15.78465747833252,13.285717964172363,13.231542587280273,18.575963973999023,21.4320068359375,20.430816650390625,25.52544593811035,28.311004638671875,30.804656982421875
20.20014762878418,15.918601036071777,14.31352424621582,14.01231575012207,14.764022827148438,15.651946067810059,16.13641929626465,15.891024589538574,15.701240539550781,15.801050186157227,15.622404098510742,15.255672454833984,15.528791427612305,15.409652709960938,12.87320327758789,9.629368782043457,8.479302406311035,8.790489196777344,9.9559965133667,11.178068161010742,11.664395332336426,10.478263854980469,7.81461238861084,5.347257137298584,4.037662506103516,4.025904178619385,3.8083531856536865,4.057928085327148,4.382424354553223,6.427399158477783,10.524199485778809,16.791763305664062,21.61463165283203,27.365999221801758,25.628185272216797,19.637022018432617,22.38469886779785,26.96432113647461,25.887378692626953,23.41861915588379,27.471914291381836,26.543277740478516,30.59464454650879
19.420713424682617,16.459535598754883,14.4675931930542,14.397320747375488,15.763873100280762,16.4023380279541,16.08202362060547,16.5670166015625,17.40290069580078,17.580982208251953,16.956405639648438,16.515480041503906,16.426008224487305,15.338888168334961,13.060132026672363,11.740439414978027,11.483509063720703,10.830997467041016,9.667428970336914,8.570149421691895,8.302594184875488,8.192403793334961,6.054274082183838,3.2929508686065674,1.9973360300064087,2.2228753566741943,-0.6877442002296448,3.603726863861084,7.446331977844238,10.355281829833984,15.541097640991211,23.520610809326172,28.384319305419922,27.66504669189453,24.62566375732422,23.58717918395996,29.81244468688965,31.97416877746582,26.729511260986328,25.619056701660156,25.110170364379883,18.300552368164062,19.90619659423828
18.163307189941406,14.286137580871582,13.3960599899292,14.859944343566895,15.696622848510742,14.568990707397461,13.60367488861084,13.615667343139648,14.214000701904297,15.121671676635742,15.640974044799805,15.621162414550781,16.630352020263672,17.76576042175293,16.925127029418945,15.80994701385498,14.44162654876709,11.913384437561035,8.336484909057617,4.765596389770508,5.59055757522583,7.984910011291504,5.751952171325684,3.429823875427246,3.5228934288024902,4.566504001617432,4.158888339996338,6.838688850402832,13.142411231994629,20.525474548339844,25.930038452148438,26.986370086669922,34.23131561279297,29.761634826660156,24.9601993560791,27.61603546142578,30.2861328125,29.651809692382812,22.25674057006836,20.737276077270508,20.239299774169922,10.238371849060059,15.330836296081543
16.293123245239258,11.913302421569824,10.809252738952637,9.120559692382812,5.1581315994262695,1.6974124908447266,0.21337009966373444,0.47231701016426086,3.895217180252075,7.697029113769531,11.506197929382324,14.659278869628906,17.34914779663086,18.033279418945312,16.187593460083008,14.001483917236328,11.007218360900879,8.230207443237305,10.6472806930542,9.587894439697266,8.116122245788574,10.458118438720703,8.65919303894043,8.168549537658691,9.949939727783203,12.552300453186035,16.423805236816406,22.23431968688965,26.993810653686523,28.459152221679688,30.525619506835938,33.31350326538086,34.014060974121094,28.817028045654297,24.251319885253906,24.338499069213867,24.256343841552734,22.773019790649414,21.110559463500977,20.34681510925293,19.201183319091797,16.91164779663086,13.686549186706543
15.346742630004883,12.84943962097168,12.90531063079834,11.424813270568848,6.9056878089904785,3.6623902320861816,3.4629406929016113,3.2382068634033203,4.992071151733398,7.653416156768799,9.834754943847656,13.324422836303711,16.824661254882812,18.607961654663086,17.838987350463867,14.8704195022583,11.158670425415039,5.010468482971191,12.353310585021973,17.473196029663086,16.195594787597656,17.461320877075195,19.169614791870117,21.668481826782227,22.259214401245117,22.1253604888916,23.867965698242188,26.492755889892578,26.691268920898438,23.69129180908203,26.657215118408203,27.35123634338379,25.44940185546875,23.86847686767578,23.27447509765625,23.640758514404297,23.734294891357422,23.1570987701416,22.742856979370117,22.422183990478516,21.765220642089844,20.661306381225586,18.933181762695312
14.565729141235352,13.99313735961914,15.096246719360352,14.573431015014648,12.305313110351562,11.0589017868042,10.828983306884766,9.946858406066895,10.573664665222168,12.226814270019531,13.776233673095703,16.427623748779297,19.189640045166016,17.383760452270508,13.25135612487793,8.051472663879395,5.534280300140381,7.691271781921387,11.45617961883545,22.503217697143555,21.402040481567383,17.528654098510742,19.916650772094727,21.11203956604004,20.608348846435547,23.86241340637207,25.72454071044922,22.91197967529297,20.735424041748047,20.017541885375977,22.247920989990234,23.19879150390625,23.11625862121582,22.008617401123047,21.425283432006836,21.88524627685547,22.205448150634766,22.760896682739258,23.255367279052734,22.278169631958008,20.667739868164062,18.516931533813477,16.931690216064453
13.625299453735352,14.580643653869629,14.519306182861328,12.991747856140137,13.256394386291504,16.0363826751709,17.251523971557617,17.902740478515625,19.138940811157227,19.55813217163086,18.058517456054688,18.890079498291016,18.302974700927734,15.39387035369873,15.163565635681152,8.820884704589844,4.258227825164795,9.22486400604248,11.671788215637207,18.57615089416504,22.418575286865234,20.295726776123047,18.493799209594727,17.885353088378906,19.353975296020508,21.033405303955078,22.236791610717773,21.603517532348633,22.185720443725586,23.442882537841797,21.584033966064453,21.204824447631836,21.654897689819336,22.160634994506836,22.071395874023438,21.36086654663086,20.32911491394043,20.00409507751465,18.691482543945312,17.03156852722168,14.788193702697754,14.233068466186523,15.93039321899414
12.69007682800293,12.82557201385498,13.785196304321289,16.01803207397461,19.584346771240234,22.153093338012695,23.33278465270996,24.791013717651367,25.675601959228516,24.942167282104492,23.59147834777832,21.42136573791504,18.877090454101562,14.629610061645508,11.034921646118164,10.576801300048828,14.86667251586914,16.33399200439453,17.176254272460938,18.677309036254883,20.92392349243164,20.71535873413086,17.847959518432617,19.447317123413086,23.473318099975586,21.928213119506836,19.323444366455078,20.02124786376953,22.79612922668457,24.44263458251953,24.39630126953125,22.600828170776367,20.82388687133789,21.08624839782715,21.495628356933594,19.54962921142578,18.919151306152344,20.068647384643555,20.090126037597656,18.587684631347656,17.40097999572754,18.05304527282715,19.244009017944336
12.776126861572266,14.95092487335205,17.05152130126953,19.68134117126465,21.930648803710938,23.455507278442383,26.375123977661133,27.397674560546875,27.270841598510742,27.44083023071289,27.65418815612793,26.35477066040039,20.782791137695312,9.273187637329102,6.131202697753906,12.265740394592285,16.005395889282227,19.21434783935547,22.614110946655273,25.254138946533203,24.113780975341797,21.459352493286133,20.81023597717285,21.347408294677734,22.33219337463379,16.50600242614746,15.538022994995117,19.818391799926758,22.983421325683594,24.04485321044922,25.05084228515625,23.89579963684082,21.885183334350586,20.804107666015625,18.82171058654785,17.999555587768555,17.947134017944336,17.705535888671875,17.76540184020996,18.8022518157959,20.193567276000977,20.115371704101562,19.415695190429688
14.421716690063477,16.014028549194336,17.41770362854004,19.264118194580078,22.534156799316406,25.26959991455078,26.979507446289062,28.156726837158203,29.996395111083984,29.203266143798828,29.23428726196289,23.86246681213379,10.815078735351562,-1.0116621255874634,7.8972859382629395,18.813459396362305,21.7150821685791,16.519933700561523,21.52100372314453,23.190425872802734,21.622037887573242,22.329700469970703,22.32703399658203,22.129268646240234,23.60299301147461,24.04975128173828,23.783958435058594,23.514467239379883,23.801145553588867,24.298925399780273,24.801584243774414,23.937326431274414,22.864442825317383,21.352815628051758,20.108043670654297,17.421775817871094,15.85049819946289,16.26643180847168,17.255037307739258,18.8535213470459,19.413908004760742,19.408802032470703,19.263547897338867
14.649642944335938,15.649977684020996,17.16811752319336,19.1633358001709,22.31930923461914,25.110307693481445,27.137250900268555,28.922313690185547,30.414575576782227,29.135499954223633,29.188966751098633,19.064952850341797,2.9618306159973145,-3.5036957263946533,3.722029447555542,15.148337364196777,19.329904556274414,19.222604751586914,23.363618850708008,21.096343994140625,21.394474029541016,21.87885284423828,21.498079299926758,22.974937438964844,25.559091567993164,26.834774017333984,26.316762924194336,24.790647506713867,24.605470657348633,24.264345169067383,23.240070343017578,22.524959564208984,20.76328468322754,19.954965591430664,18.81040382385254,13.133645057678223,11.37289810180664,14.952316284179688,16.553606033325195,16.75705337524414,15.052960395812988,16.785449981689453,17.980445861816406
13.814826965332031,15.374571800231934,18.261932373046875,20.83848762512207,19.756662368774414,19.879737854003906,27.519575119018555,32.82927322387695,34.6074333190918,32.977760314941406,28.794841766357422,17.03667640686035,5.631210803985596,3.6015915870666504,7.904417991638184,14.19025993347168,18.045406341552734,23.131757736206055,23.71198272705078,21.048965454101562,21.440595626831055,21.493009567260742,21.70279884338379,24.183351516723633,26.0368595123291,27.10469627380371,26.980684280395508,25.387420654296875,24.769285202026367,24.26820182800293,22.485355377197266,20.32257843017578,19.857255935668945,14.297053337097168,11.467637062072754,13.835841178894043,15.262589454650879,16.661256790161133,16.847692489624023,15.649938583374023,15.15809154510498,14.90123176574707,17.878740310668945
13.590116500854492,14.061468124389648,15.78805160522461,18.46624755859375,17.71183967590332,24.981855392456055,35.55339050292969,36.897640228271484,30.519699096679688,23.455446243286133,18.588109970092773,17.562990188598633,15.026995658874512,14.780928611755371,16.416513442993164,17.686294555664062,19.924951553344727,23.790992736816406,23.471189498901367,21.138275146484375,20.860858917236328,21.045032501220703,22.925710678100586,25.707752227783203,27.92411994934082,28.084835052490234,27.89984130859375,25.480796813964844,23.93088150024414,22.8653507232666,18.11554718017578,13.515460014343262,9.562324523925781,8.197138786315918,11.961836814880371,14.88570785522461,16.255123138427734,17.305431365966797,16.447589874267578,14.874850273132324,14.85572338104248,14.09693717956543,12.569591522216797
11.553275108337402,9.986610412597656,10.283459663391113,14.09071159362793,14.409868240356445,27.227703094482422,39.00200653076172,26.795387268066406,17.077272415161133,16.075712203979492,13.249295234680176,17.83910369873047,21.313432693481445,23.215389251708984,23.047149658203125,23.16313934326172,23.833250045776367,23.31293296813965,21.920238494873047,20.932344436645508,20.479923248291016,21.525344848632812,24.214853286743164,27.132051467895508,28.482074737548828,28.756561279296875,27.458879470825195,25.920101165771484,24.218734741210938,21.200857162475586,13.959304809570312,9.116796493530273,8.910229682922363,11.381011962890625,14.766458511352539,16.33815574645996,17.052440643310547,16.13321876525879,15.275585174560547,15.044020652770996,14.73128604888916,15.285926818847656,12.622479438781738
6.558152198791504,6.220505714416504,10.326362609863281,18.545373916625977,22.868330001831055,22.359302520751953,35.592464447021484,28.825674057006836,11.546465873718262,11.493125915527344,10.665224075317383,16.15653419494629,19.424713134765625,20.96051025390625,19.998367309570312,19.77835464477539,20.672510147094727,20.448665618896484,20.0681095123291,20.162199020385742,21.818769454956055,23.630802154541016,25.605836868286133,27.230812072753906,27.646240234375,27.800081253051758,26.239051818847656,26.28118896484375,22.966100692749023,14.136021614074707,8.41214656829834,11.400534629821777,14.705973625183105,15.967945098876953,16.957550048828125,17.39561653137207,16.42643165588379,15.598746299743652,16.114887237548828,16.895673751831055,17.513599395751953,17.975332260131836,18.714908599853516
10.006684303283691,15.580036163330078,17.514863967895508,22.3126277923584,29.959461212158203,28.47582244873047,29.361587524414062,35.691993713378906,31.92441177368164,16.311246871948242,12.521323204040527,19.964969635009766,22.480863571166992,22.17117691040039,21.661842346191406,21.175992965698242,21.57503890991211,20.153520584106445,20.236095428466797,21.944753646850586,23.731325149536133,24.51883888244629,25.199663162231445,26.693592071533203,26.252540588378906,26.12903594970703,26.969602584838867,22.434938430786133,13.933663368225098,9.473806381225586,12.87608528137207,16.988731384277344,17.56843376159668,18.039825439453125,17.049291610717773,17.179698944091797,18.406803131103516,19.14031982421875,19.489561080932617,20.142555236816406,19.931625366210938,16.537372589111328,12.144011497497559
16.25782585144043,22.94835662841797,28.52153968811035,25.537778854370117,31.58860969543457,33.45350646972656,30.695636749267578,32.6445198059082,36.93529510498047,32.10285186767578,22.313135147094727,21.557058334350586,26.10689926147461,24.300477981567383,19.935150146484375,20.155668258666992,21.38840103149414,22.12476348876953,22.79633140563965,24.07530975341797,24.733938217163086,23.795860290527344,23.95089340209961,24.967191696166992,26.224077224731445,27.132850646972656,23.48287582397461,14.03100872039795,5.071179389953613,12.849677085876465,18.415924072265625,18.71820640563965,18.517799377441406,18.718645095825195,18.597564697265625,20.52210807800293,21.788530349731445,20.66306495666504,19.18701171875,17.05059814453125,13.340383529663086,4.926701068878174,7.352334499359131
21.303491592407227,24.20573616027832,31.295391082763672,31.15532684326172,30.799072265625,30.044620513916016,26.211198806762695,29.182353973388672,34.72907638549805,39.88108444213867,39.44781494140625,29.76904296875,27.876516342163086,22.871774673461914,17.151437759399414,19.356258392333984,23.06915855407715,25.35613441467285,25.87232780456543,26.293169021606445,25.902130126953125,24.099702835083008,23.510848999023438,23.774147033691406,26.608461380004883,22.223447799682617,16.27239418029785,14.244359016418457,12.228734016418457,14.438874244689941,18.051618576049805,19.771020889282227,19.68724250793457,19.938478469848633,19.795202255249023,17.626949310302734,13.988860130310059,13.057709693908691,9.460683822631836,4.306957721710205,9.354007720947266,8.418669700622559,10.826399803161621
