data/wind_data/wind_36_5.json
{"header": {"parameterUnit": "KT", "parameterCategory": 2, "nx": 256, "ny": 198, "lo1": 44.73521041870117, "la1": -3.236724853515625, "lo2": 111.26478576660156, "la2": 43.468475341796875, "dx": 0.2609002888202667, "dy": -0.23708222806453705, "refTime": "2025-02-20 12:00:00", "forecastTime": 0, "parameterNumber": 2, "parameterNumberName": "eastward_wind"}, "data":
[rows 38 to 56 of 198, columns 0 to 43 of 256]
-20.401212692260742,-21.228052139282227,-22.07809829711914,-22.45692253112793,-21.674205780029297,-20.750885009765625,-21.070112228393555,-21.122886657714844,-21.235002517700195,-21.474748611450195,-21.58843994140625,-21.35437774658203,-20.96437644958496,-20.814247131347656,-21.056737899780273,-21.517879486083984,-21.757709503173828,-21.697072982788086,-21.87244987487793,-22.491775512695312,-23.124101638793945,-22.997333526611328,-22.328907012939453,-21.504364013671875,-20.775663375854492,-20.45741844177246,-20.443601608276367,-20.257627487182617,-20.30903434753418,-20.4206600189209,-20.63138198852539,-21.103181838989258,-21.863149642944336,-22.7640380859375,-23.45243263244629,-24.12494468688965,-24.470008850097656,-24.658903121948242,-24.756736755371094,-25.099266052246094,-25.273189544677734,-25.523094177246094,-25.923046112060547,-26.431570053100586
-20.51025390625,-21.705787658691406,-22.339021682739258,-21.901124954223633,-20.894020080566406,-19.762285232543945,-20.081132888793945,-20.268598556518555,-20.43901252746582,-20.656185150146484,-20.750350952148438,-20.703046798706055,-20.595718383789062,-20.52794647216797,-20.495450973510742,-20.500516891479492,-20.709630966186523,-21.09624481201172,-21.315711975097656,-21.624319076538086,-22.302698135375977,-22.54170799255371,-22.182889938354492,-21.626829147338867,-20.810834884643555,-20.024795532226562,-19.83746910095215,-19.771793365478516,-19.88907241821289,-20.007551193237305,-20.14870834350586,-20.553255081176758,-21.208179473876953,-21.67551040649414,-22.488183975219727,-23.100067138671875,-23.468109130859375,-23.685592651367188,-23.657278060913086,-24.075618743896484,-24.365392684936523,-24.773731231689453,-25.070751190185547,-25.30644416809082
-20.48579978942871,-22.043790817260742,-22.31829833984375,-21.32878303527832,-20.130830764770508,-19.14552116394043,-19.056922912597656,-19.363706588745117,-19.638315200805664,-19.962387084960938,-20.030311584472656,-19.929798126220703,-19.784034729003906,-19.68094825744629,-19.663936614990234,-19.727169036865234,-19.7977352142334,-19.95981788635254,-20.219987869262695,-20.57512664794922,-21.12828254699707,-21.656957626342773,-21.71647834777832,-21.485370635986328,-20.73442268371582,-19.883041381835938,-19.296201705932617,-19.24814224243164,-19.27459144592285,-19.347871780395508,-19.711198806762695,-20.19371795654297,-20.627960205078125,-21.041019439697266,-21.49334716796875,-22.006399154663086,-22.499197006225586,-22.754146575927734,-22.83376121520996,-23.032438278198242,-23.52294158935547,-24.064857482910156,-24.492809295654297,-24.464942932128906
-19.939477920532227,-21.755136489868164,-21.83763885498047,-20.58199691772461,-19.26556396484375,-18.49495506286621,-18.11821746826172,-18.53912925720215,-18.886032104492188,-19.255802154541016,-19.284669876098633,-19.095348358154297,-18.98724937438965,-18.85989761352539,-18.715084075927734,-18.68039894104004,-18.680654525756836,-18.764240264892578,-19.052419662475586,-19.510860443115234,-20.026979446411133,-20.6240234375,-21.10185432434082,-21.08289337158203,-20.22846221923828,-19.21080207824707,-18.549182891845703,-18.171308517456055,-18.298778533935547,-18.54833221435547,-18.945331573486328,-19.62554168701172,-20.002309799194336,-20.531166076660156,-20.711692810058594,-20.96306610107422,-21.580734252929688,-21.946125030517578,-22.228302001953125,-22.346187591552734,-22.689208984375,-23.177143096923828,-23.780153274536133,-23.907686233520508
-18.98451805114746,-20.774919509887695,-20.987083435058594,-19.96100616455078,-18.750043869018555,-17.81020736694336,-17.266603469848633,-17.730836868286133,-18.1896915435791,-18.565444946289062,-18.60854721069336,-18.422462463378906,-18.253009796142578,-18.05172348022461,-17.82188606262207,-17.720609664916992,-17.70056915283203,-17.784109115600586,-17.8909854888916,-18.08793830871582,-18.538806915283203,-19.2217960357666,-19.96595001220703,-20.424407958984375,-19.92247772216797,-18.76601219177246,-17.83847999572754,-17.321990966796875,-17.42713737487793,-17.74588966369629,-18.263671875,-18.80476188659668,-19.424110412597656,-19.894018173217773,-19.920726776123047,-20.14600944519043,-20.39617156982422,-21.047550201416016,-21.416866302490234,-21.537500381469727,-21.821027755737305,-22.468061447143555,-23.016403198242188,-23.291475296020508
-17.94977378845215,-19.759565353393555,-19.87270736694336,-19.245716094970703,-18.3586368560791,-17.369367599487305,-16.457216262817383,-16.725128173828125,-17.319232940673828,-17.852840423583984,-18.133283615112305,-18.01137351989746,-17.653095245361328,-17.208829879760742,-16.88975715637207,-16.719467163085938,-16.670984268188477,-16.85539436340332,-16.935871124267578,-16.88969612121582,-17.213232040405273,-17.969738006591797,-18.611156463623047,-18.956932067871094,-18.931135177612305,-18.446870803833008,-17.72657012939453,-17.04928970336914,-16.85988426208496,-16.855667114257812,-17.363304138183594,-18.123823165893555,-18.712827682495117,-18.967966079711914,-19.217510223388672,-19.622966766357422,-19.674999237060547,-19.948604583740234,-20.427898406982422,-20.787521362304688,-20.83818817138672,-21.48322296142578,-21.848026275634766,-22.327598571777344
-17.291213989257812,-18.373641967773438,-18.465351104736328,-18.10940933227539,-17.535930633544922,-16.921018600463867,-15.844809532165527,-16.103961944580078,-16.610958099365234,-17.090835571289062,-17.463144302368164,-17.302675247192383,-16.701616287231445,-16.066333770751953,-15.673949241638184,-15.327880859375,-15.295902252197266,-15.732169151306152,-16.100017547607422,-16.056011199951172,-16.205135345458984,-17.071969985961914,-17.90771484375,-18.165063858032227,-18.072824478149414,-17.61225128173828,-16.933513641357422,-16.646326065063477,-16.425334930419922,-16.332782745361328,-16.453760147094727,-17.230182647705078,-17.903474807739258,-18.53074836730957,-18.90953826904297,-19.160247802734375,-19.121326446533203,-19.258085250854492,-19.409740447998047,-19.877634048461914,-20.26216697692871,-20.321897506713867,-20.421741485595703,-20.94832992553711
-16.678922653198242,-17.50037384033203,-17.16387939453125,-16.833528518676758,-16.345006942749023,-16.318267822265625,-15.35708236694336,-15.68016529083252,-16.009397506713867,-16.122087478637695,-16.121109008789062,-15.7008695602417,-15.023033142089844,-14.58857250213623,-14.434268951416016,-14.29186725616455,-14.18755054473877,-14.4105224609375,-14.958518981933594,-15.300995826721191,-15.451509475708008,-15.98139476776123,-16.895427703857422,-17.530990600585938,-17.651729583740234,-17.1751651763916,-16.213754653930664,-15.86829662322998,-15.950772285461426,-15.991779327392578,-15.9935941696167,-16.361616134643555,-17.32840919494629,-18.063631057739258,-18.502429962158203,-18.614063262939453,-18.591039657592773,-18.642736434936523,-18.821632385253906,-19.128049850463867,-19.405820846557617,-19.519102096557617,-19.501359939575195,-19.64177131652832
-15.8567533493042,-16.362228393554688,-15.976704597473145,-15.517621994018555,-15.163887023925781,-15.6918306350708,-14.904065132141113,-14.902693748474121,-14.59074592590332,-14.468974113464355,-14.351178169250488,-14.180830001831055,-13.915252685546875,-13.78390884399414,-13.784947395324707,-13.733997344970703,-13.742177963256836,-13.78796100616455,-13.982934951782227,-14.203091621398926,-14.176469802856445,-14.394847869873047,-15.199602127075195,-16.067461013793945,-16.775136947631836,-16.94898796081543,-16.33297348022461,-15.640850067138672,-15.403838157653809,-15.486005783081055,-15.720501899719238,-15.919938087463379,-16.518726348876953,-17.511493682861328,-18.06572151184082,-17.97861099243164,-18.013669967651367,-18.212366104125977,-18.47369384765625,-18.529891967773438,-18.51177215576172,-18.68655014038086,-18.86427879333496,-18.923236846923828
-14.700323104858398,-14.909232139587402,-14.716944694519043,-14.317497253417969,-14.068780899047852,-14.595848083496094,-13.906078338623047,-13.627799034118652,-13.054924964904785,-13.011823654174805,-13.338712692260742,-13.4993896484375,-13.411531448364258,-13.467182159423828,-13.586834907531738,-13.637577056884766,-13.328277587890625,-12.767463684082031,-12.835349082946777,-13.443459510803223,-13.770029067993164,-13.813620567321777,-14.116654396057129,-14.638228416442871,-15.19700813293457,-15.840217590332031,-15.912402153015137,-15.430910110473633,-15.215975761413574,-15.280561447143555,-15.558460235595703,-15.779192924499512,-16.010818481445312,-16.666093826293945,-17.2333927154541,-17.34505844116211,-17.51738929748535,-17.880956649780273,-18.26968765258789,-18.233522415161133,-18.082759857177734,-17.8978328704834,-18.027202606201172,-18.16047477722168
-13.284399032592773,-13.541351318359375,-13.705495834350586,-13.551722526550293,-12.95581340789795,-12.880829811096191,-12.332197189331055,-12.492843627929688,-12.215758323669434,-12.327532768249512,-12.8257474899292,-13.012648582458496,-13.083516120910645,-13.415145874023438,-13.59317398071289,-13.301568031311035,-12.461957931518555,-11.518661499023438,-11.6586332321167,-12.563227653503418,-13.32133960723877,-13.554929733276367,-13.527801513671875,-13.608600616455078,-13.965981483459473,-14.626277923583984,-15.152995109558105,-14.91079330444336,-14.592198371887207,-14.612146377563477,-14.906009674072266,-15.401910781860352,-15.742476463317871,-16.097387313842773,-16.399269104003906,-16.718252182006836,-17.105985641479492,-17.58126449584961,-18.14273452758789,-18.209232330322266,-18.147857666015625,-17.896358489990234,-17.578548431396484,-17.45758628845215
-12.219189643859863,-12.901537895202637,-13.094497680664062,-12.710880279541016,-11.734695434570312,-11.822237014770508,-11.335101127624512,-11.696664810180664,-11.78520393371582,-11.792509078979492,-12.306884765625,-12.871844291687012,-13.183051109313965,-13.527982711791992,-13.27677059173584,-12.210782051086426,-10.94221019744873,-10.269408226013184,-10.721519470214844,-11.748595237731934,-12.608015060424805,-13.052141189575195,-12.918323516845703,-12.629964828491211,-13.041884422302246,-13.994575500488281,-14.616271018981934,-14.287581443786621,-13.786343574523926,-13.667438507080078,-13.873520851135254,-14.430243492126465,-14.975893020629883,-15.372672080993652,-15.697154998779297,-15.99413776397705,-16.452070236206055,-17.10003089904785,-17.765146255493164,-18.26483154296875,-18.258371353149414,-18.23264503479004,-18.004911422729492,-17.585208892822266
-10.963897705078125,-11.06028938293457,-11.316851615905762,-10.856963157653809,-9.986745834350586,-10.643677711486816,-10.428240776062012,-10.633835792541504,-11.0751314163208,-11.36067008972168,-11.860471725463867,-12.932931900024414,-13.243951797485352,-12.877458572387695,-11.935932159423828,-10.81662368774414,-9.866453170776367,-9.48619556427002,-9.846485137939453,-10.776729583740234,-11.746282577514648,-12.351670265197754,-12.356114387512207,-11.876961708068848,-11.89118766784668,-12.819351196289062,-13.8218994140625,-13.80948257446289,-13.259671211242676,-13.099068641662598,-13.156658172607422,-13.397263526916504,-14.008219718933105,-14.392552375793457,-14.828886032104492,-15.336371421813965,-15.86410140991211,-16.509098052978516,-17.000024795532227,-17.533288955688477,-17.907176971435547,-18.118467330932617,-18.050113677978516,-17.95588493347168
-9.095479011535645,-6.73727560043335,-8.0343599319458,-7.9834747314453125,-7.188784599304199,-8.86052131652832,-8.470656394958496,-8.8800630569458,-10.261213302612305,-10.794734001159668,-11.118117332458496,-12.482706069946289,-12.817822456359863,-11.81650161743164,-10.646649360656738,-9.581687927246094,-9.029038429260254,-8.824625015258789,-8.954721450805664,-9.69703483581543,-10.71383285522461,-11.538948059082031,-11.813217163085938,-11.411086082458496,-10.891852378845215,-11.269021034240723,-12.407683372497559,-13.002508163452148,-12.673665046691895,-12.417049407958984,-12.586250305175781,-12.70704460144043,-13.110071182250977,-13.612751007080078,-14.065917015075684,-14.692852973937988,-15.410334587097168,-16.025896072387695,-16.36313819885254,-16.618349075317383,-16.978717803955078,-17.38710594177246,-17.625408172607422,-17.79521942138672
-7.314535140991211,-3.789473533630371,-6.027238845825195,-6.125735759735107,-4.997257232666016,-6.823667049407959,-6.782500743865967,-6.9654436111450195,-8.61280632019043,-10.425141334533691,-10.937454223632812,-11.608156204223633,-11.87453556060791,-10.750161170959473,-9.475716590881348,-8.349566459655762,-7.686120986938477,-7.86767053604126,-8.253151893615723,-8.665436744689941,-9.573822021484375,-10.626009941101074,-11.176759719848633,-11.065652847290039,-10.447381973266602,-10.274677276611328,-11.084127426147461,-11.737208366394043,-11.689085960388184,-11.478610038757324,-11.657504081726074,-12.001611709594727,-12.307655334472656,-12.858607292175293,-13.477481842041016,-14.18436050415039,-14.840643882751465,-15.40105152130127,-15.754585266113281,-15.930413246154785,-16.109865188598633,-16.44087791442871,-16.885173797607422,-17.17821502685547
-6.195525169372559,-8.409466743469238,-7.436305999755859,-6.323000907897949,-4.635129928588867,-5.064817905426025,-4.765219688415527,-5.361269474029541,-6.738419532775879,-8.728382110595703,-10.147348403930664,-10.560911178588867,-10.970877647399902,-10.490254402160645,-9.01635456085205,-7.586178302764893,-6.558006763458252,-6.7834882736206055,-7.766587734222412,-8.135387420654297,-8.615488052368164,-9.746131896972656,-10.416519165039062,-10.573201179504395,-10.283313751220703,-9.883240699768066,-10.270145416259766,-10.82512092590332,-10.724504470825195,-10.547189712524414,-10.929863929748535,-11.458698272705078,-11.858261108398438,-12.25632381439209,-12.895987510681152,-13.633033752441406,-14.182877540588379,-14.672867774963379,-15.081315994262695,-15.220149040222168,-15.258906364440918,-15.448792457580566,-15.894002914428711,-16.356435775756836
-5.288303375244141,-8.063423156738281,-7.729743480682373,-6.631174087524414,-4.510271072387695,-3.7843401432037354,-3.5604984760284424,-4.1880621910095215,-5.245329856872559,-6.595431804656982,-7.472668170928955,-8.285628318786621,-8.676129341125488,-8.364416122436523,-7.74724817276001,-6.939437389373779,-5.778645038604736,-5.5996994972229,-7.015779972076416,-7.504802227020264,-7.494802951812744,-9.09143352508545,-9.914044380187988,-9.740561485290527,-9.771869659423828,-9.524102210998535,-9.630274772644043,-10.1378812789917,-10.089287757873535,-9.743108749389648,-10.115581512451172,-10.774237632751465,-11.276001930236816,-11.774288177490234,-12.507644653320312,-13.1317777633667,-13.603445053100586,-14.061383247375488,-14.376015663146973,-14.53756332397461,-14.554086685180664,-14.607728004455566,-14.836435317993164,-15.265687942504883
-4.204878807067871,-6.6139235496521,-7.136966228485107,-6.689720153808594,-5.051793575286865,-3.528136968612671,-3.2962608337402344,-3.899096727371216,-4.086042404174805,-4.351139068603516,-4.777885437011719,-5.25483512878418,-5.3678507804870605,-5.070966720581055,-4.809544086456299,-4.595433712005615,-4.502822399139404,-4.912833213806152,-6.134688854217529,-6.271914005279541,-6.1485185623168945,-8.208869934082031,-9.712372779846191,-8.794839859008789,-8.6850004196167,-8.792335510253906,-8.77613639831543,-9.260830879211426,-9.457147598266602,-8.887003898620605,-8.875746726989746,-9.648356437683105,-10.322997093200684,-10.969683647155762,-11.780672073364258,-12.471531867980957,-12.959514617919922,-13.391385078430176,-13.732508659362793,-13.905481338500977,-13.947516441345215,-14.0032377243042,-14.128912925720215,-14.38084888458252
-2.8834924697875977,-5.020371437072754,-5.972694396972656,-6.15570592880249,-4.690975189208984,-3.1769723892211914,-3.0966265201568604,-3.896595001220703,-3.9950718879699707,-4.070662498474121,-4.294227123260498,-4.3135552406311035,-3.8997867107391357,-3.5249710083007812,-3.6279590129852295,-3.6164865493774414,-3.407076835632324,-4.228012561798096,-5.164872646331787,-4.647727966308594,-4.619146347045898,-7.286886215209961,-9.082221984863281,-7.880226135253906,-7.4597673416137695,-8.02631950378418,-8.049810409545898,-8.244043350219727,-8.55682373046875,-8.268068313598633,-8.158223152160645,-8.670207977294922,-9.300575256347656,-9.907626152038574,-10.608295440673828,-11.449030876159668,-12.186197280883789,-12.64916706085205,-12.979290008544922,-13.151253700256348,-13.213427543640137,-13.278766632080078,-13.421035766601562,-13.681665420532227
