data/wind_data/wind_8_6.json
{"header": {"parameterUnit": "KT", "parameterCategory": 2, "nx": 256, "ny": 198, "lo1": 44.73521041870117, "la1": -3.236724853515625, "lo2": 111.26478576660156, "la2": 43.468475341796875, "dx": 0.2609002888202667, "dy": -0.23708222806453705, "refTime": "2025-02-19 08:00:00", "forecastTime": 0, "parameterNumber": 2, "parameterNumberName": "eastward_wind"}, "data":
[rows 140 to 159 of 198, columns 44 to 87 of 256]
73.2713623046875,73.73853302001953,74.51463317871094,75.97423553466797,77.56017303466797,78.53770446777344,78.91698455810547,79.6333236694336,80.97164916992188,82.20281219482422,82.91451263427734,83.28619384765625,83.82405090332031,85.11590576171875,86.95598602294922,88.21745300292969,88.33911895751953,87.47578430175781,85.97916412353516,84.22750091552734,82.37200164794922,80.59517669677734,79.43498992919922,79.20264434814453,79.322021484375,79.02079010009766,78.28485870361328,77.51815032958984,76.969482421875,76.24443817138672,75.12580108642578,74.0350570678711,73.01544189453125,71.70960998535156,70.0187759399414,67.98969268798828,65.55560302734375,63.3272705078125,61.75236511230469,60.57411193847656,58.81911087036133,56.26959991455078,51.99489974975586,49.288516998291016
73.08210754394531,73.9014892578125,74.7287826538086,75.99410247802734,77.61567687988281,78.66780853271484,79.188720703125,80.01546478271484,81.20988464355469,82.1497573852539,82.4665756225586,82.3055419921875,82.18170928955078,82.87881469726562,84.29183197021484,84.69990539550781,83.72057342529297,82.73993682861328,81.87296295166016,80.64657592773438,79.06289672851562,77.38377380371094,76.33724975585938,76.48571014404297,77.25,77.43516540527344,76.81439208984375,75.96273040771484,75.33568572998047,74.92974853515625,74.19052124023438,73.00187683105469,71.97728729248047,71.11585235595703,69.6958236694336,67.25110626220703,63.843894958496094,60.68825912475586,58.676780700683594,57.38508605957031,55.816383361816406,52.9284782409668,48.280426025390625,48.32861328125
72.55239868164062,73.30094909667969,73.921875,74.86835479736328,76.42228698730469,77.8682861328125,78.99143981933594,79.97547912597656,80.68778991699219,81.05804443359375,81.09479522705078,80.81096649169922,80.3004379272461,80.20096588134766,80.7286605834961,80.3182144165039,78.71839904785156,77.76892852783203,77.67205810546875,77.4463882446289,76.63490295410156,75.37382507324219,74.46627807617188,74.70496368408203,75.76144409179688,76.54149627685547,76.3860092163086,75.46070861816406,74.49886322021484,74.23749542236328,73.71849822998047,72.32964324951172,71.05525970458984,70.31585693359375,69.3037109375,66.75540161132812,62.579681396484375,58.69140625,56.10239028930664,54.478763580322266,52.96804428100586,48.8101806640625,46.78717803955078,44.12253952026367
71.85549926757812,72.4494400024414,72.9833984375,73.91596984863281,75.32726287841797,76.79011535644531,78.07977294921875,78.94813537597656,79.31133270263672,79.427001953125,79.39257049560547,79.05074310302734,78.13761138916016,77.20421600341797,76.78981018066406,76.07022857666016,74.9208755493164,74.33914947509766,74.66336822509766,75.22571563720703,75.2475357055664,74.65367126464844,73.95439147949219,73.86747741699219,74.51053619384766,75.4352798461914,75.73597717285156,74.98091888427734,73.78964233398438,73.3237533569336,72.61592102050781,71.07972717285156,69.48912811279297,68.5980224609375,67.5184097290039,64.73773956298828,60.483211517333984,56.95951843261719,54.15224075317383,52.21392822265625,49.37464904785156,45.35569763183594,43.48725128173828,33.72273635864258
71.8426742553711,72.32809448242188,72.66722869873047,73.3596420288086,74.3639144897461,75.40186309814453,76.44480895996094,77.2977523803711,77.80429077148438,77.94596862792969,77.66637420654297,76.92170715332031,75.6364517211914,74.30293273925781,73.46260833740234,72.8167495727539,72.21409606933594,72.15779113769531,72.84825134277344,73.71536254882812,74.19905853271484,74.33081817626953,73.96281433105469,73.3458251953125,73.03101348876953,73.2564926147461,73.39437103271484,73.03937530517578,72.14241790771484,71.49169921875,70.2511978149414,68.65076446533203,66.87822723388672,65.6095199584961,64.03535461425781,61.20431137084961,57.61785125732422,54.462223052978516,51.72725296020508,49.56890106201172,45.50900650024414,41.990943908691406,36.47829818725586,21.4102783203125
71.73416137695312,71.9282455444336,71.94184112548828,72.33926391601562,73.2384262084961,74.35782623291016,75.45405578613281,76.36095428466797,76.87467956542969,76.71751403808594,75.87310028076172,74.58089447021484,73.09281921386719,71.76728820800781,70.90203094482422,70.3454818725586,70.09563446044922,70.5414810180664,71.45246887207031,72.1961441040039,72.71308135986328,73.2633285522461,73.33373260498047,72.41069793701172,71.10692596435547,70.14630126953125,69.7215347290039,69.43112182617188,69.12043762207031,68.4820785522461,67.33255767822266,65.25821685791016,63.04680633544922,61.31743240356445,59.254638671875,56.30353927612305,53.4625358581543,50.93297576904297,48.6895866394043,46.34352493286133,41.74498748779297,38.035118103027344,27.471139907836914,8.212779998779297
70.85494995117188,70.92638397216797,70.91527557373047,71.50817108154297,72.75611877441406,74.11864471435547,75.23308563232422,75.9876937866211,76.0531997680664,75.21713256835938,73.68931579589844,71.9595718383789,70.47895050048828,69.3036117553711,68.54644775390625,68.06981658935547,68.01229095458984,68.72901916503906,69.64036560058594,70.19072723388672,70.69881439208984,71.20204162597656,71.22898864746094,70.28962707519531,68.65885162353516,66.92485809326172,65.92253112792969,65.54936981201172,65.12339782714844,64.59359741210938,63.080501556396484,60.99637222290039,58.42882537841797,55.964935302734375,53.736061096191406,51.01090621948242,48.50260925292969,46.30559539794922,44.61994171142578,42.443267822265625,37.80125427246094,34.08253860473633,16.677217483520508,4.074399948120117
70.2494888305664,70.47388458251953,70.60818481445312,71.4831314086914,72.80435180664062,73.91120147705078,74.65869903564453,74.78350830078125,74.02481079101562,72.62886810302734,70.90164947509766,69.160400390625,67.77217102050781,66.72150421142578,65.97846221923828,65.46087646484375,65.5257568359375,66.43782806396484,67.41200256347656,67.9380111694336,68.34302520751953,68.50144958496094,68.11233520507812,66.85301971435547,65.08223724365234,63.25099182128906,62.25706481933594,61.515480041503906,60.80421447753906,60.154964447021484,58.42805862426758,56.20145034790039,53.68563461303711,50.83082580566406,47.924476623535156,45.60897445678711,44.07255172729492,41.8971061706543,39.92179870605469,37.65967559814453,34.0906982421875,30.403284072875977,9.119635581970215,8.92947006225586
70.29491424560547,70.64205169677734,70.74281311035156,71.49567413330078,72.4268569946289,72.8531265258789,72.75202178955078,71.88331604003906,70.49491119384766,69.20799255371094,67.95250701904297,66.47110748291016,65.03555297851562,64.02582550048828,63.26137161254883,62.73344421386719,62.985626220703125,63.959598541259766,64.91499328613281,65.39451599121094,65.46955871582031,65.17070007324219,64.40365600585938,62.83563232421875,60.76966094970703,58.75296401977539,57.870262145996094,57.356689453125,56.87230682373047,56.086700439453125,53.97730255126953,51.38384246826172,48.51760482788086,46.290138244628906,43.52440643310547,40.2615966796875,38.779232025146484,37.2855339050293,35.27016830444336,32.856204986572266,30.565532684326172,28.49323272705078,9.65490436553955,12.502681732177734
69.91312408447266,70.24229431152344,70.34166717529297,70.76554870605469,71.13923645019531,70.8566665649414,69.85382080078125,68.2562255859375,66.70769500732422,65.79039001464844,65.00989532470703,63.80038070678711,62.4376220703125,61.48607635498047,60.8678092956543,60.48570251464844,60.66645812988281,61.28891372680664,61.90637969970703,62.148529052734375,61.8143196105957,61.15510177612305,60.15618896484375,58.460628509521484,56.33347702026367,54.220211029052734,53.25844192504883,53.25334167480469,53.147090911865234,52.21996307373047,49.50151062011719,46.680274963378906,43.89431381225586,41.9583740234375,39.74857711791992,36.005279541015625,33.583988189697266,31.794906616210938,30.83267593383789,29.920669555664062,27.747154235839844,28.369525909423828,16.399559020996094,15.403185844421387
68.83306884765625,69.27667999267578,69.52064514160156,69.70392608642578,69.4921875,68.5704116821289,66.98539733886719,65.09968566894531,63.537593841552734,62.55575942993164,61.81078338623047,60.967323303222656,60.070892333984375,59.37017059326172,58.91238784790039,58.47869110107422,58.189842224121094,58.150203704833984,58.23795700073242,58.17728805541992,57.67817306518555,56.86388397216797,55.640594482421875,53.83475875854492,51.6370735168457,49.71232604980469,49.06895446777344,49.166133880615234,49.39948654174805,48.18174362182617,44.910606384277344,42.03559875488281,39.683536529541016,36.78812026977539,36.699546813964844,33.755489349365234,29.726543426513672,26.260478973388672,25.89312744140625,27.47152328491211,26.321115493774414,27.831087112426758,23.728832244873047,19.093883514404297
68.22003173828125,68.77201843261719,68.96758270263672,68.74523162841797,67.9256362915039,66.37942504882812,64.3427505493164,62.29747009277344,60.6187858581543,59.44743347167969,58.796546936035156,58.37578201293945,57.967933654785156,57.4969482421875,56.88368225097656,56.0325927734375,55.15819549560547,54.50394821166992,54.07529830932617,53.67740249633789,53.254539489746094,52.49681854248047,51.06592559814453,49.04050064086914,46.56161117553711,45.34461212158203,45.276123046875,45.47476577758789,45.882354736328125,43.99505615234375,40.1711311340332,37.567543029785156,35.13895797729492,31.82636070251465,32.080474853515625,30.05264663696289,23.42583656311035,20.95003318786621,21.981042861938477,24.55108070373535,25.5631103515625,26.679784774780273,27.35222816467285,23.274808883666992
68.30178833007812,68.59027099609375,68.44032287597656,67.61172485351562,66.04737091064453,63.932350158691406,61.65591049194336,59.58986282348633,57.82209777832031,56.711849212646484,56.44440841674805,56.37910461425781,56.1370735168457,55.506996154785156,54.2988166809082,52.83899688720703,51.55167770385742,50.61838912963867,49.891178131103516,49.13208770751953,48.65548324584961,48.03453826904297,46.67548751831055,44.41043472290039,41.95818328857422,41.6594123840332,41.93147659301758,42.37502670288086,42.98265075683594,40.481239318847656,36.23469924926758,33.770843505859375,30.824016571044922,27.787673950195312,26.0824031829834,23.359724044799805,18.433242797851562,14.981042861938477,19.240034103393555,22.914968490600586,24.663084030151367,25.988414764404297,28.208398818969727,26.75592613220215
68.08799743652344,67.84008026123047,67.15312957763672,65.71607208251953,63.53015899658203,61.13866424560547,58.95818328857422,57.07741165161133,55.56718063354492,54.727020263671875,54.51469421386719,54.381683349609375,53.916847229003906,52.910400390625,51.202449798583984,49.277984619140625,47.710533142089844,46.6744499206543,45.84806823730469,44.91984558105469,44.31468200683594,43.72667694091797,42.67514419555664,40.544437408447266,38.50325012207031,38.48916244506836,39.063690185546875,40.334327697753906,40.997249603271484,37.66111755371094,33.19689178466797,30.92014503479004,28.174043655395508,25.284658432006836,21.76313018798828,18.264909744262695,16.260744094848633,14.740236282348633,17.770647048950195,22.250207901000977,23.974822998046875,25.804044723510742,28.47803497314453,29.054901123046875
66.8913803100586,66.1021728515625,64.84993743896484,63.08140563964844,60.79854965209961,58.39296340942383,56.41527557373047,54.91374588012695,53.89468002319336,53.241878509521484,52.555137634277344,51.778236389160156,50.85736083984375,49.642269134521484,47.92501449584961,45.80809020996094,43.97679138183594,42.81128692626953,41.95890426635742,41.112548828125,40.485721588134766,39.74488067626953,38.88959884643555,37.250213623046875,35.48133087158203,35.515830993652344,36.34682846069336,37.986087799072266,38.23705291748047,34.17947769165039,29.959644317626953,28.28689956665039,26.63463020324707,23.994199752807617,19.333341598510742,16.48421859741211,16.008647918701172,15.589523315429688,16.60956382751465,21.397769927978516,24.018314361572266,26.089153289794922,28.637176513671875,30.223690032958984
64.98703002929688,63.69782257080078,61.90715026855469,59.972267150878906,57.97397232055664,55.88597106933594,54.17900848388672,53.10026168823242,52.4073600769043,51.70307540893555,50.51559829711914,49.051055908203125,47.76401901245117,46.406986236572266,44.64335632324219,42.47446823120117,40.615055084228516,39.354225158691406,38.32680892944336,37.44651794433594,36.837646484375,36.098175048828125,35.3445930480957,34.251834869384766,32.72880554199219,32.49319839477539,33.42151641845703,35.163490295410156,35.223060607910156,31.47334098815918,27.42087745666504,26.1226749420166,25.836145401000977,23.737558364868164,18.355161666870117,16.922611236572266,17.8762149810791,16.512346267700195,15.570300102233887,19.5411319732666,24.148862838745117,26.715133666992188,29.071125030517578,31.108409881591797
62.842689514160156,60.90237045288086,58.63919448852539,56.62801742553711,55.000789642333984,53.565616607666016,52.40288162231445,51.61161422729492,50.936649322509766,50.052486419677734,48.78113555908203,47.20455551147461,45.705902099609375,44.01093673706055,41.691986083984375,39.15522766113281,37.35909652709961,36.132076263427734,34.9374885559082,33.94598388671875,33.379547119140625,32.93162536621094,32.46103286743164,31.7475643157959,30.513090133666992,29.964988708496094,30.780418395996094,32.38926315307617,32.86443328857422,30.67613983154297,27.30548095703125,25.696372985839844,26.208194732666016,25.612991333007812,20.948057174682617,19.40200424194336,20.41546058654785,18.58721160888672,16.691421508789062,17.77435302734375,21.628087997436523,25.77473258972168,29.499208450317383,31.893497467041016
60.28293991088867,57.61602783203125,55.176856994628906,53.382633209228516,52.20077133178711,51.41086196899414,50.77230453491211,50.10102844238281,49.32697296142578,48.37303924560547,47.21429443359375,45.82323455810547,44.26127243041992,42.097957611083984,39.014469146728516,35.975677490234375,34.191612243652344,33.26202392578125,32.15705108642578,30.995418548583984,30.40054702758789,30.235116958618164,30.11235809326172,29.60049057006836,28.594398498535156,28.030683517456055,28.229616165161133,29.183090209960938,30.187225341796875,29.791362762451172,28.063350677490234,26.62928009033203,27.22235107421875,28.163400650024414,26.61501693725586,25.007539749145508,23.641782760620117,20.362314224243164,18.3818302154541,18.354768753051758,21.121082305908203,25.864038467407227,29.336790084838867,31.630159378051758
57.00447463989258,54.004188537597656,51.894378662109375,50.69840621948242,50.00334167480469,49.448604583740234,48.772430419921875,47.912071228027344,47.10368728637695,46.27045822143555,45.15481185913086,43.76528549194336,42.18281555175781,39.80744934082031,36.3834342956543,33.339752197265625,31.78066635131836,31.109304428100586,30.028541564941406,28.615564346313477,27.900352478027344,27.982738494873047,28.071428298950195,27.548904418945312,26.703563690185547,26.316965103149414,26.164365768432617,26.29158592224121,27.41153907775879,28.403459548950195,27.915918350219727,26.72340965270996,27.44544792175293,29.10823631286621,30.778331756591797,31.13807487487793,28.788965225219727,23.567119598388672,20.2275390625,20.165563583374023,22.463518142700195,26.109045028686523,28.848234176635742,30.756454467773438
53.3930549621582,50.79848861694336,49.34304428100586,48.708126068115234,48.2433967590332,47.47275924682617,46.39636993408203,45.39085388183594,44.6957893371582,43.96968078613281,42.635467529296875,40.99862289428711,39.3792724609375,37.26694107055664,34.2542839050293,31.575748443603516,30.18701934814453,29.560726165771484,28.523096084594727,26.881982803344727,25.823780059814453,26.01256561279297,26.397098541259766,25.847572326660156,24.968238830566406,24.58909034729004,24.69209098815918,24.38646697998047,25.312240600585938,27.081357955932617,27.679224014282227,26.14682960510254,26.541698455810547,28.84307289123535,31.754993438720703,33.71177673339844,32.91508865356445,28.916234970092773,24.599123001098633,22.72753143310547,23.46247100830078,26.242692947387695,28.64569854736328,29.864042282104492
