data/wind_data/wind_2_5.json
{"header": {"parameterUnit": "KT", "parameterCategory": 2, "nx": 256, "ny": 198, "lo1": 44.73521041870117, "la1": -3.236724853515625, "lo2": 111.26478576660156, "la2": 43.468475341796875, "dx": 0.2609002888202667, "dy": -0.23708222806453705, "refTime": "2025-02-19 02:00:00", "forecastTime": 0, "parameterNumber": 2, "parameterNumberName": "eastward_wind"}, "data":
[rows 76 to 94 of 198, columns 88 to 131 of 256]
8.711930274963379,8.898107528686523,9.00676441192627,9.109545707702637,9.123992919921875,8.985882759094238,8.964432716369629,9.299039840698242,9.84343433380127,10.312289237976074,10.82702350616455,11.4114990234375,11.864398002624512,12.26393985748291,12.643814086914062,12.878547668457031,12.748966217041016,12.439340591430664,12.181049346923828,11.898247718811035,11.454716682434082,11.145899772644043,11.237458229064941,11.753990173339844,12.491663932800293,12.601140022277832,11.808847427368164,11.589159965515137,12.293383598327637,12.729019165039062,12.331231117248535,11.58361530303955,10.980252265930176,10.92441463470459,10.629807472229004,10.342087745666504,10.71473503112793,11.650221824645996,12.487500190734863,12.74302864074707,12.646282196044922,12.708247184753418,13.446956634521484,14.617624282836914
8.763643264770508,9.250875473022461,9.383593559265137,9.650726318359375,10.104244232177734,10.217989921569824,10.116308212280273,10.340507507324219,10.892995834350586,11.37677001953125,11.736145973205566,12.179975509643555,12.761483192443848,13.393990516662598,13.94141674041748,14.255741119384766,14.183372497558594,13.846285820007324,13.43288803100586,12.941767692565918,12.328995704650879,12.10326099395752,12.34537124633789,12.945490837097168,13.932220458984375,14.28586483001709,13.58425235748291,13.0103759765625,13.268447875976562,13.845071792602539,13.779067039489746,13.19234848022461,12.254476547241211,12.134298324584961,11.980438232421875,11.729790687561035,11.96178913116455,12.495402336120605,12.79875659942627,12.887499809265137,12.9542875289917,13.221787452697754,13.921954154968262,14.92016887664795
8.387218475341797,9.045389175415039,9.468335151672363,10.04572582244873,10.896528244018555,11.53626823425293,11.699288368225098,11.761489868164062,12.035176277160645,12.513221740722656,13.027912139892578,13.392610549926758,13.723966598510742,14.215241432189941,14.740878105163574,15.135274887084961,15.299479484558105,15.139266967773438,14.647082328796387,14.016820907592773,13.370135307312012,13.142885208129883,13.418242454528809,14.111194610595703,15.3005952835083,15.695442199707031,15.08359432220459,14.581400871276855,14.573445320129395,14.968377113342285,15.175588607788086,14.664162635803223,13.470887184143066,13.056086540222168,13.165075302124023,13.017302513122559,12.936105728149414,12.980460166931152,12.955024719238281,13.119450569152832,13.455547332763672,13.896334648132324,14.464153289794922,15.4340181350708
8.49437141418457,8.98351001739502,9.611441612243652,10.401936531066895,11.187317848205566,11.939122200012207,12.555116653442383,12.918643951416016,13.218301773071289,13.753745079040527,14.444075584411621,14.850434303283691,14.941410064697266,15.154845237731934,15.531051635742188,15.873000144958496,16.173362731933594,16.222675323486328,15.7913179397583,15.091705322265625,14.558256149291992,14.334322929382324,14.683150291442871,15.473007202148438,16.788005828857422,17.062437057495117,16.437095642089844,16.042593002319336,16.116676330566406,16.237302780151367,16.178733825683594,15.568297386169434,14.13272476196289,13.091731071472168,13.32288646697998,13.582134246826172,13.43104076385498,13.031250953674316,12.98574161529541,13.506990432739258,14.173033714294434,14.833871841430664,15.437324523925781,16.247655868530273
9.074129104614258,9.352703094482422,10.090376853942871,11.123775482177734,11.932852745056152,12.489959716796875,13.142334938049316,13.888853073120117,14.514228820800781,15.181865692138672,15.877559661865234,16.112625122070312,15.911567687988281,15.884007453918457,16.14498519897461,16.431203842163086,16.792661666870117,17.128257751464844,16.97489356994629,16.344446182250977,15.785721778869629,15.420086860656738,15.776908874511719,16.656686782836914,17.996337890625,18.53350830078125,18.172975540161133,17.652889251708984,17.448829650878906,17.23740005493164,16.81463623046875,16.10902214050293,15.07484245300293,13.586166381835938,12.9803466796875,13.290131568908691,13.593449592590332,13.717671394348145,14.054506301879883,14.61364459991455,15.065064430236816,15.400296211242676,16.066179275512695,17.144498825073242
10.633818626403809,10.598884582519531,11.246347427368164,12.337162017822266,13.251972198486328,13.773660659790039,14.293219566345215,15.014249801635742,15.781192779541016,16.47359275817871,16.883792877197266,16.748924255371094,16.361251831054688,16.296817779541016,16.586429595947266,16.999692916870117,17.438762664794922,17.963407516479492,18.193296432495117,17.753971099853516,17.021238327026367,16.630569458007812,17.15033721923828,18.061426162719727,19.05951690673828,19.837099075317383,19.975679397583008,19.376541137695312,18.383792877197266,17.68423080444336,17.41015625,17.141088485717773,16.625593185424805,15.61046028137207,14.569391250610352,14.17817211151123,14.435766220092773,14.970036506652832,15.525096893310547,16.008731842041016,16.18541145324707,16.09964370727539,16.44484519958496,17.47052764892578
13.647187232971191,13.670701026916504,13.995019912719727,14.53254508972168,15.065268516540527,15.416744232177734,15.744155883789062,16.366796493530273,17.187877655029297,17.729032516479492,17.73062515258789,17.38105010986328,17.108381271362305,17.23660659790039,17.628557205200195,18.085100173950195,18.566020965576172,19.071884155273438,19.357133865356445,19.027759552001953,18.263736724853516,17.86928939819336,18.382888793945312,19.36812400817871,20.04953956604004,20.716867446899414,21.22227668762207,20.888710021972656,19.639362335205078,18.51939582824707,18.327072143554688,18.509458541870117,18.35942840576172,17.726356506347656,16.864383697509766,16.227331161499023,16.220623016357422,16.57137680053711,16.906591415405273,17.320846557617188,17.573657989501953,17.381534576416016,17.170116424560547,17.49675750732422
16.318199157714844,16.450897216796875,16.767166137695312,17.089866638183594,17.374637603759766,17.612104415893555,17.880573272705078,18.411802291870117,19.013742446899414,19.216365814208984,18.996191024780273,18.787811279296875,18.827411651611328,19.0792293548584,19.362167358398438,19.536808013916016,19.732288360595703,20.033506393432617,20.25000762939453,19.99103355407715,19.44622802734375,19.072824478149414,19.363773345947266,20.267330169677734,20.98365592956543,21.588109970092773,22.17014503479004,22.132999420166016,21.089399337768555,19.917341232299805,19.616527557373047,19.86747932434082,20.0504207611084,19.948945999145508,19.428863525390625,18.57806396484375,17.974475860595703,17.95878028869629,18.244543075561523,18.782495498657227,19.098995208740234,18.890119552612305,18.59993553161621,18.686704635620117
18.921855926513672,18.679597854614258,18.62631607055664,18.880828857421875,19.36786651611328,19.942880630493164,20.443815231323242,20.87968635559082,21.15859603881836,21.07378387451172,20.711029052734375,20.473331451416016,20.62405776977539,20.996931076049805,21.20207977294922,21.11241912841797,20.955097198486328,20.868497848510742,20.86507797241211,20.78835678100586,20.677330017089844,20.659555435180664,20.988815307617188,21.687652587890625,22.51405143737793,23.104236602783203,23.342409133911133,23.31134605407715,22.611635208129883,21.542051315307617,20.97311019897461,21.079832077026367,21.451723098754883,21.716934204101562,21.58880043029785,20.991092681884766,20.261632919311523,19.708921432495117,19.523914337158203,19.924898147583008,20.3292179107666,20.191774368286133,19.97584342956543,20.144439697265625
21.91388511657715,21.72895050048828,21.442768096923828,21.384389877319336,21.662721633911133,22.130277633666992,22.660465240478516,23.165695190429688,23.36736488342285,23.064250946044922,22.411375045776367,21.89295768737793,21.862730026245117,22.20698356628418,22.496339797973633,22.49640655517578,22.34478187561035,22.085660934448242,21.946134567260742,21.977163314819336,22.087738037109375,22.37100601196289,22.82992935180664,23.331974029541016,24.004648208618164,24.54570198059082,24.72578239440918,24.57050895690918,24.020978927612305,23.057506561279297,22.18797492980957,22.018518447875977,22.383670806884766,22.785213470458984,22.917640686035156,22.632625579833984,22.1191463470459,21.54481315612793,21.178409576416016,21.254905700683594,21.41941261291504,21.232295989990234,20.972654342651367,21.054773330688477
24.299863815307617,24.536296844482422,24.61680030822754,24.656639099121094,24.723682403564453,24.873443603515625,25.168668746948242,25.568864822387695,25.612516403198242,25.053956985473633,24.18986701965332,23.51068878173828,23.315248489379883,23.575908660888672,23.86453628540039,23.8203125,23.564231872558594,23.344009399414062,23.356889724731445,23.481027603149414,23.4605655670166,23.56947135925293,24.09572982788086,24.743316650390625,25.413726806640625,25.842443466186523,25.87868881225586,25.56791877746582,24.9859561920166,24.151865005493164,23.295042037963867,22.985013961791992,23.231679916381836,23.580001831054688,23.821245193481445,23.64313507080078,23.125303268432617,22.608592987060547,22.42792320251465,22.506683349609375,22.4884090423584,22.17007064819336,21.85851287841797,21.890872955322266
26.283143997192383,26.541728973388672,26.93503189086914,27.323442459106445,27.457921981811523,27.369169235229492,27.410781860351562,27.674530029296875,27.572294235229492,26.818288803100586,25.8583984375,25.173250198364258,24.896278381347656,25.05866813659668,25.217430114746094,25.052457809448242,24.70231819152832,24.472261428833008,24.47541618347168,24.67407989501953,24.770057678222656,24.708677291870117,25.038679122924805,25.804157257080078,26.7065486907959,27.181730270385742,26.7367000579834,25.84816551208496,25.176347732543945,24.636816024780273,24.180192947387695,24.001834869384766,24.233617782592773,24.614675521850586,24.826444625854492,24.62872314453125,24.143802642822266,23.633563995361328,23.23039436340332,23.0784854888916,23.08146858215332,22.85182762145996,22.455768585205078,22.324617385864258
28.04378318786621,28.150943756103516,28.478397369384766,28.91386604309082,29.240480422973633,29.293149948120117,29.17193603515625,29.06468391418457,28.712554931640625,27.940702438354492,27.1724910736084,26.676193237304688,26.3543701171875,26.23472023010254,25.997394561767578,25.682819366455078,25.495777130126953,25.505769729614258,25.590614318847656,25.752761840820312,25.865808486938477,25.843616485595703,26.297224044799805,27.140605926513672,27.864946365356445,28.0838623046875,27.520566940307617,26.557371139526367,25.786291122436523,25.18959617614746,24.768798828125,24.64505386352539,25.035266876220703,25.681100845336914,26.032325744628906,25.794797897338867,25.187284469604492,24.521791458129883,23.848459243774414,23.334659576416016,23.1061954498291,22.972715377807617,22.725276947021484,22.47613525390625
29.02747917175293,29.259498596191406,29.586313247680664,29.837671279907227,29.934919357299805,29.930131912231445,29.860139846801758,29.720481872558594,29.35117530822754,28.65877342224121,27.988609313964844,27.556278228759766,27.214885711669922,26.966815948486328,26.686616897583008,26.391326904296875,26.16535758972168,26.17778205871582,26.384733200073242,26.669836044311523,26.906620025634766,27.200706481933594,27.962770462036133,28.841007232666016,29.18163299560547,29.0595760345459,28.61048126220703,27.81742286682129,27.024654388427734,26.348140716552734,25.703502655029297,25.27899169921875,25.434972763061523,26.09778594970703,26.726430892944336,26.629514694213867,25.804794311523438,24.902679443359375,24.275169372558594,23.778493881225586,23.30506706237793,23.056392669677734,23.067161560058594,23.05611228942871
29.73592758178711,29.987289428710938,30.402454376220703,30.587223052978516,30.394277572631836,30.078004837036133,29.932605743408203,29.94437026977539,29.796972274780273,29.19049644470215,28.425413131713867,27.91377830505371,27.66545295715332,27.59023094177246,27.67233657836914,27.732559204101562,27.423574447631836,26.95493507385254,26.744274139404297,26.90169906616211,27.45427131652832,28.313751220703125,29.259445190429688,30.02813148498535,30.266407012939453,29.997970581054688,29.619150161743164,29.24946403503418,28.686073303222656,27.88620948791504,27.064403533935547,26.65250015258789,26.41819190979004,26.296836853027344,26.503047943115234,26.63507080078125,26.184810638427734,25.426982879638672,24.9912109375,24.753198623657227,24.09579849243164,23.409948348999023,23.29938316345215,23.60788345336914
30.569969177246094,30.601154327392578,30.985244750976562,31.23785400390625,30.990413665771484,30.48643684387207,30.219417572021484,30.275461196899414,30.284372329711914,29.800588607788086,29.034088134765625,28.5146427154541,28.351356506347656,28.49030303955078,28.853837966918945,29.100069046020508,28.748550415039062,28.055814743041992,27.56922149658203,27.385108947753906,27.747718811035156,28.703571319580078,29.914079666137695,31.05954933166504,31.538660049438477,31.121305465698242,30.448307037353516,30.111122131347656,29.84178924560547,29.370243072509766,28.678577423095703,28.236087799072266,27.71886444091797,26.799463272094727,26.20227813720703,26.27898597717285,26.47328758239746,26.362794876098633,26.198389053344727,25.960145950317383,25.199569702148438,24.238300323486328,23.778018951416016,24.07089614868164
31.82966423034668,31.65608787536621,31.56892204284668,31.653194427490234,31.617212295532227,31.375093460083008,31.14065170288086,31.084379196166992,31.16006851196289,30.95159149169922,30.31980323791504,29.747407913208008,29.572208404541016,29.76739501953125,30.110244750976562,30.279083251953125,29.92680549621582,29.28150749206543,28.885839462280273,28.73722267150879,28.761564254760742,29.364362716674805,30.552738189697266,31.894878387451172,32.81734085083008,32.310264587402344,31.062440872192383,30.36346435546875,30.186708450317383,30.06291961669922,29.800628662109375,29.520402908325195,28.95550537109375,27.874711990356445,27.00949478149414,26.824077606201172,26.971467971801758,27.21086311340332,27.454307556152344,27.266494750976562,26.414857864379883,25.492088317871094,25.01930809020996,24.935087203979492
33.18327713012695,32.76248550415039,32.33657455444336,32.474056243896484,32.977294921875,33.306602478027344,33.324684143066406,33.152042388916016,32.94416809082031,32.60951232910156,31.947168350219727,31.373884201049805,31.212085723876953,31.245986938476562,31.255023956298828,31.215959548950195,31.06205177307129,30.655864715576172,30.407466888427734,30.582387924194336,30.800817489624023,31.14255714416504,31.720558166503906,32.33932876586914,33.009944915771484,33.18013000488281,32.224613189697266,30.96308708190918,30.152036666870117,29.80190658569336,29.816251754760742,30.0105037689209,29.88522720336914,29.175251007080078,28.549667358398438,28.232481002807617,27.860525131225586,27.79583168029785,28.368513107299805,28.788236618041992,28.345190048217773,27.448570251464844,26.79443359375,26.37674903869629
34.15366744995117,33.7722282409668,33.64229202270508,34.10306930541992,34.9212760925293,35.44953536987305,35.5398063659668,35.497894287109375,35.332862854003906,34.72924041748047,33.731727600097656,33.07490921020508,33.03334426879883,33.02925109863281,32.81095504760742,32.662376403808594,32.63962936401367,32.449302673339844,32.36919021606445,32.71030807495117,33.061561584472656,33.237548828125,33.152252197265625,32.85917282104492,32.77599334716797,32.99030303955078,32.88191223144531,32.04972839355469,30.966909408569336,30.27326011657715,30.140207290649414,30.34065055847168,30.344921112060547,29.87356948852539,29.478031158447266,29.403759002685547,29.14909553527832,28.750690460205078,28.964841842651367,29.865493774414062,30.500930786132812,30.04145050048828,28.969926834106445,28.2377872467041
